Freq, Harmonic, V1, VAngle1, I1, IAngle1
60, 1.00000, 14264.4, -123.441, 0.241124, -69.002
60, 1.00833, 12783.4, -123.646, 0.283059, -101.615
61, 1.01667, 0.0052506, -43.6108, 8.99351E-008, 12.1204
62, 1.02500, 0.00529434, -43.5816, 9.13517E-008, 12.499
62, 1.03333, 0.00533814, -43.5536, 9.2783E-008, 12.8711
63, 1.04167, 0.00538201, -43.5267, 9.42293E-008, 13.2369
63, 1.05000, 0.00542593, -43.5009, 9.569E-008, 13.5965
63, 1.05833, 0.00546992, -43.4762, 9.71656E-008, 13.9499
64, 1.06667, 0.00551398, -43.4526, 9.86563E-008, 14.2975
65, 1.07500, 0.00555809, -43.43, 1.00162E-007, 14.6391
65, 1.08333, 0.00560227, -43.4085, 1.01682E-007, 14.975
66, 1.09167, 0.00564652, -43.3879, 1.03218E-007, 15.3053
66, 1.10000, 0.00569082, -43.3683, 1.04768E-007, 15.6301
66, 1.10833, 0.00573519, -43.3497, 1.06333E-007, 15.9495
67, 1.11667, 0.00577963, -43.332, 1.07914E-007, 16.2636
68, 1.12500, 0.00582413, -43.3153, 1.0951E-007, 16.5724
68, 1.13333, 0.00586869, -43.2994, 1.11121E-007, 16.8762
69, 1.14167, 0.00591333, -43.2845, 1.12748E-007, 17.175
69, 1.15000, 0.00595803, -43.2704, 1.1439E-007, 17.4688
69, 1.15833, 0.00600279, -43.2572, 1.16047E-007, 17.7578
70, 1.16667, 0.00604763, -43.2449, 1.1772E-007, 18.0421
71, 1.17500, 0.00609253, -43.2333, 1.19408E-007, 18.3217
71, 1.18333, 0.00613749, -43.2226, 1.21112E-007, 18.5968
72, 1.19167, 0.00618253, -43.2127, 1.22831E-007, 18.8674
72, 1.20000, 0.00622764, -43.2036, 1.24566E-007, 19.1336
72, 1.20833, 0.00627281, -43.1953, 1.26317E-007, 19.3955
73, 1.21667, 0.00631806, -43.1877, 1.28083E-007, 19.6531
74, 1.22500, 0.00636338, -43.1809, 1.29866E-007, 19.9066
74, 1.23333, 0.00640876, -43.1748, 1.31664E-007, 20.1559
75, 1.24167, 0.00645422, -43.1694, 1.33478E-007, 20.4013
75, 1.25000, 0.00649975, -43.1648, 1.35308E-007, 20.6427
75, 1.25833, 0.00654535, -43.1609, 1.37154E-007, 20.8802
76, 1.26667, 0.00659103, -43.1576, 1.39017E-007, 21.1139
77, 1.27500, 0.00663677, -43.1551, 1.40895E-007, 21.3438
77, 1.28333, 0.00668259, -43.1532, 1.4279E-007, 21.57
78, 1.29167, 0.00672849, -43.152, 1.44701E-007, 21.7927
78, 1.30000, 0.00677446, -43.1514, 1.46628E-007, 22.0117
78, 1.30833, 0.0068205, -43.1515, 1.48571E-007, 22.2272
79, 1.31667, 0.00686662, -43.1522, 1.50531E-007, 22.4393
80, 1.32500, 0.00691282, -43.1536, 1.52508E-007, 22.648
80, 1.33333, 0.00695909, -43.1556, 1.54501E-007, 22.8534
81, 1.34167, 0.00700544, -43.1582, 1.5651E-007, 23.0554
81, 1.35000, 0.00705187, -43.1614, 1.58536E-007, 23.2543
81, 1.35833, 0.00709837, -43.1651, 1.60579E-007, 23.4499
82, 1.36667, 0.00714496, -43.1695, 1.62639E-007, 23.6424
83, 1.37500, 0.00719163, -43.1745, 1.64715E-007, 23.8319
83, 1.38333, 0.00723837, -43.18, 1.66809E-007, 24.0183
84, 1.39167, 0.0072852, -43.1861, 1.68919E-007, 24.2017
84, 1.40000, 0.0073321, -43.1927, 1.71046E-007, 24.3822
84, 1.40833, 0.00737909, -43.1999, 1.7319E-007, 24.5598
85, 1.41667, 0.00742616, -43.2077, 1.75352E-007, 24.7345
86, 1.42500, 0.00747331, -43.216, 1.7753E-007, 24.9065
86, 1.43333, 0.00752054, -43.2248, 1.79726E-007, 25.0756
87, 1.44167, 0.00756786, -43.2342, 1.81939E-007, 25.2421
87, 1.45000, 0.00761527, -43.244, 1.84169E-007, 25.4059
87, 1.45833, 0.00766275, -43.2544, 1.86417E-007, 25.567
88, 1.46667, 0.00771033, -43.2653, 1.88682E-007, 25.7255
89, 1.47500, 0.00775799, -43.2767, 1.90965E-007, 25.8815
89, 1.48333, 0.00780573, -43.2886, 1.93265E-007, 26.0349
90, 1.49167, 0.00785357, -43.301, 1.95583E-007, 26.1859
90, 1.50000, 0.00790149, -43.3139, 1.97918E-007, 26.3344
90, 1.50833, 0.00794949, -43.3273, 2.00272E-007, 26.4804
91, 1.51667, 0.00799759, -43.3411, 2.02643E-007, 26.6242
92, 1.52500, 0.00804578, -43.3555, 2.05032E-007, 26.7655
92, 1.53333, 0.00809405, -43.3703, 2.07439E-007, 26.9045
93, 1.54167, 0.00814243, -43.3855, 2.09864E-007, 27.0413
93, 1.55000, 0.00819088, -43.4013, 2.12307E-007, 27.1758
93, 1.55833, 0.00823943, -43.4174, 2.14768E-007, 27.308
94, 1.56667, 0.00828808, -43.4341, 2.17248E-007, 27.4381
94, 1.57500, 0.00833682, -43.4512, 2.19745E-007, 27.566
95, 1.58333, 0.00838565, -43.4687, 2.22261E-007, 27.6918
96, 1.59167, 0.00843458, -43.4867, 2.24796E-007, 27.8155
96, 1.60000, 0.00848359, -43.5051, 2.27348E-007, 27.9371
96, 1.60833, 0.00853271, -43.524, 2.2992E-007, 28.0567
97, 1.61667, 0.00858192, -43.5433, 2.3251E-007, 28.1742
98, 1.62500, 0.00863123, -43.563, 2.35118E-007, 28.2898
98, 1.63333, 0.00868064, -43.5831, 2.37745E-007, 28.4033
99, 1.64167, 0.00873014, -43.6037, 2.40392E-007, 28.515
99, 1.65000, 0.00877975, -43.6247, 2.43056E-007, 28.6247
99, 1.65833, 0.00882945, -43.6461, 2.4574E-007, 28.7325
100, 1.66667, 0.00887925, -43.6679, 2.48443E-007, 28.8385
101, 1.67500, 0.00892916, -43.6901, 2.51165E-007, 28.9426
101, 1.68333, 0.00897916, -43.7127, 2.53905E-007, 29.045
102, 1.69167, 0.00902927, -43.7358, 2.56666E-007, 29.1455
102, 1.70000, 0.00907948, -43.7592, 2.59445E-007, 29.2442
102, 1.70833, 0.00912979, -43.783, 2.62244E-007, 29.3412
103, 1.71667, 0.00918021, -43.8073, 2.65062E-007, 29.4364
104, 1.72500, 0.00923073, -43.8319, 2.679E-007, 29.53
104, 1.73333, 0.00928135, -43.8569, 2.70756E-007, 29.6218
105, 1.74167, 0.00933209, -43.8823, 2.73633E-007, 29.712
105, 1.75000, 0.00938293, -43.9081, 2.7653E-007, 29.8006
105, 1.75833, 0.00943387, -43.9343, 2.79446E-007, 29.8875
106, 1.76667, 0.00948493, -43.9609, 2.82382E-007, 29.9728
107, 1.77500, 0.0095361, -43.9878, 2.85338E-007, 30.0565
107, 1.78333, 0.00958737, -44.0151, 2.88313E-007, 30.1387
108, 1.79167, 0.00963876, -44.0428, 2.9131E-007, 30.2193
108, 1.80000, 0.00969025, -44.0709, 2.94325E-007, 30.2983
108, 1.80833, 0.00974185, -44.0993, 2.97361E-007, 30.3759
109, 1.81667, 0.00979357, -44.1281, 3.00418E-007, 30.4519
109, 1.82500, 0.0098454, -44.1573, 3.03495E-007, 30.5265
110, 1.83333, 0.00989734, -44.1869, 3.06592E-007, 30.5996
111, 1.84167, 0.00994941, -44.2168, 3.0971E-007, 30.6713
111, 1.85000, 0.0100016, -44.247, 3.12848E-007, 30.7415
111, 1.85833, 0.0100539, -44.2777, 3.16007E-007, 30.8103
112, 1.86667, 0.0101063, -44.3087, 3.19187E-007, 30.8777
113, 1.87500, 0.0101588, -44.34, 3.22387E-007, 30.9438
113, 1.88333, 0.0102114, -44.3717, 3.25608E-007, 31.0084
114, 1.89167, 0.0102642, -44.4038, 3.28851E-007, 31.0717
114, 1.90000, 0.0103171, -44.4362, 3.32114E-007, 31.1337
114, 1.90833, 0.0103701, -44.469, 3.35399E-007, 31.1944
115, 1.91667, 0.0104232, -44.5021, 3.38705E-007, 31.2537
116, 1.92500, 0.0104764, -44.5355, 3.42032E-007, 31.3118
116, 1.93333, 0.0105298, -44.5693, 3.4538E-007, 31.3685
117, 1.94167, 0.0105833, -44.6035, 3.4875E-007, 31.424
117, 1.95000, 0.0106369, -44.638, 3.52141E-007, 31.4783
117, 1.95833, 0.0106907, -44.6728, 3.55554E-007, 31.5313
118, 1.96667, 0.0107445, -44.708, 3.58989E-007, 31.5831
119, 1.97500, 0.0107985, -44.7435, 3.62446E-007, 31.6336
119, 1.98333, 0.0108526, -44.7793, 3.65924E-007, 31.683
120, 1.99167, 0.0109069, -44.8155, 3.69425E-007, 31.7312
120, 2.00000, 0.0109612, -44.852, 3.72947E-007, 31.7782
120, 2.00833, 0.0110158, -44.8889, 3.76492E-007, 31.824
121, 2.01667, 0.0110704, -44.926, 3.80059E-007, 31.8687
122, 2.02500, 0.0111252, -44.9635, 3.83648E-007, 31.9123
122, 2.03333, 0.0111801, -45.0014, 3.87259E-007, 31.9547
123, 2.04167, 0.0112351, -45.0395, 3.90894E-007, 31.996
123, 2.05000, 0.0112903, -45.078, 3.94551E-007, 32.0362
123, 2.05833, 0.0113456, -45.1168, 3.9823E-007, 32.0753
124, 2.06667, 0.011401, -45.156, 4.01933E-007, 32.1133
125, 2.07500, 0.0114566, -45.1954, 4.05658E-007, 32.1503
125, 2.08333, 0.0115123, -45.2352, 4.09406E-007, 32.1862
126, 2.09167, 0.0115682, -45.2753, 4.13178E-007, 32.221
126, 2.10000, 0.0116241, -45.3157, 4.16972E-007, 32.2548
126, 2.10833, 0.0116803, -45.3564, 4.2079E-007, 32.2876
127, 2.11667, 0.0117366, -45.3974, 4.24631E-007, 32.3194
128, 2.12500, 0.011793, -45.4388, 4.28496E-007, 32.3501
128, 2.13333, 0.0118495, -45.4804, 4.32384E-007, 32.3798
129, 2.14167, 0.0119063, -45.5224, 4.36297E-007, 32.4086
129, 2.15000, 0.0119631, -45.5647, 4.40232E-007, 32.4364
129, 2.15833, 0.0120201, -45.6073, 4.44192E-007, 32.4632
130, 2.16667, 0.0120773, -45.6502, 4.48176E-007, 32.489
131, 2.17500, 0.0121346, -45.6934, 4.52184E-007, 32.5139
131, 2.18333, 0.012192, -45.7369, 4.56217E-007, 32.5378
132, 2.19167, 0.0122496, -45.7807, 4.60274E-007, 32.5608
132, 2.20000, 0.0123074, -45.8248, 4.64355E-007, 32.5829
132, 2.20833, 0.0123653, -45.8692, 4.68461E-007, 32.6041
133, 2.21667, 0.0124234, -45.9139, 4.72592E-007, 32.6243
134, 2.22500, 0.0124816, -45.9589, 4.76747E-007, 32.6437
134, 2.23333, 0.01254, -46.0042, 4.80927E-007, 32.6622
135, 2.24167, 0.0125985, -46.0498, 4.85133E-007, 32.6798
135, 2.25000, 0.0126572, -46.0957, 4.89364E-007, 32.6965
135, 2.25833, 0.0127161, -46.1418, 4.9362E-007, 32.7123
136, 2.26667, 0.0127751, -46.1883, 4.97902E-007, 32.7273
137, 2.27500, 0.0128343, -46.235, 5.0221E-007, 32.7415
137, 2.28333, 0.0128937, -46.2821, 5.06543E-007, 32.7548
138, 2.29167, 0.0129532, -46.3294, 5.10902E-007, 32.7673
138, 2.30000, 0.013013, -46.377, 5.15287E-007, 32.7789
138, 2.30833, 0.0130728, -46.4249, 5.19699E-007, 32.7897
139, 2.31667, 0.0131329, -46.4731, 5.24137E-007, 32.7997
140, 2.32500, 0.0131931, -46.5216, 5.28601E-007, 32.8089
140, 2.33333, 0.0132535, -46.5703, 5.33092E-007, 32.8173
141, 2.34167, 0.0133141, -46.6193, 5.3761E-007, 32.825
141, 2.35000, 0.0133749, -46.6686, 5.42155E-007, 32.8318
141, 2.35833, 0.0134358, -46.7182, 5.46726E-007, 32.8379
142, 2.36667, 0.013497, -46.7681, 5.51326E-007, 32.8431
143, 2.37500, 0.0135583, -46.8182, 5.55953E-007, 32.8477
143, 2.38333, 0.0136198, -46.8686, 5.60607E-007, 32.8514
144, 2.39167, 0.0136815, -46.9193, 5.6529E-007, 32.8544
144, 2.40000, 0.0137434, -46.9703, 5.7E-007, 32.8567
144, 2.40833, 0.0138055, -47.0215, 5.74738E-007, 32.8582
145, 2.41667, 0.0138678, -47.0731, 5.79505E-007, 32.859
146, 2.42500, 0.0139303, -47.1249, 5.84301E-007, 32.8591
146, 2.43333, 0.013993, -47.1769, 5.89125E-007, 32.8584
147, 2.44167, 0.0140559, -47.2293, 5.93978E-007, 32.857
147, 2.45000, 0.014119, -47.2819, 5.98861E-007, 32.8549
147, 2.45833, 0.0141823, -47.3348, 6.03772E-007, 32.8521
148, 2.46667, 0.0142458, -47.388, 6.08714E-007, 32.8486
149, 2.47500, 0.0143096, -47.4414, 6.13685E-007, 32.8444
149, 2.48333, 0.0143735, -47.4951, 6.18686E-007, 32.8395
150, 2.49167, 0.0144377, -47.5491, 6.23718E-007, 32.8338
150, 2.50000, 0.0145022, -47.6034, 6.2878E-007, 32.8275
150, 2.50833, 0.0145668, -47.658, 6.33873E-007, 32.8206
151, 2.51667, 0.0146317, -47.7128, 6.38997E-007, 32.8129
152, 2.52500, 0.0146968, -47.768, 6.44152E-007, 32.8045
152, 2.53333, 0.0147621, -47.8234, 6.49339E-007, 32.7955
153, 2.54167, 0.0148277, -47.8791, 6.54558E-007, 32.7858
153, 2.55000, 0.0148936, -47.9351, 6.59808E-007, 32.7754
153, 2.55833, 0.0149596, -47.9914, 6.65091E-007, 32.7644
154, 2.56667, 0.015026, -48.048, 6.70406E-007, 32.7526
155, 2.57500, 0.0150926, -48.1048, 6.75755E-007, 32.7402
155, 2.58333, 0.0151594, -48.162, 6.81136E-007, 32.7272
156, 2.59167, 0.0152265, -48.2195, 6.86551E-007, 32.7134
156, 2.60000, 0.0152939, -48.2773, 6.91999E-007, 32.699
156, 2.60833, 0.0153616, -48.3354, 6.97482E-007, 32.6839
157, 2.61667, 0.0154295, -48.3939, 7.02999E-007, 32.6682
158, 2.62500, 0.0154977, -48.4526, 7.08551E-007, 32.6517
158, 2.63333, 0.0155662, -48.5117, 7.14137E-007, 32.6346
159, 2.64167, 0.015635, -48.5711, 7.19759E-007, 32.6169
159, 2.65000, 0.0157041, -48.6309, 7.25417E-007, 32.5984
159, 2.65833, 0.0157734, -48.691, 7.3111E-007, 32.5793
160, 2.66667, 0.0158431, -48.7515, 7.3684E-007, 32.5594
161, 2.67500, 0.0159131, -48.8123, 7.42607E-007, 32.5389
161, 2.68333, 0.0159833, -48.8735, 7.4841E-007, 32.5177
162, 2.69167, 0.0160539, -48.9351, 7.54252E-007, 32.4958
162, 2.70000, 0.0161248, -48.9971, 7.6013E-007, 32.4732
162, 2.70833, 0.0161961, -49.0594, 7.66047E-007, 32.4499
163, 2.71667, 0.0162676, -49.1222, 7.72002E-007, 32.4259
164, 2.72500, 0.0163395, -49.1853, 7.77996E-007, 32.4011
164, 2.73333, 0.0164118, -49.2489, 7.84029E-007, 32.3756
165, 2.74167, 0.0164843, -49.313, 7.90103E-007, 32.3494
165, 2.75000, 0.0165573, -49.3774, 7.96215E-007, 32.3225
165, 2.75833, 0.0166305, -49.4424, 8.02368E-007, 32.2948
166, 2.76667, 0.0167042, -49.5077, 8.08563E-007, 32.2663
167, 2.77500, 0.0167781, -49.5736, 8.14798E-007, 32.2371
167, 2.78333, 0.0168525, -49.64, 8.21074E-007, 32.2071
168, 2.79167, 0.0169272, -49.7068, 8.27393E-007, 32.1763
168, 2.80000, 0.0170023, -49.7742, 8.33754E-007, 32.1448
168, 2.80833, 0.0170777, -49.8421, 8.40157E-007, 32.1124
169, 2.81667, 0.0171536, -49.9106, 8.46604E-007, 32.0792
170, 2.82500, 0.0172298, -49.9796, 8.53094E-007, 32.0452
170, 2.83333, 0.0173064, -50.0491, 8.59628E-007, 32.0103
171, 2.84167, 0.0173835, -50.1193, 8.66206E-007, 31.9746
171, 2.85000, 0.0174609, -50.1901, 8.72829E-007, 31.938
171, 2.85833, 0.0175387, -50.2614, 8.79497E-007, 31.9006
172, 2.86667, 0.0176169, -50.3334, 8.86211E-007, 31.8622
173, 2.87500, 0.0176955, -50.4061, 8.9297E-007, 31.823
173, 2.88333, 0.0177746, -50.4794, 8.99775E-007, 31.7828
174, 2.89167, 0.0178541, -50.5534, 9.06627E-007, 31.7418
174, 2.90000, 0.0179339, -50.6281, 9.13526E-007, 31.6997
174, 2.90833, 0.0180142, -50.7035, 9.20472E-007, 31.6568
175, 2.91667, 0.018095, -50.7796, 9.27466E-007, 31.6128
176, 2.92500, 0.0181761, -50.8564, 9.34507E-007, 31.5679
176, 2.93333, 0.0182577, -50.9341, 9.41597E-007, 31.522
177, 2.94167, 0.0183398, -51.0125, 9.48737E-007, 31.475
177, 2.95000, 0.0184223, -51.0916, 9.55925E-007, 31.4271
177, 2.95833, 0.0185052, -51.1716, 9.63162E-007, 31.3781
178, 2.96667, 0.0185885, -51.2525, 9.70449E-007, 31.328
179, 2.97500, 0.0186723, -51.3341, 9.77786E-007, 31.2769
179, 2.98333, 0.0187566, -51.4166, 9.85174E-007, 31.2247
180, 2.99167, 106.629, -122.544, 0.00444192, -16.3355
180, 3.00000, 107.295, -123.562, 0.00449998, -17.5478
180, 3.00833, 107.935, -124.575, 0.00455726, -18.743
181, 3.01667, 0.0190981, -51.7557, 1.01523E-006, 31.0047
182, 3.02500, 0.0191846, -51.8427, 1.02288E-006, 30.9469
182, 3.03333, 0.0192716, -51.9307, 1.03057E-006, 30.8879
183, 3.04167, 0.019359, -52.0197, 1.03832E-006, 30.8277
183, 3.05000, 0.0194469, -52.1097, 1.04612E-006, 30.7664
183, 3.05833, 0.0195352, -52.2006, 1.05398E-006, 30.7038
184, 3.06667, 0.019624, -52.2926, 1.06188E-006, 30.64
185, 3.07500, 0.0197133, -52.3856, 1.06984E-006, 30.575
185, 3.08333, 0.019803, -52.4797, 1.07786E-006, 30.5087
186, 3.09167, 0.0198932, -52.5748, 1.08592E-006, 30.4412
186, 3.10000, 0.0199838, -52.671, 1.09405E-006, 30.3724
186, 3.10833, 0.0200749, -52.7683, 1.10222E-006, 30.3024
187, 3.11667, 0.0201664, -52.8666, 1.11045E-006, 30.231
188, 3.12500, 0.0202584, -52.9661, 1.11873E-006, 30.1584
188, 3.13333, 0.0203509, -53.0667, 1.12707E-006, 30.0844
189, 3.14167, 0.0204438, -53.1684, 1.13547E-006, 30.0092
189, 3.15000, 0.0205372, -53.2713, 1.14392E-006, 29.9326
189, 3.15833, 0.020631, -53.3753, 1.15242E-006, 29.8546
190, 3.16667, 0.0207252, -53.4805, 1.16098E-006, 29.7753
191, 3.17500, 0.02082, -53.5868, 1.16959E-006, 29.6947
191, 3.18333, 0.0209151, -53.6944, 1.17826E-006, 29.6127
192, 3.19167, 0.0210108, -53.8031, 1.18699E-006, 29.5293
192, 3.20000, 0.0211068, -53.913, 1.19577E-006, 29.4446
192, 3.20833, 0.0212033, -54.0242, 1.20461E-006, 29.3584
193, 3.21667, 0.0213003, -54.1366, 1.2135E-006, 29.2709
194, 3.22500, 0.0213977, -54.2502, 1.22245E-006, 29.182
194, 3.23333, 0.0214955, -54.365, 1.23146E-006, 29.0916
195, 3.24167, 0.0215938, -54.4811, 1.24052E-006, 28.9999
195, 3.25000, 0.0216925, -54.5984, 1.24964E-006, 28.9067
195, 3.25833, 0.0217916, -54.7171, 1.25882E-006, 28.8121
196, 3.26667, 0.0218912, -54.8369, 1.26805E-006, 28.7161
197, 3.27500, 0.0219912, -54.9581, 1.27734E-006, 28.6186
197, 3.28333, 0.0220916, -55.0805, 1.28668E-006, 28.5197
198, 3.29167, 0.0221924, -55.2042, 1.29609E-006, 28.4194
198, 3.30000, 0.0222937, -55.3292, 1.30555E-006, 28.3176
198, 3.30833, 0.0223954, -55.4555, 1.31506E-006, 28.2143
199, 3.31667, 0.0224975, -55.5832, 1.32464E-006, 28.1096
200, 3.32500, 0.0226, -55.7121, 1.33427E-006, 28.0035
200, 3.33333, 0.0227029, -55.8423, 1.34395E-006, 27.8958
201, 3.34167, 0.0228062, -55.9739, 1.3537E-006, 27.7867
201, 3.35000, 0.02291, -56.1068, 1.3635E-006, 27.6761
201, 3.35833, 0.0230141, -56.241, 1.37336E-006, 27.5641
202, 3.36667, 0.0231187, -56.3766, 1.38328E-006, 27.4505
203, 3.37500, 0.0232236, -56.5135, 1.39325E-006, 27.3355
203, 3.38333, 0.023329, -56.6517, 1.40328E-006, 27.219
204, 3.39167, 0.0234347, -56.7913, 1.41337E-006, 27.101
204, 3.40000, 0.0235409, -56.9322, 1.42352E-006, 26.9815
204, 3.40833, 0.0236474, -57.0745, 1.43372E-006, 26.8605
205, 3.41667, 0.0237543, -57.2182, 1.44398E-006, 26.7379
206, 3.42500, 0.0238616, -57.3633, 1.4543E-006, 26.6139
206, 3.43333, 0.0239693, -57.5097, 1.46468E-006, 26.4884
207, 3.44167, 0.0240774, -57.6575, 1.47511E-006, 26.3614
207, 3.45000, 0.0241858, -57.8067, 1.48561E-006, 26.2328
207, 3.45833, 0.0242946, -57.9572, 1.49615E-006, 26.1027
208, 3.46667, 0.0244038, -58.1092, 1.50676E-006, 25.9711
209, 3.47500, 0.0245133, -58.2626, 1.51743E-006, 25.838
209, 3.48333, 0.0246232, -58.4173, 1.52815E-006, 25.7033
210, 3.49167, 0.0247335, -58.5735, 1.53893E-006, 25.5671
210, 3.50000, 0.0248441, -58.7311, 1.54976E-006, 25.4294
210, 3.50833, 0.0249551, -58.8901, 1.56066E-006, 25.2902
211, 3.51667, 0.0250664, -59.0505, 1.57161E-006, 25.1493
212, 3.52500, 0.0251781, -59.2123, 1.58262E-006, 25.007
212, 3.53333, 0.0252901, -59.3756, 1.59368E-006, 24.863
213, 3.54167, 0.0254025, -59.5403, 1.60481E-006, 24.7176
213, 3.55000, 0.0255152, -59.7065, 1.61599E-006, 24.5705
213, 3.55833, 0.0256282, -59.8741, 1.62723E-006, 24.4219
214, 3.56667, 0.0257416, -60.0431, 1.63852E-006, 24.2717
215, 3.57500, 0.0258553, -60.2137, 1.64987E-006, 24.12
215, 3.58333, 0.0259693, -60.3856, 1.66128E-006, 23.9667
216, 3.59167, 0.0260837, -60.5591, 1.67275E-006, 23.8117
216, 3.60000, 0.0261983, -60.734, 1.68427E-006, 23.6552
216, 3.60833, 0.0263132, -60.9104, 1.69585E-006, 23.4971
217, 3.61667, 0.0264285, -61.0883, 1.70748E-006, 23.3374
217, 3.62500, 0.0265441, -61.2677, 1.71917E-006, 23.1761
218, 3.63333, 0.0266599, -61.4485, 1.73092E-006, 23.0132
219, 3.64167, 0.0267761, -61.6309, 1.74273E-006, 22.8487
219, 3.65000, 0.0268925, -61.8148, 1.75458E-006, 22.6826
219, 3.65833, 0.0270093, -62.0002, 1.7665E-006, 22.5148
220, 3.66667, 0.0271263, -62.1872, 1.77847E-006, 22.3454
221, 3.67500, 0.0272435, -62.3756, 1.79049E-006, 22.1744
221, 3.68333, 0.0273611, -62.5656, 1.80257E-006, 22.0017
222, 3.69167, 0.0274789, -62.7572, 1.81471E-006, 21.8273
222, 3.70000, 0.0275969, -62.9503, 1.8269E-006, 21.6514
222, 3.70833, 0.0277152, -63.1449, 1.83914E-006, 21.4737
223, 3.71667, 0.0278337, -63.3412, 1.85143E-006, 21.2944
224, 3.72500, 0.0279525, -63.5389, 1.86378E-006, 21.1135
224, 3.73333, 0.0280715, -63.7383, 1.87619E-006, 20.9308
225, 3.74167, 0.0281907, -63.9393, 1.88864E-006, 20.7465
225, 3.75000, 0.0283101, -64.1418, 1.90115E-006, 20.5605
225, 3.75833, 0.0284298, -64.3459, 1.91371E-006, 20.3727
226, 3.76667, 0.0285496, -64.5517, 1.92632E-006, 20.1833
227, 3.77500, 0.0286696, -64.759, 1.93898E-006, 19.9922
227, 3.78333, 0.0287898, -64.968, 1.95169E-006, 19.7994
228, 3.79167, 0.0289102, -65.1786, 1.96446E-006, 19.6048
228, 3.80000, 0.0290308, -65.3908, 1.97727E-006, 19.4085
228, 3.80833, 0.0291515, -65.6047, 1.99013E-006, 19.2105
229, 3.81667, 0.0292724, -65.8202, 2.00304E-006, 19.0107
230, 3.82500, 0.0293933, -66.0374, 2.016E-006, 18.8092
230, 3.83333, 0.0295145, -66.2562, 2.029E-006, 18.606
231, 3.84167, 0.0296357, -66.4767, 2.04205E-006, 18.4009
231, 3.85000, 0.0297571, -66.6989, 2.05515E-006, 18.1942
231, 3.85833, 0.0298785, -66.9228, 2.06829E-006, 17.9856
232, 3.86667, 0.03, -67.1483, 2.08148E-006, 17.7753
233, 3.87500, 0.0301217, -67.3755, 2.09472E-006, 17.5632
233, 3.88333, 0.0302433, -67.6045, 2.10799E-006, 17.3493
234, 3.89167, 0.0303651, -67.8351, 2.12131E-006, 17.1336
234, 3.90000, 0.0304869, -68.0675, 2.13467E-006, 16.9161
234, 3.90833, 0.0306087, -68.3016, 2.14807E-006, 16.6969
235, 3.91667, 0.0307305, -68.5374, 2.16151E-006, 16.4758
236, 3.92500, 0.0308523, -68.7749, 2.17499E-006, 16.2529
236, 3.93333, 0.0309741, -69.0142, 2.18851E-006, 16.0281
237, 3.94167, 0.0310959, -69.2552, 2.20206E-006, 15.8016
237, 3.95000, 0.0312177, -69.498, 2.21565E-006, 15.5732
237, 3.95833, 0.0313394, -69.7425, 2.22928E-006, 15.343
238, 3.96667, 0.031461, -69.9888, 2.24294E-006, 15.1109
238, 3.97500, 0.0315826, -70.2368, 2.25663E-006, 14.877
239, 3.98333, 0.031704, -70.4866, 2.27035E-006, 14.6413
240, 3.99167, 0.0318254, -70.7382, 2.28411E-006, 14.4036
240, 4.00000, 0.0319466, -70.9916, 2.29789E-006, 14.1642
240, 4.00833, 0.0320677, -71.2467, 2.3117E-006, 13.9229
241, 4.01667, 0.0321886, -71.5037, 2.32554E-006, 13.6797
242, 4.02500, 0.0323094, -71.7624, 2.33941E-006, 13.4346
242, 4.03333, 0.0324299, -72.0229, 2.3533E-006, 13.1877
243, 4.04167, 0.0325502, -72.2853, 2.36721E-006, 12.9389
243, 4.05000, 0.0326703, -72.5494, 2.38114E-006, 12.6883
243, 4.05833, 0.0327902, -72.8153, 2.39509E-006, 12.4357
244, 4.06667, 0.0329098, -73.0831, 2.40907E-006, 12.1813
245, 4.07500, 0.0330291, -73.3526, 2.42305E-006, 11.925
245, 4.08333, 0.0331481, -73.6239, 2.43706E-006, 11.6668
246, 4.09167, 0.0332667, -73.8971, 2.45108E-006, 11.4068
246, 4.10000, 0.033385, -74.172, 2.4651E-006, 11.1448
246, 4.10833, 0.033503, -74.4488, 2.47914E-006, 10.881
247, 4.11667, 0.0336205, -74.7274, 2.49319E-006, 10.6153
248, 4.12500, 0.0337377, -75.0078, 2.50725E-006, 10.3477
248, 4.13333, 0.0338544, -75.29, 2.52131E-006, 10.0783
249, 4.14167, 0.0339706, -75.574, 2.53537E-006, 9.80694
249, 4.15000, 0.0340864, -75.8598, 2.54943E-006, 9.53374
249, 4.15833, 0.0342017, -76.1475, 2.56349E-006, 9.25866
250, 4.16667, 0.0343164, -76.4369, 2.57756E-006, 8.98168
251, 4.17500, 0.0344306, -76.7281, 2.59161E-006, 8.70287
251, 4.18333, 0.0345442, -77.0212, 2.60566E-006, 8.4222
252, 4.19167, 0.0346573, -77.316, 2.6197E-006, 8.13963
252, 4.20000, 0.0347697, -77.6126, 2.63373E-006, 7.85523
252, 4.20833, 0.0348814, -77.911, 2.64774E-006, 7.56899
253, 4.21667, 0.0349925, -78.2112, 2.66174E-006, 7.28087
254, 4.22500, 0.0351029, -78.5132, 2.67572E-006, 6.99095
254, 4.23333, 0.0352126, -78.8169, 2.68968E-006, 6.69919
255, 4.24167, 0.0353216, -79.1224, 2.70362E-006, 6.40558
255, 4.25000, 0.0354297, -79.4297, 2.71754E-006, 6.11018
255, 4.25833, 0.0355371, -79.7386, 2.73142E-006, 5.81298
256, 4.26667, 0.0356436, -80.0494, 2.74528E-006, 5.51394
257, 4.27500, 0.0357493, -80.3618, 2.75911E-006, 5.21315
257, 4.28333, 0.0358541, -80.676, 2.7729E-006, 4.91057
258, 4.29167, 0.035958, -80.9919, 2.78665E-006, 4.60619
258, 4.30000, 0.0360609, -81.3095, 2.80037E-006, 4.30009
258, 4.30833, 0.0361629, -81.6288, 2.81404E-006, 3.99224
259, 4.31667, 0.0362639, -81.9498, 2.82767E-006, 3.68262
260, 4.32500, 0.0363639, -82.2724, 2.84125E-006, 3.37132
260, 4.33333, 0.0364629, -82.5966, 2.85478E-006, 3.0583
261, 4.34167, 0.0365607, -82.9226, 2.86825E-006, 2.74356
261, 4.35000, 0.0366575, -83.2501, 2.88167E-006, 2.42717
261, 4.35833, 0.0367531, -83.5792, 2.89503E-006, 2.10912
262, 4.36667, 0.0368476, -83.91, 2.90834E-006, 1.78939
263, 4.37500, 0.0369409, -84.2423, 2.92157E-006, 1.46806
263, 4.38333, 0.0370329, -84.5761, 2.93474E-006, 1.14512
264, 4.39167, 0.0371238, -84.9115, 2.94784E-006, 0.820551
264, 4.40000, 0.0372133, -85.2485, 2.96087E-006, 0.49444
264, 4.40833, 0.0373016, -85.5869, 2.97382E-006, 0.166773
265, 4.41667, 0.0373885, -85.9268, 2.9867E-006, -0.162472
265, 4.42500, 0.0374741, -86.2682, 2.99949E-006, -0.493193
266, 4.43333, 0.0375582, -86.611, 3.0122E-006, -0.825409
267, 4.44167, 0.037641, -86.9552, 3.02483E-006, -1.15914
267, 4.45000, 0.0377223, -87.3009, 3.03736E-006, -1.49428
267, 4.45833, 0.0378022, -87.6479, 3.0498E-006, -1.83085
268, 4.46667, 0.0378806, -87.9963, 3.06214E-006, -2.16886
269, 4.47500, 0.0379574, -88.3459, 3.07439E-006, -2.50821
269, 4.48333, 0.0380327, -88.6969, 3.08653E-006, -2.84891
270, 4.49167, 0.0381064, -89.0492, 3.09858E-006, -3.19098
270, 4.50000, 0.0381785, -89.4027, 3.11051E-006, -3.53431
270, 4.50833, 0.038249, -89.7575, 3.12233E-006, -3.87892
271, 4.51667, 0.0383179, -90.1134, 3.13404E-006, -4.22481
272, 4.52500, 0.038385, -90.4705, 3.14564E-006, -4.57188
272, 4.53333, 0.0384505, -90.8288, 3.15711E-006, -4.92015
273, 4.54167, 0.0385142, -91.1882, 3.16847E-006, -5.26961
273, 4.55000, 0.0385762, -91.5486, 3.1797E-006, -5.62016
273, 4.55833, 0.0386364, -91.9101, 3.1908E-006, -5.97181
274, 4.56667, 0.0386949, -92.2727, 3.20178E-006, -6.32457
275, 4.57500, 0.0387515, -92.6362, 3.21262E-006, -6.67833
275, 4.58333, 0.0388062, -93.0006, 3.22333E-006, -7.03309
276, 4.59167, 0.0388591, -93.3661, 3.2339E-006, -7.38886
276, 4.60000, 0.0389101, -93.7323, 3.24433E-006, -7.74554
276, 4.60833, 0.0389593, -94.0995, 3.25462E-006, -8.10311
277, 4.61667, 0.0390065, -94.4675, 3.26476E-006, -8.4616
278, 4.62500, 0.0390517, -94.8362, 3.27475E-006, -8.82088
278, 4.63333, 0.039095, -95.2057, 3.28459E-006, -9.18097
279, 4.64167, 0.0391364, -95.576, 3.29429E-006, -9.54186
279, 4.65000, 0.0391757, -95.9469, 3.30382E-006, -9.90344
279, 4.65833, 0.039213, -96.3185, 3.3132E-006, -10.2657
280, 4.66667, 0.0392483, -96.6907, 3.32242E-006, -10.6287
281, 4.67500, 0.0392816, -97.0635, 3.33148E-006, -10.9922
281, 4.68333, 0.0393128, -97.4368, 3.34037E-006, -11.3564
282, 4.69167, 0.039342, -97.8106, 3.3491E-006, -11.7211
282, 4.70000, 0.0393691, -98.1849, 3.35767E-006, -12.0863
282, 4.70833, 0.0393941, -98.5596, 3.36606E-006, -12.4519
283, 4.71667, 0.039417, -98.9347, 3.37428E-006, -12.8181
284, 4.72500, 0.0394378, -99.3101, 3.38232E-006, -13.1845
284, 4.73333, 0.0394565, -99.6859, 3.3902E-006, -13.5514
285, 4.74167, 0.0394731, -100.062, 3.39789E-006, -13.9186
285, 4.75000, 0.0394876, -100.438, 3.40541E-006, -14.286
285, 4.75833, 0.0394999, -100.815, 3.41275E-006, -14.6536
286, 4.76667, 0.0395101, -101.191, 3.4199E-006, -15.0215
287, 4.77500, 0.0395181, -101.568, 3.42688E-006, -15.3895
287, 4.78333, 0.039524, -101.945, 3.43366E-006, -15.7577
288, 4.79167, 0.0395278, -102.322, 3.44027E-006, -16.1259
288, 4.80000, 0.0395294, -102.698, 3.44669E-006, -16.4942
288, 4.80833, 0.0395288, -103.075, 3.45292E-006, -16.8624
289, 4.81667, 0.0395261, -103.452, 3.45896E-006, -17.2307
290, 4.82500, 0.0395213, -103.829, 3.46482E-006, -17.5988
290, 4.83333, 0.0395143, -104.205, 3.47048E-006, -17.9668
291, 4.84167, 0.0395052, -104.581, 3.47595E-006, -18.3347
291, 4.85000, 0.0394939, -104.957, 3.48123E-006, -18.7023
291, 4.85833, 0.0394805, -105.333, 3.48632E-006, -19.0697
292, 4.86667, 0.039465, -105.709, 3.49122E-006, -19.4369
293, 4.87500, 0.0394474, -106.084, 3.49592E-006, -19.8037
293, 4.88333, 0.0394276, -106.458, 3.50043E-006, -20.1702
294, 4.89167, 0.0394058, -106.833, 3.50475E-006, -20.5363
294, 4.90000, 0.0393818, -107.206, 3.50887E-006, -20.902
294, 4.90833, 0.0393558, -107.58, 3.5128E-006, -21.2672
295, 4.91667, 0.0393277, -107.952, 3.51654E-006, -21.6319
296, 4.92500, 0.0392975, -108.325, 3.52008E-006, -21.996
296, 4.93333, 0.0392653, -108.696, 3.52343E-006, -22.3596
297, 4.94167, 0.0392311, -109.067, 3.52659E-006, -22.7225
297, 4.95000, 0.0391948, -109.437, 3.52955E-006, -23.0848
297, 4.95833, 0.0391565, -109.807, 3.53232E-006, -23.4464
298, 4.96667, 0.0391162, -110.176, 3.53489E-006, -23.8073
299, 4.97500, 0.039074, -110.544, 3.53728E-006, -24.1674
299, 4.98333, 0.0390298, -110.911, 3.53947E-006, -24.5268
300, 4.99167, 231.34, -141.171, 0.0155064, -172.531
300, 5.00000, 235.595, -141.967, 0.0151594, -172.67
300, 5.00833, 239.74, -142.794, 0.0148271, -172.783
301, 5.01667, 0.0388337, -112.37, 3.54635E-006, -25.9555
302, 5.02500, 0.0387799, -112.733, 3.5476E-006, -26.3103
302, 5.03333, 0.0387244, -113.094, 3.54866E-006, -26.6642
303, 5.04167, 0.038667, -113.455, 3.54953E-006, -27.0171
303, 5.05000, 0.0386077, -113.814, 3.55023E-006, -27.3688
303, 5.05833, 0.0385468, -114.172, 3.55074E-006, -27.7195
304, 5.06667, 0.038484, -114.529, 3.55106E-006, -28.0691
305, 5.07500, 0.0384195, -114.885, 3.55121E-006, -28.4176
305, 5.08333, 0.0383533, -115.24, 3.55118E-006, -28.7648
306, 5.09167, 0.0382854, -115.593, 3.55097E-006, -29.1109
306, 5.10000, 0.0382159, -115.945, 3.55058E-006, -29.4557
306, 5.10833, 0.0381447, -116.296, 3.55002E-006, -29.7993
307, 5.11667, 0.0380719, -116.646, 3.54929E-006, -30.1416
308, 5.12500, 0.0379975, -116.994, 3.54838E-006, -30.4825
308, 5.13333, 0.0379215, -117.341, 3.54731E-006, -30.8222
309, 5.14167, 0.037844, -117.686, 3.54606E-006, -31.1605
309, 5.15000, 0.037765, -118.03, 3.54465E-006, -31.4974
309, 5.15833, 0.0376845, -118.373, 3.54308E-006, -31.8328
310, 5.16667, 0.0376026, -118.714, 3.54134E-006, -32.1669
311, 5.17500, 0.0375192, -119.054, 3.53944E-006, -32.4995
311, 5.18333, 0.0374344, -119.392, 3.53738E-006, -32.8306
312, 5.19167, 0.0373482, -119.728, 3.53516E-006, -33.1603
312, 5.20000, 0.0372607, -120.063, 3.53279E-006, -33.4883
312, 5.20833, 0.0371719, -120.397, 3.53026E-006, -33.8149
313, 5.21667, 0.0370817, -120.729, 3.52758E-006, -34.1399
314, 5.22500, 0.0369903, -121.059, 3.52476E-006, -34.4633
314, 5.23333, 0.0368977, -121.388, 3.52178E-006, -34.7851
315, 5.24167, 0.0368038, -121.715, 3.51866E-006, -35.1054
315, 5.25000, 0.0367087, -122.04, 3.51539E-006, -35.4239
315, 5.25833, 0.0366125, -122.364, 3.51199E-006, -35.7409
316, 5.26667, 0.0365152, -122.686, 3.50844E-006, -36.0562
317, 5.27500, 0.0364167, -123.006, 3.50476E-006, -36.3697
317, 5.28333, 0.0363172, -123.325, 3.50094E-006, -36.6816
318, 5.29167, 0.0362166, -123.642, 3.49699E-006, -36.9918
318, 5.30000, 0.036115, -123.957, 3.4929E-006, -37.3002
318, 5.30833, 0.0360124, -124.27, 3.48869E-006, -37.6069
319, 5.31667, 0.0359088, -124.582, 3.48435E-006, -37.9119
320, 5.32500, 0.0358043, -124.891, 3.47989E-006, -38.2151
320, 5.33333, 0.0356989, -125.199, 3.47531E-006, -38.5165
321, 5.34167, 0.0355926, -125.505, 3.4706E-006, -38.8162
321, 5.35000, 0.0354854, -125.81, 3.46578E-006, -39.114
321, 5.35833, 0.0353774, -126.112, 3.46084E-006, -39.41
322, 5.36667, 0.0352685, -126.413, 3.45579E-006, -39.7042
323, 5.37500, 0.0351589, -126.712, 3.45062E-006, -39.9966
323, 5.38333, 0.0350486, -127.009, 3.44535E-006, -40.2871
324, 5.39167, 0.0349375, -127.304, 3.43997E-006, -40.5758
324, 5.40000, 0.0348257, -127.597, 3.43448E-006, -40.8627
324, 5.40833, 0.0347132, -127.888, 3.42889E-006, -41.1476
325, 5.41667, 0.0346001, -128.177, 3.4232E-006, -41.4308
326, 5.42500, 0.0344863, -128.465, 3.41742E-006, -41.712
326, 5.43333, 0.0343719, -128.751, 3.41153E-006, -41.9914
327, 5.44167, 0.034257, -129.034, 3.40555E-006, -42.2689
327, 5.45000, 0.0341414, -129.316, 3.39948E-006, -42.5445
327, 5.45833, 0.0340254, -129.596, 3.39332E-006, -42.8182
328, 5.46667, 0.0339088, -129.874, 3.38707E-006, -43.09
329, 5.47500, 0.0337917, -130.15, 3.38073E-006, -43.3599
329, 5.48333, 0.0336742, -130.424, 3.37431E-006, -43.6278
330, 5.49167, 0.0335562, -130.696, 3.36781E-006, -43.894
330, 5.50000, 0.0334378, -130.966, 3.36123E-006, -44.1581
330, 5.50833, 0.033319, -131.234, 3.35457E-006, -44.4204
331, 5.51667, 0.0331998, -131.501, 3.34783E-006, -44.6807
332, 5.52500, 0.0330803, -131.765, 3.34102E-006, -44.9391
332, 5.53333, 0.0329604, -132.028, 3.33413E-006, -45.1956
333, 5.54167, 0.0328402, -132.288, 3.32718E-006, -45.4503
333, 5.55000, 0.0327197, -132.547, 3.32016E-006, -45.7029
333, 5.55833, 0.0325989, -132.803, 3.31307E-006, -45.9536
334, 5.56667, 0.0324779, -133.058, 3.30591E-006, -46.2025
335, 5.57500, 0.0323566, -133.311, 3.2987E-006, -46.4494
335, 5.58333, 0.0322351, -133.561, 3.29142E-006, -46.6944
336, 5.59167, 0.0321134, -133.81, 3.28408E-006, -46.9375
336, 5.60000, 0.0319915, -134.057, 3.27669E-006, -47.1786
336, 5.60833, 0.0318694, -134.302, 3.26924E-006, -47.4179
337, 5.61667, 0.0317472, -134.545, 3.26173E-006, -47.6552
338, 5.62500, 0.0316249, -134.786, 3.25417E-006, -47.8906
338, 5.63333, 0.0315024, -135.026, 3.24656E-006, -48.1241
339, 5.64167, 0.0313798, -135.263, 3.2389E-006, -48.3557
339, 5.65000, 0.0312572, -135.498, 3.2312E-006, -48.5854
339, 5.65833, 0.0311345, -135.732, 3.22345E-006, -48.8132
340, 5.66667, 0.0310117, -135.963, 3.21565E-006, -49.0392
341, 5.67500, 0.0308889, -136.193, 3.20781E-006, -49.2632
341, 5.68333, 0.0307661, -136.42, 3.19993E-006, -49.4853
342, 5.69167, 0.0306433, -136.646, 3.19201E-006, -49.7056
342, 5.70000, 0.0305205, -136.87, 3.18405E-006, -49.9239
342, 5.70833, 0.0303977, -137.092, 3.17606E-006, -50.1404
343, 5.71667, 0.0302749, -137.312, 3.16803E-006, -50.355
344, 5.72500, 0.0301522, -137.53, 3.15996E-006, -50.5678
344, 5.73333, 0.0300295, -137.747, 3.15187E-006, -50.7787
345, 5.74167, 0.0299069, -137.961, 3.14374E-006, -50.9877
345, 5.75000, 0.0297844, -138.174, 3.13558E-006, -51.1949
345, 5.75833, 0.029662, -138.384, 3.12739E-006, -51.4002
346, 5.76667, 0.0295397, -138.593, 3.11918E-006, -51.6038
347, 5.77500, 0.0294175, -138.8, 3.11094E-006, -51.8054
347, 5.78333, 0.0292955, -139.005, 3.10267E-006, -52.0053
348, 5.79167, 0.0291736, -139.209, 3.09438E-006, -52.2033
348, 5.80000, 0.0290518, -139.41, 3.08607E-006, -52.3995
348, 5.80833, 0.0289303, -139.61, 3.07774E-006, -52.5939
349, 5.81667, 0.0288088, -139.808, 3.06938E-006, -52.7865
350, 5.82500, 0.0286876, -140.004, 3.06101E-006, -52.9773
350, 5.83333, 0.0285666, -140.198, 3.05262E-006, -53.1663
351, 5.84167, 0.0284457, -140.39, 3.04421E-006, -53.3535
351, 5.85000, 0.0283251, -140.581, 3.03579E-006, -53.539
351, 5.85833, 0.0282047, -140.77, 3.02735E-006, -53.7227
352, 5.86667, 0.0280845, -140.957, 3.0189E-006, -53.9046
353, 5.87500, 0.0279646, -141.142, 3.01044E-006, -54.0848
353, 5.88333, 0.0278449, -141.325, 3.00196E-006, -54.2632
354, 5.89167, 0.0277254, -141.507, 2.99347E-006, -54.4399
354, 5.90000, 0.0276063, -141.687, 2.98498E-006, -54.6148
354, 5.90833, 0.0274873, -141.865, 2.97647E-006, -54.788
355, 5.91667, 0.0273687, -142.042, 2.96796E-006, -54.9595
356, 5.92500, 0.0272503, -142.217, 2.95944E-006, -55.1293
356, 5.93333, 0.0271323, -142.39, 2.95091E-006, -55.2974
357, 5.94167, 0.0270145, -142.561, 2.94238E-006, -55.4638
357, 5.95000, 0.026897, -142.731, 2.93384E-006, -55.6285
357, 5.95833, 0.0267798, -142.898, 2.9253E-006, -55.7915
358, 5.96667, 0.0266629, -143.065, 2.91676E-006, -55.9529
359, 5.97500, 0.0265464, -143.229, 2.90821E-006, -56.1125
359, 5.98333, 0.0264302, -143.392, 2.89966E-006, -56.2705
360, 5.99167, 0.0263143, -143.553, 2.89111E-006, -56.4269
360, 6.00000, 0.0261987, -143.713, 2.88256E-006, -56.5817
360, 6.00833, 0.0260835, -143.871, 2.87401E-006, -56.7347
361, 6.01667, 0.0259686, -144.027, 2.86547E-006, -56.8862
362, 6.02500, 0.025854, -144.182, 2.85692E-006, -57.0361
362, 6.03333, 0.0257399, -144.335, 2.84838E-006, -57.1843
363, 6.04167, 0.025626, -144.486, 2.83984E-006, -57.3309
363, 6.05000, 0.0255125, -144.636, 2.8313E-006, -57.476
363, 6.05833, 0.0253994, -144.784, 2.82277E-006, -57.6194
364, 6.06667, 0.0252867, -144.931, 2.81424E-006, -57.7613
365, 6.07500, 0.0251743, -145.076, 2.80572E-006, -57.9016
365, 6.08333, 0.0250623, -145.219, 2.7972E-006, -58.0403
366, 6.09167, 0.0249506, -145.361, 2.78869E-006, -58.1775
366, 6.10000, 0.0248394, -145.501, 2.78019E-006, -58.3131
366, 6.10833, 0.0247285, -145.64, 2.77169E-006, -58.4472
367, 6.11667, 0.024618, -145.777, 2.76321E-006, -58.5798
368, 6.12500, 0.0245079, -145.913, 2.75473E-006, -58.7108
368, 6.13333, 0.0243982, -146.047, 2.74626E-006, -58.8403
369, 6.14167, 0.0242889, -146.179, 2.7378E-006, -58.9683
369, 6.15000, 0.02418, -146.31, 2.72935E-006, -59.0948
369, 6.15833, 0.0240714, -146.44, 2.72091E-006, -59.2198
370, 6.16667, 0.0239633, -146.568, 2.71247E-006, -59.3433
371, 6.17500, 0.0238556, -146.694, 2.70406E-006, -59.4653
371, 6.18333, 0.0237482, -146.819, 2.69565E-006, -59.5858
372, 6.19167, 0.0236413, -146.943, 2.68725E-006, -59.7049
372, 6.20000, 0.0235348, -147.065, 2.67887E-006, -59.8225
372, 6.20833, 0.0234287, -147.185, 2.6705E-006, -59.9387
373, 6.21667, 0.023323, -147.305, 2.66214E-006, -60.0534
374, 6.22500, 0.0232177, -147.422, 2.65379E-006, -60.1667
374, 6.23333, 0.0231128, -147.539, 2.64546E-006, -60.2786
375, 6.24167, 0.0230083, -147.653, 2.63714E-006, -60.389
375, 6.25000, 0.0229042, -147.767, 2.62884E-006, -60.498
375, 6.25833, 0.0228005, -147.879, 2.62055E-006, -60.6056
376, 6.26667, 0.0226973, -147.989, 2.61227E-006, -60.7118
377, 6.27500, 0.0225944, -148.098, 2.60401E-006, -60.8166
377, 6.28333, 0.022492, -148.206, 2.59577E-006, -60.9201
378, 6.29167, 0.02239, -148.312, 2.58754E-006, -61.0221
378, 6.30000, 0.0222884, -148.417, 2.57932E-006, -61.1228
378, 6.30833, 0.0221872, -148.521, 2.57112E-006, -61.2221
379, 6.31667, 0.0220865, -148.623, 2.56294E-006, -61.32
380, 6.32500, 0.0219861, -148.724, 2.55478E-006, -61.4166
380, 6.33333, 0.0218862, -148.823, 2.54663E-006, -61.5118
381, 6.34167, 0.0217867, -148.921, 2.53849E-006, -61.6057
381, 6.35000, 0.0216876, -149.018, 2.53038E-006, -61.6982
381, 6.35833, 0.0215889, -149.113, 2.52228E-006, -61.7895
382, 6.36667, 0.0214906, -149.207, 2.5142E-006, -61.8794
383, 6.37500, 0.0213927, -149.3, 2.50613E-006, -61.9679
383, 6.38333, 0.0212953, -149.392, 2.49809E-006, -62.0552
384, 6.39167, 0.0211983, -149.482, 2.49006E-006, -62.1412
384, 6.40000, 0.0211017, -149.57, 2.48205E-006, -62.2258
384, 6.40833, 0.0210055, -149.658, 2.47405E-006, -62.3092
385, 6.41667, 0.0209097, -149.744, 2.46608E-006, -62.3913
386, 6.42500, 0.0208143, -149.829, 2.45812E-006, -62.4721
386, 6.43333, 0.0207193, -149.913, 2.45018E-006, -62.5516
387, 6.44167, 0.0206248, -149.995, 2.44226E-006, -62.6299
387, 6.45000, 0.0205306, -150.076, 2.43436E-006, -62.7069
387, 6.45833, 0.0204369, -150.156, 2.42648E-006, -62.7826
388, 6.46667, 0.0203435, -150.234, 2.41862E-006, -62.8571
389, 6.47500, 0.0202506, -150.311, 2.41078E-006, -62.9303
389, 6.48333, 0.0201581, -150.387, 2.40295E-006, -63.0023
390, 6.49167, 0.020066, -150.462, 2.39514E-006, -63.073
390, 6.50000, 0.0199743, -150.535, 2.38736E-006, -63.1426
390, 6.50833, 0.019883, -150.608, 2.37959E-006, -63.2108
391, 6.51667, 0.0197921, -150.679, 2.37184E-006, -63.2779
392, 6.52500, 0.0197016, -150.748, 2.36412E-006, -63.3438
392, 6.53333, 0.0196115, -150.817, 2.35641E-006, -63.4084
393, 6.54167, 0.0195219, -150.884, 2.34872E-006, -63.4718
393, 6.55000, 0.0194326, -150.95, 2.34105E-006, -63.5341
393, 6.55833, 0.0193437, -151.015, 2.3334E-006, -63.5951
394, 6.56667, 0.0192552, -151.079, 2.32577E-006, -63.6549
395, 6.57500, 0.0191671, -151.141, 2.31816E-006, -63.7136
395, 6.58333, 0.0190794, -151.203, 2.31057E-006, -63.771
396, 6.59167, 0.0189921, -151.263, 2.303E-006, -63.8273
396, 6.60000, 0.0189051, -151.322, 2.29545E-006, -63.8824
396, 6.60833, 0.0188186, -151.379, 2.28792E-006, -63.9363
397, 6.61667, 0.0187325, -151.436, 2.28041E-006, -63.9891
398, 6.62500, 0.0186467, -151.491, 2.27292E-006, -64.0407
398, 6.63333, 0.0185614, -151.545, 2.26545E-006, -64.0911
399, 6.64167, 0.0184764, -151.598, 2.25799E-006, -64.1404
399, 6.65000, 0.0183918, -151.65, 2.25057E-006, -64.1886
399, 6.65833, 0.0183076, -151.701, 2.24316E-006, -64.2355
400, 6.66667, 0.0182237, -151.751, 2.23576E-006, -64.2814
401, 6.67500, 0.0181403, -151.799, 2.2284E-006, -64.3261
401, 6.68333, 0.0180572, -151.846, 2.22105E-006, -64.3696
402, 6.69167, 0.0179745, -151.892, 2.21372E-006, -64.4121
402, 6.70000, 0.0178922, -151.937, 2.20641E-006, -64.4534
402, 6.70833, 0.0178103, -151.981, 2.19912E-006, -64.4935
403, 6.71667, 0.0177287, -152.024, 2.19185E-006, -64.5326
404, 6.72500, 0.0176475, -152.065, 2.1846E-006, -64.5705
404, 6.73333, 0.0175667, -152.106, 2.17737E-006, -64.6073
405, 6.74167, 0.0174862, -152.145, 2.17016E-006, -64.643
405, 6.75000, 0.0174061, -152.183, 2.16297E-006, -64.6776
405, 6.75833, 0.0173264, -152.22, 2.1558E-006, -64.7111
406, 6.76667, 0.017247, -152.256, 2.14866E-006, -64.7435
407, 6.77500, 0.017168, -152.291, 2.14153E-006, -64.7747
407, 6.78333, 0.0170893, -152.325, 2.13442E-006, -64.8049
408, 6.79167, 0.0170111, -152.357, 2.12733E-006, -64.834
408, 6.80000, 0.0169331, -152.389, 2.12026E-006, -64.8619
408, 6.80833, 0.0168556, -152.419, 2.11321E-006, -64.8888
409, 6.81667, 0.0167783, -152.449, 2.10619E-006, -64.9146
410, 6.82500, 0.0167015, -152.477, 2.09918E-006, -64.9393
410, 6.83333, 0.016625, -152.504, 2.09219E-006, -64.9629
411, 6.84167, 0.0165488, -152.53, 2.08522E-006, -64.9855
411, 6.85000, 0.016473, -152.555, 2.07827E-006, -65.0069
411, 6.85833, 0.0163975, -152.579, 2.07134E-006, -65.0273
412, 6.86667, 0.0163224, -152.601, 2.06443E-006, -65.0466
413, 6.87500, 0.0162477, -152.623, 2.05755E-006, -65.0648
413, 6.88333, 0.0161732, -152.644, 2.05068E-006, -65.082
414, 6.89167, 0.0160991, -152.663, 2.04383E-006, -65.0981
414, 6.90000, 0.0160254, -152.681, 2.037E-006, -65.1131
414, 6.90833, 0.015952, -152.699, 2.03019E-006, -65.127
415, 6.91667, 0.0158789, -152.715, 2.0234E-006, -65.1399
416, 6.92500, 0.0158061, -152.73, 2.01662E-006, -65.1517
416, 6.93333, 0.0157337, -152.744, 2.00987E-006, -65.1625
417, 6.94167, 0.0156617, -152.757, 2.00314E-006, -65.1722
417, 6.95000, 0.0155899, -152.769, 1.99643E-006, -65.1808
417, 6.95833, 0.0155185, -152.78, 1.98974E-006, -65.1884
418, 6.96667, 0.0154474, -152.79, 1.98306E-006, -65.1949
418, 6.97500, 0.0153767, -152.799, 1.97641E-006, -65.2003
419, 6.98333, 0.0153062, -152.807, 1.96978E-006, -65.2047
420, 6.99167, 212.532, -156.936, 0.0381076, -103.936
420, 7.00000, 214.848, -158.505, 0.0384677, -105.093
420, 7.00833, 217.186, -160.052, 0.0388263, -106.241
421, 7.01667, 0.0150277, -152.827, 1.94343E-006, -65.2117
422, 7.02500, 0.0149588, -152.829, 1.93689E-006, -65.2108
422, 7.03333, 0.0148903, -152.83, 1.93037E-006, -65.2089
423, 7.04167, 0.0148221, -152.831, 1.92387E-006, -65.2059
423, 7.05000, 0.0147542, -152.83, 1.91739E-006, -65.2019
423, 7.05833, 0.0146866, -152.828, 1.91093E-006, -65.1968
424, 7.06667, 0.0146194, -152.825, 1.90449E-006, -65.1907
425, 7.07500, 0.0145524, -152.821, 1.89806E-006, -65.1835
425, 7.08333, 0.0144858, -152.816, 1.89166E-006, -65.1753
426, 7.09167, 0.0144194, -152.81, 1.88527E-006, -65.166
426, 7.10000, 0.0143533, -152.803, 1.8789E-006, -65.1556
426, 7.10833, 0.0142876, -152.794, 1.87256E-006, -65.1442
427, 7.11667, 0.0142222, -152.785, 1.86623E-006, -65.1318
428, 7.12500, 0.014157, -152.775, 1.85992E-006, -65.1183
428, 7.13333, 0.0140922, -152.763, 1.85362E-006, -65.1038
429, 7.14167, 0.0140276, -152.751, 1.84735E-006, -65.0882
429, 7.15000, 0.0139634, -152.737, 1.84109E-006, -65.0715
429, 7.15833, 0.0138994, -152.723, 1.83486E-006, -65.0538
430, 7.16667, 0.0138358, -152.707, 1.82864E-006, -65.0351
431, 7.17500, 0.0137724, -152.69, 1.82244E-006, -65.0153
431, 7.18333, 0.0137093, -152.673, 1.81626E-006, -64.9944
432, 7.19167, 0.0136465, -152.654, 1.8101E-006, -64.9725
432, 7.20000, 0.013584, -152.634, 1.80395E-006, -64.9496
432, 7.20833, 0.0135218, -152.613, 1.79783E-006, -64.9256
433, 7.21667, 0.0134599, -152.591, 1.79172E-006, -64.9005
434, 7.22500, 0.0133982, -152.568, 1.78563E-006, -64.8743
434, 7.23333, 0.0133369, -152.544, 1.77956E-006, -64.8471
435, 7.24167, 0.0132758, -152.518, 1.77351E-006, -64.8189
435, 7.25000, 0.013215, -152.492, 1.76747E-006, -64.7896
435, 7.25833, 0.0131545, -152.465, 1.76146E-006, -64.7592
436, 7.26667, 0.0130942, -152.436, 1.75546E-006, -64.7277
437, 7.27500, 0.0130343, -152.407, 1.74948E-006, -64.6952
437, 7.28333, 0.0129746, -152.376, 1.74352E-006, -64.6616
438, 7.29167, 0.0129152, -152.344, 1.73757E-006, -64.627
438, 7.30000, 0.012856, -152.312, 1.73165E-006, -64.5913
438, 7.30833, 0.0127972, -152.278, 1.72574E-006, -64.5545
439, 7.31667, 0.0127386, -152.243, 1.71985E-006, -64.5166
439, 7.32500, 0.0126803, -152.207, 1.71398E-006, -64.4777
440, 7.33333, 0.0126222, -152.17, 1.70813E-006, -64.4376
441, 7.34167, 0.0125644, -152.132, 1.70229E-006, -64.3965
441, 7.35000, 0.0125069, -152.092, 1.69647E-006, -64.3544
441, 7.35833, 0.0124496, -152.052, 1.69067E-006, -64.3111
442, 7.36667, 0.0123926, -152.01, 1.68489E-006, -64.2667
443, 7.37500, 0.0123359, -151.968, 1.67913E-006, -64.2213
443, 7.38333, 0.0122794, -151.924, 1.67338E-006, -64.1748
444, 7.39167, 0.0122232, -151.88, 1.66765E-006, -64.1271
444, 7.40000, 0.0121673, -151.834, 1.66194E-006, -64.0784
444, 7.40833, 0.0121116, -151.787, 1.65625E-006, -64.0286
445, 7.41667, 0.0120562, -151.739, 1.65057E-006, -63.9777
446, 7.42500, 0.012001, -151.689, 1.64491E-006, -63.9257
446, 7.43333, 0.0119461, -151.639, 1.63927E-006, -63.8726
447, 7.44167, 0.0118914, -151.588, 1.63365E-006, -63.8183
447, 7.45000, 0.011837, -151.535, 1.62805E-006, -63.763
447, 7.45833, 0.0117829, -151.482, 1.62246E-006, -63.7065
448, 7.46667, 0.011729, -151.427, 1.61689E-006, -63.6489
449, 7.47500, 0.0116753, -151.371, 1.61134E-006, -63.5902
449, 7.48333, 0.0116219, -151.314, 1.6058E-006, -63.5304
450, 7.49167, 0.0115688, -151.256, 1.60029E-006, -63.4695
450, 7.50000, 0.0115159, -151.196, 1.59479E-006, -63.4074
450, 7.50833, 0.0114632, -151.136, 1.58931E-006, -63.3442
451, 7.51667, 0.0114108, -151.074, 1.58384E-006, -63.2799
452, 7.52500, 0.0113586, -151.012, 1.5784E-006, -63.2144
452, 7.53333, 0.0113067, -150.948, 1.57297E-006, -63.1478
453, 7.54167, 0.011255, -150.883, 1.56756E-006, -63.08
453, 7.55000, 0.0112036, -150.816, 1.56216E-006, -63.0111
453, 7.55833, 0.0111524, -150.749, 1.55679E-006, -62.941
454, 7.56667, 0.0111015, -150.681, 1.55143E-006, -62.8698
455, 7.57500, 0.0110508, -150.611, 1.54609E-006, -62.7974
455, 7.58333, 0.0110003, -150.54, 1.54077E-006, -62.7239
456, 7.59167, 0.0109501, -150.468, 1.53546E-006, -62.6491
456, 7.60000, 0.0109001, -150.395, 1.53017E-006, -62.5732
456, 7.60833, 0.0108504, -150.32, 1.5249E-006, -62.4962
457, 7.61667, 0.0108008, -150.245, 1.51965E-006, -62.4179
458, 7.62500, 0.0107516, -150.168, 1.51442E-006, -62.3385
458, 7.63333, 0.0107025, -150.09, 1.5092E-006, -62.2579
459, 7.64167, 0.0106537, -150.011, 1.504E-006, -62.1761
459, 7.65000, 0.0106051, -149.931, 1.49882E-006, -62.093
459, 7.65833, 0.0105568, -149.849, 1.49365E-006, -62.0088
460, 7.66667, 0.0105087, -149.766, 1.4885E-006, -61.9234
461, 7.67500, 0.0104608, -149.682, 1.48338E-006, -61.8368
461, 7.68333, 0.0104132, -149.597, 1.47826E-006, -61.749
462, 7.69167, 0.0103658, -149.511, 1.47317E-006, -61.6599
462, 7.70000, 0.0103186, -149.423, 1.4681E-006, -61.5696
462, 7.70833, 0.0102716, -149.334, 1.46304E-006, -61.4781
463, 7.71667, 0.0102249, -149.244, 1.458E-006, -61.3854
464, 7.72500, 0.0101784, -149.152, 1.45297E-006, -61.2914
464, 7.73333, 0.0101322, -149.06, 1.44797E-006, -61.1962
465, 7.74167, 0.0100861, -148.966, 1.44298E-006, -61.0997
465, 7.75000, 0.0100403, -148.871, 1.43801E-006, -61.002
465, 7.75833, 0.00999473, -148.774, 1.43306E-006, -60.903
466, 7.76667, 0.00994936, -148.677, 1.42813E-006, -60.8028
467, 7.77500, 0.00990423, -148.578, 1.42322E-006, -60.7013
467, 7.78333, 0.00985932, -148.477, 1.41832E-006, -60.5985
468, 7.79167, 0.00981463, -148.376, 1.41344E-006, -60.4945
468, 7.80000, 0.00977016, -148.273, 1.40858E-006, -60.3891
468, 7.80833, 0.00972592, -148.169, 1.40374E-006, -60.2825
469, 7.81667, 0.0096819, -148.063, 1.39891E-006, -60.1746
470, 7.82500, 0.00963811, -147.957, 1.39411E-006, -60.0654
470, 7.83333, 0.00959453, -147.849, 1.38932E-006, -59.9549
471, 7.84167, 0.00955117, -147.739, 1.38455E-006, -59.8431
471, 7.85000, 0.00950804, -147.629, 1.3798E-006, -59.7299
471, 7.85833, 0.00946513, -147.517, 1.37506E-006, -59.6155
472, 7.86667, 0.00942244, -147.403, 1.37035E-006, -59.4997
472, 7.87500, 0.00937997, -147.289, 1.36565E-006, -59.3826
473, 7.88333, 0.00933771, -147.173, 1.36098E-006, -59.2642
474, 7.89167, 0.00929567, -147.055, 1.35632E-006, -59.1444
474, 7.90000, 0.00925386, -146.937, 1.35168E-006, -59.0233
474, 7.90833, 0.00921226, -146.817, 1.34705E-006, -58.9008
475, 7.91667, 0.00917088, -146.695, 1.34245E-006, -58.777
476, 7.92500, 0.00912972, -146.573, 1.33787E-006, -58.6518
476, 7.93333, 0.00908878, -146.448, 1.3333E-006, -58.5252
477, 7.94167, 0.00904804, -146.323, 1.32876E-006, -58.3973
477, 7.95000, 0.00900753, -146.196, 1.32423E-006, -58.268
477, 7.95833, 0.00896724, -146.068, 1.31972E-006, -58.1373
478, 7.96667, 0.00892716, -145.938, 1.31523E-006, -58.0052
479, 7.97500, 0.0088873, -145.807, 1.31076E-006, -57.8717
479, 7.98333, 0.00884765, -145.674, 1.30631E-006, -57.7368
480, 7.99167, 0.00880822, -145.54, 1.30188E-006, -57.6005
480, 8.00000, 0.008769, -145.405, 1.29747E-006, -57.4628
480, 8.00833, 0.00873, -145.268, 1.29308E-006, -57.3236
481, 8.01667, 0.00869121, -145.13, 1.2887E-006, -57.183
482, 8.02500, 0.00865264, -144.99, 1.28435E-006, -57.0411
482, 8.03333, 0.00861429, -144.849, 1.28002E-006, -56.8976
483, 8.04167, 0.00857614, -144.707, 1.2757E-006, -56.7528
483, 8.05000, 0.00853821, -144.563, 1.27141E-006, -56.6064
483, 8.05833, 0.0085005, -144.417, 1.26713E-006, -56.4587
484, 8.06667, 0.008463, -144.27, 1.26288E-006, -56.3094
485, 8.07500, 0.00842571, -144.122, 1.25865E-006, -56.1587
485, 8.08333, 0.00838864, -143.972, 1.25443E-006, -56.0065
486, 8.09167, 0.00835178, -143.821, 1.25024E-006, -55.8529
486, 8.10000, 0.00831514, -143.668, 1.24607E-006, -55.6978
486, 8.10833, 0.00827871, -143.514, 1.24191E-006, -55.5411
487, 8.11667, 0.00824249, -143.358, 1.23778E-006, -55.383
488, 8.12500, 0.00820649, -143.2, 1.23367E-006, -55.2234
488, 8.13333, 0.0081707, -143.042, 1.22958E-006, -55.0623
489, 8.14167, 0.00813512, -142.881, 1.22551E-006, -54.8997
489, 8.15000, 0.00809976, -142.719, 1.22146E-006, -54.7355
489, 8.15833, 0.00806461, -142.556, 1.21744E-006, -54.5699
490, 8.16667, 0.00802967, -142.391, 1.21343E-006, -54.4026
491, 8.17500, 0.00799495, -142.225, 1.20944E-006, -54.2339
491, 8.18333, 0.00796044, -142.057, 1.20548E-006, -54.0637
492, 8.19167, 0.00792615, -141.887, 1.20154E-006, -53.8918
492, 8.20000, 0.00789207, -141.716, 1.19762E-006, -53.7185
492, 8.20833, 0.0078582, -141.543, 1.19372E-006, -53.5436
493, 8.21667, 0.00782455, -141.369, 1.18984E-006, -53.3671
493, 8.22500, 0.00779111, -141.193, 1.18599E-006, -53.1891
494, 8.23333, 0.00775788, -141.016, 1.18215E-006, -53.0095
495, 8.24167, 0.00772487, -140.837, 1.17834E-006, -52.8283
495, 8.25000, 0.00769208, -140.656, 1.17455E-006, -52.6456
495, 8.25833, 0.0076595, -140.474, 1.17079E-006, -52.4613
496, 8.26667, 0.00762713, -140.29, 1.16705E-006, -52.2754
497, 8.27500, 0.00759498, -140.105, 1.16332E-006, -52.0879
497, 8.28333, 0.00756304, -139.918, 1.15963E-006, -51.8988
498, 8.29167, 0.00753132, -139.73, 1.15595E-006, -51.7081
498, 8.30000, 0.00749981, -139.539, 1.1523E-006, -51.5158
498, 8.30833, 0.00746852, -139.348, 1.14867E-006, -51.3219
499, 8.31667, 0.00743744, -139.154, 1.14507E-006, -51.1264
500, 8.32500, 0.00740658, -138.959, 1.14148E-006, -50.9293
500, 8.33333, 0.00737594, -138.763, 1.13793E-006, -50.7306
501, 8.34167, 0.00734551, -138.565, 1.13439E-006, -50.5302
501, 8.35000, 0.0073153, -138.365, 1.13088E-006, -50.3282
501, 8.35833, 0.00728531, -138.163, 1.12739E-006, -50.1246
502, 8.36667, 0.00725553, -137.96, 1.12393E-006, -49.9194
503, 8.37500, 0.00722598, -137.755, 1.12049E-006, -49.7125
503, 8.38333, 0.00719664, -137.549, 1.11708E-006, -49.504
504, 8.39167, 0.00716751, -137.341, 1.11369E-006, -49.2938
504, 8.40000, 0.00713861, -137.131, 1.11032E-006, -49.0821
504, 8.40833, 0.00710992, -136.92, 1.10699E-006, -48.8686
505, 8.41667, 0.00708145, -136.707, 1.10367E-006, -48.6535
506, 8.42500, 0.00705321, -136.492, 1.10038E-006, -48.4368
506, 8.43333, 0.00702518, -136.276, 1.09712E-006, -48.2185
507, 8.44167, 0.00699737, -136.058, 1.09388E-006, -47.9985
507, 8.45000, 0.00696978, -135.838, 1.09067E-006, -47.7768
507, 8.45833, 0.00694241, -135.617, 1.08748E-006, -47.5535
508, 8.46667, 0.00691526, -135.394, 1.08432E-006, -47.3285
509, 8.47500, 0.00688834, -135.17, 1.08118E-006, -47.1019
509, 8.48333, 0.00686163, -134.944, 1.07808E-006, -46.8737
510, 8.49167, 0.00683515, -134.716, 1.07499E-006, -46.6437
510, 8.50000, 0.00680889, -134.486, 1.07194E-006, -46.4122
510, 8.50833, 0.00678285, -134.255, 1.06891E-006, -46.1789
511, 8.51667, 0.00675703, -134.022, 1.06591E-006, -45.9441
512, 8.52500, 0.00673144, -133.788, 1.06293E-006, -45.7075
512, 8.53333, 0.00670608, -133.552, 1.05999E-006, -45.4694
513, 8.54167, 0.00668093, -133.314, 1.05707E-006, -45.2295
513, 8.55000, 0.00665601, -133.074, 1.05417E-006, -44.9881
514, 8.55833, 0.00663132, -132.833, 1.05131E-006, -44.745
514, 8.56667, 0.00660685, -132.59, 1.04847E-006, -44.5003
514, 8.57500, 0.0065826, -132.346, 1.04566E-006, -44.2539
515, 8.58333, 0.00655859, -132.1, 1.04288E-006, -44.0059
516, 8.59167, 0.00653479, -131.852, 1.04013E-006, -43.7562
516, 8.60000, 0.00651123, -131.603, 1.03741E-006, -43.505
517, 8.60833, 0.00648789, -131.352, 1.03472E-006, -43.2521
517, 8.61667, 0.00646478, -131.1, 1.03205E-006, -42.9976
518, 8.62500, 0.0064419, -130.846, 1.02941E-006, -42.7414
518, 8.63333, 0.00641925, -130.59, 1.02681E-006, -42.4837
518, 8.64167, 0.00639683, -130.332, 1.02423E-006, -42.2244
519, 8.65000, 0.00637463, -130.073, 1.02168E-006, -41.9634
520, 8.65833, 0.00635267, -129.813, 1.01916E-006, -41.7009
520, 8.66667, 0.00633093, -129.551, 1.01668E-006, -41.4368
521, 8.67500, 0.00630943, -129.287, 1.01422E-006, -41.1711
521, 8.68333, 0.00628816, -129.022, 1.01179E-006, -40.9039
522, 8.69167, 0.00626712, -128.755, 1.0094E-006, -40.635
522, 8.70000, 0.00624631, -128.486, 1.00703E-006, -40.3647
522, 8.70833, 0.00622573, -128.216, 1.0047E-006, -40.0927
523, 8.71667, 0.00620539, -127.945, 1.00239E-006, -39.8193
524, 8.72500, 0.00618528, -127.672, 1.00012E-006, -39.5443
524, 8.73333, 0.0061654, -127.397, 9.97879E-007, -39.2678
525, 8.74167, 0.00614575, -127.121, 9.95669E-007, -38.9897
525, 8.75000, 0.00612635, -126.843, 9.93492E-007, -38.7102
526, 8.75833, 0.00610717, -126.564, 9.91346E-007, -38.4292
526, 8.76667, 0.00608823, -126.284, 9.89232E-007, -38.1467
527, 8.77500, 0.00606953, -126.002, 9.87151E-007, -37.8627
527, 8.78333, 0.00605106, -125.718, 9.85103E-007, -37.5773
528, 8.79167, 0.00603282, -125.433, 9.83086E-007, -37.2905
528, 8.80000, 0.00601483, -125.147, 9.81103E-007, -37.0022
529, 8.80833, 0.00599707, -124.859, 9.79153E-007, -36.7125
529, 8.81667, 0.00597955, -124.57, 9.77236E-007, -36.4214
530, 8.82500, 0.00596226, -124.279, 9.75352E-007, -36.1289
530, 8.83333, 0.00594522, -123.987, 9.73502E-007, -35.835
531, 8.84167, 0.00592841, -123.694, 9.71685E-007, -35.5398
531, 8.85000, 0.00591184, -123.399, 9.69902E-007, -35.2432
532, 8.85833, 0.00589551, -123.103, 9.68153E-007, -34.9453
532, 8.86667, 0.00587941, -122.805, 9.66438E-007, -34.6461
533, 8.87500, 0.00586356, -122.507, 9.64758E-007, -34.3456
533, 8.88333, 0.00584795, -122.207, 9.63112E-007, -34.0438
534, 8.89167, 0.00583257, -121.906, 9.615E-007, -33.7407
534, 8.90000, 0.00581744, -121.603, 9.59923E-007, -33.4364
535, 8.90833, 0.00580254, -121.299, 9.58382E-007, -33.1309
535, 8.91667, 0.00578789, -120.995, 9.56875E-007, -32.8242
536, 8.92500, 0.00577348, -120.688, 9.55403E-007, -32.5163
536, 8.93333, 0.00575931, -120.381, 9.53967E-007, -32.2072
537, 8.94167, 0.00574537, -120.073, 9.52566E-007, -31.897
537, 8.95000, 0.00573168, -119.763, 9.51201E-007, -31.5856
538, 8.95833, 0.00571824, -119.453, 9.49872E-007, -31.2732
538, 8.96667, 0.00570503, -119.141, 9.48579E-007, -30.9596
539, 8.97500, 0.00569206, -118.828, 9.47321E-007, -30.645
539, 8.98333, 0.00567934, -118.514, 9.461E-007, -30.3294
539, 8.99167, 8.6229, -117.4, 0.00261307, -60.5791
540, 9.00000, 8.72613, -119.512, 0.0026402, -62.026
541, 9.00833, 8.8335, -121.587, 0.00266753, -63.4578
541, 9.01667, 0.00563087, -117.249, 9.4158E-007, -29.0568
542, 9.02500, 0.00561935, -116.93, 9.40541E-007, -28.7363
542, 9.03333, 0.00560808, -116.61, 9.3954E-007, -28.4149
543, 9.04167, 0.00559705, -116.29, 9.38575E-007, -28.0925
543, 9.05000, 0.00558626, -115.968, 9.37648E-007, -27.7694
543, 9.05833, 0.00557572, -115.646, 9.36758E-007, -27.4454
544, 9.06667, 0.00556541, -115.323, 9.35905E-007, -27.1206
545, 9.07500, 0.00555535, -114.999, 9.35089E-007, -26.7951
545, 9.08333, 0.00554553, -114.675, 9.34312E-007, -26.4688
546, 9.09167, 0.00553595, -114.349, 9.33571E-007, -26.1417
546, 9.10000, 0.00552661, -114.023, 9.32869E-007, -25.814
547, 9.10833, 0.00551752, -113.697, 9.32204E-007, -25.4856
547, 9.11667, 0.00550866, -113.369, 9.31577E-007, -25.1565
547, 9.12500, 0.00550005, -113.041, 9.30989E-007, -24.8269
548, 9.13333, 0.00549167, -112.713, 9.30438E-007, -24.4966
549, 9.14167, 0.00548354, -112.384, 9.29925E-007, -24.1658
549, 9.15000, 0.00547564, -112.054, 9.29451E-007, -23.8345
550, 9.15833, 0.00546799, -111.724, 9.29014E-007, -23.5026
550, 9.16667, 0.00546057, -111.393, 9.28616E-007, -23.1703
551, 9.17500, 0.0054534, -111.062, 9.28257E-007, -22.8375
551, 9.18333, 0.00544646, -110.731, 9.27936E-007, -22.5044
552, 9.19167, 0.00543976, -110.399, 9.27653E-007, -22.1708
552, 9.20000, 0.0054333, -110.067, 9.27409E-007, -21.8368
553, 9.20833, 0.00542708, -109.734, 9.27203E-007, -21.5026
553, 9.21667, 0.00542109, -109.401, 9.27036E-007, -21.168
554, 9.22500, 0.00541534, -109.068, 9.26907E-007, -20.8331
554, 9.23333, 0.00540983, -108.735, 9.26817E-007, -20.4981
555, 9.24167, 0.00540455, -108.401, 9.26766E-007, -20.1627
555, 9.25000, 0.00539951, -108.067, 9.26754E-007, -19.8273
556, 9.25833, 0.0053947, -107.733, 9.2678E-007, -19.4917
556, 9.26667, 0.00539013, -107.399, 9.26845E-007, -19.1559
557, 9.27500, 0.00538579, -107.065, 9.26949E-007, -18.82
557, 9.28333, 0.00538168, -106.731, 9.27091E-007, -18.4841
558, 9.29167, 0.0053778, -106.396, 9.27272E-007, -18.1481
558, 9.30000, 0.00537416, -106.062, 9.27492E-007, -17.8122
559, 9.30833, 0.00537075, -105.728, 9.2775E-007, -17.4763
559, 9.31667, 0.00536756, -105.394, 9.28048E-007, -17.1404
560, 9.32500, 0.00536461, -105.059, 9.28384E-007, -16.8046
560, 9.33333, 0.00536188, -104.725, 9.28758E-007, -16.4689
561, 9.34167, 0.00535939, -104.391, 9.29172E-007, -16.1333
561, 9.35000, 0.00535712, -104.058, 9.29623E-007, -15.798
562, 9.35833, 0.00535507, -103.724, 9.30114E-007, -15.4628
562, 9.36667, 0.00535325, -103.391, 9.30643E-007, -15.1278
563, 9.37500, 0.00535166, -103.058, 9.3121E-007, -14.7932
563, 9.38333, 0.00535029, -102.725, 9.31816E-007, -14.4588
564, 9.39167, 0.00534914, -102.392, 9.32461E-007, -14.1247
564, 9.40000, 0.00534821, -102.06, 9.33143E-007, -13.7909
564, 9.40833, 0.00534751, -101.729, 9.33864E-007, -13.4576
565, 9.41667, 0.00534703, -101.397, 9.34624E-007, -13.1246
566, 9.42500, 0.00534676, -101.066, 9.35421E-007, -12.7921
566, 9.43333, 0.00534671, -100.736, 9.36256E-007, -12.46
567, 9.44167, 0.00534688, -100.406, 9.3713E-007, -12.1283
567, 9.45000, 0.00534727, -100.076, 9.38042E-007, -11.7972
568, 9.45833, 0.00534787, -99.7472, 9.38991E-007, -11.4667
568, 9.46667, 0.00534868, -99.4188, 9.39978E-007, -11.1367
568, 9.47500, 0.00534971, -99.0909, 9.41003E-007, -10.8073
569, 9.48333, 0.00535095, -98.7637, 9.42066E-007, -10.4785
570, 9.49167, 0.0053524, -98.4371, 9.43166E-007, -10.1503
570, 9.50000, 0.00535406, -98.1111, 9.44303E-007, -9.82276
571, 9.50833, 0.00535593, -97.7859, 9.45478E-007, -9.49596
571, 9.51667, 0.005358, -97.4613, 9.4669E-007, -9.16982
572, 9.52500, 0.00536028, -97.1375, 9.47939E-007, -8.84446
572, 9.53333, 0.00536277, -96.8145, 9.49225E-007, -8.51986
572, 9.54167, 0.00536546, -96.4921, 9.50549E-007, -8.196
573, 9.55000, 0.00536835, -96.1707, 9.51908E-007, -7.87299
574, 9.55833, 0.00537145, -95.85, 9.53305E-007, -7.55081
574, 9.56667, 0.00537474, -95.5302, 9.54738E-007, -7.22943
575, 9.57500, 0.00537824, -95.2113, 9.56208E-007, -6.90897
575, 9.58333, 0.00538193, -94.8932, 9.57713E-007, -6.5894
576, 9.59167, 0.00538582, -94.5761, 9.59255E-007, -6.27071
576, 9.60000, 0.0053899, -94.2599, 9.60833E-007, -5.95299
577, 9.60833, 0.00539418, -93.9446, 9.62447E-007, -5.63623
577, 9.61667, 0.00539865, -93.6303, 9.64097E-007, -5.3204
578, 9.62500, 0.00540331, -93.3171, 9.65782E-007, -5.00561
578, 9.63333, 0.00540816, -93.0048, 9.67503E-007, -4.69183
579, 9.64167, 0.0054132, -92.6935, 9.69259E-007, -4.37904
579, 9.65000, 0.00541843, -92.3833, 9.7105E-007, -4.06735
580, 9.65833, 0.00542384, -92.0742, 9.72876E-007, -3.75671
580, 9.66667, 0.00542944, -91.7661, 9.74737E-007, -3.44713
581, 9.67500, 0.00543522, -91.4592, 9.76633E-007, -3.13869
581, 9.68333, 0.00544118, -91.1534, 9.78563E-007, -2.83136
582, 9.69167, 0.00544733, -90.8486, 9.80528E-007, -2.52513
582, 9.70000, 0.00545365, -90.5451, 9.82527E-007, -2.22009
583, 9.70833, 0.00546015, -90.2427, 9.8456E-007, -1.91621
583, 9.71667, 0.00546683, -89.9414, 9.86627E-007, -1.61347
584, 9.72500, 0.00547368, -89.6414, 9.88728E-007, -1.31197
584, 9.73333, 0.00548071, -89.3426, 9.90863E-007, -1.01167
585, 9.74167, 0.00548791, -89.0449, 9.93031E-007, -0.712551
585, 9.75000, 0.00549528, -88.7486, 9.95232E-007, -0.414704
586, 9.75833, 0.00550282, -88.4534, 9.97466E-007, -0.118103
586, 9.76667, 0.00551053, -88.1595, 9.99733E-007, 0.177275
587, 9.77500, 0.0055184, -87.8669, 1.00203E-006, 0.471349
587, 9.78333, 0.00552644, -87.5756, 1.00437E-006, 0.764143
588, 9.79167, 0.00553465, -87.2855, 1.00673E-006, 1.05568
588, 9.80000, 0.00554302, -86.9967, 1.00913E-006, 1.34588
589, 9.80833, 0.00555155, -86.7093, 1.01156E-006, 1.63477
589, 9.81667, 0.00556024, -86.4231, 1.01402E-006, 1.92237
590, 9.82500, 0.00556908, -86.1383, 1.01651E-006, 2.20861
590, 9.83333, 0.00557809, -85.8549, 1.01903E-006, 2.49351
591, 9.84167, 0.00558725, -85.5727, 1.02159E-006, 2.7771
591, 9.85000, 0.00559657, -85.292, 1.02418E-006, 3.0593
592, 9.85833, 0.00560603, -85.0126, 1.02679E-006, 3.34013
592, 9.86667, 0.00561565, -84.7345, 1.02944E-006, 3.61963
593, 9.87500, 0.00562542, -84.4578, 1.03212E-006, 3.89772
593, 9.88333, 0.00563534, -84.1825, 1.03483E-006, 4.17443
594, 9.89167, 0.00564541, -83.9086, 1.03757E-006, 4.44978
594, 9.90000, 0.00565562, -83.6361, 1.04034E-006, 4.7237
595, 9.90833, 0.00566598, -83.365, 1.04314E-006, 4.99623
595, 9.91667, 0.00567648, -83.0953, 1.04597E-006, 5.26738
596, 9.92500, 0.00568712, -82.827, 1.04883E-006, 5.53709
596, 9.93333, 0.00569791, -82.5601, 1.05172E-006, 5.80539
597, 9.94167, 0.00570883, -82.2946, 1.05463E-006, 6.0723
597, 9.95000, 0.00571989, -82.0305, 1.05758E-006, 6.33777
598, 9.95833, 0.00573109, -81.7679, 1.06055E-006, 6.6018
598, 9.96667, 0.00574242, -81.5066, 1.06356E-006, 6.86445
599, 9.97500, 0.00575389, -81.2468, 1.06659E-006, 7.12563
599, 9.98333, 0.00576549, -80.9885, 1.06965E-006, 7.38538
600, 9.99167, 0.00577722, -80.7315, 1.07274E-006, 7.64373
600, 10.00000, 0.00578908, -80.476, 1.07585E-006, 7.90061
601, 10.00833, 0.00580107, -80.2219, 1.079E-006, 8.15606
601, 10.01667, 0.00581319, -79.9693, 1.08217E-006, 8.4101
602, 10.02500, 0.00582543, -79.7181, 1.08537E-006, 8.66267
602, 10.03333, 0.0058378, -79.4683, 1.08859E-006, 8.9138
603, 10.04167, 0.00585029, -79.22, 1.09185E-006, 9.16353
603, 10.05000, 0.0058629, -78.9731, 1.09513E-006, 9.41179
604, 10.05833, 0.00587564, -78.7276, 1.09843E-006, 9.65861
604, 10.06667, 0.00588849, -78.4836, 1.10177E-006, 9.90402
605, 10.07500, 0.00590146, -78.241, 1.10513E-006, 10.148
605, 10.08333, 0.00591455, -77.9999, 1.10851E-006, 10.3905
606, 10.09167, 0.00592776, -77.7601, 1.11192E-006, 10.6316
606, 10.10000, 0.00594108, -77.5218, 1.11536E-006, 10.8712
607, 10.10833, 0.00595452, -77.285, 1.11882E-006, 11.1094
607, 10.11667, 0.00596807, -77.0495, 1.12231E-006, 11.3462
608, 10.12500, 0.00598173, -76.8155, 1.12582E-006, 11.5816
608, 10.13333, 0.00599549, -76.5829, 1.12936E-006, 11.8155
609, 10.14167, 0.00600937, -76.3517, 1.13292E-006, 12.0481
609, 10.15000, 0.00602336, -76.1219, 1.13651E-006, 12.2792
610, 10.15833, 0.00603745, -75.8936, 1.14012E-006, 12.5089
610, 10.16667, 0.00605165, -75.6666, 1.14376E-006, 12.7371
611, 10.17500, 0.00606595, -75.4411, 1.14742E-006, 12.964
611, 10.18333, 0.00608035, -75.217, 1.1511E-006, 13.1895
612, 10.19167, 0.00609486, -74.9942, 1.15481E-006, 13.4135
612, 10.20000, 0.00610947, -74.7729, 1.15854E-006, 13.6362
613, 10.20833, 0.00612418, -74.5529, 1.1623E-006, 13.8575
613, 10.21667, 0.00613898, -74.3344, 1.16608E-006, 14.0773
614, 10.22500, 0.00615389, -74.1172, 1.16988E-006, 14.2958
614, 10.23333, 0.00616889, -73.9014, 1.17371E-006, 14.5129
615, 10.24167, 0.00618398, -73.6869, 1.17756E-006, 14.7287
615, 10.25000, 0.00619917, -73.4739, 1.18143E-006, 14.9431
616, 10.25833, 0.00621446, -73.2622, 1.18532E-006, 15.156
616, 10.26667, 0.00622983, -73.0518, 1.18924E-006, 15.3677
617, 10.27500, 0.0062453, -72.8429, 1.19318E-006, 15.578
617, 10.28333, 0.00626086, -72.6352, 1.19714E-006, 15.7869
618, 10.29167, 0.0062765, -72.4289, 1.20112E-006, 15.9945
618, 10.30000, 0.00629224, -72.224, 1.20512E-006, 16.2008
619, 10.30833, 0.00630806, -72.0203, 1.20915E-006, 16.4057
619, 10.31667, 0.00632397, -71.818, 1.2132E-006, 16.6093
620, 10.32500, 0.00633996, -71.6171, 1.21727E-006, 16.8115
620, 10.33333, 0.00635604, -71.4174, 1.22136E-006, 17.0125
621, 10.34167, 0.0063722, -71.219, 1.22547E-006, 17.2121
621, 10.35000, 0.00638844, -71.022, 1.2296E-006, 17.4104
622, 10.35833, 0.00640477, -70.8262, 1.23375E-006, 17.6075
622, 10.36667, 0.00642117, -70.6317, 1.23793E-006, 17.8032
623, 10.37500, 0.00643766, -70.4386, 1.24212E-006, 17.9977
623, 10.38333, 0.00645422, -70.2467, 1.24634E-006, 18.1908
624, 10.39167, 0.00647086, -70.056, 1.25057E-006, 18.3828
624, 10.40000, 0.00648758, -69.8666, 1.25483E-006, 18.5734
625, 10.40833, 0.00650437, -69.6785, 1.2591E-006, 18.7628
625, 10.41667, 0.00652124, -69.4916, 1.2634E-006, 18.9509
626, 10.42500, 0.00653819, -69.306, 1.26771E-006, 19.1378
626, 10.43333, 0.0065552, -69.1217, 1.27205E-006, 19.3234
627, 10.44167, 0.00657229, -68.9385, 1.2764E-006, 19.5078
627, 10.45000, 0.00658945, -68.7566, 1.28078E-006, 19.691
628, 10.45833, 0.00660668, -68.5759, 1.28517E-006, 19.8729
628, 10.46667, 0.00662399, -68.3963, 1.28958E-006, 20.0537
629, 10.47500, 0.00664136, -68.2181, 1.29401E-006, 20.2332
629, 10.48333, 0.0066588, -68.041, 1.29846E-006, 20.4116
630, 10.49167, 0.00667631, -67.865, 1.30293E-006, 20.5887
630, 10.50000, 0.00669388, -67.6903, 1.30742E-006, 20.7647
631, 10.50833, 0.00671152, -67.5168, 1.31192E-006, 20.9394
631, 10.51667, 0.00672923, -67.3444, 1.31644E-006, 21.1131
632, 10.52500, 0.006747, -67.1732, 1.32099E-006, 21.2855
632, 10.53333, 0.00676483, -67.0031, 1.32555E-006, 21.4568
633, 10.54167, 0.00678273, -66.8342, 1.33012E-006, 21.6269
633, 10.55000, 0.00680069, -66.6664, 1.33472E-006, 21.7959
634, 10.55833, 0.00681871, -66.4998, 1.33933E-006, 21.9638
634, 10.56667, 0.00683679, -66.3342, 1.34396E-006, 22.1305
635, 10.57500, 0.00685493, -66.1698, 1.34861E-006, 22.2961
635, 10.58333, 0.00687313, -66.0066, 1.35328E-006, 22.4606
636, 10.59167, 0.0068914, -65.8444, 1.35796E-006, 22.624
636, 10.60000, 0.00690972, -65.6833, 1.36266E-006, 22.7863
637, 10.60833, 0.00692809, -65.5233, 1.36738E-006, 22.9475
637, 10.61667, 0.00694653, -65.3644, 1.37212E-006, 23.1076
638, 10.62500, 0.00696501, -65.2066, 1.37687E-006, 23.2667
638, 10.63333, 0.00698356, -65.0498, 1.38164E-006, 23.4246
639, 10.64167, 0.00700216, -64.8941, 1.38642E-006, 23.5815
639, 10.65000, 0.00702081, -64.7394, 1.39123E-006, 23.7373
640, 10.65833, 0.00703952, -64.5859, 1.39604E-006, 23.8921
640, 10.66667, 0.00705828, -64.4333, 1.40088E-006, 24.0459
641, 10.67500, 0.00707709, -64.2818, 1.40573E-006, 24.1986
641, 10.68333, 0.00709595, -64.1313, 1.4106E-006, 24.3503
642, 10.69167, 0.00711487, -63.9818, 1.41548E-006, 24.5009
642, 10.70000, 0.00713384, -63.8334, 1.42038E-006, 24.6506
643, 10.70833, 0.00715285, -63.6859, 1.4253E-006, 24.7992
643, 10.71667, 0.00717192, -63.5394, 1.43023E-006, 24.9468
644, 10.72500, 0.00719103, -63.394, 1.43518E-006, 25.0935
644, 10.73333, 0.00721019, -63.2495, 1.44014E-006, 25.2391
645, 10.74167, 0.0072294, -63.106, 1.44512E-006, 25.3838
645, 10.75000, 0.00724866, -62.9635, 1.45011E-006, 25.5275
646, 10.75833, 0.00726796, -62.8219, 1.45512E-006, 25.6702
646, 10.76667, 0.00728731, -62.6813, 1.46015E-006, 25.812
647, 10.77500, 0.00730671, -62.5416, 1.46519E-006, 25.9528
647, 10.78333, 0.00732615, -62.4029, 1.47024E-006, 26.0926
648, 10.79167, 0.00734563, -62.2652, 1.47531E-006, 26.2316
648, 10.80000, 0.00736516, -62.1283, 1.4804E-006, 26.3696
649, 10.80833, 0.00738473, -61.9924, 1.4855E-006, 26.5066
649, 10.81667, 0.00740435, -61.8574, 1.49061E-006, 26.6428
650, 10.82500, 0.00742401, -61.7233, 1.49574E-006, 26.778
650, 10.83333, 0.0074437, -61.5901, 1.50089E-006, 26.9124
651, 10.84167, 0.00746345, -61.4578, 1.50605E-006, 27.0458
651, 10.85000, 0.00748323, -61.3265, 1.51122E-006, 27.1783
652, 10.85833, 0.00750305, -61.1959, 1.51641E-006, 27.31
652, 10.86667, 0.00752291, -61.0663, 1.52161E-006, 27.4408
653, 10.87500, 0.00754281, -60.9375, 1.52683E-006, 27.5707
653, 10.88333, 0.00756275, -60.8097, 1.53206E-006, 27.6997
654, 10.89167, 0.00758274, -60.6826, 1.5373E-006, 27.8279
654, 10.90000, 0.00760275, -60.5564, 1.54256E-006, 27.9552
655, 10.90833, 0.00762281, -60.4311, 1.54784E-006, 28.0816
655, 10.91667, 0.0076429, -60.3066, 1.55312E-006, 28.2073
656, 10.92500, 0.00766303, -60.1829, 1.55843E-006, 28.332
656, 10.93333, 0.0076832, -60.0601, 1.56374E-006, 28.456
657, 10.94167, 0.0077034, -59.9381, 1.56907E-006, 28.5791
657, 10.95000, 0.00772364, -59.8169, 1.57441E-006, 28.7015
658, 10.95833, 0.00774392, -59.6965, 1.57977E-006, 28.823
658, 10.96667, 0.00776423, -59.5769, 1.58514E-006, 28.9437
659, 10.97500, 0.00778457, -59.4581, 1.59052E-006, 29.0636
659, 10.98333, 0.00780495, -59.3401, 1.59592E-006, 29.1827
660, 10.99167, 61.6422, 5.34895, 0.0128956, 26.2231
660, 11.00000, 60.1122, 4.32485, 0.0127378, 23.7925
661, 11.00833, 58.5827, 3.28925, 0.0125898, 21.3228
661, 11.01667, 0.0078868, -58.8759, 1.61764E-006, 29.6513
662, 11.02500, 0.00790734, -58.7617, 1.6231E-006, 29.7665
662, 11.03333, 0.00792791, -58.6484, 1.62857E-006, 29.881
663, 11.04167, 0.00794852, -58.5357, 1.63406E-006, 29.9948
663, 11.05000, 0.00796916, -58.4238, 1.63956E-006, 30.1077
664, 11.05833, 0.00798983, -58.3127, 1.64508E-006, 30.22
664, 11.06667, 0.00801053, -58.2023, 1.65061E-006, 30.3315
665, 11.07500, 0.00803126, -58.0926, 1.65615E-006, 30.4422
665, 11.08333, 0.00805202, -57.9836, 1.6617E-006, 30.5523
666, 11.09167, 0.00807281, -57.8754, 1.66727E-006, 30.6616
666, 11.10000, 0.00809363, -57.7679, 1.67284E-006, 30.7702
667, 11.10833, 0.00811447, -57.661, 1.67843E-006, 30.8781
667, 11.11667, 0.00813535, -57.5549, 1.68404E-006, 30.9853
668, 11.12500, 0.00815625, -57.4495, 1.68965E-006, 31.0919
668, 11.13333, 0.00817719, -57.3447, 1.69528E-006, 31.1977
669, 11.14167, 0.00819815, -57.2407, 1.70092E-006, 31.3028
669, 11.15000, 0.00821914, -57.1373, 1.70658E-006, 31.4072
670, 11.15833, 0.00824015, -57.0346, 1.71224E-006, 31.511
670, 11.16667, 0.00826119, -56.9325, 1.71792E-006, 31.6141
671, 11.17500, 0.00828226, -56.8312, 1.72361E-006, 31.7166
671, 11.18333, 0.00830336, -56.7305, 1.72931E-006, 31.8183
672, 11.19167, 0.00832448, -56.6304, 1.73502E-006, 31.9195
672, 11.20000, 0.00834563, -56.531, 1.74075E-006, 32.0199
673, 11.20833, 0.0083668, -56.4322, 1.74649E-006, 32.1197
673, 11.21667, 0.00838799, -56.3341, 1.75224E-006, 32.2189
674, 11.22500, 0.00840922, -56.2366, 1.758E-006, 32.3175
674, 11.23333, 0.00843046, -56.1397, 1.76377E-006, 32.4154
675, 11.24167, 0.00845174, -56.0435, 1.76956E-006, 32.5127
675, 11.25000, 0.00847303, -55.9479, 1.77536E-006, 32.6093
676, 11.25833, 0.00849435, -55.8529, 1.78117E-006, 32.7054
676, 11.26667, 0.00851569, -55.7585, 1.78699E-006, 32.8008
677, 11.27500, 0.00853706, -55.6647, 1.79282E-006, 32.8957
677, 11.28333, 0.00855845, -55.5715, 1.79866E-006, 32.9899
678, 11.29167, 0.00857986, -55.4789, 1.80452E-006, 33.0835
678, 11.30000, 0.0086013, -55.3869, 1.81039E-006, 33.1766
679, 11.30833, 0.00862276, -55.2955, 1.81627E-006, 33.269
679, 11.31667, 0.00864424, -55.2047, 1.82216E-006, 33.3609
680, 11.32500, 0.00866574, -55.1144, 1.82806E-006, 33.4522
680, 11.33333, 0.00868726, -55.0247, 1.83397E-006, 33.5429
681, 11.34167, 0.00870881, -54.9356, 1.8399E-006, 33.633
681, 11.35000, 0.00873038, -54.8471, 1.84583E-006, 33.7226
682, 11.35833, 0.00875196, -54.7591, 1.85178E-006, 33.8116
682, 11.36667, 0.00877357, -54.6717, 1.85774E-006, 33.9
683, 11.37500, 0.0087952, -54.5848, 1.86371E-006, 33.9879
683, 11.38333, 0.00881685, -54.4985, 1.86969E-006, 34.0753
684, 11.39167, 0.00883853, -54.4127, 1.87568E-006, 34.1621
684, 11.40000, 0.00886022, -54.3274, 1.88169E-006, 34.2483
685, 11.40833, 0.00888193, -54.2427, 1.8877E-006, 34.334
685, 11.41667, 0.00890366, -54.1586, 1.89373E-006, 34.4192
686, 11.42500, 0.00892541, -54.0749, 1.89976E-006, 34.5039
686, 11.43333, 0.00894718, -53.9918, 1.90581E-006, 34.588
687, 11.44167, 0.00896897, -53.9092, 1.91187E-006, 34.6716
687, 11.45000, 0.00899078, -53.8271, 1.91794E-006, 34.7547
688, 11.45833, 0.0090126, -53.7455, 1.92402E-006, 34.8373
688, 11.46667, 0.00903445, -53.6645, 1.93011E-006, 34.9194
689, 11.47500, 0.00905631, -53.5839, 1.93621E-006, 35.0009
689, 11.48333, 0.0090782, -53.5038, 1.94232E-006, 35.082
690, 11.49167, 0.0091001, -53.4243, 1.94845E-006, 35.1626
690, 11.50000, 0.00912202, -53.3452, 1.95458E-006, 35.2426
691, 11.50833, 0.00914395, -53.2666, 1.96073E-006, 35.3222
691, 11.51667, 0.00916591, -53.1885, 1.96689E-006, 35.4013
692, 11.52500, 0.00918788, -53.1109, 1.97305E-006, 35.4799
692, 11.53333, 0.00920987, -53.0337, 1.97923E-006, 35.558
693, 11.54167, 0.00923188, -52.9571, 1.98542E-006, 35.6357
693, 11.55000, 0.0092539, -52.8809, 1.99162E-006, 35.7129
694, 11.55833, 0.00927594, -52.8052, 1.99783E-006, 35.7896
694, 11.56667, 0.009298, -52.7299, 2.00405E-006, 35.8658
695, 11.57500, 0.00932007, -52.6551, 2.01028E-006, 35.9416
695, 11.58333, 0.00934216, -52.5807, 2.01652E-006, 36.0169
696, 11.59167, 0.00936427, -52.5068, 2.02277E-006, 36.0918
696, 11.60000, 0.00938639, -52.4334, 2.02903E-006, 36.1662
697, 11.60833, 0.00940853, -52.3604, 2.03531E-006, 36.2402
697, 11.61667, 0.00943068, -52.2879, 2.04159E-006, 36.3137
698, 11.62500, 0.00945285, -52.2157, 2.04788E-006, 36.3868
698, 11.63333, 0.00947504, -52.1441, 2.05419E-006, 36.4594
699, 11.64167, 0.00949724, -52.0728, 2.0605E-006, 36.5316
699, 11.65000, 0.00951946, -52.002, 2.06683E-006, 36.6034
700, 11.65833, 0.00954169, -51.9316, 2.07316E-006, 36.6747
700, 11.66667, 0.00956394, -51.8617, 2.07951E-006, 36.7457
701, 11.67500, 0.0095862, -51.7921, 2.08586E-006, 36.8162
701, 11.68333, 0.00960847, -51.723, 2.09223E-006, 36.8862
702, 11.69167, 0.00963077, -51.6543, 2.0986E-006, 36.9559
702, 11.70000, 0.00965307, -51.586, 2.10499E-006, 37.0252
703, 11.70833, 0.00967539, -51.5181, 2.11139E-006, 37.094
703, 11.71667, 0.00969773, -51.4506, 2.1178E-006, 37.1624
704, 11.72500, 0.00972008, -51.3836, 2.12421E-006, 37.2305
704, 11.73333, 0.00974244, -51.3169, 2.13064E-006, 37.2981
705, 11.74167, 0.00976482, -51.2506, 2.13708E-006, 37.3653
705, 11.75000, 0.00978721, -51.1847, 2.14353E-006, 37.4322
706, 11.75833, 0.00980962, -51.1192, 2.14998E-006, 37.4986
706, 11.76667, 0.00983204, -51.0541, 2.15645E-006, 37.5646
707, 11.77500, 0.00985447, -50.9894, 2.16293E-006, 37.6303
707, 11.78333, 0.00987692, -50.925, 2.16942E-006, 37.6956
708, 11.79167, 0.00989938, -50.8611, 2.17592E-006, 37.7605
708, 11.80000, 0.00992185, -50.7975, 2.18242E-006, 37.825
709, 11.80833, 0.00994434, -50.7343, 2.18894E-006, 37.8892
709, 11.81667, 0.00996684, -50.6714, 2.19547E-006, 37.9529
710, 11.82500, 0.00998935, -50.609, 2.20201E-006, 38.0163
710, 11.83333, 0.0100119, -50.5469, 2.20856E-006, 38.0794
711, 11.84167, 0.0100344, -50.4851, 2.21512E-006, 38.142
711, 11.85000, 0.010057, -50.4237, 2.22168E-006, 38.2043
712, 11.85833, 0.0100795, -50.3627, 2.22826E-006, 38.2663
712, 11.86667, 0.0101021, -50.302, 2.23485E-006, 38.3279
713, 11.87500, 0.0101247, -50.2417, 2.24145E-006, 38.3891
713, 11.88333, 0.0101473, -50.1818, 2.24806E-006, 38.45
714, 11.89167, 0.0101699, -50.1221, 2.25467E-006, 38.5106
714, 11.90000, 0.0101925, -50.0629, 2.2613E-006, 38.5707
715, 11.90833, 0.0102152, -50.0039, 2.26794E-006, 38.6306
715, 11.91667, 0.0102378, -49.9453, 2.27459E-006, 38.6901
716, 11.92500, 0.0102605, -49.8871, 2.28124E-006, 38.7493
716, 11.93333, 0.0102832, -49.8292, 2.28791E-006, 38.8081
717, 11.94167, 0.0103059, -49.7716, 2.29459E-006, 38.8666
717, 11.95000, 0.0103286, -49.7143, 2.30128E-006, 38.9247
718, 11.95833, 0.0103513, -49.6574, 2.30797E-006, 38.9826
718, 11.96667, 0.010374, -49.6008, 2.31468E-006, 39.0401
719, 11.97500, 0.0103967, -49.5445, 2.3214E-006, 39.0972
719, 11.98333, 0.0104195, -49.4886, 2.32812E-006, 39.1541
720, 11.99167, 0.0104422, -49.4329, 2.33486E-006, 39.2106
720, 12.00000, 0.010465, -49.3776, 2.3416E-006, 39.2669
721, 12.00833, 0.0104878, -49.3226, 2.34836E-006, 39.3228
721, 12.01667, 0.0105106, -49.2679, 2.35512E-006, 39.3783
722, 12.02500, 0.0105334, -49.2136, 2.3619E-006, 39.4336
722, 12.03333, 0.0105562, -49.1595, 2.36868E-006, 39.4886
723, 12.04167, 0.010579, -49.1057, 2.37548E-006, 39.5432
723, 12.05000, 0.0106018, -49.0523, 2.38228E-006, 39.5976
724, 12.05833, 0.0106247, -48.9991, 2.38909E-006, 39.6516
724, 12.06667, 0.0106475, -48.9462, 2.39592E-006, 39.7054
725, 12.07500, 0.0106704, -48.8937, 2.40275E-006, 39.7588
725, 12.08333, 0.0106933, -48.8414, 2.40959E-006, 39.812
726, 12.09167, 0.0107162, -48.7894, 2.41645E-006, 39.8649
726, 12.10000, 0.0107391, -48.7377, 2.42331E-006, 39.9174
727, 12.10833, 0.010762, -48.6863, 2.43018E-006, 39.9697
727, 12.11667, 0.0107849, -48.6352, 2.43706E-006, 40.0217
728, 12.12500, 0.0108078, -48.5844, 2.44395E-006, 40.0734
728, 12.13333, 0.0108308, -48.5339, 2.45085E-006, 40.1248
729, 12.14167, 0.0108537, -48.4836, 2.45776E-006, 40.1759
729, 12.15000, 0.0108767, -48.4336, 2.46468E-006, 40.2268
730, 12.15833, 0.0108996, -48.3839, 2.47161E-006, 40.2774
730, 12.16667, 0.0109226, -48.3345, 2.47855E-006, 40.3277
731, 12.17500, 0.0109456, -48.2853, 2.4855E-006, 40.3777
731, 12.18333, 0.0109686, -48.2364, 2.49246E-006, 40.4274
732, 12.19167, 0.0109916, -48.1878, 2.49943E-006, 40.4769
732, 12.20000, 0.0110147, -48.1395, 2.5064E-006, 40.5261
733, 12.20833, 0.0110377, -48.0914, 2.51339E-006, 40.5751
733, 12.21667, 0.0110607, -48.0436, 2.52039E-006, 40.6238
734, 12.22500, 0.0110838, -47.996, 2.52739E-006, 40.6722
734, 12.23333, 0.0111069, -47.9487, 2.53441E-006, 40.7203
735, 12.24167, 0.0111299, -47.9017, 2.54144E-006, 40.7682
735, 12.25000, 0.011153, -47.8549, 2.54847E-006, 40.8158
736, 12.25833, 0.0111761, -47.8084, 2.55551E-006, 40.8632
736, 12.26667, 0.0111992, -47.7621, 2.56257E-006, 40.9103
737, 12.27500, 0.0112223, -47.7161, 2.56963E-006, 40.9572
737, 12.28333, 0.0112454, -47.6704, 2.5767E-006, 41.0038
738, 12.29167, 0.0112686, -47.6248, 2.58379E-006, 41.0502
738, 12.30000, 0.0112917, -47.5796, 2.59088E-006, 41.0963
739, 12.30833, 0.0113149, -47.5345, 2.59798E-006, 41.1422
739, 12.31667, 0.011338, -47.4898, 2.60509E-006, 41.1878
740, 12.32500, 0.0113612, -47.4452, 2.61221E-006, 41.2332
740, 12.33333, 0.0113844, -47.4009, 2.61934E-006, 41.2783
741, 12.34167, 0.0114076, -47.3568, 2.62648E-006, 41.3232
741, 12.35000, 0.0114308, -47.313, 2.63363E-006, 41.3679
742, 12.35833, 0.011454, -47.2694, 2.64079E-006, 41.4123
742, 12.36667, 0.0114772, -47.2261, 2.64796E-006, 41.4565
743, 12.37500, 0.0115004, -47.183, 2.65514E-006, 41.5005
743, 12.38333, 0.0115236, -47.1401, 2.66232E-006, 41.5442
744, 12.39167, 0.0115469, -47.0974, 2.66952E-006, 41.5877
744, 12.40000, 0.0115701, -47.055, 2.67673E-006, 41.631
745, 12.40833, 0.0115934, -47.0128, 2.68394E-006, 41.674
745, 12.41667, 0.0116167, -46.9708, 2.69117E-006, 41.7168
746, 12.42500, 0.0116399, -46.929, 2.6984E-006, 41.7594
746, 12.43333, 0.0116632, -46.8875, 2.70565E-006, 41.8018
747, 12.44167, 0.0116865, -46.8461, 2.7129E-006, 41.8439
747, 12.45000, 0.0117098, -46.805, 2.72017E-006, 41.8859
748, 12.45833, 0.0117332, -46.7642, 2.72744E-006, 41.9276
748, 12.46667, 0.0117565, -46.7235, 2.73472E-006, 41.9691
749, 12.47500, 0.0117798, -46.683, 2.74201E-006, 42.0103
749, 12.48333, 0.0118032, -46.6428, 2.74931E-006, 42.0514
750, 12.49167, 0.0118265, -46.6028, 2.75663E-006, 42.0922
750, 12.50000, 0.0118499, -46.5629, 2.76395E-006, 42.1329
751, 12.50833, 0.0118732, -46.5233, 2.77128E-006, 42.1733
751, 12.51667, 0.0118966, -46.4839, 2.77861E-006, 42.2135
752, 12.52500, 0.01192, -46.4447, 2.78596E-006, 42.2535
752, 12.53333, 0.0119434, -46.4057, 2.79332E-006, 42.2933
753, 12.54167, 0.0119668, -46.367, 2.80069E-006, 42.3329
753, 12.55000, 0.0119902, -46.3284, 2.80807E-006, 42.3723
754, 12.55833, 0.0120137, -46.29, 2.81545E-006, 42.4115
754, 12.56667, 0.0120371, -46.2518, 2.82285E-006, 42.4505
755, 12.57500, 0.0120605, -46.2138, 2.83026E-006, 42.4893
755, 12.58333, 0.012084, -46.176, 2.83767E-006, 42.5279
756, 12.59167, 0.0121074, -46.1384, 2.8451E-006, 42.5663
756, 12.60000, 0.0121309, -46.101, 2.85253E-006, 42.6045
757, 12.60833, 0.0121544, -46.0638, 2.85997E-006, 42.6425
757, 12.61667, 0.0121779, -46.0268, 2.86743E-006, 42.6803
758, 12.62500, 0.0122014, -45.99, 2.87489E-006, 42.7179
758, 12.63333, 0.0122249, -45.9534, 2.88236E-006, 42.7553
759, 12.64167, 0.0122484, -45.9169, 2.88984E-006, 42.7926
759, 12.65000, 0.0122719, -45.8807, 2.89734E-006, 42.8296
760, 12.65833, 0.0122954, -45.8446, 2.90484E-006, 42.8665
760, 12.66667, 0.012319, -45.8087, 2.91235E-006, 42.9032
761, 12.67500, 0.0123425, -45.773, 2.91987E-006, 42.9396
761, 12.68333, 0.0123661, -45.7375, 2.9274E-006, 42.976
762, 12.69167, 0.0123896, -45.7021, 2.93493E-006, 43.0121
762, 12.70000, 0.0124132, -45.667, 2.94248E-006, 43.048
763, 12.70833, 0.0124368, -45.632, 2.95004E-006, 43.0838
763, 12.71667, 0.0124604, -45.5972, 2.95761E-006, 43.1194
764, 12.72500, 0.012484, -45.5626, 2.96518E-006, 43.1548
764, 12.73333, 0.0125076, -45.5281, 2.97277E-006, 43.19
765, 12.74167, 0.0125312, -45.4939, 2.98037E-006, 43.2251
765, 12.75000, 0.0125548, -45.4598, 2.98797E-006, 43.2599
766, 12.75833, 0.0125784, -45.4258, 2.99559E-006, 43.2946
766, 12.76667, 0.0126021, -45.3921, 3.00321E-006, 43.3292
767, 12.77500, 0.0126257, -45.3585, 3.01085E-006, 43.3635
767, 12.78333, 0.0126494, -45.3251, 3.01849E-006, 43.3977
768, 12.79167, 0.012673, -45.2918, 3.02614E-006, 43.4317
768, 12.80000, 0.0126967, -45.2587, 3.03381E-006, 43.4656
769, 12.80833, 0.0127204, -45.2258, 3.04148E-006, 43.4993
769, 12.81667, 0.0127441, -45.1931, 3.04916E-006, 43.5328
770, 12.82500, 0.0127678, -45.1605, 3.05685E-006, 43.5661
770, 12.83333, 0.0127915, -45.1281, 3.06455E-006, 43.5993
771, 12.84167, 0.0128152, -45.0958, 3.07226E-006, 43.6324
771, 12.85000, 0.0128389, -45.0637, 3.07998E-006, 43.6652
772, 12.85833, 0.0128627, -45.0318, 3.08771E-006, 43.6979
772, 12.86667, 0.0128864, -45, 3.09545E-006, 43.7305
773, 12.87500, 0.0129102, -44.9684, 3.1032E-006, 43.7628
773, 12.88333, 0.0129339, -44.9369, 3.11096E-006, 43.7951
774, 12.89167, 0.0129577, -44.9056, 3.11873E-006, 43.8271
774, 12.90000, 0.0129815, -44.8745, 3.12651E-006, 43.859
775, 12.90833, 0.0130052, -44.8435, 3.13429E-006, 43.8908
775, 12.91667, 0.013029, -44.8126, 3.14209E-006, 43.9224
776, 12.92500, 0.0130528, -44.7819, 3.1499E-006, 43.9538
776, 12.93333, 0.0130766, -44.7514, 3.15771E-006, 43.9851
777, 12.94167, 0.0131005, -44.721, 3.16554E-006, 44.0163
777, 12.95000, 0.0131243, -44.6908, 3.17337E-006, 44.0472
778, 12.95833, 0.0131481, -44.6607, 3.18122E-006, 44.0781
778, 12.96667, 0.013172, -44.6307, 3.18907E-006, 44.1088
779, 12.97500, 0.0131958, -44.6009, 3.19694E-006, 44.1393
779, 12.98333, 0.0132197, -44.5713, 3.20481E-006, 44.1697
780, 12.99167, 81.5051, 18.1167, 0.0249023, 81.3041
780, 13.00000, 80.7991, 17.5328, 0.02466, 80.3721
781, 13.00833, 80.0839, 16.9518, 0.0244152, 79.4355
781, 13.01667, 0.0133152, -44.4541, 3.2364E-006, 44.2898
782, 13.02500, 0.0133391, -44.4252, 3.24432E-006, 44.3195
782, 13.03333, 0.013363, -44.3964, 3.25226E-006, 44.349
783, 13.04167, 0.0133869, -44.3677, 3.2602E-006, 44.3784
783, 13.05000, 0.0134109, -44.3392, 3.26815E-006, 44.4077
784, 13.05833, 0.0134348, -44.3109, 3.27611E-006, 44.4368
784, 13.06667, 0.0134588, -44.2826, 3.28408E-006, 44.4657
785, 13.07500, 0.0134827, -44.2545, 3.29206E-006, 44.4946
785, 13.08333, 0.0135067, -44.2266, 3.30005E-006, 44.5233
786, 13.09167, 0.0135306, -44.1987, 3.30805E-006, 44.5518
786, 13.10000, 0.0135546, -44.1711, 3.31606E-006, 44.5802
787, 13.10833, 0.0135786, -44.1435, 3.32408E-006, 44.6085
787, 13.11667, 0.0136026, -44.1161, 3.33211E-006, 44.6367
788, 13.12500, 0.0136266, -44.0888, 3.34014E-006, 44.6647
788, 13.13333, 0.0136506, -44.0616, 3.34819E-006, 44.6926
789, 13.14167, 0.0136746, -44.0346, 3.35625E-006, 44.7203
789, 13.15000, 0.0136987, -44.0077, 3.36432E-006, 44.7479
790, 13.15833, 0.0137227, -43.9809, 3.3724E-006, 44.7754
790, 13.16667, 0.0137468, -43.9543, 3.38048E-006, 44.8028
791, 13.17500, 0.0137708, -43.9278, 3.38858E-006, 44.83
791, 13.18333, 0.0137949, -43.9014, 3.39669E-006, 44.8571
792, 13.19167, 0.013819, -43.8751, 3.4048E-006, 44.8841
792, 13.20000, 0.013843, -43.849, 3.41293E-006, 44.911
793, 13.20833, 0.0138671, -43.823, 3.42107E-006, 44.9377
793, 13.21667, 0.0138912, -43.7971, 3.42921E-006, 44.9643
794, 13.22500, 0.0139153, -43.7713, 3.43737E-006, 44.9908
794, 13.23333, 0.0139395, -43.7457, 3.44553E-006, 45.0171
795, 13.24167, 0.0139636, -43.7202, 3.45371E-006, 45.0433
795, 13.25000, 0.0139877, -43.6948, 3.46189E-006, 45.0694
796, 13.25833, 0.0140119, -43.6695, 3.47009E-006, 45.0954
796, 13.26667, 0.014036, -43.6443, 3.47829E-006, 45.1213
797, 13.27500, 0.0140602, -43.6193, 3.48651E-006, 45.147
797, 13.28333, 0.0140844, -43.5944, 3.49473E-006, 45.1727
798, 13.29167, 0.0141085, -43.5696, 3.50297E-006, 45.1982
798, 13.30000, 0.0141327, -43.5449, 3.51121E-006, 45.2236
799, 13.30833, 0.0141569, -43.5203, 3.51947E-006, 45.2488
799, 13.31667, 0.0141811, -43.4959, 3.52773E-006, 45.274
800, 13.32500, 0.0142053, -43.4715, 3.536E-006, 45.299
800, 13.33333, 0.0142296, -43.4473, 3.54429E-006, 45.3239
801, 13.34167, 0.0142538, -43.4232, 3.55258E-006, 45.3487
801, 13.35000, 0.014278, -43.3992, 3.56089E-006, 45.3734
802, 13.35833, 0.0143023, -43.3753, 3.5692E-006, 45.398
802, 13.36667, 0.0143265, -43.3516, 3.57752E-006, 45.4225
803, 13.37500, 0.0143508, -43.3279, 3.58586E-006, 45.4468
803, 13.38333, 0.0143751, -43.3044, 3.5942E-006, 45.4711
804, 13.39167, 0.0143994, -43.2809, 3.60255E-006, 45.4952
804, 13.40000, 0.0144237, -43.2576, 3.61092E-006, 45.5192
805, 13.40833, 0.014448, -43.2344, 3.61929E-006, 45.5431
805, 13.41667, 0.0144723, -43.2113, 3.62767E-006, 45.5669
806, 13.42500, 0.0144966, -43.1883, 3.63607E-006, 45.5906
806, 13.43333, 0.0145209, -43.1654, 3.64447E-006, 45.6142
807, 13.44167, 0.0145453, -43.1426, 3.65288E-006, 45.6377
807, 13.45000, 0.0145696, -43.1199, 3.66131E-006, 45.661
807, 13.45833, 0.014594, -43.0973, 3.66974E-006, 45.6843
808, 13.46667, 0.0146183, -43.0748, 3.67818E-006, 45.7074
809, 13.47500, 0.0146427, -43.0525, 3.68664E-006, 45.7305
809, 13.48333, 0.0146671, -43.0302, 3.6951E-006, 45.7534
810, 13.49167, 0.0146915, -43.008, 3.70357E-006, 45.7763
810, 13.50000, 0.0147159, -42.986, 3.71206E-006, 45.799
811, 13.50833, 0.0147403, -42.964, 3.72055E-006, 45.8217
811, 13.51667, 0.0147647, -42.9422, 3.72905E-006, 45.8442
812, 13.52500, 0.0147892, -42.9204, 3.73757E-006, 45.8666
812, 13.53333, 0.0148136, -42.8988, 3.74609E-006, 45.8889
813, 13.54167, 0.014838, -42.8772, 3.75462E-006, 45.9112
813, 13.55000, 0.0148625, -42.8558, 3.76317E-006, 45.9333
814, 13.55833, 0.014887, -42.8344, 3.77172E-006, 45.9553
814, 13.56667, 0.0149114, -42.8131, 3.78029E-006, 45.9773
815, 13.57500, 0.0149359, -42.792, 3.78886E-006, 45.9991
815, 13.58333, 0.0149604, -42.7709, 3.79745E-006, 46.0208
816, 13.59167, 0.0149849, -42.7499, 3.80604E-006, 46.0425
816, 13.60000, 0.0150094, -42.7291, 3.81465E-006, 46.064
816, 13.60833, 0.015034, -42.7083, 3.82326E-006, 46.0854
817, 13.61667, 0.0150585, -42.6876, 3.83189E-006, 46.1068
818, 13.62500, 0.015083, -42.667, 3.84052E-006, 46.128
818, 13.63333, 0.0151076, -42.6465, 3.84917E-006, 46.1492
819, 13.64167, 0.0151321, -42.6261, 3.85782E-006, 46.1702
819, 13.65000, 0.0151567, -42.6058, 3.86649E-006, 46.1912
820, 13.65833, 0.0151813, -42.5856, 3.87516E-006, 46.2121
820, 13.66667, 0.0152059, -42.5655, 3.88385E-006, 46.2329
821, 13.67500, 0.0152305, -42.5455, 3.89255E-006, 46.2535
821, 13.68333, 0.0152551, -42.5255, 3.90125E-006, 46.2741
822, 13.69167, 0.0152797, -42.5057, 3.90997E-006, 46.2946
822, 13.70000, 0.0153043, -42.4859, 3.9187E-006, 46.315
823, 13.70833, 0.0153289, -42.4663, 3.92744E-006, 46.3354
823, 13.71667, 0.0153536, -42.4467, 3.93619E-006, 46.3556
824, 13.72500, 0.0153782, -42.4272, 3.94494E-006, 46.3757
824, 13.73333, 0.0154029, -42.4078, 3.95371E-006, 46.3958
824, 13.74167, 0.0154276, -42.3885, 3.96249E-006, 46.4158
825, 13.75000, 0.0154523, -42.3693, 3.97128E-006, 46.4356
826, 13.75833, 0.015477, -42.3501, 3.98008E-006, 46.4554
826, 13.76667, 0.0155017, -42.3311, 3.98889E-006, 46.4751
827, 13.77500, 0.0155264, -42.3121, 3.99771E-006, 46.4947
827, 13.78333, 0.0155511, -42.2932, 4.00654E-006, 46.5143
828, 13.79167, 0.0155758, -42.2744, 4.01538E-006, 46.5337
828, 13.80000, 0.0156006, -42.2557, 4.02423E-006, 46.5531
829, 13.80833, 0.0156253, -42.2371, 4.0331E-006, 46.5723
829, 13.81667, 0.0156501, -42.2185, 4.04197E-006, 46.5915
830, 13.82500, 0.0156748, -42.2001, 4.05085E-006, 46.6106
830, 13.83333, 0.0156996, -42.1817, 4.05974E-006, 46.6296
831, 13.84167, 0.0157244, -42.1634, 4.06865E-006, 46.6486
831, 13.85000, 0.0157492, -42.1452, 4.07756E-006, 46.6674
832, 13.85833, 0.015774, -42.1271, 4.08649E-006, 46.6862
832, 13.86667, 0.0157988, -42.109, 4.09542E-006, 46.7049
832, 13.87500, 0.0158237, -42.091, 4.10437E-006, 46.7235
833, 13.88333, 0.0158485, -42.0732, 4.11332E-006, 46.742
834, 13.89167, 0.0158734, -42.0553, 4.12229E-006, 46.7604
834, 13.90000, 0.0158982, -42.0376, 4.13127E-006, 46.7788
835, 13.90833, 0.0159231, -42.02, 4.14025E-006, 46.7971
835, 13.91667, 0.015948, -42.0024, 4.14925E-006, 46.8153
836, 13.92500, 0.0159729, -41.9849, 4.15826E-006, 46.8334
836, 13.93333, 0.0159978, -41.9675, 4.16728E-006, 46.8514
837, 13.94167, 0.0160227, -41.9501, 4.17631E-006, 46.8694
837, 13.95000, 0.0160476, -41.9329, 4.18535E-006, 46.8873
838, 13.95833, 0.0160725, -41.9157, 4.1944E-006, 46.9051
838, 13.96667, 0.0160975, -41.8986, 4.20346E-006, 46.9228
839, 13.97500, 0.0161224, -41.8816, 4.21253E-006, 46.9405
839, 13.98333, 0.0161474, -41.8646, 4.22162E-006, 46.958
840, 13.99167, 0.0161723, -41.8477, 4.23071E-006, 46.9756
840, 14.00000, 0.0161973, -41.8309, 4.23981E-006, 46.993
841, 14.00833, 0.0162223, -41.8142, 4.24893E-006, 47.0103
841, 14.01667, 0.0162473, -41.7976, 4.25805E-006, 47.0276
841, 14.02500, 0.0162723, -41.781, 4.26719E-006, 47.0448
842, 14.03333, 0.0162973, -41.7645, 4.27634E-006, 47.0619
843, 14.04167, 0.0163224, -41.748, 4.28549E-006, 47.079
843, 14.05000, 0.0163474, -41.7317, 4.29466E-006, 47.096
844, 14.05833, 0.0163725, -41.7154, 4.30384E-006, 47.1129
844, 14.06667, 0.0163975, -41.6992, 4.31303E-006, 47.1297
845, 14.07500, 0.0164226, -41.683, 4.32223E-006, 47.1465
845, 14.08333, 0.0164477, -41.6669, 4.33144E-006, 47.1631
846, 14.09167, 0.0164728, -41.6509, 4.34066E-006, 47.1798
846, 14.10000, 0.0164979, -41.635, 4.3499E-006, 47.1963
847, 14.10833, 0.016523, -41.6191, 4.35914E-006, 47.2128
847, 14.11667, 0.0165481, -41.6033, 4.36839E-006, 47.2292
848, 14.12500, 0.0165733, -41.5876, 4.37766E-006, 47.2455
848, 14.13333, 0.0165984, -41.572, 4.38693E-006, 47.2618
849, 14.14167, 0.0166236, -41.5564, 4.39622E-006, 47.278
849, 14.15000, 0.0166488, -41.5409, 4.40552E-006, 47.2941
849, 14.15833, 0.0166739, -41.5254, 4.41483E-006, 47.3101
850, 14.16667, 0.0166991, -41.51, 4.42414E-006, 47.3261
851, 14.17500, 0.0167243, -41.4947, 4.43347E-006, 47.342
851, 14.18333, 0.0167495, -41.4795, 4.44281E-006, 47.3579
852, 14.19167, 0.0167748, -41.4643, 4.45217E-006, 47.3737
852, 14.20000, 0.0168, -41.4492, 4.46153E-006, 47.3894
853, 14.20833, 0.0168252, -41.4341, 4.4709E-006, 47.405
853, 14.21667, 0.0168505, -41.4192, 4.48029E-006, 47.4206
854, 14.22500, 0.0168758, -41.4042, 4.48968E-006, 47.4361
854, 14.23333, 0.016901, -41.3894, 4.49909E-006, 47.4515
855, 14.24167, 0.0169263, -41.3746, 4.50851E-006, 47.4669
855, 14.25000, 0.0169516, -41.3599, 4.51793E-006, 47.4822
856, 14.25833, 0.0169769, -41.3452, 4.52737E-006, 47.4975
856, 14.26667, 0.0170022, -41.3306, 4.53683E-006, 47.5127
857, 14.27500, 0.0170276, -41.3161, 4.54629E-006, 47.5278
857, 14.28333, 0.0170529, -41.3016, 4.55576E-006, 47.5428
857, 14.29167, 0.0170783, -41.2872, 4.56524E-006, 47.5578
858, 14.30000, 0.0171036, -41.2729, 4.57474E-006, 47.5728
859, 14.30833, 0.017129, -41.2586, 4.58424E-006, 47.5876
859, 14.31667, 0.0171544, -41.2444, 4.59376E-006, 47.6024
860, 14.32500, 0.0171798, -41.2303, 4.60329E-006, 47.6172
860, 14.33333, 0.0172052, -41.2162, 4.61282E-006, 47.6318
861, 14.34167, 0.0172306, -41.2022, 4.62238E-006, 47.6465
861, 14.35000, 0.0172561, -41.1882, 4.63194E-006, 47.661
862, 14.35833, 0.0172815, -41.1743, 4.64151E-006, 47.6755
862, 14.36667, 0.017307, -41.1604, 4.65109E-006, 47.6899
863, 14.37500, 0.0173324, -41.1467, 4.66069E-006, 47.7043
863, 14.38333, 0.0173579, -41.1329, 4.67029E-006, 47.7186
864, 14.39167, 0.0173834, -41.1193, 4.67991E-006, 47.7328
864, 14.40000, 0.0174089, -41.1057, 4.68954E-006, 47.747
865, 14.40833, 0.0174344, -41.0921, 4.69918E-006, 47.7612
865, 14.41667, 0.0174599, -41.0786, 4.70883E-006, 47.7752
866, 14.42500, 0.0174855, -41.0652, 4.71849E-006, 47.7892
866, 14.43333, 0.017511, -41.0518, 4.72816E-006, 47.8032
866, 14.44167, 0.0175366, -41.0385, 4.73785E-006, 47.8171
867, 14.45000, 0.0175621, -41.0253, 4.74754E-006, 47.8309
868, 14.45833, 0.0175877, -41.0121, 4.75725E-006, 47.8447
868, 14.46667, 0.0176133, -40.9989, 4.76697E-006, 47.8584
869, 14.47500, 0.0176389, -40.9858, 4.7767E-006, 47.872
869, 14.48333, 0.0176645, -40.9728, 4.78644E-006, 47.8856
870, 14.49167, 0.0176902, -40.9598, 4.79619E-006, 47.8992
870, 14.50000, 0.0177158, -40.9469, 4.80595E-006, 47.9126
871, 14.50833, 0.0177414, -40.9341, 4.81573E-006, 47.9261
871, 14.51667, 0.0177671, -40.9213, 4.82551E-006, 47.9394
872, 14.52500, 0.0177928, -40.9085, 4.83531E-006, 47.9528
872, 14.53333, 0.0178185, -40.8958, 4.84512E-006, 47.966
873, 14.54167, 0.0178442, -40.8832, 4.85494E-006, 47.9792
873, 14.55000, 0.0178699, -40.8706, 4.86477E-006, 47.9924
874, 14.55833, 0.0178956, -40.8581, 4.87462E-006, 48.0055
874, 14.56667, 0.0179213, -40.8456, 4.88447E-006, 48.0185
874, 14.57500, 0.0179471, -40.8332, 4.89434E-006, 48.0315
875, 14.58333, 0.0179728, -40.8208, 4.90422E-006, 48.0444
876, 14.59167, 0.0179986, -40.8085, 4.91411E-006, 48.0573
876, 14.60000, 0.0180244, -40.7963, 4.92401E-006, 48.0701
877, 14.60833, 0.0180502, -40.7841, 4.93392E-006, 48.0829
877, 14.61667, 0.018076, -40.7719, 4.94384E-006, 48.0956
878, 14.62500, 0.0181018, -40.7598, 4.95378E-006, 48.1082
878, 14.63333, 0.0181276, -40.7478, 4.96372E-006, 48.1208
879, 14.64167, 0.0181535, -40.7358, 4.97368E-006, 48.1334
879, 14.65000, 0.0181793, -40.7238, 4.98365E-006, 48.1459
880, 14.65833, 0.0182052, -40.7119, 4.99363E-006, 48.1583
880, 14.66667, 0.0182311, -40.7001, 5.00363E-006, 48.1707
881, 14.67500, 0.018257, -40.6883, 5.01363E-006, 48.1831
881, 14.68333, 0.0182829, -40.6766, 5.02365E-006, 48.1954
882, 14.69167, 0.0183088, -40.6649, 5.03368E-006, 48.2076
882, 14.70000, 0.0183347, -40.6532, 5.04372E-006, 48.2198
882, 14.70833, 0.0183606, -40.6417, 5.05377E-006, 48.2319
883, 14.71667, 0.0183866, -40.6301, 5.06383E-006, 48.244
884, 14.72500, 0.0184126, -40.6186, 5.07391E-006, 48.256
884, 14.73333, 0.0184385, -40.6072, 5.084E-006, 48.268
885, 14.74167, 0.0184645, -40.5958, 5.09409E-006, 48.28
885, 14.75000, 0.0184905, -40.5845, 5.1042E-006, 48.2918
886, 14.75833, 0.0185165, -40.5732, 5.11433E-006, 48.3037
886, 14.76667, 0.0185426, -40.5619, 5.12446E-006, 48.3155
887, 14.77500, 0.0185686, -40.5507, 5.13461E-006, 48.3272
887, 14.78333, 0.0185947, -40.5396, 5.14476E-006, 48.3389
888, 14.79167, 0.0186207, -40.5285, 5.15493E-006, 48.3505
888, 14.80000, 0.0186468, -40.5175, 5.16511E-006, 48.3621
889, 14.80833, 0.0186729, -40.5065, 5.17531E-006, 48.3737
889, 14.81667, 0.018699, -40.4955, 5.18551E-006, 48.3852
890, 14.82500, 0.0187251, -40.4846, 5.19573E-006, 48.3966
890, 14.83333, 0.0187512, -40.4737, 5.20596E-006, 48.408
891, 14.84167, 0.0187774, -40.4629, 5.2162E-006, 48.4193
891, 14.85000, 0.0188035, -40.4522, 5.22645E-006, 48.4306
891, 14.85833, 0.0188297, -40.4414, 5.23671E-006, 48.4419
892, 14.86667, 0.0188559, -40.4308, 5.24699E-006, 48.4531
893, 14.87500, 0.0188821, -40.4201, 5.25728E-006, 48.4643
893, 14.88333, 0.0189083, -40.4096, 5.26758E-006, 48.4754
894, 14.89167, 0.0189345, -40.399, 5.27789E-006, 48.4865
894, 14.90000, 0.0189607, -40.3885, 5.28822E-006, 48.4975
895, 14.90833, 0.018987, -40.3781, 5.29855E-006, 48.5084
895, 14.91667, 0.0190132, -40.3677, 5.3089E-006, 48.5194
896, 14.92500, 0.0190395, -40.3573, 5.31926E-006, 48.5303
896, 14.93333, 0.0190658, -40.347, 5.32964E-006, 48.5411
897, 14.94167, 0.0190921, -40.3368, 5.34002E-006, 48.5519
897, 14.95000, 0.0191184, -40.3266, 5.35042E-006, 48.5626
898, 14.95833, 0.0191447, -40.3164, 5.36083E-006, 48.5733
898, 14.96667, 0.0191711, -40.3062, 5.37125E-006, 48.584
899, 14.97500, 0.0191974, -40.2962, 5.38168E-006, 48.5946
899, 14.98333, 0.0192238, -40.2861, 5.39212E-006, 48.6052
899, 14.99167, 0.0192502, -40.2761, 5.40258E-006, 48.6157
900, 15.00000, 0.0192765, -40.2662, 5.41305E-006, 48.6262
901, 15.00833, 0.019303, -40.2562, 5.42353E-006, 48.6366
901, 15.01667, 0.0193294, -40.2464, 5.43403E-006, 48.647
902, 15.02500, 0.0193558, -40.2365, 5.44453E-006, 48.6574
902, 15.03333, 0.0193822, -40.2268, 5.45505E-006, 48.6677
903, 15.04167, 0.0194087, -40.217, 5.46558E-006, 48.678
903, 15.05000, 0.0194352, -40.2073, 5.47613E-006, 48.6882
904, 15.05833, 0.0194617, -40.1976, 5.48668E-006, 48.6984
904, 15.06667, 0.0194882, -40.188, 5.49725E-006, 48.7085
905, 15.07500, 0.0195147, -40.1785, 5.50783E-006, 48.7186
905, 15.08333, 0.0195412, -40.1689, 5.51842E-006, 48.7286
906, 15.09167, 0.0195677, -40.1594, 5.52903E-006, 48.7386
906, 15.10000, 0.0195943, -40.15, 5.53964E-006, 48.7486
907, 15.10833, 0.0196209, -40.1406, 5.55027E-006, 48.7585
907, 15.11667, 0.0196474, -40.1312, 5.56092E-006, 48.7684
907, 15.12500, 0.019674, -40.1219, 5.57157E-006, 48.7783
908, 15.13333, 0.0197006, -40.1126, 5.58224E-006, 48.7881
909, 15.14167, 0.0197273, -40.1033, 5.59292E-006, 48.7978
909, 15.15000, 0.0197539, -40.0941, 5.60361E-006, 48.8076
910, 15.15833, 0.0197806, -40.0849, 5.61431E-006, 48.8172
910, 15.16667, 0.0198072, -40.0758, 5.62503E-006, 48.8269
911, 15.17500, 0.0198339, -40.0667, 5.63576E-006, 48.8365
911, 15.18333, 0.0198606, -40.0577, 5.6465E-006, 48.846
912, 15.19167, 0.0198873, -40.0487, 5.65725E-006, 48.8555
912, 15.20000, 0.019914, -40.0397, 5.66802E-006, 48.865
913, 15.20833, 0.0199407, -40.0308, 5.6788E-006, 48.8745
913, 15.21667, 0.0199675, -40.0219, 5.68959E-006, 48.8839
914, 15.22500, 0.0199943, -40.013, 5.7004E-006, 48.8932
914, 15.23333, 0.020021, -40.0042, 5.71121E-006, 48.9025
915, 15.24167, 0.0200478, -39.9954, 5.72204E-006, 48.9118
915, 15.25000, 0.0200746, -39.9867, 5.73289E-006, 48.9211
916, 15.25833, 0.0201015, -39.978, 5.74374E-006, 48.9303
916, 15.26667, 0.0201283, -39.9693, 5.75461E-006, 48.9394
916, 15.27500, 0.0201551, -39.9607, 5.76549E-006, 48.9486
917, 15.28333, 0.020182, -39.9521, 5.77638E-006, 48.9576
918, 15.29167, 0.0202089, -39.9436, 5.78729E-006, 48.9667
918, 15.30000, 0.0202358, -39.935, 5.79821E-006, 48.9757
919, 15.30833, 0.0202627, -39.9266, 5.80914E-006, 48.9847
919, 15.31667, 0.0202896, -39.9181, 5.82008E-006, 48.9936
920, 15.32500, 0.0203165, -39.9097, 5.83104E-006, 49.0025
920, 15.33333, 0.0203435, -39.9014, 5.84201E-006, 49.0114
921, 15.34167, 0.0203704, -39.893, 5.85299E-006, 49.0202
921, 15.35000, 0.0203974, -39.8847, 5.86399E-006, 49.029
922, 15.35833, 0.0204244, -39.8765, 5.87499E-006, 49.0377
922, 15.36667, 0.0204514, -39.8683, 5.88602E-006, 49.0465
923, 15.37500, 0.0204785, -39.8601, 5.89705E-006, 49.0551
923, 15.38333, 0.0205055, -39.8519, 5.9081E-006, 49.0638
924, 15.39167, 0.0205325, -39.8438, 5.91916E-006, 49.0724
924, 15.40000, 0.0205596, -39.8357, 5.93023E-006, 49.0809
924, 15.40833, 0.0205867, -39.8277, 5.94131E-006, 49.0895
925, 15.41667, 0.0206138, -39.8197, 5.95241E-006, 49.098
926, 15.42500, 0.0206409, -39.8117, 5.96352E-006, 49.1064
926, 15.43333, 0.020668, -39.8038, 5.97465E-006, 49.1148
927, 15.44167, 0.0206952, -39.7959, 5.98579E-006, 49.1232
927, 15.45000, 0.0207223, -39.788, 5.99694E-006, 49.1316
928, 15.45833, 0.0207495, -39.7802, 6.0081E-006, 49.1399
928, 15.46667, 0.0207767, -39.7724, 6.01928E-006, 49.1482
929, 15.47500, 0.0208039, -39.7646, 6.03047E-006, 49.1564
929, 15.48333, 0.0208311, -39.7569, 6.04167E-006, 49.1646
930, 15.49167, 0.0208583, -39.7492, 6.05289E-006, 49.1728
930, 15.50000, 0.0208856, -39.7416, 6.06412E-006, 49.181
931, 15.50833, 0.0209129, -39.7339, 6.07536E-006, 49.1891
931, 15.51667, 0.0209401, -39.7263, 6.08662E-006, 49.1971
932, 15.52500, 0.0209674, -39.7188, 6.09788E-006, 49.2052
932, 15.53333, 0.0209947, -39.7113, 6.10917E-006, 49.2132
932, 15.54167, 0.0210221, -39.7038, 6.12046E-006, 49.2212
933, 15.55000, 0.0210494, -39.6963, 6.13177E-006, 49.2291
934, 15.55833, 0.0210768, -39.6889, 6.14309E-006, 49.237
934, 15.56667, 0.0211041, -39.6815, 6.15443E-006, 49.2449
935, 15.57500, 0.0211315, -39.6741, 6.16577E-006, 49.2527
935, 15.58333, 0.0211589, -39.6668, 6.17713E-006, 49.2605
936, 15.59167, 0.0211863, -39.6595, 6.18851E-006, 49.2683
936, 15.60000, 0.0212138, -39.6523, 6.1999E-006, 49.276
937, 15.60833, 0.0212412, -39.645, 6.2113E-006, 49.2837
937, 15.61667, 0.0212687, -39.6378, 6.22272E-006, 49.2914
938, 15.62500, 0.0212961, -39.6307, 6.23414E-006, 49.299
938, 15.63333, 0.0213236, -39.6236, 6.24558E-006, 49.3066
939, 15.64167, 0.0213512, -39.6165, 6.25704E-006, 49.3142
939, 15.65000, 0.0213787, -39.6094, 6.26851E-006, 49.3217
940, 15.65833, 0.0214062, -39.6023, 6.27999E-006, 49.3292
940, 15.66667, 0.0214338, -39.5953, 6.29149E-006, 49.3367
941, 15.67500, 0.0214614, -39.5884, 6.30299E-006, 49.3442
941, 15.68333, 0.0214889, -39.5814, 6.31452E-006, 49.3516
941, 15.69167, 0.0215166, -39.5745, 6.32605E-006, 49.3589
942, 15.70000, 0.0215442, -39.5676, 6.3376E-006, 49.3663
943, 15.70833, 0.0215718, -39.5608, 6.34917E-006, 49.3736
943, 15.71667, 0.0215995, -39.554, 6.36074E-006, 49.3809
944, 15.72500, 0.0216271, -39.5472, 6.37233E-006, 49.3881
944, 15.73333, 0.0216548, -39.5404, 6.38394E-006, 49.3954
945, 15.74167, 0.0216825, -39.5337, 6.39555E-006, 49.4025
945, 15.75000, 0.0217102, -39.527, 6.40719E-006, 49.4097
946, 15.75833, 0.021738, -39.5203, 6.41883E-006, 49.4168
946, 15.76667, 0.0217657, -39.5137, 6.43049E-006, 49.4239
947, 15.77500, 0.0217935, -39.5071, 6.44216E-006, 49.431
947, 15.78333, 0.0218213, -39.5005, 6.45385E-006, 49.438
948, 15.79167, 0.0218491, -39.494, 6.46555E-006, 49.445
948, 15.80000, 0.0218769, -39.4875, 6.47726E-006, 49.452
949, 15.80833, 0.0219047, -39.481, 6.48899E-006, 49.459
949, 15.81667, 0.0219326, -39.4745, 6.50073E-006, 49.4659
949, 15.82500, 0.0219604, -39.4681, 6.51248E-006, 49.4728
950, 15.83333, 0.0219883, -39.4617, 6.52425E-006, 49.4796
951, 15.84167, 0.0220162, -39.4553, 6.53603E-006, 49.4864
951, 15.85000, 0.0220441, -39.449, 6.54783E-006, 49.4932
952, 15.85833, 0.0220721, -39.4427, 6.55964E-006, 49.5
952, 15.86667, 0.0221, -39.4364, 6.57147E-006, 49.5067
953, 15.87500, 0.022128, -39.4302, 6.5833E-006, 49.5134
953, 15.88333, 0.022156, -39.4239, 6.59515E-006, 49.5201
954, 15.89167, 0.022184, -39.4178, 6.60702E-006, 49.5268
954, 15.90000, 0.022212, -39.4116, 6.6189E-006, 49.5334
955, 15.90833, 0.02224, -39.4055, 6.63079E-006, 49.54
955, 15.91667, 0.0222681, -39.3993, 6.6427E-006, 49.5465
956, 15.92500, 0.0222961, -39.3933, 6.65462E-006, 49.5531
956, 15.93333, 0.0223242, -39.3872, 6.66656E-006, 49.5596
957, 15.94167, 0.0223523, -39.3812, 6.67851E-006, 49.566
957, 15.95000, 0.0223804, -39.3752, 6.69047E-006, 49.5725
957, 15.95833, 0.0224086, -39.3692, 6.70245E-006, 49.5789
958, 15.96667, 0.0224367, -39.3633, 6.71445E-006, 49.5853
959, 15.97500, 0.0224649, -39.3574, 6.72645E-006, 49.5916
959, 15.98333, 0.0224931, -39.3515, 6.73847E-006, 49.598
960, 15.99167, 0.0225213, -39.3456, 6.75051E-006, 49.6043
960, 16.00000, 0.0225495, -39.3398, 6.76256E-006, 49.6106
961, 16.00833, 0.0225777, -39.334, 6.77462E-006, 49.6168
961, 16.01667, 0.022606, -39.3282, 6.7867E-006, 49.623
962, 16.02500, 0.0226342, -39.3225, 6.79879E-006, 49.6292
962, 16.03333, 0.0226625, -39.3167, 6.81089E-006, 49.6354
963, 16.04167, 0.0226908, -39.3111, 6.82302E-006, 49.6415
963, 16.05000, 0.0227192, -39.3054, 6.83515E-006, 49.6476
964, 16.05833, 0.0227475, -39.2997, 6.8473E-006, 49.6537
964, 16.06667, 0.0227758, -39.2941, 6.85946E-006, 49.6598
965, 16.07500, 0.0228042, -39.2885, 6.87164E-006, 49.6658
965, 16.08333, 0.0228326, -39.283, 6.88383E-006, 49.6718
966, 16.09167, 0.022861, -39.2774, 6.89604E-006, 49.6778
966, 16.10000, 0.0228895, -39.2719, 6.90826E-006, 49.6837
966, 16.10833, 0.0229179, -39.2664, 6.92049E-006, 49.6897
967, 16.11667, 0.0229464, -39.261, 6.93274E-006, 49.6955
968, 16.12500, 0.0229748, -39.2556, 6.94501E-006, 49.7014
968, 16.13333, 0.0230033, -39.2502, 6.95729E-006, 49.7073
969, 16.14167, 0.0230319, -39.2448, 6.96958E-006, 49.7131
969, 16.15000, 0.0230604, -39.2394, 6.98189E-006, 49.7189
970, 16.15833, 0.0230889, -39.2341, 6.99421E-006, 49.7246
970, 16.16667, 0.0231175, -39.2288, 7.00655E-006, 49.7304
971, 16.17500, 0.0231461, -39.2235, 7.0189E-006, 49.7361
971, 16.18333, 0.0231747, -39.2183, 7.03126E-006, 49.7418
972, 16.19167, 0.0232033, -39.213, 7.04364E-006, 49.7474
972, 16.20000, 0.023232, -39.2078, 7.05604E-006, 49.753
973, 16.20833, 0.0232606, -39.2027, 7.06845E-006, 49.7586
973, 16.21667, 0.0232893, -39.1975, 7.08087E-006, 49.7642
974, 16.22500, 0.023318, -39.1924, 7.09331E-006, 49.7698
974, 16.23333, 0.0233467, -39.1873, 7.10577E-006, 49.7753
974, 16.24167, 0.0233754, -39.1822, 7.11824E-006, 49.7808
975, 16.25000, 0.0234042, -39.1772, 7.13072E-006, 49.7863
976, 16.25833, 0.0234329, -39.1721, 7.14322E-006, 49.7918
976, 16.26667, 0.0234617, -39.1671, 7.15573E-006, 49.7972
977, 16.27500, 0.0234905, -39.1622, 7.16826E-006, 49.8026
977, 16.28333, 0.0235194, -39.1572, 7.1808E-006, 49.808
978, 16.29167, 0.0235482, -39.1523, 7.19336E-006, 49.8133
978, 16.30000, 0.0235771, -39.1474, 7.20593E-006, 49.8187
979, 16.30833, 0.0236059, -39.1425, 7.21852E-006, 49.824
979, 16.31667, 0.0236348, -39.1376, 7.23112E-006, 49.8292
980, 16.32500, 0.0236637, -39.1328, 7.24374E-006, 49.8345
980, 16.33333, 0.0236927, -39.128, 7.25637E-006, 49.8397
981, 16.34167, 0.0237216, -39.1232, 7.26902E-006, 49.8449
981, 16.35000, 0.0237506, -39.1185, 7.28168E-006, 49.8501
982, 16.35833, 0.0237796, -39.1137, 7.29436E-006, 49.8553
982, 16.36667, 0.0238086, -39.109, 7.30705E-006, 49.8604
982, 16.37500, 0.0238376, -39.1043, 7.31976E-006, 49.8655
983, 16.38333, 0.0238667, -39.0996, 7.33248E-006, 49.8706
984, 16.39167, 0.0238957, -39.095, 7.34522E-006, 49.8757
984, 16.40000, 0.0239248, -39.0904, 7.35797E-006, 49.8807
985, 16.40833, 0.0239539, -39.0858, 7.37074E-006, 49.8857
985, 16.41667, 0.023983, -39.0812, 7.38353E-006, 49.8907
986, 16.42500, 0.0240122, -39.0767, 7.39632E-006, 49.8957
986, 16.43333, 0.0240413, -39.0721, 7.40914E-006, 49.9006
987, 16.44167, 0.0240705, -39.0676, 7.42197E-006, 49.9055
987, 16.45000, 0.0240997, -39.0632, 7.43481E-006, 49.9104
988, 16.45833, 0.0241289, -39.0587, 7.44767E-006, 49.9153
988, 16.46667, 0.0241582, -39.0543, 7.46055E-006, 49.9201
989, 16.47500, 0.0241874, -39.0499, 7.47343E-006, 49.925
989, 16.48333, 0.0242167, -39.0455, 7.48634E-006, 49.9298
990, 16.49167, 0.024246, -39.0411, 7.49926E-006, 49.9346
990, 16.50000, 0.0242753, -39.0368, 7.5122E-006, 49.9393
991, 16.50833, 0.0243046, -39.0324, 7.52515E-006, 49.944
991, 16.51667, 0.024334, -39.0281, 7.53812E-006, 49.9488
991, 16.52500, 0.0243633, -39.0239, 7.5511E-006, 49.9534
992, 16.53333, 0.0243927, -39.0196, 7.56409E-006, 49.9581
993, 16.54167, 0.0244221, -39.0154, 7.57711E-006, 49.9628
993, 16.55000, 0.0244516, -39.0112, 7.59014E-006, 49.9674
994, 16.55833, 0.024481, -39.007, 7.60318E-006, 49.972
994, 16.56667, 0.0245105, -39.0028, 7.61624E-006, 49.9765
995, 16.57500, 0.02454, -38.9987, 7.62932E-006, 49.9811
995, 16.58333, 0.0245695, -38.9945, 7.64241E-006, 49.9856
996, 16.59167, 0.024599, -38.9904, 7.65551E-006, 49.9901
996, 16.60000, 0.0246285, -38.9864, 7.66864E-006, 49.9946
997, 16.60833, 0.0246581, -38.9823, 7.68177E-006, 49.9991
997, 16.61667, 0.0246877, -38.9783, 7.69493E-006, 50.0035
998, 16.62500, 0.0247173, -38.9742, 7.7081E-006, 50.0079
998, 16.63333, 0.0247469, -38.9702, 7.72128E-006, 50.0123
999, 16.64167, 0.0247766, -38.9663, 7.73448E-006, 50.0167
999, 16.65000, 0.0248062, -38.9623, 7.7477E-006, 50.0211
999, 16.65833, 0.0248359, -38.9584, 7.76093E-006, 50.0254
1000, 16.66667, 0.0248656, -38.9545, 7.77418E-006, 50.0297
1001, 16.67500, 0.0248953, -38.9506, 7.78744E-006, 50.034
1001, 16.68333, 0.0249251, -38.9467, 7.80072E-006, 50.0383
1002, 16.69167, 0.0249549, -38.9429, 7.81402E-006, 50.0425
1002, 16.70000, 0.0249846, -38.9391, 7.82733E-006, 50.0467
1003, 16.70833, 0.0250144, -38.9353, 7.84066E-006, 50.0509
1003, 16.71667, 0.0250443, -38.9315, 7.854E-006, 50.0551
1004, 16.72500, 0.0250741, -38.9277, 7.86736E-006, 50.0593
1004, 16.73333, 0.025104, -38.924, 7.88073E-006, 50.0634
1005, 16.74167, 0.0251339, -38.9202, 7.89413E-006, 50.0675
1005, 16.75000, 0.0251638, -38.9165, 7.90753E-006, 50.0716
1006, 16.75833, 0.0251937, -38.9129, 7.92095E-006, 50.0757
1006, 16.76667, 0.0252237, -38.9092, 7.9344E-006, 50.0798
1007, 16.77500, 0.0252536, -38.9056, 7.94785E-006, 50.0838
1007, 16.78333, 0.0252836, -38.9019, 7.96132E-006, 50.0878
1007, 16.79167, 0.0253136, -38.8983, 7.97481E-006, 50.0918
1008, 16.80000, 0.0253436, -38.8948, 7.98831E-006, 50.0958
1009, 16.80833, 0.0253737, -38.8912, 8.00183E-006, 50.0997
1009, 16.81667, 0.0254038, -38.8877, 8.01537E-006, 50.1037
1010, 16.82500, 0.0254339, -38.8842, 8.02892E-006, 50.1076
1010, 16.83333, 0.025464, -38.8807, 8.04249E-006, 50.1115
1011, 16.84167, 0.0254941, -38.8772, 8.05607E-006, 50.1153
1011, 16.85000, 0.0255243, -38.8737, 8.06968E-006, 50.1192
1012, 16.85833, 0.0255544, -38.8703, 8.08329E-006, 50.123
1012, 16.86667, 0.0255846, -38.8669, 8.09693E-006, 50.1268
1013, 16.87500, 0.0256148, -38.8635, 8.11058E-006, 50.1306
1013, 16.88333, 0.0256451, -38.8601, 8.12424E-006, 50.1344
1014, 16.89167, 0.0256753, -38.8567, 8.13793E-006, 50.1381
1014, 16.90000, 0.0257056, -38.8534, 8.15162E-006, 50.1419
1015, 16.90833, 0.0257359, -38.8501, 8.16534E-006, 50.1456
1015, 16.91667, 0.0257662, -38.8468, 8.17907E-006, 50.1493
1016, 16.92500, 0.0257966, -38.8435, 8.19282E-006, 50.1529
1016, 16.93333, 0.0258269, -38.8402, 8.20659E-006, 50.1566
1016, 16.94167, 0.0258573, -38.837, 8.22037E-006, 50.1602
1017, 16.95000, 0.0258877, -38.8337, 8.23417E-006, 50.1638
1018, 16.95833, 0.0259182, -38.8305, 8.24798E-006, 50.1674
1018, 16.96667, 0.0259486, -38.8273, 8.26181E-006, 50.171
1019, 16.97500, 0.0259791, -38.8242, 8.27566E-006, 50.1745
1019, 16.98333, 0.0260096, -38.821, 8.28952E-006, 50.1781
1020, 16.99167, 0.0260401, -38.8179, 8.30341E-006, 50.1816
1020, 17.00000, 0.0260706, -38.8148, 8.3173E-006, 50.1851
1021, 17.00833, 0.0261012, -38.8117, 8.33122E-006, 50.1885
1021, 17.01667, 0.0261318, -38.8086, 8.34515E-006, 50.192
1022, 17.02500, 0.0261624, -38.8056, 8.3591E-006, 50.1954
1022, 17.03333, 0.026193, -38.8025, 8.37306E-006, 50.1988
1023, 17.04167, 0.0262236, -38.7995, 8.38705E-006, 50.2022
1023, 17.05000, 0.0262543, -38.7965, 8.40104E-006, 50.2056
1024, 17.05833, 0.026285, -38.7935, 8.41506E-006, 50.209
1024, 17.06667, 0.0263157, -38.7906, 8.42909E-006, 50.2123
1025, 17.07500, 0.0263464, -38.7876, 8.44314E-006, 50.2156
1025, 17.08333, 0.0263772, -38.7847, 8.45721E-006, 50.2189
1026, 17.09167, 0.026408, -38.7818, 8.47129E-006, 50.2222
1026, 17.10000, 0.0264387, -38.7789, 8.48539E-006, 50.2255
1027, 17.10833, 0.0264696, -38.776, 8.49951E-006, 50.2287
1027, 17.11667, 0.0265004, -38.7732, 8.51364E-006, 50.232
1028, 17.12500, 0.0265313, -38.7704, 8.52779E-006, 50.2352
1028, 17.13333, 0.0265622, -38.7675, 8.54196E-006, 50.2383
1029, 17.14167, 0.0265931, -38.7647, 8.55615E-006, 50.2415
1029, 17.15000, 0.026624, -38.762, 8.57035E-006, 50.2447
1030, 17.15833, 0.0266549, -38.7592, 8.58457E-006, 50.2478
1030, 17.16667, 0.0266859, -38.7565, 8.59881E-006, 50.2509
1031, 17.17500, 0.0267169, -38.7537, 8.61306E-006, 50.254
1031, 17.18333, 0.0267479, -38.751, 8.62733E-006, 50.2571
1032, 17.19167, 0.026779, -38.7483, 8.64162E-006, 50.2602
1032, 17.20000, 0.02681, -38.7457, 8.65592E-006, 50.2632
1033, 17.20833, 0.0268411, -38.743, 8.67025E-006, 50.2662
1033, 17.21667, 0.0268722, -38.7404, 8.68459E-006, 50.2692
1034, 17.22500, 0.0269034, -38.7377, 8.69894E-006, 50.2722
1034, 17.23333, 0.0269345, -38.7351, 8.71332E-006, 50.2752
1035, 17.24167, 0.0269657, -38.7325, 8.72771E-006, 50.2782
1035, 17.25000, 0.0269969, -38.73, 8.74212E-006, 50.2811
1036, 17.25833, 0.0270281, -38.7274, 8.75655E-006, 50.284
1036, 17.26667, 0.0270594, -38.7249, 8.77099E-006, 50.2869
1037, 17.27500, 0.0270906, -38.7224, 8.78546E-006, 50.2898
1037, 17.28333, 0.0271219, -38.7199, 8.79993E-006, 50.2926
1038, 17.29167, 0.0271532, -38.7174, 8.81443E-006, 50.2955
1038, 17.30000, 0.0271846, -38.7149, 8.82895E-006, 50.2983
1039, 17.30833, 0.0272159, -38.7125, 8.84348E-006, 50.3011
1039, 17.31667, 0.0272473, -38.7101, 8.85803E-006, 50.3039
1040, 17.32500, 0.0272787, -38.7076, 8.8726E-006, 50.3067
1040, 17.33333, 0.0273101, -38.7052, 8.88718E-006, 50.3095
1041, 17.34167, 0.0273416, -38.7029, 8.90178E-006, 50.3122
1041, 17.35000, 0.0273731, -38.7005, 8.9164E-006, 50.3149
1042, 17.35833, 0.0274046, -38.6982, 8.93104E-006, 50.3176
1042, 17.36667, 0.0274361, -38.6958, 8.9457E-006, 50.3203
1043, 17.37500, 0.0274676, -38.6935, 8.96037E-006, 50.323
1043, 17.38333, 0.0274992, -38.6912, 8.97506E-006, 50.3257
1044, 17.39167, 0.0275308, -38.6889, 8.98977E-006, 50.3283
1044, 17.40000, 0.0275624, -38.6867, 9.0045E-006, 50.3309
1045, 17.40833, 0.027594, -38.6844, 9.01924E-006, 50.3335
1045, 17.41667, 0.0276257, -38.6822, 9.03401E-006, 50.3361
1046, 17.42500, 0.0276574, -38.68, 9.04879E-006, 50.3387
1046, 17.43333, 0.0276891, -38.6778, 9.06359E-006, 50.3412
1047, 17.44167, 0.0277208, -38.6756, 9.0784E-006, 50.3438
1047, 17.45000, 0.0277526, -38.6735, 9.09324E-006, 50.3463
1048, 17.45833, 0.0277844, -38.6713, 9.10809E-006, 50.3488
1048, 17.46667, 0.0278162, -38.6692, 9.12296E-006, 50.3513
1049, 17.47500, 0.027848, -38.6671, 9.13785E-006, 50.3537
1049, 17.48333, 0.0278799, -38.665, 9.15276E-006, 50.3562
1050, 17.49167, 0.0279117, -38.6629, 9.16768E-006, 50.3586
1050, 17.50000, 0.0279436, -38.6608, 9.18263E-006, 50.361
1051, 17.50833, 0.0279756, -38.6588, 9.19759E-006, 50.3634
1051, 17.51667, 0.0280075, -38.6567, 9.21257E-006, 50.3658
1052, 17.52500, 0.0280395, -38.6547, 9.22757E-006, 50.3682
1052, 17.53333, 0.0280715, -38.6527, 9.24258E-006, 50.3705
1053, 17.54167, 0.0281035, -38.6507, 9.25762E-006, 50.3729
1053, 17.55000, 0.0281355, -38.6488, 9.27267E-006, 50.3752
1054, 17.55833, 0.0281676, -38.6468, 9.28774E-006, 50.3775
1054, 17.56667, 0.0281997, -38.6449, 9.30283E-006, 50.3798
1055, 17.57500, 0.0282318, -38.643, 9.31794E-006, 50.3821
1055, 17.58333, 0.028264, -38.6411, 9.33306E-006, 50.3843
1056, 17.59167, 0.0282961, -38.6392, 9.34821E-006, 50.3866
1056, 17.60000, 0.0283283, -38.6373, 9.36337E-006, 50.3888
1057, 17.60833, 0.0283605, -38.6354, 9.37855E-006, 50.391
1057, 17.61667, 0.0283928, -38.6336, 9.39375E-006, 50.3932
1058, 17.62500, 0.028425, -38.6318, 9.40897E-006, 50.3954
1058, 17.63333, 0.0284573, -38.63, 9.42421E-006, 50.3975
1059, 17.64167, 0.0284896, -38.6282, 9.43947E-006, 50.3997
1059, 17.65000, 0.028522, -38.6264, 9.45474E-006, 50.4018
1060, 17.65833, 0.0285543, -38.6246, 9.47003E-006, 50.4039
1060, 17.66667, 0.0285867, -38.6229, 9.48534E-006, 50.406
1061, 17.67500, 0.0286191, -38.6211, 9.50067E-006, 50.4081
1061, 17.68333, 0.0286516, -38.6194, 9.51602E-006, 50.4101
1062, 17.69167, 0.028684, -38.6177, 9.53139E-006, 50.4122
1062, 17.70000, 0.0287165, -38.616, 9.54678E-006, 50.4142
1063, 17.70833, 0.028749, -38.6143, 9.56218E-006, 50.4162
1063, 17.71667, 0.0287816, -38.6127, 9.57761E-006, 50.4182
1063, 17.72500, 0.0288141, -38.611, 9.59305E-006, 50.4202
1064, 17.73333, 0.0288467, -38.6094, 9.60851E-006, 50.4222
1065, 17.74167, 0.0288793, -38.6078, 9.624E-006, 50.4241
1065, 17.75000, 0.028912, -38.6062, 9.63949E-006, 50.4261
1065, 17.75833, 0.0289446, -38.6046, 9.65501E-006, 50.428
1066, 17.76667, 0.0289773, -38.6031, 9.67055E-006, 50.4299
1067, 17.77500, 0.02901, -38.6015, 9.68611E-006, 50.4318
1067, 17.78333, 0.0290428, -38.6, 9.70168E-006, 50.4337
1067, 17.79167, 0.0290755, -38.5984, 9.71728E-006, 50.4355
1068, 17.80000, 0.0291083, -38.5969, 9.73289E-006, 50.4374
1069, 17.80833, 0.0291411, -38.5954, 9.74853E-006, 50.4392
1069, 17.81667, 0.029174, -38.594, 9.76418E-006, 50.441
1069, 17.82500, 0.0292068, -38.5925, 9.77985E-006, 50.4428
1070, 17.83333, 0.0292397, -38.5911, 9.79554E-006, 50.4446
1071, 17.84167, 0.0292727, -38.5896, 9.81125E-006, 50.4464
1071, 17.85000, 0.0293056, -38.5882, 9.82698E-006, 50.4481
1071, 17.85833, 0.0293386, -38.5868, 9.84273E-006, 50.4498
1072, 17.86667, 0.0293716, -38.5854, 9.8585E-006, 50.4516
1073, 17.87500, 0.0294046, -38.584, 9.87429E-006, 50.4533
1073, 17.88333, 0.0294376, -38.5827, 9.89009E-006, 50.455
1073, 17.89167, 0.0294707, -38.5813, 9.90592E-006, 50.4566
1074, 17.90000, 0.0295038, -38.58, 9.92177E-006, 50.4583
1075, 17.90833, 0.0295369, -38.5787, 9.93763E-006, 50.46
1075, 17.91667, 0.0295701, -38.5774, 9.95352E-006, 50.4616
1075, 17.92500, 0.0296033, -38.5761, 9.96942E-006, 50.4632
1076, 17.93333, 0.0296365, -38.5748, 9.98534E-006, 50.4648
1077, 17.94167, 0.0296697, -38.5736, 1.00013E-005, 50.4664
1077, 17.95000, 0.029703, -38.5723, 1.00172E-005, 50.468
1077, 17.95833, 0.0297362, -38.5711, 1.00332E-005, 50.4695
1078, 17.96667, 0.0297696, -38.5699, 1.00492E-005, 50.4711
1079, 17.97500, 0.0298029, -38.5687, 1.00653E-005, 50.4726
1079, 17.98333, 0.0298362, -38.5675, 1.00813E-005, 50.4741
1079, 17.99167, 0.0298696, -38.5663, 1.00974E-005, 50.4756
1080, 18.00000, 0.0299031, -38.5652, 1.01134E-005, 50.4771
1081, 18.00833, 0.0299365, -38.564, 1.01295E-005, 50.4786
1081, 18.01667, 0.02997, -38.5629, 1.01457E-005, 50.48
1081, 18.02500, 0.0300035, -38.5618, 1.01618E-005, 50.4815
1082, 18.03333, 0.030037, -38.5607, 1.0178E-005, 50.4829
1083, 18.04167, 0.0300705, -38.5596, 1.01941E-005, 50.4843
1083, 18.05000, 0.0301041, -38.5585, 1.02103E-005, 50.4857
1083, 18.05833, 0.0301377, -38.5574, 1.02266E-005, 50.4871
1084, 18.06667, 0.0301713, -38.5564, 1.02428E-005, 50.4885
1085, 18.07500, 0.030205, -38.5554, 1.02591E-005, 50.4898
1085, 18.08333, 0.0302387, -38.5543, 1.02753E-005, 50.4912
1085, 18.09167, 0.0302724, -38.5533, 1.02916E-005, 50.4925
1086, 18.10000, 0.0303061, -38.5523, 1.0308E-005, 50.4938
1087, 18.10833, 0.0303399, -38.5514, 1.03243E-005, 50.4951
1087, 18.11667, 0.0303737, -38.5504, 1.03407E-005, 50.4964
1087, 18.12500, 0.0304075, -38.5494, 1.0357E-005, 50.4977
1088, 18.13333, 0.0304413, -38.5485, 1.03735E-005, 50.4989
1089, 18.14167, 0.0304752, -38.5476, 1.03899E-005, 50.5002
1089, 18.15000, 0.0305091, -38.5467, 1.04063E-005, 50.5014
1089, 18.15833, 0.0305431, -38.5458, 1.04228E-005, 50.5026
1090, 18.16667, 0.030577, -38.5449, 1.04393E-005, 50.5038
1091, 18.17500, 0.030611, -38.544, 1.04558E-005, 50.505
1091, 18.18333, 0.030645, -38.5432, 1.04723E-005, 50.5062
1091, 18.19167, 0.030679, -38.5423, 1.04888E-005, 50.5074
1092, 18.20000, 0.0307131, -38.5415, 1.05054E-005, 50.5085
1093, 18.20833, 0.0307472, -38.5407, 1.0522E-005, 50.5096
1093, 18.21667, 0.0307813, -38.5399, 1.05386E-005, 50.5107
1093, 18.22500, 0.0308155, -38.5391, 1.05552E-005, 50.5119
1094, 18.23333, 0.0308497, -38.5383, 1.05719E-005, 50.5129
1095, 18.24167, 0.0308839, -38.5376, 1.05885E-005, 50.514
1095, 18.25000, 0.0309181, -38.5368, 1.06052E-005, 50.5151
1095, 18.25833, 0.0309524, -38.5361, 1.06219E-005, 50.5161
1096, 18.26667, 0.0309866, -38.5354, 1.06387E-005, 50.5172
1097, 18.27500, 0.031021, -38.5347, 1.06554E-005, 50.5182
1097, 18.28333, 0.0310553, -38.534, 1.06722E-005, 50.5192
1098, 18.29167, 0.0310897, -38.5333, 1.0689E-005, 50.5202
1098, 18.30000, 0.0311241, -38.5326, 1.07058E-005, 50.5212
1099, 18.30833, 0.0311585, -38.532, 1.07226E-005, 50.5221
1099, 18.31667, 0.031193, -38.5313, 1.07395E-005, 50.5231
1100, 18.32500, 0.0312275, -38.5307, 1.07563E-005, 50.524
1100, 18.33333, 0.031262, -38.5301, 1.07732E-005, 50.5249
1101, 18.34167, 0.0312965, -38.5295, 1.07902E-005, 50.5259
1101, 18.35000, 0.0313311, -38.5289, 1.08071E-005, 50.5268
1102, 18.35833, 0.0313657, -38.5283, 1.08241E-005, 50.5276
1102, 18.36667, 0.0314003, -38.5278, 1.0841E-005, 50.5285
1103, 18.37500, 0.031435, -38.5272, 1.0858E-005, 50.5294
1103, 18.38333, 0.0314697, -38.5267, 1.08751E-005, 50.5302
1104, 18.39167, 0.0315044, -38.5262, 1.08921E-005, 50.5311
1104, 18.40000, 0.0315391, -38.5257, 1.09092E-005, 50.5319
1105, 18.40833, 0.0315739, -38.5252, 1.09262E-005, 50.5327
1105, 18.41667, 0.0316087, -38.5247, 1.09434E-005, 50.5335
1106, 18.42500, 0.0316436, -38.5242, 1.09605E-005, 50.5342
1106, 18.43333, 0.0316784, -38.5237, 1.09776E-005, 50.535
1107, 18.44167, 0.0317133, -38.5233, 1.09948E-005, 50.5358
1107, 18.45000, 0.0317482, -38.5229, 1.1012E-005, 50.5365
1108, 18.45833, 0.0317832, -38.5224, 1.10292E-005, 50.5372
1108, 18.46667, 0.0318182, -38.522, 1.10465E-005, 50.5379
1109, 18.47500, 0.0318532, -38.5216, 1.10637E-005, 50.5386
1109, 18.48333, 0.0318882, -38.5213, 1.1081E-005, 50.5393
1110, 18.49167, 0.0319233, -38.5209, 1.10983E-005, 50.54
1110, 18.50000, 0.0319584, -38.5205, 1.11156E-005, 50.5407
1111, 18.50833, 0.0319935, -38.5202, 1.1133E-005, 50.5413
1111, 18.51667, 0.0320286, -38.5199, 1.11503E-005, 50.5419
1112, 18.52500, 0.0320638, -38.5195, 1.11677E-005, 50.5426
1112, 18.53333, 0.032099, -38.5192, 1.11851E-005, 50.5432
1113, 18.54167, 0.0321343, -38.5189, 1.12025E-005, 50.5438
1113, 18.55000, 0.0321695, -38.5187, 1.122E-005, 50.5443
1114, 18.55833, 0.0322048, -38.5184, 1.12375E-005, 50.5449
1114, 18.56667, 0.0322402, -38.5181, 1.1255E-005, 50.5455
1115, 18.57500, 0.0322755, -38.5179, 1.12725E-005, 50.546
1115, 18.58333, 0.0323109, -38.5177, 1.129E-005, 50.5465
1116, 18.59167, 0.0323464, -38.5174, 1.13076E-005, 50.5471
1116, 18.60000, 0.0323818, -38.5172, 1.13252E-005, 50.5476
1117, 18.60833, 0.0324173, -38.5171, 1.13428E-005, 50.5481
1117, 18.61667, 0.0324528, -38.5169, 1.13604E-005, 50.5485
1118, 18.62500, 0.0324883, -38.5167, 1.13781E-005, 50.549
1118, 18.63333, 0.0325239, -38.5165, 1.13957E-005, 50.5495
1119, 18.64167, 0.0325595, -38.5164, 1.14134E-005, 50.5499
1119, 18.65000, 0.0325952, -38.5163, 1.14311E-005, 50.5503
1120, 18.65833, 0.0326308, -38.5162, 1.14489E-005, 50.5507
1120, 18.66667, 0.0326665, -38.516, 1.14666E-005, 50.5512
1121, 18.67500, 0.0327022, -38.516, 1.14844E-005, 50.5515
1121, 18.68333, 0.032738, -38.5159, 1.15022E-005, 50.5519
1122, 18.69167, 0.0327738, -38.5158, 1.152E-005, 50.5523
1122, 18.70000, 0.0328096, -38.5157, 1.15379E-005, 50.5526
1123, 18.70833, 0.0328454, -38.5157, 1.15558E-005, 50.553
1123, 18.71667, 0.0328813, -38.5157, 1.15737E-005, 50.5533
1124, 18.72500, 0.0329172, -38.5156, 1.15916E-005, 50.5536
1124, 18.73333, 0.0329532, -38.5156, 1.16095E-005, 50.5539
1125, 18.74167, 0.0329891, -38.5156, 1.16275E-005, 50.5542
1125, 18.75000, 0.0330251, -38.5157, 1.16455E-005, 50.5545
1126, 18.75833, 0.0330612, -38.5157, 1.16635E-005, 50.5548
1126, 18.76667, 0.0330972, -38.5157, 1.16815E-005, 50.555
1127, 18.77500, 0.0331333, -38.5158, 1.16996E-005, 50.5552
1127, 18.78333, 0.0331694, -38.5158, 1.17176E-005, 50.5555
1128, 18.79167, 0.0332056, -38.5159, 1.17357E-005, 50.5557
1128, 18.80000, 0.0332418, -38.516, 1.17538E-005, 50.5559
1129, 18.80833, 0.033278, -38.5161, 1.1772E-005, 50.5561
1129, 18.81667, 0.0333143, -38.5162, 1.17902E-005, 50.5563
1130, 18.82500, 0.0333505, -38.5163, 1.18083E-005, 50.5564
1130, 18.83333, 0.0333869, -38.5165, 1.18266E-005, 50.5566
1131, 18.84167, 0.0334232, -38.5166, 1.18448E-005, 50.5567
1131, 18.85000, 0.0334596, -38.5168, 1.18631E-005, 50.5569
1132, 18.85833, 0.033496, -38.5169, 1.18813E-005, 50.557
1132, 18.86667, 0.0335324, -38.5171, 1.18996E-005, 50.5571
1133, 18.87500, 0.0335689, -38.5173, 1.1918E-005, 50.5572
1133, 18.88333, 0.0336054, -38.5175, 1.19363E-005, 50.5572
1134, 18.89167, 0.0336419, -38.5177, 1.19547E-005, 50.5573
1134, 18.90000, 0.0336785, -38.518, 1.19731E-005, 50.5574
1135, 18.90833, 0.0337151, -38.5182, 1.19915E-005, 50.5574
1135, 18.91667, 0.0337517, -38.5185, 1.20099E-005, 50.5574
1136, 18.92500, 0.0337884, -38.5187, 1.20284E-005, 50.5575
1136, 18.93333, 0.0338251, -38.519, 1.20469E-005, 50.5575
1137, 18.94167, 0.0338618, -38.5193, 1.20654E-005, 50.5575
1137, 18.95000, 0.0338986, -38.5196, 1.20839E-005, 50.5574
1138, 18.95833, 0.0339354, -38.5199, 1.21025E-005, 50.5574
1138, 18.96667, 0.0339722, -38.5202, 1.21211E-005, 50.5574
1139, 18.97500, 0.034009, -38.5206, 1.21397E-005, 50.5573
1139, 18.98333, 0.0340459, -38.5209, 1.21583E-005, 50.5573
1140, 18.99167, 0.0340828, -38.5213, 1.2177E-005, 50.5572
1140, 19.00000, 0.0341198, -38.5217, 1.21957E-005, 50.5571
1141, 19.00833, 0.0341568, -38.522, 1.22144E-005, 50.557
1141, 19.01667, 0.0341938, -38.5224, 1.22331E-005, 50.5569
1142, 19.02500, 0.0342308, -38.5228, 1.22518E-005, 50.5568
1142, 19.03333, 0.0342679, -38.5233, 1.22706E-005, 50.5566
1143, 19.04167, 0.034305, -38.5237, 1.22894E-005, 50.5565
1143, 19.05000, 0.0343422, -38.5241, 1.23082E-005, 50.5563
1144, 19.05833, 0.0343794, -38.5246, 1.23271E-005, 50.5561
1144, 19.06667, 0.0344166, -38.5251, 1.23459E-005, 50.556
1145, 19.07500, 0.0344538, -38.5255, 1.23648E-005, 50.5558
1145, 19.08333, 0.0344911, -38.526, 1.23837E-005, 50.5555
1146, 19.09167, 0.0345284, -38.5265, 1.24027E-005, 50.5553
1146, 19.10000, 0.0345658, -38.527, 1.24216E-005, 50.5551
1147, 19.10833, 0.0346032, -38.5275, 1.24406E-005, 50.5549
1147, 19.11667, 0.0346406, -38.5281, 1.24596E-005, 50.5546
1148, 19.12500, 0.034678, -38.5286, 1.24787E-005, 50.5543
1148, 19.13333, 0.0347155, -38.5292, 1.24977E-005, 50.5541
1149, 19.14167, 0.034753, -38.5297, 1.25168E-005, 50.5538
1149, 19.15000, 0.0347906, -38.5303, 1.25359E-005, 50.5535
1150, 19.15833, 0.0348281, -38.5309, 1.25551E-005, 50.5531
1150, 19.16667, 0.0348658, -38.5315, 1.25742E-005, 50.5528
1151, 19.17500, 0.0349034, -38.5321, 1.25934E-005, 50.5525
1151, 19.18333, 0.0349411, -38.5327, 1.26126E-005, 50.5521
1152, 19.19167, 0.0349788, -38.5334, 1.26318E-005, 50.5518
1152, 19.20000, 0.0350166, -38.534, 1.26511E-005, 50.5514
1153, 19.20833, 0.0350543, -38.5347, 1.26704E-005, 50.551
1153, 19.21667, 0.0350922, -38.5354, 1.26897E-005, 50.5506
1154, 19.22500, 0.03513, -38.536, 1.2709E-005, 50.5502
1154, 19.23333, 0.0351679, -38.5367, 1.27283E-005, 50.5498
1155, 19.24167, 0.0352058, -38.5374, 1.27477E-005, 50.5494
1155, 19.25000, 0.0352438, -38.5381, 1.27671E-005, 50.5489
1156, 19.25833, 0.0352817, -38.5389, 1.27866E-005, 50.5485
1156, 19.26667, 0.0353198, -38.5396, 1.2806E-005, 50.548
1157, 19.27500, 0.0353578, -38.5403, 1.28255E-005, 50.5475
1157, 19.28333, 0.0353959, -38.5411, 1.2845E-005, 50.547
1158, 19.29167, 0.035434, -38.5419, 1.28645E-005, 50.5465
1158, 19.30000, 0.0354722, -38.5427, 1.28841E-005, 50.546
1159, 19.30833, 0.0355104, -38.5434, 1.29036E-005, 50.5455
1159, 19.31667, 0.0355486, -38.5442, 1.29232E-005, 50.545
1160, 19.32500, 0.0355869, -38.5451, 1.29429E-005, 50.5444
1160, 19.33333, 0.0356252, -38.5459, 1.29625E-005, 50.5439
1161, 19.34167, 0.0356635, -38.5467, 1.29822E-005, 50.5433
1161, 19.35000, 0.0357019, -38.5476, 1.30019E-005, 50.5427
1162, 19.35833, 0.0357403, -38.5484, 1.30216E-005, 50.5421
1162, 19.36667, 0.0357787, -38.5493, 1.30414E-005, 50.5415
1163, 19.37500, 0.0358172, -38.5502, 1.30611E-005, 50.5409
1163, 19.38333, 0.0358557, -38.5511, 1.30809E-005, 50.5403
1164, 19.39167, 0.0358942, -38.552, 1.31008E-005, 50.5397
1164, 19.40000, 0.0359328, -38.5529, 1.31206E-005, 50.539
1165, 19.40833, 0.0359714, -38.5538, 1.31405E-005, 50.5383
1165, 19.41667, 0.0360101, -38.5547, 1.31604E-005, 50.5377
1166, 19.42500, 0.0360488, -38.5557, 1.31803E-005, 50.537
1166, 19.43333, 0.0360875, -38.5567, 1.32003E-005, 50.5363
1167, 19.44167, 0.0361262, -38.5576, 1.32203E-005, 50.5356
1167, 19.45000, 0.036165, -38.5586, 1.32403E-005, 50.5349
1168, 19.45833, 0.0362039, -38.5596, 1.32603E-005, 50.5342
1168, 19.46667, 0.0362427, -38.5606, 1.32804E-005, 50.5334
1169, 19.47500, 0.0362816, -38.5616, 1.33004E-005, 50.5327
1169, 19.48333, 0.0363205, -38.5626, 1.33206E-005, 50.5319
1170, 19.49167, 0.0363595, -38.5637, 1.33407E-005, 50.5311
1170, 19.50000, 0.0363985, -38.5647, 1.33609E-005, 50.5304
1171, 19.50833, 0.0364376, -38.5658, 1.3381E-005, 50.5296
1171, 19.51667, 0.0364766, -38.5668, 1.34013E-005, 50.5288
1172, 19.52500, 0.0365157, -38.5679, 1.34215E-005, 50.5279
1172, 19.53333, 0.0365549, -38.569, 1.34418E-005, 50.5271
1173, 19.54167, 0.0365941, -38.5701, 1.3462E-005, 50.5263
1173, 19.55000, 0.0366333, -38.5712, 1.34824E-005, 50.5254
1174, 19.55833, 0.0366726, -38.5723, 1.35027E-005, 50.5246
1174, 19.56667, 0.0367119, -38.5735, 1.35231E-005, 50.5237
1175, 19.57500, 0.0367512, -38.5746, 1.35435E-005, 50.5228
1175, 19.58333, 0.0367905, -38.5758, 1.35639E-005, 50.5219
1176, 19.59167, 0.03683, -38.5769, 1.35843E-005, 50.521
1176, 19.60000, 0.0368694, -38.5781, 1.36048E-005, 50.5201
1177, 19.60833, 0.0369089, -38.5793, 1.36253E-005, 50.5192
1177, 19.61667, 0.0369484, -38.5805, 1.36458E-005, 50.5182
1178, 19.62500, 0.0369879, -38.5817, 1.36664E-005, 50.5173
1178, 19.63333, 0.0370275, -38.5829, 1.3687E-005, 50.5163
1179, 19.64167, 0.0370671, -38.5841, 1.37076E-005, 50.5153
1179, 19.65000, 0.0371068, -38.5854, 1.37282E-005, 50.5143
1180, 19.65833, 0.0371465, -38.5866, 1.37489E-005, 50.5134
1180, 19.66667, 0.0371862, -38.5879, 1.37695E-005, 50.5123
1181, 19.67500, 0.037226, -38.5892, 1.37903E-005, 50.5113
1181, 19.68333, 0.0372658, -38.5904, 1.3811E-005, 50.5103
1182, 19.69167, 0.0373057, -38.5917, 1.38318E-005, 50.5093
1182, 19.70000, 0.0373455, -38.593, 1.38526E-005, 50.5082
1183, 19.70833, 0.0373855, -38.5944, 1.38734E-005, 50.5072
1183, 19.71667, 0.0374254, -38.5957, 1.38942E-005, 50.5061
1184, 19.72500, 0.0374654, -38.597, 1.39151E-005, 50.505
1184, 19.73333, 0.0375054, -38.5984, 1.3936E-005, 50.5039
1185, 19.74167, 0.0375455, -38.5997, 1.39569E-005, 50.5028
1185, 19.75000, 0.0375856, -38.6011, 1.39779E-005, 50.5017
1186, 19.75833, 0.0376258, -38.6025, 1.39988E-005, 50.5006
1186, 19.76667, 0.037666, -38.6039, 1.40199E-005, 50.4994
1187, 19.77500, 0.0377062, -38.6053, 1.40409E-005, 50.4983
1187, 19.78333, 0.0377464, -38.6067, 1.4062E-005, 50.4971
1188, 19.79167, 0.0377867, -38.6081, 1.4083E-005, 50.4959
1188, 19.80000, 0.0378271, -38.6095, 1.41042E-005, 50.4948
1188, 19.80833, 0.0378674, -38.611, 1.41253E-005, 50.4936
1189, 19.81667, 0.0379079, -38.6124, 1.41465E-005, 50.4924
1190, 19.82500, 0.0379483, -38.6139, 1.41677E-005, 50.4912
1190, 19.83333, 0.0379888, -38.6153, 1.41889E-005, 50.4899
1190, 19.84167, 0.0380293, -38.6168, 1.42102E-005, 50.4887
1191, 19.85000, 0.0380699, -38.6183, 1.42314E-005, 50.4874
1192, 19.85833, 0.0381105, -38.6198, 1.42527E-005, 50.4862
1192, 19.86667, 0.0381511, -38.6213, 1.42741E-005, 50.4849
1192, 19.87500, 0.0381918, -38.6229, 1.42955E-005, 50.4836
1193, 19.88333, 0.0382325, -38.6244, 1.43168E-005, 50.4824
1194, 19.89167, 0.0382733, -38.626, 1.43383E-005, 50.4811
1194, 19.90000, 0.0383141, -38.6275, 1.43597E-005, 50.4797
1194, 19.90833, 0.0383549, -38.6291, 1.43812E-005, 50.4784
1195, 19.91667, 0.0383958, -38.6307, 1.44027E-005, 50.4771
1196, 19.92500, 0.0384367, -38.6323, 1.44242E-005, 50.4757
1196, 19.93333, 0.0384777, -38.6339, 1.44458E-005, 50.4744
1196, 19.94167, 0.0385187, -38.6355, 1.44674E-005, 50.473
1197, 19.95000, 0.0385597, -38.6371, 1.4489E-005, 50.4716
1198, 19.95833, 0.0386008, -38.6387, 1.45106E-005, 50.4703
1198, 19.96667, 0.0386419, -38.6404, 1.45323E-005, 50.4689
1198, 19.97500, 0.038683, -38.642, 1.4554E-005, 50.4675
1199, 19.98333, 0.0387242, -38.6437, 1.45757E-005, 50.466
1200, 19.99167, 0.0387654, -38.6453, 1.45975E-005, 50.4646
1200, 20.00000, 0.0388067, -38.647, 1.46193E-005, 50.4632
1200, 20.00833, 0.038848, -38.6487, 1.46411E-005, 50.4617
1201, 20.01667, 0.0388894, -38.6504, 1.46629E-005, 50.4603
1202, 20.02500, 0.0389307, -38.6521, 1.46848E-005, 50.4588
1202, 20.03333, 0.0389722, -38.6539, 1.47067E-005, 50.4573
1202, 20.04167, 0.0390136, -38.6556, 1.47286E-005, 50.4558
1203, 20.05000, 0.0390551, -38.6574, 1.47506E-005, 50.4543
1204, 20.05833, 0.0390967, -38.6591, 1.47726E-005, 50.4528
1204, 20.06667, 0.0391383, -38.6609, 1.47946E-005, 50.4513
1204, 20.07500, 0.0391799, -38.6627, 1.48166E-005, 50.4497
1205, 20.08333, 0.0392216, -38.6644, 1.48387E-005, 50.4482
1206, 20.09167, 0.0392633, -38.6662, 1.48608E-005, 50.4466
1206, 20.10000, 0.039305, -38.668, 1.48829E-005, 50.445
1206, 20.10833, 0.0393468, -38.6699, 1.49051E-005, 50.4435
1207, 20.11667, 0.0393886, -38.6717, 1.49273E-005, 50.4419
1208, 20.12500, 0.0394305, -38.6735, 1.49495E-005, 50.4403
1208, 20.13333, 0.0394724, -38.6754, 1.49717E-005, 50.4387
1208, 20.14167, 0.0395144, -38.6772, 1.4994E-005, 50.437
1209, 20.15000, 0.0395563, -38.6791, 1.50163E-005, 50.4354
1210, 20.15833, 0.0395984, -38.681, 1.50386E-005, 50.4338
1210, 20.16667, 0.0396404, -38.6829, 1.5061E-005, 50.4321
1210, 20.17500, 0.0396826, -38.6848, 1.50834E-005, 50.4304
1211, 20.18333, 0.0397247, -38.6867, 1.51058E-005, 50.4288
1212, 20.19167, 0.0397669, -38.6886, 1.51282E-005, 50.4271
1212, 20.20000, 0.0398091, -38.6906, 1.51507E-005, 50.4254
1212, 20.20833, 0.0398514, -38.6925, 1.51732E-005, 50.4237
1213, 20.21667, 0.0398937, -38.6945, 1.51958E-005, 50.422
1214, 20.22500, 0.0399361, -38.6964, 1.52183E-005, 50.4202
1214, 20.23333, 0.0399785, -38.6984, 1.52409E-005, 50.4185
1214, 20.24167, 0.0400209, -38.7004, 1.52636E-005, 50.4167
1215, 20.25000, 0.0400634, -38.7024, 1.52862E-005, 50.415
1216, 20.25833, 0.040106, -38.7044, 1.53089E-005, 50.4132
1216, 20.26667, 0.0401485, -38.7064, 1.53316E-005, 50.4114
1216, 20.27500, 0.0401911, -38.7084, 1.53544E-005, 50.4096
1217, 20.28333, 0.0402338, -38.7105, 1.53771E-005, 50.4078
1218, 20.29167, 0.0402765, -38.7125, 1.53999E-005, 50.406
1218, 20.30000, 0.0403192, -38.7146, 1.54228E-005, 50.4042
1218, 20.30833, 0.040362, -38.7166, 1.54456E-005, 50.4024
1219, 20.31667, 0.0404048, -38.7187, 1.54685E-005, 50.4005
1220, 20.32500, 0.0404477, -38.7208, 1.54915E-005, 50.3987
1220, 20.33333, 0.0404906, -38.7229, 1.55144E-005, 50.3968
1220, 20.34167, 0.0405335, -38.725, 1.55374E-005, 50.3949
1221, 20.35000, 0.0405765, -38.7271, 1.55604E-005, 50.393
1222, 20.35833, 0.0406195, -38.7292, 1.55835E-005, 50.3911
1222, 20.36667, 0.0406626, -38.7314, 1.56065E-005, 50.3892
1223, 20.37500, 0.0407057, -38.7335, 1.56296E-005, 50.3873
1223, 20.38333, 0.0407489, -38.7357, 1.56528E-005, 50.3854
1224, 20.39167, 0.0407921, -38.7379, 1.56759E-005, 50.3834
1224, 20.40000, 0.0408353, -38.74, 1.56991E-005, 50.3815
1225, 20.40833, 0.0408786, -38.7422, 1.57224E-005, 50.3795
1225, 20.41667, 0.0409219, -38.7444, 1.57456E-005, 50.3776
1226, 20.42500, 0.0409653, -38.7466, 1.57689E-005, 50.3756
1226, 20.43333, 0.0410087, -38.7488, 1.57922E-005, 50.3736
1227, 20.44167, 0.0410522, -38.7511, 1.58156E-005, 50.3716
1227, 20.45000, 0.0410957, -38.7533, 1.5839E-005, 50.3696
1228, 20.45833, 0.0411392, -38.7556, 1.58624E-005, 50.3675
1228, 20.46667, 0.0411828, -38.7578, 1.58858E-005, 50.3655
1229, 20.47500, 0.0412265, -38.7601, 1.59093E-005, 50.3635
1229, 20.48333, 0.0412701, -38.7624, 1.59328E-005, 50.3614
1230, 20.49167, 0.0413138, -38.7647, 1.59563E-005, 50.3593
1230, 20.50000, 0.0413576, -38.767, 1.59799E-005, 50.3573
1231, 20.50833, 0.0414014, -38.7693, 1.60035E-005, 50.3552
1231, 20.51667, 0.0414453, -38.7716, 1.60271E-005, 50.3531
1232, 20.52500, 0.0414892, -38.7739, 1.60508E-005, 50.351
1232, 20.53333, 0.0415331, -38.7763, 1.60745E-005, 50.3489
1233, 20.54167, 0.0415771, -38.7786, 1.60982E-005, 50.3467
1233, 20.55000, 0.0416211, -38.781, 1.6122E-005, 50.3446
1234, 20.55833, 0.0416652, -38.7834, 1.61458E-005, 50.3424
1234, 20.56667, 0.0417093, -38.7858, 1.61696E-005, 50.3403
1235, 20.57500, 0.0417534, -38.7881, 1.61934E-005, 50.3381
1235, 20.58333, 0.0417976, -38.7906, 1.62173E-005, 50.3359
1236, 20.59167, 0.0418419, -38.793, 1.62412E-005, 50.3337
1236, 20.60000, 0.0418862, -38.7954, 1.62652E-005, 50.3315
1237, 20.60833, 0.0419305, -38.7978, 1.62892E-005, 50.3293
1237, 20.61667, 0.0419749, -38.8003, 1.63132E-005, 50.3271
1238, 20.62500, 0.0420193, -38.8027, 1.63372E-005, 50.3249
1238, 20.63333, 0.0420638, -38.8052, 1.63613E-005, 50.3226
1239, 20.64167, 0.0421083, -38.8077, 1.63854E-005, 50.3204
1239, 20.65000, 0.0421528, -38.8101, 1.64095E-005, 50.3181
1240, 20.65833, 0.0421974, -38.8126, 1.64337E-005, 50.3158
1240, 20.66667, 0.0422421, -38.8151, 1.64579E-005, 50.3136
1241, 20.67500, 0.0422868, -38.8177, 1.64821E-005, 50.3113
1241, 20.68333, 0.0423315, -38.8202, 1.65064E-005, 50.309
1242, 20.69167, 0.0423763, -38.8227, 1.65307E-005, 50.3066
1242, 20.70000, 0.0424211, -38.8253, 1.6555E-005, 50.3043
1243, 20.70833, 0.042466, -38.8278, 1.65794E-005, 50.302
1243, 20.71667, 0.0425109, -38.8304, 1.66038E-005, 50.2996
1244, 20.72500, 0.0425559, -38.833, 1.66282E-005, 50.2973
1244, 20.73333, 0.0426009, -38.8356, 1.66526E-005, 50.2949
1245, 20.74167, 0.042646, -38.8382, 1.66771E-005, 50.2925
1245, 20.75000, 0.0426911, -38.8408, 1.67017E-005, 50.2901
1246, 20.75833, 0.0427362, -38.8434, 1.67262E-005, 50.2877
1246, 20.76667, 0.0427814, -38.846, 1.67508E-005, 50.2853
1247, 20.77500, 0.0428267, -38.8486, 1.67754E-005, 50.2829
1247, 20.78333, 0.0428719, -38.8513, 1.68001E-005, 50.2805
1248, 20.79167, 0.0429173, -38.8539, 1.68248E-005, 50.278
1248, 20.80000, 0.0429626, -38.8566, 1.68495E-005, 50.2756
1249, 20.80833, 0.0430081, -38.8593, 1.68743E-005, 50.2731
1249, 20.81667, 0.0430535, -38.862, 1.6899E-005, 50.2706
1250, 20.82500, 0.0430991, -38.8647, 1.69239E-005, 50.2682
1250, 20.83333, 0.0431446, -38.8674, 1.69487E-005, 50.2657
1251, 20.84167, 0.0431902, -38.8701, 1.69736E-005, 50.2632
1251, 20.85000, 0.0432359, -38.8728, 1.69985E-005, 50.2606
1252, 20.85833, 0.0432816, -38.8756, 1.70235E-005, 50.2581
1252, 20.86667, 0.0433273, -38.8783, 1.70485E-005, 50.2556
1253, 20.87500, 0.0433731, -38.8811, 1.70735E-005, 50.253
1253, 20.88333, 0.043419, -38.8839, 1.70985E-005, 50.2505
1254, 20.89167, 0.0434649, -38.8866, 1.71236E-005, 50.2479
1254, 20.90000, 0.0435108, -38.8894, 1.71487E-005, 50.2453
1255, 20.90833, 0.0435568, -38.8922, 1.71739E-005, 50.2428
1255, 20.91667, 0.0436028, -38.895, 1.71991E-005, 50.2402
1256, 20.92500, 0.0436489, -38.8978, 1.72243E-005, 50.2375
1256, 20.93333, 0.043695, -38.9007, 1.72496E-005, 50.2349
1257, 20.94167, 0.0437412, -38.9035, 1.72748E-005, 50.2323
1257, 20.95000, 0.0437874, -38.9064, 1.73002E-005, 50.2297
1258, 20.95833, 0.0438337, -38.9092, 1.73255E-005, 50.227
1258, 20.96667, 0.04388, -38.9121, 1.73509E-005, 50.2243
1259, 20.97500, 0.0439264, -38.915, 1.73763E-005, 50.2217
1259, 20.98333, 0.0439728, -38.9179, 1.74018E-005, 50.219
1260, 20.99167, 0.0440193, -38.9208, 1.74273E-005, 50.2163
1260, 21.00000, 0.0440658, -38.9237, 1.74528E-005, 50.2136
1261, 21.00833, 0.0441123, -38.9266, 1.74784E-005, 50.2109
1261, 21.01667, 0.0441589, -38.9295, 1.7504E-005, 50.2082
1262, 21.02500, 0.0442056, -38.9325, 1.75296E-005, 50.2054
1262, 21.03333, 0.0442523, -38.9354, 1.75553E-005, 50.2027
1263, 21.04167, 0.044299, -38.9384, 1.7581E-005, 50.1999
1263, 21.05000, 0.0443458, -38.9414, 1.76067E-005, 50.1972
1264, 21.05833, 0.0443927, -38.9443, 1.76325E-005, 50.1944
1264, 21.06667, 0.0444396, -38.9473, 1.76583E-005, 50.1916
1265, 21.07500, 0.0444865, -38.9503, 1.76841E-005, 50.1888
1265, 21.08333, 0.0445335, -38.9534, 1.771E-005, 50.186
1266, 21.09167, 0.0445806, -38.9564, 1.77359E-005, 50.1832
1266, 21.10000, 0.0446276, -38.9594, 1.77618E-005, 50.1804
1267, 21.10833, 0.0446748, -38.9625, 1.77878E-005, 50.1775
1267, 21.11667, 0.044722, -38.9655, 1.78138E-005, 50.1747
1268, 21.12500, 0.0447692, -38.9686, 1.78399E-005, 50.1718
1268, 21.13333, 0.0448165, -38.9716, 1.78659E-005, 50.169
1269, 21.14167, 0.0448638, -38.9747, 1.78921E-005, 50.1661
1269, 21.15000, 0.0449112, -38.9778, 1.79182E-005, 50.1632
1270, 21.15833, 0.0449587, -38.9809, 1.79444E-005, 50.1603
1270, 21.16667, 0.0450061, -38.984, 1.79706E-005, 50.1574
1271, 21.17500, 0.0450537, -38.9872, 1.79969E-005, 50.1545
1271, 21.18333, 0.0451013, -38.9903, 1.80232E-005, 50.1515
1272, 21.19167, 0.0451489, -38.9934, 1.80495E-005, 50.1486
1272, 21.20000, 0.0451966, -38.9966, 1.80759E-005, 50.1456
1273, 21.20833, 0.0452443, -38.9998, 1.81023E-005, 50.1427
1273, 21.21667, 0.0452921, -39.0029, 1.81287E-005, 50.1397
1274, 21.22500, 0.0453399, -39.0061, 1.81552E-005, 50.1367
1274, 21.23333, 0.0453878, -39.0093, 1.81817E-005, 50.1337
1275, 21.24167, 0.0454357, -39.0125, 1.82082E-005, 50.1307
1275, 21.25000, 0.0454837, -39.0157, 1.82348E-005, 50.1277
1276, 21.25833, 0.0455318, -39.019, 1.82614E-005, 50.1247
1276, 21.26667, 0.0455799, -39.0222, 1.82881E-005, 50.1216
1277, 21.27500, 0.045628, -39.0255, 1.83147E-005, 50.1186
1277, 21.28333, 0.0456762, -39.0287, 1.83415E-005, 50.1155
1278, 21.29167, 0.0457244, -39.032, 1.83682E-005, 50.1125
1278, 21.30000, 0.0457727, -39.0353, 1.8395E-005, 50.1094
1279, 21.30833, 0.045821, -39.0385, 1.84219E-005, 50.1063
1279, 21.31667, 0.0458694, -39.0418, 1.84487E-005, 50.1032
1280, 21.32500, 0.0459179, -39.0452, 1.84756E-005, 50.1001
1280, 21.33333, 0.0459664, -39.0485, 1.85026E-005, 50.097
1281, 21.34167, 0.0460149, -39.0518, 1.85295E-005, 50.0939
1281, 21.35000, 0.0460635, -39.0551, 1.85566E-005, 50.0907
1282, 21.35833, 0.0461121, -39.0585, 1.85836E-005, 50.0876
1282, 21.36667, 0.0461608, -39.0618, 1.86107E-005, 50.0844
1283, 21.37500, 0.0462096, -39.0652, 1.86378E-005, 50.0812
1283, 21.38333, 0.0462584, -39.0686, 1.8665E-005, 50.0781
1284, 21.39167, 0.0463072, -39.072, 1.86922E-005, 50.0749
1284, 21.40000, 0.0463561, -39.0754, 1.87194E-005, 50.0717
1285, 21.40833, 0.0464051, -39.0788, 1.87467E-005, 50.0684
1285, 21.41667, 0.0464541, -39.0822, 1.8774E-005, 50.0652
1286, 21.42500, 0.0465032, -39.0856, 1.88013E-005, 50.062
1286, 21.43333, 0.0465523, -39.0891, 1.88287E-005, 50.0587
1287, 21.44167, 0.0466014, -39.0925, 1.88561E-005, 50.0555
1287, 21.45000, 0.0466507, -39.096, 1.88836E-005, 50.0522
1288, 21.45833, 0.0466999, -39.0995, 1.89111E-005, 50.0489
1288, 21.46667, 0.0467493, -39.1029, 1.89386E-005, 50.0457
1289, 21.47500, 0.0467986, -39.1064, 1.89662E-005, 50.0424
1289, 21.48333, 0.0468481, -39.1099, 1.89938E-005, 50.0391
1290, 21.49167, 0.0468975, -39.1135, 1.90214E-005, 50.0357
1290, 21.50000, 0.0469471, -39.117, 1.90491E-005, 50.0324
1291, 21.50833, 0.0469966, -39.1205, 1.90768E-005, 50.0291
1291, 21.51667, 0.0470463, -39.1241, 1.91046E-005, 50.0257
1292, 21.52500, 0.047096, -39.1276, 1.91324E-005, 50.0224
1292, 21.53333, 0.0471457, -39.1312, 1.91602E-005, 50.019
1293, 21.54167, 0.0471955, -39.1347, 1.91881E-005, 50.0156
1293, 21.55000, 0.0472454, -39.1383, 1.9216E-005, 50.0122
1294, 21.55833, 0.0472953, -39.1419, 1.9244E-005, 50.0088
1294, 21.56667, 0.0473452, -39.1455, 1.92719E-005, 50.0054
1295, 21.57500, 0.0473952, -39.1491, 1.93E-005, 50.002
1295, 21.58333, 0.0474453, -39.1528, 1.9328E-005, 49.9985
1296, 21.59167, 0.0474954, -39.1564, 1.93561E-005, 49.9951
1296, 21.60000, 0.0475456, -39.16, 1.93843E-005, 49.9916
1297, 21.60833, 0.0475958, -39.1637, 1.94124E-005, 49.9882
1297, 21.61667, 0.0476461, -39.1674, 1.94407E-005, 49.9847
1298, 21.62500, 0.0476964, -39.171, 1.94689E-005, 49.9812
1298, 21.63333, 0.0477468, -39.1747, 1.94972E-005, 49.9777
1299, 21.64167, 0.0477973, -39.1784, 1.95255E-005, 49.9742
1299, 21.65000, 0.0478478, -39.1821, 1.95539E-005, 49.9707
1300, 21.65833, 0.0478983, -39.1859, 1.95823E-005, 49.9672
1300, 21.66667, 0.0479489, -39.1896, 1.96108E-005, 49.9636
1301, 21.67500, 0.0479996, -39.1933, 1.96392E-005, 49.9601
1301, 21.68333, 0.0480503, -39.1971, 1.96678E-005, 49.9565
1302, 21.69167, 0.0481011, -39.2008, 1.96963E-005, 49.953
1302, 21.70000, 0.0481519, -39.2046, 1.97249E-005, 49.9494
1303, 21.70833, 0.0482028, -39.2084, 1.97536E-005, 49.9458
1303, 21.71667, 0.0482537, -39.2122, 1.97823E-005, 49.9422
1304, 21.72500, 0.0483047, -39.216, 1.9811E-005, 49.9386
1304, 21.73333, 0.0483557, -39.2198, 1.98397E-005, 49.9349
1305, 21.74167, 0.0484068, -39.2236, 1.98685E-005, 49.9313
1305, 21.75000, 0.048458, -39.2274, 1.98974E-005, 49.9277
1306, 21.75833, 0.0485092, -39.2313, 1.99263E-005, 49.924
1306, 21.76667, 0.0485605, -39.2351, 1.99552E-005, 49.9203
1307, 21.77500, 0.0486118, -39.239, 1.99841E-005, 49.9167
1307, 21.78333, 0.0486632, -39.2429, 2.00131E-005, 49.913
1308, 21.79167, 0.0487146, -39.2467, 2.00422E-005, 49.9093
1308, 21.80000, 0.0487661, -39.2506, 2.00712E-005, 49.9056
1309, 21.80833, 0.0488176, -39.2545, 2.01004E-005, 49.9019
1309, 21.81667, 0.0488692, -39.2585, 2.01295E-005, 49.8981
1310, 21.82500, 0.0489209, -39.2624, 2.01587E-005, 49.8944
1310, 21.83333, 0.0489726, -39.2663, 2.0188E-005, 49.8906
1311, 21.84167, 0.0490244, -39.2703, 2.02172E-005, 49.8869
1311, 21.85000, 0.0490762, -39.2742, 2.02465E-005, 49.8831
1312, 21.85833, 0.0491281, -39.2782, 2.02759E-005, 49.8793
1312, 21.86667, 0.04918, -39.2822, 2.03053E-005, 49.8755
1313, 21.87500, 0.049232, -39.2861, 2.03347E-005, 49.8717
1313, 21.88333, 0.0492841, -39.2901, 2.03642E-005, 49.8679
1313, 21.89167, 0.0493362, -39.2942, 2.03937E-005, 49.8641
1314, 21.90000, 0.0493884, -39.2982, 2.04233E-005, 49.8603
1315, 21.90833, 0.0494406, -39.3022, 2.04529E-005, 49.8564
1315, 21.91667, 0.0494929, -39.3062, 2.04825E-005, 49.8526
1315, 21.92500, 0.0495452, -39.3103, 2.05122E-005, 49.8487
1316, 21.93333, 0.0495976, -39.3144, 2.0542E-005, 49.8448
1317, 21.94167, 0.0496501, -39.3184, 2.05717E-005, 49.8409
1317, 21.95000, 0.0497026, -39.3225, 2.06015E-005, 49.837
1317, 21.95833, 0.0497551, -39.3266, 2.06314E-005, 49.8331
1318, 21.96667, 0.0498078, -39.3307, 2.06613E-005, 49.8292
1319, 21.97500, 0.0498604, -39.3348, 2.06912E-005, 49.8253
1319, 21.98333, 0.0499132, -39.3389, 2.07212E-005, 49.8213
1319, 21.99167, 0.049966, -39.3431, 2.07512E-005, 49.8174
1320, 22.00000, 0.0500188, -39.3472, 2.07812E-005, 49.8134
1321, 22.00833, 0.0500717, -39.3514, 2.08113E-005, 49.8094
1321, 22.01667, 0.0501247, -39.3555, 2.08415E-005, 49.8054
1321, 22.02500, 0.0501778, -39.3597, 2.08716E-005, 49.8014
1322, 22.03333, 0.0502308, -39.3639, 2.09019E-005, 49.7974
1323, 22.04167, 0.050284, -39.3681, 2.09321E-005, 49.7934
1323, 22.05000, 0.0503372, -39.3723, 2.09624E-005, 49.7894
1323, 22.05833, 0.0503905, -39.3765, 2.09928E-005, 49.7854
1324, 22.06667, 0.0504438, -39.3807, 2.10232E-005, 49.7813
1325, 22.07500, 0.0504972, -39.385, 2.10536E-005, 49.7772
1325, 22.08333, 0.0505506, -39.3892, 2.10841E-005, 49.7732
1325, 22.09167, 0.0506041, -39.3935, 2.11146E-005, 49.7691
1326, 22.10000, 0.0506577, -39.3977, 2.11451E-005, 49.765
1327, 22.10833, 0.0507113, -39.402, 2.11757E-005, 49.7609
1327, 22.11667, 0.050765, -39.4063, 2.12064E-005, 49.7568
1327, 22.12500, 0.0508187, -39.4106, 2.12371E-005, 49.7527
1328, 22.13333, 0.0508725, -39.4149, 2.12678E-005, 49.7485
1329, 22.14167, 0.0509264, -39.4193, 2.12986E-005, 49.7444
1329, 22.15000, 0.0509803, -39.4236, 2.13294E-005, 49.7402
1329, 22.15833, 0.0510343, -39.4279, 2.13602E-005, 49.736
1330, 22.16667, 0.0510883, -39.4323, 2.13911E-005, 49.7319
1331, 22.17500, 0.0511424, -39.4366, 2.14221E-005, 49.7277
1331, 22.18333, 0.0511965, -39.441, 2.1453E-005, 49.7235
1331, 22.19167, 0.0512508, -39.4454, 2.14841E-005, 49.7193
1332, 22.20000, 0.051305, -39.4498, 2.15151E-005, 49.715
1333, 22.20833, 0.0513594, -39.4542, 2.15462E-005, 49.7108
1333, 22.21667, 0.0514138, -39.4586, 2.15774E-005, 49.7066
1333, 22.22500, 0.0514682, -39.4631, 2.16086E-005, 49.7023
1334, 22.23333, 0.0515228, -39.4675, 2.16398E-005, 49.6981
1335, 22.24167, 0.0515773, -39.4719, 2.16711E-005, 49.6938
1335, 22.25000, 0.051632, -39.4764, 2.17024E-005, 49.6895
1335, 22.25833, 0.0516867, -39.4809, 2.17338E-005, 49.6852
1336, 22.26667, 0.0517414, -39.4853, 2.17652E-005, 49.6809
1337, 22.27500, 0.0517963, -39.4898, 2.17967E-005, 49.6766
1337, 22.28333, 0.0518511, -39.4943, 2.18282E-005, 49.6722
1337, 22.29167, 0.0519061, -39.4989, 2.18597E-005, 49.6679
1338, 22.30000, 0.0519611, -39.5034, 2.18913E-005, 49.6636
1339, 22.30833, 0.0520162, -39.5079, 2.1923E-005, 49.6592
1339, 22.31667, 0.0520713, -39.5125, 2.19547E-005, 49.6548
1339, 22.32500, 0.0521265, -39.517, 2.19864E-005, 49.6504
1340, 22.33333, 0.0521817, -39.5216, 2.20181E-005, 49.646
1341, 22.34167, 0.0522371, -39.5262, 2.205E-005, 49.6416
1341, 22.35000, 0.0522924, -39.5307, 2.20818E-005, 49.6372
1341, 22.35833, 0.0523479, -39.5353, 2.21137E-005, 49.6328
1342, 22.36667, 0.0524034, -39.5399, 2.21457E-005, 49.6283
1343, 22.37500, 0.0524589, -39.5446, 2.21776E-005, 49.6239
1343, 22.38333, 0.0525146, -39.5492, 2.22097E-005, 49.6194
1343, 22.39167, 0.0525703, -39.5538, 2.22418E-005, 49.615
1344, 22.40000, 0.052626, -39.5585, 2.22739E-005, 49.6105
1345, 22.40833, 0.0526818, -39.5631, 2.23061E-005, 49.606
1345, 22.41667, 0.0527377, -39.5678, 2.23383E-005, 49.6015
1345, 22.42500, 0.0527936, -39.5725, 2.23705E-005, 49.597
1346, 22.43333, 0.0528496, -39.5772, 2.24028E-005, 49.5925
1347, 22.44167, 0.0529057, -39.5819, 2.24352E-005, 49.5879
1347, 22.45000, 0.0529618, -39.5866, 2.24676E-005, 49.5834
1348, 22.45833, 0.053018, -39.5913, 2.25E-005, 49.5788
1348, 22.46667, 0.0530743, -39.5961, 2.25325E-005, 49.5742
1349, 22.47500, 0.0531306, -39.6008, 2.2565E-005, 49.5697
1349, 22.48333, 0.053187, -39.6056, 2.25976E-005, 49.5651
1350, 22.49167, 0.0532434, -39.6104, 2.26302E-005, 49.5605
1350, 22.50000, 0.0532999, -39.6151, 2.26629E-005, 49.5559
1351, 22.50833, 0.0533565, -39.6199, 2.26956E-005, 49.5512
1351, 22.51667, 0.0534132, -39.6247, 2.27284E-005, 49.5466
1352, 22.52500, 0.0534699, -39.6295, 2.27612E-005, 49.542
1352, 22.53333, 0.0535266, -39.6344, 2.2794E-005, 49.5373
1353, 22.54167, 0.0535835, -39.6392, 2.28269E-005, 49.5326
1353, 22.55000, 0.0536403, -39.644, 2.28599E-005, 49.528
1354, 22.55833, 0.0536973, -39.6489, 2.28928E-005, 49.5233
1354, 22.56667, 0.0537543, -39.6538, 2.29259E-005, 49.5186
1355, 22.57500, 0.0538114, -39.6586, 2.2959E-005, 49.5139
1355, 22.58333, 0.0538686, -39.6635, 2.29921E-005, 49.5091
1356, 22.59167, 0.0539258, -39.6684, 2.30253E-005, 49.5044
1356, 22.60000, 0.0539831, -39.6733, 2.30585E-005, 49.4996
1357, 22.60833, 0.0540404, -39.6782, 2.30917E-005, 49.4949
1357, 22.61667, 0.0540978, -39.6832, 2.31251E-005, 49.4901
1358, 22.62500, 0.0541553, -39.6881, 2.31584E-005, 49.4853
1358, 22.63333, 0.0542128, -39.6931, 2.31918E-005, 49.4806
1359, 22.64167, 0.0542704, -39.698, 2.32253E-005, 49.4758
1359, 22.65000, 0.0543281, -39.703, 2.32588E-005, 49.471
1360, 22.65833, 0.0543859, -39.708, 2.32923E-005, 49.4661
1360, 22.66667, 0.0544437, -39.713, 2.33259E-005, 49.4613
1361, 22.67500, 0.0545015, -39.718, 2.33596E-005, 49.4565
1361, 22.68333, 0.0545595, -39.723, 2.33933E-005, 49.4516
1362, 22.69167, 0.0546175, -39.728, 2.3427E-005, 49.4467
1362, 22.70000, 0.0546755, -39.7331, 2.34608E-005, 49.4419
1363, 22.70833, 0.0547337, -39.7381, 2.34946E-005, 49.437
1363, 22.71667, 0.0547919, -39.7432, 2.35285E-005, 49.4321
1364, 22.72500, 0.0548501, -39.7482, 2.35624E-005, 49.4272
1364, 22.73333, 0.0549085, -39.7533, 2.35964E-005, 49.4222
1365, 22.74167, 0.0549669, -39.7584, 2.36304E-005, 49.4173
1365, 22.75000, 0.0550253, -39.7635, 2.36645E-005, 49.4124
1366, 22.75833, 0.0550839, -39.7686, 2.36986E-005, 49.4074
1366, 22.76667, 0.0551425, -39.7738, 2.37328E-005, 49.4024
1367, 22.77500, 0.0552011, -39.7789, 2.3767E-005, 49.3975
1367, 22.78333, 0.0552599, -39.784, 2.38013E-005, 49.3925
1368, 22.79167, 0.0553187, -39.7892, 2.38356E-005, 49.3875
1368, 22.80000, 0.0553775, -39.7944, 2.38699E-005, 49.3825
1369, 22.80833, 0.0554365, -39.7996, 2.39043E-005, 49.3774
1369, 22.81667, 0.0554955, -39.8047, 2.39388E-005, 49.3724
1370, 22.82500, 0.0555546, -39.8099, 2.39733E-005, 49.3674
1370, 22.83333, 0.0556137, -39.8152, 2.40079E-005, 49.3623
1371, 22.84167, 0.0556729, -39.8204, 2.40425E-005, 49.3573
1371, 22.85000, 0.0557322, -39.8256, 2.40771E-005, 49.3522
1372, 22.85833, 0.0557915, -39.8309, 2.41118E-005, 49.3471
1372, 22.86667, 0.0558509, -39.8361, 2.41466E-005, 49.342
1373, 22.87500, 0.0559104, -39.8414, 2.41814E-005, 49.3369
1373, 22.88333, 0.05597, -39.8467, 2.42162E-005, 49.3318
1374, 22.89167, 0.0560296, -39.852, 2.42511E-005, 49.3266
1374, 22.90000, 0.0560893, -39.8573, 2.42861E-005, 49.3215
1375, 22.90833, 0.056149, -39.8626, 2.43211E-005, 49.3163
1375, 22.91667, 0.0562089, -39.8679, 2.43561E-005, 49.3112
1376, 22.92500, 0.0562687, -39.8732, 2.43912E-005, 49.306
1376, 22.93333, 0.0563287, -39.8786, 2.44264E-005, 49.3008
1377, 22.94167, 0.0563887, -39.8839, 2.44615E-005, 49.2956
1377, 22.95000, 0.0564488, -39.8893, 2.44968E-005, 49.2904
1378, 22.95833, 0.056509, -39.8947, 2.45321E-005, 49.2852
1378, 22.96667, 0.0565692, -39.9001, 2.45674E-005, 49.2799
1379, 22.97500, 0.0566295, -39.9055, 2.46028E-005, 49.2747
1379, 22.98333, 0.0566899, -39.9109, 2.46383E-005, 49.2694
1380, 22.99167, 0.0567504, -39.9163, 2.46738E-005, 49.2642
1380, 23.00000, 0.0568109, -39.9217, 2.47093E-005, 49.2589
1381, 23.00833, 0.0568715, -39.9272, 2.47449E-005, 49.2536
1381, 23.01667, 0.0569321, -39.9326, 2.47806E-005, 49.2483
1382, 23.02500, 0.0569929, -39.9381, 2.48163E-005, 49.243
1382, 23.03333, 0.0570537, -39.9436, 2.4852E-005, 49.2377
1383, 23.04167, 0.0571145, -39.949, 2.48878E-005, 49.2323
1383, 23.05000, 0.0571755, -39.9545, 2.49237E-005, 49.227
1384, 23.05833, 0.0572365, -39.96, 2.49596E-005, 49.2216
1384, 23.06667, 0.0572976, -39.9656, 2.49955E-005, 49.2163
1385, 23.07500, 0.0573587, -39.9711, 2.50315E-005, 49.2109
1385, 23.08333, 0.0574199, -39.9766, 2.50676E-005, 49.2055
1386, 23.09167, 0.0574812, -39.9822, 2.51037E-005, 49.2001
1386, 23.10000, 0.0575426, -39.9878, 2.51398E-005, 49.1947
1387, 23.10833, 0.057604, -39.9933, 2.5176E-005, 49.1893
1387, 23.11667, 0.0576655, -39.9989, 2.52123E-005, 49.1838
1388, 23.12500, 0.0577271, -40.0045, 2.52486E-005, 49.1784
1388, 23.13333, 0.0577887, -40.0101, 2.5285E-005, 49.1729
1389, 23.14167, 0.0578505, -40.0157, 2.53214E-005, 49.1674
1389, 23.15000, 0.0579123, -40.0214, 2.53578E-005, 49.162
1390, 23.15833, 0.0579741, -40.027, 2.53944E-005, 49.1565
1390, 23.16667, 0.0580361, -40.0327, 2.54309E-005, 49.151
1391, 23.17500, 0.0580981, -40.0383, 2.54675E-005, 49.1455
1391, 23.18333, 0.0581602, -40.044, 2.55042E-005, 49.1399
1392, 23.19167, 0.0582223, -40.0497, 2.5541E-005, 49.1344
1392, 23.20000, 0.0582845, -40.0554, 2.55777E-005, 49.1288
1393, 23.20833, 0.0583468, -40.0611, 2.56146E-005, 49.1233
1393, 23.21667, 0.0584092, -40.0668, 2.56514E-005, 49.1177
1394, 23.22500, 0.0584717, -40.0725, 2.56884E-005, 49.1121
1394, 23.23333, 0.0585342, -40.0783, 2.57254E-005, 49.1065
1395, 23.24167, 0.0585968, -40.084, 2.57624E-005, 49.1009
1395, 23.25000, 0.0586594, -40.0898, 2.57995E-005, 49.0953
1396, 23.25833, 0.0587222, -40.0956, 2.58366E-005, 49.0897
1396, 23.26667, 0.058785, -40.1014, 2.58738E-005, 49.0841
1397, 23.27500, 0.0588479, -40.1072, 2.59111E-005, 49.0784
1397, 23.28333, 0.0589108, -40.113, 2.59484E-005, 49.0727
1398, 23.29167, 0.0589738, -40.1188, 2.59858E-005, 49.0671
1398, 23.30000, 0.0590369, -40.1246, 2.60232E-005, 49.0614
1399, 23.30833, 0.0591001, -40.1305, 2.60606E-005, 49.0557
1399, 23.31667, 0.0591634, -40.1363, 2.60982E-005, 49.05
1400, 23.32500, 0.0592267, -40.1422, 2.61357E-005, 49.0443
1400, 23.33333, 0.0592901, -40.1481, 2.61734E-005, 49.0385
1401, 23.34167, 0.0593536, -40.1539, 2.6211E-005, 49.0328
1401, 23.35000, 0.0594171, -40.1598, 2.62488E-005, 49.027
1402, 23.35833, 0.0594807, -40.1657, 2.62866E-005, 49.0213
1402, 23.36667, 0.0595445, -40.1717, 2.63244E-005, 49.0155
1403, 23.37500, 0.0596082, -40.1776, 2.63623E-005, 49.0097
1403, 23.38333, 0.0596721, -40.1835, 2.64003E-005, 49.0039
1404, 23.39167, 0.059736, -40.1895, 2.64383E-005, 48.9981
1404, 23.40000, 0.0598, -40.1955, 2.64763E-005, 48.9923
1405, 23.40833, 0.0598641, -40.2014, 2.65144E-005, 48.9865
1405, 23.41667, 0.0599282, -40.2074, 2.65526E-005, 48.9806
1406, 23.42500, 0.0599924, -40.2134, 2.65908E-005, 48.9748
1406, 23.43333, 0.0600567, -40.2194, 2.66291E-005, 48.9689
1407, 23.44167, 0.0601211, -40.2254, 2.66674E-005, 48.963
1407, 23.45000, 0.0601856, -40.2315, 2.67058E-005, 48.9571
1408, 23.45833, 0.0602501, -40.2375, 2.67443E-005, 48.9512
1408, 23.46667, 0.0603147, -40.2436, 2.67828E-005, 48.9453
1409, 23.47500, 0.0603794, -40.2496, 2.68213E-005, 48.9394
1409, 23.48333, 0.0604441, -40.2557, 2.68599E-005, 48.9335
1410, 23.49167, 0.060509, -40.2618, 2.68986E-005, 48.9275
1410, 23.50000, 0.0605739, -40.2679, 2.69373E-005, 48.9216
1411, 23.50833, 0.0606389, -40.274, 2.69761E-005, 48.9156
1411, 23.51667, 0.0607039, -40.2801, 2.70149E-005, 48.9096
1412, 23.52500, 0.0607691, -40.2863, 2.70538E-005, 48.9036
1412, 23.53333, 0.0608343, -40.2924, 2.70927E-005, 48.8976
1413, 23.54167, 0.0608996, -40.2986, 2.71317E-005, 48.8916
1413, 23.55000, 0.0609649, -40.3047, 2.71708E-005, 48.8856
1414, 23.55833, 0.0610304, -40.3109, 2.72099E-005, 48.8796
1414, 23.56667, 0.0610959, -40.3171, 2.72491E-005, 48.8735
1415, 23.57500, 0.0611615, -40.3233, 2.72883E-005, 48.8675
1415, 23.58333, 0.0612272, -40.3295, 2.73276E-005, 48.8614
1416, 23.59167, 0.061293, -40.3357, 2.73669E-005, 48.8553
1416, 23.60000, 0.0613588, -40.3419, 2.74063E-005, 48.8492
1417, 23.60833, 0.0614247, -40.3482, 2.74457E-005, 48.8431
1417, 23.61667, 0.0614907, -40.3544, 2.74852E-005, 48.837
1418, 23.62500, 0.0615568, -40.3607, 2.75248E-005, 48.8309
1418, 23.63333, 0.0616229, -40.367, 2.75644E-005, 48.8247
1419, 23.64167, 0.0616892, -40.3733, 2.76041E-005, 48.8186
1419, 23.65000, 0.0617555, -40.3796, 2.76438E-005, 48.8124
1420, 23.65833, 0.0618218, -40.3859, 2.76836E-005, 48.8063
1420, 23.66667, 0.0618883, -40.3922, 2.77235E-005, 48.8001
1421, 23.67500, 0.0619549, -40.3985, 2.77634E-005, 48.7939
1421, 23.68333, 0.0620215, -40.4049, 2.78033E-005, 48.7877
1422, 23.69167, 0.0620882, -40.4112, 2.78434E-005, 48.7815
1422, 23.70000, 0.062155, -40.4176, 2.78834E-005, 48.7752
1423, 23.70833, 0.0622218, -40.424, 2.79236E-005, 48.769
1423, 23.71667, 0.0622888, -40.4304, 2.79638E-005, 48.7627
1424, 23.72500, 0.0623558, -40.4368, 2.8004E-005, 48.7565
1424, 23.73333, 0.0624229, -40.4432, 2.80443E-005, 48.7502
1425, 23.74167, 0.0624901, -40.4496, 2.80847E-005, 48.7439
1425, 23.75000, 0.0625573, -40.456, 2.81251E-005, 48.7376
1426, 23.75833, 0.0626247, -40.4625, 2.81656E-005, 48.7313
1426, 23.76667, 0.0626921, -40.4689, 2.82061E-005, 48.725
1427, 23.77500, 0.0627596, -40.4754, 2.82467E-005, 48.7187
1427, 23.78333, 0.0628272, -40.4819, 2.82874E-005, 48.7123
1428, 23.79167, 0.0628948, -40.4884, 2.83281E-005, 48.706
1428, 23.80000, 0.0629626, -40.4949, 2.83689E-005, 48.6996
1429, 23.80833, 0.0630304, -40.5014, 2.84097E-005, 48.6932
1429, 23.81667, 0.0630983, -40.5079, 2.84506E-005, 48.6868
1430, 23.82500, 0.0631663, -40.5144, 2.84916E-005, 48.6804
1430, 23.83333, 0.0632343, -40.521, 2.85326E-005, 48.674
1431, 23.84167, 0.0633025, -40.5275, 2.85737E-005, 48.6676
1431, 23.85000, 0.0633707, -40.5341, 2.86148E-005, 48.6612
1432, 23.85833, 0.063439, -40.5407, 2.8656E-005, 48.6547
1432, 23.86667, 0.0635074, -40.5473, 2.86972E-005, 48.6483
1433, 23.87500, 0.0635759, -40.5539, 2.87385E-005, 48.6418
1433, 23.88333, 0.0636445, -40.5605, 2.87799E-005, 48.6353
1434, 23.89167, 0.0637131, -40.5671, 2.88213E-005, 48.6288
1434, 23.90000, 0.0637818, -40.5737, 2.88628E-005, 48.6223
1435, 23.90833, 0.0638506, -40.5804, 2.89044E-005, 48.6158
1435, 23.91667, 0.0639195, -40.587, 2.8946E-005, 48.6093
1436, 23.92500, 0.0639885, -40.5937, 2.89876E-005, 48.6028
1436, 23.93333, 0.0640575, -40.6004, 2.90294E-005, 48.5962
1437, 23.94167, 0.0641267, -40.6071, 2.90712E-005, 48.5897
1437, 23.95000, 0.0641959, -40.6138, 2.9113E-005, 48.5831
1438, 23.95833, 0.0642652, -40.6205, 2.91549E-005, 48.5765
1438, 23.96667, 0.0643346, -40.6272, 2.91969E-005, 48.5699
1438, 23.97500, 0.064404, -40.634, 2.92389E-005, 48.5633
1439, 23.98333, 0.0644736, -40.6407, 2.9281E-005, 48.5567
1440, 23.99167, 0.0645432, -40.6475, 2.93232E-005, 48.5501
1440, 24.00000, 0.0646129, -40.6542, 2.93654E-005, 48.5434
1440, 24.00833, 0.0646827, -40.661, 2.94077E-005, 48.5368
1441, 24.01667, 0.0647526, -40.6678, 2.945E-005, 48.5301
1442, 24.02500, 0.0648226, -40.6746, 2.94924E-005, 48.5235
1442, 24.03333, 0.0648926, -40.6814, 2.95349E-005, 48.5168
1443, 24.04167, 0.0649628, -40.6882, 2.95774E-005, 48.5101
1443, 24.05000, 0.065033, -40.6951, 2.962E-005, 48.5034
1444, 24.05833, 0.0651033, -40.7019, 2.96626E-005, 48.4967
1444, 24.06667, 0.0651737, -40.7088, 2.97053E-005, 48.4899
1445, 24.07500, 0.0652442, -40.7156, 2.97481E-005, 48.4832
1445, 24.08333, 0.0653147, -40.7225, 2.97909E-005, 48.4764
1446, 24.09167, 0.0653854, -40.7294, 2.98338E-005, 48.4697
1446, 24.10000, 0.0654561, -40.7363, 2.98768E-005, 48.4629
1447, 24.10833, 0.0655269, -40.7432, 2.99198E-005, 48.4561
1447, 24.11667, 0.0655979, -40.7501, 2.99629E-005, 48.4493
1448, 24.12500, 0.0656688, -40.7571, 3.0006E-005, 48.4425
1448, 24.13333, 0.0657399, -40.764, 3.00492E-005, 48.4357
1449, 24.14167, 0.0658111, -40.771, 3.00925E-005, 48.4289
1449, 24.15000, 0.0658823, -40.778, 3.01359E-005, 48.422
1450, 24.15833, 0.0659537, -40.7849, 3.01792E-005, 48.4152
1450, 24.16667, 0.0660251, -40.7919, 3.02227E-005, 48.4083
1451, 24.17500, 0.0660966, -40.7989, 3.02662E-005, 48.4015
1451, 24.18333, 0.0661682, -40.8059, 3.03098E-005, 48.3946
1452, 24.19167, 0.0662399, -40.813, 3.03535E-005, 48.3877
1452, 24.20000, 0.0663116, -40.82, 3.03972E-005, 48.3808
1453, 24.20833, 0.0663835, -40.827, 3.0441E-005, 48.3738
1453, 24.21667, 0.0664554, -40.8341, 3.04848E-005, 48.3669
1454, 24.22500, 0.0665275, -40.8412, 3.05287E-005, 48.36
1454, 24.23333, 0.0665996, -40.8482, 3.05727E-005, 48.353
1455, 24.24167, 0.0666718, -40.8553, 3.06167E-005, 48.3461
1455, 24.25000, 0.0667441, -40.8624, 3.06608E-005, 48.3391
1456, 24.25833, 0.0668164, -40.8695, 3.0705E-005, 48.3321
1456, 24.26667, 0.0668889, -40.8766, 3.07492E-005, 48.3251
1457, 24.27500, 0.0669615, -40.8838, 3.07935E-005, 48.3181
1457, 24.28333, 0.0670341, -40.8909, 3.08378E-005, 48.3111
1458, 24.29167, 0.0671068, -40.8981, 3.08823E-005, 48.3041
1458, 24.30000, 0.0671797, -40.9052, 3.09267E-005, 48.297
1459, 24.30833, 0.0672526, -40.9124, 3.09713E-005, 48.29
1459, 24.31667, 0.0673256, -40.9196, 3.10159E-005, 48.2829
1460, 24.32500, 0.0673986, -40.9268, 3.10606E-005, 48.2758
1460, 24.33333, 0.0674718, -40.934, 3.11053E-005, 48.2687
1461, 24.34167, 0.0675451, -40.9412, 3.11501E-005, 48.2616
1461, 24.35000, 0.0676184, -40.9485, 3.1195E-005, 48.2545
1462, 24.35833, 0.0676919, -40.9557, 3.12399E-005, 48.2474
1462, 24.36667, 0.0677654, -40.963, 3.1285E-005, 48.2403
1463, 24.37500, 0.067839, -40.9702, 3.133E-005, 48.2332
1463, 24.38333, 0.0679127, -40.9775, 3.13752E-005, 48.226
1464, 24.39167, 0.0679865, -40.9848, 3.14204E-005, 48.2188
1464, 24.40000, 0.0680604, -40.9921, 3.14656E-005, 48.2117
1465, 24.40833, 0.0681344, -40.9994, 3.1511E-005, 48.2045
1465, 24.41667, 0.0682085, -41.0067, 3.15564E-005, 48.1973
1466, 24.42500, 0.0682826, -41.014, 3.16018E-005, 48.1901
1466, 24.43333, 0.0683569, -41.0214, 3.16474E-005, 48.1829
1467, 24.44167, 0.0684313, -41.0287, 3.1693E-005, 48.1756
1467, 24.45000, 0.0685057, -41.0361, 3.17387E-005, 48.1684
1468, 24.45833, 0.0685802, -41.0434, 3.17844E-005, 48.1612
1468, 24.46667, 0.0686548, -41.0508, 3.18302E-005, 48.1539
1469, 24.47500, 0.0687295, -41.0582, 3.18761E-005, 48.1466
1469, 24.48333, 0.0688043, -41.0656, 3.1922E-005, 48.1393
1470, 24.49167, 0.0688792, -41.073, 3.1968E-005, 48.132
1470, 24.50000, 0.0689542, -41.0804, 3.20141E-005, 48.1247
1471, 24.50833, 0.0690293, -41.0879, 3.20602E-005, 48.1174
1471, 24.51667, 0.0691045, -41.0953, 3.21064E-005, 48.1101
1472, 24.52500, 0.0691797, -41.1028, 3.21527E-005, 48.1028
1472, 24.53333, 0.0692551, -41.1102, 3.2199E-005, 48.0954
1473, 24.54167, 0.0693305, -41.1177, 3.22455E-005, 48.0881
1473, 24.55000, 0.069406, -41.1252, 3.22919E-005, 48.0807
1474, 24.55833, 0.0694817, -41.1327, 3.23385E-005, 48.0733
1474, 24.56667, 0.0695574, -41.1402, 3.23851E-005, 48.0659
1475, 24.57500, 0.0696332, -41.1477, 3.24318E-005, 48.0585
1475, 24.58333, 0.0697091, -41.1553, 3.24785E-005, 48.0511
1476, 24.59167, 0.0697851, -41.1628, 3.25254E-005, 48.0437
1476, 24.60000, 0.0698612, -41.1704, 3.25723E-005, 48.0363
1477, 24.60833, 0.0699374, -41.1779, 3.26192E-005, 48.0288
1477, 24.61667, 0.0700137, -41.1855, 3.26662E-005, 48.0214
1478, 24.62500, 0.0700901, -41.1931, 3.27133E-005, 48.0139
1478, 24.63333, 0.0701665, -41.2007, 3.27605E-005, 48.0064
1479, 24.64167, 0.0702431, -41.2083, 3.28077E-005, 47.9989
1479, 24.65000, 0.0703198, -41.2159, 3.28551E-005, 47.9914
1480, 24.65833, 0.0703965, -41.2235, 3.29024E-005, 47.9839
1480, 24.66667, 0.0704734, -41.2311, 3.29499E-005, 47.9764
1481, 24.67500, 0.0705503, -41.2388, 3.29974E-005, 47.9689
1481, 24.68333, 0.0706273, -41.2464, 3.3045E-005, 47.9613
1482, 24.69167, 0.0707045, -41.2541, 3.30926E-005, 47.9538
1482, 24.70000, 0.0707817, -41.2618, 3.31404E-005, 47.9462
1483, 24.70833, 0.070859, -41.2695, 3.31881E-005, 47.9387
1483, 24.71667, 0.0709365, -41.2772, 3.3236E-005, 47.9311
1484, 24.72500, 0.071014, -41.2849, 3.3284E-005, 47.9235
1484, 24.73333, 0.0710916, -41.2926, 3.3332E-005, 47.9159
1485, 24.74167, 0.0711693, -41.3003, 3.338E-005, 47.9083
1485, 24.75000, 0.0712471, -41.3081, 3.34282E-005, 47.9007
1486, 24.75833, 0.071325, -41.3158, 3.34764E-005, 47.893
1486, 24.76667, 0.071403, -41.3236, 3.35247E-005, 47.8854
1487, 24.77500, 0.0714811, -41.3313, 3.35731E-005, 47.8777
1487, 24.78333, 0.0715593, -41.3391, 3.36215E-005, 47.8701
1488, 24.79167, 0.0716376, -41.3469, 3.367E-005, 47.8624
1488, 24.80000, 0.0717159, -41.3547, 3.37186E-005, 47.8547
1489, 24.80833, 0.0717944, -41.3625, 3.37672E-005, 47.847
1489, 24.81667, 0.071873, -41.3703, 3.3816E-005, 47.8393
1490, 24.82500, 0.0719517, -41.3782, 3.38647E-005, 47.8316
1490, 24.83333, 0.0720304, -41.386, 3.39136E-005, 47.8239
1491, 24.84167, 0.0721093, -41.3939, 3.39625E-005, 47.8161
1491, 24.85000, 0.0721883, -41.4017, 3.40116E-005, 47.8084
1492, 24.85833, 0.0722673, -41.4096, 3.40606E-005, 47.8006
1492, 24.86667, 0.0723465, -41.4175, 3.41098E-005, 47.7928
1493, 24.87500, 0.0724258, -41.4254, 3.4159E-005, 47.7851
1493, 24.88333, 0.0725051, -41.4333, 3.42083E-005, 47.7773
1494, 24.89167, 0.0725846, -41.4412, 3.42577E-005, 47.7695
1494, 24.90000, 0.0726642, -41.4491, 3.43071E-005, 47.7617
1495, 24.90833, 0.0727438, -41.457, 3.43567E-005, 47.7539
1495, 24.91667, 0.0728236, -41.465, 3.44063E-005, 47.746
1496, 24.92500, 0.0729034, -41.4729, 3.44559E-005, 47.7382
1496, 24.93333, 0.0729834, -41.4809, 3.45057E-005, 47.7303
1497, 24.94167, 0.0730635, -41.4888, 3.45555E-005, 47.7225
1497, 24.95000, 0.0731436, -41.4968, 3.46054E-005, 47.7146
1498, 24.95833, 0.0732239, -41.5048, 3.46553E-005, 47.7067
1498, 24.96667, 0.0733042, -41.5128, 3.47054E-005, 47.6988
1499, 24.97500, 0.0733847, -41.5208, 3.47555E-005, 47.6909
1499, 24.98333, 0.0734652, -41.5288, 3.48057E-005, 47.683
1500, 24.99167, 0.0735459, -41.5369, 3.48559E-005, 47.6751
1500, 25.00000, 0.0736267, -41.5449, 3.49062E-005, 47.6672
1501, 25.00833, 0.0737075, -41.553, 3.49567E-005, 47.6593
1501, 25.01667, 0.0737885, -41.561, 3.50071E-005, 47.6513
1502, 25.02500, 0.0738695, -41.5691, 3.50577E-005, 47.6434
1502, 25.03333, 0.0739507, -41.5772, 3.51083E-005, 47.6354
1503, 25.04167, 0.074032, -41.5852, 3.5159E-005, 47.6274
1503, 25.05000, 0.0741133, -41.5933, 3.52098E-005, 47.6194
1504, 25.05833, 0.0741948, -41.6014, 3.52607E-005, 47.6114
1504, 25.06667, 0.0742764, -41.6096, 3.53116E-005, 47.6034
1505, 25.07500, 0.0743581, -41.6177, 3.53626E-005, 47.5954
1505, 25.08333, 0.0744398, -41.6258, 3.54137E-005, 47.5874
1506, 25.09167, 0.0745217, -41.634, 3.54649E-005, 47.5793
1506, 25.10000, 0.0746037, -41.6421, 3.55161E-005, 47.5713
1507, 25.10833, 0.0746858, -41.6503, 3.55674E-005, 47.5632
1507, 25.11667, 0.074768, -41.6585, 3.56188E-005, 47.5552
1508, 25.12500, 0.0748503, -41.6666, 3.56703E-005, 47.5471
1508, 25.13333, 0.0749327, -41.6748, 3.57218E-005, 47.539
1509, 25.14167, 0.0750152, -41.683, 3.57735E-005, 47.5309
1509, 25.15000, 0.0750978, -41.6912, 3.58252E-005, 47.5228
1510, 25.15833, 0.0751805, -41.6995, 3.58769E-005, 47.5147
1510, 25.16667, 0.0752633, -41.7077, 3.59288E-005, 47.5066
1511, 25.17500, 0.0753462, -41.7159, 3.59807E-005, 47.4985
1511, 25.18333, 0.0754292, -41.7242, 3.60327E-005, 47.4903
1512, 25.19167, 0.0755124, -41.7324, 3.60848E-005, 47.4822
1512, 25.20000, 0.0755956, -41.7407, 3.6137E-005, 47.474
1513, 25.20833, 0.0756789, -41.749, 3.61892E-005, 47.4659
1513, 25.21667, 0.0757624, -41.7572, 3.62416E-005, 47.4577
1514, 25.22500, 0.0758459, -41.7655, 3.6294E-005, 47.4495
1514, 25.23333, 0.0759296, -41.7738, 3.63464E-005, 47.4413
1515, 25.24167, 0.0760133, -41.7821, 3.6399E-005, 47.4331
1515, 25.25000, 0.0760972, -41.7905, 3.64516E-005, 47.4249
1516, 25.25833, 0.0761812, -41.7988, 3.65043E-005, 47.4167
1516, 25.26667, 0.0762652, -41.8071, 3.65571E-005, 47.4084
1517, 25.27500, 0.0763494, -41.8155, 3.661E-005, 47.4002
1517, 25.28333, 0.0764337, -41.8238, 3.6663E-005, 47.3919
1518, 25.29167, 0.0765181, -41.8322, 3.6716E-005, 47.3837
1518, 25.30000, 0.0766026, -41.8406, 3.67691E-005, 47.3754
1519, 25.30833, 0.0766872, -41.8489, 3.68223E-005, 47.3671
1519, 25.31667, 0.076772, -41.8573, 3.68756E-005, 47.3588
1520, 25.32500, 0.0768568, -41.8657, 3.69289E-005, 47.3505
1520, 25.33333, 0.0769417, -41.8741, 3.69823E-005, 47.3422
1521, 25.34167, 0.0770268, -41.8826, 3.70358E-005, 47.3339
1521, 25.35000, 0.0771119, -41.891, 3.70894E-005, 47.3256
1522, 25.35833, 0.0771972, -41.8994, 3.71431E-005, 47.3173
1522, 25.36667, 0.0772825, -41.9079, 3.71969E-005, 47.3089
1523, 25.37500, 0.077368, -41.9163, 3.72507E-005, 47.3006
1523, 25.38333, 0.0774536, -41.9248, 3.73046E-005, 47.2922
1524, 25.39167, 0.0775393, -41.9332, 3.73586E-005, 47.2839
1524, 25.40000, 0.0776251, -41.9417, 3.74127E-005, 47.2755
1525, 25.40833, 0.077711, -41.9502, 3.74668E-005, 47.2671
1525, 25.41667, 0.0777971, -41.9587, 3.75211E-005, 47.2587
1526, 25.42500, 0.0778832, -41.9672, 3.75754E-005, 47.2503
1526, 25.43333, 0.0779694, -41.9757, 3.76298E-005, 47.2419
1527, 25.44167, 0.0780558, -41.9842, 3.76843E-005, 47.2335
1527, 25.45000, 0.0781422, -41.9927, 3.77388E-005, 47.2251
1528, 25.45833, 0.0782288, -42.0013, 3.77935E-005, 47.2166
1528, 25.46667, 0.0783155, -42.0098, 3.78482E-005, 47.2082
1529, 25.47500, 0.0784023, -42.0184, 3.7903E-005, 47.1998
1529, 25.48333, 0.0784892, -42.0269, 3.79579E-005, 47.1913
1530, 25.49167, 0.0785763, -42.0355, 3.80129E-005, 47.1828
1530, 25.50000, 0.0786634, -42.0441, 3.8068E-005, 47.1744
1531, 25.50833, 0.0787506, -42.0527, 3.81231E-005, 47.1659
1531, 25.51667, 0.078838, -42.0612, 3.81784E-005, 47.1574
1532, 25.52500, 0.0789255, -42.0699, 3.82337E-005, 47.1489
1532, 25.53333, 0.079013, -42.0785, 3.82891E-005, 47.1404
1533, 25.54167, 0.0791007, -42.0871, 3.83445E-005, 47.1319
1533, 25.55000, 0.0791885, -42.0957, 3.84001E-005, 47.1233
1534, 25.55833, 0.0792765, -42.1043, 3.84557E-005, 47.1148
1534, 25.56667, 0.0793645, -42.113, 3.85115E-005, 47.1063
1535, 25.57500, 0.0794527, -42.1216, 3.85673E-005, 47.0977
1535, 25.58333, 0.0795409, -42.1303, 3.86232E-005, 47.0892
1536, 25.59167, 0.0796293, -42.1389, 3.86792E-005, 47.0806
1536, 25.60000, 0.0797178, -42.1476, 3.87353E-005, 47.072
1537, 25.60833, 0.0798064, -42.1563, 3.87914E-005, 47.0634
1537, 25.61667, 0.0798951, -42.165, 3.88477E-005, 47.0549
1538, 25.62500, 0.079984, -42.1737, 3.8904E-005, 47.0463
1538, 25.63333, 0.0800729, -42.1824, 3.89604E-005, 47.0377
1539, 25.64167, 0.080162, -42.1911, 3.90169E-005, 47.029
1539, 25.65000, 0.0802512, -42.1998, 3.90735E-005, 47.0204
1540, 25.65833, 0.0803405, -42.2085, 3.91302E-005, 47.0118
1540, 25.66667, 0.0804299, -42.2172, 3.91869E-005, 47.0032
1541, 25.67500, 0.0805194, -42.226, 3.92438E-005, 46.9945
1541, 25.68333, 0.080609, -42.2347, 3.93007E-005, 46.9859
1542, 25.69167, 0.0806988, -42.2435, 3.93577E-005, 46.9772
1542, 25.70000, 0.0807887, -42.2522, 3.94148E-005, 46.9686
1543, 25.70833, 0.0808787, -42.261, 3.9472E-005, 46.9599
1543, 25.71667, 0.0809688, -42.2698, 3.95293E-005, 46.9512
1544, 25.72500, 0.081059, -42.2786, 3.95867E-005, 46.9425
1544, 25.73333, 0.0811494, -42.2874, 3.96441E-005, 46.9338
1545, 25.74167, 0.0812399, -42.2962, 3.97017E-005, 46.9251
1545, 25.75000, 0.0813304, -42.305, 3.97593E-005, 46.9164
1546, 25.75833, 0.0814211, -42.3138, 3.9817E-005, 46.9077
1546, 25.76667, 0.081512, -42.3226, 3.98748E-005, 46.899
1547, 25.77500, 0.0816029, -42.3314, 3.99327E-005, 46.8903
1547, 25.78333, 0.081694, -42.3402, 3.99907E-005, 46.8815
1548, 25.79167, 0.0817852, -42.3491, 4.00488E-005, 46.8728
1548, 25.80000, 0.0818765, -42.3579, 4.01069E-005, 46.864
1549, 25.80833, 0.0819679, -42.3668, 4.01652E-005, 46.8553
1549, 25.81667, 0.0820594, -42.3756, 4.02235E-005, 46.8465
1550, 25.82500, 0.0821511, -42.3845, 4.0282E-005, 46.8377
1550, 25.83333, 0.0822429, -42.3934, 4.03405E-005, 46.829
1551, 25.84167, 0.0823348, -42.4022, 4.03991E-005, 46.8202
1551, 25.85000, 0.0824268, -42.4111, 4.04578E-005, 46.8114
1552, 25.85833, 0.0825189, -42.42, 4.05166E-005, 46.8026
1552, 25.86667, 0.0826112, -42.4289, 4.05755E-005, 46.7938
1553, 25.87500, 0.0827036, -42.4378, 4.06344E-005, 46.785
1553, 25.88333, 0.0827961, -42.4467, 4.06935E-005, 46.7762
1554, 25.89167, 0.0828888, -42.4557, 4.07527E-005, 46.7673
1554, 25.90000, 0.0829815, -42.4646, 4.08119E-005, 46.7585
1555, 25.90833, 0.0830744, -42.4735, 4.08712E-005, 46.7497
1555, 25.91667, 0.0831674, -42.4825, 4.09307E-005, 46.7408
1556, 25.92500, 0.0832605, -42.4914, 4.09902E-005, 46.732
1556, 25.93333, 0.0833538, -42.5004, 4.10498E-005, 46.7231
1557, 25.94167, 0.0834471, -42.5093, 4.11095E-005, 46.7142
1557, 25.95000, 0.0835406, -42.5183, 4.11693E-005, 46.7054
1558, 25.95833, 0.0836343, -42.5272, 4.12292E-005, 46.6965
1558, 25.96667, 0.083728, -42.5362, 4.12892E-005, 46.6876
1559, 25.97500, 0.0838219, -42.5452, 4.13492E-005, 46.6787
1559, 25.98333, 0.0839159, -42.5542, 4.14094E-005, 46.6698
1560, 25.99167, 0.08401, -42.5632, 4.14697E-005, 46.6609
1560, 26.00000, 0.0841042, -42.5722, 4.153E-005, 46.652
1561, 26.00833, 0.0841986, -42.5812, 4.15905E-005, 46.6431
1561, 26.01667, 0.0842931, -42.5902, 4.1651E-005, 46.6342
1562, 26.02500, 0.0843877, -42.5992, 4.17117E-005, 46.6253
1562, 26.03333, 0.0844825, -42.6082, 4.17724E-005, 46.6163
1563, 26.04167, 0.0845774, -42.6173, 4.18332E-005, 46.6074
1563, 26.05000, 0.0846724, -42.6263, 4.18941E-005, 46.5985
1564, 26.05833, 0.0847675, -42.6353, 4.19551E-005, 46.5895
1564, 26.06667, 0.0848628, -42.6444, 4.20163E-005, 46.5806
1565, 26.07500, 0.0849582, -42.6534, 4.20775E-005, 46.5716
1565, 26.08333, 0.0850537, -42.6625, 4.21388E-005, 46.5626
1566, 26.09167, 0.0851494, -42.6715, 4.22002E-005, 46.5537
1566, 26.10000, 0.0852451, -42.6806, 4.22617E-005, 46.5447
1567, 26.10833, 0.085341, -42.6897, 4.23232E-005, 46.5357
1567, 26.11667, 0.0854371, -42.6988, 4.23849E-005, 46.5267
1568, 26.12500, 0.0855332, -42.7078, 4.24467E-005, 46.5177
1568, 26.13333, 0.0856295, -42.7169, 4.25086E-005, 46.5087
1569, 26.14167, 0.085726, -42.726, 4.25706E-005, 46.4997
1569, 26.15000, 0.0858225, -42.7351, 4.26326E-005, 46.4907
1570, 26.15833, 0.0859192, -42.7442, 4.26948E-005, 46.4817
1570, 26.16667, 0.086016, -42.7533, 4.27571E-005, 46.4727
1571, 26.17500, 0.086113, -42.7624, 4.28194E-005, 46.4636
1571, 26.18333, 0.0862101, -42.7716, 4.28819E-005, 46.4546
1572, 26.19167, 0.0863073, -42.7807, 4.29445E-005, 46.4456
1572, 26.20000, 0.0864046, -42.7898, 4.30071E-005, 46.4365
1573, 26.20833, 0.0865021, -42.799, 4.30699E-005, 46.4275
1573, 26.21667, 0.0865997, -42.8081, 4.31327E-005, 46.4184
1574, 26.22500, 0.0866975, -42.8172, 4.31957E-005, 46.4094
1574, 26.23333, 0.0867954, -42.8264, 4.32587E-005, 46.4003
1575, 26.24167, 0.0868934, -42.8355, 4.33219E-005, 46.3912
1575, 26.25000, 0.0869915, -42.8447, 4.33852E-005, 46.3822
1576, 26.25833, 0.0870898, -42.8539, 4.34485E-005, 46.3731
1576, 26.26667, 0.0871882, -42.863, 4.3512E-005, 46.364
1577, 26.27500, 0.0872868, -42.8722, 4.35755E-005, 46.3549
1577, 26.28333, 0.0873855, -42.8814, 4.36392E-005, 46.3458
1578, 26.29167, 0.0874843, -42.8906, 4.37029E-005, 46.3367
1578, 26.30000, 0.0875833, -42.8997, 4.37668E-005, 46.3276
1579, 26.30833, 0.0876824, -42.9089, 4.38307E-005, 46.3185
1579, 26.31667, 0.0877816, -42.9181, 4.38948E-005, 46.3094
1580, 26.32500, 0.087881, -42.9273, 4.3959E-005, 46.3003
1580, 26.33333, 0.0879805, -42.9365, 4.40232E-005, 46.2912
1581, 26.34167, 0.0880801, -42.9457, 4.40876E-005, 46.2821
1581, 26.35000, 0.0881799, -42.955, 4.41521E-005, 46.273
1582, 26.35833, 0.0882798, -42.9642, 4.42166E-005, 46.2638
1582, 26.36667, 0.0883799, -42.9734, 4.42813E-005, 46.2547
1583, 26.37500, 0.0884801, -42.9826, 4.43461E-005, 46.2455
1583, 26.38333, 0.0885804, -42.9918, 4.4411E-005, 46.2364
1584, 26.39167, 0.0886809, -43.0011, 4.4476E-005, 46.2273
1584, 26.40000, 0.0887815, -43.0103, 4.45411E-005, 46.2181
1585, 26.40833, 0.0888823, -43.0196, 4.46062E-005, 46.209
1585, 26.41667, 0.0889832, -43.0288, 4.46715E-005, 46.1998
1586, 26.42500, 0.0890843, -43.038, 4.47369E-005, 46.1906
1586, 26.43333, 0.0891854, -43.0473, 4.48025E-005, 46.1815
1587, 26.44167, 0.0892868, -43.0566, 4.48681E-005, 46.1723
1587, 26.45000, 0.0893882, -43.0658, 4.49338E-005, 46.1631
1588, 26.45833, 0.0894898, -43.0751, 4.49996E-005, 46.1539
1588, 26.46667, 0.0895916, -43.0843, 4.50655E-005, 46.1447
1589, 26.47500, 0.0896935, -43.0936, 4.51316E-005, 46.1356
1589, 26.48333, 0.0897955, -43.1029, 4.51977E-005, 46.1264
1590, 26.49167, 0.0898977, -43.1122, 4.5264E-005, 46.1172
1590, 26.50000, 0.09, -43.1215, 4.53303E-005, 46.108
1591, 26.50833, 0.0901025, -43.1307, 4.53968E-005, 46.0988
1591, 26.51667, 0.0902051, -43.14, 4.54634E-005, 46.0896
1592, 26.52500, 0.0903079, -43.1493, 4.553E-005, 46.0804
1592, 26.53333, 0.0904108, -43.1586, 4.55968E-005, 46.0711
1593, 26.54167, 0.0905139, -43.1679, 4.56637E-005, 46.0619
1593, 26.55000, 0.0906171, -43.1772, 4.57307E-005, 46.0527
1594, 26.55833, 0.0907204, -43.1865, 4.57978E-005, 46.0435
1594, 26.56667, 0.0908239, -43.1958, 4.5865E-005, 46.0343
1595, 26.57500, 0.0909276, -43.2051, 4.59324E-005, 46.025
1595, 26.58333, 0.0910314, -43.2145, 4.59998E-005, 46.0158
1596, 26.59167, 0.0911353, -43.2238, 4.60674E-005, 46.0066
1596, 26.60000, 0.0912394, -43.2331, 4.6135E-005, 45.9973
1597, 26.60833, 0.0913436, -43.2424, 4.62028E-005, 45.9881
1597, 26.61667, 0.091448, -43.2517, 4.62707E-005, 45.9788
1598, 26.62500, 0.0915525, -43.2611, 4.63386E-005, 45.9696
1598, 26.63333, 0.0916572, -43.2704, 4.64067E-005, 45.9603
1599, 26.64167, 0.0917621, -43.2797, 4.6475E-005, 45.9511
1599, 26.65000, 0.0918671, -43.2891, 4.65433E-005, 45.9418
1600, 26.65833, 0.0919722, -43.2984, 4.66117E-005, 45.9326
1600, 26.66667, 0.0920775, -43.3078, 4.66803E-005, 45.9233
1601, 26.67500, 0.0921829, -43.3171, 4.67489E-005, 45.914
1601, 26.68333, 0.0922885, -43.3265, 4.68177E-005, 45.9048
1602, 26.69167, 0.0923943, -43.3358, 4.68866E-005, 45.8955
1602, 26.70000, 0.0925002, -43.3452, 4.69556E-005, 45.8862
1603, 26.70833, 0.0926062, -43.3545, 4.70247E-005, 45.8769
1603, 26.71667, 0.0927125, -43.3639, 4.70939E-005, 45.8676
1604, 26.72500, 0.0928188, -43.3732, 4.71633E-005, 45.8584
1604, 26.73333, 0.0929253, -43.3826, 4.72327E-005, 45.8491
1605, 26.74167, 0.093032, -43.392, 4.73023E-005, 45.8398
1605, 26.75000, 0.0931389, -43.4014, 4.7372E-005, 45.8305
1606, 26.75833, 0.0932458, -43.4107, 4.74418E-005, 45.8212
1606, 26.76667, 0.093353, -43.4201, 4.75117E-005, 45.8119
1607, 26.77500, 0.0934603, -43.4295, 4.75817E-005, 45.8026
1607, 26.78333, 0.0935678, -43.4389, 4.76519E-005, 45.7933
1608, 26.79167, 0.0936754, -43.4482, 4.77221E-005, 45.784
1608, 26.80000, 0.0937831, -43.4576, 4.77925E-005, 45.7747
1609, 26.80833, 0.0938911, -43.467, 4.7863E-005, 45.7654
1609, 26.81667, 0.0939992, -43.4764, 4.79336E-005, 45.7561
1610, 26.82500, 0.0941074, -43.4858, 4.80044E-005, 45.7468
1610, 26.83333, 0.0942158, -43.4952, 4.80752E-005, 45.7374
1611, 26.84167, 0.0943244, -43.5046, 4.81462E-005, 45.7281
1611, 26.85000, 0.0944332, -43.514, 4.82173E-005, 45.7188
1612, 26.85833, 0.0945421, -43.5234, 4.82885E-005, 45.7095
1612, 26.86667, 0.0946511, -43.5328, 4.83598E-005, 45.7002
1613, 26.87500, 0.0947604, -43.5422, 4.84313E-005, 45.6908
1613, 26.88333, 0.0948697, -43.5516, 4.85028E-005, 45.6815
1614, 26.89167, 0.0949793, -43.561, 4.85745E-005, 45.6722
1614, 26.90000, 0.095089, -43.5704, 4.86463E-005, 45.6629
1615, 26.90833, 0.0951989, -43.5798, 4.87182E-005, 45.6535
1615, 26.91667, 0.0953089, -43.5892, 4.87903E-005, 45.6442
1616, 26.92500, 0.0954191, -43.5986, 4.88625E-005, 45.6348
1616, 26.93333, 0.0955295, -43.608, 4.89348E-005, 45.6255
1617, 26.94167, 0.09564, -43.6175, 4.90072E-005, 45.6162
1617, 26.95000, 0.0957507, -43.6269, 4.90797E-005, 45.6068
1618, 26.95833, 0.0958616, -43.6363, 4.91524E-005, 45.5975
1618, 26.96667, 0.0959727, -43.6457, 4.92252E-005, 45.5881
1619, 26.97500, 0.0960839, -43.6551, 4.92981E-005, 45.5788
1619, 26.98333, 0.0961952, -43.6646, 4.93711E-005, 45.5694
1620, 26.99167, 0.0963068, -43.674, 4.94443E-005, 45.5601
1620, 27.00000, 0.0964185, -43.6834, 4.95175E-005, 45.5507
1621, 27.00833, 0.0965304, -43.6928, 4.95909E-005, 45.5414
1621, 27.01667, 0.0966425, -43.7023, 4.96645E-005, 45.532
1622, 27.02500, 0.0967547, -43.7117, 4.97381E-005, 45.5227
1622, 27.03333, 0.0968671, -43.7211, 4.98119E-005, 45.5133
1623, 27.04167, 0.0969796, -43.7306, 4.98858E-005, 45.5039
1623, 27.05000, 0.0970924, -43.74, 4.99598E-005, 45.4946
1624, 27.05833, 0.0972053, -43.7495, 5.0034E-005, 45.4852
1624, 27.06667, 0.0973184, -43.7589, 5.01083E-005, 45.4758
1625, 27.07500, 0.0974317, -43.7683, 5.01827E-005, 45.4665
1625, 27.08333, 0.0975451, -43.7778, 5.02572E-005, 45.4571
1626, 27.09167, 0.0976587, -43.7872, 5.03319E-005, 45.4477
1626, 27.10000, 0.0977725, -43.7967, 5.04067E-005, 45.4384
1627, 27.10833, 0.0978865, -43.8061, 5.04816E-005, 45.429
1627, 27.11667, 0.0980006, -43.8156, 5.05567E-005, 45.4196
1628, 27.12500, 0.0981149, -43.825, 5.06319E-005, 45.4102
1628, 27.13333, 0.0982294, -43.8345, 5.07072E-005, 45.4009
1629, 27.14167, 0.0983441, -43.8439, 5.07827E-005, 45.3915
1629, 27.15000, 0.0984589, -43.8534, 5.08582E-005, 45.3821
1630, 27.15833, 0.098574, -43.8628, 5.09339E-005, 45.3727
1630, 27.16667, 0.0986892, -43.8723, 5.10098E-005, 45.3633
1631, 27.17500, 0.0988046, -43.8817, 5.10857E-005, 45.354
1631, 27.18333, 0.0989202, -43.8912, 5.11619E-005, 45.3446
1632, 27.19167, 0.0990359, -43.9006, 5.12381E-005, 45.3352
1632, 27.20000, 0.0991518, -43.9101, 5.13145E-005, 45.3258
1633, 27.20833, 0.099268, -43.9196, 5.1391E-005, 45.3164
1633, 27.21667, 0.0993843, -43.929, 5.14676E-005, 45.307
1634, 27.22500, 0.0995008, -43.9385, 5.15444E-005, 45.2976
1634, 27.23333, 0.0996174, -43.9479, 5.16213E-005, 45.2882
1635, 27.24167, 0.0997343, -43.9574, 5.16983E-005, 45.2788
1635, 27.25000, 0.0998513, -43.9669, 5.17755E-005, 45.2694
1636, 27.25833, 0.0999685, -43.9763, 5.18528E-005, 45.26
1636, 27.26667, 0.100086, -43.9858, 5.19303E-005, 45.2507
1637, 27.27500, 0.100204, -43.9953, 5.20079E-005, 45.2413
1637, 27.28333, 0.100321, -44.0047, 5.20856E-005, 45.2319
1638, 27.29167, 0.100439, -44.0142, 5.21634E-005, 45.2225
1638, 27.30000, 0.100557, -44.0237, 5.22414E-005, 45.2131
1639, 27.30833, 0.100676, -44.0332, 5.23196E-005, 45.2037
1639, 27.31667, 0.100794, -44.0426, 5.23978E-005, 45.1942
1640, 27.32500, 0.100913, -44.0521, 5.24763E-005, 45.1848
1640, 27.33333, 0.101032, -44.0616, 5.25548E-005, 45.1754
1641, 27.34167, 0.101151, -44.0711, 5.26335E-005, 45.166
1641, 27.35000, 0.10127, -44.0805, 5.27123E-005, 45.1566
1642, 27.35833, 0.10139, -44.09, 5.27913E-005, 45.1472
1642, 27.36667, 0.10151, -44.0995, 5.28704E-005, 45.1378
1643, 27.37500, 0.10163, -44.109, 5.29497E-005, 45.1284
1643, 27.38333, 0.10175, -44.1185, 5.30291E-005, 45.119
1644, 27.39167, 0.10187, -44.1279, 5.31086E-005, 45.1096
1644, 27.40000, 0.10199, -44.1374, 5.31883E-005, 45.1002
1645, 27.40833, 0.102111, -44.1469, 5.32681E-005, 45.0907
1645, 27.41667, 0.102232, -44.1564, 5.33481E-005, 45.0813
1646, 27.42500, 0.102353, -44.1659, 5.34282E-005, 45.0719
1646, 27.43333, 0.102474, -44.1754, 5.35085E-005, 45.0625
1647, 27.44167, 0.102596, -44.1848, 5.35889E-005, 45.0531
1647, 27.45000, 0.102717, -44.1943, 5.36694E-005, 45.0437
1648, 27.45833, 0.102839, -44.2038, 5.37501E-005, 45.0342
1648, 27.46667, 0.102961, -44.2133, 5.38309E-005, 45.0248
1649, 27.47500, 0.103084, -44.2228, 5.39119E-005, 45.0154
1649, 27.48333, 0.103206, -44.2323, 5.3993E-005, 45.006
1650, 27.49167, 0.103329, -44.2418, 5.40743E-005, 44.9965
1650, 27.50000, 0.103452, -44.2513, 5.41557E-005, 44.9871
1651, 27.50833, 0.103575, -44.2608, 5.42373E-005, 44.9777
1651, 27.51667, 0.103698, -44.2703, 5.4319E-005, 44.9683
1652, 27.52500, 0.103821, -44.2798, 5.44009E-005, 44.9588
1652, 27.53333, 0.103945, -44.2892, 5.44829E-005, 44.9494
1653, 27.54167, 0.104069, -44.2987, 5.45651E-005, 44.94
1653, 27.55000, 0.104193, -44.3082, 5.46474E-005, 44.9305
1654, 27.55833, 0.104317, -44.3177, 5.47299E-005, 44.9211
1654, 27.56667, 0.104442, -44.3272, 5.48125E-005, 44.9117
1655, 27.57500, 0.104567, -44.3368, 5.48953E-005, 44.9022
1655, 27.58333, 0.104692, -44.3463, 5.49782E-005, 44.8928
1656, 27.59167, 0.104817, -44.3558, 5.50613E-005, 44.8834
1656, 27.60000, 0.104942, -44.3653, 5.51445E-005, 44.8739
1657, 27.60833, 0.105068, -44.3748, 5.52279E-005, 44.8645
1657, 27.61667, 0.105194, -44.3843, 5.53115E-005, 44.855
1658, 27.62500, 0.10532, -44.3938, 5.53952E-005, 44.8456
1658, 27.63333, 0.105446, -44.4033, 5.5479E-005, 44.8361
1659, 27.64167, 0.105572, -44.4128, 5.5563E-005, 44.8267
1659, 27.65000, 0.105699, -44.4223, 5.56472E-005, 44.8172
1660, 27.65833, 0.105826, -44.4318, 5.57315E-005, 44.8078
1660, 27.66667, 0.105953, -44.4413, 5.5816E-005, 44.7983
1661, 27.67500, 0.10608, -44.4509, 5.59006E-005, 44.7889
1661, 27.68333, 0.106208, -44.4604, 5.59854E-005, 44.7794
1662, 27.69167, 0.106335, -44.4699, 5.60704E-005, 44.77
1662, 27.70000, 0.106463, -44.4794, 5.61555E-005, 44.7605
1663, 27.70833, 0.106591, -44.4889, 5.62407E-005, 44.7511
1663, 27.71667, 0.10672, -44.4985, 5.63262E-005, 44.7416
1664, 27.72500, 0.106848, -44.508, 5.64117E-005, 44.7322
1664, 27.73333, 0.106977, -44.5175, 5.64975E-005, 44.7227
1665, 27.74167, 0.107106, -44.527, 5.65834E-005, 44.7132
1665, 27.75000, 0.107236, -44.5366, 5.66695E-005, 44.7038
1666, 27.75833, 0.107365, -44.5461, 5.67557E-005, 44.6943
1666, 27.76667, 0.107495, -44.5556, 5.68421E-005, 44.6848
1667, 27.77500, 0.107625, -44.5652, 5.69287E-005, 44.6754
1667, 27.78333, 0.107755, -44.5747, 5.70154E-005, 44.6659
1668, 27.79167, 0.107886, -44.5842, 5.71023E-005, 44.6564
1668, 27.80000, 0.108016, -44.5938, 5.71893E-005, 44.6469
1669, 27.80833, 0.108147, -44.6033, 5.72766E-005, 44.6375
1669, 27.81667, 0.108278, -44.6128, 5.7364E-005, 44.628
1670, 27.82500, 0.10841, -44.6224, 5.74515E-005, 44.6185
1670, 27.83333, 0.108541, -44.6319, 5.75392E-005, 44.609
1671, 27.84167, 0.108673, -44.6415, 5.76271E-005, 44.5995
1671, 27.85000, 0.108805, -44.651, 5.77152E-005, 44.59
1672, 27.85833, 0.108937, -44.6606, 5.78034E-005, 44.5806
1672, 27.86667, 0.10907, -44.6701, 5.78918E-005, 44.5711
1673, 27.87500, 0.109202, -44.6797, 5.79804E-005, 44.5616
1673, 27.88333, 0.109335, -44.6892, 5.80691E-005, 44.5521
1674, 27.89167, 0.109469, -44.6988, 5.8158E-005, 44.5426
1674, 27.90000, 0.109602, -44.7083, 5.82471E-005, 44.5331
1675, 27.90833, 0.109736, -44.7179, 5.83363E-005, 44.5236
1675, 27.91667, 0.10987, -44.7275, 5.84257E-005, 44.5141
1676, 27.92500, 0.110004, -44.737, 5.85153E-005, 44.5046
1676, 27.93333, 0.110138, -44.7466, 5.86051E-005, 44.4951
1677, 27.94167, 0.110273, -44.7562, 5.8695E-005, 44.4855
1677, 27.95000, 0.110408, -44.7658, 5.87852E-005, 44.476
1678, 27.95833, 0.110543, -44.7753, 5.88754E-005, 44.4665
1678, 27.96667, 0.110678, -44.7849, 5.89659E-005, 44.457
1679, 27.97500, 0.110814, -44.7945, 5.90566E-005, 44.4475
1679, 27.98333, 0.11095, -44.8041, 5.91474E-005, 44.438
1680, 27.99167, 0.111086, -44.8137, 5.92384E-005, 44.4284
1680, 28.00000, 0.111222, -44.8233, 5.93295E-005, 44.4189
1681, 28.00833, 0.111359, -44.8328, 5.94209E-005, 44.4094
1681, 28.01667, 0.111496, -44.8424, 5.95124E-005, 44.3998
1682, 28.02500, 0.111633, -44.852, 5.96041E-005, 44.3903
1682, 28.03333, 0.11177, -44.8616, 5.9696E-005, 44.3807
1683, 28.04167, 0.111908, -44.8712, 5.97881E-005, 44.3712
1683, 28.05000, 0.112046, -44.8808, 5.98804E-005, 44.3617
1684, 28.05833, 0.112184, -44.8905, 5.99728E-005, 44.3521
1684, 28.06667, 0.112323, -44.9001, 6.00654E-005, 44.3425
1685, 28.07500, 0.112461, -44.9097, 6.01582E-005, 44.333
1685, 28.08333, 0.1126, -44.9193, 6.02512E-005, 44.3234
1686, 28.09167, 0.112739, -44.9289, 6.03444E-005, 44.3139
1686, 28.10000, 0.112879, -44.9386, 6.04377E-005, 44.3043
1687, 28.10833, 0.113018, -44.9482, 6.05313E-005, 44.2947
1687, 28.11667, 0.113158, -44.9578, 6.0625E-005, 44.2851
1688, 28.12500, 0.113298, -44.9675, 6.07189E-005, 44.2756
1688, 28.13333, 0.113439, -44.9771, 6.0813E-005, 44.266
1689, 28.14167, 0.11358, -44.9867, 6.09073E-005, 44.2564
1689, 28.15000, 0.113721, -44.9964, 6.10018E-005, 44.2468
1690, 28.15833, 0.113862, -45.006, 6.10964E-005, 44.2372
1690, 28.16667, 0.114003, -45.0157, 6.11913E-005, 44.2276
1691, 28.17500, 0.114145, -45.0253, 6.12864E-005, 44.218
1691, 28.18333, 0.114287, -45.035, 6.13816E-005, 44.2084
1692, 28.19167, 0.114429, -45.0447, 6.1477E-005, 44.1988
1692, 28.20000, 0.114572, -45.0544, 6.15726E-005, 44.1892
1693, 28.20833, 0.114715, -45.064, 6.16685E-005, 44.1796
1693, 28.21667, 0.114858, -45.0737, 6.17645E-005, 44.1699
1694, 28.22500, 0.115001, -45.0834, 6.18607E-005, 44.1603
1694, 28.23333, 0.115145, -45.0931, 6.19571E-005, 44.1507
1695, 28.24167, 0.115289, -45.1028, 6.20537E-005, 44.141
1695, 28.25000, 0.115433, -45.1125, 6.21505E-005, 44.1314
1696, 28.25833, 0.115578, -45.1222, 6.22474E-005, 44.1217
1696, 28.26667, 0.115722, -45.1319, 6.23446E-005, 44.1121
1697, 28.27500, 0.115867, -45.1416, 6.2442E-005, 44.1024
1697, 28.28333, 0.116013, -45.1513, 6.25396E-005, 44.0928
1698, 28.29167, 0.116158, -45.161, 6.26374E-005, 44.0831
1698, 28.30000, 0.116304, -45.1708, 6.27353E-005, 44.0734
1699, 28.30833, 0.11645, -45.1805, 6.28335E-005, 44.0638
1699, 28.31667, 0.116597, -45.1902, 6.29319E-005, 44.0541
1700, 28.32500, 0.116743, -45.2, 6.30305E-005, 44.0444
1700, 28.33333, 0.11689, -45.2097, 6.31293E-005, 44.0347
1701, 28.34167, 0.117038, -45.2195, 6.32283E-005, 44.025
1701, 28.35000, 0.117185, -45.2292, 6.33274E-005, 44.0153
1702, 28.35833, 0.117333, -45.239, 6.34268E-005, 44.0056
1702, 28.36667, 0.117481, -45.2488, 6.35265E-005, 43.9958
1703, 28.37500, 0.11763, -45.2586, 6.36263E-005, 43.9861
1703, 28.38333, 0.117778, -45.2683, 6.37263E-005, 43.9764
1704, 28.39167, 0.117927, -45.2781, 6.38265E-005, 43.9666
1704, 28.40000, 0.118077, -45.2879, 6.39269E-005, 43.9569
1705, 28.40833, 0.118226, -45.2977, 6.40275E-005, 43.9472
1705, 28.41667, 0.118376, -45.3075, 6.41284E-005, 43.9374
1706, 28.42500, 0.118526, -45.3174, 6.42295E-005, 43.9276
1706, 28.43333, 0.118677, -45.3272, 6.43307E-005, 43.9179
1707, 28.44167, 0.118828, -45.337, 6.44322E-005, 43.9081
1707, 28.45000, 0.118979, -45.3469, 6.45339E-005, 43.8983
1708, 28.45833, 0.11913, -45.3567, 6.46358E-005, 43.8885
1708, 28.46667, 0.119282, -45.3665, 6.47379E-005, 43.8787
1709, 28.47500, 0.119434, -45.3764, 6.48402E-005, 43.8689
1709, 28.48333, 0.119586, -45.3863, 6.49428E-005, 43.8591
1710, 28.49167, 0.119739, -45.3961, 6.50456E-005, 43.8493
1710, 28.50000, 0.119891, -45.406, 6.51485E-005, 43.8395
1711, 28.50833, 0.120045, -45.4159, 6.52517E-005, 43.8296
1711, 28.51667, 0.120198, -45.4258, 6.53551E-005, 43.8198
1712, 28.52500, 0.120352, -45.4357, 6.54588E-005, 43.8099
1712, 28.53333, 0.120506, -45.4456, 6.55626E-005, 43.8001
1713, 28.54167, 0.12066, -45.4555, 6.56667E-005, 43.7902
1713, 28.55000, 0.120815, -45.4654, 6.5771E-005, 43.7803
1714, 28.55833, 0.12097, -45.4754, 6.58755E-005, 43.7705
1714, 28.56667, 0.121125, -45.4853, 6.59802E-005, 43.7606
1715, 28.57500, 0.121281, -45.4953, 6.60852E-005, 43.7507
1715, 28.58333, 0.121437, -45.5052, 6.61903E-005, 43.7408
1716, 28.59167, 0.121593, -45.5152, 6.62957E-005, 43.7308
1716, 28.60000, 0.12175, -45.5252, 6.64014E-005, 43.7209
1717, 28.60833, 0.121907, -45.5352, 6.65072E-005, 43.711
1717, 28.61667, 0.122064, -45.5452, 6.66133E-005, 43.701
1718, 28.62500, 0.122222, -45.5552, 6.67196E-005, 43.6911
1718, 28.63333, 0.122379, -45.5652, 6.68261E-005, 43.6811
1719, 28.64167, 0.122538, -45.5752, 6.69329E-005, 43.6712
1719, 28.65000, 0.122696, -45.5852, 6.70399E-005, 43.6612
1720, 28.65833, 0.122855, -45.5953, 6.71471E-005, 43.6512
1720, 28.66667, 0.123014, -45.6053, 6.72546E-005, 43.6412
1721, 28.67500, 0.123174, -45.6154, 6.73623E-005, 43.6312
1721, 28.68333, 0.123333, -45.6254, 6.74702E-005, 43.6212
1722, 28.69167, 0.123493, -45.6355, 6.75783E-005, 43.6111
1722, 28.70000, 0.123654, -45.6456, 6.76867E-005, 43.6011
1723, 28.70833, 0.123815, -45.6557, 6.77953E-005, 43.591
1723, 28.71667, 0.123976, -45.6658, 6.79042E-005, 43.581
1724, 28.72500, 0.124137, -45.6759, 6.80133E-005, 43.5709
1724, 28.73333, 0.124299, -45.6861, 6.81226E-005, 43.5608
1725, 28.74167, 0.124461, -45.6962, 6.82322E-005, 43.5507
1725, 28.75000, 0.124624, -45.7063, 6.8342E-005, 43.5406
1726, 28.75833, 0.124786, -45.7165, 6.8452E-005, 43.5305
1726, 28.76667, 0.124949, -45.7267, 6.85623E-005, 43.5204
1727, 28.77500, 0.125113, -45.7369, 6.86728E-005, 43.5102
1727, 28.78333, 0.125277, -45.7471, 6.87836E-005, 43.5001
1728, 28.79167, 0.125441, -45.7573, 6.88946E-005, 43.4899
1728, 28.80000, 0.125605, -45.7675, 6.90058E-005, 43.4798
1729, 28.80833, 0.12577, -45.7777, 6.91173E-005, 43.4696
1729, 28.81667, 0.125935, -45.788, 6.92291E-005, 43.4594
1730, 28.82500, 0.126101, -45.7982, 6.93411E-005, 43.4492
1730, 28.83333, 0.126267, -45.8085, 6.94533E-005, 43.4389
1731, 28.84167, 0.126433, -45.8188, 6.95658E-005, 43.4287
1731, 28.85000, 0.1266, -45.8291, 6.96785E-005, 43.4185
1732, 28.85833, 0.126766, -45.8394, 6.97915E-005, 43.4082
1732, 28.86667, 0.126934, -45.8497, 6.99047E-005, 43.3979
1733, 28.87500, 0.127101, -45.86, 7.00182E-005, 43.3877
1733, 28.88333, 0.127269, -45.8704, 7.01319E-005, 43.3774
1734, 28.89167, 0.127438, -45.8807, 7.02459E-005, 43.367
1734, 28.90000, 0.127606, -45.8911, 7.03601E-005, 43.3567
1735, 28.90833, 0.127775, -45.9015, 7.04746E-005, 43.3464
1735, 28.91667, 0.127945, -45.9119, 7.05893E-005, 43.336
1736, 28.92500, 0.128114, -45.9223, 7.07043E-005, 43.3257
1736, 28.93333, 0.128285, -45.9327, 7.08196E-005, 43.3153
1737, 28.94167, 0.128455, -45.9431, 7.09351E-005, 43.3049
1737, 28.95000, 0.128626, -45.9536, 7.10509E-005, 43.2945
1738, 28.95833, 0.128797, -45.9641, 7.11669E-005, 43.2841
1738, 28.96667, 0.128969, -45.9746, 7.12832E-005, 43.2736
1739, 28.97500, 0.129141, -45.985, 7.13997E-005, 43.2632
1739, 28.98333, 0.129313, -45.9956, 7.15166E-005, 43.2527
1740, 28.99167, 0.129486, -46.0061, 7.16336E-005, 43.2422
1740, 29.00000, 0.129659, -46.0166, 7.1751E-005, 43.2317
1741, 29.00833, 0.129832, -46.0272, 7.18686E-005, 43.2212
1741, 29.01667, 0.130006, -46.0378, 7.19864E-005, 43.2107
1742, 29.02500, 0.13018, -46.0483, 7.21046E-005, 43.2002
1742, 29.03333, 0.130354, -46.0589, 7.2223E-005, 43.1896
1743, 29.04167, 0.130529, -46.0696, 7.23416E-005, 43.179
1743, 29.05000, 0.130705, -46.0802, 7.24606E-005, 43.1684
1744, 29.05833, 0.13088, -46.0908, 7.25798E-005, 43.1578
1744, 29.06667, 0.131056, -46.1015, 7.26992E-005, 43.1472
1745, 29.07500, 0.131233, -46.1122, 7.2819E-005, 43.1366
1745, 29.08333, 0.13141, -46.1229, 7.2939E-005, 43.1259
1746, 29.09167, 0.131587, -46.1336, 7.30593E-005, 43.1152
1746, 29.10000, 0.131764, -46.1443, 7.31799E-005, 43.1046
1747, 29.10833, 0.131942, -46.1551, 7.33007E-005, 43.0938
1747, 29.11667, 0.132121, -46.1659, 7.34218E-005, 43.0831
1748, 29.12500, 0.132299, -46.1766, 7.35432E-005, 43.0724
1748, 29.13333, 0.132479, -46.1874, 7.36649E-005, 43.0616
1749, 29.14167, 0.132658, -46.1983, 7.37868E-005, 43.0508
1749, 29.15000, 0.132838, -46.2091, 7.3909E-005, 43.0401
1750, 29.15833, 0.133018, -46.22, 7.40315E-005, 43.0292
1750, 29.16667, 0.133199, -46.2308, 7.41543E-005, 43.0184
1751, 29.17500, 0.13338, -46.2417, 7.42774E-005, 43.0076
1751, 29.18333, 0.133562, -46.2526, 7.44007E-005, 42.9967
1752, 29.19167, 0.133743, -46.2636, 7.45244E-005, 42.9858
1752, 29.20000, 0.133926, -46.2745, 7.46483E-005, 42.9749
1753, 29.20833, 0.134108, -46.2855, 7.47725E-005, 42.964
1753, 29.21667, 0.134292, -46.2965, 7.4897E-005, 42.953
1754, 29.22500, 0.134475, -46.3075, 7.50218E-005, 42.9421
1754, 29.23333, 0.134659, -46.3185, 7.51468E-005, 42.9311
1755, 29.24167, 0.134843, -46.3295, 7.52722E-005, 42.9201
1755, 29.25000, 0.135028, -46.3406, 7.53979E-005, 42.9091
1756, 29.25833, 0.135213, -46.3517, 7.55238E-005, 42.898
1756, 29.26667, 0.135399, -46.3628, 7.565E-005, 42.8869
1757, 29.27500, 0.135585, -46.3739, 7.57765E-005, 42.8759
1757, 29.28333, 0.135771, -46.3851, 7.59034E-005, 42.8648
1758, 29.29167, 0.135958, -46.3962, 7.60305E-005, 42.8536
1758, 29.30000, 0.136145, -46.4074, 7.61579E-005, 42.8425
1759, 29.30833, 0.136333, -46.4186, 7.62856E-005, 42.8313
1759, 29.31667, 0.136521, -46.4298, 7.64136E-005, 42.8201
1760, 29.32500, 0.136709, -46.4411, 7.65419E-005, 42.8089
1760, 29.33333, 0.136898, -46.4524, 7.66705E-005, 42.7977
1761, 29.34167, 0.137087, -46.4637, 7.67994E-005, 42.7864
1761, 29.35000, 0.137277, -46.475, 7.69286E-005, 42.7752
1762, 29.35833, 0.137467, -46.4863, 7.70581E-005, 42.7639
1762, 29.36667, 0.137658, -46.4977, 7.7188E-005, 42.7526
1763, 29.37500, 0.137849, -46.5091, 7.73181E-005, 42.7412
1763, 29.38333, 0.13804, -46.5205, 7.74485E-005, 42.7298
1764, 29.39167, 0.138232, -46.5319, 7.75793E-005, 42.7185
1764, 29.40000, 0.138425, -46.5433, 7.77103E-005, 42.707
1765, 29.40833, 0.138617, -46.5548, 7.78416E-005, 42.6956
1765, 29.41667, 0.13881, -46.5663, 7.79733E-005, 42.6842
1766, 29.42500, 0.139004, -46.5778, 7.81053E-005, 42.6727
1766, 29.43333, 0.139198, -46.5894, 7.82376E-005, 42.6612
1767, 29.44167, 0.139393, -46.6009, 7.83702E-005, 42.6496
1767, 29.45000, 0.139588, -46.6125, 7.85031E-005, 42.6381
1768, 29.45833, 0.139783, -46.6241, 7.86363E-005, 42.6265
1768, 29.46667, 0.139979, -46.6358, 7.87699E-005, 42.6149
1769, 29.47500, 0.140175, -46.6474, 7.89037E-005, 42.6033
1769, 29.48333, 0.140372, -46.6591, 7.90379E-005, 42.5916
1770, 29.49167, 0.140569, -46.6708, 7.91724E-005, 42.58
1770, 29.50000, 0.140767, -46.6826, 7.93072E-005, 42.5683
1771, 29.50833, 0.140965, -46.6944, 7.94424E-005, 42.5565
1771, 29.51667, 0.141163, -46.7061, 7.95778E-005, 42.5448
1772, 29.52500, 0.141362, -46.718, 7.97136E-005, 42.533
1772, 29.53333, 0.141562, -46.7298, 7.98497E-005, 42.5212
1773, 29.54167, 0.141761, -46.7417, 7.99862E-005, 42.5094
1773, 29.55000, 0.141962, -46.7536, 8.01229E-005, 42.4975
1774, 29.55833, 0.142163, -46.7655, 8.026E-005, 42.4856
1774, 29.56667, 0.142364, -46.7774, 8.03975E-005, 42.4737
1775, 29.57500, 0.142566, -46.7894, 8.05352E-005, 42.4618
1775, 29.58333, 0.142768, -46.8014, 8.06733E-005, 42.4498
1776, 29.59167, 0.14297, -46.8134, 8.08117E-005, 42.4378
1776, 29.60000, 0.143174, -46.8255, 8.09504E-005, 42.4258
1777, 29.60833, 0.143377, -46.8376, 8.10895E-005, 42.4138
1777, 29.61667, 0.143581, -46.8497, 8.1229E-005, 42.4017
1778, 29.62500, 0.143786, -46.8618, 8.13687E-005, 42.3896
1778, 29.63333, 0.143991, -46.874, 8.15088E-005, 42.3774
1779, 29.64167, 0.144196, -46.8862, 8.16492E-005, 42.3653
1779, 29.65000, 0.144402, -46.8984, 8.179E-005, 42.3531
1780, 29.65833, 0.144609, -46.9107, 8.19311E-005, 42.3409
1780, 29.66667, 0.144816, -46.9229, 8.20726E-005, 42.3286
1781, 29.67500, 0.145023, -46.9353, 8.22144E-005, 42.3164
1781, 29.68333, 0.145231, -46.9476, 8.23565E-005, 42.3041
1782, 29.69167, 0.145439, -46.96, 8.2499E-005, 42.2917
1782, 29.70000, 0.145648, -46.9724, 8.26418E-005, 42.2794
1783, 29.70833, 0.145858, -46.9848, 8.2785E-005, 42.267
1783, 29.71667, 0.146068, -46.9973, 8.29285E-005, 42.2545
1784, 29.72500, 0.146278, -47.0097, 8.30724E-005, 42.2421
1784, 29.73333, 0.146489, -47.0223, 8.32167E-005, 42.2296
1785, 29.74167, 0.1467, -47.0348, 8.33613E-005, 42.2171
1785, 29.75000, 0.146912, -47.0474, 8.35062E-005, 42.2045
1786, 29.75833, 0.147124, -47.06, 8.36515E-005, 42.192
1786, 29.76667, 0.147337, -47.0727, 8.37971E-005, 42.1793
1787, 29.77500, 0.14755, -47.0853, 8.39431E-005, 42.1667
1787, 29.78333, 0.147764, -47.098, 8.40895E-005, 42.154
1788, 29.79167, 0.147978, -47.1108, 8.42362E-005, 42.1413
1788, 29.80000, 0.148193, -47.1236, 8.43833E-005, 42.1286
1789, 29.80833, 0.148409, -47.1364, 8.45307E-005, 42.1158
1789, 29.81667, 0.148624, -47.1492, 8.46786E-005, 42.103
1790, 29.82500, 0.148841, -47.1621, 8.48267E-005, 42.0902
1790, 29.83333, 0.149058, -47.175, 8.49753E-005, 42.0773
1791, 29.84167, 0.149275, -47.1879, 8.51242E-005, 42.0644
1791, 29.85000, 0.149493, -47.2009, 8.52735E-005, 42.0515
1792, 29.85833, 0.149711, -47.2139, 8.54231E-005, 42.0385
1792, 29.86667, 0.14993, -47.2269, 8.55731E-005, 42.0255
1793, 29.87500, 0.15015, -47.24, 8.57235E-005, 42.0125
1793, 29.88333, 0.15037, -47.2531, 8.58742E-005, 41.9994
1794, 29.89167, 0.15059, -47.2662, 8.60254E-005, 41.9863
1794, 29.90000, 0.150811, -47.2794, 8.61769E-005, 41.9731
1795, 29.90833, 0.151033, -47.2926, 8.63287E-005, 41.96
1795, 29.91667, 0.151255, -47.3059, 8.6481E-005, 41.9467
1796, 29.92500, 0.151478, -47.3191, 8.66336E-005, 41.9335
1796, 29.93333, 0.151701, -47.3325, 8.67867E-005, 41.9202
1797, 29.94167, 0.151924, -47.3458, 8.69401E-005, 41.9069
1797, 29.95000, 0.152149, -47.3592, 8.70938E-005, 41.8935
1798, 29.95833, 0.152373, -47.3726, 8.7248E-005, 41.8802
1798, 29.96667, 0.152599, -47.3861, 8.74026E-005, 41.8667
1799, 29.97500, 0.152824, -47.3996, 8.75575E-005, 41.8533
1799, 29.98333, 0.153051, -47.4131, 8.77128E-005, 41.8398
1800, 29.99167, 0.153278, -47.4267, 8.78685E-005, 41.8262
1800, 30.00000, 0.153505, -47.4403, 8.80246E-005, 41.8127
1801, 30.00833, 0.153733, -47.4539, 8.81811E-005, 41.799
1801, 30.01667, 0.153962, -47.4676, 8.8338E-005, 41.7854
1802, 30.02500, 0.154191, -47.4813, 8.84953E-005, 41.7717
1802, 30.03333, 0.154421, -47.4951, 8.8653E-005, 41.758
1803, 30.04167, 0.154651, -47.5089, 8.88111E-005, 41.7442
1803, 30.05000, 0.154882, -47.5227, 8.89695E-005, 41.7304
1804, 30.05833, 0.155113, -47.5366, 8.91284E-005, 41.7166
1804, 30.06667, 0.155345, -47.5505, 8.92877E-005, 41.7027
1805, 30.07500, 0.155577, -47.5644, 8.94473E-005, 41.6888
1805, 30.08333, 0.15581, -47.5784, 8.96074E-005, 41.6748
1806, 30.09167, 0.156044, -47.5925, 8.97679E-005, 41.6608
1806, 30.10000, 0.156278, -47.6065, 8.99288E-005, 41.6468
1807, 30.10833, 0.156513, -47.6206, 9.00901E-005, 41.6327
1807, 30.11667, 0.156748, -47.6348, 9.02518E-005, 41.6186
1808, 30.12500, 0.156984, -47.649, 9.04139E-005, 41.6044
1808, 30.13333, 0.15722, -47.6632, 9.05764E-005, 41.5902
1809, 30.14167, 0.157457, -47.6775, 9.07393E-005, 41.576
1809, 30.15000, 0.157695, -47.6918, 9.09027E-005, 41.5617
1810, 30.15833, 0.157933, -47.7061, 9.10664E-005, 41.5474
1810, 30.16667, 0.158172, -47.7205, 9.12306E-005, 41.533
1811, 30.17500, 0.158411, -47.735, 9.13952E-005, 41.5186
1811, 30.18333, 0.158651, -47.7495, 9.15602E-005, 41.5041
1812, 30.19167, 0.158892, -47.764, 9.17257E-005, 41.4896
1812, 30.20000, 0.159133, -47.7785, 9.18915E-005, 41.4751
1813, 30.20833, 0.159374, -47.7931, 9.20578E-005, 41.4605
1813, 30.21667, 0.159617, -47.8078, 9.22245E-005, 41.4459
1814, 30.22500, 0.15986, -47.8225, 9.23917E-005, 41.4312
1814, 30.23333, 0.160103, -47.8372, 9.25592E-005, 41.4165
1815, 30.24167, 0.160347, -47.852, 9.27272E-005, 41.4018
1815, 30.25000, 0.160592, -47.8668, 9.28957E-005, 41.387
1816, 30.25833, 0.160837, -47.8817, 9.30645E-005, 41.3721
1816, 30.26667, 0.161083, -47.8966, 9.32338E-005, 41.3573
1817, 30.27500, 0.16133, -47.9116, 9.34035E-005, 41.3423
1817, 30.28333, 0.161577, -47.9266, 9.35737E-005, 41.3274
1818, 30.29167, 0.161824, -47.9416, 9.37443E-005, 41.3123
1818, 30.30000, 0.162073, -47.9567, 9.39153E-005, 41.2973
1819, 30.30833, 0.162322, -47.9718, 9.40868E-005, 41.2822
1819, 30.31667, 0.162571, -47.987, 9.42587E-005, 41.267
1820, 30.32500, 0.162821, -48.0023, 9.44311E-005, 41.2518
1820, 30.33333, 0.163072, -48.0175, 9.46039E-005, 41.2366
1821, 30.34167, 0.163324, -48.0329, 9.47772E-005, 41.2213
1821, 30.35000, 0.163576, -48.0482, 9.49509E-005, 41.2059
1822, 30.35833, 0.163828, -48.0636, 9.5125E-005, 41.1905
1822, 30.36667, 0.164082, -48.0791, 9.52996E-005, 41.1751
1823, 30.37500, 0.164336, -48.0946, 9.54747E-005, 41.1596
1823, 30.38333, 0.16459, -48.1102, 9.56502E-005, 41.1441
1824, 30.39167, 0.164845, -48.1258, 9.58262E-005, 41.1285
1824, 30.40000, 0.165101, -48.1414, 9.60026E-005, 41.1129
1825, 30.40833, 0.165358, -48.1571, 9.61795E-005, 41.0972
1825, 30.41667, 0.165615, -48.1729, 9.63568E-005, 41.0815
1826, 30.42500, 0.165873, -48.1887, 9.65346E-005, 41.0657
1826, 30.43333, 0.166131, -48.2045, 9.67129E-005, 41.0499
1827, 30.44167, 0.16639, -48.2204, 9.68917E-005, 41.034
1827, 30.45000, 0.16665, -48.2364, 9.70708E-005, 41.0181
1828, 30.45833, 0.16691, -48.2524, 9.72505E-005, 41.0021
1828, 30.46667, 0.167171, -48.2684, 9.74307E-005, 40.9861
1829, 30.47500, 0.167433, -48.2845, 9.76113E-005, 40.97
1829, 30.48333, 0.167695, -48.3007, 9.77923E-005, 40.9539
1830, 30.49167, 0.167958, -48.3169, 9.79739E-005, 40.9377
1830, 30.50000, 0.168222, -48.3331, 9.81559E-005, 40.9215
1831, 30.50833, 0.168486, -48.3494, 9.83385E-005, 40.9052
1831, 30.51667, 0.168751, -48.3658, 9.85215E-005, 40.8889
1832, 30.52500, 0.169017, -48.3822, 9.87049E-005, 40.8725
1832, 30.53333, 0.169283, -48.3986, 9.88889E-005, 40.8561
1833, 30.54167, 0.16955, -48.4151, 9.90733E-005, 40.8396
1833, 30.55000, 0.169818, -48.4317, 9.92582E-005, 40.8231
1834, 30.55833, 0.170086, -48.4483, 9.94436E-005, 40.8065
1834, 30.56667, 0.170355, -48.465, 9.96295E-005, 40.7898
1835, 30.57500, 0.170625, -48.4817, 9.98159E-005, 40.7731
1835, 30.58333, 0.170895, -48.4985, 0.000100003, 40.7564
1836, 30.59167, 0.171166, -48.5153, 0.00010019, 40.7396
1836, 30.60000, 0.171438, -48.5322, 0.000100378, 40.7227
1837, 30.60833, 0.17171, -48.5491, 0.000100566, 40.7058
1837, 30.61667, 0.171984, -48.5661, 0.000100755, 40.6889
1838, 30.62500, 0.172257, -48.5832, 0.000100945, 40.6718
1838, 30.63333, 0.172532, -48.6003, 0.000101135, 40.6548
1839, 30.64167, 0.172807, -48.6174, 0.000101325, 40.6376
1839, 30.65000, 0.173083, -48.6346, 0.000101516, 40.6204
1840, 30.65833, 0.17336, -48.6519, 0.000101707, 40.6032
1840, 30.66667, 0.173637, -48.6692, 0.000101899, 40.5859
1841, 30.67500, 0.173915, -48.6866, 0.000102091, 40.5685
1841, 30.68333, 0.174194, -48.704, 0.000102284, 40.5511
1842, 30.69167, 0.174474, -48.7215, 0.000102478, 40.5337
1842, 30.70000, 0.174754, -48.7391, 0.000102672, 40.5161
1843, 30.70833, 0.175035, -48.7567, 0.000102866, 40.4985
1843, 30.71667, 0.175316, -48.7743, 0.000103061, 40.4809
1844, 30.72500, 0.175599, -48.7921, 0.000103257, 40.4632
1844, 30.73333, 0.175882, -48.8098, 0.000103453, 40.4454
1845, 30.74167, 0.176166, -48.8277, 0.000103649, 40.4276
1845, 30.75000, 0.17645, -48.8456, 0.000103846, 40.4097
1846, 30.75833, 0.176735, -48.8635, 0.000104044, 40.3918
1846, 30.76667, 0.177022, -48.8815, 0.000104242, 40.3738
1847, 30.77500, 0.177308, -48.8996, 0.000104441, 40.3558
1847, 30.78333, 0.177596, -48.9178, 0.00010464, 40.3377
1848, 30.79167, 0.177884, -48.936, 0.00010484, 40.3195
1848, 30.80000, 0.178173, -48.9542, 0.00010504, 40.3012
1849, 30.80833, 0.178463, -48.9725, 0.000105241, 40.2829
1849, 30.81667, 0.178753, -48.9909, 0.000105442, 40.2646
1850, 30.82500, 0.179044, -49.0093, 0.000105644, 40.2462
1850, 30.83333, 0.179336, -49.0278, 0.000105847, 40.2277
1851, 30.84167, 0.179629, -49.0464, 0.00010605, 40.2092
1851, 30.85000, 0.179923, -49.065, 0.000106253, 40.1906
1852, 30.85833, 0.180217, -49.0837, 0.000106457, 40.1719
1852, 30.86667, 0.180512, -49.1025, 0.000106662, 40.1532
1853, 30.87500, 0.180808, -49.1213, 0.000106867, 40.1344
1853, 30.88333, 0.181104, -49.1401, 0.000107073, 40.1155
1854, 30.89167, 0.181402, -49.1591, 0.000107279, 40.0966
1854, 30.90000, 0.1817, -49.1781, 0.000107486, 40.0776
1855, 30.90833, 0.181999, -49.1972, 0.000107693, 40.0586
1855, 30.91667, 0.182298, -49.2163, 0.000107901, 40.0395
1856, 30.92500, 0.182599, -49.2355, 0.00010811, 40.0203
1856, 30.93333, 0.1829, -49.2547, 0.000108319, 40.001
1857, 30.94167, 0.183202, -49.2741, 0.000108529, 39.9817
1857, 30.95000, 0.183505, -49.2934, 0.000108739, 39.9624
1858, 30.95833, 0.183809, -49.3129, 0.00010895, 39.9429
1858, 30.96667, 0.184113, -49.3324, 0.000109161, 39.9234
1859, 30.97500, 0.184418, -49.352, 0.000109373, 39.9039
1859, 30.98333, 0.184724, -49.3717, 0.000109586, 39.8842
1860, 30.99167, 0.185031, -49.3914, 0.000109799, 39.8645
1860, 31.00000, 0.185339, -49.4112, 0.000110013, 39.8448
1861, 31.00833, 0.185647, -49.431, 0.000110227, 39.8249
1861, 31.01667, 0.185956, -49.451, 0.000110442, 39.805
1862, 31.02500, 0.186266, -49.4709, 0.000110657, 39.7851
1862, 31.03333, 0.186577, -49.491, 0.000110874, 39.765
1863, 31.04167, 0.186889, -49.5111, 0.00011109, 39.7449
1863, 31.05000, 0.187201, -49.5313, 0.000111307, 39.7247
1864, 31.05833, 0.187515, -49.5516, 0.000111525, 39.7045
1864, 31.06667, 0.187829, -49.5719, 0.000111744, 39.6842
1865, 31.07500, 0.188144, -49.5923, 0.000111963, 39.6638
1865, 31.08333, 0.18846, -49.6128, 0.000112183, 39.6433
1866, 31.09167, 0.188776, -49.6333, 0.000112403, 39.6228
1866, 31.10000, 0.189094, -49.654, 0.000112624, 39.6022
1867, 31.10833, 0.189412, -49.6746, 0.000112845, 39.5815
1867, 31.11667, 0.189731, -49.6954, 0.000113067, 39.5608
1868, 31.12500, 0.190051, -49.7162, 0.00011329, 39.54
1868, 31.13333, 0.190372, -49.7371, 0.000113513, 39.5191
1869, 31.14167, 0.190694, -49.7581, 0.000113737, 39.4981
1869, 31.15000, 0.191017, -49.7792, 0.000113962, 39.4771
1870, 31.15833, 0.19134, -49.8003, 0.000114187, 39.456
1870, 31.16667, 0.191664, -49.8215, 0.000114413, 39.4348
1871, 31.17500, 0.19199, -49.8427, 0.000114639, 39.4136
1871, 31.18333, 0.192316, -49.8641, 0.000114867, 39.3923
1872, 31.19167, 0.192643, -49.8855, 0.000115094, 39.3709
1872, 31.20000, 0.19297, -49.907, 0.000115323, 39.3494
1873, 31.20833, 0.193299, -49.9285, 0.000115552, 39.3279
1873, 31.21667, 0.193629, -49.9502, 0.000115781, 39.3062
1874, 31.22500, 0.193959, -49.9719, 0.000116011, 39.2845
1874, 31.23333, 0.19429, -49.9937, 0.000116242, 39.2628
1875, 31.24167, 0.194623, -50.0155, 0.000116474, 39.2409
1875, 31.25000, 0.194956, -50.0375, 0.000116706, 39.219
1876, 31.25833, 0.19529, -50.0595, 0.000116939, 39.197
1876, 31.26667, 0.195625, -50.0816, 0.000117172, 39.1749
1877, 31.27500, 0.19596, -50.1038, 0.000117407, 39.1528
1877, 31.28333, 0.196297, -50.126, 0.000117641, 39.1305
1878, 31.29167, 0.196635, -50.1483, 0.000117877, 39.1082
1878, 31.30000, 0.196973, -50.1707, 0.000118113, 39.0858
1879, 31.30833, 0.197312, -50.1932, 0.00011835, 39.0634
1879, 31.31667, 0.197653, -50.2158, 0.000118587, 39.0408
1880, 31.32500, 0.197994, -50.2384, 0.000118825, 39.0182
1880, 31.33333, 0.198336, -50.2612, 0.000119064, 38.9955
1881, 31.34167, 0.198679, -50.284, 0.000119304, 38.9727
1881, 31.35000, 0.199023, -50.3068, 0.000119544, 38.9498
1882, 31.35833, 0.199368, -50.3298, 0.000119785, 38.9269
1882, 31.36667, 0.199714, -50.3528, 0.000120026, 38.9038
1883, 31.37500, 0.200061, -50.376, 0.000120268, 38.8807
1883, 31.38333, 0.200409, -50.3992, 0.000120511, 38.8575
1884, 31.39167, 0.200757, -50.4225, 0.000120755, 38.8343
1884, 31.40000, 0.201107, -50.4458, 0.000120999, 38.8109
1885, 31.40833, 0.201458, -50.4693, 0.000121244, 38.7875
1885, 31.41667, 0.201809, -50.4928, 0.000121489, 38.7639
1886, 31.42500, 0.202162, -50.5164, 0.000121736, 38.7403
1886, 31.43333, 0.202515, -50.5401, 0.000121983, 38.7167
1887, 31.44167, 0.20287, -50.5639, 0.00012223, 38.6929
1887, 31.45000, 0.203225, -50.5878, 0.000122479, 38.669
1888, 31.45833, 0.203581, -50.6118, 0.000122728, 38.6451
1888, 31.46667, 0.203939, -50.6358, 0.000122978, 38.621
1889, 31.47500, 0.204297, -50.6599, 0.000123228, 38.5969
1889, 31.48333, 0.204656, -50.6841, 0.00012348, 38.5727
1890, 31.49167, 0.205017, -50.7084, 0.000123732, 38.5484
1890, 31.50000, 0.205378, -50.7328, 0.000123984, 38.5241
1891, 31.50833, 0.20574, -50.7573, 0.000124238, 38.4996
1891, 31.51667, 0.206104, -50.7819, 0.000124492, 38.4751
1892, 31.52500, 0.206468, -50.8065, 0.000124747, 38.4504
1892, 31.53333, 0.206833, -50.8312, 0.000125002, 38.4257
1893, 31.54167, 0.207199, -50.8561, 0.000125259, 38.4009
1893, 31.55000, 0.207567, -50.881, 0.000125516, 38.376
1894, 31.55833, 0.207935, -50.906, 0.000125773, 38.351
1894, 31.56667, 0.208304, -50.9311, 0.000126032, 38.3259
1895, 31.57500, 0.208674, -50.9563, 0.000126291, 38.3008
1895, 31.58333, 0.209046, -50.9815, 0.000126551, 38.2755
1896, 31.59167, 0.209418, -51.0069, 0.000126812, 38.2501
1896, 31.60000, 0.209791, -51.0323, 0.000127073, 38.2247
1897, 31.60833, 0.210166, -51.0579, 0.000127336, 38.1992
1897, 31.61667, 0.210541, -51.0835, 0.000127599, 38.1735
1898, 31.62500, 0.210918, -51.1093, 0.000127863, 38.1478
1898, 31.63333, 0.211295, -51.1351, 0.000128127, 38.122
1899, 31.64167, 0.211674, -51.161, 0.000128392, 38.0961
1899, 31.65000, 0.212053, -51.187, 0.000128658, 38.0701
1900, 31.65833, 0.212434, -51.2131, 0.000128925, 38.044
1900, 31.66667, 0.212816, -51.2393, 0.000129193, 38.0178
1901, 31.67500, 0.213199, -51.2656, 0.000129461, 37.9916
1901, 31.68333, 0.213582, -51.292, 0.00012973, 37.9652
1902, 31.69167, 0.213967, -51.3185, 0.00013, 37.9387
1902, 31.70000, 0.214353, -51.345, 0.000130271, 37.9122
1903, 31.70833, 0.21474, -51.3717, 0.000130542, 37.8855
1903, 31.71667, 0.215128, -51.3985, 0.000130815, 37.8587
1904, 31.72500, 0.215518, -51.4253, 0.000131088, 37.8319
1904, 31.73333, 0.215908, -51.4523, 0.000131362, 37.8049
1905, 31.74167, 0.216299, -51.4794, 0.000131636, 37.7779
1905, 31.75000, 0.216692, -51.5065, 0.000131912, 37.7507
1906, 31.75833, 0.217085, -51.5338, 0.000132188, 37.7235
1906, 31.76667, 0.21748, -51.5611, 0.000132465, 37.6961
1907, 31.77500, 0.217876, -51.5886, 0.000132743, 37.6687
1907, 31.78333, 0.218273, -51.6162, 0.000133022, 37.6411
1908, 31.79167, 0.218671, -51.6438, 0.000133301, 37.6135
1908, 31.80000, 0.21907, -51.6716, 0.000133582, 37.5857
1909, 31.80833, 0.21947, -51.6994, 0.000133863, 37.5579
1909, 31.81667, 0.219871, -51.7274, 0.000134145, 37.5299
1910, 31.82500, 0.220274, -51.7555, 0.000134427, 37.5019
1910, 31.83333, 0.220677, -51.7836, 0.000134711, 37.4737
1911, 31.84167, 0.221082, -51.8119, 0.000134995, 37.4455
1911, 31.85000, 0.221488, -51.8403, 0.000135281, 37.4171
1912, 31.85833, 0.221895, -51.8687, 0.000135567, 37.3886
1912, 31.86667, 0.222303, -51.8973, 0.000135854, 37.3601
1913, 31.87500, 0.222712, -51.926, 0.000136142, 37.3314
1913, 31.88333, 0.223123, -51.9548, 0.00013643, 37.3026
1914, 31.89167, 0.223535, -51.9837, 0.00013672, 37.2737
1914, 31.90000, 0.223947, -52.0127, 0.00013701, 37.2448
1915, 31.90833, 0.224361, -52.0418, 0.000137301, 37.2157
1915, 31.91667, 0.224776, -52.071, 0.000137593, 37.1865
1916, 31.92500, 0.225193, -52.1003, 0.000137886, 37.1571
1916, 31.93333, 0.22561, -52.1297, 0.00013818, 37.1277
1917, 31.94167, 0.226029, -52.1593, 0.000138475, 37.0982
1917, 31.95000, 0.226449, -52.1889, 0.00013877, 37.0686
1918, 31.95833, 0.22687, -52.2187, 0.000139067, 37.0388
1918, 31.96667, 0.227292, -52.2485, 0.000139364, 37.009
1919, 31.97500, 0.227715, -52.2785, 0.000139662, 36.979
1919, 31.98333, 0.22814, -52.3086, 0.000139961, 36.9489
1920, 31.99167, 0.228566, -52.3388, 0.000140261, 36.9187
1920, 32.00000, 0.228993, -52.3691, 0.000140562, 36.8884
1921, 32.00833, 0.229421, -52.3995, 0.000140863, 36.858
1921, 32.01667, 0.229851, -52.43, 0.000141166, 36.8275
1922, 32.02500, 0.230281, -52.4607, 0.000141469, 36.7969
1922, 32.03333, 0.230713, -52.4914, 0.000141774, 36.7661
1923, 32.04167, 0.231146, -52.5223, 0.000142079, 36.7353
1923, 32.05000, 0.231581, -52.5533, 0.000142385, 36.7043
1924, 32.05833, 0.232016, -52.5844, 0.000142692, 36.6732
1924, 32.06667, 0.232453, -52.6156, 0.000143, 36.642
1925, 32.07500, 0.232891, -52.6469, 0.000143309, 36.6107
1925, 32.08333, 0.233331, -52.6783, 0.000143619, 36.5792
1926, 32.09167, 0.233772, -52.7099, 0.00014393, 36.5477
1926, 32.10000, 0.234213, -52.7416, 0.000144242, 36.516
1927, 32.10833, 0.234657, -52.7734, 0.000144554, 36.4842
1927, 32.11667, 0.235101, -52.8053, 0.000144868, 36.4523
1928, 32.12500, 0.235547, -52.8373, 0.000145183, 36.4203
1928, 32.13333, 0.235994, -52.8695, 0.000145498, 36.3881
1929, 32.14167, 0.236442, -52.9018, 0.000145814, 36.3559
1929, 32.15000, 0.236892, -52.9341, 0.000146132, 36.3235
1930, 32.15833, 0.237342, -52.9667, 0.00014645, 36.291
1930, 32.16667, 0.237795, -52.9993, 0.000146769, 36.2584
1931, 32.17500, 0.238248, -53.032, 0.00014709, 36.2256
1931, 32.18333, 0.238703, -53.0649, 0.000147411, 36.1927
1932, 32.19167, 0.239159, -53.0979, 0.000147733, 36.1597
1932, 32.20000, 0.239616, -53.1311, 0.000148056, 36.1266
1933, 32.20833, 0.240075, -53.1643, 0.00014838, 36.0934
1933, 32.21667, 0.240535, -53.1977, 0.000148705, 36.06
1934, 32.22500, 0.240996, -53.2312, 0.000149031, 36.0265
1934, 32.23333, 0.241459, -53.2648, 0.000149358, 35.9929
1935, 32.24167, 0.241923, -53.2985, 0.000149686, 35.9591
1935, 32.25000, 0.242388, -53.3324, 0.000150015, 35.9253
1936, 32.25833, 0.242855, -53.3664, 0.000150345, 35.8913
1936, 32.26667, 0.243323, -53.4005, 0.000150676, 35.8572
1937, 32.27500, 0.243793, -53.4348, 0.000151008, 35.8229
1937, 32.28333, 0.244263, -53.4692, 0.000151341, 35.7885
1938, 32.29167, 0.244736, -53.5037, 0.000151675, 35.754
1938, 32.30000, 0.245209, -53.5383, 0.00015201, 35.7194
1939, 32.30833, 0.245684, -53.5731, 0.000152346, 35.6846
1939, 32.31667, 0.24616, -53.608, 0.000152683, 35.6497
1940, 32.32500, 0.246638, -53.6431, 0.000153021, 35.6147
1940, 32.33333, 0.247117, -53.6782, 0.000153361, 35.5795
1941, 32.34167, 0.247598, -53.7135, 0.000153701, 35.5442
1941, 32.35000, 0.248079, -53.749, 0.000154042, 35.5088
1942, 32.35833, 0.248563, -53.7845, 0.000154384, 35.4732
1942, 32.36667, 0.249047, -53.8203, 0.000154727, 35.4375
1943, 32.37500, 0.249533, -53.8561, 0.000155072, 35.4017
1943, 32.38333, 0.250021, -53.8921, 0.000155417, 35.3657
1944, 32.39167, 0.25051, -53.9282, 0.000155763, 35.3296
1944, 32.40000, 0.251, -53.9644, 0.000156111, 35.2933
1945, 32.40833, 0.251492, -54.0008, 0.000156459, 35.257
1945, 32.41667, 0.251985, -54.0373, 0.000156809, 35.2204
1946, 32.42500, 0.25248, -54.074, 0.000157159, 35.1838
1946, 32.43333, 0.252976, -54.1108, 0.000157511, 35.147
1947, 32.44167, 0.253473, -54.1477, 0.000157864, 35.11
1947, 32.45000, 0.253972, -54.1848, 0.000158218, 35.073
1948, 32.45833, 0.254473, -54.222, 0.000158573, 35.0357
1948, 32.46667, 0.254975, -54.2594, 0.000158929, 34.9984
1949, 32.47500, 0.255478, -54.2969, 0.000159286, 34.9609
1949, 32.48333, 0.255983, -54.3345, 0.000159644, 34.9232
1950, 32.49167, 0.256489, -54.3723, 0.000160003, 34.8854
1950, 32.50000, 0.256997, -54.4103, 0.000160364, 34.8475
1951, 32.50833, 0.257506, -54.4484, 0.000160725, 34.8094
1951, 32.51667, 0.258017, -54.4866, 0.000161088, 34.7712
1952, 32.52500, 0.25853, -54.525, 0.000161451, 34.7328
1952, 32.53333, 0.259043, -54.5635, 0.000161816, 34.6943
1953, 32.54167, 0.259559, -54.6021, 0.000162182, 34.6557
1953, 32.55000, 0.260076, -54.6409, 0.000162549, 34.6169
1954, 32.55833, 0.260594, -54.6799, 0.000162918, 34.5779
1954, 32.56667, 0.261114, -54.719, 0.000163287, 34.5388
1955, 32.57500, 0.261635, -54.7583, 0.000163657, 34.4995
1955, 32.58333, 0.262158, -54.7977, 0.000164029, 34.4601
1956, 32.59167, 0.262683, -54.8372, 0.000164402, 34.4206
1956, 32.60000, 0.263209, -54.877, 0.000164776, 34.3808
1957, 32.60833, 0.263736, -54.9168, 0.000165151, 34.341
1957, 32.61667, 0.264266, -54.9568, 0.000165527, 34.301
1958, 32.62500, 0.264796, -54.997, 0.000165904, 34.2608
1958, 32.63333, 0.265329, -55.0373, 0.000166283, 34.2205
1959, 32.64167, 0.265863, -55.0778, 0.000166663, 34.18
1959, 32.65000, 0.266398, -55.1185, 0.000167043, 34.1393
1960, 32.65833, 0.266935, -55.1593, 0.000167425, 34.0986
1960, 32.66667, 0.267474, -55.2002, 0.000167809, 34.0576
1961, 32.67500, 0.268014, -55.2413, 0.000168193, 34.0165
1961, 32.68333, 0.268556, -55.2826, 0.000168579, 33.9752
1962, 32.69167, 0.269099, -55.324, 0.000168966, 33.9338
1962, 32.70000, 0.269644, -55.3656, 0.000169354, 33.8922
1963, 32.70833, 0.270191, -55.4073, 0.000169743, 33.8505
1963, 32.71667, 0.270739, -55.4493, 0.000170133, 33.8086
1964, 32.72500, 0.271289, -55.4913, 0.000170525, 33.7665
1964, 32.73333, 0.27184, -55.5336, 0.000170918, 33.7243
1965, 32.74167, 0.272393, -55.576, 0.000171312, 33.6819
1965, 32.75000, 0.272948, -55.6185, 0.000171707, 33.6393
1966, 32.75833, 0.273505, -55.6612, 0.000172103, 33.5966
1966, 32.76667, 0.274063, -55.7041, 0.000172501, 33.5537
1967, 32.77500, 0.274623, -55.7472, 0.0001729, 33.5106
1967, 32.78333, 0.275184, -55.7904, 0.0001733, 33.4674
1968, 32.79167, 0.275747, -55.8338, 0.000173702, 33.424
1968, 32.80000, 0.276312, -55.8774, 0.000174105, 33.3804
1969, 32.80833, 0.276878, -55.9211, 0.000174508, 33.3367
1969, 32.81667, 0.277446, -55.965, 0.000174914, 33.2928
1970, 32.82500, 0.278016, -56.0091, 0.00017532, 33.2487
1970, 32.83333, 0.278588, -56.0533, 0.000175728, 33.2045
1971, 32.84167, 0.279161, -56.0977, 0.000176137, 33.16
1971, 32.85000, 0.279736, -56.1423, 0.000176547, 33.1155
1972, 32.85833, 0.280312, -56.1871, 0.000176959, 33.0707
1972, 32.86667, 0.280891, -56.232, 0.000177372, 33.0257
1973, 32.87500, 0.281471, -56.2771, 0.000177786, 32.9806
1973, 32.88333, 0.282052, -56.3224, 0.000178201, 32.9353
1974, 32.89167, 0.282636, -56.3679, 0.000178618, 32.8899
1974, 32.90000, 0.283221, -56.4135, 0.000179036, 32.8442
1975, 32.90833, 0.283808, -56.4594, 0.000179455, 32.7984
1975, 32.91667, 0.284397, -56.5054, 0.000179876, 32.7524
1976, 32.92500, 0.284987, -56.5516, 0.000180298, 32.7062
1976, 32.93333, 0.285579, -56.5979, 0.000180721, 32.6598
1977, 32.94167, 0.286174, -56.6445, 0.000181145, 32.6133
1977, 32.95000, 0.286769, -56.6912, 0.000181571, 32.5666
1978, 32.95833, 0.287367, -56.7381, 0.000181998, 32.5196
1978, 32.96667, 0.287966, -56.7852, 0.000182427, 32.4725
1979, 32.97500, 0.288567, -56.8325, 0.000182857, 32.4253
1979, 32.98333, 0.28917, -56.88, 0.000183288, 32.3778
1980, 32.99167, 0.289775, -56.9276, 0.000183721, 32.3301
1980, 33.00000, 0.290381, -56.9754, 0.000184155, 32.2823
1981, 33.00833, 0.29099, -57.0235, 0.00018459, 32.2342
1981, 33.01667, 0.2916, -57.0717, 0.000185027, 32.186
1982, 33.02500, 0.292212, -57.1201, 0.000185465, 32.1376
1982, 33.03333, 0.292825, -57.1687, 0.000185904, 32.089
1983, 33.04167, 0.293441, -57.2175, 0.000186345, 32.0402
1983, 33.05000, 0.294059, -57.2665, 0.000186787, 31.9912
1984, 33.05833, 0.294678, -57.3157, 0.00018723, 31.942
1984, 33.06667, 0.295299, -57.365, 0.000187675, 31.8927
1985, 33.07500, 0.295922, -57.4146, 0.000188121, 31.8431
1985, 33.08333, 0.296547, -57.4644, 0.000188569, 31.7933
1986, 33.09167, 0.297174, -57.5143, 0.000189018, 31.7433
1986, 33.10000, 0.297802, -57.5645, 0.000189469, 31.6932
1987, 33.10833, 0.298432, -57.6149, 0.000189921, 31.6428
1987, 33.11667, 0.299065, -57.6654, 0.000190374, 31.5923
1988, 33.12500, 0.299699, -57.7162, 0.000190829, 31.5415
1988, 33.13333, 0.300335, -57.7671, 0.000191285, 31.4905
1989, 33.14167, 0.300973, -57.8183, 0.000191742, 31.4394
1989, 33.15000, 0.301613, -57.8697, 0.000192201, 31.388
1990, 33.15833, 0.302255, -57.9212, 0.000192662, 31.3364
1990, 33.16667, 0.302898, -57.973, 0.000193124, 31.2846
1991, 33.17500, 0.303544, -58.025, 0.000193587, 31.2326
1991, 33.18333, 0.304192, -58.0772, 0.000194052, 31.1804
1992, 33.19167, 0.304841, -58.1296, 0.000194518, 31.128
1992, 33.20000, 0.305493, -58.1822, 0.000194986, 31.0754
1993, 33.20833, 0.306146, -58.235, 0.000195455, 31.0226
1993, 33.21667, 0.306801, -58.288, 0.000195925, 30.9696
1994, 33.22500, 0.307458, -58.3413, 0.000196397, 30.9163
1994, 33.23333, 0.308118, -58.3947, 0.000196871, 30.8629
1995, 33.24167, 0.308779, -58.4484, 0.000197346, 30.8092
1995, 33.25000, 0.309442, -58.5023, 0.000197823, 30.7553
1996, 33.25833, 0.310107, -58.5564, 0.000198301, 30.7012
1996, 33.26667, 0.310774, -58.6107, 0.00019878, 30.6469
1997, 33.27500, 0.311443, -58.6652, 0.000199261, 30.5924
1997, 33.28333, 0.312114, -58.7199, 0.000199744, 30.5376
1998, 33.29167, 0.312787, -58.7749, 0.000200228, 30.4826
1998, 33.30000, 0.313462, -58.8301, 0.000200713, 30.4274
1999, 33.30833, 0.314139, -58.8855, 0.0002012, 30.372
1999, 33.31667, 0.314818, -58.9411, 0.000201689, 30.3164
2000, 33.32500, 0.315499, -58.997, 0.000202179, 30.2605
2000, 33.33333, 0.316182, -59.0531, 0.00020267, 30.2044
2001, 33.34167, 0.316867, -59.1094, 0.000203163, 30.1481
2001, 33.35000, 0.317554, -59.1659, 0.000203658, 30.0916
2002, 33.35833, 0.318244, -59.2227, 0.000204154, 30.0348
2002, 33.36667, 0.318935, -59.2797, 0.000204652, 29.9778
2003, 33.37500, 0.319628, -59.3369, 0.000205151, 29.9206
2003, 33.38333, 0.320323, -59.3943, 0.000205652, 29.8632
2003, 33.39167, 0.321021, -59.452, 0.000206155, 29.8055
2004, 33.40000, 0.32172, -59.5099, 0.000206659, 29.7476
2005, 33.40833, 0.322421, -59.568, 0.000207164, 29.6894
2005, 33.41667, 0.323125, -59.6264, 0.000207671, 29.631
2006, 33.42500, 0.32383, -59.685, 0.00020818, 29.5724
2006, 33.43333, 0.324538, -59.7439, 0.00020869, 29.5135
2007, 33.44167, 0.325248, -59.803, 0.000209202, 29.4544
2007, 33.45000, 0.32596, -59.8623, 0.000209715, 29.3951
2008, 33.45833, 0.326674, -59.9219, 0.000210231, 29.3355
2008, 33.46667, 0.32739, -59.9817, 0.000210747, 29.2757
2009, 33.47500, 0.328108, -60.0417, 0.000211265, 29.2157
2009, 33.48333, 0.328828, -60.102, 0.000211785, 29.1554
2010, 33.49167, 0.32955, -60.1626, 0.000212307, 29.0948
2010, 33.50000, 0.330275, -60.2233, 0.00021283, 29.034
2011, 33.50833, 0.331001, -60.2844, 0.000213354, 28.973
2011, 33.51667, 0.33173, -60.3456, 0.000213881, 28.9117
2012, 33.52500, 0.332461, -60.4072, 0.000214409, 28.8502
2012, 33.53333, 0.333194, -60.4689, 0.000214938, 28.7884
2013, 33.54167, 0.333929, -60.531, 0.000215469, 28.7263
2013, 33.55000, 0.334666, -60.5932, 0.000216002, 28.6641
2014, 33.55833, 0.335405, -60.6558, 0.000216536, 28.6015
2014, 33.56667, 0.336147, -60.7185, 0.000217073, 28.5387
2015, 33.57500, 0.336891, -60.7816, 0.00021761, 28.4757
2015, 33.58333, 0.337637, -60.8449, 0.00021815, 28.4124
2016, 33.59167, 0.338385, -60.9084, 0.000218691, 28.3488
2016, 33.60000, 0.339135, -60.9722, 0.000219233, 28.285
2017, 33.60833, 0.339887, -61.0363, 0.000219778, 28.2209
2017, 33.61667, 0.340642, -61.1006, 0.000220324, 28.1566
2018, 33.62500, 0.341398, -61.1652, 0.000220871, 28.092
2018, 33.63333, 0.342157, -61.2301, 0.000221421, 28.0271
2019, 33.64167, 0.342918, -61.2952, 0.000221972, 27.962
2019, 33.65000, 0.343682, -61.3606, 0.000222525, 27.8966
2020, 33.65833, 0.344447, -61.4262, 0.000223079, 27.8309
2020, 33.66667, 0.345215, -61.4922, 0.000223635, 27.765
2021, 33.67500, 0.345984, -61.5584, 0.000224193, 27.6988
2021, 33.68333, 0.346756, -61.6248, 0.000224752, 27.6323
2022, 33.69167, 0.347531, -61.6916, 0.000225314, 27.5656
2022, 33.70000, 0.348307, -61.7586, 0.000225877, 27.4986
2023, 33.70833, 0.349086, -61.8258, 0.000226441, 27.4313
2023, 33.71667, 0.349867, -61.8934, 0.000227007, 27.3637
2024, 33.72500, 0.35065, -61.9612, 0.000227575, 27.2959
2024, 33.73333, 0.351435, -62.0293, 0.000228145, 27.2278
2025, 33.74167, 0.352223, -62.0977, 0.000228717, 27.1594
2025, 33.75000, 0.353013, -62.1664, 0.00022929, 27.0907
2026, 33.75833, 0.353805, -62.2353, 0.000229865, 27.0217
2026, 33.76667, 0.354599, -62.3045, 0.000230441, 26.9525
2027, 33.77500, 0.355396, -62.374, 0.00023102, 26.883
2027, 33.78333, 0.356195, -62.4438, 0.0002316, 26.8132
2028, 33.79167, 0.356996, -62.5139, 0.000232182, 26.7431
2028, 33.80000, 0.357799, -62.5843, 0.000232765, 26.6727
2029, 33.80833, 0.358604, -62.6549, 0.00023335, 26.602
2029, 33.81667, 0.359412, -62.7259, 0.000233938, 26.5311
2030, 33.82500, 0.360222, -62.7971, 0.000234526, 26.4598
2030, 33.83333, 0.361035, -62.8686, 0.000235117, 26.3883
2031, 33.84167, 0.361849, -62.9405, 0.000235709, 26.3165
2031, 33.85000, 0.362666, -63.0126, 0.000236303, 26.2443
2032, 33.85833, 0.363485, -63.085, 0.000236899, 26.1719
2032, 33.86667, 0.364306, -63.1577, 0.000237497, 26.0992
2033, 33.87500, 0.36513, -63.2307, 0.000238096, 26.0262
2033, 33.88333, 0.365956, -63.304, 0.000238697, 25.9529
2034, 33.89167, 0.366784, -63.3776, 0.0002393, 25.8792
2034, 33.90000, 0.367615, -63.4515, 0.000239905, 25.8053
2035, 33.90833, 0.368447, -63.5257, 0.000240511, 25.7311
2035, 33.91667, 0.369282, -63.6002, 0.000241119, 25.6566
2036, 33.92500, 0.37012, -63.675, 0.000241729, 25.5817
2036, 33.93333, 0.370959, -63.7502, 0.000242341, 25.5066
2037, 33.94167, 0.371801, -63.8256, 0.000242955, 25.4312
2037, 33.95000, 0.372645, -63.9014, 0.00024357, 25.3554
2038, 33.95833, 0.373491, -63.9774, 0.000244187, 25.2793
2038, 33.96667, 0.37434, -64.0538, 0.000244806, 25.2029
2039, 33.97500, 0.375191, -64.1304, 0.000245427, 25.1263
2039, 33.98333, 0.376044, -64.2074, 0.000246049, 25.0492
2040, 33.99167, 0.3769, -64.2848, 0.000246673, 24.9719
2040, 34.00000, 0.377758, -64.3624, 0.000247299, 24.8943
2041, 34.00833, 0.378618, -64.4403, 0.000247927, 24.8163
2041, 34.01667, 0.37948, -64.5186, 0.000248557, 24.738
2042, 34.02500, 0.380345, -64.5972, 0.000249188, 24.6594
2042, 34.03333, 0.381212, -64.6761, 0.000249821, 24.5805
2043, 34.04167, 0.382081, -64.7553, 0.000250456, 24.5013
2043, 34.05000, 0.382953, -64.8349, 0.000251093, 24.4217
2044, 34.05833, 0.383826, -64.9148, 0.000251732, 24.3418
2044, 34.06667, 0.384703, -64.995, 0.000252372, 24.2616
2045, 34.07500, 0.385581, -65.0755, 0.000253014, 24.181
2045, 34.08333, 0.386462, -65.1564, 0.000253658, 24.1001
2046, 34.09167, 0.387345, -65.2376, 0.000254304, 24.0189
2046, 34.10000, 0.38823, -65.3191, 0.000254952, 23.9374
2047, 34.10833, 0.389117, -65.401, 0.000255601, 23.8555
2047, 34.11667, 0.390007, -65.4832, 0.000256253, 23.7733
2048, 34.12500, 0.390899, -65.5657, 0.000256906, 23.6907
2048, 34.13333, 0.391793, -65.6486, 0.00025756, 23.6078
2049, 34.14167, 0.39269, -65.7318, 0.000258217, 23.5246
2049, 34.15000, 0.393589, -65.8154, 0.000258875, 23.441
2050, 34.15833, 0.39449, -65.8993, 0.000259536, 23.3571
2050, 34.16667, 0.395393, -65.9835, 0.000260198, 23.2728
2051, 34.17500, 0.396299, -66.0681, 0.000260861, 23.1882
2051, 34.18333, 0.397207, -66.153, 0.000261527, 23.1033
2052, 34.19167, 0.398117, -66.2383, 0.000262194, 23.018
2052, 34.20000, 0.399029, -66.324, 0.000262864, 22.9323
2053, 34.20833, 0.399944, -66.4099, 0.000263535, 22.8463
2053, 34.21667, 0.400861, -66.4963, 0.000264207, 22.76
2054, 34.22500, 0.40178, -66.5829, 0.000264882, 22.6733
2054, 34.23333, 0.402701, -66.67, 0.000265558, 22.5863
2055, 34.24167, 0.403625, -66.7574, 0.000266237, 22.4988
2055, 34.25000, 0.404551, -66.8451, 0.000266917, 22.4111
2056, 34.25833, 0.405479, -66.9332, 0.000267598, 22.323
2056, 34.26667, 0.406409, -67.0217, 0.000268282, 22.2345
2057, 34.27500, 0.407341, -67.1105, 0.000268967, 22.1456
2057, 34.28333, 0.408276, -67.1997, 0.000269654, 22.0564
2058, 34.29167, 0.409213, -67.2893, 0.000270343, 21.9669
2058, 34.30000, 0.410152, -67.3792, 0.000271034, 21.8769
2059, 34.30833, 0.411093, -67.4694, 0.000271726, 21.7866
2059, 34.31667, 0.412036, -67.5601, 0.00027242, 21.696
2060, 34.32500, 0.412982, -67.6511, 0.000273116, 21.605
2060, 34.33333, 0.41393, -67.7425, 0.000273814, 21.5136
2061, 34.34167, 0.41488, -67.8342, 0.000274514, 21.4218
2061, 34.35000, 0.415832, -67.9264, 0.000275215, 21.3296
2062, 34.35833, 0.416786, -68.0189, 0.000275918, 21.2371
2062, 34.36667, 0.417742, -68.1117, 0.000276623, 21.1442
2063, 34.37500, 0.418701, -68.205, 0.000277329, 21.051
2063, 34.38333, 0.419662, -68.2986, 0.000278037, 20.9573
2064, 34.39167, 0.420624, -68.3926, 0.000278747, 20.8633
2064, 34.40000, 0.421589, -68.487, 0.000279459, 20.7689
2064, 34.40833, 0.422556, -68.5817, 0.000280172, 20.6741
2065, 34.41667, 0.423525, -68.6769, 0.000280887, 20.579
2066, 34.42500, 0.424496, -68.7724, 0.000281604, 20.4834
2066, 34.43333, 0.42547, -68.8683, 0.000282323, 20.3875
2067, 34.44167, 0.426445, -68.9646, 0.000283043, 20.2912
2067, 34.45000, 0.427422, -69.0613, 0.000283765, 20.1945
2068, 34.45833, 0.428402, -69.1584, 0.000284489, 20.0974
2068, 34.46667, 0.429383, -69.2558, 0.000285214, 19.9999
2068, 34.47500, 0.430366, -69.3537, 0.000285941, 19.902
2069, 34.48333, 0.431352, -69.4519, 0.00028667, 19.8038
2070, 34.49167, 0.432339, -69.5506, 0.0002874, 19.7051
2070, 34.50000, 0.433329, -69.6496, 0.000288132, 19.6061
2071, 34.50833, 0.43432, -69.749, 0.000288866, 19.5066
2071, 34.51667, 0.435314, -69.8489, 0.000289602, 19.4068
2072, 34.52500, 0.436309, -69.9491, 0.000290339, 19.3065
2072, 34.53333, 0.437306, -70.0497, 0.000291077, 19.2059
2072, 34.54167, 0.438306, -70.1507, 0.000291818, 19.1049
2073, 34.55000, 0.439307, -70.2521, 0.00029256, 19.0034
2074, 34.55833, 0.44031, -70.3539, 0.000293303, 18.9016
2074, 34.56667, 0.441315, -70.4562, 0.000294048, 18.7993
2075, 34.57500, 0.442321, -70.5588, 0.000294795, 18.6967
2075, 34.58333, 0.44333, -70.6618, 0.000295543, 18.5936
2076, 34.59167, 0.444341, -70.7653, 0.000296293, 18.4902
2076, 34.60000, 0.445353, -70.8691, 0.000297045, 18.3863
2076, 34.60833, 0.446367, -70.9734, 0.000297798, 18.282
2077, 34.61667, 0.447383, -71.0781, 0.000298552, 18.1773
2078, 34.62500, 0.448401, -71.1831, 0.000299309, 18.0722
2078, 34.63333, 0.44942, -71.2886, 0.000300066, 17.9667
2079, 34.64167, 0.450442, -71.3945, 0.000300825, 17.8608
2079, 34.65000, 0.451465, -71.5009, 0.000301586, 17.7545
2080, 34.65833, 0.452489, -71.6076, 0.000302348, 17.6477
2080, 34.66667, 0.453516, -71.7147, 0.000303112, 17.5405
2080, 34.67500, 0.454544, -71.8223, 0.000303877, 17.4329
2081, 34.68333, 0.455574, -71.9303, 0.000304644, 17.3249
2082, 34.69167, 0.456605, -72.0387, 0.000305412, 17.2165
2082, 34.70000, 0.457638, -72.1475, 0.000306181, 17.1077
2083, 34.70833, 0.458673, -72.2568, 0.000306952, 16.9984
2083, 34.71667, 0.459709, -72.3664, 0.000307725, 16.8887
2084, 34.72500, 0.460747, -72.4765, 0.000308499, 16.7786
2084, 34.73333, 0.461786, -72.587, 0.000309274, 16.6681
2084, 34.74167, 0.462827, -72.698, 0.000310051, 16.5571
2085, 34.75000, 0.463869, -72.8093, 0.000310828, 16.4457
2086, 34.75833, 0.464913, -72.9211, 0.000311608, 16.3339
2086, 34.76667, 0.465958, -73.0333, 0.000312388, 16.2217
2087, 34.77500, 0.467005, -73.146, 0.00031317, 16.109
2087, 34.78333, 0.468053, -73.2591, 0.000313954, 15.9959
2088, 34.79167, 0.469103, -73.3726, 0.000314738, 15.8824
2088, 34.80000, 0.470153, -73.4865, 0.000315524, 15.7684
2088, 34.80833, 0.471206, -73.6009, 0.000316311, 15.654
2089, 34.81667, 0.472259, -73.7157, 0.0003171, 15.5392
2090, 34.82500, 0.473314, -73.8309, 0.000317889, 15.424
2090, 34.83333, 0.47437, -73.9466, 0.00031868, 15.3083
2091, 34.84167, 0.475428, -74.0627, 0.000319472, 15.1921
2091, 34.85000, 0.476486, -74.1792, 0.000320265, 15.0756
2092, 34.85833, 0.477546, -74.2962, 0.00032106, 14.9586
2092, 34.86667, 0.478607, -74.4136, 0.000321855, 14.8412
2092, 34.87500, 0.479669, -74.5314, 0.000322652, 14.7233
2093, 34.88333, 0.480732, -74.6497, 0.00032345, 14.605
2094, 34.89167, 0.481796, -74.7684, 0.000324249, 14.4863
2094, 34.90000, 0.482862, -74.8876, 0.000325049, 14.3671
2095, 34.90833, 0.483928, -75.0071, 0.00032585, 14.2475
2095, 34.91667, 0.484995, -75.1272, 0.000326652, 14.1274
2096, 34.92500, 0.486064, -75.2476, 0.000327455, 14.0069
2096, 34.93333, 0.487133, -75.3685, 0.000328259, 13.886
2096, 34.94167, 0.488203, -75.4899, 0.000329064, 13.7646
2097, 34.95000, 0.489274, -75.6117, 0.00032987, 13.6428
2098, 34.95833, 0.490346, -75.7339, 0.000330677, 13.5206
2098, 34.96667, 0.491418, -75.8566, 0.000331485, 13.3979
2099, 34.97500, 0.492492, -75.9797, 0.000332294, 13.2747
2099, 34.98333, 0.493566, -76.1033, 0.000333103, 13.1511
2100, 34.99167, 0.494641, -76.2273, 0.000333914, 13.0271
2100, 35.00000, 0.495717, -76.3517, 0.000334725, 12.9026
2100, 35.00833, 0.496793, -76.4766, 0.000335538, 12.7777
2101, 35.01667, 0.49787, -76.602, 0.000336351, 12.6524
2102, 35.02500, 0.498947, -76.7277, 0.000337164, 12.5266
2102, 35.03333, 0.500025, -76.8539, 0.000337979, 12.4003
2103, 35.04167, 0.501103, -76.9806, 0.000338794, 12.2736
2103, 35.05000, 0.502182, -77.1077, 0.00033961, 12.1465
2104, 35.05833, 0.503262, -77.2353, 0.000340426, 12.0189
2104, 35.06667, 0.504341, -77.3633, 0.000341244, 11.8909
2104, 35.07500, 0.505422, -77.4917, 0.000342061, 11.7625
2105, 35.08333, 0.506502, -77.6206, 0.00034288, 11.6336
2106, 35.09167, 0.507583, -77.7499, 0.000343699, 11.5042
2106, 35.10000, 0.508664, -77.8797, 0.000344518, 11.3744
2107, 35.10833, 0.509745, -78.0099, 0.000345338, 11.2442
2107, 35.11667, 0.510826, -78.1405, 0.000346159, 11.1135
2108, 35.12500, 0.511908, -78.2716, 0.00034698, 10.9824
2108, 35.13333, 0.512989, -78.4032, 0.000347801, 10.8508
2108, 35.14167, 0.514071, -78.5352, 0.000348623, 10.7188
2109, 35.15000, 0.515152, -78.6676, 0.000349445, 10.5863
2110, 35.15833, 0.516234, -78.8004, 0.000350268, 10.4535
2110, 35.16667, 0.517315, -78.9338, 0.00035109, 10.3201
2111, 35.17500, 0.518396, -79.0675, 0.000351914, 10.1863
2111, 35.18333, 0.519478, -79.2017, 0.000352737, 10.0521
2112, 35.19167, 0.520559, -79.3363, 0.000353561, 9.91745
2112, 35.20000, 0.521639, -79.4714, 0.000354384, 9.78236
2112, 35.20833, 0.52272, -79.6069, 0.000355208, 9.64683
2113, 35.21667, 0.5238, -79.7429, 0.000356033, 9.51084
2114, 35.22500, 0.524879, -79.8793, 0.000356857, 9.37443
2114, 35.23333, 0.525958, -80.0161, 0.000357681, 9.23759
2115, 35.24167, 0.527037, -80.1534, 0.000358506, 9.10029
2115, 35.25000, 0.528115, -80.291, 0.00035933, 8.96257
2116, 35.25833, 0.529193, -80.4292, 0.000360154, 8.82442
2116, 35.26667, 0.53027, -80.5677, 0.000360979, 8.68581
2116, 35.27500, 0.531346, -80.7067, 0.000361803, 8.54679
2117, 35.28333, 0.532422, -80.8462, 0.000362627, 8.40734
2118, 35.29167, 0.533497, -80.986, 0.000363451, 8.26743
2118, 35.30000, 0.534571, -81.1263, 0.000364275, 8.12712
2119, 35.30833, 0.535644, -81.2671, 0.000365098, 7.98637
2119, 35.31667, 0.536716, -81.4082, 0.000365922, 7.84518
2120, 35.32500, 0.537787, -81.5498, 0.000366745, 7.70358
2120, 35.33333, 0.538857, -81.6918, 0.000367568, 7.56155
2120, 35.34167, 0.539927, -81.8342, 0.00036839, 7.41908
2121, 35.35000, 0.540995, -81.9771, 0.000369212, 7.27621
2122, 35.35833, 0.542061, -82.1204, 0.000370033, 7.13291
2122, 35.36667, 0.543127, -82.2641, 0.000370855, 6.98917
2123, 35.37500, 0.544191, -82.4082, 0.000371675, 6.84503
2123, 35.38333, 0.545254, -82.5527, 0.000372495, 6.70048
2124, 35.39167, 0.546316, -82.6977, 0.000373315, 6.55549
2124, 35.40000, 0.547376, -82.843, 0.000374134, 6.4101
2124, 35.40833, 0.548435, -82.9888, 0.000374952, 6.26429
2125, 35.41667, 0.549492, -83.135, 0.000375769, 6.11806
2126, 35.42500, 0.550548, -83.2816, 0.000376586, 5.97144
2126, 35.43333, 0.551602, -83.4286, 0.000377402, 5.8244
2127, 35.44167, 0.552654, -83.576, 0.000378217, 5.67695
2127, 35.45000, 0.553705, -83.7239, 0.000379032, 5.5291
2128, 35.45833, 0.554753, -83.8721, 0.000379845, 5.38085
2128, 35.46667, 0.5558, -84.0207, 0.000380658, 5.23219
2128, 35.47500, 0.556845, -84.1697, 0.00038147, 5.08314
2129, 35.48333, 0.557888, -84.3191, 0.00038228, 4.93369
2130, 35.49167, 0.558928, -84.469, 0.00038309, 4.78383
2130, 35.50000, 0.559967, -84.6192, 0.000383899, 4.6336
2131, 35.50833, 0.561004, -84.7698, 0.000384706, 4.48298
2131, 35.51667, 0.562038, -84.9208, 0.000385512, 4.33194
2132, 35.52500, 0.56307, -85.0722, 0.000386317, 4.18055
2132, 35.53333, 0.5641, -85.2239, 0.000387121, 4.02876
2133, 35.54167, 0.565127, -85.3761, 0.000387924, 3.87658
2133, 35.55000, 0.566152, -85.5286, 0.000388725, 3.72404
2134, 35.55833, 0.567174, -85.6815, 0.000389525, 3.57112
2134, 35.56667, 0.568194, -85.8347, 0.000390323, 3.4178
2135, 35.57500, 0.569212, -85.9884, 0.00039112, 3.26414
2135, 35.58333, 0.570226, -86.1424, 0.000391916, 3.1101
2136, 35.59167, 0.571238, -86.2968, 0.00039271, 2.95569
2136, 35.60000, 0.572247, -86.4515, 0.000393503, 2.80092
2137, 35.60833, 0.573253, -86.6066, 0.000394293, 2.6458
2137, 35.61667, 0.574256, -86.7621, 0.000395083, 2.4903
2138, 35.62500, 0.575257, -86.9179, 0.00039587, 2.33446
2138, 35.63333, 0.576254, -87.074, 0.000396656, 2.17827
2139, 35.64167, 0.577248, -87.2306, 0.00039744, 2.02172
2139, 35.65000, 0.578239, -87.3874, 0.000398222, 1.86483
2140, 35.65833, 0.579227, -87.5446, 0.000399002, 1.70761
2140, 35.66667, 0.580211, -87.7022, 0.000399781, 1.55003
2141, 35.67500, 0.581192, -87.86, 0.000400557, 1.39213
2141, 35.68333, 0.58217, -88.0182, 0.000401332, 1.23389
2142, 35.69167, 0.583144, -88.1768, 0.000402104, 1.07531
2142, 35.70000, 0.584115, -88.3356, 0.000402874, 0.916422
2143, 35.70833, 0.585082, -88.4948, 0.000403642, 0.757212
2143, 35.71667, 0.586046, -88.6543, 0.000404409, 0.597663
2144, 35.72500, 0.587006, -88.8142, 0.000405172, 0.437818
2144, 35.73333, 0.587962, -88.9743, 0.000405934, 0.277661
2145, 35.74167, 0.588915, -89.1347, 0.000406693, 0.117177
2145, 35.75000, 0.589863, -89.2955, 0.00040745, -0.043592
2146, 35.75833, 0.590808, -89.4565, 0.000408205, -0.204661
2146, 35.76667, 0.591748, -89.6179, 0.000408957, -0.366047
2147, 35.77500, 0.592685, -89.7795, 0.000409707, -0.527706
2147, 35.78333, 0.593617, -89.9414, 0.000410454, -0.689653
2148, 35.79167, 0.594546, -90.1036, 0.000411199, -0.851905
2148, 35.80000, 0.59547, -90.2661, 0.000411941, -1.01442
2149, 35.80833, 0.59639, -90.4289, 0.00041268, -1.17721
2149, 35.81667, 0.597305, -90.5919, 0.000413417, -1.34029
2150, 35.82500, 0.598216, -90.7552, 0.000414151, -1.50362
2150, 35.83333, 0.599123, -90.9188, 0.000414882, -1.66721
2151, 35.84167, 0.600025, -91.0826, 0.000415611, -1.83108
2151, 35.85000, 0.600923, -91.2467, 0.000416336, -1.99519
2152, 35.85833, 0.601816, -91.411, 0.000417059, -2.15955
2152, 35.86667, 0.602704, -91.5756, 0.000417779, -2.32418
2153, 35.87500, 0.603588, -91.7404, 0.000418496, -2.48902
2153, 35.88333, 0.604466, -91.9055, 0.00041921, -2.65411
2154, 35.89167, 0.60534, -92.0708, 0.00041992, -2.81944
2154, 35.90000, 0.606209, -92.2363, 0.000420628, -2.98499
2155, 35.90833, 0.607074, -92.402, 0.000421333, -3.15075
2155, 35.91667, 0.607933, -92.568, 0.000422034, -3.31676
2156, 35.92500, 0.608787, -92.7342, 0.000422732, -3.48295
2156, 35.93333, 0.609636, -92.9005, 0.000423427, -3.64936
2157, 35.94167, 0.61048, -93.0671, 0.000424119, -3.81599
2157, 35.95000, 0.611318, -93.2339, 0.000424808, -3.9828
2158, 35.95833, 0.612152, -93.4009, 0.000425493, -4.1498
2158, 35.96667, 0.61298, -93.568, 0.000426174, -4.31701
2159, 35.97500, 0.613803, -93.7354, 0.000426853, -4.48438
2159, 35.98333, 0.61462, -93.9029, 0.000427527, -4.65193
2160, 35.99167, 0.615432, -94.0706, 0.000428199, -4.81967
2160, 36.00000, 0.616238, -94.2385, 0.000428866, -4.98756
2161, 36.00833, 0.617039, -94.4065, 0.00042953, -5.15561
2161, 36.01667, 0.617835, -94.5747, 0.000430191, -5.32384
2162, 36.02500, 0.618624, -94.743, 0.000430848, -5.4922
2162, 36.03333, 0.619408, -94.9115, 0.000431501, -5.66071
2163, 36.04167, 0.620186, -95.0801, 0.000432151, -5.82937
2163, 36.05000, 0.620959, -95.2489, 0.000432796, -5.99815
2164, 36.05833, 0.621725, -95.4177, 0.000433438, -6.16706
2164, 36.06667, 0.622486, -95.5868, 0.000434077, -6.33612
2165, 36.07500, 0.623241, -95.7559, 0.000434711, -6.50527
2165, 36.08333, 0.62399, -95.9251, 0.000435341, -6.67453
2166, 36.09167, 0.624733, -96.0945, 0.000435968, -6.84392
2166, 36.10000, 0.62547, -96.2639, 0.00043659, -7.01339
2167, 36.10833, 0.626201, -96.4334, 0.000437209, -7.18296
2167, 36.11667, 0.626926, -96.6031, 0.000437824, -7.35264
2168, 36.12500, 0.627644, -96.7728, 0.000438434, -7.52237
2168, 36.13333, 0.628357, -96.9425, 0.000439041, -7.69219
2169, 36.14167, 0.629063, -97.1124, 0.000439643, -7.8621
2169, 36.15000, 0.629763, -97.2823, 0.000440242, -8.03205
2170, 36.15833, 0.630457, -97.4523, 0.000440836, -8.20206
2170, 36.16667, 0.631144, -97.6224, 0.000441426, -8.37215
2171, 36.17500, 0.631825, -97.7924, 0.000442012, -8.54226
2171, 36.18333, 0.6325, -97.9626, 0.000442593, -8.71241
2172, 36.19167, 0.633169, -98.1327, 0.000443171, -8.88262
2172, 36.20000, 0.633831, -98.3029, 0.000443744, -9.05284
2173, 36.20833, 0.634486, -98.4731, 0.000444313, -9.22308
2173, 36.21667, 0.635135, -98.6434, 0.000444877, -9.39336
2174, 36.22500, 0.635778, -98.8136, 0.000445438, -9.56363
2174, 36.23333, 0.636414, -98.9838, 0.000445994, -9.7339
2175, 36.24167, 0.637043, -99.1541, 0.000446545, -9.90419
2175, 36.25000, 0.637666, -99.3243, 0.000447092, -10.0745
2176, 36.25833, 0.638282, -99.4945, 0.000447635, -10.2447
2176, 36.26667, 0.638892, -99.6647, 0.000448173, -10.415
2177, 36.27500, 0.639495, -99.8349, 0.000448707, -10.5852
2177, 36.28333, 0.640092, -100.005, 0.000449237, -10.7553
2178, 36.29167, 0.640681, -100.175, 0.000449762, -10.9255
2178, 36.30000, 0.641264, -100.345, 0.000450282, -11.0955
2179, 36.30833, 0.641841, -100.515, 0.000450798, -11.2656
2179, 36.31667, 0.64241, -100.685, 0.00045131, -11.4356
2180, 36.32500, 0.642973, -100.855, 0.000451817, -11.6055
2180, 36.33333, 0.64353, -101.025, 0.000452319, -11.7753
2181, 36.34167, 0.644079, -101.195, 0.000452817, -11.9451
2181, 36.35000, 0.644622, -101.364, 0.00045331, -12.1147
2182, 36.35833, 0.645158, -101.534, 0.000453799, -12.2843
2182, 36.36667, 0.645687, -101.703, 0.000454284, -12.4538
2183, 36.37500, 0.646209, -101.873, 0.000454763, -12.6232
2183, 36.38333, 0.646725, -102.042, 0.000455238, -12.7925
2184, 36.39167, 0.647234, -102.211, 0.000455709, -12.9616
2184, 36.40000, 0.647736, -102.38, 0.000456175, -13.1307
2185, 36.40833, 0.648231, -102.549, 0.000456636, -13.2996
2185, 36.41667, 0.64872, -102.717, 0.000457093, -13.4683
2186, 36.42500, 0.649202, -102.886, 0.000457545, -13.637
2186, 36.43333, 0.649677, -103.054, 0.000457992, -13.8054
2187, 36.44167, 0.650145, -103.223, 0.000458435, -13.9738
2187, 36.45000, 0.650606, -103.391, 0.000458874, -14.1419
2188, 36.45833, 0.651061, -103.559, 0.000459307, -14.3099
2188, 36.46667, 0.651509, -103.727, 0.000459736, -14.4777
2189, 36.47500, 0.65195, -103.894, 0.000460161, -14.6454
2189, 36.48333, 0.652385, -104.062, 0.000460581, -14.8128
2189, 36.49167, 0.652813, -104.229, 0.000460996, -14.9801
2190, 36.50000, 0.653234, -104.396, 0.000461407, -15.1471
2191, 36.50833, 0.653648, -104.563, 0.000461813, -15.314
2191, 36.51667, 0.654056, -104.729, 0.000462215, -15.4806
2192, 36.52500, 0.654457, -104.896, 0.000462612, -15.647
2192, 36.53333, 0.654851, -105.062, 0.000463004, -15.8132
2193, 36.54167, 0.655239, -105.228, 0.000463392, -15.9792
2193, 36.55000, 0.655621, -105.393, 0.000463776, -16.1449
2193, 36.55833, 0.655995, -105.559, 0.000464155, -16.3104
2194, 36.56667, 0.656363, -105.724, 0.000464529, -16.4757
2195, 36.57500, 0.656725, -105.889, 0.000464899, -16.6406
2195, 36.58333, 0.65708, -106.054, 0.000465265, -16.8053
2196, 36.59167, 0.657429, -106.218, 0.000465626, -16.9698
2196, 36.60000, 0.657771, -106.382, 0.000465983, -17.134
2197, 36.60833, 0.658107, -106.546, 0.000466335, -17.2979
2197, 36.61667, 0.658436, -106.71, 0.000466683, -17.4615
2197, 36.62500, 0.658759, -106.873, 0.000467026, -17.6248
2198, 36.63333, 0.659076, -107.036, 0.000467365, -17.7878
2199, 36.64167, 0.659386, -107.199, 0.0004677, -17.9506
2199, 36.65000, 0.659691, -107.361, 0.00046803, -18.113
2200, 36.65833, 0.659989, -107.523, 0.000468356, -18.2751
2200, 36.66667, 0.66028, -107.685, 0.000468678, -18.4368
2201, 36.67500, 0.660566, -107.846, 0.000468996, -18.5983
2201, 36.68333, 0.660846, -108.007, 0.000469309, -18.7594
2201, 36.69167, 0.661119, -108.168, 0.000469618, -18.9202
2202, 36.70000, 0.661387, -108.328, 0.000469923, -19.0806
2203, 36.70833, 0.661648, -108.488, 0.000470224, -19.2407
2203, 36.71667, 0.661904, -108.648, 0.000470521, -19.4004
2204, 36.72500, 0.662154, -108.808, 0.000470813, -19.5598
2204, 36.73333, 0.662398, -108.966, 0.000471102, -19.7188
2205, 36.74167, 0.662636, -109.125, 0.000471387, -19.8775
2205, 36.75000, 0.662868, -109.283, 0.000471667, -20.0357
2205, 36.75833, 0.663095, -109.441, 0.000471944, -20.1936
2206, 36.76667, 0.663316, -109.599, 0.000472217, -20.3511
2207, 36.77500, 0.663531, -109.756, 0.000472485, -20.5082
2207, 36.78333, 0.663741, -109.912, 0.00047275, -20.6649
2208, 36.79167, 0.663946, -110.069, 0.000473011, -20.8213
2208, 36.80000, 0.664145, -110.224, 0.000473269, -20.9771
2209, 36.80833, 0.664339, -110.38, 0.000473522, -21.1326
2209, 36.81667, 0.664527, -110.535, 0.000473772, -21.2877
2209, 36.82500, 0.664711, -110.69, 0.000474019, -21.4424
2210, 36.83333, 0.664889, -110.844, 0.000474261, -21.5966
2211, 36.84167, 0.665061, -110.998, 0.0004745, -21.7504
2211, 36.85000, 0.665229, -111.151, 0.000474736, -21.9038
2212, 36.85833, 0.665392, -111.304, 0.000474968, -22.0567
2212, 36.86667, 0.66555, -111.456, 0.000475196, -22.2092
2213, 36.87500, 0.665703, -111.608, 0.000475421, -22.3613
2213, 36.88333, 0.665851, -111.76, 0.000475643, -22.5128
2213, 36.89167, 0.665995, -111.911, 0.000475862, -22.664
2214, 36.90000, 0.666134, -112.061, 0.000476077, -22.8147
2215, 36.90833, 0.666268, -112.212, 0.000476289, -22.9649
2215, 36.91667, 0.666398, -112.361, 0.000476497, -23.1146
2216, 36.92500, 0.666523, -112.511, 0.000476703, -23.2639
2216, 36.93333, 0.666644, -112.659, 0.000476905, -23.4127
2217, 36.94167, 0.66676, -112.808, 0.000477105, -23.561
2217, 36.95000, 0.666872, -112.955, 0.000477301, -23.7088
2217, 36.95833, 0.666981, -113.103, 0.000477495, -23.8562
2218, 36.96667, 0.667085, -113.25, 0.000477685, -24.003
2219, 36.97500, 0.667184, -113.396, 0.000477873, -24.1494
2219, 36.98333, 0.66728, -113.542, 0.000478058, -24.2952
2220, 36.99167, 0.667373, -113.687, 0.00047824, -24.4406
2220, 37.00000, 0.667461, -113.832, 0.00047842, -24.5855
2221, 37.00833, 0.667545, -113.976, 0.000478597, -24.7298
2221, 37.01667, 0.667626, -114.12, 0.000478771, -24.8737
2221, 37.02500, 0.667704, -114.263, 0.000478943, -25.017
2222, 37.03333, 0.667778, -114.406, 0.000479112, -25.1598
2223, 37.04167, 0.667848, -114.548, 0.000479279, -25.3021
2223, 37.05000, 0.667915, -114.69, 0.000479443, -25.4438
2224, 37.05833, 0.667979, -114.831, 0.000479606, -25.5851
2224, 37.06667, 0.66804, -114.972, 0.000479766, -25.7258
2225, 37.07500, 0.668097, -115.112, 0.000479923, -25.866
2225, 37.08333, 0.668152, -115.252, 0.000480079, -26.0056
2225, 37.09167, 0.668204, -115.391, 0.000480233, -26.1448
2226, 37.10000, 0.668253, -115.529, 0.000480384, -26.2833
2227, 37.10833, 0.668299, -115.667, 0.000480534, -26.4214
2227, 37.11667, 0.668342, -115.805, 0.000480682, -26.5589
2228, 37.12500, 0.668383, -115.942, 0.000480827, -26.6958
2228, 37.13333, 0.668422, -116.078, 0.000480972, -26.8323
2229, 37.14167, 0.668458, -116.214, 0.000481114, -26.9681
2229, 37.15000, 0.668491, -116.349, 0.000481255, -27.1034
2229, 37.15833, 0.668523, -116.484, 0.000481394, -27.2382
2230, 37.16667, 0.668552, -116.618, 0.000481531, -27.3724
2231, 37.17500, 0.668579, -116.751, 0.000481668, -27.5061
2231, 37.18333, 0.668604, -116.885, 0.000481802, -27.6392
2232, 37.19167, 0.668628, -117.017, 0.000481936, -27.7717
2232, 37.20000, 0.668649, -117.149, 0.000482068, -27.9037
2233, 37.20833, 0.668669, -117.28, 0.000482199, -28.0352
2233, 37.21667, 0.668687, -117.411, 0.000482329, -28.1661
2233, 37.22500, 0.668704, -117.541, 0.000482457, -28.2964
2234, 37.23333, 0.66872, -117.671, 0.000482585, -28.4261
2235, 37.24167, 0.668734, -117.8, 0.000482712, -28.5553
2235, 37.25000, 0.668746, -117.929, 0.000482838, -28.6839
2236, 37.25833, 0.668758, -118.057, 0.000482963, -28.812
2236, 37.26667, 0.668768, -118.184, 0.000483087, -28.9395
2237, 37.27500, 0.668778, -118.311, 0.00048321, -29.0664
2237, 37.28333, 0.668787, -118.438, 0.000483333, -29.1928
2237, 37.29167, 0.668794, -118.563, 0.000483456, -29.3186
2238, 37.30000, 0.668802, -118.689, 0.000483578, -29.4439
2239, 37.30833, 0.668808, -118.813, 0.000483699, -29.5686
2239, 37.31667, 0.668814, -118.937, 0.00048382, -29.6927
2240, 37.32500, 0.66882, -119.061, 0.000483941, -29.8162
2240, 37.33333, 0.668825, -119.184, 0.000484062, -29.9392
2241, 37.34167, 0.66883, -119.306, 0.000484182, -30.0616
2241, 37.35000, 0.668835, -119.428, 0.000484302, -30.1835
2241, 37.35833, 0.66884, -119.549, 0.000484422, -30.3048
2242, 37.36667, 0.668845, -119.67, 0.000484543, -30.4256
2243, 37.37500, 0.66885, -119.79, 0.000484663, -30.5457
2243, 37.38333, 0.668855, -119.91, 0.000484784, -30.6653
2244, 37.39167, 0.668861, -120.029, 0.000484905, -30.7844
2244, 37.40000, 0.668867, -120.147, 0.000485026, -30.9029
2245, 37.40833, 0.668874, -120.265, 0.000485147, -31.0209
2245, 37.41667, 0.668881, -120.382, 0.000485269, -31.1383
2245, 37.42500, 0.668889, -120.499, 0.000485392, -31.2551
2246, 37.43333, 0.668897, -120.615, 0.000485515, -31.3714
2247, 37.44167, 0.668907, -120.731, 0.000485639, -31.4871
2247, 37.45000, 0.668918, -120.846, 0.000485763, -31.6023
2248, 37.45833, 0.668929, -120.961, 0.000485889, -31.7169
2248, 37.46667, 0.668942, -121.075, 0.000486015, -31.831
2249, 37.47500, 0.668956, -121.188, 0.000486142, -31.9446
2249, 37.48333, 0.668972, -121.301, 0.00048627, -32.0576
2249, 37.49167, 0.668989, -121.414, 0.000486399, -32.1701
2250, 37.50000, 0.669007, -121.526, 0.00048653, -32.282
2251, 37.50833, 0.669027, -121.637, 0.000486661, -32.3934
2251, 37.51667, 0.669049, -121.748, 0.000486794, -32.5043
2252, 37.52500, 0.669073, -121.858, 0.000486928, -32.6146
2252, 37.53333, 0.669098, -121.968, 0.000487064, -32.7244
2253, 37.54167, 0.669126, -122.077, 0.000487201, -32.8338
2253, 37.55000, 0.669156, -122.186, 0.000487339, -32.9425
2253, 37.55833, 0.669188, -122.294, 0.000487479, -33.0508
2254, 37.56667, 0.669222, -122.402, 0.000487621, -33.1585
2255, 37.57500, 0.669259, -122.509, 0.000487765, -33.2658
2255, 37.58333, 0.669298, -122.616, 0.00048791, -33.3725
2256, 37.59167, 0.669339, -122.722, 0.000488058, -33.4787
2256, 37.60000, 0.669384, -122.827, 0.000488207, -33.5844
2257, 37.60833, 0.669431, -122.933, 0.000488359, -33.6897
2257, 37.61667, 0.669481, -123.037, 0.000488512, -33.7944
2258, 37.62500, 0.669534, -123.142, 0.000488668, -33.8986
2258, 37.63333, 0.66959, -123.245, 0.000488826, -34.0024
2259, 37.64167, 0.669649, -123.348, 0.000488986, -34.1057
2259, 37.65000, 0.669711, -123.451, 0.000489148, -34.2085
2260, 37.65833, 0.669776, -123.554, 0.000489313, -34.3108
2260, 37.66667, 0.669845, -123.655, 0.000489481, -34.4127
2261, 37.67500, 0.669918, -123.757, 0.000489651, -34.5141
2261, 37.68333, 0.669994, -123.858, 0.000489824, -34.615
2262, 37.69167, 0.670073, -123.958, 0.000489999, -34.7155
2262, 37.70000, 0.670157, -124.058, 0.000490177, -34.8156
2263, 37.70833, 0.670244, -124.158, 0.000490359, -34.9152
2263, 37.71667, 0.670335, -124.257, 0.000490543, -35.0143
2264, 37.72500, 0.67043, -124.355, 0.000490729, -35.1131
2264, 37.73333, 0.67053, -124.454, 0.000490919, -35.2114
2265, 37.74167, 0.670633, -124.551, 0.000491113, -35.3092
2265, 37.75000, 0.670741, -124.649, 0.000491309, -35.4067
2266, 37.75833, 0.670853, -124.746, 0.000491508, -35.5037
2266, 37.76667, 0.67097, -124.842, 0.000491711, -35.6004
2267, 37.77500, 0.671091, -124.939, 0.000491917, -35.6966
2267, 37.78333, 0.671216, -125.034, 0.000492127, -35.7925
2268, 37.79167, 0.671347, -125.13, 0.00049234, -35.8879
2268, 37.80000, 0.671482, -125.225, 0.000492557, -35.983
2269, 37.80833, 0.671622, -125.32, 0.000492777, -36.0777
2269, 37.81667, 0.671767, -125.414, 0.000493001, -36.172
2270, 37.82500, 0.671917, -125.508, 0.000493229, -36.266
2270, 37.83333, 0.672072, -125.601, 0.00049346, -36.3596
2271, 37.84167, 0.672233, -125.694, 0.000493696, -36.4529
2271, 37.85000, 0.672398, -125.787, 0.000493935, -36.5458
2272, 37.85833, 0.672569, -125.88, 0.000494179, -36.6384
2272, 37.86667, 0.672746, -125.972, 0.000494426, -36.7306
2273, 37.87500, 0.672928, -126.064, 0.000494678, -36.8226
2273, 37.88333, 0.673115, -126.156, 0.000494934, -36.9142
2274, 37.89167, 0.673309, -126.247, 0.000495194, -37.0055
2274, 37.90000, 0.673508, -126.338, 0.000495458, -37.0965
2275, 37.90833, 0.673713, -126.428, 0.000495727, -37.1872
2275, 37.91667, 0.673923, -126.519, 0.000496, -37.2777
2276, 37.92500, 0.67414, -126.609, 0.000496277, -37.3678
2276, 37.93333, 0.674363, -126.699, 0.00049656, -37.4577
2277, 37.94167, 0.674592, -126.788, 0.000496847, -37.5473
2277, 37.95000, 0.674827, -126.878, 0.000497138, -37.6367
2278, 37.95833, 0.675069, -126.967, 0.000497434, -37.7258
2278, 37.96667, 0.675317, -127.056, 0.000497735, -37.8147
2279, 37.97500, 0.675571, -127.144, 0.000498041, -37.9034
2279, 37.98333, 0.675832, -127.233, 0.000498352, -37.9918
2280, 37.99167, 0.676099, -127.321, 0.000498667, -38.0801
2280, 38.00000, 0.676373, -127.409, 0.000498988, -38.1681
2281, 38.00833, 0.676654, -127.497, 0.000499314, -38.2559
2281, 38.01667, 0.676942, -127.584, 0.000499645, -38.3436
2282, 38.02500, 0.677236, -127.672, 0.000499981, -38.4311
2282, 38.03333, 0.677537, -127.759, 0.000500322, -38.5184
2283, 38.04167, 0.677846, -127.846, 0.000500668, -38.6055
2283, 38.05000, 0.678161, -127.933, 0.00050102, -38.6925
2284, 38.05833, 0.678483, -128.02, 0.000501377, -38.7794
2284, 38.06667, 0.678813, -128.106, 0.00050174, -38.8661
2285, 38.07500, 0.67915, -128.193, 0.000502108, -38.9528
2285, 38.08333, 0.679494, -128.279, 0.000502482, -39.0393
2286, 38.09167, 0.679846, -128.366, 0.000502861, -39.1257
2286, 38.10000, 0.680205, -128.452, 0.000503246, -39.212
2287, 38.10833, 0.680571, -128.538, 0.000503636, -39.2982
2287, 38.11667, 0.680945, -128.624, 0.000504033, -39.3844
2288, 38.12500, 0.681327, -128.71, 0.000504435, -39.4705
2288, 38.13333, 0.681716, -128.796, 0.000504842, -39.5565
2289, 38.14167, 0.682113, -128.882, 0.000505256, -39.6426
2289, 38.15000, 0.682518, -128.968, 0.000505676, -39.7286
2290, 38.15833, 0.682931, -129.054, 0.000506101, -39.8145
2290, 38.16667, 0.683351, -129.14, 0.000506533, -39.9005
2291, 38.17500, 0.68378, -129.226, 0.00050697, -39.9865
2291, 38.18333, 0.684216, -129.312, 0.000507414, -40.0724
2292, 38.19167, 0.68466, -129.398, 0.000507863, -40.1584
2292, 38.20000, 0.685113, -129.484, 0.000508319, -40.2445
2293, 38.20833, 0.685573, -129.57, 0.000508781, -40.3306
2293, 38.21667, 0.686042, -129.656, 0.00050925, -40.4167
2294, 38.22500, 0.686519, -129.742, 0.000509724, -40.5029
2294, 38.23333, 0.687004, -129.828, 0.000510205, -40.5892
2295, 38.24167, 0.687498, -129.915, 0.000510692, -40.6756
2295, 38.25000, 0.687999, -130.001, 0.000511186, -40.7621
2296, 38.25833, 0.68851, -130.088, 0.000511686, -40.8487
2296, 38.26667, 0.689028, -130.174, 0.000512192, -40.9354
2297, 38.27500, 0.689555, -130.261, 0.000512705, -41.0223
2297, 38.28333, 0.690091, -130.348, 0.000513224, -41.1093
2298, 38.29167, 0.690635, -130.435, 0.00051375, -41.1965
2298, 38.30000, 0.691187, -130.523, 0.000514282, -41.2839
2299, 38.30833, 0.691748, -130.61, 0.000514821, -41.3714
2299, 38.31667, 0.692318, -130.698, 0.000515367, -41.4592
2300, 38.32500, 0.692896, -130.786, 0.000515919, -41.5471
2300, 38.33333, 0.693483, -130.874, 0.000516478, -41.6353
2301, 38.34167, 0.694078, -130.962, 0.000517043, -41.7237
2301, 38.35000, 0.694682, -131.051, 0.000517615, -41.8124
2302, 38.35833, 0.695295, -131.14, 0.000518194, -41.9013
2302, 38.36667, 0.695917, -131.229, 0.00051878, -41.9905
2303, 38.37500, 0.696547, -131.318, 0.000519372, -42.08
2303, 38.38333, 0.697186, -131.408, 0.000519971, -42.1698
2304, 38.39167, 0.697834, -131.498, 0.000520577, -42.2599
2304, 38.40000, 0.698491, -131.588, 0.000521189, -42.3503
2305, 38.40833, 0.699156, -131.679, 0.000521808, -42.441
2305, 38.41667, 0.69983, -131.77, 0.000522435, -42.5321
2306, 38.42500, 0.700513, -131.861, 0.000523068, -42.6236
2306, 38.43333, 0.701205, -131.953, 0.000523707, -42.7154
2307, 38.44167, 0.701905, -132.045, 0.000524354, -42.8077
2307, 38.45000, 0.702615, -132.138, 0.000525007, -42.9003
2308, 38.45833, 0.703333, -132.231, 0.000525667, -42.9933
2308, 38.46667, 0.70406, -132.324, 0.000526334, -43.0868
2309, 38.47500, 0.704795, -132.418, 0.000527008, -43.1807
2309, 38.48333, 0.705539, -132.513, 0.000527689, -43.2751
2310, 38.49167, 0.706292, -132.607, 0.000528376, -43.3699
2310, 38.50000, 0.707054, -132.703, 0.00052907, -43.4652
2311, 38.50833, 0.707825, -132.798, 0.000529771, -43.561
2311, 38.51667, 0.708604, -132.895, 0.000530479, -43.6574
2312, 38.52500, 0.709391, -132.991, 0.000531194, -43.7542
2312, 38.53333, 0.710188, -133.089, 0.000531915, -43.8515
2313, 38.54167, 0.710993, -133.187, 0.000532643, -43.9495
2313, 38.55000, 0.711806, -133.285, 0.000533377, -44.0479
2314, 38.55833, 0.712628, -133.384, 0.000534119, -44.147
2314, 38.56667, 0.713459, -133.484, 0.000534867, -44.2466
2314, 38.57500, 0.714298, -133.584, 0.000535621, -44.3468
2315, 38.58333, 0.715145, -133.684, 0.000536382, -44.4477
2316, 38.59167, 0.716001, -133.786, 0.00053715, -44.5491
2316, 38.60000, 0.716865, -133.888, 0.000537925, -44.6512
2317, 38.60833, 0.717737, -133.991, 0.000538705, -44.754
2317, 38.61667, 0.718618, -134.094, 0.000539493, -44.8574
2318, 38.62500, 0.719506, -134.198, 0.000540287, -44.9615
2318, 38.63333, 0.720403, -134.303, 0.000541087, -45.0663
2318, 38.64167, 0.721308, -134.408, 0.000541893, -45.1718
2319, 38.65000, 0.72222, -134.514, 0.000542706, -45.278
2320, 38.65833, 0.723141, -134.621, 0.000543525, -45.385
2320, 38.66667, 0.724069, -134.729, 0.00054435, -45.4927
2321, 38.67500, 0.725005, -134.837, 0.000545182, -45.6011
2321, 38.68333, 0.725949, -134.946, 0.000546019, -45.7103
2322, 38.69167, 0.7269, -135.056, 0.000546863, -45.8203
2322, 38.70000, 0.727859, -135.167, 0.000547712, -45.9311
2322, 38.70833, 0.728825, -135.279, 0.000548567, -46.0427
2323, 38.71667, 0.729799, -135.391, 0.000549429, -46.1552
2324, 38.72500, 0.730779, -135.504, 0.000550295, -46.2684
2324, 38.73333, 0.731767, -135.618, 0.000551168, -46.3825
2325, 38.74167, 0.732762, -135.733, 0.000552046, -46.4975
2325, 38.75000, 0.733763, -135.849, 0.00055293, -46.6133
2326, 38.75833, 0.734772, -135.966, 0.000553819, -46.73
2326, 38.76667, 0.735787, -136.083, 0.000554714, -46.8476
2326, 38.77500, 0.736808, -136.202, 0.000555614, -46.9661
2327, 38.78333, 0.737836, -136.321, 0.000556519, -47.0856
2328, 38.79167, 0.73887, -136.441, 0.000557429, -47.2059
2328, 38.80000, 0.73991, -136.563, 0.000558344, -47.3272
2329, 38.80833, 0.740957, -136.685, 0.000559264, -47.4495
2329, 38.81667, 0.742009, -136.808, 0.000560189, -47.5727
2330, 38.82500, 0.743067, -136.932, 0.000561119, -47.6969
2330, 38.83333, 0.74413, -137.057, 0.000562053, -47.8221
2330, 38.84167, 0.745199, -137.183, 0.000562992, -47.9483
2331, 38.85000, 0.746273, -137.31, 0.000563935, -48.0754
2332, 38.85833, 0.747352, -137.439, 0.000564882, -48.2036
2332, 38.86667, 0.748436, -137.568, 0.000565833, -48.3329
2333, 38.87500, 0.749525, -137.698, 0.000566789, -48.4632
2333, 38.88333, 0.750619, -137.829, 0.000567748, -48.5945
2334, 38.89167, 0.751717, -137.962, 0.000568711, -48.7269
2334, 38.90000, 0.752819, -138.095, 0.000569678, -48.8603
2334, 38.90833, 0.753925, -138.229, 0.000570648, -48.9948
2335, 38.91667, 0.755035, -138.365, 0.000571621, -49.1304
2336, 38.92500, 0.756149, -138.502, 0.000572597, -49.2672
2336, 38.93333, 0.757266, -138.639, 0.000573577, -49.405
2337, 38.94167, 0.758386, -138.778, 0.000574559, -49.5439
2337, 38.95000, 0.75951, -138.918, 0.000575544, -49.6839
2338, 38.95833, 0.760636, -139.059, 0.000576532, -49.8251
2338, 38.96667, 0.761765, -139.202, 0.000577522, -49.9675
2338, 38.97500, 0.762897, -139.345, 0.000578515, -50.1109
2339, 38.98333, 0.76403, -139.49, 0.000579509, -50.2555
2340, 38.99167, 0.765166, -139.635, 0.000580505, -50.4013
2340, 39.00000, 0.766303, -139.782, 0.000581503, -50.5483
2341, 39.00833, 0.767442, -139.93, 0.000582503, -50.6964
2341, 39.01667, 0.768582, -140.079, 0.000583504, -50.8457
2342, 39.02500, 0.769723, -140.23, 0.000584506, -50.9962
2342, 39.03333, 0.770864, -140.382, 0.000585509, -51.1479
2342, 39.04167, 0.772007, -140.534, 0.000586513, -51.3008
2343, 39.05000, 0.773149, -140.688, 0.000587517, -51.4549
2344, 39.05833, 0.774292, -140.844, 0.000588522, -51.6102
2344, 39.06667, 0.775434, -141, 0.000589527, -51.7667
2345, 39.07500, 0.776576, -141.158, 0.000590532, -51.9244
2345, 39.08333, 0.777717, -141.317, 0.000591537, -52.0833
2346, 39.09167, 0.778856, -141.477, 0.000592541, -52.2435
2346, 39.10000, 0.779995, -141.638, 0.000593545, -52.4049
2346, 39.10833, 0.781131, -141.801, 0.000594548, -52.5676
2347, 39.11667, 0.782266, -141.964, 0.00059555, -52.7314
2348, 39.12500, 0.783399, -142.13, 0.000596551, -52.8965
2348, 39.13333, 0.784529, -142.296, 0.000597549, -53.0629
2349, 39.14167, 0.785656, -142.463, 0.000598547, -53.2305
2349, 39.15000, 0.78678, -142.632, 0.000599542, -53.3993
2350, 39.15833, 0.787901, -142.802, 0.000600535, -53.5693
2350, 39.16667, 0.789018, -142.973, 0.000601526, -53.7407
2350, 39.17500, 0.790131, -143.146, 0.000602514, -53.9132
2351, 39.18333, 0.791239, -143.32, 0.000603499, -54.087
2352, 39.19167, 0.792343, -143.495, 0.000604481, -54.262
2352, 39.20000, 0.793442, -143.671, 0.000605459, -54.4383
2353, 39.20833, 0.794535, -143.848, 0.000606434, -54.6158
2353, 39.21667, 0.795623, -144.027, 0.000607405, -54.7946
2354, 39.22500, 0.796705, -144.207, 0.000608372, -54.9746
2354, 39.23333, 0.797781, -144.388, 0.000609334, -55.1558
2354, 39.24167, 0.79885, -144.57, 0.000610292, -55.3382
2355, 39.25000, 0.799912, -144.754, 0.000611245, -55.5219
2356, 39.25833, 0.800967, -144.939, 0.000612192, -55.7068
2356, 39.26667, 0.802014, -145.125, 0.000613135, -55.8929
2357, 39.27500, 0.803053, -145.312, 0.000614071, -56.0802
2357, 39.28333, 0.804084, -145.501, 0.000615001, -56.2687
2358, 39.29167, 0.805107, -145.69, 0.000615926, -56.4585
2358, 39.30000, 0.80612, -145.881, 0.000616844, -56.6494
2358, 39.30833, 0.807124, -146.073, 0.000617755, -56.8415
2359, 39.31667, 0.808119, -146.266, 0.000618659, -57.0349
2360, 39.32500, 0.809103, -146.461, 0.000619555, -57.2293
2360, 39.33333, 0.810077, -146.656, 0.000620445, -57.425
2361, 39.34167, 0.811041, -146.853, 0.000621326, -57.6218
2361, 39.35000, 0.811994, -147.051, 0.0006222, -57.8197
2362, 39.35833, 0.812935, -147.25, 0.000623065, -58.0188
2362, 39.36667, 0.813865, -147.45, 0.000623921, -58.2191
2362, 39.37500, 0.814782, -147.652, 0.000624769, -58.4204
2363, 39.38333, 0.815688, -147.854, 0.000625607, -58.6229
2364, 39.39167, 0.81658, -148.057, 0.000626436, -58.8265
2364, 39.40000, 0.81746, -148.262, 0.000627256, -59.0311
2365, 39.40833, 0.818326, -148.468, 0.000628065, -59.2368
2365, 39.41667, 0.819179, -148.674, 0.000628865, -59.4437
2366, 39.42500, 0.820017, -148.882, 0.000629653, -59.6515
2366, 39.43333, 0.820842, -149.091, 0.000630432, -59.8604
2366, 39.44167, 0.821652, -149.301, 0.000631199, -60.0703
2367, 39.45000, 0.822446, -149.512, 0.000631955, -60.2813
2368, 39.45833, 0.823226, -149.724, 0.0006327, -60.4932
2368, 39.46667, 0.82399, -149.937, 0.000633433, -60.7062
2369, 39.47500, 0.824738, -150.15, 0.000634154, -60.9201
2369, 39.48333, 0.82547, -150.365, 0.000634862, -61.1349
2370, 39.49167, 0.826185, -150.581, 0.000635559, -61.3507
2370, 39.50000, 0.826883, -150.798, 0.000636243, -61.5674
2370, 39.50833, 0.827565, -151.015, 0.000636913, -61.7851
2371, 39.51667, 0.828229, -151.234, 0.000637571, -62.0036
2372, 39.52500, 0.828875, -151.453, 0.000638216, -62.223
2372, 39.53333, 0.829504, -151.673, 0.000638846, -62.4433
2373, 39.54167, 0.830114, -151.894, 0.000639463, -62.6644
2373, 39.55000, 0.830706, -152.116, 0.000640066, -62.8863
2374, 39.55833, 0.831279, -152.339, 0.000640655, -63.109
2374, 39.56667, 0.831833, -152.562, 0.00064123, -63.3325
2374, 39.57500, 0.832368, -152.786, 0.000641789, -63.5568
2375, 39.58333, 0.832883, -153.011, 0.000642334, -63.7818
2376, 39.59167, 0.833379, -153.237, 0.000642864, -64.0075
2376, 39.60000, 0.833854, -153.463, 0.000643378, -64.234
2377, 39.60833, 0.83431, -153.69, 0.000643878, -64.4611
2377, 39.61667, 0.834745, -153.918, 0.000644361, -64.6889
2378, 39.62500, 0.835159, -154.147, 0.000644829, -64.9174
2378, 39.63333, 0.835553, -154.376, 0.000645281, -65.1464
2378, 39.64167, 0.835925, -154.605, 0.000645717, -65.3761
2379, 39.65000, 0.836277, -154.835, 0.000646136, -65.6063
2380, 39.65833, 0.836606, -155.066, 0.000646539, -65.8371
2380, 39.66667, 0.836915, -155.297, 0.000646926, -66.0685
2381, 39.67500, 0.837201, -155.529, 0.000647296, -66.3003
2381, 39.68333, 0.837466, -155.761, 0.000647649, -66.5327
2382, 39.69167, 0.837709, -155.994, 0.000647985, -66.7655
2382, 39.70000, 0.837929, -156.227, 0.000648305, -66.9988
2383, 39.70833, 0.838128, -156.461, 0.000648607, -67.2325
2383, 39.71667, 0.838304, -156.695, 0.000648891, -67.4666
2384, 39.72500, 0.838457, -156.929, 0.000649158, -67.701
2384, 39.73333, 0.838587, -157.164, 0.000649408, -67.9358
2385, 39.74167, 0.838695, -157.399, 0.000649641, -68.171
2385, 39.75000, 0.83878, -157.635, 0.000649855, -68.4065
2386, 39.75833, 0.838842, -157.87, 0.000650052, -68.6422
2386, 39.76667, 0.838881, -158.106, 0.000650231, -68.8782
2387, 39.77500, 0.838897, -158.342, 0.000650392, -69.1145
2387, 39.78333, 0.83889, -158.579, 0.000650536, -69.3509
2388, 39.79167, 0.83886, -158.815, 0.000650661, -69.5876
2388, 39.80000, 0.838807, -159.052, 0.000650768, -69.8244
2389, 39.80833, 0.83873, -159.289, 0.000650858, -70.0613
2389, 39.81667, 0.83863, -159.526, 0.000650929, -70.2984
2390, 39.82500, 0.838507, -159.763, 0.000650982, -70.5356
2390, 39.83333, 0.838361, -160, 0.000651017, -70.7728
2391, 39.84167, 0.838191, -160.238, 0.000651034, -71.0101
2391, 39.85000, 0.837998, -160.475, 0.000651033, -71.2474
2392, 39.85833, 0.837782, -160.712, 0.000651014, -71.4847
2392, 39.86667, 0.837543, -160.949, 0.000650977, -71.722
2393, 39.87500, 0.837281, -161.186, 0.000650922, -71.9592
2393, 39.88333, 0.836996, -161.423, 0.000650848, -72.1964
2394, 39.89167, 0.836687, -161.661, 0.000650757, -72.4335
2394, 39.90000, 0.836356, -161.897, 0.000650648, -72.6704
2395, 39.90833, 0.836002, -162.134, 0.000650521, -72.9073
2395, 39.91667, 0.835625, -162.371, 0.000650376, -73.1439
2396, 39.92500, 0.835226, -162.607, 0.000650214, -73.3804
2396, 39.93333, 0.834804, -162.843, 0.000650033, -73.6167
2397, 39.94167, 0.834359, -163.079, 0.000649835, -73.8527
2397, 39.95000, 0.833892, -163.315, 0.00064962, -74.0885
2398, 39.95833, 0.833403, -163.55, 0.000649387, -74.324
2398, 39.96667, 0.832892, -163.786, 0.000649137, -74.5592
2399, 39.97500, 0.832359, -164.02, 0.000648869, -74.7941
2399, 39.98333, 0.831805, -164.255, 0.000648584, -75.0287
2400, 39.99167, 0.831228, -164.489, 0.000648283, -75.2629
2400, 40.00000, 0.83063, -164.723, 0.000647964, -75.4967
2401, 40.00833, 0.830011, -164.956, 0.000647628, -75.7301
2401, 40.01667, 0.829371, -165.189, 0.000647276, -75.9632
2402, 40.02500, 0.82871, -165.422, 0.000646907, -76.1957
2402, 40.03333, 0.828028, -165.654, 0.000646522, -76.4278
2403, 40.04167, 0.827325, -165.885, 0.00064612, -76.6595
2403, 40.05000, 0.826602, -166.116, 0.000645703, -76.8906
2404, 40.05833, 0.825859, -166.347, 0.000645269, -77.1212
2404, 40.06667, 0.825096, -166.577, 0.00064482, -77.3513
2405, 40.07500, 0.824314, -166.806, 0.000644354, -77.5808
2405, 40.08333, 0.823511, -167.035, 0.000643874, -77.8097
2406, 40.09167, 0.82269, -167.263, 0.000643378, -78.0381
2406, 40.10000, 0.821849, -167.491, 0.000642866, -78.2658
2407, 40.10833, 0.82099, -167.718, 0.00064234, -78.4929
2407, 40.11667, 0.820112, -167.945, 0.000641799, -78.7194
2408, 40.12500, 0.819216, -168.17, 0.000641243, -78.9452
2408, 40.13333, 0.818301, -168.395, 0.000640673, -79.1703
2409, 40.14167, 0.817369, -168.62, 0.000640089, -79.3948
2409, 40.15000, 0.816419, -168.843, 0.00063949, -79.6185
2410, 40.15833, 0.815452, -169.066, 0.000638878, -79.8415
2410, 40.16667, 0.814468, -169.289, 0.000638251, -80.0638
2411, 40.17500, 0.813467, -169.51, 0.000637612, -80.2854
2411, 40.18333, 0.81245, -169.731, 0.000636959, -80.5061
2412, 40.19167, 0.811416, -169.951, 0.000636292, -80.7261
2412, 40.20000, 0.810366, -170.17, 0.000635613, -80.9453
2413, 40.20833, 0.809301, -170.388, 0.000634922, -81.1637
2413, 40.21667, 0.80822, -170.606, 0.000634217, -81.3813
2414, 40.22500, 0.807124, -170.822, 0.000633501, -81.598
2414, 40.23333, 0.806013, -171.038, 0.000632772, -81.8139
2415, 40.24167, 0.804887, -171.253, 0.000632032, -82.029
2415, 40.25000, 0.803747, -171.467, 0.00063128, -82.2431
2416, 40.25833, 0.802593, -171.68, 0.000630516, -82.4564
2416, 40.26667, 0.801425, -171.893, 0.000629741, -82.6689
2417, 40.27500, 0.800244, -172.104, 0.000628956, -82.8804
2417, 40.28333, 0.799049, -172.315, 0.000628159, -83.091
2418, 40.29167, 0.797842, -172.524, 0.000627352, -83.3007
2418, 40.30000, 0.796622, -172.733, 0.000626534, -83.5094
2419, 40.30833, 0.795389, -172.941, 0.000625706, -83.7172
2419, 40.31667, 0.794145, -173.148, 0.000624869, -83.9241
2420, 40.32500, 0.792888, -173.353, 0.000624021, -84.13
2420, 40.33333, 0.791621, -173.558, 0.000623164, -84.335
2421, 40.34167, 0.790341, -173.762, 0.000622298, -84.539
2421, 40.35000, 0.789051, -173.965, 0.000621423, -84.742
2422, 40.35833, 0.787751, -174.167, 0.000620539, -84.944
2422, 40.36667, 0.786439, -174.368, 0.000619646, -85.1451
2423, 40.37500, 0.785118, -174.568, 0.000618745, -85.3451
2423, 40.38333, 0.783787, -174.767, 0.000617835, -85.5442
2424, 40.39167, 0.782446, -174.965, 0.000616918, -85.7422
2424, 40.40000, 0.781096, -175.162, 0.000615993, -85.9393
2425, 40.40833, 0.779737, -175.358, 0.00061506, -86.1353
2425, 40.41667, 0.778369, -175.553, 0.000614119, -86.3303
2426, 40.42500, 0.776993, -175.747, 0.000613172, -86.5242
2426, 40.43333, 0.775609, -175.94, 0.000612218, -86.7171
2427, 40.44167, 0.774216, -176.131, 0.000611256, -86.909
2427, 40.45000, 0.772816, -176.322, 0.000610289, -87.0999
2428, 40.45833, 0.771408, -176.512, 0.000609315, -87.2897
2428, 40.46667, 0.769993, -176.701, 0.000608334, -87.4784
2429, 40.47500, 0.768572, -176.888, 0.000607348, -87.6661
2429, 40.48333, 0.767143, -177.075, 0.000606356, -87.8528
2430, 40.49167, 0.765708, -177.26, 0.000605358, -88.0384
2430, 40.50000, 0.764267, -177.445, 0.000604355, -88.2229
2431, 40.50833, 0.76282, -177.628, 0.000603347, -88.4064
2431, 40.51667, 0.761368, -177.811, 0.000602334, -88.5889
2432, 40.52500, 0.75991, -177.992, 0.000601316, -88.7702
2432, 40.53333, 0.758446, -178.172, 0.000600293, -88.9505
2433, 40.54167, 0.756978, -178.351, 0.000599266, -89.1298
2433, 40.55000, 0.755505, -178.529, 0.000598234, -89.3079
2434, 40.55833, 0.754027, -178.706, 0.000597199, -89.485
2434, 40.56667, 0.752545, -178.882, 0.000596159, -89.6611
2435, 40.57500, 0.751059, -179.057, 0.000595116, -89.836
2435, 40.58333, 0.749569, -179.231, 0.000594069, -90.0099
2436, 40.59167, 0.748076, -179.404, 0.000593019, -90.1828
2436, 40.60000, 0.746579, -179.576, 0.000591965, -90.3546
2437, 40.60833, 0.745079, -179.746, 0.000590909, -90.5253
2437, 40.61667, 0.743575, -179.916, 0.000589849, -90.695
2438, 40.62500, 0.742069, 179.916, 0.000588787, -90.8636
2438, 40.63333, 0.740561, 179.748, 0.000587722, -91.0311
2439, 40.64167, 0.739049, 179.582, 0.000586655, -91.1976
2439, 40.65000, 0.737536, 179.416, 0.000585585, -91.363
2439, 40.65833, 0.736021, 179.252, 0.000584513, -91.5274
2440, 40.66667, 0.734504, 179.089, 0.000583439, -91.6907
2441, 40.67500, 0.732985, 178.927, 0.000582364, -91.853
2441, 40.68333, 0.731465, 178.766, 0.000581287, -92.0142
2442, 40.69167, 0.729943, 178.605, 0.000580208, -92.1744
2442, 40.70000, 0.72842, 178.446, 0.000579127, -92.3335
2443, 40.70833, 0.726897, 178.288, 0.000578046, -92.4916
2443, 40.71667, 0.725372, 178.131, 0.000576963, -92.6486
2443, 40.72500, 0.723847, 177.976, 0.000575879, -92.8046
2444, 40.73333, 0.722321, 177.821, 0.000574794, -92.9596
2445, 40.74167, 0.720795, 177.667, 0.000573709, -93.1136
2445, 40.75000, 0.71927, 177.514, 0.000572623, -93.2665
2446, 40.75833, 0.717744, 177.362, 0.000571536, -93.4184
2446, 40.76667, 0.716218, 177.211, 0.000570449, -93.5693
2447, 40.77500, 0.714692, 177.061, 0.000569361, -93.7192
2447, 40.78333, 0.713167, 176.913, 0.000568274, -93.8681
2447, 40.79167, 0.711642, 176.765, 0.000567186, -94.0159
2448, 40.80000, 0.710119, 176.618, 0.000566098, -94.1628
2449, 40.80833, 0.708596, 176.472, 0.000565011, -94.3087
2449, 40.81667, 0.707074, 176.327, 0.000563924, -94.4535
2450, 40.82500, 0.705553, 176.184, 0.000562837, -94.5974
2450, 40.83333, 0.704033, 176.041, 0.000561751, -94.7403
2451, 40.84167, 0.702515, 175.899, 0.000560665, -94.8822
2451, 40.85000, 0.700999, 175.758, 0.00055958, -95.0232
2451, 40.85833, 0.699484, 175.618, 0.000558495, -95.1631
2452, 40.86667, 0.69797, 175.479, 0.000557411, -95.3021
2453, 40.87500, 0.696459, 175.341, 0.000556329, -95.4402
2453, 40.88333, 0.694949, 175.204, 0.000555247, -95.5773
2454, 40.89167, 0.693441, 175.068, 0.000554167, -95.7134
2454, 40.90000, 0.691936, 174.933, 0.000553087, -95.8486
2455, 40.90833, 0.690433, 174.799, 0.000552009, -95.9828
2455, 40.91667, 0.688932, 174.666, 0.000550933, -96.1161
2455, 40.92500, 0.687434, 174.533, 0.000549857, -96.2485
2456, 40.93333, 0.685938, 174.402, 0.000548784, -96.3799
2457, 40.94167, 0.684445, 174.272, 0.000547712, -96.5105
2457, 40.95000, 0.682955, 174.142, 0.000546641, -96.6401
2458, 40.95833, 0.681467, 174.014, 0.000545572, -96.7688
2458, 40.96667, 0.679982, 173.886, 0.000544505, -96.8966
2459, 40.97500, 0.678501, 173.759, 0.00054344, -97.0234
2459, 40.98333, 0.677022, 173.633, 0.000542377, -97.1494
2459, 40.99167, 0.675547, 173.508, 0.000541316, -97.2745
2460, 41.00000, 0.674075, 173.384, 0.000540257, -97.3988
2461, 41.00833, 0.672606, 173.261, 0.0005392, -97.5221
2461, 41.01667, 0.67114, 173.138, 0.000538145, -97.6446
2462, 41.02500, 0.669678, 173.017, 0.000537092, -97.7662
2462, 41.03333, 0.668219, 172.896, 0.000536042, -97.8869
2463, 41.04167, 0.666764, 172.776, 0.000534994, -98.0068
2463, 41.05000, 0.665313, 172.657, 0.000533948, -98.1258
2463, 41.05833, 0.663865, 172.539, 0.000532905, -98.244
2464, 41.06667, 0.662421, 172.422, 0.000531865, -98.3613
2465, 41.07500, 0.660981, 172.306, 0.000530827, -98.4778
2465, 41.08333, 0.659544, 172.19, 0.000529791, -98.5935
2466, 41.09167, 0.658112, 172.075, 0.000528758, -98.7083
2466, 41.10000, 0.656683, 171.961, 0.000527728, -98.8224
2467, 41.10833, 0.655259, 171.848, 0.000526701, -98.9356
2467, 41.11667, 0.653838, 171.736, 0.000525676, -99.048
2467, 41.12500, 0.652422, 171.624, 0.000524654, -99.1596
2468, 41.13333, 0.65101, 171.513, 0.000523635, -99.2704
2469, 41.14167, 0.649601, 171.404, 0.000522619, -99.3804
2469, 41.15000, 0.648198, 171.294, 0.000521605, -99.4897
2470, 41.15833, 0.646798, 171.186, 0.000520595, -99.5981
2470, 41.16667, 0.645403, 171.078, 0.000519588, -99.7058
2471, 41.17500, 0.644012, 170.972, 0.000518583, -99.8127
2471, 41.18333, 0.642626, 170.865, 0.000517582, -99.9189
2471, 41.19167, 0.641244, 170.76, 0.000516584, -100.024
2472, 41.20000, 0.639866, 170.656, 0.000515589, -100.129
2473, 41.20833, 0.638493, 170.552, 0.000514597, -100.233
2473, 41.21667, 0.637124, 170.449, 0.000513608, -100.336
2474, 41.22500, 0.63576, 170.346, 0.000512622, -100.438
2474, 41.23333, 0.634401, 170.245, 0.000511639, -100.54
2475, 41.24167, 0.633046, 170.144, 0.00051066, -100.641
2475, 41.25000, 0.631695, 170.044, 0.000509684, -100.741
2475, 41.25833, 0.63035, 169.944, 0.000508711, -100.841
2476, 41.26667, 0.629008, 169.845, 0.000507742, -100.94
2477, 41.27500, 0.627672, 169.747, 0.000506775, -101.038
2477, 41.28333, 0.62634, 169.65, 0.000505813, -101.135
2478, 41.29167, 0.625013, 169.553, 0.000504853, -101.232
2478, 41.30000, 0.623691, 169.457, 0.000503897, -101.328
2479, 41.30833, 0.622374, 169.362, 0.000502944, -101.423
2479, 41.31667, 0.621061, 169.268, 0.000501994, -101.518
2479, 41.32500, 0.619753, 169.174, 0.000501048, -101.612
2480, 41.33333, 0.61845, 169.08, 0.000500106, -101.706
2481, 41.34167, 0.617151, 168.988, 0.000499166, -101.798
2481, 41.35000, 0.615858, 168.896, 0.000498231, -101.89
2482, 41.35833, 0.614569, 168.804, 0.000497298, -101.982
2482, 41.36667, 0.613285, 168.714, 0.000496369, -102.072
2483, 41.37500, 0.612006, 168.624, 0.000495444, -102.163
2483, 41.38333, 0.610732, 168.534, 0.000494522, -102.252
2483, 41.39167, 0.609463, 168.446, 0.000493604, -102.341
2484, 41.40000, 0.608198, 168.357, 0.000492689, -102.429
2485, 41.40833, 0.606939, 168.27, 0.000491777, -102.517
2485, 41.41667, 0.605684, 168.183, 0.000490869, -102.604
2486, 41.42500, 0.604434, 168.097, 0.000489965, -102.69
2486, 41.43333, 0.603189, 168.011, 0.000489064, -102.776
2487, 41.44167, 0.601949, 167.926, 0.000488166, -102.861
2487, 41.45000, 0.600714, 167.841, 0.000487272, -102.946
2487, 41.45833, 0.599483, 167.757, 0.000486382, -103.03
2488, 41.46667, 0.598258, 167.674, 0.000485495, -103.113
2489, 41.47500, 0.597037, 167.591, 0.000484612, -103.196
2489, 41.48333, 0.595822, 167.509, 0.000483732, -103.278
2490, 41.49167, 0.594611, 167.428, 0.000482856, -103.36
2490, 41.50000, 0.593405, 167.347, 0.000481983, -103.441
2491, 41.50833, 0.592204, 167.266, 0.000481114, -103.521
2491, 41.51667, 0.591008, 167.186, 0.000480248, -103.601
2491, 41.52500, 0.589816, 167.107, 0.000479386, -103.681
2492, 41.53333, 0.58863, 167.028, 0.000478527, -103.76
2493, 41.54167, 0.587448, 166.95, 0.000477672, -103.838
2493, 41.55000, 0.586271, 166.872, 0.00047682, -103.916
2494, 41.55833, 0.5851, 166.795, 0.000475972, -103.993
2494, 41.56667, 0.583932, 166.718, 0.000475128, -104.07
2495, 41.57500, 0.58277, 166.642, 0.000474287, -104.146
2495, 41.58333, 0.581613, 166.566, 0.000473449, -104.222
2495, 41.59167, 0.58046, 166.491, 0.000472615, -104.297
2496, 41.60000, 0.579312, 166.417, 0.000471785, -104.372
2497, 41.60833, 0.578169, 166.342, 0.000470958, -104.446
2497, 41.61667, 0.577031, 166.269, 0.000470134, -104.52
2498, 41.62500, 0.575898, 166.196, 0.000469315, -104.593
2498, 41.63333, 0.574769, 166.123, 0.000468498, -104.665
2499, 41.64167, 0.573645, 166.051, 0.000467685, -104.738
2499, 41.65000, 0.572526, 165.98, 0.000466875, -104.809
2499, 41.65833, 0.571411, 165.908, 0.000466069, -104.881
2500, 41.66667, 0.570302, 165.838, 0.000465267, -104.951
2501, 41.67500, 0.569197, 165.768, 0.000464468, -105.022
2501, 41.68333, 0.568096, 165.698, 0.000463672, -105.091
2502, 41.69167, 0.567001, 165.629, 0.00046288, -105.161
2502, 41.70000, 0.56591, 165.56, 0.000462091, -105.23
2503, 41.70833, 0.564824, 165.492, 0.000461305, -105.298
2503, 41.71667, 0.563742, 165.424, 0.000460523, -105.366
2503, 41.72500, 0.562665, 165.356, 0.000459745, -105.433
2504, 41.73333, 0.561593, 165.289, 0.00045897, -105.5
2505, 41.74167, 0.560525, 165.223, 0.000458198, -105.567
2505, 41.75000, 0.559462, 165.157, 0.000457429, -105.633
2506, 41.75833, 0.558403, 165.091, 0.000456664, -105.699
2506, 41.76667, 0.557349, 165.026, 0.000455903, -105.764
2507, 41.77500, 0.5563, 164.961, 0.000455144, -105.829
2507, 41.78333, 0.555255, 164.897, 0.000454389, -105.893
2508, 41.79167, 0.554215, 164.833, 0.000453638, -105.958
2508, 41.80000, 0.553179, 164.769, 0.000452889, -106.021
2509, 41.80833, 0.552148, 164.706, 0.000452144, -106.084
2509, 41.81667, 0.551121, 164.643, 0.000451403, -106.147
2510, 41.82500, 0.550098, 164.581, 0.000450664, -106.209
2510, 41.83333, 0.54908, 164.519, 0.000449929, -106.271
2511, 41.84167, 0.548067, 164.458, 0.000449197, -106.333
2511, 41.85000, 0.547058, 164.397, 0.000448469, -106.394
2512, 41.85833, 0.546053, 164.336, 0.000447743, -106.455
2512, 41.86667, 0.545052, 164.276, 0.000447021, -106.515
2513, 41.87500, 0.544057, 164.216, 0.000446302, -106.575
2513, 41.88333, 0.543065, 164.156, 0.000445587, -106.635
2514, 41.89167, 0.542078, 164.097, 0.000444874, -106.694
2514, 41.90000, 0.541095, 164.038, 0.000444165, -106.753
2515, 41.90833, 0.540116, 163.98, 0.000443459, -106.811
2515, 41.91667, 0.539142, 163.922, 0.000442756, -106.87
2516, 41.92500, 0.538172, 163.864, 0.000442056, -106.927
2516, 41.93333, 0.537206, 163.807, 0.00044136, -106.985
2517, 41.94167, 0.536244, 163.75, 0.000440666, -107.042
2517, 41.95000, 0.535287, 163.694, 0.000439976, -107.098
2518, 41.95833, 0.534333, 163.637, 0.000439288, -107.155
2518, 41.96667, 0.533384, 163.582, 0.000438604, -107.211
2519, 41.97500, 0.532439, 163.526, 0.000437923, -107.266
2519, 41.98333, 0.531499, 163.471, 0.000437245, -107.321
2520, 41.99167, 0.530562, 163.416, 0.00043657, -107.376
2520, 42.00000, 0.52963, 163.362, 0.000435898, -107.431
2521, 42.00833, 0.528701, 163.307, 0.00043523, -107.485
2521, 42.01667, 0.527777, 163.254, 0.000434564, -107.539
2522, 42.02500, 0.526857, 163.2, 0.000433901, -107.592
2522, 42.03333, 0.52594, 163.147, 0.000433241, -107.646
2523, 42.04167, 0.525028, 163.094, 0.000432584, -107.699
2523, 42.05000, 0.52412, 163.042, 0.000431931, -107.751
2524, 42.05833, 0.523216, 162.99, 0.00043128, -107.803
2524, 42.06667, 0.522315, 162.938, 0.000430632, -107.855
2525, 42.07500, 0.521419, 162.886, 0.000429987, -107.907
2525, 42.08333, 0.520527, 162.835, 0.000429345, -107.958
2526, 42.09167, 0.519638, 162.784, 0.000428706, -108.009
2526, 42.10000, 0.518754, 162.734, 0.00042807, -108.06
2527, 42.10833, 0.517873, 162.683, 0.000427436, -108.11
2527, 42.11667, 0.516996, 162.633, 0.000426806, -108.16
2528, 42.12500, 0.516123, 162.584, 0.000426178, -108.21
2528, 42.13333, 0.515254, 162.534, 0.000425553, -108.26
2529, 42.14167, 0.514389, 162.485, 0.000424932, -108.309
2529, 42.15000, 0.513527, 162.436, 0.000424312, -108.358
2530, 42.15833, 0.512669, 162.388, 0.000423696, -108.406
2530, 42.16667, 0.511815, 162.34, 0.000423083, -108.455
2531, 42.17500, 0.510965, 162.292, 0.000422472, -108.503
2531, 42.18333, 0.510119, 162.244, 0.000421864, -108.55
2532, 42.19167, 0.509276, 162.197, 0.000421259, -108.598
2532, 42.20000, 0.508436, 162.149, 0.000420657, -108.645
2533, 42.20833, 0.507601, 162.103, 0.000420057, -108.692
2533, 42.21667, 0.506769, 162.056, 0.00041946, -108.739
2534, 42.22500, 0.505941, 162.01, 0.000418866, -108.785
2534, 42.23333, 0.505116, 161.964, 0.000418274, -108.831
2535, 42.24167, 0.504295, 161.918, 0.000417685, -108.877
2535, 42.25000, 0.503478, 161.873, 0.000417099, -108.922
2536, 42.25833, 0.502664, 161.827, 0.000416516, -108.968
2536, 42.26667, 0.501853, 161.782, 0.000415935, -109.013
2537, 42.27500, 0.501047, 161.738, 0.000415357, -109.057
2537, 42.28333, 0.500243, 161.693, 0.000414781, -109.102
2538, 42.29167, 0.499443, 161.649, 0.000414208, -109.146
2538, 42.30000, 0.498647, 161.605, 0.000413638, -109.19
2539, 42.30833, 0.497854, 161.562, 0.00041307, -109.234
2539, 42.31667, 0.497065, 161.518, 0.000412505, -109.278
2540, 42.32500, 0.496279, 161.475, 0.000411942, -109.321
2540, 42.33333, 0.495496, 161.432, 0.000411382, -109.364
2541, 42.34167, 0.494717, 161.389, 0.000410824, -109.407
2541, 42.35000, 0.493941, 161.347, 0.000410269, -109.449
2542, 42.35833, 0.493169, 161.305, 0.000409717, -109.491
2542, 42.36667, 0.492399, 161.263, 0.000409167, -109.534
2543, 42.37500, 0.491634, 161.221, 0.000408619, -109.575
2543, 42.38333, 0.490871, 161.179, 0.000408074, -109.617
2544, 42.39167, 0.490112, 161.138, 0.000407532, -109.658
2544, 42.40000, 0.489356, 161.097, 0.000406991, -109.699
2545, 42.40833, 0.488603, 161.056, 0.000406454, -109.74
2545, 42.41667, 0.487854, 161.016, 0.000405918, -109.781
2546, 42.42500, 0.487108, 160.975, 0.000405386, -109.822
2546, 42.43333, 0.486365, 160.935, 0.000404855, -109.862
2547, 42.44167, 0.485625, 160.895, 0.000404327, -109.902
2547, 42.45000, 0.484888, 160.856, 0.000403801, -109.942
2548, 42.45833, 0.484154, 160.816, 0.000403278, -109.981
2548, 42.46667, 0.483424, 160.777, 0.000402757, -110.021
2549, 42.47500, 0.482697, 160.738, 0.000402239, -110.06
2549, 42.48333, 0.481973, 160.699, 0.000401722, -110.099
2550, 42.49167, 0.481252, 160.66, 0.000401208, -110.137
2550, 42.50000, 0.480534, 160.622, 0.000400697, -110.176
2551, 42.50833, 0.479819, 160.583, 0.000400187, -110.214
2551, 42.51667, 0.479107, 160.545, 0.00039968, -110.252
2552, 42.52500, 0.478398, 160.508, 0.000399176, -110.29
2552, 42.53333, 0.477692, 160.47, 0.000398673, -110.328
2553, 42.54167, 0.47699, 160.432, 0.000398173, -110.366
2553, 42.55000, 0.47629, 160.395, 0.000397675, -110.403
2554, 42.55833, 0.475593, 160.358, 0.000397179, -110.44
2554, 42.56667, 0.474899, 160.321, 0.000396686, -110.477
2555, 42.57500, 0.474208, 160.285, 0.000396194, -110.514
2555, 42.58333, 0.47352, 160.248, 0.000395705, -110.55
2556, 42.59167, 0.472835, 160.212, 0.000395218, -110.587
2556, 42.60000, 0.472153, 160.176, 0.000394733, -110.623
2557, 42.60833, 0.471474, 160.14, 0.000394251, -110.659
2557, 42.61667, 0.470797, 160.104, 0.00039377, -110.695
2558, 42.62500, 0.470123, 160.069, 0.000393292, -110.73
2558, 42.63333, 0.469453, 160.033, 0.000392816, -110.766
2559, 42.64167, 0.468785, 159.998, 0.000392342, -110.801
2559, 42.65000, 0.46812, 159.963, 0.00039187, -110.836
2560, 42.65833, 0.467457, 159.928, 0.0003914, -110.871
2560, 42.66667, 0.466798, 159.894, 0.000390933, -110.906
2561, 42.67500, 0.466141, 159.859, 0.000390467, -110.94
2561, 42.68333, 0.465487, 159.825, 0.000390003, -110.975
2562, 42.69167, 0.464835, 159.791, 0.000389542, -111.009
2562, 42.70000, 0.464187, 159.757, 0.000389082, -111.043
2563, 42.70833, 0.463541, 159.723, 0.000388625, -111.077
2563, 42.71667, 0.462898, 159.69, 0.00038817, -111.11
2564, 42.72500, 0.462257, 159.656, 0.000387716, -111.144
2564, 42.73333, 0.461619, 159.623, 0.000387265, -111.177
2564, 42.74167, 0.460984, 159.59, 0.000386815, -111.21
2565, 42.75000, 0.460351, 159.557, 0.000386368, -111.243
2566, 42.75833, 0.459722, 159.524, 0.000385923, -111.276
2566, 42.76667, 0.459094, 159.492, 0.000385479, -111.309
2567, 42.77500, 0.458469, 159.459, 0.000385038, -111.342
2567, 42.78333, 0.457847, 159.427, 0.000384598, -111.374
2568, 42.79167, 0.457228, 159.395, 0.000384161, -111.406
2568, 42.80000, 0.456611, 159.363, 0.000383725, -111.438
2568, 42.80833, 0.455996, 159.331, 0.000383291, -111.47
2569, 42.81667, 0.455384, 159.299, 0.000382859, -111.502
2570, 42.82500, 0.454775, 159.268, 0.00038243, -111.533
2570, 42.83333, 0.454168, 159.236, 0.000382002, -111.565
2571, 42.84167, 0.453563, 159.205, 0.000381575, -111.596
2571, 42.85000, 0.452962, 159.174, 0.000381151, -111.627
2572, 42.85833, 0.452362, 159.143, 0.000380729, -111.658
2572, 42.86667, 0.451765, 159.112, 0.000380308, -111.689
2572, 42.87500, 0.45117, 159.082, 0.00037989, -111.72
2573, 42.88333, 0.450578, 159.051, 0.000379473, -111.751
2574, 42.89167, 0.449989, 159.021, 0.000379058, -111.781
2574, 42.90000, 0.449401, 158.991, 0.000378644, -111.811
2575, 42.90833, 0.448816, 158.961, 0.000378233, -111.841
2575, 42.91667, 0.448234, 158.931, 0.000377823, -111.871
2576, 42.92500, 0.447654, 158.901, 0.000377416, -111.901
2576, 42.93333, 0.447076, 158.871, 0.000377009, -111.931
2576, 42.94167, 0.4465, 158.842, 0.000376605, -111.961
2577, 42.95000, 0.445927, 158.813, 0.000376203, -111.99
2578, 42.95833, 0.445356, 158.783, 0.000375802, -112.019
2578, 42.96667, 0.444788, 158.754, 0.000375403, -112.049
2579, 42.97500, 0.444221, 158.725, 0.000375006, -112.078
2579, 42.98333, 0.443657, 158.697, 0.00037461, -112.106
2580, 42.99167, 0.443096, 158.668, 0.000374216, -112.135
2580, 43.00000, 0.442536, 158.639, 0.000373824, -112.164
2580, 43.00833, 0.441979, 158.611, 0.000373434, -112.192
2581, 43.01667, 0.441424, 158.583, 0.000373045, -112.221
2582, 43.02500, 0.440871, 158.554, 0.000372658, -112.249
2582, 43.03333, 0.440321, 158.526, 0.000372273, -112.277
2583, 43.04167, 0.439773, 158.498, 0.000371889, -112.305
2583, 43.05000, 0.439227, 158.471, 0.000371507, -112.333
2584, 43.05833, 0.438683, 158.443, 0.000371127, -112.361
2584, 43.06667, 0.438141, 158.415, 0.000370748, -112.389
2584, 43.07500, 0.437601, 158.388, 0.000370371, -112.416
2585, 43.08333, 0.437064, 158.361, 0.000369995, -112.443
2586, 43.09167, 0.436529, 158.333, 0.000369621, -112.471
2586, 43.10000, 0.435995, 158.306, 0.000369249, -112.498
2587, 43.10833, 0.435464, 158.279, 0.000368878, -112.525
2587, 43.11667, 0.434935, 158.253, 0.000368509, -112.552
2588, 43.12500, 0.434409, 158.226, 0.000368142, -112.579
2588, 43.13333, 0.433884, 158.199, 0.000367776, -112.605
2588, 43.14167, 0.433361, 158.173, 0.000367412, -112.632
2589, 43.15000, 0.43284, 158.146, 0.000367049, -112.658
2590, 43.15833, 0.432322, 158.12, 0.000366688, -112.685
2590, 43.16667, 0.431805, 158.094, 0.000366328, -112.711
2591, 43.17500, 0.431291, 158.068, 0.00036597, -112.737
2591, 43.18333, 0.430778, 158.042, 0.000365614, -112.763
2592, 43.19167, 0.430268, 158.016, 0.000365259, -112.789
2592, 43.20000, 0.429759, 157.991, 0.000364905, -112.815
2592, 43.20833, 0.429253, 157.965, 0.000364553, -112.841
2593, 43.21667, 0.428748, 157.939, 0.000364203, -112.866
2594, 43.22500, 0.428246, 157.914, 0.000363854, -112.892
2594, 43.23333, 0.427745, 157.889, 0.000363506, -112.917
2595, 43.24167, 0.427247, 157.864, 0.00036316, -112.942
2595, 43.25000, 0.42675, 157.839, 0.000362816, -112.967
2596, 43.25833, 0.426255, 157.814, 0.000362473, -112.992
2596, 43.26667, 0.425762, 157.789, 0.000362131, -113.017
2596, 43.27500, 0.425272, 157.764, 0.000361791, -113.042
2597, 43.28333, 0.424783, 157.739, 0.000361452, -113.067
2598, 43.29167, 0.424295, 157.715, 0.000361115, -113.092
2598, 43.30000, 0.42381, 157.69, 0.000360779, -113.116
2599, 43.30833, 0.423327, 157.666, 0.000360445, -113.141
2599, 43.31667, 0.422845, 157.642, 0.000360112, -113.165
2600, 43.32500, 0.422366, 157.618, 0.00035978, -113.189
2600, 43.33333, 0.421888, 157.594, 0.00035945, -113.213
2600, 43.34167, 0.421412, 157.57, 0.000359121, -113.237
2601, 43.35000, 0.420938, 157.546, 0.000358794, -113.261
2602, 43.35833, 0.420466, 157.522, 0.000358468, -113.285
2602, 43.36667, 0.419995, 157.498, 0.000358143, -113.309
2603, 43.37500, 0.419527, 157.475, 0.00035782, -113.333
2603, 43.38333, 0.41906, 157.451, 0.000357498, -113.356
2604, 43.39167, 0.418595, 157.428, 0.000357177, -113.38
2604, 43.40000, 0.418132, 157.405, 0.000356858, -113.403
2604, 43.40833, 0.41767, 157.381, 0.00035654, -113.426
2605, 43.41667, 0.41721, 157.358, 0.000356224, -113.45
2606, 43.42500, 0.416752, 157.335, 0.000355909, -113.473
2606, 43.43333, 0.416296, 157.312, 0.000355595, -113.496
2607, 43.44167, 0.415841, 157.289, 0.000355283, -113.519
2607, 43.45000, 0.415389, 157.267, 0.000354971, -113.542
2608, 43.45833, 0.414938, 157.244, 0.000354661, -113.564
2608, 43.46667, 0.414488, 157.221, 0.000354353, -113.587
2608, 43.47500, 0.414041, 157.199, 0.000354046, -113.61
2609, 43.48333, 0.413595, 157.177, 0.00035374, -113.632
2610, 43.49167, 0.41315, 157.154, 0.000353435, -113.655
2610, 43.50000, 0.412708, 157.132, 0.000353132, -113.677
2611, 43.50833, 0.412267, 157.11, 0.000352829, -113.699
2611, 43.51667, 0.411827, 157.088, 0.000352528, -113.721
2612, 43.52500, 0.41139, 157.066, 0.000352229, -113.743
2612, 43.53333, 0.410954, 157.044, 0.00035193, -113.765
2612, 43.54167, 0.410519, 157.022, 0.000351633, -113.787
2613, 43.55000, 0.410087, 157, 0.000351337, -113.809
2614, 43.55833, 0.409656, 156.979, 0.000351043, -113.831
2614, 43.56667, 0.409226, 156.957, 0.000350749, -113.853
2615, 43.57500, 0.408798, 156.936, 0.000350457, -113.874
2615, 43.58333, 0.408372, 156.914, 0.000350166, -113.896
2616, 43.59167, 0.407947, 156.893, 0.000349876, -113.917
2616, 43.60000, 0.407524, 156.872, 0.000349588, -113.938
2616, 43.60833, 0.407103, 156.85, 0.000349301, -113.96
2617, 43.61667, 0.406683, 156.829, 0.000349014, -113.981
2618, 43.62500, 0.406264, 156.808, 0.000348729, -114.002
2618, 43.63333, 0.405847, 156.787, 0.000348446, -114.023
2619, 43.64167, 0.405432, 156.766, 0.000348163, -114.044
2619, 43.65000, 0.405018, 156.746, 0.000347882, -114.065
2620, 43.65833, 0.404606, 156.725, 0.000347601, -114.086
2620, 43.66667, 0.404195, 156.704, 0.000347322, -114.107
2620, 43.67500, 0.403786, 156.684, 0.000347044, -114.127
2621, 43.68333, 0.403379, 156.663, 0.000346768, -114.148
2622, 43.69167, 0.402972, 156.643, 0.000346492, -114.168
2622, 43.70000, 0.402568, 156.622, 0.000346218, -114.189
2623, 43.70833, 0.402164, 156.602, 0.000345944, -114.209
2623, 43.71667, 0.401763, 156.582, 0.000345672, -114.23
2624, 43.72500, 0.401363, 156.562, 0.000345401, -114.25
2624, 43.73333, 0.400964, 156.542, 0.000345131, -114.27
2624, 43.74167, 0.400566, 156.522, 0.000344862, -114.29
2625, 43.75000, 0.400171, 156.502, 0.000344594, -114.31
2626, 43.75833, 0.399776, 156.482, 0.000344328, -114.33
2626, 43.76667, 0.399383, 156.462, 0.000344062, -114.35
2627, 43.77500, 0.398992, 156.442, 0.000343798, -114.37
2627, 43.78333, 0.398602, 156.423, 0.000343535, -114.39
2628, 43.79167, 0.398213, 156.403, 0.000343272, -114.409
2628, 43.80000, 0.397826, 156.384, 0.000343011, -114.429
2628, 43.80833, 0.39744, 156.364, 0.000342751, -114.448
2629, 43.81667, 0.397055, 156.345, 0.000342492, -114.468
2630, 43.82500, 0.396672, 156.325, 0.000342234, -114.487
2630, 43.83333, 0.396291, 156.306, 0.000341977, -114.507
2631, 43.84167, 0.39591, 156.287, 0.000341721, -114.526
2631, 43.85000, 0.395531, 156.268, 0.000341467, -114.545
2632, 43.85833, 0.395154, 156.249, 0.000341213, -114.564
2632, 43.86667, 0.394778, 156.23, 0.00034096, -114.583
2633, 43.87500, 0.394403, 156.211, 0.000340709, -114.602
2633, 43.88333, 0.39403, 156.192, 0.000340458, -114.621
2634, 43.89167, 0.393657, 156.173, 0.000340209, -114.64
2634, 43.90000, 0.393287, 156.154, 0.00033996, -114.659
2635, 43.90833, 0.392917, 156.136, 0.000339713, -114.678
2635, 43.91667, 0.392549, 156.117, 0.000339466, -114.697
2636, 43.92500, 0.392182, 156.099, 0.000339221, -114.715
2636, 43.93333, 0.391817, 156.08, 0.000338976, -114.734
2637, 43.94167, 0.391453, 156.062, 0.000338733, -114.753
2637, 43.95000, 0.39109, 156.043, 0.00033849, -114.771
2638, 43.95833, 0.390728, 156.025, 0.000338249, -114.789
2638, 43.96667, 0.390368, 156.007, 0.000338008, -114.808
2639, 43.97500, 0.390009, 155.988, 0.000337769, -114.826
2639, 43.98333, 0.389651, 155.97, 0.00033753, -114.844
2640, 43.99167, 0.389295, 155.952, 0.000337293, -114.863
2640, 44.00000, 0.38894, 155.934, 0.000337056, -114.881
2641, 44.00833, 0.388586, 155.916, 0.000336821, -114.899
2641, 44.01667, 0.388233, 155.898, 0.000336586, -114.917
2642, 44.02500, 0.387882, 155.88, 0.000336352, -114.935
2642, 44.03333, 0.387532, 155.863, 0.00033612, -114.953
2643, 44.04167, 0.387183, 155.845, 0.000335888, -114.971
2643, 44.05000, 0.386835, 155.827, 0.000335657, -114.988
2644, 44.05833, 0.386489, 155.809, 0.000335427, -115.006
2644, 44.06667, 0.386143, 155.792, 0.000335198, -115.024
2645, 44.07500, 0.385799, 155.774, 0.00033497, -115.041
2645, 44.08333, 0.385457, 155.757, 0.000334743, -115.059
2646, 44.09167, 0.385115, 155.739, 0.000334517, -115.077
2646, 44.10000, 0.384775, 155.722, 0.000334292, -115.094
2647, 44.10833, 0.384436, 155.705, 0.000334068, -115.111
2647, 44.11667, 0.384098, 155.688, 0.000333844, -115.129
2648, 44.12500, 0.383761, 155.67, 0.000333622, -115.146
2648, 44.13333, 0.383425, 155.653, 0.000333401, -115.163
2649, 44.14167, 0.383091, 155.636, 0.00033318, -115.181
2649, 44.15000, 0.382758, 155.619, 0.00033296, -115.198
2650, 44.15833, 0.382426, 155.602, 0.000332741, -115.215
2650, 44.16667, 0.382095, 155.585, 0.000332523, -115.232
2651, 44.17500, 0.381765, 155.568, 0.000332306, -115.249
2651, 44.18333, 0.381436, 155.551, 0.00033209, -115.266
2652, 44.19167, 0.381109, 155.534, 0.000331875, -115.283
2652, 44.20000, 0.380783, 155.518, 0.000331661, -115.3
2653, 44.20833, 0.380457, 155.501, 0.000331447, -115.316
2653, 44.21667, 0.380133, 155.484, 0.000331234, -115.333
2654, 44.22500, 0.37981, 155.468, 0.000331023, -115.35
2654, 44.23333, 0.379489, 155.451, 0.000330812, -115.367
2655, 44.24167, 0.379168, 155.435, 0.000330602, -115.383
2655, 44.25000, 0.378848, 155.418, 0.000330393, -115.4
2656, 44.25833, 0.37853, 155.402, 0.000330184, -115.416
2656, 44.26667, 0.378213, 155.385, 0.000329977, -115.433
2657, 44.27500, 0.377896, 155.369, 0.00032977, -115.449
2657, 44.28333, 0.377581, 155.353, 0.000329564, -115.466
2658, 44.29167, 0.377267, 155.337, 0.00032936, -115.482
2658, 44.30000, 0.376954, 155.32, 0.000329155, -115.498
2659, 44.30833, 0.376642, 155.304, 0.000328952, -115.514
2659, 44.31667, 0.376331, 155.288, 0.00032875, -115.531
2660, 44.32500, 0.376022, 155.272, 0.000328548, -115.547
2660, 44.33333, 0.375713, 155.256, 0.000328347, -115.563
2661, 44.34167, 0.375405, 155.24, 0.000328147, -115.579
2661, 44.35000, 0.375099, 155.224, 0.000327948, -115.595
2662, 44.35833, 0.374793, 155.208, 0.00032775, -115.611
2662, 44.36667, 0.374489, 155.193, 0.000327552, -115.627
2663, 44.37500, 0.374186, 155.177, 0.000327356, -115.643
2663, 44.38333, 0.373883, 155.161, 0.00032716, -115.658
2664, 44.39167, 0.373582, 155.145, 0.000326965, -115.674
2664, 44.40000, 0.373282, 155.13, 0.00032677, -115.69
2665, 44.40833, 0.372982, 155.114, 0.000326577, -115.706
2665, 44.41667, 0.372684, 155.099, 0.000326384, -115.721
2666, 44.42500, 0.372387, 155.083, 0.000326192, -115.737
2666, 44.43333, 0.372091, 155.068, 0.000326001, -115.753
2667, 44.44167, 0.371795, 155.052, 0.000325811, -115.768
2667, 44.45000, 0.371501, 155.037, 0.000325621, -115.784
2668, 44.45833, 0.371208, 155.022, 0.000325432, -115.799
2668, 44.46667, 0.370916, 155.006, 0.000325244, -115.814
2669, 44.47500, 0.370625, 154.991, 0.000325057, -115.83
2669, 44.48333, 0.370334, 154.976, 0.000324871, -115.845
2670, 44.49167, 0.370045, 154.961, 0.000324685, -115.86
2670, 44.50000, 0.369757, 154.945, 0.0003245, -115.876
2671, 44.50833, 0.36947, 154.93, 0.000324316, -115.891
2671, 44.51667, 0.369183, 154.915, 0.000324132, -115.906
2672, 44.52500, 0.368898, 154.9, 0.000323949, -115.921
2672, 44.53333, 0.368614, 154.885, 0.000323767, -115.936
2673, 44.54167, 0.36833, 154.87, 0.000323586, -115.951
2673, 44.55000, 0.368048, 154.855, 0.000323406, -115.966
2674, 44.55833, 0.367767, 154.841, 0.000323226, -115.981
2674, 44.56667, 0.367486, 154.826, 0.000323047, -115.996
2675, 44.57500, 0.367207, 154.811, 0.000322869, -116.011
2675, 44.58333, 0.366928, 154.796, 0.000322691, -116.026
2676, 44.59167, 0.36665, 154.781, 0.000322514, -116.041
2676, 44.60000, 0.366374, 154.767, 0.000322338, -116.056
2677, 44.60833, 0.366098, 154.752, 0.000322163, -116.07
2677, 44.61667, 0.365823, 154.738, 0.000321988, -116.085
2678, 44.62500, 0.365549, 154.723, 0.000321814, -116.1
2678, 44.63333, 0.365276, 154.708, 0.000321641, -116.114
2679, 44.64167, 0.365004, 154.694, 0.000321469, -116.129
2679, 44.65000, 0.364733, 154.679, 0.000321297, -116.144
2680, 44.65833, 0.364462, 154.665, 0.000321126, -116.158
2680, 44.66667, 0.364193, 154.651, 0.000320956, -116.173
2681, 44.67500, 0.363924, 154.636, 0.000320786, -116.187
2681, 44.68333, 0.363657, 154.622, 0.000320617, -116.201
2682, 44.69167, 0.36339, 154.608, 0.000320449, -116.216
2682, 44.70000, 0.363124, 154.593, 0.000320281, -116.23
2683, 44.70833, 0.362859, 154.579, 0.000320114, -116.245
2683, 44.71667, 0.362595, 154.565, 0.000319948, -116.259
2684, 44.72500, 0.362332, 154.551, 0.000319783, -116.273
2684, 44.73333, 0.36207, 154.537, 0.000319618, -116.287
2685, 44.74167, 0.361809, 154.523, 0.000319454, -116.301
2685, 44.75000, 0.361548, 154.509, 0.00031929, -116.316
2686, 44.75833, 0.361289, 154.495, 0.000319127, -116.33
2686, 44.76667, 0.36103, 154.481, 0.000318965, -116.344
2687, 44.77500, 0.360772, 154.467, 0.000318804, -116.358
2687, 44.78333, 0.360515, 154.453, 0.000318643, -116.372
2688, 44.79167, 0.360259, 154.439, 0.000318483, -116.386
2688, 44.80000, 0.360003, 154.425, 0.000318324, -116.4
2689, 44.80833, 0.359749, 154.411, 0.000318165, -116.414
2689, 44.81667, 0.359495, 154.398, 0.000318007, -116.428
2689, 44.82500, 0.359242, 154.384, 0.000317849, -116.441
2690, 44.83333, 0.35899, 154.37, 0.000317692, -116.455
2691, 44.84167, 0.358739, 154.357, 0.000317536, -116.469
2691, 44.85000, 0.358489, 154.343, 0.000317381, -116.483
2692, 44.85833, 0.35824, 154.329, 0.000317226, -116.496
2692, 44.86667, 0.357991, 154.316, 0.000317072, -116.51
2693, 44.87500, 0.357743, 154.302, 0.000316918, -116.524
2693, 44.88333, 0.357496, 154.289, 0.000316765, -116.537
2693, 44.89167, 0.35725, 154.275, 0.000316613, -116.551
2694, 44.90000, 0.357005, 154.262, 0.000316461, -116.565
2695, 44.90833, 0.35676, 154.248, 0.00031631, -116.578
2695, 44.91667, 0.356516, 154.235, 0.00031616, -116.592
2696, 44.92500, 0.356273, 154.222, 0.00031601, -116.605
2696, 44.93333, 0.356031, 154.208, 0.000315861, -116.618
2697, 44.94167, 0.35579, 154.195, 0.000315712, -116.632
2697, 44.95000, 0.355549, 154.182, 0.000315564, -116.645
2697, 44.95833, 0.35531, 154.168, 0.000315417, -116.659
2698, 44.96667, 0.355071, 154.155, 0.000315271, -116.672
2699, 44.97500, 0.354833, 154.142, 0.000315124, -116.685
2699, 44.98333, 0.354595, 154.129, 0.000314979, -116.698
2700, 44.99167, 0.354359, 154.116, 0.000314834, -116.712
2700, 45.00000, 0.354123, 154.103, 0.00031469, -116.725
2701, 45.00833, 0.353888, 154.09, 0.000314546, -116.738
2701, 45.01667, 0.353653, 154.077, 0.000314403, -116.751
2701, 45.02500, 0.35342, 154.064, 0.000314261, -116.764
2702, 45.03333, 0.353187, 154.051, 0.000314119, -116.777
2703, 45.04167, 0.352955, 154.038, 0.000313978, -116.79
2703, 45.05000, 0.352724, 154.025, 0.000313837, -116.804
2704, 45.05833, 0.352494, 154.012, 0.000313697, -116.817
2704, 45.06667, 0.352264, 153.999, 0.000313558, -116.83
2705, 45.07500, 0.352035, 153.986, 0.000313419, -116.842
2705, 45.08333, 0.351807, 153.973, 0.000313281, -116.855
2705, 45.09167, 0.351579, 153.961, 0.000313143, -116.868
2706, 45.10000, 0.351353, 153.948, 0.000313006, -116.881
2707, 45.10833, 0.351127, 153.935, 0.00031287, -116.894
2707, 45.11667, 0.350901, 153.922, 0.000312734, -116.907
2708, 45.12500, 0.350677, 153.91, 0.000312599, -116.92
2708, 45.13333, 0.350453, 153.897, 0.000312464, -116.932
2709, 45.14167, 0.35023, 153.884, 0.00031233, -116.945
2709, 45.15000, 0.350008, 153.872, 0.000312196, -116.958
2709, 45.15833, 0.349786, 153.859, 0.000312063, -116.97
2710, 45.16667, 0.349566, 153.847, 0.000311931, -116.983
2711, 45.17500, 0.349345, 153.834, 0.000311799, -116.996
2711, 45.18333, 0.349126, 153.822, 0.000311667, -117.008
2712, 45.19167, 0.348907, 153.809, 0.000311537, -117.021
2712, 45.20000, 0.348689, 153.797, 0.000311406, -117.033
2713, 45.20833, 0.348472, 153.784, 0.000311277, -117.046
2713, 45.21667, 0.348256, 153.772, 0.000311148, -117.059
2713, 45.22500, 0.34804, 153.76, 0.000311019, -117.071
2714, 45.23333, 0.347825, 153.747, 0.000310891, -117.083
2715, 45.24167, 0.34761, 153.735, 0.000310764, -117.096
2715, 45.25000, 0.347397, 153.723, 0.000310637, -117.108
2716, 45.25833, 0.347183, 153.71, 0.000310511, -117.121
2716, 45.26667, 0.346971, 153.698, 0.000310385, -117.133
2717, 45.27500, 0.346759, 153.686, 0.00031026, -117.145
2717, 45.28333, 0.346549, 153.674, 0.000310135, -117.158
2717, 45.29167, 0.346338, 153.662, 0.000310011, -117.17
2718, 45.30000, 0.346129, 153.649, 0.000309887, -117.182
2719, 45.30833, 0.34592, 153.637, 0.000309764, -117.194
2719, 45.31667, 0.345712, 153.625, 0.000309642, -117.207
2720, 45.32500, 0.345504, 153.613, 0.000309519, -117.219
2720, 45.33333, 0.345297, 153.601, 0.000309398, -117.231
2721, 45.34167, 0.345091, 153.589, 0.000309277, -117.243
2721, 45.35000, 0.344885, 153.577, 0.000309157, -117.255
2721, 45.35833, 0.34468, 153.565, 0.000309037, -117.267
2722, 45.36667, 0.344476, 153.553, 0.000308917, -117.279
2723, 45.37500, 0.344273, 153.541, 0.000308799, -117.291
2723, 45.38333, 0.34407, 153.529, 0.00030868, -117.303
2724, 45.39167, 0.343868, 153.517, 0.000308562, -117.315
2724, 45.40000, 0.343666, 153.505, 0.000308445, -117.327
2725, 45.40833, 0.343465, 153.494, 0.000308328, -117.339
2725, 45.41667, 0.343265, 153.482, 0.000308212, -117.351
2725, 45.42500, 0.343065, 153.47, 0.000308096, -117.363
2726, 45.43333, 0.342866, 153.458, 0.000307981, -117.375
2727, 45.44167, 0.342668, 153.446, 0.000307866, -117.387
2727, 45.45000, 0.34247, 153.435, 0.000307752, -117.399
2728, 45.45833, 0.342273, 153.423, 0.000307639, -117.411
2728, 45.46667, 0.342077, 153.411, 0.000307525, -117.422
2729, 45.47500, 0.341881, 153.4, 0.000307413, -117.434
2729, 45.48333, 0.341686, 153.388, 0.000307301, -117.446
2729, 45.49167, 0.341492, 153.376, 0.000307189, -117.458
2730, 45.50000, 0.341298, 153.365, 0.000307078, -117.469
2731, 45.50833, 0.341105, 153.353, 0.000306967, -117.481
2731, 45.51667, 0.340912, 153.342, 0.000306857, -117.493
2732, 45.52500, 0.34072, 153.33, 0.000306747, -117.505
2732, 45.53333, 0.340529, 153.319, 0.000306638, -117.516
2733, 45.54167, 0.340338, 153.307, 0.000306529, -117.528
2733, 45.55000, 0.340148, 153.296, 0.000306421, -117.539
2733, 45.55833, 0.339958, 153.284, 0.000306313, -117.551
2734, 45.56667, 0.339769, 153.273, 0.000306206, -117.562
2735, 45.57500, 0.339581, 153.261, 0.000306099, -117.574
2735, 45.58333, 0.339393, 153.25, 0.000305993, -117.586
2736, 45.59167, 0.339206, 153.239, 0.000305887, -117.597
2736, 45.60000, 0.33902, 153.227, 0.000305782, -117.608
2737, 45.60833, 0.338834, 153.216, 0.000305677, -117.62
2737, 45.61667, 0.338649, 153.205, 0.000305573, -117.631
2737, 45.62500, 0.338464, 153.193, 0.000305469, -117.643
2738, 45.63333, 0.33828, 153.182, 0.000305365, -117.654
2739, 45.64167, 0.338097, 153.171, 0.000305263, -117.666
2739, 45.65000, 0.337914, 153.159, 0.00030516, -117.677
2740, 45.65833, 0.337731, 153.148, 0.000305058, -117.688
2740, 45.66667, 0.33755, 153.137, 0.000304957, -117.7
2741, 45.67500, 0.337369, 153.126, 0.000304856, -117.711
2741, 45.68333, 0.337188, 153.115, 0.000304755, -117.722
2741, 45.69167, 0.337008, 153.104, 0.000304655, -117.733
2742, 45.70000, 0.336829, 153.092, 0.000304555, -117.745
2743, 45.70833, 0.33665, 153.081, 0.000304456, -117.756
2743, 45.71667, 0.336472, 153.07, 0.000304357, -117.767
2744, 45.72500, 0.336294, 153.059, 0.000304259, -117.778
2744, 45.73333, 0.336117, 153.048, 0.000304161, -117.789
2745, 45.74167, 0.335941, 153.037, 0.000304064, -117.801
2745, 45.75000, 0.335765, 153.026, 0.000303967, -117.812
2745, 45.75833, 0.33559, 153.015, 0.000303871, -117.823
2746, 45.76667, 0.335415, 153.004, 0.000303775, -117.834
2747, 45.77500, 0.335241, 152.993, 0.000303679, -117.845
2747, 45.78333, 0.335067, 152.982, 0.000303584, -117.856
2748, 45.79167, 0.334894, 152.971, 0.000303489, -117.867
2748, 45.80000, 0.334722, 152.96, 0.000303395, -117.878
2749, 45.80833, 0.33455, 152.95, 0.000303301, -117.889
2749, 45.81667, 0.334378, 152.939, 0.000303208, -117.9
2749, 45.82500, 0.334207, 152.928, 0.000303115, -117.911
2750, 45.83333, 0.334037, 152.917, 0.000303023, -117.922
2751, 45.84167, 0.333867, 152.906, 0.000302931, -117.933
2751, 45.85000, 0.333698, 152.895, 0.000302839, -117.944
2752, 45.85833, 0.33353, 152.885, 0.000302748, -117.955
2752, 45.86667, 0.333362, 152.874, 0.000302658, -117.966
2753, 45.87500, 0.333194, 152.863, 0.000302568, -117.976
2753, 45.88333, 0.333027, 152.852, 0.000302478, -117.987
2753, 45.89167, 0.332861, 152.842, 0.000302388, -117.998
2754, 45.90000, 0.332695, 152.831, 0.0003023, -118.009
2755, 45.90833, 0.332529, 152.82, 0.000302211, -118.02
2755, 45.91667, 0.332365, 152.81, 0.000302123, -118.03
2756, 45.92500, 0.3322, 152.799, 0.000302035, -118.041
2756, 45.93333, 0.332037, 152.788, 0.000301948, -118.052
2757, 45.94167, 0.331873, 152.778, 0.000301862, -118.063
2757, 45.95000, 0.331711, 152.767, 0.000301775, -118.073
2758, 45.95833, 0.331549, 152.757, 0.000301689, -118.084
2758, 45.96667, 0.331387, 152.746, 0.000301604, -118.095
2759, 45.97500, 0.331226, 152.735, 0.000301519, -118.105
2759, 45.98333, 0.331065, 152.725, 0.000301434, -118.116
2760, 45.99167, 0.330905, 152.714, 0.00030135, -118.127
2760, 46.00000, 0.330746, 152.704, 0.000301266, -118.137
2761, 46.00833, 0.330587, 152.693, 0.000301183, -118.148
2761, 46.01667, 0.330428, 152.683, 0.0003011, -118.159
2762, 46.02500, 0.33027, 152.672, 0.000301017, -118.169
2762, 46.03333, 0.330113, 152.662, 0.000300935, -118.18
2763, 46.04167, 0.329956, 152.652, 0.000300853, -118.19
2763, 46.05000, 0.329799, 152.641, 0.000300772, -118.201
2764, 46.05833, 0.329643, 152.631, 0.000300691, -118.211
2764, 46.06667, 0.329488, 152.62, 0.000300611, -118.222
2765, 46.07500, 0.329333, 152.61, 0.000300531, -118.232
2765, 46.08333, 0.329178, 152.6, 0.000300451, -118.243
2766, 46.09167, 0.329024, 152.589, 0.000300372, -118.253
2766, 46.10000, 0.328871, 152.579, 0.000300293, -118.264
2767, 46.10833, 0.328718, 152.569, 0.000300214, -118.274
2767, 46.11667, 0.328566, 152.558, 0.000300136, -118.284
2768, 46.12500, 0.328414, 152.548, 0.000300059, -118.295
2768, 46.13333, 0.328262, 152.538, 0.000299982, -118.305
2769, 46.14167, 0.328111, 152.528, 0.000299905, -118.316
2769, 46.15000, 0.327961, 152.517, 0.000299828, -118.326
2770, 46.15833, 0.327811, 152.507, 0.000299752, -118.336
2770, 46.16667, 0.327662, 152.497, 0.000299677, -118.347
2771, 46.17500, 0.327513, 152.487, 0.000299601, -118.357
2771, 46.18333, 0.327364, 152.477, 0.000299526, -118.367
2772, 46.19167, 0.327216, 152.467, 0.000299452, -118.377
2772, 46.20000, 0.327069, 152.456, 0.000299378, -118.388
2773, 46.20833, 0.326922, 152.446, 0.000299304, -118.398
2773, 46.21667, 0.326775, 152.436, 0.000299231, -118.408
2774, 46.22500, 0.326629, 152.426, 0.000299158, -118.418
2774, 46.23333, 0.326484, 152.416, 0.000299086, -118.429
2775, 46.24167, 0.326338, 152.406, 0.000299013, -118.439
2775, 46.25000, 0.326194, 152.396, 0.000298942, -118.449
2776, 46.25833, 0.32605, 152.386, 0.00029887, -118.459
2776, 46.26667, 0.325906, 152.376, 0.000298799, -118.469
2777, 46.27500, 0.325763, 152.366, 0.000298729, -118.479
2777, 46.28333, 0.32562, 152.356, 0.000298659, -118.49
2778, 46.29167, 0.325478, 152.346, 0.000298589, -118.5
2778, 46.30000, 0.325336, 152.336, 0.000298519, -118.51
2779, 46.30833, 0.325195, 152.326, 0.00029845, -118.52
2779, 46.31667, 0.325054, 152.316, 0.000298382, -118.53
2780, 46.32500, 0.324914, 152.306, 0.000298313, -118.54
2780, 46.33333, 0.324774, 152.296, 0.000298246, -118.55
2781, 46.34167, 0.324634, 152.286, 0.000298178, -118.56
2781, 46.35000, 0.324495, 152.276, 0.000298111, -118.57
2782, 46.35833, 0.324357, 152.266, 0.000298044, -118.58
2782, 46.36667, 0.324218, 152.256, 0.000297978, -118.59
2783, 46.37500, 0.324081, 152.247, 0.000297912, -118.6
2783, 46.38333, 0.323944, 152.237, 0.000297846, -118.61
2784, 46.39167, 0.323807, 152.227, 0.000297781, -118.62
2784, 46.40000, 0.323671, 152.217, 0.000297716, -118.63
2785, 46.40833, 0.323535, 152.207, 0.000297651, -118.64
2785, 46.41667, 0.3234, 152.197, 0.000297587, -118.65
2786, 46.42500, 0.323265, 152.188, 0.000297523, -118.66
2786, 46.43333, 0.32313, 152.178, 0.00029746, -118.67
2787, 46.44167, 0.322996, 152.168, 0.000297397, -118.679
2787, 46.45000, 0.322863, 152.158, 0.000297334, -118.689
2788, 46.45833, 0.322729, 152.149, 0.000297272, -118.699
2788, 46.46667, 0.322597, 152.139, 0.00029721, -118.709
2789, 46.47500, 0.322464, 152.129, 0.000297148, -118.719
2789, 46.48333, 0.322333, 152.12, 0.000297087, -118.729
2790, 46.49167, 0.322201, 152.11, 0.000297026, -118.738
2790, 46.50000, 0.32207, 152.1, 0.000296965, -118.748
2791, 46.50833, 0.32194, 152.091, 0.000296905, -118.758
2791, 46.51667, 0.32181, 152.081, 0.000296845, -118.768
2792, 46.52500, 0.32168, 152.071, 0.000296786, -118.778
2792, 46.53333, 0.321551, 152.062, 0.000296727, -118.787
2793, 46.54167, 0.321422, 152.052, 0.000296668, -118.797
2793, 46.55000, 0.321294, 152.042, 0.000296609, -118.807
2794, 46.55833, 0.321166, 152.033, 0.000296551, -118.816
2794, 46.56667, 0.321039, 152.023, 0.000296494, -118.826
2795, 46.57500, 0.320912, 152.014, 0.000296436, -118.836
2795, 46.58333, 0.320785, 152.004, 0.000296379, -118.846
2796, 46.59167, 0.320659, 151.995, 0.000296323, -118.855
2796, 46.60000, 0.320533, 151.985, 0.000296266, -118.865
2797, 46.60833, 0.320408, 151.976, 0.00029621, -118.874
2797, 46.61667, 0.320283, 151.966, 0.000296155, -118.884
2798, 46.62500, 0.320158, 151.956, 0.000296099, -118.894
2798, 46.63333, 0.320034, 151.947, 0.000296045, -118.903
2799, 46.64167, 0.319911, 151.938, 0.00029599, -118.913
2799, 46.65000, 0.319787, 151.928, 0.000295936, -118.923
2800, 46.65833, 0.319665, 151.919, 0.000295882, -118.932
2800, 46.66667, 0.319542, 151.909, 0.000295828, -118.942
2801, 46.67500, 0.31942, 151.9, 0.000295775, -118.951
2801, 46.68333, 0.319299, 151.89, 0.000295722, -118.961
2802, 46.69167, 0.319178, 151.881, 0.00029567, -118.97
2802, 46.70000, 0.319057, 151.871, 0.000295618, -118.98
2803, 46.70833, 0.318936, 151.862, 0.000295566, -118.989
2803, 46.71667, 0.318817, 151.853, 0.000295514, -118.999
2804, 46.72500, 0.318697, 151.843, 0.000295463, -119.008
2804, 46.73333, 0.318578, 151.834, 0.000295412, -119.018
2805, 46.74167, 0.318459, 151.825, 0.000295362, -119.027
2805, 46.75000, 0.318341, 151.815, 0.000295312, -119.037
2806, 46.75833, 0.318223, 151.806, 0.000295262, -119.046
2806, 46.76667, 0.318106, 151.797, 0.000295212, -119.056
2807, 46.77500, 0.317988, 151.787, 0.000295163, -119.065
2807, 46.78333, 0.317872, 151.778, 0.000295114, -119.075
2808, 46.79167, 0.317755, 151.769, 0.000295066, -119.084
2808, 46.80000, 0.31764, 151.759, 0.000295018, -119.093
2809, 46.80833, 0.317524, 151.75, 0.00029497, -119.103
2809, 46.81667, 0.317409, 151.741, 0.000294923, -119.112
2810, 46.82500, 0.317294, 151.732, 0.000294875, -119.122
2810, 46.83333, 0.31718, 151.722, 0.000294828, -119.131
2811, 46.84167, 0.317066, 151.713, 0.000294782, -119.14
2811, 46.85000, 0.316953, 151.704, 0.000294736, -119.15
2812, 46.85833, 0.316839, 151.695, 0.00029469, -119.159
2812, 46.86667, 0.316727, 151.686, 0.000294644, -119.168
2813, 46.87500, 0.316614, 151.676, 0.000294599, -119.178
2813, 46.88333, 0.316502, 151.667, 0.000294554, -119.187
2814, 46.89167, 0.316391, 151.658, 0.00029451, -119.196
2814, 46.90000, 0.31628, 151.649, 0.000294466, -119.205
2814, 46.90833, 0.316169, 151.64, 0.000294422, -119.215
2815, 46.91667, 0.316058, 151.631, 0.000294378, -119.224
2816, 46.92500, 0.315948, 151.621, 0.000294335, -119.233
2816, 46.93333, 0.315839, 151.612, 0.000294292, -119.243
2817, 46.94167, 0.31573, 151.603, 0.000294249, -119.252
2817, 46.95000, 0.315621, 151.594, 0.000294207, -119.261
2818, 46.95833, 0.315512, 151.585, 0.000294165, -119.27
2818, 46.96667, 0.315404, 151.576, 0.000294123, -119.279
2818, 46.97500, 0.315296, 151.567, 0.000294082, -119.289
2819, 46.98333, 0.315189, 151.558, 0.000294041, -119.298
2820, 46.99167, 0.315082, 151.549, 0.000294, -119.307
2820, 47.00000, 0.314975, 151.54, 0.00029396, -119.316
2821, 47.00833, 0.314869, 151.531, 0.00029392, -119.325
2821, 47.01667, 0.314763, 151.522, 0.00029388, -119.335
2822, 47.02500, 0.314658, 151.513, 0.000293841, -119.344
2822, 47.03333, 0.314553, 151.503, 0.000293801, -119.353
2822, 47.04167, 0.314448, 151.494, 0.000293763, -119.362
2823, 47.05000, 0.314344, 151.485, 0.000293724, -119.371
2824, 47.05833, 0.31424, 151.477, 0.000293686, -119.38
2824, 47.06667, 0.314136, 151.468, 0.000293648, -119.389
2825, 47.07500, 0.314033, 151.459, 0.00029361, -119.398
2825, 47.08333, 0.31393, 151.45, 0.000293573, -119.408
2826, 47.09167, 0.313827, 151.441, 0.000293536, -119.417
2826, 47.10000, 0.313725, 151.432, 0.000293499, -119.426
2826, 47.10833, 0.313623, 151.423, 0.000293463, -119.435
2827, 47.11667, 0.313522, 151.414, 0.000293427, -119.444
2828, 47.12500, 0.313421, 151.405, 0.000293391, -119.453
2828, 47.13333, 0.31332, 151.396, 0.000293356, -119.462
2829, 47.14167, 0.31322, 151.387, 0.000293321, -119.471
2829, 47.15000, 0.31312, 151.378, 0.000293286, -119.48
2830, 47.15833, 0.31302, 151.369, 0.000293251, -119.489
2830, 47.16667, 0.312921, 151.36, 0.000293217, -119.498
2830, 47.17500, 0.312822, 151.352, 0.000293183, -119.507
2831, 47.18333, 0.312724, 151.343, 0.000293149, -119.516
2832, 47.19167, 0.312625, 151.334, 0.000293116, -119.525
2832, 47.20000, 0.312528, 151.325, 0.000293083, -119.534
2833, 47.20833, 0.31243, 151.316, 0.00029305, -119.543
2833, 47.21667, 0.312333, 151.307, 0.000293018, -119.552
2834, 47.22500, 0.312236, 151.298, 0.000292986, -119.561
2834, 47.23333, 0.31214, 151.29, 0.000292954, -119.57
2834, 47.24167, 0.312044, 151.281, 0.000292922, -119.579
2835, 47.25000, 0.311948, 151.272, 0.000292891, -119.588
2836, 47.25833, 0.311853, 151.263, 0.00029286, -119.597
2836, 47.26667, 0.311758, 151.254, 0.00029283, -119.605
2837, 47.27500, 0.311663, 151.246, 0.000292799, -119.614
2837, 47.28333, 0.311568, 151.237, 0.000292769, -119.623
2838, 47.29167, 0.311475, 151.228, 0.000292739, -119.632
2838, 47.30000, 0.311381, 151.219, 0.00029271, -119.641
2838, 47.30833, 0.311288, 151.211, 0.000292681, -119.65
2839, 47.31667, 0.311195, 151.202, 0.000292652, -119.659
2840, 47.32500, 0.311102, 151.193, 0.000292623, -119.668
2840, 47.33333, 0.31101, 151.184, 0.000292595, -119.677
2841, 47.34167, 0.310918, 151.176, 0.000292567, -119.685
2841, 47.35000, 0.310826, 151.167, 0.000292539, -119.694
2842, 47.35833, 0.310735, 151.158, 0.000292512, -119.703
2842, 47.36667, 0.310644, 151.15, 0.000292485, -119.712
2842, 47.37500, 0.310554, 151.141, 0.000292458, -119.721
2843, 47.38333, 0.310463, 151.132, 0.000292431, -119.73
2844, 47.39167, 0.310373, 151.124, 0.000292405, -119.738
2844, 47.40000, 0.310284, 151.115, 0.000292379, -119.747
2845, 47.40833, 0.310195, 151.106, 0.000292354, -119.756
2845, 47.41667, 0.310106, 151.098, 0.000292328, -119.765
2846, 47.42500, 0.310017, 151.089, 0.000292303, -119.773
2846, 47.43333, 0.309929, 151.08, 0.000292278, -119.782
2846, 47.44167, 0.309841, 151.072, 0.000292254, -119.791
2847, 47.45000, 0.309754, 151.063, 0.000292229, -119.8
2848, 47.45833, 0.309666, 151.054, 0.000292205, -119.809
2848, 47.46667, 0.30958, 151.046, 0.000292182, -119.817
2849, 47.47500, 0.309493, 151.037, 0.000292158, -119.826
2849, 47.48333, 0.309407, 151.029, 0.000292135, -119.835
2850, 47.49167, 0.309321, 151.02, 0.000292112, -119.843
2850, 47.50000, 0.309235, 151.011, 0.00029209, -119.852
2850, 47.50833, 0.30915, 151.003, 0.000292068, -119.861
2851, 47.51667, 0.309065, 150.994, 0.000292046, -119.87
2852, 47.52500, 0.308981, 150.986, 0.000292024, -119.878
2852, 47.53333, 0.308896, 150.977, 0.000292002, -119.887
2853, 47.54167, 0.308812, 150.968, 0.000291981, -119.896
2853, 47.55000, 0.308729, 150.96, 0.00029196, -119.904
2854, 47.55833, 0.308646, 150.951, 0.00029194, -119.913
2854, 47.56667, 0.308563, 150.943, 0.000291919, -119.922
2854, 47.57500, 0.30848, 150.934, 0.000291899, -119.93
2855, 47.58333, 0.308398, 150.926, 0.00029188, -119.939
2856, 47.59167, 0.308316, 150.917, 0.00029186, -119.948
2856, 47.60000, 0.308234, 150.909, 0.000291841, -119.956
2857, 47.60833, 0.308153, 150.9, 0.000291822, -119.965
2857, 47.61667, 0.308072, 150.892, 0.000291803, -119.974
2858, 47.62500, 0.307991, 150.883, 0.000291785, -119.982
2858, 47.63333, 0.30791, 150.875, 0.000291767, -119.991
2858, 47.64167, 0.30783, 150.866, 0.000291749, -119.999
2859, 47.65000, 0.307751, 150.858, 0.000291731, -120.008
2860, 47.65833, 0.307671, 150.849, 0.000291714, -120.017
2860, 47.66667, 0.307592, 150.841, 0.000291697, -120.025
2861, 47.67500, 0.307513, 150.832, 0.00029168, -120.034
2861, 47.68333, 0.307435, 150.824, 0.000291664, -120.042
2862, 47.69167, 0.307356, 150.816, 0.000291648, -120.051
2862, 47.70000, 0.307279, 150.807, 0.000291632, -120.06
2862, 47.70833, 0.307201, 150.799, 0.000291616, -120.068
2863, 47.71667, 0.307124, 150.79, 0.000291601, -120.077
2864, 47.72500, 0.307047, 150.782, 0.000291585, -120.085
2864, 47.73333, 0.30697, 150.773, 0.000291571, -120.094
2865, 47.74167, 0.306894, 150.765, 0.000291556, -120.102
2865, 47.75000, 0.306818, 150.757, 0.000291542, -120.111
2866, 47.75833, 0.306742, 150.748, 0.000291528, -120.119
2866, 47.76667, 0.306667, 150.74, 0.000291514, -120.128
2866, 47.77500, 0.306591, 150.731, 0.0002915, -120.136
2867, 47.78333, 0.306517, 150.723, 0.000291487, -120.145
2868, 47.79167, 0.306442, 150.715, 0.000291474, -120.153
2868, 47.80000, 0.306368, 150.706, 0.000291461, -120.162
2869, 47.80833, 0.306294, 150.698, 0.000291449, -120.17
2869, 47.81667, 0.306221, 150.69, 0.000291437, -120.179
2870, 47.82500, 0.306147, 150.681, 0.000291425, -120.187
2870, 47.83333, 0.306074, 150.673, 0.000291413, -120.196
2870, 47.84167, 0.306002, 150.665, 0.000291402, -120.204
2871, 47.85000, 0.305929, 150.656, 0.000291391, -120.213
2872, 47.85833, 0.305857, 150.648, 0.00029138, -120.221
2872, 47.86667, 0.305785, 150.64, 0.000291369, -120.23
2873, 47.87500, 0.305714, 150.631, 0.000291359, -120.238
2873, 47.88333, 0.305643, 150.623, 0.000291349, -120.247
2874, 47.89167, 0.305572, 150.615, 0.000291339, -120.255
2874, 47.90000, 0.305501, 150.606, 0.000291329, -120.264
2874, 47.90833, 0.305431, 150.598, 0.00029132, -120.272
2875, 47.91667, 0.305361, 150.59, 0.000291311, -120.28
2876, 47.92500, 0.305291, 150.581, 0.000291302, -120.289
2876, 47.93333, 0.305222, 150.573, 0.000291294, -120.297
2877, 47.94167, 0.305153, 150.565, 0.000291286, -120.306
2877, 47.95000, 0.305084, 150.557, 0.000291278, -120.314
2878, 47.95833, 0.305016, 150.548, 0.00029127, -120.322
2878, 47.96667, 0.304947, 150.54, 0.000291262, -120.331
2878, 47.97500, 0.304879, 150.532, 0.000291255, -120.339
2879, 47.98333, 0.304812, 150.524, 0.000291248, -120.348
2880, 47.99167, 0.304744, 150.515, 0.000291242, -120.356
2880, 48.00000, 0.304677, 150.507, 0.000291235, -120.364
2881, 48.00833, 0.304611, 150.499, 0.000291229, -120.373
2881, 48.01667, 0.304544, 150.491, 0.000291223, -120.381
2882, 48.02500, 0.304478, 150.482, 0.000291217, -120.39
2882, 48.03333, 0.304412, 150.474, 0.000291212, -120.398
2883, 48.04167, 0.304346, 150.466, 0.000291207, -120.406
2883, 48.05000, 0.304281, 150.458, 0.000291202, -120.415
2884, 48.05833, 0.304216, 150.449, 0.000291197, -120.423
2884, 48.06667, 0.304151, 150.441, 0.000291193, -120.431
2885, 48.07500, 0.304087, 150.433, 0.000291189, -120.44
2885, 48.08333, 0.304023, 150.425, 0.000291185, -120.448
2886, 48.09167, 0.303959, 150.417, 0.000291181, -120.456
2886, 48.10000, 0.303895, 150.408, 0.000291178, -120.465
2887, 48.10833, 0.303832, 150.4, 0.000291175, -120.473
2887, 48.11667, 0.303769, 150.392, 0.000291172, -120.481
2888, 48.12500, 0.303706, 150.384, 0.000291169, -120.49
2888, 48.13333, 0.303644, 150.376, 0.000291167, -120.498
2889, 48.14167, 0.303582, 150.368, 0.000291165, -120.506
2889, 48.15000, 0.30352, 150.359, 0.000291163, -120.514
2890, 48.15833, 0.303458, 150.351, 0.000291161, -120.523
2890, 48.16667, 0.303397, 150.343, 0.00029116, -120.531
2891, 48.17500, 0.303336, 150.335, 0.000291159, -120.539
2891, 48.18333, 0.303275, 150.327, 0.000291158, -120.548
2892, 48.19167, 0.303214, 150.319, 0.000291157, -120.556
2892, 48.20000, 0.303154, 150.31, 0.000291157, -120.564
2893, 48.20833, 0.303094, 150.302, 0.000291157, -120.572
2893, 48.21667, 0.303035, 150.294, 0.000291157, -120.581
2894, 48.22500, 0.302975, 150.286, 0.000291157, -120.589
2894, 48.23333, 0.302916, 150.278, 0.000291158, -120.597
2895, 48.24167, 0.302857, 150.27, 0.000291159, -120.605
2895, 48.25000, 0.302799, 150.262, 0.00029116, -120.614
2896, 48.25833, 0.30274, 150.254, 0.000291161, -120.622
2896, 48.26667, 0.302682, 150.245, 0.000291163, -120.63
2897, 48.27500, 0.302625, 150.237, 0.000291164, -120.638
2897, 48.28333, 0.302567, 150.229, 0.000291167, -120.647
2898, 48.29167, 0.30251, 150.221, 0.000291169, -120.655
2898, 48.30000, 0.302453, 150.213, 0.000291172, -120.663
2899, 48.30833, 0.302396, 150.205, 0.000291174, -120.671
2899, 48.31667, 0.30234, 150.197, 0.000291177, -120.68
2900, 48.32500, 0.302284, 150.189, 0.000291181, -120.688
2900, 48.33333, 0.302228, 150.181, 0.000291184, -120.696
2901, 48.34167, 0.302173, 150.173, 0.000291188, -120.704
2901, 48.35000, 0.302117, 150.165, 0.000291192, -120.712
2902, 48.35833, 0.302062, 150.157, 0.000291196, -120.721
2902, 48.36667, 0.302008, 150.149, 0.000291201, -120.729
2903, 48.37500, 0.301953, 150.14, 0.000291206, -120.737
2903, 48.38333, 0.301899, 150.132, 0.000291211, -120.745
2904, 48.39167, 0.301845, 150.124, 0.000291216, -120.753
2904, 48.40000, 0.301791, 150.116, 0.000291222, -120.762
2905, 48.40833, 0.301738, 150.108, 0.000291227, -120.77
2905, 48.41667, 0.301685, 150.1, 0.000291233, -120.778
2906, 48.42500, 0.301632, 150.092, 0.00029124, -120.786
2906, 48.43333, 0.301579, 150.084, 0.000291246, -120.794
2907, 48.44167, 0.301527, 150.076, 0.000291253, -120.802
2907, 48.45000, 0.301475, 150.068, 0.00029126, -120.811
2908, 48.45833, 0.301423, 150.06, 0.000291267, -120.819
2908, 48.46667, 0.301372, 150.052, 0.000291274, -120.827
2909, 48.47500, 0.30132, 150.044, 0.000291282, -120.835
2909, 48.48333, 0.301269, 150.036, 0.00029129, -120.843
2910, 48.49167, 0.301219, 150.028, 0.000291298, -120.851
2910, 48.50000, 0.301168, 150.02, 0.000291307, -120.86
2911, 48.50833, 0.301118, 150.012, 0.000291315, -120.868
2911, 48.51667, 0.301068, 150.004, 0.000291324, -120.876
2912, 48.52500, 0.301018, 149.996, 0.000291333, -120.884
2912, 48.53333, 0.300969, 149.988, 0.000291343, -120.892
2913, 48.54167, 0.30092, 149.98, 0.000291352, -120.9
2913, 48.55000, 0.300871, 149.972, 0.000291362, -120.908
2914, 48.55833, 0.300822, 149.964, 0.000291372, -120.916
2914, 48.56667, 0.300774, 149.956, 0.000291382, -120.925
2915, 48.57500, 0.300725, 149.948, 0.000291393, -120.933
2915, 48.58333, 0.300678, 149.94, 0.000291404, -120.941
2916, 48.59167, 0.30063, 149.932, 0.000291415, -120.949
2916, 48.60000, 0.300583, 149.924, 0.000291426, -120.957
2917, 48.60833, 0.300535, 149.916, 0.000291437, -120.965
2917, 48.61667, 0.300489, 149.908, 0.000291449, -120.973
2918, 48.62500, 0.300442, 149.9, 0.000291461, -120.981
2918, 48.63333, 0.300396, 149.892, 0.000291473, -120.989
2919, 48.64167, 0.30035, 149.884, 0.000291486, -120.998
2919, 48.65000, 0.300304, 149.876, 0.000291498, -121.006
2920, 48.65833, 0.300258, 149.868, 0.000291511, -121.014
2920, 48.66667, 0.300213, 149.861, 0.000291524, -121.022
2921, 48.67500, 0.300168, 149.853, 0.000291538, -121.03
2921, 48.68333, 0.300123, 149.845, 0.000291551, -121.038
2922, 48.69167, 0.300078, 149.837, 0.000291565, -121.046
2922, 48.70000, 0.300034, 149.829, 0.000291579, -121.054
2923, 48.70833, 0.29999, 149.821, 0.000291594, -121.062
2923, 48.71667, 0.299946, 149.813, 0.000291608, -121.07
2924, 48.72500, 0.299903, 149.805, 0.000291623, -121.078
2924, 48.73333, 0.299859, 149.797, 0.000291638, -121.086
2925, 48.74167, 0.299816, 149.789, 0.000291653, -121.094
2925, 48.75000, 0.299774, 149.781, 0.000291669, -121.102
2926, 48.75833, 0.299731, 149.773, 0.000291684, -121.111
2926, 48.76667, 0.299689, 149.765, 0.0002917, -121.119
2927, 48.77500, 0.299647, 149.758, 0.000291716, -121.127
2927, 48.78333, 0.299605, 149.75, 0.000291733, -121.135
2928, 48.79167, 0.299563, 149.742, 0.000291749, -121.143
2928, 48.80000, 0.299522, 149.734, 0.000291766, -121.151
2929, 48.80833, 0.299481, 149.726, 0.000291783, -121.159
2929, 48.81667, 0.29944, 149.718, 0.000291801, -121.167
2930, 48.82500, 0.2994, 149.71, 0.000291818, -121.175
2930, 48.83333, 0.299359, 149.702, 0.000291836, -121.183
2931, 48.84167, 0.299319, 149.694, 0.000291854, -121.191
2931, 48.85000, 0.29928, 149.686, 0.000291872, -121.199
2932, 48.85833, 0.29924, 149.679, 0.000291891, -121.207
2932, 48.86667, 0.299201, 149.671, 0.000291909, -121.215
2933, 48.87500, 0.299162, 149.663, 0.000291928, -121.223
2933, 48.88333, 0.299123, 149.655, 0.000291947, -121.231
2934, 48.89167, 0.299084, 149.647, 0.000291967, -121.239
2934, 48.90000, 0.299046, 149.639, 0.000291986, -121.247
2935, 48.90833, 0.299008, 149.631, 0.000292006, -121.255
2935, 48.91667, 0.29897, 149.623, 0.000292026, -121.263
2936, 48.92500, 0.298932, 149.616, 0.000292046, -121.271
2936, 48.93333, 0.298895, 149.608, 0.000292067, -121.279
2937, 48.94167, 0.298858, 149.6, 0.000292088, -121.287
2937, 48.95000, 0.298821, 149.592, 0.000292109, -121.295
2938, 48.95833, 0.298784, 149.584, 0.00029213, -121.303
2938, 48.96667, 0.298748, 149.576, 0.000292151, -121.311
2939, 48.97500, 0.298712, 149.568, 0.000292173, -121.319
2939, 48.98333, 0.298676, 149.561, 0.000292195, -121.327
2940, 48.99167, 0.29864, 149.553, 0.000292217, -121.335
2940, 49.00000, 0.298605, 149.545, 0.000292239, -121.343
2941, 49.00833, 0.29857, 149.537, 0.000292262, -121.351
2941, 49.01667, 0.298535, 149.529, 0.000292285, -121.359
2942, 49.02500, 0.2985, 149.521, 0.000292308, -121.367
2942, 49.03333, 0.298465, 149.513, 0.000292331, -121.375
2943, 49.04167, 0.298431, 149.506, 0.000292354, -121.383
2943, 49.05000, 0.298397, 149.498, 0.000292378, -121.391
2944, 49.05833, 0.298363, 149.49, 0.000292402, -121.399
2944, 49.06667, 0.29833, 149.482, 0.000292426, -121.407
2945, 49.07500, 0.298297, 149.474, 0.00029245, -121.415
2945, 49.08333, 0.298264, 149.466, 0.000292475, -121.423
2946, 49.09167, 0.298231, 149.459, 0.0002925, -121.431
2946, 49.10000, 0.298198, 149.451, 0.000292525, -121.439
2947, 49.10833, 0.298166, 149.443, 0.00029255, -121.447
2947, 49.11667, 0.298134, 149.435, 0.000292575, -121.455
2948, 49.12500, 0.298102, 149.427, 0.000292601, -121.463
2948, 49.13333, 0.29807, 149.42, 0.000292627, -121.471
2949, 49.14167, 0.298039, 149.412, 0.000292653, -121.479
2949, 49.15000, 0.298008, 149.404, 0.00029268, -121.487
2950, 49.15833, 0.297977, 149.396, 0.000292706, -121.495
2950, 49.16667, 0.297946, 149.388, 0.000292733, -121.503
2951, 49.17500, 0.297916, 149.38, 0.00029276, -121.511
2951, 49.18333, 0.297886, 149.373, 0.000292787, -121.518
2952, 49.19167, 0.297856, 149.365, 0.000292815, -121.526
2952, 49.20000, 0.297826, 149.357, 0.000292843, -121.534
2953, 49.20833, 0.297796, 149.349, 0.00029287, -121.542
2953, 49.21667, 0.297767, 149.341, 0.000292899, -121.55
2954, 49.22500, 0.297738, 149.334, 0.000292927, -121.558
2954, 49.23333, 0.297709, 149.326, 0.000292956, -121.566
2955, 49.24167, 0.297681, 149.318, 0.000292984, -121.574
2955, 49.25000, 0.297652, 149.31, 0.000293013, -121.582
2956, 49.25833, 0.297624, 149.302, 0.000293043, -121.59
2956, 49.26667, 0.297596, 149.295, 0.000293072, -121.598
2957, 49.27500, 0.297569, 149.287, 0.000293102, -121.606
2957, 49.28333, 0.297541, 149.279, 0.000293132, -121.614
2958, 49.29167, 0.297514, 149.271, 0.000293162, -121.622
2958, 49.30000, 0.297487, 149.263, 0.000293192, -121.63
2959, 49.30833, 0.29746, 149.256, 0.000293223, -121.638
2959, 49.31667, 0.297434, 149.248, 0.000293254, -121.646
2960, 49.32500, 0.297408, 149.24, 0.000293285, -121.653
2960, 49.33333, 0.297382, 149.232, 0.000293316, -121.661
2961, 49.34167, 0.297356, 149.225, 0.000293347, -121.669
2961, 49.35000, 0.29733, 149.217, 0.000293379, -121.677
2962, 49.35833, 0.297305, 149.209, 0.000293411, -121.685
2962, 49.36667, 0.29728, 149.201, 0.000293443, -121.693
2963, 49.37500, 0.297255, 149.193, 0.000293476, -121.701
2963, 49.38333, 0.29723, 149.186, 0.000293508, -121.709
2964, 49.39167, 0.297206, 149.178, 0.000293541, -121.717
2964, 49.40000, 0.297181, 149.17, 0.000293574, -121.725
2965, 49.40833, 0.297157, 149.162, 0.000293607, -121.733
2965, 49.41667, 0.297134, 149.155, 0.000293641, -121.741
2966, 49.42500, 0.29711, 149.147, 0.000293674, -121.749
2966, 49.43333, 0.297087, 149.139, 0.000293708, -121.756
2967, 49.44167, 0.297064, 149.131, 0.000293742, -121.764
2967, 49.45000, 0.297041, 149.123, 0.000293777, -121.772
2968, 49.45833, 0.297018, 149.116, 0.000293811, -121.78
2968, 49.46667, 0.296996, 149.108, 0.000293846, -121.788
2969, 49.47500, 0.296974, 149.1, 0.000293881, -121.796
2969, 49.48333, 0.296952, 149.092, 0.000293916, -121.804
2970, 49.49167, 0.29693, 149.085, 0.000293951, -121.812
2970, 49.50000, 0.296908, 149.077, 0.000293987, -121.82
2971, 49.50833, 0.296887, 149.069, 0.000294023, -121.828
2971, 49.51667, 0.296866, 149.061, 0.000294059, -121.836
2972, 49.52500, 0.296845, 149.054, 0.000294095, -121.843
2972, 49.53333, 0.296825, 149.046, 0.000294132, -121.851
2973, 49.54167, 0.296804, 149.038, 0.000294168, -121.859
2973, 49.55000, 0.296784, 149.03, 0.000294205, -121.867
2974, 49.55833, 0.296764, 149.023, 0.000294243, -121.875
2974, 49.56667, 0.296744, 149.015, 0.00029428, -121.883
2975, 49.57500, 0.296725, 149.007, 0.000294318, -121.891
2975, 49.58333, 0.296705, 148.999, 0.000294355, -121.899
2976, 49.59167, 0.296686, 148.992, 0.000294393, -121.907
2976, 49.60000, 0.296668, 148.984, 0.000294432, -121.915
2977, 49.60833, 0.296649, 148.976, 0.00029447, -121.923
2977, 49.61667, 0.296631, 148.968, 0.000294509, -121.93
2978, 49.62500, 0.296612, 148.96, 0.000294548, -121.938
2978, 49.63333, 0.296594, 148.953, 0.000294587, -121.946
2979, 49.64167, 0.296577, 148.945, 0.000294626, -121.954
2979, 49.65000, 0.296559, 148.937, 0.000294666, -121.962
2980, 49.65833, 0.296542, 148.929, 0.000294705, -121.97
2980, 49.66667, 0.296525, 148.922, 0.000294745, -121.978
2981, 49.67500, 0.296508, 148.914, 0.000294785, -121.986
2981, 49.68333, 0.296491, 148.906, 0.000294826, -121.994
2982, 49.69167, 0.296475, 148.898, 0.000294866, -122.002
2982, 49.70000, 0.296459, 148.891, 0.000294907, -122.009
2983, 49.70833, 0.296443, 148.883, 0.000294948, -122.017
2983, 49.71667, 0.296427, 148.875, 0.00029499, -122.025
2984, 49.72500, 0.296411, 148.867, 0.000295031, -122.033
2984, 49.73333, 0.296396, 148.86, 0.000295073, -122.041
2985, 49.74167, 0.296381, 148.852, 0.000295115, -122.049
2985, 49.75000, 0.296366, 148.844, 0.000295157, -122.057
2986, 49.75833, 0.296351, 148.837, 0.000295199, -122.065
2986, 49.76667, 0.296337, 148.829, 0.000295242, -122.073
2987, 49.77500, 0.296323, 148.821, 0.000295284, -122.08
2987, 49.78333, 0.296308, 148.813, 0.000295327, -122.088
2988, 49.79167, 0.296295, 148.806, 0.000295371, -122.096
2988, 49.80000, 0.296281, 148.798, 0.000295414, -122.104
2989, 49.80833, 0.296268, 148.79, 0.000295458, -122.112
2989, 49.81667, 0.296255, 148.782, 0.000295502, -122.12
2990, 49.82500, 0.296242, 148.775, 0.000295546, -122.128
2990, 49.83333, 0.296229, 148.767, 0.00029559, -122.136
2991, 49.84167, 0.296216, 148.759, 0.000295634, -122.144
2991, 49.85000, 0.296204, 148.751, 0.000295679, -122.151
2992, 49.85833, 0.296192, 148.744, 0.000295724, -122.159
2992, 49.86667, 0.29618, 148.736, 0.000295769, -122.167
2993, 49.87500, 0.296168, 148.728, 0.000295814, -122.175
2993, 49.88333, 0.296157, 148.72, 0.00029586, -122.183
2994, 49.89167, 0.296146, 148.713, 0.000295906, -122.191
2994, 49.90000, 0.296135, 148.705, 0.000295952, -122.199
2995, 49.90833, 0.296124, 148.697, 0.000295998, -122.207
2995, 49.91667, 0.296113, 148.689, 0.000296044, -122.215
2996, 49.92500, 0.296103, 148.682, 0.000296091, -122.223
2996, 49.93333, 0.296093, 148.674, 0.000296138, -122.23
2997, 49.94167, 0.296083, 148.666, 0.000296185, -122.238
2997, 49.95000, 0.296073, 148.658, 0.000296232, -122.246
2998, 49.95833, 0.296064, 148.651, 0.00029628, -122.254
2998, 49.96667, 0.296054, 148.643, 0.000296327, -122.262
2999, 49.97500, 0.296045, 148.635, 0.000296375, -122.27
2999, 49.98333, 0.296036, 148.627, 0.000296423, -122.278
3000, 49.99167, 0.296028, 148.62, 0.000296472, -122.286
3000, 50.00000, 0.296019, 148.612, 0.00029652, -122.294
3001, 50.00833, 0.296011, 148.604, 0.000296569, -122.301
3001, 50.01667, 0.296003, 148.596, 0.000296618, -122.309
3002, 50.02500, 0.295995, 148.589, 0.000296667, -122.317
3002, 50.03333, 0.295987, 148.581, 0.000296716, -122.325
3003, 50.04167, 0.29598, 148.573, 0.000296766, -122.333
3003, 50.05000, 0.295973, 148.565, 0.000296816, -122.341
3004, 50.05833, 0.295966, 148.558, 0.000296866, -122.349
3004, 50.06667, 0.295959, 148.55, 0.000296916, -122.357
3005, 50.07500, 0.295952, 148.542, 0.000296967, -122.365
3005, 50.08333, 0.295946, 148.535, 0.000297017, -122.373
3006, 50.09167, 0.29594, 148.527, 0.000297068, -122.38
3006, 50.10000, 0.295934, 148.519, 0.000297119, -122.388
3007, 50.10833, 0.295928, 148.511, 0.000297171, -122.396
3007, 50.11667, 0.295923, 148.504, 0.000297222, -122.404
3008, 50.12500, 0.295917, 148.496, 0.000297274, -122.412
3008, 50.13333, 0.295912, 148.488, 0.000297326, -122.42
3009, 50.14167, 0.295907, 148.48, 0.000297378, -122.428
3009, 50.15000, 0.295903, 148.473, 0.00029743, -122.436
3010, 50.15833, 0.295898, 148.465, 0.000297483, -122.444
3010, 50.16667, 0.295894, 148.457, 0.000297536, -122.451
3011, 50.17500, 0.29589, 148.449, 0.000297589, -122.459
3011, 50.18333, 0.295886, 148.442, 0.000297642, -122.467
3012, 50.19167, 0.295883, 148.434, 0.000297696, -122.475
3012, 50.20000, 0.295879, 148.426, 0.000297749, -122.483
3013, 50.20833, 0.295876, 148.418, 0.000297803, -122.491
3013, 50.21667, 0.295873, 148.411, 0.000297857, -122.499
3014, 50.22500, 0.29587, 148.403, 0.000297911, -122.507
3014, 50.23333, 0.295868, 148.395, 0.000297966, -122.515
3015, 50.24167, 0.295865, 148.387, 0.000298021, -122.523
3015, 50.25000, 0.295863, 148.379, 0.000298076, -122.531
3016, 50.25833, 0.295861, 148.372, 0.000298131, -122.538
3016, 50.26667, 0.295859, 148.364, 0.000298186, -122.546
3017, 50.27500, 0.295858, 148.356, 0.000298242, -122.554
3017, 50.28333, 0.295856, 148.348, 0.000298297, -122.562
3018, 50.29167, 0.295855, 148.341, 0.000298353, -122.57
3018, 50.30000, 0.295854, 148.333, 0.00029841, -122.578
3019, 50.30833, 0.295853, 148.325, 0.000298466, -122.586
3019, 50.31667, 0.295853, 148.317, 0.000298523, -122.594
3020, 50.32500, 0.295853, 148.31, 0.00029858, -122.602
3020, 50.33333, 0.295853, 148.302, 0.000298637, -122.61
3021, 50.34167, 0.295853, 148.294, 0.000298694, -122.618
3021, 50.35000, 0.295853, 148.286, 0.000298751, -122.626
3022, 50.35833, 0.295853, 148.279, 0.000298809, -122.633
3022, 50.36667, 0.295854, 148.271, 0.000298867, -122.641
3023, 50.37500, 0.295855, 148.263, 0.000298925, -122.649
3023, 50.38333, 0.295856, 148.255, 0.000298983, -122.657
3024, 50.39167, 0.295857, 148.248, 0.000299042, -122.665
3024, 50.40000, 0.295859, 148.24, 0.000299101, -122.673
3025, 50.40833, 0.295861, 148.232, 0.00029916, -122.681
3025, 50.41667, 0.295863, 148.224, 0.000299219, -122.689
3026, 50.42500, 0.295865, 148.216, 0.000299278, -122.697
3026, 50.43333, 0.295867, 148.209, 0.000299338, -122.705
3027, 50.44167, 0.29587, 148.201, 0.000299398, -122.713
3027, 50.45000, 0.295872, 148.193, 0.000299458, -122.721
3028, 50.45833, 0.295875, 148.185, 0.000299518, -122.729
3028, 50.46667, 0.295879, 148.178, 0.000299578, -122.736
3029, 50.47500, 0.295882, 148.17, 0.000299639, -122.744
3029, 50.48333, 0.295885, 148.162, 0.0002997, -122.752
3030, 50.49167, 0.295889, 148.154, 0.000299761, -122.76
3030, 50.50000, 0.295893, 148.146, 0.000299822, -122.768
3031, 50.50833, 0.295897, 148.139, 0.000299884, -122.776
3031, 50.51667, 0.295902, 148.131, 0.000299945, -122.784
3032, 50.52500, 0.295906, 148.123, 0.000300007, -122.792
3032, 50.53333, 0.295911, 148.115, 0.000300069, -122.8
3033, 50.54167, 0.295916, 148.107, 0.000300132, -122.808
3033, 50.55000, 0.295921, 148.1, 0.000300194, -122.816
3034, 50.55833, 0.295927, 148.092, 0.000300257, -122.824
3034, 50.56667, 0.295932, 148.084, 0.00030032, -122.832
3035, 50.57500, 0.295938, 148.076, 0.000300383, -122.84
3035, 50.58333, 0.295944, 148.069, 0.000300447, -122.848
3036, 50.59167, 0.29595, 148.061, 0.00030051, -122.856
3036, 50.60000, 0.295957, 148.053, 0.000300574, -122.864
3037, 50.60833, 0.295963, 148.045, 0.000300638, -122.872
3037, 50.61667, 0.29597, 148.037, 0.000300702, -122.879
3038, 50.62500, 0.295977, 148.03, 0.000300767, -122.887
3038, 50.63333, 0.295984, 148.022, 0.000300832, -122.895
3039, 50.64167, 0.295992, 148.014, 0.000300897, -122.903
3039, 50.65000, 0.295999, 148.006, 0.000300962, -122.911
3040, 50.65833, 0.296007, 147.998, 0.000301027, -122.919
3040, 50.66667, 0.296015, 147.99, 0.000301093, -122.927
3041, 50.67500, 0.296023, 147.983, 0.000301158, -122.935
3041, 50.68333, 0.296032, 147.975, 0.000301224, -122.943
3042, 50.69167, 0.29604, 147.967, 0.00030129, -122.951
3042, 50.70000, 0.296049, 147.959, 0.000301357, -122.959
3043, 50.70833, 0.296058, 147.951, 0.000301423, -122.967
3043, 50.71667, 0.296068, 147.944, 0.00030149, -122.975
3044, 50.72500, 0.296077, 147.936, 0.000301557, -122.983
3044, 50.73333, 0.296087, 147.928, 0.000301624, -122.991
3045, 50.74167, 0.296096, 147.92, 0.000301692, -122.999
3045, 50.75000, 0.296106, 147.912, 0.00030176, -123.007
3046, 50.75833, 0.296117, 147.904, 0.000301827, -123.015
3046, 50.76667, 0.296127, 147.897, 0.000301895, -123.023
3047, 50.77500, 0.296138, 147.889, 0.000301964, -123.031
3047, 50.78333, 0.296149, 147.881, 0.000302032, -123.039
3048, 50.79167, 0.29616, 147.873, 0.000302101, -123.047
3048, 50.80000, 0.296171, 147.865, 0.00030217, -123.055
3049, 50.80833, 0.296182, 147.857, 0.000302239, -123.063
3049, 50.81667, 0.296194, 147.85, 0.000302308, -123.071
3050, 50.82500, 0.296206, 147.842, 0.000302378, -123.079
3050, 50.83333, 0.296218, 147.834, 0.000302448, -123.087
3051, 50.84167, 0.29623, 147.826, 0.000302518, -123.095
3051, 50.85000, 0.296242, 147.818, 0.000302588, -123.103
3052, 50.85833, 0.296255, 147.81, 0.000302658, -123.111
3052, 50.86667, 0.296268, 147.803, 0.000302729, -123.119
3053, 50.87500, 0.296281, 147.795, 0.0003028, -123.127
3053, 50.88333, 0.296294, 147.787, 0.000302871, -123.135
3054, 50.89167, 0.296307, 147.779, 0.000302942, -123.143
3054, 50.90000, 0.296321, 147.771, 0.000303014, -123.151
3055, 50.90833, 0.296335, 147.763, 0.000303085, -123.159
3055, 50.91667, 0.296349, 147.755, 0.000303157, -123.167
3056, 50.92500, 0.296363, 147.748, 0.00030323, -123.175
3056, 50.93333, 0.296377, 147.74, 0.000303302, -123.183
3057, 50.94167, 0.296392, 147.732, 0.000303374, -123.191
3057, 50.95000, 0.296407, 147.724, 0.000303447, -123.199
3058, 50.95833, 0.296422, 147.716, 0.00030352, -123.207
3058, 50.96667, 0.296437, 147.708, 0.000303593, -123.215
3059, 50.97500, 0.296452, 147.7, 0.000303667, -123.223
3059, 50.98333, 0.296468, 147.693, 0.00030374, -123.231
3060, 50.99167, 0.296484, 147.685, 0.000303814, -123.239
3060, 51.00000, 0.2965, 147.677, 0.000303888, -123.247
3061, 51.00833, 0.296516, 147.669, 0.000303963, -123.255
3061, 51.01667, 0.296532, 147.661, 0.000304037, -123.263
3062, 51.02500, 0.296549, 147.653, 0.000304112, -123.271
3062, 51.03333, 0.296566, 147.645, 0.000304187, -123.279
3063, 51.04167, 0.296583, 147.637, 0.000304262, -123.287
3063, 51.05000, 0.2966, 147.629, 0.000304337, -123.296
3064, 51.05833, 0.296617, 147.622, 0.000304413, -123.304
3064, 51.06667, 0.296635, 147.614, 0.000304488, -123.312
3065, 51.07500, 0.296653, 147.606, 0.000304564, -123.32
3065, 51.08333, 0.296671, 147.598, 0.000304641, -123.328
3066, 51.09167, 0.296689, 147.59, 0.000304717, -123.336
3066, 51.10000, 0.296707, 147.582, 0.000304794, -123.344
3067, 51.10833, 0.296726, 147.574, 0.00030487, -123.352
3067, 51.11667, 0.296745, 147.566, 0.000304947, -123.36
3068, 51.12500, 0.296764, 147.558, 0.000305025, -123.368
3068, 51.13333, 0.296783, 147.55, 0.000305102, -123.376
3069, 51.14167, 0.296802, 147.542, 0.00030518, -123.384
3069, 51.15000, 0.296822, 147.535, 0.000305258, -123.392
3070, 51.15833, 0.296841, 147.527, 0.000305336, -123.4
3070, 51.16667, 0.296861, 147.519, 0.000305414, -123.409
3071, 51.17500, 0.296881, 147.511, 0.000305493, -123.417
3071, 51.18333, 0.296902, 147.503, 0.000305572, -123.425
3072, 51.19167, 0.296922, 147.495, 0.000305651, -123.433
3072, 51.20000, 0.296943, 147.487, 0.00030573, -123.441
3073, 51.20833, 0.296964, 147.479, 0.000305809, -123.449
3073, 51.21667, 0.296985, 147.471, 0.000305889, -123.457
3074, 51.22500, 0.297006, 147.463, 0.000305969, -123.465
3074, 51.23333, 0.297028, 147.455, 0.000306049, -123.473
3075, 51.24167, 0.29705, 147.447, 0.000306129, -123.481
3075, 51.25000, 0.297072, 147.439, 0.000306209, -123.489
3076, 51.25833, 0.297094, 147.431, 0.00030629, -123.498
3076, 51.26667, 0.297116, 147.423, 0.000306371, -123.506
3077, 51.27500, 0.297138, 147.415, 0.000306452, -123.514
3077, 51.28333, 0.297161, 147.408, 0.000306534, -123.522
3078, 51.29167, 0.297184, 147.4, 0.000306615, -123.53
3078, 51.30000, 0.297207, 147.392, 0.000306697, -123.538
3079, 51.30833, 0.29723, 147.384, 0.000306779, -123.546
3079, 51.31667, 0.297254, 147.376, 0.000306861, -123.554
3080, 51.32500, 0.297278, 147.368, 0.000306944, -123.563
3080, 51.33333, 0.297301, 147.36, 0.000307026, -123.571
3081, 51.34167, 0.297326, 147.352, 0.000307109, -123.579
3081, 51.35000, 0.29735, 147.344, 0.000307192, -123.587
3082, 51.35833, 0.297374, 147.336, 0.000307276, -123.595
3082, 51.36667, 0.297399, 147.328, 0.000307359, -123.603
3083, 51.37500, 0.297424, 147.32, 0.000307443, -123.611
3083, 51.38333, 0.297449, 147.312, 0.000307527, -123.62
3084, 51.39167, 0.297474, 147.304, 0.000307611, -123.628
3084, 51.40000, 0.297499, 147.296, 0.000307695, -123.636
3085, 51.40833, 0.297525, 147.288, 0.00030778, -123.644
3085, 51.41667, 0.297551, 147.28, 0.000307865, -123.652
3086, 51.42500, 0.297577, 147.272, 0.00030795, -123.66
3086, 51.43333, 0.297603, 147.264, 0.000308035, -123.669
3087, 51.44167, 0.29763, 147.256, 0.00030812, -123.677
3087, 51.45000, 0.297656, 147.248, 0.000308206, -123.685
3088, 51.45833, 0.297683, 147.24, 0.000308292, -123.693
3088, 51.46667, 0.29771, 147.232, 0.000308378, -123.701
3089, 51.47500, 0.297737, 147.224, 0.000308465, -123.709
3089, 51.48333, 0.297765, 147.216, 0.000308551, -123.718
3090, 51.49167, 0.297792, 147.208, 0.000308638, -123.726
3090, 51.50000, 0.29782, 147.2, 0.000308725, -123.734
3091, 51.50833, 0.297848, 147.192, 0.000308812, -123.742
3091, 51.51667, 0.297876, 147.184, 0.000308899, -123.75
3092, 51.52500, 0.297905, 147.175, 0.000308987, -123.759
3092, 51.53333, 0.297933, 147.167, 0.000309075, -123.767
3093, 51.54167, 0.297962, 147.159, 0.000309163, -123.775
3093, 51.55000, 0.297991, 147.151, 0.000309251, -123.783
3094, 51.55833, 0.29802, 147.143, 0.00030934, -123.792
3094, 51.56667, 0.298049, 147.135, 0.000309429, -123.8
3095, 51.57500, 0.298079, 147.127, 0.000309518, -123.808
3095, 51.58333, 0.298109, 147.119, 0.000309607, -123.816
3096, 51.59167, 0.298139, 147.111, 0.000309696, -123.824
3096, 51.60000, 0.298169, 147.103, 0.000309786, -123.833
3097, 51.60833, 0.298199, 147.095, 0.000309876, -123.841
3097, 51.61667, 0.29823, 147.087, 0.000309966, -123.849
3098, 51.62500, 0.29826, 147.079, 0.000310056, -123.857
3098, 51.63333, 0.298291, 147.071, 0.000310147, -123.866
3099, 51.64167, 0.298322, 147.063, 0.000310237, -123.874
3099, 51.65000, 0.298354, 147.054, 0.000310328, -123.882
3100, 51.65833, 0.298385, 147.046, 0.000310419, -123.89
3100, 51.66667, 0.298417, 147.038, 0.000310511, -123.899
3101, 51.67500, 0.298449, 147.03, 0.000310602, -123.907
3101, 51.68333, 0.298481, 147.022, 0.000310694, -123.915
3102, 51.69167, 0.298513, 147.014, 0.000310786, -123.923
3102, 51.70000, 0.298546, 147.006, 0.000310878, -123.932
3103, 51.70833, 0.298578, 146.998, 0.000310971, -123.94
3103, 51.71667, 0.298611, 146.99, 0.000311064, -123.948
3104, 51.72500, 0.298644, 146.982, 0.000311157, -123.957
3104, 51.73333, 0.298677, 146.973, 0.00031125, -123.965
3105, 51.74167, 0.298711, 146.965, 0.000311343, -123.973
3105, 51.75000, 0.298744, 146.957, 0.000311437, -123.981
3106, 51.75833, 0.298778, 146.949, 0.00031153, -123.99
3106, 51.76667, 0.298812, 146.941, 0.000311624, -123.998
3107, 51.77500, 0.298847, 146.933, 0.000311719, -124.006
3107, 51.78333, 0.298881, 146.925, 0.000311813, -124.015
3108, 51.79167, 0.298916, 146.916, 0.000311908, -124.023
3108, 51.80000, 0.29895, 146.908, 0.000312003, -124.031
3109, 51.80833, 0.298985, 146.9, 0.000312098, -124.04
3109, 51.81667, 0.299021, 146.892, 0.000312193, -124.048
3110, 51.82500, 0.299056, 146.884, 0.000312289, -124.056
3110, 51.83333, 0.299092, 146.876, 0.000312385, -124.065
3111, 51.84167, 0.299127, 146.867, 0.000312481, -124.073
3111, 51.85000, 0.299163, 146.859, 0.000312577, -124.081
3112, 51.85833, 0.2992, 146.851, 0.000312673, -124.09
3112, 51.86667, 0.299236, 146.843, 0.00031277, -124.098
3113, 51.87500, 0.299273, 146.835, 0.000312867, -124.106
3113, 51.88333, 0.299309, 146.827, 0.000312964, -124.115
3114, 51.89167, 0.299346, 146.818, 0.000313062, -124.123
3114, 51.90000, 0.299383, 146.81, 0.000313159, -124.131
3115, 51.90833, 0.299421, 146.802, 0.000313257, -124.14
3115, 51.91667, 0.299458, 146.794, 0.000313355, -124.148
3116, 51.92500, 0.299496, 146.786, 0.000313453, -124.156
3116, 51.93333, 0.299534, 146.777, 0.000313552, -124.165
3117, 51.94167, 0.299572, 146.769, 0.000313651, -124.173
3117, 51.95000, 0.29961, 146.761, 0.00031375, -124.182
3118, 51.95833, 0.299649, 146.753, 0.000313849, -124.19
3118, 51.96667, 0.299688, 146.745, 0.000313948, -124.198
3119, 51.97500, 0.299727, 146.736, 0.000314048, -124.207
3119, 51.98333, 0.299766, 146.728, 0.000314148, -124.215
3120, 51.99167, 0.299805, 146.72, 0.000314248, -124.224
3120, 52.00000, 0.299845, 146.712, 0.000314348, -124.232
3121, 52.00833, 0.299884, 146.703, 0.000314448, -124.24
3121, 52.01667, 0.299924, 146.695, 0.000314549, -124.249
3122, 52.02500, 0.299964, 146.687, 0.00031465, -124.257
3122, 52.03333, 0.300005, 146.679, 0.000314751, -124.266
3123, 52.04167, 0.300045, 146.67, 0.000314853, -124.274
3123, 52.05000, 0.300086, 146.662, 0.000314954, -124.283
3124, 52.05833, 0.300127, 146.654, 0.000315056, -124.291
3124, 52.06667, 0.300168, 146.646, 0.000315158, -124.299
3125, 52.07500, 0.300209, 146.637, 0.000315261, -124.308
3125, 52.08333, 0.30025, 146.629, 0.000315363, -124.316
3126, 52.09167, 0.300292, 146.621, 0.000315466, -124.325
3126, 52.10000, 0.300334, 146.612, 0.000315569, -124.333
3127, 52.10833, 0.300376, 146.604, 0.000315672, -124.342
3127, 52.11667, 0.300418, 146.596, 0.000315776, -124.35
3128, 52.12500, 0.300461, 146.587, 0.000315879, -124.359
3128, 52.13333, 0.300503, 146.579, 0.000315983, -124.367
3129, 52.14167, 0.300546, 146.571, 0.000316087, -124.376
3129, 52.15000, 0.300589, 146.563, 0.000316192, -124.384
3130, 52.15833, 0.300632, 146.554, 0.000316296, -124.393
3130, 52.16667, 0.300676, 146.546, 0.000316401, -124.401
3131, 52.17500, 0.300719, 146.538, 0.000316506, -124.41
3131, 52.18333, 0.300763, 146.529, 0.000316611, -124.418
3132, 52.19167, 0.300807, 146.521, 0.000316717, -124.427
3132, 52.20000, 0.300851, 146.513, 0.000316823, -124.435
3133, 52.20833, 0.300896, 146.504, 0.000316929, -124.444
3133, 52.21667, 0.30094, 146.496, 0.000317035, -124.452
3134, 52.22500, 0.300985, 146.488, 0.000317141, -124.461
3134, 52.23333, 0.30103, 146.479, 0.000317248, -124.469
3135, 52.24167, 0.301075, 146.471, 0.000317355, -124.478
3135, 52.25000, 0.301121, 146.462, 0.000317462, -124.486
3136, 52.25833, 0.301166, 146.454, 0.000317569, -124.495
3136, 52.26667, 0.301212, 146.446, 0.000317677, -124.503
3137, 52.27500, 0.301258, 146.437, 0.000317785, -124.512
3137, 52.28333, 0.301304, 146.429, 0.000317893, -124.52
3138, 52.29167, 0.301351, 146.421, 0.000318001, -124.529
3138, 52.30000, 0.301397, 146.412, 0.00031811, -124.537
3139, 52.30833, 0.301444, 146.404, 0.000318218, -124.546
3139, 52.31667, 0.301491, 146.395, 0.000318327, -124.555
3140, 52.32500, 0.301538, 146.387, 0.000318436, -124.563
3140, 52.33333, 0.301585, 146.379, 0.000318546, -124.572
3141, 52.34167, 0.301633, 146.37, 0.000318655, -124.58
3141, 52.35000, 0.301681, 146.362, 0.000318765, -124.589
3142, 52.35833, 0.301729, 146.353, 0.000318875, -124.598
3142, 52.36667, 0.301777, 146.345, 0.000318986, -124.606
3143, 52.37500, 0.301825, 146.336, 0.000319096, -124.615
3143, 52.38333, 0.301874, 146.328, 0.000319207, -124.623
3144, 52.39167, 0.301922, 146.32, 0.000319318, -124.632
3144, 52.40000, 0.301971, 146.311, 0.00031943, -124.641
3145, 52.40833, 0.30202, 146.303, 0.000319541, -124.649
3145, 52.41667, 0.30207, 146.294, 0.000319653, -124.658
3146, 52.42500, 0.302119, 146.286, 0.000319765, -124.666
3146, 52.43333, 0.302169, 146.277, 0.000319877, -124.675
3147, 52.44167, 0.302219, 146.269, 0.000319989, -124.684
3147, 52.45000, 0.302269, 146.26, 0.000320102, -124.692
3148, 52.45833, 0.302319, 146.252, 0.000320215, -124.701
3148, 52.46667, 0.30237, 146.243, 0.000320328, -124.71
3149, 52.47500, 0.302421, 146.235, 0.000320442, -124.718
3149, 52.48333, 0.302471, 146.226, 0.000320555, -124.727
3150, 52.49167, 0.302523, 146.218, 0.000320669, -124.736
3150, 52.50000, 0.302574, 146.209, 0.000320783, -124.744
3151, 52.50833, 0.302625, 146.201, 0.000320897, -124.753
3151, 52.51667, 0.302677, 146.192, 0.000321012, -124.762
3152, 52.52500, 0.302729, 146.184, 0.000321127, -124.77
3152, 52.53333, 0.302781, 146.175, 0.000321242, -124.779
3153, 52.54167, 0.302833, 146.167, 0.000321357, -124.788
3153, 52.55000, 0.302886, 146.158, 0.000321473, -124.797
3154, 52.55833, 0.302939, 146.15, 0.000321588, -124.805
3154, 52.56667, 0.302991, 146.141, 0.000321704, -124.814
3155, 52.57500, 0.303044, 146.133, 0.000321821, -124.823
3155, 52.58333, 0.303098, 146.124, 0.000321937, -124.831
3156, 52.59167, 0.303151, 146.115, 0.000322054, -124.84
3156, 52.60000, 0.303205, 146.107, 0.000322171, -124.849
3157, 52.60833, 0.303259, 146.098, 0.000322288, -124.858
3157, 52.61667, 0.303313, 146.09, 0.000322405, -124.866
3158, 52.62500, 0.303367, 146.081, 0.000322523, -124.875
3158, 52.63333, 0.303422, 146.072, 0.000322641, -124.884
3159, 52.64167, 0.303476, 146.064, 0.000322759, -124.893
3159, 52.65000, 0.303531, 146.055, 0.000322877, -124.901
3160, 52.65833, 0.303586, 146.047, 0.000322996, -124.91
3160, 52.66667, 0.303642, 146.038, 0.000323115, -124.919
3161, 52.67500, 0.303697, 146.029, 0.000323234, -124.928
3161, 52.68333, 0.303753, 146.021, 0.000323353, -124.937
3162, 52.69167, 0.303809, 146.012, 0.000323473, -124.945
3162, 52.70000, 0.303865, 146.004, 0.000323592, -124.954
3163, 52.70833, 0.303921, 145.995, 0.000323712, -124.963
3163, 52.71667, 0.303977, 145.986, 0.000323833, -124.972
3164, 52.72500, 0.304034, 145.978, 0.000323953, -124.981
3164, 52.73333, 0.304091, 145.969, 0.000324074, -124.989
3165, 52.74167, 0.304148, 145.96, 0.000324195, -124.998
3165, 52.75000, 0.304205, 145.952, 0.000324316, -125.007
3166, 52.75833, 0.304263, 145.943, 0.000324438, -125.016
3166, 52.76667, 0.30432, 145.934, 0.000324559, -125.025
3167, 52.77500, 0.304378, 145.926, 0.000324681, -125.034
3167, 52.78333, 0.304436, 145.917, 0.000324803, -125.043
3168, 52.79167, 0.304495, 145.908, 0.000324926, -125.051
3168, 52.80000, 0.304553, 145.9, 0.000325049, -125.06
3169, 52.80833, 0.304612, 145.891, 0.000325172, -125.069
3169, 52.81667, 0.304671, 145.882, 0.000325295, -125.078
3170, 52.82500, 0.30473, 145.874, 0.000325418, -125.087
3170, 52.83333, 0.304789, 145.865, 0.000325542, -125.096
3171, 52.84167, 0.304848, 145.856, 0.000325666, -125.105
3171, 52.85000, 0.304908, 145.847, 0.00032579, -125.114
3172, 52.85833, 0.304968, 145.839, 0.000325914, -125.123
3172, 52.86667, 0.305028, 145.83, 0.000326039, -125.131
3173, 52.87500, 0.305088, 145.821, 0.000326164, -125.14
3173, 52.88333, 0.305149, 145.812, 0.000326289, -125.149
3174, 52.89167, 0.30521, 145.804, 0.000326414, -125.158
3174, 52.90000, 0.30527, 145.795, 0.00032654, -125.167
3175, 52.90833, 0.305332, 145.786, 0.000326666, -125.176
3175, 52.91667, 0.305393, 145.777, 0.000326792, -125.185
3176, 52.92500, 0.305454, 145.769, 0.000326918, -125.194
3176, 52.93333, 0.305516, 145.76, 0.000327045, -125.203
3177, 52.94167, 0.305578, 145.751, 0.000327171, -125.212
3177, 52.95000, 0.30564, 145.742, 0.000327299, -125.221
3178, 52.95833, 0.305702, 145.733, 0.000327426, -125.23
3178, 52.96667, 0.305765, 145.725, 0.000327553, -125.239
3179, 52.97500, 0.305828, 145.716, 0.000327681, -125.248
3179, 52.98333, 0.30589, 145.707, 0.000327809, -125.257
3180, 52.99167, 0.305954, 145.698, 0.000327938, -125.266
3180, 53.00000, 0.306017, 145.689, 0.000328066, -125.275
3181, 53.00833, 0.30608, 145.68, 0.000328195, -125.284
3181, 53.01667, 0.306144, 145.672, 0.000328324, -125.293
3182, 53.02500, 0.306208, 145.663, 0.000328453, -125.302
3182, 53.03333, 0.306272, 145.654, 0.000328583, -125.311
3183, 53.04167, 0.306337, 145.645, 0.000328713, -125.32
3183, 53.05000, 0.306401, 145.636, 0.000328843, -125.329
3184, 53.05833, 0.306466, 145.627, 0.000328973, -125.338
3184, 53.06667, 0.306531, 145.618, 0.000329104, -125.347
3185, 53.07500, 0.306596, 145.609, 0.000329234, -125.356
3185, 53.08333, 0.306661, 145.601, 0.000329366, -125.365
3186, 53.09167, 0.306727, 145.592, 0.000329497, -125.374
3186, 53.10000, 0.306793, 145.583, 0.000329628, -125.383
3187, 53.10833, 0.306859, 145.574, 0.00032976, -125.393
3187, 53.11667, 0.306925, 145.565, 0.000329892, -125.402
3188, 53.12500, 0.306991, 145.556, 0.000330025, -125.411
3188, 53.13333, 0.307058, 145.547, 0.000330157, -125.42
3189, 53.14167, 0.307124, 145.538, 0.00033029, -125.429
3189, 53.15000, 0.307191, 145.529, 0.000330423, -125.438
3190, 53.15833, 0.307259, 145.52, 0.000330556, -125.447
3190, 53.16667, 0.307326, 145.511, 0.00033069, -125.456
3191, 53.17500, 0.307394, 145.502, 0.000330824, -125.466
3191, 53.18333, 0.307461, 145.493, 0.000330958, -125.475
3192, 53.19167, 0.307529, 145.484, 0.000331092, -125.484
3192, 53.20000, 0.307598, 145.475, 0.000331227, -125.493
3193, 53.20833, 0.307666, 145.466, 0.000331361, -125.502
3193, 53.21667, 0.307735, 145.457, 0.000331497, -125.511
3194, 53.22500, 0.307803, 145.448, 0.000331632, -125.52
3194, 53.23333, 0.307873, 145.439, 0.000331767, -125.53
3195, 53.24167, 0.307942, 145.43, 0.000331903, -125.539
3195, 53.25000, 0.308011, 145.421, 0.000332039, -125.548
3196, 53.25833, 0.308081, 145.412, 0.000332176, -125.557
3196, 53.26667, 0.308151, 145.403, 0.000332312, -125.566
3197, 53.27500, 0.308221, 145.394, 0.000332449, -125.576
3197, 53.28333, 0.308291, 145.385, 0.000332586, -125.585
3198, 53.29167, 0.308362, 145.376, 0.000332724, -125.594
3198, 53.30000, 0.308432, 145.367, 0.000332861, -125.603
3199, 53.30833, 0.308503, 145.358, 0.000332999, -125.613
3199, 53.31667, 0.308574, 145.349, 0.000333137, -125.622
3200, 53.32500, 0.308646, 145.34, 0.000333276, -125.631
3200, 53.33333, 0.308717, 145.331, 0.000333415, -125.64
3201, 53.34167, 0.308789, 145.322, 0.000333553, -125.65
3201, 53.35000, 0.308861, 145.313, 0.000333693, -125.659
3202, 53.35833, 0.308933, 145.303, 0.000333832, -125.668
3202, 53.36667, 0.309005, 145.294, 0.000333972, -125.678
3203, 53.37500, 0.309078, 145.285, 0.000334112, -125.687
3203, 53.38333, 0.30915, 145.276, 0.000334252, -125.696
3204, 53.39167, 0.309223, 145.267, 0.000334392, -125.705
3204, 53.40000, 0.309297, 145.258, 0.000334533, -125.715
3205, 53.40833, 0.30937, 145.249, 0.000334674, -125.724
3205, 53.41667, 0.309444, 145.24, 0.000334815, -125.733
3206, 53.42500, 0.309517, 145.23, 0.000334957, -125.743
3206, 53.43333, 0.309591, 145.221, 0.000335099, -125.752
3207, 53.44167, 0.309666, 145.212, 0.000335241, -125.761
3207, 53.45000, 0.30974, 145.203, 0.000335383, -125.771
3208, 53.45833, 0.309815, 145.194, 0.000335526, -125.78
3208, 53.46667, 0.30989, 145.184, 0.000335668, -125.79
3209, 53.47500, 0.309965, 145.175, 0.000335812, -125.799
3209, 53.48333, 0.31004, 145.166, 0.000335955, -125.808
3210, 53.49167, 0.310115, 145.157, 0.000336098, -125.818
3210, 53.50000, 0.310191, 145.148, 0.000336242, -125.827
3211, 53.50833, 0.310267, 145.138, 0.000336386, -125.837
3211, 53.51667, 0.310343, 145.129, 0.000336531, -125.846
3212, 53.52500, 0.310419, 145.12, 0.000336676, -125.855
3212, 53.53333, 0.310496, 145.111, 0.00033682, -125.865
3213, 53.54167, 0.310573, 145.101, 0.000336966, -125.874
3213, 53.55000, 0.31065, 145.092, 0.000337111, -125.884
3214, 53.55833, 0.310727, 145.083, 0.000337257, -125.893
3214, 53.56667, 0.310804, 145.074, 0.000337403, -125.903
3215, 53.57500, 0.310882, 145.064, 0.000337549, -125.912
3215, 53.58333, 0.31096, 145.055, 0.000337696, -125.922
3216, 53.59167, 0.311038, 145.046, 0.000337842, -125.931
3216, 53.60000, 0.311116, 145.036, 0.000337989, -125.941
3217, 53.60833, 0.311194, 145.027, 0.000338137, -125.95
3217, 53.61667, 0.311273, 145.018, 0.000338284, -125.96
3218, 53.62500, 0.311352, 145.008, 0.000338432, -125.969
3218, 53.63333, 0.311431, 144.999, 0.00033858, -125.979
3219, 53.64167, 0.31151, 144.99, 0.000338729, -125.988
3219, 53.65000, 0.31159, 144.98, 0.000338877, -125.998
3220, 53.65833, 0.311669, 144.971, 0.000339026, -126.007
3220, 53.66667, 0.311749, 144.962, 0.000339176, -126.017
3221, 53.67500, 0.311829, 144.952, 0.000339325, -126.026
3221, 53.68333, 0.31191, 144.943, 0.000339475, -126.036
3222, 53.69167, 0.31199, 144.933, 0.000339625, -126.045
3222, 53.70000, 0.312071, 144.924, 0.000339775, -126.055
3223, 53.70833, 0.312152, 144.915, 0.000339926, -126.065
3223, 53.71667, 0.312233, 144.905, 0.000340076, -126.074
3224, 53.72500, 0.312315, 144.896, 0.000340227, -126.084
3224, 53.73333, 0.312396, 144.886, 0.000340379, -126.093
3225, 53.74167, 0.312478, 144.877, 0.00034053, -126.103
3225, 53.75000, 0.31256, 144.868, 0.000340682, -126.113
3226, 53.75833, 0.312642, 144.858, 0.000340834, -126.122
3226, 53.76667, 0.312725, 144.849, 0.000340987, -126.132
3227, 53.77500, 0.312808, 144.839, 0.00034114, -126.142
3227, 53.78333, 0.312891, 144.83, 0.000341293, -126.151
3228, 53.79167, 0.312974, 144.82, 0.000341446, -126.161
3228, 53.80000, 0.313057, 144.811, 0.000341599, -126.171
3229, 53.80833, 0.313141, 144.801, 0.000341753, -126.18
3229, 53.81667, 0.313224, 144.792, 0.000341907, -126.19
3230, 53.82500, 0.313308, 144.782, 0.000342062, -126.2
3230, 53.83333, 0.313393, 144.773, 0.000342216, -126.209
3231, 53.84167, 0.313477, 144.763, 0.000342371, -126.219
3231, 53.85000, 0.313562, 144.754, 0.000342526, -126.229
3232, 53.85833, 0.313647, 144.744, 0.000342682, -126.239
3232, 53.86667, 0.313732, 144.734, 0.000342838, -126.248
3233, 53.87500, 0.313817, 144.725, 0.000342994, -126.258
3233, 53.88333, 0.313902, 144.715, 0.00034315, -126.268
3234, 53.89167, 0.313988, 144.706, 0.000343307, -126.278
3234, 53.90000, 0.314074, 144.696, 0.000343463, -126.287
3235, 53.90833, 0.31416, 144.687, 0.00034362, -126.297
3235, 53.91667, 0.314247, 144.677, 0.000343778, -126.307
3236, 53.92500, 0.314333, 144.667, 0.000343936, -126.317
3236, 53.93333, 0.31442, 144.658, 0.000344094, -126.326
3237, 53.94167, 0.314507, 144.648, 0.000344252, -126.336
3237, 53.95000, 0.314594, 144.638, 0.00034441, -126.346
3238, 53.95833, 0.314682, 144.629, 0.000344569, -126.356
3238, 53.96667, 0.31477, 144.619, 0.000344728, -126.366
3239, 53.97500, 0.314857, 144.61, 0.000344888, -126.376
3239, 53.98333, 0.314946, 144.6, 0.000345047, -126.385
3240, 53.99167, 0.315034, 144.59, 0.000345207, -126.395
3240, 54.00000, 0.315122, 144.581, 0.000345367, -126.405
3241, 54.00833, 0.315211, 144.571, 0.000345528, -126.415
3241, 54.01667, 0.3153, 144.561, 0.000345689, -126.425
3242, 54.02500, 0.315389, 144.551, 0.00034585, -126.435
3242, 54.03333, 0.315479, 144.542, 0.000346011, -126.445
3243, 54.04167, 0.315569, 144.532, 0.000346173, -126.455
3243, 54.05000, 0.315659, 144.522, 0.000346334, -126.465
3244, 54.05833, 0.315749, 144.512, 0.000346497, -126.475
3244, 54.06667, 0.315839, 144.503, 0.000346659, -126.484
3245, 54.07500, 0.31593, 144.493, 0.000346822, -126.494
3245, 54.08333, 0.31602, 144.483, 0.000346985, -126.504
3246, 54.09167, 0.316111, 144.473, 0.000347148, -126.514
3246, 54.10000, 0.316202, 144.464, 0.000347312, -126.524
3247, 54.10833, 0.316294, 144.454, 0.000347476, -126.534
3247, 54.11667, 0.316386, 144.444, 0.00034764, -126.544
3248, 54.12500, 0.316477, 144.434, 0.000347804, -126.554
3248, 54.13333, 0.31657, 144.424, 0.000347969, -126.564
3249, 54.14167, 0.316662, 144.415, 0.000348134, -126.574
3249, 54.15000, 0.316754, 144.405, 0.000348299, -126.584
3250, 54.15833, 0.316847, 144.395, 0.000348465, -126.594
3250, 54.16667, 0.31694, 144.385, 0.000348631, -126.604
3251, 54.17500, 0.317033, 144.375, 0.000348797, -126.614
3251, 54.18333, 0.317127, 144.365, 0.000348964, -126.624
3252, 54.19167, 0.317221, 144.355, 0.00034913, -126.634
3252, 54.20000, 0.317314, 144.346, 0.000349297, -126.645
3253, 54.20833, 0.317409, 144.336, 0.000349465, -126.655
3253, 54.21667, 0.317503, 144.326, 0.000349632, -126.665
3254, 54.22500, 0.317597, 144.316, 0.0003498, -126.675
3254, 54.23333, 0.317692, 144.306, 0.000349969, -126.685
3255, 54.24167, 0.317787, 144.296, 0.000350137, -126.695
3255, 54.25000, 0.317883, 144.286, 0.000350306, -126.705
3256, 54.25833, 0.317978, 144.276, 0.000350475, -126.715
3256, 54.26667, 0.318074, 144.266, 0.000350644, -126.725
3257, 54.27500, 0.31817, 144.256, 0.000350814, -126.736
3257, 54.28333, 0.318266, 144.246, 0.000350984, -126.746
3258, 54.29167, 0.318362, 144.236, 0.000351154, -126.756
3258, 54.30000, 0.318459, 144.226, 0.000351325, -126.766
3259, 54.30833, 0.318556, 144.216, 0.000351496, -126.776
3259, 54.31667, 0.318653, 144.206, 0.000351667, -126.787
3260, 54.32500, 0.31875, 144.196, 0.000351838, -126.797
3260, 54.33333, 0.318847, 144.186, 0.00035201, -126.807
3261, 54.34167, 0.318945, 144.176, 0.000352182, -126.817
3261, 54.35000, 0.319043, 144.166, 0.000352355, -126.827
3262, 54.35833, 0.319141, 144.156, 0.000352527, -126.838
3262, 54.36667, 0.31924, 144.146, 0.0003527, -126.848
3263, 54.37500, 0.319338, 144.136, 0.000352873, -126.858
3263, 54.38333, 0.319437, 144.126, 0.000353047, -126.868
3264, 54.39167, 0.319536, 144.116, 0.000353221, -126.879
3264, 54.40000, 0.319636, 144.106, 0.000353395, -126.889
3265, 54.40833, 0.319735, 144.095, 0.000353569, -126.899
3265, 54.41667, 0.319835, 144.085, 0.000353744, -126.91
3266, 54.42500, 0.319935, 144.075, 0.000353919, -126.92
3266, 54.43333, 0.320035, 144.065, 0.000354094, -126.93
3267, 54.44167, 0.320136, 144.055, 0.00035427, -126.941
3267, 54.45000, 0.320236, 144.045, 0.000354446, -126.951
3268, 54.45833, 0.320337, 144.035, 0.000354622, -126.961
3268, 54.46667, 0.320439, 144.024, 0.000354799, -126.972
3269, 54.47500, 0.32054, 144.014, 0.000354976, -126.982
3269, 54.48333, 0.320642, 144.004, 0.000355153, -126.992
3270, 54.49167, 0.320743, 143.994, 0.00035533, -127.003
3270, 54.50000, 0.320846, 143.984, 0.000355508, -127.013
3271, 54.50833, 0.320948, 143.973, 0.000355686, -127.024
3271, 54.51667, 0.32105, 143.963, 0.000355864, -127.034
3272, 54.52500, 0.321153, 143.953, 0.000356043, -127.045
3272, 54.53333, 0.321256, 143.943, 0.000356222, -127.055
3273, 54.54167, 0.321359, 143.932, 0.000356401, -127.065
3273, 54.55000, 0.321463, 143.922, 0.000356581, -127.076
3274, 54.55833, 0.321567, 143.912, 0.000356761, -127.086
3274, 54.56667, 0.321671, 143.902, 0.000356941, -127.097
3275, 54.57500, 0.321775, 143.891, 0.000357121, -127.107
3275, 54.58333, 0.321879, 143.881, 0.000357302, -127.118
3276, 54.59167, 0.321984, 143.871, 0.000357483, -127.128
3276, 54.60000, 0.322089, 143.86, 0.000357665, -127.139
3277, 54.60833, 0.322194, 143.85, 0.000357846, -127.149
3277, 54.61667, 0.322299, 143.84, 0.000358028, -127.16
3278, 54.62500, 0.322405, 143.829, 0.000358211, -127.17
3278, 54.63333, 0.322511, 143.819, 0.000358393, -127.181
3279, 54.64167, 0.322617, 143.808, 0.000358576, -127.192
3279, 54.65000, 0.322723, 143.798, 0.00035876, -127.202
3280, 54.65833, 0.32283, 143.788, 0.000358943, -127.213
3280, 54.66667, 0.322936, 143.777, 0.000359127, -127.223
3281, 54.67500, 0.323043, 143.767, 0.000359311, -127.234
3281, 54.68333, 0.323151, 143.756, 0.000359496, -127.245
3282, 54.69167, 0.323258, 143.746, 0.000359681, -127.255
3282, 54.70000, 0.323366, 143.736, 0.000359866, -127.266
3283, 54.70833, 0.323474, 143.725, 0.000360051, -127.277
3283, 54.71667, 0.323582, 143.715, 0.000360237, -127.287
3284, 54.72500, 0.323691, 143.704, 0.000360423, -127.298
3284, 54.73333, 0.323799, 143.694, 0.000360609, -127.309
3285, 54.74167, 0.323908, 143.683, 0.000360796, -127.319
3285, 54.75000, 0.324017, 143.673, 0.000360983, -127.33
3286, 54.75833, 0.324127, 143.662, 0.000361171, -127.341
3286, 54.76667, 0.324236, 143.652, 0.000361358, -127.351
3287, 54.77500, 0.324346, 143.641, 0.000361546, -127.362
3287, 54.78333, 0.324456, 143.63, 0.000361734, -127.373
3288, 54.79167, 0.324567, 143.62, 0.000361923, -127.384
3288, 54.80000, 0.324677, 143.609, 0.000362112, -127.394
3289, 54.80833, 0.324788, 143.599, 0.000362301, -127.405
3289, 54.81667, 0.324899, 143.588, 0.000362491, -127.416
3290, 54.82500, 0.32501, 143.578, 0.000362681, -127.427
3290, 54.83333, 0.325122, 143.567, 0.000362871, -127.438
3291, 54.84167, 0.325234, 143.556, 0.000363061, -127.448
3291, 54.85000, 0.325346, 143.546, 0.000363252, -127.459
3292, 54.85833, 0.325458, 143.535, 0.000363443, -127.47
3292, 54.86667, 0.325571, 143.524, 0.000363635, -127.481
3293, 54.87500, 0.325683, 143.514, 0.000363827, -127.492
3293, 54.88333, 0.325796, 143.503, 0.000364019, -127.503
3294, 54.89167, 0.32591, 143.492, 0.000364211, -127.514
3294, 54.90000, 0.326023, 143.482, 0.000364404, -127.524
3295, 54.90833, 0.326137, 143.471, 0.000364597, -127.535
3295, 54.91667, 0.326251, 143.46, 0.000364791, -127.546
3296, 54.92500, 0.326365, 143.449, 0.000364985, -127.557
3296, 54.93333, 0.326479, 143.439, 0.000365179, -127.568
3297, 54.94167, 0.326594, 143.428, 0.000365373, -127.579
3297, 54.95000, 0.326709, 143.417, 0.000365568, -127.59
3298, 54.95833, 0.326824, 143.406, 0.000365763, -127.601
3298, 54.96667, 0.32694, 143.396, 0.000365958, -127.612
3299, 54.97500, 0.327055, 143.385, 0.000366154, -127.623
3299, 54.98333, 0.327171, 143.374, 0.00036635, -127.634
3300, 54.99167, 0.327288, 143.363, 0.000366546, -127.645
3300, 55.00000, 0.327404, 143.352, 0.000366743, -127.656
3301, 55.00833, 0.327521, 143.342, 0.00036694, -127.667
3301, 55.01667, 0.327638, 143.331, 0.000367137, -127.678
3302, 55.02500, 0.327755, 143.32, 0.000367335, -127.689
3302, 55.03333, 0.327872, 143.309, 0.000367533, -127.7
3303, 55.04167, 0.32799, 143.298, 0.000367732, -127.711
3303, 55.05000, 0.328108, 143.287, 0.00036793, -127.722
3304, 55.05833, 0.328226, 143.276, 0.000368129, -127.733
3304, 55.06667, 0.328344, 143.265, 0.000368329, -127.745
3305, 55.07500, 0.328463, 143.254, 0.000368528, -127.756
3305, 55.08333, 0.328582, 143.243, 0.000368728, -127.767
3306, 55.09167, 0.328701, 143.233, 0.000368929, -127.778
3306, 55.10000, 0.32882, 143.222, 0.000369129, -127.789
3307, 55.10833, 0.32894, 143.211, 0.00036933, -127.8
3307, 55.11667, 0.32906, 143.2, 0.000369532, -127.811
3308, 55.12500, 0.32918, 143.189, 0.000369733, -127.823
3308, 55.13333, 0.329301, 143.178, 0.000369935, -127.834
3309, 55.14167, 0.329421, 143.167, 0.000370138, -127.845
3309, 55.15000, 0.329542, 143.156, 0.000370341, -127.856
3310, 55.15833, 0.329663, 143.145, 0.000370544, -127.868
3310, 55.16667, 0.329785, 143.133, 0.000370747, -127.879
3311, 55.17500, 0.329906, 143.122, 0.000370951, -127.89
3311, 55.18333, 0.330028, 143.111, 0.000371155, -127.901
3312, 55.19167, 0.33015, 143.1, 0.000371359, -127.913
3312, 55.20000, 0.330273, 143.089, 0.000371564, -127.924
3313, 55.20833, 0.330396, 143.078, 0.000371769, -127.935
3313, 55.21667, 0.330519, 143.067, 0.000371974, -127.946
3314, 55.22500, 0.330642, 143.056, 0.00037218, -127.958
3314, 55.23333, 0.330765, 143.045, 0.000372386, -127.969
3315, 55.24167, 0.330889, 143.033, 0.000372593, -127.981
3315, 55.25000, 0.331013, 143.022, 0.0003728, -127.992
3316, 55.25833, 0.331137, 143.011, 0.000373007, -128.003
3316, 55.26667, 0.331261, 143, 0.000373214, -128.015
3317, 55.27500, 0.331386, 142.989, 0.000373422, -128.026
3317, 55.28333, 0.331511, 142.978, 0.00037363, -128.037
3318, 55.29167, 0.331636, 142.966, 0.000373839, -128.049
3318, 55.30000, 0.331762, 142.955, 0.000374048, -128.06
3319, 55.30833, 0.331888, 142.944, 0.000374257, -128.072
3319, 55.31667, 0.332014, 142.933, 0.000374466, -128.083
3320, 55.32500, 0.33214, 142.921, 0.000374676, -128.095
3320, 55.33333, 0.332266, 142.91, 0.000374886, -128.106
3321, 55.34167, 0.332393, 142.899, 0.000375097, -128.118
3321, 55.35000, 0.33252, 142.887, 0.000375308, -128.129
3322, 55.35833, 0.332647, 142.876, 0.000375519, -128.141
3322, 55.36667, 0.332775, 142.865, 0.000375731, -128.152
3323, 55.37500, 0.332903, 142.853, 0.000375943, -128.164
3323, 55.38333, 0.333031, 142.842, 0.000376155, -128.175
3324, 55.39167, 0.333159, 142.831, 0.000376368, -128.187
3324, 55.40000, 0.333288, 142.819, 0.000376581, -128.198
3325, 55.40833, 0.333417, 142.808, 0.000376795, -128.21
3325, 55.41667, 0.333546, 142.796, 0.000377008, -128.222
3326, 55.42500, 0.333675, 142.785, 0.000377222, -128.233
3326, 55.43333, 0.333805, 142.774, 0.000377437, -128.245
3327, 55.44167, 0.333935, 142.762, 0.000377652, -128.257
3327, 55.45000, 0.334065, 142.751, 0.000377867, -128.268
3328, 55.45833, 0.334195, 142.739, 0.000378083, -128.28
3328, 55.46667, 0.334326, 142.728, 0.000378298, -128.292
3329, 55.47500, 0.334457, 142.716, 0.000378515, -128.303
3329, 55.48333, 0.334588, 142.705, 0.000378731, -128.315
3330, 55.49167, 0.33472, 142.693, 0.000378948, -128.327
3330, 55.50000, 0.334851, 142.682, 0.000379166, -128.338
3331, 55.50833, 0.334983, 142.67, 0.000379383, -128.35
3331, 55.51667, 0.335116, 142.659, 0.000379601, -128.362
3332, 55.52500, 0.335248, 142.647, 0.00037982, -128.374
3332, 55.53333, 0.335381, 142.635, 0.000380039, -128.385
3333, 55.54167, 0.335514, 142.624, 0.000380258, -128.397
3333, 55.55000, 0.335647, 142.612, 0.000380477, -128.409
3334, 55.55833, 0.335781, 142.601, 0.000380697, -128.421
3334, 55.56667, 0.335915, 142.589, 0.000380917, -128.433
3335, 55.57500, 0.336049, 142.577, 0.000381138, -128.445
3335, 55.58333, 0.336183, 142.566, 0.000381359, -128.456
3336, 55.59167, 0.336318, 142.554, 0.00038158, -128.468
3336, 55.60000, 0.336453, 142.542, 0.000381802, -128.48
3337, 55.60833, 0.336588, 142.531, 0.000382024, -128.492
3337, 55.61667, 0.336724, 142.519, 0.000382246, -128.504
3338, 55.62500, 0.336859, 142.507, 0.000382469, -128.516
3338, 55.63333, 0.336995, 142.496, 0.000382692, -128.528
3339, 55.64167, 0.337132, 142.484, 0.000382916, -128.54
3339, 55.65000, 0.337268, 142.472, 0.00038314, -128.552
3340, 55.65833, 0.337405, 142.46, 0.000383364, -128.564
3340, 55.66667, 0.337542, 142.448, 0.000383588, -128.576
3341, 55.67500, 0.337679, 142.437, 0.000383813, -128.588
3341, 55.68333, 0.337817, 142.425, 0.000384039, -128.6
3342, 55.69167, 0.337955, 142.413, 0.000384265, -128.612
3342, 55.70000, 0.338093, 142.401, 0.000384491, -128.624
3343, 55.70833, 0.338232, 142.389, 0.000384717, -128.636
3343, 55.71667, 0.33837, 142.377, 0.000384944, -128.648
3344, 55.72500, 0.338509, 142.366, 0.000385171, -128.66
3344, 55.73333, 0.338649, 142.354, 0.000385399, -128.672
3345, 55.74167, 0.338788, 142.342, 0.000385627, -128.684
3345, 55.75000, 0.338928, 142.33, 0.000385855, -128.696
3346, 55.75833, 0.339068, 142.318, 0.000386084, -128.708
3346, 55.76667, 0.339208, 142.306, 0.000386313, -128.72
3347, 55.77500, 0.339349, 142.294, 0.000386543, -128.733
3347, 55.78333, 0.33949, 142.282, 0.000386772, -128.745
3348, 55.79167, 0.339631, 142.27, 0.000387003, -128.757
3348, 55.80000, 0.339773, 142.258, 0.000387233, -128.769
3349, 55.80833, 0.339914, 142.246, 0.000387464, -128.781
3349, 55.81667, 0.340056, 142.234, 0.000387696, -128.794
3350, 55.82500, 0.340199, 142.222, 0.000387927, -128.806
3350, 55.83333, 0.340341, 142.21, 0.00038816, -128.818
3351, 55.84167, 0.340484, 142.198, 0.000388392, -128.83
3351, 55.85000, 0.340627, 142.186, 0.000388625, -128.843
3352, 55.85833, 0.340771, 142.174, 0.000388858, -128.855
3352, 55.86667, 0.340914, 142.162, 0.000389092, -128.867
3353, 55.87500, 0.341058, 142.15, 0.000389326, -128.88
3353, 55.88333, 0.341203, 142.137, 0.00038956, -128.892
3354, 55.89167, 0.341347, 142.125, 0.000389795, -128.904
3354, 55.90000, 0.341492, 142.113, 0.00039003, -128.917
3355, 55.90833, 0.341637, 142.101, 0.000390266, -128.929
3355, 55.91667, 0.341783, 142.089, 0.000390502, -128.941
3356, 55.92500, 0.341928, 142.077, 0.000390738, -128.954
3356, 55.93333, 0.342074, 142.064, 0.000390975, -128.966
3357, 55.94167, 0.34222, 142.052, 0.000391212, -128.979
3357, 55.95000, 0.342367, 142.04, 0.00039145, -128.991
3358, 55.95833, 0.342514, 142.028, 0.000391688, -129.003
3358, 55.96667, 0.342661, 142.015, 0.000391926, -129.016
3359, 55.97500, 0.342808, 142.003, 0.000392165, -129.028
3359, 55.98333, 0.342956, 141.991, 0.000392404, -129.041
3360, 55.99167, 0.343104, 141.978, 0.000392644, -129.053
3360, 56.00000, 0.343252, 141.966, 0.000392883, -129.066
3361, 56.00833, 0.3434, 141.954, 0.000393124, -129.079
3361, 56.01667, 0.343549, 141.941, 0.000393364, -129.091
3362, 56.02500, 0.343698, 141.929, 0.000393605, -129.104
3362, 56.03333, 0.343848, 141.917, 0.000393847, -129.116
3363, 56.04167, 0.343997, 141.904, 0.000394089, -129.129
3363, 56.05000, 0.344147, 141.892, 0.000394331, -129.141
3364, 56.05833, 0.344297, 141.879, 0.000394574, -129.154
3364, 56.06667, 0.344448, 141.867, 0.000394817, -129.167
3365, 56.07500, 0.344599, 141.855, 0.00039506, -129.179
3365, 56.08333, 0.34475, 141.842, 0.000395304, -129.192
3366, 56.09167, 0.344901, 141.83, 0.000395549, -129.205
3366, 56.10000, 0.345053, 141.817, 0.000395793, -129.217
3367, 56.10833, 0.345205, 141.805, 0.000396038, -129.23
3367, 56.11667, 0.345357, 141.792, 0.000396284, -129.243
3368, 56.12500, 0.34551, 141.78, 0.00039653, -129.256
3368, 56.13333, 0.345662, 141.767, 0.000396776, -129.268
3369, 56.14167, 0.345816, 141.754, 0.000397023, -129.281
3369, 56.15000, 0.345969, 141.742, 0.00039727, -129.294
3370, 56.15833, 0.346123, 141.729, 0.000397517, -129.307
3370, 56.16667, 0.346277, 141.717, 0.000397765, -129.32
3371, 56.17500, 0.346431, 141.704, 0.000398013, -129.332
3371, 56.18333, 0.346586, 141.691, 0.000398262, -129.345
3372, 56.19167, 0.346741, 141.679, 0.000398511, -129.358
3372, 56.20000, 0.346896, 141.666, 0.000398761, -129.371
3373, 56.20833, 0.347051, 141.653, 0.000399011, -129.384
3373, 56.21667, 0.347207, 141.641, 0.000399261, -129.397
3374, 56.22500, 0.347363, 141.628, 0.000399512, -129.41
3374, 56.23333, 0.347519, 141.615, 0.000399763, -129.423
3375, 56.24167, 0.347676, 141.602, 0.000400015, -129.436
3375, 56.25000, 0.347833, 141.59, 0.000400267, -129.449
3376, 56.25833, 0.34799, 141.577, 0.000400519, -129.462
3376, 56.26667, 0.348148, 141.564, 0.000400772, -129.475
3377, 56.27500, 0.348306, 141.551, 0.000401025, -129.488
3377, 56.28333, 0.348464, 141.538, 0.000401279, -129.501
3378, 56.29167, 0.348622, 141.526, 0.000401533, -129.514
3378, 56.30000, 0.348781, 141.513, 0.000401787, -129.527
3379, 56.30833, 0.34894, 141.5, 0.000402042, -129.54
3379, 56.31667, 0.349099, 141.487, 0.000402298, -129.553
3380, 56.32500, 0.349259, 141.474, 0.000402553, -129.566
3380, 56.33333, 0.349419, 141.461, 0.00040281, -129.579
3381, 56.34167, 0.349579, 141.448, 0.000403066, -129.592
3381, 56.35000, 0.34974, 141.435, 0.000403323, -129.605
3382, 56.35833, 0.349901, 141.422, 0.000403581, -129.619
3382, 56.36667, 0.350062, 141.409, 0.000403839, -129.632
3383, 56.37500, 0.350223, 141.396, 0.000404097, -129.645
3383, 56.38333, 0.350385, 141.383, 0.000404355, -129.658
3384, 56.39167, 0.350547, 141.37, 0.000404615, -129.671
3384, 56.40000, 0.35071, 141.357, 0.000404874, -129.685
3385, 56.40833, 0.350872, 141.344, 0.000405134, -129.698
3385, 56.41667, 0.351035, 141.331, 0.000405395, -129.711
3386, 56.42500, 0.351199, 141.318, 0.000405655, -129.724
3386, 56.43333, 0.351362, 141.305, 0.000405917, -129.738
3387, 56.44167, 0.351526, 141.292, 0.000406178, -129.751
3387, 56.45000, 0.35169, 141.279, 0.000406441, -129.764
3388, 56.45833, 0.351855, 141.266, 0.000406703, -129.778
3388, 56.46667, 0.35202, 141.252, 0.000406966, -129.791
3389, 56.47500, 0.352185, 141.239, 0.00040723, -129.805
3389, 56.48333, 0.35235, 141.226, 0.000407493, -129.818
3390, 56.49167, 0.352516, 141.213, 0.000407758, -129.831
3390, 56.50000, 0.352682, 141.2, 0.000408022, -129.845
3391, 56.50833, 0.352849, 141.186, 0.000408288, -129.858
3391, 56.51667, 0.353015, 141.173, 0.000408553, -129.872
3392, 56.52500, 0.353182, 141.16, 0.000408819, -129.885
3392, 56.53333, 0.35335, 141.147, 0.000409086, -129.899
3393, 56.54167, 0.353517, 141.133, 0.000409353, -129.912
3393, 56.55000, 0.353685, 141.12, 0.00040962, -129.926
3394, 56.55833, 0.353854, 141.107, 0.000409888, -129.939
3394, 56.56667, 0.354022, 141.093, 0.000410156, -129.953
3395, 56.57500, 0.354191, 141.08, 0.000410425, -129.966
3395, 56.58333, 0.35436, 141.066, 0.000410694, -129.98
3396, 56.59167, 0.35453, 141.053, 0.000410963, -129.994
3396, 56.60000, 0.3547, 141.04, 0.000411233, -130.007
3397, 56.60833, 0.35487, 141.026, 0.000411504, -130.021
3397, 56.61667, 0.35504, 141.013, 0.000411775, -130.035
3398, 56.62500, 0.355211, 140.999, 0.000412046, -130.048
3398, 56.63333, 0.355382, 140.986, 0.000412318, -130.062
3399, 56.64167, 0.355554, 140.972, 0.00041259, -130.076
3399, 56.65000, 0.355725, 140.959, 0.000412863, -130.089
3400, 56.65833, 0.355897, 140.945, 0.000413136, -130.103
3400, 56.66667, 0.35607, 140.932, 0.000413409, -130.117
3401, 56.67500, 0.356243, 140.918, 0.000413683, -130.131
3401, 56.68333, 0.356416, 140.904, 0.000413958, -130.144
3402, 56.69167, 0.356589, 140.891, 0.000414233, -130.158
3402, 56.70000, 0.356763, 140.877, 0.000414508, -130.172
3403, 56.70833, 0.356937, 140.864, 0.000414784, -130.186
3403, 56.71667, 0.357111, 140.85, 0.00041506, -130.2
3404, 56.72500, 0.357286, 140.836, 0.000415337, -130.214
3404, 56.73333, 0.357461, 140.823, 0.000415614, -130.228
3405, 56.74167, 0.357636, 140.809, 0.000415892, -130.241
3405, 56.75000, 0.357811, 140.795, 0.00041617, -130.255
3406, 56.75833, 0.357987, 140.781, 0.000416448, -130.269
3406, 56.76667, 0.358164, 140.768, 0.000416727, -130.283
3407, 56.77500, 0.35834, 140.754, 0.000417007, -130.297
3407, 56.78333, 0.358517, 140.74, 0.000417287, -130.311
3408, 56.79167, 0.358694, 140.726, 0.000417567, -130.325
3408, 56.80000, 0.358872, 140.713, 0.000417848, -130.339
3409, 56.80833, 0.35905, 140.699, 0.000418129, -130.353
3409, 56.81667, 0.359228, 140.685, 0.000418411, -130.367
3410, 56.82500, 0.359407, 140.671, 0.000418693, -130.382
3410, 56.83333, 0.359586, 140.657, 0.000418976, -130.396
3411, 56.84167, 0.359765, 140.643, 0.000419259, -130.41
3411, 56.85000, 0.359944, 140.629, 0.000419543, -130.424
3412, 56.85833, 0.360124, 140.615, 0.000419827, -130.438
3412, 56.86667, 0.360304, 140.601, 0.000420112, -130.452
3413, 56.87500, 0.360485, 140.587, 0.000420397, -130.466
3413, 56.88333, 0.360666, 140.573, 0.000420682, -130.481
3414, 56.89167, 0.360847, 140.559, 0.000420968, -130.495
3414, 56.90000, 0.361029, 140.545, 0.000421255, -130.509
3415, 56.90833, 0.36121, 140.531, 0.000421542, -130.523
3415, 56.91667, 0.361393, 140.517, 0.000421829, -130.538
3416, 56.92500, 0.361575, 140.503, 0.000422117, -130.552
3416, 56.93333, 0.361758, 140.489, 0.000422405, -130.566
3417, 56.94167, 0.361941, 140.475, 0.000422694, -130.581
3417, 56.95000, 0.362125, 140.461, 0.000422983, -130.595
3418, 56.95833, 0.362309, 140.447, 0.000423273, -130.609
3418, 56.96667, 0.362493, 140.432, 0.000423563, -130.624
3419, 56.97500, 0.362678, 140.418, 0.000423854, -130.638
3419, 56.98333, 0.362863, 140.404, 0.000424145, -130.652
3420, 56.99167, 0.363048, 140.39, 0.000424437, -130.667
3420, 57.00000, 0.363233, 140.376, 0.000424729, -130.681
3421, 57.00833, 0.363419, 140.361, 0.000425022, -130.696
3421, 57.01667, 0.363606, 140.347, 0.000425315, -130.71
3422, 57.02500, 0.363792, 140.333, 0.000425609, -130.725
3422, 57.03333, 0.363979, 140.318, 0.000425903, -130.739
3423, 57.04167, 0.364167, 140.304, 0.000426197, -130.754
3423, 57.05000, 0.364354, 140.29, 0.000426493, -130.769
3424, 57.05833, 0.364542, 140.275, 0.000426788, -130.783
3424, 57.06667, 0.364731, 140.261, 0.000427084, -130.798
3425, 57.07500, 0.364919, 140.247, 0.000427381, -130.812
3425, 57.08333, 0.365108, 140.232, 0.000427678, -130.827
3426, 57.09167, 0.365298, 140.218, 0.000427975, -130.842
3426, 57.10000, 0.365487, 140.203, 0.000428273, -130.856
3427, 57.10833, 0.365677, 140.189, 0.000428572, -130.871
3427, 57.11667, 0.365868, 140.174, 0.000428871, -130.886
3428, 57.12500, 0.366059, 140.16, 0.00042917, -130.9
3428, 57.13333, 0.36625, 140.145, 0.00042947, -130.915
3429, 57.14167, 0.366441, 140.131, 0.000429771, -130.93
3429, 57.15000, 0.366633, 140.116, 0.000430072, -130.945
3430, 57.15833, 0.366825, 140.101, 0.000430374, -130.96
3430, 57.16667, 0.367018, 140.087, 0.000430676, -130.974
3431, 57.17500, 0.367211, 140.072, 0.000430978, -130.989
3431, 57.18333, 0.367404, 140.058, 0.000431281, -131.004
3432, 57.19167, 0.367597, 140.043, 0.000431585, -131.019
3432, 57.20000, 0.367791, 140.028, 0.000431889, -131.034
3433, 57.20833, 0.367986, 140.013, 0.000432193, -131.049
3433, 57.21667, 0.36818, 139.999, 0.000432498, -131.064
3434, 57.22500, 0.368375, 139.984, 0.000432804, -131.079
3434, 57.23333, 0.36857, 139.969, 0.00043311, -131.094
3435, 57.24167, 0.368766, 139.954, 0.000433416, -131.109
3435, 57.25000, 0.368962, 139.94, 0.000433723, -131.124
3436, 57.25833, 0.369159, 139.925, 0.000434031, -131.139
3436, 57.26667, 0.369355, 139.91, 0.000434339, -131.154
3437, 57.27500, 0.369553, 139.895, 0.000434647, -131.169
3437, 57.28333, 0.36975, 139.88, 0.000434957, -131.184
3438, 57.29167, 0.369948, 139.865, 0.000435266, -131.199
3438, 57.30000, 0.370146, 139.85, 0.000435576, -131.214
3439, 57.30833, 0.370345, 139.836, 0.000435887, -131.229
3439, 57.31667, 0.370544, 139.821, 0.000436198, -131.244
3440, 57.32500, 0.370743, 139.806, 0.00043651, -131.26
3440, 57.33333, 0.370943, 139.791, 0.000436822, -131.275
3441, 57.34167, 0.371143, 139.776, 0.000437135, -131.29
3441, 57.35000, 0.371343, 139.761, 0.000437448, -131.305
3442, 57.35833, 0.371544, 139.746, 0.000437762, -131.321
3442, 57.36667, 0.371745, 139.73, 0.000438076, -131.336
3443, 57.37500, 0.371946, 139.715, 0.000438391, -131.351
3443, 57.38333, 0.372148, 139.7, 0.000438706, -131.367
3444, 57.39167, 0.372351, 139.685, 0.000439022, -131.382
3444, 57.40000, 0.372553, 139.67, 0.000439338, -131.397
3445, 57.40833, 0.372756, 139.655, 0.000439655, -131.413
3445, 57.41667, 0.372959, 139.64, 0.000439973, -131.428
3446, 57.42500, 0.373163, 139.624, 0.00044029, -131.443
3446, 57.43333, 0.373367, 139.609, 0.000440609, -131.459
3447, 57.44167, 0.373572, 139.594, 0.000440928, -131.474
3447, 57.45000, 0.373777, 139.579, 0.000441247, -131.49
3448, 57.45833, 0.373982, 139.563, 0.000441568, -131.505
3448, 57.46667, 0.374187, 139.548, 0.000441888, -131.521
3449, 57.47500, 0.374393, 139.533, 0.000442209, -131.536
3449, 57.48333, 0.3746, 139.517, 0.000442531, -131.552
3450, 57.49167, 0.374806, 139.502, 0.000442853, -131.568
3450, 57.50000, 0.375013, 139.487, 0.000443176, -131.583
3451, 57.50833, 0.375221, 139.471, 0.000443499, -131.599
3451, 57.51667, 0.375429, 139.456, 0.000443823, -131.614
3452, 57.52500, 0.375637, 139.44, 0.000444147, -131.63
3452, 57.53333, 0.375845, 139.425, 0.000444472, -131.646
3453, 57.54167, 0.376054, 139.409, 0.000444798, -131.662
3453, 57.55000, 0.376264, 139.394, 0.000445124, -131.677
3454, 57.55833, 0.376473, 139.378, 0.00044545, -131.693
3454, 57.56667, 0.376683, 139.363, 0.000445777, -131.709
3455, 57.57500, 0.376894, 139.347, 0.000446105, -131.725
3455, 57.58333, 0.377105, 139.332, 0.000446433, -131.74
3456, 57.59167, 0.377316, 139.316, 0.000446762, -131.756
3456, 57.60000, 0.377528, 139.3, 0.000447091, -131.772
3457, 57.60833, 0.37774, 139.285, 0.000447421, -131.788
3457, 57.61667, 0.377952, 139.269, 0.000447751, -131.804
3458, 57.62500, 0.378165, 139.253, 0.000448082, -131.82
3458, 57.63333, 0.378378, 139.238, 0.000448414, -131.836
3459, 57.64167, 0.378592, 139.222, 0.000448746, -131.852
3459, 57.65000, 0.378805, 139.206, 0.000449079, -131.868
3460, 57.65833, 0.37902, 139.19, 0.000449412, -131.884
3460, 57.66667, 0.379234, 139.174, 0.000449745, -131.9
3461, 57.67500, 0.37945, 139.159, 0.00045008, -131.916
3461, 57.68333, 0.379665, 139.143, 0.000450415, -131.932
3462, 57.69167, 0.379881, 139.127, 0.00045075, -131.948
3462, 57.70000, 0.380097, 139.111, 0.000451086, -131.964
3463, 57.70833, 0.380314, 139.095, 0.000451422, -131.98
3463, 57.71667, 0.380531, 139.079, 0.00045176, -131.996
3464, 57.72500, 0.380748, 139.063, 0.000452097, -132.012
3464, 57.73333, 0.380966, 139.047, 0.000452435, -132.029
3465, 57.74167, 0.381185, 139.031, 0.000452774, -132.045
3465, 57.75000, 0.381403, 139.015, 0.000453114, -132.061
3466, 57.75833, 0.381622, 138.999, 0.000453454, -132.077
3466, 57.76667, 0.381842, 138.983, 0.000453794, -132.094
3467, 57.77500, 0.382062, 138.967, 0.000454135, -132.11
3467, 57.78333, 0.382282, 138.951, 0.000454477, -132.126
3468, 57.79167, 0.382502, 138.935, 0.000454819, -132.143
3468, 57.80000, 0.382723, 138.919, 0.000455162, -132.159
3469, 57.80833, 0.382945, 138.903, 0.000455505, -132.175
3469, 57.81667, 0.383167, 138.886, 0.000455849, -132.192
3470, 57.82500, 0.383389, 138.87, 0.000456194, -132.208
3470, 57.83333, 0.383612, 138.854, 0.000456539, -132.225
3471, 57.84167, 0.383835, 138.838, 0.000456885, -132.241
3471, 57.85000, 0.384058, 138.821, 0.000457231, -132.258
3472, 57.85833, 0.384282, 138.805, 0.000457578, -132.274
3472, 57.86667, 0.384506, 138.789, 0.000457925, -132.291
3473, 57.87500, 0.384731, 138.772, 0.000458273, -132.307
3473, 57.88333, 0.384956, 138.756, 0.000458622, -132.324
3474, 57.89167, 0.385182, 138.74, 0.000458971, -132.34
3474, 57.90000, 0.385407, 138.723, 0.000459321, -132.357
3475, 57.90833, 0.385634, 138.707, 0.000459671, -132.374
3475, 57.91667, 0.38586, 138.69, 0.000460022, -132.39
3476, 57.92500, 0.386088, 138.674, 0.000460374, -132.407
3476, 57.93333, 0.386315, 138.657, 0.000460726, -132.424
3477, 57.94167, 0.386543, 138.641, 0.000461079, -132.441
3477, 57.95000, 0.386771, 138.624, 0.000461432, -132.457
3478, 57.95833, 0.387, 138.608, 0.000461786, -132.474
3478, 57.96667, 0.387229, 138.591, 0.000462141, -132.491
3479, 57.97500, 0.387459, 138.575, 0.000462496, -132.508
3479, 57.98333, 0.387689, 138.558, 0.000462852, -132.525
3480, 57.99167, 0.38792, 138.541, 0.000463208, -132.541
3480, 58.00000, 0.38815, 138.525, 0.000463565, -132.558
3481, 58.00833, 0.388382, 138.508, 0.000463922, -132.575
3481, 58.01667, 0.388613, 138.491, 0.000464281, -132.592
3482, 58.02500, 0.388846, 138.474, 0.000464639, -132.609
3482, 58.03333, 0.389078, 138.458, 0.000464999, -132.626
3483, 58.04167, 0.389311, 138.441, 0.000465359, -132.643
3483, 58.05000, 0.389544, 138.424, 0.000465719, -132.66
3484, 58.05833, 0.389778, 138.407, 0.000466081, -132.677
3484, 58.06667, 0.390013, 138.39, 0.000466443, -132.694
3485, 58.07500, 0.390247, 138.373, 0.000466805, -132.712
3485, 58.08333, 0.390482, 138.356, 0.000467168, -132.729
3486, 58.09167, 0.390718, 138.34, 0.000467532, -132.746
3486, 58.10000, 0.390954, 138.323, 0.000467896, -132.763
3487, 58.10833, 0.39119, 138.306, 0.000468261, -132.78
3487, 58.11667, 0.391427, 138.289, 0.000468627, -132.797
3488, 58.12500, 0.391664, 138.272, 0.000468993, -132.815
3488, 58.13333, 0.391902, 138.255, 0.00046936, -132.832
3489, 58.14167, 0.39214, 138.237, 0.000469727, -132.849
3489, 58.15000, 0.392378, 138.22, 0.000470095, -132.867
3490, 58.15833, 0.392617, 138.203, 0.000470464, -132.884
3490, 58.16667, 0.392857, 138.186, 0.000470833, -132.901
3491, 58.17500, 0.393097, 138.169, 0.000471203, -132.919
3491, 58.18333, 0.393337, 138.152, 0.000471574, -132.936
3492, 58.19167, 0.393578, 138.134, 0.000471945, -132.954
3492, 58.20000, 0.393819, 138.117, 0.000472317, -132.971
3493, 58.20833, 0.39406, 138.1, 0.000472689, -132.989
3493, 58.21667, 0.394302, 138.083, 0.000473062, -133.006
3494, 58.22500, 0.394545, 138.065, 0.000473436, -133.024
3494, 58.23333, 0.394788, 138.048, 0.00047381, -133.041
3495, 58.24167, 0.395031, 138.031, 0.000474185, -133.059
3495, 58.25000, 0.395275, 138.013, 0.000474561, -133.076
3496, 58.25833, 0.395519, 137.996, 0.000474937, -133.094
3496, 58.26667, 0.395764, 137.978, 0.000475314, -133.112
3497, 58.27500, 0.396009, 137.961, 0.000475692, -133.129
3497, 58.28333, 0.396255, 137.943, 0.00047607, -133.147
3498, 58.29167, 0.396501, 137.926, 0.000476449, -133.165
3498, 58.30000, 0.396747, 137.908, 0.000476829, -133.183
3499, 58.30833, 0.396994, 137.891, 0.000477209, -133.2
3499, 58.31667, 0.397241, 137.873, 0.00047759, -133.218
3500, 58.32500, 0.397489, 137.856, 0.000477971, -133.236
3500, 58.33333, 0.397737, 137.838, 0.000478353, -133.254
3501, 58.34167, 0.397986, 137.82, 0.000478736, -133.272
3501, 58.35000, 0.398235, 137.803, 0.00047912, -133.29
3502, 58.35833, 0.398485, 137.785, 0.000479504, -133.308
3502, 58.36667, 0.398735, 137.767, 0.000479889, -133.326
3503, 58.37500, 0.398985, 137.749, 0.000480274, -133.344
3503, 58.38333, 0.399236, 137.732, 0.00048066, -133.362
3504, 58.39167, 0.399488, 137.714, 0.000481047, -133.38
3504, 58.40000, 0.39974, 137.696, 0.000481434, -133.398
3505, 58.40833, 0.399992, 137.678, 0.000481823, -133.416
3505, 58.41667, 0.400245, 137.66, 0.000482211, -133.434
3506, 58.42500, 0.400498, 137.642, 0.000482601, -133.452
3506, 58.43333, 0.400752, 137.624, 0.000482991, -133.47
3507, 58.44167, 0.401006, 137.606, 0.000483382, -133.488
3507, 58.45000, 0.401261, 137.588, 0.000483773, -133.507
3508, 58.45833, 0.401516, 137.57, 0.000484165, -133.525
3508, 58.46667, 0.401772, 137.552, 0.000484558, -133.543
3509, 58.47500, 0.402028, 137.534, 0.000484952, -133.561
3509, 58.48333, 0.402284, 137.516, 0.000485346, -133.58
3510, 58.49167, 0.402541, 137.498, 0.000485741, -133.598
3510, 58.50000, 0.402799, 137.48, 0.000486136, -133.616
3511, 58.50833, 0.403057, 137.462, 0.000486533, -133.635
3511, 58.51667, 0.403315, 137.444, 0.00048693, -133.653
3512, 58.52500, 0.403574, 137.425, 0.000487327, -133.672
3512, 58.53333, 0.403833, 137.407, 0.000487726, -133.69
3513, 58.54167, 0.404093, 137.389, 0.000488125, -133.709
3513, 58.55000, 0.404354, 137.371, 0.000488524, -133.727
3514, 58.55833, 0.404614, 137.352, 0.000488925, -133.746
3514, 58.56667, 0.404876, 137.334, 0.000489326, -133.764
3515, 58.57500, 0.405137, 137.316, 0.000489727, -133.783
3515, 58.58333, 0.4054, 137.297, 0.00049013, -133.802
3516, 58.59167, 0.405662, 137.279, 0.000490533, -133.82
3516, 58.60000, 0.405926, 137.26, 0.000490937, -133.839
3517, 58.60833, 0.406189, 137.242, 0.000491342, -133.858
3517, 58.61667, 0.406453, 137.223, 0.000491747, -133.876
3518, 58.62500, 0.406718, 137.205, 0.000492153, -133.895
3518, 58.63333, 0.406983, 137.186, 0.00049256, -133.914
3519, 58.64167, 0.407249, 137.168, 0.000492967, -133.933
3519, 58.65000, 0.407515, 137.149, 0.000493375, -133.952
3520, 58.65833, 0.407781, 137.13, 0.000493784, -133.97
3520, 58.66667, 0.408048, 137.112, 0.000494193, -133.989
3521, 58.67500, 0.408316, 137.093, 0.000494604, -134.008
3521, 58.68333, 0.408584, 137.074, 0.000495015, -134.027
3522, 58.69167, 0.408853, 137.055, 0.000495426, -134.046
3522, 58.70000, 0.409122, 137.037, 0.000495839, -134.065
3523, 58.70833, 0.409391, 137.018, 0.000496252, -134.084
3523, 58.71667, 0.409661, 136.999, 0.000496666, -134.103
3524, 58.72500, 0.409932, 136.98, 0.00049708, -134.122
3524, 58.73333, 0.410203, 136.961, 0.000497496, -134.142
3525, 58.74167, 0.410474, 136.942, 0.000497912, -134.161
3525, 58.75000, 0.410746, 136.923, 0.000498328, -134.18
3526, 58.75833, 0.411019, 136.904, 0.000498746, -134.199
3526, 58.76667, 0.411292, 136.885, 0.000499164, -134.218
3527, 58.77500, 0.411565, 136.866, 0.000499583, -134.238
3527, 58.78333, 0.411839, 136.847, 0.000500003, -134.257
3528, 58.79167, 0.412114, 136.828, 0.000500423, -134.276
3528, 58.80000, 0.412389, 136.809, 0.000500844, -134.295
3529, 58.80833, 0.412664, 136.79, 0.000501266, -134.315
3529, 58.81667, 0.41294, 136.771, 0.000501689, -134.334
3530, 58.82500, 0.413217, 136.752, 0.000502112, -134.354
3530, 58.83333, 0.413494, 136.732, 0.000502536, -134.373
3531, 58.84167, 0.413772, 136.713, 0.000502961, -134.393
3531, 58.85000, 0.41405, 136.694, 0.000503387, -134.412
3532, 58.85833, 0.414328, 136.674, 0.000503813, -134.432
3532, 58.86667, 0.414607, 136.655, 0.00050424, -134.451
3533, 58.87500, 0.414887, 136.636, 0.000504668, -134.471
3533, 58.88333, 0.415167, 136.616, 0.000505097, -134.49
3534, 58.89167, 0.415448, 136.597, 0.000505526, -134.51
3534, 58.90000, 0.415729, 136.577, 0.000505956, -134.53
3535, 58.90833, 0.416011, 136.558, 0.000506387, -134.55
3535, 58.91667, 0.416293, 136.538, 0.000506819, -134.569
3536, 58.92500, 0.416576, 136.519, 0.000507251, -134.589
3536, 58.93333, 0.416859, 136.499, 0.000507684, -134.609
3537, 58.94167, 0.417143, 136.48, 0.000508118, -134.629
3537, 58.95000, 0.417427, 136.46, 0.000508553, -134.649
3538, 58.95833, 0.417712, 136.441, 0.000508989, -134.668
3538, 58.96667, 0.417997, 136.421, 0.000509425, -134.688
3539, 58.97500, 0.418283, 136.401, 0.000509862, -134.708
3539, 58.98333, 0.41857, 136.381, 0.0005103, -134.728
3540, 58.99167, 0.418857, 136.362, 0.000510738, -134.748
3540, 59.00000, 0.419144, 136.342, 0.000511178, -134.768
3541, 59.00833, 0.419432, 136.322, 0.000511618, -134.788
3541, 59.01667, 0.419721, 136.302, 0.000512059, -134.808
3542, 59.02500, 0.42001, 136.282, 0.000512501, -134.829
3542, 59.03333, 0.420299, 136.262, 0.000512943, -134.849
3543, 59.04167, 0.420589, 136.242, 0.000513386, -134.869
3543, 59.05000, 0.42088, 136.222, 0.000513831, -134.889
3544, 59.05833, 0.421171, 136.202, 0.000514275, -134.909
3544, 59.06667, 0.421463, 136.182, 0.000514721, -134.93
3545, 59.07500, 0.421755, 136.162, 0.000515167, -134.95
3545, 59.08333, 0.422048, 136.142, 0.000515615, -134.97
3546, 59.09167, 0.422342, 136.122, 0.000516063, -134.991
3546, 59.10000, 0.422636, 136.102, 0.000516512, -135.011
3547, 59.10833, 0.42293, 136.082, 0.000516961, -135.032
3547, 59.11667, 0.423225, 136.061, 0.000517412, -135.052
3548, 59.12500, 0.423521, 136.041, 0.000517863, -135.072
3548, 59.13333, 0.423817, 136.021, 0.000518315, -135.093
3549, 59.14167, 0.424114, 136, 0.000518768, -135.114
3549, 59.15000, 0.424411, 135.98, 0.000519222, -135.134
3550, 59.15833, 0.424709, 135.96, 0.000519676, -135.155
3550, 59.16667, 0.425007, 135.939, 0.000520132, -135.175
3551, 59.17500, 0.425306, 135.919, 0.000520588, -135.196
3551, 59.18333, 0.425605, 135.898, 0.000521045, -135.217
3552, 59.19167, 0.425905, 135.878, 0.000521502, -135.237
3552, 59.20000, 0.426206, 135.857, 0.000521961, -135.258
3553, 59.20833, 0.426507, 135.837, 0.00052242, -135.279
3553, 59.21667, 0.426809, 135.816, 0.000522881, -135.3
3554, 59.22500, 0.427111, 135.796, 0.000523342, -135.321
3554, 59.23333, 0.427414, 135.775, 0.000523804, -135.342
3555, 59.24167, 0.427717, 135.754, 0.000524266, -135.363
3555, 59.25000, 0.428021, 135.734, 0.00052473, -135.384
3556, 59.25833, 0.428326, 135.713, 0.000525194, -135.405
3556, 59.26667, 0.428631, 135.692, 0.00052566, -135.426
3557, 59.27500, 0.428937, 135.671, 0.000526126, -135.447
3557, 59.28333, 0.429243, 135.65, 0.000526593, -135.468
3558, 59.29167, 0.42955, 135.629, 0.00052706, -135.489
3558, 59.30000, 0.429857, 135.608, 0.000527529, -135.51
3559, 59.30833, 0.430165, 135.588, 0.000527998, -135.531
3559, 59.31667, 0.430474, 135.567, 0.000528469, -135.552
3560, 59.32500, 0.430783, 135.546, 0.00052894, -135.574
3560, 59.33333, 0.431092, 135.524, 0.000529412, -135.595
3561, 59.34167, 0.431403, 135.503, 0.000529885, -135.616
3561, 59.35000, 0.431714, 135.482, 0.000530358, -135.638
3562, 59.35833, 0.432025, 135.461, 0.000530833, -135.659
3562, 59.36667, 0.432337, 135.44, 0.000531309, -135.68
3563, 59.37500, 0.43265, 135.419, 0.000531785, -135.702
3563, 59.38333, 0.432963, 135.398, 0.000532262, -135.723
3564, 59.39167, 0.433277, 135.376, 0.00053274, -135.745
3564, 59.40000, 0.433591, 135.355, 0.000533219, -135.766
3565, 59.40833, 0.433906, 135.334, 0.000533699, -135.788
3565, 59.41667, 0.434222, 135.312, 0.000534179, -135.81
3566, 59.42500, 0.434538, 135.291, 0.000534661, -135.831
3566, 59.43333, 0.434855, 135.269, 0.000535143, -135.853
3567, 59.44167, 0.435172, 135.248, 0.000535627, -135.875
3567, 59.45000, 0.43549, 135.226, 0.000536111, -135.896
3568, 59.45833, 0.435808, 135.205, 0.000536596, -135.918
3568, 59.46667, 0.436128, 135.183, 0.000537082, -135.94
3569, 59.47500, 0.436447, 135.162, 0.000537569, -135.962
3569, 59.48333, 0.436768, 135.14, 0.000538056, -135.984
3570, 59.49167, 0.437089, 135.118, 0.000538545, -136.006
3570, 59.50000, 0.43741, 135.097, 0.000539034, -136.027
3571, 59.50833, 0.437733, 135.075, 0.000539525, -136.049
3571, 59.51667, 0.438055, 135.053, 0.000540016, -136.071
3572, 59.52500, 0.438379, 135.031, 0.000540508, -136.094
3572, 59.53333, 0.438703, 135.009, 0.000541001, -136.116
3573, 59.54167, 0.439027, 134.988, 0.000541495, -136.138
3573, 59.55000, 0.439353, 134.966, 0.00054199, -136.16
3574, 59.55833, 0.439678, 134.944, 0.000542486, -136.182
3574, 59.56667, 0.440005, 134.922, 0.000542983, -136.204
3575, 59.57500, 0.440332, 134.9, 0.00054348, -136.227
3575, 59.58333, 0.44066, 134.878, 0.000543979, -136.249
3576, 59.59167, 0.440988, 134.855, 0.000544478, -136.271
3576, 59.60000, 0.441317, 134.833, 0.000544979, -136.294
3577, 59.60833, 0.441647, 134.811, 0.00054548, -136.316
3577, 59.61667, 0.441977, 134.789, 0.000545982, -136.338
3578, 59.62500, 0.442308, 134.767, 0.000546485, -136.361
3578, 59.63333, 0.442639, 134.745, 0.000546989, -136.383
3579, 59.64167, 0.442971, 134.722, 0.000547495, -136.406
3579, 59.65000, 0.443304, 134.7, 0.000548, -136.428
3580, 59.65833, 0.443637, 134.677, 0.000548507, -136.451
3580, 59.66667, 0.443972, 134.655, 0.000549015, -136.474
3581, 59.67500, 0.444306, 134.633, 0.000549524, -136.496
3581, 59.68333, 0.444641, 134.61, 0.000550034, -136.519
3582, 59.69167, 0.444977, 134.588, 0.000550544, -136.542
3582, 59.70000, 0.445314, 134.565, 0.000551056, -136.565
3583, 59.70833, 0.445651, 134.542, 0.000551568, -136.588
3583, 59.71667, 0.445989, 134.52, 0.000552082, -136.61
3584, 59.72500, 0.446327, 134.497, 0.000552596, -136.633
3584, 59.73333, 0.446667, 134.474, 0.000553112, -136.656
3585, 59.74167, 0.447006, 134.452, 0.000553628, -136.679
3585, 59.75000, 0.447347, 134.429, 0.000554145, -136.702
3586, 59.75833, 0.447688, 134.406, 0.000554664, -136.725
3586, 59.76667, 0.44803, 134.383, 0.000555183, -136.748
3587, 59.77500, 0.448372, 134.36, 0.000555703, -136.772
3587, 59.78333, 0.448715, 134.337, 0.000556224, -136.795
3588, 59.79167, 0.449059, 134.314, 0.000556746, -136.818
3588, 59.80000, 0.449403, 134.292, 0.00055727, -136.841
3589, 59.80833, 0.449748, 134.268, 0.000557794, -136.864
3589, 59.81667, 0.450094, 134.245, 0.000558319, -136.888
3590, 59.82500, 0.45044, 134.222, 0.000558845, -136.911
3590, 59.83333, 0.450787, 134.199, 0.000559372, -136.934
3591, 59.84167, 0.451135, 134.176, 0.0005599, -136.958
3591, 59.85000, 0.451483, 134.153, 0.000560429, -136.981
3592, 59.85833, 0.451832, 134.129, 0.000560959, -137.005
3592, 59.86667, 0.452182, 134.106, 0.00056149, -137.028
3593, 59.87500, 0.452533, 134.083, 0.000562022, -137.052
3593, 59.88333, 0.452884, 134.059, 0.000562555, -137.076
3594, 59.89167, 0.453235, 134.036, 0.000563089, -137.099
3594, 59.90000, 0.453588, 134.013, 0.000563624, -137.123
3595, 59.90833, 0.453941, 133.989, 0.00056416, -137.147
3595, 59.91667, 0.454295, 133.966, 0.000564697, -137.17
3596, 59.92500, 0.454649, 133.942, 0.000565235, -137.194
3596, 59.93333, 0.455004, 133.918, 0.000565774, -137.218
3597, 59.94167, 0.45536, 133.895, 0.000566314, -137.242
3597, 59.95000, 0.455716, 133.871, 0.000566855, -137.266
3598, 59.95833, 0.456074, 133.847, 0.000567397, -137.29
3598, 59.96667, 0.456432, 133.824, 0.00056794, -137.314
3599, 59.97500, 0.45679, 133.8, 0.000568485, -137.338
3599, 59.98333, 0.457149, 133.776, 0.00056903, -137.362
3600, 59.99167, 0.457509, 133.752, 0.000569576, -137.386
3600, 60.00000, 0.45787, 133.728, 0.000570123, -137.41
3601, 60.00833, 0.458231, 133.704, 0.000570671, -137.435
3601, 60.01667, 0.458593, 133.68, 0.000571221, -137.459
3602, 60.02500, 0.458956, 133.656, 0.000571771, -137.483
3602, 60.03333, 0.45932, 133.632, 0.000572323, -137.507
3603, 60.04167, 0.459684, 133.608, 0.000572875, -137.532
3603, 60.05000, 0.460049, 133.584, 0.000573428, -137.556
3604, 60.05833, 0.460414, 133.559, 0.000573983, -137.581
3604, 60.06667, 0.460781, 133.535, 0.000574539, -137.605
3605, 60.07500, 0.461148, 133.511, 0.000575095, -137.63
3605, 60.08333, 0.461515, 133.487, 0.000575653, -137.654
3606, 60.09167, 0.461884, 133.462, 0.000576212, -137.679
3606, 60.10000, 0.462253, 133.438, 0.000576772, -137.704
3607, 60.10833, 0.462623, 133.413, 0.000577332, -137.728
3607, 60.11667, 0.462993, 133.389, 0.000577894, -137.753
3608, 60.12500, 0.463365, 133.364, 0.000578457, -137.778
3608, 60.13333, 0.463737, 133.34, 0.000579022, -137.803
3609, 60.14167, 0.46411, 133.315, 0.000579587, -137.827
3609, 60.15000, 0.464483, 133.29, 0.000580153, -137.852
3610, 60.15833, 0.464857, 133.266, 0.00058072, -137.877
3610, 60.16667, 0.465232, 133.241, 0.000581289, -137.902
3611, 60.17500, 0.465608, 133.216, 0.000581858, -137.927
3611, 60.18333, 0.465984, 133.191, 0.000582429, -137.952
3612, 60.19167, 0.466362, 133.166, 0.000583001, -137.978
3612, 60.20000, 0.46674, 133.142, 0.000583574, -138.003
3613, 60.20833, 0.467118, 133.117, 0.000584147, -138.028
3613, 60.21667, 0.467498, 133.092, 0.000584722, -138.053
3614, 60.22500, 0.467878, 133.067, 0.000585299, -138.078
3614, 60.23333, 0.468259, 133.041, 0.000585876, -138.104
3615, 60.24167, 0.46864, 133.016, 0.000586454, -138.129
3615, 60.25000, 0.469023, 132.991, 0.000587034, -138.155
3616, 60.25833, 0.469406, 132.966, 0.000587614, -138.18
3616, 60.26667, 0.46979, 132.941, 0.000588196, -138.205
3617, 60.27500, 0.470174, 132.915, 0.000588779, -138.231
3617, 60.28333, 0.47056, 132.89, 0.000589363, -138.257
3618, 60.29167, 0.470946, 132.865, 0.000589948, -138.282
3618, 60.30000, 0.471333, 132.839, 0.000590534, -138.308
3619, 60.30833, 0.471721, 132.814, 0.000591121, -138.334
3619, 60.31667, 0.472109, 132.788, 0.00059171, -138.359
3620, 60.32500, 0.472498, 132.763, 0.000592299, -138.385
3620, 60.33333, 0.472888, 132.737, 0.00059289, -138.411
3621, 60.34167, 0.473279, 132.711, 0.000593482, -138.437
3621, 60.35000, 0.473671, 132.686, 0.000594075, -138.463
3622, 60.35833, 0.474063, 132.66, 0.000594669, -138.489
3622, 60.36667, 0.474456, 132.634, 0.000595264, -138.515
3623, 60.37500, 0.47485, 132.608, 0.000595861, -138.541
3623, 60.38333, 0.475245, 132.582, 0.000596459, -138.567
3624, 60.39167, 0.47564, 132.557, 0.000597057, -138.593
3624, 60.40000, 0.476036, 132.531, 0.000597657, -138.62
3625, 60.40833, 0.476433, 132.505, 0.000598259, -138.646
3625, 60.41667, 0.476831, 132.478, 0.000598861, -138.672
3626, 60.42500, 0.47723, 132.452, 0.000599464, -138.699
3626, 60.43333, 0.477629, 132.426, 0.000600069, -138.725
3627, 60.44167, 0.478029, 132.4, 0.000600675, -138.751
3627, 60.45000, 0.47843, 132.374, 0.000601282, -138.778
3628, 60.45833, 0.478832, 132.347, 0.00060189, -138.804
3628, 60.46667, 0.479234, 132.321, 0.0006025, -138.831
3629, 60.47500, 0.479638, 132.295, 0.00060311, -138.858
3629, 60.48333, 0.480042, 132.268, 0.000603722, -138.884
3630, 60.49167, 0.480447, 132.242, 0.000604335, -138.911
3630, 60.50000, 0.480853, 132.215, 0.000604949, -138.938
3631, 60.50833, 0.481259, 132.189, 0.000605565, -138.965
3631, 60.51667, 0.481667, 132.162, 0.000606181, -138.992
3632, 60.52500, 0.482075, 132.135, 0.000606799, -139.018
3632, 60.53333, 0.482484, 132.109, 0.000607418, -139.045
3633, 60.54167, 0.482894, 132.082, 0.000608038, -139.072
3633, 60.55000, 0.483304, 132.055, 0.00060866, -139.099
3634, 60.55833, 0.483716, 132.028, 0.000609282, -139.127
3634, 60.56667, 0.484128, 132.001, 0.000609906, -139.154
3635, 60.57500, 0.484541, 131.974, 0.000610532, -139.181
3635, 60.58333, 0.484955, 131.947, 0.000611158, -139.208
3636, 60.59167, 0.48537, 131.92, 0.000611786, -139.235
3636, 60.60000, 0.485786, 131.893, 0.000612414, -139.263
3637, 60.60833, 0.486202, 131.866, 0.000613044, -139.29
3637, 60.61667, 0.486619, 131.839, 0.000613676, -139.318
3638, 60.62500, 0.487037, 131.812, 0.000614308, -139.345
3638, 60.63333, 0.487456, 131.784, 0.000614942, -139.373
3639, 60.64167, 0.487876, 131.757, 0.000615577, -139.4
3639, 60.65000, 0.488297, 131.73, 0.000616214, -139.428
3640, 60.65833, 0.488718, 131.702, 0.000616851, -139.456
3640, 60.66667, 0.489141, 131.675, 0.00061749, -139.483
3641, 60.67500, 0.489564, 131.647, 0.00061813, -139.511
3641, 60.68333, 0.489988, 131.619, 0.000618772, -139.539
3642, 60.69167, 0.490413, 131.592, 0.000619415, -139.567
3642, 60.70000, 0.490839, 131.564, 0.000620059, -139.595
3643, 60.70833, 0.491265, 131.536, 0.000620704, -139.623
3643, 60.71667, 0.491693, 131.508, 0.00062135, -139.651
3644, 60.72500, 0.492121, 131.481, 0.000621998, -139.679
3644, 60.73333, 0.49255, 131.453, 0.000622647, -139.707
3645, 60.74167, 0.49298, 131.425, 0.000623298, -139.735
3645, 60.75000, 0.493411, 131.397, 0.00062395, -139.764
3646, 60.75833, 0.493843, 131.369, 0.000624602, -139.792
3646, 60.76667, 0.494276, 131.341, 0.000625257, -139.82
3647, 60.77500, 0.49471, 131.312, 0.000625913, -139.849
3647, 60.78333, 0.495144, 131.284, 0.000626569, -139.877
3648, 60.79167, 0.495579, 131.256, 0.000627228, -139.906
3648, 60.80000, 0.496016, 131.228, 0.000627887, -139.934
3649, 60.80833, 0.496453, 131.199, 0.000628548, -139.963
3649, 60.81667, 0.496891, 131.171, 0.00062921, -139.992
3650, 60.82500, 0.49733, 131.142, 0.000629874, -140.02
3650, 60.83333, 0.497769, 131.114, 0.000630539, -140.049
3651, 60.84167, 0.49821, 131.085, 0.000631205, -140.078
3651, 60.85000, 0.498652, 131.057, 0.000631873, -140.107
3652, 60.85833, 0.499094, 131.028, 0.000632542, -140.136
3652, 60.86667, 0.499538, 130.999, 0.000633212, -140.165
3653, 60.87500, 0.499982, 130.97, 0.000633884, -140.194
3653, 60.88333, 0.500427, 130.941, 0.000634556, -140.223
3654, 60.89167, 0.500873, 130.913, 0.000635231, -140.252
3654, 60.90000, 0.50132, 130.884, 0.000635906, -140.281
3655, 60.90833, 0.501768, 130.855, 0.000636583, -140.311
3655, 60.91667, 0.502217, 130.826, 0.000637262, -140.34
3656, 60.92500, 0.502667, 130.796, 0.000637942, -140.369
3656, 60.93333, 0.503117, 130.767, 0.000638623, -140.399
3657, 60.94167, 0.503569, 130.738, 0.000639305, -140.428
3657, 60.95000, 0.504021, 130.709, 0.000639989, -140.458
3658, 60.95833, 0.504475, 130.679, 0.000640675, -140.487
3658, 60.96667, 0.504929, 130.65, 0.000641361, -140.517
3659, 60.97500, 0.505385, 130.62, 0.000642049, -140.547
3659, 60.98333, 0.505841, 130.591, 0.000642739, -140.577
3660, 60.99167, 0.506298, 130.561, 0.00064343, -140.606
3660, 61.00000, 0.506756, 130.532, 0.000644122, -140.636
3661, 61.00833, 0.507215, 130.502, 0.000644816, -140.666
3661, 61.01667, 0.507675, 130.472, 0.000645511, -140.696
3662, 61.02500, 0.508136, 130.443, 0.000646207, -140.726
3662, 61.03333, 0.508598, 130.413, 0.000646905, -140.756
3663, 61.04167, 0.509061, 130.383, 0.000647605, -140.787
3663, 61.05000, 0.509525, 130.353, 0.000648306, -140.817
3664, 61.05833, 0.50999, 130.323, 0.000649008, -140.847
3664, 61.06667, 0.510455, 130.293, 0.000649712, -140.877
3665, 61.07500, 0.510922, 130.262, 0.000650417, -140.908
3665, 61.08333, 0.51139, 130.232, 0.000651123, -140.938
3666, 61.09167, 0.511858, 130.202, 0.000651831, -140.969
3666, 61.10000, 0.512328, 130.172, 0.000652541, -140.999
3667, 61.10833, 0.512798, 130.141, 0.000653251, -141.03
3667, 61.11667, 0.51327, 130.111, 0.000653964, -141.061
3668, 61.12500, 0.513743, 130.08, 0.000654678, -141.091
3668, 61.13333, 0.514216, 130.05, 0.000655393, -141.122
3669, 61.14167, 0.514691, 130.019, 0.00065611, -141.153
3669, 61.15000, 0.515166, 129.989, 0.000656828, -141.184
3670, 61.15833, 0.515642, 129.958, 0.000657548, -141.215
3670, 61.16667, 0.51612, 129.927, 0.000658269, -141.246
3671, 61.17500, 0.516598, 129.896, 0.000658991, -141.277
3671, 61.18333, 0.517078, 129.865, 0.000659716, -141.308
3672, 61.19167, 0.517558, 129.834, 0.000660441, -141.34
3672, 61.20000, 0.51804, 129.803, 0.000661168, -141.371
3673, 61.20833, 0.518522, 129.772, 0.000661897, -141.402
3673, 61.21667, 0.519005, 129.741, 0.000662627, -141.434
3674, 61.22500, 0.51949, 129.71, 0.000663359, -141.465
3674, 61.23333, 0.519975, 129.678, 0.000664092, -141.497
3675, 61.24167, 0.520462, 129.647, 0.000664827, -141.528
3675, 61.25000, 0.520949, 129.616, 0.000665563, -141.56
3676, 61.25833, 0.521438, 129.584, 0.000666301, -141.592
3676, 61.26667, 0.521927, 129.553, 0.00066704, -141.623
3677, 61.27500, 0.522418, 129.521, 0.000667781, -141.655
3677, 61.28333, 0.522909, 129.489, 0.000668523, -141.687
3678, 61.29167, 0.523402, 129.458, 0.000669267, -141.719
3678, 61.30000, 0.523896, 129.426, 0.000670012, -141.751
3679, 61.30833, 0.52439, 129.394, 0.000670759, -141.783
3679, 61.31667, 0.524886, 129.362, 0.000671508, -141.816
3680, 61.32500, 0.525383, 129.33, 0.000672258, -141.848
3680, 61.33333, 0.52588, 129.298, 0.000673009, -141.88
3681, 61.34167, 0.526379, 129.266, 0.000673763, -141.912
3681, 61.35000, 0.526879, 129.234, 0.000674517, -141.945
3682, 61.35833, 0.52738, 129.202, 0.000675274, -141.977
3682, 61.36667, 0.527882, 129.169, 0.000676032, -142.01
3683, 61.37500, 0.528385, 129.137, 0.000676791, -142.043
3683, 61.38333, 0.528889, 129.104, 0.000677552, -142.075
3684, 61.39167, 0.529394, 129.072, 0.000678315, -142.108
3684, 61.40000, 0.5299, 129.039, 0.000679079, -142.141
3685, 61.40833, 0.530407, 129.007, 0.000679845, -142.174
3685, 61.41667, 0.530916, 128.974, 0.000680613, -142.207
3686, 61.42500, 0.531425, 128.941, 0.000681382, -142.24
3686, 61.43333, 0.531936, 128.908, 0.000682152, -142.273
3687, 61.44167, 0.532447, 128.876, 0.000682925, -142.306
3687, 61.45000, 0.53296, 128.843, 0.000683699, -142.339
3688, 61.45833, 0.533474, 128.81, 0.000684474, -142.372
3688, 61.46667, 0.533988, 128.776, 0.000685251, -142.406
3689, 61.47500, 0.534504, 128.743, 0.00068603, -142.439
3689, 61.48333, 0.535021, 128.71, 0.000686811, -142.473
3690, 61.49167, 0.535539, 128.677, 0.000687593, -142.506
3690, 61.50000, 0.536058, 128.643, 0.000688376, -142.54
3691, 61.50833, 0.536579, 128.61, 0.000689162, -142.574
3691, 61.51667, 0.5371, 128.576, 0.000689949, -142.607
3692, 61.52500, 0.537623, 128.543, 0.000690738, -142.641
3692, 61.53333, 0.538146, 128.509, 0.000691528, -142.675
3693, 61.54167, 0.538671, 128.475, 0.00069232, -142.709
3693, 61.55000, 0.539197, 128.442, 0.000693114, -142.743
3694, 61.55833, 0.539724, 128.408, 0.000693909, -142.777
3694, 61.56667, 0.540252, 128.374, 0.000694706, -142.811
3695, 61.57500, 0.540781, 128.34, 0.000695505, -142.846
3695, 61.58333, 0.541311, 128.306, 0.000696306, -142.88
3696, 61.59167, 0.541843, 128.272, 0.000697108, -142.914
3696, 61.60000, 0.542375, 128.237, 0.000697912, -142.949
3697, 61.60833, 0.542909, 128.203, 0.000698717, -142.984
3697, 61.61667, 0.543444, 128.169, 0.000699524, -143.018
3698, 61.62500, 0.543979, 128.134, 0.000700333, -143.053
3698, 61.63333, 0.544517, 128.1, 0.000701144, -143.088
3699, 61.64167, 0.545055, 128.065, 0.000701957, -143.122
3699, 61.65000, 0.545594, 128.031, 0.000702771, -143.157
3700, 61.65833, 0.546135, 127.996, 0.000703587, -143.192
3700, 61.66667, 0.546677, 127.961, 0.000704404, -143.227
3701, 61.67500, 0.547219, 127.926, 0.000705224, -143.262
3701, 61.68333, 0.547763, 127.891, 0.000706045, -143.298
3702, 61.69167, 0.548309, 127.856, 0.000706868, -143.333
3702, 61.70000, 0.548855, 127.821, 0.000707692, -143.368
3703, 61.70833, 0.549402, 127.786, 0.000708519, -143.404
3703, 61.71667, 0.549951, 127.751, 0.000709347, -143.439
3704, 61.72500, 0.550501, 127.715, 0.000710177, -143.475
3704, 61.73333, 0.551052, 127.68, 0.000711008, -143.51
3705, 61.74167, 0.551604, 127.645, 0.000711842, -143.546
3705, 61.75000, 0.552158, 127.609, 0.000712677, -143.582
3706, 61.75833, 0.552712, 127.573, 0.000713514, -143.618
3706, 61.76667, 0.553268, 127.538, 0.000714353, -143.654
3707, 61.77500, 0.553825, 127.502, 0.000715194, -143.69
3707, 61.78333, 0.554383, 127.466, 0.000716036, -143.726
3708, 61.79167, 0.554943, 127.43, 0.000716881, -143.762
3708, 61.80000, 0.555503, 127.394, 0.000717727, -143.798
3709, 61.80833, 0.556065, 127.358, 0.000718574, -143.835
3709, 61.81667, 0.556628, 127.322, 0.000719424, -143.871
3710, 61.82500, 0.557192, 127.286, 0.000720276, -143.908
3710, 61.83333, 0.557758, 127.249, 0.000721129, -143.944
3711, 61.84167, 0.558324, 127.213, 0.000721984, -143.981
3711, 61.85000, 0.558892, 127.176, 0.000722841, -144.018
3712, 61.85833, 0.559461, 127.14, 0.0007237, -144.055
3712, 61.86667, 0.560032, 127.103, 0.000724561, -144.091
3713, 61.87500, 0.560603, 127.067, 0.000725424, -144.128
3713, 61.88333, 0.561176, 127.03, 0.000726288, -144.165
3714, 61.89167, 0.56175, 126.993, 0.000727155, -144.203
3714, 61.90000, 0.562325, 126.956, 0.000728023, -144.24
3715, 61.90833, 0.562902, 126.919, 0.000728893, -144.277
3715, 61.91667, 0.56348, 126.882, 0.000729765, -144.314
3716, 61.92500, 0.564059, 126.845, 0.000730639, -144.352
3716, 61.93333, 0.564639, 126.807, 0.000731514, -144.389
3717, 61.94167, 0.56522, 126.77, 0.000732392, -144.427
3717, 61.95000, 0.565803, 126.732, 0.000733272, -144.465
3718, 61.95833, 0.566387, 126.695, 0.000734153, -144.503
3718, 61.96667, 0.566973, 126.657, 0.000735037, -144.541
3719, 61.97500, 0.567559, 126.62, 0.000735922, -144.578
3719, 61.98333, 0.568147, 126.582, 0.000736809, -144.617
3720, 61.99167, 0.568736, 126.544, 0.000737698, -144.655
3720, 62.00000, 0.569327, 126.506, 0.000738589, -144.693
3721, 62.00833, 0.569918, 126.468, 0.000739482, -144.731
3721, 62.01667, 0.570511, 126.43, 0.000740377, -144.77
3722, 62.02500, 0.571105, 126.392, 0.000741274, -144.808
3722, 62.03333, 0.571701, 126.353, 0.000742173, -144.847
3723, 62.04167, 0.572298, 126.315, 0.000743074, -144.885
3723, 62.05000, 0.572896, 126.277, 0.000743977, -144.924
3724, 62.05833, 0.573496, 126.238, 0.000744881, -144.963
3724, 62.06667, 0.574096, 126.199, 0.000745788, -145.002
3725, 62.07500, 0.574698, 126.161, 0.000746697, -145.041
3725, 62.08333, 0.575302, 126.122, 0.000747608, -145.08
3726, 62.09167, 0.575907, 126.083, 0.00074852, -145.119
3726, 62.10000, 0.576513, 126.044, 0.000749435, -145.158
3727, 62.10833, 0.57712, 126.005, 0.000750352, -145.197
3727, 62.11667, 0.577729, 125.966, 0.000751271, -145.237
3728, 62.12500, 0.578339, 125.926, 0.000752191, -145.276
3728, 62.13333, 0.57895, 125.887, 0.000753114, -145.316
3729, 62.14167, 0.579563, 125.848, 0.000754039, -145.356
3729, 62.15000, 0.580177, 125.808, 0.000754965, -145.395
3730, 62.15833, 0.580792, 125.769, 0.000755894, -145.435
3730, 62.16667, 0.581409, 125.729, 0.000756825, -145.475
3731, 62.17500, 0.582027, 125.689, 0.000757758, -145.515
3731, 62.18333, 0.582646, 125.649, 0.000758693, -145.556
3732, 62.19167, 0.583267, 125.609, 0.00075963, -145.596
3732, 62.20000, 0.583889, 125.569, 0.000760569, -145.636
3733, 62.20833, 0.584513, 125.529, 0.00076151, -145.677
3733, 62.21667, 0.585138, 125.489, 0.000762453, -145.717
3734, 62.22500, 0.585764, 125.448, 0.000763399, -145.758
3734, 62.23333, 0.586392, 125.408, 0.000764346, -145.798
3735, 62.24167, 0.587021, 125.367, 0.000765295, -145.839
3735, 62.25000, 0.587651, 125.327, 0.000766247, -145.88
3736, 62.25833, 0.588283, 125.286, 0.000767201, -145.921
3736, 62.26667, 0.588916, 125.245, 0.000768156, -145.962
3737, 62.27500, 0.58955, 125.204, 0.000769114, -146.003
3737, 62.28333, 0.590186, 125.163, 0.000770074, -146.045
3738, 62.29167, 0.590824, 125.122, 0.000771036, -146.086
3738, 62.30000, 0.591462, 125.081, 0.000772, -146.127
3739, 62.30833, 0.592103, 125.04, 0.000772967, -146.169
3739, 62.31667, 0.592744, 124.998, 0.000773935, -146.211
3740, 62.32500, 0.593387, 124.957, 0.000774906, -146.252
3740, 62.33333, 0.594031, 124.915, 0.000775879, -146.294
3741, 62.34167, 0.594677, 124.874, 0.000776854, -146.336
3741, 62.35000, 0.595325, 124.832, 0.000777831, -146.378
3742, 62.35833, 0.595973, 124.79, 0.00077881, -146.42
3742, 62.36667, 0.596623, 124.748, 0.000779791, -146.463
3743, 62.37500, 0.597275, 124.706, 0.000780775, -146.505
3743, 62.38333, 0.597928, 124.664, 0.000781761, -146.547
3744, 62.39167, 0.598582, 124.621, 0.000782749, -146.59
3744, 62.40000, 0.599238, 124.579, 0.000783739, -146.633
3745, 62.40833, 0.599895, 124.537, 0.000784731, -146.675
3745, 62.41667, 0.600554, 124.494, 0.000785726, -146.718
3746, 62.42500, 0.601214, 124.451, 0.000786723, -146.761
3746, 62.43333, 0.601876, 124.409, 0.000787722, -146.804
3747, 62.44167, 0.602539, 124.366, 0.000788723, -146.847
3747, 62.45000, 0.603204, 124.323, 0.000789726, -146.891
3748, 62.45833, 0.60387, 124.28, 0.000790732, -146.934
3748, 62.46667, 0.604537, 124.236, 0.00079174, -146.977
3749, 62.47500, 0.605206, 124.193, 0.00079275, -147.021
3749, 62.48333, 0.605877, 124.15, 0.000793763, -147.065
3750, 62.49167, 0.606549, 124.106, 0.000794777, -147.108
3750, 62.50000, 0.607222, 124.063, 0.000795794, -147.152
3751, 62.50833, 0.607897, 124.019, 0.000796813, -147.196
3751, 62.51667, 0.608574, 123.975, 0.000797835, -147.24
3752, 62.52500, 0.609252, 123.931, 0.000798859, -147.284
3752, 62.53333, 0.609931, 123.887, 0.000799885, -147.329
3753, 62.54167, 0.610612, 123.843, 0.000800913, -147.373
3753, 62.55000, 0.611295, 123.799, 0.000801944, -147.418
3754, 62.55833, 0.611979, 123.754, 0.000802977, -147.462
3754, 62.56667, 0.612664, 123.71, 0.000804012, -147.507
3755, 62.57500, 0.613351, 123.665, 0.00080505, -147.552
3755, 62.58333, 0.61404, 123.621, 0.000806089, -147.597
3756, 62.59167, 0.61473, 123.576, 0.000807132, -147.642
3756, 62.60000, 0.615421, 123.531, 0.000808176, -147.687
3757, 62.60833, 0.616115, 123.486, 0.000809223, -147.732
3757, 62.61667, 0.616809, 123.441, 0.000810272, -147.778
3758, 62.62500, 0.617506, 123.396, 0.000811324, -147.823
3758, 62.63333, 0.618203, 123.35, 0.000812378, -147.869
3759, 62.64167, 0.618903, 123.305, 0.000813434, -147.915
3759, 62.65000, 0.619604, 123.259, 0.000814493, -147.96
3760, 62.65833, 0.620306, 123.214, 0.000815554, -148.006
3760, 62.66667, 0.62101, 123.168, 0.000816618, -148.052
3761, 62.67500, 0.621716, 123.122, 0.000817683, -148.099
3761, 62.68333, 0.622423, 123.076, 0.000818752, -148.145
3762, 62.69167, 0.623132, 123.03, 0.000819822, -148.191
3762, 62.70000, 0.623842, 122.984, 0.000820895, -148.238
3763, 62.70833, 0.624554, 122.937, 0.000821971, -148.284
3763, 62.71667, 0.625267, 122.891, 0.000823049, -148.331
3764, 62.72500, 0.625982, 122.844, 0.000824129, -148.378
3764, 62.73333, 0.626699, 122.797, 0.000825212, -148.425
3765, 62.74167, 0.627417, 122.751, 0.000826297, -148.472
3765, 62.75000, 0.628137, 122.704, 0.000827384, -148.519
3766, 62.75833, 0.628859, 122.657, 0.000828474, -148.567
3766, 62.76667, 0.629582, 122.609, 0.000829567, -148.614
3767, 62.77500, 0.630306, 122.562, 0.000830662, -148.662
3767, 62.78333, 0.631033, 122.515, 0.000831759, -148.709
3768, 62.79167, 0.63176, 122.467, 0.000832859, -148.757
3768, 62.80000, 0.63249, 122.42, 0.000833962, -148.805
3769, 62.80833, 0.633221, 122.372, 0.000835066, -148.853
3769, 62.81667, 0.633954, 122.324, 0.000836174, -148.901
3770, 62.82500, 0.634688, 122.276, 0.000837284, -148.95
3770, 62.83333, 0.635424, 122.228, 0.000838396, -148.998
3771, 62.84167, 0.636162, 122.179, 0.000839511, -149.046
3771, 62.85000, 0.636901, 122.131, 0.000840628, -149.095
3772, 62.85833, 0.637642, 122.083, 0.000841748, -149.144
3772, 62.86667, 0.638385, 122.034, 0.000842871, -149.193
3773, 62.87500, 0.639129, 121.985, 0.000843995, -149.242
3773, 62.88333, 0.639875, 121.936, 0.000845123, -149.291
3774, 62.89167, 0.640623, 121.887, 0.000846253, -149.34
3774, 62.90000, 0.641372, 121.838, 0.000847386, -149.39
3775, 62.90833, 0.642123, 121.789, 0.000848521, -149.439
3775, 62.91667, 0.642876, 121.739, 0.000849658, -149.489
3776, 62.92500, 0.64363, 121.69, 0.000850799, -149.539
3776, 62.93333, 0.644386, 121.64, 0.000851942, -149.589
3777, 62.94167, 0.645144, 121.591, 0.000853087, -149.639
3777, 62.95000, 0.645903, 121.541, 0.000854235, -149.689
3778, 62.95833, 0.646664, 121.491, 0.000855386, -149.739
3778, 62.96667, 0.647427, 121.44, 0.000856539, -149.79
3779, 62.97500, 0.648191, 121.39, 0.000857695, -149.84
3779, 62.98333, 0.648958, 121.34, 0.000858853, -149.891
3780, 62.99167, 0.649725, 121.289, 0.000860014, -149.942
3780, 63.00000, 0.650495, 121.239, 0.000861178, -149.993
3781, 63.00833, 0.651266, 121.188, 0.000862344, -150.044
3781, 63.01667, 0.652039, 121.137, 0.000863513, -150.095
3782, 63.02500, 0.652814, 121.086, 0.000864685, -150.146
3782, 63.03333, 0.653591, 121.034, 0.000865859, -150.198
3783, 63.04167, 0.654369, 120.983, 0.000867036, -150.249
3783, 63.05000, 0.655149, 120.932, 0.000868215, -150.301
3784, 63.05833, 0.65593, 120.88, 0.000869398, -150.353
3784, 63.06667, 0.656714, 120.828, 0.000870583, -150.405
3785, 63.07500, 0.657499, 120.776, 0.00087177, -150.457
3785, 63.08333, 0.658286, 120.724, 0.00087296, -150.509
3786, 63.09167, 0.659075, 120.672, 0.000874153, -150.562
3786, 63.10000, 0.659865, 120.62, 0.000875349, -150.614
3787, 63.10833, 0.660657, 120.567, 0.000876547, -150.667
3787, 63.11667, 0.661451, 120.515, 0.000877749, -150.72
3788, 63.12500, 0.662247, 120.462, 0.000878952, -150.773
3788, 63.13333, 0.663044, 120.409, 0.000880159, -150.826
3789, 63.14167, 0.663844, 120.356, 0.000881368, -150.879
3789, 63.15000, 0.664645, 120.303, 0.00088258, -150.933
3790, 63.15833, 0.665447, 120.25, 0.000883795, -150.986
3790, 63.16667, 0.666252, 120.196, 0.000885012, -151.04
3791, 63.17500, 0.667058, 120.143, 0.000886233, -151.094
3791, 63.18333, 0.667867, 120.089, 0.000887455, -151.148
3792, 63.19167, 0.668677, 120.035, 0.000888681, -151.202
3792, 63.20000, 0.669488, 119.981, 0.00088991, -151.256
3793, 63.20833, 0.670302, 119.927, 0.000891141, -151.311
3793, 63.21667, 0.671117, 119.873, 0.000892375, -151.365
3794, 63.22500, 0.671935, 119.818, 0.000893612, -151.42
3794, 63.23333, 0.672754, 119.764, 0.000894852, -151.475
3795, 63.24167, 0.673575, 119.709, 0.000896094, -151.53
3795, 63.25000, 0.674397, 119.654, 0.000897339, -151.585
3796, 63.25833, 0.675222, 119.599, 0.000898588, -151.64
3796, 63.26667, 0.676048, 119.544, 0.000899839, -151.696
3797, 63.27500, 0.676876, 119.489, 0.000901092, -151.751
3797, 63.28333, 0.677706, 119.433, 0.000902349, -151.807
3798, 63.29167, 0.678538, 119.378, 0.000903608, -151.863
3798, 63.30000, 0.679372, 119.322, 0.00090487, -151.919
3799, 63.30833, 0.680207, 119.266, 0.000906135, -151.975
3799, 63.31667, 0.681044, 119.21, 0.000907404, -152.032
3800, 63.32500, 0.681884, 119.154, 0.000908674, -152.088
3800, 63.33333, 0.682725, 119.097, 0.000909948, -152.145
3801, 63.34167, 0.683568, 119.041, 0.000911225, -152.202
3801, 63.35000, 0.684412, 118.984, 0.000912504, -152.259
3802, 63.35833, 0.685259, 118.927, 0.000913786, -152.316
3802, 63.36667, 0.686108, 118.87, 0.000915072, -152.373
3803, 63.37500, 0.686958, 118.813, 0.00091636, -152.431
3803, 63.38333, 0.68781, 118.756, 0.000917651, -152.488
3804, 63.39167, 0.688664, 118.698, 0.000918945, -152.546
3804, 63.40000, 0.68952, 118.64, 0.000920241, -152.604
3805, 63.40833, 0.690378, 118.583, 0.000921541, -152.662
3805, 63.41667, 0.691238, 118.525, 0.000922844, -152.72
3806, 63.42500, 0.6921, 118.466, 0.000924149, -152.779
3806, 63.43333, 0.692963, 118.408, 0.000925458, -152.837
3807, 63.44167, 0.693829, 118.35, 0.000926769, -152.896
3807, 63.45000, 0.694696, 118.291, 0.000928084, -152.955
3808, 63.45833, 0.695566, 118.232, 0.000929401, -153.014
3808, 63.46667, 0.696437, 118.173, 0.000930722, -153.073
3809, 63.47500, 0.69731, 118.114, 0.000932045, -153.133
3809, 63.48333, 0.698185, 118.055, 0.000933371, -153.192
3810, 63.49167, 0.699062, 117.995, 0.0009347, -153.252
3810, 63.50000, 0.699941, 117.936, 0.000936033, -153.312
3811, 63.50833, 0.700822, 117.876, 0.000937368, -153.372
3811, 63.51667, 0.701704, 117.816, 0.000938706, -153.432
3812, 63.52500, 0.702589, 117.756, 0.000940047, -153.493
3812, 63.53333, 0.703476, 117.696, 0.000941391, -153.553
3813, 63.54167, 0.704364, 117.635, 0.000942739, -153.614
3813, 63.55000, 0.705255, 117.575, 0.000944089, -153.675
3814, 63.55833, 0.706147, 117.514, 0.000945442, -153.736
3814, 63.56667, 0.707041, 117.453, 0.000946798, -153.797
3815, 63.57500, 0.707938, 117.392, 0.000948157, -153.859
3815, 63.58333, 0.708836, 117.33, 0.00094952, -153.92
3816, 63.59167, 0.709736, 117.269, 0.000950885, -153.982
3816, 63.60000, 0.710638, 117.207, 0.000952253, -154.044
3817, 63.60833, 0.711542, 117.145, 0.000953625, -154.106
3817, 63.61667, 0.712449, 117.083, 0.000954999, -154.168
3818, 63.62500, 0.713357, 117.021, 0.000956377, -154.231
3818, 63.63333, 0.714266, 116.959, 0.000957757, -154.294
3819, 63.64167, 0.715179, 116.896, 0.000959141, -154.356
3819, 63.65000, 0.716092, 116.833, 0.000960528, -154.419
3820, 63.65833, 0.717008, 116.77, 0.000961918, -154.483
3820, 63.66667, 0.717926, 116.707, 0.000963311, -154.546
3821, 63.67500, 0.718846, 116.644, 0.000964707, -154.61
3821, 63.68333, 0.719768, 116.581, 0.000966106, -154.673
3822, 63.69167, 0.720692, 116.517, 0.000967508, -154.737
3822, 63.70000, 0.721618, 116.453, 0.000968913, -154.801
3823, 63.70833, 0.722545, 116.389, 0.000970321, -154.866
3823, 63.71667, 0.723475, 116.325, 0.000971733, -154.93
3824, 63.72500, 0.724407, 116.26, 0.000973148, -154.995
3824, 63.73333, 0.725341, 116.196, 0.000974565, -155.06
3825, 63.74167, 0.726277, 116.131, 0.000975986, -155.125
3825, 63.75000, 0.727214, 116.066, 0.00097741, -155.19
3826, 63.75833, 0.728154, 116.001, 0.000978837, -155.256
3826, 63.76667, 0.729096, 115.936, 0.000980268, -155.321
3827, 63.77500, 0.73004, 115.87, 0.000981701, -155.387
3827, 63.78333, 0.730985, 115.804, 0.000983137, -155.453
3828, 63.79167, 0.731933, 115.738, 0.000984577, -155.519
3828, 63.80000, 0.732883, 115.672, 0.00098602, -155.586
3829, 63.80833, 0.733835, 115.606, 0.000987466, -155.652
3829, 63.81667, 0.734789, 115.539, 0.000988915, -155.719
3830, 63.82500, 0.735744, 115.473, 0.000990367, -155.786
3830, 63.83333, 0.736702, 115.406, 0.000991822, -155.853
3831, 63.84167, 0.737662, 115.339, 0.000993281, -155.921
3831, 63.85000, 0.738624, 115.271, 0.000994743, -155.988
3832, 63.85833, 0.739588, 115.204, 0.000996208, -156.056
3832, 63.86667, 0.740554, 115.136, 0.000997676, -156.124
3833, 63.87500, 0.741522, 115.068, 0.000999147, -156.192
3833, 63.88333, 0.742492, 115, 0.00100062, -156.261
3834, 63.89167, 0.743464, 114.932, 0.0010021, -156.329
3834, 63.90000, 0.744438, 114.863, 0.00100358, -156.398
3835, 63.90833, 0.745414, 114.795, 0.00100506, -156.467
3835, 63.91667, 0.746392, 114.726, 0.00100655, -156.536
3836, 63.92500, 0.747372, 114.656, 0.00100804, -156.606
3836, 63.93333, 0.748354, 114.587, 0.00100954, -156.675
3837, 63.94167, 0.749339, 114.518, 0.00101103, -156.745
3837, 63.95000, 0.750325, 114.448, 0.00101253, -156.815
3838, 63.95833, 0.751313, 114.378, 0.00101404, -156.885
3838, 63.96667, 0.752304, 114.308, 0.00101554, -156.956
3839, 63.97500, 0.753296, 114.237, 0.00101705, -157.026
3839, 63.98333, 0.75429, 114.167, 0.00101857, -157.097
3840, 63.99167, 0.755287, 114.096, 0.00102008, -157.168
3840, 64.00000, 0.756285, 114.025, 0.0010216, -157.24
3841, 64.00833, 0.757286, 113.954, 0.00102312, -157.311
3841, 64.01667, 0.758288, 113.882, 0.00102465, -157.383
3842, 64.02500, 0.759293, 113.81, 0.00102618, -157.455
3842, 64.03333, 0.760299, 113.739, 0.00102771, -157.527
3843, 64.04166, 0.761308, 113.666, 0.00102925, -157.6
3843, 64.05000, 0.762319, 113.594, 0.00103079, -157.672
3844, 64.05833, 0.763331, 113.522, 0.00103233, -157.745
3844, 64.06667, 0.764346, 113.449, 0.00103387, -157.818
3845, 64.07500, 0.765363, 113.376, 0.00103542, -157.891
3845, 64.08334, 0.766382, 113.302, 0.00103697, -157.965
3846, 64.09167, 0.767403, 113.229, 0.00103853, -158.039
3846, 64.10000, 0.768426, 113.155, 0.00104009, -158.113
3847, 64.10833, 0.769451, 113.081, 0.00104165, -158.187
3847, 64.11667, 0.770478, 113.007, 0.00104321, -158.261
3848, 64.12500, 0.771507, 112.933, 0.00104478, -158.336
3848, 64.13333, 0.772538, 112.858, 0.00104635, -158.411
3849, 64.14167, 0.773571, 112.784, 0.00104793, -158.486
3849, 64.15000, 0.774606, 112.708, 0.0010495, -158.561
3850, 64.15833, 0.775643, 112.633, 0.00105108, -158.637
3850, 64.16666, 0.776682, 112.558, 0.00105267, -158.713
3851, 64.17500, 0.777723, 112.482, 0.00105426, -158.789
3851, 64.18333, 0.778767, 112.406, 0.00105585, -158.865
3852, 64.19167, 0.779812, 112.33, 0.00105744, -158.942
3852, 64.20000, 0.780859, 112.253, 0.00105904, -159.018
3853, 64.20834, 0.781909, 112.176, 0.00106064, -159.095
3853, 64.21667, 0.78296, 112.1, 0.00106224, -159.173
3854, 64.22500, 0.784013, 112.022, 0.00106385, -159.25
3854, 64.23333, 0.785069, 111.945, 0.00106546, -159.328
3855, 64.24167, 0.786126, 111.867, 0.00106707, -159.406
3855, 64.25000, 0.787185, 111.789, 0.00106869, -159.484
3856, 64.25833, 0.788247, 111.711, 0.00107031, -159.562
3856, 64.26667, 0.78931, 111.633, 0.00107193, -159.641
3857, 64.27500, 0.790376, 111.554, 0.00107356, -159.72
3857, 64.28333, 0.791443, 111.475, 0.00107519, -159.799
3858, 64.29166, 0.792513, 111.396, 0.00107682, -159.879
3858, 64.30000, 0.793584, 111.317, 0.00107845, -159.958
3859, 64.30833, 0.794657, 111.237, 0.00108009, -160.038
3859, 64.31667, 0.795733, 111.157, 0.00108174, -160.118
3860, 64.32500, 0.79681, 111.077, 0.00108338, -160.199
3860, 64.33334, 0.79789, 110.997, 0.00108503, -160.28
3861, 64.34167, 0.798971, 110.916, 0.00108668, -160.361
3861, 64.35000, 0.800054, 110.835, 0.00108834, -160.442
3862, 64.35833, 0.80114, 110.754, 0.00109, -160.523
3862, 64.36667, 0.802227, 110.672, 0.00109166, -160.605
3863, 64.37500, 0.803316, 110.591, 0.00109332, -160.687
3863, 64.38333, 0.804407, 110.509, 0.00109499, -160.769
3864, 64.39167, 0.805501, 110.426, 0.00109666, -160.852
3864, 64.40000, 0.806596, 110.344, 0.00109833, -160.935
3865, 64.40833, 0.807693, 110.261, 0.00110001, -161.018
3865, 64.41666, 0.808792, 110.178, 0.00110169, -161.101
3866, 64.42500, 0.809893, 110.095, 0.00110338, -161.184
3866, 64.43333, 0.810996, 110.011, 0.00110506, -161.268
3867, 64.44167, 0.812101, 109.927, 0.00110675, -161.352
3867, 64.45000, 0.813207, 109.843, 0.00110845, -161.437
3868, 64.45834, 0.814316, 109.759, 0.00111014, -161.521
3868, 64.46667, 0.815427, 109.674, 0.00111184, -161.606
3869, 64.47500, 0.816539, 109.589, 0.00111354, -161.692
3869, 64.48333, 0.817653, 109.504, 0.00111525, -161.777
3870, 64.49167, 0.81877, 109.419, 0.00111696, -161.863
3870, 64.50000, 0.819888, 109.333, 0.00111867, -161.949
3871, 64.50833, 0.821008, 109.247, 0.00112039, -162.035
3871, 64.51667, 0.82213, 109.161, 0.0011221, -162.122
3872, 64.52500, 0.823253, 109.074, 0.00112383, -162.209
3872, 64.53333, 0.824379, 108.987, 0.00112555, -162.296
3873, 64.54166, 0.825507, 108.9, 0.00112728, -162.383
3873, 64.55000, 0.826636, 108.813, 0.00112901, -162.471
3874, 64.55833, 0.827767, 108.725, 0.00113074, -162.559
3874, 64.56667, 0.8289, 108.637, 0.00113248, -162.647
3875, 64.57500, 0.830035, 108.549, 0.00113422, -162.736
3875, 64.58334, 0.831171, 108.46, 0.00113596, -162.825
3876, 64.59167, 0.83231, 108.371, 0.0011377, -162.914
3876, 64.60000, 0.83345, 108.282, 0.00113945, -163.003
3877, 64.60833, 0.834592, 108.193, 0.0011412, -163.093
3877, 64.61667, 0.835736, 108.103, 0.00114296, -163.183
3878, 64.62500, 0.836881, 108.013, 0.00114472, -163.273
3878, 64.63333, 0.838028, 107.923, 0.00114648, -163.364
3879, 64.64167, 0.839178, 107.832, 0.00114824, -163.455
3879, 64.65000, 0.840328, 107.741, 0.00115001, -163.546
3880, 64.65833, 0.841481, 107.65, 0.00115178, -163.638
3880, 64.66666, 0.842635, 107.558, 0.00115355, -163.73
3881, 64.67500, 0.843791, 107.466, 0.00115532, -163.822
3881, 64.68333, 0.844948, 107.374, 0.0011571, -163.914
3882, 64.69167, 0.846108, 107.282, 0.00115888, -164.007
3882, 64.70000, 0.847269, 107.189, 0.00116066, -164.1
3883, 64.70834, 0.848431, 107.096, 0.00116245, -164.193
3883, 64.71667, 0.849596, 107.003, 0.00116424, -164.287
3884, 64.72500, 0.850762, 106.909, 0.00116603, -164.381
3884, 64.73333, 0.851929, 106.815, 0.00116783, -164.475
3885, 64.74167, 0.853098, 106.72, 0.00116962, -164.57
3885, 64.75000, 0.854269, 106.626, 0.00117142, -164.665
3886, 64.75833, 0.855441, 106.531, 0.00117323, -164.76
3886, 64.76667, 0.856615, 106.436, 0.00117503, -164.856
3887, 64.77500, 0.857791, 106.34, 0.00117684, -164.952
3887, 64.78333, 0.858968, 106.244, 0.00117865, -165.048
3888, 64.79166, 0.860146, 106.148, 0.00118046, -165.144
3888, 64.80000, 0.861326, 106.051, 0.00118228, -165.241
3889, 64.80833, 0.862508, 105.954, 0.0011841, -165.338
3889, 64.81667, 0.863691, 105.857, 0.00118592, -165.436
3890, 64.82500, 0.864875, 105.76, 0.00118775, -165.534
3890, 64.83334, 0.866061, 105.662, 0.00118957, -165.632
3891, 64.84167, 0.867249, 105.564, 0.0011914, -165.73
3891, 64.85000, 0.868437, 105.465, 0.00119323, -165.829
3892, 64.85833, 0.869628, 105.366, 0.00119507, -165.928
3892, 64.86667, 0.870819, 105.267, 0.0011969, -166.028
3893, 64.87500, 0.872012, 105.168, 0.00119874, -166.128
3893, 64.88333, 0.873206, 105.068, 0.00120058, -166.228
3894, 64.89167, 0.874402, 104.968, 0.00120243, -166.328
3894, 64.90000, 0.875599, 104.867, 0.00120427, -166.429
3895, 64.90833, 0.876797, 104.766, 0.00120612, -166.53
3895, 64.91666, 0.877997, 104.665, 0.00120797, -166.632
3896, 64.92500, 0.879198, 104.563, 0.00120983, -166.734
3896, 64.93333, 0.8804, 104.461, 0.00121168, -166.836
3897, 64.94167, 0.881603, 104.359, 0.00121354, -166.938
3897, 64.95000, 0.882807, 104.257, 0.0012154, -167.041
3898, 64.95834, 0.884013, 104.154, 0.00121726, -167.144
3898, 64.96667, 0.88522, 104.05, 0.00121913, -167.248
3899, 64.97500, 0.886428, 103.947, 0.00122099, -167.352
3899, 64.98333, 0.887637, 103.843, 0.00122286, -167.456
3900, 64.99167, 0.888847, 103.738, 0.00122473, -167.561
3900, 65.00000, 0.890058, 103.634, 0.00122661, -167.666
3901, 65.00833, 0.89127, 103.528, 0.00122848, -167.771
3901, 65.01667, 0.892484, 103.423, 0.00123036, -167.877
3902, 65.02500, 0.893698, 103.317, 0.00123224, -167.983
3902, 65.03333, 0.894913, 103.211, 0.00123412, -168.09
3903, 65.04166, 0.896129, 103.105, 0.001236, -168.197
3903, 65.05000, 0.897346, 102.998, 0.00123789, -168.304
3904, 65.05833, 0.898564, 102.89, 0.00123977, -168.411
3904, 65.06667, 0.899783, 102.783, 0.00124166, -168.519
3905, 65.07500, 0.901003, 102.675, 0.00124355, -168.628
3905, 65.08334, 0.902224, 102.566, 0.00124544, -168.736
3906, 65.09167, 0.903445, 102.458, 0.00124733, -168.845
3906, 65.10000, 0.904667, 102.349, 0.00124923, -168.955
3907, 65.10833, 0.90589, 102.239, 0.00125113, -169.064
3907, 65.11667, 0.907113, 102.129, 0.00125302, -169.175
3908, 65.12500, 0.908338, 102.019, 0.00125492, -169.285
3908, 65.13333, 0.909562, 101.908, 0.00125682, -169.396
3909, 65.14167, 0.910788, 101.797, 0.00125873, -169.507
3909, 65.15000, 0.912014, 101.686, 0.00126063, -169.619
3910, 65.15833, 0.913241, 101.574, 0.00126254, -169.731
3910, 65.16666, 0.914468, 101.462, 0.00126444, -169.844
3911, 65.17500, 0.915695, 101.349, 0.00126635, -169.957
3911, 65.18333, 0.916924, 101.236, 0.00126826, -170.07
3912, 65.19167, 0.918152, 101.123, 0.00127017, -170.183
3912, 65.20000, 0.919381, 101.009, 0.00127208, -170.297
3913, 65.20834, 0.92061, 100.895, 0.00127399, -170.412
3913, 65.21667, 0.92184, 100.781, 0.00127591, -170.527
3914, 65.22500, 0.92307, 100.666, 0.00127782, -170.642
3914, 65.23333, 0.9243, 100.55, 0.00127974, -170.758
3915, 65.24167, 0.92553, 100.435, 0.00128165, -170.874
3915, 65.25000, 0.926761, 100.319, 0.00128357, -170.99
3916, 65.25833, 0.927992, 100.202, 0.00128549, -171.107
3916, 65.26667, 0.929223, 100.085, 0.00128741, -171.224
3917, 65.27500, 0.930453, 99.9679, 0.00128933, -171.342
3917, 65.28333, 0.931684, 99.8501, 0.00129125, -171.46
3918, 65.29166, 0.932915, 99.732, 0.00129317, -171.578
3918, 65.30000, 0.934146, 99.6134, 0.00129509, -171.697
3919, 65.30833, 0.935377, 99.4945, 0.00129701, -171.816
3919, 65.31667, 0.936607, 99.3751, 0.00129893, -171.936
3920, 65.32500, 0.937838, 99.2553, 0.00130085, -172.056
3920, 65.33334, 0.939068, 99.1351, 0.00130278, -172.176
3921, 65.34167, 0.940298, 99.0145, 0.0013047, -172.297
3921, 65.35000, 0.941528, 98.8934, 0.00130662, -172.419
3922, 65.35833, 0.942757, 98.7719, 0.00130854, -172.541
3922, 65.36667, 0.943986, 98.6501, 0.00131047, -172.663
3923, 65.37500, 0.945214, 98.5277, 0.00131239, -172.785
3923, 65.38333, 0.946442, 98.405, 0.00131431, -172.908
3924, 65.39167, 0.94767, 98.2818, 0.00131624, -173.032
3924, 65.40000, 0.948897, 98.1582, 0.00131816, -173.156
3925, 65.40833, 0.950123, 98.0342, 0.00132008, -173.28
3925, 65.41666, 0.951348, 97.9098, 0.001322, -173.405
3926, 65.42500, 0.952573, 97.7849, 0.00132393, -173.53
3926, 65.43333, 0.953797, 97.6596, 0.00132585, -173.656
3927, 65.44167, 0.955021, 97.5338, 0.00132777, -173.782
3927, 65.45000, 0.956243, 97.4076, 0.00132969, -173.908
3928, 65.45834, 0.957464, 97.281, 0.00133161, -174.035
3928, 65.46667, 0.958685, 97.1539, 0.00133352, -174.162
3929, 65.47500, 0.959904, 97.0264, 0.00133544, -174.29
3929, 65.48333, 0.961122, 96.8985, 0.00133736, -174.419
3930, 65.49167, 0.962339, 96.7701, 0.00133927, -174.547
3930, 65.50000, 0.963555, 96.6412, 0.00134119, -174.676
3931, 65.50833, 0.96477, 96.512, 0.0013431, -174.806
3931, 65.51667, 0.965983, 96.3822, 0.00134501, -174.936
3932, 65.52500, 0.967195, 96.252, 0.00134692, -175.067
3932, 65.53333, 0.968405, 96.1214, 0.00134883, -175.197
3933, 65.54166, 0.969614, 95.9903, 0.00135074, -175.329
3933, 65.55000, 0.970822, 95.8588, 0.00135265, -175.461
3934, 65.55833, 0.972027, 95.7268, 0.00135455, -175.593
3934, 65.56667, 0.973232, 95.5943, 0.00135645, -175.726
3935, 65.57500, 0.974434, 95.4614, 0.00135836, -175.859
3935, 65.58334, 0.975634, 95.3281, 0.00136025, -175.993
3936, 65.59167, 0.976833, 95.1942, 0.00136215, -176.127
3936, 65.60000, 0.97803, 95.0599, 0.00136405, -176.261
3937, 65.60833, 0.979224, 94.9252, 0.00136594, -176.396
3937, 65.61667, 0.980417, 94.79, 0.00136783, -176.532
3938, 65.62500, 0.981607, 94.6543, 0.00136972, -176.668
3938, 65.63333, 0.982795, 94.5182, 0.0013716, -176.804
3939, 65.64167, 0.983981, 94.3815, 0.00137348, -176.941
3939, 65.65000, 0.985165, 94.2445, 0.00137536, -177.079
3940, 65.65833, 0.986346, 94.1069, 0.00137724, -177.217
3940, 65.66666, 0.987525, 93.9689, 0.00137911, -177.355
3941, 65.67500, 0.988701, 93.8304, 0.00138099, -177.494
3941, 65.68333, 0.989874, 93.6914, 0.00138285, -177.633
3942, 65.69167, 0.991045, 93.552, 0.00138472, -177.773
3942, 65.70000, 0.992212, 93.4121, 0.00138658, -177.913
3943, 65.70834, 0.993377, 93.2717, 0.00138844, -178.054
3943, 65.71667, 0.994539, 93.1308, 0.00139029, -178.195
3944, 65.72500, 0.995698, 92.9895, 0.00139214, -178.336
3944, 65.73333, 0.996854, 92.8476, 0.00139399, -178.479
3945, 65.74167, 0.998006, 92.7053, 0.00139583, -178.621
3945, 65.75000, 0.999156, 92.5625, 0.00139767, -178.764
3946, 65.75833, 1.0003, 92.4193, 0.00139951, -178.908
3946, 65.76667, 1.00144, 92.2755, 0.00140134, -179.052
3947, 65.77500, 1.00258, 92.1313, 0.00140316, -179.196
3947, 65.78333, 1.00372, 91.9865, 0.00140498, -179.341
3948, 65.79166, 1.00485, 91.8413, 0.0014068, -179.487
3948, 65.80000, 1.00598, 91.6956, 0.00140861, -179.633
3949, 65.80833, 1.0071, 91.5494, 0.00141042, -179.78
3949, 65.81667, 1.00822, 91.4027, 0.00141222, -179.927
3950, 65.82500, 1.00934, 91.2556, 0.00141402, 179.926
3950, 65.83334, 1.01045, 91.1079, 0.00141581, 179.778
3951, 65.84167, 1.01156, 90.9598, 0.0014176, 179.63
3951, 65.85000, 1.01266, 90.8111, 0.00141938, 179.481
3952, 65.85833, 1.01376, 90.662, 0.00142115, 179.331
3952, 65.86667, 1.01485, 90.5123, 0.00142292, 179.181
3953, 65.87500, 1.01594, 90.3622, 0.00142468, 179.031
3953, 65.88333, 1.01703, 90.2116, 0.00142644, 178.88
3954, 65.89167, 1.01811, 90.0605, 0.00142819, 178.728
3954, 65.90000, 1.01918, 89.9089, 0.00142994, 178.577
3955, 65.90833, 1.02025, 89.7568, 0.00143168, 178.424
3955, 65.91666, 1.02132, 89.6042, 0.00143341, 178.271
3956, 65.92500, 1.02238, 89.4511, 0.00143513, 178.118
3956, 65.93333, 1.02343, 89.2975, 0.00143685, 177.964
3957, 65.94167, 1.02448, 89.1434, 0.00143856, 177.81
3957, 65.95000, 1.02552, 88.9888, 0.00144026, 177.655
3958, 65.95834, 1.02656, 88.8337, 0.00144196, 177.499
3958, 65.96667, 1.02759, 88.6781, 0.00144365, 177.343
3959, 65.97500, 1.02862, 88.522, 0.00144533, 177.187
3959, 65.98333, 1.02964, 88.3654, 0.001447, 177.03
3960, 65.99167, 1.03065, 88.2083, 0.00144866, 176.873
3960, 66.00000, 1.03166, 88.0507, 0.00145032, 176.715
3961, 66.00833, 1.03266, 87.8927, 0.00145197, 176.556
3961, 66.01667, 1.03366, 87.7341, 0.00145361, 176.397
3962, 66.02500, 1.03465, 87.575, 0.00145524, 176.238
3962, 66.03333, 1.03563, 87.4154, 0.00145686, 176.078
3963, 66.04166, 1.0366, 87.2553, 0.00145847, 175.918
3963, 66.05000, 1.03757, 87.0947, 0.00146008, 175.757
3964, 66.05833, 1.03853, 86.9336, 0.00146167, 175.595
3964, 66.06667, 1.03949, 86.772, 0.00146325, 175.434
3965, 66.07500, 1.04043, 86.61, 0.00146483, 175.271
3965, 66.08334, 1.04137, 86.4474, 0.00146639, 175.108
3966, 66.09167, 1.0423, 86.2843, 0.00146795, 174.945
3966, 66.10000, 1.04323, 86.1207, 0.00146949, 174.781
3967, 66.10833, 1.04414, 85.9566, 0.00147103, 174.617
3967, 66.11667, 1.04505, 85.7921, 0.00147255, 174.452
3968, 66.12500, 1.04595, 85.627, 0.00147406, 174.286
3968, 66.13333, 1.04685, 85.4615, 0.00147557, 174.12
3969, 66.14167, 1.04773, 85.2954, 0.00147706, 173.954
3969, 66.15000, 1.04861, 85.1288, 0.00147854, 173.787
3970, 66.15833, 1.04947, 84.9618, 0.00148, 173.62
3970, 66.16666, 1.05033, 84.7943, 0.00148146, 173.452
3971, 66.17500, 1.05118, 84.6262, 0.0014829, 173.284
3971, 66.18333, 1.05202, 84.4577, 0.00148434, 173.115
3972, 66.19167, 1.05286, 84.2887, 0.00148576, 172.946
3972, 66.20000, 1.05368, 84.1192, 0.00148716, 172.776
3973, 66.20834, 1.05449, 83.9493, 0.00148856, 172.605
3973, 66.21667, 1.0553, 83.7788, 0.00148994, 172.435
3974, 66.22500, 1.05609, 83.6079, 0.00149131, 172.263
3974, 66.23333, 1.05688, 83.4364, 0.00149266, 172.092
3975, 66.24167, 1.05765, 83.2645, 0.001494, 171.919
3975, 66.25000, 1.05842, 83.0921, 0.00149533, 171.747
3976, 66.25833, 1.05917, 82.9193, 0.00149664, 171.574
3976, 66.26667, 1.05992, 82.7459, 0.00149794, 171.4
3977, 66.27500, 1.06065, 82.5721, 0.00149923, 171.226
3977, 66.28333, 1.06138, 82.3978, 0.0015005, 171.051
3978, 66.29166, 1.06209, 82.2231, 0.00150176, 170.876
3978, 66.30000, 1.06279, 82.0478, 0.001503, 170.701
3979, 66.30833, 1.06348, 81.8721, 0.00150422, 170.525
3979, 66.31667, 1.06416, 81.696, 0.00150544, 170.348
3980, 66.32500, 1.06483, 81.5194, 0.00150663, 170.171
3980, 66.33334, 1.06549, 81.3423, 0.00150781, 169.994
3981, 66.34167, 1.06614, 81.1647, 0.00150897, 169.816
3981, 66.35000, 1.06677, 80.9868, 0.00151012, 169.638
3982, 66.35833, 1.06739, 80.8083, 0.00151125, 169.459
3982, 66.36667, 1.06801, 80.6294, 0.00151237, 169.28
3983, 66.37500, 1.0686, 80.4501, 0.00151346, 169.1
3983, 66.38333, 1.06919, 80.2703, 0.00151454, 168.92
3984, 66.39167, 1.06976, 80.0901, 0.00151561, 168.739
3984, 66.40000, 1.07033, 79.9094, 0.00151665, 168.558
3985, 66.40833, 1.07087, 79.7283, 0.00151768, 168.377
3985, 66.41666, 1.07141, 79.5468, 0.00151869, 168.195
3986, 66.42500, 1.07193, 79.3649, 0.00151968, 168.013
3986, 66.43333, 1.07244, 79.1825, 0.00152065, 167.83
3987, 66.44167, 1.07294, 78.9997, 0.00152161, 167.647
3987, 66.45000, 1.07342, 78.8165, 0.00152254, 167.464
3988, 66.45834, 1.07389, 78.6328, 0.00152346, 167.28
3988, 66.46667, 1.07435, 78.4488, 0.00152436, 167.095
3989, 66.47500, 1.07479, 78.2644, 0.00152524, 166.91
3989, 66.48333, 1.07521, 78.0795, 0.00152609, 166.725
3990, 66.49167, 1.07563, 77.8942, 0.00152693, 166.54
3990, 66.50000, 1.07603, 77.7086, 0.00152775, 166.354
3991, 66.50833, 1.07641, 77.5226, 0.00152855, 166.167
3991, 66.51667, 1.07678, 77.3362, 0.00152933, 165.981
3992, 66.52500, 1.07714, 77.1494, 0.00153008, 165.794
3992, 66.53333, 1.07748, 76.9622, 0.00153082, 165.606
3993, 66.54166, 1.0778, 76.7747, 0.00153153, 165.418
3993, 66.55000, 1.07811, 76.5868, 0.00153223, 165.23
3994, 66.55833, 1.07841, 76.3985, 0.0015329, 165.041
3994, 66.56667, 1.07869, 76.2099, 0.00153355, 164.853
3995, 66.57500, 1.07895, 76.0209, 0.00153417, 164.663
3995, 66.58334, 1.0792, 75.8316, 0.00153478, 164.474
3996, 66.59167, 1.07943, 75.6419, 0.00153536, 164.284
3996, 66.60000, 1.07964, 75.452, 0.00153592, 164.093
3997, 66.60833, 1.07984, 75.2617, 0.00153646, 163.903
3997, 66.61667, 1.08003, 75.071, 0.00153697, 163.712
3998, 66.62500, 1.08019, 74.8801, 0.00153746, 163.52
3998, 66.63333, 1.08034, 74.6888, 0.00153793, 163.329
3999, 66.64167, 1.08048, 74.4972, 0.00153837, 163.137
3999, 66.65000, 1.08059, 74.3054, 0.00153879, 162.945
4000, 66.65833, 1.08069, 74.1132, 0.00153919, 162.752
4000, 66.66666, 1.08077, 73.9208, 0.00153956, 162.56
4001, 66.67500, 1.08084, 73.7281, 0.0015399, 162.367
4001, 66.68333, 1.08089, 73.5351, 0.00154022, 162.173
4002, 66.69167, 1.08092, 73.3418, 0.00154052, 161.98
4002, 66.70000, 1.08093, 73.1483, 0.00154079, 161.786
4003, 66.70834, 1.08092, 72.9546, 0.00154104, 161.592
4003, 66.71667, 1.0809, 72.7606, 0.00154126, 161.398
4004, 66.72500, 1.08086, 72.5664, 0.00154145, 161.203
4004, 66.73333, 1.0808, 72.3719, 0.00154162, 161.008
4005, 66.74167, 1.08072, 72.1772, 0.00154176, 160.813
4005, 66.75000, 1.08062, 71.9824, 0.00154188, 160.618
4005, 66.75833, 1.08051, 71.7873, 0.00154197, 160.423
4006, 66.76667, 1.08037, 71.592, 0.00154203, 160.227
4007, 66.77500, 1.08022, 71.3965, 0.00154207, 160.031
4007, 66.78333, 1.08005, 71.2009, 0.00154208, 159.835
4008, 66.79166, 1.07986, 71.0051, 0.00154206, 159.639
4008, 66.80000, 1.07965, 70.8091, 0.00154201, 159.443
4009, 66.80833, 1.07942, 70.613, 0.00154194, 159.246
4009, 66.81667, 1.07917, 70.4167, 0.00154184, 159.05
4010, 66.82500, 1.0789, 70.2203, 0.00154171, 158.853
4010, 66.83334, 1.07862, 70.0238, 0.00154156, 158.656
4011, 66.84167, 1.07831, 69.8272, 0.00154137, 158.459
4011, 66.85000, 1.07799, 69.6304, 0.00154116, 158.262
4012, 66.85833, 1.07764, 69.4336, 0.00154092, 158.065
4012, 66.86667, 1.07727, 69.2367, 0.00154065, 157.868
4013, 66.87500, 1.07689, 69.0397, 0.00154035, 157.671
4013, 66.88333, 1.07648, 68.8427, 0.00154003, 157.473
4013, 66.89167, 1.07606, 68.6456, 0.00153967, 157.276
4014, 66.90000, 1.07561, 68.4484, 0.00153929, 157.078
4015, 66.90833, 1.07515, 68.2513, 0.00153887, 156.881
4015, 66.91666, 1.07466, 68.054, 0.00153843, 156.683
4016, 66.92500, 1.07415, 67.8568, 0.00153796, 156.486
4016, 66.93333, 1.07363, 67.6596, 0.00153746, 156.288
4017, 66.94167, 1.07308, 67.4624, 0.00153693, 156.091
4017, 66.95000, 1.07251, 67.2652, 0.00153637, 155.893
4018, 66.95834, 1.07192, 67.0681, 0.00153578, 155.696
4018, 66.96667, 1.07132, 66.871, 0.00153516, 155.498
4019, 66.97500, 1.07069, 66.674, 0.00153451, 155.301
4019, 66.98333, 1.07004, 66.477, 0.00153383, 155.104
4020, 66.99167, 1.06937, 66.2801, 0.00153312, 154.906
4020, 67.00000, 1.06867, 66.0833, 0.00153238, 154.709
4021, 67.00833, 1.06796, 65.8866, 0.00153161, 154.512
4021, 67.01667, 1.06723, 65.69, 0.00153081, 154.315
4021, 67.02500, 1.06648, 65.4936, 0.00152998, 154.119
4022, 67.03333, 1.0657, 65.2973, 0.00152912, 153.922
4023, 67.04166, 1.06491, 65.1011, 0.00152823, 153.726
4023, 67.05000, 1.06409, 64.9052, 0.00152731, 153.529
4024, 67.05833, 1.06325, 64.7094, 0.00152636, 153.333
4024, 67.06667, 1.0624, 64.5138, 0.00152538, 153.137
4025, 67.07500, 1.06152, 64.3184, 0.00152437, 152.941
4025, 67.08334, 1.06062, 64.1232, 0.00152333, 152.746
4026, 67.09167, 1.0597, 63.9282, 0.00152226, 152.551
4026, 67.10000, 1.05876, 63.7336, 0.00152116, 152.356
4027, 67.10833, 1.0578, 63.5391, 0.00152003, 152.161
4027, 67.11667, 1.05682, 63.345, 0.00151887, 151.966
4028, 67.12500, 1.05581, 63.1511, 0.00151768, 151.772
4028, 67.13333, 1.05479, 62.9576, 0.00151645, 151.578
4029, 67.14167, 1.05375, 62.7643, 0.0015152, 151.385
4029, 67.15000, 1.05268, 62.5714, 0.00151392, 151.192
4029, 67.15833, 1.0516, 62.3788, 0.00151261, 150.999
4030, 67.16666, 1.05049, 62.1866, 0.00151127, 150.806
4031, 67.17500, 1.04937, 61.9948, 0.0015099, 150.614
4031, 67.18333, 1.04822, 61.8033, 0.0015085, 150.422
4032, 67.19167, 1.04706, 61.6123, 0.00150707, 150.231
4032, 67.20000, 1.04587, 61.4216, 0.00150561, 150.04
4033, 67.20834, 1.04467, 61.2315, 0.00150412, 149.849
4033, 67.21667, 1.04344, 61.0417, 0.00150261, 149.659
4034, 67.22500, 1.0422, 60.8524, 0.00150106, 149.47
4034, 67.23333, 1.04093, 60.6636, 0.00149948, 149.281
4035, 67.24167, 1.03965, 60.4753, 0.00149788, 149.092
4035, 67.25000, 1.03834, 60.2875, 0.00149625, 148.904
4036, 67.25833, 1.03702, 60.1002, 0.00149459, 148.716
4036, 67.26667, 1.03568, 59.9134, 0.0014929, 148.529
4037, 67.27500, 1.03432, 59.7272, 0.00149118, 148.343
4037, 67.28333, 1.03294, 59.5416, 0.00148944, 148.157
4037, 67.29166, 1.03154, 59.3566, 0.00148766, 147.971
4038, 67.30000, 1.03012, 59.1721, 0.00148586, 147.786
4039, 67.30833, 1.02868, 58.9883, 0.00148403, 147.602
4039, 67.31667, 1.02723, 58.8051, 0.00148218, 147.419
4040, 67.32500, 1.02576, 58.6225, 0.0014803, 147.236
4040, 67.33334, 1.02427, 58.4406, 0.00147839, 147.054
4041, 67.34167, 1.02276, 58.2594, 0.00147645, 146.872
4041, 67.35000, 1.02123, 58.0789, 0.00147449, 146.691
4042, 67.35833, 1.01969, 57.899, 0.00147251, 146.511
4042, 67.36667, 1.01813, 57.7199, 0.00147049, 146.332
4043, 67.37500, 1.01655, 57.5415, 0.00146845, 146.153
4043, 67.38333, 1.01495, 57.3639, 0.00146639, 145.975
4044, 67.39167, 1.01334, 57.1871, 0.0014643, 145.798
4044, 67.40000, 1.01171, 57.011, 0.00146219, 145.621
4045, 67.40833, 1.01007, 56.8357, 0.00146005, 145.446
4045, 67.41666, 1.00841, 56.6613, 0.00145789, 145.271
4045, 67.42500, 1.00673, 56.4877, 0.00145571, 145.097
4046, 67.43333, 1.00504, 56.3149, 0.0014535, 144.924
4047, 67.44167, 1.00333, 56.1429, 0.00145127, 144.752
4047, 67.45000, 1.00161, 55.9719, 0.00144901, 144.58
4048, 67.45834, 0.999872, 55.8017, 0.00144674, 144.41
4048, 67.46667, 0.998119, 55.6325, 0.00144444, 144.24
4049, 67.47500, 0.996353, 55.4641, 0.00144212, 144.072
4049, 67.48333, 0.994572, 55.2967, 0.00143978, 143.904
4050, 67.49167, 0.992777, 55.1303, 0.00143741, 143.737
4050, 67.50000, 0.990968, 54.9648, 0.00143503, 143.571
4051, 67.50833, 0.989146, 54.8003, 0.00143263, 143.406
4051, 67.51667, 0.987311, 54.6367, 0.0014302, 143.243
4052, 67.52500, 0.985463, 54.4742, 0.00142776, 143.08
4052, 67.53333, 0.983603, 54.3127, 0.0014253, 142.918
4053, 67.54166, 0.98173, 54.1523, 0.00142282, 142.757
4053, 67.55000, 0.979845, 53.9929, 0.00142032, 142.597
4053, 67.55833, 0.977949, 53.8345, 0.0014178, 142.439
4054, 67.56667, 0.97604, 53.6772, 0.00141527, 142.281
4055, 67.57500, 0.974121, 53.521, 0.00141272, 142.125
4055, 67.58334, 0.972192, 53.366, 0.00141015, 141.969
4056, 67.59167, 0.970251, 53.212, 0.00140757, 141.815
4056, 67.60000, 0.9683, 53.0592, 0.00140497, 141.662
4057, 67.60833, 0.96634, 52.9075, 0.00140235, 141.51
4057, 67.61667, 0.964369, 52.7569, 0.00139972, 141.359
4058, 67.62500, 0.96239, 52.6075, 0.00139708, 141.209
4058, 67.63333, 0.960402, 52.4594, 0.00139442, 141.061
4059, 67.64167, 0.958404, 52.3123, 0.00139175, 140.913
4059, 67.65000, 0.956399, 52.1666, 0.00138907, 140.767
4060, 67.65833, 0.954386, 52.022, 0.00138637, 140.622
4060, 67.66666, 0.952364, 51.8786, 0.00138366, 140.478
4061, 67.67500, 0.950336, 51.7365, 0.00138094, 140.336
4061, 67.68333, 0.948301, 51.5956, 0.00137821, 140.195
4061, 67.69167, 0.946258, 51.456, 0.00137547, 140.055
4062, 67.70000, 0.94421, 51.3177, 0.00137271, 139.916
4063, 67.70834, 0.942156, 51.1806, 0.00136995, 139.779
4063, 67.71667, 0.940095, 51.0448, 0.00136718, 139.643
4064, 67.72500, 0.93803, 50.9104, 0.0013644, 139.508
4064, 67.73333, 0.93596, 50.7772, 0.00136161, 139.374
4065, 67.74167, 0.933885, 50.6454, 0.00135881, 139.242
4065, 67.75000, 0.931805, 50.5149, 0.00135601, 139.111
4066, 67.75833, 0.929722, 50.3857, 0.0013532, 138.982
4066, 67.76667, 0.927635, 50.2578, 0.00135038, 138.854
4066, 67.77500, 0.925545, 50.1314, 0.00134756, 138.727
4067, 67.78333, 0.923452, 50.0063, 0.00134474, 138.601
4068, 67.79166, 0.921356, 49.8825, 0.0013419, 138.477
4068, 67.80000, 0.919258, 49.7601, 0.00133907, 138.355
4069, 67.80833, 0.917159, 49.6391, 0.00133623, 138.233
4069, 67.81667, 0.915057, 49.5195, 0.00133339, 138.113
4069, 67.82500, 0.912955, 49.4013, 0.00133054, 137.995
4070, 67.83334, 0.910852, 49.2845, 0.00132769, 137.878
4071, 67.84167, 0.908748, 49.1691, 0.00132484, 137.762
4071, 67.85000, 0.906644, 49.0551, 0.00132199, 137.648
4072, 67.85833, 0.904541, 48.9425, 0.00131914, 137.535
4072, 67.86667, 0.902438, 48.8313, 0.00131629, 137.423
4073, 67.87500, 0.900336, 48.7216, 0.00131344, 137.313
4073, 67.88333, 0.898235, 48.6133, 0.00131059, 137.204
4074, 67.89167, 0.896135, 48.5064, 0.00130774, 137.097
4074, 67.90000, 0.894038, 48.401, 0.00130489, 136.992
4074, 67.90833, 0.891943, 48.297, 0.00130205, 136.887
4075, 67.91666, 0.889851, 48.1944, 0.00129921, 136.784
4076, 67.92500, 0.887761, 48.0933, 0.00129637, 136.683
4076, 67.93333, 0.885675, 47.9936, 0.00129353, 136.583
4077, 67.94167, 0.883592, 47.8953, 0.0012907, 136.484
4077, 67.95000, 0.881513, 47.7985, 0.00128788, 136.387
4078, 67.95834, 0.879439, 47.7032, 0.00128506, 136.291
4078, 67.96667, 0.877369, 47.6092, 0.00128224, 136.197
4079, 67.97500, 0.875304, 47.5168, 0.00127943, 136.104
4079, 67.98333, 0.873245, 47.4257, 0.00127663, 136.013
4080, 67.99167, 0.87119, 47.3361, 0.00127384, 135.923
4080, 68.00000, 0.869142, 47.248, 0.00127105, 135.834
4081, 68.00833, 0.8671, 47.1612, 0.00126827, 135.747
4081, 68.01667, 0.865064, 47.0759, 0.0012655, 135.662
4082, 68.02500, 0.863035, 46.9921, 0.00126274, 135.578
4082, 68.03333, 0.861013, 46.9096, 0.00125999, 135.495
4082, 68.04166, 0.858999, 46.8286, 0.00125725, 135.413
4083, 68.05000, 0.856992, 46.749, 0.00125451, 135.333
4084, 68.05833, 0.854993, 46.6708, 0.00125179, 135.255
4084, 68.06667, 0.853003, 46.594, 0.00124908, 135.178
4085, 68.07500, 0.851021, 46.5187, 0.00124638, 135.102
4085, 68.08334, 0.849048, 46.4447, 0.0012437, 135.028
4086, 68.09167, 0.847083, 46.3721, 0.00124102, 134.955
4086, 68.10000, 0.845129, 46.3009, 0.00123836, 134.883
4087, 68.10833, 0.843183, 46.231, 0.00123572, 134.813
4087, 68.11667, 0.841248, 46.1626, 0.00123308, 134.744
4088, 68.12500, 0.839323, 46.0955, 0.00123046, 134.677
4088, 68.13333, 0.837408, 46.0297, 0.00122785, 134.611
4089, 68.14167, 0.835504, 45.9653, 0.00122526, 134.546
4089, 68.15000, 0.833611, 45.9022, 0.00122269, 134.483
4090, 68.15833, 0.831729, 45.8404, 0.00122012, 134.421
4090, 68.16666, 0.829858, 45.78, 0.00121758, 134.36
4090, 68.17500, 0.827998, 45.7208, 0.00121505, 134.3
4091, 68.18333, 0.826151, 45.6629, 0.00121254, 134.242
4092, 68.19167, 0.824315, 45.6064, 0.00121004, 134.185
4092, 68.20000, 0.822492, 45.551, 0.00120756, 134.129
4093, 68.20834, 0.820682, 45.497, 0.0012051, 134.075
4093, 68.21667, 0.818883, 45.4442, 0.00120266, 134.022
4094, 68.22500, 0.817098, 45.3926, 0.00120023, 133.97
4094, 68.23333, 0.815326, 45.3422, 0.00119782, 133.919
4095, 68.24167, 0.813567, 45.293, 0.00119544, 133.87
4095, 68.25000, 0.811821, 45.2451, 0.00119307, 133.821
4096, 68.25833, 0.810089, 45.1983, 0.00119072, 133.774
4096, 68.26667, 0.808371, 45.1526, 0.00118838, 133.728
4097, 68.27500, 0.806666, 45.1081, 0.00118607, 133.683
4097, 68.28333, 0.804976, 45.0647, 0.00118378, 133.64
4098, 68.29166, 0.8033, 45.0225, 0.00118151, 133.597
4098, 68.30000, 0.801638, 44.9813, 0.00117926, 133.556
4098, 68.30833, 0.799991, 44.9413, 0.00117703, 133.515
4099, 68.31667, 0.798358, 44.9022, 0.00117482, 133.476
4100, 68.32500, 0.79674, 44.8643, 0.00117263, 133.438
4100, 68.33334, 0.795137, 44.8274, 0.00117046, 133.4
4101, 68.34167, 0.793549, 44.7914, 0.00116831, 133.364
4101, 68.35000, 0.791976, 44.7565, 0.00116619, 133.329
4102, 68.35833, 0.790419, 44.7226, 0.00116408, 133.295
4102, 68.36667, 0.788876, 44.6896, 0.001162, 133.261
4103, 68.37500, 0.787349, 44.6576, 0.00115994, 133.229
4103, 68.38333, 0.785838, 44.6265, 0.00115791, 133.197
4104, 68.39167, 0.784342, 44.5962, 0.00115589, 133.167
4104, 68.40000, 0.782862, 44.5669, 0.0011539, 133.137
4105, 68.40833, 0.781398, 44.5385, 0.00115193, 133.108
4105, 68.41666, 0.779949, 44.5109, 0.00114998, 133.08
4106, 68.42500, 0.778516, 44.4841, 0.00114806, 133.053
4106, 68.43333, 0.7771, 44.4581, 0.00114615, 133.027
4106, 68.44167, 0.775699, 44.4329, 0.00114427, 133.001
4107, 68.45000, 0.774314, 44.4085, 0.00114242, 132.977
4108, 68.45834, 0.772945, 44.3849, 0.00114058, 132.953
4108, 68.46667, 0.771592, 44.3619, 0.00113877, 132.929
4109, 68.47500, 0.770256, 44.3397, 0.00113699, 132.907
4109, 68.48333, 0.768935, 44.3181, 0.00113522, 132.885
4110, 68.49167, 0.767631, 44.2973, 0.00113348, 132.864
4110, 68.50000, 0.766343, 44.277, 0.00113177, 132.843
4111, 68.50833, 0.765071, 44.2574, 0.00113007, 132.823
4111, 68.51667, 0.763815, 44.2384, 0.0011284, 132.804
4112, 68.52500, 0.762575, 44.22, 0.00112675, 132.785
4112, 68.53333, 0.761351, 44.2021, 0.00112513, 132.767
4113, 68.54166, 0.760144, 44.1848, 0.00112353, 132.749
4113, 68.55000, 0.758952, 44.168, 0.00112195, 132.732
4114, 68.55833, 0.757777, 44.1517, 0.0011204, 132.715
4114, 68.56667, 0.756618, 44.1359, 0.00111886, 132.699
4114, 68.57500, 0.755475, 44.1205, 0.00111736, 132.684
4115, 68.58334, 0.754347, 44.1056, 0.00111587, 132.668
4116, 68.59167, 0.753236, 44.0911, 0.00111441, 132.653
4116, 68.60000, 0.75214, 44.077, 0.00111297, 132.639
4117, 68.60833, 0.751061, 44.0633, 0.00111155, 132.625
4117, 68.61667, 0.749996, 44.0499, 0.00111016, 132.611
4118, 68.62500, 0.748948, 44.0368, 0.00110879, 132.598
4118, 68.63333, 0.747916, 44.0241, 0.00110744, 132.585
4119, 68.64167, 0.746898, 44.0116, 0.00110612, 132.572
4119, 68.65000, 0.745897, 43.9995, 0.00110481, 132.559
4120, 68.65833, 0.74491, 43.9875, 0.00110353, 132.547
4120, 68.66666, 0.743939, 43.9758, 0.00110227, 132.535
4121, 68.67500, 0.742983, 43.9644, 0.00110104, 132.523
4121, 68.68333, 0.742042, 43.9531, 0.00109982, 132.512
4122, 68.69167, 0.741117, 43.942, 0.00109863, 132.5
4122, 68.70000, 0.740206, 43.931, 0.00109746, 132.489
4122, 68.70834, 0.73931, 43.9202, 0.00109631, 132.478
4123, 68.71667, 0.738428, 43.9094, 0.00109518, 132.467
4124, 68.72500, 0.737561, 43.8988, 0.00109407, 132.456
4124, 68.73333, 0.736709, 43.8883, 0.00109299, 132.445
4125, 68.74167, 0.735871, 43.8778, 0.00109192, 132.434
4125, 68.75000, 0.735047, 43.8673, 0.00109088, 132.423
4126, 68.75833, 0.734238, 43.8569, 0.00108985, 132.412
4126, 68.76667, 0.733442, 43.8465, 0.00108885, 132.402
4127, 68.77500, 0.73266, 43.836, 0.00108787, 132.391
4127, 68.78333, 0.731892, 43.8255, 0.0010869, 132.38
4128, 68.79166, 0.731137, 43.815, 0.00108596, 132.369
4128, 68.80000, 0.730396, 43.8044, 0.00108504, 132.358
4129, 68.80833, 0.729668, 43.7937, 0.00108413, 132.347
4129, 68.81667, 0.728953, 43.783, 0.00108325, 132.336
4130, 68.82500, 0.728251, 43.7721, 0.00108238, 132.325
4130, 68.83334, 0.727562, 43.761, 0.00108153, 132.313
4130, 68.84167, 0.726886, 43.7499, 0.0010807, 132.302
4131, 68.85000, 0.726222, 43.7385, 0.00107989, 132.29
4132, 68.85833, 0.725571, 43.727, 0.0010791, 132.278
4132, 68.86667, 0.724932, 43.7153, 0.00107833, 132.266
4133, 68.87500, 0.724305, 43.7034, 0.00107757, 132.254
4133, 68.88333, 0.723689, 43.6912, 0.00107683, 132.241
4134, 68.89167, 0.723086, 43.6788, 0.00107611, 132.229
4134, 68.90000, 0.722494, 43.6662, 0.0010754, 132.216
4135, 68.90833, 0.721913, 43.6533, 0.00107471, 132.202
4135, 68.91666, 0.721344, 43.6401, 0.00107404, 132.189
4136, 68.92500, 0.720786, 43.6267, 0.00107338, 132.175
4136, 68.93333, 0.720239, 43.6129, 0.00107274, 132.161
4137, 68.94167, 0.719702, 43.5988, 0.00107212, 132.147
4137, 68.95000, 0.719176, 43.5844, 0.00107151, 132.132
4138, 68.95834, 0.718661, 43.5697, 0.00107092, 132.117
4138, 68.96667, 0.718155, 43.5546, 0.00107034, 132.101
4138, 68.97500, 0.71766, 43.5391, 0.00106977, 132.085
4139, 68.98333, 0.717174, 43.5232, 0.00106923, 132.069
4140, 68.99167, 0.716698, 43.507, 0.00106869, 132.053
4140, 69.00000, 0.716232, 43.4904, 0.00106817, 132.036
4141, 69.00833, 0.715775, 43.4734, 0.00106766, 132.018
4141, 69.01667, 0.715327, 43.4559, 0.00106717, 132.001
4142, 69.02500, 0.714889, 43.4381, 0.00106669, 131.982
4142, 69.03333, 0.714458, 43.4198, 0.00106622, 131.964
4143, 69.04166, 0.714037, 43.4011, 0.00106576, 131.945
4143, 69.05000, 0.713624, 43.3819, 0.00106532, 131.925
4144, 69.05833, 0.713219, 43.3623, 0.00106489, 131.905
4144, 69.06667, 0.712823, 43.3421, 0.00106447, 131.885
4145, 69.07500, 0.712434, 43.3216, 0.00106406, 131.864
4145, 69.08334, 0.712053, 43.3005, 0.00106367, 131.842
4146, 69.09167, 0.71168, 43.279, 0.00106328, 131.82
4146, 69.10000, 0.711314, 43.2569, 0.00106291, 131.798
4146, 69.10833, 0.710955, 43.2344, 0.00106255, 131.775
4147, 69.11667, 0.710603, 43.2114, 0.00106219, 131.752
4148, 69.12500, 0.710258, 43.1878, 0.00106185, 131.728
4148, 69.13333, 0.70992, 43.1637, 0.00106152, 131.703
4149, 69.14167, 0.709588, 43.1391, 0.0010612, 131.679
4149, 69.15000, 0.709263, 43.114, 0.00106088, 131.653
4150, 69.15833, 0.708943, 43.0884, 0.00106058, 131.627
4150, 69.16666, 0.70863, 43.0622, 0.00106028, 131.6
4151, 69.17500, 0.708323, 43.0354, 0.00105999, 131.573
4151, 69.18333, 0.708021, 43.0081, 0.00105972, 131.546
4152, 69.19167, 0.707724, 42.9803, 0.00105944, 131.518
4152, 69.20000, 0.707433, 42.9519, 0.00105918, 131.489
4153, 69.20834, 0.707147, 42.923, 0.00105892, 131.46
4153, 69.21667, 0.706866, 42.8935, 0.00105868, 131.43
4154, 69.22500, 0.70659, 42.8634, 0.00105844, 131.399
4154, 69.23333, 0.706318, 42.8328, 0.0010582, 131.368
4154, 69.24167, 0.706051, 42.8016, 0.00105797, 131.337
4155, 69.25000, 0.705788, 42.7699, 0.00105775, 131.305
4156, 69.25833, 0.705529, 42.7375, 0.00105754, 131.272
4156, 69.26667, 0.705274, 42.7046, 0.00105733, 131.239
4157, 69.27500, 0.705023, 42.6711, 0.00105712, 131.205
4157, 69.28333, 0.704776, 42.6371, 0.00105692, 131.17
4158, 69.29166, 0.704532, 42.6025, 0.00105673, 131.135
4158, 69.30000, 0.704291, 42.5673, 0.00105654, 131.1
4159, 69.30833, 0.704054, 42.5315, 0.00105636, 131.064
4159, 69.31667, 0.70382, 42.4951, 0.00105618, 131.027
4160, 69.32500, 0.703588, 42.4582, 0.001056, 130.99
4160, 69.33334, 0.703359, 42.4207, 0.00105583, 130.952
4161, 69.34167, 0.703133, 42.3826, 0.00105566, 130.913
4161, 69.35000, 0.702909, 42.344, 0.0010555, 130.874
4162, 69.35833, 0.702688, 42.3047, 0.00105534, 130.835
4162, 69.36667, 0.702469, 42.2649, 0.00105518, 130.795
4162, 69.37500, 0.702251, 42.2245, 0.00105502, 130.754
4163, 69.38333, 0.702036, 42.1836, 0.00105487, 130.713
4164, 69.39167, 0.701822, 42.142, 0.00105472, 130.671
4164, 69.40000, 0.701609, 42.0999, 0.00105457, 130.628
4165, 69.40833, 0.701399, 42.0573, 0.00105443, 130.585
4165, 69.41666, 0.701189, 42.014, 0.00105429, 130.542
4166, 69.42500, 0.70098, 41.9702, 0.00105414, 130.498
4166, 69.43333, 0.700773, 41.9259, 0.001054, 130.453
4167, 69.44167, 0.700567, 41.881, 0.00105386, 130.408
4167, 69.45000, 0.700361, 41.8355, 0.00105373, 130.362
4168, 69.45834, 0.700156, 41.7895, 0.00105359, 130.315
4168, 69.46667, 0.699951, 41.7429, 0.00105345, 130.268
4169, 69.47500, 0.699747, 41.6958, 0.00105332, 130.221
4169, 69.48333, 0.699543, 41.6481, 0.00105318, 130.173
4170, 69.49167, 0.699339, 41.5998, 0.00105305, 130.124
4170, 69.50000, 0.699135, 41.5511, 0.00105291, 130.075
4170, 69.50833, 0.698931, 41.5018, 0.00105277, 130.026
4171, 69.51667, 0.698727, 41.452, 0.00105264, 129.975
4172, 69.52500, 0.698522, 41.4016, 0.0010525, 129.925
4172, 69.53333, 0.698317, 41.3507, 0.00105236, 129.873
4173, 69.54166, 0.698111, 41.2993, 0.00105222, 129.822
4173, 69.55000, 0.697905, 41.2474, 0.00105208, 129.769
4174, 69.55833, 0.697698, 41.1949, 0.00105194, 129.717
4174, 69.56667, 0.69749, 41.142, 0.0010518, 129.663
4175, 69.57500, 0.697281, 41.0885, 0.00105166, 129.609
4175, 69.58334, 0.697071, 41.0345, 0.00105151, 129.555
4176, 69.59167, 0.69686, 40.9801, 0.00105136, 129.5
4176, 69.60000, 0.696647, 40.9251, 0.00105121, 129.445
4177, 69.60833, 0.696433, 40.8697, 0.00105106, 129.389
4177, 69.61667, 0.696218, 40.8137, 0.00105091, 129.333
4178, 69.62500, 0.696001, 40.7573, 0.00105075, 129.276
4178, 69.63333, 0.695782, 40.7004, 0.00105059, 129.219
4178, 69.64167, 0.695562, 40.643, 0.00105043, 129.161
4179, 69.65000, 0.695339, 40.5852, 0.00105026, 129.103
4180, 69.65833, 0.695115, 40.5269, 0.0010501, 129.044
4180, 69.66666, 0.694889, 40.4682, 0.00104993, 128.985
4181, 69.67500, 0.69466, 40.409, 0.00104975, 128.926
4181, 69.68333, 0.694429, 40.3493, 0.00104957, 128.866
4182, 69.69167, 0.694196, 40.2892, 0.00104939, 128.805
4182, 69.70000, 0.693961, 40.2287, 0.00104921, 128.744
4183, 69.70834, 0.693723, 40.1678, 0.00104902, 128.683
4183, 69.71667, 0.693482, 40.1064, 0.00104882, 128.621
4184, 69.72500, 0.693239, 40.0446, 0.00104863, 128.559
4184, 69.73333, 0.692994, 39.9824, 0.00104842, 128.496
4185, 69.74167, 0.692745, 39.9197, 0.00104822, 128.433
4185, 69.75000, 0.692494, 39.8567, 0.00104801, 128.37
4186, 69.75833, 0.692239, 39.7933, 0.00104779, 128.306
4186, 69.76667, 0.691982, 39.7294, 0.00104758, 128.242
4186, 69.77500, 0.691722, 39.6652, 0.00104735, 128.177
4187, 69.78333, 0.691458, 39.6006, 0.00104712, 128.113
4188, 69.79166, 0.691192, 39.5356, 0.00104689, 128.047
4188, 69.80000, 0.690922, 39.4703, 0.00104665, 127.981
4189, 69.80833, 0.690649, 39.4046, 0.00104641, 127.915
4189, 69.81667, 0.690372, 39.3385, 0.00104616, 127.849
4190, 69.82500, 0.690092, 39.2721, 0.0010459, 127.782
4190, 69.83334, 0.689809, 39.2053, 0.00104564, 127.715
4191, 69.84167, 0.689522, 39.1382, 0.00104538, 127.648
4191, 69.85000, 0.689231, 39.0707, 0.00104511, 127.58
4191, 69.85833, 0.688937, 39.0029, 0.00104483, 127.512
4192, 69.86667, 0.688639, 38.9348, 0.00104455, 127.443
4193, 69.87500, 0.688337, 38.8664, 0.00104426, 127.374
4193, 69.88333, 0.688032, 38.7976, 0.00104397, 127.305
4194, 69.89167, 0.687722, 38.7285, 0.00104367, 127.236
4194, 69.90000, 0.687409, 38.6592, 0.00104336, 127.166
4194, 69.90833, 0.687092, 38.5895, 0.00104305, 127.096
4195, 69.91666, 0.686771, 38.5196, 0.00104273, 127.026
4196, 69.92500, 0.686445, 38.4493, 0.00104241, 126.955
4196, 69.93333, 0.686116, 38.3788, 0.00104208, 126.884
4197, 69.94167, 0.685783, 38.308, 0.00104174, 126.813
4197, 69.95000, 0.685445, 38.2369, 0.0010414, 126.742
4198, 69.95834, 0.685103, 38.1656, 0.00104105, 126.67
4198, 69.96667, 0.684757, 38.094, 0.00104069, 126.598
4199, 69.97500, 0.684407, 38.0222, 0.00104033, 126.526
4199, 69.98333, 0.684052, 37.9501, 0.00103996, 126.453
4199, 69.99167, 0.683693, 37.8778, 0.00103958, 126.381
4200, 70.00000, 0.68333, 37.8052, 0.0010392, 126.308
4201, 70.00833, 0.682962, 37.7324, 0.0010388, 126.235
4201, 70.01667, 0.68259, 37.6594, 0.00103841, 126.161
4202, 70.02500, 0.682214, 37.5862, 0.001038, 126.088
4202, 70.03333, 0.681833, 37.5128, 0.00103759, 126.014
4203, 70.04166, 0.681447, 37.4391, 0.00103717, 125.94
4203, 70.05000, 0.681057, 37.3653, 0.00103675, 125.866
4204, 70.05833, 0.680662, 37.2913, 0.00103631, 125.791
4204, 70.06667, 0.680263, 37.2171, 0.00103588, 125.717
4205, 70.07500, 0.679859, 37.1427, 0.00103543, 125.642
4205, 70.08334, 0.67945, 37.0681, 0.00103497, 125.567
4206, 70.09167, 0.679037, 36.9934, 0.00103451, 125.492
4206, 70.10000, 0.678619, 36.9185, 0.00103404, 125.417
4207, 70.10833, 0.678196, 36.8434, 0.00103357, 125.341
4207, 70.11667, 0.677769, 36.7682, 0.00103308, 125.266
4207, 70.12500, 0.677336, 36.6928, 0.00103259, 125.19
4208, 70.13333, 0.6769, 36.6173, 0.00103209, 125.114
4209, 70.14167, 0.676458, 36.5417, 0.00103159, 125.038
4209, 70.15000, 0.676011, 36.4659, 0.00103107, 124.962
4210, 70.15833, 0.67556, 36.39, 0.00103055, 124.886
4210, 70.16666, 0.675104, 36.314, 0.00103002, 124.809
4211, 70.17500, 0.674643, 36.2379, 0.00102949, 124.733
4211, 70.18333, 0.674177, 36.1617, 0.00102894, 124.656
4212, 70.19167, 0.673706, 36.0854, 0.00102839, 124.579
4212, 70.20000, 0.673231, 36.0089, 0.00102783, 124.503
4213, 70.20834, 0.672751, 35.9324, 0.00102727, 124.426
4213, 70.21667, 0.672265, 35.8558, 0.00102669, 124.349
4214, 70.22500, 0.671775, 35.7792, 0.00102611, 124.272
4214, 70.23333, 0.67128, 35.7024, 0.00102552, 124.195
4215, 70.24167, 0.67078, 35.6256, 0.00102492, 124.117
4215, 70.25000, 0.670275, 35.5487, 0.00102432, 124.04
4215, 70.25833, 0.669765, 35.4718, 0.00102371, 123.963
4216, 70.26667, 0.669251, 35.3948, 0.00102308, 123.886
4217, 70.27500, 0.668731, 35.3178, 0.00102246, 123.808
4217, 70.28333, 0.668206, 35.2407, 0.00102182, 123.731
4218, 70.29166, 0.667677, 35.1636, 0.00102118, 123.653
4218, 70.30000, 0.667143, 35.0864, 0.00102052, 123.576
4219, 70.30833, 0.666603, 35.0093, 0.00101986, 123.498
4219, 70.31667, 0.666059, 34.9321, 0.0010192, 123.421
4220, 70.32500, 0.66551, 34.8549, 0.00101852, 123.343
4220, 70.33334, 0.664956, 34.7777, 0.00101784, 123.266
4221, 70.34167, 0.664397, 34.7005, 0.00101715, 123.188
4221, 70.35000, 0.663833, 34.6233, 0.00101645, 123.11
4222, 70.35833, 0.663264, 34.5462, 0.00101574, 123.033
4222, 70.36667, 0.66269, 34.469, 0.00101503, 122.955
4223, 70.37500, 0.662111, 34.3918, 0.00101431, 122.878
4223, 70.38333, 0.661528, 34.3147, 0.00101358, 122.8
4223, 70.39167, 0.660939, 34.2376, 0.00101284, 122.723
4224, 70.40000, 0.660346, 34.1606, 0.0010121, 122.645
4225, 70.40833, 0.659748, 34.0835, 0.00101134, 122.568
4225, 70.41666, 0.659145, 34.0066, 0.00101058, 122.491
4226, 70.42500, 0.658537, 33.9296, 0.00100981, 122.413
4226, 70.43333, 0.657924, 33.8528, 0.00100904, 122.336
4227, 70.44167, 0.657306, 33.776, 0.00100825, 122.259
4227, 70.45000, 0.656684, 33.6993, 0.00100746, 122.182
4228, 70.45834, 0.656056, 33.6226, 0.00100666, 122.105
4228, 70.46667, 0.655424, 33.546, 0.00100586, 122.028
4229, 70.47500, 0.654787, 33.4695, 0.00100504, 121.951
4229, 70.48333, 0.654145, 33.3931, 0.00100422, 121.874
4230, 70.49167, 0.653499, 33.3168, 0.00100339, 121.798
4230, 70.50000, 0.652848, 33.2406, 0.00100255, 121.721
4231, 70.50833, 0.652191, 33.1645, 0.00100171, 121.644
4231, 70.51667, 0.651531, 33.0885, 0.00100086, 121.568
4231, 70.52500, 0.650865, 33.0126, 0.000999995, 121.492
4232, 70.53333, 0.650195, 32.9368, 0.000999127, 121.416
4233, 70.54166, 0.64952, 32.8612, 0.000998252, 121.34
4233, 70.55000, 0.64884, 32.7857, 0.000997369, 121.264
4234, 70.55833, 0.648156, 32.7103, 0.000996479, 121.188
4234, 70.56667, 0.647467, 32.6351, 0.000995581, 121.112
4235, 70.57500, 0.646774, 32.56, 0.000994676, 121.037
4235, 70.58334, 0.646076, 32.485, 0.000993763, 120.962
4236, 70.59167, 0.645373, 32.4103, 0.000992843, 120.887
4236, 70.60000, 0.644666, 32.3356, 0.000991916, 120.812
4237, 70.60833, 0.643954, 32.2612, 0.000990981, 120.737
4237, 70.61667, 0.643237, 32.1869, 0.000990039, 120.662
4238, 70.62500, 0.642516, 32.1128, 0.00098909, 120.588
4238, 70.63333, 0.641791, 32.0389, 0.000988134, 120.513
4239, 70.64167, 0.641061, 31.9651, 0.00098717, 120.439
4239, 70.65000, 0.640327, 31.8916, 0.000986199, 120.365
4239, 70.65833, 0.639588, 31.8182, 0.000985221, 120.292
4240, 70.66666, 0.638845, 31.7451, 0.000984235, 120.218
4241, 70.67500, 0.638097, 31.6721, 0.000983243, 120.145
4241, 70.68333, 0.637345, 31.5994, 0.000982243, 120.072
4242, 70.69167, 0.636589, 31.5269, 0.000981237, 119.999
4242, 70.70000, 0.635828, 31.4546, 0.000980223, 119.926
4243, 70.70834, 0.635063, 31.3825, 0.000979203, 119.854
4243, 70.71667, 0.634294, 31.3107, 0.000978175, 119.781
4244, 70.72500, 0.633521, 31.2391, 0.000977141, 119.709
4244, 70.73333, 0.632743, 31.1677, 0.000976099, 119.638
4245, 70.74167, 0.631961, 31.0966, 0.000975051, 119.566
4245, 70.75000, 0.631175, 31.0258, 0.000973996, 119.495
4246, 70.75833, 0.630385, 30.9552, 0.000972934, 119.424
4246, 70.76667, 0.62959, 30.8849, 0.000971866, 119.353
4247, 70.77500, 0.628792, 30.8148, 0.000970791, 119.283
4247, 70.78333, 0.62799, 30.745, 0.000969709, 119.213
4247, 70.79166, 0.627183, 30.6755, 0.00096862, 119.143
4248, 70.80000, 0.626372, 30.6063, 0.000967525, 119.073
4249, 70.80833, 0.625558, 30.5373, 0.000966423, 119.004
4249, 70.81667, 0.624739, 30.4687, 0.000965315, 118.935
4250, 70.82500, 0.623917, 30.4003, 0.000964201, 118.866
4250, 70.83334, 0.62309, 30.3323, 0.00096308, 118.798
4251, 70.84167, 0.62226, 30.2645, 0.000961952, 118.73
4251, 70.85000, 0.621426, 30.1971, 0.000960818, 118.662
4252, 70.85833, 0.620588, 30.13, 0.000959678, 118.594
4252, 70.86667, 0.619746, 30.0632, 0.000958532, 118.527
4253, 70.87500, 0.618901, 29.9967, 0.000957379, 118.46
4253, 70.88333, 0.618052, 29.9306, 0.00095622, 118.394
4254, 70.89167, 0.617199, 29.8648, 0.000955056, 118.328
4254, 70.90000, 0.616342, 29.7994, 0.000953885, 118.262
4255, 70.90833, 0.615482, 29.7343, 0.000952708, 118.196
4255, 70.91666, 0.614618, 29.6696, 0.000951525, 118.131
4255, 70.92500, 0.613751, 29.6052, 0.000950336, 118.066
4256, 70.93333, 0.61288, 29.5412, 0.000949141, 118.002
4257, 70.94167, 0.612006, 29.4776, 0.00094794, 117.938
4257, 70.95000, 0.611128, 29.4143, 0.000946734, 117.874
4258, 70.95834, 0.610247, 29.3514, 0.000945522, 117.811
4258, 70.96667, 0.609362, 29.2889, 0.000944304, 117.748
4259, 70.97500, 0.608474, 29.2268, 0.00094308, 117.686
4259, 70.98333, 0.607582, 29.1651, 0.000941851, 117.624
4260, 70.99167, 0.606687, 29.1038, 0.000940616, 117.562
4260, 71.00000, 0.605789, 29.0429, 0.000939376, 117.501
4261, 71.00833, 0.604888, 28.9824, 0.00093813, 117.44
4261, 71.01667, 0.603984, 28.9223, 0.000936879, 117.379
4262, 71.02500, 0.603076, 28.8627, 0.000935623, 117.319
4262, 71.03333, 0.602166, 28.8035, 0.000934361, 117.26
4263, 71.04166, 0.601252, 28.7447, 0.000933094, 117.201
4263, 71.05000, 0.600335, 28.6863, 0.000931822, 117.142
4263, 71.05833, 0.599415, 28.6284, 0.000930545, 117.084
4264, 71.06667, 0.598492, 28.571, 0.000929263, 117.026
4265, 71.07500, 0.597566, 28.5139, 0.000927976, 116.968
4265, 71.08334, 0.596638, 28.4574, 0.000926684, 116.911
4266, 71.09167, 0.595706, 28.4013, 0.000925386, 116.855
4266, 71.10000, 0.594772, 28.3457, 0.000924085, 116.799
4267, 71.10833, 0.593834, 28.2906, 0.000922778, 116.743
4267, 71.11667, 0.592894, 28.2359, 0.000921466, 116.688
4268, 71.12500, 0.591952, 28.1818, 0.00092015, 116.634
4268, 71.13333, 0.591007, 28.1281, 0.00091883, 116.58
4269, 71.14167, 0.590059, 28.0749, 0.000917504, 116.526
4269, 71.15000, 0.589108, 28.0222, 0.000916175, 116.473
4270, 71.15833, 0.588155, 27.9701, 0.000914841, 116.421
4270, 71.16666, 0.5872, 27.9184, 0.000913502, 116.369
4271, 71.17500, 0.586241, 27.8673, 0.000912159, 116.317
4271, 71.18333, 0.585281, 27.8167, 0.000910812, 116.266
4271, 71.19167, 0.584318, 27.7666, 0.000909461, 116.216
4272, 71.20000, 0.583353, 27.717, 0.000908106, 116.166
4273, 71.20834, 0.582386, 27.668, 0.000906747, 116.116
4273, 71.21667, 0.581416, 27.6196, 0.000905383, 116.068
4274, 71.22500, 0.580444, 27.5717, 0.000904016, 116.019
4274, 71.23333, 0.57947, 27.5244, 0.000902645, 115.972
4275, 71.24167, 0.578494, 27.4776, 0.00090127, 115.924
4275, 71.25000, 0.577516, 27.4314, 0.000899892, 115.878
4276, 71.25833, 0.576535, 27.3857, 0.00089851, 115.832
4276, 71.26667, 0.575553, 27.3407, 0.000897124, 115.786
4277, 71.27500, 0.574569, 27.2962, 0.000895735, 115.741
4277, 71.28333, 0.573583, 27.2523, 0.000894342, 115.697
4278, 71.29166, 0.572595, 27.2091, 0.000892946, 115.654
4278, 71.30000, 0.571605, 27.1664, 0.000891547, 115.61
4279, 71.30833, 0.570614, 27.1243, 0.000890145, 115.568
4279, 71.31667, 0.569621, 27.0829, 0.000888739, 115.526
4279, 71.32500, 0.568626, 27.042, 0.000887331, 115.485
4280, 71.33334, 0.56763, 27.0018, 0.000885919, 115.444
4281, 71.34167, 0.566632, 26.9623, 0.000884505, 115.404
4281, 71.35000, 0.565632, 26.9233, 0.000883088, 115.365
4282, 71.35833, 0.564631, 26.885, 0.000881668, 115.326
4282, 71.36667, 0.563629, 26.8474, 0.000880245, 115.288
4283, 71.37500, 0.562625, 26.8104, 0.00087882, 115.251
4283, 71.38333, 0.56162, 26.7741, 0.000877392, 115.214
4284, 71.39167, 0.560614, 26.7384, 0.000875961, 115.178
4284, 71.40000, 0.559607, 26.7034, 0.000874529, 115.143
4285, 71.40833, 0.558598, 26.6691, 0.000873094, 115.108
4285, 71.41666, 0.557589, 26.6355, 0.000871657, 115.074
4286, 71.42500, 0.556578, 26.6026, 0.000870218, 115.041
4286, 71.43333, 0.555566, 26.5704, 0.000868776, 115.008
4287, 71.44167, 0.554554, 26.5388, 0.000867333, 114.976
4287, 71.45000, 0.55354, 26.508, 0.000865888, 114.945
4287, 71.45834, 0.552526, 26.4779, 0.000864441, 114.915
4288, 71.46667, 0.551511, 26.4485, 0.000862993, 114.885
4289, 71.47500, 0.550495, 26.4198, 0.000861543, 114.856
4289, 71.48333, 0.549479, 26.3919, 0.000860091, 114.827
4290, 71.49167, 0.548462, 26.3647, 0.000858638, 114.8
4290, 71.50000, 0.547444, 26.3382, 0.000857183, 114.773
4291, 71.50833, 0.546426, 26.3125, 0.000855728, 114.747
4291, 71.51667, 0.545408, 26.2876, 0.000854271, 114.722
4292, 71.52500, 0.544389, 26.2634, 0.000852813, 114.697
4292, 71.53333, 0.54337, 26.24, 0.000851354, 114.673
4293, 71.54166, 0.54235, 26.2173, 0.000849894, 114.65
4293, 71.55000, 0.541331, 26.1955, 0.000848434, 114.628
4294, 71.55833, 0.540311, 26.1744, 0.000846972, 114.606
4294, 71.56667, 0.539291, 26.1541, 0.00084551, 114.586
4295, 71.57500, 0.538271, 26.1346, 0.000844048, 114.566
4295, 71.58334, 0.537252, 26.1159, 0.000842585, 114.547
4295, 71.59167, 0.536232, 26.098, 0.000841122, 114.529
4296, 71.60000, 0.535213, 26.0809, 0.000839659, 114.511
4297, 71.60833, 0.534194, 26.0647, 0.000838195, 114.494
4297, 71.61667, 0.533175, 26.0492, 0.000836732, 114.479
4298, 71.62500, 0.532156, 26.0346, 0.000835268, 114.464
4298, 71.63333, 0.531138, 26.0209, 0.000833805, 114.449
4299, 71.64167, 0.53012, 26.0079, 0.000832342, 114.436
4299, 71.65000, 0.529103, 25.9959, 0.00083088, 114.424
4300, 71.65833, 0.528087, 25.9847, 0.000829418, 114.412
4300, 71.66666, 0.527071, 25.9743, 0.000827956, 114.401
4301, 71.67500, 0.526056, 25.9648, 0.000826495, 114.391
4301, 71.68333, 0.525042, 25.9562, 0.000825036, 114.382
4302, 71.69167, 0.524029, 25.9484, 0.000823577, 114.374
4302, 71.70000, 0.523017, 25.9416, 0.000822119, 114.367
4303, 71.70834, 0.522006, 25.9356, 0.000820662, 114.361
4303, 71.71667, 0.520996, 25.9305, 0.000819206, 114.355
4303, 71.72500, 0.519987, 25.9264, 0.000817752, 114.351
4304, 71.73333, 0.518979, 25.9231, 0.000816299, 114.347
4305, 71.74167, 0.517973, 25.9207, 0.000814848, 114.344
4305, 71.75000, 0.516968, 25.9193, 0.000813399, 114.342
4306, 71.75833, 0.515965, 25.9187, 0.000811951, 114.341
4306, 71.76667, 0.514963, 25.9191, 0.000810505, 114.342
4307, 71.77500, 0.513962, 25.9205, 0.000809062, 114.342
4307, 71.78333, 0.512964, 25.9227, 0.00080762, 114.344
4308, 71.79166, 0.511967, 25.9259, 0.000806181, 114.347
4308, 71.80000, 0.510972, 25.9301, 0.000804744, 114.351
4309, 71.80833, 0.509979, 25.9352, 0.00080331, 114.356
4309, 71.81667, 0.508988, 25.9413, 0.000801878, 114.361
4310, 71.82500, 0.507999, 25.9483, 0.000800449, 114.368
4310, 71.83334, 0.507012, 25.9563, 0.000799023, 114.376
4311, 71.84167, 0.506027, 25.9652, 0.0007976, 114.384
4311, 71.85000, 0.505045, 25.9752, 0.00079618, 114.394
4311, 71.85833, 0.504065, 25.9861, 0.000794764, 114.404
4312, 71.86667, 0.503087, 25.998, 0.00079335, 114.416
4313, 71.87500, 0.502112, 26.0109, 0.000791941, 114.428
4313, 71.88333, 0.501139, 26.0248, 0.000790535, 114.442
4314, 71.89167, 0.50017, 26.0397, 0.000789132, 114.456
4314, 71.90000, 0.499203, 26.0556, 0.000787734, 114.472
4315, 71.90833, 0.498239, 26.0725, 0.000786339, 114.488
4315, 71.91666, 0.497277, 26.0904, 0.000784949, 114.506
4316, 71.92500, 0.496319, 26.1093, 0.000783563, 114.524
4316, 71.93333, 0.495364, 26.1293, 0.000782182, 114.544
4316, 71.94167, 0.494412, 26.1502, 0.000780804, 114.564
4317, 71.95000, 0.493463, 26.1722, 0.000779432, 114.586
4318, 71.95834, 0.492518, 26.1953, 0.000778065, 114.609
4318, 71.96667, 0.491576, 26.2193, 0.000776702, 114.632
4319, 71.97500, 0.490638, 26.2444, 0.000775345, 114.657
4319, 71.98333, 0.489703, 26.2706, 0.000773992, 114.683
4319, 71.99167, 0.488772, 26.2977, 0.000772645, 114.709
4320, 72.00000, 0.487845, 26.326, 0.000771304, 114.737
4321, 72.00833, 0.486921, 26.3552, 0.000769968, 114.766
4321, 72.01667, 0.486001, 26.3856, 0.000768638, 114.796
4322, 72.02500, 0.485086, 26.417, 0.000767315, 114.827
4322, 72.03333, 0.484175, 26.4494, 0.000765997, 114.859
4323, 72.04166, 0.483267, 26.4829, 0.000764685, 114.892
4323, 72.05000, 0.482365, 26.5175, 0.000763379, 114.926
4324, 72.05833, 0.481466, 26.5531, 0.000762081, 114.962
4324, 72.06667, 0.480572, 26.5898, 0.000760788, 114.998
4324, 72.07500, 0.479683, 26.6275, 0.000759503, 115.035
4325, 72.08334, 0.478798, 26.6664, 0.000758224, 115.074
4326, 72.09167, 0.477918, 26.7063, 0.000756953, 115.113
4326, 72.10000, 0.477043, 26.7472, 0.000755689, 115.154
4327, 72.10833, 0.476172, 26.7893, 0.000754432, 115.195
4327, 72.11667, 0.475307, 26.8324, 0.000753182, 115.238
4328, 72.12500, 0.474447, 26.8766, 0.00075194, 115.282
4328, 72.13333, 0.473592, 26.9219, 0.000750707, 115.327
4329, 72.14167, 0.472742, 26.9682, 0.000749481, 115.373
4329, 72.15000, 0.471898, 27.0156, 0.000748263, 115.42
4330, 72.15833, 0.471059, 27.0641, 0.000747053, 115.468
4330, 72.16666, 0.470225, 27.1137, 0.000745852, 115.517
4331, 72.17500, 0.469398, 27.1643, 0.000744659, 115.567
4331, 72.18333, 0.468576, 27.216, 0.000743475, 115.619
4332, 72.19167, 0.46776, 27.2688, 0.0007423, 115.671
4332, 72.20000, 0.466949, 27.3227, 0.000741134, 115.725
4332, 72.20834, 0.466145, 27.3776, 0.000739977, 115.779
4333, 72.21667, 0.465347, 27.4336, 0.000738829, 115.835
4334, 72.22500, 0.464555, 27.4907, 0.000737691, 115.891
4334, 72.23333, 0.46377, 27.5488, 0.000736563, 115.949
4335, 72.24167, 0.462991, 27.608, 0.000735444, 116.008
4335, 72.25000, 0.462218, 27.6683, 0.000734335, 116.068
4336, 72.25833, 0.461452, 27.7296, 0.000733236, 116.129
4336, 72.26667, 0.460692, 27.7919, 0.000732148, 116.191
4337, 72.27500, 0.45994, 27.8554, 0.000731069, 116.254
4337, 72.28333, 0.459194, 27.9198, 0.000730002, 116.318
4338, 72.29166, 0.458455, 27.9853, 0.000728944, 116.383
4338, 72.30000, 0.457723, 28.0519, 0.000727898, 116.449
4339, 72.30833, 0.456998, 28.1195, 0.000726863, 116.516
4339, 72.31667, 0.456281, 28.1881, 0.000725839, 116.584
4340, 72.32500, 0.45557, 28.2578, 0.000724826, 116.654
4340, 72.33334, 0.454868, 28.3284, 0.000723824, 116.724
4340, 72.34167, 0.454172, 28.4001, 0.000722834, 116.795
4341, 72.35000, 0.453484, 28.4728, 0.000721856, 116.867
4342, 72.35833, 0.452804, 28.5466, 0.00072089, 116.941
4342, 72.36667, 0.452132, 28.6213, 0.000719936, 117.015
4343, 72.37500, 0.451467, 28.697, 0.000718993, 117.09
4343, 72.38333, 0.450811, 28.7737, 0.000718064, 117.167
4344, 72.39167, 0.450162, 28.8513, 0.000717146, 117.244
4344, 72.40000, 0.449522, 28.93, 0.000716242, 117.322
4345, 72.40833, 0.448889, 29.0096, 0.00071535, 117.401
4345, 72.41666, 0.448265, 29.0902, 0.00071447, 117.482
4346, 72.42500, 0.44765, 29.1717, 0.000713604, 117.563
4346, 72.43333, 0.447043, 29.2541, 0.000712751, 117.645
4347, 72.44167, 0.446444, 29.3375, 0.000711912, 117.728
4347, 72.45000, 0.445854, 29.4219, 0.000711086, 117.812
4348, 72.45834, 0.445273, 29.5071, 0.000710273, 117.896
4348, 72.46667, 0.4447, 29.5932, 0.000709474, 117.982
4348, 72.47500, 0.444137, 29.6803, 0.00070869, 118.069
4349, 72.48333, 0.443582, 29.7682, 0.000707919, 118.156
4350, 72.49167, 0.443036, 29.857, 0.000707162, 118.245
4350, 72.50000, 0.4425, 29.9466, 0.00070642, 118.334
4351, 72.50833, 0.441973, 30.0371, 0.000705692, 118.424
4351, 72.51667, 0.441455, 30.1285, 0.000704978, 118.515
4352, 72.52500, 0.440946, 30.2207, 0.000704279, 118.607
4352, 72.53333, 0.440447, 30.3137, 0.000703595, 118.699
4353, 72.54166, 0.439957, 30.4075, 0.000702926, 118.793
4353, 72.55000, 0.439477, 30.5021, 0.000702272, 118.887
4354, 72.55833, 0.439006, 30.5975, 0.000701634, 118.982
4354, 72.56667, 0.438545, 30.6936, 0.00070101, 119.078
4355, 72.57500, 0.438094, 30.7905, 0.000700402, 119.174
4355, 72.58334, 0.437653, 30.8882, 0.00069981, 119.272
4356, 72.59167, 0.437222, 30.9866, 0.000699233, 119.37
4356, 72.60000, 0.436801, 31.0857, 0.000698672, 119.468
4356, 72.60833, 0.43639, 31.1854, 0.000698127, 119.568
4357, 72.61667, 0.435989, 31.2859, 0.000697598, 119.668
4358, 72.62500, 0.435598, 31.3871, 0.000697085, 119.768
4358, 72.63333, 0.435218, 31.4888, 0.000696589, 119.87
4359, 72.64167, 0.434847, 31.5913, 0.000696108, 119.972
4359, 72.65000, 0.434487, 31.6943, 0.000695645, 120.074
4360, 72.65833, 0.434138, 31.798, 0.000695197, 120.178
4360, 72.66666, 0.433799, 31.9023, 0.000694767, 120.282
4361, 72.67500, 0.433471, 32.0071, 0.000694353, 120.386
4361, 72.68333, 0.433153, 32.1125, 0.000693956, 120.491
4362, 72.69167, 0.432846, 32.2184, 0.000693576, 120.596
4362, 72.70000, 0.43255, 32.3248, 0.000693212, 120.703
4363, 72.70834, 0.432264, 32.4318, 0.000692867, 120.809
4363, 72.71667, 0.431989, 32.5392, 0.000692538, 120.916
4364, 72.72500, 0.431726, 32.6471, 0.000692226, 121.024
4364, 72.73333, 0.431473, 32.7555, 0.000691932, 121.132
4364, 72.74167, 0.431231, 32.8643, 0.000691656, 121.24
4365, 72.75000, 0.431, 32.9735, 0.000691396, 121.349
4366, 72.75833, 0.43078, 33.0831, 0.000691155, 121.458
4366, 72.76667, 0.430571, 33.1931, 0.000690931, 121.568
4367, 72.77500, 0.430373, 33.3034, 0.000690725, 121.677
4367, 72.78333, 0.430186, 33.4141, 0.000690537, 121.788
4368, 72.79166, 0.43001, 33.5251, 0.000690366, 121.898
4368, 72.80000, 0.429846, 33.6364, 0.000690214, 122.009
4369, 72.80833, 0.429693, 33.748, 0.000690079, 122.12
4369, 72.81667, 0.429551, 33.8599, 0.000689962, 122.232
4370, 72.82500, 0.429421, 33.972, 0.000689864, 122.344
4370, 72.83334, 0.429302, 34.0843, 0.000689784, 122.455
4371, 72.84167, 0.429194, 34.1968, 0.000689721, 122.568
4371, 72.85000, 0.429097, 34.3095, 0.000689677, 122.68
4372, 72.85833, 0.429012, 34.4223, 0.000689652, 122.792
4372, 72.86667, 0.428938, 34.5353, 0.000689644, 122.905
4372, 72.87500, 0.428876, 34.6485, 0.000689655, 123.018
4373, 72.88333, 0.428825, 34.7617, 0.000689684, 123.13
4374, 72.89167, 0.428786, 34.875, 0.000689732, 123.243
4374, 72.90000, 0.428758, 34.9883, 0.000689798, 123.356
4375, 72.90833, 0.428741, 35.1017, 0.000689883, 123.469
4375, 72.91666, 0.428736, 35.2151, 0.000689986, 123.582
4376, 72.92500, 0.428742, 35.3285, 0.000690107, 123.695
4376, 72.93333, 0.42876, 35.4419, 0.000690247, 123.808
4377, 72.94167, 0.428789, 35.5553, 0.000690405, 123.921
4377, 72.95000, 0.42883, 35.6685, 0.000690582, 124.034
4378, 72.95834, 0.428882, 35.7817, 0.000690777, 124.147
4378, 72.96667, 0.428946, 35.8948, 0.000690991, 124.259
4379, 72.97500, 0.429021, 36.0078, 0.000691223, 124.372
4379, 72.98333, 0.429107, 36.1206, 0.000691474, 124.484
4380, 72.99167, 0.429205, 36.2332, 0.000691743, 124.597
4380, 73.00000, 0.429314, 36.3456, 0.000692031, 124.709
4380, 73.00833, 0.429435, 36.4579, 0.000692337, 124.82
4381, 73.01667, 0.429567, 36.5699, 0.000692661, 124.932
4382, 73.02500, 0.42971, 36.6816, 0.000693004, 125.043
4382, 73.03333, 0.429865, 36.7931, 0.000693365, 125.154
4383, 73.04166, 0.430031, 36.9043, 0.000693744, 125.265
4383, 73.05000, 0.430208, 37.0152, 0.000694142, 125.376
4384, 73.05833, 0.430397, 37.1258, 0.000694558, 125.486
4384, 73.06667, 0.430596, 37.236, 0.000694993, 125.596
4385, 73.07500, 0.430807, 37.3458, 0.000695445, 125.705
4385, 73.08334, 0.431029, 37.4553, 0.000695915, 125.814
4386, 73.09167, 0.431262, 37.5643, 0.000696404, 125.923
4386, 73.10000, 0.431507, 37.6729, 0.000696911, 126.031
4387, 73.10833, 0.431762, 37.7811, 0.000697436, 126.139
4387, 73.11667, 0.432028, 37.8888, 0.000697978, 126.246
4388, 73.12500, 0.432306, 37.996, 0.000698539, 126.353
4388, 73.13333, 0.432594, 38.1027, 0.000699117, 126.459
4388, 73.14167, 0.432893, 38.2089, 0.000699713, 126.565
4389, 73.15000, 0.433203, 38.3146, 0.000700327, 126.67
4390, 73.15833, 0.433523, 38.4197, 0.000700958, 126.775
4390, 73.16666, 0.433855, 38.5242, 0.000701607, 126.879
4391, 73.17500, 0.434197, 38.6282, 0.000702273, 126.982
4391, 73.18333, 0.434549, 38.7315, 0.000702956, 127.085
4392, 73.19167, 0.434913, 38.8342, 0.000703657, 127.188
4392, 73.20000, 0.435286, 38.9363, 0.000704376, 127.289
4393, 73.20834, 0.435671, 39.0377, 0.000705111, 127.39
4393, 73.21667, 0.436065, 39.1385, 0.000705863, 127.491
4394, 73.22500, 0.43647, 39.2385, 0.000706632, 127.59
4394, 73.23333, 0.436885, 39.3379, 0.000707418, 127.689
4395, 73.24167, 0.437311, 39.4365, 0.000708221, 127.787
4395, 73.25000, 0.437746, 39.5344, 0.000709041, 127.885
4396, 73.25833, 0.438192, 39.6315, 0.000709877, 127.982
4396, 73.26667, 0.438647, 39.7279, 0.000710729, 128.078
4396, 73.27500, 0.439113, 39.8235, 0.000711598, 128.173
4397, 73.28333, 0.439588, 39.9183, 0.000712483, 128.267
4398, 73.29166, 0.440073, 40.0123, 0.000713384, 128.361
4398, 73.30000, 0.440568, 40.1055, 0.000714301, 128.454
4399, 73.30833, 0.441072, 40.1979, 0.000715234, 128.545
4399, 73.31667, 0.441587, 40.2894, 0.000716183, 128.637
4400, 73.32500, 0.44211, 40.38, 0.000717148, 128.727
4400, 73.33334, 0.442643, 40.4698, 0.000718128, 128.816
4401, 73.34167, 0.443185, 40.5587, 0.000719123, 128.905
4401, 73.35000, 0.443737, 40.6467, 0.000720134, 128.992
4402, 73.35833, 0.444297, 40.7338, 0.00072116, 129.079
4402, 73.36667, 0.444867, 40.82, 0.000722201, 129.165
4403, 73.37500, 0.445446, 40.9053, 0.000723257, 129.25
4403, 73.38333, 0.446034, 40.9896, 0.000724328, 129.333
4404, 73.39167, 0.44663, 41.073, 0.000725414, 129.416
4404, 73.40000, 0.447235, 41.1554, 0.000726514, 129.498
4404, 73.40833, 0.447849, 41.2369, 0.000727628, 129.579
4405, 73.41666, 0.448472, 41.3174, 0.000728757, 129.66
4406, 73.42500, 0.449103, 41.3969, 0.000729899, 129.739
4406, 73.43333, 0.449742, 41.4754, 0.000731056, 129.817
4407, 73.44167, 0.45039, 41.5529, 0.000732227, 129.894
4407, 73.45000, 0.451046, 41.6294, 0.000733411, 129.97
4408, 73.45834, 0.45171, 41.7049, 0.000734609, 130.045
4408, 73.46667, 0.452382, 41.7794, 0.000735821, 130.119
4409, 73.47500, 0.453062, 41.8528, 0.000737045, 130.192
4409, 73.48333, 0.453749, 41.9252, 0.000738283, 130.264
4410, 73.49167, 0.454445, 41.9966, 0.000739534, 130.335
4410, 73.50000, 0.455148, 42.0669, 0.000740797, 130.405
4411, 73.50833, 0.455859, 42.1362, 0.000742074, 130.474
4411, 73.51667, 0.456577, 42.2044, 0.000743363, 130.542
4412, 73.52500, 0.457303, 42.2715, 0.000744664, 130.608
4412, 73.53333, 0.458036, 42.3376, 0.000745977, 130.674
4412, 73.54166, 0.458776, 42.4026, 0.000747303, 130.738
4413, 73.55000, 0.459523, 42.4665, 0.000748641, 130.802
4414, 73.55833, 0.460277, 42.5293, 0.00074999, 130.864
4414, 73.56667, 0.461039, 42.5911, 0.000751352, 130.926
4415, 73.57500, 0.461807, 42.6518, 0.000752724, 130.986
4415, 73.58334, 0.462581, 42.7113, 0.000754108, 131.045
4416, 73.59167, 0.463362, 42.7698, 0.000755503, 131.103
4416, 73.60000, 0.46415, 42.8272, 0.00075691, 131.16
4417, 73.60833, 0.464944, 42.8834, 0.000758327, 131.216
4417, 73.61667, 0.465745, 42.9386, 0.000759755, 131.271
4418, 73.62500, 0.466552, 42.9927, 0.000761193, 131.324
4418, 73.63333, 0.467365, 43.0457, 0.000762642, 131.377
4419, 73.64167, 0.468184, 43.0975, 0.000764102, 131.428
4419, 73.65000, 0.469008, 43.1483, 0.000765571, 131.479
4420, 73.65833, 0.469839, 43.1979, 0.00076705, 131.528
4420, 73.66666, 0.470676, 43.2464, 0.00076854, 131.576
4420, 73.67500, 0.471518, 43.2938, 0.000770039, 131.623
4421, 73.68333, 0.472365, 43.3401, 0.000771547, 131.669
4422, 73.69167, 0.473218, 43.3853, 0.000773065, 131.714
4422, 73.70000, 0.474077, 43.4294, 0.000774592, 131.757
4423, 73.70834, 0.47494, 43.4724, 0.000776128, 131.8
4423, 73.71667, 0.475809, 43.5142, 0.000777673, 131.841
4424, 73.72500, 0.476683, 43.555, 0.000779227, 131.882
4424, 73.73333, 0.477562, 43.5946, 0.000780789, 131.921
4425, 73.74167, 0.478446, 43.6332, 0.00078236, 131.959
4425, 73.75000, 0.479335, 43.6706, 0.000783939, 131.996
4426, 73.75833, 0.480228, 43.7069, 0.000785526, 132.032
4426, 73.76667, 0.481126, 43.7421, 0.000787122, 132.067
4427, 73.77500, 0.482028, 43.7763, 0.000788725, 132.1
4427, 73.78333, 0.482935, 43.8093, 0.000790336, 132.133
4428, 73.79166, 0.483846, 43.8412, 0.000791955, 132.164
4428, 73.80000, 0.484762, 43.8721, 0.000793581, 132.195
4428, 73.80833, 0.485681, 43.9018, 0.000795214, 132.224
4429, 73.81667, 0.486605, 43.9305, 0.000796854, 132.252
4430, 73.82500, 0.487532, 43.958, 0.000798501, 132.28
4430, 73.83334, 0.488464, 43.9845, 0.000800156, 132.306
4431, 73.84167, 0.489399, 44.0099, 0.000801817, 132.331
4431, 73.85000, 0.490338, 44.0343, 0.000803484, 132.354
4432, 73.85833, 0.49128, 44.0575, 0.000805158, 132.377
4432, 73.86667, 0.492226, 44.0797, 0.000806838, 132.399
4433, 73.87500, 0.493175, 44.1009, 0.000808524, 132.42
4433, 73.88333, 0.494128, 44.121, 0.000810216, 132.439
4434, 73.89167, 0.495084, 44.14, 0.000811914, 132.458
4434, 73.90000, 0.496043, 44.1579, 0.000813618, 132.476
4435, 73.90833, 0.497005, 44.1749, 0.000815327, 132.492
4435, 73.91666, 0.49797, 44.1908, 0.000817042, 132.508
4436, 73.92500, 0.498938, 44.2056, 0.000818762, 132.522
4436, 73.93333, 0.499909, 44.2194, 0.000820487, 132.535
4436, 73.94167, 0.500883, 44.2322, 0.000822218, 132.548
4437, 73.95000, 0.501859, 44.2439, 0.000823953, 132.559
4438, 73.95834, 0.502838, 44.2547, 0.000825692, 132.569
4438, 73.96667, 0.503819, 44.2644, 0.000827437, 132.579
4439, 73.97500, 0.504803, 44.2731, 0.000829186, 132.587
4439, 73.98333, 0.505789, 44.2808, 0.000830939, 132.594
4440, 73.99167, 0.506777, 44.2875, 0.000832697, 132.6
4440, 74.00000, 0.507768, 44.2933, 0.000834459, 132.606
4441, 74.00833, 0.50876, 44.298, 0.000836224, 132.61
4441, 74.01667, 0.509755, 44.3017, 0.000837994, 132.613
4441, 74.02500, 0.510752, 44.3045, 0.000839767, 132.616
4442, 74.03333, 0.51175, 44.3063, 0.000841544, 132.617
4443, 74.04166, 0.51275, 44.3072, 0.000843324, 132.618
4443, 74.05000, 0.513752, 44.307, 0.000845108, 132.617
4444, 74.05833, 0.514756, 44.306, 0.000846895, 132.615
4444, 74.06667, 0.515761, 44.304, 0.000848685, 132.613
4444, 74.07500, 0.516767, 44.301, 0.000850478, 132.61
4445, 74.08334, 0.517775, 44.2971, 0.000852274, 132.605
4446, 74.09167, 0.518785, 44.2923, 0.000854073, 132.6
4446, 74.10000, 0.519796, 44.2865, 0.000855875, 132.594
4447, 74.10833, 0.520807, 44.2799, 0.000857679, 132.587
4447, 74.11667, 0.52182, 44.2723, 0.000859486, 132.579
4448, 74.12500, 0.522835, 44.2638, 0.000861294, 132.57
4448, 74.13333, 0.52385, 44.2544, 0.000863105, 132.56
4449, 74.14167, 0.524866, 44.2442, 0.000864919, 132.549
4449, 74.15000, 0.525883, 44.233, 0.000866734, 132.538
4449, 74.15833, 0.5269, 44.221, 0.000868551, 132.525
4450, 74.16666, 0.527919, 44.2081, 0.00087037, 132.512
4451, 74.17500, 0.528938, 44.1943, 0.00087219, 132.498
4451, 74.18333, 0.529958, 44.1797, 0.000874012, 132.483
4452, 74.19167, 0.530978, 44.1642, 0.000875836, 132.467
4452, 74.20000, 0.531999, 44.1478, 0.000877661, 132.45
4453, 74.20834, 0.53302, 44.1307, 0.000879487, 132.432
4453, 74.21667, 0.534042, 44.1126, 0.000881315, 132.414
4454, 74.22500, 0.535064, 44.0938, 0.000883143, 132.395
4454, 74.23333, 0.536086, 44.0741, 0.000884973, 132.375
4455, 74.24167, 0.537109, 44.0537, 0.000886803, 132.354
4455, 74.25000, 0.538131, 44.0324, 0.000888635, 132.332
4456, 74.25833, 0.539154, 44.0103, 0.000890467, 132.309
4456, 74.26667, 0.540177, 43.9874, 0.000892299, 132.286
4457, 74.27500, 0.5412, 43.9637, 0.000894132, 132.262
4457, 74.28333, 0.542222, 43.9393, 0.000895966, 132.237
4457, 74.29166, 0.543245, 43.914, 0.0008978, 132.211
4458, 74.30000, 0.544267, 43.888, 0.000899634, 132.185
4459, 74.30833, 0.545289, 43.8613, 0.000901468, 132.158
4459, 74.31667, 0.546311, 43.8337, 0.000903303, 132.13
4460, 74.32500, 0.547333, 43.8055, 0.000905137, 132.101
4460, 74.33334, 0.548354, 43.7764, 0.000906972, 132.072
4461, 74.34167, 0.549374, 43.7467, 0.000908806, 132.041
4461, 74.35000, 0.550394, 43.7162, 0.00091064, 132.011
4462, 74.35833, 0.551414, 43.685, 0.000912474, 131.979
4462, 74.36667, 0.552433, 43.653, 0.000914307, 131.947
4463, 74.37500, 0.553452, 43.6204, 0.00091614, 131.913
4463, 74.38333, 0.554469, 43.587, 0.000917973, 131.88
4464, 74.39167, 0.555487, 43.553, 0.000919804, 131.845
4464, 74.40000, 0.556503, 43.5182, 0.000921635, 131.81
4465, 74.40833, 0.557518, 43.4828, 0.000923466, 131.774
4465, 74.41666, 0.558533, 43.4467, 0.000925295, 131.738
4465, 74.42500, 0.559547, 43.4099, 0.000927124, 131.7
4466, 74.43333, 0.56056, 43.3724, 0.000928951, 131.662
4467, 74.44167, 0.561572, 43.3343, 0.000930778, 131.624
4467, 74.45000, 0.562583, 43.2955, 0.000932603, 131.585
4468, 74.45834, 0.563593, 43.2561, 0.000934428, 131.545
4468, 74.46667, 0.564601, 43.216, 0.000936251, 131.504
4469, 74.47500, 0.565609, 43.1753, 0.000938072, 131.463
4469, 74.48333, 0.566616, 43.1339, 0.000939893, 131.421
4470, 74.49167, 0.567621, 43.092, 0.000941712, 131.379
4470, 74.50000, 0.568625, 43.0494, 0.000943529, 131.336
4471, 74.50833, 0.569628, 43.0062, 0.000945345, 131.292
4471, 74.51667, 0.570629, 42.9623, 0.00094716, 131.248
4472, 74.52500, 0.571629, 42.9179, 0.000948972, 131.203
4472, 74.53333, 0.572628, 42.8729, 0.000950783, 131.158
4473, 74.54166, 0.573626, 42.8273, 0.000952592, 131.112
4473, 74.55000, 0.574622, 42.7811, 0.0009544, 131.065
4473, 74.55833, 0.575616, 42.7343, 0.000956205, 131.018
4474, 74.56667, 0.576609, 42.6869, 0.000958009, 130.97
4475, 74.57500, 0.577601, 42.639, 0.00095981, 130.922
4475, 74.58334, 0.57859, 42.5905, 0.000961609, 130.873
4476, 74.59167, 0.579579, 42.5415, 0.000963407, 130.823
4476, 74.60000, 0.580565, 42.4919, 0.000965202, 130.773
4477, 74.60833, 0.58155, 42.4417, 0.000966995, 130.723
4477, 74.61667, 0.582534, 42.391, 0.000968786, 130.671
4478, 74.62500, 0.583515, 42.3398, 0.000970574, 130.62
4478, 74.63333, 0.584495, 42.2881, 0.000972361, 130.568
4479, 74.64167, 0.585474, 42.2358, 0.000974144, 130.515
4479, 74.65000, 0.58645, 42.183, 0.000975926, 130.462
4480, 74.65833, 0.587424, 42.1297, 0.000977705, 130.408
4480, 74.66666, 0.588397, 42.0758, 0.000979481, 130.354
4481, 74.67500, 0.589368, 42.0215, 0.000981255, 130.299
4481, 74.68333, 0.590337, 41.9667, 0.000983026, 130.243
4481, 74.69167, 0.591304, 41.9113, 0.000984795, 130.188
4482, 74.70000, 0.592269, 41.8555, 0.000986561, 130.131
4483, 74.70834, 0.593232, 41.7992, 0.000988324, 130.075
4483, 74.71667, 0.594194, 41.7424, 0.000990084, 130.018
4484, 74.72500, 0.595153, 41.6852, 0.000991842, 129.96
4484, 74.73333, 0.59611, 41.6275, 0.000993597, 129.902
4485, 74.74167, 0.597065, 41.5693, 0.000995349, 129.843
4485, 74.75000, 0.598018, 41.5106, 0.000997098, 129.784
4486, 74.75833, 0.598969, 41.4515, 0.000998844, 129.724
4486, 74.76667, 0.599918, 41.3919, 0.00100059, 129.664
4487, 74.77500, 0.600865, 41.3319, 0.00100233, 129.604
4487, 74.78333, 0.60181, 41.2715, 0.00100406, 129.543
4488, 74.79166, 0.602752, 41.2106, 0.0010058, 129.482
4488, 74.80000, 0.603692, 41.1493, 0.00100753, 129.42
4489, 74.80833, 0.604631, 41.0876, 0.00100926, 129.358
4489, 74.81667, 0.605567, 41.0254, 0.00101098, 129.295
4489, 74.82500, 0.6065, 40.9628, 0.0010127, 129.232
4490, 74.83334, 0.607432, 40.8998, 0.00101442, 129.169
4491, 74.84167, 0.608361, 40.8364, 0.00101614, 129.105
4491, 74.85000, 0.609288, 40.7726, 0.00101785, 129.041
4492, 74.85833, 0.610213, 40.7083, 0.00101956, 128.976
4492, 74.86667, 0.611135, 40.6437, 0.00102126, 128.911
4493, 74.87500, 0.612055, 40.5787, 0.00102296, 128.845
4493, 74.88333, 0.612973, 40.5133, 0.00102466, 128.78
4494, 74.89167, 0.613888, 40.4475, 0.00102636, 128.713
4494, 74.90000, 0.614801, 40.3813, 0.00102805, 128.647
4495, 74.90833, 0.615712, 40.3148, 0.00102974, 128.58
4495, 74.91666, 0.61662, 40.2479, 0.00103142, 128.512
4496, 74.92500, 0.617526, 40.1806, 0.0010331, 128.445
4496, 74.93333, 0.61843, 40.1129, 0.00103478, 128.376
4497, 74.94167, 0.619331, 40.0449, 0.00103646, 128.308
4497, 74.95000, 0.62023, 39.9765, 0.00103813, 128.239
4497, 74.95834, 0.621126, 39.9078, 0.00103979, 128.17
4498, 74.96667, 0.62202, 39.8387, 0.00104146, 128.1
4499, 74.97500, 0.622911, 39.7692, 0.00104312, 128.031
4499, 74.98333, 0.6238, 39.6995, 0.00104477, 127.96
4500, 74.99167, 0.624687, 39.6294, 0.00104643, 127.89
4500, 75.00000, 0.625571, 39.5589, 0.00104808, 127.819
4501, 75.00833, 0.626452, 39.4881, 0.00104972, 127.748
4501, 75.01667, 0.627331, 39.417, 0.00105136, 127.676
4502, 75.02500, 0.628208, 39.3456, 0.001053, 127.604
4502, 75.03333, 0.629081, 39.2738, 0.00105464, 127.532
4503, 75.04166, 0.629953, 39.2017, 0.00105627, 127.459
4503, 75.05000, 0.630822, 39.1293, 0.00105789, 127.387
4504, 75.05833, 0.631688, 39.0566, 0.00105952, 127.313
4504, 75.06667, 0.632552, 38.9836, 0.00106114, 127.24
4505, 75.07500, 0.633413, 38.9103, 0.00106275, 127.166
4505, 75.08334, 0.634272, 38.8366, 0.00106436, 127.092
4505, 75.09167, 0.635128, 38.7627, 0.00106597, 127.018
4506, 75.10000, 0.635982, 38.6885, 0.00106758, 126.943
4507, 75.10833, 0.636833, 38.614, 0.00106918, 126.868
4507, 75.11667, 0.637681, 38.5391, 0.00107077, 126.793
4508, 75.12500, 0.638527, 38.464, 0.00107237, 126.717
4508, 75.13333, 0.639371, 38.3887, 0.00107395, 126.641
4509, 75.14167, 0.640211, 38.313, 0.00107554, 126.565
4509, 75.15000, 0.641049, 38.2371, 0.00107712, 126.489
4510, 75.15833, 0.641885, 38.1608, 0.0010787, 126.412
4510, 75.16666, 0.642718, 38.0843, 0.00108027, 126.335
4511, 75.17500, 0.643548, 38.0076, 0.00108184, 126.258
4511, 75.18333, 0.644376, 37.9306, 0.0010834, 126.181
4512, 75.19167, 0.645201, 37.8533, 0.00108497, 126.103
4512, 75.20000, 0.646023, 37.7757, 0.00108652, 126.025
4513, 75.20834, 0.646843, 37.6979, 0.00108808, 125.947
4513, 75.21667, 0.64766, 37.6198, 0.00108963, 125.868
4513, 75.22500, 0.648474, 37.5415, 0.00109117, 125.789
4514, 75.23333, 0.649286, 37.4629, 0.00109271, 125.71
4515, 75.24167, 0.650096, 37.3841, 0.00109425, 125.631
4515, 75.25000, 0.650902, 37.305, 0.00109579, 125.551
4516, 75.25833, 0.651706, 37.2257, 0.00109731, 125.472
4516, 75.26667, 0.652507, 37.1461, 0.00109884, 125.392
4517, 75.27500, 0.653306, 37.0663, 0.00110036, 125.311
4517, 75.28333, 0.654102, 36.9863, 0.00110188, 125.231
4518, 75.29166, 0.654895, 36.906, 0.00110339, 125.15
4518, 75.30000, 0.655686, 36.8255, 0.0011049, 125.069
4519, 75.30833, 0.656474, 36.7448, 0.00110641, 124.988
4519, 75.31667, 0.657259, 36.6638, 0.00110791, 124.907
4520, 75.32500, 0.658042, 36.5826, 0.00110941, 124.825
4520, 75.33334, 0.658822, 36.5012, 0.0011109, 124.743
4521, 75.34167, 0.659599, 36.4196, 0.00111239, 124.661
4521, 75.35000, 0.660374, 36.3377, 0.00111388, 124.579
4521, 75.35833, 0.661146, 36.2557, 0.00111536, 124.496
4522, 75.36667, 0.661916, 36.1734, 0.00111683, 124.414
4523, 75.37500, 0.662682, 36.0909, 0.00111831, 124.331
4523, 75.38333, 0.663446, 36.0082, 0.00111978, 124.247
4524, 75.39167, 0.664208, 35.9253, 0.00112124, 124.164
4524, 75.40000, 0.664967, 35.8421, 0.0011227, 124.08
4525, 75.40833, 0.665723, 35.7588, 0.00112416, 123.997
4525, 75.41666, 0.666476, 35.6753, 0.00112561, 123.913
4526, 75.42500, 0.667227, 35.5916, 0.00112706, 123.829
4526, 75.43333, 0.667975, 35.5076, 0.00112851, 123.744
4527, 75.44167, 0.66872, 35.4235, 0.00112995, 123.66
4527, 75.45000, 0.669463, 35.3392, 0.00113138, 123.575
4528, 75.45834, 0.670203, 35.2547, 0.00113282, 123.49
4528, 75.46667, 0.67094, 35.17, 0.00113425, 123.405
4529, 75.47500, 0.671675, 35.0851, 0.00113567, 123.319
4529, 75.48333, 0.672407, 35, 0.00113709, 123.234
4529, 75.49167, 0.673137, 34.9147, 0.00113851, 123.148
4530, 75.50000, 0.673863, 34.8293, 0.00113992, 123.062
4531, 75.50833, 0.674587, 34.7436, 0.00114133, 122.976
4531, 75.51667, 0.675309, 34.6578, 0.00114273, 122.89
4532, 75.52500, 0.676028, 34.5718, 0.00114413, 122.803
4532, 75.53333, 0.676744, 34.4856, 0.00114553, 122.717
4533, 75.54166, 0.677457, 34.3993, 0.00114692, 122.63
4533, 75.55000, 0.678168, 34.3128, 0.00114831, 122.543
4534, 75.55833, 0.678876, 34.2261, 0.00114969, 122.456
4534, 75.56667, 0.679581, 34.1392, 0.00115107, 122.368
4535, 75.57500, 0.680284, 34.0521, 0.00115245, 122.281
4535, 75.58334, 0.680984, 33.9649, 0.00115382, 122.193
4536, 75.59167, 0.681682, 33.8776, 0.00115518, 122.105
4536, 75.60000, 0.682377, 33.79, 0.00115655, 122.017
4537, 75.60833, 0.683069, 33.7023, 0.00115791, 121.929
4537, 75.61667, 0.683758, 33.6144, 0.00115926, 121.841
4537, 75.62500, 0.684445, 33.5264, 0.00116061, 121.752
4538, 75.63333, 0.685129, 33.4382, 0.00116196, 121.664
4539, 75.64167, 0.685811, 33.3498, 0.0011633, 121.575
4539, 75.65000, 0.68649, 33.2613, 0.00116464, 121.486
4540, 75.65833, 0.687166, 33.1727, 0.00116597, 121.397
4540, 75.66666, 0.687839, 33.0838, 0.0011673, 121.308
4541, 75.67500, 0.68851, 32.9949, 0.00116863, 121.218
4541, 75.68333, 0.689179, 32.9058, 0.00116995, 121.129
4542, 75.69167, 0.689844, 32.8165, 0.00117127, 121.039
4542, 75.70000, 0.690507, 32.727, 0.00117258, 120.949
4543, 75.70834, 0.691168, 32.6375, 0.00117389, 120.859
4543, 75.71667, 0.691826, 32.5477, 0.0011752, 120.769
4544, 75.72500, 0.692481, 32.4579, 0.0011765, 120.678
4544, 75.73333, 0.693133, 32.3678, 0.0011778, 120.588
4545, 75.74167, 0.693783, 32.2777, 0.00117909, 120.497
4545, 75.75000, 0.69443, 32.1874, 0.00118038, 120.406
4545, 75.75833, 0.695075, 32.0969, 0.00118167, 120.316
4546, 75.76667, 0.695717, 32.0063, 0.00118295, 120.225
4547, 75.77500, 0.696356, 31.9156, 0.00118423, 120.133
4547, 75.78333, 0.696992, 31.8247, 0.0011855, 120.042
4548, 75.79166, 0.697626, 31.7337, 0.00118677, 119.951
4548, 75.80000, 0.698258, 31.6426, 0.00118803, 119.859
4549, 75.80833, 0.698887, 31.5513, 0.00118929, 119.767
4549, 75.81667, 0.699513, 31.4599, 0.00119055, 119.675
4550, 75.82500, 0.700136, 31.3684, 0.0011918, 119.583
4550, 75.83334, 0.700757, 31.2767, 0.00119305, 119.491
4551, 75.84167, 0.701375, 31.1849, 0.0011943, 119.399
4551, 75.85000, 0.701991, 31.0929, 0.00119554, 119.307
4552, 75.85833, 0.702604, 31.0009, 0.00119677, 119.214
4552, 75.86667, 0.703214, 30.9087, 0.001198, 119.121
4553, 75.87500, 0.703822, 30.8163, 0.00119923, 119.029
4553, 75.88333, 0.704427, 30.7239, 0.00120046, 118.936
4553, 75.89167, 0.70503, 30.6313, 0.00120168, 118.843
4554, 75.90000, 0.70563, 30.5386, 0.00120289, 118.749
4555, 75.90833, 0.706227, 30.4458, 0.0012041, 118.656
4555, 75.91666, 0.706822, 30.3528, 0.00120531, 118.563
4556, 75.92500, 0.707414, 30.2597, 0.00120651, 118.469
4556, 75.93333, 0.708003, 30.1665, 0.00120771, 118.375
4557, 75.94167, 0.70859, 30.0732, 0.00120891, 118.282
4557, 75.95000, 0.709174, 29.9798, 0.0012101, 118.188
4558, 75.95834, 0.709756, 29.8862, 0.00121129, 118.094
4558, 75.96667, 0.710335, 29.7925, 0.00121247, 118
4559, 75.97500, 0.710911, 29.6988, 0.00121365, 117.905
4559, 75.98333, 0.711485, 29.6048, 0.00121482, 117.811
4560, 75.99167, 0.712056, 29.5108, 0.00121599, 117.717
4560, 76.00000, 0.712625, 29.4167, 0.00121716, 117.622
4561, 76.00833, 0.713191, 29.3224, 0.00121832, 117.527
4561, 76.01667, 0.713754, 29.228, 0.00121948, 117.432
4561, 76.02500, 0.714315, 29.1336, 0.00122063, 117.337
4562, 76.03333, 0.714873, 29.039, 0.00122178, 117.242
4563, 76.04166, 0.715429, 28.9443, 0.00122293, 117.147
4563, 76.05000, 0.715982, 28.8494, 0.00122407, 117.052
4564, 76.05833, 0.716532, 28.7545, 0.00122521, 116.956
4564, 76.06667, 0.71708, 28.6595, 0.00122634, 116.861
4565, 76.07500, 0.717625, 28.5643, 0.00122747, 116.765
4565, 76.08334, 0.718167, 28.4691, 0.0012286, 116.67
4566, 76.09167, 0.718707, 28.3737, 0.00122972, 116.574
4566, 76.10000, 0.719244, 28.2782, 0.00123083, 116.478
4566, 76.10833, 0.719779, 28.1826, 0.00123195, 116.382
4567, 76.11667, 0.720311, 28.087, 0.00123305, 116.286
4568, 76.12500, 0.72084, 27.9912, 0.00123416, 116.189
4568, 76.13333, 0.721367, 27.8953, 0.00123526, 116.093
4569, 76.14167, 0.721891, 27.7993, 0.00123636, 115.997
4569, 76.15000, 0.722413, 27.7032, 0.00123745, 115.9
4569, 76.15833, 0.722932, 27.607, 0.00123854, 115.803
4570, 76.16666, 0.723449, 27.5107, 0.00123962, 115.707
4571, 76.17500, 0.723962, 27.4143, 0.0012407, 115.61
4571, 76.18333, 0.724473, 27.3178, 0.00124177, 115.513
4572, 76.19167, 0.724982, 27.2212, 0.00124285, 115.416
4572, 76.20000, 0.725488, 27.1245, 0.00124391, 115.318
4573, 76.20834, 0.725991, 27.0277, 0.00124498, 115.221
4573, 76.21667, 0.726492, 26.9307, 0.00124603, 115.124
4574, 76.22500, 0.72699, 26.8337, 0.00124709, 115.026
4574, 76.23333, 0.727486, 26.7367, 0.00124814, 114.929
4574, 76.24167, 0.727979, 26.6394, 0.00124918, 114.831
4575, 76.25000, 0.728469, 26.5422, 0.00125023, 114.733
4576, 76.25833, 0.728956, 26.4448, 0.00125126, 114.635
4576, 76.26667, 0.729442, 26.3473, 0.0012523, 114.538
4577, 76.27500, 0.729924, 26.2497, 0.00125333, 114.439
4577, 76.28333, 0.730404, 26.1521, 0.00125435, 114.341
4578, 76.29166, 0.730881, 26.0543, 0.00125537, 114.243
4578, 76.30000, 0.731355, 25.9564, 0.00125639, 114.145
4579, 76.30833, 0.731827, 25.8585, 0.0012574, 114.046
4579, 76.31667, 0.732297, 25.7604, 0.00125841, 113.948
4580, 76.32500, 0.732763, 25.6623, 0.00125942, 113.849
4580, 76.33334, 0.733227, 25.5641, 0.00126042, 113.751
4581, 76.34167, 0.733689, 25.4658, 0.00126141, 113.652
4581, 76.35000, 0.734148, 25.3674, 0.0012624, 113.553
4582, 76.35833, 0.734604, 25.2689, 0.00126339, 113.454
4582, 76.36667, 0.735057, 25.1703, 0.00126437, 113.355
4582, 76.37500, 0.735508, 25.0717, 0.00126535, 113.256
4583, 76.38333, 0.735956, 24.9729, 0.00126633, 113.157
4584, 76.39167, 0.736402, 24.8741, 0.0012673, 113.057
4584, 76.40000, 0.736845, 24.7751, 0.00126826, 112.958
4585, 76.40833, 0.737285, 24.6761, 0.00126922, 112.858
4585, 76.41666, 0.737723, 24.577, 0.00127018, 112.759
4586, 76.42500, 0.738158, 24.4778, 0.00127113, 112.659
4586, 76.43333, 0.73859, 24.3786, 0.00127208, 112.559
4587, 76.44167, 0.73902, 24.2792, 0.00127303, 112.46
4587, 76.45000, 0.739447, 24.1798, 0.00127397, 112.36
4588, 76.45834, 0.739872, 24.0803, 0.0012749, 112.26
4588, 76.46667, 0.740294, 23.9807, 0.00127583, 112.16
4589, 76.47500, 0.740713, 23.881, 0.00127676, 112.059
4589, 76.48333, 0.741129, 23.7812, 0.00127768, 111.959
4590, 76.49167, 0.741543, 23.6814, 0.0012786, 111.859
4590, 76.50000, 0.741954, 23.5814, 0.00127952, 111.758
4590, 76.50833, 0.742363, 23.4814, 0.00128043, 111.658
4591, 76.51667, 0.742769, 23.3813, 0.00128133, 111.557
4592, 76.52500, 0.743172, 23.2812, 0.00128223, 111.457
4592, 76.53333, 0.743572, 23.1809, 0.00128313, 111.356
4593, 76.54166, 0.74397, 23.0806, 0.00128402, 111.255
4593, 76.55000, 0.744365, 22.9802, 0.00128491, 111.154
4594, 76.55833, 0.744758, 22.8798, 0.0012858, 111.053
4594, 76.56667, 0.745147, 22.7792, 0.00128668, 110.952
4595, 76.57500, 0.745535, 22.6786, 0.00128755, 110.851
4595, 76.58334, 0.745919, 22.5779, 0.00128842, 110.75
4596, 76.59167, 0.746301, 22.4771, 0.00128929, 110.649
4596, 76.60000, 0.74668, 22.3762, 0.00129015, 110.548
4597, 76.60833, 0.747056, 22.2753, 0.00129101, 110.446
4597, 76.61667, 0.74743, 22.1743, 0.00129186, 110.345
4598, 76.62500, 0.747801, 22.0732, 0.00129271, 110.243
4598, 76.63333, 0.748169, 21.9721, 0.00129355, 110.141
4598, 76.64167, 0.748535, 21.8709, 0.00129439, 110.04
4599, 76.65000, 0.748897, 21.7696, 0.00129523, 109.938
4600, 76.65833, 0.749258, 21.6682, 0.00129606, 109.836
4600, 76.66666, 0.749615, 21.5668, 0.00129689, 109.734
4601, 76.67500, 0.74997, 21.4653, 0.00129771, 109.632
4601, 76.68333, 0.750322, 21.3637, 0.00129853, 109.53
4602, 76.69167, 0.750671, 21.2621, 0.00129934, 109.428
4602, 76.70000, 0.751018, 21.1603, 0.00130015, 109.326
4603, 76.70834, 0.751362, 21.0586, 0.00130095, 109.224
4603, 76.71667, 0.751703, 20.9567, 0.00130175, 109.121
4604, 76.72500, 0.752041, 20.8548, 0.00130255, 109.019
4604, 76.73333, 0.752377, 20.7528, 0.00130334, 108.916
4605, 76.74167, 0.75271, 20.6508, 0.00130412, 108.814
4605, 76.75000, 0.75304, 20.5487, 0.0013049, 108.711
4606, 76.75833, 0.753367, 20.4465, 0.00130568, 108.609
4606, 76.76667, 0.753692, 20.3443, 0.00130645, 108.506
4606, 76.77500, 0.754014, 20.242, 0.00130722, 108.403
4607, 76.78333, 0.754333, 20.1396, 0.00130799, 108.3
4608, 76.79166, 0.75465, 20.0372, 0.00130874, 108.197
4608, 76.80000, 0.754964, 19.9347, 0.0013095, 108.094
4609, 76.80833, 0.755275, 19.8321, 0.00131025, 107.991
4609, 76.81667, 0.755583, 19.7295, 0.00131099, 107.888
4610, 76.82500, 0.755888, 19.6268, 0.00131173, 107.785
4610, 76.83334, 0.756191, 19.5241, 0.00131247, 107.682
4611, 76.84167, 0.756491, 19.4213, 0.0013132, 107.579
4611, 76.85000, 0.756788, 19.3184, 0.00131393, 107.475
4612, 76.85833, 0.757083, 19.2155, 0.00131465, 107.372
4612, 76.86667, 0.757374, 19.1125, 0.00131537, 107.268
4613, 76.87500, 0.757663, 19.0095, 0.00131608, 107.165
4613, 76.88333, 0.757949, 18.9064, 0.00131679, 107.061
4614, 76.89167, 0.758233, 18.8033, 0.00131749, 106.958
4614, 76.90000, 0.758513, 18.7001, 0.00131819, 106.854
4614, 76.90833, 0.758791, 18.5968, 0.00131889, 106.75
4615, 76.91666, 0.759066, 18.4935, 0.00131958, 106.647
4616, 76.92500, 0.759338, 18.3901, 0.00132026, 106.543
4616, 76.93333, 0.759607, 18.2867, 0.00132094, 106.439
4617, 76.94167, 0.759874, 18.1832, 0.00132162, 106.335
4617, 76.95000, 0.760138, 18.0797, 0.00132229, 106.231
4618, 76.95834, 0.760399, 17.9762, 0.00132295, 106.127
4618, 76.96667, 0.760657, 17.8725, 0.00132362, 106.023
4619, 76.97500, 0.760912, 17.7688, 0.00132427, 105.918
4619, 76.98333, 0.761165, 17.6651, 0.00132492, 105.814
4620, 76.99167, 0.761414, 17.5613, 0.00132557, 105.71
4620, 77.00000, 0.761661, 17.4575, 0.00132621, 105.606
4621, 77.00833, 0.761905, 17.3536, 0.00132685, 105.501
4621, 77.01667, 0.762147, 17.2497, 0.00132749, 105.397
4622, 77.02500, 0.762385, 17.1457, 0.00132811, 105.292
4622, 77.03333, 0.762621, 17.0417, 0.00132874, 105.188
4622, 77.04166, 0.762854, 16.9377, 0.00132936, 105.083
4623, 77.05000, 0.763084, 16.8335, 0.00132997, 104.979
4624, 77.05833, 0.763311, 16.7294, 0.00133058, 104.874
4624, 77.06667, 0.763535, 16.6252, 0.00133119, 104.769
4625, 77.07500, 0.763757, 16.521, 0.00133179, 104.665
4625, 77.08334, 0.763976, 16.4167, 0.00133238, 104.56
4626, 77.09167, 0.764191, 16.3123, 0.00133297, 104.455
4626, 77.10000, 0.764404, 16.208, 0.00133356, 104.35
4627, 77.10833, 0.764615, 16.1036, 0.00133414, 104.245
4627, 77.11667, 0.764822, 15.9991, 0.00133471, 104.14
4628, 77.12500, 0.765027, 15.8946, 0.00133529, 104.035
4628, 77.13333, 0.765228, 15.7901, 0.00133585, 103.93
4629, 77.14167, 0.765427, 15.6855, 0.00133641, 103.825
4629, 77.15000, 0.765623, 15.5809, 0.00133697, 103.72
4630, 77.15833, 0.765816, 15.4763, 0.00133752, 103.615
4630, 77.16666, 0.766007, 15.3716, 0.00133807, 103.51
4630, 77.17500, 0.766194, 15.2669, 0.00133861, 103.405
4631, 77.18333, 0.766379, 15.1621, 0.00133915, 103.3
4632, 77.19167, 0.76656, 15.0573, 0.00133968, 103.194
4632, 77.20000, 0.766739, 14.9525, 0.00134021, 103.089
4633, 77.20834, 0.766915, 14.8477, 0.00134073, 102.984
4633, 77.21667, 0.767089, 14.7428, 0.00134125, 102.878
4634, 77.22500, 0.767259, 14.6378, 0.00134176, 102.773
4634, 77.23333, 0.767426, 14.5329, 0.00134227, 102.667
4635, 77.24167, 0.767591, 14.4279, 0.00134278, 102.562
4635, 77.25000, 0.767753, 14.3229, 0.00134327, 102.456
4636, 77.25833, 0.767912, 14.2179, 0.00134377, 102.351
4636, 77.26667, 0.768068, 14.1128, 0.00134426, 102.245
4637, 77.27500, 0.768221, 14.0077, 0.00134474, 102.14
4637, 77.28333, 0.768371, 13.9026, 0.00134522, 102.034
4638, 77.29166, 0.768519, 13.7974, 0.00134569, 101.928
4638, 77.30000, 0.768664, 13.6922, 0.00134616, 101.823
4638, 77.30833, 0.768805, 13.587, 0.00134663, 101.717
4639, 77.31667, 0.768944, 13.4818, 0.00134709, 101.611
4640, 77.32500, 0.769081, 13.3765, 0.00134754, 101.506
4640, 77.33334, 0.769214, 13.2712, 0.00134799, 101.4
4641, 77.34167, 0.769344, 13.1659, 0.00134844, 101.294
4641, 77.35000, 0.769472, 13.0606, 0.00134888, 101.188
4642, 77.35833, 0.769596, 12.9553, 0.00134931, 101.082
4642, 77.36667, 0.769718, 12.8499, 0.00134974, 100.977
4643, 77.37500, 0.769837, 12.7445, 0.00135017, 100.871
4643, 77.38333, 0.769953, 12.6391, 0.00135059, 100.765
4644, 77.39167, 0.770067, 12.5337, 0.001351, 100.659
4644, 77.40000, 0.770177, 12.4282, 0.00135141, 100.553
4645, 77.40833, 0.770285, 12.3228, 0.00135182, 100.447
4645, 77.41666, 0.770389, 12.2173, 0.00135222, 100.341
4646, 77.42500, 0.770491, 12.1118, 0.00135262, 100.235
4646, 77.43333, 0.77059, 12.0063, 0.00135301, 100.129
4646, 77.44167, 0.770686, 11.9008, 0.00135339, 100.023
4647, 77.45000, 0.77078, 11.7952, 0.00135378, 99.917
4648, 77.45834, 0.77087, 11.6897, 0.00135415, 99.8109
4648, 77.46667, 0.770958, 11.5841, 0.00135452, 99.7048
4649, 77.47500, 0.771043, 11.4785, 0.00135489, 99.5988
4649, 77.48333, 0.771125, 11.373, 0.00135525, 99.4927
4650, 77.49167, 0.771204, 11.2674, 0.00135561, 99.3866
4650, 77.50000, 0.77128, 11.1618, 0.00135596, 99.2805
4651, 77.50833, 0.771354, 11.0561, 0.00135631, 99.1744
4651, 77.51667, 0.771425, 10.9505, 0.00135665, 99.0683
4652, 77.52500, 0.771493, 10.8449, 0.00135699, 98.9621
4652, 77.53333, 0.771558, 10.7392, 0.00135732, 98.856
4653, 77.54166, 0.77162, 10.6336, 0.00135765, 98.7499
4653, 77.55000, 0.771679, 10.5279, 0.00135797, 98.6437
4654, 77.55833, 0.771736, 10.4223, 0.00135829, 98.5376
4654, 77.56667, 0.77179, 10.3166, 0.0013586, 98.4314
4654, 77.57500, 0.771841, 10.211, 0.00135891, 98.3252
4655, 77.58334, 0.771889, 10.1053, 0.00135921, 98.2191
4656, 77.59167, 0.771935, 9.99961, 0.00135951, 98.1129
4656, 77.60000, 0.771977, 9.89394, 0.0013598, 98.0067
4657, 77.60833, 0.772017, 9.78827, 0.00136009, 97.9006
4657, 77.61667, 0.772054, 9.68258, 0.00136038, 97.7944
4658, 77.62500, 0.772089, 9.57691, 0.00136065, 97.6882
4658, 77.63333, 0.77212, 9.47124, 0.00136093, 97.582
4659, 77.64167, 0.772149, 9.36556, 0.0013612, 97.4759
4659, 77.65000, 0.772175, 9.2599, 0.00136146, 97.3697
4660, 77.65833, 0.772199, 9.15423, 0.00136172, 97.2635
4660, 77.66666, 0.772219, 9.04856, 0.00136198, 97.1574
4661, 77.67500, 0.772237, 8.94291, 0.00136223, 97.0512
4661, 77.68333, 0.772252, 8.83725, 0.00136247, 96.9451
4662, 77.69167, 0.772264, 8.7316, 0.00136271, 96.8389
4662, 77.70000, 0.772274, 8.62595, 0.00136295, 96.7328
4662, 77.70834, 0.772281, 8.52032, 0.00136318, 96.6266
4663, 77.71667, 0.772285, 8.41468, 0.00136341, 96.5205
4664, 77.72500, 0.772286, 8.30906, 0.00136363, 96.4144
4664, 77.73333, 0.772285, 8.20345, 0.00136384, 96.3083
4665, 77.74167, 0.772281, 8.09784, 0.00136405, 96.2021
4665, 77.75000, 0.772274, 7.99225, 0.00136426, 96.0961
4666, 77.75833, 0.772265, 7.88666, 0.00136446, 95.99
4666, 77.76667, 0.772253, 7.78108, 0.00136466, 95.8839
4667, 77.77500, 0.772238, 7.67552, 0.00136486, 95.7778
4667, 77.78333, 0.77222, 7.56997, 0.00136504, 95.6718
4668, 77.79166, 0.7722, 7.46442, 0.00136523, 95.5657
4668, 77.80000, 0.772178, 7.3589, 0.00136541, 95.4597
4669, 77.80833, 0.772152, 7.25339, 0.00136558, 95.3537
4669, 77.81667, 0.772124, 7.14788, 0.00136575, 95.2477
4670, 77.82500, 0.772093, 7.0424, 0.00136591, 95.1417
4670, 77.83334, 0.77206, 6.93694, 0.00136608, 95.0357
4670, 77.84167, 0.772024, 6.83147, 0.00136623, 94.9298
4671, 77.85000, 0.771985, 6.72604, 0.00136638, 94.8238
4672, 77.85833, 0.771944, 6.62062, 0.00136653, 94.7179
4672, 77.86667, 0.7719, 6.51521, 0.00136667, 94.612
4673, 77.87500, 0.771854, 6.40983, 0.00136681, 94.5061
4673, 77.88333, 0.771805, 6.30446, 0.00136694, 94.4002
4674, 77.89167, 0.771753, 6.1991, 0.00136707, 94.2944
4674, 77.90000, 0.771699, 6.09378, 0.00136719, 94.1885
4675, 77.90833, 0.771643, 5.98847, 0.00136731, 94.0827
4675, 77.91666, 0.771583, 5.88317, 0.00136743, 93.9769
4676, 77.92500, 0.771522, 5.7779, 0.00136754, 93.8712
4676, 77.93333, 0.771457, 5.67265, 0.00136764, 93.7654
4677, 77.94167, 0.77139, 5.56741, 0.00136774, 93.6597
4677, 77.95000, 0.771321, 5.46221, 0.00136784, 93.5539
4678, 77.95834, 0.771249, 5.35703, 0.00136793, 93.4483
4678, 77.96667, 0.771175, 5.25185, 0.00136802, 93.3426
4678, 77.97500, 0.771098, 5.14671, 0.0013681, 93.2369
4679, 77.98333, 0.771019, 5.0416, 0.00136818, 93.1313
4680, 77.99167, 0.770937, 4.9365, 0.00136826, 93.0257
4680, 78.00000, 0.770852, 4.83143, 0.00136833, 92.9201
4681, 78.00833, 0.770766, 4.72638, 0.00136839, 92.8146
4681, 78.01667, 0.770676, 4.62135, 0.00136845, 92.709
4682, 78.02500, 0.770585, 4.51635, 0.00136851, 92.6035
4682, 78.03333, 0.770491, 4.41138, 0.00136856, 92.4981
4683, 78.04166, 0.770394, 4.30643, 0.00136861, 92.3926
4683, 78.05000, 0.770295, 4.2015, 0.00136865, 92.2872
4684, 78.05833, 0.770194, 4.09661, 0.00136869, 92.1818
4684, 78.06667, 0.77009, 3.99173, 0.00136873, 92.0764
4685, 78.07500, 0.769984, 3.88688, 0.00136876, 91.971
4685, 78.08334, 0.769876, 3.78207, 0.00136879, 91.8657
4686, 78.09167, 0.769765, 3.67726, 0.00136881, 91.7604
4686, 78.10000, 0.769652, 3.5725, 0.00136883, 91.6551
4686, 78.10833, 0.769536, 3.46776, 0.00136884, 91.5499
4687, 78.11667, 0.769418, 3.36304, 0.00136885, 91.4446
4688, 78.12500, 0.769298, 3.25835, 0.00136886, 91.3395
4688, 78.13333, 0.769176, 3.15369, 0.00136886, 91.2343
4689, 78.14167, 0.769051, 3.04905, 0.00136886, 91.1291
4689, 78.15000, 0.768924, 2.94445, 0.00136885, 91.024
4690, 78.15833, 0.768794, 2.83987, 0.00136884, 90.9189
4690, 78.16666, 0.768663, 2.73531, 0.00136883, 90.8139
4691, 78.17500, 0.768529, 2.63079, 0.00136881, 90.7088
4691, 78.18333, 0.768393, 2.52629, 0.00136879, 90.6038
4691, 78.19167, 0.768254, 2.42181, 0.00136876, 90.4988
4692, 78.20000, 0.768113, 2.31737, 0.00136873, 90.3939
4693, 78.20834, 0.767971, 2.21296, 0.00136869, 90.289
4693, 78.21667, 0.767825, 2.10856, 0.00136865, 90.1841
4694, 78.22500, 0.767678, 2.0042, 0.00136861, 90.0792
4694, 78.23333, 0.767529, 1.89987, 0.00136857, 89.9743
4694, 78.24167, 0.767377, 1.79555, 0.00136851, 89.8695
4695, 78.25000, 0.767223, 1.69127, 0.00136846, 89.7647
4696, 78.25833, 0.767067, 1.58702, 0.0013684, 89.66
4696, 78.26667, 0.766909, 1.48278, 0.00136834, 89.5552
4697, 78.27500, 0.766748, 1.37858, 0.00136827, 89.4505
4697, 78.28333, 0.766586, 1.27441, 0.0013682, 89.3458
4698, 78.29166, 0.766421, 1.17025, 0.00136813, 89.2411
4698, 78.30000, 0.766255, 1.06612, 0.00136805, 89.1365
4699, 78.30833, 0.766086, 0.962027, 0.00136797, 89.0319
4699, 78.31667, 0.765915, 0.857942, 0.00136788, 88.9273
4699, 78.32500, 0.765742, 0.753893, 0.00136779, 88.8227
4700, 78.33334, 0.765567, 0.649869, 0.0013677, 88.7182
4701, 78.34167, 0.765389, 0.545857, 0.0013676, 88.6137
4701, 78.35000, 0.76521, 0.44188, 0.0013675, 88.5092
4702, 78.35833, 0.765029, 0.337927, 0.0013674, 88.4047
4702, 78.36667, 0.764845, 0.233984, 0.00136729, 88.3003
4703, 78.37500, 0.76466, 0.130076, 0.00136718, 88.1958
4703, 78.38333, 0.764472, 0.0261905, 0.00136706, 88.0914
4704, 78.39167, 0.764283, -0.0776864, 0.00136694, 87.987
4704, 78.40000, 0.764091, -0.18153, 0.00136682, 87.8827
4705, 78.40833, 0.763898, -0.285352, 0.00136669, 87.7784
4705, 78.41666, 0.763702, -0.389168, 0.00136656, 87.674
4706, 78.42500, 0.763504, -0.492951, 0.00136643, 87.5697
4706, 78.43333, 0.763305, -0.596715, 0.00136629, 87.4654
4707, 78.44167, 0.763103, -0.700473, 0.00136615, 87.3612
4707, 78.45000, 0.7629, -0.8042, 0.001366, 87.2569
4707, 78.45834, 0.762694, -0.90791, 0.00136585, 87.1527
4708, 78.46667, 0.762487, -1.01162, 0.0013657, 87.0485
4709, 78.47500, 0.762277, -1.11529, 0.00136555, 86.9443
4709, 78.48333, 0.762066, -1.21896, 0.00136539, 86.8401
4710, 78.49167, 0.761852, -1.32262, 0.00136522, 86.7359
4710, 78.50000, 0.761637, -1.42625, 0.00136506, 86.6318
4711, 78.50833, 0.76142, -1.52987, 0.00136489, 86.5276
4711, 78.51667, 0.7612, -1.63349, 0.00136471, 86.4235
4712, 78.52500, 0.760979, -1.73708, 0.00136454, 86.3194
4712, 78.53333, 0.760756, -1.84067, 0.00136436, 86.2153
4713, 78.54166, 0.760531, -1.94425, 0.00136417, 86.1112
4713, 78.55000, 0.760304, -2.04782, 0.00136398, 86.0071
4714, 78.55833, 0.760075, -2.15137, 0.00136379, 85.903
4714, 78.56667, 0.759844, -2.25493, 0.0013636, 85.799
4715, 78.57500, 0.759612, -2.35847, 0.0013634, 85.6949
4715, 78.58334, 0.759377, -2.462, 0.0013632, 85.5909
4715, 78.59167, 0.75914, -2.56554, 0.00136299, 85.4868
4716, 78.60000, 0.758902, -2.66906, 0.00136278, 85.3828
4717, 78.60833, 0.758662, -2.77258, 0.00136257, 85.2787
4717, 78.61667, 0.758419, -2.8761, 0.00136235, 85.1747
4718, 78.62500, 0.758175, -2.97962, 0.00136213, 85.0706
4718, 78.63333, 0.757929, -3.08313, 0.00136191, 84.9666
4719, 78.64167, 0.757681, -3.18665, 0.00136168, 84.8626
4719, 78.65000, 0.757431, -3.29016, 0.00136145, 84.7585
4720, 78.65833, 0.757179, -3.39367, 0.00136122, 84.6545
4720, 78.66666, 0.756925, -3.4972, 0.00136098, 84.5505
4721, 78.67500, 0.756669, -3.60072, 0.00136074, 84.4464
4721, 78.68333, 0.756411, -3.70424, 0.00136049, 84.3424
4722, 78.69167, 0.756151, -3.80778, 0.00136024, 84.2383
4722, 78.70000, 0.75589, -3.91131, 0.00135999, 84.1343
4723, 78.70834, 0.755626, -4.01485, 0.00135973, 84.0302
4723, 78.71667, 0.755361, -4.11841, 0.00135947, 83.9261
4723, 78.72500, 0.755093, -4.22196, 0.00135921, 83.8221
4724, 78.73333, 0.754824, -4.32553, 0.00135894, 83.718
4725, 78.74167, 0.754552, -4.42912, 0.00135867, 83.6139
4725, 78.75000, 0.754279, -4.5327, 0.0013584, 83.5098
4726, 78.75833, 0.754003, -4.6363, 0.00135812, 83.4056
4726, 78.76667, 0.753726, -4.73993, 0.00135784, 83.3015
4727, 78.77500, 0.753446, -4.84356, 0.00135756, 83.1973
4727, 78.78333, 0.753165, -4.9472, 0.00135727, 83.0932
4728, 78.79166, 0.752881, -5.05087, 0.00135697, 82.989
4728, 78.80000, 0.752596, -5.15454, 0.00135668, 82.8848
4729, 78.80833, 0.752308, -5.25824, 0.00135638, 82.7806
4729, 78.81667, 0.752019, -5.36196, 0.00135607, 82.6763
4730, 78.82500, 0.751727, -5.46569, 0.00135576, 82.5721
4730, 78.83334, 0.751433, -5.56945, 0.00135545, 82.4678
4731, 78.84167, 0.751137, -5.67323, 0.00135514, 82.3635
4731, 78.85000, 0.75084, -5.77703, 0.00135482, 82.2591
4731, 78.85833, 0.750539, -5.88085, 0.00135449, 82.1548
4732, 78.86667, 0.750237, -5.9847, 0.00135416, 82.0504
4733, 78.87500, 0.749933, -6.08857, 0.00135383, 81.946
4733, 78.88333, 0.749626, -6.19246, 0.0013535, 81.8416
4734, 78.89167, 0.749318, -6.2964, 0.00135316, 81.7372
4734, 78.90000, 0.749007, -6.40034, 0.00135281, 81.6327
4735, 78.90833, 0.748694, -6.50431, 0.00135246, 81.5282
4735, 78.91666, 0.748378, -6.60833, 0.00135211, 81.4236
4736, 78.92500, 0.748061, -6.71236, 0.00135176, 81.3191
4736, 78.93333, 0.747741, -6.81642, 0.00135139, 81.2145
4737, 78.94167, 0.747419, -6.92052, 0.00135103, 81.1099
4737, 78.95000, 0.747094, -7.02464, 0.00135066, 81.0052
4738, 78.95834, 0.746767, -7.12879, 0.00135029, 80.9006
4738, 78.96667, 0.746438, -7.23298, 0.00134991, 80.7958
4739, 78.97500, 0.746107, -7.33719, 0.00134953, 80.6911
4739, 78.98333, 0.745773, -7.44144, 0.00134914, 80.5863
4739, 78.99167, 0.745436, -7.54573, 0.00134875, 80.4815
4740, 79.00000, 0.745098, -7.65004, 0.00134835, 80.3767
4741, 79.00833, 0.744757, -7.75438, 0.00134795, 80.2718
4741, 79.01667, 0.744413, -7.85877, 0.00134754, 80.1669
4742, 79.02500, 0.744067, -7.96319, 0.00134713, 80.0619
4742, 79.03333, 0.743718, -8.06763, 0.00134672, 79.957
4743, 79.04166, 0.743367, -8.17212, 0.0013463, 79.8519
4743, 79.05000, 0.743013, -8.27663, 0.00134587, 79.7469
4744, 79.05833, 0.742656, -8.38118, 0.00134545, 79.6418
4744, 79.06667, 0.742297, -8.48577, 0.00134501, 79.5367
4745, 79.07500, 0.741936, -8.59039, 0.00134457, 79.4316
4745, 79.08334, 0.741571, -8.69503, 0.00134413, 79.3264
4746, 79.09167, 0.741204, -8.79973, 0.00134368, 79.2212
4746, 79.10000, 0.740834, -8.90444, 0.00134322, 79.1159
4747, 79.10833, 0.740462, -9.00919, 0.00134276, 79.0106
4747, 79.11667, 0.740086, -9.11398, 0.0013423, 78.9053
4747, 79.12500, 0.739708, -9.21879, 0.00134183, 78.8
4748, 79.13333, 0.739327, -9.32363, 0.00134135, 78.6946
4749, 79.14167, 0.738943, -9.42852, 0.00134087, 78.5892
4749, 79.15000, 0.738557, -9.53342, 0.00134039, 78.4838
4750, 79.15833, 0.738167, -9.63835, 0.00133989, 78.3783
4750, 79.16666, 0.737774, -9.74333, 0.0013394, 78.2728
4751, 79.17500, 0.737379, -9.84832, 0.00133889, 78.1673
4751, 79.18333, 0.73698, -9.95333, 0.00133838, 78.0617
4752, 79.19167, 0.736579, -10.0584, 0.00133787, 77.9561
4752, 79.20000, 0.736174, -10.1635, 0.00133735, 77.8505
4753, 79.20834, 0.735766, -10.2685, 0.00133682, 77.7449
4753, 79.21667, 0.735355, -10.3737, 0.00133629, 77.6393
4754, 79.22500, 0.734941, -10.4788, 0.00133575, 77.5336
4754, 79.23333, 0.734524, -10.584, 0.00133521, 77.4279
4755, 79.24167, 0.734104, -10.6892, 0.00133466, 77.3222
4755, 79.25000, 0.73368, -10.7943, 0.00133411, 77.2164
4755, 79.25833, 0.733253, -10.8996, 0.00133354, 77.1107
4756, 79.26667, 0.732823, -11.0048, 0.00133298, 77.0049
4757, 79.27500, 0.73239, -11.11, 0.0013324, 76.8992
4757, 79.28333, 0.731953, -11.2153, 0.00133182, 76.7934
4758, 79.29166, 0.731513, -11.3205, 0.00133123, 76.6876
4758, 79.30000, 0.731069, -11.4258, 0.00133064, 76.5818
4759, 79.30833, 0.730622, -11.5311, 0.00133004, 76.476
4759, 79.31667, 0.730172, -11.6363, 0.00132944, 76.3702
4760, 79.32500, 0.729718, -11.7416, 0.00132882, 76.2644
4760, 79.33334, 0.729261, -11.8469, 0.0013282, 76.1586
4761, 79.34167, 0.7288, -11.9522, 0.00132758, 76.0528
4761, 79.35000, 0.728336, -12.0574, 0.00132695, 75.947
4762, 79.35833, 0.727868, -12.1627, 0.00132631, 75.8412
4762, 79.36667, 0.727397, -12.2679, 0.00132566, 75.7354
4763, 79.37500, 0.726921, -12.3731, 0.00132501, 75.6296
4763, 79.38333, 0.726443, -12.4783, 0.00132435, 75.5239
4763, 79.39167, 0.725961, -12.5836, 0.00132368, 75.4182
4764, 79.40000, 0.725475, -12.6887, 0.00132301, 75.3124
4765, 79.40833, 0.724985, -12.7939, 0.00132233, 75.2068
4765, 79.41666, 0.724492, -12.899, 0.00132164, 75.1011
4766, 79.42500, 0.723995, -13.0041, 0.00132095, 74.9955
4766, 79.43333, 0.723494, -13.1091, 0.00132025, 74.8899
4767, 79.44167, 0.72299, -13.2142, 0.00131954, 74.7843
4767, 79.45000, 0.722481, -13.3191, 0.00131882, 74.6788
4768, 79.45834, 0.721969, -13.4241, 0.0013181, 74.5733
4768, 79.46667, 0.721454, -13.529, 0.00131737, 74.4679
4769, 79.47500, 0.720934, -13.6338, 0.00131663, 74.3625
4769, 79.48333, 0.720411, -13.7386, 0.00131589, 74.2572
4770, 79.49167, 0.719883, -13.8434, 0.00131514, 74.1519
4770, 79.50000, 0.719352, -13.948, 0.00131438, 74.0467
4771, 79.50833, 0.718817, -14.0526, 0.00131361, 73.9415
4771, 79.51667, 0.718279, -14.1572, 0.00131284, 73.8365
4771, 79.52500, 0.717736, -14.2617, 0.00131206, 73.7314
4772, 79.53333, 0.71719, -14.366, 0.00131127, 73.6265
4773, 79.54166, 0.716639, -14.4704, 0.00131047, 73.5216
4773, 79.55000, 0.716085, -14.5746, 0.00130967, 73.4169
4774, 79.55833, 0.715527, -14.6788, 0.00130886, 73.3122
4774, 79.56667, 0.714965, -14.7828, 0.00130804, 73.2076
4775, 79.57500, 0.7144, -14.8868, 0.00130722, 73.1031
4775, 79.58334, 0.71383, -14.9907, 0.00130639, 72.9986
4776, 79.59167, 0.713256, -15.0944, 0.00130555, 72.8943
4776, 79.60000, 0.712679, -15.1981, 0.0013047, 72.7901
4777, 79.60833, 0.712098, -15.3017, 0.00130384, 72.686
4777, 79.61667, 0.711513, -15.4051, 0.00130298, 72.582
4778, 79.62500, 0.710924, -15.5084, 0.00130211, 72.4782
4778, 79.63333, 0.710331, -15.6116, 0.00130124, 72.3745
4779, 79.64167, 0.709734, -15.7147, 0.00130035, 72.2708
4779, 79.65000, 0.709134, -15.8176, 0.00129946, 72.1673
4779, 79.65833, 0.708529, -15.9205, 0.00129856, 72.064
4780, 79.66666, 0.707921, -16.0231, 0.00129766, 71.9608
4781, 79.67500, 0.707309, -16.1257, 0.00129674, 71.8577
4781, 79.68333, 0.706694, -16.228, 0.00129582, 71.7548
4782, 79.69167, 0.706074, -16.3303, 0.0012949, 71.652
4782, 79.70000, 0.705451, -16.4324, 0.00129396, 71.5494
4783, 79.70834, 0.704824, -16.5343, 0.00129302, 71.4469
4783, 79.71667, 0.704194, -16.636, 0.00129207, 71.3446
4784, 79.72500, 0.703559, -16.7376, 0.00129111, 71.2425
4784, 79.73333, 0.702921, -16.839, 0.00129015, 71.1405
4785, 79.74167, 0.70228, -16.9403, 0.00128918, 71.0387
4785, 79.75000, 0.701635, -17.0413, 0.0012882, 70.9371
4786, 79.75833, 0.700986, -17.1422, 0.00128722, 70.8357
4786, 79.76667, 0.700333, -17.2429, 0.00128623, 70.7345
4787, 79.77500, 0.699677, -17.3434, 0.00128523, 70.6335
4787, 79.78333, 0.699018, -17.4437, 0.00128423, 70.5326
4787, 79.79166, 0.698355, -17.5438, 0.00128321, 70.432
4788, 79.80000, 0.697688, -17.6436, 0.0012822, 70.3315
4789, 79.80833, 0.697019, -17.7433, 0.00128117, 70.2313
4789, 79.81667, 0.696345, -17.8428, 0.00128014, 70.1313
4790, 79.82500, 0.695669, -17.942, 0.0012791, 70.0315
4790, 79.83334, 0.694989, -18.0411, 0.00127806, 69.9319
4791, 79.84167, 0.694305, -18.1399, 0.00127701, 69.8326
4791, 79.85000, 0.693619, -18.2385, 0.00127595, 69.7335
4792, 79.85833, 0.692929, -18.3368, 0.00127488, 69.6346
4792, 79.86667, 0.692236, -18.4349, 0.00127381, 69.5359
4793, 79.87500, 0.69154, -18.5328, 0.00127274, 69.4375
4793, 79.88333, 0.690841, -18.6304, 0.00127166, 69.3393
4794, 79.89167, 0.690138, -18.7278, 0.00127057, 69.2414
4794, 79.90000, 0.689433, -18.8249, 0.00126947, 69.1437
4795, 79.90833, 0.688724, -18.9218, 0.00126837, 69.0463
4795, 79.91666, 0.688013, -19.0184, 0.00126727, 68.9491
4795, 79.92500, 0.687299, -19.1148, 0.00126615, 68.8522
4796, 79.93333, 0.686582, -19.2109, 0.00126504, 68.7556
4797, 79.94167, 0.685862, -19.3067, 0.00126391, 68.6592
4797, 79.95000, 0.685139, -19.4023, 0.00126278, 68.5631
4798, 79.95834, 0.684413, -19.4975, 0.00126165, 68.4672
4798, 79.96667, 0.683685, -19.5926, 0.00126051, 68.3717
4799, 79.97500, 0.682954, -19.6873, 0.00125937, 68.2764
4799, 79.98333, 0.682221, -19.7817, 0.00125822, 68.1814
4800, 79.99167, 0.681484, -19.8759, 0.00125706, 68.0867
4800, 80.00000, 0.680746, -19.9698, 0.0012559, 67.9923
4801, 80.00833, 0.680005, -20.0633, 0.00125473, 67.8982
4801, 80.01667, 0.679261, -20.1566, 0.00125356, 67.8043
4802, 80.02500, 0.678515, -20.2496, 0.00125239, 67.7108
4802, 80.03333, 0.677767, -20.3423, 0.00125121, 67.6175
4803, 80.04166, 0.677016, -20.4347, 0.00125002, 67.5246
4803, 80.05000, 0.676264, -20.5268, 0.00124884, 67.432
4803, 80.05833, 0.675509, -20.6185, 0.00124764, 67.3396
4804, 80.06667, 0.674752, -20.71, 0.00124644, 67.2476
4805, 80.07500, 0.673993, -20.8012, 0.00124524, 67.1559
4805, 80.08334, 0.673231, -20.892, 0.00124404, 67.0645
4806, 80.09167, 0.672468, -20.9825, 0.00124283, 66.9734
4806, 80.10000, 0.671703, -21.0727, 0.00124161, 66.8827
4807, 80.10833, 0.670936, -21.1626, 0.00124039, 66.7922
4807, 80.11667, 0.670167, -21.2522, 0.00123917, 66.7021
4808, 80.12500, 0.669396, -21.3414, 0.00123795, 66.6123
4808, 80.13333, 0.668624, -21.4304, 0.00123672, 66.5229
4809, 80.14167, 0.66785, -21.519, 0.00123548, 66.4337
4809, 80.15000, 0.667074, -21.6072, 0.00123425, 66.3449
4810, 80.15833, 0.666296, -21.6951, 0.00123301, 66.2564
4810, 80.16666, 0.665518, -21.7828, 0.00123176, 66.1682
4811, 80.17500, 0.664737, -21.87, 0.00123052, 66.0804
4811, 80.18333, 0.663955, -21.957, 0.00122927, 65.9929
4811, 80.19167, 0.663172, -22.0436, 0.00122802, 65.9058
4812, 80.20000, 0.662387, -22.1298, 0.00122676, 65.819
4813, 80.20834, 0.661601, -22.2157, 0.0012255, 65.7325
4813, 80.21667, 0.660814, -22.3013, 0.00122424, 65.6463
4814, 80.22500, 0.660026, -22.3866, 0.00122298, 65.5605
4814, 80.23333, 0.659236, -22.4715, 0.00122171, 65.4751
4815, 80.24167, 0.658445, -22.556, 0.00122044, 65.3899
4815, 80.25000, 0.657654, -22.6403, 0.00121917, 65.3052
4816, 80.25833, 0.656861, -22.7241, 0.0012179, 65.2207
4816, 80.26667, 0.656067, -22.8077, 0.00121662, 65.1367
4816, 80.27500, 0.655273, -22.8909, 0.00121534, 65.0529
4817, 80.28333, 0.654477, -22.9737, 0.00121406, 64.9695
4818, 80.29166, 0.653681, -23.0562, 0.00121278, 64.8865
4818, 80.30000, 0.652884, -23.1383, 0.0012115, 64.8038
4819, 80.30833, 0.652086, -23.2201, 0.00121021, 64.7214
4819, 80.31667, 0.651287, -23.3016, 0.00120892, 64.6394
4819, 80.32500, 0.650488, -23.3827, 0.00120764, 64.5577
4820, 80.33334, 0.649688, -23.4635, 0.00120634, 64.4764
4821, 80.34167, 0.648888, -23.5439, 0.00120505, 64.3954
4821, 80.35000, 0.648087, -23.6239, 0.00120376, 64.3148
4822, 80.35833, 0.647286, -23.7036, 0.00120246, 64.2346
4822, 80.36667, 0.646484, -23.783, 0.00120117, 64.1546
4823, 80.37500, 0.645682, -23.862, 0.00119987, 64.0751
4823, 80.38333, 0.644879, -23.9407, 0.00119857, 63.9958
4824, 80.39167, 0.644076, -24.019, 0.00119727, 63.917
4824, 80.40000, 0.643273, -24.097, 0.00119597, 63.8384
4824, 80.40833, 0.64247, -24.1746, 0.00119467, 63.7602
4825, 80.41666, 0.641666, -24.2519, 0.00119337, 63.6824
4826, 80.42500, 0.640863, -24.3288, 0.00119207, 63.6049
4826, 80.43333, 0.640059, -24.4054, 0.00119076, 63.5278
4827, 80.44167, 0.639255, -24.4816, 0.00118946, 63.451
4827, 80.45000, 0.638451, -24.5575, 0.00118815, 63.3745
4828, 80.45834, 0.637647, -24.633, 0.00118685, 63.2984
4828, 80.46667, 0.636843, -24.7082, 0.00118554, 63.2227
4829, 80.47500, 0.636039, -24.7831, 0.00118424, 63.1473
4829, 80.48333, 0.635236, -24.8576, 0.00118293, 63.0722
4830, 80.49167, 0.634432, -24.9317, 0.00118163, 62.9975
4830, 80.50000, 0.633629, -25.0056, 0.00118032, 62.9231
4831, 80.50833, 0.632826, -25.079, 0.00117902, 62.8491
4831, 80.51667, 0.632023, -25.1522, 0.00117771, 62.7754
4832, 80.52500, 0.631221, -25.225, 0.0011764, 62.702
4832, 80.53333, 0.630418, -25.2974, 0.0011751, 62.629
4832, 80.54166, 0.629616, -25.3695, 0.00117379, 62.5563
4833, 80.55000, 0.628815, -25.4413, 0.00117249, 62.484
4834, 80.55833, 0.628014, -25.5127, 0.00117118, 62.412
4834, 80.56667, 0.627213, -25.5839, 0.00116988, 62.3403
4835, 80.57500, 0.626413, -25.6546, 0.00116857, 62.269
4835, 80.58334, 0.625613, -25.725, 0.00116727, 62.198
4836, 80.59167, 0.624814, -25.7951, 0.00116596, 62.1273
4836, 80.60000, 0.624016, -25.8649, 0.00116466, 62.057
4837, 80.60833, 0.623218, -25.9343, 0.00116336, 61.987
4837, 80.61667, 0.62242, -26.0034, 0.00116206, 61.9173
4838, 80.62500, 0.621624, -26.0722, 0.00116076, 61.848
4838, 80.63333, 0.620827, -26.1406, 0.00115946, 61.779
4839, 80.64167, 0.620032, -26.2088, 0.00115816, 61.7103
4839, 80.65000, 0.619237, -26.2765, 0.00115686, 61.642
4840, 80.65833, 0.618444, -26.344, 0.00115557, 61.5739
4840, 80.66666, 0.617651, -26.4111, 0.00115427, 61.5062
4840, 80.67500, 0.616858, -26.478, 0.00115297, 61.4389
4841, 80.68333, 0.616067, -26.5445, 0.00115168, 61.3718
4842, 80.69167, 0.615276, -26.6106, 0.00115039, 61.3051
4842, 80.70000, 0.614486, -26.6765, 0.0011491, 61.2386
4843, 80.70834, 0.613698, -26.742, 0.00114781, 61.1725
4843, 80.71667, 0.612909, -26.8072, 0.00114652, 61.1068
4844, 80.72500, 0.612123, -26.8721, 0.00114523, 61.0413
4844, 80.73333, 0.611336, -26.9367, 0.00114394, 60.9761
4845, 80.74167, 0.610551, -27.001, 0.00114266, 60.9113
4845, 80.75000, 0.609767, -27.0649, 0.00114137, 60.8468
4846, 80.75833, 0.608984, -27.1286, 0.00114009, 60.7825
4846, 80.76667, 0.608202, -27.1919, 0.00113881, 60.7186
4847, 80.77500, 0.607421, -27.255, 0.00113753, 60.655
4847, 80.78333, 0.606641, -27.3177, 0.00113626, 60.5917
4848, 80.79166, 0.605862, -27.3801, 0.00113498, 60.5287
4848, 80.80000, 0.605085, -27.4422, 0.00113371, 60.4661
4848, 80.80833, 0.604308, -27.5041, 0.00113243, 60.4037
4849, 80.81667, 0.603533, -27.5656, 0.00113116, 60.3416
4850, 80.82500, 0.602758, -27.6268, 0.00112989, 60.2798
4850, 80.83334, 0.601985, -27.6877, 0.00112863, 60.2183
4851, 80.84167, 0.601213, -27.7483, 0.00112736, 60.1571
4851, 80.85000, 0.600443, -27.8086, 0.0011261, 60.0962
4852, 80.85833, 0.599673, -27.8687, 0.00112483, 60.0356
4852, 80.86667, 0.598905, -27.9284, 0.00112357, 59.9753
4853, 80.87500, 0.598138, -27.9879, 0.00112232, 59.9153
4853, 80.88333, 0.597372, -28.047, 0.00112106, 59.8556
4854, 80.89167, 0.596608, -28.1059, 0.00111981, 59.7961
4854, 80.90000, 0.595845, -28.1644, 0.00111855, 59.737
4855, 80.90833, 0.595083, -28.2227, 0.0011173, 59.6781
4855, 80.91666, 0.594322, -28.2808, 0.00111606, 59.6196
4856, 80.92500, 0.593563, -28.3385, 0.00111481, 59.5613
4856, 80.93333, 0.592805, -28.3959, 0.00111357, 59.5032
4856, 80.94167, 0.592049, -28.4531, 0.00111232, 59.4455
4857, 80.95000, 0.591294, -28.51, 0.00111109, 59.3881
4858, 80.95834, 0.59054, -28.5666, 0.00110985, 59.3309
4858, 80.96667, 0.589787, -28.6229, 0.00110861, 59.274
4859, 80.97500, 0.589037, -28.679, 0.00110738, 59.2173
4859, 80.98333, 0.588287, -28.7347, 0.00110615, 59.161
4860, 80.99167, 0.587539, -28.7903, 0.00110492, 59.1049
4860, 81.00000, 0.586792, -28.8455, 0.00110369, 59.0491
4861, 81.00833, 0.586047, -28.9005, 0.00110247, 58.9935
4861, 81.01667, 0.585303, -28.9552, 0.00110125, 58.9383
4862, 81.02500, 0.58456, -29.0096, 0.00110003, 58.8832
4862, 81.03333, 0.583819, -29.0638, 0.00109881, 58.8285
4863, 81.04166, 0.58308, -29.1177, 0.0010976, 58.774
4863, 81.05000, 0.582342, -29.1713, 0.00109638, 58.7198
4864, 81.05833, 0.581605, -29.2247, 0.00109517, 58.6658
4864, 81.06667, 0.58087, -29.2779, 0.00109397, 58.6121
4864, 81.07500, 0.580137, -29.3307, 0.00109276, 58.5587
4865, 81.08334, 0.579405, -29.3833, 0.00109156, 58.5055
4866, 81.09167, 0.578674, -29.4357, 0.00109036, 58.4525
4866, 81.10000, 0.577945, -29.4878, 0.00108916, 58.3999
4867, 81.10833, 0.577218, -29.5396, 0.00108796, 58.3474
4867, 81.11667, 0.576492, -29.5912, 0.00108677, 58.2953
4868, 81.12500, 0.575767, -29.6426, 0.00108558, 58.2433
4868, 81.13333, 0.575044, -29.6937, 0.00108439, 58.1917
4869, 81.14167, 0.574323, -29.7446, 0.00108321, 58.1402
4869, 81.15000, 0.573603, -29.7952, 0.00108202, 58.089
4870, 81.15833, 0.572885, -29.8455, 0.00108084, 58.0381
4870, 81.16666, 0.572168, -29.8957, 0.00107966, 57.9874
4871, 81.17500, 0.571453, -29.9455, 0.00107849, 57.9369
4871, 81.18333, 0.57074, -29.9952, 0.00107732, 57.8867
4872, 81.19167, 0.570028, -30.0446, 0.00107615, 57.8367
4872, 81.20000, 0.569317, -30.0937, 0.00107498, 57.787
4872, 81.20834, 0.568608, -30.1427, 0.00107381, 57.7375
4873, 81.21667, 0.567901, -30.1914, 0.00107265, 57.6882
4874, 81.22500, 0.567196, -30.2398, 0.00107149, 57.6392
4874, 81.23333, 0.566491, -30.288, 0.00107033, 57.5904
4875, 81.24167, 0.565789, -30.336, 0.00106918, 57.5418
4875, 81.25000, 0.565088, -30.3838, 0.00106803, 57.4935
4876, 81.25833, 0.564389, -30.4313, 0.00106688, 57.4453
4876, 81.26667, 0.563691, -30.4786, 0.00106573, 57.3975
4877, 81.27500, 0.562995, -30.5257, 0.00106458, 57.3498
4877, 81.28333, 0.562301, -30.5726, 0.00106344, 57.3024
4878, 81.29166, 0.561608, -30.6192, 0.0010623, 57.2551
4878, 81.30000, 0.560916, -30.6656, 0.00106117, 57.2082
4879, 81.30833, 0.560227, -30.7118, 0.00106003, 57.1614
4879, 81.31667, 0.559539, -30.7578, 0.0010589, 57.1148
4880, 81.32500, 0.558852, -30.8035, 0.00105777, 57.0685
4880, 81.33334, 0.558168, -30.849, 0.00105665, 57.0224
4880, 81.34167, 0.557484, -30.8944, 0.00105553, 56.9765
4881, 81.35000, 0.556803, -30.9395, 0.00105441, 56.9308
4882, 81.35833, 0.556123, -30.9843, 0.00105329, 56.8854
4882, 81.36667, 0.555445, -31.029, 0.00105217, 56.8401
4883, 81.37500, 0.554768, -31.0735, 0.00105106, 56.7951
4883, 81.38333, 0.554093, -31.1177, 0.00104995, 56.7502
4884, 81.39167, 0.553419, -31.1617, 0.00104884, 56.7056
4884, 81.40000, 0.552748, -31.2056, 0.00104774, 56.6612
4885, 81.40833, 0.552077, -31.2492, 0.00104664, 56.617
4885, 81.41666, 0.551409, -31.2926, 0.00104554, 56.573
4886, 81.42500, 0.550742, -31.3358, 0.00104444, 56.5292
4886, 81.43333, 0.550077, -31.3788, 0.00104335, 56.4856
4887, 81.44167, 0.549413, -31.4216, 0.00104226, 56.4422
4887, 81.45000, 0.548751, -31.4642, 0.00104117, 56.399
4888, 81.45834, 0.54809, -31.5066, 0.00104009, 56.356
4888, 81.46667, 0.547432, -31.5488, 0.001039, 56.3133
4888, 81.47500, 0.546774, -31.5908, 0.00103792, 56.2707
4889, 81.48333, 0.546119, -31.6326, 0.00103685, 56.2283
4890, 81.49167, 0.545465, -31.6743, 0.00103577, 56.1861
4890, 81.50000, 0.544813, -31.7157, 0.0010347, 56.1441
4891, 81.50833, 0.544162, -31.7569, 0.00103363, 56.1023
4891, 81.51667, 0.543513, -31.7979, 0.00103257, 56.0607
4892, 81.52500, 0.542865, -31.8387, 0.0010315, 56.0192
4892, 81.53333, 0.542219, -31.8794, 0.00103044, 55.978
4893, 81.54166, 0.541575, -31.9198, 0.00102938, 55.937
4893, 81.55000, 0.540933, -31.9601, 0.00102833, 55.8961
4894, 81.55833, 0.540292, -32.0002, 0.00102728, 55.8555
4894, 81.56667, 0.539652, -32.0401, 0.00102623, 55.815
4895, 81.57500, 0.539014, -32.0798, 0.00102518, 55.7747
4895, 81.58334, 0.538378, -32.1193, 0.00102413, 55.7346
4896, 81.59167, 0.537744, -32.1586, 0.00102309, 55.6947
4896, 81.60000, 0.537111, -32.1978, 0.00102205, 55.6549
4896, 81.60833, 0.53648, -32.2367, 0.00102102, 55.6154
4897, 81.61667, 0.53585, -32.2755, 0.00101998, 55.576
4898, 81.62500, 0.535222, -32.3141, 0.00101895, 55.5368
4898, 81.63333, 0.534595, -32.3526, 0.00101792, 55.4978
4899, 81.64167, 0.53397, -32.3908, 0.0010169, 55.4589
4899, 81.65000, 0.533347, -32.4289, 0.00101587, 55.4203
4900, 81.65833, 0.532725, -32.4668, 0.00101485, 55.3818
4900, 81.66666, 0.532105, -32.5045, 0.00101384, 55.3435
4901, 81.67500, 0.531487, -32.542, 0.00101282, 55.3053
4901, 81.68333, 0.53087, -32.5794, 0.00101181, 55.2674
4902, 81.69167, 0.530254, -32.6166, 0.0010108, 55.2296
4902, 81.70000, 0.529641, -32.6536, 0.00100979, 55.192
4903, 81.70834, 0.529029, -32.6905, 0.00100879, 55.1545
4903, 81.71667, 0.528418, -32.7272, 0.00100779, 55.1172
4904, 81.72500, 0.527809, -32.7637, 0.00100679, 55.0801
4904, 81.73333, 0.527202, -32.8001, 0.00100579, 55.0432
4904, 81.74167, 0.526596, -32.8363, 0.0010048, 55.0064
4905, 81.75000, 0.525991, -32.8723, 0.00100381, 54.9698
4906, 81.75833, 0.525389, -32.9081, 0.00100282, 54.9333
4906, 81.76667, 0.524788, -32.9438, 0.00100183, 54.8971
4907, 81.77500, 0.524188, -32.9793, 0.00100085, 54.8609
4907, 81.78333, 0.52359, -33.0147, 0.00099987, 54.825
4908, 81.79166, 0.522994, -33.0499, 0.000998893, 54.7892
4908, 81.80000, 0.522399, -33.0849, 0.000997918, 54.7536
4909, 81.80833, 0.521806, -33.1198, 0.000996946, 54.7181
4909, 81.81667, 0.521214, -33.1545, 0.000995976, 54.6828
4910, 81.82500, 0.520624, -33.1891, 0.000995009, 54.6476
4910, 81.83334, 0.520035, -33.2235, 0.000994045, 54.6126
4911, 81.84167, 0.519448, -33.2577, 0.000993083, 54.5778
4911, 81.85000, 0.518862, -33.2918, 0.000992124, 54.5431
4912, 81.85833, 0.518278, -33.3257, 0.000991167, 54.5086
4912, 81.86667, 0.517696, -33.3595, 0.000990213, 54.4742
4912, 81.87500, 0.517115, -33.3932, 0.000989262, 54.44
4913, 81.88333, 0.516536, -33.4266, 0.000988313, 54.4059
4914, 81.89167, 0.515958, -33.4599, 0.000987367, 54.372
4914, 81.90000, 0.515382, -33.4931, 0.000986423, 54.3382
4915, 81.90833, 0.514807, -33.5261, 0.000985483, 54.3046
4915, 81.91666, 0.514233, -33.559, 0.000984544, 54.2711
4916, 81.92500, 0.513662, -33.5917, 0.000983609, 54.2378
4916, 81.93333, 0.513092, -33.6243, 0.000982675, 54.2047
4917, 81.94167, 0.512523, -33.6567, 0.000981745, 54.1716
4917, 81.95000, 0.511956, -33.689, 0.000980817, 54.1388
4918, 81.95834, 0.51139, -33.7211, 0.000979892, 54.106
4918, 81.96667, 0.510826, -33.7531, 0.000978969, 54.0735
4919, 81.97500, 0.510263, -33.7849, 0.000978048, 54.041
4919, 81.98333, 0.509702, -33.8166, 0.000977131, 54.0087
4920, 81.99167, 0.509142, -33.8482, 0.000976215, 53.9766
4920, 82.00000, 0.508584, -33.8796, 0.000975303, 53.9446
4920, 82.00833, 0.508027, -33.9109, 0.000974393, 53.9127
4921, 82.01667, 0.507472, -33.942, 0.000973485, 53.881
4922, 82.02500, 0.506918, -33.973, 0.00097258, 53.8494
4922, 82.03333, 0.506366, -34.0038, 0.000971678, 53.8179
4923, 82.04166, 0.505815, -34.0345, 0.000970778, 53.7866
4923, 82.05000, 0.505266, -34.0651, 0.00096988, 53.7555
4924, 82.05833, 0.504718, -34.0955, 0.000968985, 53.7244
4924, 82.06667, 0.504172, -34.1258, 0.000968093, 53.6935
4925, 82.07500, 0.503627, -34.156, 0.000967203, 53.6628
4925, 82.08334, 0.503084, -34.186, 0.000966316, 53.6321
4926, 82.09167, 0.502542, -34.2159, 0.000965431, 53.6016
4926, 82.10000, 0.502001, -34.2457, 0.000964548, 53.5713
4927, 82.10833, 0.501462, -34.2753, 0.000963668, 53.541
4927, 82.11667, 0.500924, -34.3048, 0.000962791, 53.511
4928, 82.12500, 0.500388, -34.3342, 0.000961916, 53.481
4928, 82.13333, 0.499854, -34.3634, 0.000961043, 53.4512
4928, 82.14167, 0.49932, -34.3925, 0.000960173, 53.4215
4929, 82.15000, 0.498789, -34.4215, 0.000959306, 53.3919
4930, 82.15833, 0.498258, -34.4503, 0.000958441, 53.3624
4930, 82.16666, 0.497729, -34.479, 0.000957578, 53.3331
4931, 82.17500, 0.497202, -34.5076, 0.000956718, 53.3039
4931, 82.18333, 0.496676, -34.536, 0.00095586, 53.2749
4932, 82.19167, 0.496151, -34.5644, 0.000955005, 53.246
4932, 82.20000, 0.495628, -34.5926, 0.000954152, 53.2172
4933, 82.20834, 0.495106, -34.6206, 0.000953301, 53.1885
4933, 82.21667, 0.494585, -34.6486, 0.000952453, 53.1599
4934, 82.22500, 0.494066, -34.6764, 0.000951608, 53.1315
4934, 82.23333, 0.493549, -34.7041, 0.000950765, 53.1032
4935, 82.24167, 0.493033, -34.7317, 0.000949924, 53.075
4935, 82.25000, 0.492518, -34.7592, 0.000949085, 53.0469
4936, 82.25833, 0.492004, -34.7865, 0.000948249, 53.019
4936, 82.26667, 0.491492, -34.8137, 0.000947416, 52.9912
4936, 82.27500, 0.490982, -34.8408, 0.000946585, 52.9635
4937, 82.28333, 0.490473, -34.8678, 0.000945756, 52.9359
4938, 82.29166, 0.489965, -34.8946, 0.000944929, 52.9084
4938, 82.30000, 0.489458, -34.9214, 0.000944105, 52.8811
4939, 82.30833, 0.488953, -34.948, 0.000943284, 52.8539
4939, 82.31667, 0.488449, -34.9745, 0.000942464, 52.8267
4940, 82.32500, 0.487947, -35.0009, 0.000941648, 52.7998
4940, 82.33334, 0.487446, -35.0271, 0.000940833, 52.7729
4941, 82.34167, 0.486947, -35.0533, 0.000940021, 52.7461
4941, 82.35000, 0.486448, -35.0793, 0.000939211, 52.7195
4941, 82.35833, 0.485951, -35.1052, 0.000938403, 52.6929
4942, 82.36667, 0.485456, -35.1311, 0.000937598, 52.6665
4943, 82.37500, 0.484962, -35.1567, 0.000936795, 52.6402
4943, 82.38333, 0.484469, -35.1823, 0.000935994, 52.614
4944, 82.39167, 0.483977, -35.2078, 0.000935196, 52.588
4944, 82.40000, 0.483487, -35.2331, 0.0009344, 52.562
4944, 82.40833, 0.482998, -35.2584, 0.000933607, 52.5361
4945, 82.41666, 0.482511, -35.2835, 0.000932815, 52.5104
4946, 82.42500, 0.482025, -35.3085, 0.000932026, 52.4848
4946, 82.43333, 0.48154, -35.3335, 0.00093124, 52.4592
4947, 82.44167, 0.481056, -35.3583, 0.000930455, 52.4338
4947, 82.45000, 0.480574, -35.3829, 0.000929673, 52.4085
4948, 82.45834, 0.480093, -35.4075, 0.000928893, 52.3833
4948, 82.46667, 0.479614, -35.432, 0.000928115, 52.3582
4949, 82.47500, 0.479136, -35.4564, 0.00092734, 52.3333
4949, 82.48333, 0.478659, -35.4807, 0.000926567, 52.3084
4949, 82.49167, 0.478183, -35.5048, 0.000925796, 52.2836
4950, 82.50000, 0.477709, -35.5289, 0.000925028, 52.2589
4951, 82.50833, 0.477236, -35.5528, 0.000924261, 52.2344
4951, 82.51667, 0.476764, -35.5767, 0.000923497, 52.2099
4952, 82.52500, 0.476294, -35.6004, 0.000922735, 52.1856
4952, 82.53333, 0.475825, -35.624, 0.000921976, 52.1613
4953, 82.54166, 0.475357, -35.6476, 0.000921218, 52.1372
4953, 82.55000, 0.47489, -35.671, 0.000920463, 52.1131
4954, 82.55833, 0.474425, -35.6943, 0.00091971, 52.0892
4954, 82.56667, 0.473961, -35.7175, 0.000918959, 52.0654
4955, 82.57500, 0.473498, -35.7407, 0.000918211, 52.0416
4955, 82.58334, 0.473037, -35.7637, 0.000917465, 52.018
4956, 82.59167, 0.472577, -35.7866, 0.00091672, 51.9944
4956, 82.60000, 0.472118, -35.8094, 0.000915979, 51.971
4957, 82.60833, 0.47166, -35.8322, 0.000915239, 51.9477
4957, 82.61667, 0.471204, -35.8548, 0.000914501, 51.9244
4957, 82.62500, 0.470749, -35.8773, 0.000913766, 51.9013
4958, 82.63333, 0.470295, -35.8997, 0.000913033, 51.8782
4959, 82.64167, 0.469842, -35.9221, 0.000912302, 51.8553
4959, 82.65000, 0.469391, -35.9443, 0.000911573, 51.8324
4960, 82.65833, 0.46894, -35.9665, 0.000910846, 51.8097
4960, 82.66666, 0.468492, -35.9885, 0.000910121, 51.787
4961, 82.67500, 0.468044, -36.0105, 0.000909399, 51.7644
4961, 82.68333, 0.467597, -36.0323, 0.000908679, 51.742
4962, 82.69167, 0.467152, -36.0541, 0.000907961, 51.7196
4962, 82.70000, 0.466708, -36.0757, 0.000907245, 51.6973
4963, 82.70834, 0.466265, -36.0973, 0.000906531, 51.6751
4963, 82.71667, 0.465824, -36.1188, 0.000905819, 51.653
4964, 82.72500, 0.465384, -36.1402, 0.000905109, 51.631
4964, 82.73333, 0.464945, -36.1615, 0.000904402, 51.6091
4965, 82.74167, 0.464507, -36.1827, 0.000903696, 51.5873
4965, 82.75000, 0.46407, -36.2038, 0.000902993, 51.5655
4965, 82.75833, 0.463634, -36.2248, 0.000902292, 51.5439
4966, 82.76667, 0.4632, -36.2457, 0.000901592, 51.5224
4967, 82.77500, 0.462767, -36.2666, 0.000900896, 51.5009
4967, 82.78333, 0.462335, -36.2873, 0.000900201, 51.4795
4968, 82.79166, 0.461904, -36.308, 0.000899508, 51.4582
4968, 82.80000, 0.461475, -36.3286, 0.000898817, 51.4371
4969, 82.80833, 0.461047, -36.349, 0.000898128, 51.4159
4969, 82.81667, 0.460619, -36.3694, 0.000897441, 51.3949
4970, 82.82500, 0.460194, -36.3898, 0.000896757, 51.374
4970, 82.83334, 0.459769, -36.41, 0.000896074, 51.3532
4971, 82.84167, 0.459345, -36.4301, 0.000895394, 51.3324
4971, 82.85000, 0.458923, -36.4502, 0.000894715, 51.3117
4972, 82.85833, 0.458501, -36.4701, 0.000894039, 51.2911
4972, 82.86667, 0.458081, -36.49, 0.000893364, 51.2706
4973, 82.87500, 0.457662, -36.5098, 0.000892692, 51.2502
4973, 82.88333, 0.457245, -36.5295, 0.000892022, 51.2299
4973, 82.89167, 0.456828, -36.5491, 0.000891353, 51.2096
4974, 82.90000, 0.456413, -36.5687, 0.000890687, 51.1895
4975, 82.90833, 0.455998, -36.5881, 0.000890023, 51.1694
4975, 82.91666, 0.455585, -36.6075, 0.00088936, 51.1494
4976, 82.92500, 0.455173, -36.6268, 0.0008887, 51.1295
4976, 82.93333, 0.454762, -36.646, 0.000888042, 51.1096
4977, 82.94167, 0.454352, -36.6651, 0.000887385, 51.0899
4977, 82.95000, 0.453944, -36.6842, 0.000886731, 51.0702
4978, 82.95834, 0.453536, -36.7032, 0.000886079, 51.0506
4978, 82.96667, 0.45313, -36.7221, 0.000885428, 51.0311
4979, 82.97500, 0.452725, -36.7409, 0.00088478, 51.0117
4979, 82.98333, 0.452321, -36.7596, 0.000884133, 50.9923
4980, 82.99167, 0.451918, -36.7782, 0.000883489, 50.973
4980, 83.00000, 0.451516, -36.7968, 0.000882846, 50.9539
4981, 83.00833, 0.451115, -36.8153, 0.000882206, 50.9347
4981, 83.01667, 0.450715, -36.8337, 0.000881567, 50.9157
4981, 83.02500, 0.450317, -36.852, 0.000880931, 50.8967
4982, 83.03333, 0.44992, -36.8703, 0.000880296, 50.8779
4983, 83.04166, 0.449523, -36.8885, 0.000879663, 50.859
4983, 83.05000, 0.449128, -36.9066, 0.000879032, 50.8403
4984, 83.05833, 0.448734, -36.9246, 0.000878403, 50.8217
4984, 83.06667, 0.448341, -36.9426, 0.000877776, 50.8031
4985, 83.07500, 0.447949, -36.9604, 0.000877151, 50.7846
4985, 83.08334, 0.447558, -36.9782, 0.000876528, 50.7662
4986, 83.09167, 0.447168, -36.996, 0.000875907, 50.7478
4986, 83.10000, 0.44678, -37.0136, 0.000875287, 50.7295
4987, 83.10833, 0.446392, -37.0312, 0.00087467, 50.7113
4987, 83.11667, 0.446006, -37.0487, 0.000874054, 50.6932
4988, 83.12500, 0.44562, -37.0661, 0.00087344, 50.6751
4988, 83.13333, 0.445236, -37.0835, 0.000872829, 50.6571
4989, 83.14167, 0.444853, -37.1008, 0.000872219, 50.6392
4989, 83.15000, 0.44447, -37.118, 0.000871611, 50.6214
4989, 83.15833, 0.444089, -37.1351, 0.000871004, 50.6036
4990, 83.16666, 0.443709, -37.1522, 0.0008704, 50.5859
4991, 83.17500, 0.44333, -37.1692, 0.000869798, 50.5683
4991, 83.18333, 0.442952, -37.1861, 0.000869197, 50.5507
4992, 83.19167, 0.442575, -37.203, 0.000868598, 50.5332
4992, 83.20000, 0.442199, -37.2198, 0.000868001, 50.5158
4993, 83.20834, 0.441824, -37.2365, 0.000867406, 50.4985
4993, 83.21667, 0.441451, -37.2531, 0.000866813, 50.4812
4994, 83.22500, 0.441078, -37.2697, 0.000866222, 50.464
4994, 83.23333, 0.440706, -37.2862, 0.000865632, 50.4468
4995, 83.24167, 0.440335, -37.3026, 0.000865044, 50.4298
4995, 83.25000, 0.439966, -37.319, 0.000864458, 50.4128
4996, 83.25833, 0.439597, -37.3353, 0.000863874, 50.3958
4996, 83.26667, 0.43923, -37.3516, 0.000863292, 50.379
4997, 83.27500, 0.438863, -37.3677, 0.000862711, 50.3622
4997, 83.28333, 0.438498, -37.3838, 0.000862133, 50.3454
4997, 83.29166, 0.438133, -37.3999, 0.000861556, 50.3288
4998, 83.30000, 0.43777, -37.4158, 0.000860981, 50.3121
4999, 83.30833, 0.437407, -37.4317, 0.000860408, 50.2956
4999, 83.31667, 0.437046, -37.4476, 0.000859836, 50.2791
5000, 83.32500, 0.436685, -37.4633, 0.000859266, 50.2627
5000, 83.33334, 0.436326, -37.4791, 0.000858698, 50.2464
5001, 83.34167, 0.435967, -37.4947, 0.000858132, 50.2301
5001, 83.35000, 0.43561, -37.5103, 0.000857568, 50.2139
5002, 83.35833, 0.435253, -37.5258, 0.000857005, 50.1977
5002, 83.36667, 0.434898, -37.5412, 0.000856444, 50.1817
5003, 83.37500, 0.434543, -37.5566, 0.000855885, 50.1656
5003, 83.38333, 0.43419, -37.572, 0.000855328, 50.1497
5004, 83.39167, 0.433837, -37.5872, 0.000854772, 50.1338
5004, 83.40000, 0.433486, -37.6024, 0.000854218, 50.1179
5005, 83.40833, 0.433135, -37.6176, 0.000853666, 50.1022
5005, 83.41666, 0.432786, -37.6326, 0.000853116, 50.0864
5005, 83.42500, 0.432437, -37.6476, 0.000852567, 50.0708
5006, 83.43333, 0.43209, -37.6626, 0.00085202, 50.0552
5007, 83.44167, 0.431743, -37.6775, 0.000851475, 50.0397
5007, 83.45000, 0.431398, -37.6923, 0.000850931, 50.0242
5008, 83.45834, 0.431053, -37.7071, 0.00085039, 50.0088
5008, 83.46667, 0.430709, -37.7218, 0.000849849, 49.9934
5009, 83.47500, 0.430367, -37.7365, 0.000849311, 49.9781
5009, 83.48333, 0.430025, -37.7511, 0.000848775, 49.9629
5010, 83.49167, 0.429684, -37.7656, 0.000848239, 49.9477
5010, 83.50000, 0.429344, -37.7801, 0.000847706, 49.9326
5011, 83.50833, 0.429005, -37.7945, 0.000847175, 49.9176
5011, 83.51667, 0.428667, -37.8088, 0.000846645, 49.9026
5012, 83.52500, 0.42833, -37.8231, 0.000846117, 49.8876
5012, 83.53333, 0.427994, -37.8374, 0.00084559, 49.8727
5013, 83.54166, 0.427659, -37.8516, 0.000845065, 49.8579
5013, 83.55000, 0.427325, -37.8657, 0.000844542, 49.8432
5013, 83.55833, 0.426992, -37.8798, 0.00084402, 49.8284
5014, 83.56667, 0.426659, -37.8938, 0.000843501, 49.8138
5015, 83.57500, 0.426328, -37.9077, 0.000842982, 49.7992
5015, 83.58334, 0.425997, -37.9216, 0.000842466, 49.7846
5016, 83.59167, 0.425668, -37.9355, 0.000841951, 49.7701
5016, 83.60000, 0.425339, -37.9493, 0.000841438, 49.7557
5017, 83.60833, 0.425012, -37.963, 0.000840926, 49.7413
5017, 83.61667, 0.424685, -37.9767, 0.000840416, 49.727
5018, 83.62500, 0.424359, -37.9903, 0.000839908, 49.7127
5018, 83.63333, 0.424034, -38.0039, 0.000839401, 49.6985
5019, 83.64167, 0.42371, -38.0174, 0.000838896, 49.6844
5019, 83.65000, 0.423387, -38.0309, 0.000838392, 49.6702
5020, 83.65833, 0.423065, -38.0443, 0.000837891, 49.6562
5020, 83.66666, 0.422744, -38.0577, 0.00083739, 49.6422
5021, 83.67500, 0.422423, -38.071, 0.000836892, 49.6282
5021, 83.68333, 0.422104, -38.0842, 0.000836395, 49.6143
5021, 83.69167, 0.421785, -38.0974, 0.000835899, 49.6005
5022, 83.70000, 0.421468, -38.1106, 0.000835405, 49.5867
5023, 83.70834, 0.421151, -38.1237, 0.000834913, 49.573
5023, 83.71667, 0.420835, -38.1367, 0.000834423, 49.5593
5024, 83.72500, 0.42052, -38.1497, 0.000833934, 49.5456
5024, 83.73333, 0.420206, -38.1627, 0.000833446, 49.532
5025, 83.74167, 0.419893, -38.1756, 0.00083296, 49.5185
5025, 83.75000, 0.41958, -38.1884, 0.000832476, 49.505
5026, 83.75833, 0.419269, -38.2012, 0.000831993, 49.4916
5026, 83.76667, 0.418958, -38.2139, 0.000831512, 49.4782
5027, 83.77500, 0.418649, -38.2266, 0.000831033, 49.4648
5027, 83.78333, 0.41834, -38.2393, 0.000830555, 49.4515
5028, 83.79166, 0.418032, -38.2519, 0.000830078, 49.4383
5028, 83.80000, 0.417725, -38.2644, 0.000829603, 49.4251
5029, 83.80833, 0.417419, -38.2769, 0.00082913, 49.412
5029, 83.81667, 0.417113, -38.2893, 0.000828658, 49.3989
5029, 83.82500, 0.416809, -38.3017, 0.000828188, 49.3858
5030, 83.83334, 0.416505, -38.3141, 0.000827719, 49.3728
5031, 83.84167, 0.416202, -38.3264, 0.000827252, 49.3599
5031, 83.85000, 0.4159, -38.3387, 0.000826786, 49.347
5032, 83.85833, 0.415599, -38.3509, 0.000826322, 49.3341
5032, 83.86667, 0.415299, -38.363, 0.000825859, 49.3213
5033, 83.87500, 0.415, -38.3751, 0.000825398, 49.3085
5033, 83.88333, 0.414701, -38.3872, 0.000824939, 49.2958
5034, 83.89167, 0.414404, -38.3992, 0.000824481, 49.2831
5034, 83.90000, 0.414107, -38.4112, 0.000824024, 49.2705
5035, 83.90833, 0.413811, -38.4231, 0.000823569, 49.2579
5035, 83.91666, 0.413516, -38.435, 0.000823116, 49.2454
5036, 83.92500, 0.413221, -38.4469, 0.000822663, 49.2329
5036, 83.93333, 0.412928, -38.4587, 0.000822213, 49.2205
5037, 83.94167, 0.412635, -38.4704, 0.000821764, 49.2081
5037, 83.95000, 0.412344, -38.4821, 0.000821316, 49.1957
5037, 83.95834, 0.412053, -38.4938, 0.00082087, 49.1834
5038, 83.96667, 0.411762, -38.5054, 0.000820426, 49.1711
5039, 83.97500, 0.411473, -38.517, 0.000819983, 49.1589
5039, 83.98333, 0.411185, -38.5285, 0.000819541, 49.1467
5040, 83.99167, 0.410897, -38.54, 0.000819101, 49.1346
5040, 84.00000, 0.41061, -38.5514, 0.000818662, 49.1225
5041, 84.00833, 0.410324, -38.5628, 0.000818225, 49.1104
5041, 84.01667, 0.410039, -38.5742, 0.000817789, 49.0984
5042, 84.02500, 0.409754, -38.5855, 0.000817355, 49.0864
5042, 84.03333, 0.409471, -38.5968, 0.000816922, 49.0745
5043, 84.04166, 0.409188, -38.608, 0.000816491, 49.0626
5043, 84.05000, 0.408906, -38.6192, 0.000816061, 49.0508
5044, 84.05833, 0.408625, -38.6303, 0.000815632, 49.039
5044, 84.06667, 0.408344, -38.6414, 0.000815205, 49.0272
5045, 84.07500, 0.408065, -38.6525, 0.000814779, 49.0155
5045, 84.08334, 0.407786, -38.6635, 0.000814355, 49.0038
5045, 84.09167, 0.407508, -38.6745, 0.000813932, 48.9922
5046, 84.10000, 0.407231, -38.6854, 0.000813511, 48.9806
5047, 84.10833, 0.406954, -38.6963, 0.000813091, 48.969
5047, 84.11667, 0.406678, -38.7072, 0.000812673, 48.9575
5048, 84.12500, 0.406404, -38.718, 0.000812256, 48.946
5048, 84.13333, 0.40613, -38.7288, 0.00081184, 48.9346
5049, 84.14167, 0.405856, -38.7395, 0.000811426, 48.9232
5049, 84.15000, 0.405584, -38.7502, 0.000811013, 48.9119
5050, 84.15833, 0.405312, -38.7609, 0.000810601, 48.9005
5050, 84.16666, 0.405041, -38.7715, 0.000810191, 48.8893
5051, 84.17500, 0.404771, -38.7821, 0.000809783, 48.878
5051, 84.18333, 0.404501, -38.7926, 0.000809375, 48.8668
5052, 84.19167, 0.404233, -38.8032, 0.00080897, 48.8556
5052, 84.20000, 0.403965, -38.8136, 0.000808565, 48.8445
5053, 84.20834, 0.403698, -38.8241, 0.000808162, 48.8334
5053, 84.21667, 0.403431, -38.8345, 0.00080776, 48.8224
5053, 84.22500, 0.403166, -38.8448, 0.00080736, 48.8113
5054, 84.23333, 0.402901, -38.8551, 0.000806961, 48.8004
5055, 84.24167, 0.402637, -38.8654, 0.000806564, 48.7894
5055, 84.25000, 0.402374, -38.8757, 0.000806167, 48.7785
5056, 84.25833, 0.402111, -38.8859, 0.000805773, 48.7676
5056, 84.26667, 0.401849, -38.896, 0.000805379, 48.7568
5057, 84.27500, 0.401588, -38.9062, 0.000804987, 48.746
5057, 84.28333, 0.401328, -38.9163, 0.000804596, 48.7352
5058, 84.29166, 0.401068, -38.9263, 0.000804207, 48.7245
5058, 84.30000, 0.400809, -38.9364, 0.000803819, 48.7138
5059, 84.30833, 0.400551, -38.9464, 0.000803432, 48.7032
5059, 84.31667, 0.400294, -38.9563, 0.000803047, 48.6925
5060, 84.32500, 0.400038, -38.9662, 0.000802663, 48.682
5060, 84.33334, 0.399782, -38.9761, 0.00080228, 48.6714
5061, 84.34167, 0.399527, -38.986, 0.000801899, 48.6609
5061, 84.35000, 0.399272, -38.9958, 0.000801519, 48.6504
5061, 84.35833, 0.399019, -39.0056, 0.00080114, 48.64
5062, 84.36667, 0.398766, -39.0154, 0.000800763, 48.6295
5063, 84.37500, 0.398513, -39.0251, 0.000800387, 48.6192
5063, 84.38333, 0.398262, -39.0347, 0.000800012, 48.6088
5064, 84.39167, 0.398011, -39.0444, 0.000799638, 48.5985
5064, 84.40000, 0.397761, -39.054, 0.000799266, 48.5882
5065, 84.40833, 0.397512, -39.0636, 0.000798896, 48.578
5065, 84.41666, 0.397263, -39.0732, 0.000798526, 48.5677
5066, 84.42500, 0.397015, -39.0827, 0.000798158, 48.5576
5066, 84.43333, 0.396768, -39.0922, 0.000797791, 48.5474
5066, 84.44167, 0.396522, -39.1016, 0.000797426, 48.5373
5067, 84.45000, 0.396276, -39.111, 0.000797061, 48.5272
5068, 84.45834, 0.396031, -39.1204, 0.000796698, 48.5172
5068, 84.46667, 0.395787, -39.1298, 0.000796337, 48.5071
5069, 84.47500, 0.395543, -39.1391, 0.000795976, 48.4971
5069, 84.48333, 0.3953, -39.1484, 0.000795617, 48.4872
5069, 84.49167, 0.395058, -39.1577, 0.000795259, 48.4772
5070, 84.50000, 0.394817, -39.1669, 0.000794903, 48.4673
5071, 84.50833, 0.394576, -39.1761, 0.000794548, 48.4575
5071, 84.51667, 0.394336, -39.1853, 0.000794194, 48.4476
5072, 84.52500, 0.394097, -39.1944, 0.000793841, 48.4378
5072, 84.53333, 0.393858, -39.2035, 0.000793489, 48.428
5073, 84.54166, 0.39362, -39.2126, 0.000793139, 48.4183
5073, 84.55000, 0.393383, -39.2216, 0.00079279, 48.4086
5074, 84.55833, 0.393146, -39.2307, 0.000792443, 48.3989
5074, 84.56667, 0.39291, -39.2396, 0.000792096, 48.3892
5074, 84.57500, 0.392675, -39.2486, 0.000791751, 48.3796
5075, 84.58334, 0.39244, -39.2575, 0.000791407, 48.37
5076, 84.59167, 0.392206, -39.2664, 0.000791064, 48.3604
5076, 84.60000, 0.391973, -39.2753, 0.000790723, 48.3509
5077, 84.60833, 0.391741, -39.2841, 0.000790383, 48.3414
5077, 84.61667, 0.391509, -39.293, 0.000790044, 48.3319
5078, 84.62500, 0.391278, -39.3017, 0.000789706, 48.3224
5078, 84.63333, 0.391047, -39.3105, 0.00078937, 48.313
5079, 84.64167, 0.390817, -39.3192, 0.000789034, 48.3036
5079, 84.65000, 0.390588, -39.3279, 0.0007887, 48.2942
5080, 84.65833, 0.39036, -39.3366, 0.000788368, 48.2849
5080, 84.66666, 0.390132, -39.3452, 0.000788036, 48.2756
5081, 84.67500, 0.389905, -39.3539, 0.000787706, 48.2663
5081, 84.68333, 0.389678, -39.3625, 0.000787377, 48.257
5082, 84.69167, 0.389452, -39.371, 0.000787049, 48.2478
5082, 84.70000, 0.389227, -39.3796, 0.000786722, 48.2386
5082, 84.70834, 0.389003, -39.3881, 0.000786397, 48.2294
5083, 84.71667, 0.388779, -39.3965, 0.000786072, 48.2202
5084, 84.72500, 0.388556, -39.405, 0.000785749, 48.2111
5084, 84.73333, 0.388333, -39.4134, 0.000785427, 48.202
5085, 84.74167, 0.388111, -39.4218, 0.000785107, 48.1929
5085, 84.75000, 0.38789, -39.4302, 0.000784787, 48.1839
5086, 84.75833, 0.387669, -39.4386, 0.000784469, 48.1748
5086, 84.76667, 0.38745, -39.4469, 0.000784152, 48.1658
5087, 84.77500, 0.38723, -39.4552, 0.000783836, 48.1569
5087, 84.78333, 0.387012, -39.4635, 0.000783521, 48.1479
5088, 84.79166, 0.386794, -39.4717, 0.000783208, 48.139
5088, 84.80000, 0.386576, -39.4799, 0.000782895, 48.1301
5089, 84.80833, 0.38636, -39.4881, 0.000782584, 48.1212
5089, 84.81667, 0.386143, -39.4963, 0.000782274, 48.1124
5090, 84.82500, 0.385928, -39.5044, 0.000781965, 48.1035
5090, 84.83334, 0.385713, -39.5126, 0.000781658, 48.0947
5090, 84.84167, 0.385499, -39.5207, 0.000781351, 48.0859
5091, 84.85000, 0.385286, -39.5287, 0.000781046, 48.0772
5092, 84.85833, 0.385073, -39.5368, 0.000780742, 48.0685
5092, 84.86667, 0.38486, -39.5448, 0.000780439, 48.0598
5093, 84.87500, 0.384649, -39.5528, 0.000780137, 48.0511
5093, 84.88333, 0.384438, -39.5608, 0.000779836, 48.0424
5094, 84.89167, 0.384227, -39.5688, 0.000779537, 48.0338
5094, 84.90000, 0.384017, -39.5767, 0.000779238, 48.0252
5095, 84.90833, 0.383808, -39.5846, 0.000778941, 48.0166
5095, 84.91666, 0.3836, -39.5925, 0.000778645, 48.008
5096, 84.92500, 0.383392, -39.6004, 0.00077835, 47.9995
5096, 84.93333, 0.383185, -39.6082, 0.000778056, 47.9909
5097, 84.94167, 0.382978, -39.616, 0.000777764, 47.9824
5097, 84.95000, 0.382772, -39.6238, 0.000777472, 47.974
5098, 84.95834, 0.382566, -39.6316, 0.000777182, 47.9655
5098, 84.96667, 0.382362, -39.6393, 0.000776893, 47.9571
5098, 84.97500, 0.382157, -39.6471, 0.000776604, 47.9487
5099, 84.98333, 0.381954, -39.6548, 0.000776317, 47.9403
5100, 84.99167, 0.381751, -39.6625, 0.000776032, 47.9319
5100, 85.00000, 0.381548, -39.6701, 0.000775747, 47.9235
5101, 85.00833, 0.381346, -39.6778, 0.000775463, 47.9152
5101, 85.01667, 0.381145, -39.6854, 0.000775181, 47.9069
5102, 85.02500, 0.380945, -39.693, 0.000774899, 47.8986
5102, 85.03333, 0.380745, -39.7006, 0.000774619, 47.8904
5103, 85.04166, 0.380545, -39.7081, 0.00077434, 47.8821
5103, 85.05000, 0.380346, -39.7157, 0.000774062, 47.8739
5104, 85.05833, 0.380148, -39.7232, 0.000773785, 47.8657
5104, 85.06667, 0.379951, -39.7307, 0.000773509, 47.8575
5105, 85.07500, 0.379754, -39.7382, 0.000773234, 47.8494
5105, 85.08334, 0.379557, -39.7456, 0.00077296, 47.8412
5106, 85.09167, 0.379361, -39.7531, 0.000772688, 47.8331
5106, 85.10000, 0.379166, -39.7605, 0.000772416, 47.825
5106, 85.10833, 0.378971, -39.7679, 0.000772146, 47.8169
5107, 85.11667, 0.378777, -39.7752, 0.000771877, 47.8089
5108, 85.12500, 0.378584, -39.7826, 0.000771608, 47.8008
5108, 85.13333, 0.378391, -39.7899, 0.000771341, 47.7928
5109, 85.14167, 0.378199, -39.7972, 0.000771075, 47.7848
5109, 85.15000, 0.378007, -39.8045, 0.00077081, 47.7768
5110, 85.15833, 0.377816, -39.8118, 0.000770546, 47.7688
5110, 85.16666, 0.377625, -39.8191, 0.000770284, 47.7609
5111, 85.17500, 0.377435, -39.8263, 0.000770022, 47.753
5111, 85.18333, 0.377246, -39.8335, 0.000769761, 47.745
5112, 85.19167, 0.377057, -39.8408, 0.000769502, 47.7371
5112, 85.20000, 0.376868, -39.8479, 0.000769243, 47.7293
5113, 85.20834, 0.376681, -39.8551, 0.000768986, 47.7214
5113, 85.21667, 0.376494, -39.8623, 0.000768729, 47.7136
5114, 85.22500, 0.376307, -39.8694, 0.000768474, 47.7058
5114, 85.23333, 0.376121, -39.8765, 0.00076822, 47.698
5114, 85.24167, 0.375936, -39.8836, 0.000767966, 47.6902
5115, 85.25000, 0.375751, -39.8907, 0.000767714, 47.6824
5116, 85.25833, 0.375566, -39.8977, 0.000767463, 47.6746
5116, 85.26667, 0.375383, -39.9048, 0.000767213, 47.6669
5117, 85.27500, 0.375199, -39.9118, 0.000766964, 47.6592
5117, 85.28333, 0.375017, -39.9188, 0.000766716, 47.6515
5118, 85.29166, 0.374835, -39.9258, 0.000766469, 47.6438
5118, 85.30000, 0.374653, -39.9328, 0.000766223, 47.6362
5119, 85.30833, 0.374472, -39.9397, 0.000765979, 47.6285
5119, 85.31667, 0.374292, -39.9467, 0.000765735, 47.6209
5120, 85.32500, 0.374112, -39.9536, 0.000765492, 47.6133
5120, 85.33334, 0.373933, -39.9605, 0.00076525, 47.6056
5121, 85.34167, 0.373754, -39.9674, 0.00076501, 47.5981
5121, 85.35000, 0.373576, -39.9743, 0.00076477, 47.5905
5122, 85.35833, 0.373398, -39.9811, 0.000764531, 47.5829
5122, 85.36667, 0.373221, -39.988, 0.000764294, 47.5754
5122, 85.37500, 0.373044, -39.9948, 0.000764057, 47.5679
5123, 85.38333, 0.372868, -40.0016, 0.000763821, 47.5604
5124, 85.39167, 0.372693, -40.0084, 0.000763587, 47.5529
5124, 85.40000, 0.372518, -40.0152, 0.000763353, 47.5454
5125, 85.40833, 0.372343, -40.0219, 0.000763121, 47.5379
5125, 85.41666, 0.372169, -40.0287, 0.000762889, 47.5305
5126, 85.42500, 0.371996, -40.0354, 0.000762659, 47.5231
5126, 85.43333, 0.371823, -40.0422, 0.000762429, 47.5157
5127, 85.44167, 0.371651, -40.0489, 0.000762201, 47.5083
5127, 85.45000, 0.371479, -40.0555, 0.000761973, 47.5009
5128, 85.45834, 0.371308, -40.0622, 0.000761747, 47.4935
5128, 85.46667, 0.371137, -40.0689, 0.000761521, 47.4861
5129, 85.47500, 0.370967, -40.0755, 0.000761297, 47.4788
5129, 85.48333, 0.370798, -40.0822, 0.000761073, 47.4715
5130, 85.49167, 0.370629, -40.0888, 0.000760851, 47.4641
5130, 85.50000, 0.37046, -40.0954, 0.000760629, 47.4568
5130, 85.50833, 0.370292, -40.102, 0.000760409, 47.4496
5131, 85.51667, 0.370124, -40.1085, 0.000760189, 47.4423
5132, 85.52500, 0.369958, -40.1151, 0.000759971, 47.435
5132, 85.53333, 0.369791, -40.1217, 0.000759753, 47.4278
5133, 85.54166, 0.369625, -40.1282, 0.000759537, 47.4205
5133, 85.55000, 0.36946, -40.1347, 0.000759321, 47.4133
5134, 85.55833, 0.369295, -40.1412, 0.000759107, 47.4061
5134, 85.56667, 0.36913, -40.1477, 0.000758893, 47.3989
5135, 85.57500, 0.368967, -40.1542, 0.00075868, 47.3917
5135, 85.58334, 0.368803, -40.1607, 0.000758469, 47.3846
5136, 85.59167, 0.36864, -40.1671, 0.000758258, 47.3774
5136, 85.60000, 0.368478, -40.1736, 0.000758048, 47.3703
5137, 85.60833, 0.368316, -40.18, 0.00075784, 47.3631
5137, 85.61667, 0.368155, -40.1864, 0.000757632, 47.356
5138, 85.62500, 0.367994, -40.1928, 0.000757425, 47.3489
5138, 85.63333, 0.367834, -40.1992, 0.000757219, 47.3418
5138, 85.64167, 0.367674, -40.2056, 0.000757014, 47.3347
5139, 85.65000, 0.367515, -40.2119, 0.00075681, 47.3277
5140, 85.65833, 0.367356, -40.2183, 0.000756607, 47.3206
5140, 85.66666, 0.367198, -40.2246, 0.000756405, 47.3136
5141, 85.67500, 0.36704, -40.231, 0.000756204, 47.3065
5141, 85.68333, 0.366883, -40.2373, 0.000756004, 47.2995
5142, 85.69167, 0.366726, -40.2436, 0.000755805, 47.2925
5142, 85.70000, 0.36657, -40.2499, 0.000755607, 47.2855
5143, 85.70834, 0.366414, -40.2562, 0.000755409, 47.2785
5143, 85.71667, 0.366259, -40.2624, 0.000755213, 47.2715
5144, 85.72500, 0.366104, -40.2687, 0.000755018, 47.2646
5144, 85.73333, 0.36595, -40.275, 0.000754823, 47.2576
5145, 85.74167, 0.365796, -40.2812, 0.00075463, 47.2507
5145, 85.75000, 0.365643, -40.2874, 0.000754437, 47.2437
5146, 85.75833, 0.36549, -40.2936, 0.000754246, 47.2368
5146, 85.76667, 0.365338, -40.2999, 0.000754055, 47.2299
5146, 85.77500, 0.365186, -40.306, 0.000753865, 47.223
5147, 85.78333, 0.365035, -40.3122, 0.000753676, 47.2161
5148, 85.79166, 0.364884, -40.3184, 0.000753489, 47.2092
5148, 85.80000, 0.364733, -40.3246, 0.000753302, 47.2023
5149, 85.80833, 0.364584, -40.3307, 0.000753116, 47.1955
5149, 85.81667, 0.364434, -40.3369, 0.00075293, 47.1886
5150, 85.82500, 0.364285, -40.343, 0.000752746, 47.1818
5150, 85.83334, 0.364137, -40.3491, 0.000752563, 47.175
5151, 85.84167, 0.363989, -40.3552, 0.000752381, 47.1681
5151, 85.85000, 0.363842, -40.3613, 0.000752199, 47.1613
5152, 85.85833, 0.363695, -40.3674, 0.000752019, 47.1545
5152, 85.86667, 0.363548, -40.3735, 0.000751839, 47.1477
5153, 85.87500, 0.363402, -40.3796, 0.00075166, 47.1409
5153, 85.88333, 0.363257, -40.3857, 0.000751483, 47.1342
5154, 85.89167, 0.363111, -40.3917, 0.000751306, 47.1274
5154, 85.90000, 0.362967, -40.3978, 0.00075113, 47.1206
5154, 85.90833, 0.362823, -40.4038, 0.000750955, 47.1139
5155, 85.91666, 0.362679, -40.4098, 0.000750781, 47.1071
5156, 85.92500, 0.362536, -40.4158, 0.000750607, 47.1004
5156, 85.93333, 0.362393, -40.4219, 0.000750435, 47.0937
5157, 85.94167, 0.362251, -40.4279, 0.000750264, 47.087
5157, 85.95000, 0.362109, -40.4338, 0.000750093, 47.0803
5158, 85.95834, 0.361968, -40.4398, 0.000749924, 47.0736
5158, 85.96667, 0.361827, -40.4458, 0.000749755, 47.0669
5159, 85.97500, 0.361687, -40.4518, 0.000749587, 47.0602
5159, 85.98333, 0.361547, -40.4577, 0.00074942, 47.0535
5160, 85.99167, 0.361408, -40.4637, 0.000749254, 47.0469
5160, 86.00000, 0.361269, -40.4696, 0.000749089, 47.0402
5161, 86.00833, 0.36113, -40.4756, 0.000748925, 47.0336
5161, 86.01667, 0.360992, -40.4815, 0.000748761, 47.0269
5162, 86.02500, 0.360854, -40.4874, 0.000748599, 47.0203
5162, 86.03333, 0.360717, -40.4933, 0.000748437, 47.0137
5162, 86.04166, 0.360581, -40.4992, 0.000748276, 47.007
5163, 86.05000, 0.360444, -40.5051, 0.000748116, 47.0004
5164, 86.05833, 0.360309, -40.511, 0.000747957, 46.9938
5164, 86.06667, 0.360173, -40.5169, 0.000747799, 46.9872
5165, 86.07500, 0.360039, -40.5228, 0.000747642, 46.9807
5165, 86.08334, 0.359904, -40.5286, 0.000747486, 46.9741
5166, 86.09167, 0.35977, -40.5345, 0.00074733, 46.9675
5166, 86.10000, 0.359637, -40.5403, 0.000747176, 46.9609
5167, 86.10833, 0.359504, -40.5462, 0.000747022, 46.9544
5167, 86.11667, 0.359371, -40.552, 0.000746869, 46.9478
5168, 86.12500, 0.359239, -40.5578, 0.000746717, 46.9413
5168, 86.13333, 0.359107, -40.5637, 0.000746566, 46.9347
5169, 86.14167, 0.358976, -40.5695, 0.000746415, 46.9282
5169, 86.15000, 0.358845, -40.5753, 0.000746266, 46.9217
5170, 86.15833, 0.358715, -40.5811, 0.000746117, 46.9151
5170, 86.16666, 0.358585, -40.5869, 0.00074597, 46.9086
5170, 86.17500, 0.358456, -40.5927, 0.000745823, 46.9021
5171, 86.18333, 0.358327, -40.5985, 0.000745677, 46.8956
5172, 86.19167, 0.358198, -40.6042, 0.000745532, 46.8891
5172, 86.20000, 0.35807, -40.61, 0.000745388, 46.8826
5173, 86.20834, 0.357942, -40.6158, 0.000745244, 46.8761
5173, 86.21667, 0.357815, -40.6215, 0.000745102, 46.8697
5174, 86.22500, 0.357688, -40.6273, 0.00074496, 46.8632
5174, 86.23333, 0.357562, -40.633, 0.000744819, 46.8567
5175, 86.24167, 0.357436, -40.6388, 0.000744679, 46.8502
5175, 86.25000, 0.35731, -40.6445, 0.00074454, 46.8438
5176, 86.25833, 0.357185, -40.6502, 0.000744402, 46.8373
5176, 86.26667, 0.35706, -40.656, 0.000744264, 46.8309
5177, 86.27500, 0.356936, -40.6617, 0.000744127, 46.8244
5177, 86.28333, 0.356812, -40.6674, 0.000743992, 46.818
5178, 86.29166, 0.356689, -40.6731, 0.000743857, 46.8116
5178, 86.30000, 0.356566, -40.6788, 0.000743722, 46.8051
5178, 86.30833, 0.356444, -40.6845, 0.000743589, 46.7987
5179, 86.31667, 0.356322, -40.6902, 0.000743457, 46.7923
5180, 86.32500, 0.3562, -40.6959, 0.000743325, 46.7859
5180, 86.33334, 0.356079, -40.7016, 0.000743194, 46.7795
5181, 86.34167, 0.355958, -40.7072, 0.000743064, 46.7731
5181, 86.35000, 0.355837, -40.7129, 0.000742935, 46.7667
5182, 86.35833, 0.355718, -40.7186, 0.000742807, 46.7603
5182, 86.36667, 0.355598, -40.7243, 0.000742679, 46.7539
5183, 86.37500, 0.355479, -40.7299, 0.000742553, 46.7475
5183, 86.38333, 0.35536, -40.7356, 0.000742427, 46.7411
5184, 86.39167, 0.355242, -40.7412, 0.000742302, 46.7348
5184, 86.40000, 0.355124, -40.7469, 0.000742178, 46.7284
5185, 86.40833, 0.355007, -40.7525, 0.000742054, 46.722
5185, 86.41666, 0.35489, -40.7581, 0.000741932, 46.7156
5186, 86.42500, 0.354773, -40.7638, 0.00074181, 46.7093
5186, 86.43333, 0.354657, -40.7694, 0.000741689, 46.7029
5186, 86.44167, 0.354541, -40.775, 0.000741569, 46.6966
5187, 86.45000, 0.354426, -40.7807, 0.00074145, 46.6902
5188, 86.45834, 0.354311, -40.7863, 0.000741331, 46.6839
5188, 86.46667, 0.354197, -40.7919, 0.000741214, 46.6775
5189, 86.47500, 0.354082, -40.7975, 0.000741097, 46.6712
5189, 86.48333, 0.353969, -40.8031, 0.000740981, 46.6649
5190, 86.49167, 0.353855, -40.8087, 0.000740866, 46.6585
5190, 86.50000, 0.353743, -40.8143, 0.000740751, 46.6522
5191, 86.50833, 0.35363, -40.8199, 0.000740638, 46.6459
5191, 86.51667, 0.353518, -40.8255, 0.000740525, 46.6395
5191, 86.52500, 0.353407, -40.8311, 0.000740413, 46.6332
5192, 86.53333, 0.353295, -40.8367, 0.000740302, 46.6269
5193, 86.54166, 0.353184, -40.8423, 0.000740191, 46.6206
5193, 86.55000, 0.353074, -40.8478, 0.000740081, 46.6143
5194, 86.55833, 0.352964, -40.8534, 0.000739973, 46.608
5194, 86.56667, 0.352854, -40.859, 0.000739865, 46.6016
5194, 86.57500, 0.352745, -40.8646, 0.000739757, 46.5953
5195, 86.58334, 0.352636, -40.8701, 0.000739651, 46.589
5196, 86.59167, 0.352528, -40.8757, 0.000739545, 46.5827
5196, 86.60000, 0.35242, -40.8813, 0.000739441, 46.5764
5197, 86.60833, 0.352312, -40.8868, 0.000739336, 46.5701
5197, 86.61667, 0.352205, -40.8924, 0.000739233, 46.5638
5198, 86.62500, 0.352098, -40.898, 0.000739131, 46.5576
5198, 86.63333, 0.351992, -40.9035, 0.000739029, 46.5513
5199, 86.64167, 0.351886, -40.9091, 0.000738928, 46.545
5199, 86.65000, 0.351781, -40.9146, 0.000738828, 46.5387
5199, 86.65833, 0.351675, -40.9202, 0.000738729, 46.5324
5200, 86.66666, 0.35157, -40.9257, 0.00073863, 46.5261
5201, 86.67500, 0.351466, -40.9313, 0.000738532, 46.5198
5201, 86.68333, 0.351362, -40.9368, 0.000738435, 46.5136
5202, 86.69167, 0.351258, -40.9423, 0.000738339, 46.5073
5202, 86.70000, 0.351155, -40.9479, 0.000738244, 46.501
5203, 86.70834, 0.351052, -40.9534, 0.000738149, 46.4947
5203, 86.71667, 0.35095, -40.9589, 0.000738055, 46.4885
5204, 86.72500, 0.350848, -40.9645, 0.000737962, 46.4822
5204, 86.73333, 0.350746, -40.97, 0.00073787, 46.4759
5205, 86.74167, 0.350645, -40.9755, 0.000737778, 46.4697
5205, 86.75000, 0.350544, -40.9811, 0.000737688, 46.4634
5206, 86.75833, 0.350443, -40.9866, 0.000737598, 46.4571
5206, 86.76667, 0.350343, -40.9921, 0.000737508, 46.4509
5207, 86.77500, 0.350244, -40.9977, 0.00073742, 46.4446
5207, 86.78333, 0.350144, -41.0032, 0.000737332, 46.4383
5207, 86.79166, 0.350045, -41.0087, 0.000737245, 46.4321
5208, 86.80000, 0.349947, -41.0142, 0.000737159, 46.4258
5209, 86.80833, 0.349849, -41.0197, 0.000737074, 46.4195
5209, 86.81667, 0.349751, -41.0253, 0.000736989, 46.4133
5210, 86.82500, 0.349653, -41.0308, 0.000736905, 46.407
5210, 86.83334, 0.349556, -41.0363, 0.000736822, 46.4008
5211, 86.84167, 0.34946, -41.0418, 0.00073674, 46.3945
5211, 86.85000, 0.349363, -41.0473, 0.000736658, 46.3882
5212, 86.85833, 0.349267, -41.0529, 0.000736577, 46.382
5212, 86.86667, 0.349172, -41.0584, 0.000736497, 46.3757
5213, 86.87500, 0.349077, -41.0639, 0.000736418, 46.3695
5213, 86.88333, 0.348982, -41.0694, 0.00073634, 46.3632
5214, 86.89167, 0.348887, -41.0749, 0.000736262, 46.3569
5214, 86.90000, 0.348793, -41.0804, 0.000736185, 46.3507
5215, 86.90833, 0.3487, -41.0859, 0.000736108, 46.3444
5215, 86.91666, 0.348606, -41.0915, 0.000736033, 46.3382
5215, 86.92500, 0.348514, -41.097, 0.000735958, 46.3319
5216, 86.93333, 0.348421, -41.1025, 0.000735884, 46.3256
5217, 86.94167, 0.348329, -41.108, 0.000735811, 46.3194
5217, 86.95000, 0.348237, -41.1135, 0.000735738, 46.3131
5218, 86.95834, 0.348146, -41.119, 0.000735666, 46.3069
5218, 86.96667, 0.348055, -41.1245, 0.000735595, 46.3006
5219, 86.97500, 0.347964, -41.1301, 0.000735525, 46.2943
5219, 86.98333, 0.347874, -41.1356, 0.000735455, 46.2881
5220, 86.99167, 0.347784, -41.1411, 0.000735387, 46.2818
5220, 87.00000, 0.347694, -41.1466, 0.000735318, 46.2756
5221, 87.00833, 0.347605, -41.1521, 0.000735251, 46.2693
5221, 87.01667, 0.347516, -41.1576, 0.000735184, 46.263
5222, 87.02500, 0.347428, -41.1632, 0.000735119, 46.2568
5222, 87.03333, 0.34734, -41.1687, 0.000735054, 46.2505
5223, 87.04166, 0.347252, -41.1742, 0.000734989, 46.2442
5223, 87.05000, 0.347165, -41.1797, 0.000734925, 46.238
5223, 87.05833, 0.347077, -41.1852, 0.000734863, 46.2317
5224, 87.06667, 0.346991, -41.1908, 0.0007348, 46.2254
5225, 87.07500, 0.346905, -41.1963, 0.000734739, 46.2191
5225, 87.08334, 0.346819, -41.2018, 0.000734678, 46.2129
5226, 87.09167, 0.346733, -41.2073, 0.000734618, 46.2066
5226, 87.10000, 0.346648, -41.2129, 0.000734559, 46.2003
5227, 87.10833, 0.346563, -41.2184, 0.0007345, 46.194
5227, 87.11667, 0.346479, -41.2239, 0.000734443, 46.1878
5228, 87.12500, 0.346394, -41.2295, 0.000734386, 46.1815
5228, 87.13333, 0.346311, -41.235, 0.000734329, 46.1752
5229, 87.14167, 0.346227, -41.2405, 0.000734274, 46.1689
5229, 87.15000, 0.346144, -41.246, 0.000734219, 46.1626
5230, 87.15833, 0.346062, -41.2516, 0.000734164, 46.1563
5230, 87.16666, 0.345979, -41.2571, 0.000734111, 46.15
5231, 87.17500, 0.345897, -41.2627, 0.000734058, 46.1438
5231, 87.18333, 0.345816, -41.2682, 0.000734006, 46.1375
5231, 87.19167, 0.345734, -41.2737, 0.000733955, 46.1312
5232, 87.20000, 0.345654, -41.2793, 0.000733904, 46.1249
5233, 87.20834, 0.345573, -41.2848, 0.000733855, 46.1186
5233, 87.21667, 0.345493, -41.2904, 0.000733806, 46.1123
5234, 87.22500, 0.345413, -41.2959, 0.000733757, 46.106
5234, 87.23333, 0.345333, -41.3015, 0.000733709, 46.0997
5235, 87.24167, 0.345254, -41.307, 0.000733662, 46.0933
5235, 87.25000, 0.345175, -41.3126, 0.000733616, 46.087
5236, 87.25833, 0.345097, -41.3181, 0.000733571, 46.0807
5236, 87.26667, 0.345019, -41.3237, 0.000733526, 46.0744
5237, 87.27500, 0.344941, -41.3293, 0.000733482, 46.0681
5237, 87.28333, 0.344864, -41.3348, 0.000733438, 46.0618
5238, 87.29166, 0.344787, -41.3404, 0.000733396, 46.0554
5238, 87.30000, 0.34471, -41.346, 0.000733354, 46.0491
5239, 87.30833, 0.344634, -41.3515, 0.000733312, 46.0428
5239, 87.31667, 0.344558, -41.3571, 0.000733272, 46.0365
5239, 87.32500, 0.344482, -41.3627, 0.000733232, 46.0301
5240, 87.33334, 0.344407, -41.3683, 0.000733193, 46.0238
5241, 87.34167, 0.344332, -41.3739, 0.000733154, 46.0174
5241, 87.35000, 0.344257, -41.3794, 0.000733117, 46.0111
5242, 87.35833, 0.344183, -41.385, 0.00073308, 46.0047
5242, 87.36667, 0.344109, -41.3906, 0.000733043, 45.9984
5243, 87.37500, 0.344035, -41.3962, 0.000733008, 45.992
5243, 87.38333, 0.343962, -41.4018, 0.000732973, 45.9857
5244, 87.39167, 0.343889, -41.4074, 0.000732938, 45.9793
5244, 87.40000, 0.343816, -41.413, 0.000732905, 45.973
5245, 87.40833, 0.343744, -41.4186, 0.000732872, 45.9666
5245, 87.41666, 0.343672, -41.4242, 0.00073284, 45.9602
5246, 87.42500, 0.343601, -41.4298, 0.000732809, 45.9539
5246, 87.43333, 0.343529, -41.4355, 0.000732778, 45.9475
5247, 87.44167, 0.343459, -41.4411, 0.000732748, 45.9411
5247, 87.45000, 0.343388, -41.4467, 0.000732719, 45.9347
5247, 87.45834, 0.343318, -41.4523, 0.00073269, 45.9283
5248, 87.46667, 0.343248, -41.4579, 0.000732662, 45.9219
5249, 87.47500, 0.343178, -41.4636, 0.000732635, 45.9155
5249, 87.48333, 0.343109, -41.4692, 0.000732608, 45.9091
5250, 87.49167, 0.34304, -41.4749, 0.000732582, 45.9027
5250, 87.50000, 0.342972, -41.4805, 0.000732557, 45.8963
5251, 87.50833, 0.342904, -41.4861, 0.000732533, 45.8899
5251, 87.51667, 0.342836, -41.4918, 0.000732509, 45.8835
5252, 87.52500, 0.342768, -41.4974, 0.000732486, 45.8771
5252, 87.53333, 0.342701, -41.5031, 0.000732463, 45.8707
5253, 87.54166, 0.342634, -41.5088, 0.000732442, 45.8642
5253, 87.55000, 0.342568, -41.5144, 0.000732421, 45.8578
5254, 87.55833, 0.342501, -41.5201, 0.0007324, 45.8514
5254, 87.56667, 0.342436, -41.5258, 0.000732381, 45.8449
5255, 87.57500, 0.34237, -41.5315, 0.000732362, 45.8385
5255, 87.58334, 0.342305, -41.5371, 0.000732343, 45.832
5255, 87.59167, 0.34224, -41.5428, 0.000732326, 45.8256
5256, 87.60000, 0.342175, -41.5485, 0.000732309, 45.8191
5257, 87.60833, 0.342111, -41.5542, 0.000732293, 45.8127
5257, 87.61667, 0.342047, -41.5599, 0.000732277, 45.8062
5258, 87.62500, 0.341984, -41.5656, 0.000732262, 45.7997
5258, 87.63333, 0.34192, -41.5713, 0.000732248, 45.7932
5259, 87.64167, 0.341857, -41.577, 0.000732234, 45.7868
5259, 87.65000, 0.341795, -41.5827, 0.000732222, 45.7803
5260, 87.65833, 0.341733, -41.5885, 0.000732209, 45.7738
5260, 87.66666, 0.341671, -41.5942, 0.000732198, 45.7673
5261, 87.67500, 0.341609, -41.5999, 0.000732187, 45.7608
5261, 87.68333, 0.341548, -41.6057, 0.000732177, 45.7543
5262, 87.69167, 0.341487, -41.6114, 0.000732168, 45.7478
5262, 87.70000, 0.341426, -41.6171, 0.000732159, 45.7412
5263, 87.70834, 0.341366, -41.6229, 0.000732151, 45.7347
5263, 87.71667, 0.341306, -41.6287, 0.000732143, 45.7282
5263, 87.72500, 0.341246, -41.6344, 0.000732137, 45.7217
5264, 87.73333, 0.341187, -41.6402, 0.000732131, 45.7151
5265, 87.74167, 0.341128, -41.6459, 0.000732125, 45.7086
5265, 87.75000, 0.341069, -41.6517, 0.00073212, 45.702
5266, 87.75833, 0.341011, -41.6575, 0.000732116, 45.6955
5266, 87.76667, 0.340953, -41.6633, 0.000732113, 45.6889
5267, 87.77500, 0.340895, -41.6691, 0.00073211, 45.6824
5267, 87.78333, 0.340837, -41.6749, 0.000732108, 45.6758
5268, 87.79166, 0.34078, -41.6807, 0.000732107, 45.6692
5268, 87.80000, 0.340723, -41.6865, 0.000732106, 45.6626
5269, 87.80833, 0.340667, -41.6923, 0.000732106, 45.6561
5269, 87.81667, 0.340611, -41.6981, 0.000732107, 45.6495
5270, 87.82500, 0.340555, -41.7039, 0.000732108, 45.6429
5270, 87.83334, 0.340499, -41.7098, 0.00073211, 45.6363
5271, 87.84167, 0.340444, -41.7156, 0.000732113, 45.6297
5271, 87.85000, 0.340389, -41.7214, 0.000732116, 45.623
5271, 87.85833, 0.340335, -41.7273, 0.00073212, 45.6164
5272, 87.86667, 0.34028, -41.7331, 0.000732125, 45.6098
5273, 87.87500, 0.340227, -41.739, 0.00073213, 45.6032
5273, 87.88333, 0.340173, -41.7448, 0.000732136, 45.5965
5274, 87.89167, 0.34012, -41.7507, 0.000732142, 45.5899
5274, 87.90000, 0.340067, -41.7566, 0.00073215, 45.5832
5275, 87.90833, 0.340014, -41.7625, 0.000732158, 45.5766
5275, 87.91666, 0.339961, -41.7683, 0.000732166, 45.5699
5276, 87.92500, 0.339909, -41.7742, 0.000732176, 45.5632
5276, 87.93333, 0.339858, -41.7801, 0.000732185, 45.5566
5277, 87.94167, 0.339806, -41.786, 0.000732196, 45.5499
5277, 87.95000, 0.339755, -41.7919, 0.000732207, 45.5432
5278, 87.95834, 0.339704, -41.7979, 0.000732219, 45.5365
5278, 87.96667, 0.339654, -41.8038, 0.000732232, 45.5298
5279, 87.97500, 0.339603, -41.8097, 0.000732245, 45.5231
5279, 87.98333, 0.339553, -41.8156, 0.000732259, 45.5164
5279, 87.99167, 0.339504, -41.8216, 0.000732273, 45.5096
5280, 88.00000, 0.339455, -41.8275, 0.000732289, 45.5029
5281, 88.00833, 0.339406, -41.8335, 0.000732304, 45.4962
5281, 88.01667, 0.339357, -41.8394, 0.000732321, 45.4894
5282, 88.02500, 0.339309, -41.8454, 0.000732338, 45.4827
5282, 88.03333, 0.33926, -41.8514, 0.000732356, 45.4759
5283, 88.04166, 0.339213, -41.8573, 0.000732374, 45.4692
5283, 88.05000, 0.339165, -41.8633, 0.000732393, 45.4624
5284, 88.05833, 0.339118, -41.8693, 0.000732413, 45.4556
5284, 88.06667, 0.339071, -41.8753, 0.000732434, 45.4488
5285, 88.07500, 0.339025, -41.8813, 0.000732455, 45.4421
5285, 88.08334, 0.338979, -41.8873, 0.000732476, 45.4353
5286, 88.09167, 0.338933, -41.8934, 0.000732499, 45.4285
5286, 88.10000, 0.338887, -41.8994, 0.000732522, 45.4216
5287, 88.10833, 0.338842, -41.9054, 0.000732545, 45.4148
5287, 88.11667, 0.338797, -41.9115, 0.00073257, 45.408
5287, 88.12500, 0.338752, -41.9175, 0.000732595, 45.4012
5288, 88.13333, 0.338708, -41.9236, 0.00073262, 45.3943
5289, 88.14167, 0.338663, -41.9296, 0.000732647, 45.3875
5289, 88.15000, 0.33862, -41.9357, 0.000732674, 45.3806
5290, 88.15833, 0.338576, -41.9418, 0.000732701, 45.3738
5290, 88.16666, 0.338533, -41.9478, 0.000732729, 45.3669
5291, 88.17500, 0.33849, -41.9539, 0.000732758, 45.36
5291, 88.18333, 0.338447, -41.96, 0.000732788, 45.3531
5292, 88.19167, 0.338405, -41.9661, 0.000732818, 45.3462
5292, 88.20000, 0.338363, -41.9722, 0.000732849, 45.3393
5293, 88.20834, 0.338321, -41.9784, 0.00073288, 45.3324
5293, 88.21667, 0.33828, -41.9845, 0.000732912, 45.3255
5294, 88.22500, 0.338239, -41.9906, 0.000732945, 45.3186
5294, 88.23333, 0.338198, -41.9968, 0.000732978, 45.3117
5295, 88.24167, 0.338158, -42.0029, 0.000733012, 45.3047
5295, 88.25000, 0.338117, -42.0091, 0.000733047, 45.2978
5295, 88.25833, 0.338077, -42.0152, 0.000733082, 45.2908
5296, 88.26667, 0.338038, -42.0214, 0.000733118, 45.2838
5297, 88.27500, 0.337998, -42.0276, 0.000733154, 45.2769
5297, 88.28333, 0.337959, -42.0338, 0.000733192, 45.2699
5298, 88.29166, 0.337921, -42.04, 0.00073323, 45.2629
5298, 88.30000, 0.337882, -42.0462, 0.000733268, 45.2559
5299, 88.30833, 0.337844, -42.0524, 0.000733307, 45.2489
5299, 88.31667, 0.337806, -42.0586, 0.000733347, 45.2419
5300, 88.32500, 0.337769, -42.0648, 0.000733387, 45.2349
5300, 88.33334, 0.337731, -42.0711, 0.000733428, 45.2279
5301, 88.34167, 0.337694, -42.0773, 0.00073347, 45.2208
5301, 88.35000, 0.337658, -42.0836, 0.000733512, 45.2138
5302, 88.35833, 0.337621, -42.0898, 0.000733555, 45.2067
5302, 88.36667, 0.337585, -42.0961, 0.000733599, 45.1997
5303, 88.37500, 0.337549, -42.1024, 0.000733643, 45.1926
5303, 88.38333, 0.337514, -42.1086, 0.000733688, 45.1855
5303, 88.39167, 0.337479, -42.1149, 0.000733733, 45.1784
5304, 88.40000, 0.337444, -42.1212, 0.00073378, 45.1713
5305, 88.40833, 0.337409, -42.1275, 0.000733826, 45.1642
5305, 88.41666, 0.337375, -42.1339, 0.000733874, 45.1571
5306, 88.42500, 0.337341, -42.1402, 0.000733922, 45.15
5306, 88.43333, 0.337307, -42.1465, 0.00073397, 45.1429
5307, 88.44167, 0.337274, -42.1529, 0.00073402, 45.1357
5307, 88.45000, 0.33724, -42.1592, 0.00073407, 45.1286
5308, 88.45834, 0.337207, -42.1656, 0.00073412, 45.1214
5308, 88.46667, 0.337175, -42.1719, 0.000734171, 45.1142
5309, 88.47500, 0.337143, -42.1783, 0.000734223, 45.1071
5309, 88.48333, 0.337111, -42.1847, 0.000734276, 45.0999
5310, 88.49167, 0.337079, -42.1911, 0.000734329, 45.0927
5310, 88.50000, 0.337047, -42.1975, 0.000734382, 45.0855
5311, 88.50833, 0.337016, -42.2039, 0.000734437, 45.0783
5311, 88.51667, 0.336985, -42.2103, 0.000734492, 45.0711
5311, 88.52500, 0.336955, -42.2167, 0.000734547, 45.0638
5312, 88.53333, 0.336924, -42.2232, 0.000734604, 45.0566
5313, 88.54166, 0.336894, -42.2296, 0.00073466, 45.0494
5313, 88.55000, 0.336865, -42.2361, 0.000734718, 45.0421
5314, 88.55833, 0.336835, -42.2425, 0.000734776, 45.0348
5314, 88.56667, 0.336806, -42.249, 0.000734835, 45.0276
5315, 88.57500, 0.336777, -42.2555, 0.000734894, 45.0203
5315, 88.58334, 0.336749, -42.262, 0.000734954, 45.013
5316, 88.59167, 0.33672, -42.2685, 0.000735015, 45.0057
5316, 88.60000, 0.336692, -42.275, 0.000735076, 44.9984
5316, 88.60833, 0.336665, -42.2815, 0.000735138, 44.991
5317, 88.61667, 0.336637, -42.288, 0.000735201, 44.9837
5318, 88.62500, 0.33661, -42.2946, 0.000735264, 44.9764
5318, 88.63333, 0.336583, -42.3011, 0.000735327, 44.969
5319, 88.64167, 0.336556, -42.3077, 0.000735392, 44.9617
5319, 88.65000, 0.33653, -42.3142, 0.000735457, 44.9543
5319, 88.65833, 0.336504, -42.3208, 0.000735523, 44.9469
5320, 88.66666, 0.336478, -42.3274, 0.000735589, 44.9395
5321, 88.67500, 0.336453, -42.334, 0.000735656, 44.9321
5321, 88.68333, 0.336428, -42.3406, 0.000735723, 44.9247
5322, 88.69167, 0.336403, -42.3472, 0.000735791, 44.9173
5322, 88.70000, 0.336378, -42.3538, 0.00073586, 44.9099
5323, 88.70834, 0.336354, -42.3605, 0.00073593, 44.9024
5323, 88.71667, 0.33633, -42.3671, 0.000736, 44.895
5324, 88.72500, 0.336306, -42.3738, 0.00073607, 44.8875
5324, 88.73333, 0.336282, -42.3804, 0.000736141, 44.88
5324, 88.74167, 0.336259, -42.3871, 0.000736213, 44.8726
5325, 88.75000, 0.336236, -42.3938, 0.000736286, 44.8651
5326, 88.75833, 0.336214, -42.4005, 0.000736359, 44.8576
5326, 88.76667, 0.336191, -42.4072, 0.000736433, 44.8501
5327, 88.77500, 0.336169, -42.4139, 0.000736507, 44.8425
5327, 88.78333, 0.336147, -42.4206, 0.000736582, 44.835
5328, 88.79166, 0.336126, -42.4273, 0.000736658, 44.8275
5328, 88.80000, 0.336104, -42.4341, 0.000736734, 44.8199
5329, 88.80833, 0.336083, -42.4408, 0.000736811, 44.8123
5329, 88.81667, 0.336063, -42.4476, 0.000736888, 44.8048
5330, 88.82500, 0.336042, -42.4543, 0.000736966, 44.7972
5330, 88.83334, 0.336022, -42.4611, 0.000737045, 44.7896
5331, 88.84167, 0.336002, -42.4679, 0.000737124, 44.782
5331, 88.85000, 0.335983, -42.4747, 0.000737204, 44.7744
5332, 88.85833, 0.335963, -42.4815, 0.000737285, 44.7668
5332, 88.86667, 0.335944, -42.4883, 0.000737366, 44.7591
5332, 88.87500, 0.335925, -42.4952, 0.000737448, 44.7515
5333, 88.88333, 0.335907, -42.502, 0.00073753, 44.7438
5334, 88.89167, 0.335889, -42.5089, 0.000737614, 44.7362
5334, 88.90000, 0.335871, -42.5157, 0.000737697, 44.7285
5335, 88.90833, 0.335853, -42.5226, 0.000737782, 44.7208
5335, 88.91666, 0.335836, -42.5295, 0.000737866, 44.7131
5336, 88.92500, 0.335818, -42.5364, 0.000737952, 44.7054
5336, 88.93333, 0.335802, -42.5433, 0.000738038, 44.6977
5337, 88.94167, 0.335785, -42.5502, 0.000738125, 44.6899
5337, 88.95000, 0.335769, -42.5571, 0.000738212, 44.6822
5338, 88.95834, 0.335753, -42.5641, 0.0007383, 44.6744
5338, 88.96667, 0.335737, -42.571, 0.000738389, 44.6667
5339, 88.97500, 0.335721, -42.578, 0.000738478, 44.6589
5339, 88.98333, 0.335706, -42.585, 0.000738568, 44.6511
5340, 88.99167, 0.335691, -42.5919, 0.000738658, 44.6433
5340, 89.00000, 0.335677, -42.5989, 0.00073875, 44.6355
5340, 89.00833, 0.335662, -42.6059, 0.000738841, 44.6277
5341, 89.01667, 0.335648, -42.6129, 0.000738934, 44.6198
5342, 89.02500, 0.335634, -42.62, 0.000739026, 44.612
5342, 89.03333, 0.335621, -42.627, 0.00073912, 44.6041
5343, 89.04166, 0.335607, -42.634, 0.000739214, 44.5963
5343, 89.05000, 0.335594, -42.6411, 0.000739309, 44.5884
5344, 89.05833, 0.335582, -42.6482, 0.000739404, 44.5805
5344, 89.06667, 0.335569, -42.6553, 0.0007395, 44.5726
5345, 89.07500, 0.335557, -42.6623, 0.000739597, 44.5647
5345, 89.08334, 0.335545, -42.6694, 0.000739694, 44.5568
5346, 89.09167, 0.335533, -42.6766, 0.000739792, 44.5488
5346, 89.10000, 0.335522, -42.6837, 0.00073989, 44.5409
5347, 89.10833, 0.335511, -42.6908, 0.00073999, 44.5329
5347, 89.11667, 0.3355, -42.698, 0.000740089, 44.5249
5348, 89.12500, 0.335489, -42.7051, 0.00074019, 44.517
5348, 89.13333, 0.335479, -42.7123, 0.000740291, 44.509
5348, 89.14167, 0.335469, -42.7195, 0.000740392, 44.501
5349, 89.15000, 0.335459, -42.7267, 0.000740494, 44.4929
5350, 89.15833, 0.335449, -42.7339, 0.000740597, 44.4849
5350, 89.16666, 0.33544, -42.7411, 0.0007407, 44.4769
5351, 89.17500, 0.335431, -42.7483, 0.000740804, 44.4688
5351, 89.18333, 0.335422, -42.7556, 0.000740909, 44.4608
5352, 89.19167, 0.335414, -42.7628, 0.000741014, 44.4527
5352, 89.20000, 0.335406, -42.7701, 0.00074112, 44.4446
5353, 89.20834, 0.335398, -42.7773, 0.000741226, 44.4365
5353, 89.21667, 0.33539, -42.7846, 0.000741334, 44.4284
5354, 89.22500, 0.335383, -42.7919, 0.000741441, 44.4203
5354, 89.23333, 0.335376, -42.7992, 0.000741549, 44.4121
5355, 89.24167, 0.335369, -42.8066, 0.000741658, 44.404
5355, 89.25000, 0.335362, -42.8139, 0.000741768, 44.3958
5356, 89.25833, 0.335356, -42.8212, 0.000741878, 44.3876
5356, 89.26667, 0.33535, -42.8286, 0.000741989, 44.3794
5356, 89.27500, 0.335344, -42.836, 0.0007421, 44.3712
5357, 89.28333, 0.335339, -42.8433, 0.000742212, 44.363
5358, 89.29166, 0.335333, -42.8507, 0.000742325, 44.3548
5358, 89.30000, 0.335328, -42.8582, 0.000742438, 44.3466
5359, 89.30833, 0.335324, -42.8656, 0.000742552, 44.3383
5359, 89.31667, 0.335319, -42.873, 0.000742666, 44.3301
5360, 89.32500, 0.335315, -42.8804, 0.000742781, 44.3218
5360, 89.33334, 0.335311, -42.8879, 0.000742897, 44.3135
5361, 89.34167, 0.335307, -42.8954, 0.000743013, 44.3052
5361, 89.35000, 0.335304, -42.9028, 0.00074313, 44.2969
5362, 89.35833, 0.335301, -42.9103, 0.000743247, 44.2886
5362, 89.36667, 0.335298, -42.9178, 0.000743365, 44.2802
5363, 89.37500, 0.335295, -42.9254, 0.000743484, 44.2719
5363, 89.38333, 0.335293, -42.9329, 0.000743603, 44.2635
5364, 89.39167, 0.335291, -42.9404, 0.000743723, 44.2552
5364, 89.40000, 0.335289, -42.948, 0.000743844, 44.2468
5364, 89.40833, 0.335287, -42.9555, 0.000743965, 44.2384
5365, 89.41666, 0.335286, -42.9631, 0.000744087, 44.23
5366, 89.42500, 0.335285, -42.9707, 0.000744209, 44.2215
5366, 89.43333, 0.335284, -42.9783, 0.000744332, 44.2131
5367, 89.44167, 0.335284, -42.9859, 0.000744456, 44.2046
5367, 89.45000, 0.335284, -42.9936, 0.00074458, 44.1962
5368, 89.45834, 0.335284, -43.0012, 0.000744705, 44.1877
5368, 89.46667, 0.335284, -43.0089, 0.00074483, 44.1792
5369, 89.47500, 0.335284, -43.0165, 0.000744956, 44.1707
5369, 89.48333, 0.335285, -43.0242, 0.000745083, 44.1622
5370, 89.49167, 0.335286, -43.0319, 0.00074521, 44.1537
5370, 89.50000, 0.335288, -43.0396, 0.000745338, 44.1451
5371, 89.50833, 0.335289, -43.0473, 0.000745466, 44.1366
5371, 89.51667, 0.335291, -43.055, 0.000745595, 44.128
5372, 89.52500, 0.335293, -43.0628, 0.000745725, 44.1194
5372, 89.53333, 0.335296, -43.0705, 0.000745855, 44.1108
5372, 89.54166, 0.335298, -43.0783, 0.000745986, 44.1022
5373, 89.55000, 0.335301, -43.0861, 0.000746118, 44.0936
5374, 89.55833, 0.335304, -43.0939, 0.00074625, 44.0849
5374, 89.56667, 0.335308, -43.1017, 0.000746383, 44.0763
5375, 89.57500, 0.335311, -43.1095, 0.000746516, 44.0676
5375, 89.58334, 0.335315, -43.1174, 0.00074665, 44.0589
5376, 89.59167, 0.33532, -43.1252, 0.000746785, 44.0503
5376, 89.60000, 0.335324, -43.1331, 0.00074692, 44.0415
5377, 89.60833, 0.335329, -43.141, 0.000747056, 44.0328
5377, 89.61667, 0.335334, -43.1488, 0.000747192, 44.0241
5378, 89.62500, 0.335339, -43.1567, 0.000747329, 44.0154
5378, 89.63333, 0.335345, -43.1647, 0.000747467, 44.0066
5379, 89.64167, 0.33535, -43.1726, 0.000747605, 43.9978
5379, 89.65000, 0.335356, -43.1805, 0.000747744, 43.989
5380, 89.65833, 0.335363, -43.1885, 0.000747883, 43.9802
5380, 89.66666, 0.335369, -43.1965, 0.000748023, 43.9714
5380, 89.67500, 0.335376, -43.2044, 0.000748164, 43.9626
5381, 89.68333, 0.335383, -43.2124, 0.000748305, 43.9538
5382, 89.69167, 0.33539, -43.2205, 0.000748447, 43.9449
5382, 89.70000, 0.335398, -43.2285, 0.00074859, 43.936
5383, 89.70834, 0.335406, -43.2365, 0.000748733, 43.9271
5383, 89.71667, 0.335414, -43.2446, 0.000748877, 43.9182
5384, 89.72500, 0.335422, -43.2526, 0.000749021, 43.9093
5384, 89.73333, 0.335431, -43.2607, 0.000749166, 43.9004
5385, 89.74167, 0.33544, -43.2688, 0.000749312, 43.8915
5385, 89.75000, 0.335449, -43.2769, 0.000749458, 43.8825
5386, 89.75833, 0.335458, -43.285, 0.000749605, 43.8735
5386, 89.76667, 0.335468, -43.2932, 0.000749752, 43.8646
5387, 89.77500, 0.335478, -43.3013, 0.0007499, 43.8556
5387, 89.78333, 0.335488, -43.3095, 0.000750049, 43.8465
5388, 89.79166, 0.335498, -43.3177, 0.000750198, 43.8375
5388, 89.80000, 0.335509, -43.3258, 0.000750348, 43.8285
5388, 89.80833, 0.33552, -43.334, 0.000750498, 43.8194
5389, 89.81667, 0.335531, -43.3423, 0.000750649, 43.8104
5390, 89.82500, 0.335543, -43.3505, 0.000750801, 43.8013
5390, 89.83334, 0.335554, -43.3587, 0.000750953, 43.7922
5391, 89.84167, 0.335566, -43.367, 0.000751106, 43.7831
5391, 89.85000, 0.335578, -43.3753, 0.00075126, 43.7739
5392, 89.85833, 0.335591, -43.3836, 0.000751414, 43.7648
5392, 89.86667, 0.335604, -43.3919, 0.000751569, 43.7556
5393, 89.87500, 0.335617, -43.4002, 0.000751724, 43.7465
5393, 89.88333, 0.33563, -43.4085, 0.00075188, 43.7373
5394, 89.89167, 0.335643, -43.4169, 0.000752037, 43.7281
5394, 89.90000, 0.335657, -43.4252, 0.000752194, 43.7189
5395, 89.90833, 0.335671, -43.4336, 0.000752352, 43.7096
5395, 89.91666, 0.335685, -43.442, 0.00075251, 43.7004
5396, 89.92500, 0.3357, -43.4504, 0.000752669, 43.6911
5396, 89.93333, 0.335715, -43.4588, 0.000752829, 43.6819
5396, 89.94167, 0.33573, -43.4673, 0.000752989, 43.6726
5397, 89.95000, 0.335745, -43.4757, 0.00075315, 43.6633
5398, 89.95834, 0.335761, -43.4842, 0.000753312, 43.6539
5398, 89.96667, 0.335776, -43.4927, 0.000753474, 43.6446
5399, 89.97500, 0.335792, -43.5012, 0.000753637, 43.6353
5399, 89.98333, 0.335809, -43.5097, 0.0007538, 43.6259
5400, 89.99167, 0.335825, -43.5182, 0.000753964, 43.6165
5400, 90.00000, 0.335842, -43.5267, 0.000754129, 43.6071
5401, 90.00833, 0.335859, -43.5353, 0.000754294, 43.5977
5401, 90.01667, 0.335877, -43.5438, 0.00075446, 43.5883
5402, 90.02500, 0.335894, -43.5524, 0.000754626, 43.5788
5402, 90.03333, 0.335912, -43.561, 0.000754793, 43.5694
5403, 90.04166, 0.33593, -43.5696, 0.000754961, 43.5599
5403, 90.05000, 0.335948, -43.5783, 0.000755129, 43.5504
5404, 90.05833, 0.335967, -43.5869, 0.000755298, 43.5409
5404, 90.06667, 0.335986, -43.5956, 0.000755467, 43.5314
5404, 90.07500, 0.336005, -43.6042, 0.000755638, 43.5219
5405, 90.08334, 0.336024, -43.6129, 0.000755808, 43.5123
5406, 90.09167, 0.336044, -43.6216, 0.00075598, 43.5027
5406, 90.10000, 0.336064, -43.6303, 0.000756152, 43.4932
5407, 90.10833, 0.336084, -43.6391, 0.000756324, 43.4836
5407, 90.11667, 0.336104, -43.6478, 0.000756497, 43.474
5408, 90.12500, 0.336125, -43.6566, 0.000756671, 43.4643
5408, 90.13333, 0.336146, -43.6654, 0.000756846, 43.4547
5409, 90.14167, 0.336167, -43.6742, 0.000757021, 43.445
5409, 90.15000, 0.336188, -43.683, 0.000757196, 43.4354
5410, 90.15833, 0.33621, -43.6918, 0.000757373, 43.4257
5410, 90.16666, 0.336232, -43.7006, 0.00075755, 43.416
5411, 90.17500, 0.336254, -43.7095, 0.000757727, 43.4062
5411, 90.18333, 0.336277, -43.7184, 0.000757905, 43.3965
5412, 90.19167, 0.336299, -43.7273, 0.000758084, 43.3867
5412, 90.20000, 0.336322, -43.7362, 0.000758263, 43.377
5412, 90.20834, 0.336345, -43.7451, 0.000758443, 43.3672
5413, 90.21667, 0.336369, -43.754, 0.000758624, 43.3574
5414, 90.22500, 0.336392, -43.763, 0.000758805, 43.3476
5414, 90.23333, 0.336416, -43.7719, 0.000758987, 43.3377
5415, 90.24167, 0.336441, -43.7809, 0.000759169, 43.3279
5415, 90.25000, 0.336465, -43.7899, 0.000759353, 43.318
5416, 90.25833, 0.33649, -43.7989, 0.000759536, 43.3081
5416, 90.26667, 0.336515, -43.808, 0.000759721, 43.2982
5417, 90.27500, 0.33654, -43.817, 0.000759905, 43.2883
5417, 90.28333, 0.336565, -43.8261, 0.000760091, 43.2784
5418, 90.29166, 0.336591, -43.8351, 0.000760277, 43.2685
5418, 90.30000, 0.336617, -43.8442, 0.000760464, 43.2585
5419, 90.30833, 0.336643, -43.8533, 0.000760651, 43.2485
5419, 90.31667, 0.33667, -43.8625, 0.000760839, 43.2385
5420, 90.32500, 0.336696, -43.8716, 0.000761028, 43.2285
5420, 90.33334, 0.336723, -43.8808, 0.000761217, 43.2185
5420, 90.34167, 0.33675, -43.8899, 0.000761407, 43.2084
5421, 90.35000, 0.336778, -43.8991, 0.000761598, 43.1984
5422, 90.35833, 0.336806, -43.9083, 0.000761789, 43.1883
5422, 90.36667, 0.336834, -43.9176, 0.000761981, 43.1782
5423, 90.37500, 0.336862, -43.9268, 0.000762173, 43.1681
5423, 90.38333, 0.33689, -43.9361, 0.000762366, 43.158
5424, 90.39167, 0.336919, -43.9453, 0.00076256, 43.1478
5424, 90.40000, 0.336948, -43.9546, 0.000762754, 43.1376
5425, 90.40833, 0.336977, -43.9639, 0.000762949, 43.1275
5425, 90.41666, 0.337007, -43.9732, 0.000763144, 43.1173
5426, 90.42500, 0.337037, -43.9826, 0.000763341, 43.1071
5426, 90.43333, 0.337067, -43.9919, 0.000763537, 43.0968
5427, 90.44167, 0.337097, -44.0013, 0.000763735, 43.0866
5427, 90.45000, 0.337127, -44.0107, 0.000763933, 43.0763
5428, 90.45834, 0.337158, -44.0201, 0.000764131, 43.066
5428, 90.46667, 0.337189, -44.0295, 0.000764331, 43.0557
5428, 90.47500, 0.33722, -44.039, 0.00076453, 43.0454
5429, 90.48333, 0.337252, -44.0484, 0.000764731, 43.0351
5430, 90.49167, 0.337284, -44.0579, 0.000764932, 43.0248
5430, 90.50000, 0.337316, -44.0674, 0.000765134, 43.0144
5431, 90.50833, 0.337348, -44.0769, 0.000765336, 43.004
5431, 90.51667, 0.33738, -44.0864, 0.000765539, 42.9936
5432, 90.52500, 0.337413, -44.0959, 0.000765743, 42.9832
5432, 90.53333, 0.337446, -44.1055, 0.000765947, 42.9728
5433, 90.54166, 0.337479, -44.1151, 0.000766152, 42.9623
5433, 90.55000, 0.337513, -44.1246, 0.000766357, 42.9518
5434, 90.55833, 0.337547, -44.1343, 0.000766564, 42.9413
5434, 90.56667, 0.337581, -44.1439, 0.00076677, 42.9308
5435, 90.57500, 0.337615, -44.1535, 0.000766978, 42.9203
5435, 90.58334, 0.337649, -44.1632, 0.000767186, 42.9098
5436, 90.59167, 0.337684, -44.1728, 0.000767394, 42.8992
5436, 90.60000, 0.337719, -44.1825, 0.000767604, 42.8887
5436, 90.60833, 0.337755, -44.1922, 0.000767814, 42.8781
5437, 90.61667, 0.33779, -44.202, 0.000768024, 42.8675
5438, 90.62500, 0.337826, -44.2117, 0.000768235, 42.8568
5438, 90.63333, 0.337862, -44.2215, 0.000768447, 42.8462
5439, 90.64167, 0.337898, -44.2313, 0.00076866, 42.8355
5439, 90.65000, 0.337935, -44.2411, 0.000768873, 42.8248
5440, 90.65833, 0.337972, -44.2509, 0.000769086, 42.8141
5440, 90.66666, 0.338009, -44.2607, 0.000769301, 42.8034
5441, 90.67500, 0.338046, -44.2705, 0.000769516, 42.7927
5441, 90.68333, 0.338083, -44.2804, 0.000769731, 42.7819
5441, 90.69167, 0.338121, -44.2903, 0.000769947, 42.7712
5442, 90.70000, 0.338159, -44.3002, 0.000770164, 42.7604
5443, 90.70834, 0.338198, -44.3101, 0.000770382, 42.7496
5443, 90.71667, 0.338236, -44.32, 0.0007706, 42.7388
5444, 90.72500, 0.338275, -44.33, 0.000770819, 42.7279
5444, 90.73333, 0.338314, -44.34, 0.000771038, 42.7171
5444, 90.74167, 0.338353, -44.35, 0.000771258, 42.7062
5445, 90.75000, 0.338393, -44.36, 0.000771479, 42.6953
5446, 90.75833, 0.338433, -44.37, 0.0007717, 42.6844
5446, 90.76667, 0.338473, -44.38, 0.000771922, 42.6734
5447, 90.77500, 0.338513, -44.3901, 0.000772144, 42.6625
5447, 90.78333, 0.338554, -44.4002, 0.000772367, 42.6515
5448, 90.79166, 0.338594, -44.4103, 0.000772591, 42.6405
5448, 90.80000, 0.338635, -44.4204, 0.000772816, 42.6295
5449, 90.80833, 0.338677, -44.4305, 0.000773041, 42.6185
5449, 90.81667, 0.338718, -44.4407, 0.000773267, 42.6075
5449, 90.82500, 0.33876, -44.4508, 0.000773493, 42.5964
5450, 90.83334, 0.338802, -44.461, 0.00077372, 42.5853
5451, 90.84167, 0.338845, -44.4712, 0.000773948, 42.5742
5451, 90.85000, 0.338887, -44.4814, 0.000774176, 42.5631
5452, 90.85833, 0.33893, -44.4917, 0.000774405, 42.552
5452, 90.86667, 0.338973, -44.5019, 0.000774634, 42.5408
5453, 90.87500, 0.339016, -44.5122, 0.000774865, 42.5297
5453, 90.88333, 0.33906, -44.5225, 0.000775095, 42.5185
5454, 90.89167, 0.339104, -44.5328, 0.000775327, 42.5073
5454, 90.90000, 0.339148, -44.5432, 0.000775559, 42.496
5455, 90.90833, 0.339192, -44.5535, 0.000775792, 42.4848
5455, 90.91666, 0.339237, -44.5639, 0.000776025, 42.4735
5456, 90.92500, 0.339282, -44.5743, 0.000776259, 42.4622
5456, 90.93333, 0.339327, -44.5847, 0.000776494, 42.4509
5457, 90.94167, 0.339372, -44.5951, 0.000776729, 42.4396
5457, 90.95000, 0.339418, -44.6056, 0.000776965, 42.4283
5457, 90.95834, 0.339463, -44.616, 0.000777202, 42.4169
5458, 90.96667, 0.33951, -44.6265, 0.000777439, 42.4055
5459, 90.97500, 0.339556, -44.637, 0.000777677, 42.3941
5459, 90.98333, 0.339602, -44.6475, 0.000777915, 42.3827
5460, 90.99167, 0.339649, -44.6581, 0.000778155, 42.3713
5460, 91.00000, 0.339696, -44.6686, 0.000778394, 42.3598
5461, 91.00833, 0.339744, -44.6792, 0.000778635, 42.3483
5461, 91.01667, 0.339791, -44.6898, 0.000778876, 42.3368
5462, 91.02500, 0.339839, -44.7004, 0.000779118, 42.3253
5462, 91.03333, 0.339887, -44.711, 0.00077936, 42.3138
5463, 91.04166, 0.339936, -44.7217, 0.000779603, 42.3022
5463, 91.05000, 0.339984, -44.7324, 0.000779847, 42.2907
5464, 91.05833, 0.340033, -44.743, 0.000780091, 42.2791
5464, 91.06667, 0.340082, -44.7538, 0.000780336, 42.2675
5465, 91.07500, 0.340132, -44.7645, 0.000780582, 42.2558
5465, 91.08334, 0.340181, -44.7752, 0.000780828, 42.2442
5465, 91.09167, 0.340231, -44.786, 0.000781075, 42.2325
5466, 91.10000, 0.340281, -44.7968, 0.000781323, 42.2208
5467, 91.10833, 0.340332, -44.8076, 0.000781571, 42.2091
5467, 91.11667, 0.340382, -44.8184, 0.00078182, 42.1974
5468, 91.12500, 0.340433, -44.8293, 0.000782069, 42.1856
5468, 91.13333, 0.340484, -44.8401, 0.000782319, 42.1739
5469, 91.14167, 0.340536, -44.851, 0.00078257, 42.1621
5469, 91.15000, 0.340587, -44.8619, 0.000782822, 42.1503
5470, 91.15833, 0.340639, -44.8728, 0.000783074, 42.1385
5470, 91.16666, 0.340691, -44.8838, 0.000783327, 42.1266
5471, 91.17500, 0.340744, -44.8947, 0.00078358, 42.1147
5471, 91.18333, 0.340796, -44.9057, 0.000783834, 42.1029
5472, 91.19167, 0.340849, -44.9167, 0.000784089, 42.091
5472, 91.20000, 0.340902, -44.9277, 0.000784344, 42.079
5473, 91.20834, 0.340956, -44.9388, 0.000784601, 42.0671
5473, 91.21667, 0.34101, -44.9498, 0.000784857, 42.0551
5473, 91.22500, 0.341063, -44.9609, 0.000785115, 42.0431
5474, 91.23333, 0.341118, -44.972, 0.000785373, 42.0311
5475, 91.24167, 0.341172, -44.9831, 0.000785631, 42.0191
5475, 91.25000, 0.341227, -44.9943, 0.000785891, 42.007
5476, 91.25833, 0.341282, -45.0054, 0.000786151, 41.995
5476, 91.26667, 0.341337, -45.0166, 0.000786411, 41.9829
5477, 91.27500, 0.341392, -45.0278, 0.000786673, 41.9708
5477, 91.28333, 0.341448, -45.039, 0.000786935, 41.9586
5478, 91.29166, 0.341504, -45.0502, 0.000787197, 41.9465
5478, 91.30000, 0.34156, -45.0615, 0.00078746, 41.9343
5479, 91.30833, 0.341617, -45.0728, 0.000787724, 41.9221
5479, 91.31667, 0.341673, -45.0841, 0.000787989, 41.9099
5480, 91.32500, 0.34173, -45.0954, 0.000788254, 41.8977
5480, 91.33334, 0.341787, -45.1067, 0.00078852, 41.8854
5481, 91.34167, 0.341845, -45.1181, 0.000788787, 41.8732
5481, 91.35000, 0.341903, -45.1295, 0.000789054, 41.8609
5481, 91.35833, 0.34196, -45.1409, 0.000789322, 41.8486
5482, 91.36667, 0.342019, -45.1523, 0.000789591, 41.8362
5483, 91.37500, 0.342077, -45.1637, 0.00078986, 41.8239
5483, 91.38333, 0.342136, -45.1752, 0.00079013, 41.8115
5484, 91.39167, 0.342195, -45.1867, 0.0007904, 41.7991
5484, 91.40000, 0.342254, -45.1982, 0.000790672, 41.7867
5485, 91.40833, 0.342314, -45.2097, 0.000790943, 41.7742
5485, 91.41666, 0.342373, -45.2213, 0.000791216, 41.7618
5486, 91.42500, 0.342433, -45.2328, 0.000791489, 41.7493
5486, 91.43333, 0.342494, -45.2444, 0.000791763, 41.7368
5487, 91.44167, 0.342554, -45.256, 0.000792038, 41.7243
5487, 91.45000, 0.342615, -45.2676, 0.000792313, 41.7117
5488, 91.45834, 0.342676, -45.2793, 0.000792589, 41.6991
5488, 91.46667, 0.342737, -45.291, 0.000792865, 41.6866
5489, 91.47500, 0.342799, -45.3026, 0.000793143, 41.674
5489, 91.48333, 0.34286, -45.3144, 0.000793421, 41.6613
5489, 91.49167, 0.342922, -45.3261, 0.000793699, 41.6487
5490, 91.50000, 0.342985, -45.3378, 0.000793978, 41.636
5491, 91.50833, 0.343047, -45.3496, 0.000794258, 41.6233
5491, 91.51667, 0.34311, -45.3614, 0.000794539, 41.6106
5492, 91.52500, 0.343173, -45.3732, 0.00079482, 41.5979
5492, 91.53333, 0.343236, -45.3851, 0.000795102, 41.5851
5493, 91.54166, 0.3433, -45.3969, 0.000795385, 41.5723
5493, 91.55000, 0.343364, -45.4088, 0.000795668, 41.5595
5494, 91.55833, 0.343428, -45.4207, 0.000795952, 41.5467
5494, 91.56667, 0.343492, -45.4326, 0.000796237, 41.5338
5495, 91.57500, 0.343557, -45.4446, 0.000796522, 41.521
5495, 91.58334, 0.343622, -45.4565, 0.000796808, 41.5081
5496, 91.59167, 0.343687, -45.4685, 0.000797095, 41.4952
5496, 91.60000, 0.343752, -45.4805, 0.000797382, 41.4822
5497, 91.60833, 0.343818, -45.4925, 0.00079767, 41.4693
5497, 91.61667, 0.343883, -45.5046, 0.000797959, 41.4563
5497, 91.62500, 0.34395, -45.5167, 0.000798248, 41.4433
5498, 91.63333, 0.344016, -45.5288, 0.000798538, 41.4303
5499, 91.64167, 0.344083, -45.5409, 0.000798829, 41.4173
5499, 91.65000, 0.344149, -45.553, 0.00079912, 41.4042
5500, 91.65833, 0.344217, -45.5652, 0.000799412, 41.3911
5500, 91.66666, 0.344284, -45.5774, 0.000799705, 41.378
5501, 91.67500, 0.344352, -45.5896, 0.000799999, 41.3649
5501, 91.68333, 0.34442, -45.6018, 0.000800293, 41.3517
5502, 91.69167, 0.344488, -45.614, 0.000800588, 41.3385
5502, 91.70000, 0.344556, -45.6263, 0.000800883, 41.3253
5503, 91.70834, 0.344625, -45.6386, 0.000801179, 41.3121
5503, 91.71667, 0.344694, -45.6509, 0.000801476, 41.2989
5504, 91.72500, 0.344763, -45.6632, 0.000801774, 41.2856
5504, 91.73333, 0.344832, -45.6756, 0.000802072, 41.2723
5505, 91.74167, 0.344902, -45.688, 0.000802371, 41.259
5505, 91.75000, 0.344972, -45.7004, 0.00080267, 41.2457
5505, 91.75833, 0.345042, -45.7128, 0.000802971, 41.2323
5506, 91.76667, 0.345113, -45.7252, 0.000803272, 41.219
5507, 91.77500, 0.345183, -45.7377, 0.000803573, 41.2056
5507, 91.78333, 0.345254, -45.7502, 0.000803876, 41.1921
5508, 91.79166, 0.345326, -45.7627, 0.000804179, 41.1787
5508, 91.80000, 0.345397, -45.7752, 0.000804483, 41.1652
5509, 91.80833, 0.345469, -45.7878, 0.000804787, 41.1517
5509, 91.81667, 0.345541, -45.8004, 0.000805092, 41.1382
5510, 91.82500, 0.345613, -45.813, 0.000805398, 41.1247
5510, 91.83334, 0.345686, -45.8256, 0.000805705, 41.1111
5511, 91.84167, 0.345759, -45.8382, 0.000806012, 41.0975
5511, 91.85000, 0.345832, -45.8509, 0.00080632, 41.0839
5512, 91.85833, 0.345905, -45.8636, 0.000806628, 41.0703
5512, 91.86667, 0.345979, -45.8763, 0.000806938, 41.0567
5513, 91.87500, 0.346052, -45.889, 0.000807247, 41.043
5513, 91.88333, 0.346126, -45.9018, 0.000807558, 41.0293
5513, 91.89167, 0.346201, -45.9146, 0.00080787, 41.0156
5514, 91.90000, 0.346275, -45.9274, 0.000808182, 41.0018
5515, 91.90833, 0.34635, -45.9402, 0.000808494, 40.9881
5515, 91.91666, 0.346425, -45.9531, 0.000808808, 40.9743
5516, 91.92500, 0.346501, -45.9659, 0.000809122, 40.9604
5516, 91.93333, 0.346576, -45.9788, 0.000809437, 40.9466
5517, 91.94167, 0.346652, -45.9918, 0.000809752, 40.9328
5517, 91.95000, 0.346729, -46.0047, 0.000810069, 40.9189
5518, 91.95834, 0.346805, -46.0177, 0.000810386, 40.905
5518, 91.96667, 0.346882, -46.0307, 0.000810703, 40.891
5519, 91.97500, 0.346959, -46.0437, 0.000811022, 40.8771
5519, 91.98333, 0.347036, -46.0567, 0.000811341, 40.8631
5520, 91.99167, 0.347113, -46.0698, 0.000811661, 40.8491
5520, 92.00000, 0.347191, -46.0828, 0.000811981, 40.8351
5521, 92.00833, 0.347269, -46.096, 0.000812302, 40.821
5521, 92.01667, 0.347347, -46.1091, 0.000812624, 40.8069
5521, 92.02500, 0.347426, -46.1222, 0.000812947, 40.7928
5522, 92.03333, 0.347504, -46.1354, 0.00081327, 40.7787
5523, 92.04166, 0.347583, -46.1486, 0.000813594, 40.7646
5523, 92.05000, 0.347663, -46.1618, 0.000813919, 40.7504
5524, 92.05833, 0.347742, -46.1751, 0.000814244, 40.7362
5524, 92.06667, 0.347822, -46.1884, 0.00081457, 40.722
5525, 92.07500, 0.347902, -46.2016, 0.000814897, 40.7078
5525, 92.08334, 0.347982, -46.215, 0.000815225, 40.6935
5526, 92.09167, 0.348063, -46.2283, 0.000815553, 40.6792
5526, 92.10000, 0.348144, -46.2417, 0.000815882, 40.6649
5527, 92.10833, 0.348225, -46.2551, 0.000816212, 40.6506
5527, 92.11667, 0.348306, -46.2685, 0.000816542, 40.6362
5528, 92.12500, 0.348388, -46.2819, 0.000816873, 40.6218
5528, 92.13333, 0.34847, -46.2954, 0.000817205, 40.6074
5529, 92.14167, 0.348552, -46.3089, 0.000817538, 40.593
5529, 92.15000, 0.348635, -46.3224, 0.000817871, 40.5785
5529, 92.15833, 0.348717, -46.3359, 0.000818205, 40.564
5530, 92.16666, 0.3488, -46.3495, 0.00081854, 40.5495
5531, 92.17500, 0.348883, -46.363, 0.000818875, 40.535
5531, 92.18333, 0.348967, -46.3767, 0.000819211, 40.5204
5532, 92.19167, 0.349051, -46.3903, 0.000819548, 40.5058
5532, 92.20000, 0.349135, -46.4039, 0.000819886, 40.4912
5533, 92.20834, 0.349219, -46.4176, 0.000820224, 40.4766
5533, 92.21667, 0.349303, -46.4313, 0.000820563, 40.4619
5534, 92.22500, 0.349388, -46.4451, 0.000820903, 40.4473
5534, 92.23333, 0.349473, -46.4588, 0.000821243, 40.4325
5535, 92.24167, 0.349559, -46.4726, 0.000821584, 40.4178
5535, 92.25000, 0.349644, -46.4864, 0.000821926, 40.4031
5536, 92.25833, 0.34973, -46.5002, 0.000822269, 40.3883
5536, 92.26667, 0.349816, -46.5141, 0.000822612, 40.3735
5537, 92.27500, 0.349903, -46.5279, 0.000822956, 40.3586
5537, 92.28333, 0.349989, -46.5418, 0.000823301, 40.3438
5537, 92.29166, 0.350076, -46.5558, 0.000823647, 40.3289
5538, 92.30000, 0.350163, -46.5697, 0.000823993, 40.314
5539, 92.30833, 0.350251, -46.5837, 0.00082434, 40.2991
5539, 92.31667, 0.350338, -46.5977, 0.000824688, 40.2841
5540, 92.32500, 0.350426, -46.6117, 0.000825036, 40.2691
5540, 92.33334, 0.350515, -46.6258, 0.000825385, 40.2541
5541, 92.34167, 0.350603, -46.6399, 0.000825735, 40.2391
5541, 92.35000, 0.350692, -46.654, 0.000826086, 40.224
5542, 92.35833, 0.350781, -46.6681, 0.000826437, 40.2089
5542, 92.36667, 0.35087, -46.6822, 0.000826789, 40.1938
5543, 92.37500, 0.35096, -46.6964, 0.000827142, 40.1787
5543, 92.38333, 0.35105, -46.7106, 0.000827496, 40.1635
5544, 92.39167, 0.35114, -46.7248, 0.00082785, 40.1483
5544, 92.40000, 0.35123, -46.7391, 0.000828205, 40.1331
5545, 92.40833, 0.351321, -46.7534, 0.000828561, 40.1179
5545, 92.41666, 0.351412, -46.7677, 0.000828917, 40.1026
5545, 92.42500, 0.351503, -46.782, 0.000829275, 40.0873
5546, 92.43333, 0.351594, -46.7964, 0.000829633, 40.072
5547, 92.44167, 0.351686, -46.8107, 0.000829992, 40.0566
5547, 92.45000, 0.351778, -46.8251, 0.000830351, 40.0413
5548, 92.45834, 0.35187, -46.8396, 0.000830711, 40.0259
5548, 92.46667, 0.351963, -46.854, 0.000831072, 40.0105
5549, 92.47500, 0.352055, -46.8685, 0.000831434, 39.995
5549, 92.48333, 0.352148, -46.883, 0.000831796, 39.9795
5550, 92.49167, 0.352242, -46.8976, 0.00083216, 39.964
5550, 92.50000, 0.352335, -46.9121, 0.000832524, 39.9485
5551, 92.50833, 0.352429, -46.9267, 0.000832888, 39.933
5551, 92.51667, 0.352523, -46.9413, 0.000833254, 39.9174
5552, 92.52500, 0.352618, -46.956, 0.00083362, 39.9018
5552, 92.53333, 0.352712, -46.9706, 0.000833987, 39.8861
5553, 92.54166, 0.352807, -46.9853, 0.000834354, 39.8705
5553, 92.55000, 0.352902, -47, 0.000834723, 39.8548
5553, 92.55833, 0.352998, -47.0148, 0.000835092, 39.8391
5554, 92.56667, 0.353094, -47.0295, 0.000835462, 39.8233
5555, 92.57500, 0.35319, -47.0443, 0.000835833, 39.8076
5555, 92.58334, 0.353286, -47.0592, 0.000836204, 39.7918
5556, 92.59167, 0.353382, -47.074, 0.000836576, 39.776
5556, 92.60000, 0.353479, -47.0889, 0.000836949, 39.7601
5557, 92.60833, 0.353576, -47.1038, 0.000837323, 39.7442
5557, 92.61667, 0.353674, -47.1187, 0.000837697, 39.7283
5558, 92.62500, 0.353771, -47.1337, 0.000838073, 39.7124
5558, 92.63333, 0.353869, -47.1487, 0.000838449, 39.6965
5559, 92.64167, 0.353967, -47.1637, 0.000838825, 39.6805
5559, 92.65000, 0.354066, -47.1787, 0.000839203, 39.6645
5560, 92.65833, 0.354164, -47.1938, 0.000839581, 39.6484
5560, 92.66666, 0.354263, -47.2089, 0.00083996, 39.6324
5561, 92.67500, 0.354363, -47.224, 0.00084034, 39.6163
5561, 92.68333, 0.354462, -47.2391, 0.00084072, 39.6002
5561, 92.69167, 0.354562, -47.2543, 0.000841102, 39.584
5562, 92.70000, 0.354662, -47.2695, 0.000841484, 39.5679
5563, 92.70834, 0.354762, -47.2847, 0.000841867, 39.5517
5563, 92.71667, 0.354863, -47.3, 0.00084225, 39.5354
5564, 92.72500, 0.354964, -47.3152, 0.000842634, 39.5192
5564, 92.73333, 0.355065, -47.3305, 0.00084302, 39.5029
5565, 92.74167, 0.355167, -47.3459, 0.000843405, 39.4866
5565, 92.75000, 0.355268, -47.3612, 0.000843792, 39.4702
5566, 92.75833, 0.35537, -47.3766, 0.00084418, 39.4539
5566, 92.76667, 0.355472, -47.392, 0.000844568, 39.4375
5566, 92.77500, 0.355575, -47.4075, 0.000844957, 39.4211
5567, 92.78333, 0.355678, -47.4229, 0.000845346, 39.4046
5568, 92.79166, 0.355781, -47.4384, 0.000845737, 39.3881
5568, 92.80000, 0.355884, -47.454, 0.000846128, 39.3716
5569, 92.80833, 0.355988, -47.4695, 0.00084652, 39.3551
5569, 92.81667, 0.356092, -47.4851, 0.000846913, 39.3385
5569, 92.82500, 0.356196, -47.5007, 0.000847307, 39.3219
5570, 92.83334, 0.3563, -47.5163, 0.000847701, 39.3053
5571, 92.84167, 0.356405, -47.532, 0.000848096, 39.2887
5571, 92.85000, 0.35651, -47.5477, 0.000848492, 39.272
5572, 92.85833, 0.356615, -47.5634, 0.000848889, 39.2553
5572, 92.86667, 0.356721, -47.5792, 0.000849286, 39.2386
5573, 92.87500, 0.356827, -47.5949, 0.000849685, 39.2218
5573, 92.88333, 0.356933, -47.6107, 0.000850084, 39.205
5574, 92.89167, 0.357039, -47.6266, 0.000850483, 39.1882
5574, 92.90000, 0.357146, -47.6424, 0.000850884, 39.1714
5574, 92.90833, 0.357253, -47.6583, 0.000851285, 39.1545
5575, 92.91666, 0.35736, -47.6742, 0.000851688, 39.1376
5576, 92.92500, 0.357467, -47.6902, 0.000852091, 39.1207
5576, 92.93333, 0.357575, -47.7062, 0.000852494, 39.1037
5577, 92.94167, 0.357683, -47.7222, 0.000852899, 39.0867
5577, 92.95000, 0.357792, -47.7382, 0.000853304, 39.0697
5578, 92.95834, 0.3579, -47.7542, 0.00085371, 39.0526
5578, 92.96667, 0.358009, -47.7703, 0.000854117, 39.0356
5579, 92.97500, 0.358118, -47.7865, 0.000854525, 39.0185
5579, 92.98333, 0.358228, -47.8026, 0.000854933, 39.0013
5580, 92.99167, 0.358337, -47.8188, 0.000855343, 38.9842
5580, 93.00000, 0.358447, -47.835, 0.000855753, 38.967
5581, 93.00833, 0.358558, -47.8512, 0.000856164, 38.9498
5581, 93.01667, 0.358668, -47.8675, 0.000856575, 38.9325
5582, 93.02500, 0.358779, -47.8838, 0.000856988, 38.9152
5582, 93.03333, 0.35889, -47.9001, 0.000857401, 38.8979
5582, 93.04166, 0.359001, -47.9164, 0.000857815, 38.8806
5583, 93.05000, 0.359113, -47.9328, 0.00085823, 38.8632
5584, 93.05833, 0.359225, -47.9492, 0.000858646, 38.8458
5584, 93.06667, 0.359337, -47.9656, 0.000859062, 38.8284
5585, 93.07500, 0.35945, -47.9821, 0.000859479, 38.8109
5585, 93.08334, 0.359563, -47.9986, 0.000859897, 38.7934
5586, 93.09167, 0.359676, -48.0151, 0.000860316, 38.7759
5586, 93.10000, 0.359789, -48.0317, 0.000860736, 38.7584
5587, 93.10833, 0.359903, -48.0482, 0.000861156, 38.7408
5587, 93.11667, 0.360017, -48.0649, 0.000861578, 38.7232
5588, 93.12500, 0.360131, -48.0815, 0.000862, 38.7056
5588, 93.13333, 0.360245, -48.0982, 0.000862422, 38.6879
5589, 93.14167, 0.36036, -48.1149, 0.000862846, 38.6702
5589, 93.15000, 0.360475, -48.1316, 0.000863271, 38.6525
5590, 93.15833, 0.36059, -48.1483, 0.000863696, 38.6347
5590, 93.16666, 0.360706, -48.1651, 0.000864122, 38.6169
5590, 93.17500, 0.360822, -48.182, 0.000864549, 38.5991
5591, 93.18333, 0.360938, -48.1988, 0.000864977, 38.5813
5592, 93.19167, 0.361054, -48.2157, 0.000865405, 38.5634
5592, 93.20000, 0.361171, -48.2326, 0.000865835, 38.5455
5593, 93.20834, 0.361288, -48.2495, 0.000866265, 38.5275
5593, 93.21667, 0.361406, -48.2665, 0.000866696, 38.5096
5594, 93.22500, 0.361523, -48.2835, 0.000867128, 38.4916
5594, 93.23333, 0.361641, -48.3005, 0.00086756, 38.4735
5595, 93.24167, 0.361759, -48.3176, 0.000867994, 38.4555
5595, 93.25000, 0.361878, -48.3347, 0.000868428, 38.4374
5596, 93.25833, 0.361996, -48.3518, 0.000868863, 38.4193
5596, 93.26667, 0.362115, -48.3689, 0.000869299, 38.4011
5597, 93.27500, 0.362235, -48.3861, 0.000869736, 38.3829
5597, 93.28333, 0.362354, -48.4033, 0.000870173, 38.3647
5598, 93.29166, 0.362474, -48.4206, 0.000870612, 38.3465
5598, 93.30000, 0.362594, -48.4379, 0.000871051, 38.3282
5598, 93.30833, 0.362715, -48.4552, 0.000871491, 38.3099
5599, 93.31667, 0.362835, -48.4725, 0.000871932, 38.2915
5600, 93.32500, 0.362956, -48.4899, 0.000872373, 38.2732
5600, 93.33334, 0.363078, -48.5072, 0.000872816, 38.2548
5601, 93.34167, 0.363199, -48.5247, 0.000873259, 38.2363
5601, 93.35000, 0.363321, -48.5421, 0.000873703, 38.2179
5602, 93.35833, 0.363443, -48.5596, 0.000874148, 38.1994
5602, 93.36667, 0.363566, -48.5771, 0.000874594, 38.1809
5603, 93.37500, 0.363689, -48.5947, 0.000875041, 38.1623
5603, 93.38333, 0.363812, -48.6123, 0.000875488, 38.1437
5604, 93.39167, 0.363935, -48.6299, 0.000875937, 38.1251
5604, 93.40000, 0.364059, -48.6475, 0.000876386, 38.1064
5605, 93.40833, 0.364182, -48.6652, 0.000876836, 38.0877
5605, 93.41666, 0.364307, -48.6829, 0.000877287, 38.069
5606, 93.42500, 0.364431, -48.7007, 0.000877738, 38.0503
5606, 93.43333, 0.364556, -48.7184, 0.000878191, 38.0315
5606, 93.44167, 0.364681, -48.7362, 0.000878644, 38.0127
5607, 93.45000, 0.364806, -48.7541, 0.000879098, 37.9938
5608, 93.45834, 0.364932, -48.7719, 0.000879553, 37.975
5608, 93.46667, 0.365058, -48.7898, 0.000880009, 37.956
5609, 93.47500, 0.365184, -48.8078, 0.000880466, 37.9371
5609, 93.48333, 0.365311, -48.8257, 0.000880924, 37.9181
5610, 93.49167, 0.365437, -48.8437, 0.000881382, 37.8991
5610, 93.50000, 0.365564, -48.8617, 0.000881841, 37.8801
5611, 93.50833, 0.365692, -48.8798, 0.000882301, 37.861
5611, 93.51667, 0.36582, -48.8979, 0.000882762, 37.8419
5612, 93.52500, 0.365947, -48.916, 0.000883224, 37.8228
5612, 93.53333, 0.366076, -48.9342, 0.000883687, 37.8036
5613, 93.54166, 0.366204, -48.9523, 0.00088415, 37.7844
5613, 93.55000, 0.366333, -48.9706, 0.000884615, 37.7652
5614, 93.55833, 0.366462, -48.9888, 0.00088508, 37.7459
5614, 93.56667, 0.366592, -49.0071, 0.000885546, 37.7266
5614, 93.57500, 0.366721, -49.0254, 0.000886013, 37.7073
5615, 93.58334, 0.366851, -49.0438, 0.000886481, 37.6879
5616, 93.59167, 0.366982, -49.0621, 0.00088695, 37.6685
5616, 93.60000, 0.367112, -49.0805, 0.000887419, 37.6491
5617, 93.60833, 0.367243, -49.099, 0.000887889, 37.6296
5617, 93.61667, 0.367374, -49.1175, 0.000888361, 37.6101
5618, 93.62500, 0.367506, -49.136, 0.000888833, 37.5906
5618, 93.63333, 0.367638, -49.1545, 0.000889306, 37.571
5619, 93.64167, 0.36777, -49.1731, 0.00088978, 37.5514
5619, 93.65000, 0.367902, -49.1917, 0.000890254, 37.5318
5620, 93.65833, 0.368035, -49.2104, 0.00089073, 37.5121
5620, 93.66666, 0.368168, -49.229, 0.000891206, 37.4924
5621, 93.67500, 0.368301, -49.2477, 0.000891684, 37.4727
5621, 93.68333, 0.368435, -49.2665, 0.000892162, 37.4529
5622, 93.69167, 0.368568, -49.2853, 0.000892641, 37.4331
5622, 93.70000, 0.368703, -49.3041, 0.000893121, 37.4133
5622, 93.70834, 0.368837, -49.3229, 0.000893601, 37.3934
5623, 93.71667, 0.368972, -49.3418, 0.000894083, 37.3735
5624, 93.72500, 0.369107, -49.3607, 0.000894566, 37.3536
5624, 93.73333, 0.369242, -49.3797, 0.000895049, 37.3336
5625, 93.74167, 0.369378, -49.3986, 0.000895533, 37.3136
5625, 93.75000, 0.369514, -49.4176, 0.000896018, 37.2936
5626, 93.75833, 0.36965, -49.4367, 0.000896504, 37.2735
5626, 93.76667, 0.369787, -49.4558, 0.000896991, 37.2534
5627, 93.77500, 0.369923, -49.4749, 0.000897479, 37.2332
5627, 93.78333, 0.37006, -49.494, 0.000897968, 37.2131
5628, 93.79166, 0.370198, -49.5132, 0.000898457, 37.1928
5628, 93.80000, 0.370336, -49.5324, 0.000898948, 37.1726
5629, 93.80833, 0.370474, -49.5517, 0.000899439, 37.1523
5629, 93.81667, 0.370612, -49.5709, 0.000899931, 37.132
5630, 93.82500, 0.370751, -49.5903, 0.000900424, 37.1117
5630, 93.83334, 0.37089, -49.6096, 0.000900918, 37.0913
5630, 93.84167, 0.371029, -49.629, 0.000901413, 37.0709
5631, 93.85000, 0.371168, -49.6484, 0.000901909, 37.0504
5632, 93.85833, 0.371308, -49.6679, 0.000902406, 37.0299
5632, 93.86667, 0.371448, -49.6874, 0.000902903, 37.0094
5633, 93.87500, 0.371589, -49.7069, 0.000903401, 36.9888
5633, 93.88333, 0.371729, -49.7264, 0.000903901, 36.9683
5634, 93.89167, 0.371871, -49.746, 0.000904401, 36.9476
5634, 93.90000, 0.372012, -49.7657, 0.000904902, 36.927
5635, 93.90833, 0.372154, -49.7853, 0.000905404, 36.9063
5635, 93.91666, 0.372295, -49.805, 0.000905907, 36.8855
5636, 93.92500, 0.372438, -49.8248, 0.000906411, 36.8648
5636, 93.93333, 0.37258, -49.8445, 0.000906916, 36.844
5637, 93.94167, 0.372723, -49.8643, 0.000907421, 36.8231
5637, 93.95000, 0.372866, -49.8842, 0.000907928, 36.8022
5638, 93.95834, 0.37301, -49.904, 0.000908435, 36.7813
5638, 93.96667, 0.373154, -49.924, 0.000908943, 36.7604
5638, 93.97500, 0.373298, -49.9439, 0.000909453, 36.7394
5639, 93.98333, 0.373442, -49.9639, 0.000909963, 36.7184
5640, 93.99167, 0.373587, -49.9839, 0.000910474, 36.6973
5640, 94.00000, 0.373732, -50.004, 0.000910986, 36.6762
5641, 94.00833, 0.373877, -50.024, 0.000911499, 36.6551
5641, 94.01667, 0.374023, -50.0442, 0.000912012, 36.6339
5642, 94.02500, 0.374169, -50.0643, 0.000912527, 36.6127
5642, 94.03333, 0.374315, -50.0845, 0.000913043, 36.5915
5643, 94.04166, 0.374461, -50.1047, 0.000913559, 36.5702
5643, 94.05000, 0.374608, -50.125, 0.000914076, 36.5489
5644, 94.05833, 0.374755, -50.1453, 0.000914595, 36.5276
5644, 94.06667, 0.374903, -50.1656, 0.000915114, 36.5062
5645, 94.07500, 0.37505, -50.186, 0.000915634, 36.4848
5645, 94.08334, 0.375199, -50.2064, 0.000916155, 36.4633
5646, 94.09167, 0.375347, -50.2269, 0.000916677, 36.4418
5646, 94.10000, 0.375496, -50.2474, 0.0009172, 36.4203
5646, 94.10833, 0.375645, -50.2679, 0.000917724, 36.3988
5647, 94.11667, 0.375794, -50.2884, 0.000918249, 36.3772
5648, 94.12500, 0.375943, -50.309, 0.000918774, 36.3555
5648, 94.13333, 0.376093, -50.3297, 0.000919301, 36.3338
5649, 94.14167, 0.376244, -50.3503, 0.000919829, 36.3121
5649, 94.15000, 0.376394, -50.371, 0.000920357, 36.2904
5650, 94.15833, 0.376545, -50.3918, 0.000920886, 36.2686
5650, 94.16666, 0.376696, -50.4125, 0.000921417, 36.2468
5651, 94.17500, 0.376848, -50.4333, 0.000921948, 36.2249
5651, 94.18333, 0.376999, -50.4542, 0.00092248, 36.203
5652, 94.19167, 0.377152, -50.4751, 0.000923013, 36.1811
5652, 94.20000, 0.377304, -50.496, 0.000923547, 36.1591
5653, 94.20834, 0.377457, -50.517, 0.000924082, 36.1371
5653, 94.21667, 0.37761, -50.538, 0.000924618, 36.115
5654, 94.22500, 0.377763, -50.559, 0.000925155, 36.0929
5654, 94.23333, 0.377917, -50.5801, 0.000925693, 36.0708
5654, 94.24167, 0.378071, -50.6012, 0.000926232, 36.0487
5655, 94.25000, 0.378225, -50.6223, 0.000926771, 36.0265
5656, 94.25833, 0.378379, -50.6435, 0.000927312, 36.0042
5656, 94.26667, 0.378534, -50.6647, 0.000927854, 35.9819
5657, 94.27500, 0.37869, -50.686, 0.000928396, 35.9596
5657, 94.28333, 0.378845, -50.7073, 0.00092894, 35.9373
5658, 94.29166, 0.379001, -50.7286, 0.000929484, 35.9149
5658, 94.30000, 0.379157, -50.75, 0.000930029, 35.8925
5659, 94.30833, 0.379314, -50.7714, 0.000930576, 35.87
5659, 94.31667, 0.37947, -50.7929, 0.000931123, 35.8475
5660, 94.32500, 0.379628, -50.8144, 0.000931671, 35.8249
5660, 94.33334, 0.379785, -50.8359, 0.00093222, 35.8024
5661, 94.34167, 0.379943, -50.8575, 0.00093277, 35.7797
5661, 94.35000, 0.380101, -50.8791, 0.000933321, 35.7571
5662, 94.35833, 0.380259, -50.9007, 0.000933873, 35.7344
5662, 94.36667, 0.380418, -50.9224, 0.000934426, 35.7116
5662, 94.37500, 0.380577, -50.9441, 0.00093498, 35.6889
5663, 94.38333, 0.380736, -50.9659, 0.000935535, 35.666
5664, 94.39167, 0.380896, -50.9877, 0.000936091, 35.6432
5664, 94.40000, 0.381056, -51.0095, 0.000936648, 35.6203
5665, 94.40833, 0.381216, -51.0314, 0.000937206, 35.5974
5665, 94.41666, 0.381377, -51.0533, 0.000937764, 35.5744
5666, 94.42500, 0.381537, -51.0752, 0.000938324, 35.5514
5666, 94.43333, 0.381699, -51.0972, 0.000938885, 35.5283
5667, 94.44167, 0.38186, -51.1192, 0.000939446, 35.5052
5667, 94.45000, 0.382022, -51.1413, 0.000940009, 35.4821
5668, 94.45834, 0.382184, -51.1634, 0.000940572, 35.4589
5668, 94.46667, 0.382347, -51.1856, 0.000941137, 35.4357
5669, 94.47500, 0.38251, -51.2078, 0.000941702, 35.4125
5669, 94.48333, 0.382673, -51.23, 0.000942269, 35.3892
5670, 94.49167, 0.382836, -51.2523, 0.000942836, 35.3658
5670, 94.50000, 0.383, -51.2746, 0.000943405, 35.3425
5670, 94.50833, 0.383164, -51.2969, 0.000943974, 35.3191
5671, 94.51667, 0.383329, -51.3193, 0.000944545, 35.2956
5672, 94.52500, 0.383493, -51.3417, 0.000945116, 35.2721
5672, 94.53333, 0.383658, -51.3642, 0.000945688, 35.2486
5673, 94.54166, 0.383824, -51.3867, 0.000946262, 35.225
5673, 94.55000, 0.38399, -51.4092, 0.000946836, 35.2014
5674, 94.55833, 0.384156, -51.4318, 0.000947411, 35.1777
5674, 94.56667, 0.384322, -51.4544, 0.000947987, 35.154
5675, 94.57500, 0.384489, -51.4771, 0.000948565, 35.1303
5675, 94.58334, 0.384656, -51.4998, 0.000949143, 35.1065
5676, 94.59167, 0.384823, -51.5225, 0.000949722, 35.0827
5676, 94.60000, 0.384991, -51.5453, 0.000950302, 35.0589
5677, 94.60833, 0.385159, -51.5682, 0.000950883, 35.035
5677, 94.61667, 0.385327, -51.591, 0.000951466, 35.011
5678, 94.62500, 0.385496, -51.6139, 0.000952049, 34.987
5678, 94.63333, 0.385665, -51.6369, 0.000952633, 34.963
5678, 94.64167, 0.385834, -51.6599, 0.000953218, 34.939
5679, 94.65000, 0.386004, -51.6829, 0.000953804, 34.9149
5680, 94.65833, 0.386173, -51.706, 0.000954391, 34.8907
5680, 94.66666, 0.386344, -51.7291, 0.00095498, 34.8665
5681, 94.67500, 0.386514, -51.7522, 0.000955569, 34.8423
5681, 94.68333, 0.386685, -51.7754, 0.000956159, 34.818
5682, 94.69167, 0.386856, -51.7987, 0.00095675, 34.7937
5682, 94.70000, 0.387028, -51.8219, 0.000957342, 34.7694
5683, 94.70834, 0.3872, -51.8453, 0.000957935, 34.745
5683, 94.71667, 0.387372, -51.8686, 0.000958529, 34.7205
5684, 94.72500, 0.387545, -51.892, 0.000959125, 34.6961
5684, 94.73333, 0.387718, -51.9155, 0.000959721, 34.6715
5685, 94.74167, 0.387891, -51.9389, 0.000960318, 34.647
5685, 94.75000, 0.388064, -51.9625, 0.000960916, 34.6224
5686, 94.75833, 0.388238, -51.986, 0.000961515, 34.5977
5686, 94.76667, 0.388412, -52.0097, 0.000962116, 34.573
5686, 94.77500, 0.388587, -52.0333, 0.000962717, 34.5483
5687, 94.78333, 0.388762, -52.057, 0.000963319, 34.5235
5688, 94.79166, 0.388937, -52.0807, 0.000963922, 34.4987
5688, 94.80000, 0.389113, -52.1045, 0.000964526, 34.4738
5689, 94.80833, 0.389288, -52.1283, 0.000965132, 34.4489
5689, 94.81667, 0.389465, -52.1522, 0.000965738, 34.424
5690, 94.82500, 0.389641, -52.1761, 0.000966345, 34.399
5690, 94.83334, 0.389818, -52.2001, 0.000966954, 34.374
5691, 94.84167, 0.389995, -52.224, 0.000967563, 34.3489
5691, 94.85000, 0.390173, -52.2481, 0.000968173, 34.3238
5691, 94.85833, 0.39035, -52.2722, 0.000968785, 34.2986
5692, 94.86667, 0.390529, -52.2963, 0.000969397, 34.2734
5693, 94.87500, 0.390707, -52.3204, 0.000970011, 34.2482
5693, 94.88333, 0.390886, -52.3446, 0.000970625, 34.2229
5694, 94.89167, 0.391065, -52.3689, 0.000971241, 34.1975
5694, 94.90000, 0.391245, -52.3932, 0.000971857, 34.1722
5694, 94.90833, 0.391424, -52.4175, 0.000972475, 34.1467
5695, 94.91666, 0.391605, -52.4419, 0.000973093, 34.1213
5696, 94.92500, 0.391785, -52.4663, 0.000973713, 34.0958
5696, 94.93333, 0.391966, -52.4908, 0.000974334, 34.0702
5697, 94.94167, 0.392147, -52.5153, 0.000974955, 34.0446
5697, 94.95000, 0.392329, -52.5398, 0.000975578, 34.019
5698, 94.95834, 0.392511, -52.5644, 0.000976202, 33.9933
5698, 94.96667, 0.392693, -52.5891, 0.000976827, 33.9676
5699, 94.97500, 0.392875, -52.6138, 0.000977453, 33.9418
5699, 94.98333, 0.393058, -52.6385, 0.00097808, 33.916
5699, 94.99167, 0.393241, -52.6633, 0.000978708, 33.8901
5700, 95.00000, 0.393425, -52.6881, 0.000979336, 33.8642
5701, 95.00833, 0.393609, -52.7129, 0.000979966, 33.8382
5701, 95.01667, 0.393793, -52.7378, 0.000980598, 33.8122
5702, 95.02500, 0.393977, -52.7628, 0.00098123, 33.7862
5702, 95.03333, 0.394162, -52.7878, 0.000981863, 33.7601
5703, 95.04166, 0.394348, -52.8128, 0.000982497, 33.734
5703, 95.05000, 0.394533, -52.8379, 0.000983132, 33.7078
5704, 95.05833, 0.394719, -52.863, 0.000983769, 33.6816
5704, 95.06667, 0.394905, -52.8882, 0.000984406, 33.6553
5705, 95.07500, 0.395092, -52.9134, 0.000985045, 33.629
5705, 95.08334, 0.395279, -52.9387, 0.000985684, 33.6026
5706, 95.09167, 0.395466, -52.964, 0.000986325, 33.5762
5706, 95.10000, 0.395654, -52.9893, 0.000986966, 33.5498
5707, 95.10833, 0.395841, -53.0147, 0.000987609, 33.5233
5707, 95.11667, 0.39603, -53.0402, 0.000988253, 33.4968
5707, 95.12500, 0.396218, -53.0656, 0.000988898, 33.4702
5708, 95.13333, 0.396407, -53.0912, 0.000989543, 33.4435
5709, 95.14167, 0.396597, -53.1168, 0.00099019, 33.4169
5709, 95.15000, 0.396786, -53.1424, 0.000990838, 33.3901
5710, 95.15833, 0.396976, -53.168, 0.000991487, 33.3634
5710, 95.16666, 0.397167, -53.1938, 0.000992137, 33.3365
5711, 95.17500, 0.397357, -53.2195, 0.000992789, 33.3097
5711, 95.18333, 0.397548, -53.2453, 0.000993441, 33.2828
5712, 95.19167, 0.39774, -53.2712, 0.000994094, 33.2558
5712, 95.20000, 0.397931, -53.2971, 0.000994749, 33.2288
5713, 95.20834, 0.398123, -53.323, 0.000995404, 33.2018
5713, 95.21667, 0.398316, -53.349, 0.000996061, 33.1747
5714, 95.22500, 0.398508, -53.375, 0.000996718, 33.1475
5714, 95.23333, 0.398701, -53.4011, 0.000997377, 33.1203
5715, 95.24167, 0.398895, -53.4273, 0.000998037, 33.0931
5715, 95.25000, 0.399089, -53.4534, 0.000998698, 33.0658
5715, 95.25833, 0.399283, -53.4797, 0.00099936, 33.0385
5716, 95.26667, 0.399477, -53.5059, 0.00100002, 33.0111
5717, 95.27500, 0.399672, -53.5322, 0.00100069, 32.9837
5717, 95.28333, 0.399867, -53.5586, 0.00100135, 32.9562
5718, 95.29166, 0.400063, -53.585, 0.00100202, 32.9287
5718, 95.30000, 0.400258, -53.6115, 0.00100269, 32.9011
5719, 95.30833, 0.400454, -53.638, 0.00100335, 32.8735
5719, 95.31667, 0.400651, -53.6645, 0.00100402, 32.8459
5720, 95.32500, 0.400848, -53.6911, 0.00100469, 32.8182
5720, 95.33334, 0.401045, -53.7178, 0.00100537, 32.7904
5721, 95.34167, 0.401243, -53.7445, 0.00100604, 32.7626
5721, 95.35000, 0.401441, -53.7712, 0.00100671, 32.7347
5722, 95.35833, 0.401639, -53.798, 0.00100739, 32.7068
5722, 95.36667, 0.401837, -53.8248, 0.00100806, 32.6789
5723, 95.37500, 0.402036, -53.8517, 0.00100874, 32.6509
5723, 95.38333, 0.402236, -53.8786, 0.00100942, 32.6229
5723, 95.39167, 0.402435, -53.9056, 0.0010101, 32.5948
5724, 95.40000, 0.402635, -53.9327, 0.00101078, 32.5666
5725, 95.40833, 0.402836, -53.9597, 0.00101146, 32.5384
5725, 95.41666, 0.403036, -53.9869, 0.00101214, 32.5102
5726, 95.42500, 0.403237, -54.014, 0.00101283, 32.4819
5726, 95.43333, 0.403439, -54.0412, 0.00101351, 32.4536
5727, 95.44167, 0.403641, -54.0685, 0.0010142, 32.4252
5727, 95.45000, 0.403843, -54.0958, 0.00101489, 32.3967
5728, 95.45834, 0.404045, -54.1232, 0.00101557, 32.3682
5728, 95.46667, 0.404248, -54.1506, 0.00101626, 32.3397
5729, 95.47500, 0.404451, -54.1781, 0.00101695, 32.3111
5729, 95.48333, 0.404655, -54.2056, 0.00101764, 32.2825
5730, 95.49167, 0.404858, -54.2332, 0.00101834, 32.2538
5730, 95.50000, 0.405063, -54.2608, 0.00101903, 32.2251
5731, 95.50833, 0.405267, -54.2884, 0.00101973, 32.1963
5731, 95.51667, 0.405472, -54.3161, 0.00102042, 32.1675
5731, 95.52500, 0.405677, -54.3439, 0.00102112, 32.1386
5732, 95.53333, 0.405883, -54.3717, 0.00102182, 32.1096
5733, 95.54166, 0.406089, -54.3996, 0.00102252, 32.0807
5733, 95.55000, 0.406295, -54.4275, 0.00102322, 32.0516
5734, 95.55833, 0.406502, -54.4554, 0.00102392, 32.0226
5734, 95.56667, 0.406709, -54.4834, 0.00102462, 31.9934
5735, 95.57500, 0.406916, -54.5115, 0.00102533, 31.9642
5735, 95.58334, 0.407124, -54.5396, 0.00102603, 31.935
5736, 95.59167, 0.407332, -54.5678, 0.00102674, 31.9057
5736, 95.60000, 0.407541, -54.596, 0.00102744, 31.8764
5737, 95.60833, 0.407749, -54.6242, 0.00102815, 31.847
5737, 95.61667, 0.407959, -54.6525, 0.00102886, 31.8176
5738, 95.62500, 0.408168, -54.6809, 0.00102957, 31.7881
5738, 95.63333, 0.408378, -54.7093, 0.00103028, 31.7585
5739, 95.64167, 0.408588, -54.7378, 0.001031, 31.7289
5739, 95.65000, 0.408799, -54.7663, 0.00103171, 31.6993
5739, 95.65833, 0.40901, -54.7949, 0.00103243, 31.6696
5740, 95.66666, 0.409221, -54.8235, 0.00103314, 31.6399
5741, 95.67500, 0.409433, -54.8521, 0.00103386, 31.6101
5741, 95.68333, 0.409645, -54.8808, 0.00103458, 31.5802
5742, 95.69167, 0.409857, -54.9096, 0.0010353, 31.5503
5742, 95.70000, 0.41007, -54.9384, 0.00103602, 31.5204
5743, 95.70834, 0.410283, -54.9673, 0.00103674, 31.4904
5743, 95.71667, 0.410496, -54.9962, 0.00103747, 31.4603
5744, 95.72500, 0.41071, -55.0252, 0.00103819, 31.4302
5744, 95.73333, 0.410924, -55.0542, 0.00103892, 31.4001
5745, 95.74167, 0.411139, -55.0833, 0.00103964, 31.3698
5745, 95.75000, 0.411353, -55.1124, 0.00104037, 31.3396
5746, 95.75833, 0.411569, -55.1416, 0.0010411, 31.3093
5746, 95.76667, 0.411784, -55.1708, 0.00104183, 31.2789
5747, 95.77500, 0.412, -55.2001, 0.00104256, 31.2485
5747, 95.78333, 0.412217, -55.2295, 0.00104329, 31.218
5747, 95.79166, 0.412433, -55.2589, 0.00104403, 31.1875
5748, 95.80000, 0.41265, -55.2883, 0.00104476, 31.1569
5749, 95.80833, 0.412868, -55.3178, 0.0010455, 31.1263
5749, 95.81667, 0.413085, -55.3473, 0.00104623, 31.0956
5750, 95.82500, 0.413303, -55.3769, 0.00104697, 31.0648
5750, 95.83334, 0.413522, -55.4066, 0.00104771, 31.0341
5751, 95.84167, 0.413741, -55.4363, 0.00104845, 31.0032
5751, 95.85000, 0.41396, -55.466, 0.00104919, 30.9723
5752, 95.85833, 0.41418, -55.4959, 0.00104994, 30.9414
5752, 95.86667, 0.414399, -55.5257, 0.00105068, 30.9104
5753, 95.87500, 0.41462, -55.5556, 0.00105143, 30.8793
5753, 95.88333, 0.41484, -55.5856, 0.00105217, 30.8482
5754, 95.89167, 0.415061, -55.6156, 0.00105292, 30.817
5754, 95.90000, 0.415283, -55.6457, 0.00105367, 30.7858
5755, 95.90833, 0.415504, -55.6758, 0.00105442, 30.7545
5755, 95.91666, 0.415727, -55.706, 0.00105517, 30.7232
5755, 95.92500, 0.415949, -55.7363, 0.00105592, 30.6918
5756, 95.93333, 0.416172, -55.7666, 0.00105667, 30.6604
5757, 95.94167, 0.416395, -55.7969, 0.00105743, 30.6289
5757, 95.95000, 0.416619, -55.8273, 0.00105818, 30.5973
5758, 95.95834, 0.416842, -55.8578, 0.00105894, 30.5657
5758, 95.96667, 0.417067, -55.8883, 0.0010597, 30.5341
5759, 95.97500, 0.417291, -55.9188, 0.00106046, 30.5024
5759, 95.98333, 0.417516, -55.9495, 0.00106122, 30.4706
5760, 95.99167, 0.417742, -55.9801, 0.00106198, 30.4388
5760, 96.00000, 0.417967, -56.0109, 0.00106274, 30.4069
5761, 96.00833, 0.418194, -56.0416, 0.00106351, 30.375
5761, 96.01667, 0.41842, -56.0725, 0.00106427, 30.343
5762, 96.02500, 0.418647, -56.1034, 0.00106504, 30.3109
5762, 96.03333, 0.418874, -56.1343, 0.00106581, 30.2788
5763, 96.04166, 0.419102, -56.1653, 0.00106657, 30.2467
5763, 96.05000, 0.419329, -56.1964, 0.00106734, 30.2145
5763, 96.05833, 0.419558, -56.2275, 0.00106812, 30.1822
5764, 96.06667, 0.419786, -56.2587, 0.00106889, 30.1499
5765, 96.07500, 0.420015, -56.2899, 0.00106966, 30.1175
5765, 96.08334, 0.420245, -56.3212, 0.00107044, 30.0851
5766, 96.09167, 0.420475, -56.3525, 0.00107121, 30.0526
5766, 96.10000, 0.420705, -56.3839, 0.00107199, 30.02
5767, 96.10833, 0.420935, -56.4154, 0.00107277, 29.9874
5767, 96.11667, 0.421166, -56.4469, 0.00107355, 29.9547
5768, 96.12500, 0.421397, -56.4784, 0.00107433, 29.922
5768, 96.13333, 0.421629, -56.51, 0.00107511, 29.8893
5769, 96.14167, 0.421861, -56.5417, 0.00107589, 29.8564
5769, 96.15000, 0.422093, -56.5734, 0.00107668, 29.8235
5770, 96.15833, 0.422326, -56.6052, 0.00107746, 29.7906
5770, 96.16666, 0.422559, -56.6371, 0.00107825, 29.7576
5771, 96.17500, 0.422792, -56.669, 0.00107904, 29.7245
5771, 96.18333, 0.423026, -56.7009, 0.00107983, 29.6914
5772, 96.19167, 0.42326, -56.7329, 0.00108062, 29.6582
5772, 96.20000, 0.423495, -56.765, 0.00108141, 29.625
5773, 96.20834, 0.42373, -56.7971, 0.0010822, 29.5917
5773, 96.21667, 0.423965, -56.8293, 0.00108299, 29.5584
5774, 96.22500, 0.424201, -56.8616, 0.00108379, 29.525
5774, 96.23333, 0.424437, -56.8939, 0.00108459, 29.4915
5775, 96.24167, 0.424673, -56.9262, 0.00108538, 29.458
5775, 96.25000, 0.42491, -56.9587, 0.00108618, 29.4244
5776, 96.25833, 0.425147, -56.9911, 0.00108698, 29.3907
5776, 96.26667, 0.425384, -57.0237, 0.00108778, 29.357
5777, 96.27500, 0.425622, -57.0563, 0.00108859, 29.3233
5777, 96.28333, 0.425861, -57.0889, 0.00108939, 29.2895
5778, 96.29166, 0.426099, -57.1216, 0.00109019, 29.2556
5778, 96.30000, 0.426338, -57.1544, 0.001091, 29.2217
5779, 96.30833, 0.426577, -57.1872, 0.00109181, 29.1877
5779, 96.31667, 0.426817, -57.2201, 0.00109262, 29.1536
5780, 96.32500, 0.427057, -57.253, 0.00109343, 29.1195
5780, 96.33334, 0.427298, -57.286, 0.00109424, 29.0853
5781, 96.34167, 0.427539, -57.3191, 0.00109505, 29.0511
5781, 96.35000, 0.42778, -57.3522, 0.00109586, 29.0168
5782, 96.35833, 0.428021, -57.3854, 0.00109668, 28.9825
5782, 96.36667, 0.428263, -57.4186, 0.00109749, 28.9481
5783, 96.37500, 0.428506, -57.4519, 0.00109831, 28.9136
5783, 96.38333, 0.428748, -57.4853, 0.00109913, 28.8791
5784, 96.39167, 0.428991, -57.5187, 0.00109995, 28.8445
5784, 96.40000, 0.429235, -57.5522, 0.00110077, 28.8098
5785, 96.40833, 0.429479, -57.5857, 0.00110159, 28.7751
5785, 96.41666, 0.429723, -57.6193, 0.00110241, 28.7404
5786, 96.42500, 0.429967, -57.6529, 0.00110324, 28.7055
5786, 96.43333, 0.430212, -57.6866, 0.00110406, 28.6707
5787, 96.44167, 0.430458, -57.7204, 0.00110489, 28.6357
5787, 96.45000, 0.430703, -57.7543, 0.00110572, 28.6007
5788, 96.45834, 0.430949, -57.7882, 0.00110655, 28.5656
5788, 96.46667, 0.431196, -57.8221, 0.00110738, 28.5305
5789, 96.47500, 0.431442, -57.8561, 0.00110821, 28.4953
5789, 96.48333, 0.43169, -57.8902, 0.00110904, 28.46
5790, 96.49167, 0.431937, -57.9243, 0.00110988, 28.4247
5790, 96.50000, 0.432185, -57.9585, 0.00111071, 28.3893
5791, 96.50833, 0.432433, -57.9928, 0.00111155, 28.3539
5791, 96.51667, 0.432682, -58.0271, 0.00111239, 28.3184
5792, 96.52500, 0.432931, -58.0615, 0.00111323, 28.2828
5792, 96.53333, 0.43318, -58.0959, 0.00111407, 28.2472
5793, 96.54166, 0.43343, -58.1304, 0.00111491, 28.2115
5793, 96.55000, 0.43368, -58.165, 0.00111575, 28.1758
5794, 96.55833, 0.433931, -58.1996, 0.0011166, 28.14
5794, 96.56667, 0.434182, -58.2343, 0.00111744, 28.1041
5795, 96.57500, 0.434433, -58.2691, 0.00111829, 28.0682
5795, 96.58334, 0.434685, -58.3039, 0.00111914, 28.0322
5796, 96.59167, 0.434937, -58.3388, 0.00111999, 27.9961
5796, 96.60000, 0.435189, -58.3737, 0.00112084, 27.96
5797, 96.60833, 0.435442, -58.4087, 0.00112169, 27.9238
5797, 96.61667, 0.435695, -58.4438, 0.00112254, 27.8876
5798, 96.62500, 0.435948, -58.4789, 0.0011234, 27.8512
5798, 96.63333, 0.436202, -58.5141, 0.00112425, 27.8149
5799, 96.64167, 0.436457, -58.5493, 0.00112511, 27.7784
5799, 96.65000, 0.436711, -58.5846, 0.00112597, 27.7419
5800, 96.65833, 0.436966, -58.62, 0.00112683, 27.7054
5800, 96.66666, 0.437222, -58.6555, 0.00112769, 27.6687
5801, 96.67500, 0.437477, -58.691, 0.00112855, 27.632
5801, 96.68333, 0.437734, -58.7265, 0.00112941, 27.5953
5802, 96.69167, 0.43799, -58.7622, 0.00113028, 27.5585
5802, 96.70000, 0.438247, -58.7979, 0.00113114, 27.5216
5803, 96.70834, 0.438504, -58.8336, 0.00113201, 27.4846
5803, 96.71667, 0.438762, -58.8694, 0.00113288, 27.4476
5804, 96.72500, 0.43902, -58.9053, 0.00113375, 27.4105
5804, 96.73333, 0.439278, -58.9413, 0.00113462, 27.3734
5805, 96.74167, 0.439537, -58.9773, 0.00113549, 27.3362
5805, 96.75000, 0.439796, -59.0133, 0.00113636, 27.2989
5806, 96.75833, 0.440056, -59.0495, 0.00113724, 27.2616
5806, 96.76667, 0.440316, -59.0857, 0.00113811, 27.2242
5807, 96.77500, 0.440576, -59.122, 0.00113899, 27.1867
5807, 96.78333, 0.440836, -59.1583, 0.00113987, 27.1492
5808, 96.79166, 0.441097, -59.1947, 0.00114075, 27.1116
5808, 96.80000, 0.441359, -59.2312, 0.00114163, 27.0739
5809, 96.80833, 0.441621, -59.2677, 0.00114251, 27.0362
5809, 96.81667, 0.441883, -59.3043, 0.00114339, 26.9984
5810, 96.82500, 0.442145, -59.3409, 0.00114428, 26.9606
5810, 96.83334, 0.442408, -59.3777, 0.00114517, 26.9226
5811, 96.84167, 0.442671, -59.4145, 0.00114605, 26.8847
5811, 96.85000, 0.442935, -59.4513, 0.00114694, 26.8466
5812, 96.85833, 0.443199, -59.4882, 0.00114783, 26.8085
5812, 96.86667, 0.443463, -59.5252, 0.00114872, 26.7703
5813, 96.87500, 0.443728, -59.5623, 0.00114961, 26.732
5813, 96.88333, 0.443993, -59.5994, 0.00115051, 26.6937
5814, 96.89167, 0.444259, -59.6366, 0.0011514, 26.6553
5814, 96.90000, 0.444525, -59.6738, 0.0011523, 26.6169
5815, 96.90833, 0.444791, -59.7111, 0.0011532, 26.5783
5815, 96.91666, 0.445058, -59.7485, 0.00115409, 26.5398
5816, 96.92500, 0.445325, -59.786, 0.00115499, 26.5011
5816, 96.93333, 0.445592, -59.8235, 0.0011559, 26.4624
5817, 96.94167, 0.44586, -59.8611, 0.0011568, 26.4236
5817, 96.95000, 0.446128, -59.8987, 0.0011577, 26.3847
5818, 96.95834, 0.446396, -59.9364, 0.00115861, 26.3458
5818, 96.96667, 0.446665, -59.9742, 0.00115951, 26.3068
5819, 96.97500, 0.446934, -60.0121, 0.00116042, 26.2678
5819, 96.98333, 0.447204, -60.05, 0.00116133, 26.2286
5820, 96.99167, 0.447474, -60.088, 0.00116224, 26.1894
5820, 97.00000, 0.447744, -60.126, 0.00116315, 26.1502
5821, 97.00833, 0.448015, -60.1642, 0.00116406, 26.1108
5821, 97.01667, 0.448286, -60.2024, 0.00116498, 26.0714
5822, 97.02500, 0.448558, -60.2406, 0.00116589, 26.032
5822, 97.03333, 0.44883, -60.2789, 0.00116681, 25.9924
5823, 97.04166, 0.449102, -60.3173, 0.00116773, 25.9528
5823, 97.05000, 0.449374, -60.3558, 0.00116865, 25.9131
5824, 97.05833, 0.449647, -60.3943, 0.00116957, 25.8734
5824, 97.06667, 0.449921, -60.4329, 0.00117049, 25.8336
5825, 97.07500, 0.450195, -60.4716, 0.00117141, 25.7937
5825, 97.08334, 0.450469, -60.5103, 0.00117234, 25.7537
5826, 97.09167, 0.450743, -60.5491, 0.00117326, 25.7137
5826, 97.10000, 0.451018, -60.588, 0.00117419, 25.6736
5827, 97.10833, 0.451293, -60.627, 0.00117512, 25.6335
5827, 97.11667, 0.451569, -60.666, 0.00117605, 25.5932
5828, 97.12500, 0.451845, -60.7051, 0.00117698, 25.5529
5828, 97.13333, 0.452121, -60.7442, 0.00117791, 25.5126
5829, 97.14167, 0.452398, -60.7834, 0.00117884, 25.4721
5829, 97.15000, 0.452675, -60.8227, 0.00117978, 25.4316
5830, 97.15833, 0.452952, -60.8621, 0.00118071, 25.391
5830, 97.16666, 0.45323, -60.9015, 0.00118165, 25.3504
5831, 97.17500, 0.453508, -60.941, 0.00118259, 25.3097
5831, 97.18333, 0.453787, -60.9806, 0.00118353, 25.2689
5832, 97.19167, 0.454066, -61.0202, 0.00118447, 25.228
5832, 97.20000, 0.454345, -61.0599, 0.00118541, 25.1871
5833, 97.20834, 0.454625, -61.0997, 0.00118636, 25.1461
5833, 97.21667, 0.454905, -61.1396, 0.0011873, 25.105
5834, 97.22500, 0.455185, -61.1795, 0.00118825, 25.0638
5834, 97.23333, 0.455466, -61.2195, 0.00118919, 25.0226
5835, 97.24167, 0.455747, -61.2596, 0.00119014, 24.9813
5835, 97.25000, 0.456029, -61.2997, 0.00119109, 24.94
5836, 97.25833, 0.456311, -61.3399, 0.00119204, 24.8985
5836, 97.26667, 0.456593, -61.3802, 0.001193, 24.857
5837, 97.27500, 0.456876, -61.4205, 0.00119395, 24.8154
5837, 97.28333, 0.457159, -61.461, 0.00119491, 24.7738
5838, 97.29166, 0.457442, -61.5015, 0.00119586, 24.7321
5838, 97.30000, 0.457726, -61.542, 0.00119682, 24.6903
5839, 97.30833, 0.45801, -61.5827, 0.00119778, 24.6484
5839, 97.31667, 0.458294, -61.6234, 0.00119874, 24.6065
5840, 97.32500, 0.458579, -61.6642, 0.0011997, 24.5644
5840, 97.33334, 0.458865, -61.705, 0.00120067, 24.5224
5841, 97.34167, 0.45915, -61.746, 0.00120163, 24.4802
5841, 97.35000, 0.459436, -61.787, 0.0012026, 24.438
5842, 97.35833, 0.459722, -61.828, 0.00120356, 24.3957
5842, 97.36667, 0.460009, -61.8692, 0.00120453, 24.3533
5843, 97.37500, 0.460296, -61.9104, 0.0012055, 24.3108
5843, 97.38333, 0.460584, -61.9517, 0.00120647, 24.2683
5844, 97.39167, 0.460871, -61.993, 0.00120744, 24.2257
5844, 97.40000, 0.46116, -62.0345, 0.00120842, 24.183
5845, 97.40833, 0.461448, -62.076, 0.00120939, 24.1403
5845, 97.41666, 0.461737, -62.1176, 0.00121037, 24.0975
5846, 97.42500, 0.462026, -62.1592, 0.00121134, 24.0546
5846, 97.43333, 0.462316, -62.201, 0.00121232, 24.0116
5847, 97.44167, 0.462606, -62.2428, 0.0012133, 23.9685
5847, 97.45000, 0.462896, -62.2847, 0.00121428, 23.9254
5848, 97.45834, 0.463187, -62.3266, 0.00121527, 23.8822
5848, 97.46667, 0.463478, -62.3686, 0.00121625, 23.839
5849, 97.47500, 0.463769, -62.4108, 0.00121723, 23.7956
5849, 97.48333, 0.464061, -62.4529, 0.00121822, 23.7522
5850, 97.49167, 0.464353, -62.4952, 0.00121921, 23.7087
5850, 97.50000, 0.464646, -62.5375, 0.0012202, 23.6651
5851, 97.50833, 0.464939, -62.5799, 0.00122119, 23.6215
5851, 97.51667, 0.465232, -62.6224, 0.00122218, 23.5778
5852, 97.52500, 0.465526, -62.6649, 0.00122317, 23.534
5852, 97.53333, 0.46582, -62.7076, 0.00122417, 23.4901
5853, 97.54166, 0.466114, -62.7503, 0.00122516, 23.4462
5853, 97.55000, 0.466409, -62.7931, 0.00122616, 23.4021
5854, 97.55833, 0.466704, -62.8359, 0.00122716, 23.358
5854, 97.56667, 0.466999, -62.8788, 0.00122816, 23.3139
5855, 97.57500, 0.467295, -62.9218, 0.00122916, 23.2696
5855, 97.58334, 0.467591, -62.9649, 0.00123016, 23.2253
5856, 97.59167, 0.467888, -63.0081, 0.00123116, 23.1809
5856, 97.60000, 0.468185, -63.0513, 0.00123217, 23.1364
5857, 97.60833, 0.468482, -63.0946, 0.00123317, 23.0918
5857, 97.61667, 0.468779, -63.138, 0.00123418, 23.0472
5858, 97.62500, 0.469077, -63.1815, 0.00123519, 23.0025
5858, 97.63333, 0.469376, -63.225, 0.0012362, 22.9577
5859, 97.64167, 0.469674, -63.2686, 0.00123721, 22.9128
5859, 97.65000, 0.469973, -63.3123, 0.00123822, 22.8679
5860, 97.65833, 0.470273, -63.3561, 0.00123923, 22.8229
5860, 97.66666, 0.470572, -63.4, 0.00124025, 22.7778
5861, 97.67500, 0.470872, -63.4439, 0.00124126, 22.7326
5861, 97.68333, 0.471173, -63.4879, 0.00124228, 22.6873
5862, 97.69167, 0.471474, -63.532, 0.0012433, 22.642
5862, 97.70000, 0.471775, -63.5761, 0.00124432, 22.5966
5863, 97.70834, 0.472076, -63.6203, 0.00124534, 22.5511
5863, 97.71667, 0.472378, -63.6647, 0.00124636, 22.5055
5864, 97.72500, 0.47268, -63.7091, 0.00124739, 22.4599
5864, 97.73333, 0.472983, -63.7535, 0.00124841, 22.4141
5865, 97.74167, 0.473286, -63.7981, 0.00124944, 22.3683
5865, 97.75000, 0.473589, -63.8427, 0.00125046, 22.3224
5866, 97.75833, 0.473893, -63.8874, 0.00125149, 22.2765
5866, 97.76667, 0.474196, -63.9322, 0.00125252, 22.2304
5867, 97.77500, 0.474501, -63.9771, 0.00125355, 22.1843
5867, 97.78333, 0.474805, -64.022, 0.00125459, 22.1381
5868, 97.79166, 0.47511, -64.067, 0.00125562, 22.0918
5868, 97.80000, 0.475416, -64.1121, 0.00125666, 22.0455
5869, 97.80833, 0.475721, -64.1573, 0.00125769, 21.999
5869, 97.81667, 0.476027, -64.2026, 0.00125873, 21.9525
5870, 97.82500, 0.476334, -64.2479, 0.00125977, 21.9059
5870, 97.83334, 0.476641, -64.2933, 0.00126081, 21.8592
5871, 97.84167, 0.476948, -64.3388, 0.00126185, 21.8125
5871, 97.85000, 0.477255, -64.3844, 0.00126289, 21.7656
5872, 97.85833, 0.477563, -64.43, 0.00126394, 21.7187
5872, 97.86667, 0.477871, -64.4758, 0.00126498, 21.6717
5873, 97.87500, 0.478179, -64.5216, 0.00126603, 21.6246
5873, 97.88333, 0.478488, -64.5675, 0.00126708, 21.5774
5874, 97.89167, 0.478797, -64.6135, 0.00126813, 21.5302
5874, 97.90000, 0.479107, -64.6595, 0.00126918, 21.4829
5875, 97.90833, 0.479417, -64.7057, 0.00127023, 21.4355
5875, 97.91666, 0.479727, -64.7519, 0.00127128, 21.388
5876, 97.92500, 0.480037, -64.7982, 0.00127234, 21.3404
5876, 97.93333, 0.480348, -64.8446, 0.00127339, 21.2927
5877, 97.94167, 0.480659, -64.8911, 0.00127445, 21.245
5877, 97.95000, 0.480971, -64.9376, 0.00127551, 21.1972
5878, 97.95834, 0.481283, -64.9842, 0.00127657, 21.1493
5878, 97.96667, 0.481595, -65.0309, 0.00127763, 21.1013
5879, 97.97500, 0.481907, -65.0777, 0.00127869, 21.0532
5879, 97.98333, 0.48222, -65.1246, 0.00127975, 21.0051
5880, 97.99167, 0.482533, -65.1716, 0.00128082, 20.9569
5880, 98.00000, 0.482847, -65.2186, 0.00128188, 20.9086
5881, 98.00833, 0.483161, -65.2657, 0.00128295, 20.8602
5881, 98.01667, 0.483475, -65.3129, 0.00128402, 20.8117
5882, 98.02500, 0.483789, -65.3602, 0.00128509, 20.7631
5882, 98.03333, 0.484104, -65.4076, 0.00128616, 20.7145
5883, 98.04166, 0.484419, -65.455, 0.00128723, 20.6657
5883, 98.05000, 0.484735, -65.5026, 0.0012883, 20.6169
5884, 98.05833, 0.485051, -65.5502, 0.00128938, 20.568
5884, 98.06667, 0.485367, -65.5979, 0.00129045, 20.5191
5885, 98.07500, 0.485683, -65.6457, 0.00129153, 20.47
5885, 98.08334, 0.486, -65.6935, 0.00129261, 20.4209
5886, 98.09167, 0.486317, -65.7415, 0.00129369, 20.3716
5886, 98.10000, 0.486635, -65.7895, 0.00129477, 20.3223
5887, 98.10833, 0.486953, -65.8376, 0.00129585, 20.2729
5887, 98.11667, 0.487271, -65.8858, 0.00129693, 20.2234
5888, 98.12500, 0.487589, -65.9341, 0.00129802, 20.1739
5888, 98.13333, 0.487908, -65.9825, 0.0012991, 20.1242
5889, 98.14167, 0.488227, -66.0309, 0.00130019, 20.0745
5889, 98.15000, 0.488547, -66.0795, 0.00130128, 20.0247
5890, 98.15833, 0.488866, -66.1281, 0.00130237, 19.9747
5890, 98.16666, 0.489186, -66.1768, 0.00130346, 19.9247
5891, 98.17500, 0.489507, -66.2256, 0.00130455, 19.8747
5891, 98.18333, 0.489827, -66.2745, 0.00130564, 19.8245
5892, 98.19167, 0.490148, -66.3234, 0.00130674, 19.7743
5892, 98.20000, 0.49047, -66.3725, 0.00130783, 19.7239
5893, 98.20834, 0.490791, -66.4216, 0.00130893, 19.6735
5893, 98.21667, 0.491113, -66.4708, 0.00131003, 19.623
5894, 98.22500, 0.491436, -66.5201, 0.00131113, 19.5724
5894, 98.23333, 0.491758, -66.5695, 0.00131223, 19.5217
5895, 98.24167, 0.492081, -66.619, 0.00131333, 19.471
5895, 98.25000, 0.492404, -66.6685, 0.00131443, 19.4201
5896, 98.25833, 0.492728, -66.7182, 0.00131553, 19.3692
5896, 98.26667, 0.493052, -66.7679, 0.00131664, 19.3182
5897, 98.27500, 0.493376, -66.8177, 0.00131775, 19.267
5897, 98.28333, 0.4937, -66.8676, 0.00131885, 19.2158
5898, 98.29166, 0.494025, -66.9176, 0.00131996, 19.1646
5898, 98.30000, 0.49435, -66.9677, 0.00132107, 19.1132
5899, 98.30833, 0.494675, -67.0179, 0.00132218, 19.0617
5899, 98.31667, 0.495001, -67.0681, 0.0013233, 19.0102
5900, 98.32500, 0.495327, -67.1185, 0.00132441, 18.9585
5900, 98.33334, 0.495653, -67.1689, 0.00132552, 18.9068
5901, 98.34167, 0.49598, -67.2194, 0.00132664, 18.855
5901, 98.35000, 0.496307, -67.27, 0.00132776, 18.8031
5902, 98.35833, 0.496634, -67.3207, 0.00132888, 18.7511
5902, 98.36667, 0.496961, -67.3715, 0.00132999, 18.6991
5903, 98.37500, 0.497289, -67.4223, 0.00133112, 18.6469
5903, 98.38333, 0.497617, -67.4733, 0.00133224, 18.5947
5904, 98.39167, 0.497945, -67.5243, 0.00133336, 18.5423
5904, 98.40000, 0.498274, -67.5754, 0.00133448, 18.4899
5905, 98.40833, 0.498603, -67.6266, 0.00133561, 18.4374
5905, 98.41666, 0.498932, -67.678, 0.00133674, 18.3848
5906, 98.42500, 0.499262, -67.7293, 0.00133786, 18.3321
5906, 98.43333, 0.499591, -67.7808, 0.00133899, 18.2793
5907, 98.44167, 0.499922, -67.8324, 0.00134012, 18.2264
5907, 98.45000, 0.500252, -67.884, 0.00134125, 18.1735
5908, 98.45834, 0.500583, -67.9358, 0.00134239, 18.1204
5908, 98.46667, 0.500914, -67.9876, 0.00134352, 18.0673
5909, 98.47500, 0.501245, -68.0396, 0.00134466, 18.014
5909, 98.48333, 0.501576, -68.0916, 0.00134579, 17.9607
5910, 98.49167, 0.501908, -68.1437, 0.00134693, 17.9073
5910, 98.50000, 0.50224, -68.1959, 0.00134807, 17.8538
5911, 98.50833, 0.502573, -68.2481, 0.00134921, 17.8002
5911, 98.51667, 0.502905, -68.3005, 0.00135035, 17.7465
5912, 98.52500, 0.503238, -68.353, 0.00135149, 17.6928
5912, 98.53333, 0.503571, -68.4055, 0.00135263, 17.6389
5913, 98.54166, 0.503905, -68.4582, 0.00135378, 17.5849
5913, 98.55000, 0.504238, -68.5109, 0.00135492, 17.5309
5914, 98.55833, 0.504573, -68.5637, 0.00135607, 17.4768
5914, 98.56667, 0.504907, -68.6166, 0.00135721, 17.4225
5915, 98.57500, 0.505241, -68.6696, 0.00135836, 17.3682
5915, 98.58334, 0.505576, -68.7227, 0.00135951, 17.3138
5916, 98.59167, 0.505911, -68.7759, 0.00136066, 17.2593
5916, 98.60000, 0.506247, -68.8292, 0.00136182, 17.2047
5917, 98.60833, 0.506582, -68.8825, 0.00136297, 17.1501
5917, 98.61667, 0.506918, -68.936, 0.00136412, 17.0953
5918, 98.62500, 0.507254, -68.9895, 0.00136528, 17.0404
5918, 98.63333, 0.507591, -69.0432, 0.00136643, 16.9855
5919, 98.64167, 0.507927, -69.0969, 0.00136759, 16.9304
5919, 98.65000, 0.508264, -69.1507, 0.00136875, 16.8753
5920, 98.65833, 0.508602, -69.2046, 0.00136991, 16.82
5920, 98.66666, 0.508939, -69.2587, 0.00137107, 16.7647
5921, 98.67500, 0.509277, -69.3128, 0.00137223, 16.7093
5921, 98.68333, 0.509615, -69.3669, 0.0013734, 16.6538
5922, 98.69167, 0.509953, -69.4212, 0.00137456, 16.5982
5922, 98.70000, 0.510291, -69.4756, 0.00137572, 16.5425
5923, 98.70834, 0.51063, -69.5301, 0.00137689, 16.4867
5923, 98.71667, 0.510969, -69.5846, 0.00137806, 16.4308
5924, 98.72500, 0.511308, -69.6393, 0.00137923, 16.3748
5924, 98.73333, 0.511648, -69.694, 0.0013804, 16.3188
5925, 98.74167, 0.511987, -69.7489, 0.00138157, 16.2626
5925, 98.75000, 0.512327, -69.8038, 0.00138274, 16.2063
5926, 98.75833, 0.512668, -69.8588, 0.00138391, 16.15
5926, 98.76667, 0.513008, -69.9139, 0.00138508, 16.0935
5927, 98.77500, 0.513349, -69.9691, 0.00138626, 16.037
5927, 98.78333, 0.51369, -70.0244, 0.00138743, 15.9804
5928, 98.79166, 0.514031, -70.0798, 0.00138861, 15.9236
5928, 98.80000, 0.514372, -70.1353, 0.00138979, 15.8668
5929, 98.80833, 0.514714, -70.1909, 0.00139097, 15.8099
5929, 98.81667, 0.515055, -70.2466, 0.00139215, 15.7529
5930, 98.82500, 0.515398, -70.3024, 0.00139333, 15.6958
5930, 98.83334, 0.51574, -70.3582, 0.00139451, 15.6386
5931, 98.84167, 0.516082, -70.4142, 0.00139569, 15.5813
5931, 98.85000, 0.516425, -70.4703, 0.00139688, 15.5239
5932, 98.85833, 0.516768, -70.5264, 0.00139806, 15.4664
5932, 98.86667, 0.517111, -70.5826, 0.00139925, 15.4088
5933, 98.87500, 0.517455, -70.639, 0.00140044, 15.3512
5933, 98.88333, 0.517798, -70.6954, 0.00140163, 15.2934
5934, 98.89167, 0.518142, -70.7519, 0.00140281, 15.2355
5934, 98.90000, 0.518486, -70.8086, 0.001404, 15.1776
5935, 98.90833, 0.51883, -70.8653, 0.0014052, 15.1195
5935, 98.91666, 0.519175, -70.9221, 0.00140639, 15.0614
5936, 98.92500, 0.51952, -70.979, 0.00140758, 15.0031
5936, 98.93333, 0.519865, -71.036, 0.00140878, 14.9448
5937, 98.94167, 0.52021, -71.0931, 0.00140997, 14.8863
5937, 98.95000, 0.520555, -71.1503, 0.00141117, 14.8278
5938, 98.95834, 0.520901, -71.2076, 0.00141236, 14.7692
5938, 98.96667, 0.521246, -71.265, 0.00141356, 14.7104
5939, 98.97500, 0.521592, -71.3225, 0.00141476, 14.6516
5939, 98.98333, 0.521938, -71.3801, 0.00141596, 14.5927
5940, 98.99167, 0.522285, -71.4377, 0.00141716, 14.5337
5940, 99.00000, 0.522631, -71.4955, 0.00141836, 14.4746
5941, 99.00833, 0.522978, -71.5534, 0.00141957, 14.4154
5941, 99.01667, 0.523325, -71.6113, 0.00142077, 14.356
5942, 99.02500, 0.523672, -71.6694, 0.00142198, 14.2966
5942, 99.03333, 0.524019, -71.7276, 0.00142318, 14.2371
5943, 99.04166, 0.524367, -71.7858, 0.00142439, 14.1775
5943, 99.05000, 0.524714, -71.8442, 0.0014256, 14.1178
5944, 99.05833, 0.525062, -71.9026, 0.0014268, 14.058
5944, 99.06667, 0.52541, -71.9612, 0.00142801, 13.9981
5945, 99.07500, 0.525759, -72.0198, 0.00142922, 13.9381
5945, 99.08334, 0.526107, -72.0785, 0.00143044, 13.8781
5946, 99.09167, 0.526456, -72.1374, 0.00143165, 13.8179
5946, 99.10000, 0.526804, -72.1963, 0.00143286, 13.7576
5947, 99.10833, 0.527153, -72.2553, 0.00143408, 13.6972
5947, 99.11667, 0.527502, -72.3145, 0.00143529, 13.6367
5948, 99.12500, 0.527852, -72.3737, 0.00143651, 13.5761
5948, 99.13333, 0.528201, -72.433, 0.00143772, 13.5155
5949, 99.14167, 0.528551, -72.4925, 0.00143894, 13.4547
5949, 99.15000, 0.5289, -72.552, 0.00144016, 13.3938
5950, 99.15833, 0.52925, -72.6116, 0.00144138, 13.3328
5950, 99.16666, 0.5296, -72.6713, 0.0014426, 13.2717
5951, 99.17500, 0.529951, -72.7311, 0.00144382, 13.2106
5951, 99.18333, 0.530301, -72.7911, 0.00144504, 13.1493
5952, 99.19167, 0.530652, -72.8511, 0.00144626, 13.0879
5952, 99.20000, 0.531002, -72.9112, 0.00144749, 13.0264
5953, 99.20834, 0.531353, -72.9714, 0.00144871, 12.9649
5953, 99.21667, 0.531704, -73.0317, 0.00144994, 12.9032
5954, 99.22500, 0.532055, -73.0921, 0.00145116, 12.8414
5954, 99.23333, 0.532406, -73.1526, 0.00145239, 12.7796
5955, 99.24167, 0.532758, -73.2132, 0.00145362, 12.7176
5955, 99.25000, 0.533109, -73.2739, 0.00145485, 12.6555
5956, 99.25833, 0.533461, -73.3347, 0.00145608, 12.5934
5956, 99.26667, 0.533813, -73.3957, 0.00145731, 12.5311
5957, 99.27500, 0.534165, -73.4567, 0.00145854, 12.4687
5957, 99.28333, 0.534517, -73.5178, 0.00145977, 12.4062
5958, 99.29166, 0.534869, -73.579, 0.001461, 12.3437
5958, 99.30000, 0.535222, -73.6403, 0.00146223, 12.281
5959, 99.30833, 0.535574, -73.7017, 0.00146347, 12.2182
5959, 99.31667, 0.535927, -73.7632, 0.0014647, 12.1554
5960, 99.32500, 0.536279, -73.8248, 0.00146594, 12.0924
5960, 99.33334, 0.536632, -73.8865, 0.00146718, 12.0293
5961, 99.34167, 0.536985, -73.9483, 0.00146841, 11.9661
5961, 99.35000, 0.537338, -74.0102, 0.00146965, 11.9029
5962, 99.35833, 0.537691, -74.0722, 0.00147089, 11.8395
5962, 99.36667, 0.538045, -74.1343, 0.00147213, 11.776
5963, 99.37500, 0.538398, -74.1965, 0.00147337, 11.7124
5963, 99.38333, 0.538752, -74.2589, 0.00147461, 11.6487
5964, 99.39167, 0.539105, -74.3213, 0.00147585, 11.585
5964, 99.40000, 0.539459, -74.3838, 0.00147709, 11.5211
5965, 99.40833, 0.539813, -74.4464, 0.00147834, 11.4571
5965, 99.41666, 0.540167, -74.5091, 0.00147958, 11.393
5966, 99.42500, 0.540521, -74.5719, 0.00148082, 11.3288
5966, 99.43333, 0.540875, -74.6348, 0.00148207, 11.2645
5967, 99.44167, 0.541229, -74.6979, 0.00148332, 11.2001
5967, 99.45000, 0.541583, -74.761, 0.00148456, 11.1356
5968, 99.45834, 0.541937, -74.8242, 0.00148581, 11.071
5968, 99.46667, 0.542292, -74.8875, 0.00148706, 11.0063
5969, 99.47500, 0.542646, -74.9509, 0.00148831, 10.9415
5969, 99.48333, 0.543001, -75.0145, 0.00148955, 10.8766
5970, 99.49167, 0.543356, -75.0781, 0.0014908, 10.8116
5970, 99.50000, 0.54371, -75.1418, 0.00149205, 10.7465
5971, 99.50833, 0.544065, -75.2056, 0.00149331, 10.6813
5971, 99.51667, 0.54442, -75.2696, 0.00149456, 10.616
5972, 99.52500, 0.544775, -75.3336, 0.00149581, 10.5506
5972, 99.53333, 0.54513, -75.3977, 0.00149706, 10.4851
5973, 99.54166, 0.545485, -75.462, 0.00149832, 10.4194
5973, 99.55000, 0.54584, -75.5263, 0.00149957, 10.3537
5974, 99.55833, 0.546195, -75.5908, 0.00150083, 10.2879
5974, 99.56667, 0.54655, -75.6553, 0.00150208, 10.2219
5975, 99.57500, 0.546906, -75.72, 0.00150334, 10.1559
5975, 99.58334, 0.547261, -75.7847, 0.00150459, 10.0898
5976, 99.59167, 0.547616, -75.8496, 0.00150585, 10.0235
5976, 99.60000, 0.547972, -75.9145, 0.00150711, 9.95718
5977, 99.60833, 0.548327, -75.9796, 0.00150837, 9.89073
5977, 99.61667, 0.548683, -76.0448, 0.00150962, 9.82417
5978, 99.62500, 0.549038, -76.11, 0.00151088, 9.75752
5978, 99.63333, 0.549394, -76.1754, 0.00151214, 9.69076
5979, 99.64167, 0.549749, -76.2409, 0.0015134, 9.62389
5979, 99.65000, 0.550105, -76.3064, 0.00151466, 9.55693
5980, 99.65833, 0.55046, -76.3721, 0.00151593, 9.48986
5980, 99.66666, 0.550816, -76.4379, 0.00151719, 9.42268
5981, 99.67500, 0.551172, -76.5038, 0.00151845, 9.3554
5981, 99.68333, 0.551527, -76.5698, 0.00151971, 9.28802
5982, 99.69167, 0.551883, -76.6359, 0.00152098, 9.22052
5982, 99.70000, 0.552239, -76.7021, 0.00152224, 9.15293
5983, 99.70834, 0.552594, -76.7684, 0.0015235, 9.08524
5983, 99.71667, 0.55295, -76.8348, 0.00152477, 9.01743
5984, 99.72500, 0.553306, -76.9013, 0.00152603, 8.94953
5984, 99.73333, 0.553662, -76.9679, 0.0015273, 8.88152
5985, 99.74167, 0.554017, -77.0346, 0.00152857, 8.8134
5985, 99.75000, 0.554373, -77.1014, 0.00152983, 8.74518
5986, 99.75833, 0.554729, -77.1684, 0.0015311, 8.67686
5986, 99.76667, 0.555084, -77.2354, 0.00153237, 8.60843
5987, 99.77500, 0.55544, -77.3025, 0.00153364, 8.5399
5987, 99.78333, 0.555796, -77.3698, 0.0015349, 8.47126
5988, 99.79166, 0.556151, -77.4371, 0.00153617, 8.40251
5988, 99.80000, 0.556507, -77.5045, 0.00153744, 8.33367
5989, 99.80833, 0.556862, -77.5721, 0.00153871, 8.26472
5989, 99.81667, 0.557218, -77.6398, 0.00153998, 8.19565
5990, 99.82500, 0.557573, -77.7075, 0.00154125, 8.12649
5990, 99.83334, 0.557929, -77.7754, 0.00154252, 8.05722
5991, 99.84167, 0.558284, -77.8434, 0.00154379, 7.98784
5991, 99.85000, 0.55864, -77.9114, 0.00154506, 7.91836
5992, 99.85833, 0.558995, -77.9796, 0.00154633, 7.84878
5992, 99.86667, 0.55935, -78.0479, 0.00154761, 7.77908
5993, 99.87500, 0.559706, -78.1163, 0.00154888, 7.70929
5993, 99.88333, 0.560061, -78.1848, 0.00155015, 7.63939
5994, 99.89167, 0.560416, -78.2534, 0.00155142, 7.56938
5994, 99.90000, 0.560771, -78.3221, 0.0015527, 7.49927
5995, 99.90833, 0.561126, -78.3909, 0.00155397, 7.42905
5995, 99.91666, 0.561481, -78.4598, 0.00155524, 7.35872
5996, 99.92500, 0.561836, -78.5288, 0.00155652, 7.28829
5996, 99.93333, 0.562191, -78.5979, 0.00155779, 7.21776
5997, 99.94167, 0.562545, -78.6672, 0.00155907, 7.14711
5997, 99.95000, 0.5629, -78.7365, 0.00156034, 7.07637
5998, 99.95834, 0.563255, -78.8059, 0.00156162, 7.00552
5998, 99.96667, 0.563609, -78.8755, 0.00156289, 6.93455
5999, 99.97500, 0.563963, -78.9451, 0.00156417, 6.86349
5999, 99.98333, 0.564318, -79.0149, 0.00156544, 6.79232
6000, 99.99167, 0.564672, -79.0847, 0.00156672, 6.72103
6000, 100.00000, 0.565026, -79.1547, 0.00156799, 6.64965
