Freq, Harmonic, V1, VAngle1, I1, IAngle1
60, 1.00000, 14435.9, -2.41106, 5.21182, -28.2757
60, 1.00833, 12398.6, -1.73728, 9.743, -28.9338
61, 1.01667, 0.00475993, 12.4291, 1.71598E-006, -13.4105
62, 1.02500, 0.00479785, 12.4814, 1.72638E-006, -13.3451
62, 1.03333, 0.00483582, 12.5322, 1.73675E-006, -13.282
63, 1.04167, 0.00487385, 12.5816, 1.7471E-006, -13.2211
63, 1.05000, 0.00491191, 12.6295, 1.75742E-006, -13.1623
63, 1.05833, 0.00495003, 12.676, 1.76772E-006, -13.1057
64, 1.06667, 0.00498819, 12.7211, 1.77799E-006, -13.051
65, 1.07500, 0.0050264, 12.7649, 1.78824E-006, -12.9984
65, 1.08333, 0.00506465, 12.8074, 1.79846E-006, -12.9477
66, 1.09167, 0.00510296, 12.8486, 1.80865E-006, -12.8988
66, 1.10000, 0.00514131, 12.8885, 1.81881E-006, -12.8518
66, 1.10833, 0.0051797, 12.9271, 1.82895E-006, -12.8065
67, 1.11667, 0.00521815, 12.9646, 1.83907E-006, -12.763
68, 1.12500, 0.00525664, 13.0008, 1.84916E-006, -12.7211
68, 1.13333, 0.00529518, 13.0358, 1.85922E-006, -12.6809
69, 1.14167, 0.00533377, 13.0697, 1.86925E-006, -12.6422
69, 1.15000, 0.00537241, 13.1025, 1.87926E-006, -12.6051
69, 1.15833, 0.00541109, 13.1341, 1.88924E-006, -12.5695
70, 1.16667, 0.00544983, 13.1647, 1.8992E-006, -12.5353
71, 1.17500, 0.00548861, 13.1941, 1.90913E-006, -12.5026
71, 1.18333, 0.00552743, 13.2225, 1.91903E-006, -12.4713
72, 1.19167, 0.00556632, 13.2498, 1.92891E-006, -12.4413
72, 1.20000, 0.00560524, 13.2762, 1.93876E-006, -12.4126
72, 1.20833, 0.00564422, 13.3015, 1.94858E-006, -12.3852
73, 1.21667, 0.00568324, 13.3258, 1.95838E-006, -12.359
74, 1.22500, 0.00572232, 13.3491, 1.96815E-006, -12.334
74, 1.23333, 0.00576144, 13.3715, 1.9779E-006, -12.3102
75, 1.24167, 0.00580062, 13.3929, 1.98762E-006, -12.2876
75, 1.25000, 0.00583984, 13.4134, 1.99731E-006, -12.266
75, 1.25833, 0.00587911, 13.433, 2.00698E-006, -12.2456
76, 1.26667, 0.00591844, 13.4517, 2.01663E-006, -12.2262
77, 1.27500, 0.00595781, 13.4695, 2.02625E-006, -12.2079
77, 1.28333, 0.00599723, 13.4864, 2.03584E-006, -12.1905
78, 1.29167, 0.00603671, 13.5024, 2.04541E-006, -12.1741
78, 1.30000, 0.00607624, 13.5176, 2.05495E-006, -12.1587
78, 1.30833, 0.00611582, 13.5319, 2.06446E-006, -12.1442
79, 1.31667, 0.00615545, 13.5455, 2.07396E-006, -12.1306
80, 1.32500, 0.00619513, 13.5582, 2.08342E-006, -12.1179
80, 1.33333, 0.00623486, 13.57, 2.09287E-006, -12.1061
81, 1.34167, 0.00627465, 13.5811, 2.10229E-006, -12.0951
81, 1.35000, 0.00631449, 13.5914, 2.11168E-006, -12.0849
81, 1.35833, 0.00635437, 13.601, 2.12105E-006, -12.0754
82, 1.36667, 0.00639432, 13.6097, 2.1304E-006, -12.0668
83, 1.37500, 0.00643432, 13.6177, 2.13972E-006, -12.0589
83, 1.38333, 0.00647436, 13.625, 2.14902E-006, -12.0518
84, 1.39167, 0.00651447, 13.6315, 2.15829E-006, -12.0454
84, 1.40000, 0.00655462, 13.6373, 2.16754E-006, -12.0397
84, 1.40833, 0.00659483, 13.6424, 2.17677E-006, -12.0346
85, 1.41667, 0.0066351, 13.6468, 2.18598E-006, -12.0302
86, 1.42500, 0.00667542, 13.6504, 2.19516E-006, -12.0265
86, 1.43333, 0.00671579, 13.6534, 2.20432E-006, -12.0234
87, 1.44167, 0.00675622, 13.6557, 2.21345E-006, -12.021
87, 1.45000, 0.00679671, 13.6573, 2.22257E-006, -12.0191
87, 1.45833, 0.00683724, 13.6582, 2.23166E-006, -12.0178
88, 1.46667, 0.00687784, 13.6584, 2.24073E-006, -12.0171
89, 1.47500, 0.00691849, 13.658, 2.24978E-006, -12.017
89, 1.48333, 0.00695919, 13.657, 2.2588E-006, -12.0174
90, 1.49167, 0.00699996, 13.6553, 2.26781E-006, -12.0183
90, 1.50000, 0.00704077, 13.6529, 2.27679E-006, -12.0198
90, 1.50833, 0.00708165, 13.65, 2.28575E-006, -12.0217
91, 1.51667, 0.00712258, 13.6464, 2.29469E-006, -12.0242
92, 1.52500, 0.00716357, 13.6421, 2.30361E-006, -12.0271
92, 1.53333, 0.00720461, 13.6373, 2.31251E-006, -12.0306
93, 1.54167, 0.00724572, 13.6319, 2.32139E-006, -12.0345
93, 1.55000, 0.00728688, 13.6258, 2.33025E-006, -12.0388
93, 1.55833, 0.0073281, 13.6192, 2.33909E-006, -12.0436
94, 1.56667, 0.00736938, 13.6119, 2.34791E-006, -12.0488
94, 1.57500, 0.00741071, 13.6041, 2.35671E-006, -12.0545
95, 1.58333, 0.0074521, 13.5957, 2.36548E-006, -12.0605
96, 1.59167, 0.00749356, 13.5867, 2.37425E-006, -12.067
96, 1.60000, 0.00753507, 13.5771, 2.38299E-006, -12.0738
96, 1.60833, 0.00757664, 13.567, 2.39171E-006, -12.0811
97, 1.61667, 0.00761827, 13.5563, 2.40041E-006, -12.0887
98, 1.62500, 0.00765996, 13.545, 2.40909E-006, -12.0967
98, 1.63333, 0.0077017, 13.5332, 2.41776E-006, -12.1051
99, 1.64167, 0.00774351, 13.5208, 2.42641E-006, -12.1138
99, 1.65000, 0.00778538, 13.5079, 2.43504E-006, -12.1229
99, 1.65833, 0.00782731, 13.4944, 2.44365E-006, -12.1323
100, 1.66667, 0.0078693, 13.4804, 2.45224E-006, -12.1421
101, 1.67500, 0.00791135, 13.4659, 2.46082E-006, -12.1522
101, 1.68333, 0.00795345, 13.4508, 2.46938E-006, -12.1626
102, 1.69167, 0.00799563, 13.4352, 2.47792E-006, -12.1733
102, 1.70000, 0.00803785, 13.4191, 2.48645E-006, -12.1843
102, 1.70833, 0.00808014, 13.4024, 2.49495E-006, -12.1957
103, 1.71667, 0.0081225, 13.3852, 2.50345E-006, -12.2073
104, 1.72500, 0.00816491, 13.3675, 2.51192E-006, -12.2192
104, 1.73333, 0.00820739, 13.3493, 2.52038E-006, -12.2315
105, 1.74167, 0.00824993, 13.3306, 2.52882E-006, -12.244
105, 1.75000, 0.00829252, 13.3113, 2.53725E-006, -12.2567
105, 1.75833, 0.00833518, 13.2916, 2.54566E-006, -12.2698
106, 1.76667, 0.0083779, 13.2714, 2.55405E-006, -12.2831
107, 1.77500, 0.00842068, 13.2506, 2.56243E-006, -12.2967
107, 1.78333, 0.00846353, 13.2294, 2.5708E-006, -12.3105
108, 1.79167, 0.00850644, 13.2077, 2.57915E-006, -12.3246
108, 1.80000, 0.0085494, 13.1855, 2.58748E-006, -12.339
108, 1.80833, 0.00859243, 13.1627, 2.5958E-006, -12.3536
109, 1.81667, 0.00863553, 13.1396, 2.6041E-006, -12.3684
109, 1.82500, 0.00867868, 13.1159, 2.61239E-006, -12.3835
110, 1.83333, 0.0087219, 13.0917, 2.62067E-006, -12.3988
111, 1.84167, 0.00876518, 13.0671, 2.62893E-006, -12.4144
111, 1.85000, 0.00880852, 13.042, 2.63717E-006, -12.4301
111, 1.85833, 0.00885192, 13.0164, 2.64541E-006, -12.4461
112, 1.86667, 0.00889539, 12.9903, 2.65363E-006, -12.4624
113, 1.87500, 0.00893891, 12.9638, 2.66183E-006, -12.4788
113, 1.88333, 0.0089825, 12.9368, 2.67002E-006, -12.4954
114, 1.89167, 0.00902615, 12.9093, 2.6782E-006, -12.5123
114, 1.90000, 0.00906987, 12.8814, 2.68637E-006, -12.5294
114, 1.90833, 0.00911364, 12.853, 2.69452E-006, -12.5467
115, 1.91667, 0.00915748, 12.8242, 2.70266E-006, -12.5642
116, 1.92500, 0.00920138, 12.7948, 2.71078E-006, -12.5818
116, 1.93333, 0.00924533, 12.7651, 2.71889E-006, -12.5997
117, 1.94167, 0.00928936, 12.7349, 2.72699E-006, -12.6178
117, 1.95000, 0.00933344, 12.7042, 2.73508E-006, -12.6361
117, 1.95833, 0.00937758, 12.6731, 2.74315E-006, -12.6545
118, 1.96667, 0.00942179, 12.6416, 2.75122E-006, -12.6732
119, 1.97500, 0.00946606, 12.6096, 2.75927E-006, -12.692
119, 1.98333, 0.00951038, 12.5771, 2.7673E-006, -12.711
120, 1.99167, 0.00955477, 12.5443, 2.77533E-006, -12.7302
120, 2.00000, 0.00959922, 12.511, 2.78334E-006, -12.7496
120, 2.00833, 0.00964373, 12.4772, 2.79134E-006, -12.7692
121, 2.01667, 0.0096883, 12.443, 2.79933E-006, -12.7889
122, 2.02500, 0.00973293, 12.4084, 2.80731E-006, -12.8088
122, 2.03333, 0.00977762, 12.3734, 2.81527E-006, -12.8288
123, 2.04167, 0.00982237, 12.3379, 2.82323E-006, -12.8491
123, 2.05000, 0.00986717, 12.3021, 2.83117E-006, -12.8695
123, 2.05833, 0.00991204, 12.2658, 2.8391E-006, -12.89
124, 2.06667, 0.00995697, 12.2291, 2.84702E-006, -12.9107
125, 2.07500, 0.010002, 12.1919, 2.85493E-006, -12.9316
125, 2.08333, 0.010047, 12.1544, 2.86283E-006, -12.9526
126, 2.09167, 0.0100921, 12.1164, 2.87071E-006, -12.9738
126, 2.10000, 0.0101373, 12.0781, 2.87859E-006, -12.9951
126, 2.10833, 0.0101825, 12.0393, 2.88645E-006, -13.0166
127, 2.11667, 0.0102277, 12.0001, 2.8943E-006, -13.0382
128, 2.12500, 0.0102731, 11.9606, 2.90214E-006, -13.06
128, 2.13333, 0.0103185, 11.9206, 2.90997E-006, -13.0818
129, 2.14167, 0.0103639, 11.8803, 2.91779E-006, -13.1039
129, 2.15000, 0.0104094, 11.8395, 2.9256E-006, -13.126
129, 2.15833, 0.0104549, 11.7984, 2.93339E-006, -13.1483
130, 2.16667, 0.0105006, 11.7569, 2.94118E-006, -13.1708
131, 2.17500, 0.0105462, 11.715, 2.94896E-006, -13.1933
131, 2.18333, 0.0105919, 11.6728, 2.95672E-006, -13.216
132, 2.19167, 0.0106377, 11.6301, 2.96447E-006, -13.2388
132, 2.20000, 0.0106835, 11.5871, 2.97222E-006, -13.2617
132, 2.20833, 0.0107294, 11.5438, 2.97995E-006, -13.2847
133, 2.21667, 0.0107753, 11.5, 2.98767E-006, -13.3078
134, 2.22500, 0.0108213, 11.456, 2.99538E-006, -13.331
134, 2.23333, 0.0108673, 11.4115, 3.00308E-006, -13.3543
135, 2.24167, 0.0109134, 11.3667, 3.01077E-006, -13.3778
135, 2.25000, 0.0109596, 11.3216, 3.01845E-006, -13.4013
135, 2.25833, 0.0110057, 11.2762, 3.02612E-006, -13.4249
136, 2.26667, 0.011052, 11.2304, 3.03378E-006, -13.4486
137, 2.27500, 0.0110983, 11.1842, 3.04143E-006, -13.4724
137, 2.28333, 0.0111446, 11.1378, 3.04907E-006, -13.4962
138, 2.29167, 0.011191, 11.091, 3.0567E-006, -13.5202
138, 2.30000, 0.0112374, 11.0439, 3.06432E-006, -13.5442
138, 2.30833, 0.0112839, 10.9966, 3.07193E-006, -13.5683
139, 2.31667, 0.0113305, 10.9489, 3.07952E-006, -13.5924
140, 2.32500, 0.011377, 10.9009, 3.08711E-006, -13.6166
140, 2.33333, 0.0114237, 10.8526, 3.09469E-006, -13.6408
141, 2.34167, 0.0114704, 10.804, 3.10226E-006, -13.6651
141, 2.35000, 0.0115171, 10.7552, 3.10982E-006, -13.6894
141, 2.35833, 0.0115639, 10.706, 3.11737E-006, -13.7138
142, 2.36667, 0.0116107, 10.6566, 3.12491E-006, -13.7382
143, 2.37500, 0.0116576, 10.607, 3.13244E-006, -13.7626
143, 2.38333, 0.0117045, 10.5571, 3.13996E-006, -13.787
144, 2.39167, 0.0117515, 10.5069, 3.14748E-006, -13.8114
144, 2.40000, 0.0117985, 10.4565, 3.15498E-006, -13.8359
144, 2.40833, 0.0118455, 10.4059, 3.16247E-006, -13.8604
145, 2.41667, 0.0118926, 10.355, 3.16996E-006, -13.8848
146, 2.42500, 0.0119398, 10.3039, 3.17744E-006, -13.9092
146, 2.43333, 0.011987, 10.2526, 3.18491E-006, -13.9337
147, 2.44167, 0.0120343, 10.2011, 3.19237E-006, -13.9581
147, 2.45000, 0.0120816, 10.1494, 3.19983E-006, -13.9824
147, 2.45833, 0.0121289, 10.0975, 3.20727E-006, -14.0068
148, 2.46667, 0.0121763, 10.0455, 3.21471E-006, -14.0311
149, 2.47500, 0.0122238, 9.99322, 3.22215E-006, -14.0553
149, 2.48333, 0.0122713, 9.9408, 3.22957E-006, -14.0795
150, 2.49167, 0.0123189, 9.88822, 3.23699E-006, -14.1036
150, 2.50000, 0.0123665, 9.83549, 3.24441E-006, -14.1276
150, 2.50833, 0.0124141, 9.78262, 3.25182E-006, -14.1516
151, 2.51667, 0.0124619, 9.7296, 3.25922E-006, -14.1755
152, 2.52500, 0.0125096, 9.67646, 3.26662E-006, -14.1993
152, 2.53333, 0.0125575, 9.6232, 3.27402E-006, -14.223
153, 2.54167, 0.0126054, 9.56983, 3.28141E-006, -14.2466
153, 2.55000, 0.0126533, 9.51635, 3.2888E-006, -14.2701
153, 2.55833, 0.0127014, 9.46277, 3.29618E-006, -14.2934
154, 2.56667, 0.0127495, 9.4091, 3.30357E-006, -14.3167
155, 2.57500, 0.0127976, 9.35535, 3.31095E-006, -14.3398
155, 2.58333, 0.0128458, 9.30153, 3.31833E-006, -14.3627
156, 2.59167, 0.0128941, 9.24763, 3.32571E-006, -14.3856
156, 2.60000, 0.0129425, 9.19368, 3.33309E-006, -14.4082
156, 2.60833, 0.0129909, 9.13968, 3.34048E-006, -14.4307
157, 2.61667, 0.0130394, 9.08562, 3.34786E-006, -14.4531
158, 2.62500, 0.013088, 9.03153, 3.35525E-006, -14.4753
158, 2.63333, 0.0131367, 8.9774, 3.36264E-006, -14.4973
159, 2.64167, 0.0131855, 8.92323, 3.37003E-006, -14.5192
159, 2.65000, 0.0132343, 8.86905, 3.37743E-006, -14.5408
159, 2.65833, 0.0132833, 8.81486, 3.38484E-006, -14.5623
160, 2.66667, 0.0133323, 8.76064, 3.39225E-006, -14.5836
161, 2.67500, 0.0133815, 8.70641, 3.39967E-006, -14.6047
161, 2.68333, 0.0134307, 8.65219, 3.4071E-006, -14.6256
162, 2.69167, 0.0134801, 8.59795, 3.41454E-006, -14.6463
162, 2.70000, 0.0135295, 8.54372, 3.422E-006, -14.6668
162, 2.70833, 0.0135791, 8.4895, 3.42946E-006, -14.6871
163, 2.71667, 0.0136288, 8.43527, 3.43694E-006, -14.7073
164, 2.72500, 0.0136786, 8.38105, 3.44443E-006, -14.7272
164, 2.73333, 0.0137286, 8.32685, 3.45193E-006, -14.7469
165, 2.74167, 0.0137787, 8.27264, 3.45946E-006, -14.7664
165, 2.75000, 0.0138289, 8.21844, 3.467E-006, -14.7857
165, 2.75833, 0.0138792, 8.16426, 3.47456E-006, -14.8048
166, 2.76667, 0.0139298, 8.11006, 3.48215E-006, -14.8237
167, 2.77500, 0.0139804, 8.05587, 3.48975E-006, -14.8425
167, 2.78333, 0.0140313, 8.00168, 3.49738E-006, -14.861
168, 2.79167, 0.0140823, 7.94748, 3.50503E-006, -14.8794
168, 2.80000, 0.0141334, 7.89326, 3.51271E-006, -14.8976
168, 2.80833, 0.0141848, 7.83903, 3.52042E-006, -14.9157
169, 2.81667, 0.0142363, 7.78477, 3.52816E-006, -14.9335
170, 2.82500, 0.014288, 7.73047, 3.53592E-006, -14.9513
170, 2.83333, 0.0143399, 7.67614, 3.54372E-006, -14.9689
171, 2.84167, 0.014392, 7.62174, 3.55155E-006, -14.9864
171, 2.85000, 0.0144443, 7.56729, 3.55942E-006, -15.0037
171, 2.85833, 0.0144969, 7.51277, 3.56732E-006, -15.021
172, 2.86667, 0.0145496, 7.45816, 3.57526E-006, -15.0381
173, 2.87500, 0.0146026, 7.40345, 3.58324E-006, -15.0552
173, 2.88333, 0.0146558, 7.34863, 3.59126E-006, -15.0722
174, 2.89167, 0.0147092, 7.29368, 3.59932E-006, -15.0892
174, 2.90000, 0.0147629, 7.23859, 3.60743E-006, -15.1062
174, 2.90833, 0.0148168, 7.18334, 3.61558E-006, -15.1231
175, 2.91667, 0.014871, 7.12791, 3.62377E-006, -15.14
176, 2.92500, 0.0149255, 7.0723, 3.63202E-006, -15.157
176, 2.93333, 0.0149802, 7.01647, 3.64031E-006, -15.174
177, 2.94167, 0.0150351, 6.9604, 3.64865E-006, -15.1911
177, 2.95000, 0.0150904, 6.90409, 3.65704E-006, -15.2082
177, 2.95833, 0.0151459, 6.84751, 3.66549E-006, -15.2255
178, 2.96667, 0.0152018, 6.79062, 3.67399E-006, -15.2429
179, 2.97500, 0.0152579, 6.73343, 3.68254E-006, -15.2605
179, 2.98333, 0.0153143, 6.67589, 3.69115E-006, -15.2782
180, 2.99167, 92.0062, -116.416, 0.0666203, 105.22
180, 3.00000, 92.1007, -117.179, 0.0667878, 105.035
180, 3.00833, 92.1618, -117.933, 0.0669561, 104.841
181, 3.01667, 0.0155431, 6.44188, 3.72617E-006, -15.3514
182, 3.02500, 0.0156011, 6.38229, 3.73507E-006, -15.3704
182, 3.03333, 0.0156594, 6.32222, 3.74404E-006, -15.3897
183, 3.04167, 0.015718, 6.26163, 3.75307E-006, -15.4094
183, 3.05000, 0.015777, 6.20051, 3.76216E-006, -15.4294
183, 3.05833, 0.0158363, 6.13882, 3.77131E-006, -15.4499
184, 3.06667, 0.015896, 6.07654, 3.78053E-006, -15.4708
185, 3.07500, 0.015956, 6.01365, 3.78981E-006, -15.4922
185, 3.08333, 0.0160163, 5.95012, 3.79916E-006, -15.5141
186, 3.09167, 0.016077, 5.88591, 3.80858E-006, -15.5365
186, 3.10000, 0.016138, 5.82101, 3.81805E-006, -15.5594
186, 3.10833, 0.0161994, 5.75539, 3.8276E-006, -15.5829
187, 3.11667, 0.0162612, 5.68902, 3.83721E-006, -15.607
188, 3.12500, 0.0163232, 5.62188, 3.84689E-006, -15.6318
188, 3.13333, 0.0163857, 5.55395, 3.85664E-006, -15.6572
189, 3.14167, 0.0164485, 5.48517, 3.86645E-006, -15.6833
189, 3.15000, 0.0165117, 5.41556, 3.87633E-006, -15.7101
189, 3.15833, 0.0165752, 5.34507, 3.88627E-006, -15.7376
190, 3.16667, 0.0166391, 5.27368, 3.89629E-006, -15.7659
191, 3.17500, 0.0167033, 5.20137, 3.90637E-006, -15.795
191, 3.18333, 0.0167679, 5.12811, 3.91651E-006, -15.8248
192, 3.19167, 0.0168329, 5.05387, 3.92672E-006, -15.8556
192, 3.20000, 0.0168982, 4.97864, 3.937E-006, -15.8871
192, 3.20833, 0.0169638, 4.9024, 3.94734E-006, -15.9196
193, 3.21667, 0.0170298, 4.82512, 3.95774E-006, -15.953
194, 3.22500, 0.0170962, 4.74678, 3.96821E-006, -15.9872
194, 3.23333, 0.0171629, 4.66736, 3.97875E-006, -16.0225
195, 3.24167, 0.01723, 4.58683, 3.98934E-006, -16.0587
195, 3.25000, 0.0172974, 4.50519, 4E-006, -16.0959
195, 3.25833, 0.0173651, 4.42241, 4.01072E-006, -16.1341
196, 3.26667, 0.0174332, 4.33846, 4.02151E-006, -16.1733
197, 3.27500, 0.0175017, 4.25335, 4.03235E-006, -16.2136
197, 3.28333, 0.0175704, 4.16704, 4.04325E-006, -16.255
198, 3.29167, 0.0176395, 4.07951, 4.05421E-006, -16.2974
198, 3.30000, 0.017709, 3.99076, 4.06523E-006, -16.341
198, 3.30833, 0.0177787, 3.90077, 4.07631E-006, -16.3856
199, 3.31667, 0.0178488, 3.80951, 4.08744E-006, -16.4314
200, 3.32500, 0.0179192, 3.717, 4.09863E-006, -16.4784
200, 3.33333, 0.0179899, 3.62319, 4.10987E-006, -16.5265
201, 3.34167, 0.018061, 3.52807, 4.12117E-006, -16.5758
201, 3.35000, 0.0181323, 3.43165, 4.13251E-006, -16.6263
201, 3.35833, 0.0182039, 3.33391, 4.14391E-006, -16.678
202, 3.36667, 0.0182759, 3.23482, 4.15537E-006, -16.7309
203, 3.37500, 0.0183481, 3.13439, 4.16686E-006, -16.7851
203, 3.38333, 0.0184206, 3.0326, 4.17841E-006, -16.8405
204, 3.39167, 0.0184935, 2.92942, 4.19001E-006, -16.8971
204, 3.40000, 0.0185666, 2.82489, 4.20165E-006, -16.955
204, 3.40833, 0.0186399, 2.71896, 4.21334E-006, -17.0142
205, 3.41667, 0.0187136, 2.61162, 4.22507E-006, -17.0747
206, 3.42500, 0.0187875, 2.50288, 4.23684E-006, -17.1365
206, 3.43333, 0.0188617, 2.39273, 4.24866E-006, -17.1996
207, 3.44167, 0.0189361, 2.28115, 4.26052E-006, -17.264
207, 3.45000, 0.0190108, 2.16814, 4.27241E-006, -17.3297
207, 3.45833, 0.0190858, 2.0537, 4.28435E-006, -17.3967
208, 3.46667, 0.019161, 1.9378, 4.29632E-006, -17.4651
209, 3.47500, 0.0192364, 1.82046, 4.30833E-006, -17.5349
209, 3.48333, 0.0193121, 1.70166, 4.32037E-006, -17.606
210, 3.49167, 0.019388, 1.58138, 4.33245E-006, -17.6784
210, 3.50000, 0.0194641, 1.45965, 4.34456E-006, -17.7522
210, 3.50833, 0.0195404, 1.33645, 4.3567E-006, -17.8274
211, 3.51667, 0.019617, 1.21174, 4.36887E-006, -17.904
212, 3.52500, 0.0196937, 1.08557, 4.38107E-006, -17.9819
212, 3.53333, 0.0197707, 0.95791, 4.3933E-006, -18.0613
213, 3.54167, 0.0198478, 0.828737, 4.40556E-006, -18.142
213, 3.55000, 0.0199251, 0.698081, 4.41784E-006, -18.2241
213, 3.55833, 0.0200027, 0.565922, 4.43014E-006, -18.3077
214, 3.56667, 0.0200804, 0.432239, 4.44247E-006, -18.3926
215, 3.57500, 0.0201582, 0.297061, 4.45482E-006, -18.479
215, 3.58333, 0.0202363, 0.160367, 4.46719E-006, -18.5668
216, 3.59167, 0.0203145, 0.0221382, 4.47958E-006, -18.656
216, 3.60000, 0.0203929, -0.117597, 4.49198E-006, -18.7467
216, 3.60833, 0.0204714, -0.258858, 4.5044E-006, -18.8387
217, 3.61667, 0.02055, -0.401665, 4.51684E-006, -18.9322
217, 3.62500, 0.0206288, -0.545987, 4.52929E-006, -19.0272
218, 3.63333, 0.0207077, -0.691846, 4.54176E-006, -19.1236
219, 3.64167, 0.0207868, -0.83926, 4.55424E-006, -19.2214
219, 3.65000, 0.0208659, -0.988199, 4.56672E-006, -19.3207
219, 3.65833, 0.0209452, -1.13868, 4.57922E-006, -19.4215
220, 3.66667, 0.0210246, -1.29073, 4.59172E-006, -19.5237
221, 3.67500, 0.021104, -1.44431, 4.60423E-006, -19.6274
221, 3.68333, 0.0211836, -1.59945, 4.61674E-006, -19.7325
222, 3.69167, 0.0212633, -1.75616, 4.62925E-006, -19.8392
222, 3.70000, 0.021343, -1.91441, 4.64177E-006, -19.9473
222, 3.70833, 0.0214228, -2.07422, 4.65429E-006, -20.0568
223, 3.71667, 0.0215026, -2.23561, 4.6668E-006, -20.1679
224, 3.72500, 0.0215826, -2.39855, 4.67932E-006, -20.2804
224, 3.73333, 0.0216625, -2.56306, 4.69183E-006, -20.3944
225, 3.74167, 0.0217425, -2.72916, 4.70433E-006, -20.51
225, 3.75000, 0.0218226, -2.89681, 4.71683E-006, -20.627
225, 3.75833, 0.0219026, -3.06604, 4.72931E-006, -20.7455
226, 3.76667, 0.0219827, -3.23687, 4.74179E-006, -20.8655
227, 3.77500, 0.0220628, -3.40926, 4.75426E-006, -20.987
227, 3.78333, 0.0221429, -3.58323, 4.76671E-006, -21.11
228, 3.79167, 0.022223, -3.75881, 4.77915E-006, -21.2345
228, 3.80000, 0.022303, -3.93595, 4.79157E-006, -21.3605
228, 3.80833, 0.0223831, -4.11469, 4.80397E-006, -21.4881
229, 3.81667, 0.0224631, -4.29503, 4.81635E-006, -21.6171
230, 3.82500, 0.0225431, -4.47695, 4.82871E-006, -21.7477
230, 3.83333, 0.022623, -4.66046, 4.84105E-006, -21.8798
231, 3.84167, 0.0227029, -4.84559, 4.85336E-006, -22.0135
231, 3.85000, 0.0227826, -5.0323, 4.86564E-006, -22.1486
231, 3.85833, 0.0228624, -5.2206, 4.8779E-006, -22.2853
232, 3.86667, 0.022942, -5.41053, 4.89012E-006, -22.4235
233, 3.87500, 0.0230215, -5.60204, 4.90232E-006, -22.5632
233, 3.88333, 0.0231009, -5.79516, 4.91447E-006, -22.7045
234, 3.89167, 0.0231803, -5.9899, 4.92659E-006, -22.8474
234, 3.90000, 0.0232594, -6.18623, 4.93867E-006, -22.9917
234, 3.90833, 0.0233385, -6.38416, 4.95071E-006, -23.1376
235, 3.91667, 0.0234174, -6.58373, 4.96271E-006, -23.2851
236, 3.92500, 0.0234961, -6.78488, 4.97467E-006, -23.434
236, 3.93333, 0.0235746, -6.98765, 4.98657E-006, -23.5846
237, 3.94167, 0.023653, -7.19204, 4.99843E-006, -23.7366
237, 3.95000, 0.0237312, -7.39803, 5.01024E-006, -23.8903
237, 3.95833, 0.0238092, -7.60562, 5.02199E-006, -24.0454
238, 3.96667, 0.023887, -7.81485, 5.03369E-006, -24.2022
238, 3.97500, 0.0239645, -8.02567, 5.04533E-006, -24.3604
239, 3.98333, 0.0240418, -8.23809, 5.05691E-006, -24.5202
240, 3.99167, 0.0241189, -8.45215, 5.06843E-006, -24.6816
240, 4.00000, 0.0241956, -8.6678, 5.07989E-006, -24.8445
240, 4.00833, 0.0242721, -8.88505, 5.09127E-006, -25.009
241, 4.01667, 0.0243483, -9.10393, 5.10259E-006, -25.175
242, 4.02500, 0.0244243, -9.3244, 5.11384E-006, -25.3425
242, 4.03333, 0.0244998, -9.54646, 5.12501E-006, -25.5116
243, 4.04167, 0.0245751, -9.77016, 5.13611E-006, -25.6823
243, 4.05000, 0.02465, -9.99543, 5.14712E-006, -25.8545
243, 4.05833, 0.0247246, -10.2223, 5.15805E-006, -26.0282
244, 4.06667, 0.0247988, -10.4508, 5.1689E-006, -26.2035
245, 4.07500, 0.0248726, -10.6808, 5.17966E-006, -26.3803
245, 4.08333, 0.024946, -10.9125, 5.19034E-006, -26.5586
246, 4.09167, 0.025019, -11.1457, 5.20092E-006, -26.7385
246, 4.10000, 0.0250916, -11.3805, 5.2114E-006, -26.9199
246, 4.10833, 0.0251637, -11.6169, 5.22179E-006, -27.1028
247, 4.11667, 0.0252353, -11.8549, 5.23207E-006, -27.2873
248, 4.12500, 0.0253065, -12.0944, 5.24226E-006, -27.4732
248, 4.13333, 0.0253772, -12.3354, 5.25233E-006, -27.6607
249, 4.14167, 0.0254474, -12.5781, 5.2623E-006, -27.8496
249, 4.15000, 0.0255171, -12.8223, 5.27215E-006, -28.0401
249, 4.15833, 0.0255863, -13.068, 5.2819E-006, -28.2321
250, 4.16667, 0.0256548, -13.3153, 5.29152E-006, -28.4255
251, 4.17500, 0.0257229, -13.5641, 5.30102E-006, -28.6204
251, 4.18333, 0.0257903, -13.8144, 5.3104E-006, -28.8168
252, 4.19167, 0.0258572, -14.0662, 5.31965E-006, -29.0147
252, 4.20000, 0.0259234, -14.3195, 5.32877E-006, -29.214
252, 4.20833, 0.025989, -14.5744, 5.33776E-006, -29.4148
253, 4.21667, 0.0260539, -14.8307, 5.34662E-006, -29.617
254, 4.22500, 0.0261182, -15.0885, 5.35533E-006, -29.8207
254, 4.23333, 0.0261818, -15.3477, 5.36391E-006, -30.0257
255, 4.24167, 0.0262447, -15.6084, 5.37234E-006, -30.2322
255, 4.25000, 0.0263069, -15.8706, 5.38062E-006, -30.4401
255, 4.25833, 0.0263683, -16.1341, 5.38875E-006, -30.6494
256, 4.26667, 0.026429, -16.3992, 5.39673E-006, -30.86
257, 4.27500, 0.0264889, -16.6656, 5.40455E-006, -31.072
257, 4.28333, 0.0265481, -16.9333, 5.41221E-006, -31.2854
258, 4.29167, 0.0266064, -17.2026, 5.41971E-006, -31.5001
258, 4.30000, 0.0266639, -17.4731, 5.42704E-006, -31.7162
258, 4.30833, 0.0267206, -17.745, 5.4342E-006, -31.9335
259, 4.31667, 0.0267764, -18.0182, 5.44119E-006, -32.1521
260, 4.32500, 0.0268314, -18.2928, 5.44801E-006, -32.3721
260, 4.33333, 0.0268854, -18.5686, 5.45464E-006, -32.5932
261, 4.34167, 0.0269386, -18.8458, 5.4611E-006, -32.8157
261, 4.35000, 0.0269909, -19.1242, 5.46737E-006, -33.0394
261, 4.35833, 0.0270422, -19.4039, 5.47346E-006, -33.2642
262, 4.36667, 0.0270925, -19.6848, 5.47935E-006, -33.4903
263, 4.37500, 0.0271419, -19.9669, 5.48506E-006, -33.7176
263, 4.38333, 0.0271903, -20.2502, 5.49056E-006, -33.946
264, 4.39167, 0.0272376, -20.5347, 5.49587E-006, -34.1756
264, 4.40000, 0.027284, -20.8203, 5.50098E-006, -34.4063
264, 4.40833, 0.0273293, -21.1071, 5.50588E-006, -34.638
265, 4.41667, 0.0273736, -21.395, 5.51058E-006, -34.8709
265, 4.42500, 0.0274168, -21.6839, 5.51506E-006, -35.1048
266, 4.43333, 0.0274589, -21.974, 5.51934E-006, -35.3398
267, 4.44167, 0.0274999, -22.2651, 5.5234E-006, -35.5757
267, 4.45000, 0.0275397, -22.5572, 5.52724E-006, -35.8127
267, 4.45833, 0.0275785, -22.8502, 5.53086E-006, -36.0506
268, 4.46667, 0.0276161, -23.1443, 5.53426E-006, -36.2895
269, 4.47500, 0.0276525, -23.4393, 5.53743E-006, -36.5292
269, 4.48333, 0.0276878, -23.7353, 5.54038E-006, -36.7699
270, 4.49167, 0.0277218, -24.0321, 5.54309E-006, -37.0114
270, 4.50000, 0.0277547, -24.3298, 5.54558E-006, -37.2538
270, 4.50833, 0.0277863, -24.6283, 5.54783E-006, -37.497
271, 4.51667, 0.0278168, -24.9277, 5.54984E-006, -37.741
272, 4.52500, 0.0278459, -25.2278, 5.55162E-006, -37.9857
272, 4.53333, 0.0278738, -25.5287, 5.55316E-006, -38.2311
273, 4.54167, 0.0279005, -25.8303, 5.55445E-006, -38.4773
273, 4.55000, 0.0279258, -26.1326, 5.5555E-006, -38.7241
273, 4.55833, 0.0279499, -26.4356, 5.55631E-006, -38.9715
274, 4.56667, 0.0279727, -26.7392, 5.55687E-006, -39.2196
275, 4.57500, 0.0279941, -27.0434, 5.55717E-006, -39.4683
275, 4.58333, 0.0280142, -27.3482, 5.55723E-006, -39.7175
276, 4.59167, 0.028033, -27.6536, 5.55704E-006, -39.9672
276, 4.60000, 0.0280505, -27.9594, 5.55659E-006, -40.2174
276, 4.60833, 0.0280666, -28.2657, 5.55589E-006, -40.4681
277, 4.61667, 0.0280813, -28.5725, 5.55494E-006, -40.7192
278, 4.62500, 0.0280946, -28.8797, 5.55373E-006, -40.9707
278, 4.63333, 0.0281066, -29.1872, 5.55226E-006, -41.2225
279, 4.64167, 0.0281172, -29.4952, 5.55053E-006, -41.4747
279, 4.65000, 0.0281264, -29.8034, 5.54854E-006, -41.7272
279, 4.65833, 0.0281343, -30.1119, 5.5463E-006, -41.9799
280, 4.66667, 0.0281407, -30.4207, 5.54379E-006, -42.2329
281, 4.67500, 0.0281457, -30.7297, 5.54102E-006, -42.486
281, 4.68333, 0.0281493, -31.0388, 5.53799E-006, -42.7393
282, 4.69167, 0.0281515, -31.3481, 5.5347E-006, -42.9928
282, 4.70000, 0.0281522, -31.6575, 5.53115E-006, -43.2463
282, 4.70833, 0.0281516, -31.967, 5.52734E-006, -43.4999
283, 4.71667, 0.0281495, -32.2765, 5.52326E-006, -43.7535
284, 4.72500, 0.028146, -32.586, 5.51893E-006, -44.0071
284, 4.73333, 0.0281411, -32.8955, 5.51433E-006, -44.2606
285, 4.74167, 0.0281347, -33.2049, 5.50947E-006, -44.5141
285, 4.75000, 0.0281269, -33.5143, 5.50435E-006, -44.7674
285, 4.75833, 0.0281177, -33.8234, 5.49898E-006, -45.0206
286, 4.76667, 0.0281071, -34.1325, 5.49334E-006, -45.2736
287, 4.77500, 0.028095, -34.4412, 5.48744E-006, -45.5263
287, 4.78333, 0.0280815, -34.7498, 5.48129E-006, -45.7789
288, 4.79167, 0.0280666, -35.0581, 5.47488E-006, -46.0311
288, 4.80000, 0.0280503, -35.3661, 5.46821E-006, -46.283
288, 4.80833, 0.0280326, -35.6737, 5.46129E-006, -46.5345
289, 4.81667, 0.0280134, -35.9809, 5.45412E-006, -46.7857
290, 4.82500, 0.0279929, -36.2877, 5.4467E-006, -47.0363
290, 4.83333, 0.027971, -36.5941, 5.43902E-006, -47.2866
291, 4.84167, 0.0279476, -36.8999, 5.43109E-006, -47.5363
291, 4.85000, 0.0279229, -37.2053, 5.42292E-006, -47.7855
291, 4.85833, 0.0278968, -37.5101, 5.4145E-006, -48.0341
292, 4.86667, 0.0278693, -37.8143, 5.40584E-006, -48.2822
293, 4.87500, 0.0278405, -38.1178, 5.39694E-006, -48.5296
293, 4.88333, 0.0278103, -38.4207, 5.38779E-006, -48.7763
294, 4.89167, 0.0277787, -38.723, 5.37841E-006, -49.0223
294, 4.90000, 0.0277458, -39.0244, 5.36879E-006, -49.2676
294, 4.90833, 0.0277116, -39.3252, 5.35894E-006, -49.5121
295, 4.91667, 0.027676, -39.6251, 5.34885E-006, -49.7558
296, 4.92500, 0.0276392, -39.9242, 5.33854E-006, -49.9987
296, 4.93333, 0.027601, -40.2225, 5.328E-006, -50.2407
297, 4.94167, 0.0275616, -40.5199, 5.31723E-006, -50.4818
297, 4.95000, 0.0275209, -40.8163, 5.30625E-006, -50.722
297, 4.95833, 0.0274789, -41.1118, 5.29504E-006, -50.9612
298, 4.96667, 0.0274356, -41.4063, 5.28362E-006, -51.1994
299, 4.97500, 0.0273911, -41.6998, 5.27198E-006, -51.4366
299, 4.98333, 0.0273454, -41.9922, 5.26013E-006, -51.6728
300, 4.99167, 99.5719, 80.9273, 1.06845, 31.6322
300, 5.00000, 111.243, 79.8025, 1.07036, 31.4469
300, 5.00833, 122.741, 78.8259, 1.07225, 31.26
301, 5.01667, 0.0271505, -43.151, 5.21068E-006, -52.6063
302, 5.02500, 0.0270989, -43.4377, 5.19782E-006, -52.8368
302, 5.03333, 0.0270461, -43.7233, 5.18477E-006, -53.066
303, 5.04167, 0.0269922, -44.0076, 5.17152E-006, -53.294
303, 5.05000, 0.0269371, -44.2907, 5.15809E-006, -53.5207
303, 5.05833, 0.026881, -44.5724, 5.14447E-006, -53.7461
304, 5.06667, 0.0268238, -44.8528, 5.13068E-006, -53.9702
305, 5.07500, 0.0267655, -45.1319, 5.1167E-006, -54.1929
305, 5.08333, 0.0267061, -45.4095, 5.10255E-006, -54.4142
306, 5.09167, 0.0266458, -45.6858, 5.08823E-006, -54.6342
306, 5.10000, 0.0265844, -45.9606, 5.07374E-006, -54.8526
306, 5.10833, 0.026522, -46.234, 5.05909E-006, -55.0697
307, 5.11667, 0.0264586, -46.5059, 5.04427E-006, -55.2852
308, 5.12500, 0.0263942, -46.7763, 5.0293E-006, -55.4993
308, 5.13333, 0.0263289, -47.0452, 5.01417E-006, -55.7118
309, 5.14167, 0.0262627, -47.3125, 4.9989E-006, -55.9228
309, 5.15000, 0.0261955, -47.5783, 4.98347E-006, -56.1322
309, 5.15833, 0.0261275, -47.8424, 4.9679E-006, -56.34
310, 5.16667, 0.0260585, -48.105, 4.95219E-006, -56.5462
311, 5.17500, 0.0259888, -48.3659, 4.93634E-006, -56.7507
311, 5.18333, 0.0259181, -48.6251, 4.92036E-006, -56.9536
312, 5.19167, 0.0258466, -48.8827, 4.90425E-006, -57.1549
312, 5.20000, 0.0257743, -49.1386, 4.88801E-006, -57.3544
312, 5.20833, 0.0257012, -49.3927, 4.87165E-006, -57.5522
313, 5.21667, 0.0256274, -49.6452, 4.85516E-006, -57.7483
314, 5.22500, 0.0255528, -49.8958, 4.83856E-006, -57.9426
314, 5.23333, 0.0254774, -50.1447, 4.82185E-006, -58.1351
315, 5.24167, 0.0254013, -50.3918, 4.80503E-006, -58.3259
315, 5.25000, 0.0253245, -50.6371, 4.7881E-006, -58.5149
315, 5.25833, 0.025247, -50.8806, 4.77107E-006, -58.702
316, 5.26667, 0.0251689, -51.1222, 4.75393E-006, -58.8873
317, 5.27500, 0.0250901, -51.362, 4.7367E-006, -59.0707
317, 5.28333, 0.0250106, -51.5998, 4.71938E-006, -59.2523
318, 5.29167, 0.0249305, -51.8359, 4.70196E-006, -59.432
318, 5.30000, 0.0248499, -52.0699, 4.68447E-006, -59.6097
318, 5.30833, 0.0247686, -52.3021, 4.66688E-006, -59.7856
319, 5.31667, 0.0246868, -52.5323, 4.64922E-006, -59.9595
320, 5.32500, 0.0246044, -52.7606, 4.63148E-006, -60.1315
320, 5.33333, 0.0245215, -52.9869, 4.61367E-006, -60.3015
321, 5.34167, 0.0244381, -53.2113, 4.59578E-006, -60.4696
321, 5.35000, 0.0243542, -53.4336, 4.57783E-006, -60.6356
321, 5.35833, 0.0242698, -53.6539, 4.55981E-006, -60.7997
322, 5.36667, 0.0241849, -53.8723, 4.54174E-006, -60.9618
323, 5.37500, 0.0240996, -54.0886, 4.5236E-006, -61.1218
323, 5.38333, 0.0240139, -54.3028, 4.50541E-006, -61.2798
324, 5.39167, 0.0239277, -54.5151, 4.48717E-006, -61.4357
324, 5.40000, 0.0238412, -54.7252, 4.46888E-006, -61.5896
324, 5.40833, 0.0237542, -54.9333, 4.45054E-006, -61.7415
325, 5.41667, 0.0236669, -55.1393, 4.43216E-006, -61.8912
326, 5.42500, 0.0235792, -55.3431, 4.41374E-006, -62.0389
326, 5.43333, 0.0234912, -55.5449, 4.39528E-006, -62.1845
327, 5.44167, 0.0234029, -55.7446, 4.37678E-006, -62.328
327, 5.45000, 0.0233143, -55.9422, 4.35826E-006, -62.4693
327, 5.45833, 0.0232253, -56.1376, 4.3397E-006, -62.6086
328, 5.46667, 0.0231361, -56.3309, 4.32112E-006, -62.7457
329, 5.47500, 0.0230467, -56.522, 4.30252E-006, -62.8806
329, 5.48333, 0.022957, -56.711, 4.28389E-006, -63.0135
330, 5.49167, 0.022867, -56.8978, 4.26524E-006, -63.1441
330, 5.50000, 0.0227769, -57.0824, 4.24658E-006, -63.2726
330, 5.50833, 0.0226865, -57.2649, 4.22791E-006, -63.399
331, 5.51667, 0.0225959, -57.4452, 4.20922E-006, -63.5231
332, 5.52500, 0.0225052, -57.6232, 4.19053E-006, -63.6451
332, 5.53333, 0.0224143, -57.7991, 4.17183E-006, -63.7649
333, 5.54167, 0.0223233, -57.9728, 4.15312E-006, -63.8825
333, 5.55000, 0.0222321, -58.1443, 4.13442E-006, -63.9979
333, 5.55833, 0.0221408, -58.3135, 4.11571E-006, -64.1111
334, 5.56667, 0.0220493, -58.4805, 4.09701E-006, -64.222
335, 5.57500, 0.0219578, -58.6453, 4.07831E-006, -64.3308
335, 5.58333, 0.0218662, -58.8079, 4.05962E-006, -64.4373
336, 5.59167, 0.0217745, -58.9682, 4.04094E-006, -64.5416
336, 5.60000, 0.0216828, -59.1263, 4.02227E-006, -64.6437
336, 5.60833, 0.021591, -59.2821, 4.00362E-006, -64.7436
337, 5.61667, 0.0214992, -59.4357, 3.98498E-006, -64.8412
338, 5.62500, 0.0214074, -59.587, 3.96636E-006, -64.9365
338, 5.63333, 0.0213155, -59.7361, 3.94776E-006, -65.0296
339, 5.64167, 0.0212236, -59.8829, 3.92918E-006, -65.1205
339, 5.65000, 0.0211318, -60.0274, 3.91063E-006, -65.2091
339, 5.65833, 0.0210399, -60.1697, 3.8921E-006, -65.2955
340, 5.66667, 0.0209481, -60.3097, 3.87359E-006, -65.3796
341, 5.67500, 0.0208563, -60.4474, 3.85512E-006, -65.4614
341, 5.68333, 0.0207646, -60.5828, 3.83668E-006, -65.541
342, 5.69167, 0.0206729, -60.716, 3.81826E-006, -65.6183
342, 5.70000, 0.0205813, -60.8468, 3.79989E-006, -65.6933
342, 5.70833, 0.0204898, -60.9754, 3.78155E-006, -65.7661
343, 5.71667, 0.0203983, -61.1017, 3.76324E-006, -65.8366
344, 5.72500, 0.020307, -61.2257, 3.74498E-006, -65.9048
344, 5.73333, 0.0202158, -61.3474, 3.72676E-006, -65.9707
345, 5.74167, 0.0201247, -61.4668, 3.70857E-006, -66.0344
345, 5.75000, 0.0200337, -61.5839, 3.69044E-006, -66.0957
345, 5.75833, 0.0199428, -61.6987, 3.67234E-006, -66.1548
346, 5.76667, 0.0198521, -61.8112, 3.65429E-006, -66.2116
347, 5.77500, 0.0197615, -61.9214, 3.63629E-006, -66.2661
347, 5.78333, 0.0196711, -62.0294, 3.61834E-006, -66.3184
348, 5.79167, 0.0195809, -62.135, 3.60044E-006, -66.3683
348, 5.80000, 0.0194908, -62.2383, 3.58259E-006, -66.416
348, 5.80833, 0.0194009, -62.3393, 3.5648E-006, -66.4614
349, 5.81667, 0.0193112, -62.438, 3.54705E-006, -66.5045
350, 5.82500, 0.0192217, -62.5344, 3.52936E-006, -66.5453
350, 5.83333, 0.0191324, -62.6284, 3.51173E-006, -66.5838
351, 5.84167, 0.0190433, -62.7202, 3.49416E-006, -66.62
351, 5.85000, 0.0189544, -62.8097, 3.47664E-006, -66.6539
351, 5.85833, 0.0188658, -62.8968, 3.45918E-006, -66.6856
352, 5.86667, 0.0187773, -62.9817, 3.44179E-006, -66.7149
353, 5.87500, 0.0186892, -63.0642, 3.42445E-006, -66.742
353, 5.88333, 0.0186012, -63.1445, 3.40718E-006, -66.7668
354, 5.89167, 0.0185135, -63.2224, 3.38997E-006, -66.7893
354, 5.90000, 0.0184261, -63.298, 3.37282E-006, -66.8095
354, 5.90833, 0.0183389, -63.3713, 3.35574E-006, -66.8274
355, 5.91667, 0.018252, -63.4423, 3.33873E-006, -66.843
356, 5.92500, 0.0181653, -63.511, 3.32178E-006, -66.8563
356, 5.93333, 0.0180789, -63.5774, 3.3049E-006, -66.8674
357, 5.94167, 0.0179928, -63.6415, 3.28809E-006, -66.8762
357, 5.95000, 0.017907, -63.7033, 3.27135E-006, -66.8826
357, 5.95833, 0.0178215, -63.7628, 3.25467E-006, -66.8868
358, 5.96667, 0.0177363, -63.82, 3.23807E-006, -66.8887
359, 5.97500, 0.0176514, -63.8748, 3.22154E-006, -66.8883
359, 5.98333, 0.0175668, -63.9274, 3.20508E-006, -66.8857
360, 5.99167, 0.0174825, -63.9776, 3.18869E-006, -66.8807
360, 6.00000, 0.0173985, -64.0256, 3.17238E-006, -66.8735
360, 6.00833, 0.0173148, -64.0713, 3.15614E-006, -66.864
361, 6.01667, 0.0172315, -64.1146, 3.13998E-006, -66.8522
362, 6.02500, 0.0171484, -64.1557, 3.12389E-006, -66.8382
362, 6.03333, 0.0170658, -64.1944, 3.10787E-006, -66.8218
363, 6.04167, 0.0169834, -64.2309, 3.09193E-006, -66.8032
363, 6.05000, 0.0169014, -64.2651, 3.07607E-006, -66.7823
363, 6.05833, 0.0168197, -64.2969, 3.06029E-006, -66.7592
364, 6.06667, 0.0167384, -64.3265, 3.04458E-006, -66.7337
365, 6.07500, 0.0166574, -64.3538, 3.02895E-006, -66.706
365, 6.08333, 0.0165767, -64.3788, 3.0134E-006, -66.6761
366, 6.09167, 0.0164965, -64.4015, 2.99792E-006, -66.6438
366, 6.10000, 0.0164165, -64.4219, 2.98253E-006, -66.6093
366, 6.10833, 0.016337, -64.44, 2.96722E-006, -66.5725
367, 6.11667, 0.0162578, -64.4558, 2.95198E-006, -66.5335
368, 6.12500, 0.0161789, -64.4694, 2.93683E-006, -66.4922
368, 6.13333, 0.0161005, -64.4806, 2.92176E-006, -66.4486
369, 6.14167, 0.0160224, -64.4896, 2.90676E-006, -66.4027
369, 6.15000, 0.0159447, -64.4963, 2.89185E-006, -66.3547
369, 6.15833, 0.0158673, -64.5007, 2.87703E-006, -66.3043
370, 6.16667, 0.0157904, -64.5028, 2.86228E-006, -66.2517
371, 6.17500, 0.0157138, -64.5026, 2.84761E-006, -66.1968
371, 6.18333, 0.0156376, -64.5002, 2.83303E-006, -66.1397
372, 6.19167, 0.0155618, -64.4955, 2.81853E-006, -66.0803
372, 6.20000, 0.0154864, -64.4885, 2.80411E-006, -66.0187
372, 6.20833, 0.0154113, -64.4793, 2.78978E-006, -65.9548
373, 6.21667, 0.0153367, -64.4677, 2.77552E-006, -65.8887
374, 6.22500, 0.0152624, -64.4539, 2.76136E-006, -65.8204
374, 6.23333, 0.0151886, -64.4379, 2.74727E-006, -65.7497
375, 6.24167, 0.0151151, -64.4195, 2.73327E-006, -65.6769
375, 6.25000, 0.0150421, -64.3989, 2.71936E-006, -65.6018
375, 6.25833, 0.0149694, -64.376, 2.70552E-006, -65.5245
376, 6.26667, 0.0148972, -64.3509, 2.69178E-006, -65.4449
377, 6.27500, 0.0148253, -64.3235, 2.67811E-006, -65.3631
377, 6.28333, 0.0147539, -64.2939, 2.66453E-006, -65.279
378, 6.29167, 0.0146829, -64.2619, 2.65104E-006, -65.1927
378, 6.30000, 0.0146122, -64.2278, 2.63763E-006, -65.1042
378, 6.30833, 0.014542, -64.1913, 2.62431E-006, -65.0135
379, 6.31667, 0.0144722, -64.1527, 2.61106E-006, -64.9205
380, 6.32500, 0.0144028, -64.1117, 2.59791E-006, -64.8253
380, 6.33333, 0.0143338, -64.0686, 2.58484E-006, -64.7279
381, 6.34167, 0.0142653, -64.0231, 2.57186E-006, -64.6283
381, 6.35000, 0.0141971, -63.9755, 2.55896E-006, -64.5264
381, 6.35833, 0.0141294, -63.9256, 2.54615E-006, -64.4224
382, 6.36667, 0.0140621, -63.8734, 2.53342E-006, -64.3161
383, 6.37500, 0.0139952, -63.819, 2.52077E-006, -64.2076
383, 6.38333, 0.0139287, -63.7624, 2.50822E-006, -64.0969
384, 6.39167, 0.0138627, -63.7035, 2.49574E-006, -63.9839
384, 6.40000, 0.013797, -63.6424, 2.48336E-006, -63.8688
384, 6.40833, 0.0137318, -63.5791, 2.47106E-006, -63.7515
385, 6.41667, 0.013667, -63.5135, 2.45884E-006, -63.632
386, 6.42500, 0.0136027, -63.4457, 2.44671E-006, -63.5102
386, 6.43333, 0.0135387, -63.3757, 2.43467E-006, -63.3863
387, 6.44167, 0.0134752, -63.3035, 2.42271E-006, -63.2602
387, 6.45000, 0.0134121, -63.2291, 2.41084E-006, -63.1319
387, 6.45833, 0.0133494, -63.1524, 2.39905E-006, -63.0014
388, 6.46667, 0.0132872, -63.0735, 2.38735E-006, -62.8687
389, 6.47500, 0.0132254, -62.9925, 2.37574E-006, -62.7339
389, 6.48333, 0.013164, -62.9092, 2.36421E-006, -62.5969
390, 6.49167, 0.0131031, -62.8237, 2.35276E-006, -62.4577
390, 6.50000, 0.0130426, -62.736, 2.3414E-006, -62.3163
390, 6.50833, 0.0129825, -62.6461, 2.33013E-006, -62.1727
391, 6.51667, 0.0129228, -62.5541, 2.31894E-006, -62.027
392, 6.52500, 0.0128636, -62.4598, 2.30784E-006, -61.8792
392, 6.53333, 0.0128048, -62.3634, 2.29682E-006, -61.7291
393, 6.54167, 0.0127464, -62.2647, 2.28589E-006, -61.577
393, 6.55000, 0.0126885, -62.1639, 2.27505E-006, -61.4226
393, 6.55833, 0.012631, -62.061, 2.26429E-006, -61.2662
394, 6.56667, 0.0125739, -61.9558, 2.25361E-006, -61.1076
395, 6.57500, 0.0125173, -61.8485, 2.24302E-006, -60.9468
395, 6.58333, 0.0124611, -61.7391, 2.23252E-006, -60.7839
396, 6.59167, 0.0124053, -61.6274, 2.2221E-006, -60.6189
396, 6.60000, 0.01235, -61.5137, 2.21176E-006, -60.4518
396, 6.60833, 0.0122951, -61.3977, 2.20151E-006, -60.2826
397, 6.61667, 0.0122406, -61.2797, 2.19135E-006, -60.1112
398, 6.62500, 0.0121866, -61.1595, 2.18127E-006, -59.9378
398, 6.63333, 0.012133, -61.0372, 2.17127E-006, -59.7622
399, 6.64167, 0.0120798, -60.9127, 2.16136E-006, -59.5845
399, 6.65000, 0.0120271, -60.7861, 2.15153E-006, -59.4048
399, 6.65833, 0.0119748, -60.6574, 2.14179E-006, -59.223
400, 6.66667, 0.0119229, -60.5266, 2.13214E-006, -59.0391
401, 6.67500, 0.0118715, -60.3938, 2.12256E-006, -58.8531
401, 6.68333, 0.0118205, -60.2588, 2.11308E-006, -58.6651
402, 6.69167, 0.01177, -60.1217, 2.10367E-006, -58.475
402, 6.70000, 0.0117199, -59.9826, 2.09435E-006, -58.2828
402, 6.70833, 0.0116702, -59.8413, 2.08512E-006, -58.0886
403, 6.71667, 0.0116209, -59.698, 2.07596E-006, -57.8924
404, 6.72500, 0.0115721, -59.5527, 2.0669E-006, -57.6942
404, 6.73333, 0.0115238, -59.4053, 2.05791E-006, -57.4939
405, 6.74167, 0.0114758, -59.2558, 2.04901E-006, -57.2916
405, 6.75000, 0.0114283, -59.1044, 2.0402E-006, -57.0873
405, 6.75833, 0.0113813, -58.9508, 2.03147E-006, -56.881
406, 6.76667, 0.0113346, -58.7953, 2.02282E-006, -56.6727
407, 6.77500, 0.0112885, -58.6378, 2.01425E-006, -56.4625
407, 6.78333, 0.0112427, -58.4783, 2.00577E-006, -56.2503
408, 6.79167, 0.0111974, -58.3167, 1.99737E-006, -56.0361
408, 6.80000, 0.0111525, -58.1532, 1.98906E-006, -55.8199
408, 6.80833, 0.0111081, -57.9877, 1.98083E-006, -55.6019
409, 6.81667, 0.011064, -57.8203, 1.97268E-006, -55.3819
410, 6.82500, 0.0110205, -57.6509, 1.96461E-006, -55.1599
410, 6.83333, 0.0109773, -57.4796, 1.95663E-006, -54.9361
411, 6.84167, 0.0109346, -57.3063, 1.94873E-006, -54.7104
411, 6.85000, 0.0108924, -57.1311, 1.94091E-006, -54.4828
411, 6.85833, 0.0108505, -56.9541, 1.93317E-006, -54.2533
412, 6.86667, 0.0108091, -56.7751, 1.92552E-006, -54.0219
413, 6.87500, 0.0107682, -56.5942, 1.91795E-006, -53.7887
413, 6.88333, 0.0107276, -56.4115, 1.91046E-006, -53.5537
414, 6.89167, 0.0106875, -56.2269, 1.90305E-006, -53.3168
414, 6.90000, 0.0106479, -56.0404, 1.89573E-006, -53.0781
414, 6.90833, 0.0106086, -55.8522, 1.88848E-006, -52.8376
415, 6.91667, 0.0105698, -55.6621, 1.88132E-006, -52.5954
416, 6.92500, 0.0105315, -55.4702, 1.87424E-006, -52.3513
416, 6.93333, 0.0104936, -55.2765, 1.86725E-006, -52.1055
417, 6.94167, 0.0104561, -55.081, 1.86033E-006, -51.858
417, 6.95000, 0.010419, -54.8838, 1.85349E-006, -51.6087
417, 6.95833, 0.0103824, -54.6849, 1.84674E-006, -51.3577
418, 6.96667, 0.0103462, -54.4842, 1.84007E-006, -51.105
418, 6.97500, 0.0103104, -54.2818, 1.83347E-006, -50.8507
419, 6.98333, 0.0102751, -54.0777, 1.82696E-006, -50.5946
420, 6.99167, 348.497, -118.224, 0.744907, -33.5081
420, 7.00000, 349.338, -117.743, 0.745767, -33.7573
420, 7.00833, 350.188, -117.263, 0.746628, -34.0057
421, 7.01667, 0.010138, -53.2445, 1.80172E-006, -49.5541
422, 7.02500, 0.0101048, -53.0322, 1.79561E-006, -49.29
422, 7.03333, 0.0100721, -52.8182, 1.78958E-006, -49.0243
423, 7.04167, 0.0100398, -52.6027, 1.78363E-006, -48.7571
423, 7.05000, 0.0100079, -52.3856, 1.77776E-006, -48.4883
423, 7.05833, 0.00997638, -52.167, 1.77197E-006, -48.2181
424, 7.06667, 0.00994533, -51.9468, 1.76626E-006, -47.9463
425, 7.07500, 0.00991471, -51.7251, 1.76063E-006, -47.6731
425, 7.08333, 0.00988452, -51.502, 1.75507E-006, -47.3984
426, 7.09167, 0.00985474, -51.2774, 1.7496E-006, -47.1223
426, 7.10000, 0.0098254, -51.0513, 1.74421E-006, -46.8448
426, 7.10833, 0.00979648, -50.8239, 1.73889E-006, -46.5659
427, 7.11667, 0.00976797, -50.595, 1.73365E-006, -46.2856
428, 7.12500, 0.0097399, -50.3647, 1.72849E-006, -46.004
428, 7.13333, 0.00971224, -50.1331, 1.72341E-006, -45.7211
429, 7.14167, 0.00968501, -49.9002, 1.7184E-006, -45.4368
429, 7.15000, 0.00965819, -49.6659, 1.71348E-006, -45.1513
429, 7.15833, 0.0096318, -49.4303, 1.70863E-006, -44.8645
430, 7.16667, 0.00960582, -49.1935, 1.70386E-006, -44.5764
431, 7.17500, 0.00958026, -48.9554, 1.69917E-006, -44.2872
431, 7.18333, 0.00955513, -48.7161, 1.69455E-006, -43.9968
432, 7.19167, 0.0095304, -48.4756, 1.69001E-006, -43.7052
432, 7.20000, 0.00950609, -48.2339, 1.68555E-006, -43.4124
432, 7.20833, 0.0094822, -47.9911, 1.68116E-006, -43.1186
433, 7.21667, 0.00945872, -47.7471, 1.67685E-006, -42.8236
434, 7.22500, 0.00943565, -47.5021, 1.67261E-006, -42.5276
434, 7.23333, 0.009413, -47.2559, 1.66845E-006, -42.2305
435, 7.24167, 0.00939075, -47.0087, 1.66437E-006, -41.9324
435, 7.25000, 0.00936892, -46.7605, 1.66036E-006, -41.6333
435, 7.25833, 0.0093475, -46.5112, 1.65643E-006, -41.3333
436, 7.26667, 0.00932648, -46.261, 1.65257E-006, -41.0322
437, 7.27500, 0.00930587, -46.0098, 1.64879E-006, -40.7303
437, 7.28333, 0.00928567, -45.7578, 1.64508E-006, -40.4275
438, 7.29167, 0.00926587, -45.5047, 1.64145E-006, -40.1238
438, 7.30000, 0.00924647, -45.2509, 1.63789E-006, -39.8193
438, 7.30833, 0.00922748, -44.9961, 1.6344E-006, -39.5139
439, 7.31667, 0.00920889, -44.7406, 1.63099E-006, -39.2078
439, 7.32500, 0.0091907, -44.4842, 1.62765E-006, -38.9009
440, 7.33333, 0.00917291, -44.2271, 1.62439E-006, -38.5933
441, 7.34167, 0.00915551, -43.9692, 1.62119E-006, -38.2849
441, 7.35000, 0.00913852, -43.7107, 1.61807E-006, -37.9759
441, 7.35833, 0.00912191, -43.4514, 1.61502E-006, -37.6662
442, 7.36667, 0.0091057, -43.1915, 1.61205E-006, -37.3559
443, 7.37500, 0.00908989, -42.9309, 1.60914E-006, -37.045
443, 7.38333, 0.00907446, -42.6698, 1.60631E-006, -36.7335
444, 7.39167, 0.00905943, -42.408, 1.60355E-006, -36.4215
444, 7.40000, 0.00904478, -42.1457, 1.60086E-006, -36.109
444, 7.40833, 0.00903052, -41.8829, 1.59824E-006, -35.7959
445, 7.41667, 0.00901664, -41.6195, 1.59569E-006, -35.4824
446, 7.42500, 0.00900315, -41.3558, 1.59321E-006, -35.1685
446, 7.43333, 0.00899004, -41.0915, 1.5908E-006, -34.8542
447, 7.44167, 0.00897731, -40.8269, 1.58846E-006, -34.5395
447, 7.45000, 0.00896497, -40.5618, 1.58619E-006, -34.2244
447, 7.45833, 0.008953, -40.2965, 1.58398E-006, -33.909
448, 7.46667, 0.0089414, -40.0307, 1.58185E-006, -33.5933
449, 7.47500, 0.00893018, -39.7647, 1.57979E-006, -33.2774
449, 7.48333, 0.00891933, -39.4984, 1.57779E-006, -32.9612
450, 7.49167, 0.00890886, -39.2318, 1.57586E-006, -32.6448
450, 7.50000, 0.00889875, -38.9651, 1.574E-006, -32.3282
450, 7.50833, 0.00888901, -38.6981, 1.5722E-006, -32.0115
451, 7.51667, 0.00887964, -38.4309, 1.57047E-006, -31.6946
452, 7.52500, 0.00887063, -38.1637, 1.56881E-006, -31.3776
452, 7.53333, 0.00886199, -37.8963, 1.56721E-006, -31.0605
453, 7.54167, 0.0088537, -37.6288, 1.56568E-006, -30.7434
453, 7.55000, 0.00884577, -37.3613, 1.56422E-006, -30.4262
453, 7.55833, 0.00883821, -37.0937, 1.56282E-006, -30.1091
454, 7.56667, 0.00883099, -36.8261, 1.56148E-006, -29.792
455, 7.57500, 0.00882413, -36.5585, 1.56021E-006, -29.4749
455, 7.58333, 0.00881762, -36.291, 1.55901E-006, -29.158
456, 7.59167, 0.00881146, -36.0236, 1.55786E-006, -28.8411
456, 7.60000, 0.00880565, -35.7562, 1.55678E-006, -28.5243
456, 7.60833, 0.00880018, -35.489, 1.55576E-006, -28.2078
457, 7.61667, 0.00879506, -35.2219, 1.55481E-006, -27.8913
458, 7.62500, 0.00879028, -34.955, 1.55392E-006, -27.5751
458, 7.63333, 0.00878584, -34.6883, 1.55309E-006, -27.2592
459, 7.64167, 0.00878173, -34.4218, 1.55232E-006, -26.9435
459, 7.65000, 0.00877797, -34.1556, 1.55161E-006, -26.6281
459, 7.65833, 0.00877453, -33.8896, 1.55096E-006, -26.313
460, 7.66667, 0.00877143, -33.6239, 1.55037E-006, -25.9981
461, 7.67500, 0.00876866, -33.3586, 1.54985E-006, -25.6837
461, 7.68333, 0.00876621, -33.0936, 1.54938E-006, -25.3697
462, 7.69167, 0.00876409, -32.8289, 1.54897E-006, -25.056
462, 7.70000, 0.00876229, -32.5646, 1.54862E-006, -24.7428
462, 7.70833, 0.00876081, -32.3008, 1.54833E-006, -24.43
463, 7.71667, 0.00875966, -32.0373, 1.54809E-006, -24.1177
464, 7.72500, 0.00875882, -31.7744, 1.54792E-006, -23.8058
464, 7.73333, 0.00875829, -31.5119, 1.5478E-006, -23.4945
465, 7.74167, 0.00875807, -31.2498, 1.54774E-006, -23.1837
465, 7.75000, 0.00875817, -30.9884, 1.54773E-006, -22.8735
465, 7.75833, 0.00875858, -30.7274, 1.54778E-006, -22.5638
466, 7.76667, 0.00875929, -30.467, 1.54789E-006, -22.2547
467, 7.77500, 0.0087603, -30.2072, 1.54805E-006, -21.9463
467, 7.78333, 0.00876161, -29.948, 1.54827E-006, -21.6385
468, 7.79167, 0.00876323, -29.6894, 1.54854E-006, -21.3313
468, 7.80000, 0.00876514, -29.4314, 1.54886E-006, -21.0248
468, 7.80833, 0.00876735, -29.1741, 1.54924E-006, -20.719
469, 7.81667, 0.00876984, -28.9175, 1.54968E-006, -20.4139
470, 7.82500, 0.00877263, -28.6615, 1.55016E-006, -20.1095
470, 7.83333, 0.00877571, -28.4063, 1.5507E-006, -19.8059
471, 7.84167, 0.00877907, -28.1517, 1.55129E-006, -19.503
471, 7.85000, 0.00878272, -27.898, 1.55193E-006, -19.2009
471, 7.85833, 0.00878665, -27.645, 1.55262E-006, -18.8997
472, 7.86667, 0.00879085, -27.3927, 1.55336E-006, -18.5991
472, 7.87500, 0.00879533, -27.1413, 1.55416E-006, -18.2995
473, 7.88333, 0.00880009, -26.8906, 1.555E-006, -18.0007
474, 7.89167, 0.00880512, -26.6408, 1.5559E-006, -17.7027
474, 7.90000, 0.00881042, -26.3918, 1.55684E-006, -17.4056
474, 7.90833, 0.00881599, -26.1437, 1.55783E-006, -17.1094
475, 7.91667, 0.00882182, -25.8964, 1.55887E-006, -16.8141
476, 7.92500, 0.00882792, -25.65, 1.55996E-006, -16.5197
476, 7.93333, 0.00883428, -25.4045, 1.56109E-006, -16.2263
477, 7.94167, 0.00884089, -25.1599, 1.56228E-006, -15.9337
477, 7.95000, 0.00884776, -24.9162, 1.56351E-006, -15.6422
477, 7.95833, 0.00885489, -24.6734, 1.56478E-006, -15.3516
478, 7.96667, 0.00886227, -24.4316, 1.56611E-006, -15.0619
479, 7.97500, 0.0088699, -24.1907, 1.56748E-006, -14.7733
479, 7.98333, 0.00887777, -23.9508, 1.56889E-006, -14.4856
480, 7.99167, 0.00888589, -23.7118, 1.57035E-006, -14.199
480, 8.00000, 0.00889426, -23.4739, 1.57185E-006, -13.9134
480, 8.00833, 0.00890286, -23.2369, 1.5734E-006, -13.6288
481, 8.01667, 0.0089117, -23.0009, 1.57499E-006, -13.3452
482, 8.02500, 0.00892078, -22.766, 1.57662E-006, -13.0627
482, 8.03333, 0.00893009, -22.5321, 1.5783E-006, -12.7813
483, 8.04167, 0.00893964, -22.2992, 1.58002E-006, -12.5009
483, 8.05000, 0.00894941, -22.0673, 1.58178E-006, -12.2216
483, 8.05833, 0.00895942, -21.8365, 1.58358E-006, -11.9434
484, 8.06667, 0.00896965, -21.6067, 1.58543E-006, -11.6662
485, 8.07500, 0.0089801, -21.378, 1.58732E-006, -11.3902
485, 8.08333, 0.00899077, -21.1504, 1.58924E-006, -11.1152
486, 8.09167, 0.00900166, -20.9238, 1.59121E-006, -10.8414
486, 8.10000, 0.00901277, -20.6983, 1.59322E-006, -10.5687
486, 8.10833, 0.00902409, -20.474, 1.59526E-006, -10.2971
487, 8.11667, 0.00903562, -20.2506, 1.59735E-006, -10.0267
488, 8.12500, 0.00904737, -20.0284, 1.59947E-006, -9.75735
488, 8.13333, 0.00905932, -19.8074, 1.60164E-006, -9.48919
489, 8.14167, 0.00907148, -19.5873, 1.60384E-006, -9.22213
489, 8.15000, 0.00908385, -19.3685, 1.60608E-006, -8.95626
489, 8.15833, 0.00909641, -19.1507, 1.60835E-006, -8.69154
490, 8.16667, 0.00910918, -18.9341, 1.61066E-006, -8.42794
491, 8.17500, 0.00912214, -18.7186, 1.61301E-006, -8.16554
491, 8.18333, 0.0091353, -18.5042, 1.6154E-006, -7.9043
492, 8.19167, 0.00914866, -18.2909, 1.61782E-006, -7.6442
492, 8.20000, 0.0091622, -18.0788, 1.62028E-006, -7.38531
492, 8.20833, 0.00917594, -17.8678, 1.62277E-006, -7.12758
493, 8.21667, 0.00918987, -17.658, 1.6253E-006, -6.871
493, 8.22500, 0.00920398, -17.4493, 1.62786E-006, -6.61563
494, 8.23333, 0.00921827, -17.2417, 1.63046E-006, -6.36145
495, 8.24167, 0.00923275, -17.0353, 1.63309E-006, -6.10841
495, 8.25000, 0.0092474, -16.83, 1.63575E-006, -5.85659
495, 8.25833, 0.00926224, -16.6259, 1.63845E-006, -5.60595
496, 8.26667, 0.00927725, -16.4229, 1.64118E-006, -5.35646
497, 8.27500, 0.00929243, -16.2211, 1.64394E-006, -5.1082
497, 8.28333, 0.00930779, -16.0205, 1.64674E-006, -4.86112
498, 8.29167, 0.00932332, -15.8209, 1.64956E-006, -4.6152
498, 8.30000, 0.00933902, -15.6226, 1.65242E-006, -4.37049
498, 8.30833, 0.00935488, -15.4254, 1.65531E-006, -4.12698
499, 8.31667, 0.00937092, -15.2293, 1.65823E-006, -3.88462
500, 8.32500, 0.00938711, -15.0344, 1.66118E-006, -3.64348
500, 8.33333, 0.00940347, -14.8406, 1.66416E-006, -3.40352
501, 8.34167, 0.00941998, -14.648, 1.66718E-006, -3.16472
501, 8.35000, 0.00943666, -14.4565, 1.67022E-006, -2.92713
501, 8.35833, 0.00945349, -14.2662, 1.67329E-006, -2.69073
502, 8.36667, 0.00947047, -14.077, 1.67639E-006, -2.45548
503, 8.37500, 0.00948761, -13.889, 1.67952E-006, -2.22144
503, 8.38333, 0.0095049, -13.7021, 1.68268E-006, -1.98858
504, 8.39167, 0.00952234, -13.5163, 1.68586E-006, -1.75687
504, 8.40000, 0.00953993, -13.3317, 1.68908E-006, -1.52636
504, 8.40833, 0.00955766, -13.1483, 1.69232E-006, -1.29703
505, 8.41667, 0.00957554, -12.9659, 1.69559E-006, -1.06883
506, 8.42500, 0.00959356, -12.7847, 1.69888E-006, -0.841837
506, 8.43333, 0.00961172, -12.6046, 1.7022E-006, -0.616005
507, 8.44167, 0.00963003, -12.4257, 1.70555E-006, -0.39131
507, 8.45000, 0.00964847, -12.2478, 1.70893E-006, -0.167802
507, 8.45833, 0.00966705, -12.0711, 1.71233E-006, 0.0545486
508, 8.46667, 0.00968576, -11.8955, 1.71576E-006, 0.275772
509, 8.47500, 0.00970461, -11.7211, 1.71921E-006, 0.495817
509, 8.48333, 0.00972359, -11.5477, 1.72269E-006, 0.714715
510, 8.49167, 0.0097427, -11.3754, 1.7262E-006, 0.932494
510, 8.50000, 0.00976193, -11.2043, 1.72972E-006, 1.14911
510, 8.50833, 0.0097813, -11.0342, 1.73328E-006, 1.36458
511, 8.51667, 0.0098008, -10.8653, 1.73685E-006, 1.57895
512, 8.52500, 0.00982041, -10.6974, 1.74046E-006, 1.79216
512, 8.53333, 0.00984015, -10.5307, 1.74408E-006, 2.00425
513, 8.54167, 0.00986002, -10.365, 1.74773E-006, 2.21524
513, 8.55000, 0.00988, -10.2004, 1.7514E-006, 2.42508
514, 8.55833, 0.0099001, -10.0368, 1.7551E-006, 2.63382
514, 8.56667, 0.00992033, -9.87436, 1.75881E-006, 2.84147
514, 8.57500, 0.00994066, -9.71298, 1.76255E-006, 3.04799
515, 8.58333, 0.00996111, -9.55266, 1.76632E-006, 3.2534
516, 8.59167, 0.00998168, -9.39338, 1.7701E-006, 3.45775
516, 8.60000, 0.0100024, -9.23518, 1.77391E-006, 3.66098
517, 8.60833, 0.0100231, -9.07802, 1.77774E-006, 3.86312
517, 8.61667, 0.0100441, -8.9219, 1.78159E-006, 4.06421
518, 8.62500, 0.0100651, -8.76683, 1.78546E-006, 4.26419
518, 8.63333, 0.0100862, -8.6128, 1.78935E-006, 4.4631
518, 8.64167, 0.0101074, -8.45978, 1.79326E-006, 4.66097
519, 8.65000, 0.0101287, -8.30781, 1.7972E-006, 4.85775
520, 8.65833, 0.0101502, -8.15686, 1.80115E-006, 5.05347
520, 8.66667, 0.0101717, -8.00691, 1.80513E-006, 5.24816
521, 8.67500, 0.0101933, -7.85798, 1.80912E-006, 5.44178
521, 8.68333, 0.0102151, -7.71007, 1.81314E-006, 5.63436
522, 8.69167, 0.0102369, -7.56313, 1.81717E-006, 5.82592
522, 8.70000, 0.0102588, -7.41722, 1.82122E-006, 6.01643
522, 8.70833, 0.0102809, -7.27229, 1.8253E-006, 6.20591
523, 8.71667, 0.010303, -7.12833, 1.82939E-006, 6.39439
524, 8.72500, 0.0103252, -6.98537, 1.8335E-006, 6.58183
524, 8.73333, 0.0103475, -6.84339, 1.83763E-006, 6.76825
525, 8.74167, 0.0103699, -6.70235, 1.84178E-006, 6.95369
525, 8.75000, 0.0103924, -6.5623, 1.84594E-006, 7.13811
526, 8.75833, 0.010415, -6.42321, 1.85013E-006, 7.32154
526, 8.76667, 0.0104377, -6.28506, 1.85433E-006, 7.50399
527, 8.77500, 0.0104604, -6.14787, 1.85855E-006, 7.68544
527, 8.78333, 0.0104833, -6.01163, 1.86279E-006, 7.8659
528, 8.79167, 0.0105062, -5.87631, 1.86704E-006, 8.04542
528, 8.80000, 0.0105292, -5.74194, 1.87132E-006, 8.22394
529, 8.80833, 0.0105524, -5.60849, 1.87561E-006, 8.4015
529, 8.81667, 0.0105755, -5.47595, 1.87991E-006, 8.57813
530, 8.82500, 0.0105988, -5.34434, 1.88424E-006, 8.75378
530, 8.83333, 0.0106222, -5.21364, 1.88858E-006, 8.92848
531, 8.84167, 0.0106456, -5.08384, 1.89294E-006, 9.10226
531, 8.85000, 0.0106691, -4.95494, 1.89731E-006, 9.27508
532, 8.85833, 0.0106927, -4.82695, 1.9017E-006, 9.44698
532, 8.86667, 0.0107164, -4.69982, 1.9061E-006, 9.61797
533, 8.87500, 0.0107401, -4.5736, 1.91053E-006, 9.78802
533, 8.88333, 0.0107639, -4.44825, 1.91496E-006, 9.95715
534, 8.89167, 0.0107878, -4.32376, 1.91942E-006, 10.1254
534, 8.90000, 0.0108118, -4.20015, 1.92388E-006, 10.2927
535, 8.90833, 0.0108359, -4.0774, 1.92837E-006, 10.4591
535, 8.91667, 0.01086, -3.95549, 1.93287E-006, 10.6247
536, 8.92500, 0.0108842, -3.83445, 1.93738E-006, 10.7893
536, 8.93333, 0.0109084, -3.71426, 1.94191E-006, 10.9531
537, 8.94167, 0.0109327, -3.59489, 1.94645E-006, 11.116
537, 8.95000, 0.0109571, -3.47637, 1.95101E-006, 11.278
538, 8.95833, 0.0109816, -3.35867, 1.95558E-006, 11.4392
538, 8.96667, 0.0110061, -3.24179, 1.96017E-006, 11.5995
539, 8.97500, 0.0110307, -3.12574, 1.96477E-006, 11.7589
539, 8.98333, 0.0110554, -3.0105, 1.96939E-006, 11.9175
539, 8.99167, 26.8712, 170.592, 0.0532903, -93.6066
540, 9.00000, 27.0633, 170.267, 0.0532933, -93.8928
541, 9.00833, 27.2541, 169.95, 0.0532969, -94.1786
541, 9.01667, 0.0111547, -2.55753, 1.98799E-006, 12.5436
542, 9.02500, 0.0111797, -2.44627, 1.99267E-006, 12.698
542, 9.03333, 0.0112048, -2.33579, 1.99737E-006, 12.8516
543, 9.04167, 0.0112299, -2.22608, 2.00208E-006, 13.0044
543, 9.05000, 0.0112551, -2.11715, 2.00681E-006, 13.1564
543, 9.05833, 0.0112803, -2.00898, 2.01155E-006, 13.3076
544, 9.06667, 0.0113056, -1.90156, 2.0163E-006, 13.458
545, 9.07500, 0.0113309, -1.79491, 2.02106E-006, 13.6076
545, 9.08333, 0.0113563, -1.689, 2.02584E-006, 13.7565
546, 9.09167, 0.0113818, -1.58383, 2.03063E-006, 13.9045
546, 9.10000, 0.0114073, -1.4794, 2.03543E-006, 14.0518
547, 9.10833, 0.0114329, -1.37572, 2.04024E-006, 14.1983
547, 9.11667, 0.0114585, -1.27274, 2.04507E-006, 14.344
547, 9.12500, 0.0114842, -1.1705, 2.04991E-006, 14.489
548, 9.13333, 0.0115099, -1.06899, 2.05476E-006, 14.6332
549, 9.14167, 0.0115357, -0.968168, 2.05962E-006, 14.7767
549, 9.15000, 0.0115616, -0.86807, 2.06449E-006, 14.9195
550, 9.15833, 0.0115875, -0.768676, 2.06938E-006, 15.0615
550, 9.16667, 0.0116134, -0.669968, 2.07428E-006, 15.2027
551, 9.17500, 0.0116394, -0.571966, 2.07919E-006, 15.3433
551, 9.18333, 0.0116655, -0.474651, 2.08411E-006, 15.4831
552, 9.19167, 0.0116916, -0.378009, 2.08905E-006, 15.6222
552, 9.20000, 0.0117177, -0.282057, 2.09399E-006, 15.7605
553, 9.20833, 0.0117439, -0.186778, 2.09895E-006, 15.8982
553, 9.21667, 0.0117702, -0.0921579, 2.10392E-006, 16.0351
554, 9.22500, 0.0117965, 0.00178716, 2.10889E-006, 16.1714
554, 9.23333, 0.0118228, 0.0950727, 2.11388E-006, 16.307
555, 9.24167, 0.0118492, 0.187715, 2.11889E-006, 16.4418
555, 9.25000, 0.0118757, 0.279695, 2.1239E-006, 16.576
556, 9.25833, 0.0119022, 0.371031, 2.12892E-006, 16.7095
556, 9.26667, 0.0119287, 0.461737, 2.13395E-006, 16.8424
557, 9.27500, 0.0119553, 0.551795, 2.139E-006, 16.9745
557, 9.28333, 0.0119819, 0.641222, 2.14405E-006, 17.106
558, 9.29167, 0.0120086, 0.730033, 2.14912E-006, 17.2368
558, 9.30000, 0.0120353, 0.818211, 2.15419E-006, 17.367
559, 9.30833, 0.012062, 0.905771, 2.15928E-006, 17.4965
559, 9.31667, 0.0120888, 0.992728, 2.16438E-006, 17.6254
560, 9.32500, 0.0121156, 1.07907, 2.16949E-006, 17.7536
560, 9.33333, 0.0121425, 1.1648, 2.1746E-006, 17.8812
561, 9.34167, 0.0121695, 1.24994, 2.17973E-006, 18.0082
561, 9.35000, 0.0121964, 1.33448, 2.18487E-006, 18.1345
562, 9.35833, 0.0122234, 1.41843, 2.19002E-006, 18.2601
562, 9.36667, 0.0122505, 1.50179, 2.19517E-006, 18.3852
563, 9.37500, 0.0122775, 1.58457, 2.20034E-006, 18.5097
563, 9.38333, 0.0123047, 1.66677, 2.20552E-006, 18.6335
564, 9.39167, 0.0123318, 1.7484, 2.21071E-006, 18.7567
564, 9.40000, 0.012359, 1.82945, 2.2159E-006, 18.8793
564, 9.40833, 0.0123863, 1.90994, 2.22111E-006, 19.0014
565, 9.41667, 0.0124136, 1.98988, 2.22633E-006, 19.1228
566, 9.42500, 0.0124409, 2.06924, 2.23155E-006, 19.2436
566, 9.43333, 0.0124682, 2.14806, 2.23679E-006, 19.3638
567, 9.44167, 0.0124956, 2.22633, 2.24203E-006, 19.4835
567, 9.45000, 0.012523, 2.30405, 2.24729E-006, 19.6026
568, 9.45833, 0.0125505, 2.38123, 2.25255E-006, 19.7211
568, 9.46667, 0.012578, 2.45788, 2.25783E-006, 19.839
568, 9.47500, 0.0126055, 2.53398, 2.26311E-006, 19.9564
569, 9.48333, 0.0126331, 2.60956, 2.2684E-006, 20.0731
570, 9.49167, 0.0126607, 2.68462, 2.2737E-006, 20.1894
570, 9.50000, 0.0126884, 2.75915, 2.27901E-006, 20.305
571, 9.50833, 0.012716, 2.83316, 2.28433E-006, 20.4202
571, 9.51667, 0.0127438, 2.90667, 2.28966E-006, 20.5347
572, 9.52500, 0.0127715, 2.97965, 2.29499E-006, 20.6487
572, 9.53333, 0.0127993, 3.05213, 2.30034E-006, 20.7622
572, 9.54167, 0.0128271, 3.12412, 2.30569E-006, 20.8752
573, 9.55000, 0.0128549, 3.1956, 2.31105E-006, 20.9876
574, 9.55833, 0.0128828, 3.26658, 2.31643E-006, 21.0995
574, 9.56667, 0.0129107, 3.33708, 2.32181E-006, 21.2108
575, 9.57500, 0.0129386, 3.40708, 2.3272E-006, 21.3216
575, 9.58333, 0.0129666, 3.4766, 2.33259E-006, 21.4319
576, 9.59167, 0.0129946, 3.54564, 2.338E-006, 21.5417
576, 9.60000, 0.0130226, 3.6142, 2.34342E-006, 21.651
577, 9.60833, 0.0130507, 3.68228, 2.34884E-006, 21.7598
577, 9.61667, 0.0130788, 3.7499, 2.35427E-006, 21.868
578, 9.62500, 0.0131069, 3.81705, 2.35971E-006, 21.9758
578, 9.63333, 0.0131351, 3.88373, 2.36516E-006, 22.0831
579, 9.64167, 0.0131633, 3.94996, 2.37062E-006, 22.1898
579, 9.65000, 0.0131915, 4.01572, 2.37608E-006, 22.2961
580, 9.65833, 0.0132197, 4.08103, 2.38156E-006, 22.4019
580, 9.66667, 0.013248, 4.1459, 2.38704E-006, 22.5072
581, 9.67500, 0.0132763, 4.21032, 2.39253E-006, 22.612
581, 9.68333, 0.0133046, 4.27429, 2.39803E-006, 22.7164
582, 9.69167, 0.013333, 4.33782, 2.40354E-006, 22.8202
582, 9.70000, 0.0133614, 4.40092, 2.40905E-006, 22.9236
583, 9.70833, 0.0133898, 4.46357, 2.41457E-006, 23.0265
583, 9.71667, 0.0134182, 4.52581, 2.42011E-006, 23.129
584, 9.72500, 0.0134467, 4.58761, 2.42564E-006, 23.231
584, 9.73333, 0.0134752, 4.64898, 2.43119E-006, 23.3325
585, 9.74167, 0.0135037, 4.70994, 2.43675E-006, 23.4336
585, 9.75000, 0.0135323, 4.77048, 2.44231E-006, 23.5343
586, 9.75833, 0.0135609, 4.8306, 2.44788E-006, 23.6344
586, 9.76667, 0.0135895, 4.89031, 2.45346E-006, 23.7342
587, 9.77500, 0.0136181, 4.94961, 2.45905E-006, 23.8335
587, 9.78333, 0.0136468, 5.0085, 2.46464E-006, 23.9323
588, 9.79167, 0.0136755, 5.06699, 2.47024E-006, 24.0307
588, 9.80000, 0.0137042, 5.12508, 2.47585E-006, 24.1287
589, 9.80833, 0.0137329, 5.18277, 2.48147E-006, 24.2262
589, 9.81667, 0.0137617, 5.24007, 2.4871E-006, 24.3233
590, 9.82500, 0.0137904, 5.29697, 2.49273E-006, 24.42
590, 9.83333, 0.0138193, 5.35349, 2.49837E-006, 24.5163
591, 9.84167, 0.0138481, 5.40962, 2.50402E-006, 24.6121
591, 9.85000, 0.013877, 5.46537, 2.50968E-006, 24.7076
592, 9.85833, 0.0139058, 5.52073, 2.51534E-006, 24.8026
592, 9.86667, 0.0139348, 5.57572, 2.52101E-006, 24.8972
593, 9.87500, 0.0139637, 5.63033, 2.52669E-006, 24.9913
593, 9.88333, 0.0139926, 5.68457, 2.53238E-006, 25.0851
594, 9.89167, 0.0140216, 5.73845, 2.53807E-006, 25.1785
594, 9.90000, 0.0140506, 5.79195, 2.54377E-006, 25.2715
595, 9.90833, 0.0140797, 5.84509, 2.54948E-006, 25.3641
595, 9.91667, 0.0141087, 5.89787, 2.5552E-006, 25.4562
596, 9.92500, 0.0141378, 5.95028, 2.56092E-006, 25.548
596, 9.93333, 0.0141669, 6.00234, 2.56665E-006, 25.6394
597, 9.94167, 0.014196, 6.05405, 2.57239E-006, 25.7304
597, 9.95000, 0.0142252, 6.10541, 2.57814E-006, 25.8211
598, 9.95833, 0.0142543, 6.15641, 2.58389E-006, 25.9113
598, 9.96667, 0.0142835, 6.20708, 2.58965E-006, 26.0012
599, 9.97500, 0.0143127, 6.25739, 2.59542E-006, 26.0906
599, 9.98333, 0.014342, 6.30736, 2.60119E-006, 26.1797
600, 9.99167, 0.0143712, 6.357, 2.60698E-006, 26.2685
600, 10.00000, 0.0144005, 6.4063, 2.61277E-006, 26.3568
601, 10.00833, 0.0144298, 6.45526, 2.61856E-006, 26.4448
601, 10.01667, 0.0144591, 6.5039, 2.62437E-006, 26.5325
602, 10.02500, 0.0144885, 6.5522, 2.63018E-006, 26.6197
602, 10.03333, 0.0145178, 6.60017, 2.636E-006, 26.7066
603, 10.04167, 0.0145472, 6.64783, 2.64183E-006, 26.7932
603, 10.05000, 0.0145766, 6.69516, 2.64766E-006, 26.8794
604, 10.05833, 0.0146061, 6.74216, 2.6535E-006, 26.9652
604, 10.06667, 0.0146355, 6.78885, 2.65935E-006, 27.0507
605, 10.07500, 0.014665, 6.83523, 2.6652E-006, 27.1358
605, 10.08333, 0.0146945, 6.88128, 2.67107E-006, 27.2206
606, 10.09167, 0.014724, 6.92704, 2.67694E-006, 27.305
606, 10.10000, 0.0147535, 6.97247, 2.68281E-006, 27.3891
607, 10.10833, 0.0147831, 7.0176, 2.6887E-006, 27.4729
607, 10.11667, 0.0148127, 7.06244, 2.69459E-006, 27.5563
608, 10.12500, 0.0148423, 7.10696, 2.70048E-006, 27.6394
608, 10.13333, 0.0148719, 7.15118, 2.70639E-006, 27.7221
609, 10.14167, 0.0149015, 7.19511, 2.7123E-006, 27.8045
609, 10.15000, 0.0149312, 7.23874, 2.71822E-006, 27.8866
610, 10.15833, 0.0149609, 7.28207, 2.72415E-006, 27.9684
610, 10.16667, 0.0149906, 7.32512, 2.73008E-006, 28.0498
611, 10.17500, 0.0150203, 7.36787, 2.73602E-006, 28.1309
611, 10.18333, 0.01505, 7.41033, 2.74197E-006, 28.2117
612, 10.19167, 0.0150798, 7.45251, 2.74792E-006, 28.2922
612, 10.20000, 0.0151096, 7.4944, 2.75388E-006, 28.3723
613, 10.20833, 0.0151394, 7.53601, 2.75985E-006, 28.4522
613, 10.21667, 0.0151692, 7.57734, 2.76583E-006, 28.5317
614, 10.22500, 0.015199, 7.61839, 2.77181E-006, 28.6109
614, 10.23333, 0.0152289, 7.65917, 2.7778E-006, 28.6898
615, 10.24167, 0.0152588, 7.69967, 2.78379E-006, 28.7684
615, 10.25000, 0.0152886, 7.7399, 2.7898E-006, 28.8467
616, 10.25833, 0.0153186, 7.77985, 2.79581E-006, 28.9246
616, 10.26667, 0.0153485, 7.81955, 2.80183E-006, 29.0023
617, 10.27500, 0.0153784, 7.85897, 2.80785E-006, 29.0797
617, 10.28333, 0.0154084, 7.89812, 2.81388E-006, 29.1568
618, 10.29167, 0.0154384, 7.93702, 2.81992E-006, 29.2335
618, 10.30000, 0.0154684, 7.97565, 2.82596E-006, 29.31
619, 10.30833, 0.0154984, 8.01402, 2.83202E-006, 29.3862
619, 10.31667, 0.0155285, 8.05213, 2.83807E-006, 29.4621
620, 10.32500, 0.0155586, 8.08999, 2.84414E-006, 29.5377
620, 10.33333, 0.0155886, 8.12759, 2.85021E-006, 29.6131
621, 10.34167, 0.0156187, 8.16494, 2.85629E-006, 29.6881
621, 10.35000, 0.0156489, 8.20203, 2.86238E-006, 29.7629
622, 10.35833, 0.015679, 8.23888, 2.86847E-006, 29.8373
622, 10.36667, 0.0157092, 8.27549, 2.87457E-006, 29.9115
623, 10.37500, 0.0157393, 8.31184, 2.88068E-006, 29.9854
623, 10.38333, 0.0157695, 8.34795, 2.88679E-006, 30.0591
624, 10.39167, 0.0157997, 8.38382, 2.89292E-006, 30.1324
624, 10.40000, 0.01583, 8.41944, 2.89904E-006, 30.2055
625, 10.40833, 0.0158602, 8.45483, 2.90518E-006, 30.2783
625, 10.41667, 0.0158905, 8.48998, 2.91132E-006, 30.3509
626, 10.42500, 0.0159208, 8.52489, 2.91747E-006, 30.4232
626, 10.43333, 0.0159511, 8.55957, 2.92363E-006, 30.4952
627, 10.44167, 0.0159814, 8.59401, 2.92979E-006, 30.5669
627, 10.45000, 0.0160117, 8.62822, 2.93596E-006, 30.6384
628, 10.45833, 0.0160421, 8.6622, 2.94213E-006, 30.7096
628, 10.46667, 0.0160725, 8.69596, 2.94832E-006, 30.7806
629, 10.47500, 0.0161028, 8.72949, 2.95451E-006, 30.8513
629, 10.48333, 0.0161333, 8.76279, 2.9607E-006, 30.9217
630, 10.49167, 0.0161637, 8.79587, 2.96691E-006, 30.9919
630, 10.50000, 0.0161941, 8.82872, 2.97312E-006, 31.0618
631, 10.50833, 0.0162246, 8.86135, 2.97934E-006, 31.1315
631, 10.51667, 0.0162551, 8.89377, 2.98556E-006, 31.2009
632, 10.52500, 0.0162856, 8.92596, 2.99179E-006, 31.27
632, 10.53333, 0.0163161, 8.95794, 2.99803E-006, 31.339
633, 10.54167, 0.0163466, 8.98971, 3.00428E-006, 31.4076
633, 10.55000, 0.0163772, 9.02125, 3.01053E-006, 31.4761
634, 10.55833, 0.0164077, 9.05259, 3.01679E-006, 31.5442
634, 10.56667, 0.0164383, 9.08372, 3.02306E-006, 31.6122
635, 10.57500, 0.0164689, 9.11463, 3.02933E-006, 31.6799
635, 10.58333, 0.0164995, 9.14534, 3.03561E-006, 31.7473
636, 10.59167, 0.0165302, 9.17584, 3.04189E-006, 31.8145
636, 10.60000, 0.0165608, 9.20614, 3.04819E-006, 31.8815
637, 10.60833, 0.0165915, 9.23623, 3.05449E-006, 31.9482
637, 10.61667, 0.0166222, 9.26612, 3.0608E-006, 32.0148
638, 10.62500, 0.0166529, 9.2958, 3.06711E-006, 32.081
638, 10.63333, 0.0166836, 9.32528, 3.07343E-006, 32.1471
639, 10.64167, 0.0167144, 9.35457, 3.07976E-006, 32.2129
639, 10.65000, 0.0167451, 9.38366, 3.0861E-006, 32.2784
640, 10.65833, 0.0167759, 9.41255, 3.09244E-006, 32.3438
640, 10.66667, 0.0168067, 9.44125, 3.09879E-006, 32.4089
641, 10.67500, 0.0168375, 9.46975, 3.10514E-006, 32.4738
641, 10.68333, 0.0168683, 9.49806, 3.11151E-006, 32.5385
642, 10.69167, 0.0168992, 9.52618, 3.11788E-006, 32.6029
642, 10.70000, 0.01693, 9.5541, 3.12425E-006, 32.6671
643, 10.70833, 0.0169609, 9.58184, 3.13064E-006, 32.7311
643, 10.71667, 0.0169918, 9.60939, 3.13703E-006, 32.7949
644, 10.72500, 0.0170227, 9.63675, 3.14343E-006, 32.8585
644, 10.73333, 0.0170537, 9.66393, 3.14983E-006, 32.9218
645, 10.74167, 0.0170846, 9.69093, 3.15624E-006, 32.985
645, 10.75000, 0.0171156, 9.71774, 3.16266E-006, 33.0479
646, 10.75833, 0.0171465, 9.74436, 3.16909E-006, 33.1106
646, 10.76667, 0.0171775, 9.77081, 3.17552E-006, 33.1731
647, 10.77500, 0.0172086, 9.79708, 3.18196E-006, 33.2354
647, 10.78333, 0.0172396, 9.82317, 3.18841E-006, 33.2974
648, 10.79167, 0.0172706, 9.84908, 3.19486E-006, 33.3593
648, 10.80000, 0.0173017, 9.87481, 3.20132E-006, 33.4209
649, 10.80833, 0.0173328, 9.90037, 3.20779E-006, 33.4824
649, 10.81667, 0.0173639, 9.92576, 3.21426E-006, 33.5436
650, 10.82500, 0.017395, 9.95097, 3.22074E-006, 33.6047
650, 10.83333, 0.0174261, 9.97601, 3.22723E-006, 33.6655
651, 10.84167, 0.0174573, 10.0009, 3.23373E-006, 33.7261
651, 10.85000, 0.0174885, 10.0256, 3.24023E-006, 33.7865
652, 10.85833, 0.0175196, 10.0501, 3.24674E-006, 33.8468
652, 10.86667, 0.0175509, 10.0745, 3.25326E-006, 33.9068
653, 10.87500, 0.0175821, 10.0987, 3.25978E-006, 33.9666
653, 10.88333, 0.0176133, 10.1227, 3.26631E-006, 34.0262
654, 10.89167, 0.0176446, 10.1466, 3.27285E-006, 34.0857
654, 10.90000, 0.0176758, 10.1703, 3.2794E-006, 34.1449
655, 10.90833, 0.0177071, 10.1938, 3.28595E-006, 34.204
655, 10.91667, 0.0177384, 10.2172, 3.29251E-006, 34.2628
656, 10.92500, 0.0177697, 10.2404, 3.29907E-006, 34.3215
656, 10.93333, 0.0178011, 10.2634, 3.30565E-006, 34.3799
657, 10.94167, 0.0178324, 10.2863, 3.31223E-006, 34.4382
657, 10.95000, 0.0178638, 10.3091, 3.31882E-006, 34.4963
658, 10.95833, 0.0178952, 10.3317, 3.32541E-006, 34.5542
658, 10.96667, 0.0179266, 10.3541, 3.33201E-006, 34.6119
659, 10.97500, 0.017958, 10.3763, 3.33862E-006, 34.6695
659, 10.98333, 0.0179895, 10.3985, 3.34524E-006, 34.7268
660, 10.99167, 252.583, 121.399, 0.495909, -153.148
660, 11.00000, 253.347, 120.849, 0.495793, -153.425
661, 11.00833, 254.141, 120.301, 0.495678, -153.702
661, 11.01667, 0.0181154, 10.4854, 3.37178E-006, 34.9544
662, 11.02500, 0.0181469, 10.5068, 3.37843E-006, 35.0108
662, 11.03333, 0.0181785, 10.528, 3.38509E-006, 35.067
663, 11.04167, 0.01821, 10.549, 3.39176E-006, 35.1231
663, 11.05000, 0.0182416, 10.57, 3.39843E-006, 35.179
664, 11.05833, 0.0182732, 10.5907, 3.40511E-006, 35.2347
664, 11.06667, 0.0183048, 10.6114, 3.4118E-006, 35.2903
665, 11.07500, 0.0183365, 10.6318, 3.41849E-006, 35.3456
665, 11.08333, 0.0183681, 10.6522, 3.4252E-006, 35.4008
666, 11.09167, 0.0183998, 10.6724, 3.43191E-006, 35.4559
666, 11.10000, 0.0184314, 10.6924, 3.43863E-006, 35.5107
667, 11.10833, 0.0184631, 10.7123, 3.44535E-006, 35.5654
667, 11.11667, 0.0184949, 10.7321, 3.45208E-006, 35.6199
668, 11.12500, 0.0185266, 10.7517, 3.45882E-006, 35.6742
668, 11.13333, 0.0185583, 10.7712, 3.46557E-006, 35.7284
669, 11.14167, 0.0185901, 10.7906, 3.47232E-006, 35.7824
669, 11.15000, 0.0186219, 10.8098, 3.47908E-006, 35.8362
670, 11.15833, 0.0186537, 10.8289, 3.48585E-006, 35.8899
670, 11.16667, 0.0186855, 10.8478, 3.49263E-006, 35.9434
671, 11.17500, 0.0187174, 10.8667, 3.49941E-006, 35.9967
671, 11.18333, 0.0187492, 10.8853, 3.5062E-006, 36.0499
672, 11.19167, 0.0187811, 10.9039, 3.513E-006, 36.1029
672, 11.20000, 0.018813, 10.9223, 3.5198E-006, 36.1558
673, 11.20833, 0.0188449, 10.9406, 3.52662E-006, 36.2085
673, 11.21667, 0.0188768, 10.9587, 3.53344E-006, 36.261
674, 11.22500, 0.0189088, 10.9768, 3.54027E-006, 36.3133
674, 11.23333, 0.0189407, 10.9947, 3.5471E-006, 36.3655
675, 11.24167, 0.0189727, 11.0124, 3.55394E-006, 36.4176
675, 11.25000, 0.0190047, 11.0301, 3.56079E-006, 36.4695
676, 11.25833, 0.0190367, 11.0476, 3.56765E-006, 36.5212
676, 11.26667, 0.0190687, 11.065, 3.57452E-006, 36.5728
677, 11.27500, 0.0191008, 11.0822, 3.58139E-006, 36.6242
677, 11.28333, 0.0191328, 11.0993, 3.58827E-006, 36.6755
678, 11.29167, 0.0191649, 11.1164, 3.59515E-006, 36.7266
678, 11.30000, 0.019197, 11.1332, 3.60205E-006, 36.7775
679, 11.30833, 0.0192291, 11.15, 3.60895E-006, 36.8283
679, 11.31667, 0.0192613, 11.1667, 3.61586E-006, 36.879
680, 11.32500, 0.0192934, 11.1832, 3.62278E-006, 36.9295
680, 11.33333, 0.0193256, 11.1996, 3.6297E-006, 36.9798
681, 11.34167, 0.0193578, 11.2159, 3.63664E-006, 37.03
681, 11.35000, 0.01939, 11.232, 3.64358E-006, 37.0801
682, 11.35833, 0.0194222, 11.2481, 3.65052E-006, 37.13
682, 11.36667, 0.0194545, 11.264, 3.65748E-006, 37.1798
683, 11.37500, 0.0194867, 11.2798, 3.66444E-006, 37.2294
683, 11.38333, 0.019519, 11.2955, 3.67141E-006, 37.2788
684, 11.39167, 0.0195513, 11.3111, 3.67839E-006, 37.3281
684, 11.40000, 0.0195836, 11.3265, 3.68538E-006, 37.3773
685, 11.40833, 0.019616, 11.3419, 3.69237E-006, 37.4263
685, 11.41667, 0.0196483, 11.3571, 3.69937E-006, 37.4752
686, 11.42500, 0.0196807, 11.3722, 3.70638E-006, 37.524
686, 11.43333, 0.0197131, 11.3872, 3.7134E-006, 37.5726
687, 11.44167, 0.0197455, 11.4021, 3.72042E-006, 37.621
687, 11.45000, 0.0197779, 11.4169, 3.72745E-006, 37.6693
688, 11.45833, 0.0198103, 11.4316, 3.73449E-006, 37.7175
688, 11.46667, 0.0198428, 11.4461, 3.74154E-006, 37.7655
689, 11.47500, 0.0198753, 11.4606, 3.74859E-006, 37.8134
689, 11.48333, 0.0199078, 11.4749, 3.75566E-006, 37.8612
690, 11.49167, 0.0199403, 11.4891, 3.76273E-006, 37.9088
690, 11.50000, 0.0199728, 11.5033, 3.76981E-006, 37.9563
691, 11.50833, 0.0200054, 11.5173, 3.77689E-006, 38.0036
691, 11.51667, 0.020038, 11.5312, 3.78399E-006, 38.0508
692, 11.52500, 0.0200705, 11.545, 3.79109E-006, 38.0979
692, 11.53333, 0.0201032, 11.5587, 3.7982E-006, 38.1448
693, 11.54167, 0.0201358, 11.5723, 3.80532E-006, 38.1916
693, 11.55000, 0.0201684, 11.5858, 3.81244E-006, 38.2383
694, 11.55833, 0.0202011, 11.5991, 3.81957E-006, 38.2849
694, 11.56667, 0.0202338, 11.6124, 3.82671E-006, 38.3313
695, 11.57500, 0.0202665, 11.6256, 3.83386E-006, 38.3775
695, 11.58333, 0.0202992, 11.6387, 3.84102E-006, 38.4237
696, 11.59167, 0.0203319, 11.6516, 3.84819E-006, 38.4697
696, 11.60000, 0.0203647, 11.6645, 3.85536E-006, 38.5156
697, 11.60833, 0.0203975, 11.6773, 3.86254E-006, 38.5613
697, 11.61667, 0.0204303, 11.69, 3.86973E-006, 38.6069
698, 11.62500, 0.0204631, 11.7025, 3.87692E-006, 38.6524
698, 11.63333, 0.0204959, 11.715, 3.88413E-006, 38.6978
699, 11.64167, 0.0205288, 11.7274, 3.89134E-006, 38.743
699, 11.65000, 0.0205616, 11.7396, 3.89856E-006, 38.7881
700, 11.65833, 0.0205945, 11.7518, 3.90579E-006, 38.8331
700, 11.66667, 0.0206274, 11.7639, 3.91303E-006, 38.878
701, 11.67500, 0.0206604, 11.7759, 3.92027E-006, 38.9227
701, 11.68333, 0.0206933, 11.7878, 3.92752E-006, 38.9673
702, 11.69167, 0.0207263, 11.7996, 3.93479E-006, 39.0118
702, 11.70000, 0.0207593, 11.8112, 3.94205E-006, 39.0561
703, 11.70833, 0.0207923, 11.8228, 3.94933E-006, 39.1004
703, 11.71667, 0.0208253, 11.8344, 3.95662E-006, 39.1445
704, 11.72500, 0.0208583, 11.8458, 3.96391E-006, 39.1885
704, 11.73333, 0.0208914, 11.8571, 3.97121E-006, 39.2323
705, 11.74167, 0.0209245, 11.8683, 3.97852E-006, 39.2761
705, 11.75000, 0.0209576, 11.8794, 3.98584E-006, 39.3197
706, 11.75833, 0.0209907, 11.8905, 3.99316E-006, 39.3632
706, 11.76667, 0.0210239, 11.9014, 4.0005E-006, 39.4066
707, 11.77500, 0.021057, 11.9123, 4.00784E-006, 39.4498
707, 11.78333, 0.0210902, 11.9231, 4.01519E-006, 39.493
708, 11.79167, 0.0211234, 11.9338, 4.02255E-006, 39.536
708, 11.80000, 0.0211566, 11.9443, 4.02992E-006, 39.5789
709, 11.80833, 0.0211898, 11.9548, 4.03729E-006, 39.6217
709, 11.81667, 0.0212231, 11.9653, 4.04467E-006, 39.6644
710, 11.82500, 0.0212564, 11.9756, 4.05207E-006, 39.707
710, 11.83333, 0.0212897, 11.9858, 4.05947E-006, 39.7494
711, 11.84167, 0.021323, 11.996, 4.06687E-006, 39.7917
711, 11.85000, 0.0213563, 12.006, 4.07429E-006, 39.8339
712, 11.85833, 0.0213897, 12.016, 4.08172E-006, 39.876
712, 11.86667, 0.0214231, 12.0259, 4.08915E-006, 39.918
713, 11.87500, 0.0214565, 12.0357, 4.09659E-006, 39.9599
713, 11.88333, 0.0214899, 12.0454, 4.10404E-006, 40.0016
714, 11.89167, 0.0215233, 12.0551, 4.1115E-006, 40.0433
714, 11.90000, 0.0215568, 12.0646, 4.11897E-006, 40.0848
715, 11.90833, 0.0215903, 12.0741, 4.12644E-006, 40.1262
715, 11.91667, 0.0216238, 12.0835, 4.13393E-006, 40.1675
716, 11.92500, 0.0216573, 12.0928, 4.14142E-006, 40.2087
716, 11.93333, 0.0216908, 12.102, 4.14892E-006, 40.2498
717, 11.94167, 0.0217244, 12.1111, 4.15643E-006, 40.2908
717, 11.95000, 0.021758, 12.1202, 4.16395E-006, 40.3317
718, 11.95833, 0.0217916, 12.1291, 4.17147E-006, 40.3724
718, 11.96667, 0.0218252, 12.138, 4.17901E-006, 40.4131
719, 11.97500, 0.0218588, 12.1468, 4.18655E-006, 40.4536
719, 11.98333, 0.0218925, 12.1556, 4.1941E-006, 40.494
720, 11.99167, 0.0219262, 12.1642, 4.20166E-006, 40.5344
720, 12.00000, 0.0219599, 12.1728, 4.20923E-006, 40.5746
721, 12.00833, 0.0219936, 12.1813, 4.21681E-006, 40.6147
721, 12.01667, 0.0220274, 12.1897, 4.2244E-006, 40.6547
722, 12.02500, 0.0220611, 12.198, 4.23199E-006, 40.6946
722, 12.03333, 0.0220949, 12.2063, 4.2396E-006, 40.7344
723, 12.04167, 0.0221287, 12.2145, 4.24721E-006, 40.7741
723, 12.05000, 0.0221625, 12.2226, 4.25483E-006, 40.8136
724, 12.05833, 0.0221964, 12.2306, 4.26246E-006, 40.8531
724, 12.06667, 0.0222303, 12.2385, 4.2701E-006, 40.8925
725, 12.07500, 0.0222642, 12.2464, 4.27774E-006, 40.9318
725, 12.08333, 0.0222981, 12.2542, 4.2854E-006, 40.9709
726, 12.09167, 0.022332, 12.2619, 4.29307E-006, 41.01
726, 12.10000, 0.022366, 12.2696, 4.30074E-006, 41.049
727, 12.10833, 0.0223999, 12.2771, 4.30842E-006, 41.0878
727, 12.11667, 0.0224339, 12.2846, 4.31611E-006, 41.1266
728, 12.12500, 0.022468, 12.292, 4.32381E-006, 41.1652
728, 12.13333, 0.022502, 12.2994, 4.33152E-006, 41.2038
729, 12.14167, 0.0225361, 12.3067, 4.33924E-006, 41.2422
729, 12.15000, 0.0225701, 12.3139, 4.34696E-006, 41.2806
730, 12.15833, 0.0226043, 12.321, 4.3547E-006, 41.3188
730, 12.16667, 0.0226384, 12.328, 4.36244E-006, 41.357
731, 12.17500, 0.0226725, 12.335, 4.3702E-006, 41.395
731, 12.18333, 0.0227067, 12.3419, 4.37796E-006, 41.433
732, 12.19167, 0.0227409, 12.3488, 4.38573E-006, 41.4708
732, 12.20000, 0.0227751, 12.3555, 4.39351E-006, 41.5086
733, 12.20833, 0.0228093, 12.3622, 4.4013E-006, 41.5463
733, 12.21667, 0.0228436, 12.3689, 4.4091E-006, 41.5838
734, 12.22500, 0.0228779, 12.3754, 4.4169E-006, 41.6213
734, 12.23333, 0.0229122, 12.3819, 4.42472E-006, 41.6587
735, 12.24167, 0.0229465, 12.3883, 4.43254E-006, 41.6959
735, 12.25000, 0.0229808, 12.3947, 4.44038E-006, 41.7331
736, 12.25833, 0.0230152, 12.401, 4.44822E-006, 41.7702
736, 12.26667, 0.0230496, 12.4072, 4.45607E-006, 41.8072
737, 12.27500, 0.023084, 12.4133, 4.46393E-006, 41.8441
737, 12.28333, 0.0231184, 12.4194, 4.4718E-006, 41.8808
738, 12.29167, 0.0231529, 12.4254, 4.47968E-006, 41.9175
738, 12.30000, 0.0231874, 12.4313, 4.48757E-006, 41.9542
739, 12.30833, 0.0232219, 12.4372, 4.49547E-006, 41.9907
739, 12.31667, 0.0232564, 12.443, 4.50338E-006, 42.0271
740, 12.32500, 0.023291, 12.4488, 4.51129E-006, 42.0634
740, 12.33333, 0.0233255, 12.4544, 4.51922E-006, 42.0996
741, 12.34167, 0.0233601, 12.46, 4.52715E-006, 42.1358
741, 12.35000, 0.0233947, 12.4656, 4.53509E-006, 42.1718
742, 12.35833, 0.0234294, 12.4711, 4.54305E-006, 42.2078
742, 12.36667, 0.023464, 12.4765, 4.55101E-006, 42.2436
743, 12.37500, 0.0234987, 12.4818, 4.55898E-006, 42.2794
743, 12.38333, 0.0235334, 12.4871, 4.56696E-006, 42.3151
744, 12.39167, 0.0235681, 12.4923, 4.57495E-006, 42.3507
744, 12.40000, 0.0236029, 12.4975, 4.58295E-006, 42.3862
745, 12.40833, 0.0236377, 12.5026, 4.59096E-006, 42.4216
745, 12.41667, 0.0236725, 12.5076, 4.59898E-006, 42.4569
746, 12.42500, 0.0237073, 12.5126, 4.60701E-006, 42.4921
746, 12.43333, 0.0237421, 12.5175, 4.61504E-006, 42.5273
747, 12.44167, 0.023777, 12.5223, 4.62309E-006, 42.5623
747, 12.45000, 0.0238119, 12.5271, 4.63115E-006, 42.5973
748, 12.45833, 0.0238468, 12.5318, 4.63921E-006, 42.6322
748, 12.46667, 0.0238817, 12.5364, 4.64729E-006, 42.667
749, 12.47500, 0.0239167, 12.541, 4.65537E-006, 42.7017
749, 12.48333, 0.0239517, 12.5456, 4.66346E-006, 42.7363
750, 12.49167, 0.0239867, 12.55, 4.67157E-006, 42.7708
750, 12.50000, 0.0240217, 12.5544, 4.67968E-006, 42.8052
751, 12.50833, 0.0240568, 12.5588, 4.6878E-006, 42.8396
751, 12.51667, 0.0240918, 12.5631, 4.69593E-006, 42.8739
752, 12.52500, 0.0241269, 12.5673, 4.70408E-006, 42.908
752, 12.53333, 0.0241621, 12.5715, 4.71223E-006, 42.9421
753, 12.54167, 0.0241972, 12.5756, 4.72039E-006, 42.9761
753, 12.55000, 0.0242324, 12.5796, 4.72856E-006, 43.0101
754, 12.55833, 0.0242676, 12.5836, 4.73674E-006, 43.0439
754, 12.56667, 0.0243028, 12.5876, 4.74493E-006, 43.0777
755, 12.57500, 0.024338, 12.5914, 4.75313E-006, 43.1113
755, 12.58333, 0.0243733, 12.5952, 4.76134E-006, 43.1449
756, 12.59167, 0.0244086, 12.599, 4.76956E-006, 43.1784
756, 12.60000, 0.0244439, 12.6027, 4.77778E-006, 43.2118
757, 12.60833, 0.0244793, 12.6063, 4.78602E-006, 43.2452
757, 12.61667, 0.0245146, 12.6099, 4.79427E-006, 43.2784
758, 12.62500, 0.02455, 12.6134, 4.80253E-006, 43.3116
758, 12.63333, 0.0245854, 12.6169, 4.8108E-006, 43.3447
759, 12.64167, 0.0246209, 12.6203, 4.81907E-006, 43.3777
759, 12.65000, 0.0246563, 12.6237, 4.82736E-006, 43.4106
760, 12.65833, 0.0246918, 12.627, 4.83566E-006, 43.4434
760, 12.66667, 0.0247273, 12.6302, 4.84397E-006, 43.4762
761, 12.67500, 0.0247629, 12.6334, 4.85228E-006, 43.5089
761, 12.68333, 0.0247984, 12.6366, 4.86061E-006, 43.5415
762, 12.69167, 0.024834, 12.6396, 4.86895E-006, 43.574
762, 12.70000, 0.0248696, 12.6427, 4.87729E-006, 43.6064
763, 12.70833, 0.0249053, 12.6456, 4.88565E-006, 43.6388
763, 12.71667, 0.0249409, 12.6485, 4.89402E-006, 43.671
764, 12.72500, 0.0249766, 12.6514, 4.90239E-006, 43.7032
764, 12.73333, 0.0250123, 12.6542, 4.91078E-006, 43.7353
765, 12.74167, 0.0250481, 12.6569, 4.91918E-006, 43.7674
765, 12.75000, 0.0250838, 12.6596, 4.92758E-006, 43.7993
766, 12.75833, 0.0251196, 12.6623, 4.936E-006, 43.8312
766, 12.76667, 0.0251554, 12.6649, 4.94443E-006, 43.863
767, 12.77500, 0.0251912, 12.6674, 4.95287E-006, 43.8947
767, 12.78333, 0.0252271, 12.6699, 4.96131E-006, 43.9263
768, 12.79167, 0.025263, 12.6723, 4.96977E-006, 43.9579
768, 12.80000, 0.0252989, 12.6747, 4.97824E-006, 43.9894
769, 12.80833, 0.0253348, 12.677, 4.98672E-006, 44.0208
769, 12.81667, 0.0253708, 12.6793, 4.9952E-006, 44.0521
770, 12.82500, 0.0254068, 12.6815, 5.0037E-006, 44.0834
770, 12.83333, 0.0254428, 12.6837, 5.01221E-006, 44.1146
771, 12.84167, 0.0254789, 12.6858, 5.02073E-006, 44.1457
771, 12.85000, 0.0255149, 12.6879, 5.02926E-006, 44.1767
772, 12.85833, 0.025551, 12.6899, 5.0378E-006, 44.2076
772, 12.86667, 0.0255871, 12.6919, 5.04635E-006, 44.2385
773, 12.87500, 0.0256233, 12.6938, 5.05491E-006, 44.2693
773, 12.88333, 0.0256594, 12.6956, 5.06348E-006, 44.3
774, 12.89167, 0.0256956, 12.6975, 5.07206E-006, 44.3306
774, 12.90000, 0.0257319, 12.6992, 5.08065E-006, 44.3612
775, 12.90833, 0.0257681, 12.7009, 5.08925E-006, 44.3917
775, 12.91667, 0.0258044, 12.7026, 5.09786E-006, 44.4221
776, 12.92500, 0.0258407, 12.7042, 5.10648E-006, 44.4525
776, 12.93333, 0.025877, 12.7058, 5.11512E-006, 44.4827
777, 12.94167, 0.0259134, 12.7073, 5.12376E-006, 44.5129
777, 12.95000, 0.0259498, 12.7087, 5.13241E-006, 44.543
778, 12.95833, 0.0259862, 12.7102, 5.14108E-006, 44.5731
778, 12.96667, 0.0260226, 12.7115, 5.14975E-006, 44.6031
779, 12.97500, 0.0260591, 12.7128, 5.15844E-006, 44.633
779, 12.98333, 0.0260955, 12.7141, 5.16713E-006, 44.6628
780, 12.99167, 283.142, 49.8691, 0.392244, 144.369
780, 13.00000, 282.796, 49.5476, 0.392183, 144.124
781, 13.00833, 282.461, 49.225, 0.392122, 143.879
781, 13.01667, 0.0262418, 12.7187, 5.20202E-006, 44.7814
782, 13.02500, 0.0262784, 12.7197, 5.21077E-006, 44.8108
782, 13.03333, 0.026315, 12.7207, 5.21953E-006, 44.8402
783, 13.04167, 0.0263517, 12.7217, 5.2283E-006, 44.8696
783, 13.05000, 0.0263884, 12.7226, 5.23708E-006, 44.8988
784, 13.05833, 0.0264251, 12.7234, 5.24587E-006, 44.928
784, 13.06667, 0.0264619, 12.7242, 5.25468E-006, 44.9571
785, 13.07500, 0.0264987, 12.7249, 5.26349E-006, 44.9861
785, 13.08333, 0.0265355, 12.7256, 5.27231E-006, 45.0151
786, 13.09167, 0.0265723, 12.7263, 5.28115E-006, 45.044
786, 13.10000, 0.0266092, 12.7269, 5.28999E-006, 45.0728
787, 13.10833, 0.0266461, 12.7275, 5.29885E-006, 45.1016
787, 13.11667, 0.026683, 12.728, 5.30772E-006, 45.1302
788, 13.12500, 0.02672, 12.7285, 5.3166E-006, 45.1589
788, 13.13333, 0.0267569, 12.7289, 5.32549E-006, 45.1874
789, 13.14167, 0.0267939, 12.7293, 5.33439E-006, 45.2159
789, 13.15000, 0.026831, 12.7296, 5.3433E-006, 45.2443
790, 13.15833, 0.026868, 12.7299, 5.35222E-006, 45.2726
790, 13.16667, 0.0269051, 12.7301, 5.36115E-006, 45.3009
791, 13.17500, 0.0269422, 12.7303, 5.3701E-006, 45.3291
791, 13.18333, 0.0269794, 12.7305, 5.37905E-006, 45.3572
792, 13.19167, 0.0270166, 12.7306, 5.38802E-006, 45.3853
792, 13.20000, 0.0270538, 12.7307, 5.39699E-006, 45.4133
793, 13.20833, 0.027091, 12.7307, 5.40598E-006, 45.4412
793, 13.21667, 0.0271283, 12.7307, 5.41498E-006, 45.469
794, 13.22500, 0.0271655, 12.7306, 5.42399E-006, 45.4968
794, 13.23333, 0.0272029, 12.7305, 5.43301E-006, 45.5245
795, 13.24167, 0.0272402, 12.7304, 5.44205E-006, 45.5522
795, 13.25000, 0.0272776, 12.7302, 5.45109E-006, 45.5798
796, 13.25833, 0.027315, 12.7299, 5.46015E-006, 45.6073
796, 13.26667, 0.0273524, 12.7297, 5.46921E-006, 45.6348
797, 13.27500, 0.0273899, 12.7293, 5.47829E-006, 45.6621
797, 13.28333, 0.0274274, 12.729, 5.48738E-006, 45.6895
798, 13.29167, 0.0274649, 12.7286, 5.49648E-006, 45.7167
798, 13.30000, 0.0275024, 12.7281, 5.50559E-006, 45.7439
799, 13.30833, 0.02754, 12.7276, 5.51471E-006, 45.771
799, 13.31667, 0.0275776, 12.7271, 5.52385E-006, 45.7981
800, 13.32500, 0.0276152, 12.7265, 5.53299E-006, 45.8251
800, 13.33333, 0.0276529, 12.7259, 5.54215E-006, 45.852
801, 13.34167, 0.0276906, 12.7252, 5.55132E-006, 45.8788
801, 13.35000, 0.0277283, 12.7245, 5.5605E-006, 45.9056
802, 13.35833, 0.0277661, 12.7238, 5.56969E-006, 45.9324
802, 13.36667, 0.0278038, 12.723, 5.57889E-006, 45.959
803, 13.37500, 0.0278416, 12.7221, 5.5881E-006, 45.9856
803, 13.38333, 0.0278795, 12.7213, 5.59733E-006, 46.0121
804, 13.39167, 0.0279173, 12.7204, 5.60657E-006, 46.0386
804, 13.40000, 0.0279552, 12.7194, 5.61581E-006, 46.065
805, 13.40833, 0.0279932, 12.7184, 5.62507E-006, 46.0914
805, 13.41667, 0.0280311, 12.7174, 5.63435E-006, 46.1176
806, 13.42500, 0.0280691, 12.7163, 5.64363E-006, 46.1438
806, 13.43333, 0.0281071, 12.7152, 5.65292E-006, 46.17
807, 13.44167, 0.0281452, 12.714, 5.66223E-006, 46.1961
807, 13.45000, 0.0281833, 12.7128, 5.67155E-006, 46.2221
807, 13.45833, 0.0282214, 12.7116, 5.68088E-006, 46.248
808, 13.46667, 0.0282595, 12.7103, 5.69022E-006, 46.2739
809, 13.47500, 0.0282977, 12.709, 5.69957E-006, 46.2998
809, 13.48333, 0.0283359, 12.7077, 5.70894E-006, 46.3255
810, 13.49167, 0.0283741, 12.7063, 5.71832E-006, 46.3512
810, 13.50000, 0.0284124, 12.7048, 5.7277E-006, 46.3769
811, 13.50833, 0.0284506, 12.7034, 5.7371E-006, 46.4025
811, 13.51667, 0.028489, 12.7019, 5.74652E-006, 46.428
812, 13.52500, 0.0285273, 12.7003, 5.75594E-006, 46.4534
812, 13.53333, 0.0285657, 12.6987, 5.76538E-006, 46.4788
813, 13.54167, 0.0286041, 12.6971, 5.77483E-006, 46.5042
813, 13.55000, 0.0286426, 12.6954, 5.78428E-006, 46.5294
814, 13.55833, 0.028681, 12.6937, 5.79376E-006, 46.5546
814, 13.56667, 0.0287195, 12.692, 5.80324E-006, 46.5798
815, 13.57500, 0.0287581, 12.6902, 5.81274E-006, 46.6049
815, 13.58333, 0.0287966, 12.6884, 5.82224E-006, 46.6299
816, 13.59167, 0.0288352, 12.6865, 5.83176E-006, 46.6548
816, 13.60000, 0.0288739, 12.6846, 5.84129E-006, 46.6797
816, 13.60833, 0.0289125, 12.6827, 5.85084E-006, 46.7046
817, 13.61667, 0.0289512, 12.6807, 5.86039E-006, 46.7294
818, 13.62500, 0.0289899, 12.6787, 5.86996E-006, 46.7541
818, 13.63333, 0.0290287, 12.6766, 5.87954E-006, 46.7787
819, 13.64167, 0.0290675, 12.6745, 5.88913E-006, 46.8033
819, 13.65000, 0.0291063, 12.6724, 5.89874E-006, 46.8279
820, 13.65833, 0.0291451, 12.6702, 5.90835E-006, 46.8523
820, 13.66667, 0.029184, 12.668, 5.91798E-006, 46.8768
821, 13.67500, 0.0292229, 12.6658, 5.92762E-006, 46.9011
821, 13.68333, 0.0292619, 12.6635, 5.93728E-006, 46.9254
822, 13.69167, 0.0293009, 12.6612, 5.94694E-006, 46.9496
822, 13.70000, 0.0293399, 12.6589, 5.95662E-006, 46.9738
823, 13.70833, 0.0293789, 12.6565, 5.96631E-006, 46.9979
823, 13.71667, 0.029418, 12.6541, 5.97601E-006, 47.022
824, 13.72500, 0.0294571, 12.6516, 5.98573E-006, 47.046
824, 13.73333, 0.0294962, 12.6491, 5.99545E-006, 47.0699
824, 13.74167, 0.0295354, 12.6466, 6.00519E-006, 47.0938
825, 13.75000, 0.0295746, 12.644, 6.01495E-006, 47.1177
826, 13.75833, 0.0296138, 12.6414, 6.02471E-006, 47.1414
826, 13.76667, 0.0296531, 12.6388, 6.03449E-006, 47.1651
827, 13.77500, 0.0296924, 12.6361, 6.04428E-006, 47.1888
827, 13.78333, 0.0297317, 12.6334, 6.05408E-006, 47.2124
828, 13.79167, 0.0297711, 12.6306, 6.06389E-006, 47.2359
828, 13.80000, 0.0298105, 12.6279, 6.07372E-006, 47.2594
829, 13.80833, 0.0298499, 12.625, 6.08356E-006, 47.2828
829, 13.81667, 0.0298894, 12.6222, 6.09341E-006, 47.3061
830, 13.82500, 0.0299289, 12.6193, 6.10328E-006, 47.3294
830, 13.83333, 0.0299684, 12.6164, 6.11315E-006, 47.3527
831, 13.84167, 0.030008, 12.6134, 6.12304E-006, 47.3759
831, 13.85000, 0.0300476, 12.6104, 6.13295E-006, 47.399
832, 13.85833, 0.0300872, 12.6074, 6.14286E-006, 47.4221
832, 13.86667, 0.0301269, 12.6043, 6.15279E-006, 47.4451
832, 13.87500, 0.0301666, 12.6012, 6.16273E-006, 47.468
833, 13.88333, 0.0302063, 12.5981, 6.17268E-006, 47.4909
834, 13.89167, 0.0302461, 12.5949, 6.18265E-006, 47.5138
834, 13.90000, 0.0302859, 12.5917, 6.19263E-006, 47.5366
835, 13.90833, 0.0303257, 12.5885, 6.20262E-006, 47.5593
835, 13.91667, 0.0303656, 12.5852, 6.21263E-006, 47.582
836, 13.92500, 0.0304055, 12.5819, 6.22264E-006, 47.6046
836, 13.93333, 0.0304454, 12.5785, 6.23267E-006, 47.6272
837, 13.94167, 0.0304854, 12.5752, 6.24272E-006, 47.6497
837, 13.95000, 0.0305254, 12.5718, 6.25278E-006, 47.6721
838, 13.95833, 0.0305654, 12.5683, 6.26285E-006, 47.6945
838, 13.96667, 0.0306055, 12.5648, 6.27293E-006, 47.7168
839, 13.97500, 0.0306456, 12.5613, 6.28302E-006, 47.7391
839, 13.98333, 0.0306857, 12.5578, 6.29313E-006, 47.7613
840, 13.99167, 0.0307259, 12.5542, 6.30325E-006, 47.7835
840, 14.00000, 0.0307661, 12.5506, 6.31339E-006, 47.8056
841, 14.00833, 0.0308063, 12.5469, 6.32354E-006, 47.8277
841, 14.01667, 0.0308466, 12.5433, 6.3337E-006, 47.8497
841, 14.02500, 0.0308869, 12.5395, 6.34387E-006, 47.8716
842, 14.03333, 0.0309272, 12.5358, 6.35406E-006, 47.8935
843, 14.04167, 0.0309676, 12.532, 6.36426E-006, 47.9154
843, 14.05000, 0.031008, 12.5282, 6.37448E-006, 47.9372
844, 14.05833, 0.0310485, 12.5244, 6.3847E-006, 47.9589
844, 14.06667, 0.031089, 12.5205, 6.39494E-006, 47.9806
845, 14.07500, 0.0311295, 12.5166, 6.4052E-006, 48.0022
845, 14.08333, 0.03117, 12.5126, 6.41546E-006, 48.0238
846, 14.09167, 0.0312106, 12.5086, 6.42575E-006, 48.0453
846, 14.10000, 0.0312513, 12.5046, 6.43604E-006, 48.0667
847, 14.10833, 0.0312919, 12.5006, 6.44635E-006, 48.0881
847, 14.11667, 0.0313326, 12.4965, 6.45667E-006, 48.1095
848, 14.12500, 0.0313733, 12.4924, 6.467E-006, 48.1308
848, 14.13333, 0.0314141, 12.4883, 6.47735E-006, 48.152
849, 14.14167, 0.0314549, 12.4841, 6.48771E-006, 48.1732
849, 14.15000, 0.0314957, 12.4799, 6.49808E-006, 48.1943
849, 14.15833, 0.0315366, 12.4756, 6.50847E-006, 48.2154
850, 14.16667, 0.0315775, 12.4714, 6.51887E-006, 48.2364
851, 14.17500, 0.0316185, 12.4671, 6.52929E-006, 48.2574
851, 14.18333, 0.0316594, 12.4627, 6.53972E-006, 48.2783
852, 14.19167, 0.0317005, 12.4584, 6.55016E-006, 48.2992
852, 14.20000, 0.0317415, 12.454, 6.56062E-006, 48.32
853, 14.20833, 0.0317826, 12.4495, 6.57109E-006, 48.3408
853, 14.21667, 0.0318237, 12.4451, 6.58157E-006, 48.3615
854, 14.22500, 0.0318649, 12.4406, 6.59207E-006, 48.3822
854, 14.23333, 0.0319061, 12.4361, 6.60258E-006, 48.4028
855, 14.24167, 0.0319473, 12.4315, 6.6131E-006, 48.4233
855, 14.25000, 0.0319886, 12.4269, 6.62364E-006, 48.4438
856, 14.25833, 0.0320299, 12.4223, 6.63419E-006, 48.4642
856, 14.26667, 0.0320712, 12.4177, 6.64476E-006, 48.4846
857, 14.27500, 0.0321126, 12.413, 6.65534E-006, 48.505
857, 14.28333, 0.032154, 12.4083, 6.66593E-006, 48.5253
857, 14.29167, 0.0321955, 12.4035, 6.67654E-006, 48.5455
858, 14.30000, 0.032237, 12.3987, 6.68717E-006, 48.5657
859, 14.30833, 0.0322785, 12.3939, 6.6978E-006, 48.5858
859, 14.31667, 0.0323201, 12.3891, 6.70845E-006, 48.6059
860, 14.32500, 0.0323617, 12.3842, 6.71911E-006, 48.6259
860, 14.33333, 0.0324033, 12.3793, 6.72979E-006, 48.6459
861, 14.34167, 0.032445, 12.3744, 6.74049E-006, 48.6658
861, 14.35000, 0.0324867, 12.3694, 6.75119E-006, 48.6857
862, 14.35833, 0.0325285, 12.3645, 6.76191E-006, 48.7055
862, 14.36667, 0.0325703, 12.3594, 6.77265E-006, 48.7253
863, 14.37500, 0.0326121, 12.3544, 6.78339E-006, 48.745
863, 14.38333, 0.0326539, 12.3493, 6.79416E-006, 48.7647
864, 14.39167, 0.0326959, 12.3442, 6.80493E-006, 48.7843
864, 14.40000, 0.0327378, 12.339, 6.81573E-006, 48.8039
865, 14.40833, 0.0327798, 12.3339, 6.82653E-006, 48.8234
865, 14.41667, 0.0328218, 12.3287, 6.83735E-006, 48.8429
866, 14.42500, 0.0328638, 12.3234, 6.84819E-006, 48.8623
866, 14.43333, 0.0329059, 12.3182, 6.85903E-006, 48.8816
866, 14.44167, 0.0329481, 12.3129, 6.8699E-006, 48.901
867, 14.45000, 0.0329902, 12.3076, 6.88077E-006, 48.9202
868, 14.45833, 0.0330324, 12.3022, 6.89167E-006, 48.9394
868, 14.46667, 0.0330747, 12.2968, 6.90257E-006, 48.9586
869, 14.47500, 0.033117, 12.2914, 6.91349E-006, 48.9777
869, 14.48333, 0.0331593, 12.286, 6.92443E-006, 48.9968
870, 14.49167, 0.0332017, 12.2805, 6.93538E-006, 49.0158
870, 14.50000, 0.0332441, 12.275, 6.94634E-006, 49.0347
871, 14.50833, 0.0332865, 12.2694, 6.95732E-006, 49.0536
871, 14.51667, 0.033329, 12.2639, 6.96831E-006, 49.0725
872, 14.52500, 0.0333715, 12.2583, 6.97932E-006, 49.0913
872, 14.53333, 0.0334141, 12.2527, 6.99034E-006, 49.1101
873, 14.54167, 0.0334567, 12.247, 7.00138E-006, 49.1288
873, 14.55000, 0.0334993, 12.2413, 7.01243E-006, 49.1475
874, 14.55833, 0.033542, 12.2356, 7.0235E-006, 49.1661
874, 14.56667, 0.0335847, 12.2299, 7.03458E-006, 49.1846
874, 14.57500, 0.0336274, 12.2241, 7.04568E-006, 49.2031
875, 14.58333, 0.0336702, 12.2183, 7.05679E-006, 49.2216
876, 14.59167, 0.0337131, 12.2125, 7.06792E-006, 49.24
876, 14.60000, 0.0337559, 12.2067, 7.07906E-006, 49.2584
877, 14.60833, 0.0337988, 12.2008, 7.09021E-006, 49.2767
877, 14.61667, 0.0338418, 12.1949, 7.10138E-006, 49.295
878, 14.62500, 0.0338848, 12.1889, 7.11257E-006, 49.3132
878, 14.63333, 0.0339278, 12.1829, 7.12377E-006, 49.3314
879, 14.64167, 0.0339709, 12.1769, 7.13498E-006, 49.3495
879, 14.65000, 0.034014, 12.1709, 7.14621E-006, 49.3675
880, 14.65833, 0.0340571, 12.1649, 7.15746E-006, 49.3856
880, 14.66667, 0.0341003, 12.1588, 7.16872E-006, 49.4035
881, 14.67500, 0.0341436, 12.1527, 7.18E-006, 49.4215
881, 14.68333, 0.0341868, 12.1465, 7.19129E-006, 49.4393
882, 14.69167, 0.0342302, 12.1403, 7.20259E-006, 49.4572
882, 14.70000, 0.0342735, 12.1341, 7.21391E-006, 49.4749
882, 14.70833, 0.0343169, 12.1279, 7.22525E-006, 49.4927
883, 14.71667, 0.0343603, 12.1217, 7.2366E-006, 49.5104
884, 14.72500, 0.0344038, 12.1154, 7.24797E-006, 49.528
884, 14.73333, 0.0344473, 12.1091, 7.25935E-006, 49.5456
885, 14.74167, 0.0344909, 12.1027, 7.27075E-006, 49.5631
885, 14.75000, 0.0345345, 12.0964, 7.28216E-006, 49.5806
886, 14.75833, 0.0345781, 12.09, 7.29359E-006, 49.598
886, 14.76667, 0.0346218, 12.0835, 7.30503E-006, 49.6154
887, 14.77500, 0.0346655, 12.0771, 7.31649E-006, 49.6328
887, 14.78333, 0.0347093, 12.0706, 7.32796E-006, 49.6501
888, 14.79167, 0.0347531, 12.0641, 7.33945E-006, 49.6673
888, 14.80000, 0.034797, 12.0575, 7.35096E-006, 49.6845
889, 14.80833, 0.0348408, 12.051, 7.36248E-006, 49.7017
889, 14.81667, 0.0348848, 12.0444, 7.37402E-006, 49.7188
890, 14.82500, 0.0349288, 12.0378, 7.38557E-006, 49.7359
890, 14.83333, 0.0349728, 12.0311, 7.39714E-006, 49.7529
891, 14.84167, 0.0350168, 12.0244, 7.40872E-006, 49.7698
891, 14.85000, 0.0350609, 12.0177, 7.42032E-006, 49.7868
891, 14.85833, 0.0351051, 12.011, 7.43193E-006, 49.8036
892, 14.86667, 0.0351492, 12.0042, 7.44356E-006, 49.8205
893, 14.87500, 0.0351935, 11.9974, 7.45521E-006, 49.8372
893, 14.88333, 0.0352377, 11.9906, 7.46687E-006, 49.854
894, 14.89167, 0.035282, 11.9838, 7.47855E-006, 49.8706
894, 14.90000, 0.0353264, 11.9769, 7.49024E-006, 49.8873
895, 14.90833, 0.0353708, 11.97, 7.50195E-006, 49.9039
895, 14.91667, 0.0354152, 11.9631, 7.51368E-006, 49.9204
896, 14.92500, 0.0354597, 11.9561, 7.52542E-006, 49.9369
896, 14.93333, 0.0355042, 11.9492, 7.53717E-006, 49.9534
897, 14.94167, 0.0355488, 11.9422, 7.54895E-006, 49.9698
897, 14.95000, 0.0355934, 11.9351, 7.56074E-006, 49.9861
898, 14.95833, 0.0356381, 11.9281, 7.57254E-006, 50.0024
898, 14.96667, 0.0356828, 11.921, 7.58436E-006, 50.0187
899, 14.97500, 0.0357275, 11.9138, 7.5962E-006, 50.0349
899, 14.98333, 0.0357723, 11.9067, 7.60805E-006, 50.0511
899, 14.99167, 0.0358171, 11.8995, 7.61992E-006, 50.0672
900, 15.00000, 0.035862, 11.8923, 7.63181E-006, 50.0833
901, 15.00833, 0.0359069, 11.8851, 7.64371E-006, 50.0993
901, 15.01667, 0.0359518, 11.8779, 7.65563E-006, 50.1153
902, 15.02500, 0.0359969, 11.8706, 7.66756E-006, 50.1312
902, 15.03333, 0.0360419, 11.8633, 7.67951E-006, 50.1471
903, 15.04167, 0.036087, 11.8559, 7.69148E-006, 50.163
903, 15.05000, 0.0361321, 11.8486, 7.70346E-006, 50.1788
904, 15.05833, 0.0361773, 11.8412, 7.71546E-006, 50.1945
904, 15.06667, 0.0362225, 11.8338, 7.72748E-006, 50.2102
905, 15.07500, 0.0362678, 11.8263, 7.73951E-006, 50.2259
905, 15.08333, 0.0363131, 11.8189, 7.75156E-006, 50.2415
906, 15.09167, 0.0363584, 11.8114, 7.76363E-006, 50.2571
906, 15.10000, 0.0364038, 11.8038, 7.77571E-006, 50.2726
907, 15.10833, 0.0364493, 11.7963, 7.7878E-006, 50.2881
907, 15.11667, 0.0364948, 11.7887, 7.79992E-006, 50.3035
907, 15.12500, 0.0365403, 11.7811, 7.81205E-006, 50.3189
908, 15.13333, 0.0365859, 11.7735, 7.8242E-006, 50.3342
909, 15.14167, 0.0366315, 11.7658, 7.83636E-006, 50.3495
909, 15.15000, 0.0366772, 11.7582, 7.84855E-006, 50.3648
910, 15.15833, 0.0367229, 11.7504, 7.86074E-006, 50.38
910, 15.16667, 0.0367686, 11.7427, 7.87296E-006, 50.3952
911, 15.17500, 0.0368144, 11.735, 7.88519E-006, 50.4103
911, 15.18333, 0.0368603, 11.7272, 7.89744E-006, 50.4253
912, 15.19167, 0.0369062, 11.7194, 7.9097E-006, 50.4404
912, 15.20000, 0.0369521, 11.7115, 7.92199E-006, 50.4553
913, 15.20833, 0.0369981, 11.7036, 7.93428E-006, 50.4703
913, 15.21667, 0.0370441, 11.6958, 7.9466E-006, 50.4852
914, 15.22500, 0.0370902, 11.6878, 7.95893E-006, 50.5
914, 15.23333, 0.0371363, 11.6799, 7.97128E-006, 50.5148
915, 15.24167, 0.0371825, 11.6719, 7.98365E-006, 50.5296
915, 15.25000, 0.0372287, 11.6639, 7.99604E-006, 50.5443
916, 15.25833, 0.037275, 11.6559, 8.00844E-006, 50.559
916, 15.26667, 0.0373213, 11.6478, 8.02086E-006, 50.5736
916, 15.27500, 0.0373676, 11.6398, 8.03329E-006, 50.5882
917, 15.28333, 0.037414, 11.6317, 8.04574E-006, 50.6027
918, 15.29167, 0.0374605, 11.6235, 8.05821E-006, 50.6172
918, 15.30000, 0.037507, 11.6154, 8.0707E-006, 50.6316
919, 15.30833, 0.0375535, 11.6072, 8.0832E-006, 50.646
919, 15.31667, 0.0376001, 11.599, 8.09573E-006, 50.6604
920, 15.32500, 0.0376467, 11.5908, 8.10826E-006, 50.6747
920, 15.33333, 0.0376934, 11.5825, 8.12082E-006, 50.6889
921, 15.34167, 0.0377401, 11.5742, 8.13339E-006, 50.7032
921, 15.35000, 0.0377869, 11.5659, 8.14598E-006, 50.7173
922, 15.35833, 0.0378337, 11.5576, 8.15859E-006, 50.7315
922, 15.36667, 0.0378806, 11.5492, 8.17122E-006, 50.7456
923, 15.37500, 0.0379275, 11.5408, 8.18386E-006, 50.7596
923, 15.38333, 0.0379745, 11.5324, 8.19652E-006, 50.7736
924, 15.39167, 0.0380215, 11.524, 8.2092E-006, 50.7876
924, 15.40000, 0.0380685, 11.5155, 8.2219E-006, 50.8015
924, 15.40833, 0.0381156, 11.507, 8.23461E-006, 50.8153
925, 15.41667, 0.0381628, 11.4985, 8.24734E-006, 50.8292
926, 15.42500, 0.03821, 11.49, 8.26009E-006, 50.8429
926, 15.43333, 0.0382572, 11.4814, 8.27286E-006, 50.8567
927, 15.44167, 0.0383045, 11.4728, 8.28564E-006, 50.8704
927, 15.45000, 0.0383519, 11.4642, 8.29845E-006, 50.884
928, 15.45833, 0.0383993, 11.4555, 8.31126E-006, 50.8976
928, 15.46667, 0.0384467, 11.4469, 8.3241E-006, 50.9112
929, 15.47500, 0.0384942, 11.4382, 8.33696E-006, 50.9247
929, 15.48333, 0.0385418, 11.4294, 8.34983E-006, 50.9382
930, 15.49167, 0.0385893, 11.4207, 8.36272E-006, 50.9516
930, 15.50000, 0.038637, 11.4119, 8.37563E-006, 50.965
931, 15.50833, 0.0386847, 11.4031, 8.38856E-006, 50.9783
931, 15.51667, 0.0387324, 11.3943, 8.40151E-006, 50.9916
932, 15.52500, 0.0387802, 11.3854, 8.41447E-006, 51.0049
932, 15.53333, 0.038828, 11.3766, 8.42745E-006, 51.0181
932, 15.54167, 0.0388759, 11.3677, 8.44045E-006, 51.0313
933, 15.55000, 0.0389238, 11.3587, 8.45347E-006, 51.0444
934, 15.55833, 0.0389718, 11.3498, 8.46651E-006, 51.0575
934, 15.56667, 0.0390198, 11.3408, 8.47956E-006, 51.0705
935, 15.57500, 0.0390679, 11.3318, 8.49264E-006, 51.0835
935, 15.58333, 0.0391161, 11.3228, 8.50573E-006, 51.0965
936, 15.59167, 0.0391642, 11.3137, 8.51884E-006, 51.1094
936, 15.60000, 0.0392125, 11.3046, 8.53196E-006, 51.1222
937, 15.60833, 0.0392607, 11.2955, 8.54511E-006, 51.135
937, 15.61667, 0.0393091, 11.2864, 8.55828E-006, 51.1478
938, 15.62500, 0.0393574, 11.2772, 8.57146E-006, 51.1606
938, 15.63333, 0.0394059, 11.2681, 8.58466E-006, 51.1733
939, 15.64167, 0.0394544, 11.2589, 8.59788E-006, 51.1859
939, 15.65000, 0.0395029, 11.2496, 8.61112E-006, 51.1985
940, 15.65833, 0.0395515, 11.2404, 8.62438E-006, 51.2111
940, 15.66667, 0.0396001, 11.2311, 8.63765E-006, 51.2236
941, 15.67500, 0.0396488, 11.2218, 8.65095E-006, 51.2361
941, 15.68333, 0.0396975, 11.2125, 8.66426E-006, 51.2485
941, 15.69167, 0.0397463, 11.2031, 8.67759E-006, 51.2609
942, 15.70000, 0.0397951, 11.1937, 8.69094E-006, 51.2733
943, 15.70833, 0.039844, 11.1843, 8.70431E-006, 51.2856
943, 15.71667, 0.039893, 11.1749, 8.7177E-006, 51.2978
944, 15.72500, 0.0399419, 11.1654, 8.73111E-006, 51.31
944, 15.73333, 0.039991, 11.1559, 8.74453E-006, 51.3222
945, 15.74167, 0.0400401, 11.1464, 8.75798E-006, 51.3344
945, 15.75000, 0.0400892, 11.1369, 8.77144E-006, 51.3465
946, 15.75833, 0.0401384, 11.1273, 8.78492E-006, 51.3585
946, 15.76667, 0.0401877, 11.1177, 8.79843E-006, 51.3705
947, 15.77500, 0.040237, 11.1081, 8.81195E-006, 51.3825
947, 15.78333, 0.0402863, 11.0985, 8.82549E-006, 51.3944
948, 15.79167, 0.0403357, 11.0888, 8.83905E-006, 51.4063
948, 15.80000, 0.0403852, 11.0792, 8.85263E-006, 51.4181
949, 15.80833, 0.0404347, 11.0694, 8.86622E-006, 51.4299
949, 15.81667, 0.0404842, 11.0597, 8.87984E-006, 51.4417
949, 15.82500, 0.0405338, 11.05, 8.89348E-006, 51.4534
950, 15.83333, 0.0405835, 11.0402, 8.90713E-006, 51.4651
951, 15.84167, 0.0406332, 11.0304, 8.92081E-006, 51.4767
951, 15.85000, 0.040683, 11.0205, 8.9345E-006, 51.4883
952, 15.85833, 0.0407328, 11.0107, 8.94821E-006, 51.4998
952, 15.86667, 0.0407827, 11.0008, 8.96195E-006, 51.5113
953, 15.87500, 0.0408326, 10.9909, 8.9757E-006, 51.5228
953, 15.88333, 0.0408826, 10.9809, 8.98947E-006, 51.5342
954, 15.89167, 0.0409326, 10.971, 9.00326E-006, 51.5456
954, 15.90000, 0.0409827, 10.961, 9.01708E-006, 51.5569
955, 15.90833, 0.0410328, 10.951, 9.0309E-006, 51.5682
955, 15.91667, 0.041083, 10.9409, 9.04476E-006, 51.5794
956, 15.92500, 0.0411333, 10.9309, 9.05863E-006, 51.5906
956, 15.93333, 0.0411836, 10.9208, 9.07252E-006, 51.6018
957, 15.94167, 0.0412339, 10.9107, 9.08643E-006, 51.6129
957, 15.95000, 0.0412843, 10.9006, 9.10035E-006, 51.624
957, 15.95833, 0.0413348, 10.8904, 9.1143E-006, 51.635
958, 15.96667, 0.0413853, 10.8802, 9.12827E-006, 51.646
959, 15.97500, 0.0414359, 10.87, 9.14226E-006, 51.657
959, 15.98333, 0.0414865, 10.8598, 9.15627E-006, 51.6679
960, 15.99167, 0.0415372, 10.8495, 9.1703E-006, 51.6788
960, 16.00000, 0.0415879, 10.8392, 9.18435E-006, 51.6896
961, 16.00833, 0.0416387, 10.8289, 9.19842E-006, 51.7004
961, 16.01667, 0.0416896, 10.8186, 9.21251E-006, 51.7111
962, 16.02500, 0.0417405, 10.8082, 9.22661E-006, 51.7218
962, 16.03333, 0.0417914, 10.7979, 9.24074E-006, 51.7325
963, 16.04167, 0.0418424, 10.7874, 9.25489E-006, 51.7431
963, 16.05000, 0.0418935, 10.777, 9.26906E-006, 51.7537
964, 16.05833, 0.0419446, 10.7666, 9.28325E-006, 51.7642
964, 16.06667, 0.0419958, 10.7561, 9.29746E-006, 51.7747
965, 16.07500, 0.042047, 10.7456, 9.31169E-006, 51.7852
965, 16.08333, 0.0420983, 10.735, 9.32594E-006, 51.7956
966, 16.09167, 0.0421496, 10.7245, 9.34022E-006, 51.806
966, 16.10000, 0.042201, 10.7139, 9.35451E-006, 51.8163
966, 16.10833, 0.0422525, 10.7033, 9.36882E-006, 51.8266
967, 16.11667, 0.042304, 10.6927, 9.38315E-006, 51.8368
968, 16.12500, 0.0423556, 10.682, 9.3975E-006, 51.847
968, 16.13333, 0.0424072, 10.6713, 9.41188E-006, 51.8572
969, 16.14167, 0.0424589, 10.6606, 9.42627E-006, 51.8673
969, 16.15000, 0.0425106, 10.6499, 9.44069E-006, 51.8774
970, 16.15833, 0.0425624, 10.6391, 9.45512E-006, 51.8874
970, 16.16667, 0.0426142, 10.6284, 9.46958E-006, 51.8974
971, 16.17500, 0.0426661, 10.6175, 9.48406E-006, 51.9074
971, 16.18333, 0.0427181, 10.6067, 9.49855E-006, 51.9173
972, 16.19167, 0.0427701, 10.5959, 9.51307E-006, 51.9272
972, 16.20000, 0.0428222, 10.585, 9.52761E-006, 51.937
973, 16.20833, 0.0428743, 10.5741, 9.54217E-006, 51.9468
973, 16.21667, 0.0429265, 10.5632, 9.55675E-006, 51.9565
974, 16.22500, 0.0429787, 10.5522, 9.57136E-006, 51.9663
974, 16.23333, 0.043031, 10.5412, 9.58598E-006, 51.9759
974, 16.24167, 0.0430834, 10.5302, 9.60062E-006, 51.9855
975, 16.25000, 0.0431358, 10.5192, 9.61529E-006, 51.9951
976, 16.25833, 0.0431883, 10.5081, 9.62998E-006, 52.0047
976, 16.26667, 0.0432408, 10.4971, 9.64468E-006, 52.0142
977, 16.27500, 0.0432934, 10.486, 9.65941E-006, 52.0236
977, 16.28333, 0.0433461, 10.4748, 9.67416E-006, 52.0331
978, 16.29167, 0.0433988, 10.4637, 9.68894E-006, 52.0424
978, 16.30000, 0.0434515, 10.4525, 9.70373E-006, 52.0518
979, 16.30833, 0.0435044, 10.4413, 9.71854E-006, 52.0611
979, 16.31667, 0.0435573, 10.4301, 9.73338E-006, 52.0703
980, 16.32500, 0.0436102, 10.4188, 9.74824E-006, 52.0795
980, 16.33333, 0.0436632, 10.4076, 9.76311E-006, 52.0887
981, 16.34167, 0.0437163, 10.3963, 9.77802E-006, 52.0979
981, 16.35000, 0.0437694, 10.3849, 9.79294E-006, 52.1069
982, 16.35833, 0.0438225, 10.3736, 9.80788E-006, 52.116
982, 16.36667, 0.0438758, 10.3622, 9.82285E-006, 52.125
982, 16.37500, 0.0439291, 10.3508, 9.83783E-006, 52.134
983, 16.38333, 0.0439824, 10.3394, 9.85284E-006, 52.1429
984, 16.39167, 0.0440358, 10.3279, 9.86787E-006, 52.1518
984, 16.40000, 0.0440893, 10.3165, 9.88292E-006, 52.1606
985, 16.40833, 0.0441428, 10.305, 9.898E-006, 52.1694
985, 16.41667, 0.0441964, 10.2934, 9.91309E-006, 52.1782
986, 16.42500, 0.0442501, 10.2819, 9.92821E-006, 52.1869
986, 16.43333, 0.0443038, 10.2703, 9.94335E-006, 52.1956
987, 16.44167, 0.0443576, 10.2587, 9.95851E-006, 52.2043
987, 16.45000, 0.0444114, 10.2471, 9.9737E-006, 52.2129
988, 16.45833, 0.0444653, 10.2354, 9.9889E-006, 52.2214
988, 16.46667, 0.0445193, 10.2238, 1.00041E-005, 52.2299
989, 16.47500, 0.0445733, 10.2121, 1.00194E-005, 52.2384
989, 16.48333, 0.0446273, 10.2004, 1.00347E-005, 52.2468
990, 16.49167, 0.0446815, 10.1886, 1.00499E-005, 52.2552
990, 16.50000, 0.0447357, 10.1768, 1.00653E-005, 52.2636
991, 16.50833, 0.0447899, 10.165, 1.00806E-005, 52.2719
991, 16.51667, 0.0448443, 10.1532, 1.0096E-005, 52.2802
991, 16.52500, 0.0448986, 10.1414, 1.01113E-005, 52.2884
992, 16.53333, 0.0449531, 10.1295, 1.01268E-005, 52.2966
993, 16.54167, 0.0450076, 10.1176, 1.01422E-005, 52.3048
993, 16.55000, 0.0450621, 10.1057, 1.01576E-005, 52.3129
994, 16.55833, 0.0451168, 10.0937, 1.01731E-005, 52.321
994, 16.56667, 0.0451715, 10.0818, 1.01886E-005, 52.329
995, 16.57500, 0.0452262, 10.0698, 1.02041E-005, 52.337
995, 16.58333, 0.045281, 10.0578, 1.02197E-005, 52.3449
996, 16.59167, 0.0453359, 10.0457, 1.02352E-005, 52.3528
996, 16.60000, 0.0453908, 10.0336, 1.02508E-005, 52.3607
997, 16.60833, 0.0454458, 10.0215, 1.02664E-005, 52.3685
997, 16.61667, 0.0455009, 10.0094, 1.02821E-005, 52.3763
998, 16.62500, 0.045556, 9.99728, 1.02977E-005, 52.3841
998, 16.63333, 0.0456112, 9.98511, 1.03134E-005, 52.3918
999, 16.64167, 0.0456664, 9.97291, 1.03291E-005, 52.3994
999, 16.65000, 0.0457217, 9.96069, 1.03448E-005, 52.4071
999, 16.65833, 0.0457771, 9.94845, 1.03606E-005, 52.4146
1000, 16.66667, 0.0458326, 9.93618, 1.03763E-005, 52.4222
1001, 16.67500, 0.0458881, 9.92389, 1.03921E-005, 52.4297
1001, 16.68333, 0.0459436, 9.91157, 1.04079E-005, 52.4372
1002, 16.69167, 0.0459993, 9.89922, 1.04238E-005, 52.4446
1002, 16.70000, 0.0460549, 9.88685, 1.04397E-005, 52.452
1003, 16.70833, 0.0461107, 9.87446, 1.04555E-005, 52.4593
1003, 16.71667, 0.0461665, 9.86204, 1.04715E-005, 52.4666
1004, 16.72500, 0.0462224, 9.84959, 1.04874E-005, 52.4739
1004, 16.73333, 0.0462784, 9.83712, 1.05033E-005, 52.4811
1005, 16.74167, 0.0463344, 9.82463, 1.05193E-005, 52.4883
1005, 16.75000, 0.0463904, 9.81211, 1.05353E-005, 52.4954
1006, 16.75833, 0.0464466, 9.79956, 1.05514E-005, 52.5025
1006, 16.76667, 0.0465028, 9.78699, 1.05674E-005, 52.5096
1007, 16.77500, 0.0465591, 9.7744, 1.05835E-005, 52.5166
1007, 16.78333, 0.0466154, 9.76178, 1.05996E-005, 52.5236
1007, 16.79167, 0.0466718, 9.74913, 1.06157E-005, 52.5305
1008, 16.80000, 0.0467283, 9.73646, 1.06318E-005, 52.5374
1009, 16.80833, 0.0467848, 9.72377, 1.0648E-005, 52.5442
1009, 16.81667, 0.0468414, 9.71105, 1.06642E-005, 52.5511
1010, 16.82500, 0.046898, 9.6983, 1.06804E-005, 52.5578
1010, 16.83333, 0.0469548, 9.68553, 1.06967E-005, 52.5646
1011, 16.84167, 0.0470116, 9.67273, 1.07129E-005, 52.5713
1011, 16.85000, 0.0470684, 9.65991, 1.07292E-005, 52.5779
1012, 16.85833, 0.0471253, 9.64707, 1.07455E-005, 52.5845
1012, 16.86667, 0.0471823, 9.63419, 1.07619E-005, 52.5911
1013, 16.87500, 0.0472394, 9.6213, 1.07782E-005, 52.5976
1013, 16.88333, 0.0472965, 9.60838, 1.07946E-005, 52.6041
1014, 16.89167, 0.0473537, 9.59543, 1.0811E-005, 52.6106
1014, 16.90000, 0.0474109, 9.58246, 1.08275E-005, 52.617
1015, 16.90833, 0.0474683, 9.56946, 1.08439E-005, 52.6234
1015, 16.91667, 0.0475257, 9.55643, 1.08604E-005, 52.6297
1016, 16.92500, 0.0475831, 9.54339, 1.08769E-005, 52.636
1016, 16.93333, 0.0476406, 9.53031, 1.08935E-005, 52.6422
1016, 16.94167, 0.0476982, 9.51721, 1.091E-005, 52.6484
1017, 16.95000, 0.0477559, 9.50409, 1.09266E-005, 52.6546
1018, 16.95833, 0.0478136, 9.49094, 1.09432E-005, 52.6607
1018, 16.96667, 0.0478714, 9.47777, 1.09598E-005, 52.6668
1019, 16.97500, 0.0479292, 9.46457, 1.09765E-005, 52.6729
1019, 16.98333, 0.0479872, 9.45134, 1.09932E-005, 52.6789
1020, 16.99167, 0.0480452, 9.43809, 1.10099E-005, 52.6848
1020, 17.00000, 0.0481032, 9.42481, 1.10266E-005, 52.6908
1021, 17.00833, 0.0481614, 9.41151, 1.10434E-005, 52.6967
1021, 17.01667, 0.0482196, 9.39818, 1.10601E-005, 52.7025
1022, 17.02500, 0.0482778, 9.38483, 1.10769E-005, 52.7083
1022, 17.03333, 0.0483362, 9.37145, 1.10938E-005, 52.7141
1023, 17.04167, 0.0483946, 9.35805, 1.11106E-005, 52.7198
1023, 17.05000, 0.048453, 9.34462, 1.11275E-005, 52.7255
1024, 17.05833, 0.0485116, 9.33116, 1.11444E-005, 52.7311
1024, 17.06667, 0.0485702, 9.31768, 1.11613E-005, 52.7367
1025, 17.07500, 0.0486289, 9.30418, 1.11783E-005, 52.7423
1025, 17.08333, 0.0486876, 9.29065, 1.11953E-005, 52.7478
1026, 17.09167, 0.0487464, 9.27709, 1.12123E-005, 52.7533
1026, 17.10000, 0.0488053, 9.26351, 1.12293E-005, 52.7588
1027, 17.10833, 0.0488643, 9.2499, 1.12464E-005, 52.7642
1027, 17.11667, 0.0489233, 9.23627, 1.12634E-005, 52.7695
1028, 17.12500, 0.0489824, 9.22261, 1.12806E-005, 52.7748
1028, 17.13333, 0.0490416, 9.20892, 1.12977E-005, 52.7801
1029, 17.14167, 0.0491008, 9.19521, 1.13148E-005, 52.7854
1029, 17.15000, 0.0491601, 9.18147, 1.1332E-005, 52.7906
1030, 17.15833, 0.0492195, 9.16771, 1.13492E-005, 52.7957
1030, 17.16667, 0.0492789, 9.15392, 1.13665E-005, 52.8008
1031, 17.17500, 0.0493385, 9.14011, 1.13837E-005, 52.8059
1031, 17.18333, 0.049398, 9.12627, 1.1401E-005, 52.811
1032, 17.19167, 0.0494577, 9.11241, 1.14183E-005, 52.816
1032, 17.20000, 0.0495174, 9.09852, 1.14357E-005, 52.8209
1033, 17.20833, 0.0495772, 9.0846, 1.1453E-005, 52.8258
1033, 17.21667, 0.0496371, 9.07066, 1.14704E-005, 52.8307
1034, 17.22500, 0.0496971, 9.05669, 1.14879E-005, 52.8356
1034, 17.23333, 0.0497571, 9.0427, 1.15053E-005, 52.8404
1035, 17.24167, 0.0498172, 9.02868, 1.15228E-005, 52.8451
1035, 17.25000, 0.0498773, 9.01463, 1.15403E-005, 52.8498
1036, 17.25833, 0.0499376, 9.00056, 1.15578E-005, 52.8545
1036, 17.26667, 0.0499979, 8.98646, 1.15753E-005, 52.8591
1037, 17.27500, 0.0500582, 8.97234, 1.15929E-005, 52.8637
1037, 17.28333, 0.0501187, 8.95819, 1.16105E-005, 52.8683
1038, 17.29167, 0.0501792, 8.94401, 1.16281E-005, 52.8728
1038, 17.30000, 0.0502398, 8.92981, 1.16458E-005, 52.8773
1039, 17.30833, 0.0503005, 8.91559, 1.16635E-005, 52.8817
1039, 17.31667, 0.0503612, 8.90133, 1.16812E-005, 52.8861
1040, 17.32500, 0.050422, 8.88705, 1.16989E-005, 52.8905
1040, 17.33333, 0.0504829, 8.87275, 1.17167E-005, 52.8948
1041, 17.34167, 0.0505439, 8.85841, 1.17345E-005, 52.899
1041, 17.35000, 0.0506049, 8.84406, 1.17523E-005, 52.9033
1042, 17.35833, 0.050666, 8.82967, 1.17701E-005, 52.9075
1042, 17.36667, 0.0507272, 8.81526, 1.1788E-005, 52.9116
1043, 17.37500, 0.0507884, 8.80083, 1.18059E-005, 52.9157
1043, 17.38333, 0.0508498, 8.78637, 1.18238E-005, 52.9198
1044, 17.39167, 0.0509112, 8.77188, 1.18418E-005, 52.9238
1044, 17.40000, 0.0509726, 8.75736, 1.18597E-005, 52.9278
1045, 17.40833, 0.0510342, 8.74282, 1.18777E-005, 52.9318
1045, 17.41667, 0.0510958, 8.72825, 1.18958E-005, 52.9357
1046, 17.42500, 0.0511575, 8.71366, 1.19138E-005, 52.9395
1046, 17.43333, 0.0512193, 8.69904, 1.19319E-005, 52.9434
1047, 17.44167, 0.0512811, 8.68439, 1.195E-005, 52.9472
1047, 17.45000, 0.0513431, 8.66972, 1.19682E-005, 52.9509
1048, 17.45833, 0.0514051, 8.65502, 1.19863E-005, 52.9546
1048, 17.46667, 0.0514671, 8.64029, 1.20045E-005, 52.9583
1049, 17.47500, 0.0515293, 8.62554, 1.20228E-005, 52.9619
1049, 17.48333, 0.0515915, 8.61076, 1.2041E-005, 52.9655
1050, 17.49167, 0.0516538, 8.59596, 1.20593E-005, 52.969
1050, 17.50000, 0.0517162, 8.58113, 1.20776E-005, 52.9725
1051, 17.50833, 0.0517786, 8.56627, 1.20959E-005, 52.976
1051, 17.51667, 0.0518412, 8.55138, 1.21143E-005, 52.9794
1052, 17.52500, 0.0519038, 8.53647, 1.21327E-005, 52.9828
1052, 17.53333, 0.0519664, 8.52154, 1.21511E-005, 52.9861
1053, 17.54167, 0.0520292, 8.50657, 1.21695E-005, 52.9894
1053, 17.55000, 0.052092, 8.49158, 1.2188E-005, 52.9927
1054, 17.55833, 0.0521549, 8.47656, 1.22065E-005, 52.9959
1054, 17.56667, 0.0522179, 8.46152, 1.2225E-005, 52.9991
1055, 17.57500, 0.052281, 8.44645, 1.22436E-005, 53.0022
1055, 17.58333, 0.0523441, 8.43135, 1.22622E-005, 53.0053
1056, 17.59167, 0.0524074, 8.41623, 1.22808E-005, 53.0084
1056, 17.60000, 0.0524707, 8.40108, 1.22994E-005, 53.0114
1057, 17.60833, 0.052534, 8.3859, 1.23181E-005, 53.0144
1057, 17.61667, 0.0525975, 8.37069, 1.23368E-005, 53.0173
1058, 17.62500, 0.052661, 8.35546, 1.23555E-005, 53.0202
1058, 17.63333, 0.0527246, 8.3402, 1.23743E-005, 53.0231
1059, 17.64167, 0.0527883, 8.32492, 1.23931E-005, 53.0259
1059, 17.65000, 0.0528521, 8.3096, 1.24119E-005, 53.0286
1060, 17.65833, 0.0529159, 8.29427, 1.24307E-005, 53.0314
1060, 17.66667, 0.0529798, 8.2789, 1.24496E-005, 53.0341
1061, 17.67500, 0.0530438, 8.2635, 1.24685E-005, 53.0367
1061, 17.68333, 0.0531079, 8.24809, 1.24874E-005, 53.0393
1062, 17.69167, 0.0531721, 8.23264, 1.25064E-005, 53.0419
1062, 17.70000, 0.0532363, 8.21716, 1.25254E-005, 53.0444
1063, 17.70833, 0.0533006, 8.20166, 1.25444E-005, 53.0469
1063, 17.71667, 0.053365, 8.18613, 1.25634E-005, 53.0494
1063, 17.72500, 0.0534295, 8.17058, 1.25825E-005, 53.0518
1064, 17.73333, 0.0534941, 8.15499, 1.26016E-005, 53.0541
1065, 17.74167, 0.0535587, 8.13938, 1.26208E-005, 53.0564
1065, 17.75000, 0.0536234, 8.12374, 1.26399E-005, 53.0587
1065, 17.75833, 0.0536882, 8.10808, 1.26591E-005, 53.061
1066, 17.76667, 0.0537531, 8.09239, 1.26783E-005, 53.0632
1067, 17.77500, 0.0538181, 8.07667, 1.26976E-005, 53.0653
1067, 17.78333, 0.0538831, 8.06092, 1.27169E-005, 53.0674
1067, 17.79167, 0.0539482, 8.04515, 1.27362E-005, 53.0695
1068, 17.80000, 0.0540134, 8.02935, 1.27555E-005, 53.0716
1069, 17.80833, 0.0540787, 8.01352, 1.27749E-005, 53.0736
1069, 17.81667, 0.0541441, 7.99766, 1.27943E-005, 53.0755
1069, 17.82500, 0.0542095, 7.98178, 1.28137E-005, 53.0774
1070, 17.83333, 0.054275, 7.96587, 1.28332E-005, 53.0793
1071, 17.84167, 0.0543406, 7.94992, 1.28526E-005, 53.0811
1071, 17.85000, 0.0544063, 7.93396, 1.28722E-005, 53.0829
1071, 17.85833, 0.0544721, 7.91797, 1.28917E-005, 53.0847
1072, 17.86667, 0.054538, 7.90194, 1.29113E-005, 53.0864
1073, 17.87500, 0.0546039, 7.88589, 1.29309E-005, 53.088
1073, 17.88333, 0.0546699, 7.86982, 1.29505E-005, 53.0897
1073, 17.89167, 0.054736, 7.85371, 1.29702E-005, 53.0913
1074, 17.90000, 0.0548022, 7.83758, 1.29899E-005, 53.0928
1075, 17.90833, 0.0548685, 7.82142, 1.30096E-005, 53.0943
1075, 17.91667, 0.0549348, 7.80523, 1.30294E-005, 53.0958
1075, 17.92500, 0.0550012, 7.78901, 1.30492E-005, 53.0972
1076, 17.93333, 0.0550678, 7.77277, 1.3069E-005, 53.0986
1077, 17.94167, 0.0551344, 7.7565, 1.30888E-005, 53.0999
1077, 17.95000, 0.055201, 7.7402, 1.31087E-005, 53.1012
1077, 17.95833, 0.0552678, 7.72387, 1.31286E-005, 53.1025
1078, 17.96667, 0.0553347, 7.70751, 1.31486E-005, 53.1037
1079, 17.97500, 0.0554016, 7.69113, 1.31686E-005, 53.1048
1079, 17.98333, 0.0554686, 7.67472, 1.31886E-005, 53.106
1079, 17.99167, 0.0555357, 7.65828, 1.32086E-005, 53.1071
1080, 18.00000, 0.0556029, 7.64181, 1.32287E-005, 53.1081
1081, 18.00833, 0.0556702, 7.62531, 1.32488E-005, 53.1091
1081, 18.01667, 0.0557375, 7.60879, 1.32689E-005, 53.1101
1081, 18.02500, 0.055805, 7.59224, 1.3289E-005, 53.111
1082, 18.03333, 0.0558725, 7.57566, 1.33092E-005, 53.1119
1083, 18.04167, 0.0559401, 7.55905, 1.33295E-005, 53.1127
1083, 18.05000, 0.0560078, 7.54241, 1.33497E-005, 53.1135
1083, 18.05833, 0.0560756, 7.52574, 1.337E-005, 53.1143
1084, 18.06667, 0.0561435, 7.50905, 1.33903E-005, 53.115
1085, 18.07500, 0.0562114, 7.49233, 1.34107E-005, 53.1157
1085, 18.08333, 0.0562795, 7.47558, 1.3431E-005, 53.1163
1085, 18.09167, 0.0563476, 7.4588, 1.34514E-005, 53.1169
1086, 18.10000, 0.0564158, 7.44199, 1.34719E-005, 53.1175
1087, 18.10833, 0.0564841, 7.42515, 1.34924E-005, 53.118
1087, 18.11667, 0.0565525, 7.40829, 1.35129E-005, 53.1185
1087, 18.12500, 0.056621, 7.39139, 1.35334E-005, 53.1189
1088, 18.13333, 0.0566895, 7.37447, 1.3554E-005, 53.1193
1089, 18.14167, 0.0567582, 7.35752, 1.35746E-005, 53.1196
1089, 18.15000, 0.0568269, 7.34054, 1.35952E-005, 53.1199
1089, 18.15833, 0.0568958, 7.32353, 1.36159E-005, 53.1202
1090, 18.16667, 0.0569647, 7.3065, 1.36366E-005, 53.1204
1091, 18.17500, 0.0570337, 7.28943, 1.36573E-005, 53.1206
1091, 18.18333, 0.0571028, 7.27234, 1.36781E-005, 53.1207
1091, 18.19167, 0.0571719, 7.25521, 1.36989E-005, 53.1208
1092, 18.20000, 0.0572412, 7.23806, 1.37197E-005, 53.1209
1093, 18.20833, 0.0573106, 7.22088, 1.37405E-005, 53.1209
1093, 18.21667, 0.05738, 7.20367, 1.37614E-005, 53.1208
1093, 18.22500, 0.0574495, 7.18643, 1.37824E-005, 53.1208
1094, 18.23333, 0.0575191, 7.16916, 1.38033E-005, 53.1206
1095, 18.24167, 0.0575889, 7.15186, 1.38243E-005, 53.1205
1095, 18.25000, 0.0576587, 7.13454, 1.38453E-005, 53.1203
1095, 18.25833, 0.0577285, 7.11718, 1.38664E-005, 53.12
1096, 18.26667, 0.0577985, 7.09979, 1.38875E-005, 53.1198
1097, 18.27500, 0.0578686, 7.08238, 1.39086E-005, 53.1194
1097, 18.28333, 0.0579387, 7.06494, 1.39297E-005, 53.1191
1098, 18.29167, 0.058009, 7.04746, 1.39509E-005, 53.1187
1098, 18.30000, 0.0580793, 7.02996, 1.39722E-005, 53.1182
1099, 18.30833, 0.0581498, 7.01243, 1.39934E-005, 53.1177
1099, 18.31667, 0.0582203, 6.99487, 1.40147E-005, 53.1172
1100, 18.32500, 0.0582909, 6.97728, 1.4036E-005, 53.1166
1100, 18.33333, 0.0583616, 6.95966, 1.40574E-005, 53.116
1101, 18.34167, 0.0584324, 6.94201, 1.40787E-005, 53.1153
1101, 18.35000, 0.0585033, 6.92433, 1.41002E-005, 53.1146
1102, 18.35833, 0.0585742, 6.90662, 1.41216E-005, 53.1139
1102, 18.36667, 0.0586453, 6.88888, 1.41431E-005, 53.1131
1103, 18.37500, 0.0587165, 6.87112, 1.41646E-005, 53.1122
1103, 18.38333, 0.0587877, 6.85332, 1.41862E-005, 53.1114
1104, 18.39167, 0.0588591, 6.83549, 1.42078E-005, 53.1105
1104, 18.40000, 0.0589305, 6.81764, 1.42294E-005, 53.1095
1105, 18.40833, 0.059002, 6.79975, 1.4251E-005, 53.1085
1105, 18.41667, 0.0590736, 6.78183, 1.42727E-005, 53.1075
1106, 18.42500, 0.0591453, 6.76389, 1.42945E-005, 53.1064
1106, 18.43333, 0.0592171, 6.74591, 1.43162E-005, 53.1052
1107, 18.44167, 0.059289, 6.7279, 1.4338E-005, 53.1041
1107, 18.45000, 0.059361, 6.70987, 1.43598E-005, 53.1029
1108, 18.45833, 0.0594331, 6.6918, 1.43817E-005, 53.1016
1108, 18.46667, 0.0595053, 6.6737, 1.44036E-005, 53.1003
1109, 18.47500, 0.0595776, 6.65558, 1.44255E-005, 53.099
1109, 18.48333, 0.0596499, 6.63742, 1.44475E-005, 53.0976
1110, 18.49167, 0.0597224, 6.61923, 1.44695E-005, 53.0962
1110, 18.50000, 0.0597949, 6.60101, 1.44915E-005, 53.0947
1111, 18.50833, 0.0598676, 6.58277, 1.45136E-005, 53.0932
1111, 18.51667, 0.0599403, 6.56449, 1.45357E-005, 53.0916
1112, 18.52500, 0.0600132, 6.54618, 1.45578E-005, 53.09
1112, 18.53333, 0.0600861, 6.52784, 1.458E-005, 53.0884
1113, 18.54167, 0.0601591, 6.50947, 1.46022E-005, 53.0867
1113, 18.55000, 0.0602322, 6.49107, 1.46244E-005, 53.085
1114, 18.55833, 0.0603055, 6.47264, 1.46467E-005, 53.0832
1114, 18.56667, 0.0603788, 6.45418, 1.4669E-005, 53.0814
1115, 18.57500, 0.0604522, 6.43569, 1.46914E-005, 53.0795
1115, 18.58333, 0.0605257, 6.41717, 1.47138E-005, 53.0776
1116, 18.59167, 0.0605993, 6.39861, 1.47362E-005, 53.0757
1116, 18.60000, 0.060673, 6.38003, 1.47586E-005, 53.0737
1117, 18.60833, 0.0607468, 6.36142, 1.47811E-005, 53.0717
1117, 18.61667, 0.0608207, 6.34277, 1.48037E-005, 53.0696
1118, 18.62500, 0.0608947, 6.3241, 1.48262E-005, 53.0675
1118, 18.63333, 0.0609687, 6.30539, 1.48488E-005, 53.0654
1119, 18.64167, 0.0610429, 6.28665, 1.48714E-005, 53.0632
1119, 18.65000, 0.0611172, 6.26788, 1.48941E-005, 53.0609
1120, 18.65833, 0.0611916, 6.24908, 1.49168E-005, 53.0586
1120, 18.66667, 0.0612661, 6.23025, 1.49396E-005, 53.0563
1121, 18.67500, 0.0613406, 6.21139, 1.49623E-005, 53.0539
1121, 18.68333, 0.0614153, 6.1925, 1.49851E-005, 53.0515
1122, 18.69167, 0.0614901, 6.17357, 1.5008E-005, 53.049
1122, 18.70000, 0.0615649, 6.15462, 1.50309E-005, 53.0466
1123, 18.70833, 0.0616399, 6.13563, 1.50538E-005, 53.044
1123, 18.71667, 0.061715, 6.11661, 1.50767E-005, 53.0414
1124, 18.72500, 0.0617901, 6.09756, 1.50997E-005, 53.0388
1124, 18.73333, 0.0618654, 6.07848, 1.51228E-005, 53.0361
1125, 18.74167, 0.0619407, 6.05937, 1.51458E-005, 53.0334
1125, 18.75000, 0.0620162, 6.04022, 1.51689E-005, 53.0306
1126, 18.75833, 0.0620918, 6.02105, 1.51921E-005, 53.0278
1126, 18.76667, 0.0621674, 6.00184, 1.52152E-005, 53.025
1127, 18.77500, 0.0622432, 5.9826, 1.52385E-005, 53.0221
1127, 18.78333, 0.062319, 5.96333, 1.52617E-005, 53.0191
1128, 18.79167, 0.062395, 5.94403, 1.5285E-005, 53.0162
1128, 18.80000, 0.0624711, 5.92469, 1.53083E-005, 53.0131
1129, 18.80833, 0.0625472, 5.90533, 1.53317E-005, 53.0101
1129, 18.81667, 0.0626235, 5.88593, 1.53551E-005, 53.0069
1130, 18.82500, 0.0626999, 5.8665, 1.53785E-005, 53.0038
1130, 18.83333, 0.0627763, 5.84704, 1.5402E-005, 53.0006
1131, 18.84167, 0.0628529, 5.82754, 1.54255E-005, 52.9973
1131, 18.85000, 0.0629296, 5.80802, 1.5449E-005, 52.9941
1132, 18.85833, 0.0630063, 5.78846, 1.54726E-005, 52.9907
1132, 18.86667, 0.0630832, 5.76887, 1.54962E-005, 52.9873
1133, 18.87500, 0.0631602, 5.74925, 1.55199E-005, 52.9839
1133, 18.88333, 0.0632372, 5.72959, 1.55436E-005, 52.9805
1134, 18.89167, 0.0633144, 5.70991, 1.55673E-005, 52.9769
1134, 18.90000, 0.0633917, 5.69019, 1.55911E-005, 52.9734
1135, 18.90833, 0.0634691, 5.67044, 1.56149E-005, 52.9698
1135, 18.91667, 0.0635466, 5.65065, 1.56388E-005, 52.9662
1136, 18.92500, 0.0636242, 5.63083, 1.56627E-005, 52.9625
1136, 18.93333, 0.0637019, 5.61099, 1.56866E-005, 52.9587
1137, 18.94167, 0.0637797, 5.5911, 1.57105E-005, 52.955
1137, 18.95000, 0.0638576, 5.57119, 1.57345E-005, 52.9511
1138, 18.95833, 0.0639356, 5.55124, 1.57586E-005, 52.9473
1138, 18.96667, 0.0640137, 5.53126, 1.57827E-005, 52.9434
1139, 18.97500, 0.0640919, 5.51125, 1.58068E-005, 52.9394
1139, 18.98333, 0.0641702, 5.49121, 1.58309E-005, 52.9354
1140, 18.99167, 0.0642487, 5.47113, 1.58551E-005, 52.9314
1140, 19.00000, 0.0643272, 5.45102, 1.58794E-005, 52.9273
1141, 19.00833, 0.0644058, 5.43087, 1.59036E-005, 52.9232
1141, 19.01667, 0.0644846, 5.41069, 1.59279E-005, 52.919
1142, 19.02500, 0.0645634, 5.39048, 1.59523E-005, 52.9148
1142, 19.03333, 0.0646423, 5.37024, 1.59767E-005, 52.9105
1143, 19.04167, 0.0647214, 5.34996, 1.60011E-005, 52.9062
1143, 19.05000, 0.0648006, 5.32965, 1.60256E-005, 52.9018
1144, 19.05833, 0.0648798, 5.30931, 1.60501E-005, 52.8974
1144, 19.06667, 0.0649592, 5.28893, 1.60746E-005, 52.893
1145, 19.07500, 0.0650387, 5.26853, 1.60992E-005, 52.8885
1145, 19.08333, 0.0651183, 5.24808, 1.61238E-005, 52.884
1146, 19.09167, 0.065198, 5.22761, 1.61485E-005, 52.8794
1146, 19.10000, 0.0652778, 5.2071, 1.61732E-005, 52.8748
1147, 19.10833, 0.0653577, 5.18655, 1.61979E-005, 52.8701
1147, 19.11667, 0.0654377, 5.16597, 1.62227E-005, 52.8654
1148, 19.12500, 0.0655178, 5.14536, 1.62475E-005, 52.8606
1148, 19.13333, 0.0655981, 5.12472, 1.62724E-005, 52.8558
1149, 19.14167, 0.0656784, 5.10404, 1.62973E-005, 52.851
1149, 19.15000, 0.0657588, 5.08333, 1.63223E-005, 52.8461
1150, 19.15833, 0.0658394, 5.06258, 1.63472E-005, 52.8411
1150, 19.16667, 0.0659201, 5.0418, 1.63723E-005, 52.8361
1151, 19.17500, 0.0660008, 5.02099, 1.63973E-005, 52.8311
1151, 19.18333, 0.0660817, 5.00014, 1.64224E-005, 52.826
1152, 19.19167, 0.0661627, 4.97926, 1.64476E-005, 52.8209
1152, 19.20000, 0.0662438, 4.95834, 1.64727E-005, 52.8157
1153, 19.20833, 0.066325, 4.93739, 1.6498E-005, 52.8105
1153, 19.21667, 0.0664064, 4.9164, 1.65232E-005, 52.8052
1154, 19.22500, 0.0664878, 4.89539, 1.65485E-005, 52.7999
1154, 19.23333, 0.0665693, 4.87433, 1.65739E-005, 52.7946
1155, 19.24167, 0.066651, 4.85324, 1.65993E-005, 52.7892
1155, 19.25000, 0.0667328, 4.83212, 1.66247E-005, 52.7837
1156, 19.25833, 0.0668146, 4.81097, 1.66502E-005, 52.7783
1156, 19.26667, 0.0668966, 4.78977, 1.66757E-005, 52.7727
1157, 19.27500, 0.0669787, 4.76855, 1.67012E-005, 52.7671
1157, 19.28333, 0.0670609, 4.74729, 1.67268E-005, 52.7615
1158, 19.29167, 0.0671433, 4.72599, 1.67525E-005, 52.7558
1158, 19.30000, 0.0672257, 4.70466, 1.67781E-005, 52.7501
1159, 19.30833, 0.0673082, 4.68329, 1.68039E-005, 52.7443
1159, 19.31667, 0.0673909, 4.66189, 1.68296E-005, 52.7385
1160, 19.32500, 0.0674737, 4.64046, 1.68554E-005, 52.7327
1160, 19.33333, 0.0675565, 4.61899, 1.68813E-005, 52.7268
1161, 19.34167, 0.0676395, 4.59748, 1.69071E-005, 52.7208
1161, 19.35000, 0.0677226, 4.57594, 1.69331E-005, 52.7148
1162, 19.35833, 0.0678059, 4.55437, 1.6959E-005, 52.7088
1162, 19.36667, 0.0678892, 4.53275, 1.6985E-005, 52.7027
1163, 19.37500, 0.0679727, 4.51111, 1.70111E-005, 52.6966
1163, 19.38333, 0.0680562, 4.48943, 1.70372E-005, 52.6904
1164, 19.39167, 0.0681399, 4.46771, 1.70633E-005, 52.6841
1164, 19.40000, 0.0682237, 4.44596, 1.70895E-005, 52.6779
1165, 19.40833, 0.0683076, 4.42417, 1.71157E-005, 52.6715
1165, 19.41667, 0.0683916, 4.40235, 1.7142E-005, 52.6652
1166, 19.42500, 0.0684757, 4.38049, 1.71683E-005, 52.6587
1166, 19.43333, 0.06856, 4.35859, 1.71946E-005, 52.6523
1167, 19.44167, 0.0686444, 4.33666, 1.7221E-005, 52.6458
1167, 19.45000, 0.0687288, 4.31469, 1.72475E-005, 52.6392
1168, 19.45833, 0.0688134, 4.29269, 1.72739E-005, 52.6326
1168, 19.46667, 0.0688981, 4.27065, 1.73005E-005, 52.626
1169, 19.47500, 0.068983, 4.24858, 1.7327E-005, 52.6193
1169, 19.48333, 0.0690679, 4.22647, 1.73536E-005, 52.6125
1170, 19.49167, 0.069153, 4.20432, 1.73803E-005, 52.6057
1170, 19.50000, 0.0692381, 4.18214, 1.7407E-005, 52.5989
1171, 19.50833, 0.0693234, 4.15992, 1.74337E-005, 52.592
1171, 19.51667, 0.0694089, 4.13766, 1.74605E-005, 52.5851
1172, 19.52500, 0.0694944, 4.11537, 1.74873E-005, 52.5781
1172, 19.53333, 0.06958, 4.09305, 1.75142E-005, 52.571
1173, 19.54167, 0.0696658, 4.07068, 1.75411E-005, 52.564
1173, 19.55000, 0.0697517, 4.04828, 1.7568E-005, 52.5568
1174, 19.55833, 0.0698377, 4.02584, 1.7595E-005, 52.5497
1174, 19.56667, 0.0699238, 4.00337, 1.76221E-005, 52.5425
1175, 19.57500, 0.07001, 3.98086, 1.76492E-005, 52.5352
1175, 19.58333, 0.0700964, 3.95831, 1.76763E-005, 52.5279
1176, 19.59167, 0.0701829, 3.93572, 1.77035E-005, 52.5205
1176, 19.60000, 0.0702694, 3.9131, 1.77307E-005, 52.5131
1177, 19.60833, 0.0703561, 3.89045, 1.77579E-005, 52.5056
1177, 19.61667, 0.070443, 3.86775, 1.77853E-005, 52.4981
1178, 19.62500, 0.0705299, 3.84502, 1.78126E-005, 52.4906
1178, 19.63333, 0.070617, 3.82225, 1.784E-005, 52.483
1179, 19.64167, 0.0707042, 3.79944, 1.78674E-005, 52.4753
1179, 19.65000, 0.0707915, 3.7766, 1.78949E-005, 52.4676
1180, 19.65833, 0.0708789, 3.75372, 1.79225E-005, 52.4599
1180, 19.66667, 0.0709665, 3.73079, 1.795E-005, 52.4521
1181, 19.67500, 0.0710542, 3.70784, 1.79777E-005, 52.4442
1181, 19.68333, 0.071142, 3.68485, 1.80053E-005, 52.4363
1182, 19.69167, 0.0712299, 3.66181, 1.8033E-005, 52.4284
1182, 19.70000, 0.0713179, 3.63874, 1.80608E-005, 52.4204
1183, 19.70833, 0.0714061, 3.61564, 1.80886E-005, 52.4124
1183, 19.71667, 0.0714944, 3.59249, 1.81164E-005, 52.4043
1184, 19.72500, 0.0715828, 3.56931, 1.81443E-005, 52.3962
1184, 19.73333, 0.0716713, 3.54609, 1.81723E-005, 52.388
1185, 19.74167, 0.0717599, 3.52283, 1.82002E-005, 52.3797
1185, 19.75000, 0.0718487, 3.49954, 1.82283E-005, 52.3715
1186, 19.75833, 0.0719376, 3.4762, 1.82563E-005, 52.3631
1186, 19.76667, 0.0720266, 3.45283, 1.82845E-005, 52.3548
1187, 19.77500, 0.0721158, 3.42942, 1.83126E-005, 52.3463
1187, 19.78333, 0.072205, 3.40597, 1.83409E-005, 52.3379
1188, 19.79167, 0.0722944, 3.38248, 1.83691E-005, 52.3293
1188, 19.80000, 0.0723839, 3.35896, 1.83974E-005, 52.3208
1188, 19.80833, 0.0724736, 3.33539, 1.84258E-005, 52.3121
1189, 19.81667, 0.0725633, 3.31179, 1.84542E-005, 52.3035
1190, 19.82500, 0.0726532, 3.28815, 1.84826E-005, 52.2947
1190, 19.83333, 0.0727432, 3.26447, 1.85111E-005, 52.286
1190, 19.84167, 0.0728334, 3.24075, 1.85396E-005, 52.2772
1191, 19.85000, 0.0729236, 3.21699, 1.85682E-005, 52.2683
1192, 19.85833, 0.073014, 3.19319, 1.85969E-005, 52.2594
1192, 19.86667, 0.0731045, 3.16936, 1.86255E-005, 52.2504
1192, 19.87500, 0.0731952, 3.14548, 1.86543E-005, 52.2414
1193, 19.88333, 0.0732859, 3.12157, 1.8683E-005, 52.2323
1194, 19.89167, 0.0733768, 3.09761, 1.87119E-005, 52.2232
1194, 19.90000, 0.0734678, 3.07362, 1.87407E-005, 52.214
1194, 19.90833, 0.073559, 3.04959, 1.87696E-005, 52.2048
1195, 19.91667, 0.0736503, 3.02552, 1.87986E-005, 52.1955
1196, 19.92500, 0.0737417, 3.00141, 1.88276E-005, 52.1862
1196, 19.93333, 0.0738332, 2.97726, 1.88567E-005, 52.1769
1196, 19.94167, 0.0739249, 2.95307, 1.88858E-005, 52.1674
1197, 19.95000, 0.0740166, 2.92884, 1.89149E-005, 52.158
1198, 19.95833, 0.0741085, 2.90458, 1.89441E-005, 52.1485
1198, 19.96667, 0.0742006, 2.88027, 1.89734E-005, 52.1389
1198, 19.97500, 0.0742928, 2.85592, 1.90027E-005, 52.1293
1199, 19.98333, 0.0743851, 2.83153, 1.9032E-005, 52.1196
1200, 19.99167, 0.0744775, 2.8071, 1.90614E-005, 52.1099
1200, 20.00000, 0.07457, 2.78263, 1.90908E-005, 52.1001
1200, 20.00833, 0.0746627, 2.75813, 1.91203E-005, 52.0903
1201, 20.01667, 0.0747556, 2.73358, 1.91499E-005, 52.0804
1202, 20.02500, 0.0748485, 2.70899, 1.91795E-005, 52.0705
1202, 20.03333, 0.0749416, 2.68436, 1.92091E-005, 52.0605
1202, 20.04167, 0.0750348, 2.65969, 1.92388E-005, 52.0505
1203, 20.05000, 0.0751281, 2.63498, 1.92685E-005, 52.0404
1204, 20.05833, 0.0752216, 2.61023, 1.92983E-005, 52.0303
1204, 20.06667, 0.0753152, 2.58544, 1.93281E-005, 52.0201
1204, 20.07500, 0.0754089, 2.56061, 1.9358E-005, 52.0099
1205, 20.08333, 0.0755028, 2.53574, 1.93879E-005, 51.9996
1206, 20.09167, 0.0755968, 2.51082, 1.94179E-005, 51.9893
1206, 20.10000, 0.0756909, 2.48587, 1.9448E-005, 51.9789
1206, 20.10833, 0.0757852, 2.46087, 1.9478E-005, 51.9685
1207, 20.11667, 0.0758796, 2.43584, 1.95082E-005, 51.958
1208, 20.12500, 0.0759741, 2.41076, 1.95383E-005, 51.9475
1208, 20.13333, 0.0760687, 2.38564, 1.95686E-005, 51.9369
1208, 20.14167, 0.0761635, 2.36048, 1.95988E-005, 51.9263
1209, 20.15000, 0.0762584, 2.33528, 1.96292E-005, 51.9156
1210, 20.15833, 0.0763535, 2.31004, 1.96595E-005, 51.9048
1210, 20.16667, 0.0764487, 2.28475, 1.969E-005, 51.8941
1210, 20.17500, 0.076544, 2.25943, 1.97204E-005, 51.8832
1211, 20.18333, 0.0766395, 2.23406, 1.9751E-005, 51.8723
1212, 20.19167, 0.0767351, 2.20865, 1.97816E-005, 51.8614
1212, 20.20000, 0.0768308, 2.1832, 1.98122E-005, 51.8504
1212, 20.20833, 0.0769266, 2.15771, 1.98429E-005, 51.8393
1213, 20.21667, 0.0770227, 2.13217, 1.98736E-005, 51.8282
1214, 20.22500, 0.0771188, 2.1066, 1.99044E-005, 51.8171
1214, 20.23333, 0.077215, 2.08098, 1.99352E-005, 51.8059
1214, 20.24167, 0.0773115, 2.05532, 1.99661E-005, 51.7946
1215, 20.25000, 0.077408, 2.02961, 1.9997E-005, 51.7833
1216, 20.25833, 0.0775047, 2.00387, 2.0028E-005, 51.7719
1216, 20.26667, 0.0776015, 1.97808, 2.0059E-005, 51.7605
1216, 20.27500, 0.0776984, 1.95225, 2.00901E-005, 51.749
1217, 20.28333, 0.0777955, 1.92638, 2.01213E-005, 51.7375
1218, 20.29167, 0.0778928, 1.90046, 2.01525E-005, 51.7259
1218, 20.30000, 0.0779901, 1.87451, 2.01837E-005, 51.7143
1218, 20.30833, 0.0780876, 1.84851, 2.0215E-005, 51.7026
1219, 20.31667, 0.0781852, 1.82246, 2.02463E-005, 51.6909
1220, 20.32500, 0.078283, 1.79637, 2.02777E-005, 51.6791
1220, 20.33333, 0.0783809, 1.77025, 2.03092E-005, 51.6673
1220, 20.34167, 0.078479, 1.74407, 2.03407E-005, 51.6554
1221, 20.35000, 0.0785772, 1.71786, 2.03723E-005, 51.6434
1222, 20.35833, 0.0786755, 1.6916, 2.04039E-005, 51.6314
1222, 20.36667, 0.078774, 1.66529, 2.04355E-005, 51.6194
1223, 20.37500, 0.0788726, 1.63895, 2.04672E-005, 51.6073
1223, 20.38333, 0.0789713, 1.61256, 2.0499E-005, 51.5951
1224, 20.39167, 0.0790702, 1.58613, 2.05308E-005, 51.5829
1224, 20.40000, 0.0791692, 1.55965, 2.05627E-005, 51.5707
1225, 20.40833, 0.0792684, 1.53313, 2.05946E-005, 51.5583
1225, 20.41667, 0.0793677, 1.50657, 2.06266E-005, 51.546
1226, 20.42500, 0.0794672, 1.47996, 2.06586E-005, 51.5335
1226, 20.43333, 0.0795667, 1.45331, 2.06907E-005, 51.5211
1227, 20.44167, 0.0796665, 1.42661, 2.07228E-005, 51.5085
1227, 20.45000, 0.0797663, 1.39987, 2.0755E-005, 51.4959
1228, 20.45833, 0.0798664, 1.37309, 2.07872E-005, 51.4833
1228, 20.46667, 0.0799665, 1.34626, 2.08195E-005, 51.4706
1229, 20.47500, 0.0800668, 1.31939, 2.08519E-005, 51.4578
1229, 20.48333, 0.0801672, 1.29247, 2.08843E-005, 51.445
1230, 20.49167, 0.0802678, 1.26551, 2.09168E-005, 51.4322
1230, 20.50000, 0.0803686, 1.2385, 2.09493E-005, 51.4193
1231, 20.50833, 0.0804694, 1.21145, 2.09818E-005, 51.4063
1231, 20.51667, 0.0805705, 1.18436, 2.10144E-005, 51.3933
1232, 20.52500, 0.0806716, 1.15722, 2.10471E-005, 51.3802
1232, 20.53333, 0.0807729, 1.13003, 2.10798E-005, 51.3671
1233, 20.54167, 0.0808743, 1.1028, 2.11126E-005, 51.3539
1233, 20.55000, 0.0809759, 1.07553, 2.11455E-005, 51.3406
1234, 20.55833, 0.0810777, 1.04821, 2.11783E-005, 51.3273
1234, 20.56667, 0.0811795, 1.02084, 2.12113E-005, 51.314
1235, 20.57500, 0.0812816, 0.99343, 2.12443E-005, 51.3006
1235, 20.58333, 0.0813837, 0.965974, 2.12773E-005, 51.2871
1236, 20.59167, 0.081486, 0.93847, 2.13105E-005, 51.2736
1236, 20.60000, 0.0815885, 0.910924, 2.13436E-005, 51.26
1237, 20.60833, 0.0816911, 0.883332, 2.13768E-005, 51.2464
1237, 20.61667, 0.0817939, 0.85569, 2.14101E-005, 51.2327
1238, 20.62500, 0.0818968, 0.828007, 2.14434E-005, 51.219
1238, 20.63333, 0.0819998, 0.800277, 2.14768E-005, 51.2052
1239, 20.64167, 0.082103, 0.772498, 2.15103E-005, 51.1913
1239, 20.65000, 0.0822063, 0.744676, 2.15438E-005, 51.1774
1240, 20.65833, 0.0823098, 0.716808, 2.15773E-005, 51.1635
1240, 20.66667, 0.0824134, 0.688891, 2.16109E-005, 51.1495
1241, 20.67500, 0.0825172, 0.66093, 2.16446E-005, 51.1354
1241, 20.68333, 0.0826211, 0.632923, 2.16783E-005, 51.1213
1242, 20.69167, 0.0827252, 0.604866, 2.17121E-005, 51.1071
1242, 20.70000, 0.0828294, 0.576766, 2.17459E-005, 51.0928
1243, 20.70833, 0.0829338, 0.548619, 2.17798E-005, 51.0785
1243, 20.71667, 0.0830383, 0.520422, 2.18137E-005, 51.0642
1244, 20.72500, 0.083143, 0.492182, 2.18477E-005, 51.0498
1244, 20.73333, 0.0832478, 0.463894, 2.18818E-005, 51.0353
1245, 20.74167, 0.0833528, 0.435556, 2.19159E-005, 51.0208
1245, 20.75000, 0.0834579, 0.407175, 2.19501E-005, 51.0062
1246, 20.75833, 0.0835632, 0.378746, 2.19843E-005, 50.9916
1246, 20.76667, 0.0836686, 0.350266, 2.20186E-005, 50.9769
1247, 20.77500, 0.0837742, 0.321743, 2.2053E-005, 50.9621
1247, 20.78333, 0.0838799, 0.293172, 2.20873E-005, 50.9473
1248, 20.79167, 0.0839858, 0.26455, 2.21218E-005, 50.9324
1248, 20.80000, 0.0840918, 0.235883, 2.21563E-005, 50.9175
1249, 20.80833, 0.084198, 0.207169, 2.21909E-005, 50.9025
1249, 20.81667, 0.0843043, 0.178404, 2.22255E-005, 50.8875
1250, 20.82500, 0.0844108, 0.149594, 2.22602E-005, 50.8724
1250, 20.83333, 0.0845174, 0.120737, 2.2295E-005, 50.8573
1251, 20.84167, 0.0846242, 0.0918272, 2.23298E-005, 50.842
1251, 20.85000, 0.0847311, 0.0628731, 2.23646E-005, 50.8268
1252, 20.85833, 0.0848382, 0.0338707, 2.23995E-005, 50.8115
1252, 20.86667, 0.0849455, 0.00481639, 2.24345E-005, 50.7961
1253, 20.87500, 0.0850528, -0.0242829, 2.24696E-005, 50.7806
1253, 20.88333, 0.0851604, -0.0534307, 2.25047E-005, 50.7651
1254, 20.89167, 0.0852681, -0.0826306, 2.25398E-005, 50.7496
1254, 20.90000, 0.0853759, -0.111876, 2.2575E-005, 50.734
1255, 20.90833, 0.085484, -0.14117, 2.26103E-005, 50.7183
1255, 20.91667, 0.0855921, -0.170516, 2.26456E-005, 50.7026
1256, 20.92500, 0.0857004, -0.199908, 2.2681E-005, 50.6868
1256, 20.93333, 0.0858089, -0.229349, 2.27165E-005, 50.6709
1257, 20.94167, 0.0859176, -0.258843, 2.2752E-005, 50.655
1257, 20.95000, 0.0860263, -0.288383, 2.27875E-005, 50.639
1258, 20.95833, 0.0861353, -0.317972, 2.28232E-005, 50.623
1258, 20.96667, 0.0862444, -0.347614, 2.28588E-005, 50.6069
1259, 20.97500, 0.0863536, -0.377302, 2.28946E-005, 50.5908
1259, 20.98333, 0.086463, -0.40704, 2.29304E-005, 50.5746
1260, 20.99167, 0.0865726, -0.436831, 2.29663E-005, 50.5583
1260, 21.00000, 0.0866823, -0.466668, 2.30022E-005, 50.542
1261, 21.00833, 0.0867922, -0.496556, 2.30382E-005, 50.5256
1261, 21.01667, 0.0869023, -0.526497, 2.30742E-005, 50.5092
1262, 21.02500, 0.0870124, -0.556484, 2.31103E-005, 50.4927
1262, 21.03333, 0.0871228, -0.586522, 2.31465E-005, 50.4762
1263, 21.04167, 0.0872333, -0.616613, 2.31827E-005, 50.4595
1263, 21.05000, 0.087344, -0.646752, 2.3219E-005, 50.4429
1264, 21.05833, 0.0874548, -0.676941, 2.32553E-005, 50.4261
1264, 21.06667, 0.0875658, -0.707184, 2.32917E-005, 50.4093
1265, 21.07500, 0.0876769, -0.737475, 2.33282E-005, 50.3925
1265, 21.08333, 0.0877882, -0.767816, 2.33647E-005, 50.3756
1266, 21.09167, 0.0878997, -0.798211, 2.34013E-005, 50.3586
1266, 21.10000, 0.0880113, -0.828654, 2.3438E-005, 50.3415
1267, 21.10833, 0.0881231, -0.859149, 2.34747E-005, 50.3245
1267, 21.11667, 0.0882351, -0.889698, 2.35115E-005, 50.3073
1268, 21.12500, 0.0883472, -0.920294, 2.35483E-005, 50.2901
1268, 21.13333, 0.0884594, -0.950942, 2.35852E-005, 50.2728
1269, 21.14167, 0.0885719, -0.981646, 2.36221E-005, 50.2555
1269, 21.15000, 0.0886844, -1.0124, 2.36592E-005, 50.2381
1270, 21.15833, 0.0887972, -1.0432, 2.36962E-005, 50.2206
1270, 21.16667, 0.0889101, -1.07406, 2.37334E-005, 50.2031
1271, 21.17500, 0.0890232, -1.10496, 2.37706E-005, 50.1855
1271, 21.18333, 0.0891364, -1.13592, 2.38079E-005, 50.1679
1272, 21.19167, 0.0892498, -1.16694, 2.38452E-005, 50.1502
1272, 21.20000, 0.0893634, -1.198, 2.38826E-005, 50.1324
1273, 21.20833, 0.0894771, -1.22911, 2.392E-005, 50.1146
1273, 21.21667, 0.089591, -1.26029, 2.39575E-005, 50.0967
1274, 21.22500, 0.089705, -1.29151, 2.39951E-005, 50.0787
1274, 21.23333, 0.0898192, -1.32278, 2.40328E-005, 50.0607
1275, 21.24167, 0.0899336, -1.35411, 2.40705E-005, 50.0427
1275, 21.25000, 0.0900482, -1.38548, 2.41082E-005, 50.0245
1276, 21.25833, 0.0901629, -1.41692, 2.41461E-005, 50.0063
1276, 21.26667, 0.0902777, -1.4484, 2.4184E-005, 49.9881
1277, 21.27500, 0.0903928, -1.47994, 2.42219E-005, 49.9697
1277, 21.28333, 0.0905079, -1.51153, 2.42599E-005, 49.9514
1278, 21.29167, 0.0906233, -1.54318, 2.4298E-005, 49.9329
1278, 21.30000, 0.0907388, -1.57487, 2.43362E-005, 49.9144
1279, 21.30833, 0.0908545, -1.60662, 2.43744E-005, 49.8959
1279, 21.31667, 0.0909704, -1.63843, 2.44127E-005, 49.8772
1280, 21.32500, 0.0910864, -1.67029, 2.4451E-005, 49.8585
1280, 21.33333, 0.0912026, -1.7022, 2.44894E-005, 49.8398
1281, 21.34167, 0.091319, -1.73417, 2.45279E-005, 49.8209
1281, 21.35000, 0.0914355, -1.76619, 2.45664E-005, 49.8021
1282, 21.35833, 0.0915522, -1.79826, 2.4605E-005, 49.7831
1282, 21.36667, 0.0916691, -1.83039, 2.46437E-005, 49.7641
1283, 21.37500, 0.0917861, -1.86257, 2.46824E-005, 49.745
1283, 21.38333, 0.0919033, -1.89481, 2.47212E-005, 49.7259
1284, 21.39167, 0.0920206, -1.9271, 2.476E-005, 49.7067
1284, 21.40000, 0.0921382, -1.95945, 2.47989E-005, 49.6874
1285, 21.40833, 0.0922559, -1.99185, 2.48379E-005, 49.6681
1285, 21.41667, 0.0923737, -2.02431, 2.4877E-005, 49.6487
1286, 21.42500, 0.0924918, -2.05682, 2.49161E-005, 49.6293
1286, 21.43333, 0.09261, -2.08938, 2.49553E-005, 49.6098
1287, 21.44167, 0.0927283, -2.12201, 2.49945E-005, 49.5902
1287, 21.45000, 0.0928469, -2.15468, 2.50338E-005, 49.5705
1288, 21.45833, 0.0929656, -2.18741, 2.50732E-005, 49.5508
1288, 21.46667, 0.0930845, -2.2202, 2.51126E-005, 49.531
1289, 21.47500, 0.0932035, -2.25304, 2.51521E-005, 49.5112
1289, 21.48333, 0.0933227, -2.28594, 2.51917E-005, 49.4913
1290, 21.49167, 0.0934421, -2.3189, 2.52314E-005, 49.4713
1290, 21.50000, 0.0935617, -2.35191, 2.52711E-005, 49.4513
1291, 21.50833, 0.0936814, -2.38497, 2.53108E-005, 49.4312
1291, 21.51667, 0.0938014, -2.4181, 2.53507E-005, 49.4111
1292, 21.52500, 0.0939214, -2.45127, 2.53906E-005, 49.3908
1292, 21.53333, 0.0940417, -2.48451, 2.54305E-005, 49.3705
1293, 21.54167, 0.0941621, -2.5178, 2.54706E-005, 49.3502
1293, 21.55000, 0.0942827, -2.55115, 2.55107E-005, 49.3298
1294, 21.55833, 0.0944035, -2.58455, 2.55508E-005, 49.3093
1294, 21.56667, 0.0945244, -2.61802, 2.55911E-005, 49.2887
1295, 21.57500, 0.0946455, -2.65153, 2.56314E-005, 49.2681
1295, 21.58333, 0.0947668, -2.68511, 2.56718E-005, 49.2474
1296, 21.59167, 0.0948883, -2.71874, 2.57122E-005, 49.2267
1296, 21.60000, 0.0950099, -2.75243, 2.57527E-005, 49.2059
1297, 21.60833, 0.0951317, -2.78617, 2.57933E-005, 49.185
1297, 21.61667, 0.0952537, -2.81998, 2.58339E-005, 49.164
1298, 21.62500, 0.0953758, -2.85384, 2.58746E-005, 49.143
1298, 21.63333, 0.0954982, -2.88776, 2.59154E-005, 49.1219
1299, 21.64167, 0.0956207, -2.92174, 2.59563E-005, 49.1008
1299, 21.65000, 0.0957434, -2.95577, 2.59972E-005, 49.0796
1300, 21.65833, 0.0958662, -2.98986, 2.60381E-005, 49.0583
1300, 21.66667, 0.0959892, -3.02402, 2.60792E-005, 49.0369
1301, 21.67500, 0.0961124, -3.05822, 2.61203E-005, 49.0155
1301, 21.68333, 0.0962358, -3.09249, 2.61615E-005, 48.9941
1302, 21.69167, 0.0963594, -3.12682, 2.62028E-005, 48.9725
1302, 21.70000, 0.0964831, -3.1612, 2.62441E-005, 48.9509
1303, 21.70833, 0.096607, -3.19564, 2.62855E-005, 48.9292
1303, 21.71667, 0.0967311, -3.23015, 2.63269E-005, 48.9075
1304, 21.72500, 0.0968554, -3.26471, 2.63685E-005, 48.8857
1304, 21.73333, 0.0969798, -3.29932, 2.641E-005, 48.8638
1305, 21.74167, 0.0971044, -3.334, 2.64517E-005, 48.8418
1305, 21.75000, 0.0972292, -3.36874, 2.64935E-005, 48.8198
1306, 21.75833, 0.0973542, -3.40354, 2.65353E-005, 48.7977
1306, 21.76667, 0.0974794, -3.4384, 2.65771E-005, 48.7756
1307, 21.77500, 0.0976047, -3.47331, 2.66191E-005, 48.7533
1307, 21.78333, 0.0977302, -3.50828, 2.66611E-005, 48.731
1308, 21.79167, 0.0978559, -3.54332, 2.67032E-005, 48.7087
1308, 21.80000, 0.0979817, -3.57842, 2.67453E-005, 48.6863
1309, 21.80833, 0.0981078, -3.61357, 2.67876E-005, 48.6638
1309, 21.81667, 0.098234, -3.64879, 2.68299E-005, 48.6412
1310, 21.82500, 0.0983604, -3.68406, 2.68722E-005, 48.6186
1310, 21.83333, 0.098487, -3.7194, 2.69146E-005, 48.5959
1311, 21.84167, 0.0986137, -3.7548, 2.69572E-005, 48.5731
1311, 21.85000, 0.0987407, -3.79025, 2.69997E-005, 48.5503
1312, 21.85833, 0.0988678, -3.82577, 2.70424E-005, 48.5274
1312, 21.86667, 0.0989951, -3.86135, 2.70851E-005, 48.5044
1313, 21.87500, 0.0991226, -3.89699, 2.71279E-005, 48.4813
1313, 21.88333, 0.0992502, -3.93269, 2.71707E-005, 48.4582
1313, 21.89167, 0.0993781, -3.96845, 2.72137E-005, 48.435
1314, 21.90000, 0.0995061, -4.00427, 2.72567E-005, 48.4118
1315, 21.90833, 0.0996343, -4.04015, 2.72997E-005, 48.3884
1315, 21.91667, 0.0997627, -4.0761, 2.73429E-005, 48.365
1315, 21.92500, 0.0998913, -4.11211, 2.73861E-005, 48.3416
1316, 21.93333, 0.10002, -4.14818, 2.74294E-005, 48.318
1317, 21.94167, 0.100149, -4.18431, 2.74727E-005, 48.2944
1317, 21.95000, 0.100278, -4.2205, 2.75162E-005, 48.2708
1317, 21.95833, 0.100407, -4.25675, 2.75597E-005, 48.247
1318, 21.96667, 0.100537, -4.29307, 2.76032E-005, 48.2232
1319, 21.97500, 0.100667, -4.32945, 2.76469E-005, 48.1993
1319, 21.98333, 0.100796, -4.36589, 2.76906E-005, 48.1754
1319, 21.99167, 0.100926, -4.4024, 2.77344E-005, 48.1513
1320, 22.00000, 0.101057, -4.43896, 2.77783E-005, 48.1272
1321, 22.00833, 0.101187, -4.47559, 2.78222E-005, 48.1031
1321, 22.01667, 0.101318, -4.51229, 2.78662E-005, 48.0788
1321, 22.02500, 0.101448, -4.54904, 2.79103E-005, 48.0545
1322, 22.03333, 0.101579, -4.58586, 2.79544E-005, 48.0301
1323, 22.04167, 0.101711, -4.62275, 2.79987E-005, 48.0057
1323, 22.05000, 0.101842, -4.65969, 2.8043E-005, 47.9811
1323, 22.05833, 0.101973, -4.6967, 2.80873E-005, 47.9565
1324, 22.06667, 0.102105, -4.73377, 2.81318E-005, 47.9319
1325, 22.07500, 0.102237, -4.77091, 2.81763E-005, 47.9071
1325, 22.08333, 0.102369, -4.80811, 2.82209E-005, 47.8823
1325, 22.09167, 0.102501, -4.84538, 2.82655E-005, 47.8574
1326, 22.10000, 0.102634, -4.8827, 2.83103E-005, 47.8325
1327, 22.10833, 0.102766, -4.92009, 2.83551E-005, 47.8074
1327, 22.11667, 0.102899, -4.95755, 2.84E-005, 47.7823
1327, 22.12500, 0.103032, -4.99507, 2.84449E-005, 47.7571
1328, 22.13333, 0.103165, -5.03266, 2.849E-005, 47.7319
1329, 22.14167, 0.103299, -5.07031, 2.85351E-005, 47.7066
1329, 22.15000, 0.103432, -5.10803, 2.85803E-005, 47.6812
1329, 22.15833, 0.103566, -5.14581, 2.86255E-005, 47.6557
1330, 22.16667, 0.1037, -5.18366, 2.86708E-005, 47.6301
1331, 22.17500, 0.103834, -5.22157, 2.87162E-005, 47.6045
1331, 22.18333, 0.103968, -5.25954, 2.87617E-005, 47.5788
1331, 22.19167, 0.104103, -5.29759, 2.88073E-005, 47.5531
1332, 22.20000, 0.104238, -5.33569, 2.88529E-005, 47.5272
1333, 22.20833, 0.104372, -5.37387, 2.88986E-005, 47.5013
1333, 22.21667, 0.104507, -5.41211, 2.89444E-005, 47.4753
1333, 22.22500, 0.104643, -5.45041, 2.89902E-005, 47.4493
1334, 22.23333, 0.104778, -5.48878, 2.90362E-005, 47.4231
1335, 22.24167, 0.104914, -5.52722, 2.90822E-005, 47.3969
1335, 22.25000, 0.10505, -5.56573, 2.91282E-005, 47.3707
1335, 22.25833, 0.105186, -5.60429, 2.91744E-005, 47.3443
1336, 22.26667, 0.105322, -5.64293, 2.92206E-005, 47.3179
1337, 22.27500, 0.105458, -5.68164, 2.92669E-005, 47.2914
1337, 22.28333, 0.105595, -5.72041, 2.93133E-005, 47.2648
1337, 22.29167, 0.105732, -5.75925, 2.93598E-005, 47.2381
1338, 22.30000, 0.105869, -5.79815, 2.94063E-005, 47.2114
1339, 22.30833, 0.106006, -5.83712, 2.94529E-005, 47.1846
1339, 22.31667, 0.106143, -5.87616, 2.94996E-005, 47.1577
1339, 22.32500, 0.106281, -5.91527, 2.95464E-005, 47.1307
1340, 22.33333, 0.106418, -5.95444, 2.95932E-005, 47.1037
1341, 22.34167, 0.106556, -5.99369, 2.96401E-005, 47.0766
1341, 22.35000, 0.106694, -6.033, 2.96871E-005, 47.0494
1341, 22.35833, 0.106833, -6.07237, 2.97342E-005, 47.0222
1342, 22.36667, 0.106971, -6.11182, 2.97813E-005, 46.9948
1343, 22.37500, 0.10711, -6.15133, 2.98285E-005, 46.9674
1343, 22.38333, 0.107249, -6.19092, 2.98758E-005, 46.9399
1343, 22.39167, 0.107388, -6.23057, 2.99232E-005, 46.9124
1344, 22.40000, 0.107527, -6.27029, 2.99706E-005, 46.8847
1345, 22.40833, 0.107666, -6.31008, 3.00182E-005, 46.857
1345, 22.41667, 0.107806, -6.34994, 3.00658E-005, 46.8292
1345, 22.42500, 0.107946, -6.38986, 3.01135E-005, 46.8013
1346, 22.43333, 0.108086, -6.42986, 3.01612E-005, 46.7734
1347, 22.44167, 0.108226, -6.46992, 3.02091E-005, 46.7453
1347, 22.45000, 0.108367, -6.51006, 3.0257E-005, 46.7172
1348, 22.45833, 0.108507, -6.55026, 3.0305E-005, 46.6891
1348, 22.46667, 0.108648, -6.59054, 3.0353E-005, 46.6608
1349, 22.47500, 0.108789, -6.63088, 3.04012E-005, 46.6325
1349, 22.48333, 0.10893, -6.67129, 3.04494E-005, 46.6041
1350, 22.49167, 0.109072, -6.71178, 3.04977E-005, 46.5756
1350, 22.50000, 0.109213, -6.75233, 3.05461E-005, 46.547
1351, 22.50833, 0.109355, -6.79295, 3.05945E-005, 46.5183
1351, 22.51667, 0.109497, -6.83365, 3.06431E-005, 46.4896
1352, 22.52500, 0.109639, -6.87441, 3.06917E-005, 46.4608
1352, 22.53333, 0.109781, -6.91525, 3.07404E-005, 46.4319
1353, 22.54167, 0.109924, -6.95616, 3.07892E-005, 46.403
1353, 22.55000, 0.110067, -6.99713, 3.0838E-005, 46.3739
1354, 22.55833, 0.11021, -7.03818, 3.0887E-005, 46.3448
1354, 22.56667, 0.110353, -7.0793, 3.0936E-005, 46.3156
1355, 22.57500, 0.110496, -7.12049, 3.09851E-005, 46.2863
1355, 22.58333, 0.11064, -7.16175, 3.10342E-005, 46.257
1356, 22.59167, 0.110783, -7.20309, 3.10835E-005, 46.2275
1356, 22.60000, 0.110927, -7.2445, 3.11328E-005, 46.198
1357, 22.60833, 0.111071, -7.28597, 3.11822E-005, 46.1684
1357, 22.61667, 0.111216, -7.32753, 3.12317E-005, 46.1387
1358, 22.62500, 0.11136, -7.36915, 3.12812E-005, 46.109
1358, 22.63333, 0.111505, -7.41084, 3.13309E-005, 46.0791
1359, 22.64167, 0.11165, -7.45261, 3.13806E-005, 46.0492
1359, 22.65000, 0.111795, -7.49445, 3.14304E-005, 46.0192
1360, 22.65833, 0.11194, -7.53636, 3.14803E-005, 45.9892
1360, 22.66667, 0.112086, -7.57835, 3.15303E-005, 45.959
1361, 22.67500, 0.112231, -7.6204, 3.15803E-005, 45.9288
1361, 22.68333, 0.112377, -7.66253, 3.16304E-005, 45.8984
1362, 22.69167, 0.112523, -7.70474, 3.16806E-005, 45.868
1362, 22.70000, 0.11267, -7.74702, 3.17309E-005, 45.8376
1363, 22.70833, 0.112816, -7.78937, 3.17813E-005, 45.807
1363, 22.71667, 0.112963, -7.83179, 3.18317E-005, 45.7763
1364, 22.72500, 0.11311, -7.87429, 3.18822E-005, 45.7456
1364, 22.73333, 0.113257, -7.91686, 3.19328E-005, 45.7148
1365, 22.74167, 0.113404, -7.95951, 3.19835E-005, 45.6839
1365, 22.75000, 0.113551, -8.00223, 3.20343E-005, 45.653
1366, 22.75833, 0.113699, -8.04502, 3.20851E-005, 45.6219
1366, 22.76667, 0.113847, -8.0879, 3.21361E-005, 45.5908
1367, 22.77500, 0.113995, -8.13084, 3.21871E-005, 45.5596
1367, 22.78333, 0.114143, -8.17385, 3.22381E-005, 45.5283
1368, 22.79167, 0.114292, -8.21695, 3.22893E-005, 45.4969
1368, 22.80000, 0.11444, -8.26012, 3.23406E-005, 45.4654
1369, 22.80833, 0.114589, -8.30336, 3.23919E-005, 45.4339
1369, 22.81667, 0.114738, -8.34668, 3.24433E-005, 45.4022
1370, 22.82500, 0.114887, -8.39007, 3.24948E-005, 45.3705
1370, 22.83333, 0.115037, -8.43354, 3.25464E-005, 45.3387
1371, 22.84167, 0.115186, -8.47709, 3.2598E-005, 45.3069
1371, 22.85000, 0.115336, -8.52071, 3.26498E-005, 45.2749
1372, 22.85833, 0.115486, -8.56441, 3.27016E-005, 45.2428
1372, 22.86667, 0.115637, -8.60818, 3.27535E-005, 45.2107
1373, 22.87500, 0.115787, -8.65203, 3.28055E-005, 45.1785
1373, 22.88333, 0.115938, -8.69595, 3.28575E-005, 45.1462
1374, 22.89167, 0.116088, -8.73996, 3.29097E-005, 45.1138
1374, 22.90000, 0.116239, -8.78404, 3.29619E-005, 45.0814
1375, 22.90833, 0.116391, -8.82819, 3.30142E-005, 45.0488
1375, 22.91667, 0.116542, -8.87243, 3.30666E-005, 45.0162
1376, 22.92500, 0.116694, -8.91673, 3.31191E-005, 44.9835
1376, 22.93333, 0.116846, -8.96112, 3.31716E-005, 44.9507
1377, 22.94167, 0.116998, -9.00558, 3.32243E-005, 44.9178
1377, 22.95000, 0.11715, -9.05012, 3.3277E-005, 44.8848
1378, 22.95833, 0.117302, -9.09474, 3.33298E-005, 44.8517
1378, 22.96667, 0.117455, -9.13944, 3.33827E-005, 44.8186
1379, 22.97500, 0.117608, -9.18421, 3.34357E-005, 44.7854
1379, 22.98333, 0.117761, -9.22906, 3.34887E-005, 44.7521
1380, 22.99167, 0.117914, -9.274, 3.35419E-005, 44.7187
1380, 23.00000, 0.118067, -9.319, 3.35951E-005, 44.6852
1381, 23.00833, 0.118221, -9.36409, 3.36484E-005, 44.6516
1381, 23.01667, 0.118375, -9.40926, 3.37017E-005, 44.618
1382, 23.02500, 0.118529, -9.4545, 3.37552E-005, 44.5842
1382, 23.03333, 0.118683, -9.49982, 3.38088E-005, 44.5504
1383, 23.04167, 0.118837, -9.54523, 3.38624E-005, 44.5165
1383, 23.05000, 0.118992, -9.5907, 3.39161E-005, 44.4825
1384, 23.05833, 0.119147, -9.63626, 3.39699E-005, 44.4484
1384, 23.06667, 0.119302, -9.6819, 3.40238E-005, 44.4142
1385, 23.07500, 0.119457, -9.72762, 3.40777E-005, 44.38
1385, 23.08333, 0.119612, -9.77342, 3.41318E-005, 44.3456
1386, 23.09167, 0.119768, -9.8193, 3.41859E-005, 44.3112
1386, 23.10000, 0.119924, -9.86526, 3.42401E-005, 44.2766
1387, 23.10833, 0.12008, -9.91129, 3.42944E-005, 44.242
1387, 23.11667, 0.120236, -9.95741, 3.43488E-005, 44.2073
1388, 23.12500, 0.120393, -10.0036, 3.44033E-005, 44.1726
1388, 23.13333, 0.120549, -10.0499, 3.44578E-005, 44.1377
1389, 23.14167, 0.120706, -10.0963, 3.45124E-005, 44.1027
1389, 23.15000, 0.120863, -10.1427, 3.45672E-005, 44.0677
1390, 23.15833, 0.12102, -10.1892, 3.4622E-005, 44.0325
1390, 23.16667, 0.121178, -10.2358, 3.46768E-005, 43.9973
1391, 23.17500, 0.121335, -10.2825, 3.47318E-005, 43.962
1391, 23.18333, 0.121493, -10.3293, 3.47869E-005, 43.9266
1392, 23.19167, 0.121651, -10.3761, 3.4842E-005, 43.8911
1392, 23.20000, 0.121809, -10.423, 3.48972E-005, 43.8555
1393, 23.20833, 0.121968, -10.47, 3.49525E-005, 43.8199
1393, 23.21667, 0.122126, -10.5171, 3.50079E-005, 43.7841
1394, 23.22500, 0.122285, -10.5643, 3.50634E-005, 43.7483
1394, 23.23333, 0.122444, -10.6116, 3.51189E-005, 43.7123
1395, 23.24167, 0.122603, -10.6589, 3.51746E-005, 43.6763
1395, 23.25000, 0.122763, -10.7063, 3.52303E-005, 43.6402
1396, 23.25833, 0.122922, -10.7538, 3.52861E-005, 43.604
1396, 23.26667, 0.123082, -10.8014, 3.5342E-005, 43.5677
1397, 23.27500, 0.123242, -10.8491, 3.5398E-005, 43.5313
1397, 23.28333, 0.123402, -10.8968, 3.5454E-005, 43.4948
1398, 23.29167, 0.123563, -10.9447, 3.55102E-005, 43.4583
1398, 23.30000, 0.123723, -10.9926, 3.55664E-005, 43.4216
1399, 23.30833, 0.123884, -11.0406, 3.56227E-005, 43.3849
1399, 23.31667, 0.124045, -11.0887, 3.56791E-005, 43.348
1400, 23.32500, 0.124206, -11.1368, 3.57356E-005, 43.3111
1400, 23.33333, 0.124368, -11.1851, 3.57921E-005, 43.2741
1401, 23.34167, 0.124529, -11.2334, 3.58488E-005, 43.237
1401, 23.35000, 0.124691, -11.2818, 3.59055E-005, 43.1998
1402, 23.35833, 0.124853, -11.3303, 3.59623E-005, 43.1625
1402, 23.36667, 0.125015, -11.3789, 3.60193E-005, 43.1251
1403, 23.37500, 0.125178, -11.4276, 3.60762E-005, 43.0876
1403, 23.38333, 0.12534, -11.4763, 3.61333E-005, 43.05
1404, 23.39167, 0.125503, -11.5252, 3.61905E-005, 43.0124
1404, 23.40000, 0.125666, -11.5741, 3.62477E-005, 42.9746
1405, 23.40833, 0.125829, -11.6231, 3.6305E-005, 42.9368
1405, 23.41667, 0.125993, -11.6722, 3.63625E-005, 42.8989
1406, 23.42500, 0.126156, -11.7214, 3.642E-005, 42.8608
1406, 23.43333, 0.12632, -11.7707, 3.64775E-005, 42.8227
1407, 23.44167, 0.126484, -11.82, 3.65352E-005, 42.7845
1407, 23.45000, 0.126648, -11.8695, 3.6593E-005, 42.7462
1408, 23.45833, 0.126813, -11.919, 3.66508E-005, 42.7078
1408, 23.46667, 0.126977, -11.9686, 3.67087E-005, 42.6693
1409, 23.47500, 0.127142, -12.0183, 3.67667E-005, 42.6307
1409, 23.48333, 0.127307, -12.0681, 3.68248E-005, 42.592
1410, 23.49167, 0.127472, -12.1179, 3.6883E-005, 42.5533
1410, 23.50000, 0.127637, -12.1679, 3.69413E-005, 42.5144
1411, 23.50833, 0.127803, -12.2179, 3.69996E-005, 42.4755
1411, 23.51667, 0.127969, -12.2681, 3.70581E-005, 42.4364
1412, 23.52500, 0.128135, -12.3183, 3.71166E-005, 42.3973
1412, 23.53333, 0.128301, -12.3686, 3.71752E-005, 42.358
1413, 23.54167, 0.128467, -12.419, 3.72339E-005, 42.3187
1413, 23.55000, 0.128634, -12.4694, 3.72926E-005, 42.2793
1414, 23.55833, 0.1288, -12.52, 3.73515E-005, 42.2397
1414, 23.56667, 0.128967, -12.5707, 3.74104E-005, 42.2001
1415, 23.57500, 0.129134, -12.6214, 3.74695E-005, 42.1604
1415, 23.58333, 0.129302, -12.6722, 3.75286E-005, 42.1206
1416, 23.59167, 0.129469, -12.7231, 3.75878E-005, 42.0807
1416, 23.60000, 0.129637, -12.7741, 3.76471E-005, 42.0407
1417, 23.60833, 0.129805, -12.8252, 3.77064E-005, 42.0006
1417, 23.61667, 0.129973, -12.8764, 3.77659E-005, 41.9604
1418, 23.62500, 0.130141, -12.9277, 3.78254E-005, 41.9201
1418, 23.63333, 0.13031, -12.979, 3.7885E-005, 41.8797
1419, 23.64167, 0.130478, -13.0305, 3.79448E-005, 41.8393
1419, 23.65000, 0.130647, -13.082, 3.80046E-005, 41.7987
1420, 23.65833, 0.130816, -13.1336, 3.80644E-005, 41.758
1420, 23.66667, 0.130986, -13.1854, 3.81244E-005, 41.7173
1421, 23.67500, 0.131155, -13.2372, 3.81844E-005, 41.6764
1421, 23.68333, 0.131325, -13.2891, 3.82446E-005, 41.6355
1422, 23.69167, 0.131495, -13.341, 3.83048E-005, 41.5944
1422, 23.70000, 0.131665, -13.3931, 3.83651E-005, 41.5533
1423, 23.70833, 0.131835, -13.4453, 3.84255E-005, 41.512
1423, 23.71667, 0.132005, -13.4975, 3.8486E-005, 41.4707
1424, 23.72500, 0.132176, -13.5499, 3.85465E-005, 41.4292
1424, 23.73333, 0.132347, -13.6023, 3.86072E-005, 41.3877
1425, 23.74167, 0.132518, -13.6548, 3.86679E-005, 41.3461
1425, 23.75000, 0.132689, -13.7074, 3.87287E-005, 41.3043
1426, 23.75833, 0.13286, -13.7601, 3.87896E-005, 41.2625
1426, 23.76667, 0.133032, -13.8129, 3.88506E-005, 41.2206
1427, 23.77500, 0.133204, -13.8658, 3.89117E-005, 41.1785
1427, 23.78333, 0.133375, -13.9188, 3.89728E-005, 41.1364
1428, 23.79167, 0.133548, -13.9719, 3.90341E-005, 41.0942
1428, 23.80000, 0.13372, -14.025, 3.90954E-005, 41.0519
1429, 23.80833, 0.133892, -14.0783, 3.91568E-005, 41.0095
1429, 23.81667, 0.134065, -14.1316, 3.92183E-005, 40.9669
1430, 23.82500, 0.134238, -14.1851, 3.92799E-005, 40.9243
1430, 23.83333, 0.134411, -14.2386, 3.93415E-005, 40.8816
1431, 23.84167, 0.134584, -14.2922, 3.94033E-005, 40.8388
1431, 23.85000, 0.134758, -14.3459, 3.94651E-005, 40.7959
1432, 23.85833, 0.134931, -14.3997, 3.9527E-005, 40.7529
1432, 23.86667, 0.135105, -14.4536, 3.9589E-005, 40.7098
1433, 23.87500, 0.135279, -14.5076, 3.96511E-005, 40.6666
1433, 23.88333, 0.135453, -14.5617, 3.97133E-005, 40.6233
1434, 23.89167, 0.135628, -14.6158, 3.97755E-005, 40.5799
1434, 23.90000, 0.135802, -14.6701, 3.98378E-005, 40.5364
1435, 23.90833, 0.135977, -14.7245, 3.99003E-005, 40.4928
1435, 23.91667, 0.136152, -14.7789, 3.99628E-005, 40.449
1436, 23.92500, 0.136327, -14.8335, 4.00254E-005, 40.4052
1436, 23.93333, 0.136503, -14.8881, 4.0088E-005, 40.3613
1437, 23.94167, 0.136678, -14.9428, 4.01508E-005, 40.3173
1437, 23.95000, 0.136854, -14.9977, 4.02136E-005, 40.2732
1438, 23.95833, 0.13703, -15.0526, 4.02765E-005, 40.229
1438, 23.96667, 0.137206, -15.1076, 4.03396E-005, 40.1847
1438, 23.97500, 0.137382, -15.1627, 4.04027E-005, 40.1403
1439, 23.98333, 0.137558, -15.2179, 4.04658E-005, 40.0958
1440, 23.99167, 0.137735, -15.2732, 4.05291E-005, 40.0512
1440, 24.00000, 0.137912, -15.3286, 4.05924E-005, 40.0065
1440, 24.00833, 0.138089, -15.3841, 4.06559E-005, 39.9617
1441, 24.01667, 0.138266, -15.4396, 4.07194E-005, 39.9167
1442, 24.02500, 0.138443, -15.4953, 4.0783E-005, 39.8717
1442, 24.03333, 0.138621, -15.5511, 4.08466E-005, 39.8266
1443, 24.04167, 0.138798, -15.607, 4.09104E-005, 39.7814
1443, 24.05000, 0.138976, -15.6629, 4.09742E-005, 39.7361
1444, 24.05833, 0.139154, -15.719, 4.10382E-005, 39.6906
1444, 24.06667, 0.139332, -15.7751, 4.11022E-005, 39.6451
1445, 24.07500, 0.139511, -15.8314, 4.11663E-005, 39.5995
1445, 24.08333, 0.139689, -15.8877, 4.12304E-005, 39.5538
1446, 24.09167, 0.139868, -15.9441, 4.12947E-005, 39.5079
1446, 24.10000, 0.140047, -16.0007, 4.1359E-005, 39.462
1447, 24.10833, 0.140226, -16.0573, 4.14234E-005, 39.416
1447, 24.11667, 0.140405, -16.114, 4.1488E-005, 39.3698
1448, 24.12500, 0.140585, -16.1708, 4.15525E-005, 39.3236
1448, 24.13333, 0.140764, -16.2278, 4.16172E-005, 39.2772
1449, 24.14167, 0.140944, -16.2848, 4.1682E-005, 39.2308
1449, 24.15000, 0.141124, -16.3419, 4.17468E-005, 39.1842
1450, 24.15833, 0.141304, -16.3991, 4.18117E-005, 39.1376
1450, 24.16667, 0.141485, -16.4564, 4.18767E-005, 39.0908
1451, 24.17500, 0.141665, -16.5138, 4.19418E-005, 39.044
1451, 24.18333, 0.141846, -16.5713, 4.20069E-005, 38.997
1452, 24.19167, 0.142027, -16.6289, 4.20722E-005, 38.9499
1452, 24.20000, 0.142208, -16.6866, 4.21375E-005, 38.9027
1453, 24.20833, 0.142389, -16.7444, 4.22029E-005, 38.8555
1453, 24.21667, 0.14257, -16.8023, 4.22684E-005, 38.8081
1454, 24.22500, 0.142752, -16.8602, 4.2334E-005, 38.7606
1454, 24.23333, 0.142933, -16.9183, 4.23996E-005, 38.713
1455, 24.24167, 0.143115, -16.9765, 4.24654E-005, 38.6653
1455, 24.25000, 0.143297, -17.0348, 4.25312E-005, 38.6175
1456, 24.25833, 0.143479, -17.0932, 4.25971E-005, 38.5696
1456, 24.26667, 0.143662, -17.1516, 4.2663E-005, 38.5216
1457, 24.27500, 0.143844, -17.2102, 4.27291E-005, 38.4735
1457, 24.28333, 0.144027, -17.2689, 4.27952E-005, 38.4253
1458, 24.29167, 0.14421, -17.3277, 4.28614E-005, 38.377
1458, 24.30000, 0.144393, -17.3865, 4.29277E-005, 38.3285
1459, 24.30833, 0.144576, -17.4455, 4.29941E-005, 38.28
1459, 24.31667, 0.144759, -17.5046, 4.30606E-005, 38.2314
1460, 24.32500, 0.144943, -17.5637, 4.31271E-005, 38.1826
1460, 24.33333, 0.145126, -17.623, 4.31937E-005, 38.1338
1461, 24.34167, 0.14531, -17.6824, 4.32604E-005, 38.0848
1461, 24.35000, 0.145494, -17.7418, 4.33272E-005, 38.0358
1462, 24.35833, 0.145678, -17.8014, 4.3394E-005, 37.9866
1462, 24.36667, 0.145863, -17.861, 4.34609E-005, 37.9373
1463, 24.37500, 0.146047, -17.9208, 4.35279E-005, 37.8879
1463, 24.38333, 0.146232, -17.9807, 4.3595E-005, 37.8385
1464, 24.39167, 0.146416, -18.0406, 4.36622E-005, 37.7889
1464, 24.40000, 0.146601, -18.1007, 4.37294E-005, 37.7392
1465, 24.40833, 0.146786, -18.1608, 4.37968E-005, 37.6894
1465, 24.41667, 0.146972, -18.2211, 4.38642E-005, 37.6395
1466, 24.42500, 0.147157, -18.2815, 4.39316E-005, 37.5894
1466, 24.43333, 0.147343, -18.3419, 4.39992E-005, 37.5393
1467, 24.44167, 0.147528, -18.4025, 4.40668E-005, 37.4891
1467, 24.45000, 0.147714, -18.4632, 4.41345E-005, 37.4388
1468, 24.45833, 0.1479, -18.5239, 4.42023E-005, 37.3883
1468, 24.46667, 0.148086, -18.5848, 4.42702E-005, 37.3378
1469, 24.47500, 0.148273, -18.6457, 4.43381E-005, 37.2871
1469, 24.48333, 0.148459, -18.7068, 4.44061E-005, 37.2363
1470, 24.49167, 0.148646, -18.768, 4.44742E-005, 37.1855
1470, 24.50000, 0.148833, -18.8292, 4.45424E-005, 37.1345
1471, 24.50833, 0.149019, -18.8906, 4.46107E-005, 37.0834
1471, 24.51667, 0.149207, -18.9521, 4.4679E-005, 37.0322
1472, 24.52500, 0.149394, -19.0136, 4.47474E-005, 36.9809
1472, 24.53333, 0.149581, -19.0753, 4.48159E-005, 36.9295
1473, 24.54167, 0.149769, -19.1371, 4.48844E-005, 36.878
1473, 24.55000, 0.149956, -19.199, 4.4953E-005, 36.8264
1474, 24.55833, 0.150144, -19.2609, 4.50217E-005, 36.7746
1474, 24.56667, 0.150332, -19.323, 4.50905E-005, 36.7228
1475, 24.57500, 0.15052, -19.3852, 4.51594E-005, 36.6708
1475, 24.58333, 0.150708, -19.4475, 4.52283E-005, 36.6188
1476, 24.59167, 0.150896, -19.5099, 4.52973E-005, 36.5666
1476, 24.60000, 0.151085, -19.5724, 4.53664E-005, 36.5143
1477, 24.60833, 0.151274, -19.6349, 4.54355E-005, 36.4619
1477, 24.61667, 0.151462, -19.6976, 4.55047E-005, 36.4094
1478, 24.62500, 0.151651, -19.7604, 4.5574E-005, 36.3568
1478, 24.63333, 0.15184, -19.8233, 4.56434E-005, 36.3041
1479, 24.64167, 0.152029, -19.8863, 4.57128E-005, 36.2513
1479, 24.65000, 0.152219, -19.9494, 4.57823E-005, 36.1984
1480, 24.65833, 0.152408, -20.0126, 4.58519E-005, 36.1454
1480, 24.66667, 0.152598, -20.0759, 4.59216E-005, 36.0922
1481, 24.67500, 0.152787, -20.1394, 4.59913E-005, 36.039
1481, 24.68333, 0.152977, -20.2029, 4.60611E-005, 35.9856
1482, 24.69167, 0.153167, -20.2665, 4.6131E-005, 35.9321
1482, 24.70000, 0.153357, -20.3302, 4.62009E-005, 35.8785
1483, 24.70833, 0.153547, -20.394, 4.6271E-005, 35.8248
1483, 24.71667, 0.153738, -20.458, 4.63411E-005, 35.771
1484, 24.72500, 0.153928, -20.522, 4.64112E-005, 35.7171
1484, 24.73333, 0.154119, -20.5861, 4.64814E-005, 35.6631
1485, 24.74167, 0.15431, -20.6504, 4.65517E-005, 35.609
1485, 24.75000, 0.1545, -20.7147, 4.66221E-005, 35.5547
1486, 24.75833, 0.154691, -20.7791, 4.66925E-005, 35.5004
1486, 24.76667, 0.154882, -20.8437, 4.67631E-005, 35.4459
1487, 24.77500, 0.155074, -20.9083, 4.68336E-005, 35.3914
1487, 24.78333, 0.155265, -20.9731, 4.69043E-005, 35.3367
1488, 24.79167, 0.155456, -21.0379, 4.6975E-005, 35.2819
1488, 24.80000, 0.155648, -21.1029, 4.70458E-005, 35.227
1489, 24.80833, 0.15584, -21.168, 4.71166E-005, 35.172
1489, 24.81667, 0.156031, -21.2331, 4.71876E-005, 35.1169
1490, 24.82500, 0.156223, -21.2984, 4.72585E-005, 35.0616
1490, 24.83333, 0.156415, -21.3638, 4.73296E-005, 35.0063
1491, 24.84167, 0.156608, -21.4293, 4.74007E-005, 34.9509
1491, 24.85000, 0.1568, -21.4949, 4.74719E-005, 34.8953
1492, 24.85833, 0.156992, -21.5605, 4.75432E-005, 34.8396
1492, 24.86667, 0.157185, -21.6263, 4.76145E-005, 34.7838
1493, 24.87500, 0.157377, -21.6922, 4.76859E-005, 34.7279
1493, 24.88333, 0.15757, -21.7582, 4.77573E-005, 34.6719
1494, 24.89167, 0.157763, -21.8244, 4.78288E-005, 34.6158
1494, 24.90000, 0.157955, -21.8906, 4.79004E-005, 34.5596
1495, 24.90833, 0.158148, -21.9569, 4.79721E-005, 34.5033
1495, 24.91667, 0.158342, -22.0233, 4.80438E-005, 34.4468
1496, 24.92500, 0.158535, -22.0898, 4.81156E-005, 34.3903
1496, 24.93333, 0.158728, -22.1565, 4.81874E-005, 34.3336
1497, 24.94167, 0.158921, -22.2232, 4.82593E-005, 34.2768
1497, 24.95000, 0.159115, -22.2901, 4.83313E-005, 34.2199
1498, 24.95833, 0.159309, -22.357, 4.84033E-005, 34.1629
1498, 24.96667, 0.159502, -22.4241, 4.84754E-005, 34.1058
1499, 24.97500, 0.159696, -22.4912, 4.85476E-005, 34.0486
1499, 24.98333, 0.15989, -22.5585, 4.86198E-005, 33.9913
1500, 24.99167, 0.160084, -22.6258, 4.86921E-005, 33.9338
1500, 25.00000, 0.160278, -22.6933, 4.87644E-005, 33.8763
1501, 25.00833, 0.160472, -22.7609, 4.88368E-005, 33.8186
1501, 25.01667, 0.160666, -22.8286, 4.89093E-005, 33.7608
1502, 25.02500, 0.160861, -22.8964, 4.89818E-005, 33.7029
1502, 25.03333, 0.161055, -22.9643, 4.90544E-005, 33.6449
1503, 25.04167, 0.16125, -23.0323, 4.9127E-005, 33.5868
1503, 25.05000, 0.161444, -23.1004, 4.91997E-005, 33.5286
1504, 25.05833, 0.161639, -23.1686, 4.92725E-005, 33.4702
1504, 25.06667, 0.161834, -23.2369, 4.93453E-005, 33.4118
1505, 25.07500, 0.162029, -23.3053, 4.94182E-005, 33.3532
1505, 25.08333, 0.162224, -23.3738, 4.94911E-005, 33.2946
1506, 25.09167, 0.162419, -23.4425, 4.95641E-005, 33.2358
1506, 25.10000, 0.162614, -23.5112, 4.96372E-005, 33.1769
1507, 25.10833, 0.162809, -23.58, 4.97103E-005, 33.1179
1507, 25.11667, 0.163004, -23.649, 4.97835E-005, 33.0588
1508, 25.12500, 0.163199, -23.7181, 4.98567E-005, 32.9995
1508, 25.13333, 0.163395, -23.7872, 4.99299E-005, 32.9402
1509, 25.14167, 0.16359, -23.8565, 5.00033E-005, 32.8808
1509, 25.15000, 0.163786, -23.9258, 5.00767E-005, 32.8212
1510, 25.15833, 0.163981, -23.9953, 5.01501E-005, 32.7615
1510, 25.16667, 0.164177, -24.0649, 5.02236E-005, 32.7017
1511, 25.17500, 0.164373, -24.1346, 5.02972E-005, 32.6418
1511, 25.18333, 0.164568, -24.2044, 5.03708E-005, 32.5818
1512, 25.19167, 0.164764, -24.2743, 5.04444E-005, 32.5217
1512, 25.20000, 0.16496, -24.3443, 5.05181E-005, 32.4615
1513, 25.20833, 0.165156, -24.4144, 5.05919E-005, 32.4011
1513, 25.21667, 0.165352, -24.4846, 5.06657E-005, 32.3407
1514, 25.22500, 0.165548, -24.5549, 5.07396E-005, 32.2801
1514, 25.23333, 0.165744, -24.6254, 5.08135E-005, 32.2194
1515, 25.24167, 0.165941, -24.6959, 5.08875E-005, 32.1586
1515, 25.25000, 0.166137, -24.7665, 5.09615E-005, 32.0977
1516, 25.25833, 0.166333, -24.8373, 5.10355E-005, 32.0367
1516, 25.26667, 0.166529, -24.9081, 5.11097E-005, 31.9756
1517, 25.27500, 0.166726, -24.9791, 5.11838E-005, 31.9144
1517, 25.28333, 0.166922, -25.0502, 5.1258E-005, 31.853
1518, 25.29167, 0.167119, -25.1213, 5.13323E-005, 31.7916
1518, 25.30000, 0.167315, -25.1926, 5.14066E-005, 31.73
1519, 25.30833, 0.167512, -25.264, 5.1481E-005, 31.6683
1519, 25.31667, 0.167709, -25.3355, 5.15554E-005, 31.6065
1520, 25.32500, 0.167905, -25.4071, 5.16298E-005, 31.5446
1520, 25.33333, 0.168102, -25.4788, 5.17043E-005, 31.4826
1521, 25.34167, 0.168299, -25.5506, 5.17789E-005, 31.4205
1521, 25.35000, 0.168495, -25.6225, 5.18535E-005, 31.3582
1522, 25.35833, 0.168692, -25.6945, 5.19281E-005, 31.2959
1522, 25.36667, 0.168889, -25.7666, 5.20028E-005, 31.2334
1523, 25.37500, 0.169086, -25.8388, 5.20775E-005, 31.1708
1523, 25.38333, 0.169283, -25.9112, 5.21522E-005, 31.1081
1524, 25.39167, 0.16948, -25.9836, 5.22271E-005, 31.0453
1524, 25.40000, 0.169677, -26.0561, 5.23019E-005, 30.9824
1525, 25.40833, 0.169874, -26.1288, 5.23768E-005, 30.9194
1525, 25.41667, 0.170071, -26.2015, 5.24517E-005, 30.8563
1526, 25.42500, 0.170268, -26.2744, 5.25267E-005, 30.793
1526, 25.43333, 0.170465, -26.3474, 5.26017E-005, 30.7297
1527, 25.44167, 0.170662, -26.4204, 5.26768E-005, 30.6662
1527, 25.45000, 0.170859, -26.4936, 5.27519E-005, 30.6026
1528, 25.45833, 0.171056, -26.5669, 5.2827E-005, 30.539
1528, 25.46667, 0.171253, -26.6403, 5.29022E-005, 30.4752
1529, 25.47500, 0.17145, -26.7138, 5.29774E-005, 30.4112
1529, 25.48333, 0.171648, -26.7874, 5.30526E-005, 30.3472
1530, 25.49167, 0.171845, -26.8611, 5.31279E-005, 30.2831
1530, 25.50000, 0.172042, -26.9349, 5.32032E-005, 30.2189
1531, 25.50833, 0.172239, -27.0088, 5.32786E-005, 30.1545
1531, 25.51667, 0.172436, -27.0828, 5.3354E-005, 30.09
1532, 25.52500, 0.172633, -27.1569, 5.34294E-005, 30.0255
1532, 25.53333, 0.172831, -27.2311, 5.35049E-005, 29.9608
1533, 25.54167, 0.173028, -27.3055, 5.35804E-005, 29.896
1533, 25.55000, 0.173225, -27.3799, 5.36559E-005, 29.8311
1534, 25.55833, 0.173422, -27.4544, 5.37314E-005, 29.7661
1534, 25.56667, 0.173619, -27.5291, 5.3807E-005, 29.7009
1535, 25.57500, 0.173817, -27.6038, 5.38827E-005, 29.6357
1535, 25.58333, 0.174014, -27.6787, 5.39583E-005, 29.5704
1536, 25.59167, 0.174211, -27.7536, 5.4034E-005, 29.5049
1536, 25.60000, 0.174408, -27.8287, 5.41097E-005, 29.4393
1537, 25.60833, 0.174605, -27.9039, 5.41855E-005, 29.3737
1537, 25.61667, 0.174802, -27.9791, 5.42613E-005, 29.3079
1538, 25.62500, 0.174999, -28.0545, 5.43371E-005, 29.242
1538, 25.63333, 0.175196, -28.13, 5.44129E-005, 29.176
1539, 25.64167, 0.175393, -28.2056, 5.44888E-005, 29.1099
1539, 25.65000, 0.17559, -28.2813, 5.45647E-005, 29.0436
1540, 25.65833, 0.175787, -28.3571, 5.46406E-005, 28.9773
1540, 25.66667, 0.175984, -28.433, 5.47165E-005, 28.9109
1541, 25.67500, 0.176181, -28.5089, 5.47925E-005, 28.8443
1541, 25.68333, 0.176378, -28.585, 5.48685E-005, 28.7776
1542, 25.69167, 0.176575, -28.6613, 5.49445E-005, 28.7109
1542, 25.70000, 0.176772, -28.7376, 5.50205E-005, 28.644
1543, 25.70833, 0.176969, -28.814, 5.50966E-005, 28.577
1543, 25.71667, 0.177166, -28.8905, 5.51727E-005, 28.5099
1544, 25.72500, 0.177362, -28.9671, 5.52488E-005, 28.4427
1544, 25.73333, 0.177559, -29.0438, 5.53249E-005, 28.3754
1545, 25.74167, 0.177756, -29.1207, 5.54011E-005, 28.3079
1545, 25.75000, 0.177952, -29.1976, 5.54772E-005, 28.2404
1546, 25.75833, 0.178149, -29.2746, 5.55534E-005, 28.1728
1546, 25.76667, 0.178345, -29.3517, 5.56296E-005, 28.105
1547, 25.77500, 0.178542, -29.429, 5.57059E-005, 28.0372
1547, 25.78333, 0.178738, -29.5063, 5.57821E-005, 27.9692
1548, 25.79167, 0.178934, -29.5838, 5.58584E-005, 27.9011
1548, 25.80000, 0.179131, -29.6613, 5.59346E-005, 27.833
1549, 25.80833, 0.179327, -29.7389, 5.60109E-005, 27.7647
1549, 25.81667, 0.179523, -29.8167, 5.60872E-005, 27.6963
1550, 25.82500, 0.179719, -29.8945, 5.61636E-005, 27.6278
1550, 25.83333, 0.179915, -29.9725, 5.62399E-005, 27.5592
1551, 25.84167, 0.180111, -30.0505, 5.63163E-005, 27.4904
1551, 25.85000, 0.180307, -30.1287, 5.63926E-005, 27.4216
1552, 25.85833, 0.180503, -30.2069, 5.6469E-005, 27.3527
1552, 25.86667, 0.180699, -30.2853, 5.65454E-005, 27.2836
1553, 25.87500, 0.180895, -30.3637, 5.66218E-005, 27.2145
1553, 25.88333, 0.18109, -30.4423, 5.66982E-005, 27.1452
1554, 25.89167, 0.181286, -30.521, 5.67746E-005, 27.0759
1554, 25.90000, 0.181481, -30.5997, 5.6851E-005, 27.0064
1555, 25.90833, 0.181677, -30.6786, 5.69275E-005, 26.9368
1555, 25.91667, 0.181872, -30.7575, 5.70039E-005, 26.8672
1556, 25.92500, 0.182067, -30.8366, 5.70804E-005, 26.7974
1556, 25.93333, 0.182262, -30.9158, 5.71568E-005, 26.7275
1557, 25.94167, 0.182457, -30.995, 5.72333E-005, 26.6575
1557, 25.95000, 0.182652, -31.0744, 5.73098E-005, 26.5874
1558, 25.95833, 0.182847, -31.1538, 5.73862E-005, 26.5172
1558, 25.96667, 0.183042, -31.2334, 5.74627E-005, 26.4469
1559, 25.97500, 0.183236, -31.3131, 5.75392E-005, 26.3765
1559, 25.98333, 0.183431, -31.3928, 5.76157E-005, 26.306
1560, 25.99167, 0.183625, -31.4727, 5.76922E-005, 26.2353
1560, 26.00000, 0.18382, -31.5526, 5.77686E-005, 26.1646
1561, 26.00833, 0.184014, -31.6327, 5.78451E-005, 26.0938
1561, 26.01667, 0.184208, -31.7128, 5.79216E-005, 26.0228
1562, 26.02500, 0.184402, -31.7931, 5.79981E-005, 25.9518
1562, 26.03333, 0.184596, -31.8734, 5.80746E-005, 25.8807
1563, 26.04167, 0.18479, -31.9539, 5.81511E-005, 25.8094
1563, 26.05000, 0.184984, -32.0344, 5.82275E-005, 25.7381
1564, 26.05833, 0.185177, -32.1151, 5.8304E-005, 25.6666
1564, 26.06667, 0.185371, -32.1958, 5.83805E-005, 25.5951
1565, 26.07500, 0.185564, -32.2766, 5.84569E-005, 25.5234
1565, 26.08333, 0.185757, -32.3576, 5.85334E-005, 25.4517
1566, 26.09167, 0.18595, -32.4386, 5.86099E-005, 25.3798
1566, 26.10000, 0.186143, -32.5197, 5.86863E-005, 25.3078
1567, 26.10833, 0.186336, -32.601, 5.87627E-005, 25.2358
1567, 26.11667, 0.186529, -32.6823, 5.88392E-005, 25.1636
1568, 26.12500, 0.186721, -32.7637, 5.89156E-005, 25.0913
1568, 26.13333, 0.186914, -32.8452, 5.8992E-005, 25.0189
1569, 26.14167, 0.187106, -32.9268, 5.90684E-005, 24.9465
1569, 26.15000, 0.187298, -33.0085, 5.91448E-005, 24.8739
1570, 26.15833, 0.18749, -33.0903, 5.92211E-005, 24.8012
1570, 26.16667, 0.187682, -33.1722, 5.92975E-005, 24.7284
1571, 26.17500, 0.187873, -33.2542, 5.93739E-005, 24.6556
1571, 26.18333, 0.188065, -33.3363, 5.94502E-005, 24.5826
1572, 26.19167, 0.188256, -33.4185, 5.95265E-005, 24.5095
1572, 26.20000, 0.188447, -33.5008, 5.96028E-005, 24.4363
1573, 26.20833, 0.188639, -33.5831, 5.96791E-005, 24.3631
1573, 26.21667, 0.188829, -33.6656, 5.97554E-005, 24.2897
1574, 26.22500, 0.18902, -33.7482, 5.98316E-005, 24.2162
1574, 26.23333, 0.189211, -33.8308, 5.99078E-005, 24.1426
1575, 26.24167, 0.189401, -33.9135, 5.99841E-005, 24.069
1575, 26.25000, 0.189591, -33.9964, 6.00603E-005, 23.9952
1576, 26.25833, 0.189781, -34.0793, 6.01364E-005, 23.9213
1576, 26.26667, 0.189971, -34.1623, 6.02126E-005, 23.8474
1577, 26.27500, 0.190161, -34.2454, 6.02887E-005, 23.7733
1577, 26.28333, 0.190351, -34.3286, 6.03648E-005, 23.6992
1578, 26.29167, 0.19054, -34.412, 6.04409E-005, 23.6249
1578, 26.30000, 0.190729, -34.4953, 6.05169E-005, 23.5505
1579, 26.30833, 0.190918, -34.5788, 6.0593E-005, 23.4761
1579, 26.31667, 0.191107, -34.6624, 6.0669E-005, 23.4015
1580, 26.32500, 0.191295, -34.7461, 6.07449E-005, 23.3269
1580, 26.33333, 0.191484, -34.8298, 6.08209E-005, 23.2522
1581, 26.34167, 0.191672, -34.9137, 6.08968E-005, 23.1773
1581, 26.35000, 0.19186, -34.9976, 6.09727E-005, 23.1024
1582, 26.35833, 0.192048, -35.0816, 6.10485E-005, 23.0274
1582, 26.36667, 0.192236, -35.1657, 6.11244E-005, 22.9522
1583, 26.37500, 0.192423, -35.2499, 6.12002E-005, 22.877
1583, 26.38333, 0.19261, -35.3342, 6.12759E-005, 22.8017
1584, 26.39167, 0.192797, -35.4186, 6.13517E-005, 22.7263
1584, 26.40000, 0.192984, -35.5031, 6.14274E-005, 22.6508
1585, 26.40833, 0.193171, -35.5876, 6.1503E-005, 22.5752
1585, 26.41667, 0.193357, -35.6723, 6.15786E-005, 22.4996
1586, 26.42500, 0.193543, -35.757, 6.16542E-005, 22.4238
1586, 26.43333, 0.193729, -35.8418, 6.17298E-005, 22.3479
1587, 26.44167, 0.193915, -35.9267, 6.18053E-005, 22.272
1587, 26.45000, 0.1941, -36.0117, 6.18808E-005, 22.1959
1588, 26.45833, 0.194286, -36.0968, 6.19562E-005, 22.1198
1588, 26.46667, 0.194471, -36.182, 6.20316E-005, 22.0435
1589, 26.47500, 0.194655, -36.2672, 6.21069E-005, 21.9672
1589, 26.48333, 0.19484, -36.3525, 6.21823E-005, 21.8908
1590, 26.49167, 0.195024, -36.438, 6.22575E-005, 21.8143
1590, 26.50000, 0.195208, -36.5235, 6.23328E-005, 21.7377
1591, 26.50833, 0.195392, -36.6091, 6.24079E-005, 21.661
1591, 26.51667, 0.195576, -36.6948, 6.24831E-005, 21.5842
1592, 26.52500, 0.195759, -36.7805, 6.25582E-005, 21.5073
1592, 26.53333, 0.195942, -36.8664, 6.26332E-005, 21.4304
1593, 26.54167, 0.196125, -36.9523, 6.27082E-005, 21.3533
1593, 26.55000, 0.196308, -37.0383, 6.27831E-005, 21.2762
1594, 26.55833, 0.19649, -37.1244, 6.2858E-005, 21.199
1594, 26.56667, 0.196672, -37.2106, 6.29329E-005, 21.1217
1595, 26.57500, 0.196854, -37.2968, 6.30077E-005, 21.0443
1595, 26.58333, 0.197036, -37.3832, 6.30824E-005, 20.9668
1596, 26.59167, 0.197217, -37.4696, 6.31571E-005, 20.8892
1596, 26.60000, 0.197398, -37.5561, 6.32317E-005, 20.8116
1597, 26.60833, 0.197579, -37.6427, 6.33063E-005, 20.7338
1597, 26.61667, 0.197759, -37.7294, 6.33809E-005, 20.656
1598, 26.62500, 0.19794, -37.8161, 6.34553E-005, 20.5781
1598, 26.63333, 0.19812, -37.9029, 6.35297E-005, 20.5001
1599, 26.64167, 0.198299, -37.9898, 6.36041E-005, 20.422
1599, 26.65000, 0.198479, -38.0768, 6.36784E-005, 20.3438
1600, 26.65833, 0.198658, -38.1639, 6.37526E-005, 20.2656
1600, 26.66667, 0.198837, -38.251, 6.38268E-005, 20.1872
1601, 26.67500, 0.199015, -38.3382, 6.39009E-005, 20.1088
1601, 26.68333, 0.199193, -38.4255, 6.3975E-005, 20.0303
1602, 26.69167, 0.199371, -38.5129, 6.4049E-005, 19.9517
1602, 26.70000, 0.199549, -38.6004, 6.41229E-005, 19.8731
1603, 26.70833, 0.199727, -38.6879, 6.41968E-005, 19.7943
1603, 26.71667, 0.199904, -38.7755, 6.42706E-005, 19.7155
1604, 26.72500, 0.20008, -38.8632, 6.43443E-005, 19.6366
1604, 26.73333, 0.200257, -38.9509, 6.4418E-005, 19.5576
1605, 26.74167, 0.200433, -39.0388, 6.44916E-005, 19.4785
1605, 26.75000, 0.200609, -39.1267, 6.45651E-005, 19.3993
1606, 26.75833, 0.200784, -39.2147, 6.46386E-005, 19.3201
1606, 26.76667, 0.20096, -39.3027, 6.4712E-005, 19.2408
1607, 26.77500, 0.201135, -39.3909, 6.47853E-005, 19.1614
1607, 26.78333, 0.201309, -39.4791, 6.48586E-005, 19.0819
1608, 26.79167, 0.201484, -39.5674, 6.49318E-005, 19.0024
1608, 26.80000, 0.201657, -39.6557, 6.50049E-005, 18.9228
1609, 26.80833, 0.201831, -39.7441, 6.50779E-005, 18.8431
1609, 26.81667, 0.202004, -39.8326, 6.51509E-005, 18.7633
1610, 26.82500, 0.202177, -39.9212, 6.52237E-005, 18.6834
1610, 26.83333, 0.20235, -40.0098, 6.52965E-005, 18.6035
1611, 26.84167, 0.202522, -40.0985, 6.53693E-005, 18.5235
1611, 26.85000, 0.202694, -40.1873, 6.54419E-005, 18.4434
1612, 26.85833, 0.202866, -40.2762, 6.55145E-005, 18.3632
1612, 26.86667, 0.203037, -40.3651, 6.5587E-005, 18.283
1613, 26.87500, 0.203208, -40.4541, 6.56594E-005, 18.2027
1613, 26.88333, 0.203379, -40.5431, 6.57317E-005, 18.1223
1614, 26.89167, 0.203549, -40.6323, 6.5804E-005, 18.0419
1614, 26.90000, 0.203719, -40.7214, 6.58761E-005, 17.9613
1615, 26.90833, 0.203889, -40.8107, 6.59482E-005, 17.8807
1615, 26.91667, 0.204058, -40.9, 6.60202E-005, 17.8001
1616, 26.92500, 0.204227, -40.9894, 6.60921E-005, 17.7193
1616, 26.93333, 0.204395, -41.0789, 6.61639E-005, 17.6385
1617, 26.94167, 0.204563, -41.1684, 6.62357E-005, 17.5576
1617, 26.95000, 0.204731, -41.258, 6.63073E-005, 17.4767
1618, 26.95833, 0.204898, -41.3477, 6.63789E-005, 17.3956
1618, 26.96667, 0.205065, -41.4374, 6.64503E-005, 17.3145
1619, 26.97500, 0.205232, -41.5272, 6.65217E-005, 17.2334
1619, 26.98333, 0.205398, -41.617, 6.6593E-005, 17.1521
1620, 26.99167, 0.205564, -41.7069, 6.66642E-005, 17.0708
1620, 27.00000, 0.20573, -41.7969, 6.67353E-005, 16.9895
1621, 27.00833, 0.205895, -41.8869, 6.68063E-005, 16.908
1621, 27.01667, 0.20606, -41.977, 6.68772E-005, 16.8265
1622, 27.02500, 0.206224, -42.0672, 6.6948E-005, 16.745
1622, 27.03333, 0.206388, -42.1574, 6.70187E-005, 16.6633
1623, 27.04167, 0.206552, -42.2477, 6.70893E-005, 16.5816
1623, 27.05000, 0.206715, -42.3381, 6.71599E-005, 16.4999
1624, 27.05833, 0.206878, -42.4284, 6.72303E-005, 16.418
1624, 27.06667, 0.20704, -42.5189, 6.73006E-005, 16.3361
1625, 27.07500, 0.207202, -42.6094, 6.73708E-005, 16.2542
1625, 27.08333, 0.207364, -42.7, 6.74409E-005, 16.1722
1626, 27.09167, 0.207525, -42.7907, 6.7511E-005, 16.0901
1626, 27.10000, 0.207686, -42.8813, 6.75809E-005, 16.0079
1627, 27.10833, 0.207846, -42.9721, 6.76507E-005, 15.9257
1627, 27.11667, 0.208006, -43.0629, 6.77204E-005, 15.8434
1628, 27.12500, 0.208166, -43.1538, 6.779E-005, 15.7611
1628, 27.13333, 0.208325, -43.2447, 6.78595E-005, 15.6787
1629, 27.14167, 0.208484, -43.3357, 6.79289E-005, 15.5963
1629, 27.15000, 0.208642, -43.4267, 6.79982E-005, 15.5137
1630, 27.15833, 0.2088, -43.5178, 6.80673E-005, 15.4312
1630, 27.16667, 0.208957, -43.6089, 6.81364E-005, 15.3485
1631, 27.17500, 0.209114, -43.7001, 6.82053E-005, 15.2659
1631, 27.18333, 0.209271, -43.7913, 6.82742E-005, 15.1831
1632, 27.19167, 0.209427, -43.8826, 6.83429E-005, 15.1003
1632, 27.20000, 0.209583, -43.974, 6.84115E-005, 15.0175
1633, 27.20833, 0.209738, -44.0654, 6.848E-005, 14.9345
1633, 27.21667, 0.209893, -44.1568, 6.85484E-005, 14.8516
1634, 27.22500, 0.210048, -44.2483, 6.86167E-005, 14.7685
1634, 27.23333, 0.210202, -44.3399, 6.86848E-005, 14.6855
1635, 27.24167, 0.210355, -44.4315, 6.87528E-005, 14.6023
1635, 27.25000, 0.210508, -44.5231, 6.88208E-005, 14.5191
1636, 27.25833, 0.210661, -44.6148, 6.88886E-005, 14.4359
1636, 27.26667, 0.210813, -44.7066, 6.89562E-005, 14.3526
1637, 27.27500, 0.210965, -44.7984, 6.90238E-005, 14.2693
1637, 27.28333, 0.211117, -44.8902, 6.90912E-005, 14.1859
1638, 27.29167, 0.211268, -44.9821, 6.91586E-005, 14.1024
1638, 27.30000, 0.211418, -45.074, 6.92258E-005, 14.0189
1639, 27.30833, 0.211568, -45.166, 6.92928E-005, 13.9354
1639, 27.31667, 0.211717, -45.258, 6.93598E-005, 13.8518
1640, 27.32500, 0.211867, -45.3501, 6.94266E-005, 13.7681
1640, 27.33333, 0.212015, -45.4422, 6.94933E-005, 13.6844
1641, 27.34167, 0.212163, -45.5343, 6.95599E-005, 13.6007
1641, 27.35000, 0.212311, -45.6265, 6.96263E-005, 13.5169
1642, 27.35833, 0.212458, -45.7187, 6.96926E-005, 13.4331
1642, 27.36667, 0.212605, -45.811, 6.97588E-005, 13.3492
1643, 27.37500, 0.212751, -45.9033, 6.98249E-005, 13.2652
1643, 27.38333, 0.212897, -45.9957, 6.98908E-005, 13.1813
1644, 27.39167, 0.213042, -46.0881, 6.99566E-005, 13.0972
1644, 27.40000, 0.213187, -46.1805, 7.00223E-005, 13.0132
1645, 27.40833, 0.213331, -46.273, 7.00878E-005, 12.9291
1645, 27.41667, 0.213475, -46.3655, 7.01532E-005, 12.8449
1646, 27.42500, 0.213619, -46.4581, 7.02185E-005, 12.7607
1646, 27.43333, 0.213761, -46.5507, 7.02836E-005, 12.6765
1647, 27.44167, 0.213904, -46.6433, 7.03486E-005, 12.5922
1647, 27.45000, 0.214046, -46.7359, 7.04135E-005, 12.5079
1648, 27.45833, 0.214187, -46.8286, 7.04782E-005, 12.4235
1648, 27.46667, 0.214328, -46.9214, 7.05428E-005, 12.3391
1649, 27.47500, 0.214468, -47.0141, 7.06072E-005, 12.2547
1649, 27.48333, 0.214608, -47.1069, 7.06715E-005, 12.1702
1650, 27.49167, 0.214748, -47.1998, 7.07357E-005, 12.0857
1650, 27.50000, 0.214887, -47.2927, 7.07997E-005, 12.0012
1651, 27.50833, 0.215025, -47.3856, 7.08636E-005, 11.9166
1651, 27.51667, 0.215163, -47.4785, 7.09274E-005, 11.8319
1652, 27.52500, 0.2153, -47.5715, 7.0991E-005, 11.7473
1652, 27.53333, 0.215437, -47.6645, 7.10544E-005, 11.6626
1653, 27.54167, 0.215574, -47.7575, 7.11178E-005, 11.5778
1653, 27.55000, 0.21571, -47.8505, 7.11809E-005, 11.4931
1654, 27.55833, 0.215845, -47.9436, 7.1244E-005, 11.4083
1654, 27.56667, 0.21598, -48.0367, 7.13069E-005, 11.3234
1655, 27.57500, 0.216114, -48.1299, 7.13696E-005, 11.2386
1655, 27.58333, 0.216248, -48.223, 7.14322E-005, 11.1537
1656, 27.59167, 0.216381, -48.3162, 7.14946E-005, 11.0687
1656, 27.60000, 0.216514, -48.4095, 7.15569E-005, 10.9838
1657, 27.60833, 0.216646, -48.5027, 7.16191E-005, 10.8988
1657, 27.61667, 0.216778, -48.596, 7.16811E-005, 10.8138
1658, 27.62500, 0.216909, -48.6893, 7.17429E-005, 10.7287
1658, 27.63333, 0.21704, -48.7826, 7.18046E-005, 10.6436
1659, 27.64167, 0.21717, -48.876, 7.18661E-005, 10.5585
1659, 27.65000, 0.217299, -48.9693, 7.19275E-005, 10.4734
1660, 27.65833, 0.217429, -49.0627, 7.19887E-005, 10.3882
1660, 27.66667, 0.217557, -49.1561, 7.20498E-005, 10.303
1661, 27.67500, 0.217685, -49.2496, 7.21107E-005, 10.2178
1661, 27.68333, 0.217812, -49.343, 7.21715E-005, 10.1326
1662, 27.69167, 0.217939, -49.4365, 7.22321E-005, 10.0473
1662, 27.70000, 0.218066, -49.53, 7.22926E-005, 9.96201
1663, 27.70833, 0.218192, -49.6235, 7.23529E-005, 9.8767
1663, 27.71667, 0.218317, -49.717, 7.2413E-005, 9.79136
1664, 27.72500, 0.218442, -49.8106, 7.2473E-005, 9.706
1664, 27.73333, 0.218566, -49.9042, 7.25328E-005, 9.62062
1665, 27.74167, 0.218689, -49.9977, 7.25925E-005, 9.53521
1665, 27.75000, 0.218813, -50.0913, 7.2652E-005, 9.44979
1666, 27.75833, 0.218935, -50.185, 7.27114E-005, 9.36435
1666, 27.76667, 0.219057, -50.2786, 7.27705E-005, 9.27888
1667, 27.77500, 0.219179, -50.3722, 7.28296E-005, 9.1934
1667, 27.78333, 0.219299, -50.4659, 7.28884E-005, 9.10791
1668, 27.79167, 0.21942, -50.5596, 7.29471E-005, 9.02238
1668, 27.80000, 0.219539, -50.6532, 7.30056E-005, 8.93685
1669, 27.80833, 0.219659, -50.7469, 7.3064E-005, 8.8513
1669, 27.81667, 0.219777, -50.8407, 7.31222E-005, 8.76573
1670, 27.82500, 0.219895, -50.9344, 7.31803E-005, 8.68015
1670, 27.83333, 0.220013, -51.0281, 7.32381E-005, 8.59455
1671, 27.84167, 0.22013, -51.1218, 7.32958E-005, 8.50893
1671, 27.85000, 0.220246, -51.2156, 7.33534E-005, 8.42331
1672, 27.85833, 0.220362, -51.3093, 7.34107E-005, 8.33768
1672, 27.86667, 0.220477, -51.4031, 7.34679E-005, 8.25202
1673, 27.87500, 0.220592, -51.4969, 7.3525E-005, 8.16636
1673, 27.88333, 0.220706, -51.5906, 7.35818E-005, 8.08069
1674, 27.89167, 0.22082, -51.6844, 7.36385E-005, 7.995
1674, 27.90000, 0.220933, -51.7782, 7.36951E-005, 7.90931
1675, 27.90833, 0.221045, -51.872, 7.37514E-005, 7.82361
1675, 27.91667, 0.221157, -51.9658, 7.38076E-005, 7.73789
1676, 27.92500, 0.221268, -52.0596, 7.38636E-005, 7.65217
1676, 27.93333, 0.221379, -52.1534, 7.39194E-005, 7.56644
1677, 27.94167, 0.221489, -52.2472, 7.39751E-005, 7.4807
1677, 27.95000, 0.221599, -52.341, 7.40306E-005, 7.39496
1678, 27.95833, 0.221708, -52.4348, 7.40859E-005, 7.30922
1678, 27.96667, 0.221816, -52.5287, 7.41411E-005, 7.22346
1679, 27.97500, 0.221924, -52.6225, 7.4196E-005, 7.13771
1679, 27.98333, 0.222031, -52.7163, 7.42508E-005, 7.05195
1680, 27.99167, 0.222137, -52.8101, 7.43055E-005, 6.96618
1680, 28.00000, 0.222244, -52.9039, 7.43599E-005, 6.88041
1681, 28.00833, 0.222349, -52.9977, 7.44142E-005, 6.79464
1681, 28.01667, 0.222454, -53.0915, 7.44683E-005, 6.70887
1682, 28.02500, 0.222558, -53.1853, 7.45222E-005, 6.6231
1682, 28.03333, 0.222662, -53.2791, 7.45759E-005, 6.53733
1683, 28.04167, 0.222765, -53.3729, 7.46295E-005, 6.45155
1683, 28.05000, 0.222867, -53.4667, 7.46828E-005, 6.36578
1684, 28.05833, 0.222969, -53.5605, 7.4736E-005, 6.28001
1684, 28.06667, 0.223071, -53.6542, 7.47891E-005, 6.19424
1685, 28.07500, 0.223171, -53.748, 7.48419E-005, 6.10847
1685, 28.08333, 0.223271, -53.8417, 7.48945E-005, 6.02272
1686, 28.09167, 0.223371, -53.9355, 7.4947E-005, 5.93695
1686, 28.10000, 0.22347, -54.0292, 7.49993E-005, 5.8512
1687, 28.10833, 0.223568, -54.123, 7.50514E-005, 5.76545
1687, 28.11667, 0.223666, -54.2167, 7.51034E-005, 5.6797
1688, 28.12500, 0.223763, -54.3104, 7.51551E-005, 5.59397
1688, 28.13333, 0.22386, -54.4041, 7.52067E-005, 5.50824
1689, 28.14167, 0.223956, -54.4978, 7.52581E-005, 5.42251
1689, 28.15000, 0.224051, -54.5915, 7.53093E-005, 5.3368
1690, 28.15833, 0.224146, -54.6851, 7.53603E-005, 5.2511
1690, 28.16667, 0.22424, -54.7788, 7.54111E-005, 5.16539
1691, 28.17500, 0.224334, -54.8724, 7.54618E-005, 5.07971
1691, 28.18333, 0.224427, -54.966, 7.55122E-005, 4.99404
1692, 28.19167, 0.224519, -55.0596, 7.55625E-005, 4.90836
1692, 28.20000, 0.224611, -55.1532, 7.56126E-005, 4.82271
1693, 28.20833, 0.224702, -55.2468, 7.56625E-005, 4.73708
1693, 28.21667, 0.224793, -55.3403, 7.57122E-005, 4.65144
1694, 28.22500, 0.224883, -55.4339, 7.57618E-005, 4.56583
1694, 28.23333, 0.224972, -55.5274, 7.58111E-005, 4.48023
1695, 28.24167, 0.225061, -55.6209, 7.58603E-005, 4.39464
1695, 28.25000, 0.225149, -55.7144, 7.59093E-005, 4.30907
1696, 28.25833, 0.225236, -55.8078, 7.5958E-005, 4.22352
1696, 28.26667, 0.225323, -55.9013, 7.60066E-005, 4.13797
1697, 28.27500, 0.22541, -55.9947, 7.6055E-005, 4.05245
1697, 28.28333, 0.225495, -56.0881, 7.61033E-005, 3.96695
1698, 28.29167, 0.22558, -56.1814, 7.61513E-005, 3.88146
1698, 28.30000, 0.225665, -56.2748, 7.61991E-005, 3.796
1699, 28.30833, 0.225749, -56.3681, 7.62468E-005, 3.71055
1699, 28.31667, 0.225832, -56.4614, 7.62943E-005, 3.62512
1700, 28.32500, 0.225915, -56.5547, 7.63415E-005, 3.53972
1700, 28.33333, 0.225997, -56.6479, 7.63886E-005, 3.45433
1701, 28.34167, 0.226078, -56.7412, 7.64355E-005, 3.36896
1701, 28.35000, 0.226159, -56.8344, 7.64822E-005, 3.28363
1702, 28.35833, 0.22624, -56.9275, 7.65287E-005, 3.19831
1702, 28.36667, 0.226319, -57.0207, 7.65751E-005, 3.11301
1703, 28.37500, 0.226398, -57.1138, 7.66212E-005, 3.02774
1703, 28.38333, 0.226477, -57.2069, 7.66671E-005, 2.9425
1704, 28.39167, 0.226554, -57.2999, 7.67129E-005, 2.85728
1704, 28.40000, 0.226632, -57.3929, 7.67584E-005, 2.77209
1705, 28.40833, 0.226708, -57.4859, 7.68038E-005, 2.68692
1705, 28.41667, 0.226784, -57.5789, 7.6849E-005, 2.60178
1706, 28.42500, 0.22686, -57.6718, 7.68939E-005, 2.51667
1706, 28.43333, 0.226934, -57.7647, 7.69387E-005, 2.43159
1707, 28.44167, 0.227009, -57.8576, 7.69833E-005, 2.34652
1707, 28.45000, 0.227082, -57.9504, 7.70277E-005, 2.2615
1708, 28.45833, 0.227155, -58.0432, 7.70719E-005, 2.17651
1708, 28.46667, 0.227227, -58.136, 7.7116E-005, 2.09154
1709, 28.47500, 0.227299, -58.2287, 7.71598E-005, 2.00661
1709, 28.48333, 0.22737, -58.3214, 7.72034E-005, 1.92171
1710, 28.49167, 0.227441, -58.414, 7.72468E-005, 1.83684
1710, 28.50000, 0.227511, -58.5066, 7.72901E-005, 1.75201
1711, 28.50833, 0.22758, -58.5992, 7.73331E-005, 1.66721
1711, 28.51667, 0.227649, -58.6917, 7.7376E-005, 1.58243
1712, 28.52500, 0.227717, -58.7842, 7.74187E-005, 1.4977
1712, 28.53333, 0.227784, -58.8767, 7.74611E-005, 1.41301
1713, 28.54167, 0.227851, -58.9691, 7.75034E-005, 1.32834
1713, 28.55000, 0.227917, -59.0615, 7.75455E-005, 1.24372
1714, 28.55833, 0.227983, -59.1538, 7.75874E-005, 1.15914
1714, 28.56667, 0.228048, -59.2461, 7.76291E-005, 1.07458
1715, 28.57500, 0.228113, -59.3384, 7.76705E-005, 0.99007
1715, 28.58333, 0.228176, -59.4306, 7.77118E-005, 0.905601
1716, 28.59167, 0.22824, -59.5227, 7.7753E-005, 0.82116
1716, 28.60000, 0.228302, -59.6148, 7.77939E-005, 0.73677
1717, 28.60833, 0.228364, -59.7069, 7.78346E-005, 0.65242
1717, 28.61667, 0.228426, -59.799, 7.78751E-005, 0.568101
1718, 28.62500, 0.228486, -59.8909, 7.79154E-005, 0.483834
1718, 28.63333, 0.228547, -59.9829, 7.79556E-005, 0.399609
1719, 28.64167, 0.228606, -60.0748, 7.79955E-005, 0.315417
1719, 28.65000, 0.228665, -60.1666, 7.80353E-005, 0.231278
1720, 28.65833, 0.228723, -60.2584, 7.80748E-005, 0.147183
1720, 28.66667, 0.228781, -60.3501, 7.81142E-005, 0.0631227
1721, 28.67500, 0.228838, -60.4418, 7.81533E-005, -0.0208827
1721, 28.68333, 0.228895, -60.5335, 7.81923E-005, -0.104843
1722, 28.69167, 0.228951, -60.6251, 7.82311E-005, -0.188766
1722, 28.70000, 0.229006, -60.7166, 7.82696E-005, -0.272633
1723, 28.70833, 0.229061, -60.8081, 7.8308E-005, -0.356453
1723, 28.71667, 0.229115, -60.8996, 7.83462E-005, -0.440235
1724, 28.72500, 0.229169, -60.991, 7.83842E-005, -0.523959
1724, 28.73333, 0.229222, -61.0823, 7.8422E-005, -0.607634
1725, 28.74167, 0.229274, -61.1736, 7.84596E-005, -0.69127
1725, 28.75000, 0.229326, -61.2648, 7.8497E-005, -0.774845
1726, 28.75833, 0.229377, -61.356, 7.85342E-005, -0.85837
1726, 28.76667, 0.229428, -61.4471, 7.85713E-005, -0.941854
1727, 28.77500, 0.229478, -61.5382, 7.86081E-005, -1.02528
1727, 28.78333, 0.229527, -61.6292, 7.86447E-005, -1.10865
1728, 28.79167, 0.229576, -61.7201, 7.86812E-005, -1.19197
1728, 28.80000, 0.229624, -61.811, 7.87174E-005, -1.27524
1729, 28.80833, 0.229672, -61.9018, 7.87534E-005, -1.35845
1729, 28.81667, 0.229719, -61.9926, 7.87893E-005, -1.44162
1730, 28.82500, 0.229765, -62.0833, 7.8825E-005, -1.52472
1730, 28.83333, 0.229811, -62.174, 7.88604E-005, -1.60776
1731, 28.84167, 0.229856, -62.2646, 7.88957E-005, -1.69076
1731, 28.85000, 0.229901, -62.3551, 7.89308E-005, -1.7737
1732, 28.85833, 0.229945, -62.4456, 7.89657E-005, -1.85658
1732, 28.86667, 0.229988, -62.536, 7.90004E-005, -1.9394
1733, 28.87500, 0.230031, -62.6264, 7.90349E-005, -2.02217
1733, 28.88333, 0.230073, -62.7167, 7.90692E-005, -2.10487
1734, 28.89167, 0.230115, -62.8069, 7.91033E-005, -2.18752
1734, 28.90000, 0.230156, -62.897, 7.91372E-005, -2.27011
1735, 28.90833, 0.230197, -62.9871, 7.9171E-005, -2.35263
1735, 28.91667, 0.230237, -63.0772, 7.92045E-005, -2.43511
1736, 28.92500, 0.230276, -63.1671, 7.92379E-005, -2.51751
1736, 28.93333, 0.230315, -63.257, 7.9271E-005, -2.59985
1737, 28.94167, 0.230353, -63.3469, 7.9304E-005, -2.68214
1737, 28.95000, 0.230391, -63.4367, 7.93368E-005, -2.76436
1738, 28.95833, 0.230428, -63.5264, 7.93693E-005, -2.84651
1738, 28.96667, 0.230464, -63.616, 7.94017E-005, -2.92862
1739, 28.97500, 0.2305, -63.7056, 7.94339E-005, -3.01064
1739, 28.98333, 0.230536, -63.7951, 7.94659E-005, -3.0926
1740, 28.99167, 0.23057, -63.8845, 7.94978E-005, -3.17451
1740, 29.00000, 0.230605, -63.9739, 7.95294E-005, -3.25634
1741, 29.00833, 0.230638, -64.0631, 7.95608E-005, -3.33811
1741, 29.01667, 0.230671, -64.1524, 7.95921E-005, -3.41982
1742, 29.02500, 0.230704, -64.2415, 7.96232E-005, -3.50145
1742, 29.03333, 0.230736, -64.3306, 7.9654E-005, -3.58301
1743, 29.04167, 0.230767, -64.4196, 7.96847E-005, -3.66452
1743, 29.05000, 0.230798, -64.5085, 7.97152E-005, -3.74595
1744, 29.05833, 0.230828, -64.5974, 7.97455E-005, -3.82731
1744, 29.06667, 0.230858, -64.6862, 7.97756E-005, -3.90861
1745, 29.07500, 0.230887, -64.7749, 7.98056E-005, -3.98983
1745, 29.08333, 0.230915, -64.8635, 7.98353E-005, -4.07098
1746, 29.09167, 0.230943, -64.9521, 7.98648E-005, -4.15207
1746, 29.10000, 0.230971, -65.0406, 7.98942E-005, -4.23307
1747, 29.10833, 0.230998, -65.129, 7.99234E-005, -4.31401
1747, 29.11667, 0.231024, -65.2173, 7.99524E-005, -4.39488
1748, 29.12500, 0.23105, -65.3056, 7.99812E-005, -4.47567
1748, 29.13333, 0.231075, -65.3938, 8.00098E-005, -4.55639
1749, 29.14167, 0.2311, -65.4819, 8.00383E-005, -4.63704
1749, 29.15000, 0.231124, -65.5699, 8.00665E-005, -4.71762
1750, 29.15833, 0.231147, -65.6578, 8.00946E-005, -4.79811
1750, 29.16667, 0.23117, -65.7457, 8.01225E-005, -4.87854
1751, 29.17500, 0.231193, -65.8335, 8.01502E-005, -4.95889
1751, 29.18333, 0.231214, -65.9212, 8.01777E-005, -5.03916
1752, 29.19167, 0.231236, -66.0088, 8.0205E-005, -5.11936
1752, 29.20000, 0.231257, -66.0964, 8.02321E-005, -5.19947
1753, 29.20833, 0.231277, -66.1838, 8.02591E-005, -5.27951
1753, 29.21667, 0.231297, -66.2712, 8.02859E-005, -5.35949
1754, 29.22500, 0.231316, -66.3585, 8.03125E-005, -5.43937
1754, 29.23333, 0.231335, -66.4457, 8.03389E-005, -5.51917
1755, 29.24167, 0.231353, -66.5329, 8.03651E-005, -5.59891
1755, 29.25000, 0.23137, -66.6199, 8.03912E-005, -5.67856
1756, 29.25833, 0.231387, -66.7069, 8.0417E-005, -5.75812
1756, 29.26667, 0.231404, -66.7938, 8.04427E-005, -5.83762
1757, 29.27500, 0.23142, -66.8806, 8.04682E-005, -5.91702
1757, 29.28333, 0.231435, -66.9673, 8.04936E-005, -5.99635
1758, 29.29167, 0.23145, -67.054, 8.05187E-005, -6.0756
1758, 29.30000, 0.231465, -67.1405, 8.05437E-005, -6.15476
1759, 29.30833, 0.231479, -67.227, 8.05685E-005, -6.23384
1759, 29.31667, 0.231492, -67.3133, 8.05931E-005, -6.31285
1760, 29.32500, 0.231505, -67.3996, 8.06176E-005, -6.39176
1760, 29.33333, 0.231517, -67.4858, 8.06418E-005, -6.47059
1761, 29.34167, 0.231529, -67.5719, 8.06659E-005, -6.54935
1761, 29.35000, 0.23154, -67.6579, 8.06898E-005, -6.62801
1762, 29.35833, 0.231551, -67.7439, 8.07135E-005, -6.70659
1762, 29.36667, 0.231561, -67.8297, 8.07371E-005, -6.78509
1763, 29.37500, 0.231571, -67.9155, 8.07605E-005, -6.86349
1763, 29.38333, 0.23158, -68.0011, 8.07837E-005, -6.94181
1764, 29.39167, 0.231589, -68.0867, 8.08067E-005, -7.02006
1764, 29.40000, 0.231597, -68.1722, 8.08296E-005, -7.0982
1765, 29.40833, 0.231605, -68.2576, 8.08522E-005, -7.17626
1765, 29.41667, 0.231612, -68.3429, 8.08748E-005, -7.25424
1766, 29.42500, 0.231619, -68.4281, 8.08971E-005, -7.33213
1766, 29.43333, 0.231625, -68.5132, 8.09193E-005, -7.40992
1767, 29.44167, 0.231631, -68.5982, 8.09413E-005, -7.48764
1767, 29.45000, 0.231636, -68.6832, 8.09631E-005, -7.56526
1768, 29.45833, 0.231641, -68.768, 8.09847E-005, -7.64279
1768, 29.46667, 0.231645, -68.8527, 8.10062E-005, -7.72024
1769, 29.47500, 0.231649, -68.9374, 8.10275E-005, -7.79759
1769, 29.48333, 0.231652, -69.0219, 8.10487E-005, -7.87485
1770, 29.49167, 0.231655, -69.1064, 8.10696E-005, -7.95202
1770, 29.50000, 0.231657, -69.1908, 8.10904E-005, -8.0291
1771, 29.50833, 0.231659, -69.275, 8.11111E-005, -8.10609
1771, 29.51667, 0.23166, -69.3592, 8.11316E-005, -8.18299
1772, 29.52500, 0.231661, -69.4433, 8.11519E-005, -8.25979
1772, 29.53333, 0.231662, -69.5273, 8.1172E-005, -8.3365
1773, 29.54167, 0.231661, -69.6112, 8.1192E-005, -8.41312
1773, 29.55000, 0.231661, -69.6949, 8.12118E-005, -8.48964
1774, 29.55833, 0.23166, -69.7786, 8.12314E-005, -8.56607
1774, 29.56667, 0.231658, -69.8622, 8.12509E-005, -8.64242
1775, 29.57500, 0.231656, -69.9457, 8.12702E-005, -8.71865
1775, 29.58333, 0.231654, -70.0291, 8.12893E-005, -8.7948
1776, 29.59167, 0.231651, -70.1124, 8.13083E-005, -8.87086
1776, 29.60000, 0.231647, -70.1956, 8.13272E-005, -8.94681
1777, 29.60833, 0.231644, -70.2787, 8.13458E-005, -9.02267
1777, 29.61667, 0.231639, -70.3617, 8.13643E-005, -9.09845
1778, 29.62500, 0.231635, -70.4446, 8.13827E-005, -9.17411
1778, 29.63333, 0.231629, -70.5274, 8.14008E-005, -9.24968
1779, 29.64167, 0.231624, -70.6101, 8.14189E-005, -9.32516
1779, 29.65000, 0.231617, -70.6927, 8.14367E-005, -9.40054
1780, 29.65833, 0.231611, -70.7752, 8.14544E-005, -9.47582
1780, 29.66667, 0.231604, -70.8576, 8.1472E-005, -9.55101
1781, 29.67500, 0.231596, -70.9398, 8.14894E-005, -9.62609
1781, 29.68333, 0.231588, -71.022, 8.15066E-005, -9.70107
1782, 29.69167, 0.23158, -71.1041, 8.15237E-005, -9.77597
1782, 29.70000, 0.231571, -71.1861, 8.15406E-005, -9.85075
1783, 29.70833, 0.231562, -71.268, 8.15574E-005, -9.92544
1783, 29.71667, 0.231552, -71.3498, 8.1574E-005, -10
1784, 29.72500, 0.231542, -71.4314, 8.15904E-005, -10.0745
1784, 29.73333, 0.231532, -71.513, 8.16067E-005, -10.1489
1785, 29.74167, 0.231521, -71.5945, 8.16229E-005, -10.2232
1785, 29.75000, 0.231509, -71.6758, 8.16389E-005, -10.2974
1786, 29.75833, 0.231497, -71.757, 8.16547E-005, -10.3715
1786, 29.76667, 0.231485, -71.8382, 8.16704E-005, -10.4455
1787, 29.77500, 0.231472, -71.9192, 8.16859E-005, -10.5193
1787, 29.78333, 0.231459, -72.0002, 8.17013E-005, -10.5931
1788, 29.79167, 0.231446, -72.081, 8.17166E-005, -10.6668
1788, 29.80000, 0.231432, -72.1617, 8.17317E-005, -10.7404
1789, 29.80833, 0.231417, -72.2423, 8.17466E-005, -10.8138
1789, 29.81667, 0.231403, -72.3229, 8.17614E-005, -10.8872
1790, 29.82500, 0.231387, -72.4033, 8.17761E-005, -10.9605
1790, 29.83333, 0.231372, -72.4835, 8.17906E-005, -11.0336
1791, 29.84167, 0.231356, -72.5637, 8.18049E-005, -11.1067
1791, 29.85000, 0.231339, -72.6438, 8.18192E-005, -11.1797
1792, 29.85833, 0.231322, -72.7238, 8.18332E-005, -11.2525
1792, 29.86667, 0.231305, -72.8036, 8.18471E-005, -11.3253
1793, 29.87500, 0.231288, -72.8834, 8.18609E-005, -11.3979
1793, 29.88333, 0.231269, -72.963, 8.18746E-005, -11.4704
1794, 29.89167, 0.231251, -73.0426, 8.18881E-005, -11.5429
1794, 29.90000, 0.231232, -73.122, 8.19014E-005, -11.6152
1795, 29.90833, 0.231213, -73.2013, 8.19146E-005, -11.6874
1795, 29.91667, 0.231193, -73.2805, 8.19277E-005, -11.7595
1796, 29.92500, 0.231173, -73.3596, 8.19406E-005, -11.8315
1796, 29.93333, 0.231153, -73.4386, 8.19534E-005, -11.9034
1797, 29.94167, 0.231132, -73.5175, 8.19661E-005, -11.9752
1797, 29.95000, 0.231111, -73.5962, 8.19786E-005, -12.0469
1798, 29.95833, 0.23109, -73.6749, 8.1991E-005, -12.1185
1798, 29.96667, 0.231068, -73.7534, 8.20033E-005, -12.1899
1799, 29.97500, 0.231045, -73.8319, 8.20154E-005, -12.2613
1799, 29.98333, 0.231023, -73.9102, 8.20273E-005, -12.3325
1800, 29.99167, 0.231, -73.9884, 8.20392E-005, -12.4037
1800, 30.00000, 0.230976, -74.0665, 8.20509E-005, -12.4747
1801, 30.00833, 0.230953, -74.1444, 8.20625E-005, -12.5457
1801, 30.01667, 0.230929, -74.2223, 8.20739E-005, -12.6165
1802, 30.02500, 0.230904, -74.3001, 8.20852E-005, -12.6872
1802, 30.03333, 0.230879, -74.3777, 8.20964E-005, -12.7578
1803, 30.04167, 0.230854, -74.4552, 8.21074E-005, -12.8283
1803, 30.05000, 0.230828, -74.5327, 8.21183E-005, -12.8987
1804, 30.05833, 0.230803, -74.61, 8.21291E-005, -12.9689
1804, 30.06667, 0.230776, -74.6872, 8.21398E-005, -13.0391
1805, 30.07500, 0.23075, -74.7642, 8.21503E-005, -13.1092
1805, 30.08333, 0.230723, -74.8412, 8.21607E-005, -13.1791
1806, 30.09167, 0.230695, -74.918, 8.2171E-005, -13.2489
1806, 30.10000, 0.230668, -74.9948, 8.21811E-005, -13.3186
1807, 30.10833, 0.23064, -75.0714, 8.21912E-005, -13.3883
1807, 30.11667, 0.230611, -75.1479, 8.22011E-005, -13.4578
1808, 30.12500, 0.230583, -75.2243, 8.22108E-005, -13.5271
1808, 30.13333, 0.230554, -75.3005, 8.22205E-005, -13.5964
1809, 30.14167, 0.230524, -75.3767, 8.223E-005, -13.6656
1809, 30.15000, 0.230495, -75.4527, 8.22394E-005, -13.7346
1810, 30.15833, 0.230465, -75.5287, 8.22487E-005, -13.8036
1810, 30.16667, 0.230434, -75.6045, 8.22579E-005, -13.8724
1811, 30.17500, 0.230404, -75.6802, 8.22669E-005, -13.9411
1811, 30.18333, 0.230373, -75.7557, 8.22758E-005, -14.0097
1812, 30.19167, 0.230341, -75.8312, 8.22846E-005, -14.0782
1812, 30.20000, 0.23031, -75.9065, 8.22933E-005, -14.1466
1813, 30.20833, 0.230278, -75.9818, 8.23019E-005, -14.2148
1813, 30.21667, 0.230246, -76.0569, 8.23103E-005, -14.283
1814, 30.22500, 0.230213, -76.1319, 8.23187E-005, -14.351
1814, 30.23333, 0.23018, -76.2067, 8.23269E-005, -14.419
1815, 30.24167, 0.230147, -76.2815, 8.2335E-005, -14.4868
1815, 30.25000, 0.230113, -76.3561, 8.2343E-005, -14.5545
1816, 30.25833, 0.23008, -76.4307, 8.23509E-005, -14.622
1816, 30.26667, 0.230046, -76.5051, 8.23586E-005, -14.6895
1817, 30.27500, 0.230011, -76.5794, 8.23663E-005, -14.7569
1817, 30.28333, 0.229976, -76.6535, 8.23738E-005, -14.8241
1818, 30.29167, 0.229941, -76.7276, 8.23813E-005, -14.8912
1818, 30.30000, 0.229906, -76.8015, 8.23886E-005, -14.9582
1819, 30.30833, 0.229871, -76.8753, 8.23958E-005, -15.0251
1819, 30.31667, 0.229835, -76.949, 8.24029E-005, -15.0919
1820, 30.32500, 0.229799, -77.0226, 8.24099E-005, -15.1586
1820, 30.33333, 0.229762, -77.0961, 8.24168E-005, -15.2251
1821, 30.34167, 0.229725, -77.1694, 8.24236E-005, -15.2916
1821, 30.35000, 0.229688, -77.2426, 8.24302E-005, -15.3579
1822, 30.35833, 0.229651, -77.3157, 8.24368E-005, -15.4241
1822, 30.36667, 0.229614, -77.3887, 8.24433E-005, -15.4902
1823, 30.37500, 0.229576, -77.4616, 8.24496E-005, -15.5561
1823, 30.38333, 0.229538, -77.5343, 8.24559E-005, -15.622
1824, 30.39167, 0.229499, -77.6069, 8.2462E-005, -15.6878
1824, 30.40000, 0.229461, -77.6794, 8.24681E-005, -15.7534
1825, 30.40833, 0.229422, -77.7518, 8.2474E-005, -15.8189
1825, 30.41667, 0.229383, -77.8241, 8.24799E-005, -15.8843
1826, 30.42500, 0.229343, -77.8962, 8.24856E-005, -15.9496
1826, 30.43333, 0.229304, -77.9683, 8.24913E-005, -16.0147
1827, 30.44167, 0.229264, -78.0402, 8.24968E-005, -16.0798
1827, 30.45000, 0.229223, -78.112, 8.25023E-005, -16.1447
1828, 30.45833, 0.229183, -78.1836, 8.25077E-005, -16.2095
1828, 30.46667, 0.229142, -78.2552, 8.25129E-005, -16.2742
1829, 30.47500, 0.229101, -78.3266, 8.25181E-005, -16.3388
1829, 30.48333, 0.22906, -78.3979, 8.25232E-005, -16.4032
1830, 30.49167, 0.229019, -78.4691, 8.25281E-005, -16.4676
1830, 30.50000, 0.228977, -78.5401, 8.2533E-005, -16.5318
1831, 30.50833, 0.228935, -78.6111, 8.25378E-005, -16.5959
1831, 30.51667, 0.228893, -78.6819, 8.25425E-005, -16.6599
1832, 30.52500, 0.22885, -78.7526, 8.25471E-005, -16.7238
1832, 30.53333, 0.228808, -78.8232, 8.25516E-005, -16.7875
1833, 30.54167, 0.228765, -78.8936, 8.2556E-005, -16.8512
1833, 30.55000, 0.228722, -78.964, 8.25604E-005, -16.9147
1834, 30.55833, 0.228678, -79.0342, 8.25646E-005, -16.9781
1834, 30.56667, 0.228635, -79.1043, 8.25688E-005, -17.0414
1835, 30.57500, 0.228591, -79.1743, 8.25729E-005, -17.1045
1835, 30.58333, 0.228547, -79.2441, 8.25768E-005, -17.1676
1836, 30.59167, 0.228503, -79.3138, 8.25807E-005, -17.2305
1836, 30.60000, 0.228458, -79.3834, 8.25845E-005, -17.2933
1837, 30.60833, 0.228414, -79.4529, 8.25883E-005, -17.356
1837, 30.61667, 0.228369, -79.5223, 8.25919E-005, -17.4186
1838, 30.62500, 0.228324, -79.5915, 8.25955E-005, -17.4811
1838, 30.63333, 0.228279, -79.6607, 8.2599E-005, -17.5434
1839, 30.64167, 0.228233, -79.7297, 8.26024E-005, -17.6057
1839, 30.65000, 0.228187, -79.7986, 8.26057E-005, -17.6678
1840, 30.65833, 0.228141, -79.8673, 8.26089E-005, -17.7298
1840, 30.66667, 0.228095, -79.936, 8.26121E-005, -17.7916
1841, 30.67500, 0.228049, -80.0045, 8.26151E-005, -17.8534
1841, 30.68333, 0.228003, -80.0729, 8.26181E-005, -17.915
1842, 30.69167, 0.227956, -80.1411, 8.2621E-005, -17.9765
1842, 30.70000, 0.227909, -80.2093, 8.26239E-005, -18.0379
1843, 30.70833, 0.227862, -80.2773, 8.26267E-005, -18.0992
1843, 30.71667, 0.227815, -80.3452, 8.26293E-005, -18.1604
1844, 30.72500, 0.227767, -80.413, 8.2632E-005, -18.2214
1844, 30.73333, 0.227719, -80.4806, 8.26345E-005, -18.2823
1845, 30.74167, 0.227672, -80.5482, 8.2637E-005, -18.3431
1845, 30.75000, 0.227624, -80.6156, 8.26394E-005, -18.4038
1846, 30.75833, 0.227575, -80.6829, 8.26417E-005, -18.4644
1846, 30.76667, 0.227527, -80.7501, 8.26439E-005, -18.5249
1847, 30.77500, 0.227478, -80.8171, 8.26461E-005, -18.5852
1847, 30.78333, 0.22743, -80.8841, 8.26482E-005, -18.6454
1848, 30.79167, 0.227381, -80.9509, 8.26503E-005, -18.7055
1848, 30.80000, 0.227332, -81.0176, 8.26522E-005, -18.7655
1849, 30.80833, 0.227283, -81.0841, 8.26541E-005, -18.8253
1849, 30.81667, 0.227233, -81.1506, 8.2656E-005, -18.8851
1850, 30.82500, 0.227184, -81.2169, 8.26577E-005, -18.9447
1850, 30.83333, 0.227134, -81.2831, 8.26594E-005, -19.0042
1851, 30.84167, 0.227084, -81.3492, 8.26611E-005, -19.0636
1851, 30.85000, 0.227034, -81.4151, 8.26626E-005, -19.1228
1852, 30.85833, 0.226984, -81.4809, 8.26641E-005, -19.182
1852, 30.86667, 0.226933, -81.5467, 8.26656E-005, -19.241
1853, 30.87500, 0.226883, -81.6122, 8.26669E-005, -19.2999
1853, 30.88333, 0.226832, -81.6777, 8.26683E-005, -19.3587
1854, 30.89167, 0.226782, -81.743, 8.26695E-005, -19.4174
1854, 30.90000, 0.226731, -81.8083, 8.26707E-005, -19.4759
1855, 30.90833, 0.22668, -81.8734, 8.26719E-005, -19.5344
1855, 30.91667, 0.226628, -81.9383, 8.26729E-005, -19.5927
1856, 30.92500, 0.226577, -82.0032, 8.26739E-005, -19.6509
1856, 30.93333, 0.226525, -82.0679, 8.26749E-005, -19.709
1857, 30.94167, 0.226474, -82.1326, 8.26758E-005, -19.7669
1857, 30.95000, 0.226422, -82.197, 8.26766E-005, -19.8248
1858, 30.95833, 0.22637, -82.2614, 8.26774E-005, -19.8825
1858, 30.96667, 0.226318, -82.3257, 8.26782E-005, -19.9401
1859, 30.97500, 0.226266, -82.3898, 8.26788E-005, -19.9976
1859, 30.98333, 0.226214, -82.4538, 8.26795E-005, -20.055
1860, 30.99167, 0.226161, -82.5177, 8.268E-005, -20.1122
1860, 31.00000, 0.226109, -82.5814, 8.26806E-005, -20.1694
1861, 31.00833, 0.226056, -82.6451, 8.2681E-005, -20.2264
1861, 31.01667, 0.226003, -82.7086, 8.26814E-005, -20.2833
1862, 31.02500, 0.22595, -82.772, 8.26818E-005, -20.3401
1862, 31.03333, 0.225898, -82.8353, 8.26821E-005, -20.3967
1863, 31.04167, 0.225844, -82.8984, 8.26824E-005, -20.4533
1863, 31.05000, 0.225791, -82.9615, 8.26826E-005, -20.5097
1864, 31.05833, 0.225738, -83.0244, 8.26828E-005, -20.566
1864, 31.06667, 0.225684, -83.0872, 8.26829E-005, -20.6222
1865, 31.07500, 0.225631, -83.1498, 8.26829E-005, -20.6783
1865, 31.08333, 0.225577, -83.2124, 8.2683E-005, -20.7342
1866, 31.09167, 0.225523, -83.2748, 8.26829E-005, -20.7901
1866, 31.10000, 0.22547, -83.3371, 8.26829E-005, -20.8458
1867, 31.10833, 0.225416, -83.3993, 8.26828E-005, -20.9014
1867, 31.11667, 0.225362, -83.4614, 8.26826E-005, -20.9569
1868, 31.12500, 0.225308, -83.5233, 8.26824E-005, -21.0123
1868, 31.13333, 0.225253, -83.5852, 8.26822E-005, -21.0675
1869, 31.14167, 0.225199, -83.6469, 8.26819E-005, -21.1227
1869, 31.15000, 0.225145, -83.7085, 8.26816E-005, -21.1777
1870, 31.15833, 0.22509, -83.7699, 8.26812E-005, -21.2326
1870, 31.16667, 0.225036, -83.8313, 8.26808E-005, -21.2874
1871, 31.17500, 0.224981, -83.8925, 8.26804E-005, -21.342
1871, 31.18333, 0.224926, -83.9536, 8.26799E-005, -21.3966
1872, 31.19167, 0.224871, -84.0146, 8.26794E-005, -21.451
1872, 31.20000, 0.224816, -84.0754, 8.26788E-005, -21.5054
1873, 31.20833, 0.224761, -84.1362, 8.26783E-005, -21.5596
1873, 31.21667, 0.224706, -84.1968, 8.26776E-005, -21.6136
1874, 31.22500, 0.224651, -84.2573, 8.2677E-005, -21.6676
1874, 31.23333, 0.224596, -84.3177, 8.26763E-005, -21.7215
1875, 31.24167, 0.224541, -84.378, 8.26755E-005, -21.7752
1875, 31.25000, 0.224485, -84.4381, 8.26748E-005, -21.8288
1876, 31.25833, 0.22443, -84.4981, 8.2674E-005, -21.8823
1876, 31.26667, 0.224375, -84.558, 8.26732E-005, -21.9357
1877, 31.27500, 0.224319, -84.6178, 8.26723E-005, -21.989
1877, 31.28333, 0.224264, -84.6775, 8.26714E-005, -22.0422
1878, 31.29167, 0.224208, -84.7371, 8.26705E-005, -22.0952
1878, 31.30000, 0.224152, -84.7965, 8.26696E-005, -22.1481
1879, 31.30833, 0.224096, -84.8558, 8.26686E-005, -22.2009
1879, 31.31667, 0.224041, -84.915, 8.26676E-005, -22.2536
1880, 31.32500, 0.223985, -84.9741, 8.26665E-005, -22.3062
1880, 31.33333, 0.223929, -85.033, 8.26655E-005, -22.3587
1881, 31.34167, 0.223873, -85.0919, 8.26644E-005, -22.411
1881, 31.35000, 0.223817, -85.1506, 8.26633E-005, -22.4633
1882, 31.35833, 0.223761, -85.2092, 8.26621E-005, -22.5154
1882, 31.36667, 0.223705, -85.2677, 8.2661E-005, -22.5674
1883, 31.37500, 0.223649, -85.3261, 8.26598E-005, -22.6193
1883, 31.38333, 0.223593, -85.3843, 8.26586E-005, -22.6711
1884, 31.39167, 0.223536, -85.4424, 8.26574E-005, -22.7228
1884, 31.40000, 0.22348, -85.5005, 8.26561E-005, -22.7743
1885, 31.40833, 0.223424, -85.5583, 8.26548E-005, -22.8257
1885, 31.41667, 0.223368, -85.6161, 8.26535E-005, -22.8771
1886, 31.42500, 0.223311, -85.6738, 8.26522E-005, -22.9283
1886, 31.43333, 0.223255, -85.7313, 8.26509E-005, -22.9794
1887, 31.44167, 0.223199, -85.7888, 8.26495E-005, -23.0304
1887, 31.45000, 0.223142, -85.8461, 8.26482E-005, -23.0812
1888, 31.45833, 0.223086, -85.9033, 8.26468E-005, -23.132
1888, 31.46667, 0.223029, -85.9604, 8.26454E-005, -23.1826
1889, 31.47500, 0.222973, -86.0173, 8.2644E-005, -23.2332
1889, 31.48333, 0.222916, -86.0742, 8.26425E-005, -23.2836
1890, 31.49167, 0.22286, -86.1309, 8.26411E-005, -23.3339
1890, 31.50000, 0.222803, -86.1875, 8.26396E-005, -23.3841
1891, 31.50833, 0.222747, -86.244, 8.26381E-005, -23.4342
1891, 31.51667, 0.22269, -86.3004, 8.26366E-005, -23.4841
1892, 31.52500, 0.222634, -86.3567, 8.26351E-005, -23.534
1892, 31.53333, 0.222577, -86.4129, 8.26336E-005, -23.5837
1893, 31.54167, 0.22252, -86.4689, 8.2632E-005, -23.6334
1893, 31.55000, 0.222464, -86.5248, 8.26305E-005, -23.6829
1894, 31.55833, 0.222407, -86.5806, 8.26289E-005, -23.7323
1894, 31.56667, 0.222351, -86.6363, 8.26274E-005, -23.7816
1895, 31.57500, 0.222294, -86.6919, 8.26258E-005, -23.8308
1895, 31.58333, 0.222238, -86.7474, 8.26242E-005, -23.8799
1896, 31.59167, 0.222181, -86.8027, 8.26226E-005, -23.9288
1896, 31.60000, 0.222124, -86.858, 8.2621E-005, -23.9777
1897, 31.60833, 0.222068, -86.9131, 8.26194E-005, -24.0264
1897, 31.61667, 0.222011, -86.9681, 8.26178E-005, -24.0751
1898, 31.62500, 0.221955, -87.023, 8.26162E-005, -24.1236
1898, 31.63333, 0.221898, -87.0778, 8.26146E-005, -24.172
1899, 31.64167, 0.221841, -87.1325, 8.26129E-005, -24.2203
1899, 31.65000, 0.221785, -87.1871, 8.26113E-005, -24.2685
1900, 31.65833, 0.221728, -87.2415, 8.26097E-005, -24.3166
1900, 31.66667, 0.221672, -87.2958, 8.2608E-005, -24.3646
1901, 31.67500, 0.221615, -87.3501, 8.26064E-005, -24.4124
1901, 31.68333, 0.221559, -87.4042, 8.26048E-005, -24.4602
1902, 31.69167, 0.221503, -87.4582, 8.26031E-005, -24.5078
1902, 31.70000, 0.221446, -87.5121, 8.26015E-005, -24.5554
1903, 31.70833, 0.22139, -87.5658, 8.25998E-005, -24.6028
1903, 31.71667, 0.221333, -87.6195, 8.25982E-005, -24.6501
1904, 31.72500, 0.221277, -87.6731, 8.25965E-005, -24.6973
1904, 31.73333, 0.221221, -87.7265, 8.25949E-005, -24.7445
1905, 31.74167, 0.221164, -87.7798, 8.25933E-005, -24.7915
1905, 31.75000, 0.221108, -87.8331, 8.25916E-005, -24.8384
1906, 31.75833, 0.221052, -87.8862, 8.259E-005, -24.8851
1906, 31.76667, 0.220996, -87.9392, 8.25883E-005, -24.9318
1907, 31.77500, 0.22094, -87.9921, 8.25867E-005, -24.9784
1907, 31.78333, 0.220883, -88.0448, 8.25851E-005, -25.0249
1908, 31.79167, 0.220827, -88.0975, 8.25835E-005, -25.0712
1908, 31.80000, 0.220771, -88.1501, 8.25819E-005, -25.1175
1909, 31.80833, 0.220715, -88.2025, 8.25803E-005, -25.1636
1909, 31.81667, 0.220659, -88.2549, 8.25787E-005, -25.2097
1910, 31.82500, 0.220603, -88.3071, 8.25771E-005, -25.2556
1910, 31.83333, 0.220548, -88.3592, 8.25755E-005, -25.3014
1911, 31.84167, 0.220492, -88.4112, 8.25739E-005, -25.3471
1911, 31.85000, 0.220436, -88.4632, 8.25724E-005, -25.3928
1912, 31.85833, 0.22038, -88.515, 8.25708E-005, -25.4383
1912, 31.86667, 0.220325, -88.5667, 8.25693E-005, -25.4837
1913, 31.87500, 0.220269, -88.6182, 8.25678E-005, -25.529
1913, 31.88333, 0.220213, -88.6697, 8.25663E-005, -25.5742
1914, 31.89167, 0.220158, -88.7211, 8.25647E-005, -25.6193
1914, 31.90000, 0.220102, -88.7724, 8.25632E-005, -25.6643
1915, 31.90833, 0.220047, -88.8235, 8.25618E-005, -25.7092
1915, 31.91667, 0.219992, -88.8746, 8.25603E-005, -25.754
1916, 31.92500, 0.219936, -88.9255, 8.25589E-005, -25.7987
1916, 31.93333, 0.219881, -88.9763, 8.25574E-005, -25.8432
1917, 31.94167, 0.219826, -89.0271, 8.2556E-005, -25.8877
1917, 31.95000, 0.219771, -89.0777, 8.25546E-005, -25.9321
1918, 31.95833, 0.219716, -89.1282, 8.25532E-005, -25.9764
1918, 31.96667, 0.219661, -89.1786, 8.25518E-005, -26.0205
1919, 31.97500, 0.219606, -89.229, 8.25505E-005, -26.0646
1919, 31.98333, 0.219551, -89.2792, 8.25491E-005, -26.1086
1920, 31.99167, 0.219497, -89.3293, 8.25478E-005, -26.1524
1920, 32.00000, 0.219442, -89.3793, 8.25465E-005, -26.1962
1921, 32.00833, 0.219387, -89.4292, 8.25452E-005, -26.2399
1921, 32.01667, 0.219333, -89.479, 8.2544E-005, -26.2834
1922, 32.02500, 0.219278, -89.5286, 8.25427E-005, -26.3269
1922, 32.03333, 0.219224, -89.5782, 8.25415E-005, -26.3703
1923, 32.04167, 0.21917, -89.6277, 8.25403E-005, -26.4135
1923, 32.05000, 0.219116, -89.6771, 8.25391E-005, -26.4567
1924, 32.05833, 0.219061, -89.7264, 8.2538E-005, -26.4998
1924, 32.06667, 0.219007, -89.7755, 8.25368E-005, -26.5427
1925, 32.07500, 0.218953, -89.8246, 8.25357E-005, -26.5856
1925, 32.08333, 0.2189, -89.8736, 8.25346E-005, -26.6284
1926, 32.09167, 0.218846, -89.9225, 8.25336E-005, -26.671
1926, 32.10000, 0.218792, -89.9712, 8.25325E-005, -26.7136
1927, 32.10833, 0.218739, -90.0199, 8.25315E-005, -26.7561
1927, 32.11667, 0.218685, -90.0685, 8.25306E-005, -26.7985
1928, 32.12500, 0.218632, -90.1169, 8.25296E-005, -26.8408
1928, 32.13333, 0.218578, -90.1653, 8.25287E-005, -26.8829
1929, 32.14167, 0.218525, -90.2136, 8.25278E-005, -26.925
1929, 32.15000, 0.218472, -90.2617, 8.25269E-005, -26.967
1930, 32.15833, 0.218419, -90.3098, 8.2526E-005, -27.0089
1930, 32.16667, 0.218366, -90.3578, 8.25252E-005, -27.0507
1931, 32.17500, 0.218313, -90.4056, 8.25244E-005, -27.0924
1931, 32.18333, 0.21826, -90.4534, 8.25237E-005, -27.134
1932, 32.19167, 0.218208, -90.5011, 8.2523E-005, -27.1755
1932, 32.20000, 0.218155, -90.5487, 8.25223E-005, -27.217
1933, 32.20833, 0.218103, -90.5961, 8.25216E-005, -27.2583
1933, 32.21667, 0.218051, -90.6435, 8.2521E-005, -27.2995
1934, 32.22500, 0.217998, -90.6908, 8.25204E-005, -27.3407
1934, 32.23333, 0.217946, -90.738, 8.25198E-005, -27.3817
1935, 32.24167, 0.217894, -90.7851, 8.25192E-005, -27.4226
1935, 32.25000, 0.217842, -90.8321, 8.25187E-005, -27.4635
1936, 32.25833, 0.217791, -90.879, 8.25183E-005, -27.5043
1936, 32.26667, 0.217739, -90.9258, 8.25178E-005, -27.5449
1937, 32.27500, 0.217688, -90.9725, 8.25174E-005, -27.5855
1937, 32.28333, 0.217636, -91.0191, 8.25171E-005, -27.626
1938, 32.29167, 0.217585, -91.0656, 8.25168E-005, -27.6664
1938, 32.30000, 0.217534, -91.1121, 8.25165E-005, -27.7067
1939, 32.30833, 0.217483, -91.1584, 8.25162E-005, -27.7469
1939, 32.31667, 0.217432, -91.2046, 8.2516E-005, -27.787
1940, 32.32500, 0.217381, -91.2508, 8.25158E-005, -27.8271
1940, 32.33333, 0.21733, -91.2968, 8.25157E-005, -27.867
1941, 32.34167, 0.217279, -91.3428, 8.25156E-005, -27.9069
1941, 32.35000, 0.217229, -91.3886, 8.25155E-005, -27.9466
1942, 32.35833, 0.217179, -91.4344, 8.25155E-005, -27.9863
1942, 32.36667, 0.217128, -91.4801, 8.25155E-005, -28.0259
1943, 32.37500, 0.217078, -91.5257, 8.25156E-005, -28.0654
1943, 32.38333, 0.217028, -91.5712, 8.25157E-005, -28.1048
1944, 32.39167, 0.216979, -91.6166, 8.25158E-005, -28.1441
1944, 32.40000, 0.216929, -91.6619, 8.2516E-005, -28.1833
1945, 32.40833, 0.216879, -91.7071, 8.25162E-005, -28.2225
1945, 32.41667, 0.21683, -91.7523, 8.25165E-005, -28.2615
1946, 32.42500, 0.216781, -91.7973, 8.25168E-005, -28.3005
1946, 32.43333, 0.216731, -91.8423, 8.25171E-005, -28.3394
1947, 32.44167, 0.216682, -91.8871, 8.25175E-005, -28.3782
1947, 32.45000, 0.216633, -91.9319, 8.2518E-005, -28.4169
1948, 32.45833, 0.216585, -91.9766, 8.25184E-005, -28.4555
1948, 32.46667, 0.216536, -92.0212, 8.2519E-005, -28.4941
1949, 32.47500, 0.216488, -92.0657, 8.25196E-005, -28.5326
1949, 32.48333, 0.216439, -92.1102, 8.25202E-005, -28.5709
1950, 32.49167, 0.216391, -92.1545, 8.25208E-005, -28.6092
1950, 32.50000, 0.216343, -92.1988, 8.25216E-005, -28.6474
1951, 32.50833, 0.216295, -92.2429, 8.25223E-005, -28.6856
1951, 32.51667, 0.216247, -92.287, 8.25231E-005, -28.7236
1952, 32.52500, 0.2162, -92.331, 8.2524E-005, -28.7616
1952, 32.53333, 0.216152, -92.3749, 8.25249E-005, -28.7994
1953, 32.54167, 0.216105, -92.4188, 8.25258E-005, -28.8372
1953, 32.55000, 0.216058, -92.4625, 8.25269E-005, -28.8749
1954, 32.55833, 0.216011, -92.5062, 8.25279E-005, -28.9126
1954, 32.56667, 0.215964, -92.5497, 8.2529E-005, -28.9501
1955, 32.57500, 0.215917, -92.5932, 8.25302E-005, -28.9876
1955, 32.58333, 0.215871, -92.6366, 8.25314E-005, -29.025
1956, 32.59167, 0.215824, -92.68, 8.25326E-005, -29.0623
1956, 32.60000, 0.215778, -92.7232, 8.25339E-005, -29.0995
1957, 32.60833, 0.215732, -92.7664, 8.25353E-005, -29.1367
1957, 32.61667, 0.215686, -92.8095, 8.25367E-005, -29.1738
1958, 32.62500, 0.21564, -92.8525, 8.25382E-005, -29.2108
1958, 32.63333, 0.215594, -92.8954, 8.25397E-005, -29.2477
1959, 32.64167, 0.215549, -92.9382, 8.25412E-005, -29.2845
1959, 32.65000, 0.215504, -92.981, 8.25429E-005, -29.3213
1960, 32.65833, 0.215458, -93.0237, 8.25445E-005, -29.358
1960, 32.66667, 0.215413, -93.0663, 8.25463E-005, -29.3946
1961, 32.67500, 0.215368, -93.1088, 8.25481E-005, -29.4311
1961, 32.68333, 0.215324, -93.1512, 8.25499E-005, -29.4676
1962, 32.69167, 0.215279, -93.1936, 8.25518E-005, -29.504
1962, 32.70000, 0.215235, -93.2359, 8.25538E-005, -29.5403
1963, 32.70833, 0.215191, -93.2781, 8.25558E-005, -29.5765
1963, 32.71667, 0.215147, -93.3202, 8.25578E-005, -29.6127
1964, 32.72500, 0.215103, -93.3623, 8.25599E-005, -29.6488
1964, 32.73333, 0.215059, -93.4043, 8.25621E-005, -29.6848
1965, 32.74167, 0.215016, -93.4462, 8.25644E-005, -29.7208
1965, 32.75000, 0.214972, -93.488, 8.25667E-005, -29.7566
1966, 32.75833, 0.214929, -93.5298, 8.2569E-005, -29.7924
1966, 32.76667, 0.214886, -93.5714, 8.25714E-005, -29.8282
1967, 32.77500, 0.214843, -93.6131, 8.25739E-005, -29.8638
1967, 32.78333, 0.2148, -93.6546, 8.25764E-005, -29.8994
1968, 32.79167, 0.214758, -93.6961, 8.2579E-005, -29.9349
1968, 32.80000, 0.214716, -93.7374, 8.25817E-005, -29.9704
1969, 32.80833, 0.214673, -93.7788, 8.25844E-005, -30.0058
1969, 32.81667, 0.214631, -93.82, 8.25871E-005, -30.0411
1970, 32.82500, 0.21459, -93.8612, 8.259E-005, -30.0763
1970, 32.83333, 0.214548, -93.9023, 8.25929E-005, -30.1115
1971, 32.84167, 0.214507, -93.9433, 8.25958E-005, -30.1466
1971, 32.85000, 0.214465, -93.9843, 8.25988E-005, -30.1816
1972, 32.85833, 0.214424, -94.0252, 8.26019E-005, -30.2166
1972, 32.86667, 0.214383, -94.066, 8.26051E-005, -30.2515
1973, 32.87500, 0.214342, -94.1067, 8.26083E-005, -30.2863
1973, 32.88333, 0.214302, -94.1474, 8.26115E-005, -30.3211
1974, 32.89167, 0.214262, -94.188, 8.26148E-005, -30.3558
1974, 32.90000, 0.214221, -94.2286, 8.26182E-005, -30.3905
1975, 32.90833, 0.214181, -94.2691, 8.26217E-005, -30.425
1975, 32.91667, 0.214141, -94.3095, 8.26252E-005, -30.4596
1976, 32.92500, 0.214102, -94.3498, 8.26288E-005, -30.494
1976, 32.93333, 0.214062, -94.3901, 8.26324E-005, -30.5284
1977, 32.94167, 0.214023, -94.4303, 8.26361E-005, -30.5627
1977, 32.95000, 0.213984, -94.4705, 8.26399E-005, -30.597
1978, 32.95833, 0.213945, -94.5106, 8.26438E-005, -30.6312
1978, 32.96667, 0.213906, -94.5506, 8.26477E-005, -30.6653
1979, 32.97500, 0.213868, -94.5906, 8.26516E-005, -30.6994
1979, 32.98333, 0.213829, -94.6305, 8.26557E-005, -30.7335
1980, 32.99167, 0.213791, -94.6703, 8.26598E-005, -30.7674
1980, 33.00000, 0.213753, -94.7101, 8.26639E-005, -30.8013
1981, 33.00833, 0.213715, -94.7498, 8.26682E-005, -30.8352
1981, 33.01667, 0.213678, -94.7895, 8.26725E-005, -30.869
1982, 33.02500, 0.21364, -94.829, 8.26769E-005, -30.9027
1982, 33.03333, 0.213603, -94.8686, 8.26813E-005, -30.9364
1983, 33.04167, 0.213566, -94.9081, 8.26858E-005, -30.97
1983, 33.05000, 0.213529, -94.9475, 8.26904E-005, -31.0035
1984, 33.05833, 0.213492, -94.9868, 8.2695E-005, -31.037
1984, 33.06667, 0.213456, -95.0261, 8.26997E-005, -31.0705
1985, 33.07500, 0.213419, -95.0654, 8.27045E-005, -31.1039
1985, 33.08333, 0.213383, -95.1045, 8.27093E-005, -31.1372
1986, 33.09167, 0.213347, -95.1437, 8.27143E-005, -31.1705
1986, 33.10000, 0.213312, -95.1827, 8.27192E-005, -31.2038
1987, 33.10833, 0.213276, -95.2217, 8.27243E-005, -31.2369
1987, 33.11667, 0.213241, -95.2607, 8.27294E-005, -31.2701
1988, 33.12500, 0.213206, -95.2996, 8.27346E-005, -31.3031
1988, 33.13333, 0.213171, -95.3385, 8.27399E-005, -31.3362
1989, 33.14167, 0.213136, -95.3773, 8.27452E-005, -31.3691
1989, 33.15000, 0.213101, -95.416, 8.27506E-005, -31.4021
1990, 33.15833, 0.213067, -95.4547, 8.27561E-005, -31.4349
1990, 33.16667, 0.213033, -95.4933, 8.27616E-005, -31.4678
1991, 33.17500, 0.212999, -95.5319, 8.27672E-005, -31.5006
1991, 33.18333, 0.212965, -95.5705, 8.27729E-005, -31.5333
1992, 33.19167, 0.212931, -95.609, 8.27786E-005, -31.566
1992, 33.20000, 0.212898, -95.6474, 8.27845E-005, -31.5986
1993, 33.20833, 0.212865, -95.6858, 8.27903E-005, -31.6312
1993, 33.21667, 0.212832, -95.7241, 8.27963E-005, -31.6637
1994, 33.22500, 0.212799, -95.7624, 8.28023E-005, -31.6962
1994, 33.23333, 0.212766, -95.8007, 8.28084E-005, -31.7287
1995, 33.24167, 0.212734, -95.8389, 8.28146E-005, -31.7611
1995, 33.25000, 0.212701, -95.877, 8.28209E-005, -31.7935
1996, 33.25833, 0.212669, -95.9151, 8.28272E-005, -31.8258
1996, 33.26667, 0.212638, -95.9532, 8.28336E-005, -31.8581
1997, 33.27500, 0.212606, -95.9912, 8.284E-005, -31.8903
1997, 33.28333, 0.212574, -96.0292, 8.28466E-005, -31.9225
1998, 33.29167, 0.212543, -96.0671, 8.28532E-005, -31.9546
1998, 33.30000, 0.212512, -96.105, 8.28598E-005, -31.9868
1999, 33.30833, 0.212481, -96.1428, 8.28666E-005, -32.0188
1999, 33.31667, 0.212451, -96.1806, 8.28734E-005, -32.0509
2000, 33.32500, 0.21242, -96.2184, 8.28803E-005, -32.0829
2000, 33.33333, 0.21239, -96.2561, 8.28873E-005, -32.1148
2001, 33.34167, 0.21236, -96.2937, 8.28943E-005, -32.1467
2001, 33.35000, 0.21233, -96.3314, 8.29014E-005, -32.1786
2002, 33.35833, 0.2123, -96.369, 8.29086E-005, -32.2105
2002, 33.36667, 0.212271, -96.4065, 8.29158E-005, -32.2423
2003, 33.37500, 0.212241, -96.444, 8.29231E-005, -32.2741
2003, 33.38333, 0.212212, -96.4815, 8.29305E-005, -32.3058
2003, 33.39167, 0.212183, -96.519, 8.2938E-005, -32.3375
2004, 33.40000, 0.212155, -96.5564, 8.29455E-005, -32.3692
2005, 33.40833, 0.212126, -96.5937, 8.29531E-005, -32.4008
2005, 33.41667, 0.212098, -96.6311, 8.29608E-005, -32.4324
2006, 33.42500, 0.212069, -96.6684, 8.29686E-005, -32.464
2006, 33.43333, 0.212042, -96.7057, 8.29764E-005, -32.4955
2007, 33.44167, 0.212014, -96.7429, 8.29843E-005, -32.5271
2007, 33.45000, 0.211986, -96.7801, 8.29923E-005, -32.5585
2008, 33.45833, 0.211959, -96.8173, 8.30003E-005, -32.59
2008, 33.46667, 0.211932, -96.8544, 8.30084E-005, -32.6214
2009, 33.47500, 0.211905, -96.8915, 8.30166E-005, -32.6528
2009, 33.48333, 0.211878, -96.9286, 8.30248E-005, -32.6842
2010, 33.49167, 0.211851, -96.9656, 8.30332E-005, -32.7155
2010, 33.50000, 0.211825, -97.0026, 8.30415E-005, -32.7469
2011, 33.50833, 0.211799, -97.0396, 8.305E-005, -32.7781
2011, 33.51667, 0.211773, -97.0766, 8.30585E-005, -32.8094
2012, 33.52500, 0.211747, -97.1135, 8.30671E-005, -32.8407
2012, 33.53333, 0.211721, -97.1504, 8.30758E-005, -32.8719
2013, 33.54167, 0.211696, -97.1873, 8.30846E-005, -32.9031
2013, 33.55000, 0.21167, -97.2242, 8.30934E-005, -32.9342
2014, 33.55833, 0.211645, -97.261, 8.31023E-005, -32.9654
2014, 33.56667, 0.21162, -97.2978, 8.31112E-005, -32.9965
2015, 33.57500, 0.211596, -97.3346, 8.31202E-005, -33.0276
2015, 33.58333, 0.211571, -97.3713, 8.31293E-005, -33.0587
2016, 33.59167, 0.211547, -97.4081, 8.31385E-005, -33.0898
2016, 33.60000, 0.211523, -97.4448, 8.31477E-005, -33.1208
2017, 33.60833, 0.211499, -97.4815, 8.3157E-005, -33.1519
2017, 33.61667, 0.211475, -97.5182, 8.31664E-005, -33.1829
2018, 33.62500, 0.211451, -97.5548, 8.31758E-005, -33.2139
2018, 33.63333, 0.211428, -97.5915, 8.31853E-005, -33.2448
2019, 33.64167, 0.211404, -97.6281, 8.31949E-005, -33.2758
2019, 33.65000, 0.211381, -97.6647, 8.32045E-005, -33.3068
2020, 33.65833, 0.211358, -97.7013, 8.32143E-005, -33.3377
2020, 33.66667, 0.211336, -97.7378, 8.3224E-005, -33.3686
2021, 33.67500, 0.211313, -97.7744, 8.32339E-005, -33.3995
2021, 33.68333, 0.211291, -97.8109, 8.32438E-005, -33.4304
2022, 33.69167, 0.211269, -97.8474, 8.32537E-005, -33.4613
2022, 33.70000, 0.211247, -97.8839, 8.32638E-005, -33.4922
2023, 33.70833, 0.211225, -97.9204, 8.32739E-005, -33.523
2023, 33.71667, 0.211203, -97.9569, 8.32841E-005, -33.5539
2024, 33.72500, 0.211181, -97.9934, 8.32943E-005, -33.5847
2024, 33.73333, 0.21116, -98.0298, 8.33046E-005, -33.6156
2025, 33.74167, 0.211139, -98.0663, 8.33149E-005, -33.6464
2025, 33.75000, 0.211118, -98.1027, 8.33254E-005, -33.6772
2026, 33.75833, 0.211097, -98.1392, 8.33358E-005, -33.708
2026, 33.76667, 0.211076, -98.1756, 8.33464E-005, -33.7388
2027, 33.77500, 0.211056, -98.212, 8.3357E-005, -33.7696
2027, 33.78333, 0.211036, -98.2484, 8.33677E-005, -33.8004
2028, 33.79167, 0.211015, -98.2848, 8.33784E-005, -33.8312
2028, 33.80000, 0.210995, -98.3212, 8.33892E-005, -33.862
2029, 33.80833, 0.210976, -98.3576, 8.34E-005, -33.8928
2029, 33.81667, 0.210956, -98.394, 8.3411E-005, -33.9236
2030, 33.82500, 0.210936, -98.4303, 8.34219E-005, -33.9544
2030, 33.83333, 0.210917, -98.4667, 8.3433E-005, -33.9851
2031, 33.84167, 0.210898, -98.5031, 8.3444E-005, -34.0159
2031, 33.85000, 0.210879, -98.5395, 8.34552E-005, -34.0467
2032, 33.85833, 0.21086, -98.5758, 8.34664E-005, -34.0775
2032, 33.86667, 0.210841, -98.6122, 8.34776E-005, -34.1083
2033, 33.87500, 0.210822, -98.6486, 8.3489E-005, -34.1391
2033, 33.88333, 0.210804, -98.6849, 8.35003E-005, -34.1699
2034, 33.89167, 0.210785, -98.7213, 8.35118E-005, -34.2007
2034, 33.90000, 0.210767, -98.7577, 8.35232E-005, -34.2315
2035, 33.90833, 0.210749, -98.7941, 8.35348E-005, -34.2623
2035, 33.91667, 0.210731, -98.8304, 8.35463E-005, -34.2931
2036, 33.92500, 0.210713, -98.8668, 8.3558E-005, -34.3239
2036, 33.93333, 0.210696, -98.9032, 8.35697E-005, -34.3548
2037, 33.94167, 0.210678, -98.9396, 8.35814E-005, -34.3856
2037, 33.95000, 0.210661, -98.976, 8.35932E-005, -34.4165
2038, 33.95833, 0.210643, -99.0124, 8.3605E-005, -34.4473
2038, 33.96667, 0.210626, -99.0489, 8.36169E-005, -34.4782
2039, 33.97500, 0.210609, -99.0853, 8.36288E-005, -34.5091
2039, 33.98333, 0.210592, -99.1217, 8.36408E-005, -34.54
2040, 33.99167, 0.210576, -99.1582, 8.36528E-005, -34.5709
2040, 34.00000, 0.210559, -99.1946, 8.36649E-005, -34.6018
2041, 34.00833, 0.210542, -99.2311, 8.3677E-005, -34.6327
2041, 34.01667, 0.210526, -99.2676, 8.36892E-005, -34.6637
2042, 34.02500, 0.21051, -99.304, 8.37014E-005, -34.6946
2042, 34.03333, 0.210494, -99.3406, 8.37136E-005, -34.7256
2043, 34.04167, 0.210477, -99.3771, 8.37259E-005, -34.7566
2043, 34.05000, 0.210461, -99.4136, 8.37382E-005, -34.7876
2044, 34.05833, 0.210446, -99.4501, 8.37506E-005, -34.8186
2044, 34.06667, 0.21043, -99.4867, 8.3763E-005, -34.8497
2045, 34.07500, 0.210414, -99.5233, 8.37754E-005, -34.8808
2045, 34.08333, 0.210399, -99.5599, 8.37879E-005, -34.9118
2046, 34.09167, 0.210383, -99.5965, 8.38004E-005, -34.943
2046, 34.10000, 0.210368, -99.6331, 8.3813E-005, -34.9741
2047, 34.10833, 0.210352, -99.6698, 8.38255E-005, -35.0052
2047, 34.11667, 0.210337, -99.7065, 8.38381E-005, -35.0364
2048, 34.12500, 0.210322, -99.7432, 8.38508E-005, -35.0676
2048, 34.13333, 0.210307, -99.7799, 8.38634E-005, -35.0988
2049, 34.14167, 0.210292, -99.8166, 8.38761E-005, -35.1301
2049, 34.15000, 0.210277, -99.8534, 8.38889E-005, -35.1613
2050, 34.15833, 0.210262, -99.8902, 8.39016E-005, -35.1926
2050, 34.16667, 0.210247, -99.927, 8.39144E-005, -35.224
2051, 34.17500, 0.210233, -99.9638, 8.39272E-005, -35.2553
2051, 34.18333, 0.210218, -100.001, 8.394E-005, -35.2867
2052, 34.19167, 0.210203, -100.038, 8.39529E-005, -35.3181
2052, 34.20000, 0.210189, -100.074, 8.39658E-005, -35.3495
2053, 34.20833, 0.210174, -100.111, 8.39786E-005, -35.381
2053, 34.21667, 0.21016, -100.148, 8.39916E-005, -35.4125
2054, 34.22500, 0.210146, -100.185, 8.40045E-005, -35.444
2054, 34.23333, 0.210131, -100.222, 8.40174E-005, -35.4756
2055, 34.24167, 0.210117, -100.259, 8.40304E-005, -35.5071
2055, 34.25000, 0.210103, -100.296, 8.40433E-005, -35.5388
2056, 34.25833, 0.210089, -100.334, 8.40563E-005, -35.5704
2056, 34.26667, 0.210074, -100.371, 8.40693E-005, -35.6021
2057, 34.27500, 0.21006, -100.408, 8.40823E-005, -35.6338
2057, 34.28333, 0.210046, -100.445, 8.40953E-005, -35.6656
2058, 34.29167, 0.210032, -100.482, 8.41083E-005, -35.6974
2058, 34.30000, 0.210018, -100.52, 8.41213E-005, -35.7292
2059, 34.30833, 0.210004, -100.557, 8.41343E-005, -35.7611
2059, 34.31667, 0.20999, -100.594, 8.41474E-005, -35.793
2060, 34.32500, 0.209976, -100.632, 8.41604E-005, -35.8249
2060, 34.33333, 0.209961, -100.669, 8.41734E-005, -35.8569
2061, 34.34167, 0.209947, -100.706, 8.41864E-005, -35.8889
2061, 34.35000, 0.209933, -100.744, 8.41994E-005, -35.921
2062, 34.35833, 0.209919, -100.781, 8.42124E-005, -35.9531
2062, 34.36667, 0.209905, -100.819, 8.42254E-005, -35.9852
2063, 34.37500, 0.209891, -100.857, 8.42384E-005, -36.0174
2063, 34.38333, 0.209877, -100.894, 8.42514E-005, -36.0496
2064, 34.39167, 0.209863, -100.932, 8.42644E-005, -36.0819
2064, 34.40000, 0.209848, -100.97, 8.42773E-005, -36.1142
2064, 34.40833, 0.209834, -101.007, 8.42902E-005, -36.1465
2065, 34.41667, 0.20982, -101.045, 8.43032E-005, -36.1789
2066, 34.42500, 0.209805, -101.083, 8.4316E-005, -36.2114
2066, 34.43333, 0.209791, -101.121, 8.43289E-005, -36.2438
2067, 34.44167, 0.209777, -101.159, 8.43418E-005, -36.2764
2067, 34.45000, 0.209762, -101.197, 8.43546E-005, -36.3089
2068, 34.45833, 0.209747, -101.235, 8.43674E-005, -36.3416
2068, 34.46667, 0.209733, -101.273, 8.43801E-005, -36.3742
2068, 34.47500, 0.209718, -101.311, 8.43929E-005, -36.4069
2069, 34.48333, 0.209703, -101.349, 8.44056E-005, -36.4397
2070, 34.49167, 0.209688, -101.387, 8.44182E-005, -36.4725
2070, 34.50000, 0.209673, -101.426, 8.44309E-005, -36.5054
2071, 34.50833, 0.209658, -101.464, 8.44434E-005, -36.5383
2071, 34.51667, 0.209643, -101.502, 8.4456E-005, -36.5712
2072, 34.52500, 0.209628, -101.541, 8.44685E-005, -36.6042
2072, 34.53333, 0.209613, -101.579, 8.44809E-005, -36.6373
2072, 34.54167, 0.209597, -101.618, 8.44934E-005, -36.6704
2073, 34.55000, 0.209581, -101.656, 8.45057E-005, -36.7035
2074, 34.55833, 0.209566, -101.695, 8.4518E-005, -36.7367
2074, 34.56667, 0.20955, -101.733, 8.45303E-005, -36.77
2075, 34.57500, 0.209534, -101.772, 8.45425E-005, -36.8033
2075, 34.58333, 0.209518, -101.811, 8.45546E-005, -36.8367
2076, 34.59167, 0.209501, -101.849, 8.45667E-005, -36.8701
2076, 34.60000, 0.209485, -101.888, 8.45787E-005, -36.9035
2076, 34.60833, 0.209468, -101.927, 8.45906E-005, -36.937
2077, 34.61667, 0.209452, -101.966, 8.46025E-005, -36.9706
2078, 34.62500, 0.209435, -102.005, 8.46143E-005, -37.0042
2078, 34.63333, 0.209417, -102.044, 8.4626E-005, -37.0379
2079, 34.64167, 0.2094, -102.083, 8.46377E-005, -37.0716
2079, 34.65000, 0.209383, -102.122, 8.46493E-005, -37.1054
2080, 34.65833, 0.209365, -102.161, 8.46608E-005, -37.1392
2080, 34.66667, 0.209347, -102.2, 8.46722E-005, -37.1731
2080, 34.67500, 0.209329, -102.24, 8.46835E-005, -37.2071
2081, 34.68333, 0.209311, -102.279, 8.46947E-005, -37.241
2082, 34.69167, 0.209292, -102.318, 8.47059E-005, -37.2751
2082, 34.70000, 0.209274, -102.358, 8.47169E-005, -37.3092
2083, 34.70833, 0.209255, -102.397, 8.47279E-005, -37.3433
2083, 34.71667, 0.209235, -102.437, 8.47388E-005, -37.3776
2084, 34.72500, 0.209216, -102.476, 8.47495E-005, -37.4118
2084, 34.73333, 0.209196, -102.516, 8.47602E-005, -37.4461
2084, 34.74167, 0.209176, -102.556, 8.47707E-005, -37.4805
2085, 34.75000, 0.209156, -102.595, 8.47812E-005, -37.5149
2086, 34.75833, 0.209136, -102.635, 8.47915E-005, -37.5494
2086, 34.76667, 0.209115, -102.675, 8.48017E-005, -37.5839
2087, 34.77500, 0.209094, -102.715, 8.48118E-005, -37.6185
2087, 34.78333, 0.209072, -102.755, 8.48218E-005, -37.6532
2088, 34.79167, 0.209051, -102.795, 8.48316E-005, -37.6879
2088, 34.80000, 0.209029, -102.835, 8.48413E-005, -37.7226
2088, 34.80833, 0.209007, -102.875, 8.48509E-005, -37.7574
2089, 34.81667, 0.208984, -102.915, 8.48604E-005, -37.7923
2090, 34.82500, 0.208961, -102.955, 8.48697E-005, -37.8272
2090, 34.83333, 0.208938, -102.996, 8.48789E-005, -37.8621
2091, 34.84167, 0.208914, -103.036, 8.48879E-005, -37.8971
2091, 34.85000, 0.20889, -103.076, 8.48968E-005, -37.9322
2092, 34.85833, 0.208866, -103.117, 8.49056E-005, -37.9673
2092, 34.86667, 0.208841, -103.157, 8.49142E-005, -38.0025
2092, 34.87500, 0.208816, -103.197, 8.49226E-005, -38.0377
2093, 34.88333, 0.208791, -103.238, 8.49309E-005, -38.073
2094, 34.89167, 0.208765, -103.279, 8.4939E-005, -38.1083
2094, 34.90000, 0.208739, -103.319, 8.4947E-005, -38.1437
2095, 34.90833, 0.208712, -103.36, 8.49548E-005, -38.1791
2095, 34.91667, 0.208685, -103.401, 8.49624E-005, -38.2145
2096, 34.92500, 0.208658, -103.441, 8.49698E-005, -38.2501
2096, 34.93333, 0.20863, -103.482, 8.49771E-005, -38.2856
2096, 34.94167, 0.208602, -103.523, 8.49842E-005, -38.3212
2097, 34.95000, 0.208573, -103.564, 8.49911E-005, -38.3569
2098, 34.95833, 0.208544, -103.605, 8.49978E-005, -38.3926
2098, 34.96667, 0.208514, -103.646, 8.50043E-005, -38.4283
2099, 34.97500, 0.208484, -103.687, 8.50107E-005, -38.4641
2099, 34.98333, 0.208454, -103.728, 8.50168E-005, -38.4999
2100, 34.99167, 0.208423, -103.769, 8.50228E-005, -38.5358
2100, 35.00000, 0.208391, -103.81, 8.50285E-005, -38.5717
2100, 35.00833, 0.208359, -103.851, 8.5034E-005, -38.6077
2101, 35.01667, 0.208327, -103.893, 8.50393E-005, -38.6437
2102, 35.02500, 0.208294, -103.934, 8.50444E-005, -38.6797
2102, 35.03333, 0.20826, -103.975, 8.50493E-005, -38.7158
2103, 35.04167, 0.208226, -104.017, 8.5054E-005, -38.7519
2103, 35.05000, 0.208192, -104.058, 8.50584E-005, -38.7881
2104, 35.05833, 0.208156, -104.099, 8.50626E-005, -38.8243
2104, 35.06667, 0.208121, -104.141, 8.50666E-005, -38.8605
2104, 35.07500, 0.208084, -104.182, 8.50703E-005, -38.8967
2105, 35.08333, 0.208048, -104.224, 8.50738E-005, -38.933
2106, 35.09167, 0.20801, -104.265, 8.50771E-005, -38.9694
2106, 35.10000, 0.207972, -104.307, 8.50801E-005, -39.0057
2107, 35.10833, 0.207933, -104.348, 8.50828E-005, -39.0421
2107, 35.11667, 0.207894, -104.39, 8.50853E-005, -39.0785
2108, 35.12500, 0.207854, -104.432, 8.50876E-005, -39.1149
2108, 35.13333, 0.207814, -104.473, 8.50896E-005, -39.1514
2108, 35.14167, 0.207773, -104.515, 8.50913E-005, -39.1878
2109, 35.15000, 0.207731, -104.557, 8.50927E-005, -39.2243
2110, 35.15833, 0.207689, -104.598, 8.50939E-005, -39.2609
2110, 35.16667, 0.207646, -104.64, 8.50948E-005, -39.2974
2111, 35.17500, 0.207602, -104.682, 8.50954E-005, -39.334
2111, 35.18333, 0.207558, -104.723, 8.50958E-005, -39.3705
2112, 35.19167, 0.207512, -104.765, 8.50958E-005, -39.4071
2112, 35.20000, 0.207467, -104.807, 8.50956E-005, -39.4437
2112, 35.20833, 0.20742, -104.849, 8.50951E-005, -39.4803
2113, 35.21667, 0.207373, -104.891, 8.50942E-005, -39.5169
2114, 35.22500, 0.207325, -104.932, 8.50931E-005, -39.5536
2114, 35.23333, 0.207277, -104.974, 8.50916E-005, -39.5902
2115, 35.24167, 0.207227, -105.016, 8.50899E-005, -39.6268
2115, 35.25000, 0.207177, -105.058, 8.50878E-005, -39.6634
2116, 35.25833, 0.207126, -105.099, 8.50854E-005, -39.7001
2116, 35.26667, 0.207075, -105.141, 8.50827E-005, -39.7367
2116, 35.27500, 0.207022, -105.183, 8.50797E-005, -39.7733
2117, 35.28333, 0.206969, -105.225, 8.50763E-005, -39.8099
2118, 35.29167, 0.206915, -105.267, 8.50726E-005, -39.8466
2118, 35.30000, 0.20686, -105.308, 8.50686E-005, -39.8831
2119, 35.30833, 0.206805, -105.35, 8.50642E-005, -39.9197
2119, 35.31667, 0.206748, -105.392, 8.50595E-005, -39.9563
2120, 35.32500, 0.206691, -105.433, 8.50545E-005, -39.9928
2120, 35.33333, 0.206633, -105.475, 8.5049E-005, -40.0294
2120, 35.34167, 0.206574, -105.517, 8.50433E-005, -40.0659
2121, 35.35000, 0.206515, -105.558, 8.50371E-005, -40.1023
2122, 35.35833, 0.206454, -105.6, 8.50307E-005, -40.1388
2122, 35.36667, 0.206393, -105.641, 8.50238E-005, -40.1752
2123, 35.37500, 0.20633, -105.683, 8.50166E-005, -40.2116
2123, 35.38333, 0.206267, -105.724, 8.5009E-005, -40.2479
2124, 35.39167, 0.206203, -105.766, 8.5001E-005, -40.2842
2124, 35.40000, 0.206138, -105.807, 8.49927E-005, -40.3205
2124, 35.40833, 0.206072, -105.848, 8.49839E-005, -40.3567
2125, 35.41667, 0.206006, -105.89, 8.49748E-005, -40.3928
2126, 35.42500, 0.205938, -105.931, 8.49653E-005, -40.4289
2126, 35.43333, 0.205869, -105.972, 8.49554E-005, -40.465
2127, 35.44167, 0.2058, -106.013, 8.49451E-005, -40.501
2127, 35.45000, 0.205729, -106.054, 8.49343E-005, -40.5369
2128, 35.45833, 0.205658, -106.095, 8.49232E-005, -40.5728
2128, 35.46667, 0.205585, -106.136, 8.49117E-005, -40.6086
2128, 35.47500, 0.205512, -106.177, 8.48998E-005, -40.6444
2129, 35.48333, 0.205438, -106.218, 8.48874E-005, -40.68
2130, 35.49167, 0.205362, -106.258, 8.48747E-005, -40.7156
2130, 35.50000, 0.205286, -106.299, 8.48615E-005, -40.7511
2131, 35.50833, 0.205209, -106.339, 8.48479E-005, -40.7865
2131, 35.51667, 0.20513, -106.38, 8.48338E-005, -40.8218
2132, 35.52500, 0.205051, -106.42, 8.48194E-005, -40.8571
2132, 35.53333, 0.204971, -106.46, 8.48045E-005, -40.8922
2133, 35.54167, 0.204889, -106.5, 8.47891E-005, -40.9272
2133, 35.55000, 0.204807, -106.54, 8.47734E-005, -40.9622
2134, 35.55833, 0.204724, -106.58, 8.47572E-005, -40.997
2134, 35.56667, 0.204639, -106.62, 8.47405E-005, -41.0317
2135, 35.57500, 0.204554, -106.66, 8.47234E-005, -41.0663
2135, 35.58333, 0.204467, -106.699, 8.47058E-005, -41.1008
2136, 35.59167, 0.204379, -106.739, 8.46878E-005, -41.1351
2136, 35.60000, 0.204291, -106.778, 8.46693E-005, -41.1694
2137, 35.60833, 0.204201, -106.817, 8.46504E-005, -41.2034
2137, 35.61667, 0.20411, -106.856, 8.4631E-005, -41.2374
2138, 35.62500, 0.204018, -106.895, 8.46112E-005, -41.2712
2138, 35.63333, 0.203925, -106.934, 8.45909E-005, -41.3049
2139, 35.64167, 0.203831, -106.972, 8.45701E-005, -41.3384
2139, 35.65000, 0.203736, -107.011, 8.45488E-005, -41.3717
2140, 35.65833, 0.20364, -107.049, 8.45271E-005, -41.4049
2140, 35.66667, 0.203542, -107.087, 8.45049E-005, -41.438
2141, 35.67500, 0.203444, -107.125, 8.44822E-005, -41.4708
2141, 35.68333, 0.203344, -107.163, 8.4459E-005, -41.5035
2142, 35.69167, 0.203244, -107.2, 8.44354E-005, -41.536
2142, 35.70000, 0.203142, -107.238, 8.44113E-005, -41.5684
2143, 35.70833, 0.203039, -107.275, 8.43867E-005, -41.6005
2143, 35.71667, 0.202935, -107.312, 8.43616E-005, -41.6324
2144, 35.72500, 0.202829, -107.348, 8.4336E-005, -41.6642
2144, 35.73333, 0.202723, -107.385, 8.43099E-005, -41.6957
2145, 35.74167, 0.202616, -107.421, 8.42833E-005, -41.727
2145, 35.75000, 0.202507, -107.457, 8.42563E-005, -41.7581
2146, 35.75833, 0.202397, -107.493, 8.42288E-005, -41.789
2146, 35.76667, 0.202286, -107.529, 8.42007E-005, -41.8197
2147, 35.77500, 0.202174, -107.564, 8.41722E-005, -41.8501
2147, 35.78333, 0.202061, -107.6, 8.41431E-005, -41.8803
2148, 35.79167, 0.201947, -107.635, 8.41136E-005, -41.9102
2148, 35.80000, 0.201831, -107.669, 8.40836E-005, -41.9399
2149, 35.80833, 0.201715, -107.704, 8.40531E-005, -41.9694
2149, 35.81667, 0.201597, -107.738, 8.4022E-005, -41.9986
2150, 35.82500, 0.201478, -107.772, 8.39905E-005, -42.0275
2150, 35.83333, 0.201358, -107.805, 8.39585E-005, -42.0561
2151, 35.84167, 0.201237, -107.839, 8.3926E-005, -42.0845
2151, 35.85000, 0.201114, -107.872, 8.38929E-005, -42.1126
2152, 35.85833, 0.200991, -107.905, 8.38594E-005, -42.1404
2152, 35.86667, 0.200866, -107.937, 8.38254E-005, -42.1678
2153, 35.87500, 0.20074, -107.969, 8.37909E-005, -42.195
2153, 35.88333, 0.200613, -108.001, 8.37558E-005, -42.2219
2154, 35.89167, 0.200485, -108.033, 8.37203E-005, -42.2485
2154, 35.90000, 0.200356, -108.064, 8.36843E-005, -42.2747
2155, 35.90833, 0.200225, -108.095, 8.36478E-005, -42.3006
2155, 35.91667, 0.200094, -108.125, 8.36107E-005, -42.3262
2156, 35.92500, 0.199961, -108.156, 8.35732E-005, -42.3514
2156, 35.93333, 0.199827, -108.185, 8.35352E-005, -42.3763
2157, 35.94167, 0.199693, -108.215, 8.34967E-005, -42.4009
2157, 35.95000, 0.199557, -108.244, 8.34577E-005, -42.425
2158, 35.95833, 0.199419, -108.273, 8.34182E-005, -42.4488
2158, 35.96667, 0.199281, -108.301, 8.33782E-005, -42.4723
2159, 35.97500, 0.199142, -108.329, 8.33378E-005, -42.4953
2159, 35.98333, 0.199001, -108.357, 8.32968E-005, -42.518
2160, 35.99167, 0.19886, -108.384, 8.32554E-005, -42.5402
2160, 36.00000, 0.198717, -108.411, 8.32135E-005, -42.5621
2161, 36.00833, 0.198573, -108.437, 8.31711E-005, -42.5835
2161, 36.01667, 0.198428, -108.463, 8.31282E-005, -42.6046
2162, 36.02500, 0.198282, -108.489, 8.30848E-005, -42.6252
2162, 36.03333, 0.198135, -108.514, 8.3041E-005, -42.6454
2163, 36.04167, 0.197987, -108.538, 8.29967E-005, -42.6651
2163, 36.05000, 0.197838, -108.563, 8.2952E-005, -42.6844
2164, 36.05833, 0.197688, -108.586, 8.29067E-005, -42.7032
2164, 36.06667, 0.197537, -108.61, 8.28611E-005, -42.7216
2165, 36.07500, 0.197385, -108.633, 8.28149E-005, -42.7395
2165, 36.08333, 0.197232, -108.655, 8.27683E-005, -42.757
2166, 36.09167, 0.197077, -108.677, 8.27213E-005, -42.7739
2166, 36.10000, 0.196922, -108.698, 8.26738E-005, -42.7904
2167, 36.10833, 0.196766, -108.719, 8.26259E-005, -42.8064
2167, 36.11667, 0.196609, -108.74, 8.25775E-005, -42.8218
2168, 36.12500, 0.196451, -108.759, 8.25287E-005, -42.8368
2168, 36.13333, 0.196292, -108.779, 8.24795E-005, -42.8512
2169, 36.14167, 0.196132, -108.798, 8.24298E-005, -42.8651
2169, 36.15000, 0.195971, -108.816, 8.23798E-005, -42.8785
2170, 36.15833, 0.195809, -108.834, 8.23293E-005, -42.8913
2170, 36.16667, 0.195646, -108.851, 8.22784E-005, -42.9036
2171, 36.17500, 0.195482, -108.867, 8.22271E-005, -42.9154
2171, 36.18333, 0.195318, -108.883, 8.21755E-005, -42.9265
2172, 36.19167, 0.195153, -108.899, 8.21234E-005, -42.9371
2172, 36.20000, 0.194986, -108.914, 8.20709E-005, -42.9471
2173, 36.20833, 0.194819, -108.928, 8.20181E-005, -42.9565
2173, 36.21667, 0.194651, -108.942, 8.19649E-005, -42.9653
2174, 36.22500, 0.194483, -108.955, 8.19113E-005, -42.9736
2174, 36.23333, 0.194313, -108.967, 8.18574E-005, -42.9812
2175, 36.24167, 0.194143, -108.979, 8.18031E-005, -42.9882
2175, 36.25000, 0.193972, -108.991, 8.17484E-005, -42.9945
2176, 36.25833, 0.1938, -109.001, 8.16935E-005, -43.0003
2176, 36.26667, 0.193628, -109.011, 8.16381E-005, -43.0053
2177, 36.27500, 0.193455, -109.02, 8.15825E-005, -43.0098
2177, 36.28333, 0.193281, -109.029, 8.15266E-005, -43.0135
2178, 36.29167, 0.193106, -109.037, 8.14703E-005, -43.0167
2178, 36.30000, 0.192931, -109.044, 8.14138E-005, -43.0191
2179, 36.30833, 0.192756, -109.051, 8.13569E-005, -43.0209
2179, 36.31667, 0.192579, -109.057, 8.12998E-005, -43.0219
2180, 36.32500, 0.192402, -109.062, 8.12424E-005, -43.0223
2180, 36.33333, 0.192225, -109.067, 8.11847E-005, -43.022
2181, 36.34167, 0.192047, -109.07, 8.11267E-005, -43.0209
2181, 36.35000, 0.191868, -109.074, 8.10685E-005, -43.0191
2182, 36.35833, 0.191689, -109.076, 8.10101E-005, -43.0167
2182, 36.36667, 0.19151, -109.077, 8.09515E-005, -43.0134
2183, 36.37500, 0.19133, -109.078, 8.08926E-005, -43.0095
2183, 36.38333, 0.19115, -109.078, 8.08335E-005, -43.0048
2184, 36.39167, 0.190969, -109.078, 8.07742E-005, -42.9993
2184, 36.40000, 0.190788, -109.076, 8.07147E-005, -42.993
2185, 36.40833, 0.190606, -109.074, 8.0655E-005, -42.986
2185, 36.41667, 0.190424, -109.071, 8.05952E-005, -42.9782
2186, 36.42500, 0.190242, -109.068, 8.05352E-005, -42.9697
2186, 36.43333, 0.19006, -109.063, 8.04751E-005, -42.9603
2187, 36.44167, 0.189877, -109.058, 8.04148E-005, -42.9501
2187, 36.45000, 0.189694, -109.052, 8.03544E-005, -42.9391
2188, 36.45833, 0.189511, -109.045, 8.02938E-005, -42.9273
2188, 36.46667, 0.189328, -109.037, 8.02332E-005, -42.9147
2189, 36.47500, 0.189144, -109.028, 8.01725E-005, -42.9013
2189, 36.48333, 0.188961, -109.019, 8.01117E-005, -42.887
2189, 36.49167, 0.188777, -109.008, 8.00508E-005, -42.8718
2190, 36.50000, 0.188594, -108.997, 7.99899E-005, -42.8559
2191, 36.50833, 0.18841, -108.985, 7.99289E-005, -42.839
2191, 36.51667, 0.188226, -108.972, 7.98679E-005, -42.8213
2192, 36.52500, 0.188043, -108.958, 7.98069E-005, -42.8027
2192, 36.53333, 0.187859, -108.944, 7.97458E-005, -42.7833
2193, 36.54167, 0.187676, -108.928, 7.96848E-005, -42.763
2193, 36.55000, 0.187492, -108.912, 7.96238E-005, -42.7417
2193, 36.55833, 0.187309, -108.895, 7.95628E-005, -42.7196
2194, 36.56667, 0.187126, -108.876, 7.95019E-005, -42.6966
2195, 36.57500, 0.186943, -108.857, 7.9441E-005, -42.6726
2195, 36.58333, 0.186761, -108.837, 7.93802E-005, -42.6478
2196, 36.59167, 0.186578, -108.816, 7.93195E-005, -42.622
2196, 36.60000, 0.186396, -108.794, 7.92589E-005, -42.5953
2197, 36.60833, 0.186215, -108.771, 7.91984E-005, -42.5677
2197, 36.61667, 0.186034, -108.748, 7.91381E-005, -42.5391
2197, 36.62500, 0.185853, -108.723, 7.90779E-005, -42.5096
2198, 36.63333, 0.185672, -108.697, 7.90178E-005, -42.4791
2199, 36.64167, 0.185492, -108.67, 7.89579E-005, -42.4477
2199, 36.65000, 0.185313, -108.643, 7.88983E-005, -42.4153
2200, 36.65833, 0.185134, -108.614, 7.88388E-005, -42.3819
2200, 36.66667, 0.184956, -108.585, 7.87795E-005, -42.3476
2201, 36.67500, 0.184779, -108.554, 7.87205E-005, -42.3123
2201, 36.68333, 0.184602, -108.523, 7.86617E-005, -42.276
2201, 36.69167, 0.184425, -108.49, 7.86032E-005, -42.2388
2202, 36.70000, 0.18425, -108.457, 7.8545E-005, -42.2005
2203, 36.70833, 0.184075, -108.422, 7.84871E-005, -42.1613
2203, 36.71667, 0.183901, -108.387, 7.84295E-005, -42.121
2204, 36.72500, 0.183728, -108.35, 7.83722E-005, -42.0798
2204, 36.73333, 0.183556, -108.313, 7.83153E-005, -42.0375
2205, 36.74167, 0.183385, -108.274, 7.82588E-005, -41.9942
2205, 36.75000, 0.183215, -108.235, 7.82026E-005, -41.9499
2205, 36.75833, 0.183046, -108.194, 7.81468E-005, -41.9046
2206, 36.76667, 0.182877, -108.152, 7.80915E-005, -41.8583
2207, 36.77500, 0.18271, -108.11, 7.80366E-005, -41.811
2207, 36.78333, 0.182544, -108.066, 7.79821E-005, -41.7626
2208, 36.79167, 0.182379, -108.022, 7.79281E-005, -41.7132
2208, 36.80000, 0.182216, -107.976, 7.78746E-005, -41.6627
2209, 36.80833, 0.182054, -107.929, 7.78216E-005, -41.6112
2209, 36.81667, 0.181892, -107.881, 7.77691E-005, -41.5587
2209, 36.82500, 0.181733, -107.832, 7.77172E-005, -41.5052
2210, 36.83333, 0.181574, -107.783, 7.76658E-005, -41.4506
2211, 36.84167, 0.181417, -107.732, 7.7615E-005, -41.3949
2211, 36.85000, 0.181262, -107.68, 7.75648E-005, -41.3382
2212, 36.85833, 0.181108, -107.627, 7.75152E-005, -41.2805
2212, 36.86667, 0.180955, -107.573, 7.74662E-005, -41.2217
2213, 36.87500, 0.180804, -107.517, 7.74179E-005, -41.1618
2213, 36.88333, 0.180655, -107.461, 7.73702E-005, -41.101
2213, 36.89167, 0.180508, -107.404, 7.73232E-005, -41.039
2214, 36.90000, 0.180362, -107.346, 7.7277E-005, -40.976
2215, 36.90833, 0.180218, -107.286, 7.72314E-005, -40.912
2215, 36.91667, 0.180075, -107.226, 7.71866E-005, -40.8468
2216, 36.92500, 0.179935, -107.165, 7.71426E-005, -40.7807
2216, 36.93333, 0.179796, -107.102, 7.70993E-005, -40.7135
2217, 36.94167, 0.179659, -107.038, 7.70569E-005, -40.6452
2217, 36.95000, 0.179525, -106.974, 7.70153E-005, -40.5759
2217, 36.95833, 0.179392, -106.908, 7.69745E-005, -40.5055
2218, 36.96667, 0.179261, -106.841, 7.69345E-005, -40.4341
2219, 36.97500, 0.179133, -106.774, 7.68955E-005, -40.3616
2219, 36.98333, 0.179006, -106.705, 7.68573E-005, -40.2881
2220, 36.99167, 0.178882, -106.635, 7.68201E-005, -40.2136
2220, 37.00000, 0.17876, -106.564, 7.67838E-005, -40.138
2221, 37.00833, 0.17864, -106.492, 7.67485E-005, -40.0613
2221, 37.01667, 0.178523, -106.419, 7.67141E-005, -39.9836
2221, 37.02500, 0.178408, -106.345, 7.66808E-005, -39.9049
2222, 37.03333, 0.178295, -106.27, 7.66484E-005, -39.8252
2223, 37.04167, 0.178185, -106.194, 7.66171E-005, -39.7444
2223, 37.05000, 0.178077, -106.117, 7.65869E-005, -39.6626
2224, 37.05833, 0.177972, -106.039, 7.65577E-005, -39.5798
2224, 37.06667, 0.17787, -105.959, 7.65297E-005, -39.4959
2225, 37.07500, 0.17777, -105.879, 7.65027E-005, -39.4111
2225, 37.08333, 0.177673, -105.798, 7.64769E-005, -39.3252
2225, 37.09167, 0.177578, -105.716, 7.64523E-005, -39.2383
2226, 37.10000, 0.177487, -105.633, 7.64288E-005, -39.1504
2227, 37.10833, 0.177398, -105.548, 7.64066E-005, -39.0616
2227, 37.11667, 0.177312, -105.463, 7.63855E-005, -38.9717
2228, 37.12500, 0.177229, -105.377, 7.63657E-005, -38.8809
2228, 37.13333, 0.177149, -105.29, 7.63472E-005, -38.7891
2229, 37.14167, 0.177072, -105.202, 7.633E-005, -38.6963
2229, 37.15000, 0.176998, -105.113, 7.6314E-005, -38.6025
2229, 37.15833, 0.176927, -105.022, 7.62994E-005, -38.5078
2230, 37.16667, 0.176859, -104.931, 7.62862E-005, -38.4121
2231, 37.17500, 0.176795, -104.839, 7.62743E-005, -38.3155
2231, 37.18333, 0.176734, -104.747, 7.62638E-005, -38.218
2232, 37.19167, 0.176676, -104.653, 7.62546E-005, -38.1195
2232, 37.20000, 0.176621, -104.558, 7.6247E-005, -38.0201
2233, 37.20833, 0.17657, -104.462, 7.62408E-005, -37.9198
2233, 37.21667, 0.176522, -104.366, 7.6236E-005, -37.8186
2233, 37.22500, 0.176477, -104.268, 7.62328E-005, -37.7165
2234, 37.23333, 0.176437, -104.17, 7.6231E-005, -37.6136
2235, 37.24167, 0.176399, -104.071, 7.62308E-005, -37.5097
2235, 37.25000, 0.176366, -103.971, 7.62322E-005, -37.405
2236, 37.25833, 0.176336, -103.87, 7.62351E-005, -37.2994
2236, 37.26667, 0.176309, -103.768, 7.62396E-005, -37.193
2237, 37.27500, 0.176287, -103.665, 7.62458E-005, -37.0857
2237, 37.28333, 0.176268, -103.562, 7.62536E-005, -36.9777
2237, 37.29167, 0.176253, -103.457, 7.6263E-005, -36.8688
2238, 37.30000, 0.176242, -103.352, 7.62741E-005, -36.7591
2239, 37.30833, 0.176235, -103.246, 7.6287E-005, -36.6486
2239, 37.31667, 0.176232, -103.14, 7.63015E-005, -36.5373
2240, 37.32500, 0.176233, -103.032, 7.63178E-005, -36.4253
2240, 37.33333, 0.176238, -102.924, 7.63359E-005, -36.3125
2241, 37.34167, 0.176247, -102.815, 7.63557E-005, -36.199
2241, 37.35000, 0.17626, -102.706, 7.63774E-005, -36.0848
2241, 37.35833, 0.176278, -102.595, 7.64008E-005, -35.9698
2242, 37.36667, 0.176299, -102.484, 7.64261E-005, -35.8541
2243, 37.37500, 0.176325, -102.372, 7.64533E-005, -35.7378
2243, 37.38333, 0.176356, -102.26, 7.64824E-005, -35.6208
2244, 37.39167, 0.17639, -102.147, 7.65134E-005, -35.5031
2244, 37.40000, 0.17643, -102.033, 7.65463E-005, -35.3848
2245, 37.40833, 0.176473, -101.919, 7.65811E-005, -35.2658
2245, 37.41667, 0.176521, -101.804, 7.6618E-005, -35.1462
2245, 37.42500, 0.176574, -101.688, 7.66568E-005, -35.0261
2246, 37.43333, 0.176631, -101.572, 7.66976E-005, -34.9053
2247, 37.44167, 0.176693, -101.455, 7.67405E-005, -34.784
2247, 37.45000, 0.17676, -101.338, 7.67854E-005, -34.6621
2248, 37.45833, 0.176831, -101.22, 7.68323E-005, -34.5397
2248, 37.46667, 0.176908, -101.102, 7.68814E-005, -34.4168
2249, 37.47500, 0.176989, -100.983, 7.69326E-005, -34.2934
2249, 37.48333, 0.177074, -100.864, 7.69859E-005, -34.1695
2249, 37.49167, 0.177165, -100.744, 7.70413E-005, -34.0451
2250, 37.50000, 0.177261, -100.623, 7.7099E-005, -33.9203
2251, 37.50833, 0.177362, -100.503, 7.71588E-005, -33.795
2251, 37.51667, 0.177467, -100.382, 7.72208E-005, -33.6693
2252, 37.52500, 0.177578, -100.26, 7.7285E-005, -33.5432
2252, 37.53333, 0.177694, -100.138, 7.73515E-005, -33.4168
2253, 37.54167, 0.177815, -100.016, 7.74203E-005, -33.2899
2253, 37.55000, 0.177941, -99.8933, 7.74913E-005, -33.1628
2253, 37.55833, 0.178073, -99.7704, 7.75647E-005, -33.0353
2254, 37.56667, 0.17821, -99.6471, 7.76404E-005, -32.9075
2255, 37.57500, 0.178352, -99.5236, 7.77184E-005, -32.7794
2255, 37.58333, 0.178499, -99.3998, 7.77988E-005, -32.6511
2256, 37.59167, 0.178652, -99.2757, 7.78815E-005, -32.5225
2256, 37.60000, 0.17881, -99.1514, 7.79667E-005, -32.3937
2257, 37.60833, 0.178974, -99.0269, 7.80542E-005, -32.2646
2257, 37.61667, 0.179144, -98.9022, 7.81443E-005, -32.1354
2258, 37.62500, 0.179318, -98.7774, 7.82367E-005, -32.006
2258, 37.63333, 0.179499, -98.6524, 7.83317E-005, -31.8765
2259, 37.64167, 0.179685, -98.5272, 7.84291E-005, -31.7468
2259, 37.65000, 0.179877, -98.402, 7.8529E-005, -31.6171
2260, 37.65833, 0.180074, -98.2767, 7.86315E-005, -31.4872
2260, 37.66667, 0.180277, -98.1513, 7.87365E-005, -31.3573
2261, 37.67500, 0.180486, -98.0258, 7.88441E-005, -31.2274
2261, 37.68333, 0.180701, -97.9004, 7.89542E-005, -31.0974
2262, 37.69167, 0.180922, -97.7749, 7.9067E-005, -30.9674
2262, 37.70000, 0.181148, -97.6495, 7.91823E-005, -30.8374
2263, 37.70833, 0.181381, -97.524, 7.93003E-005, -30.7075
2263, 37.71667, 0.181619, -97.3987, 7.9421E-005, -30.5777
2264, 37.72500, 0.181863, -97.2734, 7.95443E-005, -30.4479
2264, 37.73333, 0.182114, -97.1483, 7.96703E-005, -30.3182
2265, 37.74167, 0.18237, -97.0232, 7.9799E-005, -30.1887
2265, 37.75000, 0.182633, -96.8983, 7.99304E-005, -30.0593
2266, 37.75833, 0.182902, -96.7736, 8.00645E-005, -29.9301
2266, 37.76667, 0.183177, -96.6491, 8.02014E-005, -29.8011
2267, 37.77500, 0.183458, -96.5248, 8.03411E-005, -29.6723
2267, 37.78333, 0.183745, -96.4007, 8.04835E-005, -29.5437
2268, 37.79167, 0.184039, -96.2769, 8.06287E-005, -29.4154
2268, 37.80000, 0.184338, -96.1533, 8.07768E-005, -29.2874
2269, 37.80833, 0.184645, -96.0301, 8.09276E-005, -29.1596
2269, 37.81667, 0.184957, -95.9072, 8.10814E-005, -29.0322
2270, 37.82500, 0.185276, -95.7846, 8.12379E-005, -28.9052
2270, 37.83333, 0.185602, -95.6624, 8.13974E-005, -28.7785
2271, 37.84167, 0.185933, -95.5406, 8.15597E-005, -28.6522
2271, 37.85000, 0.186272, -95.4192, 8.17249E-005, -28.5264
2272, 37.85833, 0.186616, -95.2982, 8.18931E-005, -28.4009
2272, 37.86667, 0.186968, -95.1777, 8.20642E-005, -28.276
2273, 37.87500, 0.187326, -95.0577, 8.22382E-005, -28.1515
2273, 37.88333, 0.18769, -94.9382, 8.24152E-005, -28.0275
2274, 37.89167, 0.188061, -94.8192, 8.25952E-005, -27.904
2274, 37.90000, 0.188439, -94.7008, 8.27781E-005, -27.7811
2275, 37.90833, 0.188824, -94.5829, 8.29641E-005, -27.6588
2275, 37.91667, 0.189215, -94.4656, 8.31531E-005, -27.5371
2276, 37.92500, 0.189613, -94.349, 8.33451E-005, -27.416
2276, 37.93333, 0.190017, -94.2329, 8.35401E-005, -27.2955
2277, 37.94167, 0.190429, -94.1176, 8.37383E-005, -27.1756
2277, 37.95000, 0.190847, -94.0029, 8.39394E-005, -27.0565
2278, 37.95833, 0.191272, -93.8889, 8.41437E-005, -26.9381
2278, 37.96667, 0.191704, -93.7756, 8.4351E-005, -26.8204
2279, 37.97500, 0.192143, -93.6631, 8.45615E-005, -26.7034
2279, 37.98333, 0.192588, -93.5514, 8.47751E-005, -26.5872
2280, 37.99167, 0.193041, -93.4404, 8.49918E-005, -26.4718
2280, 38.00000, 0.193501, -93.3303, 8.52116E-005, -26.3572
2281, 38.00833, 0.193967, -93.221, 8.54346E-005, -26.2435
2281, 38.01667, 0.194441, -93.1125, 8.56608E-005, -26.1306
2282, 38.02500, 0.194921, -93.0049, 8.58902E-005, -26.0186
2282, 38.03333, 0.195409, -92.8982, 8.61227E-005, -25.9074
2283, 38.04167, 0.195904, -92.7924, 8.63584E-005, -25.7972
2283, 38.05000, 0.196405, -92.6876, 8.65974E-005, -25.688
2284, 38.05833, 0.196914, -92.5837, 8.68395E-005, -25.5797
2284, 38.06667, 0.19743, -92.4808, 8.70849E-005, -25.4724
2285, 38.07500, 0.197953, -92.3789, 8.73335E-005, -25.366
2285, 38.08333, 0.198483, -92.2781, 8.75854E-005, -25.2608
2286, 38.09167, 0.199021, -92.1782, 8.78406E-005, -25.1565
2286, 38.10000, 0.199565, -92.0795, 8.8099E-005, -25.0533
2287, 38.10833, 0.200117, -91.9818, 8.83606E-005, -24.9512
2287, 38.11667, 0.200676, -91.8852, 8.86256E-005, -24.8502
2288, 38.12500, 0.201242, -91.7897, 8.88939E-005, -24.7504
2288, 38.13333, 0.201816, -91.6954, 8.91655E-005, -24.6516
2289, 38.14167, 0.202396, -91.6023, 8.94404E-005, -24.5541
2289, 38.15000, 0.202984, -91.5103, 8.97186E-005, -24.4577
2290, 38.15833, 0.203579, -91.4195, 9.00001E-005, -24.3625
2290, 38.16667, 0.204182, -91.33, 9.0285E-005, -24.2686
2291, 38.17500, 0.204792, -91.2417, 9.05732E-005, -24.1759
2291, 38.18333, 0.205409, -91.1546, 9.08647E-005, -24.0844
2292, 38.19167, 0.206034, -91.0688, 9.11597E-005, -23.9942
2292, 38.20000, 0.206666, -90.9843, 9.14579E-005, -23.9053
2293, 38.20833, 0.207305, -90.9011, 9.17596E-005, -23.8178
2293, 38.21667, 0.207951, -90.8193, 9.20646E-005, -23.7315
2294, 38.22500, 0.208605, -90.7388, 9.2373E-005, -23.6467
2294, 38.23333, 0.209267, -90.6597, 9.26848E-005, -23.5632
2295, 38.24167, 0.209935, -90.5819, 9.3E-005, -23.481
2295, 38.25000, 0.210611, -90.5056, 9.33186E-005, -23.4003
2296, 38.25833, 0.211295, -90.4307, 9.36406E-005, -23.321
2296, 38.26667, 0.211986, -90.3572, 9.3966E-005, -23.2432
2297, 38.27500, 0.212684, -90.2852, 9.42948E-005, -23.1667
2297, 38.28333, 0.21339, -90.2146, 9.4627E-005, -23.0918
2298, 38.29167, 0.214103, -90.1455, 9.49627E-005, -23.0184
2298, 38.30000, 0.214824, -90.078, 9.53017E-005, -22.9464
2299, 38.30833, 0.215552, -90.0119, 9.56442E-005, -22.876
2299, 38.31667, 0.216287, -89.9474, 9.59902E-005, -22.8072
2300, 38.32500, 0.21703, -89.8845, 9.63395E-005, -22.7398
2300, 38.33333, 0.21778, -89.8231, 9.66922E-005, -22.6741
2301, 38.34167, 0.218538, -89.7633, 9.70485E-005, -22.6099
2301, 38.35000, 0.219303, -89.7051, 9.74081E-005, -22.5474
2302, 38.35833, 0.220075, -89.6485, 9.77711E-005, -22.4864
2302, 38.36667, 0.220855, -89.5935, 9.81377E-005, -22.4271
2303, 38.37500, 0.221643, -89.5402, 9.85076E-005, -22.3694
2303, 38.38333, 0.222437, -89.4885, 9.8881E-005, -22.3134
2304, 38.39167, 0.22324, -89.4385, 9.92578E-005, -22.2591
2304, 38.40000, 0.224049, -89.3902, 9.9638E-005, -22.2064
2305, 38.40833, 0.224866, -89.3436, 0.000100022, -22.1555
2305, 38.41667, 0.22569, -89.2988, 0.000100409, -22.1063
2306, 38.42500, 0.226522, -89.2556, 0.000100799, -22.0588
2306, 38.43333, 0.227361, -89.2142, 0.000101193, -22.013
2307, 38.44167, 0.228207, -89.1746, 0.000101591, -21.969
2307, 38.45000, 0.229061, -89.1367, 0.000101991, -21.9268
2308, 38.45833, 0.229922, -89.1006, 0.000102396, -21.8864
2308, 38.46667, 0.23079, -89.0663, 0.000102803, -21.8478
2309, 38.47500, 0.231666, -89.0338, 0.000103214, -21.8109
2309, 38.48333, 0.232548, -89.0031, 0.000103629, -21.7759
2310, 38.49167, 0.233439, -88.9742, 0.000104046, -21.7428
2310, 38.50000, 0.234336, -88.9472, 0.000104468, -21.7114
2311, 38.50833, 0.23524, -88.9221, 0.000104892, -21.682
2311, 38.51667, 0.236152, -88.8988, 0.00010532, -21.6544
2312, 38.52500, 0.237071, -88.8774, 0.000105751, -21.6287
2312, 38.53333, 0.237997, -88.8579, 0.000106186, -21.6048
2313, 38.54167, 0.23893, -88.8403, 0.000106624, -21.5829
2313, 38.55000, 0.23987, -88.8246, 0.000107065, -21.5629
2314, 38.55833, 0.240817, -88.8108, 0.00010751, -21.5448
2314, 38.56667, 0.241772, -88.799, 0.000107958, -21.5287
2314, 38.57500, 0.242733, -88.7891, 0.000108409, -21.5145
2315, 38.58333, 0.243701, -88.7812, 0.000108864, -21.5022
2316, 38.59167, 0.244677, -88.7752, 0.000109322, -21.492
2316, 38.60000, 0.245659, -88.7712, 0.000109783, -21.4837
2317, 38.60833, 0.246648, -88.7692, 0.000110247, -21.4773
2317, 38.61667, 0.247643, -88.7691, 0.000110715, -21.473
2318, 38.62500, 0.248646, -88.7711, 0.000111185, -21.4707
2318, 38.63333, 0.249655, -88.7751, 0.000111659, -21.4704
2318, 38.64167, 0.250672, -88.7811, 0.000112137, -21.4721
2319, 38.65000, 0.251694, -88.7891, 0.000112617, -21.4758
2320, 38.65833, 0.252724, -88.7991, 0.0001131, -21.4816
2320, 38.66667, 0.25376, -88.8112, 0.000113587, -21.4894
2321, 38.67500, 0.254802, -88.8254, 0.000114077, -21.4993
2321, 38.68333, 0.255851, -88.8416, 0.00011457, -21.5112
2322, 38.69167, 0.256906, -88.8599, 0.000115066, -21.5252
2322, 38.70000, 0.257968, -88.8802, 0.000115565, -21.5412
2322, 38.70833, 0.259036, -88.9026, 0.000116067, -21.5594
2323, 38.71667, 0.26011, -88.9272, 0.000116572, -21.5796
2324, 38.72500, 0.261191, -88.9538, 0.000117079, -21.602
2324, 38.73333, 0.262277, -88.9825, 0.00011759, -21.6264
2325, 38.74167, 0.26337, -89.0133, 0.000118104, -21.6529
2325, 38.75000, 0.264469, -89.0462, 0.000118621, -21.6816
2326, 38.75833, 0.265574, -89.0812, 0.000119141, -21.7124
2326, 38.76667, 0.266684, -89.1184, 0.000119663, -21.7453
2326, 38.77500, 0.267801, -89.1577, 0.000120188, -21.7803
2327, 38.78333, 0.268923, -89.1991, 0.000120716, -21.8174
2328, 38.79167, 0.270051, -89.2427, 0.000121247, -21.8567
2328, 38.80000, 0.271184, -89.2884, 0.00012178, -21.8982
2329, 38.80833, 0.272323, -89.3362, 0.000122317, -21.9418
2329, 38.81667, 0.273467, -89.3862, 0.000122855, -21.9875
2330, 38.82500, 0.274617, -89.4383, 0.000123397, -22.0354
2330, 38.83333, 0.275772, -89.4926, 0.000123941, -22.0855
2330, 38.84167, 0.276932, -89.5491, 0.000124487, -22.1377
2331, 38.85000, 0.278097, -89.6077, 0.000125036, -22.1921
2332, 38.85833, 0.279267, -89.6685, 0.000125588, -22.2486
2332, 38.86667, 0.280442, -89.7315, 0.000126142, -22.3073
2333, 38.87500, 0.281622, -89.7966, 0.000126698, -22.3682
2333, 38.88333, 0.282807, -89.8639, 0.000127257, -22.4313
2334, 38.89167, 0.283996, -89.9334, 0.000127818, -22.4965
2334, 38.90000, 0.28519, -90.0051, 0.000128381, -22.564
2334, 38.90833, 0.286388, -90.0789, 0.000128946, -22.6336
2335, 38.91667, 0.28759, -90.1549, 0.000129514, -22.7054
2336, 38.92500, 0.288797, -90.2331, 0.000130083, -22.7793
2336, 38.93333, 0.290007, -90.3135, 0.000130655, -22.8555
2337, 38.94167, 0.291222, -90.3961, 0.000131229, -22.9338
2337, 38.95000, 0.29244, -90.4808, 0.000131804, -23.0143
2338, 38.95833, 0.293663, -90.5677, 0.000132382, -23.097
2338, 38.96667, 0.294888, -90.6568, 0.000132961, -23.1819
2338, 38.97500, 0.296118, -90.7481, 0.000133542, -23.269
2339, 38.98333, 0.29735, -90.8415, 0.000134125, -23.3582
2340, 38.99167, 0.298586, -90.9372, 0.00013471, -23.4496
2340, 39.00000, 0.299825, -91.035, 0.000135296, -23.5432
2341, 39.00833, 0.301066, -91.1349, 0.000135883, -23.639
2341, 39.01667, 0.302311, -91.2371, 0.000136473, -23.7369
2342, 39.02500, 0.303558, -91.3414, 0.000137063, -23.837
2342, 39.03333, 0.304808, -91.4479, 0.000137655, -23.9393
2342, 39.04167, 0.30606, -91.5565, 0.000138249, -24.0437
2343, 39.05000, 0.307315, -91.6673, 0.000138843, -24.1503
2344, 39.05833, 0.308571, -91.7802, 0.000139439, -24.259
2344, 39.06667, 0.309829, -91.8953, 0.000140036, -24.3699
2345, 39.07500, 0.31109, -92.0125, 0.000140634, -24.483
2345, 39.08333, 0.312351, -92.1319, 0.000141232, -24.5981
2346, 39.09167, 0.313615, -92.2534, 0.000141832, -24.7154
2346, 39.10000, 0.314879, -92.377, 0.000142433, -24.8349
2346, 39.10833, 0.316145, -92.5028, 0.000143034, -24.9564
2347, 39.11667, 0.317411, -92.6306, 0.000143636, -25.0801
2348, 39.12500, 0.318679, -92.7606, 0.000144238, -25.2059
2348, 39.13333, 0.319947, -92.8927, 0.000144841, -25.3338
2349, 39.14167, 0.321215, -93.0268, 0.000145445, -25.4638
2349, 39.15000, 0.322484, -93.1631, 0.000146049, -25.5958
2350, 39.15833, 0.323753, -93.3014, 0.000146653, -25.73
2350, 39.16667, 0.325022, -93.4418, 0.000147257, -25.8662
2350, 39.17500, 0.32629, -93.5842, 0.000147861, -26.0045
2351, 39.18333, 0.327558, -93.7287, 0.000148466, -26.1448
2352, 39.19167, 0.328826, -93.8753, 0.00014907, -26.2872
2352, 39.20000, 0.330092, -94.0239, 0.000149674, -26.4316
2353, 39.20833, 0.331358, -94.1744, 0.000150278, -26.578
2353, 39.21667, 0.332622, -94.327, 0.000150882, -26.7264
2354, 39.22500, 0.333885, -94.4816, 0.000151485, -26.8769
2354, 39.23333, 0.335146, -94.6382, 0.000152088, -27.0293
2354, 39.24167, 0.336406, -94.7968, 0.00015269, -27.1837
2355, 39.25000, 0.337663, -94.9573, 0.000153292, -27.34
2356, 39.25833, 0.338919, -95.1198, 0.000153892, -27.4983
2356, 39.26667, 0.340172, -95.2842, 0.000154492, -27.6586
2357, 39.27500, 0.341422, -95.4505, 0.000155091, -27.8208
2357, 39.28333, 0.342669, -95.6187, 0.000155689, -27.9849
2358, 39.29167, 0.343914, -95.7889, 0.000156286, -28.1508
2358, 39.30000, 0.345155, -95.9609, 0.000156881, -28.3187
2358, 39.30833, 0.346393, -96.1347, 0.000157475, -28.4884
2359, 39.31667, 0.347627, -96.3105, 0.000158068, -28.66
2360, 39.32500, 0.348857, -96.488, 0.000158659, -28.8334
2360, 39.33333, 0.350083, -96.6674, 0.000159248, -29.0086
2361, 39.34167, 0.351305, -96.8486, 0.000159836, -29.1857
2361, 39.35000, 0.352522, -97.0315, 0.000160422, -29.3645
2362, 39.35833, 0.353735, -97.2162, 0.000161006, -29.5451
2362, 39.36667, 0.354943, -97.4027, 0.000161588, -29.7274
2362, 39.37500, 0.356145, -97.5909, 0.000162168, -29.9115
2363, 39.38333, 0.357342, -97.7808, 0.000162745, -30.0973
2364, 39.39167, 0.358534, -97.9724, 0.000163321, -30.2848
2364, 39.40000, 0.359719, -98.1657, 0.000163894, -30.4739
2365, 39.40833, 0.360899, -98.3606, 0.000164464, -30.6647
2365, 39.41667, 0.362073, -98.5572, 0.000165032, -30.8571
2366, 39.42500, 0.36324, -98.7553, 0.000165597, -31.0512
2366, 39.43333, 0.3644, -98.9551, 0.000166159, -31.2468
2366, 39.44167, 0.365554, -99.1564, 0.000166718, -31.444
2367, 39.45000, 0.3667, -99.3593, 0.000167274, -31.6428
2368, 39.45833, 0.367839, -99.5637, 0.000167827, -31.8431
2368, 39.46667, 0.368971, -99.7696, 0.000168377, -32.0449
2369, 39.47500, 0.370094, -99.977, 0.000168924, -32.2482
2369, 39.48333, 0.37121, -100.186, 0.000169467, -32.4529
2370, 39.49167, 0.372318, -100.396, 0.000170007, -32.6591
2370, 39.50000, 0.373417, -100.608, 0.000170543, -32.8667
2370, 39.50833, 0.374508, -100.821, 0.000171075, -33.0757
2371, 39.51667, 0.37559, -101.035, 0.000171604, -33.2861
2372, 39.52500, 0.376664, -101.251, 0.000172128, -33.4978
2372, 39.53333, 0.377727, -101.468, 0.000172649, -33.7108
2373, 39.54167, 0.378782, -101.687, 0.000173165, -33.9251
2373, 39.55000, 0.379827, -101.906, 0.000173678, -34.1407
2374, 39.55833, 0.380862, -102.127, 0.000174186, -34.3575
2374, 39.56667, 0.381888, -102.349, 0.000174689, -34.5755
2374, 39.57500, 0.382903, -102.573, 0.000175189, -34.7947
2375, 39.58333, 0.383908, -102.797, 0.000175683, -35.0151
2376, 39.59167, 0.384902, -103.023, 0.000176174, -35.2366
2376, 39.60000, 0.385886, -103.249, 0.000176659, -35.4592
2377, 39.60833, 0.386859, -103.477, 0.00017714, -35.6829
2377, 39.61667, 0.387821, -103.706, 0.000177615, -35.9077
2378, 39.62500, 0.388772, -103.936, 0.000178086, -36.1335
2378, 39.63333, 0.389711, -104.167, 0.000178552, -36.3603
2378, 39.64167, 0.390639, -104.399, 0.000179013, -36.588
2379, 39.65000, 0.391555, -104.631, 0.000179468, -36.8167
2380, 39.65833, 0.392459, -104.865, 0.000179918, -37.0463
2380, 39.66667, 0.393351, -105.1, 0.000180363, -37.2769
2381, 39.67500, 0.394231, -105.335, 0.000180803, -37.5082
2381, 39.68333, 0.395099, -105.571, 0.000181237, -37.7404
2382, 39.69167, 0.395955, -105.808, 0.000181665, -37.9734
2382, 39.70000, 0.396797, -106.046, 0.000182088, -38.2072
2383, 39.70833, 0.397628, -106.285, 0.000182505, -38.4417
2383, 39.71667, 0.398445, -106.524, 0.000182917, -38.6769
2384, 39.72500, 0.399249, -106.764, 0.000183323, -38.9128
2384, 39.73333, 0.400041, -107.005, 0.000183722, -39.1494
2385, 39.74167, 0.400819, -107.246, 0.000184116, -39.3866
2385, 39.75000, 0.401584, -107.488, 0.000184504, -39.6244
2386, 39.75833, 0.402335, -107.73, 0.000184886, -39.8627
2386, 39.76667, 0.403073, -107.973, 0.000185262, -40.1016
2387, 39.77500, 0.403798, -108.217, 0.000185632, -40.341
2387, 39.78333, 0.404509, -108.461, 0.000185996, -40.5809
2388, 39.79167, 0.405206, -108.705, 0.000186353, -40.8213
2388, 39.80000, 0.405889, -108.95, 0.000186704, -41.0621
2389, 39.80833, 0.406558, -109.195, 0.000187049, -41.3032
2389, 39.81667, 0.407214, -109.441, 0.000187388, -41.5448
2390, 39.82500, 0.407855, -109.686, 0.00018772, -41.7866
2390, 39.83333, 0.408482, -109.933, 0.000188046, -42.0288
2391, 39.84167, 0.409096, -110.179, 0.000188366, -42.2712
2391, 39.85000, 0.409695, -110.426, 0.000188679, -42.5139
2392, 39.85833, 0.410279, -110.673, 0.000188986, -42.7569
2392, 39.86667, 0.41085, -110.92, 0.000189286, -43
2393, 39.87500, 0.411406, -111.167, 0.00018958, -43.2433
2393, 39.88333, 0.411948, -111.415, 0.000189867, -43.4867
2394, 39.89167, 0.412475, -111.662, 0.000190148, -43.7302
2394, 39.90000, 0.412988, -111.91, 0.000190422, -43.9738
2395, 39.90833, 0.413487, -112.158, 0.000190689, -44.2175
2395, 39.91667, 0.413971, -112.405, 0.000190951, -44.4612
2396, 39.92500, 0.414441, -112.653, 0.000191205, -44.7049
2396, 39.93333, 0.414897, -112.901, 0.000191453, -44.9485
2397, 39.94167, 0.415338, -113.148, 0.000191695, -45.1922
2397, 39.95000, 0.415765, -113.396, 0.00019193, -45.4357
2398, 39.95833, 0.416177, -113.643, 0.000192158, -45.6791
2398, 39.96667, 0.416575, -113.891, 0.00019238, -45.9224
2399, 39.97500, 0.416959, -114.138, 0.000192595, -46.1656
2399, 39.98333, 0.417328, -114.385, 0.000192804, -46.4085
2400, 39.99167, 0.417684, -114.631, 0.000193006, -46.6513
2400, 40.00000, 0.418025, -114.878, 0.000193202, -46.8938
2401, 40.00833, 0.418352, -115.124, 0.000193391, -47.136
2401, 40.01667, 0.418665, -115.37, 0.000193574, -47.378
2402, 40.02500, 0.418963, -115.616, 0.00019375, -47.6197
2402, 40.03333, 0.419248, -115.861, 0.00019392, -47.861
2403, 40.04167, 0.419519, -116.106, 0.000194084, -48.102
2403, 40.05000, 0.419776, -116.351, 0.000194241, -48.3427
2404, 40.05833, 0.420019, -116.595, 0.000194392, -48.5829
2404, 40.06667, 0.420249, -116.839, 0.000194537, -48.8227
2405, 40.07500, 0.420465, -117.082, 0.000194675, -49.062
2405, 40.08333, 0.420667, -117.325, 0.000194807, -49.3009
2406, 40.09167, 0.420856, -117.567, 0.000194933, -49.5394
2406, 40.10000, 0.421032, -117.809, 0.000195053, -49.7773
2407, 40.10833, 0.421194, -118.051, 0.000195166, -50.0147
2407, 40.11667, 0.421343, -118.292, 0.000195274, -50.2515
2408, 40.12500, 0.421479, -118.532, 0.000195375, -50.4878
2408, 40.13333, 0.421602, -118.771, 0.000195471, -50.7235
2409, 40.14167, 0.421712, -119.011, 0.000195561, -50.9586
2409, 40.15000, 0.42181, -119.249, 0.000195644, -51.1931
2410, 40.15833, 0.421895, -119.487, 0.000195722, -51.4269
2410, 40.16667, 0.421967, -119.724, 0.000195794, -51.6601
2411, 40.17500, 0.422026, -119.96, 0.00019586, -51.8926
2411, 40.18333, 0.422074, -120.196, 0.000195921, -52.1244
2412, 40.19167, 0.422109, -120.431, 0.000195976, -52.3556
2412, 40.20000, 0.422132, -120.666, 0.000196025, -52.586
2413, 40.20833, 0.422144, -120.899, 0.000196069, -52.8156
2413, 40.21667, 0.422143, -121.132, 0.000196107, -53.0445
2414, 40.22500, 0.422131, -121.364, 0.00019614, -53.2726
2414, 40.23333, 0.422107, -121.595, 0.000196168, -53.5
2415, 40.24167, 0.422072, -121.826, 0.00019619, -53.7265
2415, 40.25000, 0.422026, -122.056, 0.000196207, -53.9522
2416, 40.25833, 0.421968, -122.285, 0.000196219, -54.1771
2416, 40.26667, 0.4219, -122.513, 0.000196226, -54.4012
2417, 40.27500, 0.42182, -122.74, 0.000196227, -54.6244
2417, 40.28333, 0.42173, -122.966, 0.000196224, -54.8468
2418, 40.29167, 0.42163, -123.191, 0.000196215, -55.0683
2418, 40.30000, 0.421519, -123.416, 0.000196202, -55.2889
2419, 40.30833, 0.421397, -123.64, 0.000196184, -55.5086
2419, 40.31667, 0.421266, -123.862, 0.000196162, -55.7274
2420, 40.32500, 0.421124, -124.084, 0.000196134, -55.9452
2420, 40.33333, 0.420973, -124.305, 0.000196102, -56.1621
2421, 40.34167, 0.420812, -124.525, 0.000196066, -56.3782
2421, 40.35000, 0.420641, -124.744, 0.000196024, -56.5932
2422, 40.35833, 0.420461, -124.962, 0.000195979, -56.8073
2422, 40.36667, 0.420272, -125.179, 0.000195929, -57.0204
2423, 40.37500, 0.420073, -125.395, 0.000195875, -57.2326
2423, 40.38333, 0.419866, -125.61, 0.000195817, -57.4438
2424, 40.39167, 0.41965, -125.824, 0.000195754, -57.654
2424, 40.40000, 0.419425, -126.037, 0.000195688, -57.8631
2425, 40.40833, 0.419192, -126.249, 0.000195617, -58.0713
2425, 40.41667, 0.41895, -126.461, 0.000195543, -58.2785
2426, 40.42500, 0.4187, -126.671, 0.000195464, -58.4847
2426, 40.43333, 0.418442, -126.88, 0.000195382, -58.6898
2427, 40.44167, 0.418176, -127.088, 0.000195296, -58.8939
2427, 40.45000, 0.417902, -127.295, 0.000195207, -59.097
2428, 40.45833, 0.417621, -127.501, 0.000195113, -59.299
2428, 40.46667, 0.417332, -127.706, 0.000195017, -59.5
2429, 40.47500, 0.417036, -127.909, 0.000194916, -59.7
2429, 40.48333, 0.416733, -128.112, 0.000194813, -59.8989
2430, 40.49167, 0.416422, -128.314, 0.000194706, -60.0967
2430, 40.50000, 0.416105, -128.515, 0.000194595, -60.2935
2431, 40.50833, 0.415781, -128.714, 0.000194482, -60.4892
2431, 40.51667, 0.41545, -128.913, 0.000194365, -60.6839
2432, 40.52500, 0.415113, -129.11, 0.000194246, -60.8775
2432, 40.53333, 0.41477, -129.307, 0.000194123, -61.07
2433, 40.54167, 0.41442, -129.502, 0.000193997, -61.2615
2433, 40.55000, 0.414065, -129.696, 0.000193868, -61.4519
2434, 40.55833, 0.413703, -129.89, 0.000193737, -61.6412
2434, 40.56667, 0.413335, -130.082, 0.000193603, -61.8294
2435, 40.57500, 0.412962, -130.273, 0.000193466, -62.0166
2435, 40.58333, 0.412584, -130.463, 0.000193326, -62.2026
2436, 40.59167, 0.4122, -130.652, 0.000193184, -62.3877
2436, 40.60000, 0.411811, -130.839, 0.000193039, -62.5716
2437, 40.60833, 0.411416, -131.026, 0.000192892, -62.7544
2437, 40.61667, 0.411017, -131.212, 0.000192742, -62.9362
2438, 40.62500, 0.410613, -131.396, 0.00019259, -63.1169
2438, 40.63333, 0.410204, -131.58, 0.000192436, -63.2965
2439, 40.64167, 0.40979, -131.762, 0.00019228, -63.475
2439, 40.65000, 0.409372, -131.943, 0.000192121, -63.6524
2439, 40.65833, 0.40895, -132.124, 0.00019196, -63.8288
2440, 40.66667, 0.408523, -132.303, 0.000191797, -64.0041
2441, 40.67500, 0.408092, -132.481, 0.000191632, -64.1783
2441, 40.68333, 0.407658, -132.658, 0.000191465, -64.3515
2442, 40.69167, 0.407219, -132.834, 0.000191297, -64.5236
2442, 40.70000, 0.406776, -133.009, 0.000191126, -64.6946
2443, 40.70833, 0.40633, -133.183, 0.000190954, -64.8645
2443, 40.71667, 0.40588, -133.355, 0.000190779, -65.0334
2443, 40.72500, 0.405427, -133.527, 0.000190603, -65.2012
2444, 40.73333, 0.404971, -133.698, 0.000190426, -65.368
2445, 40.74167, 0.404511, -133.867, 0.000190247, -65.5337
2445, 40.75000, 0.404048, -134.036, 0.000190066, -65.6984
2446, 40.75833, 0.403582, -134.203, 0.000189884, -65.862
2446, 40.76667, 0.403114, -134.37, 0.0001897, -66.0245
2447, 40.77500, 0.402642, -134.535, 0.000189515, -66.186
2447, 40.78333, 0.402168, -134.699, 0.000189329, -66.3465
2447, 40.79167, 0.401691, -134.863, 0.000189141, -66.5059
2448, 40.80000, 0.401211, -135.025, 0.000188952, -66.6643
2449, 40.80833, 0.400729, -135.186, 0.000188762, -66.8217
2449, 40.81667, 0.400245, -135.346, 0.00018857, -66.978
2450, 40.82500, 0.399759, -135.505, 0.000188378, -67.1333
2450, 40.83333, 0.39927, -135.663, 0.000188184, -67.2876
2451, 40.84167, 0.398779, -135.82, 0.000187989, -67.4409
2451, 40.85000, 0.398287, -135.977, 0.000187793, -67.5931
2451, 40.85833, 0.397792, -136.132, 0.000187597, -67.7444
2452, 40.86667, 0.397296, -136.286, 0.000187399, -67.8946
2453, 40.87500, 0.396798, -136.439, 0.0001872, -68.0439
2453, 40.88333, 0.396298, -136.591, 0.000187001, -68.1921
2454, 40.89167, 0.395797, -136.742, 0.000186801, -68.3394
2454, 40.90000, 0.395294, -136.892, 0.0001866, -68.4857
2455, 40.90833, 0.39479, -137.041, 0.000186398, -68.631
2455, 40.91667, 0.394284, -137.189, 0.000186195, -68.7753
2455, 40.92500, 0.393778, -137.337, 0.000185992, -68.9186
2456, 40.93333, 0.39327, -137.483, 0.000185788, -69.061
2457, 40.94167, 0.392761, -137.628, 0.000185584, -69.2025
2457, 40.95000, 0.392251, -137.772, 0.000185379, -69.3429
2458, 40.95833, 0.39174, -137.916, 0.000185173, -69.4824
2458, 40.96667, 0.391228, -138.058, 0.000184967, -69.621
2459, 40.97500, 0.390715, -138.199, 0.00018476, -69.7586
2459, 40.98333, 0.390202, -138.34, 0.000184553, -69.8953
2459, 40.99167, 0.389687, -138.479, 0.000184346, -70.0311
2460, 41.00000, 0.389173, -138.618, 0.000184138, -70.1659
2461, 41.00833, 0.388657, -138.756, 0.00018393, -70.2998
2461, 41.01667, 0.388141, -138.893, 0.000183721, -70.4328
2462, 41.02500, 0.387625, -139.028, 0.000183512, -70.5649
2462, 41.03333, 0.387109, -139.163, 0.000183303, -70.6961
2463, 41.04167, 0.386591, -139.298, 0.000183094, -70.8264
2463, 41.05000, 0.386074, -139.431, 0.000182884, -70.9558
2463, 41.05833, 0.385557, -139.563, 0.000182674, -71.0843
2464, 41.06667, 0.385039, -139.694, 0.000182464, -71.2119
2465, 41.07500, 0.384521, -139.825, 0.000182254, -71.3387
2465, 41.08333, 0.384003, -139.955, 0.000182044, -71.4645
2466, 41.09167, 0.383485, -140.083, 0.000181834, -71.5895
2466, 41.10000, 0.382967, -140.211, 0.000181623, -71.7137
2467, 41.10833, 0.382449, -140.338, 0.000181413, -71.8369
2467, 41.11667, 0.381932, -140.465, 0.000181202, -71.9594
2467, 41.12500, 0.381414, -140.59, 0.000180991, -72.081
2468, 41.13333, 0.380897, -140.715, 0.000180781, -72.2017
2469, 41.14167, 0.38038, -140.838, 0.00018057, -72.3217
2469, 41.15000, 0.379863, -140.961, 0.00018036, -72.4408
2470, 41.15833, 0.379347, -141.083, 0.00018015, -72.559
2470, 41.16667, 0.378831, -141.204, 0.000179939, -72.6765
2471, 41.17500, 0.378315, -141.325, 0.000179729, -72.7931
2471, 41.18333, 0.3778, -141.444, 0.000179519, -72.9089
2471, 41.19167, 0.377285, -141.563, 0.000179309, -73.024
2472, 41.20000, 0.376771, -141.681, 0.000179099, -73.1382
2473, 41.20833, 0.376258, -141.798, 0.00017889, -73.2517
2473, 41.21667, 0.375745, -141.915, 0.00017868, -73.3643
2474, 41.22500, 0.375232, -142.03, 0.000178471, -73.4762
2474, 41.23333, 0.374721, -142.145, 0.000178262, -73.5874
2475, 41.24167, 0.37421, -142.259, 0.000178053, -73.6977
2475, 41.25000, 0.3737, -142.373, 0.000177845, -73.8073
2475, 41.25833, 0.37319, -142.485, 0.000177637, -73.9161
2476, 41.26667, 0.372682, -142.597, 0.000177429, -74.0242
2477, 41.27500, 0.372174, -142.708, 0.000177221, -74.1316
2477, 41.28333, 0.371667, -142.819, 0.000177014, -74.2382
2478, 41.29167, 0.371161, -142.928, 0.000176807, -74.344
2478, 41.30000, 0.370656, -143.037, 0.0001766, -74.4492
2479, 41.30833, 0.370152, -143.145, 0.000176394, -74.5536
2479, 41.31667, 0.369649, -143.253, 0.000176188, -74.6573
2479, 41.32500, 0.369146, -143.36, 0.000175983, -74.7603
2480, 41.33333, 0.368645, -143.466, 0.000175778, -74.8625
2481, 41.34167, 0.368145, -143.571, 0.000175573, -74.9641
2481, 41.35000, 0.367646, -143.675, 0.000175369, -75.065
2482, 41.35833, 0.367148, -143.779, 0.000175165, -75.1652
2482, 41.36667, 0.366651, -143.883, 0.000174961, -75.2647
2483, 41.37500, 0.366155, -143.985, 0.000174758, -75.3635
2483, 41.38333, 0.365661, -144.087, 0.000174556, -75.4617
2483, 41.39167, 0.365167, -144.188, 0.000174354, -75.5592
2484, 41.40000, 0.364675, -144.289, 0.000174152, -75.656
2485, 41.40833, 0.364184, -144.389, 0.000173951, -75.7521
2485, 41.41667, 0.363694, -144.488, 0.000173751, -75.8476
2486, 41.42500, 0.363205, -144.586, 0.00017355, -75.9425
2486, 41.43333, 0.362718, -144.684, 0.000173351, -76.0367
2487, 41.44167, 0.362232, -144.782, 0.000173152, -76.1302
2487, 41.45000, 0.361747, -144.878, 0.000172953, -76.2232
2487, 41.45833, 0.361263, -144.974, 0.000172755, -76.3155
2488, 41.46667, 0.360781, -145.07, 0.000172558, -76.4072
2489, 41.47500, 0.3603, -145.165, 0.000172361, -76.4982
2489, 41.48333, 0.359821, -145.259, 0.000172165, -76.5886
2490, 41.49167, 0.359343, -145.352, 0.000171969, -76.6785
2490, 41.50000, 0.358866, -145.445, 0.000171774, -76.7677
2491, 41.50833, 0.358391, -145.538, 0.000171579, -76.8563
2491, 41.51667, 0.357917, -145.629, 0.000171385, -76.9444
2491, 41.52500, 0.357444, -145.72, 0.000171191, -77.0318
2492, 41.53333, 0.356973, -145.811, 0.000170999, -77.1187
2493, 41.54167, 0.356503, -145.901, 0.000170806, -77.205
2493, 41.55000, 0.356035, -145.99, 0.000170615, -77.2907
2494, 41.55833, 0.355568, -146.079, 0.000170424, -77.3758
2494, 41.56667, 0.355103, -146.167, 0.000170233, -77.4604
2495, 41.57500, 0.354639, -146.255, 0.000170043, -77.5444
2495, 41.58333, 0.354176, -146.342, 0.000169854, -77.6278
2495, 41.59167, 0.353715, -146.429, 0.000169665, -77.7107
2496, 41.60000, 0.353256, -146.515, 0.000169478, -77.793
2497, 41.60833, 0.352798, -146.6, 0.00016929, -77.8748
2497, 41.61667, 0.352341, -146.685, 0.000169104, -77.9561
2498, 41.62500, 0.351886, -146.77, 0.000168918, -78.0368
2498, 41.63333, 0.351433, -146.854, 0.000168732, -78.117
2499, 41.64167, 0.350981, -146.937, 0.000168547, -78.1967
2499, 41.65000, 0.350531, -147.02, 0.000168363, -78.2758
2499, 41.65833, 0.350082, -147.102, 0.00016818, -78.3545
2500, 41.66667, 0.349635, -147.184, 0.000167997, -78.4326
2501, 41.67500, 0.349189, -147.265, 0.000167815, -78.5102
2501, 41.68333, 0.348745, -147.346, 0.000167634, -78.5873
2502, 41.69167, 0.348302, -147.426, 0.000167453, -78.6639
2502, 41.70000, 0.347861, -147.506, 0.000167273, -78.74
2503, 41.70833, 0.347422, -147.585, 0.000167094, -78.8156
2503, 41.71667, 0.346984, -147.664, 0.000166915, -78.8907
2503, 41.72500, 0.346547, -147.742, 0.000166737, -78.9654
2504, 41.73333, 0.346113, -147.82, 0.000166559, -79.0395
2505, 41.74167, 0.345679, -147.898, 0.000166383, -79.1132
2505, 41.75000, 0.345248, -147.974, 0.000166207, -79.1864
2506, 41.75833, 0.344818, -148.051, 0.000166031, -79.2591
2506, 41.76667, 0.344389, -148.127, 0.000165857, -79.3314
2507, 41.77500, 0.343962, -148.202, 0.000165683, -79.4033
2507, 41.78333, 0.343537, -148.277, 0.00016551, -79.4746
2508, 41.79167, 0.343113, -148.352, 0.000165337, -79.5455
2508, 41.80000, 0.342691, -148.426, 0.000165165, -79.616
2509, 41.80833, 0.342271, -148.5, 0.000164994, -79.686
2509, 41.81667, 0.341852, -148.573, 0.000164823, -79.7556
2510, 41.82500, 0.341435, -148.646, 0.000164654, -79.8247
2510, 41.83333, 0.341019, -148.718, 0.000164484, -79.8934
2511, 41.84167, 0.340605, -148.79, 0.000164316, -79.9617
2511, 41.85000, 0.340192, -148.861, 0.000164148, -80.0295
2512, 41.85833, 0.339782, -148.932, 0.000163981, -80.097
2512, 41.86667, 0.339372, -149.003, 0.000163815, -80.164
2513, 41.87500, 0.338964, -149.073, 0.000163649, -80.2306
2513, 41.88333, 0.338558, -149.143, 0.000163484, -80.2967
2514, 41.89167, 0.338154, -149.213, 0.00016332, -80.3625
2514, 41.90000, 0.337751, -149.282, 0.000163157, -80.4279
2515, 41.90833, 0.33735, -149.35, 0.000162994, -80.4928
2515, 41.91667, 0.33695, -149.418, 0.000162832, -80.5574
2516, 41.92500, 0.336552, -149.486, 0.00016267, -80.6216
2516, 41.93333, 0.336155, -149.554, 0.000162509, -80.6853
2517, 41.94167, 0.33576, -149.621, 0.000162349, -80.7487
2517, 41.95000, 0.335367, -149.687, 0.00016219, -80.8117
2518, 41.95833, 0.334975, -149.753, 0.000162031, -80.8743
2518, 41.96667, 0.334585, -149.819, 0.000161873, -80.9366
2519, 41.97500, 0.334196, -149.885, 0.000161716, -80.9985
2519, 41.98333, 0.333809, -149.95, 0.00016156, -81.0599
2520, 41.99167, 0.333424, -150.015, 0.000161404, -81.1211
2520, 42.00000, 0.33304, -150.079, 0.000161248, -81.1818
2521, 42.00833, 0.332657, -150.143, 0.000161094, -81.2422
2521, 42.01667, 0.332277, -150.207, 0.00016094, -81.3023
2522, 42.02500, 0.331897, -150.27, 0.000160787, -81.362
2522, 42.03333, 0.33152, -150.333, 0.000160635, -81.4213
2523, 42.04167, 0.331144, -150.396, 0.000160483, -81.4803
2523, 42.05000, 0.330769, -150.458, 0.000160332, -81.5389
2524, 42.05833, 0.330396, -150.52, 0.000160181, -81.5972
2524, 42.06667, 0.330025, -150.581, 0.000160032, -81.6551
2525, 42.07500, 0.329655, -150.642, 0.000159883, -81.7127
2525, 42.08333, 0.329287, -150.703, 0.000159734, -81.77
2526, 42.09167, 0.32892, -150.764, 0.000159587, -81.827
2526, 42.10000, 0.328555, -150.824, 0.00015944, -81.8836
2527, 42.10833, 0.328191, -150.884, 0.000159294, -81.9398
2527, 42.11667, 0.327829, -150.944, 0.000159148, -81.9958
2528, 42.12500, 0.327468, -151.003, 0.000159003, -82.0515
2528, 42.13333, 0.327109, -151.062, 0.000158859, -82.1068
2529, 42.14167, 0.326752, -151.12, 0.000158715, -82.1618
2529, 42.15000, 0.326396, -151.179, 0.000158572, -82.2165
2530, 42.15833, 0.326041, -151.237, 0.00015843, -82.2708
2530, 42.16667, 0.325688, -151.294, 0.000158289, -82.3249
2531, 42.17500, 0.325336, -151.352, 0.000158148, -82.3787
2531, 42.18333, 0.324986, -151.409, 0.000158007, -82.4321
2532, 42.19167, 0.324638, -151.465, 0.000157868, -82.4853
2532, 42.20000, 0.324291, -151.522, 0.000157729, -82.5382
2533, 42.20833, 0.323945, -151.578, 0.000157591, -82.5907
2533, 42.21667, 0.323601, -151.634, 0.000157453, -82.643
2534, 42.22500, 0.323259, -151.689, 0.000157316, -82.695
2534, 42.23333, 0.322917, -151.745, 0.00015718, -82.7467
2535, 42.24167, 0.322578, -151.8, 0.000157044, -82.7981
2535, 42.25000, 0.32224, -151.854, 0.000156909, -82.8493
2536, 42.25833, 0.321903, -151.909, 0.000156775, -82.9001
2536, 42.26667, 0.321568, -151.963, 0.000156641, -82.9507
2537, 42.27500, 0.321234, -152.017, 0.000156508, -83.001
2537, 42.28333, 0.320902, -152.07, 0.000156376, -83.051
2538, 42.29167, 0.320571, -152.124, 0.000156244, -83.1008
2538, 42.30000, 0.320241, -152.177, 0.000156113, -83.1503
2539, 42.30833, 0.319913, -152.23, 0.000155983, -83.1995
2539, 42.31667, 0.319587, -152.282, 0.000155853, -83.2485
2540, 42.32500, 0.319261, -152.334, 0.000155724, -83.2972
2540, 42.33333, 0.318938, -152.386, 0.000155595, -83.3456
2541, 42.34167, 0.318615, -152.438, 0.000155467, -83.3938
2541, 42.35000, 0.318294, -152.49, 0.00015534, -83.4417
2542, 42.35833, 0.317975, -152.541, 0.000155214, -83.4894
2542, 42.36667, 0.317657, -152.592, 0.000155088, -83.5368
2543, 42.37500, 0.31734, -152.643, 0.000154962, -83.584
2543, 42.38333, 0.317025, -152.693, 0.000154837, -83.631
2544, 42.39167, 0.316711, -152.743, 0.000154713, -83.6777
2544, 42.40000, 0.316398, -152.793, 0.00015459, -83.7241
2545, 42.40833, 0.316087, -152.843, 0.000154467, -83.7703
2545, 42.41667, 0.315777, -152.893, 0.000154345, -83.8163
2546, 42.42500, 0.315469, -152.942, 0.000154223, -83.862
2546, 42.43333, 0.315162, -152.991, 0.000154102, -83.9075
2547, 42.44167, 0.314856, -153.04, 0.000153981, -83.9528
2547, 42.45000, 0.314552, -153.088, 0.000153861, -83.9978
2548, 42.45833, 0.314249, -153.137, 0.000153742, -84.0426
2548, 42.46667, 0.313947, -153.185, 0.000153624, -84.0872
2549, 42.47500, 0.313647, -153.233, 0.000153506, -84.1316
2549, 42.48333, 0.313348, -153.28, 0.000153388, -84.1757
2550, 42.49167, 0.31305, -153.328, 0.000153271, -84.2197
2550, 42.50000, 0.312754, -153.375, 0.000153155, -84.2634
2551, 42.50833, 0.312459, -153.422, 0.000153039, -84.3068
2551, 42.51667, 0.312165, -153.469, 0.000152924, -84.3501
2552, 42.52500, 0.311873, -153.515, 0.00015281, -84.3932
2552, 42.53333, 0.311581, -153.562, 0.000152696, -84.436
2553, 42.54167, 0.311292, -153.608, 0.000152583, -84.4787
2553, 42.55000, 0.311003, -153.654, 0.00015247, -84.5211
2554, 42.55833, 0.310716, -153.7, 0.000152358, -84.5633
2554, 42.56667, 0.31043, -153.745, 0.000152246, -84.6054
2555, 42.57500, 0.310145, -153.791, 0.000152135, -84.6472
2555, 42.58333, 0.309862, -153.836, 0.000152025, -84.6888
2556, 42.59167, 0.30958, -153.881, 0.000151915, -84.7303
2556, 42.60000, 0.309299, -153.925, 0.000151805, -84.7715
2557, 42.60833, 0.309019, -153.97, 0.000151697, -84.8125
2557, 42.61667, 0.308741, -154.014, 0.000151589, -84.8534
2558, 42.62500, 0.308464, -154.059, 0.000151481, -84.894
2558, 42.63333, 0.308188, -154.102, 0.000151374, -84.9345
2559, 42.64167, 0.307913, -154.146, 0.000151267, -84.9747
2559, 42.65000, 0.30764, -154.19, 0.000151161, -85.0148
2560, 42.65833, 0.307368, -154.233, 0.000151056, -85.0547
2560, 42.66667, 0.307097, -154.276, 0.000150951, -85.0945
2561, 42.67500, 0.306827, -154.32, 0.000150847, -85.134
2561, 42.68333, 0.306559, -154.362, 0.000150743, -85.1733
2562, 42.69167, 0.306291, -154.405, 0.00015064, -85.2125
2562, 42.70000, 0.306025, -154.448, 0.000150537, -85.2515
2563, 42.70833, 0.30576, -154.49, 0.000150435, -85.2904
2563, 42.71667, 0.305496, -154.532, 0.000150334, -85.329
2564, 42.72500, 0.305234, -154.574, 0.000150233, -85.3675
2564, 42.73333, 0.304973, -154.616, 0.000150132, -85.4058
2564, 42.74167, 0.304712, -154.657, 0.000150032, -85.4439
2565, 42.75000, 0.304453, -154.699, 0.000149933, -85.4819
2566, 42.75833, 0.304196, -154.74, 0.000149834, -85.5197
2566, 42.76667, 0.303939, -154.781, 0.000149736, -85.5573
2567, 42.77500, 0.303683, -154.822, 0.000149638, -85.5948
2567, 42.78333, 0.303429, -154.863, 0.00014954, -85.6321
2568, 42.79167, 0.303176, -154.904, 0.000149444, -85.6693
2568, 42.80000, 0.302924, -154.944, 0.000149347, -85.7063
2568, 42.80833, 0.302673, -154.984, 0.000149252, -85.7431
2569, 42.81667, 0.302423, -155.025, 0.000149156, -85.7798
2570, 42.82500, 0.302174, -155.065, 0.000149062, -85.8163
2570, 42.83333, 0.301927, -155.104, 0.000148967, -85.8527
2571, 42.84167, 0.30168, -155.144, 0.000148874, -85.8889
2571, 42.85000, 0.301435, -155.184, 0.00014878, -85.9249
2572, 42.85833, 0.301191, -155.223, 0.000148688, -85.9608
2572, 42.86667, 0.300948, -155.262, 0.000148595, -85.9966
2572, 42.87500, 0.300706, -155.301, 0.000148504, -86.0322
2573, 42.88333, 0.300465, -155.34, 0.000148412, -86.0677
2574, 42.89167, 0.300225, -155.379, 0.000148322, -86.103
2574, 42.90000, 0.299986, -155.418, 0.000148231, -86.1382
2575, 42.90833, 0.299748, -155.456, 0.000148142, -86.1732
2575, 42.91667, 0.299512, -155.495, 0.000148052, -86.2081
2576, 42.92500, 0.299276, -155.533, 0.000147964, -86.2429
2576, 42.93333, 0.299042, -155.571, 0.000147875, -86.2775
2576, 42.94167, 0.298809, -155.609, 0.000147788, -86.312
2577, 42.95000, 0.298576, -155.647, 0.0001477, -86.3463
2578, 42.95833, 0.298345, -155.684, 0.000147613, -86.3805
2578, 42.96667, 0.298115, -155.722, 0.000147527, -86.4146
2579, 42.97500, 0.297885, -155.759, 0.000147441, -86.4485
2579, 42.98333, 0.297657, -155.796, 0.000147356, -86.4823
2580, 42.99167, 0.29743, -155.834, 0.000147271, -86.516
2580, 43.00000, 0.297204, -155.87, 0.000147186, -86.5495
2580, 43.00833, 0.296979, -155.907, 0.000147102, -86.5829
2581, 43.01667, 0.296755, -155.944, 0.000147019, -86.6162
2582, 43.02500, 0.296532, -155.981, 0.000146935, -86.6494
2582, 43.03333, 0.29631, -156.017, 0.000146853, -86.6824
2583, 43.04167, 0.296089, -156.054, 0.000146771, -86.7153
2583, 43.05000, 0.295869, -156.09, 0.000146689, -86.7481
2584, 43.05833, 0.29565, -156.126, 0.000146608, -86.7808
2584, 43.06667, 0.295432, -156.162, 0.000146527, -86.8133
2584, 43.07500, 0.295215, -156.198, 0.000146447, -86.8458
2585, 43.08333, 0.294999, -156.233, 0.000146367, -86.8781
2586, 43.09167, 0.294784, -156.269, 0.000146287, -86.9103
2586, 43.10000, 0.29457, -156.305, 0.000146208, -86.9423
2587, 43.10833, 0.294357, -156.34, 0.00014613, -86.9743
2587, 43.11667, 0.294144, -156.375, 0.000146051, -87.0061
2588, 43.12500, 0.293933, -156.41, 0.000145974, -87.0379
2588, 43.13333, 0.293723, -156.445, 0.000145896, -87.0695
2588, 43.14167, 0.293514, -156.48, 0.00014582, -87.101
2589, 43.15000, 0.293305, -156.515, 0.000145743, -87.1324
2590, 43.15833, 0.293098, -156.55, 0.000145667, -87.1637
2590, 43.16667, 0.292892, -156.584, 0.000145592, -87.1948
2591, 43.17500, 0.292686, -156.619, 0.000145517, -87.2259
2591, 43.18333, 0.292481, -156.653, 0.000145442, -87.2569
2592, 43.19167, 0.292278, -156.688, 0.000145368, -87.2877
2592, 43.20000, 0.292075, -156.722, 0.000145294, -87.3184
2592, 43.20833, 0.291873, -156.756, 0.000145221, -87.3491
2593, 43.21667, 0.291672, -156.79, 0.000145148, -87.3796
2594, 43.22500, 0.291472, -156.824, 0.000145075, -87.4101
2594, 43.23333, 0.291273, -156.857, 0.000145003, -87.4404
2595, 43.24167, 0.291075, -156.891, 0.000144931, -87.4706
2595, 43.25000, 0.290878, -156.924, 0.00014486, -87.5008
2596, 43.25833, 0.290682, -156.958, 0.000144789, -87.5308
2596, 43.26667, 0.290486, -156.991, 0.000144718, -87.5607
2596, 43.27500, 0.290291, -157.024, 0.000144648, -87.5906
2597, 43.28333, 0.290098, -157.058, 0.000144579, -87.6203
2598, 43.29167, 0.289905, -157.091, 0.000144509, -87.65
2598, 43.30000, 0.289713, -157.124, 0.00014444, -87.6795
2599, 43.30833, 0.289522, -157.156, 0.000144372, -87.709
2599, 43.31667, 0.289332, -157.189, 0.000144304, -87.7383
2600, 43.32500, 0.289142, -157.222, 0.000144236, -87.7676
2600, 43.33333, 0.288954, -157.254, 0.000144169, -87.7968
2600, 43.34167, 0.288766, -157.287, 0.000144102, -87.8259
2601, 43.35000, 0.288579, -157.319, 0.000144035, -87.8549
2602, 43.35833, 0.288394, -157.352, 0.000143969, -87.8838
2602, 43.36667, 0.288208, -157.384, 0.000143904, -87.9126
2603, 43.37500, 0.288024, -157.416, 0.000143838, -87.9413
2603, 43.38333, 0.287841, -157.448, 0.000143773, -87.97
2604, 43.39167, 0.287658, -157.48, 0.000143709, -87.9985
2604, 43.40000, 0.287477, -157.512, 0.000143645, -88.027
2604, 43.40833, 0.287296, -157.544, 0.000143581, -88.0554
2605, 43.41667, 0.287116, -157.575, 0.000143517, -88.0837
2606, 43.42500, 0.286936, -157.607, 0.000143454, -88.1119
2606, 43.43333, 0.286758, -157.638, 0.000143392, -88.1401
2607, 43.44167, 0.28658, -157.67, 0.000143329, -88.1681
2607, 43.45000, 0.286403, -157.701, 0.000143267, -88.1961
2608, 43.45833, 0.286227, -157.732, 0.000143206, -88.224
2608, 43.46667, 0.286052, -157.764, 0.000143144, -88.2518
2608, 43.47500, 0.285878, -157.795, 0.000143084, -88.2796
2609, 43.48333, 0.285704, -157.826, 0.000143023, -88.3072
2610, 43.49167, 0.285531, -157.857, 0.000142963, -88.3348
2610, 43.50000, 0.285359, -157.888, 0.000142903, -88.3623
2611, 43.50833, 0.285188, -157.918, 0.000142844, -88.3898
2611, 43.51667, 0.285017, -157.949, 0.000142785, -88.4171
2612, 43.52500, 0.284847, -157.98, 0.000142726, -88.4444
2612, 43.53333, 0.284678, -158.01, 0.000142668, -88.4716
2612, 43.54167, 0.28451, -158.041, 0.00014261, -88.4987
2613, 43.55000, 0.284343, -158.071, 0.000142552, -88.5258
2614, 43.55833, 0.284176, -158.102, 0.000142495, -88.5528
2614, 43.56667, 0.28401, -158.132, 0.000142438, -88.5797
2615, 43.57500, 0.283845, -158.162, 0.000142382, -88.6066
2615, 43.58333, 0.283681, -158.192, 0.000142325, -88.6333
2616, 43.59167, 0.283517, -158.222, 0.00014227, -88.6601
2616, 43.60000, 0.283354, -158.252, 0.000142214, -88.6867
2616, 43.60833, 0.283192, -158.282, 0.000142159, -88.7133
2617, 43.61667, 0.28303, -158.312, 0.000142104, -88.7398
2618, 43.62500, 0.28287, -158.342, 0.00014205, -88.7662
2618, 43.63333, 0.28271, -158.371, 0.000141995, -88.7926
2619, 43.64167, 0.28255, -158.401, 0.000141942, -88.8189
2619, 43.65000, 0.282392, -158.431, 0.000141888, -88.8451
2620, 43.65833, 0.282234, -158.46, 0.000141835, -88.8713
2620, 43.66667, 0.282077, -158.49, 0.000141782, -88.8974
2620, 43.67500, 0.281921, -158.519, 0.00014173, -88.9234
2621, 43.68333, 0.281765, -158.548, 0.000141678, -88.9494
2622, 43.69167, 0.28161, -158.578, 0.000141626, -88.9753
2622, 43.70000, 0.281456, -158.607, 0.000141574, -89.0012
2623, 43.70833, 0.281302, -158.636, 0.000141523, -89.027
2623, 43.71667, 0.281149, -158.665, 0.000141472, -89.0527
2624, 43.72500, 0.280997, -158.694, 0.000141422, -89.0784
2624, 43.73333, 0.280846, -158.723, 0.000141371, -89.104
2624, 43.74167, 0.280695, -158.752, 0.000141322, -89.1296
2625, 43.75000, 0.280545, -158.781, 0.000141272, -89.1551
2626, 43.75833, 0.280396, -158.809, 0.000141223, -89.1805
2626, 43.76667, 0.280247, -158.838, 0.000141174, -89.2059
2627, 43.77500, 0.280099, -158.867, 0.000141125, -89.2312
2627, 43.78333, 0.279951, -158.895, 0.000141077, -89.2565
2628, 43.79167, 0.279805, -158.924, 0.000141029, -89.2817
2628, 43.80000, 0.279659, -158.952, 0.000140981, -89.3069
2628, 43.80833, 0.279513, -158.981, 0.000140934, -89.332
2629, 43.81667, 0.279369, -159.009, 0.000140887, -89.357
2630, 43.82500, 0.279225, -159.037, 0.00014084, -89.382
2630, 43.83333, 0.279081, -159.066, 0.000140793, -89.407
2631, 43.84167, 0.278938, -159.094, 0.000140747, -89.4318
2631, 43.85000, 0.278796, -159.122, 0.000140701, -89.4567
2632, 43.85833, 0.278655, -159.15, 0.000140656, -89.4815
2632, 43.86667, 0.278514, -159.178, 0.000140611, -89.5062
2633, 43.87500, 0.278374, -159.206, 0.000140566, -89.5309
2633, 43.88333, 0.278234, -159.234, 0.000140521, -89.5555
2634, 43.89167, 0.278095, -159.262, 0.000140477, -89.5801
2634, 43.90000, 0.277957, -159.29, 0.000140433, -89.6046
2635, 43.90833, 0.27782, -159.318, 0.000140389, -89.6291
2635, 43.91667, 0.277683, -159.345, 0.000140345, -89.6535
2636, 43.92500, 0.277546, -159.373, 0.000140302, -89.6779
2636, 43.93333, 0.27741, -159.401, 0.000140259, -89.7022
2637, 43.94167, 0.277275, -159.428, 0.000140217, -89.7265
2637, 43.95000, 0.277141, -159.456, 0.000140174, -89.7508
2638, 43.95833, 0.277007, -159.483, 0.000140132, -89.775
2638, 43.96667, 0.276874, -159.511, 0.00014009, -89.7991
2639, 43.97500, 0.276741, -159.538, 0.000140049, -89.8232
2639, 43.98333, 0.276609, -159.565, 0.000140008, -89.8473
2640, 43.99167, 0.276477, -159.593, 0.000139967, -89.8713
2640, 44.00000, 0.276346, -159.62, 0.000139926, -89.8952
2641, 44.00833, 0.276216, -159.647, 0.000139886, -89.9192
2641, 44.01667, 0.276086, -159.674, 0.000139846, -89.943
2642, 44.02500, 0.275957, -159.701, 0.000139806, -89.9669
2642, 44.03333, 0.275829, -159.728, 0.000139767, -89.9907
2643, 44.04167, 0.275701, -159.756, 0.000139727, -90.0144
2643, 44.05000, 0.275574, -159.783, 0.000139688, -90.0381
2644, 44.05833, 0.275447, -159.809, 0.00013965, -90.0618
2644, 44.06667, 0.275321, -159.836, 0.000139611, -90.0854
2645, 44.07500, 0.275195, -159.863, 0.000139573, -90.109
2645, 44.08333, 0.27507, -159.89, 0.000139535, -90.1326
2646, 44.09167, 0.274945, -159.917, 0.000139497, -90.1561
2646, 44.10000, 0.274822, -159.944, 0.00013946, -90.1795
2647, 44.10833, 0.274698, -159.97, 0.000139423, -90.203
2647, 44.11667, 0.274575, -159.997, 0.000139386, -90.2263
2648, 44.12500, 0.274453, -160.023, 0.00013935, -90.2497
2648, 44.13333, 0.274332, -160.05, 0.000139313, -90.273
2649, 44.14167, 0.27421, -160.077, 0.000139277, -90.2963
2649, 44.15000, 0.27409, -160.103, 0.000139241, -90.3195
2650, 44.15833, 0.27397, -160.13, 0.000139206, -90.3427
2650, 44.16667, 0.27385, -160.156, 0.000139171, -90.3659
2651, 44.17500, 0.273732, -160.182, 0.000139136, -90.389
2651, 44.18333, 0.273613, -160.209, 0.000139101, -90.4121
2652, 44.19167, 0.273495, -160.235, 0.000139066, -90.4351
2652, 44.20000, 0.273378, -160.261, 0.000139032, -90.4581
2653, 44.20833, 0.273261, -160.288, 0.000138998, -90.4811
2653, 44.21667, 0.273145, -160.314, 0.000138964, -90.5041
2654, 44.22500, 0.273029, -160.34, 0.000138931, -90.527
2654, 44.23333, 0.272914, -160.366, 0.000138898, -90.5499
2655, 44.24167, 0.2728, -160.392, 0.000138865, -90.5727
2655, 44.25000, 0.272686, -160.418, 0.000138832, -90.5955
2656, 44.25833, 0.272572, -160.444, 0.000138799, -90.6183
2656, 44.26667, 0.272459, -160.47, 0.000138767, -90.641
2657, 44.27500, 0.272346, -160.496, 0.000138735, -90.6637
2657, 44.28333, 0.272234, -160.522, 0.000138703, -90.6864
2658, 44.29167, 0.272123, -160.548, 0.000138672, -90.7091
2658, 44.30000, 0.272012, -160.574, 0.00013864, -90.7317
2659, 44.30833, 0.271901, -160.6, 0.000138609, -90.7543
2659, 44.31667, 0.271791, -160.625, 0.000138578, -90.7768
2660, 44.32500, 0.271682, -160.651, 0.000138548, -90.7994
2660, 44.33333, 0.271573, -160.677, 0.000138517, -90.8218
2661, 44.34167, 0.271464, -160.703, 0.000138487, -90.8443
2661, 44.35000, 0.271356, -160.728, 0.000138457, -90.8667
2662, 44.35833, 0.271249, -160.754, 0.000138428, -90.8891
2662, 44.36667, 0.271142, -160.779, 0.000138398, -90.9115
2663, 44.37500, 0.271035, -160.805, 0.000138369, -90.9339
2663, 44.38333, 0.270929, -160.831, 0.00013834, -90.9562
2664, 44.39167, 0.270824, -160.856, 0.000138311, -90.9785
2664, 44.40000, 0.270719, -160.882, 0.000138283, -91.0007
2665, 44.40833, 0.270614, -160.907, 0.000138255, -91.023
2665, 44.41667, 0.27051, -160.932, 0.000138227, -91.0452
2666, 44.42500, 0.270407, -160.958, 0.000138199, -91.0673
2666, 44.43333, 0.270303, -160.983, 0.000138171, -91.0895
2667, 44.44167, 0.270201, -161.009, 0.000138144, -91.1116
2667, 44.45000, 0.270099, -161.034, 0.000138117, -91.1337
2668, 44.45833, 0.269997, -161.059, 0.00013809, -91.1558
2668, 44.46667, 0.269895, -161.084, 0.000138063, -91.1778
2669, 44.47500, 0.269795, -161.11, 0.000138036, -91.1999
2669, 44.48333, 0.269694, -161.135, 0.00013801, -91.2218
2670, 44.49167, 0.269594, -161.16, 0.000137984, -91.2438
2670, 44.50000, 0.269495, -161.185, 0.000137958, -91.2658
2671, 44.50833, 0.269396, -161.21, 0.000137933, -91.2877
2671, 44.51667, 0.269298, -161.235, 0.000137907, -91.3096
2672, 44.52500, 0.2692, -161.26, 0.000137882, -91.3314
2672, 44.53333, 0.269102, -161.286, 0.000137857, -91.3533
2673, 44.54167, 0.269005, -161.311, 0.000137832, -91.3751
2673, 44.55000, 0.268908, -161.336, 0.000137808, -91.3969
2674, 44.55833, 0.268812, -161.361, 0.000137783, -91.4187
2674, 44.56667, 0.268716, -161.385, 0.000137759, -91.4404
2675, 44.57500, 0.268621, -161.41, 0.000137735, -91.4622
2675, 44.58333, 0.268526, -161.435, 0.000137712, -91.4839
2676, 44.59167, 0.268431, -161.46, 0.000137688, -91.5056
2676, 44.60000, 0.268337, -161.485, 0.000137665, -91.5272
2677, 44.60833, 0.268244, -161.51, 0.000137642, -91.5489
2677, 44.61667, 0.26815, -161.535, 0.000137619, -91.5705
2678, 44.62500, 0.268058, -161.559, 0.000137596, -91.5921
2678, 44.63333, 0.267965, -161.584, 0.000137574, -91.6136
2679, 44.64167, 0.267873, -161.609, 0.000137551, -91.6352
2679, 44.65000, 0.267782, -161.634, 0.000137529, -91.6567
2680, 44.65833, 0.267691, -161.658, 0.000137507, -91.6782
2680, 44.66667, 0.2676, -161.683, 0.000137486, -91.6997
2681, 44.67500, 0.26751, -161.708, 0.000137464, -91.7212
2681, 44.68333, 0.26742, -161.732, 0.000137443, -91.7427
2682, 44.69167, 0.267331, -161.757, 0.000137422, -91.7641
2682, 44.70000, 0.267242, -161.782, 0.000137401, -91.7855
2683, 44.70833, 0.267153, -161.806, 0.00013738, -91.8069
2683, 44.71667, 0.267065, -161.831, 0.00013736, -91.8283
2684, 44.72500, 0.266977, -161.855, 0.000137339, -91.8496
2684, 44.73333, 0.26689, -161.88, 0.000137319, -91.871
2685, 44.74167, 0.266803, -161.904, 0.000137299, -91.8923
2685, 44.75000, 0.266716, -161.929, 0.00013728, -91.9136
2686, 44.75833, 0.26663, -161.953, 0.00013726, -91.9349
2686, 44.76667, 0.266544, -161.978, 0.000137241, -91.9561
2687, 44.77500, 0.266459, -162.002, 0.000137222, -91.9774
2687, 44.78333, 0.266374, -162.026, 0.000137203, -91.9986
2688, 44.79167, 0.266289, -162.051, 0.000137184, -92.0198
2688, 44.80000, 0.266205, -162.075, 0.000137165, -92.041
2689, 44.80833, 0.266122, -162.099, 0.000137147, -92.0622
2689, 44.81667, 0.266038, -162.124, 0.000137129, -92.0833
2689, 44.82500, 0.265955, -162.148, 0.000137111, -92.1045
2690, 44.83333, 0.265872, -162.172, 0.000137093, -92.1256
2691, 44.84167, 0.26579, -162.197, 0.000137075, -92.1467
2691, 44.85000, 0.265708, -162.221, 0.000137058, -92.1678
2692, 44.85833, 0.265627, -162.245, 0.00013704, -92.1888
2692, 44.86667, 0.265546, -162.269, 0.000137023, -92.2099
2693, 44.87500, 0.265465, -162.293, 0.000137006, -92.2309
2693, 44.88333, 0.265385, -162.318, 0.000136989, -92.252
2693, 44.89167, 0.265305, -162.342, 0.000136973, -92.273
2694, 44.90000, 0.265225, -162.366, 0.000136956, -92.294
2695, 44.90833, 0.265146, -162.39, 0.00013694, -92.3149
2695, 44.91667, 0.265067, -162.414, 0.000136924, -92.3359
2696, 44.92500, 0.264988, -162.438, 0.000136908, -92.3569
2696, 44.93333, 0.26491, -162.462, 0.000136892, -92.3778
2697, 44.94167, 0.264833, -162.486, 0.000136877, -92.3987
2697, 44.95000, 0.264755, -162.51, 0.000136862, -92.4196
2697, 44.95833, 0.264678, -162.534, 0.000136846, -92.4405
2698, 44.96667, 0.264601, -162.558, 0.000136831, -92.4614
2699, 44.97500, 0.264525, -162.582, 0.000136816, -92.4822
2699, 44.98333, 0.264449, -162.606, 0.000136802, -92.5031
2700, 44.99167, 0.264373, -162.63, 0.000136787, -92.5239
2700, 45.00000, 0.264298, -162.654, 0.000136773, -92.5447
2701, 45.00833, 0.264223, -162.678, 0.000136759, -92.5655
2701, 45.01667, 0.264149, -162.702, 0.000136745, -92.5863
2701, 45.02500, 0.264075, -162.726, 0.000136731, -92.6071
2702, 45.03333, 0.264001, -162.75, 0.000136717, -92.6279
2703, 45.04167, 0.263927, -162.774, 0.000136704, -92.6486
2703, 45.05000, 0.263854, -162.798, 0.00013669, -92.6694
2704, 45.05833, 0.263781, -162.822, 0.000136677, -92.6901
2704, 45.06667, 0.263709, -162.845, 0.000136664, -92.7108
2705, 45.07500, 0.263636, -162.869, 0.000136651, -92.7315
2705, 45.08333, 0.263565, -162.893, 0.000136639, -92.7522
2705, 45.09167, 0.263493, -162.917, 0.000136626, -92.7729
2706, 45.10000, 0.263422, -162.941, 0.000136614, -92.7935
2707, 45.10833, 0.263351, -162.964, 0.000136602, -92.8142
2707, 45.11667, 0.263281, -162.988, 0.00013659, -92.8348
2708, 45.12500, 0.26321, -163.012, 0.000136578, -92.8554
2708, 45.13333, 0.263141, -163.036, 0.000136566, -92.876
2709, 45.14167, 0.263071, -163.059, 0.000136554, -92.8966
2709, 45.15000, 0.263002, -163.083, 0.000136543, -92.9172
2709, 45.15833, 0.262933, -163.107, 0.000136532, -92.9378
2710, 45.16667, 0.262865, -163.13, 0.000136521, -92.9584
2711, 45.17500, 0.262796, -163.154, 0.00013651, -92.9789
2711, 45.18333, 0.262729, -163.178, 0.000136499, -92.9995
2712, 45.19167, 0.262661, -163.201, 0.000136488, -93.02
2712, 45.20000, 0.262594, -163.225, 0.000136478, -93.0405
2713, 45.20833, 0.262527, -163.249, 0.000136468, -93.061
2713, 45.21667, 0.26246, -163.272, 0.000136457, -93.0815
2713, 45.22500, 0.262394, -163.296, 0.000136447, -93.102
2714, 45.23333, 0.262328, -163.319, 0.000136438, -93.1225
2715, 45.24167, 0.262262, -163.343, 0.000136428, -93.143
2715, 45.25000, 0.262197, -163.367, 0.000136418, -93.1634
2716, 45.25833, 0.262132, -163.39, 0.000136409, -93.1839
2716, 45.26667, 0.262067, -163.414, 0.0001364, -93.2043
2717, 45.27500, 0.262003, -163.437, 0.00013639, -93.2247
2717, 45.28333, 0.261939, -163.461, 0.000136381, -93.2451
2717, 45.29167, 0.261875, -163.484, 0.000136373, -93.2655
2718, 45.30000, 0.261811, -163.508, 0.000136364, -93.2859
2719, 45.30833, 0.261748, -163.531, 0.000136355, -93.3063
2719, 45.31667, 0.261685, -163.555, 0.000136347, -93.3267
2720, 45.32500, 0.261622, -163.578, 0.000136339, -93.3471
2720, 45.33333, 0.26156, -163.601, 0.000136331, -93.3674
2721, 45.34167, 0.261498, -163.625, 0.000136323, -93.3878
2721, 45.35000, 0.261436, -163.648, 0.000136315, -93.4081
2721, 45.35833, 0.261375, -163.672, 0.000136307, -93.4284
2722, 45.36667, 0.261314, -163.695, 0.0001363, -93.4487
2723, 45.37500, 0.261253, -163.718, 0.000136292, -93.469
2723, 45.38333, 0.261192, -163.742, 0.000136285, -93.4893
2724, 45.39167, 0.261132, -163.765, 0.000136278, -93.5096
2724, 45.40000, 0.261072, -163.789, 0.000136271, -93.5299
2725, 45.40833, 0.261012, -163.812, 0.000136264, -93.5502
2725, 45.41667, 0.260953, -163.835, 0.000136258, -93.5704
2725, 45.42500, 0.260894, -163.859, 0.000136251, -93.5907
2726, 45.43333, 0.260835, -163.882, 0.000136245, -93.6109
2727, 45.44167, 0.260776, -163.905, 0.000136238, -93.6312
2727, 45.45000, 0.260718, -163.928, 0.000136232, -93.6514
2728, 45.45833, 0.26066, -163.952, 0.000136226, -93.6716
2728, 45.46667, 0.260602, -163.975, 0.00013622, -93.6918
2729, 45.47500, 0.260545, -163.998, 0.000136215, -93.712
2729, 45.48333, 0.260488, -164.022, 0.000136209, -93.7322
2729, 45.49167, 0.260431, -164.045, 0.000136203, -93.7524
2730, 45.50000, 0.260374, -164.068, 0.000136198, -93.7726
2731, 45.50833, 0.260318, -164.091, 0.000136193, -93.7927
2731, 45.51667, 0.260262, -164.114, 0.000136188, -93.8129
2732, 45.52500, 0.260206, -164.138, 0.000136183, -93.833
2732, 45.53333, 0.26015, -164.161, 0.000136178, -93.8532
2733, 45.54167, 0.260095, -164.184, 0.000136174, -93.8733
2733, 45.55000, 0.26004, -164.207, 0.000136169, -93.8934
2733, 45.55833, 0.259985, -164.23, 0.000136165, -93.9135
2734, 45.56667, 0.259931, -164.254, 0.00013616, -93.9336
2735, 45.57500, 0.259877, -164.277, 0.000136156, -93.9537
2735, 45.58333, 0.259823, -164.3, 0.000136152, -93.9738
2736, 45.59167, 0.259769, -164.323, 0.000136148, -93.9939
2736, 45.60000, 0.259716, -164.346, 0.000136144, -94.014
2737, 45.60833, 0.259662, -164.369, 0.000136141, -94.034
2737, 45.61667, 0.259609, -164.392, 0.000136137, -94.0541
2737, 45.62500, 0.259557, -164.415, 0.000136134, -94.0741
2738, 45.63333, 0.259504, -164.438, 0.000136131, -94.0942
2739, 45.64167, 0.259452, -164.462, 0.000136128, -94.1142
2739, 45.65000, 0.2594, -164.485, 0.000136125, -94.1342
2740, 45.65833, 0.259349, -164.508, 0.000136122, -94.1542
2740, 45.66667, 0.259297, -164.531, 0.000136119, -94.1743
2741, 45.67500, 0.259246, -164.554, 0.000136116, -94.1943
2741, 45.68333, 0.259195, -164.577, 0.000136114, -94.2142
2741, 45.69167, 0.259145, -164.6, 0.000136111, -94.2342
2742, 45.70000, 0.259094, -164.623, 0.000136109, -94.2542
2743, 45.70833, 0.259044, -164.646, 0.000136107, -94.2742
2743, 45.71667, 0.258994, -164.669, 0.000136105, -94.2941
2744, 45.72500, 0.258945, -164.692, 0.000136103, -94.3141
2744, 45.73333, 0.258895, -164.715, 0.000136101, -94.334
2745, 45.74167, 0.258846, -164.738, 0.0001361, -94.354
2745, 45.75000, 0.258797, -164.761, 0.000136098, -94.3739
2745, 45.75833, 0.258749, -164.784, 0.000136097, -94.3938
2746, 45.76667, 0.2587, -164.807, 0.000136095, -94.4138
2747, 45.77500, 0.258652, -164.829, 0.000136094, -94.4337
2747, 45.78333, 0.258604, -164.852, 0.000136093, -94.4536
2748, 45.79167, 0.258556, -164.875, 0.000136092, -94.4735
2748, 45.80000, 0.258509, -164.898, 0.000136091, -94.4933
2749, 45.80833, 0.258462, -164.921, 0.00013609, -94.5132
2749, 45.81667, 0.258415, -164.944, 0.00013609, -94.5331
2749, 45.82500, 0.258368, -164.967, 0.000136089, -94.553
2750, 45.83333, 0.258322, -164.99, 0.000136089, -94.5728
2751, 45.84167, 0.258275, -165.013, 0.000136089, -94.5927
2751, 45.85000, 0.258229, -165.035, 0.000136089, -94.6125
2752, 45.85833, 0.258183, -165.058, 0.000136089, -94.6323
2752, 45.86667, 0.258138, -165.081, 0.000136089, -94.6522
2753, 45.87500, 0.258093, -165.104, 0.000136089, -94.672
2753, 45.88333, 0.258047, -165.127, 0.000136089, -94.6918
2753, 45.89167, 0.258002, -165.15, 0.00013609, -94.7116
2754, 45.90000, 0.257958, -165.172, 0.00013609, -94.7314
2755, 45.90833, 0.257913, -165.195, 0.000136091, -94.7512
2755, 45.91667, 0.257869, -165.218, 0.000136092, -94.771
2756, 45.92500, 0.257825, -165.241, 0.000136092, -94.7907
2756, 45.93333, 0.257781, -165.264, 0.000136093, -94.8105
2757, 45.94167, 0.257738, -165.286, 0.000136095, -94.8303
2757, 45.95000, 0.257695, -165.309, 0.000136096, -94.85
2758, 45.95833, 0.257651, -165.332, 0.000136097, -94.8698
2758, 45.96667, 0.257609, -165.355, 0.000136098, -94.8895
2759, 45.97500, 0.257566, -165.377, 0.0001361, -94.9092
2759, 45.98333, 0.257524, -165.4, 0.000136102, -94.929
2760, 45.99167, 0.257481, -165.423, 0.000136103, -94.9487
2760, 46.00000, 0.257439, -165.445, 0.000136105, -94.9684
2761, 46.00833, 0.257398, -165.468, 0.000136107, -94.9881
2761, 46.01667, 0.257356, -165.491, 0.000136109, -95.0078
2762, 46.02500, 0.257315, -165.513, 0.000136112, -95.0275
2762, 46.03333, 0.257274, -165.536, 0.000136114, -95.0471
2763, 46.04167, 0.257233, -165.559, 0.000136116, -95.0668
2763, 46.05000, 0.257192, -165.581, 0.000136119, -95.0865
2764, 46.05833, 0.257151, -165.604, 0.000136121, -95.1061
2764, 46.06667, 0.257111, -165.627, 0.000136124, -95.1258
2765, 46.07500, 0.257071, -165.649, 0.000136127, -95.1454
2765, 46.08333, 0.257031, -165.672, 0.00013613, -95.165
2766, 46.09167, 0.256992, -165.694, 0.000136133, -95.1847
2766, 46.10000, 0.256952, -165.717, 0.000136136, -95.2043
2767, 46.10833, 0.256913, -165.74, 0.000136139, -95.2239
2767, 46.11667, 0.256874, -165.762, 0.000136143, -95.2435
2768, 46.12500, 0.256835, -165.785, 0.000136146, -95.2631
2768, 46.13333, 0.256797, -165.807, 0.00013615, -95.2827
2769, 46.14167, 0.256758, -165.83, 0.000136153, -95.3022
2769, 46.15000, 0.25672, -165.852, 0.000136157, -95.3218
2770, 46.15833, 0.256682, -165.875, 0.000136161, -95.3414
2770, 46.16667, 0.256644, -165.897, 0.000136165, -95.3609
2771, 46.17500, 0.256607, -165.92, 0.000136169, -95.3805
2771, 46.18333, 0.256569, -165.943, 0.000136173, -95.4
2772, 46.19167, 0.256532, -165.965, 0.000136177, -95.4195
2772, 46.20000, 0.256495, -165.987, 0.000136182, -95.439
2773, 46.20833, 0.256458, -166.01, 0.000136186, -95.4586
2773, 46.21667, 0.256422, -166.032, 0.000136191, -95.4781
2774, 46.22500, 0.256386, -166.055, 0.000136195, -95.4976
2774, 46.23333, 0.256349, -166.077, 0.0001362, -95.5171
2775, 46.24167, 0.256313, -166.1, 0.000136205, -95.5365
2775, 46.25000, 0.256278, -166.122, 0.00013621, -95.556
2776, 46.25833, 0.256242, -166.145, 0.000136215, -95.5755
2776, 46.26667, 0.256207, -166.167, 0.00013622, -95.5949
2777, 46.27500, 0.256172, -166.189, 0.000136226, -95.6144
2777, 46.28333, 0.256137, -166.212, 0.000136231, -95.6338
2778, 46.29167, 0.256102, -166.234, 0.000136236, -95.6533
2778, 46.30000, 0.256067, -166.257, 0.000136242, -95.6727
2779, 46.30833, 0.256033, -166.279, 0.000136248, -95.6921
2779, 46.31667, 0.255999, -166.301, 0.000136253, -95.7115
2780, 46.32500, 0.255965, -166.324, 0.000136259, -95.7309
2780, 46.33333, 0.255931, -166.346, 0.000136265, -95.7503
2781, 46.34167, 0.255897, -166.368, 0.000136271, -95.7697
2781, 46.35000, 0.255864, -166.391, 0.000136277, -95.7891
2782, 46.35833, 0.255831, -166.413, 0.000136284, -95.8084
2782, 46.36667, 0.255798, -166.435, 0.00013629, -95.8278
2783, 46.37500, 0.255765, -166.458, 0.000136297, -95.8471
2783, 46.38333, 0.255732, -166.48, 0.000136303, -95.8665
2784, 46.39167, 0.2557, -166.502, 0.00013631, -95.8858
2784, 46.40000, 0.255668, -166.524, 0.000136316, -95.9051
2785, 46.40833, 0.255636, -166.547, 0.000136323, -95.9245
2785, 46.41667, 0.255604, -166.569, 0.00013633, -95.9438
2786, 46.42500, 0.255572, -166.591, 0.000136337, -95.9631
2786, 46.43333, 0.255541, -166.613, 0.000136344, -95.9823
2787, 46.44167, 0.255509, -166.636, 0.000136352, -96.0016
2787, 46.45000, 0.255478, -166.658, 0.000136359, -96.0209
2788, 46.45833, 0.255447, -166.68, 0.000136366, -96.0402
2788, 46.46667, 0.255416, -166.702, 0.000136374, -96.0594
2789, 46.47500, 0.255386, -166.724, 0.000136381, -96.0787
2789, 46.48333, 0.255355, -166.746, 0.000136389, -96.0979
2790, 46.49167, 0.255325, -166.769, 0.000136397, -96.1171
2790, 46.50000, 0.255295, -166.791, 0.000136405, -96.1363
2791, 46.50833, 0.255265, -166.813, 0.000136413, -96.1555
2791, 46.51667, 0.255236, -166.835, 0.000136421, -96.1748
2792, 46.52500, 0.255206, -166.857, 0.000136429, -96.1939
2792, 46.53333, 0.255177, -166.879, 0.000136437, -96.2131
2793, 46.54167, 0.255148, -166.901, 0.000136445, -96.2323
2793, 46.55000, 0.255119, -166.923, 0.000136454, -96.2514
2794, 46.55833, 0.25509, -166.945, 0.000136462, -96.2706
2794, 46.56667, 0.255062, -166.967, 0.000136471, -96.2897
2795, 46.57500, 0.255034, -166.99, 0.00013648, -96.3089
2795, 46.58333, 0.255005, -167.012, 0.000136489, -96.328
2796, 46.59167, 0.254977, -167.034, 0.000136498, -96.3471
2796, 46.60000, 0.25495, -167.056, 0.000136507, -96.3662
2797, 46.60833, 0.254922, -167.078, 0.000136516, -96.3853
2797, 46.61667, 0.254894, -167.1, 0.000136525, -96.4044
2798, 46.62500, 0.254867, -167.122, 0.000136534, -96.4235
2798, 46.63333, 0.25484, -167.144, 0.000136543, -96.4426
2799, 46.64167, 0.254813, -167.166, 0.000136553, -96.4616
2799, 46.65000, 0.254786, -167.187, 0.000136562, -96.4807
2800, 46.65833, 0.25476, -167.209, 0.000136572, -96.4997
2800, 46.66667, 0.254734, -167.231, 0.000136582, -96.5187
2801, 46.67500, 0.254707, -167.253, 0.000136592, -96.5377
2801, 46.68333, 0.254681, -167.275, 0.000136602, -96.5568
2802, 46.69167, 0.254656, -167.297, 0.000136612, -96.5758
2802, 46.70000, 0.25463, -167.319, 0.000136622, -96.5947
2803, 46.70833, 0.254604, -167.341, 0.000136632, -96.6137
2803, 46.71667, 0.254579, -167.363, 0.000136642, -96.6327
2804, 46.72500, 0.254554, -167.385, 0.000136652, -96.6516
2804, 46.73333, 0.254529, -167.406, 0.000136663, -96.6706
2805, 46.74167, 0.254504, -167.428, 0.000136673, -96.6895
2805, 46.75000, 0.25448, -167.45, 0.000136684, -96.7085
2806, 46.75833, 0.254455, -167.472, 0.000136695, -96.7274
2806, 46.76667, 0.254431, -167.494, 0.000136706, -96.7463
2807, 46.77500, 0.254407, -167.515, 0.000136717, -96.7652
2807, 46.78333, 0.254383, -167.537, 0.000136728, -96.7841
2808, 46.79167, 0.254359, -167.559, 0.000136739, -96.8029
2808, 46.80000, 0.254336, -167.581, 0.00013675, -96.8218
2809, 46.80833, 0.254312, -167.602, 0.000136761, -96.8406
2809, 46.81667, 0.254289, -167.624, 0.000136773, -96.8595
2810, 46.82500, 0.254266, -167.646, 0.000136784, -96.8783
2810, 46.83333, 0.254243, -167.668, 0.000136796, -96.8971
2811, 46.84167, 0.254221, -167.689, 0.000136807, -96.916
2811, 46.85000, 0.254198, -167.711, 0.000136819, -96.9348
2812, 46.85833, 0.254176, -167.733, 0.000136831, -96.9535
2812, 46.86667, 0.254154, -167.754, 0.000136843, -96.9723
2813, 46.87500, 0.254132, -167.776, 0.000136855, -96.9911
2813, 46.88333, 0.25411, -167.798, 0.000136867, -97.0098
2814, 46.89167, 0.254088, -167.819, 0.000136879, -97.0286
2814, 46.90000, 0.254067, -167.841, 0.000136891, -97.0473
2814, 46.90833, 0.254046, -167.862, 0.000136904, -97.0661
2815, 46.91667, 0.254025, -167.884, 0.000136916, -97.0848
2816, 46.92500, 0.254004, -167.905, 0.000136929, -97.1035
2816, 46.93333, 0.253983, -167.927, 0.000136941, -97.1222
2817, 46.94167, 0.253962, -167.949, 0.000136954, -97.1408
2817, 46.95000, 0.253942, -167.97, 0.000136967, -97.1595
2818, 46.95833, 0.253922, -167.992, 0.00013698, -97.1782
2818, 46.96667, 0.253902, -168.013, 0.000136993, -97.1968
2818, 46.97500, 0.253882, -168.035, 0.000137006, -97.2154
2819, 46.98333, 0.253862, -168.056, 0.000137019, -97.2341
2820, 46.99167, 0.253843, -168.078, 0.000137032, -97.2527
2820, 47.00000, 0.253823, -168.099, 0.000137046, -97.2713
2821, 47.00833, 0.253804, -168.12, 0.000137059, -97.2899
2821, 47.01667, 0.253785, -168.142, 0.000137073, -97.3084
2822, 47.02500, 0.253766, -168.163, 0.000137086, -97.327
2822, 47.03333, 0.253747, -168.185, 0.0001371, -97.3456
2822, 47.04167, 0.253729, -168.206, 0.000137114, -97.3641
2823, 47.05000, 0.253711, -168.228, 0.000137128, -97.3826
2824, 47.05833, 0.253692, -168.249, 0.000137142, -97.4011
2824, 47.06667, 0.253674, -168.27, 0.000137156, -97.4197
2825, 47.07500, 0.253657, -168.292, 0.00013717, -97.4381
2825, 47.08333, 0.253639, -168.313, 0.000137184, -97.4566
2826, 47.09167, 0.253622, -168.334, 0.000137198, -97.4751
2826, 47.10000, 0.253604, -168.356, 0.000137213, -97.4936
2826, 47.10833, 0.253587, -168.377, 0.000137227, -97.512
2827, 47.11667, 0.25357, -168.398, 0.000137242, -97.5304
2828, 47.12500, 0.253553, -168.419, 0.000137257, -97.5489
2828, 47.13333, 0.253537, -168.441, 0.000137272, -97.5673
2829, 47.14167, 0.25352, -168.462, 0.000137287, -97.5857
2829, 47.15000, 0.253504, -168.483, 0.000137302, -97.6041
2830, 47.15833, 0.253488, -168.504, 0.000137317, -97.6224
2830, 47.16667, 0.253472, -168.525, 0.000137332, -97.6408
2830, 47.17500, 0.253457, -168.547, 0.000137347, -97.6592
2831, 47.18333, 0.253441, -168.568, 0.000137362, -97.6775
2832, 47.19167, 0.253426, -168.589, 0.000137378, -97.6958
2832, 47.20000, 0.25341, -168.61, 0.000137393, -97.7141
2833, 47.20833, 0.253395, -168.631, 0.000137409, -97.7324
2833, 47.21667, 0.25338, -168.652, 0.000137425, -97.7507
2834, 47.22500, 0.253366, -168.674, 0.000137441, -97.769
2834, 47.23333, 0.253351, -168.695, 0.000137457, -97.7873
2834, 47.24167, 0.253337, -168.716, 0.000137473, -97.8055
2835, 47.25000, 0.253323, -168.737, 0.000137489, -97.8238
2836, 47.25833, 0.253309, -168.758, 0.000137505, -97.842
2836, 47.26667, 0.253295, -168.779, 0.000137521, -97.8602
2837, 47.27500, 0.253281, -168.8, 0.000137537, -97.8784
2837, 47.28333, 0.253268, -168.821, 0.000137554, -97.8966
2838, 47.29167, 0.253255, -168.842, 0.000137571, -97.9148
2838, 47.30000, 0.253241, -168.863, 0.000137587, -97.9329
2838, 47.30833, 0.253228, -168.884, 0.000137604, -97.9511
2839, 47.31667, 0.253216, -168.905, 0.000137621, -97.9692
2840, 47.32500, 0.253203, -168.926, 0.000137638, -97.9874
2840, 47.33333, 0.253191, -168.947, 0.000137655, -98.0055
2841, 47.34167, 0.253178, -168.968, 0.000137672, -98.0236
2841, 47.35000, 0.253166, -168.988, 0.000137689, -98.0417
2842, 47.35833, 0.253154, -169.009, 0.000137706, -98.0597
2842, 47.36667, 0.253143, -169.03, 0.000137724, -98.0778
2842, 47.37500, 0.253131, -169.051, 0.000137741, -98.0959
2843, 47.38333, 0.25312, -169.072, 0.000137759, -98.1139
2844, 47.39167, 0.253109, -169.093, 0.000137777, -98.1319
2844, 47.40000, 0.253098, -169.114, 0.000137794, -98.1499
2845, 47.40833, 0.253087, -169.134, 0.000137812, -98.1679
2845, 47.41667, 0.253076, -169.155, 0.00013783, -98.1859
2846, 47.42500, 0.253066, -169.176, 0.000137848, -98.2039
2846, 47.43333, 0.253055, -169.197, 0.000137867, -98.2219
2846, 47.44167, 0.253045, -169.218, 0.000137885, -98.2398
2847, 47.45000, 0.253035, -169.238, 0.000137903, -98.2578
2848, 47.45833, 0.253026, -169.259, 0.000137922, -98.2757
2848, 47.46667, 0.253016, -169.28, 0.00013794, -98.2936
2849, 47.47500, 0.253007, -169.3, 0.000137959, -98.3115
2849, 47.48333, 0.252997, -169.321, 0.000137978, -98.3294
2850, 47.49167, 0.252988, -169.342, 0.000137996, -98.3473
2850, 47.50000, 0.252979, -169.362, 0.000138015, -98.3651
2850, 47.50833, 0.252971, -169.383, 0.000138034, -98.383
2851, 47.51667, 0.252962, -169.404, 0.000138053, -98.4008
2852, 47.52500, 0.252954, -169.424, 0.000138073, -98.4186
2852, 47.53333, 0.252946, -169.445, 0.000138092, -98.4364
2853, 47.54167, 0.252938, -169.465, 0.000138111, -98.4542
2853, 47.55000, 0.25293, -169.486, 0.000138131, -98.472
2854, 47.55833, 0.252922, -169.507, 0.000138151, -98.4898
2854, 47.56667, 0.252915, -169.527, 0.00013817, -98.5076
2854, 47.57500, 0.252908, -169.548, 0.00013819, -98.5253
2855, 47.58333, 0.252901, -169.568, 0.00013821, -98.543
2856, 47.59167, 0.252894, -169.589, 0.00013823, -98.5607
2856, 47.60000, 0.252887, -169.609, 0.00013825, -98.5785
2857, 47.60833, 0.25288, -169.63, 0.00013827, -98.5962
2857, 47.61667, 0.252874, -169.65, 0.000138291, -98.6138
2858, 47.62500, 0.252868, -169.671, 0.000138311, -98.6315
2858, 47.63333, 0.252862, -169.691, 0.000138332, -98.6492
2858, 47.64167, 0.252856, -169.711, 0.000138352, -98.6668
2859, 47.65000, 0.252851, -169.732, 0.000138373, -98.6844
2860, 47.65833, 0.252845, -169.752, 0.000138394, -98.702
2860, 47.66667, 0.25284, -169.773, 0.000138415, -98.7197
2861, 47.67500, 0.252835, -169.793, 0.000138436, -98.7373
2861, 47.68333, 0.25283, -169.813, 0.000138457, -98.7548
2862, 47.69167, 0.252825, -169.834, 0.000138478, -98.7724
2862, 47.70000, 0.252821, -169.854, 0.000138499, -98.79
2862, 47.70833, 0.252816, -169.874, 0.000138521, -98.8075
2863, 47.71667, 0.252812, -169.895, 0.000138542, -98.825
2864, 47.72500, 0.252808, -169.915, 0.000138564, -98.8425
2864, 47.73333, 0.252805, -169.935, 0.000138586, -98.86
2865, 47.74167, 0.252801, -169.955, 0.000138607, -98.8775
2865, 47.75000, 0.252798, -169.976, 0.000138629, -98.895
2866, 47.75833, 0.252794, -169.996, 0.000138651, -98.9125
2866, 47.76667, 0.252791, -170.016, 0.000138673, -98.9299
2866, 47.77500, 0.252789, -170.036, 0.000138696, -98.9474
2867, 47.78333, 0.252786, -170.056, 0.000138718, -98.9648
2868, 47.79167, 0.252783, -170.077, 0.00013874, -98.9822
2868, 47.80000, 0.252781, -170.097, 0.000138763, -98.9996
2869, 47.80833, 0.252779, -170.117, 0.000138786, -99.017
2869, 47.81667, 0.252777, -170.137, 0.000138808, -99.0344
2870, 47.82500, 0.252776, -170.157, 0.000138831, -99.0518
2870, 47.83333, 0.252774, -170.177, 0.000138854, -99.0691
2870, 47.84167, 0.252773, -170.197, 0.000138877, -99.0865
2871, 47.85000, 0.252772, -170.217, 0.0001389, -99.1038
2872, 47.85833, 0.252771, -170.238, 0.000138924, -99.1211
2872, 47.86667, 0.25277, -170.258, 0.000138947, -99.1384
2873, 47.87500, 0.252769, -170.278, 0.000138971, -99.1557
2873, 47.88333, 0.252769, -170.298, 0.000138994, -99.173
2874, 47.89167, 0.252769, -170.318, 0.000139018, -99.1903
2874, 47.90000, 0.252769, -170.338, 0.000139042, -99.2075
2874, 47.90833, 0.252769, -170.358, 0.000139066, -99.2248
2875, 47.91667, 0.25277, -170.378, 0.00013909, -99.242
2876, 47.92500, 0.25277, -170.398, 0.000139114, -99.2592
2876, 47.93333, 0.252771, -170.418, 0.000139138, -99.2764
2877, 47.94167, 0.252772, -170.437, 0.000139162, -99.2936
2877, 47.95000, 0.252773, -170.457, 0.000139187, -99.3108
2878, 47.95833, 0.252775, -170.477, 0.000139211, -99.328
2878, 47.96667, 0.252776, -170.497, 0.000139236, -99.3452
2878, 47.97500, 0.252778, -170.517, 0.000139261, -99.3623
2879, 47.98333, 0.25278, -170.537, 0.000139286, -99.3795
2880, 47.99167, 0.252782, -170.557, 0.000139311, -99.3966
2880, 48.00000, 0.252784, -170.577, 0.000139336, -99.4137
2881, 48.00833, 0.252787, -170.597, 0.000139361, -99.4308
2881, 48.01667, 0.25279, -170.616, 0.000139386, -99.4479
2882, 48.02500, 0.252793, -170.636, 0.000139412, -99.465
2882, 48.03333, 0.252796, -170.656, 0.000139437, -99.4821
2883, 48.04167, 0.252799, -170.676, 0.000139463, -99.4991
2883, 48.05000, 0.252803, -170.696, 0.000139489, -99.5162
2884, 48.05833, 0.252807, -170.715, 0.000139515, -99.5332
2884, 48.06667, 0.25281, -170.735, 0.000139541, -99.5502
2885, 48.07500, 0.252815, -170.755, 0.000139567, -99.5673
2885, 48.08333, 0.252819, -170.775, 0.000139593, -99.5843
2886, 48.09167, 0.252824, -170.794, 0.000139619, -99.6013
2886, 48.10000, 0.252828, -170.814, 0.000139646, -99.6182
2887, 48.10833, 0.252833, -170.834, 0.000139672, -99.6352
2887, 48.11667, 0.252838, -170.853, 0.000139699, -99.6522
2888, 48.12500, 0.252844, -170.873, 0.000139726, -99.6691
2888, 48.13333, 0.252849, -170.893, 0.000139753, -99.6861
2889, 48.14167, 0.252855, -170.912, 0.00013978, -99.703
2889, 48.15000, 0.252861, -170.932, 0.000139807, -99.7199
2890, 48.15833, 0.252867, -170.952, 0.000139834, -99.7368
2890, 48.16667, 0.252874, -170.971, 0.000139861, -99.7537
2891, 48.17500, 0.25288, -170.991, 0.000139889, -99.7706
2891, 48.18333, 0.252887, -171.01, 0.000139916, -99.7875
2892, 48.19167, 0.252894, -171.03, 0.000139944, -99.8044
2892, 48.20000, 0.252901, -171.049, 0.000139972, -99.8212
2893, 48.20833, 0.252909, -171.069, 0.00014, -99.8381
2893, 48.21667, 0.252916, -171.089, 0.000140028, -99.8549
2894, 48.22500, 0.252924, -171.108, 0.000140056, -99.8717
2894, 48.23333, 0.252932, -171.128, 0.000140084, -99.8886
2895, 48.24167, 0.25294, -171.147, 0.000140113, -99.9054
2895, 48.25000, 0.252949, -171.167, 0.000140141, -99.9222
2896, 48.25833, 0.252957, -171.186, 0.00014017, -99.939
2896, 48.26667, 0.252966, -171.206, 0.000140199, -99.9557
2897, 48.27500, 0.252975, -171.225, 0.000140227, -99.9725
2897, 48.28333, 0.252984, -171.245, 0.000140256, -99.9893
2898, 48.29167, 0.252994, -171.264, 0.000140286, -100.006
2898, 48.30000, 0.253004, -171.283, 0.000140315, -100.023
2899, 48.30833, 0.253014, -171.303, 0.000140344, -100.04
2899, 48.31667, 0.253024, -171.322, 0.000140374, -100.056
2900, 48.32500, 0.253034, -171.342, 0.000140403, -100.073
2900, 48.33333, 0.253044, -171.361, 0.000140433, -100.09
2901, 48.34167, 0.253055, -171.38, 0.000140463, -100.106
2901, 48.35000, 0.253066, -171.4, 0.000140493, -100.123
2902, 48.35833, 0.253077, -171.419, 0.000140523, -100.14
2902, 48.36667, 0.253089, -171.439, 0.000140553, -100.156
2903, 48.37500, 0.2531, -171.458, 0.000140583, -100.173
2903, 48.38333, 0.253112, -171.477, 0.000140614, -100.19
2904, 48.39167, 0.253124, -171.497, 0.000140644, -100.206
2904, 48.40000, 0.253136, -171.516, 0.000140675, -100.223
2905, 48.40833, 0.253149, -171.535, 0.000140706, -100.24
2905, 48.41667, 0.253161, -171.555, 0.000140737, -100.256
2906, 48.42500, 0.253174, -171.574, 0.000140768, -100.273
2906, 48.43333, 0.253187, -171.593, 0.000140799, -100.289
2907, 48.44167, 0.253201, -171.612, 0.00014083, -100.306
2907, 48.45000, 0.253214, -171.632, 0.000140861, -100.323
2908, 48.45833, 0.253228, -171.651, 0.000140893, -100.339
2908, 48.46667, 0.253242, -171.67, 0.000140925, -100.356
2909, 48.47500, 0.253256, -171.689, 0.000140956, -100.372
2909, 48.48333, 0.253271, -171.709, 0.000140988, -100.389
2910, 48.49167, 0.253285, -171.728, 0.00014102, -100.406
2910, 48.50000, 0.2533, -171.747, 0.000141052, -100.422
2911, 48.50833, 0.253315, -171.766, 0.000141085, -100.439
2911, 48.51667, 0.25333, -171.786, 0.000141117, -100.455
2912, 48.52500, 0.253346, -171.805, 0.00014115, -100.472
2912, 48.53333, 0.253361, -171.824, 0.000141182, -100.488
2913, 48.54167, 0.253377, -171.843, 0.000141215, -100.505
2913, 48.55000, 0.253394, -171.862, 0.000141248, -100.521
2914, 48.55833, 0.25341, -171.881, 0.000141281, -100.538
2914, 48.56667, 0.253426, -171.901, 0.000141314, -100.554
2915, 48.57500, 0.253443, -171.92, 0.000141347, -100.571
2915, 48.58333, 0.25346, -171.939, 0.000141381, -100.587
2916, 48.59167, 0.253478, -171.958, 0.000141414, -100.604
2916, 48.60000, 0.253495, -171.977, 0.000141448, -100.62
2917, 48.60833, 0.253513, -171.996, 0.000141482, -100.637
2917, 48.61667, 0.253531, -172.015, 0.000141516, -100.653
2918, 48.62500, 0.253549, -172.035, 0.00014155, -100.67
2918, 48.63333, 0.253567, -172.054, 0.000141584, -100.686
2919, 48.64167, 0.253586, -172.073, 0.000141618, -100.703
2919, 48.65000, 0.253605, -172.092, 0.000141653, -100.719
2920, 48.65833, 0.253624, -172.111, 0.000141687, -100.735
2920, 48.66667, 0.253643, -172.13, 0.000141722, -100.752
2921, 48.67500, 0.253662, -172.149, 0.000141757, -100.768
2921, 48.68333, 0.253682, -172.168, 0.000141792, -100.785
2922, 48.69167, 0.253702, -172.187, 0.000141827, -100.801
2922, 48.70000, 0.253722, -172.206, 0.000141862, -100.818
2923, 48.70833, 0.253743, -172.225, 0.000141898, -100.834
2923, 48.71667, 0.253763, -172.244, 0.000141933, -100.85
2924, 48.72500, 0.253784, -172.263, 0.000141969, -100.867
2924, 48.73333, 0.253805, -172.283, 0.000142004, -100.883
2925, 48.74167, 0.253826, -172.302, 0.00014204, -100.9
2925, 48.75000, 0.253848, -172.321, 0.000142076, -100.916
2926, 48.75833, 0.25387, -172.34, 0.000142113, -100.932
2926, 48.76667, 0.253892, -172.359, 0.000142149, -100.949
2927, 48.77500, 0.253914, -172.378, 0.000142185, -100.965
2927, 48.78333, 0.253936, -172.397, 0.000142222, -100.981
2928, 48.79167, 0.253959, -172.416, 0.000142258, -100.998
2928, 48.80000, 0.253982, -172.435, 0.000142295, -101.014
2929, 48.80833, 0.254005, -172.454, 0.000142332, -101.031
2929, 48.81667, 0.254028, -172.473, 0.000142369, -101.047
2930, 48.82500, 0.254052, -172.492, 0.000142407, -101.063
2930, 48.83333, 0.254076, -172.511, 0.000142444, -101.08
2931, 48.84167, 0.2541, -172.53, 0.000142481, -101.096
2931, 48.85000, 0.254124, -172.549, 0.000142519, -101.112
2932, 48.85833, 0.254149, -172.568, 0.000142557, -101.129
2932, 48.86667, 0.254173, -172.587, 0.000142595, -101.145
2933, 48.87500, 0.254198, -172.606, 0.000142633, -101.161
2933, 48.88333, 0.254224, -172.625, 0.000142671, -101.178
2934, 48.89167, 0.254249, -172.644, 0.000142709, -101.194
2934, 48.90000, 0.254275, -172.663, 0.000142748, -101.21
2935, 48.90833, 0.254301, -172.682, 0.000142786, -101.227
2935, 48.91667, 0.254327, -172.701, 0.000142825, -101.243
2936, 48.92500, 0.254353, -172.719, 0.000142864, -101.26
2936, 48.93333, 0.25438, -172.738, 0.000142903, -101.276
2937, 48.94167, 0.254407, -172.757, 0.000142942, -101.292
2937, 48.95000, 0.254434, -172.776, 0.000142981, -101.309
2938, 48.95833, 0.254461, -172.795, 0.00014302, -101.325
2938, 48.96667, 0.254488, -172.814, 0.00014306, -101.341
2939, 48.97500, 0.254516, -172.833, 0.0001431, -101.358
2939, 48.98333, 0.254544, -172.852, 0.000143139, -101.374
2940, 48.99167, 0.254573, -172.871, 0.000143179, -101.39
2940, 49.00000, 0.254601, -172.89, 0.000143219, -101.407
2941, 49.00833, 0.25463, -172.909, 0.00014326, -101.423
2941, 49.01667, 0.254659, -172.928, 0.0001433, -101.439
2942, 49.02500, 0.254688, -172.947, 0.000143341, -101.456
2942, 49.03333, 0.254717, -172.966, 0.000143381, -101.472
2943, 49.04167, 0.254747, -172.985, 0.000143422, -101.488
2943, 49.05000, 0.254777, -173.004, 0.000143463, -101.505
2944, 49.05833, 0.254807, -173.023, 0.000143504, -101.521
2944, 49.06667, 0.254837, -173.042, 0.000143545, -101.537
2945, 49.07500, 0.254868, -173.061, 0.000143587, -101.554
2945, 49.08333, 0.254899, -173.08, 0.000143628, -101.57
2946, 49.09167, 0.25493, -173.099, 0.00014367, -101.586
2946, 49.10000, 0.254961, -173.118, 0.000143711, -101.603
2947, 49.10833, 0.254993, -173.136, 0.000143753, -101.619
2947, 49.11667, 0.255025, -173.155, 0.000143795, -101.635
2948, 49.12500, 0.255057, -173.174, 0.000143838, -101.652
2948, 49.13333, 0.255089, -173.193, 0.00014388, -101.668
2949, 49.14167, 0.255122, -173.212, 0.000143922, -101.685
2949, 49.15000, 0.255154, -173.231, 0.000143965, -101.701
2950, 49.15833, 0.255187, -173.25, 0.000144008, -101.717
2950, 49.16667, 0.255221, -173.269, 0.000144051, -101.734
2951, 49.17500, 0.255254, -173.288, 0.000144094, -101.75
2951, 49.18333, 0.255288, -173.307, 0.000144137, -101.766
2952, 49.19167, 0.255322, -173.326, 0.00014418, -101.783
2952, 49.20000, 0.255356, -173.345, 0.000144224, -101.799
2953, 49.20833, 0.255391, -173.364, 0.000144267, -101.816
2953, 49.21667, 0.255425, -173.383, 0.000144311, -101.832
2954, 49.22500, 0.25546, -173.402, 0.000144355, -101.848
2954, 49.23333, 0.255495, -173.421, 0.000144399, -101.865
2955, 49.24167, 0.255531, -173.44, 0.000144443, -101.881
2955, 49.25000, 0.255566, -173.459, 0.000144488, -101.898
2956, 49.25833, 0.255602, -173.478, 0.000144532, -101.914
2956, 49.26667, 0.255639, -173.497, 0.000144577, -101.93
2957, 49.27500, 0.255675, -173.516, 0.000144621, -101.947
2957, 49.28333, 0.255712, -173.535, 0.000144666, -101.963
2958, 49.29167, 0.255748, -173.554, 0.000144711, -101.98
2958, 49.30000, 0.255786, -173.573, 0.000144757, -101.996
2959, 49.30833, 0.255823, -173.592, 0.000144802, -102.013
2959, 49.31667, 0.255861, -173.611, 0.000144848, -102.029
2960, 49.32500, 0.255898, -173.63, 0.000144893, -102.046
2960, 49.33333, 0.255937, -173.649, 0.000144939, -102.062
2961, 49.34167, 0.255975, -173.668, 0.000144985, -102.079
2961, 49.35000, 0.256013, -173.687, 0.000145031, -102.095
2962, 49.35833, 0.256052, -173.706, 0.000145077, -102.111
2962, 49.36667, 0.256091, -173.725, 0.000145124, -102.128
2963, 49.37500, 0.256131, -173.745, 0.00014517, -102.144
2963, 49.38333, 0.25617, -173.764, 0.000145217, -102.161
2964, 49.39167, 0.25621, -173.783, 0.000145264, -102.177
2964, 49.40000, 0.25625, -173.802, 0.000145311, -102.194
2965, 49.40833, 0.25629, -173.821, 0.000145358, -102.211
2965, 49.41667, 0.256331, -173.84, 0.000145405, -102.227
2966, 49.42500, 0.256372, -173.859, 0.000145452, -102.244
2966, 49.43333, 0.256413, -173.878, 0.0001455, -102.26
2967, 49.44167, 0.256454, -173.897, 0.000145548, -102.277
2967, 49.45000, 0.256495, -173.916, 0.000145595, -102.293
2968, 49.45833, 0.256537, -173.936, 0.000145643, -102.31
2968, 49.46667, 0.256579, -173.955, 0.000145692, -102.326
2969, 49.47500, 0.256621, -173.974, 0.00014574, -102.343
2969, 49.48333, 0.256664, -173.993, 0.000145788, -102.36
2970, 49.49167, 0.256707, -174.012, 0.000145837, -102.376
2970, 49.50000, 0.25675, -174.031, 0.000145886, -102.393
2971, 49.50833, 0.256793, -174.05, 0.000145934, -102.409
2971, 49.51667, 0.256836, -174.07, 0.000145983, -102.426
2972, 49.52500, 0.25688, -174.089, 0.000146033, -102.443
2972, 49.53333, 0.256924, -174.108, 0.000146082, -102.459
2973, 49.54167, 0.256968, -174.127, 0.000146131, -102.476
2973, 49.55000, 0.257013, -174.146, 0.000146181, -102.493
2974, 49.55833, 0.257058, -174.166, 0.000146231, -102.509
2974, 49.56667, 0.257102, -174.185, 0.000146281, -102.526
2975, 49.57500, 0.257148, -174.204, 0.000146331, -102.543
2975, 49.58333, 0.257193, -174.223, 0.000146381, -102.559
2976, 49.59167, 0.257239, -174.243, 0.000146431, -102.576
2976, 49.60000, 0.257285, -174.262, 0.000146482, -102.593
2977, 49.60833, 0.257331, -174.281, 0.000146533, -102.61
2977, 49.61667, 0.257377, -174.301, 0.000146584, -102.626
2978, 49.62500, 0.257424, -174.32, 0.000146634, -102.643
2978, 49.63333, 0.257471, -174.339, 0.000146686, -102.66
2979, 49.64167, 0.257518, -174.359, 0.000146737, -102.677
2979, 49.65000, 0.257566, -174.378, 0.000146788, -102.694
2980, 49.65833, 0.257613, -174.397, 0.00014684, -102.71
2980, 49.66667, 0.257661, -174.417, 0.000146892, -102.727
2981, 49.67500, 0.257709, -174.436, 0.000146944, -102.744
2981, 49.68333, 0.257758, -174.455, 0.000146996, -102.761
2982, 49.69167, 0.257806, -174.475, 0.000147048, -102.778
2982, 49.70000, 0.257855, -174.494, 0.0001471, -102.795
2983, 49.70833, 0.257905, -174.513, 0.000147153, -102.811
2983, 49.71667, 0.257954, -174.533, 0.000147205, -102.828
2984, 49.72500, 0.258004, -174.552, 0.000147258, -102.845
2984, 49.73333, 0.258053, -174.572, 0.000147311, -102.862
2985, 49.74167, 0.258104, -174.591, 0.000147364, -102.879
2985, 49.75000, 0.258154, -174.611, 0.000147417, -102.896
2986, 49.75833, 0.258205, -174.63, 0.000147471, -102.913
2986, 49.76667, 0.258256, -174.65, 0.000147524, -102.93
2987, 49.77500, 0.258307, -174.669, 0.000147578, -102.947
2987, 49.78333, 0.258358, -174.689, 0.000147632, -102.964
2988, 49.79167, 0.25841, -174.708, 0.000147686, -102.981
2988, 49.80000, 0.258462, -174.728, 0.00014774, -102.998
2989, 49.80833, 0.258514, -174.747, 0.000147794, -103.015
2989, 49.81667, 0.258566, -174.767, 0.000147849, -103.032
2990, 49.82500, 0.258619, -174.787, 0.000147903, -103.049
2990, 49.83333, 0.258672, -174.806, 0.000147958, -103.066
2991, 49.84167, 0.258725, -174.826, 0.000148013, -103.083
2991, 49.85000, 0.258778, -174.845, 0.000148068, -103.1
2992, 49.85833, 0.258832, -174.865, 0.000148123, -103.118
2992, 49.86667, 0.258886, -174.885, 0.000148179, -103.135
2993, 49.87500, 0.25894, -174.904, 0.000148234, -103.152
2993, 49.88333, 0.258994, -174.924, 0.00014829, -103.169
2994, 49.89167, 0.259049, -174.944, 0.000148346, -103.186
2994, 49.90000, 0.259103, -174.963, 0.000148402, -103.203
2995, 49.90833, 0.259159, -174.983, 0.000148458, -103.221
2995, 49.91667, 0.259214, -175.003, 0.000148514, -103.238
2996, 49.92500, 0.25927, -175.023, 0.00014857, -103.255
2996, 49.93333, 0.259325, -175.043, 0.000148627, -103.272
2997, 49.94167, 0.259381, -175.062, 0.000148684, -103.29
2997, 49.95000, 0.259438, -175.082, 0.000148741, -103.307
2998, 49.95833, 0.259494, -175.102, 0.000148798, -103.324
2998, 49.96667, 0.259551, -175.122, 0.000148855, -103.342
2999, 49.97500, 0.259608, -175.142, 0.000148912, -103.359
2999, 49.98333, 0.259666, -175.161, 0.00014897, -103.376
3000, 49.99167, 0.259723, -175.181, 0.000149028, -103.394
3000, 50.00000, 0.259781, -175.201, 0.000149085, -103.411
3001, 50.00833, 0.259839, -175.221, 0.000149143, -103.429
3001, 50.01667, 0.259897, -175.241, 0.000149201, -103.446
3002, 50.02500, 0.259956, -175.261, 0.00014926, -103.463
3002, 50.03333, 0.260015, -175.281, 0.000149318, -103.481
3003, 50.04167, 0.260074, -175.301, 0.000149377, -103.498
3003, 50.05000, 0.260133, -175.321, 0.000149435, -103.516
3004, 50.05833, 0.260193, -175.341, 0.000149494, -103.533
3004, 50.06667, 0.260253, -175.361, 0.000149553, -103.551
3005, 50.07500, 0.260313, -175.381, 0.000149613, -103.569
3005, 50.08333, 0.260373, -175.401, 0.000149672, -103.586
3006, 50.09167, 0.260433, -175.421, 0.000149732, -103.604
3006, 50.10000, 0.260494, -175.441, 0.000149791, -103.621
3007, 50.10833, 0.260555, -175.462, 0.000149851, -103.639
3007, 50.11667, 0.260616, -175.482, 0.000149911, -103.657
3008, 50.12500, 0.260678, -175.502, 0.000149971, -103.674
3008, 50.13333, 0.26074, -175.522, 0.000150031, -103.692
3009, 50.14167, 0.260802, -175.542, 0.000150092, -103.71
3009, 50.15000, 0.260864, -175.563, 0.000150152, -103.728
3010, 50.15833, 0.260927, -175.583, 0.000150213, -103.745
3010, 50.16667, 0.260989, -175.603, 0.000150274, -103.763
3011, 50.17500, 0.261052, -175.623, 0.000150335, -103.781
3011, 50.18333, 0.261116, -175.644, 0.000150396, -103.799
3012, 50.19167, 0.261179, -175.664, 0.000150458, -103.817
3012, 50.20000, 0.261243, -175.684, 0.000150519, -103.834
3013, 50.20833, 0.261307, -175.705, 0.000150581, -103.852
3013, 50.21667, 0.261371, -175.725, 0.000150643, -103.87
3014, 50.22500, 0.261436, -175.745, 0.000150705, -103.888
3014, 50.23333, 0.2615, -175.766, 0.000150767, -103.906
3015, 50.24167, 0.261565, -175.786, 0.000150829, -103.924
3015, 50.25000, 0.26163, -175.807, 0.000150892, -103.942
3016, 50.25833, 0.261696, -175.827, 0.000150954, -103.96
3016, 50.26667, 0.261762, -175.848, 0.000151017, -103.978
3017, 50.27500, 0.261828, -175.868, 0.00015108, -103.996
3017, 50.28333, 0.261894, -175.889, 0.000151143, -104.014
3018, 50.29167, 0.26196, -175.909, 0.000151206, -104.032
3018, 50.30000, 0.262027, -175.93, 0.00015127, -104.05
3019, 50.30833, 0.262094, -175.951, 0.000151333, -104.069
3019, 50.31667, 0.262161, -175.971, 0.000151397, -104.087
3020, 50.32500, 0.262228, -175.992, 0.000151461, -104.105
3020, 50.33333, 0.262296, -176.013, 0.000151525, -104.123
3021, 50.34167, 0.262364, -176.033, 0.000151589, -104.141
3021, 50.35000, 0.262432, -176.054, 0.000151653, -104.16
3022, 50.35833, 0.262501, -176.075, 0.000151718, -104.178
3022, 50.36667, 0.262569, -176.095, 0.000151782, -104.196
3023, 50.37500, 0.262638, -176.116, 0.000151847, -104.215
3023, 50.38333, 0.262707, -176.137, 0.000151912, -104.233
3024, 50.39167, 0.262777, -176.158, 0.000151977, -104.251
3024, 50.40000, 0.262846, -176.179, 0.000152042, -104.27
3025, 50.40833, 0.262916, -176.2, 0.000152108, -104.288
3025, 50.41667, 0.262986, -176.221, 0.000152173, -104.307
3026, 50.42500, 0.263057, -176.241, 0.000152239, -104.325
3026, 50.43333, 0.263127, -176.262, 0.000152305, -104.343
3027, 50.44167, 0.263198, -176.283, 0.000152371, -104.362
3027, 50.45000, 0.263269, -176.304, 0.000152437, -104.381
3028, 50.45833, 0.26334, -176.325, 0.000152503, -104.399
3028, 50.46667, 0.263412, -176.346, 0.00015257, -104.418
3029, 50.47500, 0.263484, -176.367, 0.000152636, -104.436
3029, 50.48333, 0.263556, -176.389, 0.000152703, -104.455
3030, 50.49167, 0.263628, -176.41, 0.00015277, -104.474
3030, 50.50000, 0.263701, -176.431, 0.000152837, -104.492
3031, 50.50833, 0.263773, -176.452, 0.000152904, -104.511
3031, 50.51667, 0.263847, -176.473, 0.000152972, -104.53
3032, 50.52500, 0.26392, -176.494, 0.000153039, -104.549
3032, 50.53333, 0.263993, -176.516, 0.000153107, -104.567
3033, 50.54167, 0.264067, -176.537, 0.000153175, -104.586
3033, 50.55000, 0.264141, -176.558, 0.000153243, -104.605
3034, 50.55833, 0.264215, -176.579, 0.000153311, -104.624
3034, 50.56667, 0.26429, -176.601, 0.00015338, -104.643
3035, 50.57500, 0.264364, -176.622, 0.000153448, -104.662
3035, 50.58333, 0.264439, -176.644, 0.000153517, -104.681
3036, 50.59167, 0.264515, -176.665, 0.000153586, -104.7
3036, 50.60000, 0.26459, -176.686, 0.000153655, -104.719
3037, 50.60833, 0.264666, -176.708, 0.000153724, -104.738
3037, 50.61667, 0.264742, -176.729, 0.000153793, -104.757
3038, 50.62500, 0.264818, -176.751, 0.000153862, -104.776
3038, 50.63333, 0.264894, -176.772, 0.000153932, -104.795
3039, 50.64167, 0.264971, -176.794, 0.000154002, -104.814
3039, 50.65000, 0.265048, -176.816, 0.000154072, -104.833
3040, 50.65833, 0.265125, -176.837, 0.000154142, -104.852
3040, 50.66667, 0.265202, -176.859, 0.000154212, -104.872
3041, 50.67500, 0.26528, -176.88, 0.000154282, -104.891
3041, 50.68333, 0.265358, -176.902, 0.000154353, -104.91
3042, 50.69167, 0.265436, -176.924, 0.000154423, -104.929
3042, 50.70000, 0.265514, -176.946, 0.000154494, -104.949
3043, 50.70833, 0.265593, -176.967, 0.000154565, -104.968
3043, 50.71667, 0.265671, -176.989, 0.000154636, -104.987
3044, 50.72500, 0.26575, -177.011, 0.000154707, -105.007
3044, 50.73333, 0.26583, -177.033, 0.000154779, -105.026
3045, 50.74167, 0.265909, -177.055, 0.00015485, -105.046
3045, 50.75000, 0.265989, -177.077, 0.000154922, -105.065
3046, 50.75833, 0.266069, -177.099, 0.000154994, -105.085
3046, 50.76667, 0.266149, -177.121, 0.000155066, -105.104
3047, 50.77500, 0.26623, -177.143, 0.000155138, -105.124
3047, 50.78333, 0.26631, -177.165, 0.000155211, -105.143
3048, 50.79167, 0.266391, -177.187, 0.000155283, -105.163
3048, 50.80000, 0.266472, -177.209, 0.000155356, -105.183
3049, 50.80833, 0.266554, -177.231, 0.000155429, -105.202
3049, 50.81667, 0.266636, -177.253, 0.000155502, -105.222
3050, 50.82500, 0.266717, -177.275, 0.000155575, -105.242
3050, 50.83333, 0.2668, -177.297, 0.000155648, -105.262
3051, 50.84167, 0.266882, -177.32, 0.000155722, -105.282
3051, 50.85000, 0.266964, -177.342, 0.000155795, -105.301
3052, 50.85833, 0.267047, -177.364, 0.000155869, -105.321
3052, 50.86667, 0.26713, -177.386, 0.000155943, -105.341
3053, 50.87500, 0.267214, -177.409, 0.000156017, -105.361
3053, 50.88333, 0.267297, -177.431, 0.000156091, -105.381
3054, 50.89167, 0.267381, -177.454, 0.000156166, -105.401
3054, 50.90000, 0.267465, -177.476, 0.00015624, -105.421
3055, 50.90833, 0.267549, -177.499, 0.000156315, -105.441
3055, 50.91667, 0.267634, -177.521, 0.00015639, -105.461
3056, 50.92500, 0.267718, -177.544, 0.000156465, -105.481
3056, 50.93333, 0.267803, -177.566, 0.00015654, -105.502
3057, 50.94167, 0.267889, -177.589, 0.000156615, -105.522
3057, 50.95000, 0.267974, -177.611, 0.000156691, -105.542
3058, 50.95833, 0.26806, -177.634, 0.000156766, -105.562
3058, 50.96667, 0.268146, -177.657, 0.000156842, -105.582
3059, 50.97500, 0.268232, -177.679, 0.000156918, -105.603
3059, 50.98333, 0.268318, -177.702, 0.000156994, -105.623
3060, 50.99167, 0.268405, -177.725, 0.00015707, -105.643
3060, 51.00000, 0.268492, -177.748, 0.000157146, -105.664
3061, 51.00833, 0.268579, -177.77, 0.000157223, -105.684
3061, 51.01667, 0.268666, -177.793, 0.0001573, -105.705
3062, 51.02500, 0.268753, -177.816, 0.000157377, -105.725
3062, 51.03333, 0.268841, -177.839, 0.000157454, -105.746
3063, 51.04167, 0.268929, -177.862, 0.000157531, -105.766
3063, 51.05000, 0.269017, -177.885, 0.000157608, -105.787
3064, 51.05833, 0.269106, -177.908, 0.000157685, -105.808
3064, 51.06667, 0.269195, -177.931, 0.000157763, -105.828
3065, 51.07500, 0.269283, -177.954, 0.000157841, -105.849
3065, 51.08333, 0.269373, -177.977, 0.000157919, -105.87
3066, 51.09167, 0.269462, -178, 0.000157997, -105.89
3066, 51.10000, 0.269552, -178.023, 0.000158075, -105.911
3067, 51.10833, 0.269641, -178.047, 0.000158153, -105.932
3067, 51.11667, 0.269732, -178.07, 0.000158232, -105.953
3068, 51.12500, 0.269822, -178.093, 0.000158311, -105.974
3068, 51.13333, 0.269912, -178.116, 0.000158389, -105.995
3069, 51.14167, 0.270003, -178.14, 0.000158468, -106.016
3069, 51.15000, 0.270094, -178.163, 0.000158548, -106.037
3070, 51.15833, 0.270185, -178.187, 0.000158627, -106.058
3070, 51.16667, 0.270277, -178.21, 0.000158706, -106.079
3071, 51.17500, 0.270369, -178.233, 0.000158786, -106.1
3071, 51.18333, 0.27046, -178.257, 0.000158866, -106.121
3072, 51.19167, 0.270553, -178.28, 0.000158946, -106.142
3072, 51.20000, 0.270645, -178.304, 0.000159026, -106.163
3073, 51.20833, 0.270738, -178.328, 0.000159106, -106.184
3073, 51.21667, 0.27083, -178.351, 0.000159186, -106.206
3074, 51.22500, 0.270923, -178.375, 0.000159267, -106.227
3074, 51.23333, 0.271017, -178.399, 0.000159347, -106.248
3075, 51.24167, 0.27111, -178.422, 0.000159428, -106.27
3075, 51.25000, 0.271204, -178.446, 0.000159509, -106.291
3076, 51.25833, 0.271298, -178.47, 0.00015959, -106.312
3076, 51.26667, 0.271392, -178.494, 0.000159672, -106.334
3077, 51.27500, 0.271487, -178.518, 0.000159753, -106.355
3077, 51.28333, 0.271581, -178.541, 0.000159835, -106.377
3078, 51.29167, 0.271676, -178.565, 0.000159916, -106.398
3078, 51.30000, 0.271771, -178.589, 0.000159998, -106.42
3079, 51.30833, 0.271867, -178.613, 0.00016008, -106.442
3079, 51.31667, 0.271962, -178.637, 0.000160163, -106.463
3080, 51.32500, 0.272058, -178.661, 0.000160245, -106.485
3080, 51.33333, 0.272154, -178.686, 0.000160327, -106.507
3081, 51.34167, 0.27225, -178.71, 0.00016041, -106.529
3081, 51.35000, 0.272347, -178.734, 0.000160493, -106.55
3082, 51.35833, 0.272444, -178.758, 0.000160576, -106.572
3082, 51.36667, 0.27254, -178.782, 0.000160659, -106.594
3083, 51.37500, 0.272638, -178.807, 0.000160742, -106.616
3083, 51.38333, 0.272735, -178.831, 0.000160826, -106.638
3084, 51.39167, 0.272833, -178.855, 0.000160909, -106.66
3084, 51.40000, 0.27293, -178.88, 0.000160993, -106.682
3085, 51.40833, 0.273029, -178.904, 0.000161077, -106.704
3085, 51.41667, 0.273127, -178.928, 0.000161161, -106.726
3086, 51.42500, 0.273225, -178.953, 0.000161245, -106.748
3086, 51.43333, 0.273324, -178.977, 0.000161329, -106.77
3087, 51.44167, 0.273423, -179.002, 0.000161414, -106.793
3087, 51.45000, 0.273522, -179.027, 0.000161499, -106.815
3088, 51.45833, 0.273622, -179.051, 0.000161583, -106.837
3088, 51.46667, 0.273721, -179.076, 0.000161668, -106.859
3089, 51.47500, 0.273821, -179.101, 0.000161753, -106.882
3089, 51.48333, 0.273921, -179.125, 0.000161839, -106.904
3090, 51.49167, 0.274021, -179.15, 0.000161924, -106.927
3090, 51.50000, 0.274122, -179.175, 0.00016201, -106.949
3091, 51.50833, 0.274223, -179.2, 0.000162095, -106.972
3091, 51.51667, 0.274324, -179.225, 0.000162181, -106.994
3092, 51.52500, 0.274425, -179.249, 0.000162267, -107.017
3092, 51.53333, 0.274526, -179.274, 0.000162353, -107.039
3093, 51.54167, 0.274628, -179.299, 0.00016244, -107.062
3093, 51.55000, 0.27473, -179.324, 0.000162526, -107.085
3094, 51.55833, 0.274832, -179.349, 0.000162613, -107.107
3094, 51.56667, 0.274934, -179.375, 0.000162699, -107.13
3095, 51.57500, 0.275037, -179.4, 0.000162786, -107.153
3095, 51.58333, 0.275139, -179.425, 0.000162873, -107.176
3096, 51.59167, 0.275242, -179.45, 0.000162961, -107.199
3096, 51.60000, 0.275345, -179.475, 0.000163048, -107.221
3097, 51.60833, 0.275449, -179.501, 0.000163135, -107.244
3097, 51.61667, 0.275552, -179.526, 0.000163223, -107.267
3098, 51.62500, 0.275656, -179.551, 0.000163311, -107.29
3098, 51.63333, 0.27576, -179.577, 0.000163399, -107.313
3099, 51.64167, 0.275865, -179.602, 0.000163487, -107.337
3099, 51.65000, 0.275969, -179.628, 0.000163575, -107.36
3100, 51.65833, 0.276074, -179.653, 0.000163664, -107.383
3100, 51.66667, 0.276179, -179.679, 0.000163752, -107.406
3101, 51.67500, 0.276284, -179.704, 0.000163841, -107.429
3101, 51.68333, 0.276389, -179.73, 0.00016393, -107.453
3102, 51.69167, 0.276495, -179.755, 0.000164019, -107.476
3102, 51.70000, 0.276601, -179.781, 0.000164108, -107.499
3103, 51.70833, 0.276707, -179.807, 0.000164197, -107.523
3103, 51.71667, 0.276813, -179.833, 0.000164287, -107.546
3104, 51.72500, 0.276919, -179.858, 0.000164376, -107.57
3104, 51.73333, 0.277026, -179.884, 0.000164466, -107.593
3105, 51.74167, 0.277133, -179.91, 0.000164556, -107.617
3105, 51.75000, 0.27724, -179.936, 0.000164646, -107.64
3106, 51.75833, 0.277347, -179.962, 0.000164736, -107.664
3106, 51.76667, 0.277455, -179.988, 0.000164827, -107.688
3107, 51.77500, 0.277563, 179.986, 0.000164917, -107.711
3107, 51.78333, 0.277671, 179.96, 0.000165008, -107.735
3108, 51.79167, 0.277779, 179.934, 0.000165099, -107.759
3108, 51.80000, 0.277887, 179.908, 0.00016519, -107.783
3109, 51.80833, 0.277996, 179.881, 0.000165281, -107.807
3109, 51.81667, 0.278105, 179.855, 0.000165372, -107.831
3110, 51.82500, 0.278214, 179.829, 0.000165464, -107.854
3110, 51.83333, 0.278323, 179.803, 0.000165555, -107.878
3111, 51.84167, 0.278433, 179.776, 0.000165647, -107.903
3111, 51.85000, 0.278542, 179.75, 0.000165739, -107.927
3112, 51.85833, 0.278652, 179.724, 0.000165831, -107.951
3112, 51.86667, 0.278762, 179.697, 0.000165923, -107.975
3113, 51.87500, 0.278873, 179.671, 0.000166015, -107.999
3113, 51.88333, 0.278983, 179.644, 0.000166108, -108.023
3114, 51.89167, 0.279094, 179.617, 0.0001662, -108.048
3114, 51.90000, 0.279205, 179.591, 0.000166293, -108.072
3115, 51.90833, 0.279316, 179.564, 0.000166386, -108.096
3115, 51.91667, 0.279428, 179.537, 0.000166479, -108.121
3116, 51.92500, 0.279539, 179.511, 0.000166572, -108.145
3116, 51.93333, 0.279651, 179.484, 0.000166666, -108.17
3117, 51.94167, 0.279763, 179.457, 0.000166759, -108.194
3117, 51.95000, 0.279875, 179.43, 0.000166853, -108.219
3118, 51.95833, 0.279988, 179.403, 0.000166947, -108.243
3118, 51.96667, 0.280101, 179.376, 0.000167041, -108.268
3119, 51.97500, 0.280214, 179.349, 0.000167135, -108.293
3119, 51.98333, 0.280327, 179.322, 0.000167229, -108.317
3120, 51.99167, 0.28044, 179.295, 0.000167323, -108.342
3120, 52.00000, 0.280553, 179.268, 0.000167418, -108.367
3121, 52.00833, 0.280667, 179.241, 0.000167513, -108.392
3121, 52.01667, 0.280781, 179.214, 0.000167608, -108.417
3122, 52.02500, 0.280895, 179.187, 0.000167703, -108.442
3122, 52.03333, 0.28101, 179.159, 0.000167798, -108.467
3123, 52.04167, 0.281124, 179.132, 0.000167893, -108.492
3123, 52.05000, 0.281239, 179.105, 0.000167988, -108.517
3124, 52.05833, 0.281354, 179.077, 0.000168084, -108.542
3124, 52.06667, 0.281469, 179.05, 0.00016818, -108.567
3125, 52.07500, 0.281585, 179.023, 0.000168276, -108.592
3125, 52.08333, 0.2817, 178.995, 0.000168372, -108.617
3126, 52.09167, 0.281816, 178.967, 0.000168468, -108.642
3126, 52.10000, 0.281932, 178.94, 0.000168564, -108.668
3127, 52.10833, 0.282049, 178.912, 0.000168661, -108.693
3127, 52.11667, 0.282165, 178.885, 0.000168757, -108.719
3128, 52.12500, 0.282282, 178.857, 0.000168854, -108.744
3128, 52.13333, 0.282399, 178.829, 0.000168951, -108.769
3129, 52.14167, 0.282516, 178.801, 0.000169048, -108.795
3129, 52.15000, 0.282633, 178.773, 0.000169145, -108.821
3130, 52.15833, 0.28275, 178.746, 0.000169243, -108.846
3130, 52.16667, 0.282868, 178.718, 0.00016934, -108.872
3131, 52.17500, 0.282986, 178.69, 0.000169438, -108.897
3131, 52.18333, 0.283104, 178.662, 0.000169536, -108.923
3132, 52.19167, 0.283223, 178.634, 0.000169634, -108.949
3132, 52.20000, 0.283341, 178.606, 0.000169732, -108.975
3133, 52.20833, 0.28346, 178.577, 0.00016983, -109.001
3133, 52.21667, 0.283579, 178.549, 0.000169928, -109.027
3134, 52.22500, 0.283698, 178.521, 0.000170027, -109.052
3134, 52.23333, 0.283817, 178.493, 0.000170126, -109.078
3135, 52.24167, 0.283937, 178.464, 0.000170224, -109.104
3135, 52.25000, 0.284057, 178.436, 0.000170323, -109.131
3136, 52.25833, 0.284177, 178.408, 0.000170422, -109.157
3136, 52.26667, 0.284297, 178.379, 0.000170522, -109.183
3137, 52.27500, 0.284417, 178.351, 0.000170621, -109.209
3137, 52.28333, 0.284538, 178.322, 0.000170721, -109.235
3138, 52.29167, 0.284659, 178.294, 0.00017082, -109.262
3138, 52.30000, 0.28478, 178.265, 0.00017092, -109.288
3139, 52.30833, 0.284901, 178.237, 0.00017102, -109.314
3139, 52.31667, 0.285022, 178.208, 0.00017112, -109.341
3140, 52.32500, 0.285144, 178.179, 0.000171221, -109.367
3140, 52.33333, 0.285266, 178.15, 0.000171321, -109.394
3141, 52.34167, 0.285388, 178.122, 0.000171422, -109.42
3141, 52.35000, 0.28551, 178.093, 0.000171523, -109.447
3142, 52.35833, 0.285632, 178.064, 0.000171623, -109.473
3142, 52.36667, 0.285755, 178.035, 0.000171724, -109.5
3143, 52.37500, 0.285878, 178.006, 0.000171826, -109.527
3143, 52.38333, 0.286001, 177.977, 0.000171927, -109.554
3144, 52.39167, 0.286124, 177.948, 0.000172028, -109.58
3144, 52.40000, 0.286248, 177.919, 0.00017213, -109.607
3145, 52.40833, 0.286371, 177.89, 0.000172232, -109.634
3145, 52.41667, 0.286495, 177.86, 0.000172334, -109.661
3146, 52.42500, 0.286619, 177.831, 0.000172436, -109.688
3146, 52.43333, 0.286743, 177.802, 0.000172538, -109.715
3147, 52.44167, 0.286868, 177.772, 0.00017264, -109.742
3147, 52.45000, 0.286992, 177.743, 0.000172743, -109.769
3148, 52.45833, 0.287117, 177.714, 0.000172845, -109.797
3148, 52.46667, 0.287242, 177.684, 0.000172948, -109.824
3149, 52.47500, 0.287367, 177.655, 0.000173051, -109.851
3149, 52.48333, 0.287493, 177.625, 0.000173154, -109.878
3150, 52.49167, 0.287619, 177.596, 0.000173257, -109.906
3150, 52.50000, 0.287744, 177.566, 0.000173361, -109.933
3151, 52.50833, 0.28787, 177.536, 0.000173464, -109.961
3151, 52.51667, 0.287997, 177.506, 0.000173568, -109.988
3152, 52.52500, 0.288123, 177.477, 0.000173672, -110.016
3152, 52.53333, 0.28825, 177.447, 0.000173776, -110.043
3153, 52.54167, 0.288376, 177.417, 0.00017388, -110.071
3153, 52.55000, 0.288503, 177.387, 0.000173984, -110.098
3154, 52.55833, 0.288631, 177.357, 0.000174088, -110.126
3154, 52.56667, 0.288758, 177.327, 0.000174193, -110.154
3155, 52.57500, 0.288886, 177.297, 0.000174297, -110.182
3155, 52.58333, 0.289014, 177.267, 0.000174402, -110.21
3156, 52.59167, 0.289142, 177.237, 0.000174507, -110.237
3156, 52.60000, 0.28927, 177.207, 0.000174612, -110.265
3157, 52.60833, 0.289398, 177.176, 0.000174717, -110.293
3157, 52.61667, 0.289527, 177.146, 0.000174823, -110.321
3158, 52.62500, 0.289656, 177.116, 0.000174928, -110.349
3158, 52.63333, 0.289784, 177.086, 0.000175034, -110.378
3159, 52.64167, 0.289914, 177.055, 0.00017514, -110.406
3159, 52.65000, 0.290043, 177.025, 0.000175246, -110.434
3160, 52.65833, 0.290173, 176.994, 0.000175352, -110.462
3160, 52.66667, 0.290302, 176.964, 0.000175458, -110.491
3161, 52.67500, 0.290432, 176.933, 0.000175564, -110.519
3161, 52.68333, 0.290562, 176.902, 0.000175671, -110.547
3162, 52.69167, 0.290693, 176.872, 0.000175778, -110.576
3162, 52.70000, 0.290823, 176.841, 0.000175884, -110.604
3163, 52.70833, 0.290954, 176.81, 0.000175991, -110.633
3163, 52.71667, 0.291085, 176.78, 0.000176098, -110.661
3164, 52.72500, 0.291216, 176.749, 0.000176206, -110.69
3164, 52.73333, 0.291347, 176.718, 0.000176313, -110.719
3165, 52.74167, 0.291479, 176.687, 0.00017642, -110.747
3165, 52.75000, 0.291611, 176.656, 0.000176528, -110.776
3166, 52.75833, 0.291743, 176.625, 0.000176636, -110.805
3166, 52.76667, 0.291875, 176.594, 0.000176744, -110.834
3167, 52.77500, 0.292007, 176.563, 0.000176852, -110.863
3167, 52.78333, 0.292139, 176.531, 0.00017696, -110.892
3168, 52.79167, 0.292272, 176.5, 0.000177069, -110.921
3168, 52.80000, 0.292405, 176.469, 0.000177177, -110.95
3169, 52.80833, 0.292538, 176.438, 0.000177286, -110.979
3169, 52.81667, 0.292671, 176.406, 0.000177395, -111.008
3170, 52.82500, 0.292805, 176.375, 0.000177503, -111.037
3170, 52.83333, 0.292938, 176.343, 0.000177613, -111.066
3171, 52.84167, 0.293072, 176.312, 0.000177722, -111.096
3171, 52.85000, 0.293206, 176.28, 0.000177831, -111.125
3172, 52.85833, 0.29334, 176.249, 0.000177941, -111.154
3172, 52.86667, 0.293474, 176.217, 0.00017805, -111.184
3173, 52.87500, 0.293609, 176.185, 0.00017816, -111.213
3173, 52.88333, 0.293744, 176.154, 0.00017827, -111.243
3174, 52.89167, 0.293879, 176.122, 0.00017838, -111.272
3174, 52.90000, 0.294014, 176.09, 0.00017849, -111.302
3175, 52.90833, 0.294149, 176.058, 0.000178601, -111.332
3175, 52.91667, 0.294285, 176.026, 0.000178711, -111.361
3176, 52.92500, 0.29442, 175.994, 0.000178822, -111.391
3176, 52.93333, 0.294556, 175.962, 0.000178932, -111.421
3177, 52.94167, 0.294692, 175.93, 0.000179043, -111.451
3177, 52.95000, 0.294828, 175.898, 0.000179154, -111.481
3178, 52.95833, 0.294965, 175.866, 0.000179266, -111.511
3178, 52.96667, 0.295101, 175.834, 0.000179377, -111.541
3179, 52.97500, 0.295238, 175.801, 0.000179488, -111.571
3179, 52.98333, 0.295375, 175.769, 0.0001796, -111.601
3180, 52.99167, 0.295512, 175.737, 0.000179712, -111.631
3180, 53.00000, 0.29565, 175.704, 0.000179824, -111.661
3181, 53.00833, 0.295787, 175.672, 0.000179936, -111.692
3181, 53.01667, 0.295925, 175.64, 0.000180048, -111.722
3182, 53.02500, 0.296063, 175.607, 0.00018016, -111.752
3182, 53.03333, 0.296201, 175.574, 0.000180273, -111.783
3183, 53.04167, 0.296339, 175.542, 0.000180385, -111.813
3183, 53.05000, 0.296478, 175.509, 0.000180498, -111.843
3184, 53.05833, 0.296616, 175.476, 0.000180611, -111.874
3184, 53.06667, 0.296755, 175.444, 0.000180724, -111.905
3185, 53.07500, 0.296894, 175.411, 0.000180837, -111.935
3185, 53.08333, 0.297033, 175.378, 0.00018095, -111.966
3186, 53.09167, 0.297173, 175.345, 0.000181064, -111.997
3186, 53.10000, 0.297312, 175.312, 0.000181177, -112.027
3187, 53.10833, 0.297452, 175.279, 0.000181291, -112.058
3187, 53.11667, 0.297592, 175.246, 0.000181405, -112.089
3188, 53.12500, 0.297732, 175.213, 0.000181519, -112.12
3188, 53.13333, 0.297872, 175.18, 0.000181633, -112.151
3189, 53.14167, 0.298013, 175.146, 0.000181747, -112.182
3189, 53.15000, 0.298153, 175.113, 0.000181861, -112.213
3190, 53.15833, 0.298294, 175.08, 0.000181976, -112.244
3190, 53.16667, 0.298435, 175.046, 0.000182091, -112.275
3191, 53.17500, 0.298576, 175.013, 0.000182205, -112.307
3191, 53.18333, 0.298718, 174.98, 0.00018232, -112.338
3192, 53.19167, 0.298859, 174.946, 0.000182435, -112.369
3192, 53.20000, 0.299001, 174.913, 0.000182551, -112.401
3193, 53.20833, 0.299143, 174.879, 0.000182666, -112.432
3193, 53.21667, 0.299285, 174.845, 0.000182781, -112.464
3194, 53.22500, 0.299427, 174.812, 0.000182897, -112.495
3194, 53.23333, 0.299569, 174.778, 0.000183013, -112.527
3195, 53.24167, 0.299712, 174.744, 0.000183129, -112.558
3195, 53.25000, 0.299855, 174.71, 0.000183245, -112.59
3196, 53.25833, 0.299998, 174.676, 0.000183361, -112.622
3196, 53.26667, 0.300141, 174.642, 0.000183477, -112.653
3197, 53.27500, 0.300284, 174.608, 0.000183594, -112.685
3197, 53.28333, 0.300428, 174.574, 0.00018371, -112.717
3198, 53.29167, 0.300571, 174.54, 0.000183827, -112.749
3198, 53.30000, 0.300715, 174.506, 0.000183944, -112.781
3199, 53.30833, 0.300859, 174.472, 0.000184061, -112.813
3199, 53.31667, 0.301003, 174.438, 0.000184178, -112.845
3200, 53.32500, 0.301148, 174.403, 0.000184295, -112.877
3200, 53.33333, 0.301292, 174.369, 0.000184413, -112.909
3201, 53.34167, 0.301437, 174.335, 0.00018453, -112.942
3201, 53.35000, 0.301582, 174.3, 0.000184648, -112.974
3202, 53.35833, 0.301727, 174.266, 0.000184766, -113.006
3202, 53.36667, 0.301872, 174.231, 0.000184883, -113.039
3203, 53.37500, 0.302018, 174.197, 0.000185002, -113.071
3203, 53.38333, 0.302163, 174.162, 0.00018512, -113.103
3204, 53.39167, 0.302309, 174.127, 0.000185238, -113.136
3204, 53.40000, 0.302455, 174.093, 0.000185357, -113.169
3205, 53.40833, 0.302601, 174.058, 0.000185475, -113.201
3205, 53.41667, 0.302747, 174.023, 0.000185594, -113.234
3206, 53.42500, 0.302894, 173.988, 0.000185713, -113.267
3206, 53.43333, 0.30304, 173.953, 0.000185832, -113.299
3207, 53.44167, 0.303187, 173.918, 0.000185951, -113.332
3207, 53.45000, 0.303334, 173.883, 0.00018607, -113.365
3208, 53.45833, 0.303481, 173.848, 0.00018619, -113.398
3208, 53.46667, 0.303628, 173.813, 0.000186309, -113.431
3209, 53.47500, 0.303776, 173.778, 0.000186429, -113.464
3209, 53.48333, 0.303924, 173.742, 0.000186549, -113.497
3210, 53.49167, 0.304071, 173.707, 0.000186669, -113.53
3210, 53.50000, 0.304219, 173.672, 0.000186789, -113.563
3211, 53.50833, 0.304367, 173.636, 0.000186909, -113.597
3211, 53.51667, 0.304516, 173.601, 0.000187029, -113.63
3212, 53.52500, 0.304664, 173.565, 0.00018715, -113.663
3212, 53.53333, 0.304813, 173.53, 0.00018727, -113.697
3213, 53.54167, 0.304962, 173.494, 0.000187391, -113.73
3213, 53.55000, 0.305111, 173.459, 0.000187512, -113.764
3214, 53.55833, 0.30526, 173.423, 0.000187633, -113.797
3214, 53.56667, 0.305409, 173.387, 0.000187754, -113.831
3215, 53.57500, 0.305558, 173.351, 0.000187875, -113.865
3215, 53.58333, 0.305708, 173.315, 0.000187997, -113.898
3216, 53.59167, 0.305858, 173.28, 0.000188118, -113.932
3216, 53.60000, 0.306008, 173.244, 0.00018824, -113.966
3217, 53.60833, 0.306158, 173.208, 0.000188362, -114
3217, 53.61667, 0.306308, 173.172, 0.000188483, -114.034
3218, 53.62500, 0.306459, 173.135, 0.000188606, -114.068
3218, 53.63333, 0.306609, 173.099, 0.000188728, -114.102
3219, 53.64167, 0.30676, 173.063, 0.00018885, -114.136
3219, 53.65000, 0.306911, 173.027, 0.000188972, -114.17
3220, 53.65833, 0.307062, 172.99, 0.000189095, -114.204
3220, 53.66667, 0.307213, 172.954, 0.000189218, -114.238
3221, 53.67500, 0.307365, 172.918, 0.000189341, -114.272
3221, 53.68333, 0.307516, 172.881, 0.000189464, -114.307
3222, 53.69167, 0.307668, 172.845, 0.000189587, -114.341
3222, 53.70000, 0.30782, 172.808, 0.00018971, -114.376
3223, 53.70833, 0.307972, 172.771, 0.000189833, -114.41
3223, 53.71667, 0.308124, 172.735, 0.000189957, -114.445
3224, 53.72500, 0.308277, 172.698, 0.00019008, -114.479
3224, 53.73333, 0.308429, 172.661, 0.000190204, -114.514
3225, 53.74167, 0.308582, 172.624, 0.000190328, -114.549
3225, 53.75000, 0.308735, 172.588, 0.000190452, -114.583
3226, 53.75833, 0.308888, 172.551, 0.000190576, -114.618
3226, 53.76667, 0.309041, 172.514, 0.0001907, -114.653
3227, 53.77500, 0.309195, 172.477, 0.000190825, -114.688
3227, 53.78333, 0.309348, 172.439, 0.000190949, -114.723
3228, 53.79167, 0.309502, 172.402, 0.000191074, -114.758
3228, 53.80000, 0.309656, 172.365, 0.000191198, -114.793
3229, 53.80833, 0.30981, 172.328, 0.000191323, -114.828
3229, 53.81667, 0.309964, 172.291, 0.000191448, -114.863
3230, 53.82500, 0.310118, 172.253, 0.000191573, -114.899
3230, 53.83333, 0.310272, 172.216, 0.000191699, -114.934
3231, 53.84167, 0.310427, 172.178, 0.000191824, -114.969
3231, 53.85000, 0.310582, 172.141, 0.00019195, -115.005
3232, 53.85833, 0.310737, 172.103, 0.000192075, -115.04
3232, 53.86667, 0.310892, 172.066, 0.000192201, -115.076
3233, 53.87500, 0.311047, 172.028, 0.000192327, -115.111
3233, 53.88333, 0.311202, 171.99, 0.000192453, -115.147
3234, 53.89167, 0.311358, 171.952, 0.000192579, -115.182
3234, 53.90000, 0.311513, 171.915, 0.000192705, -115.218
3235, 53.90833, 0.311669, 171.877, 0.000192832, -115.254
3235, 53.91667, 0.311825, 171.839, 0.000192958, -115.29
3236, 53.92500, 0.311981, 171.801, 0.000193085, -115.326
3236, 53.93333, 0.312138, 171.763, 0.000193212, -115.362
3237, 53.94167, 0.312294, 171.725, 0.000193339, -115.398
3237, 53.95000, 0.312451, 171.686, 0.000193466, -115.434
3238, 53.95833, 0.312607, 171.648, 0.000193593, -115.47
3238, 53.96667, 0.312764, 171.61, 0.00019372, -115.506
3239, 53.97500, 0.312921, 171.572, 0.000193847, -115.542
3239, 53.98333, 0.313078, 171.533, 0.000193975, -115.578
3240, 53.99167, 0.313236, 171.495, 0.000194102, -115.615
3240, 54.00000, 0.313393, 171.456, 0.00019423, -115.651
3241, 54.00833, 0.313551, 171.418, 0.000194358, -115.687
3241, 54.01667, 0.313709, 171.379, 0.000194486, -115.724
3242, 54.02500, 0.313866, 171.341, 0.000194614, -115.76
3242, 54.03333, 0.314025, 171.302, 0.000194742, -115.797
3243, 54.04167, 0.314183, 171.263, 0.000194871, -115.834
3243, 54.05000, 0.314341, 171.224, 0.000194999, -115.87
3244, 54.05833, 0.3145, 171.186, 0.000195128, -115.907
3244, 54.06667, 0.314658, 171.147, 0.000195257, -115.944
3245, 54.07500, 0.314817, 171.108, 0.000195385, -115.981
3245, 54.08333, 0.314976, 171.069, 0.000195514, -116.018
3246, 54.09167, 0.315135, 171.03, 0.000195644, -116.055
3246, 54.10000, 0.315294, 170.99, 0.000195773, -116.092
3247, 54.10833, 0.315454, 170.951, 0.000195902, -116.129
3247, 54.11667, 0.315613, 170.912, 0.000196032, -116.166
3248, 54.12500, 0.315773, 170.873, 0.000196161, -116.203
3248, 54.13333, 0.315932, 170.833, 0.000196291, -116.24
3249, 54.14167, 0.316092, 170.794, 0.000196421, -116.278
3249, 54.15000, 0.316252, 170.755, 0.000196551, -116.315
3250, 54.15833, 0.316413, 170.715, 0.000196681, -116.352
3250, 54.16667, 0.316573, 170.675, 0.000196811, -116.39
3251, 54.17500, 0.316733, 170.636, 0.000196941, -116.427
3251, 54.18333, 0.316894, 170.596, 0.000197071, -116.465
3252, 54.19167, 0.317055, 170.556, 0.000197202, -116.503
3252, 54.20000, 0.317216, 170.517, 0.000197333, -116.54
3253, 54.20833, 0.317377, 170.477, 0.000197463, -116.578
3253, 54.21667, 0.317538, 170.437, 0.000197594, -116.616
3254, 54.22500, 0.317699, 170.397, 0.000197725, -116.654
3254, 54.23333, 0.317861, 170.357, 0.000197856, -116.692
3255, 54.24167, 0.318022, 170.317, 0.000197988, -116.73
3255, 54.25000, 0.318184, 170.277, 0.000198119, -116.768
3256, 54.25833, 0.318346, 170.237, 0.00019825, -116.806
3256, 54.26667, 0.318508, 170.196, 0.000198382, -116.844
3257, 54.27500, 0.31867, 170.156, 0.000198514, -116.882
3257, 54.28333, 0.318832, 170.116, 0.000198645, -116.92
3258, 54.29167, 0.318995, 170.075, 0.000198777, -116.959
3258, 54.30000, 0.319157, 170.035, 0.000198909, -116.997
3259, 54.30833, 0.31932, 169.994, 0.000199042, -117.035
3259, 54.31667, 0.319483, 169.954, 0.000199174, -117.074
3260, 54.32500, 0.319645, 169.913, 0.000199306, -117.112
3260, 54.33333, 0.319808, 169.873, 0.000199439, -117.151
3261, 54.34167, 0.319972, 169.832, 0.000199571, -117.19
3261, 54.35000, 0.320135, 169.791, 0.000199704, -117.228
3262, 54.35833, 0.320298, 169.75, 0.000199837, -117.267
3262, 54.36667, 0.320462, 169.709, 0.00019997, -117.306
3263, 54.37500, 0.320626, 169.668, 0.000200103, -117.345
3263, 54.38333, 0.320789, 169.627, 0.000200236, -117.384
3264, 54.39167, 0.320953, 169.586, 0.000200369, -117.423
3264, 54.40000, 0.321117, 169.545, 0.000200503, -117.462
3265, 54.40833, 0.321282, 169.504, 0.000200636, -117.501
3265, 54.41667, 0.321446, 169.463, 0.00020077, -117.54
3266, 54.42500, 0.32161, 169.422, 0.000200903, -117.579
3266, 54.43333, 0.321775, 169.38, 0.000201037, -117.619
3267, 54.44167, 0.32194, 169.339, 0.000201171, -117.658
3267, 54.45000, 0.322104, 169.297, 0.000201305, -117.697
3268, 54.45833, 0.322269, 169.256, 0.000201439, -117.737
3268, 54.46667, 0.322434, 169.214, 0.000201574, -117.776
3269, 54.47500, 0.3226, 169.173, 0.000201708, -117.816
3269, 54.48333, 0.322765, 169.131, 0.000201843, -117.855
3270, 54.49167, 0.32293, 169.089, 0.000201977, -117.895
3270, 54.50000, 0.323096, 169.048, 0.000202112, -117.935
3271, 54.50833, 0.323262, 169.006, 0.000202247, -117.974
3271, 54.51667, 0.323427, 168.964, 0.000202382, -118.014
3272, 54.52500, 0.323593, 168.922, 0.000202517, -118.054
3272, 54.53333, 0.323759, 168.88, 0.000202652, -118.094
3273, 54.54167, 0.323925, 168.838, 0.000202787, -118.134
3273, 54.55000, 0.324092, 168.796, 0.000202922, -118.174
3274, 54.55833, 0.324258, 168.753, 0.000203058, -118.214
3274, 54.56667, 0.324425, 168.711, 0.000203194, -118.255
3275, 54.57500, 0.324591, 168.669, 0.000203329, -118.295
3275, 54.58333, 0.324758, 168.627, 0.000203465, -118.335
3276, 54.59167, 0.324925, 168.584, 0.000203601, -118.375
3276, 54.60000, 0.325092, 168.542, 0.000203737, -118.416
3277, 54.60833, 0.325259, 168.499, 0.000203873, -118.456
3277, 54.61667, 0.325426, 168.457, 0.000204009, -118.497
3278, 54.62500, 0.325593, 168.414, 0.000204145, -118.537
3278, 54.63333, 0.325761, 168.371, 0.000204282, -118.578
3279, 54.64167, 0.325928, 168.328, 0.000204418, -118.619
3279, 54.65000, 0.326096, 168.286, 0.000204555, -118.66
3280, 54.65833, 0.326264, 168.243, 0.000204692, -118.7
3280, 54.66667, 0.326432, 168.2, 0.000204829, -118.741
3281, 54.67500, 0.326599, 168.157, 0.000204965, -118.782
3281, 54.68333, 0.326768, 168.114, 0.000205102, -118.823
3282, 54.69167, 0.326936, 168.071, 0.00020524, -118.864
3282, 54.70000, 0.327104, 168.028, 0.000205377, -118.905
3283, 54.70833, 0.327272, 167.984, 0.000205514, -118.947
3283, 54.71667, 0.327441, 167.941, 0.000205652, -118.988
3284, 54.72500, 0.32761, 167.898, 0.000205789, -119.029
3284, 54.73333, 0.327778, 167.854, 0.000205927, -119.07
3285, 54.74167, 0.327947, 167.811, 0.000206064, -119.112
3285, 54.75000, 0.328116, 167.767, 0.000206202, -119.153
3286, 54.75833, 0.328285, 167.724, 0.00020634, -119.195
3286, 54.76667, 0.328454, 167.68, 0.000206478, -119.236
3287, 54.77500, 0.328623, 167.637, 0.000206616, -119.278
3287, 54.78333, 0.328793, 167.593, 0.000206755, -119.32
3288, 54.79167, 0.328962, 167.549, 0.000206893, -119.361
3288, 54.80000, 0.329132, 167.505, 0.000207031, -119.403
3289, 54.80833, 0.329301, 167.461, 0.00020717, -119.445
3289, 54.81667, 0.329471, 167.417, 0.000207308, -119.487
3290, 54.82500, 0.329641, 167.373, 0.000207447, -119.529
3290, 54.83333, 0.329811, 167.329, 0.000207586, -119.571
3291, 54.84167, 0.329981, 167.285, 0.000207725, -119.613
3291, 54.85000, 0.330151, 167.241, 0.000207864, -119.655
3292, 54.85833, 0.330321, 167.197, 0.000208003, -119.698
3292, 54.86667, 0.330492, 167.152, 0.000208142, -119.74
3293, 54.87500, 0.330662, 167.108, 0.000208281, -119.782
3293, 54.88333, 0.330833, 167.063, 0.000208421, -119.825
3294, 54.89167, 0.331003, 167.019, 0.00020856, -119.867
3294, 54.90000, 0.331174, 166.974, 0.0002087, -119.91
3295, 54.90833, 0.331345, 166.93, 0.000208839, -119.952
3295, 54.91667, 0.331516, 166.885, 0.000208979, -119.995
3296, 54.92500, 0.331687, 166.84, 0.000209119, -120.038
3296, 54.93333, 0.331858, 166.796, 0.000209259, -120.08
3297, 54.94167, 0.332029, 166.751, 0.000209399, -120.123
3297, 54.95000, 0.3322, 166.706, 0.000209539, -120.166
3298, 54.95833, 0.332371, 166.661, 0.000209679, -120.209
3298, 54.96667, 0.332543, 166.616, 0.00020982, -120.252
3299, 54.97500, 0.332714, 166.571, 0.00020996, -120.295
3299, 54.98333, 0.332886, 166.526, 0.0002101, -120.338
3300, 54.99167, 0.333058, 166.48, 0.000210241, -120.381
3300, 55.00000, 0.33323, 166.435, 0.000210382, -120.424
3301, 55.00833, 0.333401, 166.39, 0.000210522, -120.468
3301, 55.01667, 0.333573, 166.344, 0.000210663, -120.511
3302, 55.02500, 0.333745, 166.299, 0.000210804, -120.555
3302, 55.03333, 0.333917, 166.254, 0.000210945, -120.598
3303, 55.04167, 0.33409, 166.208, 0.000211086, -120.642
3303, 55.05000, 0.334262, 166.162, 0.000211227, -120.685
3304, 55.05833, 0.334434, 166.117, 0.000211368, -120.729
3304, 55.06667, 0.334607, 166.071, 0.00021151, -120.773
3305, 55.07500, 0.334779, 166.025, 0.000211651, -120.816
3305, 55.08333, 0.334952, 165.979, 0.000211793, -120.86
3306, 55.09167, 0.335125, 165.933, 0.000211934, -120.904
3306, 55.10000, 0.335297, 165.887, 0.000212076, -120.948
3307, 55.10833, 0.33547, 165.841, 0.000212218, -120.992
3307, 55.11667, 0.335643, 165.795, 0.00021236, -121.036
3308, 55.12500, 0.335816, 165.749, 0.000212501, -121.08
3308, 55.13333, 0.335989, 165.703, 0.000212643, -121.124
3309, 55.14167, 0.336162, 165.657, 0.000212786, -121.169
3309, 55.15000, 0.336335, 165.61, 0.000212928, -121.213
3310, 55.15833, 0.336509, 165.564, 0.00021307, -121.257
3310, 55.16667, 0.336682, 165.518, 0.000213212, -121.302
3311, 55.17500, 0.336856, 165.471, 0.000213355, -121.346
3311, 55.18333, 0.337029, 165.424, 0.000213497, -121.391
3312, 55.19167, 0.337203, 165.378, 0.00021364, -121.435
3312, 55.20000, 0.337376, 165.331, 0.000213782, -121.48
3313, 55.20833, 0.33755, 165.284, 0.000213925, -121.525
3313, 55.21667, 0.337724, 165.238, 0.000214068, -121.57
3314, 55.22500, 0.337898, 165.191, 0.000214211, -121.615
3314, 55.23333, 0.338071, 165.144, 0.000214354, -121.659
3315, 55.24167, 0.338245, 165.097, 0.000214497, -121.704
3315, 55.25000, 0.338419, 165.05, 0.00021464, -121.749
3316, 55.25833, 0.338594, 165.003, 0.000214783, -121.795
3316, 55.26667, 0.338768, 164.956, 0.000214926, -121.84
3317, 55.27500, 0.338942, 164.908, 0.00021507, -121.885
3317, 55.28333, 0.339116, 164.861, 0.000215213, -121.93
3318, 55.29167, 0.339291, 164.814, 0.000215356, -121.976
3318, 55.30000, 0.339465, 164.766, 0.0002155, -122.021
3319, 55.30833, 0.339639, 164.719, 0.000215644, -122.066
3319, 55.31667, 0.339814, 164.671, 0.000215787, -122.112
3320, 55.32500, 0.339988, 164.624, 0.000215931, -122.158
3320, 55.33333, 0.340163, 164.576, 0.000216075, -122.203
3321, 55.34167, 0.340338, 164.528, 0.000216219, -122.249
3321, 55.35000, 0.340513, 164.481, 0.000216363, -122.295
3322, 55.35833, 0.340687, 164.433, 0.000216507, -122.341
3322, 55.36667, 0.340862, 164.385, 0.000216651, -122.386
3323, 55.37500, 0.341037, 164.337, 0.000216795, -122.432
3323, 55.38333, 0.341212, 164.289, 0.000216939, -122.478
3324, 55.39167, 0.341387, 164.241, 0.000217084, -122.525
3324, 55.40000, 0.341562, 164.193, 0.000217228, -122.571
3325, 55.40833, 0.341737, 164.145, 0.000217372, -122.617
3325, 55.41667, 0.341912, 164.096, 0.000217517, -122.663
3326, 55.42500, 0.342088, 164.048, 0.000217662, -122.709
3326, 55.43333, 0.342263, 164, 0.000217806, -122.756
3327, 55.44167, 0.342438, 163.951, 0.000217951, -122.802
3327, 55.45000, 0.342614, 163.903, 0.000218096, -122.849
3328, 55.45833, 0.342789, 163.854, 0.000218241, -122.895
3328, 55.46667, 0.342964, 163.805, 0.000218385, -122.942
3329, 55.47500, 0.34314, 163.757, 0.00021853, -122.989
3329, 55.48333, 0.343315, 163.708, 0.000218675, -123.035
3330, 55.49167, 0.343491, 163.659, 0.00021882, -123.082
3330, 55.50000, 0.343667, 163.61, 0.000218966, -123.129
3331, 55.50833, 0.343842, 163.561, 0.000219111, -123.176
3331, 55.51667, 0.344018, 163.512, 0.000219256, -123.223
3332, 55.52500, 0.344194, 163.463, 0.000219401, -123.27
3332, 55.53333, 0.344369, 163.414, 0.000219547, -123.317
3333, 55.54167, 0.344545, 163.365, 0.000219692, -123.365
3333, 55.55000, 0.344721, 163.316, 0.000219838, -123.412
3334, 55.55833, 0.344897, 163.267, 0.000219983, -123.459
3334, 55.56667, 0.345073, 163.217, 0.000220129, -123.506
3335, 55.57500, 0.345249, 163.168, 0.000220275, -123.554
3335, 55.58333, 0.345425, 163.118, 0.00022042, -123.601
3336, 55.59167, 0.345601, 163.069, 0.000220566, -123.649
3336, 55.60000, 0.345777, 163.019, 0.000220712, -123.697
3337, 55.60833, 0.345953, 162.97, 0.000220858, -123.744
3337, 55.61667, 0.346129, 162.92, 0.000221004, -123.792
3338, 55.62500, 0.346305, 162.87, 0.00022115, -123.84
3338, 55.63333, 0.346481, 162.82, 0.000221296, -123.888
3339, 55.64167, 0.346657, 162.77, 0.000221442, -123.936
3339, 55.65000, 0.346833, 162.72, 0.000221588, -123.984
3340, 55.65833, 0.34701, 162.67, 0.000221734, -124.032
3340, 55.66667, 0.347186, 162.62, 0.000221881, -124.08
3341, 55.67500, 0.347362, 162.57, 0.000222027, -124.128
3341, 55.68333, 0.347538, 162.52, 0.000222173, -124.176
3342, 55.69167, 0.347715, 162.47, 0.00022232, -124.225
3342, 55.70000, 0.347891, 162.419, 0.000222466, -124.273
3343, 55.70833, 0.348067, 162.369, 0.000222612, -124.321
3343, 55.71667, 0.348244, 162.319, 0.000222759, -124.37
3344, 55.72500, 0.34842, 162.268, 0.000222906, -124.418
3344, 55.73333, 0.348597, 162.217, 0.000223052, -124.467
3345, 55.74167, 0.348773, 162.167, 0.000223199, -124.516
3345, 55.75000, 0.348949, 162.116, 0.000223346, -124.564
3346, 55.75833, 0.349126, 162.065, 0.000223492, -124.613
3346, 55.76667, 0.349302, 162.015, 0.000223639, -124.662
3347, 55.77500, 0.349479, 161.964, 0.000223786, -124.711
3347, 55.78333, 0.349655, 161.913, 0.000223933, -124.76
3348, 55.79167, 0.349832, 161.862, 0.00022408, -124.809
3348, 55.80000, 0.350008, 161.811, 0.000224227, -124.858
3349, 55.80833, 0.350185, 161.759, 0.000224374, -124.907
3349, 55.81667, 0.350361, 161.708, 0.000224521, -124.957
3350, 55.82500, 0.350538, 161.657, 0.000224668, -125.006
3350, 55.83333, 0.350714, 161.606, 0.000224815, -125.055
3351, 55.84167, 0.350891, 161.554, 0.000224962, -125.105
3351, 55.85000, 0.351067, 161.503, 0.000225109, -125.154
3352, 55.85833, 0.351244, 161.451, 0.000225257, -125.204
3352, 55.86667, 0.35142, 161.4, 0.000225404, -125.253
3353, 55.87500, 0.351597, 161.348, 0.000225551, -125.303
3353, 55.88333, 0.351773, 161.296, 0.000225699, -125.353
3354, 55.89167, 0.35195, 161.245, 0.000225846, -125.403
3354, 55.90000, 0.352126, 161.193, 0.000225993, -125.452
3355, 55.90833, 0.352303, 161.141, 0.000226141, -125.502
3355, 55.91667, 0.352479, 161.089, 0.000226288, -125.552
3356, 55.92500, 0.352656, 161.037, 0.000226436, -125.602
3356, 55.93333, 0.352832, 160.985, 0.000226583, -125.652
3357, 55.94167, 0.353009, 160.933, 0.000226731, -125.703
3357, 55.95000, 0.353185, 160.881, 0.000226878, -125.753
3358, 55.95833, 0.353361, 160.828, 0.000227026, -125.803
3358, 55.96667, 0.353538, 160.776, 0.000227174, -125.854
3359, 55.97500, 0.353714, 160.724, 0.000227321, -125.904
3359, 55.98333, 0.353891, 160.671, 0.000227469, -125.954
3360, 55.99167, 0.354067, 160.619, 0.000227617, -126.005
3360, 56.00000, 0.354243, 160.566, 0.000227765, -126.056
3361, 56.00833, 0.35442, 160.514, 0.000227912, -126.106
3361, 56.01667, 0.354596, 160.461, 0.00022806, -126.157
3362, 56.02500, 0.354772, 160.408, 0.000228208, -126.208
3362, 56.03333, 0.354949, 160.355, 0.000228356, -126.259
3363, 56.04167, 0.355125, 160.303, 0.000228504, -126.31
3363, 56.05000, 0.355301, 160.25, 0.000228652, -126.361
3364, 56.05833, 0.355477, 160.197, 0.000228799, -126.412
3364, 56.06667, 0.355654, 160.144, 0.000228947, -126.463
3365, 56.07500, 0.35583, 160.09, 0.000229095, -126.514
3365, 56.08333, 0.356006, 160.037, 0.000229243, -126.565
3366, 56.09167, 0.356182, 159.984, 0.000229391, -126.617
3366, 56.10000, 0.356358, 159.931, 0.000229539, -126.668
3367, 56.10833, 0.356534, 159.877, 0.000229687, -126.719
3367, 56.11667, 0.35671, 159.824, 0.000229835, -126.771
3368, 56.12500, 0.356886, 159.77, 0.000229983, -126.822
3368, 56.13333, 0.357062, 159.717, 0.000230131, -126.874
3369, 56.14167, 0.357238, 159.663, 0.000230279, -126.926
3369, 56.15000, 0.357414, 159.61, 0.000230427, -126.978
3370, 56.15833, 0.35759, 159.556, 0.000230576, -127.029
3370, 56.16667, 0.357766, 159.502, 0.000230724, -127.081
3371, 56.17500, 0.357942, 159.448, 0.000230872, -127.133
3371, 56.18333, 0.358117, 159.394, 0.00023102, -127.185
3372, 56.19167, 0.358293, 159.34, 0.000231168, -127.237
3372, 56.20000, 0.358469, 159.286, 0.000231316, -127.289
3373, 56.20833, 0.358644, 159.232, 0.000231464, -127.342
3373, 56.21667, 0.35882, 159.178, 0.000231612, -127.394
3374, 56.22500, 0.358995, 159.124, 0.000231761, -127.446
3374, 56.23333, 0.359171, 159.069, 0.000231909, -127.498
3375, 56.24167, 0.359346, 159.015, 0.000232057, -127.551
3375, 56.25000, 0.359522, 158.961, 0.000232205, -127.603
3376, 56.25833, 0.359697, 158.906, 0.000232353, -127.656
3376, 56.26667, 0.359872, 158.852, 0.000232501, -127.709
3377, 56.27500, 0.360048, 158.797, 0.00023265, -127.761
3377, 56.28333, 0.360223, 158.742, 0.000232798, -127.814
3378, 56.29167, 0.360398, 158.688, 0.000232946, -127.867
3378, 56.30000, 0.360573, 158.633, 0.000233094, -127.92
3379, 56.30833, 0.360748, 158.578, 0.000233242, -127.973
3379, 56.31667, 0.360923, 158.523, 0.00023339, -128.026
3380, 56.32500, 0.361098, 158.468, 0.000233539, -128.079
3380, 56.33333, 0.361273, 158.413, 0.000233687, -128.132
3381, 56.34167, 0.361447, 158.358, 0.000233835, -128.185
3381, 56.35000, 0.361622, 158.303, 0.000233983, -128.238
3382, 56.35833, 0.361797, 158.247, 0.000234131, -128.292
3382, 56.36667, 0.361971, 158.192, 0.000234279, -128.345
3383, 56.37500, 0.362146, 158.137, 0.000234427, -128.399
3383, 56.38333, 0.36232, 158.081, 0.000234576, -128.452
3384, 56.39167, 0.362495, 158.026, 0.000234724, -128.506
3384, 56.40000, 0.362669, 157.97, 0.000234872, -128.559
3385, 56.40833, 0.362843, 157.915, 0.00023502, -128.613
3385, 56.41667, 0.363017, 157.859, 0.000235168, -128.667
3386, 56.42500, 0.363191, 157.803, 0.000235316, -128.721
3386, 56.43333, 0.363365, 157.747, 0.000235464, -128.774
3387, 56.44167, 0.363539, 157.692, 0.000235612, -128.828
3387, 56.45000, 0.363713, 157.636, 0.00023576, -128.882
3388, 56.45833, 0.363887, 157.58, 0.000235908, -128.936
3388, 56.46667, 0.364061, 157.524, 0.000236056, -128.991
3389, 56.47500, 0.364234, 157.468, 0.000236204, -129.045
3389, 56.48333, 0.364408, 157.411, 0.000236352, -129.099
3390, 56.49167, 0.364581, 157.355, 0.0002365, -129.153
3390, 56.50000, 0.364754, 157.299, 0.000236648, -129.208
3391, 56.50833, 0.364928, 157.243, 0.000236796, -129.262
3391, 56.51667, 0.365101, 157.186, 0.000236943, -129.317
3392, 56.52500, 0.365274, 157.13, 0.000237091, -129.371
3392, 56.53333, 0.365447, 157.073, 0.000237239, -129.426
3393, 56.54167, 0.36562, 157.017, 0.000237387, -129.481
3393, 56.55000, 0.365793, 156.96, 0.000237535, -129.535
3394, 56.55833, 0.365965, 156.903, 0.000237682, -129.59
3394, 56.56667, 0.366138, 156.846, 0.00023783, -129.645
3395, 56.57500, 0.36631, 156.789, 0.000237978, -129.7
3395, 56.58333, 0.366483, 156.733, 0.000238125, -129.755
3396, 56.59167, 0.366655, 156.676, 0.000238273, -129.81
3396, 56.60000, 0.366827, 156.619, 0.000238421, -129.865
3397, 56.60833, 0.367, 156.561, 0.000238568, -129.921
3397, 56.61667, 0.367172, 156.504, 0.000238716, -129.976
3398, 56.62500, 0.367344, 156.447, 0.000238863, -130.031
3398, 56.63333, 0.367515, 156.39, 0.000239011, -130.087
3399, 56.64167, 0.367687, 156.332, 0.000239158, -130.142
3399, 56.65000, 0.367859, 156.275, 0.000239305, -130.198
3400, 56.65833, 0.36803, 156.218, 0.000239453, -130.253
3400, 56.66667, 0.368201, 156.16, 0.0002396, -130.309
3401, 56.67500, 0.368373, 156.102, 0.000239747, -130.364
3401, 56.68333, 0.368544, 156.045, 0.000239895, -130.42
3402, 56.69167, 0.368715, 155.987, 0.000240042, -130.476
3402, 56.70000, 0.368886, 155.929, 0.000240189, -130.532
3403, 56.70833, 0.369057, 155.871, 0.000240336, -130.588
3403, 56.71667, 0.369227, 155.814, 0.000240483, -130.644
3404, 56.72500, 0.369398, 155.756, 0.00024063, -130.7
3404, 56.73333, 0.369568, 155.698, 0.000240777, -130.756
3405, 56.74167, 0.369739, 155.639, 0.000240924, -130.812
3405, 56.75000, 0.369909, 155.581, 0.000241071, -130.869
3406, 56.75833, 0.370079, 155.523, 0.000241218, -130.925
3406, 56.76667, 0.370249, 155.465, 0.000241364, -130.981
3407, 56.77500, 0.370418, 155.407, 0.000241511, -131.038
3407, 56.78333, 0.370588, 155.348, 0.000241658, -131.094
3408, 56.79167, 0.370758, 155.29, 0.000241805, -131.151
3408, 56.80000, 0.370927, 155.231, 0.000241951, -131.207
3409, 56.80833, 0.371096, 155.173, 0.000242098, -131.264
3409, 56.81667, 0.371266, 155.114, 0.000242244, -131.321
3410, 56.82500, 0.371434, 155.055, 0.00024239, -131.378
3410, 56.83333, 0.371603, 154.997, 0.000242537, -131.435
3411, 56.84167, 0.371772, 154.938, 0.000242683, -131.492
3411, 56.85000, 0.371941, 154.879, 0.000242829, -131.549
3412, 56.85833, 0.372109, 154.82, 0.000242976, -131.606
3412, 56.86667, 0.372277, 154.761, 0.000243122, -131.663
3413, 56.87500, 0.372445, 154.702, 0.000243268, -131.72
3413, 56.88333, 0.372613, 154.643, 0.000243414, -131.777
3414, 56.89167, 0.372781, 154.583, 0.00024356, -131.835
3414, 56.90000, 0.372949, 154.524, 0.000243705, -131.892
3415, 56.90833, 0.373117, 154.465, 0.000243851, -131.949
3415, 56.91667, 0.373284, 154.406, 0.000243997, -132.007
3416, 56.92500, 0.373451, 154.346, 0.000244143, -132.064
3416, 56.93333, 0.373618, 154.287, 0.000244288, -132.122
3417, 56.94167, 0.373785, 154.227, 0.000244434, -132.18
3417, 56.95000, 0.373952, 154.167, 0.000244579, -132.238
3418, 56.95833, 0.374119, 154.108, 0.000244725, -132.295
3418, 56.96667, 0.374285, 154.048, 0.00024487, -132.353
3419, 56.97500, 0.374451, 153.988, 0.000245015, -132.411
3419, 56.98333, 0.374617, 153.928, 0.00024516, -132.469
3420, 56.99167, 0.374783, 153.868, 0.000245306, -132.527
3420, 57.00000, 0.374949, 153.808, 0.000245451, -132.585
3421, 57.00833, 0.375115, 153.748, 0.000245595, -132.643
3421, 57.01667, 0.37528, 153.688, 0.00024574, -132.702
3422, 57.02500, 0.375446, 153.628, 0.000245885, -132.76
3422, 57.03333, 0.375611, 153.568, 0.00024603, -132.818
3423, 57.04167, 0.375776, 153.508, 0.000246174, -132.877
3423, 57.05000, 0.37594, 153.447, 0.000246319, -132.935
3424, 57.05833, 0.376105, 153.387, 0.000246463, -132.994
3424, 57.06667, 0.376269, 153.326, 0.000246608, -133.052
3425, 57.07500, 0.376434, 153.266, 0.000246752, -133.111
3425, 57.08333, 0.376598, 153.205, 0.000246896, -133.17
3426, 57.09167, 0.376761, 153.145, 0.000247041, -133.229
3426, 57.10000, 0.376925, 153.084, 0.000247185, -133.287
3427, 57.10833, 0.377089, 153.023, 0.000247328, -133.346
3427, 57.11667, 0.377252, 152.962, 0.000247472, -133.405
3428, 57.12500, 0.377415, 152.902, 0.000247616, -133.464
3428, 57.13333, 0.377578, 152.841, 0.00024776, -133.523
3429, 57.14167, 0.377741, 152.78, 0.000247903, -133.583
3429, 57.15000, 0.377903, 152.719, 0.000248047, -133.642
3430, 57.15833, 0.378065, 152.657, 0.00024819, -133.701
3430, 57.16667, 0.378228, 152.596, 0.000248334, -133.76
3431, 57.17500, 0.37839, 152.535, 0.000248477, -133.82
3431, 57.18333, 0.378551, 152.474, 0.00024862, -133.879
3432, 57.19167, 0.378713, 152.412, 0.000248763, -133.939
3432, 57.20000, 0.378874, 152.351, 0.000248906, -133.998
3433, 57.20833, 0.379035, 152.289, 0.000249048, -134.058
3433, 57.21667, 0.379196, 152.228, 0.000249191, -134.118
3434, 57.22500, 0.379357, 152.166, 0.000249334, -134.177
3434, 57.23333, 0.379517, 152.105, 0.000249476, -134.237
3435, 57.24167, 0.379678, 152.043, 0.000249619, -134.297
3435, 57.25000, 0.379838, 151.981, 0.000249761, -134.357
3436, 57.25833, 0.379998, 151.919, 0.000249903, -134.417
3436, 57.26667, 0.380157, 151.857, 0.000250045, -134.477
3437, 57.27500, 0.380317, 151.796, 0.000250187, -134.537
3437, 57.28333, 0.380476, 151.734, 0.000250329, -134.597
3438, 57.29167, 0.380635, 151.671, 0.000250471, -134.657
3438, 57.30000, 0.380794, 151.609, 0.000250612, -134.718
3439, 57.30833, 0.380952, 151.547, 0.000250754, -134.778
3439, 57.31667, 0.381111, 151.485, 0.000250895, -134.839
3440, 57.32500, 0.381269, 151.423, 0.000251036, -134.899
3440, 57.33333, 0.381427, 151.36, 0.000251177, -134.96
3441, 57.34167, 0.381584, 151.298, 0.000251319, -135.02
3441, 57.35000, 0.381742, 151.235, 0.000251459, -135.081
3442, 57.35833, 0.381899, 151.173, 0.0002516, -135.141
3442, 57.36667, 0.382056, 151.11, 0.000251741, -135.202
3443, 57.37500, 0.382213, 151.048, 0.000251881, -135.263
3443, 57.38333, 0.382369, 150.985, 0.000252022, -135.324
3444, 57.39167, 0.382526, 150.922, 0.000252162, -135.385
3444, 57.40000, 0.382681, 150.859, 0.000252302, -135.446
3445, 57.40833, 0.382837, 150.796, 0.000252442, -135.507
3445, 57.41667, 0.382993, 150.733, 0.000252582, -135.568
3446, 57.42500, 0.383148, 150.67, 0.000252722, -135.629
3446, 57.43333, 0.383303, 150.607, 0.000252862, -135.69
3447, 57.44167, 0.383458, 150.544, 0.000253001, -135.752
3447, 57.45000, 0.383612, 150.481, 0.000253141, -135.813
3448, 57.45833, 0.383767, 150.418, 0.00025328, -135.874
3448, 57.46667, 0.383921, 150.355, 0.000253419, -135.936
3449, 57.47500, 0.384075, 150.291, 0.000253558, -135.997
3449, 57.48333, 0.384228, 150.228, 0.000253697, -136.059
3450, 57.49167, 0.384381, 150.164, 0.000253835, -136.121
3450, 57.50000, 0.384534, 150.101, 0.000253974, -136.182
3451, 57.50833, 0.384687, 150.037, 0.000254112, -136.244
3451, 57.51667, 0.38484, 149.974, 0.000254251, -136.306
3452, 57.52500, 0.384992, 149.91, 0.000254389, -136.368
3452, 57.53333, 0.385144, 149.846, 0.000254527, -136.43
3453, 57.54167, 0.385296, 149.782, 0.000254665, -136.492
3453, 57.55000, 0.385447, 149.719, 0.000254802, -136.554
3454, 57.55833, 0.385598, 149.655, 0.00025494, -136.616
3454, 57.56667, 0.385749, 149.591, 0.000255077, -136.678
3455, 57.57500, 0.3859, 149.527, 0.000255215, -136.74
3455, 57.58333, 0.38605, 149.463, 0.000255352, -136.802
3456, 57.59167, 0.3862, 149.398, 0.000255489, -136.865
3456, 57.60000, 0.38635, 149.334, 0.000255625, -136.927
3457, 57.60833, 0.386499, 149.27, 0.000255762, -136.989
3457, 57.61667, 0.386649, 149.206, 0.000255899, -137.052
3458, 57.62500, 0.386798, 149.141, 0.000256035, -137.114
3458, 57.63333, 0.386946, 149.077, 0.000256171, -137.177
3459, 57.64167, 0.387095, 149.013, 0.000256307, -137.24
3459, 57.65000, 0.387243, 148.948, 0.000256443, -137.302
3460, 57.65833, 0.387391, 148.883, 0.000256579, -137.365
3460, 57.66667, 0.387538, 148.819, 0.000256714, -137.428
3461, 57.67500, 0.387685, 148.754, 0.00025685, -137.491
3461, 57.68333, 0.387832, 148.689, 0.000256985, -137.554
3462, 57.69167, 0.387979, 148.625, 0.00025712, -137.617
3462, 57.70000, 0.388125, 148.56, 0.000257255, -137.68
3463, 57.70833, 0.388271, 148.495, 0.000257389, -137.743
3463, 57.71667, 0.388417, 148.43, 0.000257524, -137.806
3464, 57.72500, 0.388562, 148.365, 0.000257658, -137.869
3464, 57.73333, 0.388707, 148.3, 0.000257792, -137.933
3465, 57.74167, 0.388852, 148.235, 0.000257926, -137.996
3465, 57.75000, 0.388997, 148.169, 0.00025806, -138.059
3466, 57.75833, 0.389141, 148.104, 0.000258194, -138.123
3466, 57.76667, 0.389285, 148.039, 0.000258328, -138.186
3467, 57.77500, 0.389429, 147.973, 0.000258461, -138.25
3467, 57.78333, 0.389572, 147.908, 0.000258594, -138.313
3468, 57.79167, 0.389715, 147.843, 0.000258727, -138.377
3468, 57.80000, 0.389857, 147.777, 0.00025886, -138.441
3469, 57.80833, 0.39, 147.712, 0.000258992, -138.504
3469, 57.81667, 0.390142, 147.646, 0.000259125, -138.568
3470, 57.82500, 0.390283, 147.58, 0.000259257, -138.632
3470, 57.83333, 0.390425, 147.515, 0.000259389, -138.696
3471, 57.84167, 0.390566, 147.449, 0.000259521, -138.76
3471, 57.85000, 0.390707, 147.383, 0.000259653, -138.824
3472, 57.85833, 0.390847, 147.317, 0.000259784, -138.888
3472, 57.86667, 0.390987, 147.251, 0.000259915, -138.952
3473, 57.87500, 0.391127, 147.185, 0.000260046, -139.017
3473, 57.88333, 0.391266, 147.119, 0.000260177, -139.081
3474, 57.89167, 0.391405, 147.053, 0.000260308, -139.145
3474, 57.90000, 0.391544, 146.987, 0.000260438, -139.209
3475, 57.90833, 0.391682, 146.921, 0.000260569, -139.274
3475, 57.91667, 0.39182, 146.854, 0.000260699, -139.338
3476, 57.92500, 0.391958, 146.788, 0.000260829, -139.403
3476, 57.93333, 0.392095, 146.722, 0.000260959, -139.467
3477, 57.94167, 0.392232, 146.655, 0.000261088, -139.532
3477, 57.95000, 0.392369, 146.589, 0.000261217, -139.597
3478, 57.95833, 0.392505, 146.522, 0.000261346, -139.661
3478, 57.96667, 0.392641, 146.456, 0.000261475, -139.726
3479, 57.97500, 0.392777, 146.389, 0.000261604, -139.791
3479, 57.98333, 0.392912, 146.322, 0.000261733, -139.856
3480, 57.99167, 0.393047, 146.256, 0.000261861, -139.921
3480, 58.00000, 0.393182, 146.189, 0.000261989, -139.986
3481, 58.00833, 0.393316, 146.122, 0.000262117, -140.051
3481, 58.01667, 0.39345, 146.055, 0.000262244, -140.116
3482, 58.02500, 0.393583, 145.988, 0.000262372, -140.181
3482, 58.03333, 0.393716, 145.921, 0.000262499, -140.246
3483, 58.04167, 0.393849, 145.854, 0.000262626, -140.311
3483, 58.05000, 0.393981, 145.787, 0.000262753, -140.377
3484, 58.05833, 0.394113, 145.72, 0.00026288, -140.442
3484, 58.06667, 0.394245, 145.653, 0.000263006, -140.508
3485, 58.07500, 0.394376, 145.586, 0.000263132, -140.573
3485, 58.08333, 0.394507, 145.518, 0.000263258, -140.638
3486, 58.09167, 0.394638, 145.451, 0.000263384, -140.704
3486, 58.10000, 0.394768, 145.384, 0.000263509, -140.77
3487, 58.10833, 0.394898, 145.316, 0.000263634, -140.835
3487, 58.11667, 0.395027, 145.249, 0.000263759, -140.901
3488, 58.12500, 0.395156, 145.181, 0.000263884, -140.967
3488, 58.13333, 0.395285, 145.114, 0.000264009, -141.033
3489, 58.14167, 0.395413, 145.046, 0.000264133, -141.098
3489, 58.15000, 0.395541, 144.978, 0.000264257, -141.164
3490, 58.15833, 0.395669, 144.911, 0.000264381, -141.23
3490, 58.16667, 0.395796, 144.843, 0.000264505, -141.296
3491, 58.17500, 0.395922, 144.775, 0.000264628, -141.362
3491, 58.18333, 0.396049, 144.707, 0.000264751, -141.428
3492, 58.19167, 0.396175, 144.639, 0.000264874, -141.494
3492, 58.20000, 0.3963, 144.571, 0.000264997, -141.561
3493, 58.20833, 0.396425, 144.503, 0.000265119, -141.627
3493, 58.21667, 0.39655, 144.435, 0.000265242, -141.693
3494, 58.22500, 0.396674, 144.367, 0.000265364, -141.76
3494, 58.23333, 0.396798, 144.299, 0.000265485, -141.826
3495, 58.24167, 0.396922, 144.231, 0.000265607, -141.892
3495, 58.25000, 0.397045, 144.162, 0.000265728, -141.959
3496, 58.25833, 0.397168, 144.094, 0.000265849, -142.025
3496, 58.26667, 0.39729, 144.026, 0.00026597, -142.092
3497, 58.27500, 0.397412, 143.957, 0.00026609, -142.159
3497, 58.28333, 0.397533, 143.889, 0.00026621, -142.225
3498, 58.29167, 0.397654, 143.82, 0.00026633, -142.292
3498, 58.30000, 0.397775, 143.752, 0.00026645, -142.359
3499, 58.30833, 0.397895, 143.683, 0.00026657, -142.426
3499, 58.31667, 0.398015, 143.615, 0.000266689, -142.492
3500, 58.32500, 0.398135, 143.546, 0.000266808, -142.559
3500, 58.33333, 0.398254, 143.477, 0.000266927, -142.626
3501, 58.34167, 0.398372, 143.408, 0.000267045, -142.693
3501, 58.35000, 0.39849, 143.34, 0.000267163, -142.76
3502, 58.35833, 0.398608, 143.271, 0.000267281, -142.827
3502, 58.36667, 0.398725, 143.202, 0.000267399, -142.895
3503, 58.37500, 0.398842, 143.133, 0.000267516, -142.962
3503, 58.38333, 0.398959, 143.064, 0.000267633, -143.029
3504, 58.39167, 0.399075, 142.995, 0.00026775, -143.096
3504, 58.40000, 0.39919, 142.926, 0.000267867, -143.164
3505, 58.40833, 0.399305, 142.857, 0.000267983, -143.231
3505, 58.41667, 0.39942, 142.787, 0.000268099, -143.298
3506, 58.42500, 0.399534, 142.718, 0.000268215, -143.366
3506, 58.43333, 0.399648, 142.649, 0.000268331, -143.433
3507, 58.44167, 0.399762, 142.58, 0.000268446, -143.501
3507, 58.45000, 0.399875, 142.51, 0.000268561, -143.569
3508, 58.45833, 0.399987, 142.441, 0.000268676, -143.636
3508, 58.46667, 0.400099, 142.371, 0.00026879, -143.704
3509, 58.47500, 0.400211, 142.302, 0.000268904, -143.772
3509, 58.48333, 0.400322, 142.232, 0.000269018, -143.839
3510, 58.49167, 0.400432, 142.163, 0.000269132, -143.907
3510, 58.50000, 0.400543, 142.093, 0.000269245, -143.975
3511, 58.50833, 0.400653, 142.024, 0.000269358, -144.043
3511, 58.51667, 0.400762, 141.954, 0.000269471, -144.111
3512, 58.52500, 0.400871, 141.884, 0.000269583, -144.179
3512, 58.53333, 0.400979, 141.814, 0.000269696, -144.247
3513, 58.54167, 0.401087, 141.745, 0.000269807, -144.315
3513, 58.55000, 0.401195, 141.675, 0.000269919, -144.383
3514, 58.55833, 0.401302, 141.605, 0.00027003, -144.451
3514, 58.56667, 0.401408, 141.535, 0.000270141, -144.52
3515, 58.57500, 0.401514, 141.465, 0.000270252, -144.588
3515, 58.58333, 0.40162, 141.395, 0.000270363, -144.656
3516, 58.59167, 0.401725, 141.325, 0.000270473, -144.725
3516, 58.60000, 0.40183, 141.255, 0.000270583, -144.793
3517, 58.60833, 0.401934, 141.184, 0.000270692, -144.861
3517, 58.61667, 0.402038, 141.114, 0.000270801, -144.93
3518, 58.62500, 0.402141, 141.044, 0.00027091, -144.998
3518, 58.63333, 0.402244, 140.974, 0.000271019, -145.067
3519, 58.64167, 0.402346, 140.903, 0.000271127, -145.135
3519, 58.65000, 0.402448, 140.833, 0.000271235, -145.204
3520, 58.65833, 0.402549, 140.762, 0.000271343, -145.273
3520, 58.66667, 0.40265, 140.692, 0.000271451, -145.341
3521, 58.67500, 0.402751, 140.622, 0.000271558, -145.41
3521, 58.68333, 0.402851, 140.551, 0.000271665, -145.479
3522, 58.69167, 0.40295, 140.48, 0.000271771, -145.548
3522, 58.70000, 0.403049, 140.41, 0.000271877, -145.617
3523, 58.70833, 0.403147, 140.339, 0.000271983, -145.686
3523, 58.71667, 0.403245, 140.269, 0.000272089, -145.755
3524, 58.72500, 0.403343, 140.198, 0.000272194, -145.823
3524, 58.73333, 0.40344, 140.127, 0.000272299, -145.893
3525, 58.74167, 0.403536, 140.056, 0.000272404, -145.962
3525, 58.75000, 0.403632, 139.985, 0.000272508, -146.031
3526, 58.75833, 0.403728, 139.915, 0.000272612, -146.1
3526, 58.76667, 0.403823, 139.844, 0.000272716, -146.169
3527, 58.77500, 0.403917, 139.773, 0.000272819, -146.238
3527, 58.78333, 0.404011, 139.702, 0.000272922, -146.307
3528, 58.79167, 0.404104, 139.631, 0.000273025, -146.377
3528, 58.80000, 0.404197, 139.56, 0.000273128, -146.446
3529, 58.80833, 0.40429, 139.488, 0.00027323, -146.515
3529, 58.81667, 0.404382, 139.417, 0.000273331, -146.585
3530, 58.82500, 0.404473, 139.346, 0.000273433, -146.654
3530, 58.83333, 0.404564, 139.275, 0.000273534, -146.724
3531, 58.84167, 0.404654, 139.204, 0.000273635, -146.793
3531, 58.85000, 0.404744, 139.132, 0.000273735, -146.863
3532, 58.85833, 0.404834, 139.061, 0.000273835, -146.932
3532, 58.86667, 0.404923, 138.99, 0.000273935, -147.002
3533, 58.87500, 0.405011, 138.918, 0.000274035, -147.072
3533, 58.88333, 0.405099, 138.847, 0.000274134, -147.141
3534, 58.89167, 0.405186, 138.775, 0.000274233, -147.211
3534, 58.90000, 0.405273, 138.704, 0.000274331, -147.281
3535, 58.90833, 0.405359, 138.632, 0.000274429, -147.351
3535, 58.91667, 0.405445, 138.561, 0.000274527, -147.421
3536, 58.92500, 0.40553, 138.489, 0.000274624, -147.491
3536, 58.93333, 0.405614, 138.418, 0.000274721, -147.56
3537, 58.94167, 0.405698, 138.346, 0.000274818, -147.63
3537, 58.95000, 0.405782, 138.274, 0.000274915, -147.7
3538, 58.95833, 0.405865, 138.202, 0.000275011, -147.77
3538, 58.96667, 0.405948, 138.131, 0.000275106, -147.84
3539, 58.97500, 0.40603, 138.059, 0.000275202, -147.911
3539, 58.98333, 0.406111, 137.987, 0.000275297, -147.981
3540, 58.99167, 0.406192, 137.915, 0.000275392, -148.051
3540, 59.00000, 0.406272, 137.843, 0.000275486, -148.121
3541, 59.00833, 0.406352, 137.771, 0.00027558, -148.191
3541, 59.01667, 0.406431, 137.699, 0.000275674, -148.261
3542, 59.02500, 0.40651, 137.627, 0.000275767, -148.332
3542, 59.03333, 0.406588, 137.555, 0.00027586, -148.402
3543, 59.04167, 0.406666, 137.483, 0.000275952, -148.472
3543, 59.05000, 0.406743, 137.411, 0.000276045, -148.543
3544, 59.05833, 0.406819, 137.339, 0.000276136, -148.613
3544, 59.06667, 0.406895, 137.267, 0.000276228, -148.684
3545, 59.07500, 0.406971, 137.195, 0.000276319, -148.754
3545, 59.08333, 0.407046, 137.122, 0.00027641, -148.825
3546, 59.09167, 0.40712, 137.05, 0.0002765, -148.895
3546, 59.10000, 0.407194, 136.978, 0.00027659, -148.966
3547, 59.10833, 0.407267, 136.906, 0.00027668, -149.036
3547, 59.11667, 0.40734, 136.833, 0.000276769, -149.107
3548, 59.12500, 0.407412, 136.761, 0.000276858, -149.178
3548, 59.13333, 0.407483, 136.689, 0.000276947, -149.248
3549, 59.14167, 0.407554, 136.616, 0.000277035, -149.319
3549, 59.15000, 0.407624, 136.544, 0.000277123, -149.39
3550, 59.15833, 0.407694, 136.471, 0.00027721, -149.461
3550, 59.16667, 0.407764, 136.399, 0.000277298, -149.531
3551, 59.17500, 0.407832, 136.326, 0.000277384, -149.602
3551, 59.18333, 0.4079, 136.253, 0.000277471, -149.673
3552, 59.19167, 0.407968, 136.181, 0.000277557, -149.744
3552, 59.20000, 0.408035, 136.108, 0.000277642, -149.815
3553, 59.20833, 0.408101, 136.036, 0.000277728, -149.886
3553, 59.21667, 0.408167, 135.963, 0.000277812, -149.957
3554, 59.22500, 0.408232, 135.89, 0.000277897, -150.028
3554, 59.23333, 0.408297, 135.817, 0.000277981, -150.099
3555, 59.24167, 0.408361, 135.745, 0.000278065, -150.17
3555, 59.25000, 0.408425, 135.672, 0.000278148, -150.241
3556, 59.25833, 0.408488, 135.599, 0.000278231, -150.312
3556, 59.26667, 0.40855, 135.526, 0.000278314, -150.383
3557, 59.27500, 0.408612, 135.453, 0.000278396, -150.454
3557, 59.28333, 0.408673, 135.38, 0.000278478, -150.526
3558, 59.29167, 0.408733, 135.308, 0.000278559, -150.597
3558, 59.30000, 0.408794, 135.235, 0.00027864, -150.668
3559, 59.30833, 0.408853, 135.162, 0.000278721, -150.739
3559, 59.31667, 0.408912, 135.089, 0.000278801, -150.811
3560, 59.32500, 0.40897, 135.016, 0.000278881, -150.882
3560, 59.33333, 0.409028, 134.943, 0.000278961, -150.953
3561, 59.34167, 0.409085, 134.869, 0.00027904, -151.025
3561, 59.35000, 0.409141, 134.796, 0.000279118, -151.096
3562, 59.35833, 0.409197, 134.723, 0.000279197, -151.168
3562, 59.36667, 0.409252, 134.65, 0.000279275, -151.239
3563, 59.37500, 0.409307, 134.577, 0.000279352, -151.311
3563, 59.38333, 0.409361, 134.504, 0.000279429, -151.382
3564, 59.39167, 0.409415, 134.431, 0.000279506, -151.454
3564, 59.40000, 0.409468, 134.357, 0.000279582, -151.525
3565, 59.40833, 0.40952, 134.284, 0.000279658, -151.597
3565, 59.41667, 0.409571, 134.211, 0.000279734, -151.668
3566, 59.42500, 0.409623, 134.137, 0.000279809, -151.74
3566, 59.43333, 0.409673, 134.064, 0.000279884, -151.812
3567, 59.44167, 0.409723, 133.991, 0.000279958, -151.883
3567, 59.45000, 0.409772, 133.917, 0.000280032, -151.955
3568, 59.45833, 0.409821, 133.844, 0.000280106, -152.027
3568, 59.46667, 0.409869, 133.771, 0.000280179, -152.098
3569, 59.47500, 0.409916, 133.697, 0.000280251, -152.17
3569, 59.48333, 0.409963, 133.624, 0.000280324, -152.242
3570, 59.49167, 0.410009, 133.55, 0.000280396, -152.314
3570, 59.50000, 0.410055, 133.477, 0.000280467, -152.385
3571, 59.50833, 0.4101, 133.403, 0.000280538, -152.457
3571, 59.51667, 0.410144, 133.33, 0.000280609, -152.529
3572, 59.52500, 0.410188, 133.256, 0.000280679, -152.601
3572, 59.53333, 0.410231, 133.183, 0.000280749, -152.673
3573, 59.54167, 0.410274, 133.109, 0.000280819, -152.745
3573, 59.55000, 0.410316, 133.035, 0.000280888, -152.817
3574, 59.55833, 0.410357, 132.962, 0.000280956, -152.889
3574, 59.56667, 0.410398, 132.888, 0.000281024, -152.961
3575, 59.57500, 0.410438, 132.814, 0.000281092, -153.033
3575, 59.58333, 0.410477, 132.741, 0.00028116, -153.105
3576, 59.59167, 0.410516, 132.667, 0.000281226, -153.177
3576, 59.60000, 0.410554, 132.593, 0.000281293, -153.249
3577, 59.60833, 0.410592, 132.52, 0.000281359, -153.321
3577, 59.61667, 0.410628, 132.446, 0.000281425, -153.393
3578, 59.62500, 0.410665, 132.372, 0.00028149, -153.465
3578, 59.63333, 0.4107, 132.298, 0.000281555, -153.537
3579, 59.64167, 0.410735, 132.224, 0.000281619, -153.609
3579, 59.65000, 0.41077, 132.151, 0.000281683, -153.681
3580, 59.65833, 0.410804, 132.077, 0.000281747, -153.753
3580, 59.66667, 0.410837, 132.003, 0.00028181, -153.826
3581, 59.67500, 0.410869, 131.929, 0.000281873, -153.898
3581, 59.68333, 0.410901, 131.855, 0.000281935, -153.97
3582, 59.69167, 0.410932, 131.781, 0.000281997, -154.042
3582, 59.70000, 0.410963, 131.707, 0.000282058, -154.114
3583, 59.70833, 0.410993, 131.633, 0.000282119, -154.187
3583, 59.71667, 0.411022, 131.56, 0.00028218, -154.259
3584, 59.72500, 0.411051, 131.486, 0.00028224, -154.331
3584, 59.73333, 0.411079, 131.412, 0.0002823, -154.404
3585, 59.74167, 0.411106, 131.338, 0.000282359, -154.476
3585, 59.75000, 0.411133, 131.264, 0.000282418, -154.548
3586, 59.75833, 0.411159, 131.19, 0.000282476, -154.621
3586, 59.76667, 0.411185, 131.116, 0.000282534, -154.693
3587, 59.77500, 0.41121, 131.042, 0.000282592, -154.765
3587, 59.78333, 0.411234, 130.968, 0.000282649, -154.838
3588, 59.79167, 0.411257, 130.893, 0.000282705, -154.91
3588, 59.80000, 0.41128, 130.819, 0.000282762, -154.982
3589, 59.80833, 0.411303, 130.745, 0.000282817, -155.055
3589, 59.81667, 0.411324, 130.671, 0.000282873, -155.127
3590, 59.82500, 0.411345, 130.597, 0.000282928, -155.2
3590, 59.83333, 0.411365, 130.523, 0.000282982, -155.272
3591, 59.84167, 0.411385, 130.449, 0.000283036, -155.345
3591, 59.85000, 0.411404, 130.375, 0.00028309, -155.417
3592, 59.85833, 0.411423, 130.301, 0.000283143, -155.49
3592, 59.86667, 0.41144, 130.226, 0.000283196, -155.562
3593, 59.87500, 0.411457, 130.152, 0.000283248, -155.635
3593, 59.88333, 0.411474, 130.078, 0.0002833, -155.707
3594, 59.89167, 0.411489, 130.004, 0.000283351, -155.78
3594, 59.90000, 0.411505, 129.93, 0.000283402, -155.852
3595, 59.90833, 0.411519, 129.856, 0.000283452, -155.925
3595, 59.91667, 0.411533, 129.781, 0.000283502, -155.997
3596, 59.92500, 0.411546, 129.707, 0.000283552, -156.07
3596, 59.93333, 0.411558, 129.633, 0.000283601, -156.142
3597, 59.94167, 0.41157, 129.559, 0.00028365, -156.215
3597, 59.95000, 0.411581, 129.484, 0.000283698, -156.288
3598, 59.95833, 0.411592, 129.41, 0.000283746, -156.36
3598, 59.96667, 0.411602, 129.336, 0.000283793, -156.433
3599, 59.97500, 0.411611, 129.262, 0.00028384, -156.505
3599, 59.98333, 0.411619, 129.187, 0.000283886, -156.578
3600, 59.99167, 0.411627, 129.113, 0.000283932, -156.651
3600, 60.00000, 0.411634, 129.039, 0.000283978, -156.723
3601, 60.00833, 0.411641, 128.965, 0.000284023, -156.796
3601, 60.01667, 0.411647, 128.89, 0.000284067, -156.868
3602, 60.02500, 0.411652, 128.816, 0.000284112, -156.941
3602, 60.03333, 0.411657, 128.742, 0.000284155, -157.014
3603, 60.04167, 0.41166, 128.667, 0.000284198, -157.086
3603, 60.05000, 0.411664, 128.593, 0.000284241, -157.159
3604, 60.05833, 0.411666, 128.519, 0.000284284, -157.232
3604, 60.06667, 0.411668, 128.444, 0.000284325, -157.304
3605, 60.07500, 0.411669, 128.37, 0.000284367, -157.377
3605, 60.08333, 0.41167, 128.296, 0.000284408, -157.45
3606, 60.09167, 0.41167, 128.221, 0.000284448, -157.522
3606, 60.10000, 0.411669, 128.147, 0.000284488, -157.595
3607, 60.10833, 0.411667, 128.073, 0.000284528, -157.668
3607, 60.11667, 0.411665, 127.999, 0.000284567, -157.74
3608, 60.12500, 0.411662, 127.924, 0.000284605, -157.813
3608, 60.13333, 0.411659, 127.85, 0.000284644, -157.886
3609, 60.14167, 0.411655, 127.775, 0.000284681, -157.959
3609, 60.15000, 0.41165, 127.701, 0.000284719, -158.031
3610, 60.15833, 0.411645, 127.627, 0.000284755, -158.104
3610, 60.16667, 0.411638, 127.552, 0.000284792, -158.177
3611, 60.17500, 0.411632, 127.478, 0.000284827, -158.249
3611, 60.18333, 0.411624, 127.404, 0.000284863, -158.322
3612, 60.19167, 0.411616, 127.329, 0.000284898, -158.395
3612, 60.20000, 0.411607, 127.255, 0.000284932, -158.467
3613, 60.20833, 0.411597, 127.181, 0.000284966, -158.54
3613, 60.21667, 0.411587, 127.106, 0.000285, -158.613
3614, 60.22500, 0.411576, 127.032, 0.000285033, -158.686
3614, 60.23333, 0.411565, 126.958, 0.000285065, -158.758
3615, 60.24167, 0.411552, 126.883, 0.000285097, -158.831
3615, 60.25000, 0.41154, 126.809, 0.000285129, -158.904
3616, 60.25833, 0.411526, 126.735, 0.00028516, -158.976
3616, 60.26667, 0.411512, 126.66, 0.000285191, -159.049
3617, 60.27500, 0.411497, 126.586, 0.000285221, -159.122
3617, 60.28333, 0.411481, 126.512, 0.000285251, -159.195
3618, 60.29167, 0.411465, 126.437, 0.00028528, -159.267
3618, 60.30000, 0.411448, 126.363, 0.000285309, -159.34
3619, 60.30833, 0.41143, 126.289, 0.000285337, -159.413
3619, 60.31667, 0.411412, 126.214, 0.000285365, -159.485
3620, 60.32500, 0.411393, 126.14, 0.000285392, -159.558
3620, 60.33333, 0.411373, 126.066, 0.000285419, -159.631
3621, 60.34167, 0.411353, 125.992, 0.000285446, -159.703
3621, 60.35000, 0.411331, 125.917, 0.000285471, -159.776
3622, 60.35833, 0.41131, 125.843, 0.000285497, -159.849
3622, 60.36667, 0.411287, 125.769, 0.000285522, -159.921
3623, 60.37500, 0.411264, 125.694, 0.000285546, -159.994
3623, 60.38333, 0.41124, 125.62, 0.00028557, -160.067
3624, 60.39167, 0.411216, 125.546, 0.000285594, -160.139
3624, 60.40000, 0.411191, 125.472, 0.000285617, -160.212
3625, 60.40833, 0.411165, 125.397, 0.00028564, -160.284
3625, 60.41667, 0.411138, 125.323, 0.000285662, -160.357
3626, 60.42500, 0.411111, 125.249, 0.000285683, -160.43
3626, 60.43333, 0.411083, 125.175, 0.000285705, -160.502
3627, 60.44167, 0.411054, 125.1, 0.000285725, -160.575
3627, 60.45000, 0.411025, 125.026, 0.000285745, -160.648
3628, 60.45833, 0.410995, 124.952, 0.000285765, -160.72
3628, 60.46667, 0.410965, 124.878, 0.000285784, -160.793
3629, 60.47500, 0.410933, 124.804, 0.000285803, -160.865
3629, 60.48333, 0.410901, 124.729, 0.000285821, -160.938
3630, 60.49167, 0.410868, 124.655, 0.000285839, -161.01
3630, 60.50000, 0.410835, 124.581, 0.000285857, -161.083
3631, 60.50833, 0.410801, 124.507, 0.000285873, -161.156
3631, 60.51667, 0.410766, 124.433, 0.00028589, -161.228
3632, 60.52500, 0.410731, 124.359, 0.000285906, -161.301
3632, 60.53333, 0.410695, 124.284, 0.000285921, -161.373
3633, 60.54167, 0.410658, 124.21, 0.000285936, -161.446
3633, 60.55000, 0.41062, 124.136, 0.00028595, -161.518
3634, 60.55833, 0.410582, 124.062, 0.000285964, -161.591
3634, 60.56667, 0.410543, 123.988, 0.000285978, -161.663
3635, 60.57500, 0.410504, 123.914, 0.000285991, -161.735
3635, 60.58333, 0.410463, 123.84, 0.000286003, -161.808
3636, 60.59167, 0.410422, 123.766, 0.000286015, -161.88
3636, 60.60000, 0.410381, 123.692, 0.000286027, -161.953
3637, 60.60833, 0.410339, 123.618, 0.000286038, -162.025
3637, 60.61667, 0.410295, 123.544, 0.000286048, -162.098
3638, 60.62500, 0.410252, 123.47, 0.000286058, -162.17
3638, 60.63333, 0.410207, 123.396, 0.000286068, -162.242
3639, 60.64167, 0.410162, 123.322, 0.000286077, -162.315
3639, 60.65000, 0.410117, 123.248, 0.000286085, -162.387
3640, 60.65833, 0.41007, 123.174, 0.000286093, -162.459
3640, 60.66667, 0.410023, 123.1, 0.000286101, -162.532
3641, 60.67500, 0.409975, 123.026, 0.000286108, -162.604
3641, 60.68333, 0.409927, 122.952, 0.000286115, -162.676
3642, 60.69167, 0.409877, 122.878, 0.000286121, -162.748
3642, 60.70000, 0.409828, 122.805, 0.000286127, -162.821
3643, 60.70833, 0.409777, 122.731, 0.000286132, -162.893
3643, 60.71667, 0.409726, 122.657, 0.000286136, -162.965
3644, 60.72500, 0.409674, 122.583, 0.000286141, -163.037
3644, 60.73333, 0.409621, 122.509, 0.000286144, -163.11
3645, 60.74167, 0.409568, 122.435, 0.000286147, -163.182
3645, 60.75000, 0.409514, 122.362, 0.00028615, -163.254
3646, 60.75833, 0.409459, 122.288, 0.000286152, -163.326
3646, 60.76667, 0.409404, 122.214, 0.000286154, -163.398
3647, 60.77500, 0.409348, 122.141, 0.000286155, -163.47
3647, 60.78333, 0.409291, 122.067, 0.000286156, -163.542
3648, 60.79167, 0.409233, 121.993, 0.000286156, -163.614
3648, 60.80000, 0.409175, 121.92, 0.000286156, -163.686
3649, 60.80833, 0.409116, 121.846, 0.000286155, -163.758
3649, 60.81667, 0.409057, 121.772, 0.000286154, -163.83
3650, 60.82500, 0.408997, 121.699, 0.000286153, -163.902
3650, 60.83333, 0.408936, 121.625, 0.00028615, -163.974
3651, 60.84167, 0.408874, 121.552, 0.000286148, -164.046
3651, 60.85000, 0.408812, 121.478, 0.000286144, -164.118
3652, 60.85833, 0.408749, 121.405, 0.000286141, -164.19
3652, 60.86667, 0.408685, 121.331, 0.000286137, -164.262
3653, 60.87500, 0.408621, 121.258, 0.000286132, -164.334
3653, 60.88333, 0.408556, 121.184, 0.000286127, -164.406
3654, 60.89167, 0.40849, 121.111, 0.000286121, -164.478
3654, 60.90000, 0.408424, 121.037, 0.000286115, -164.549
3655, 60.90833, 0.408357, 120.964, 0.000286108, -164.621
3655, 60.91667, 0.408289, 120.891, 0.000286101, -164.693
3656, 60.92500, 0.408221, 120.817, 0.000286094, -164.765
3656, 60.93333, 0.408152, 120.744, 0.000286086, -164.836
3657, 60.94167, 0.408082, 120.671, 0.000286077, -164.908
3657, 60.95000, 0.408011, 120.597, 0.000286068, -164.98
3658, 60.95833, 0.40794, 120.524, 0.000286058, -165.051
3658, 60.96667, 0.407868, 120.451, 0.000286048, -165.123
3659, 60.97500, 0.407796, 120.378, 0.000286038, -165.195
3659, 60.98333, 0.407723, 120.305, 0.000286027, -165.266
3660, 60.99167, 0.407649, 120.232, 0.000286015, -165.338
3660, 61.00000, 0.407574, 120.158, 0.000286003, -165.409
3661, 61.00833, 0.407499, 120.085, 0.000285991, -165.481
3661, 61.01667, 0.407423, 120.012, 0.000285978, -165.552
3662, 61.02500, 0.407346, 119.939, 0.000285964, -165.624
3662, 61.03333, 0.407269, 119.866, 0.00028595, -165.695
3663, 61.04167, 0.407191, 119.793, 0.000285936, -165.767
3663, 61.05000, 0.407112, 119.72, 0.000285921, -165.838
3664, 61.05833, 0.407033, 119.647, 0.000285905, -165.909
3664, 61.06667, 0.406953, 119.575, 0.000285889, -165.981
3665, 61.07500, 0.406872, 119.502, 0.000285873, -166.052
3665, 61.08333, 0.406791, 119.429, 0.000285856, -166.123
3666, 61.09167, 0.406708, 119.356, 0.000285838, -166.194
3666, 61.10000, 0.406626, 119.283, 0.00028582, -166.265
3667, 61.10833, 0.406542, 119.211, 0.000285802, -166.337
3667, 61.11667, 0.406458, 119.138, 0.000285783, -166.408
3668, 61.12500, 0.406373, 119.065, 0.000285763, -166.479
3668, 61.13333, 0.406288, 118.992, 0.000285743, -166.55
3669, 61.14167, 0.406202, 118.92, 0.000285723, -166.621
3669, 61.15000, 0.406115, 118.847, 0.000285702, -166.692
3670, 61.15833, 0.406027, 118.775, 0.000285681, -166.763
3670, 61.16667, 0.405939, 118.702, 0.000285659, -166.834
3671, 61.17500, 0.40585, 118.63, 0.000285636, -166.905
3671, 61.18333, 0.40576, 118.557, 0.000285613, -166.976
3672, 61.19167, 0.40567, 118.485, 0.00028559, -167.047
3672, 61.20000, 0.405579, 118.412, 0.000285566, -167.117
3673, 61.20833, 0.405488, 118.34, 0.000285542, -167.188
3673, 61.21667, 0.405395, 118.268, 0.000285517, -167.259
3674, 61.22500, 0.405302, 118.195, 0.000285492, -167.33
3674, 61.23333, 0.405209, 118.123, 0.000285466, -167.4
3675, 61.24167, 0.405114, 118.051, 0.000285439, -167.471
3675, 61.25000, 0.405019, 117.979, 0.000285413, -167.542
3676, 61.25833, 0.404924, 117.906, 0.000285385, -167.612
3676, 61.26667, 0.404828, 117.834, 0.000285357, -167.683
3677, 61.27500, 0.40473, 117.762, 0.000285329, -167.753
3677, 61.28333, 0.404633, 117.69, 0.0002853, -167.824
3678, 61.29167, 0.404534, 117.618, 0.000285271, -167.894
3678, 61.30000, 0.404435, 117.546, 0.000285241, -167.965
3679, 61.30833, 0.404336, 117.474, 0.000285211, -168.035
3679, 61.31667, 0.404235, 117.402, 0.00028518, -168.106
3680, 61.32500, 0.404134, 117.33, 0.000285149, -168.176
3680, 61.33333, 0.404033, 117.258, 0.000285117, -168.246
3681, 61.34167, 0.40393, 117.187, 0.000285085, -168.316
3681, 61.35000, 0.403827, 117.115, 0.000285052, -168.387
3682, 61.35833, 0.403724, 117.043, 0.000285019, -168.457
3682, 61.36667, 0.403619, 116.971, 0.000284985, -168.527
3683, 61.37500, 0.403514, 116.9, 0.000284951, -168.597
3683, 61.38333, 0.403408, 116.828, 0.000284916, -168.667
3684, 61.39167, 0.403302, 116.757, 0.000284881, -168.737
3684, 61.40000, 0.403195, 116.685, 0.000284845, -168.807
3685, 61.40833, 0.403087, 116.613, 0.000284809, -168.877
3685, 61.41667, 0.402979, 116.542, 0.000284772, -168.947
3686, 61.42500, 0.40287, 116.471, 0.000284735, -169.017
3686, 61.43333, 0.40276, 116.399, 0.000284698, -169.087
3687, 61.44167, 0.40265, 116.328, 0.000284659, -169.156
3687, 61.45000, 0.402539, 116.257, 0.000284621, -169.226
3688, 61.45833, 0.402427, 116.185, 0.000284582, -169.296
3688, 61.46667, 0.402315, 116.114, 0.000284542, -169.366
3689, 61.47500, 0.402202, 116.043, 0.000284502, -169.435
3689, 61.48333, 0.402088, 115.972, 0.000284461, -169.505
3690, 61.49167, 0.401974, 115.901, 0.00028442, -169.574
3690, 61.50000, 0.401859, 115.83, 0.000284379, -169.644
3691, 61.50833, 0.401743, 115.759, 0.000284337, -169.713
3691, 61.51667, 0.401626, 115.688, 0.000284294, -169.783
3692, 61.52500, 0.401509, 115.617, 0.000284251, -169.852
3692, 61.53333, 0.401392, 115.546, 0.000284208, -169.921
3693, 61.54167, 0.401274, 115.475, 0.000284164, -169.991
3693, 61.55000, 0.401155, 115.404, 0.000284119, -170.06
3694, 61.55833, 0.401035, 115.333, 0.000284074, -170.129
3694, 61.56667, 0.400915, 115.263, 0.000284029, -170.198
3695, 61.57500, 0.400794, 115.192, 0.000283983, -170.267
3695, 61.58333, 0.400672, 115.121, 0.000283936, -170.336
3696, 61.59167, 0.40055, 115.051, 0.000283889, -170.405
3696, 61.60000, 0.400427, 114.98, 0.000283842, -170.474
3697, 61.60833, 0.400303, 114.91, 0.000283794, -170.543
3697, 61.61667, 0.400179, 114.84, 0.000283745, -170.612
3698, 61.62500, 0.400054, 114.769, 0.000283697, -170.681
3698, 61.63333, 0.399929, 114.699, 0.000283647, -170.75
3699, 61.64167, 0.399803, 114.629, 0.000283597, -170.819
3699, 61.65000, 0.399676, 114.558, 0.000283547, -170.887
3700, 61.65833, 0.399548, 114.488, 0.000283496, -170.956
3700, 61.66667, 0.39942, 114.418, 0.000283445, -171.024
3701, 61.67500, 0.399291, 114.348, 0.000283393, -171.093
3701, 61.68333, 0.399162, 114.278, 0.000283341, -171.161
3702, 61.69167, 0.399032, 114.208, 0.000283288, -171.23
3702, 61.70000, 0.398901, 114.138, 0.000283235, -171.298
3703, 61.70833, 0.39877, 114.068, 0.000283181, -171.367
3703, 61.71667, 0.398638, 113.998, 0.000283127, -171.435
3704, 61.72500, 0.398505, 113.928, 0.000283072, -171.503
3704, 61.73333, 0.398372, 113.859, 0.000283017, -171.571
3705, 61.74167, 0.398238, 113.789, 0.000282961, -171.64
3705, 61.75000, 0.398103, 113.719, 0.000282905, -171.708
3706, 61.75833, 0.397968, 113.65, 0.000282848, -171.776
3706, 61.76667, 0.397832, 113.58, 0.000282791, -171.844
3707, 61.77500, 0.397696, 113.511, 0.000282734, -171.912
3707, 61.78333, 0.397559, 113.441, 0.000282676, -171.98
3708, 61.79167, 0.397421, 113.372, 0.000282617, -172.047
3708, 61.80000, 0.397282, 113.303, 0.000282558, -172.115
3709, 61.80833, 0.397143, 113.233, 0.000282499, -172.183
3709, 61.81667, 0.397004, 113.164, 0.000282439, -172.251
3710, 61.82500, 0.396863, 113.095, 0.000282378, -172.318
3710, 61.83333, 0.396722, 113.026, 0.000282317, -172.386
3711, 61.84167, 0.396581, 112.957, 0.000282256, -172.453
3711, 61.85000, 0.396438, 112.888, 0.000282194, -172.521
3712, 61.85833, 0.396295, 112.819, 0.000282131, -172.588
3712, 61.86667, 0.396152, 112.75, 0.000282068, -172.655
3713, 61.87500, 0.396008, 112.681, 0.000282005, -172.723
3713, 61.88333, 0.395863, 112.612, 0.000281941, -172.79
3714, 61.89167, 0.395717, 112.544, 0.000281877, -172.857
3714, 61.90000, 0.395571, 112.475, 0.000281812, -172.924
3715, 61.90833, 0.395425, 112.406, 0.000281747, -172.991
3715, 61.91667, 0.395277, 112.338, 0.000281681, -173.058
3716, 61.92500, 0.395129, 112.269, 0.000281615, -173.125
3716, 61.93333, 0.394981, 112.201, 0.000281548, -173.192
3717, 61.94167, 0.394832, 112.133, 0.000281481, -173.259
3717, 61.95000, 0.394682, 112.064, 0.000281413, -173.326
3718, 61.95833, 0.394531, 111.996, 0.000281345, -173.393
3718, 61.96667, 0.39438, 111.928, 0.000281277, -173.459
3719, 61.97500, 0.394228, 111.86, 0.000281207, -173.526
3719, 61.98333, 0.394076, 111.792, 0.000281138, -173.592
3720, 61.99167, 0.393923, 111.724, 0.000281068, -173.659
3720, 62.00000, 0.393769, 111.656, 0.000280997, -173.725
3721, 62.00833, 0.393615, 111.588, 0.000280926, -173.792
3721, 62.01667, 0.39346, 111.52, 0.000280855, -173.858
3722, 62.02500, 0.393305, 111.452, 0.000280783, -173.924
3722, 62.03333, 0.393149, 111.385, 0.00028071, -173.99
3723, 62.04167, 0.392992, 111.317, 0.000280638, -174.056
3723, 62.05000, 0.392835, 111.249, 0.000280564, -174.122
3724, 62.05833, 0.392677, 111.182, 0.00028049, -174.188
3724, 62.06667, 0.392518, 111.114, 0.000280416, -174.254
3725, 62.07500, 0.392359, 111.047, 0.000280341, -174.32
3725, 62.08333, 0.392199, 110.98, 0.000280266, -174.386
3726, 62.09167, 0.392039, 110.913, 0.00028019, -174.452
3726, 62.10000, 0.391878, 110.845, 0.000280114, -174.517
3727, 62.10833, 0.391716, 110.778, 0.000280038, -174.583
3727, 62.11667, 0.391554, 110.711, 0.00027996, -174.648
3728, 62.12500, 0.391391, 110.644, 0.000279883, -174.714
3728, 62.13333, 0.391227, 110.577, 0.000279805, -174.779
3729, 62.14167, 0.391063, 110.51, 0.000279726, -174.845
3729, 62.15000, 0.390899, 110.444, 0.000279647, -174.91
3730, 62.15833, 0.390733, 110.377, 0.000279568, -174.975
3730, 62.16667, 0.390567, 110.31, 0.000279488, -175.04
3731, 62.17500, 0.390401, 110.244, 0.000279407, -175.105
3731, 62.18333, 0.390234, 110.177, 0.000279327, -175.17
3732, 62.19167, 0.390066, 110.111, 0.000279245, -175.235
3732, 62.20000, 0.389897, 110.044, 0.000279163, -175.3
3733, 62.20833, 0.389728, 109.978, 0.000279081, -175.365
3733, 62.21667, 0.389559, 109.912, 0.000278998, -175.43
3734, 62.22500, 0.389389, 109.846, 0.000278915, -175.494
3734, 62.23333, 0.389218, 109.78, 0.000278831, -175.559
3735, 62.24167, 0.389046, 109.714, 0.000278747, -175.623
3735, 62.25000, 0.388874, 109.648, 0.000278663, -175.688
3736, 62.25833, 0.388702, 109.582, 0.000278578, -175.752
3736, 62.26667, 0.388529, 109.516, 0.000278492, -175.816
3737, 62.27500, 0.388355, 109.45, 0.000278406, -175.881
3737, 62.28333, 0.38818, 109.385, 0.00027832, -175.945
3738, 62.29167, 0.388005, 109.319, 0.000278233, -176.009
3738, 62.30000, 0.38783, 109.253, 0.000278145, -176.073
3739, 62.30833, 0.387654, 109.188, 0.000278058, -176.137
3739, 62.31667, 0.387477, 109.123, 0.000277969, -176.201
3740, 62.32500, 0.387299, 109.057, 0.00027788, -176.264
3740, 62.33333, 0.387121, 108.992, 0.000277791, -176.328
3741, 62.34167, 0.386943, 108.927, 0.000277702, -176.392
3741, 62.35000, 0.386764, 108.862, 0.000277611, -176.455
3742, 62.35833, 0.386584, 108.797, 0.000277521, -176.519
3742, 62.36667, 0.386403, 108.732, 0.00027743, -176.582
3743, 62.37500, 0.386222, 108.667, 0.000277338, -176.646
3743, 62.38333, 0.386041, 108.603, 0.000277246, -176.709
3744, 62.39167, 0.385859, 108.538, 0.000277154, -176.772
3744, 62.40000, 0.385676, 108.473, 0.000277061, -176.835
3745, 62.40833, 0.385493, 108.409, 0.000276967, -176.898
3745, 62.41667, 0.385309, 108.344, 0.000276874, -176.961
3746, 62.42500, 0.385124, 108.28, 0.000276779, -177.024
3746, 62.43333, 0.384939, 108.216, 0.000276685, -177.087
3747, 62.44167, 0.384754, 108.151, 0.000276589, -177.149
3747, 62.45000, 0.384567, 108.087, 0.000276494, -177.212
3748, 62.45833, 0.384381, 108.023, 0.000276398, -177.275
3748, 62.46667, 0.384193, 107.959, 0.000276301, -177.337
3749, 62.47500, 0.384005, 107.895, 0.000276204, -177.399
3749, 62.48333, 0.383817, 107.832, 0.000276107, -177.462
3750, 62.49167, 0.383627, 107.768, 0.000276009, -177.524
3750, 62.50000, 0.383438, 107.704, 0.00027591, -177.586
3751, 62.50833, 0.383247, 107.641, 0.000275811, -177.648
3751, 62.51667, 0.383056, 107.577, 0.000275712, -177.71
3752, 62.52500, 0.382865, 107.514, 0.000275612, -177.772
3752, 62.53333, 0.382673, 107.451, 0.000275512, -177.834
3753, 62.54167, 0.38248, 107.387, 0.000275412, -177.895
3753, 62.55000, 0.382287, 107.324, 0.000275311, -177.957
3754, 62.55833, 0.382093, 107.261, 0.000275209, -178.019
3754, 62.56667, 0.381899, 107.198, 0.000275107, -178.08
3755, 62.57500, 0.381704, 107.136, 0.000275005, -178.141
3755, 62.58333, 0.381508, 107.073, 0.000274902, -178.203
3756, 62.59167, 0.381312, 107.01, 0.000274798, -178.264
3756, 62.60000, 0.381116, 106.947, 0.000274695, -178.325
3757, 62.60833, 0.380919, 106.885, 0.00027459, -178.386
3757, 62.61667, 0.380721, 106.823, 0.000274486, -178.447
3758, 62.62500, 0.380522, 106.76, 0.00027438, -178.508
3758, 62.63333, 0.380324, 106.698, 0.000274275, -178.568
3759, 62.64167, 0.380124, 106.636, 0.000274169, -178.629
3759, 62.65000, 0.379924, 106.574, 0.000274062, -178.69
3760, 62.65833, 0.379723, 106.512, 0.000273955, -178.75
3760, 62.66667, 0.379522, 106.45, 0.000273848, -178.811
3761, 62.67500, 0.379321, 106.388, 0.00027374, -178.871
3761, 62.68333, 0.379118, 106.326, 0.000273632, -178.931
3762, 62.69167, 0.378915, 106.265, 0.000273523, -178.991
3762, 62.70000, 0.378712, 106.203, 0.000273414, -179.051
3763, 62.70833, 0.378508, 106.142, 0.000273305, -179.111
3763, 62.71667, 0.378303, 106.081, 0.000273195, -179.171
3764, 62.72500, 0.378098, 106.019, 0.000273084, -179.231
3764, 62.73333, 0.377893, 105.958, 0.000272973, -179.29
3765, 62.74167, 0.377686, 105.897, 0.000272862, -179.35
3765, 62.75000, 0.37748, 105.836, 0.00027275, -179.409
3766, 62.75833, 0.377272, 105.776, 0.000272638, -179.469
3766, 62.76667, 0.377065, 105.715, 0.000272525, -179.528
3767, 62.77500, 0.376856, 105.654, 0.000272412, -179.587
3767, 62.78333, 0.376647, 105.594, 0.000272298, -179.646
3768, 62.79167, 0.376438, 105.533, 0.000272184, -179.705
3768, 62.80000, 0.376227, 105.473, 0.00027207, -179.764
3769, 62.80833, 0.376017, 105.413, 0.000271955, -179.823
3769, 62.81667, 0.375806, 105.353, 0.00027184, -179.881
3770, 62.82500, 0.375594, 105.292, 0.000271724, -179.94
3770, 62.83333, 0.375382, 105.233, 0.000271608, -179.998
3771, 62.84167, 0.375169, 105.173, 0.000271491, 179.943
3771, 62.85000, 0.374956, 105.113, 0.000271374, 179.885
3772, 62.85833, 0.374742, 105.053, 0.000271257, 179.827
3772, 62.86667, 0.374527, 104.994, 0.000271139, 179.769
3773, 62.87500, 0.374312, 104.934, 0.00027102, 179.711
3773, 62.88333, 0.374097, 104.875, 0.000270902, 179.653
3774, 62.89167, 0.373881, 104.816, 0.000270782, 179.595
3774, 62.90000, 0.373664, 104.757, 0.000270663, 179.538
3775, 62.90833, 0.373447, 104.698, 0.000270543, 179.48
3775, 62.91667, 0.373229, 104.639, 0.000270422, 179.423
3776, 62.92500, 0.373011, 104.58, 0.000270301, 179.366
3776, 62.93333, 0.372792, 104.521, 0.00027018, 179.308
3777, 62.94167, 0.372573, 104.463, 0.000270058, 179.251
3777, 62.95000, 0.372353, 104.404, 0.000269936, 179.194
3778, 62.95833, 0.372133, 104.346, 0.000269813, 179.137
3778, 62.96667, 0.371912, 104.288, 0.00026969, 179.081
3779, 62.97500, 0.37169, 104.23, 0.000269566, 179.024
3779, 62.98333, 0.371468, 104.172, 0.000269442, 178.967
3780, 62.99167, 0.371246, 104.114, 0.000269318, 178.911
3780, 63.00000, 0.371023, 104.056, 0.000269193, 178.855
3781, 63.00833, 0.370799, 103.998, 0.000269068, 178.798
3781, 63.01667, 0.370575, 103.941, 0.000268942, 178.742
3782, 63.02500, 0.370351, 103.883, 0.000268816, 178.686
3782, 63.03333, 0.370125, 103.826, 0.00026869, 178.631
3783, 63.04167, 0.3699, 103.769, 0.000268563, 178.575
3783, 63.05000, 0.369674, 103.712, 0.000268435, 178.519
3784, 63.05833, 0.369447, 103.655, 0.000268308, 178.464
3784, 63.06667, 0.36922, 103.598, 0.000268179, 178.408
3785, 63.07500, 0.368992, 103.541, 0.000268051, 178.353
3785, 63.08333, 0.368764, 103.485, 0.000267922, 178.298
3786, 63.09167, 0.368535, 103.428, 0.000267792, 178.243
3786, 63.10000, 0.368306, 103.372, 0.000267662, 178.188
3787, 63.10833, 0.368076, 103.315, 0.000267532, 178.133
3787, 63.11667, 0.367845, 103.259, 0.000267401, 178.078
3788, 63.12500, 0.367615, 103.203, 0.00026727, 178.024
3788, 63.13333, 0.367383, 103.147, 0.000267139, 177.969
3789, 63.14167, 0.367151, 103.092, 0.000267007, 177.915
3789, 63.15000, 0.366919, 103.036, 0.000266874, 177.861
3790, 63.15833, 0.366686, 102.98, 0.000266741, 177.807
3790, 63.16667, 0.366453, 102.925, 0.000266608, 177.753
3791, 63.17500, 0.366219, 102.87, 0.000266474, 177.699
3791, 63.18333, 0.365984, 102.815, 0.00026634, 177.645
3792, 63.19167, 0.36575, 102.76, 0.000266206, 177.592
3792, 63.20000, 0.365514, 102.705, 0.000266071, 177.538
3793, 63.20833, 0.365278, 102.65, 0.000265936, 177.485
3793, 63.21667, 0.365042, 102.595, 0.0002658, 177.432
3794, 63.22500, 0.364805, 102.541, 0.000265664, 177.379
3794, 63.23333, 0.364568, 102.486, 0.000265527, 177.326
3795, 63.24167, 0.36433, 102.432, 0.00026539, 177.273
3795, 63.25000, 0.364091, 102.378, 0.000265253, 177.22
3796, 63.25833, 0.363852, 102.324, 0.000265115, 177.168
3796, 63.26667, 0.363613, 102.27, 0.000264977, 177.115
3797, 63.27500, 0.363373, 102.216, 0.000264839, 177.063
3797, 63.28333, 0.363133, 102.163, 0.0002647, 177.011
3798, 63.29167, 0.362892, 102.109, 0.00026456, 176.959
3798, 63.30000, 0.36265, 102.056, 0.00026442, 176.907
3799, 63.30833, 0.362408, 102.003, 0.00026428, 176.855
3799, 63.31667, 0.362166, 101.95, 0.00026414, 176.804
3800, 63.32500, 0.361923, 101.897, 0.000263999, 176.752
3800, 63.33333, 0.36168, 101.844, 0.000263857, 176.701
3801, 63.34167, 0.361436, 101.792, 0.000263715, 176.65
3801, 63.35000, 0.361192, 101.739, 0.000263573, 176.599
3802, 63.35833, 0.360947, 101.687, 0.000263431, 176.548
3802, 63.36667, 0.360702, 101.635, 0.000263288, 176.497
3803, 63.37500, 0.360456, 101.583, 0.000263144, 176.447
3803, 63.38333, 0.36021, 101.531, 0.000263001, 176.396
3804, 63.39167, 0.359963, 101.479, 0.000262856, 176.346
3804, 63.40000, 0.359716, 101.427, 0.000262712, 176.296
3805, 63.40833, 0.359469, 101.376, 0.000262567, 176.246
3805, 63.41667, 0.35922, 101.325, 0.000262421, 176.196
3806, 63.42500, 0.358972, 101.273, 0.000262276, 176.146
3806, 63.43333, 0.358723, 101.222, 0.00026213, 176.097
3807, 63.44167, 0.358473, 101.172, 0.000261983, 176.047
3807, 63.45000, 0.358223, 101.121, 0.000261836, 175.998
3808, 63.45833, 0.357973, 101.07, 0.000261689, 175.949
3808, 63.46667, 0.357722, 101.02, 0.000261541, 175.9
3809, 63.47500, 0.357471, 100.97, 0.000261393, 175.851
3809, 63.48333, 0.357219, 100.92, 0.000261245, 175.802
3810, 63.49167, 0.356967, 100.87, 0.000261096, 175.754
3810, 63.50000, 0.356714, 100.82, 0.000260946, 175.706
3811, 63.50833, 0.356461, 100.77, 0.000260797, 175.657
3811, 63.51667, 0.356207, 100.721, 0.000260647, 175.609
3812, 63.52500, 0.355953, 100.671, 0.000260496, 175.562
3812, 63.53333, 0.355698, 100.622, 0.000260346, 175.514
3813, 63.54167, 0.355443, 100.573, 0.000260195, 175.466
3813, 63.55000, 0.355188, 100.524, 0.000260043, 175.419
3814, 63.55833, 0.354932, 100.476, 0.000259891, 175.372
3814, 63.56667, 0.354676, 100.427, 0.000259739, 175.325
3815, 63.57500, 0.354419, 100.379, 0.000259586, 175.278
3815, 63.58333, 0.354162, 100.331, 0.000259433, 175.231
3816, 63.59167, 0.353904, 100.283, 0.00025928, 175.184
3816, 63.60000, 0.353646, 100.235, 0.000259126, 175.138
3817, 63.60833, 0.353388, 100.187, 0.000258972, 175.092
3817, 63.61667, 0.353129, 100.14, 0.000258817, 175.046
3818, 63.62500, 0.352869, 100.092, 0.000258663, 175
3818, 63.63333, 0.352609, 100.045, 0.000258507, 174.954
3819, 63.64167, 0.352349, 99.9983, 0.000258352, 174.909
3819, 63.65000, 0.352089, 99.9515, 0.000258196, 174.863
3820, 63.65833, 0.351828, 99.9049, 0.00025804, 174.818
3820, 63.66667, 0.351566, 99.8585, 0.000257883, 174.773
3821, 63.67500, 0.351304, 99.8122, 0.000257726, 174.728
3821, 63.68333, 0.351042, 99.7661, 0.000257568, 174.683
3822, 63.69167, 0.350779, 99.7202, 0.000257411, 174.639
3822, 63.70000, 0.350516, 99.6744, 0.000257253, 174.595
3823, 63.70833, 0.350252, 99.6289, 0.000257094, 174.55
3823, 63.71667, 0.349988, 99.5835, 0.000256935, 174.507
3824, 63.72500, 0.349724, 99.5383, 0.000256776, 174.463
3824, 63.73333, 0.349459, 99.4933, 0.000256617, 174.419
3825, 63.74167, 0.349194, 99.4485, 0.000256457, 174.376
3825, 63.75000, 0.348928, 99.4038, 0.000256297, 174.333
3826, 63.75833, 0.348662, 99.3594, 0.000256136, 174.29
3826, 63.76667, 0.348396, 99.3151, 0.000255975, 174.247
3827, 63.77500, 0.348129, 99.271, 0.000255814, 174.204
3827, 63.78333, 0.347862, 99.2272, 0.000255653, 174.162
3828, 63.79167, 0.347594, 99.1835, 0.000255491, 174.119
3828, 63.80000, 0.347326, 99.14, 0.000255328, 174.077
3829, 63.80833, 0.347058, 99.0967, 0.000255166, 174.035
3829, 63.81667, 0.346789, 99.0536, 0.000255003, 173.994
3830, 63.82500, 0.34652, 99.0107, 0.00025484, 173.952
3830, 63.83333, 0.346251, 98.968, 0.000254676, 173.911
3831, 63.84167, 0.345981, 98.9255, 0.000254512, 173.87
3831, 63.85000, 0.345711, 98.8832, 0.000254348, 173.829
3832, 63.85833, 0.34544, 98.8411, 0.000254183, 173.788
3832, 63.86667, 0.345169, 98.7992, 0.000254019, 173.748
3833, 63.87500, 0.344898, 98.7575, 0.000253853, 173.708
3833, 63.88333, 0.344626, 98.7161, 0.000253688, 173.668
3834, 63.89167, 0.344354, 98.6748, 0.000253522, 173.628
3834, 63.90000, 0.344082, 98.6337, 0.000253356, 173.588
3835, 63.90833, 0.343809, 98.5929, 0.00025319, 173.549
3835, 63.91667, 0.343536, 98.5522, 0.000253023, 173.509
3836, 63.92500, 0.343262, 98.5118, 0.000252856, 173.47
3836, 63.93333, 0.342988, 98.4716, 0.000252688, 173.432
3837, 63.94167, 0.342714, 98.4316, 0.000252521, 173.393
3837, 63.95000, 0.34244, 98.3918, 0.000252353, 173.355
3838, 63.95833, 0.342165, 98.3523, 0.000252184, 173.316
3838, 63.96667, 0.34189, 98.3129, 0.000252016, 173.279
3839, 63.97500, 0.341615, 98.2738, 0.000251847, 173.241
3839, 63.98333, 0.341339, 98.2349, 0.000251678, 173.203
3840, 63.99167, 0.341063, 98.1962, 0.000251508, 173.166
3840, 64.00000, 0.340786, 98.1578, 0.000251339, 173.129
3841, 64.00833, 0.34051, 98.1195, 0.000251169, 173.092
3841, 64.01667, 0.340233, 98.0816, 0.000250998, 173.056
3842, 64.02500, 0.339955, 98.0438, 0.000250828, 173.019
3842, 64.03333, 0.339678, 98.0063, 0.000250657, 172.983
3843, 64.04166, 0.3394, 97.969, 0.000250486, 172.947
3843, 64.05000, 0.339121, 97.9319, 0.000250314, 172.912
3844, 64.05833, 0.338843, 97.8951, 0.000250143, 172.876
3844, 64.06667, 0.338564, 97.8585, 0.000249971, 172.841
3845, 64.07500, 0.338285, 97.8221, 0.000249799, 172.806
3845, 64.08334, 0.338006, 97.786, 0.000249626, 172.771
3846, 64.09167, 0.337726, 97.7501, 0.000249453, 172.737
3846, 64.10000, 0.337446, 97.7145, 0.00024928, 172.703
3847, 64.10833, 0.337166, 97.6791, 0.000249107, 172.669
3847, 64.11667, 0.336885, 97.644, 0.000248934, 172.635
3848, 64.12500, 0.336605, 97.6091, 0.00024876, 172.602
3848, 64.13333, 0.336324, 97.5745, 0.000248586, 172.568
3849, 64.14167, 0.336043, 97.5401, 0.000248412, 172.535
3849, 64.15000, 0.335761, 97.506, 0.000248237, 172.503
3850, 64.15833, 0.335479, 97.4721, 0.000248063, 172.47
3850, 64.16666, 0.335197, 97.4385, 0.000247888, 172.438
3851, 64.17500, 0.334915, 97.4051, 0.000247713, 172.406
3851, 64.18333, 0.334633, 97.372, 0.000247537, 172.374
3852, 64.19167, 0.33435, 97.3392, 0.000247362, 172.343
3852, 64.20000, 0.334067, 97.3066, 0.000247186, 172.312
3853, 64.20834, 0.333784, 97.2743, 0.00024701, 172.281
3853, 64.21667, 0.333501, 97.2422, 0.000246834, 172.25
3854, 64.22500, 0.333218, 97.2105, 0.000246657, 172.22
3854, 64.23333, 0.332934, 97.179, 0.000246481, 172.19
3855, 64.24167, 0.33265, 97.1477, 0.000246304, 172.16
3855, 64.25000, 0.332366, 97.1168, 0.000246127, 172.13
3856, 64.25833, 0.332082, 97.0861, 0.000245949, 172.101
3856, 64.26667, 0.331798, 97.0557, 0.000245772, 172.072
3857, 64.27500, 0.331513, 97.0255, 0.000245594, 172.043
3857, 64.28333, 0.331228, 96.9957, 0.000245417, 172.015
3858, 64.29166, 0.330943, 96.9661, 0.000245239, 171.987
3858, 64.30000, 0.330658, 96.9369, 0.000245061, 171.959
3859, 64.30833, 0.330373, 96.9079, 0.000244882, 171.931
3859, 64.31667, 0.330088, 96.8792, 0.000244704, 171.904
3860, 64.32500, 0.329802, 96.8508, 0.000244525, 171.877
3860, 64.33334, 0.329517, 96.8226, 0.000244347, 171.85
3861, 64.34167, 0.329231, 96.7948, 0.000244168, 171.824
3861, 64.35000, 0.328945, 96.7673, 0.000243989, 171.797
3862, 64.35833, 0.328659, 96.7401, 0.00024381, 171.772
3862, 64.36667, 0.328373, 96.7131, 0.00024363, 171.746
3863, 64.37500, 0.328087, 96.6865, 0.000243451, 171.721
3863, 64.38333, 0.327801, 96.6602, 0.000243271, 171.696
3864, 64.39167, 0.327514, 96.6341, 0.000243092, 171.671
3864, 64.40000, 0.327228, 96.6084, 0.000242912, 171.647
3865, 64.40833, 0.326942, 96.583, 0.000242732, 171.623
3865, 64.41666, 0.326655, 96.5579, 0.000242552, 171.599
3866, 64.42500, 0.326368, 96.5332, 0.000242372, 171.576
3866, 64.43333, 0.326082, 96.5087, 0.000242192, 171.553
3867, 64.44167, 0.325795, 96.4846, 0.000242011, 171.53
3867, 64.45000, 0.325508, 96.4607, 0.000241831, 171.508
3868, 64.45834, 0.325222, 96.4373, 0.000241651, 171.485
3868, 64.46667, 0.324935, 96.4141, 0.00024147, 171.464
3869, 64.47500, 0.324648, 96.3912, 0.000241289, 171.442
3869, 64.48333, 0.324361, 96.3687, 0.000241109, 171.421
3870, 64.49167, 0.324075, 96.3465, 0.000240928, 171.4
3870, 64.50000, 0.323788, 96.3247, 0.000240747, 171.38
3871, 64.50833, 0.323501, 96.3032, 0.000240567, 171.36
3871, 64.51667, 0.323214, 96.282, 0.000240386, 171.34
3872, 64.52500, 0.322928, 96.2611, 0.000240205, 171.32
3872, 64.53333, 0.322641, 96.2406, 0.000240024, 171.301
3873, 64.54166, 0.322354, 96.2205, 0.000239843, 171.283
3873, 64.55000, 0.322068, 96.2007, 0.000239662, 171.264
3874, 64.55833, 0.321782, 96.1812, 0.000239482, 171.246
3874, 64.56667, 0.321495, 96.1621, 0.000239301, 171.228
3875, 64.57500, 0.321209, 96.1433, 0.00023912, 171.211
3875, 64.58334, 0.320923, 96.1249, 0.000238939, 171.194
3876, 64.59167, 0.320637, 96.1069, 0.000238758, 171.177
3876, 64.60000, 0.320351, 96.0892, 0.000238578, 171.161
3877, 64.60833, 0.320065, 96.0719, 0.000238397, 171.145
3877, 64.61667, 0.31978, 96.0549, 0.000238216, 171.129
3878, 64.62500, 0.319494, 96.0383, 0.000238036, 171.114
3878, 64.63333, 0.319209, 96.0221, 0.000237855, 171.099
3879, 64.64167, 0.318924, 96.0062, 0.000237675, 171.085
3879, 64.65000, 0.318639, 95.9908, 0.000237494, 171.071
3880, 64.65833, 0.318354, 95.9757, 0.000237314, 171.057
3880, 64.66666, 0.318069, 95.9609, 0.000237134, 171.044
3881, 64.67500, 0.317785, 95.9466, 0.000236954, 171.031
3881, 64.68333, 0.317501, 95.9326, 0.000236774, 171.018
3882, 64.69167, 0.317217, 95.919, 0.000236594, 171.006
3882, 64.70000, 0.316934, 95.9058, 0.000236414, 170.994
3883, 64.70834, 0.31665, 95.893, 0.000236234, 170.983
3883, 64.71667, 0.316367, 95.8806, 0.000236055, 170.972
3884, 64.72500, 0.316085, 95.8686, 0.000235876, 170.961
3884, 64.73333, 0.315802, 95.857, 0.000235697, 170.951
3885, 64.74167, 0.31552, 95.8458, 0.000235518, 170.941
3885, 64.75000, 0.315238, 95.835, 0.000235339, 170.931
3886, 64.75833, 0.314957, 95.8246, 0.00023516, 170.922
3886, 64.76667, 0.314675, 95.8146, 0.000234982, 170.914
3887, 64.77500, 0.314395, 95.805, 0.000234804, 170.906
3887, 64.78333, 0.314114, 95.7958, 0.000234626, 170.898
3888, 64.79166, 0.313834, 95.787, 0.000234449, 170.89
3888, 64.80000, 0.313555, 95.7787, 0.000234271, 170.883
3889, 64.80833, 0.313276, 95.7707, 0.000234094, 170.877
3889, 64.81667, 0.312997, 95.7632, 0.000233917, 170.871
3890, 64.82500, 0.312719, 95.7561, 0.000233741, 170.865
3890, 64.83334, 0.312441, 95.7495, 0.000233564, 170.86
3891, 64.84167, 0.312163, 95.7432, 0.000233388, 170.855
3891, 64.85000, 0.311887, 95.7374, 0.000233213, 170.85
3892, 64.85833, 0.31161, 95.7321, 0.000233037, 170.846
3892, 64.86667, 0.311334, 95.7271, 0.000232862, 170.843
3893, 64.87500, 0.311059, 95.7227, 0.000232688, 170.84
3893, 64.88333, 0.310785, 95.7186, 0.000232513, 170.837
3894, 64.89167, 0.31051, 95.715, 0.000232339, 170.835
3894, 64.90000, 0.310237, 95.7118, 0.000232166, 170.833
3895, 64.90833, 0.309964, 95.7091, 0.000231993, 170.832
3895, 64.91666, 0.309692, 95.7069, 0.00023182, 170.831
3896, 64.92500, 0.30942, 95.7051, 0.000231648, 170.83
3896, 64.93333, 0.309149, 95.7037, 0.000231476, 170.83
3897, 64.94167, 0.308879, 95.7028, 0.000231305, 170.831
3897, 64.95000, 0.308609, 95.7024, 0.000231134, 170.832
3898, 64.95834, 0.30834, 95.7024, 0.000230963, 170.833
3898, 64.96667, 0.308072, 95.7029, 0.000230793, 170.835
3899, 64.97500, 0.307804, 95.7039, 0.000230624, 170.837
3899, 64.98333, 0.307538, 95.7053, 0.000230455, 170.84
3900, 64.99167, 0.307272, 95.7072, 0.000230286, 170.843
3900, 65.00000, 0.307007, 95.7096, 0.000230119, 170.847
3901, 65.00833, 0.306742, 95.7125, 0.000229951, 170.851
3901, 65.01667, 0.306479, 95.7158, 0.000229785, 170.856
3902, 65.02500, 0.306216, 95.7196, 0.000229618, 170.861
3902, 65.03333, 0.305955, 95.7239, 0.000229453, 170.867
3903, 65.04166, 0.305694, 95.7287, 0.000229288, 170.873
3903, 65.05000, 0.305434, 95.734, 0.000229124, 170.879
3904, 65.05833, 0.305175, 95.7398, 0.00022896, 170.887
3904, 65.06667, 0.304917, 95.746, 0.000228797, 170.894
3905, 65.07500, 0.30466, 95.7528, 0.000228635, 170.902
3905, 65.08334, 0.304404, 95.76, 0.000228474, 170.911
3906, 65.09167, 0.304149, 95.7678, 0.000228313, 170.92
3906, 65.10000, 0.303895, 95.7761, 0.000228153, 170.93
3907, 65.10833, 0.303642, 95.7848, 0.000227993, 170.94
3907, 65.11667, 0.303391, 95.7941, 0.000227835, 170.95
3908, 65.12500, 0.30314, 95.8039, 0.000227677, 170.962
3908, 65.13333, 0.302891, 95.8142, 0.00022752, 170.973
3909, 65.14167, 0.302642, 95.825, 0.000227364, 170.985
3909, 65.15000, 0.302395, 95.8363, 0.000227209, 170.998
3910, 65.15833, 0.302149, 95.8481, 0.000227055, 171.011
3910, 65.16666, 0.301905, 95.8605, 0.000226901, 171.025
3911, 65.17500, 0.301661, 95.8734, 0.000226749, 171.039
3911, 65.18333, 0.301419, 95.8868, 0.000226597, 171.054
3912, 65.19167, 0.301178, 95.9007, 0.000226446, 171.069
3912, 65.20000, 0.300939, 95.9151, 0.000226296, 171.085
3913, 65.20834, 0.300701, 95.9301, 0.000226148, 171.101
3913, 65.21667, 0.300464, 95.9456, 0.000226, 171.118
3914, 65.22500, 0.300229, 95.9617, 0.000225853, 171.135
3914, 65.23333, 0.299995, 95.9782, 0.000225707, 171.153
3915, 65.24167, 0.299763, 95.9953, 0.000225563, 171.172
3915, 65.25000, 0.299532, 96.013, 0.000225419, 171.191
3916, 65.25833, 0.299303, 96.0312, 0.000225277, 171.21
3916, 65.26667, 0.299075, 96.0499, 0.000225135, 171.23
3917, 65.27500, 0.298849, 96.0691, 0.000224995, 171.251
3917, 65.28333, 0.298625, 96.0889, 0.000224856, 171.272
3918, 65.29166, 0.298402, 96.1093, 0.000224719, 171.294
3918, 65.30000, 0.298181, 96.1302, 0.000224582, 171.316
3919, 65.30833, 0.297961, 96.1516, 0.000224447, 171.339
3919, 65.31667, 0.297743, 96.1736, 0.000224313, 171.362
3920, 65.32500, 0.297527, 96.1961, 0.00022418, 171.386
3920, 65.33334, 0.297313, 96.2192, 0.000224048, 171.411
3921, 65.34167, 0.297101, 96.2428, 0.000223918, 171.435
3921, 65.35000, 0.29689, 96.267, 0.000223789, 171.461
3922, 65.35833, 0.296682, 96.2918, 0.000223662, 171.487
3922, 65.36667, 0.296475, 96.317, 0.000223536, 171.514
3923, 65.37500, 0.29627, 96.3429, 0.000223411, 171.541
3923, 65.38333, 0.296068, 96.3693, 0.000223288, 171.569
3924, 65.39167, 0.295867, 96.3962, 0.000223167, 171.597
3924, 65.40000, 0.295668, 96.4237, 0.000223047, 171.626
3925, 65.40833, 0.295472, 96.4518, 0.000222928, 171.655
3925, 65.41666, 0.295277, 96.4804, 0.000222811, 171.685
3926, 65.42500, 0.295085, 96.5096, 0.000222696, 171.716
3926, 65.43333, 0.294895, 96.5393, 0.000222582, 171.747
3927, 65.44167, 0.294707, 96.5696, 0.00022247, 171.778
3927, 65.45000, 0.294521, 96.6004, 0.000222359, 171.81
3928, 65.45834, 0.294338, 96.6318, 0.000222251, 171.843
3928, 65.46667, 0.294157, 96.6638, 0.000222143, 171.876
3929, 65.47500, 0.293979, 96.6963, 0.000222038, 171.91
3929, 65.48333, 0.293802, 96.7293, 0.000221935, 171.945
3930, 65.49167, 0.293629, 96.7629, 0.000221833, 171.98
3930, 65.50000, 0.293457, 96.7971, 0.000221733, 172.015
3931, 65.50833, 0.293289, 96.8318, 0.000221635, 172.051
3931, 65.51667, 0.293122, 96.8671, 0.000221539, 172.088
3932, 65.52500, 0.292959, 96.9029, 0.000221445, 172.125
3932, 65.53333, 0.292798, 96.9393, 0.000221353, 172.163
3933, 65.54166, 0.292639, 96.9762, 0.000221262, 172.201
3933, 65.55000, 0.292484, 97.0137, 0.000221174, 172.24
3934, 65.55833, 0.292331, 97.0517, 0.000221088, 172.279
3934, 65.56667, 0.292181, 97.0903, 0.000221004, 172.319
3935, 65.57500, 0.292034, 97.1294, 0.000220922, 172.359
3935, 65.58334, 0.291889, 97.169, 0.000220842, 172.4
3936, 65.59167, 0.291748, 97.2092, 0.000220765, 172.442
3936, 65.60000, 0.291609, 97.2499, 0.000220689, 172.484
3937, 65.60833, 0.291474, 97.2912, 0.000220616, 172.526
3937, 65.61667, 0.291341, 97.333, 0.000220545, 172.57
3938, 65.62500, 0.291212, 97.3753, 0.000220476, 172.613
3938, 65.63333, 0.291086, 97.4181, 0.00022041, 172.657
3939, 65.64167, 0.290963, 97.4615, 0.000220346, 172.702
3939, 65.65000, 0.290843, 97.5054, 0.000220285, 172.747
3940, 65.65833, 0.290726, 97.5498, 0.000220226, 172.793
3940, 65.66666, 0.290612, 97.5948, 0.000220169, 172.839
3941, 65.67500, 0.290502, 97.6402, 0.000220115, 172.886
3941, 65.68333, 0.290396, 97.6862, 0.000220063, 172.933
3942, 65.69167, 0.290292, 97.7326, 0.000220014, 172.981
3942, 65.70000, 0.290193, 97.7796, 0.000219968, 173.029
3943, 65.70834, 0.290096, 97.8271, 0.000219924, 173.078
3943, 65.71667, 0.290003, 97.875, 0.000219883, 173.128
3944, 65.72500, 0.289914, 97.9235, 0.000219844, 173.177
3944, 65.73333, 0.289829, 97.9724, 0.000219809, 173.228
3945, 65.74167, 0.289747, 98.0218, 0.000219776, 173.278
3945, 65.75000, 0.289669, 98.0717, 0.000219746, 173.329
3946, 65.75833, 0.289594, 98.1221, 0.000219718, 173.381
3946, 65.76667, 0.289524, 98.1729, 0.000219694, 173.433
3947, 65.77500, 0.289457, 98.2242, 0.000219672, 173.486
3947, 65.78333, 0.289394, 98.2759, 0.000219654, 173.539
3948, 65.79166, 0.289335, 98.3281, 0.000219638, 173.592
3948, 65.80000, 0.28928, 98.3808, 0.000219626, 173.646
3949, 65.80833, 0.28923, 98.4338, 0.000219617, 173.701
3949, 65.81667, 0.289183, 98.4874, 0.00021961, 173.756
3950, 65.82500, 0.28914, 98.5413, 0.000219607, 173.811
3950, 65.83334, 0.289102, 98.5956, 0.000219607, 173.867
3951, 65.84167, 0.289068, 98.6504, 0.00021961, 173.923
3951, 65.85000, 0.289038, 98.7056, 0.000219616, 173.979
3952, 65.85833, 0.289012, 98.7611, 0.000219626, 174.036
3952, 65.86667, 0.288991, 98.8171, 0.000219639, 174.093
3953, 65.87500, 0.288974, 98.8734, 0.000219655, 174.151
3953, 65.88333, 0.288961, 98.9301, 0.000219675, 174.209
3954, 65.89167, 0.288954, 98.9872, 0.000219698, 174.267
3954, 65.90000, 0.28895, 99.0446, 0.000219725, 174.326
3955, 65.90833, 0.288951, 99.1024, 0.000219755, 174.385
3955, 65.91666, 0.288957, 99.1606, 0.000219788, 174.445
3956, 65.92500, 0.288968, 99.219, 0.000219826, 174.504
3956, 65.93333, 0.288983, 99.2778, 0.000219866, 174.564
3957, 65.94167, 0.289003, 99.3369, 0.000219911, 174.625
3957, 65.95000, 0.289028, 99.3963, 0.000219959, 174.686
3958, 65.95834, 0.289058, 99.456, 0.000220011, 174.747
3958, 65.96667, 0.289093, 99.516, 0.000220066, 174.808
3959, 65.97500, 0.289132, 99.5763, 0.000220126, 174.869
3959, 65.98333, 0.289177, 99.6368, 0.000220189, 174.931
3960, 65.99167, 0.289226, 99.6976, 0.000220256, 174.993
3960, 66.00000, 0.289281, 99.7587, 0.000220327, 175.056
3961, 66.00833, 0.289341, 99.8199, 0.000220401, 175.118
3961, 66.01667, 0.289406, 99.8814, 0.00022048, 175.181
3962, 66.02500, 0.289476, 99.9431, 0.000220563, 175.244
3962, 66.03333, 0.289552, 100.005, 0.00022065, 175.307
3963, 66.04166, 0.289633, 100.067, 0.00022074, 175.371
3963, 66.05000, 0.289719, 100.129, 0.000220835, 175.434
3964, 66.05833, 0.28981, 100.192, 0.000220934, 175.498
3964, 66.06667, 0.289908, 100.254, 0.000221038, 175.562
3965, 66.07500, 0.29001, 100.317, 0.000221145, 175.626
3965, 66.08334, 0.290118, 100.38, 0.000221257, 175.69
3966, 66.09167, 0.290232, 100.443, 0.000221372, 175.754
3966, 66.10000, 0.290351, 100.506, 0.000221493, 175.819
3967, 66.10833, 0.290475, 100.569, 0.000221617, 175.883
3967, 66.11667, 0.290606, 100.632, 0.000221746, 175.948
3968, 66.12500, 0.290742, 100.696, 0.000221879, 176.012
3968, 66.13333, 0.290884, 100.759, 0.000222017, 176.077
3969, 66.14167, 0.291032, 100.823, 0.000222159, 176.142
3969, 66.15000, 0.291185, 100.886, 0.000222305, 176.206
3970, 66.15833, 0.291345, 100.949, 0.000222457, 176.271
3970, 66.16666, 0.29151, 101.013, 0.000222612, 176.336
3971, 66.17500, 0.291681, 101.076, 0.000222772, 176.401
3971, 66.18333, 0.291858, 101.139, 0.000222937, 176.465
3972, 66.19167, 0.292041, 101.203, 0.000223106, 176.53
3972, 66.20000, 0.29223, 101.266, 0.000223281, 176.594
3973, 66.20834, 0.292426, 101.329, 0.000223459, 176.659
3973, 66.21667, 0.292627, 101.392, 0.000223643, 176.723
3974, 66.22500, 0.292834, 101.455, 0.000223831, 176.787
3974, 66.23333, 0.293048, 101.518, 0.000224024, 176.851
3975, 66.24167, 0.293268, 101.581, 0.000224221, 176.915
3975, 66.25000, 0.293494, 101.643, 0.000224424, 176.979
3976, 66.25833, 0.293726, 101.705, 0.000224631, 177.043
3976, 66.26667, 0.293965, 101.768, 0.000224843, 177.106
3977, 66.27500, 0.294209, 101.829, 0.00022506, 177.169
3977, 66.28333, 0.29446, 101.891, 0.000225282, 177.232
3978, 66.29166, 0.294718, 101.953, 0.000225508, 177.295
3978, 66.30000, 0.294982, 102.014, 0.00022574, 177.358
3979, 66.30833, 0.295252, 102.075, 0.000225976, 177.42
3979, 66.31667, 0.295528, 102.135, 0.000226218, 177.482
3980, 66.32500, 0.295811, 102.196, 0.000226464, 177.543
3980, 66.33334, 0.296101, 102.256, 0.000226716, 177.604
3981, 66.34167, 0.296396, 102.315, 0.000226972, 177.665
3981, 66.35000, 0.296699, 102.374, 0.000227234, 177.726
3982, 66.35833, 0.297008, 102.433, 0.0002275, 177.786
3982, 66.36667, 0.297323, 102.492, 0.000227772, 177.846
3983, 66.37500, 0.297645, 102.55, 0.000228048, 177.905
3983, 66.38333, 0.297973, 102.607, 0.00022833, 177.964
3984, 66.39167, 0.298308, 102.665, 0.000228617, 178.023
3984, 66.40000, 0.298649, 102.721, 0.000228908, 178.081
3985, 66.40833, 0.298997, 102.778, 0.000229205, 178.138
3985, 66.41666, 0.299351, 102.833, 0.000229507, 178.195
3986, 66.42500, 0.299712, 102.889, 0.000229814, 178.252
3986, 66.43333, 0.30008, 102.943, 0.000230126, 178.308
3987, 66.44167, 0.300454, 102.997, 0.000230444, 178.363
3987, 66.45000, 0.300835, 103.051, 0.000230766, 178.418
3988, 66.45834, 0.301222, 103.104, 0.000231094, 178.472
3988, 66.46667, 0.301616, 103.156, 0.000231426, 178.526
3989, 66.47500, 0.302016, 103.208, 0.000231764, 178.579
3989, 66.48333, 0.302423, 103.259, 0.000232107, 178.631
3990, 66.49167, 0.302836, 103.31, 0.000232454, 178.683
3990, 66.50000, 0.303256, 103.359, 0.000232807, 178.734
3991, 66.50833, 0.303683, 103.409, 0.000233165, 178.785
3991, 66.51667, 0.304115, 103.457, 0.000233529, 178.834
3992, 66.52500, 0.304555, 103.505, 0.000233897, 178.883
3992, 66.53333, 0.305001, 103.551, 0.00023427, 178.931
3993, 66.54166, 0.305453, 103.598, 0.000234648, 178.979
3993, 66.55000, 0.305912, 103.643, 0.000235032, 179.025
3994, 66.55833, 0.306377, 103.688, 0.00023542, 179.071
3994, 66.56667, 0.306849, 103.731, 0.000235814, 179.116
3995, 66.57500, 0.307327, 103.774, 0.000236212, 179.16
3995, 66.58334, 0.307811, 103.816, 0.000236616, 179.204
3996, 66.59167, 0.308302, 103.858, 0.000237024, 179.246
3996, 66.60000, 0.308799, 103.898, 0.000237437, 179.288
3997, 66.60833, 0.309302, 103.937, 0.000237856, 179.329
3997, 66.61667, 0.309812, 103.976, 0.000238279, 179.368
3998, 66.62500, 0.310328, 104.014, 0.000238707, 179.407
3998, 66.63333, 0.31085, 104.05, 0.00023914, 179.445
3999, 66.64167, 0.311378, 104.086, 0.000239578, 179.482
3999, 66.65000, 0.311912, 104.121, 0.00024002, 179.518
4000, 66.65833, 0.312452, 104.155, 0.000240467, 179.553
4000, 66.66666, 0.312999, 104.187, 0.00024092, 179.588
4001, 66.67500, 0.313551, 104.219, 0.000241376, 179.621
4001, 66.68333, 0.314109, 104.25, 0.000241838, 179.653
4002, 66.69167, 0.314673, 104.28, 0.000242304, 179.684
4002, 66.70000, 0.315243, 104.308, 0.000242775, 179.713
4003, 66.70834, 0.315819, 104.336, 0.00024325, 179.742
4003, 66.71667, 0.316401, 104.362, 0.00024373, 179.77
4004, 66.72500, 0.316988, 104.388, 0.000244215, 179.797
4004, 66.73333, 0.317581, 104.412, 0.000244704, 179.822
4005, 66.74167, 0.318179, 104.435, 0.000245197, 179.847
4005, 66.75000, 0.318783, 104.457, 0.000245695, 179.87
4005, 66.75833, 0.319393, 104.478, 0.000246197, 179.892
4006, 66.76667, 0.320008, 104.498, 0.000246703, 179.913
4007, 66.77500, 0.320628, 104.516, 0.000247214, 179.933
4007, 66.78333, 0.321254, 104.534, 0.000247729, 179.952
4008, 66.79166, 0.321884, 104.55, 0.000248248, 179.969
4008, 66.80000, 0.32252, 104.565, 0.000248771, 179.986
4009, 66.80833, 0.323161, 104.579, 0.000249298, -179.999
4009, 66.81667, 0.323807, 104.591, 0.000249829, -179.986
4010, 66.82500, 0.324458, 104.603, 0.000250364, -179.973
4010, 66.83334, 0.325114, 104.613, 0.000250903, -179.962
4011, 66.84167, 0.325775, 104.622, 0.000251446, -179.951
4011, 66.85000, 0.32644, 104.629, 0.000251992, -179.943
4012, 66.85833, 0.32711, 104.636, 0.000252543, -179.935
4012, 66.86667, 0.327785, 104.641, 0.000253097, -179.929
4013, 66.87500, 0.328464, 104.644, 0.000253654, -179.924
4013, 66.88333, 0.329147, 104.647, 0.000254215, -179.92
4013, 66.89167, 0.329835, 104.648, 0.00025478, -179.917
4014, 66.90000, 0.330527, 104.648, 0.000255348, -179.916
4015, 66.90833, 0.331223, 104.647, 0.000255919, -179.917
4015, 66.91666, 0.331924, 104.644, 0.000256494, -179.918
4016, 66.92500, 0.332628, 104.64, 0.000257072, -179.921
4016, 66.93333, 0.333336, 104.634, 0.000257653, -179.925
4017, 66.94167, 0.334048, 104.628, 0.000258237, -179.93
4017, 66.95000, 0.334763, 104.619, 0.000258824, -179.937
4018, 66.95834, 0.335483, 104.61, 0.000259414, -179.945
4018, 66.96667, 0.336205, 104.599, 0.000260007, -179.955
4019, 66.97500, 0.336931, 104.587, 0.000260603, -179.966
4019, 66.98333, 0.337661, 104.574, 0.000261201, -179.978
4020, 66.99167, 0.338393, 104.559, 0.000261802, -179.992
4020, 67.00000, 0.339129, 104.543, 0.000262405, 179.993
4021, 67.00833, 0.339868, 104.525, 0.000263011, 179.977
4021, 67.01667, 0.340609, 104.506, 0.00026362, 179.959
4021, 67.02500, 0.341354, 104.486, 0.000264231, 179.94
4022, 67.03333, 0.342101, 104.464, 0.000264844, 179.92
4023, 67.04166, 0.342851, 104.441, 0.000265459, 179.898
4023, 67.05000, 0.343603, 104.417, 0.000266076, 179.875
4024, 67.05833, 0.344357, 104.391, 0.000266695, 179.85
4024, 67.06667, 0.345114, 104.364, 0.000267316, 179.824
4025, 67.07500, 0.345873, 104.335, 0.000267939, 179.797
4025, 67.08334, 0.346634, 104.305, 0.000268564, 179.768
4026, 67.09167, 0.347397, 104.274, 0.00026919, 179.738
4026, 67.10000, 0.348162, 104.241, 0.000269818, 179.707
4027, 67.10833, 0.348929, 104.207, 0.000270447, 179.674
4027, 67.11667, 0.349697, 104.172, 0.000271078, 179.64
4028, 67.12500, 0.350466, 104.135, 0.00027171, 179.605
4028, 67.13333, 0.351237, 104.097, 0.000272344, 179.568
4029, 67.14167, 0.35201, 104.057, 0.000272978, 179.529
4029, 67.15000, 0.352783, 104.017, 0.000273614, 179.49
4029, 67.15833, 0.353557, 103.974, 0.00027425, 179.449
4030, 67.16666, 0.354333, 103.931, 0.000274888, 179.407
4031, 67.17500, 0.355109, 103.886, 0.000275526, 179.363
4031, 67.18333, 0.355886, 103.84, 0.000276164, 179.318
4032, 67.19167, 0.356663, 103.792, 0.000276804, 179.272
4032, 67.20000, 0.357441, 103.743, 0.000277444, 179.224
4033, 67.20834, 0.358219, 103.693, 0.000278084, 179.175
4033, 67.21667, 0.358998, 103.641, 0.000278725, 179.125
4034, 67.22500, 0.359776, 103.588, 0.000279366, 179.073
4034, 67.23333, 0.360555, 103.534, 0.000280007, 179.02
4035, 67.24167, 0.361333, 103.479, 0.000280648, 178.966
4035, 67.25000, 0.362111, 103.422, 0.000281289, 178.91
4036, 67.25833, 0.362889, 103.364, 0.00028193, 178.853
4036, 67.26667, 0.363666, 103.305, 0.000282571, 178.795
4037, 67.27500, 0.364443, 103.244, 0.000283211, 178.736
4037, 67.28333, 0.365219, 103.182, 0.000283851, 178.675
4037, 67.29166, 0.365994, 103.119, 0.000284491, 178.613
4038, 67.30000, 0.366768, 103.054, 0.00028513, 178.55
4039, 67.30833, 0.367541, 102.989, 0.000285768, 178.486
4039, 67.31667, 0.368313, 102.922, 0.000286405, 178.42
4040, 67.32500, 0.369084, 102.854, 0.000287042, 178.353
4040, 67.33334, 0.369853, 102.785, 0.000287678, 178.285
4041, 67.34167, 0.370621, 102.714, 0.000288313, 178.216
4041, 67.35000, 0.371387, 102.642, 0.000288946, 178.145
4042, 67.35833, 0.372151, 102.569, 0.000289578, 178.074
4042, 67.36667, 0.372913, 102.495, 0.00029021, 178.001
4043, 67.37500, 0.373674, 102.42, 0.000290839, 177.927
4043, 67.38333, 0.374432, 102.344, 0.000291467, 177.852
4044, 67.39167, 0.375188, 102.266, 0.000292094, 177.775
4044, 67.40000, 0.375942, 102.187, 0.000292719, 177.698
4045, 67.40833, 0.376694, 102.107, 0.000293342, 177.619
4045, 67.41666, 0.377442, 102.027, 0.000293964, 177.54
4045, 67.42500, 0.378189, 101.944, 0.000294583, 177.459
4046, 67.43333, 0.378932, 101.861, 0.000295201, 177.377
4047, 67.44167, 0.379673, 101.777, 0.000295817, 177.294
4047, 67.45000, 0.38041, 101.692, 0.00029643, 177.21
4048, 67.45834, 0.381145, 101.606, 0.000297041, 177.125
4048, 67.46667, 0.381877, 101.518, 0.00029765, 177.039
4049, 67.47500, 0.382605, 101.43, 0.000298256, 176.951
4049, 67.48333, 0.38333, 101.34, 0.00029886, 176.863
4050, 67.49167, 0.384051, 101.25, 0.000299462, 176.774
4050, 67.50000, 0.384769, 101.159, 0.00030006, 176.684
4051, 67.50833, 0.385483, 101.066, 0.000300656, 176.593
4051, 67.51667, 0.386193, 100.973, 0.00030125, 176.501
4052, 67.52500, 0.3869, 100.878, 0.00030184, 176.408
4052, 67.53333, 0.387603, 100.783, 0.000302428, 176.314
4053, 67.54166, 0.388301, 100.687, 0.000303012, 176.219
4053, 67.55000, 0.388996, 100.59, 0.000303593, 176.123
4053, 67.55833, 0.389686, 100.492, 0.000304172, 176.026
4054, 67.56667, 0.390372, 100.393, 0.000304747, 175.928
4055, 67.57500, 0.391053, 100.293, 0.000305319, 175.83
4055, 67.58334, 0.39173, 100.193, 0.000305887, 175.73
4056, 67.59167, 0.392403, 100.091, 0.000306452, 175.63
4056, 67.60000, 0.393071, 99.989, 0.000307013, 175.529
4057, 67.60833, 0.393734, 99.8859, 0.000307571, 175.427
4057, 67.61667, 0.394393, 99.782, 0.000308126, 175.325
4058, 67.62500, 0.395046, 99.6773, 0.000308677, 175.221
4058, 67.63333, 0.395695, 99.5719, 0.000309223, 175.117
4059, 67.64167, 0.396338, 99.4656, 0.000309767, 175.012
4059, 67.65000, 0.396977, 99.3587, 0.000310306, 174.906
4060, 67.65833, 0.39761, 99.2509, 0.000310841, 174.8
4060, 67.66666, 0.398238, 99.1425, 0.000311373, 174.692
4061, 67.67500, 0.398861, 99.0334, 0.0003119, 174.585
4061, 67.68333, 0.399478, 98.9236, 0.000312424, 174.476
4061, 67.69167, 0.40009, 98.8131, 0.000312943, 174.367
4062, 67.70000, 0.400697, 98.7019, 0.000313458, 174.257
4063, 67.70834, 0.401298, 98.5901, 0.000313969, 174.146
4063, 67.71667, 0.401893, 98.4777, 0.000314475, 174.035
4064, 67.72500, 0.402483, 98.3646, 0.000314978, 173.923
4064, 67.73333, 0.403066, 98.251, 0.000315476, 173.811
4065, 67.74167, 0.403645, 98.1367, 0.000315969, 173.698
4065, 67.75000, 0.404217, 98.0219, 0.000316458, 173.584
4066, 67.75833, 0.404783, 97.9065, 0.000316943, 173.47
4066, 67.76667, 0.405344, 97.7906, 0.000317423, 173.355
4066, 67.77500, 0.405898, 97.6742, 0.000317898, 173.24
4067, 67.78333, 0.406447, 97.5572, 0.000318369, 173.124
4068, 67.79166, 0.406989, 97.4397, 0.000318835, 173.008
4068, 67.80000, 0.407526, 97.3217, 0.000319297, 172.891
4069, 67.80833, 0.408056, 97.2033, 0.000319754, 172.774
4069, 67.81667, 0.40858, 97.0844, 0.000320206, 172.656
4069, 67.82500, 0.409098, 96.965, 0.000320653, 172.538
4070, 67.83334, 0.409609, 96.8452, 0.000321096, 172.42
4071, 67.84167, 0.410114, 96.725, 0.000321534, 172.301
4071, 67.85000, 0.410613, 96.6044, 0.000321967, 172.181
4072, 67.85833, 0.411106, 96.4834, 0.000322395, 172.061
4072, 67.86667, 0.411592, 96.3619, 0.000322818, 171.941
4073, 67.87500, 0.412072, 96.2402, 0.000323236, 171.821
4073, 67.88333, 0.412545, 96.1181, 0.000323649, 171.7
4074, 67.89167, 0.413012, 95.9956, 0.000324057, 171.578
4074, 67.90000, 0.413473, 95.8728, 0.000324461, 171.457
4074, 67.90833, 0.413927, 95.7498, 0.000324859, 171.335
4075, 67.91666, 0.414374, 95.6264, 0.000325252, 171.213
4076, 67.92500, 0.414815, 95.5027, 0.000325641, 171.09
4076, 67.93333, 0.41525, 95.3788, 0.000326024, 170.968
4077, 67.94167, 0.415678, 95.2545, 0.000326402, 170.845
4077, 67.95000, 0.416099, 95.1301, 0.000326775, 170.721
4078, 67.95834, 0.416514, 95.0054, 0.000327143, 170.598
4078, 67.96667, 0.416922, 94.8805, 0.000327506, 170.474
4079, 67.97500, 0.417323, 94.7554, 0.000327864, 170.35
4079, 67.98333, 0.417718, 94.6301, 0.000328217, 170.226
4080, 67.99167, 0.418107, 94.5046, 0.000328565, 170.102
4080, 68.00000, 0.418489, 94.3789, 0.000328908, 169.977
4081, 68.00833, 0.418864, 94.2531, 0.000329245, 169.853
4081, 68.01667, 0.419233, 94.1271, 0.000329578, 169.728
4082, 68.02500, 0.419595, 94.001, 0.000329905, 169.603
4082, 68.03333, 0.419951, 93.8747, 0.000330227, 169.478
4082, 68.04166, 0.4203, 93.7484, 0.000330545, 169.353
4083, 68.05000, 0.420642, 93.6219, 0.000330857, 169.228
4084, 68.05833, 0.420978, 93.4954, 0.000331164, 169.102
4084, 68.06667, 0.421307, 93.3688, 0.000331466, 168.977
4085, 68.07500, 0.42163, 93.2421, 0.000331763, 168.852
4085, 68.08334, 0.421947, 93.1153, 0.000332054, 168.726
4086, 68.09167, 0.422256, 92.9885, 0.000332341, 168.6
4086, 68.10000, 0.42256, 92.8617, 0.000332623, 168.475
4087, 68.10833, 0.422857, 92.7349, 0.0003329, 168.349
4087, 68.11667, 0.423147, 92.608, 0.000333171, 168.223
4088, 68.12500, 0.423431, 92.4812, 0.000333438, 168.098
4088, 68.13333, 0.423709, 92.3543, 0.0003337, 167.972
4089, 68.14167, 0.42398, 92.2275, 0.000333957, 167.847
4089, 68.15000, 0.424245, 92.1007, 0.000334208, 167.721
4090, 68.15833, 0.424504, 91.9739, 0.000334455, 167.595
4090, 68.16666, 0.424756, 91.8472, 0.000334697, 167.47
4090, 68.17500, 0.425002, 91.7205, 0.000334934, 167.344
4091, 68.18333, 0.425242, 91.594, 0.000335167, 167.219
4092, 68.19167, 0.425475, 91.4674, 0.000335394, 167.094
4092, 68.20000, 0.425702, 91.341, 0.000335617, 166.968
4093, 68.20834, 0.425924, 91.2147, 0.000335834, 166.843
4093, 68.21667, 0.426139, 91.0885, 0.000336047, 166.718
4094, 68.22500, 0.426348, 90.9624, 0.000336255, 166.593
4094, 68.23333, 0.426551, 90.8364, 0.000336459, 166.469
4095, 68.24167, 0.426748, 90.7105, 0.000336658, 166.344
4095, 68.25000, 0.426938, 90.5848, 0.000336852, 166.219
4096, 68.25833, 0.427123, 90.4593, 0.000337041, 166.095
4096, 68.26667, 0.427302, 90.3338, 0.000337226, 165.971
4097, 68.27500, 0.427476, 90.2086, 0.000337406, 165.847
4097, 68.28333, 0.427643, 90.0835, 0.000337582, 165.723
4098, 68.29166, 0.427804, 89.9586, 0.000337753, 165.599
4098, 68.30000, 0.42796, 89.8339, 0.000337919, 165.476
4098, 68.30833, 0.42811, 89.7094, 0.000338081, 165.352
4099, 68.31667, 0.428255, 89.5851, 0.000338239, 165.229
4100, 68.32500, 0.428394, 89.461, 0.000338392, 165.106
4100, 68.33334, 0.428527, 89.3372, 0.000338541, 164.984
4101, 68.34167, 0.428654, 89.2135, 0.000338686, 164.861
4101, 68.35000, 0.428777, 89.0901, 0.000338826, 164.739
4102, 68.35833, 0.428893, 88.9669, 0.000338962, 164.617
4102, 68.36667, 0.429005, 88.844, 0.000339094, 164.495
4103, 68.37500, 0.429111, 88.7213, 0.000339221, 164.374
4103, 68.38333, 0.429211, 88.5989, 0.000339344, 164.253
4104, 68.39167, 0.429307, 88.4767, 0.000339464, 164.132
4104, 68.40000, 0.429397, 88.3549, 0.000339579, 164.011
4105, 68.40833, 0.429482, 88.2333, 0.00033969, 163.891
4105, 68.41666, 0.429562, 88.1119, 0.000339797, 163.77
4106, 68.42500, 0.429637, 87.9909, 0.0003399, 163.651
4106, 68.43333, 0.429707, 87.8702, 0.000339999, 163.531
4106, 68.44167, 0.429772, 87.7497, 0.000340094, 163.412
4107, 68.45000, 0.429832, 87.6296, 0.000340185, 163.293
4108, 68.45834, 0.429887, 87.5098, 0.000340273, 163.174
4108, 68.46667, 0.429938, 87.3903, 0.000340357, 163.056
4109, 68.47500, 0.429983, 87.2711, 0.000340437, 162.938
4109, 68.48333, 0.430024, 87.1522, 0.000340513, 162.82
4110, 68.49167, 0.430061, 87.0337, 0.000340585, 162.703
4110, 68.50000, 0.430092, 86.9155, 0.000340654, 162.586
4111, 68.50833, 0.43012, 86.7977, 0.00034072, 162.469
4111, 68.51667, 0.430142, 86.6802, 0.000340782, 162.353
4112, 68.52500, 0.430161, 86.563, 0.00034084, 162.237
4112, 68.53333, 0.430175, 86.4462, 0.000340895, 162.121
4113, 68.54166, 0.430184, 86.3298, 0.000340946, 162.006
4113, 68.55000, 0.430189, 86.2137, 0.000340994, 161.891
4114, 68.55833, 0.430191, 86.098, 0.000341039, 161.777
4114, 68.56667, 0.430188, 85.9826, 0.000341081, 161.662
4114, 68.57500, 0.43018, 85.8676, 0.000341119, 161.549
4115, 68.58334, 0.430169, 85.753, 0.000341154, 161.435
4116, 68.59167, 0.430154, 85.6388, 0.000341186, 161.322
4116, 68.60000, 0.430135, 85.525, 0.000341214, 161.21
4117, 68.60833, 0.430112, 85.4115, 0.00034124, 161.097
4117, 68.61667, 0.430085, 85.2985, 0.000341262, 160.985
4118, 68.62500, 0.430055, 85.1858, 0.000341282, 160.874
4118, 68.63333, 0.43002, 85.0735, 0.000341299, 160.763
4119, 68.64167, 0.429982, 84.9617, 0.000341312, 160.652
4119, 68.65000, 0.429941, 84.8502, 0.000341323, 160.542
4120, 68.65833, 0.429896, 84.7391, 0.000341331, 160.432
4120, 68.66666, 0.429847, 84.6285, 0.000341337, 160.322
4121, 68.67500, 0.429795, 84.5182, 0.000341339, 160.213
4121, 68.68333, 0.42974, 84.4084, 0.000341339, 160.105
4122, 68.69167, 0.429681, 84.2989, 0.000341336, 159.996
4122, 68.70000, 0.429619, 84.1899, 0.000341331, 159.889
4122, 68.70834, 0.429553, 84.0813, 0.000341322, 159.781
4123, 68.71667, 0.429485, 83.9731, 0.000341312, 159.674
4124, 68.72500, 0.429413, 83.8654, 0.000341299, 159.568
4124, 68.73333, 0.429339, 83.7581, 0.000341283, 159.461
4125, 68.74167, 0.429261, 83.6511, 0.000341265, 159.356
4125, 68.75000, 0.429181, 83.5446, 0.000341245, 159.25
4126, 68.75833, 0.429097, 83.4386, 0.000341223, 159.146
4126, 68.76667, 0.429011, 83.3329, 0.000341198, 159.041
4127, 68.77500, 0.428922, 83.2278, 0.000341171, 158.937
4127, 68.78333, 0.42883, 83.123, 0.000341141, 158.833
4128, 68.79166, 0.428735, 83.0186, 0.00034111, 158.73
4128, 68.80000, 0.428638, 82.9147, 0.000341076, 158.628
4129, 68.80833, 0.428539, 82.8113, 0.000341041, 158.525
4129, 68.81667, 0.428436, 82.7082, 0.000341003, 158.423
4130, 68.82500, 0.428332, 82.6056, 0.000340963, 158.322
4130, 68.83334, 0.428224, 82.5034, 0.000340922, 158.221
4130, 68.84167, 0.428115, 82.4017, 0.000340878, 158.12
4131, 68.85000, 0.428003, 82.3004, 0.000340833, 158.02
4132, 68.85833, 0.427889, 82.1995, 0.000340786, 157.921
4132, 68.86667, 0.427773, 82.0991, 0.000340737, 157.821
4133, 68.87500, 0.427654, 81.9991, 0.000340686, 157.722
4133, 68.88333, 0.427534, 81.8996, 0.000340634, 157.624
4134, 68.89167, 0.427411, 81.8005, 0.000340579, 157.526
4134, 68.90000, 0.427286, 81.7018, 0.000340524, 157.429
4135, 68.90833, 0.427159, 81.6036, 0.000340466, 157.332
4135, 68.91666, 0.427031, 81.5058, 0.000340407, 157.235
4136, 68.92500, 0.4269, 81.4084, 0.000340347, 157.139
4136, 68.93333, 0.426768, 81.3115, 0.000340285, 157.043
4137, 68.94167, 0.426634, 81.215, 0.000340222, 156.948
4137, 68.95000, 0.426498, 81.119, 0.000340157, 156.853
4138, 68.95834, 0.426361, 81.0234, 0.000340091, 156.758
4138, 68.96667, 0.426221, 80.9282, 0.000340023, 156.664
4138, 68.97500, 0.426081, 80.8335, 0.000339954, 156.571
4139, 68.98333, 0.425938, 80.7391, 0.000339884, 156.478
4140, 68.99167, 0.425795, 80.6453, 0.000339813, 156.385
4140, 69.00000, 0.425649, 80.5518, 0.000339741, 156.293
4141, 69.00833, 0.425503, 80.4588, 0.000339667, 156.201
4141, 69.01667, 0.425355, 80.3662, 0.000339592, 156.109
4142, 69.02500, 0.425205, 80.2741, 0.000339517, 156.018
4142, 69.03333, 0.425055, 80.1824, 0.00033944, 155.928
4143, 69.04166, 0.424903, 80.0911, 0.000339362, 155.838
4143, 69.05000, 0.42475, 80.0002, 0.000339283, 155.748
4144, 69.05833, 0.424596, 79.9098, 0.000339203, 155.659
4144, 69.06667, 0.42444, 79.8198, 0.000339122, 155.57
4145, 69.07500, 0.424284, 79.7302, 0.000339041, 155.481
4145, 69.08334, 0.424126, 79.641, 0.000338958, 155.393
4146, 69.09167, 0.423968, 79.5523, 0.000338875, 155.306
4146, 69.10000, 0.423809, 79.4639, 0.000338791, 155.219
4146, 69.10833, 0.423649, 79.376, 0.000338706, 155.132
4147, 69.11667, 0.423487, 79.2885, 0.000338621, 155.046
4148, 69.12500, 0.423325, 79.2014, 0.000338535, 154.96
4148, 69.13333, 0.423163, 79.1148, 0.000338448, 154.874
4149, 69.14167, 0.422999, 79.0285, 0.00033836, 154.789
4149, 69.15000, 0.422835, 78.9426, 0.000338272, 154.704
4150, 69.15833, 0.42267, 78.8572, 0.000338183, 154.62
4150, 69.16666, 0.422505, 78.7722, 0.000338094, 154.536
4151, 69.17500, 0.422339, 78.6875, 0.000338004, 154.453
4151, 69.18333, 0.422172, 78.6033, 0.000337914, 154.37
4152, 69.19167, 0.422005, 78.5194, 0.000337823, 154.287
4152, 69.20000, 0.421837, 78.436, 0.000337732, 154.205
4153, 69.20834, 0.421669, 78.353, 0.000337641, 154.123
4153, 69.21667, 0.421501, 78.2703, 0.000337549, 154.041
4154, 69.22500, 0.421332, 78.188, 0.000337457, 153.96
4154, 69.23333, 0.421162, 78.1062, 0.000337364, 153.879
4154, 69.24167, 0.420993, 78.0247, 0.000337271, 153.799
4155, 69.25000, 0.420823, 77.9436, 0.000337178, 153.719
4156, 69.25833, 0.420653, 77.8629, 0.000337085, 153.639
4156, 69.26667, 0.420482, 77.7825, 0.000336991, 153.56
4157, 69.27500, 0.420312, 77.7025, 0.000336898, 153.481
4157, 69.28333, 0.420141, 77.6229, 0.000336804, 153.403
4158, 69.29166, 0.41997, 77.5437, 0.00033671, 153.325
4158, 69.30000, 0.419799, 77.4649, 0.000336615, 153.247
4159, 69.30833, 0.419628, 77.3864, 0.000336521, 153.17
4159, 69.31667, 0.419457, 77.3083, 0.000336427, 153.093
4160, 69.32500, 0.419286, 77.2305, 0.000336332, 153.016
4160, 69.33334, 0.419114, 77.1531, 0.000336238, 152.94
4161, 69.34167, 0.418943, 77.076, 0.000336144, 152.864
4161, 69.35000, 0.418772, 76.9994, 0.000336049, 152.789
4162, 69.35833, 0.418601, 76.923, 0.000335955, 152.713
4162, 69.36667, 0.418431, 76.847, 0.000335861, 152.639
4162, 69.37500, 0.41826, 76.7714, 0.000335766, 152.564
4163, 69.38333, 0.418089, 76.6961, 0.000335672, 152.49
4164, 69.39167, 0.417919, 76.6211, 0.000335578, 152.416
4164, 69.40000, 0.417749, 76.5465, 0.000335485, 152.343
4165, 69.40833, 0.417579, 76.4722, 0.000335391, 152.269
4165, 69.41666, 0.41741, 76.3982, 0.000335297, 152.197
4166, 69.42500, 0.41724, 76.3246, 0.000335204, 152.124
4166, 69.43333, 0.417071, 76.2513, 0.000335111, 152.052
4167, 69.44167, 0.416903, 76.1783, 0.000335018, 151.98
4167, 69.45000, 0.416735, 76.1056, 0.000334926, 151.909
4168, 69.45834, 0.416567, 76.0333, 0.000334833, 151.837
4168, 69.46667, 0.416399, 75.9613, 0.000334741, 151.767
4169, 69.47500, 0.416232, 75.8895, 0.00033465, 151.696
4169, 69.48333, 0.416066, 75.8181, 0.000334558, 151.626
4170, 69.49167, 0.4159, 75.747, 0.000334467, 151.556
4170, 69.50000, 0.415734, 75.6762, 0.000334377, 151.486
4170, 69.50833, 0.415569, 75.6057, 0.000334286, 151.417
4171, 69.51667, 0.415404, 75.5355, 0.000334196, 151.348
4172, 69.52500, 0.41524, 75.4656, 0.000334107, 151.279
4172, 69.53333, 0.415077, 75.3959, 0.000334018, 151.21
4173, 69.54166, 0.414914, 75.3266, 0.000333929, 151.142
4173, 69.55000, 0.414751, 75.2575, 0.000333841, 151.074
4174, 69.55833, 0.41459, 75.1887, 0.000333753, 151.007
4174, 69.56667, 0.414429, 75.1202, 0.000333666, 150.939
4175, 69.57500, 0.414268, 75.052, 0.000333579, 150.872
4175, 69.58334, 0.414108, 74.984, 0.000333493, 150.805
4176, 69.59167, 0.413949, 74.9163, 0.000333407, 150.739
4176, 69.60000, 0.413791, 74.8489, 0.000333322, 150.672
4177, 69.60833, 0.413633, 74.7817, 0.000333238, 150.606
4177, 69.61667, 0.413476, 74.7148, 0.000333153, 150.541
4178, 69.62500, 0.41332, 74.6481, 0.00033307, 150.475
4178, 69.63333, 0.413165, 74.5817, 0.000332987, 150.41
4178, 69.64167, 0.41301, 74.5156, 0.000332905, 150.345
4179, 69.65000, 0.412856, 74.4497, 0.000332823, 150.28
4180, 69.65833, 0.412703, 74.384, 0.000332742, 150.215
4180, 69.66666, 0.412551, 74.3185, 0.000332661, 150.151
4181, 69.67500, 0.412399, 74.2533, 0.000332581, 150.087
4181, 69.68333, 0.412248, 74.1884, 0.000332502, 150.023
4182, 69.69167, 0.412098, 74.1236, 0.000332423, 149.96
4182, 69.70000, 0.411949, 74.0591, 0.000332345, 149.896
4183, 69.70834, 0.411801, 73.9948, 0.000332268, 149.833
4183, 69.71667, 0.411654, 73.9307, 0.000332191, 149.77
4184, 69.72500, 0.411508, 73.8669, 0.000332115, 149.707
4184, 69.73333, 0.411362, 73.8032, 0.00033204, 149.645
4185, 69.74167, 0.411217, 73.7398, 0.000331965, 149.583
4185, 69.75000, 0.411074, 73.6766, 0.000331891, 149.52
4186, 69.75833, 0.410931, 73.6135, 0.000331818, 149.459
4186, 69.76667, 0.410789, 73.5507, 0.000331745, 149.397
4186, 69.77500, 0.410648, 73.4881, 0.000331674, 149.335
4187, 69.78333, 0.410508, 73.4256, 0.000331603, 149.274
4188, 69.79166, 0.410369, 73.3634, 0.000331532, 149.213
4188, 69.80000, 0.410231, 73.3013, 0.000331463, 149.152
4189, 69.80833, 0.410093, 73.2394, 0.000331394, 149.091
4189, 69.81667, 0.409957, 73.1777, 0.000331326, 149.031
4190, 69.82500, 0.409822, 73.1162, 0.000331258, 148.97
4190, 69.83334, 0.409687, 73.0549, 0.000331192, 148.91
4191, 69.84167, 0.409554, 72.9937, 0.000331126, 148.85
4191, 69.85000, 0.409422, 72.9327, 0.000331061, 148.79
4191, 69.85833, 0.40929, 72.8718, 0.000330997, 148.73
4192, 69.86667, 0.40916, 72.8111, 0.000330933, 148.671
4193, 69.87500, 0.409031, 72.7506, 0.00033087, 148.611
4193, 69.88333, 0.408902, 72.6902, 0.000330808, 148.552
4194, 69.89167, 0.408775, 72.63, 0.000330747, 148.493
4194, 69.90000, 0.408648, 72.5699, 0.000330687, 148.434
4194, 69.90833, 0.408523, 72.51, 0.000330627, 148.375
4195, 69.91666, 0.408399, 72.4502, 0.000330569, 148.317
4196, 69.92500, 0.408275, 72.3905, 0.000330511, 148.258
4196, 69.93333, 0.408153, 72.331, 0.000330453, 148.2
4197, 69.94167, 0.408032, 72.2716, 0.000330397, 148.141
4197, 69.95000, 0.407911, 72.2124, 0.000330341, 148.083
4198, 69.95834, 0.407792, 72.1533, 0.000330287, 148.025
4198, 69.96667, 0.407674, 72.0943, 0.000330233, 147.967
4199, 69.97500, 0.407556, 72.0354, 0.000330179, 147.91
4199, 69.98333, 0.40744, 71.9766, 0.000330127, 147.852
4199, 69.99167, 0.407325, 71.918, 0.000330075, 147.794
4200, 70.00000, 0.407211, 71.8594, 0.000330025, 147.737
4201, 70.00833, 0.407098, 71.801, 0.000329975, 147.68
4201, 70.01667, 0.406985, 71.7427, 0.000329925, 147.623
4202, 70.02500, 0.406874, 71.6845, 0.000329877, 147.565
4202, 70.03333, 0.406764, 71.6264, 0.000329829, 147.508
4203, 70.04166, 0.406655, 71.5683, 0.000329783, 147.451
4203, 70.05000, 0.406547, 71.5104, 0.000329737, 147.395
4204, 70.05833, 0.40644, 71.4526, 0.000329691, 147.338
4204, 70.06667, 0.406334, 71.3948, 0.000329647, 147.281
4205, 70.07500, 0.406228, 71.3372, 0.000329604, 147.225
4205, 70.08334, 0.406124, 71.2796, 0.000329561, 147.168
4206, 70.09167, 0.406021, 71.2221, 0.000329519, 147.112
4206, 70.10000, 0.405919, 71.1647, 0.000329478, 147.056
4207, 70.10833, 0.405818, 71.1073, 0.000329437, 146.999
4207, 70.11667, 0.405718, 71.05, 0.000329397, 146.943
4207, 70.12500, 0.405619, 70.9928, 0.000329359, 146.887
4208, 70.13333, 0.405521, 70.9357, 0.000329321, 146.831
4209, 70.14167, 0.405424, 70.8786, 0.000329283, 146.775
4209, 70.15000, 0.405327, 70.8216, 0.000329247, 146.719
4210, 70.15833, 0.405232, 70.7647, 0.000329211, 146.663
4210, 70.16666, 0.405138, 70.7077, 0.000329176, 146.608
4211, 70.17500, 0.405045, 70.6509, 0.000329142, 146.552
4211, 70.18333, 0.404952, 70.5941, 0.000329108, 146.496
4212, 70.19167, 0.404861, 70.5373, 0.000329076, 146.441
4212, 70.20000, 0.40477, 70.4806, 0.000329044, 146.385
4213, 70.20834, 0.404681, 70.424, 0.000329012, 146.329
4213, 70.21667, 0.404592, 70.3673, 0.000328982, 146.274
4214, 70.22500, 0.404505, 70.3108, 0.000328952, 146.218
4214, 70.23333, 0.404418, 70.2542, 0.000328923, 146.163
4215, 70.24167, 0.404332, 70.1977, 0.000328895, 146.108
4215, 70.25000, 0.404247, 70.1412, 0.000328867, 146.052
4215, 70.25833, 0.404163, 70.0847, 0.00032884, 145.997
4216, 70.26667, 0.40408, 70.0283, 0.000328814, 145.941
4217, 70.27500, 0.403998, 69.9719, 0.000328789, 145.886
4217, 70.28333, 0.403917, 69.9155, 0.000328764, 145.831
4218, 70.29166, 0.403836, 69.8591, 0.00032874, 145.776
4218, 70.30000, 0.403757, 69.8028, 0.000328717, 145.72
4219, 70.30833, 0.403678, 69.7464, 0.000328694, 145.665
4219, 70.31667, 0.4036, 69.6901, 0.000328672, 145.61
4220, 70.32500, 0.403523, 69.6337, 0.000328651, 145.555
4220, 70.33334, 0.403447, 69.5774, 0.00032863, 145.499
4221, 70.34167, 0.403372, 69.5211, 0.00032861, 145.444
4221, 70.35000, 0.403297, 69.4648, 0.000328591, 145.389
4222, 70.35833, 0.403223, 69.4085, 0.000328573, 145.334
4222, 70.36667, 0.40315, 69.3522, 0.000328554, 145.279
4223, 70.37500, 0.403078, 69.2959, 0.000328537, 145.223
4223, 70.38333, 0.403007, 69.2395, 0.00032852, 145.168
4223, 70.39167, 0.402936, 69.1832, 0.000328504, 145.113
4224, 70.40000, 0.402866, 69.1268, 0.000328489, 145.058
4225, 70.40833, 0.402797, 69.0705, 0.000328474, 145.002
4225, 70.41666, 0.402729, 69.0141, 0.000328459, 144.947
4226, 70.42500, 0.402661, 68.9577, 0.000328446, 144.892
4226, 70.43333, 0.402595, 68.9013, 0.000328433, 144.837
4227, 70.44167, 0.402528, 68.8449, 0.00032842, 144.781
4227, 70.45000, 0.402463, 68.7884, 0.000328408, 144.726
4228, 70.45834, 0.402398, 68.732, 0.000328396, 144.67
4228, 70.46667, 0.402334, 68.6755, 0.000328386, 144.615
4229, 70.47500, 0.402271, 68.6189, 0.000328375, 144.56
4229, 70.48333, 0.402208, 68.5624, 0.000328365, 144.504
4230, 70.49167, 0.402146, 68.5058, 0.000328356, 144.449
4230, 70.50000, 0.402085, 68.4492, 0.000328347, 144.393
4231, 70.50833, 0.402024, 68.3925, 0.000328339, 144.338
4231, 70.51667, 0.401964, 68.3358, 0.000328331, 144.282
4231, 70.52500, 0.401904, 68.2791, 0.000328324, 144.226
4232, 70.53333, 0.401845, 68.2223, 0.000328317, 144.171
4233, 70.54166, 0.401787, 68.1655, 0.000328311, 144.115
4233, 70.55000, 0.401729, 68.1086, 0.000328305, 144.059
4234, 70.55833, 0.401672, 68.0517, 0.000328299, 144.003
4234, 70.56667, 0.401616, 67.9948, 0.000328294, 143.948
4235, 70.57500, 0.401559, 67.9378, 0.00032829, 143.892
4235, 70.58334, 0.401504, 67.8807, 0.000328286, 143.836
4236, 70.59167, 0.401449, 67.8236, 0.000328282, 143.78
4236, 70.60000, 0.401394, 67.7664, 0.000328279, 143.724
4237, 70.60833, 0.40134, 67.7092, 0.000328276, 143.667
4237, 70.61667, 0.401287, 67.652, 0.000328273, 143.611
4238, 70.62500, 0.401234, 67.5946, 0.000328271, 143.555
4238, 70.63333, 0.401181, 67.5372, 0.000328269, 143.499
4239, 70.64167, 0.401129, 67.4798, 0.000328268, 143.442
4239, 70.65000, 0.401077, 67.4223, 0.000328267, 143.386
4239, 70.65833, 0.401026, 67.3647, 0.000328266, 143.329
4240, 70.66666, 0.400975, 67.3071, 0.000328266, 143.273
4241, 70.67500, 0.400925, 67.2494, 0.000328265, 143.216
4241, 70.68333, 0.400875, 67.1916, 0.000328266, 143.16
4242, 70.69167, 0.400825, 67.1338, 0.000328266, 143.103
4242, 70.70000, 0.400775, 67.0759, 0.000328267, 143.046
4243, 70.70834, 0.400726, 67.0179, 0.000328268, 142.989
4243, 70.71667, 0.400678, 66.9598, 0.000328269, 142.932
4244, 70.72500, 0.400629, 66.9017, 0.000328271, 142.875
4244, 70.73333, 0.400581, 66.8435, 0.000328273, 142.818
4245, 70.74167, 0.400534, 66.7852, 0.000328275, 142.761
4245, 70.75000, 0.400486, 66.7269, 0.000328277, 142.704
4246, 70.75833, 0.400439, 66.6685, 0.00032828, 142.646
4246, 70.76667, 0.400392, 66.61, 0.000328283, 142.589
4247, 70.77500, 0.400346, 66.5514, 0.000328286, 142.531
4247, 70.78333, 0.400299, 66.4927, 0.000328289, 142.474
4247, 70.79166, 0.400253, 66.434, 0.000328292, 142.416
4248, 70.80000, 0.400207, 66.3751, 0.000328295, 142.358
4249, 70.80833, 0.400161, 66.3162, 0.000328299, 142.301
4249, 70.81667, 0.400115, 66.2572, 0.000328303, 142.243
4250, 70.82500, 0.40007, 66.1981, 0.000328307, 142.185
4250, 70.83334, 0.400025, 66.139, 0.00032831, 142.127
4251, 70.84167, 0.399979, 66.0797, 0.000328315, 142.068
4251, 70.85000, 0.399934, 66.0204, 0.000328319, 142.01
4252, 70.85833, 0.399889, 65.9609, 0.000328323, 141.952
4252, 70.86667, 0.399844, 65.9014, 0.000328327, 141.893
4253, 70.87500, 0.3998, 65.8418, 0.000328332, 141.835
4253, 70.88333, 0.399755, 65.7821, 0.000328336, 141.776
4254, 70.89167, 0.39971, 65.7223, 0.00032834, 141.717
4254, 70.90000, 0.399665, 65.6624, 0.000328345, 141.659
4255, 70.90833, 0.399621, 65.6024, 0.000328349, 141.6
4255, 70.91666, 0.399576, 65.5423, 0.000328354, 141.541
4255, 70.92500, 0.399532, 65.4821, 0.000328358, 141.482
4256, 70.93333, 0.399487, 65.4219, 0.000328363, 141.422
4257, 70.94167, 0.399442, 65.3615, 0.000328367, 141.363
4257, 70.95000, 0.399398, 65.3011, 0.000328372, 141.304
4258, 70.95834, 0.399353, 65.2405, 0.000328376, 141.244
4258, 70.96667, 0.399308, 65.1798, 0.00032838, 141.185
4259, 70.97500, 0.399263, 65.1191, 0.000328384, 141.125
4259, 70.98333, 0.399218, 65.0582, 0.000328388, 141.065
4260, 70.99167, 0.399173, 64.9973, 0.000328392, 141.005
4260, 71.00000, 0.399128, 64.9362, 0.000328396, 140.945
4261, 71.00833, 0.399082, 64.8751, 0.0003284, 140.885
4261, 71.01667, 0.399036, 64.8138, 0.000328404, 140.825
4262, 71.02500, 0.398991, 64.7525, 0.000328407, 140.765
4262, 71.03333, 0.398945, 64.691, 0.00032841, 140.705
4263, 71.04166, 0.398899, 64.6295, 0.000328413, 140.644
4263, 71.05000, 0.398852, 64.5678, 0.000328416, 140.583
4263, 71.05833, 0.398805, 64.5061, 0.000328419, 140.523
4264, 71.06667, 0.398759, 64.4442, 0.000328421, 140.462
4265, 71.07500, 0.398711, 64.3823, 0.000328424, 140.401
4265, 71.08334, 0.398664, 64.3202, 0.000328426, 140.34
4266, 71.09167, 0.398616, 64.258, 0.000328427, 140.279
4266, 71.10000, 0.398568, 64.1958, 0.000328429, 140.218
4267, 71.10833, 0.39852, 64.1334, 0.00032843, 140.157
4267, 71.11667, 0.398471, 64.071, 0.000328431, 140.095
4268, 71.12500, 0.398422, 64.0084, 0.000328432, 140.034
4268, 71.13333, 0.398373, 63.9457, 0.000328432, 139.972
4269, 71.14167, 0.398323, 63.8829, 0.000328432, 139.91
4269, 71.15000, 0.398273, 63.82, 0.000328432, 139.849
4270, 71.15833, 0.398222, 63.7571, 0.000328431, 139.787
4270, 71.16666, 0.398171, 63.694, 0.00032843, 139.725
4271, 71.17500, 0.398119, 63.6308, 0.000328428, 139.662
4271, 71.18333, 0.398068, 63.5675, 0.000328427, 139.6
4271, 71.19167, 0.398015, 63.5041, 0.000328424, 139.538
4272, 71.20000, 0.397962, 63.4406, 0.000328422, 139.475
4273, 71.20834, 0.397909, 63.377, 0.000328419, 139.413
4273, 71.21667, 0.397855, 63.3133, 0.000328415, 139.35
4274, 71.22500, 0.3978, 63.2495, 0.000328411, 139.288
4274, 71.23333, 0.397745, 63.1856, 0.000328407, 139.225
4275, 71.24167, 0.39769, 63.1216, 0.000328402, 139.162
4275, 71.25000, 0.397634, 63.0575, 0.000328397, 139.099
4276, 71.25833, 0.397577, 62.9932, 0.000328391, 139.036
4276, 71.26667, 0.39752, 62.9289, 0.000328384, 138.972
4277, 71.27500, 0.397462, 62.8645, 0.000328377, 138.909
4277, 71.28333, 0.397403, 62.8, 0.00032837, 138.846
4278, 71.29166, 0.397344, 62.7354, 0.000328362, 138.782
4278, 71.30000, 0.397284, 62.6707, 0.000328353, 138.718
4279, 71.30833, 0.397223, 62.6059, 0.000328344, 138.655
4279, 71.31667, 0.397162, 62.5409, 0.000328335, 138.591
4279, 71.32500, 0.3971, 62.4759, 0.000328324, 138.527
4280, 71.33334, 0.397037, 62.4108, 0.000328313, 138.463
4281, 71.34167, 0.396974, 62.3456, 0.000328302, 138.399
4281, 71.35000, 0.396909, 62.2803, 0.00032829, 138.334
4282, 71.35833, 0.396844, 62.2149, 0.000328277, 138.27
4282, 71.36667, 0.396779, 62.1494, 0.000328263, 138.206
4283, 71.37500, 0.396712, 62.0838, 0.000328249, 138.141
4283, 71.38333, 0.396645, 62.0181, 0.000328234, 138.076
4284, 71.39167, 0.396576, 61.9524, 0.000328219, 138.012
4284, 71.40000, 0.396507, 61.8865, 0.000328202, 137.947
4285, 71.40833, 0.396437, 61.8205, 0.000328185, 137.882
4285, 71.41666, 0.396366, 61.7545, 0.000328168, 137.817
4286, 71.42500, 0.396295, 61.6883, 0.000328149, 137.752
4286, 71.43333, 0.396222, 61.6221, 0.00032813, 137.687
4287, 71.44167, 0.396149, 61.5558, 0.00032811, 137.621
4287, 71.45000, 0.396074, 61.4893, 0.000328089, 137.556
4287, 71.45834, 0.395999, 61.4228, 0.000328068, 137.491
4288, 71.46667, 0.395922, 61.3563, 0.000328045, 137.425
4289, 71.47500, 0.395845, 61.2896, 0.000328022, 137.359
4289, 71.48333, 0.395767, 61.2228, 0.000327998, 137.294
4290, 71.49167, 0.395687, 61.156, 0.000327973, 137.228
4290, 71.50000, 0.395607, 61.089, 0.000327947, 137.162
4291, 71.50833, 0.395525, 61.022, 0.00032792, 137.096
4291, 71.51667, 0.395443, 60.9549, 0.000327893, 137.03
4292, 71.52500, 0.395359, 60.8878, 0.000327864, 136.964
4292, 71.53333, 0.395275, 60.8205, 0.000327835, 136.898
4293, 71.54166, 0.395189, 60.7532, 0.000327805, 136.832
4293, 71.55000, 0.395102, 60.6858, 0.000327774, 136.765
4294, 71.55833, 0.395014, 60.6183, 0.000327741, 136.699
4294, 71.56667, 0.394925, 60.5507, 0.000327708, 136.632
4295, 71.57500, 0.394835, 60.4831, 0.000327674, 136.566
4295, 71.58334, 0.394744, 60.4154, 0.000327639, 136.499
4295, 71.59167, 0.394651, 60.3476, 0.000327603, 136.432
4296, 71.60000, 0.394557, 60.2798, 0.000327566, 136.365
4297, 71.60833, 0.394462, 60.2118, 0.000327528, 136.299
4297, 71.61667, 0.394366, 60.1438, 0.000327489, 136.232
4298, 71.62500, 0.394269, 60.0758, 0.000327448, 136.165
4298, 71.63333, 0.39417, 60.0077, 0.000327407, 136.098
4299, 71.64167, 0.39407, 59.9395, 0.000327365, 136.03
4299, 71.65000, 0.393969, 59.8713, 0.000327321, 135.963
4300, 71.65833, 0.393866, 59.803, 0.000327277, 135.896
4300, 71.66666, 0.393763, 59.7346, 0.000327231, 135.829
4301, 71.67500, 0.393657, 59.6662, 0.000327185, 135.761
4301, 71.68333, 0.393551, 59.5977, 0.000327137, 135.694
4302, 71.69167, 0.393443, 59.5292, 0.000327088, 135.626
4302, 71.70000, 0.393334, 59.4606, 0.000327038, 135.559
4303, 71.70834, 0.393223, 59.392, 0.000326987, 135.491
4303, 71.71667, 0.393112, 59.3233, 0.000326934, 135.424
4303, 71.72500, 0.392998, 59.2545, 0.00032688, 135.356
4304, 71.73333, 0.392884, 59.1858, 0.000326826, 135.288
4305, 71.74167, 0.392767, 59.1169, 0.00032677, 135.22
4305, 71.75000, 0.39265, 59.0481, 0.000326712, 135.153
4306, 71.75833, 0.392531, 58.9791, 0.000326654, 135.085
4306, 71.76667, 0.39241, 58.9102, 0.000326594, 135.017
4307, 71.77500, 0.392288, 58.8412, 0.000326533, 134.949
4307, 71.78333, 0.392165, 58.7722, 0.000326471, 134.881
4308, 71.79166, 0.39204, 58.7031, 0.000326407, 134.813
4308, 71.80000, 0.391913, 58.634, 0.000326343, 134.745
4309, 71.80833, 0.391785, 58.5649, 0.000326277, 134.677
4309, 71.81667, 0.391656, 58.4957, 0.000326209, 134.609
4310, 71.82500, 0.391525, 58.4266, 0.00032614, 134.541
4310, 71.83334, 0.391392, 58.3574, 0.00032607, 134.472
4311, 71.84167, 0.391258, 58.2881, 0.000325999, 134.404
4311, 71.85000, 0.391122, 58.2189, 0.000325926, 134.336
4311, 71.85833, 0.390985, 58.1496, 0.000325852, 134.268
4312, 71.86667, 0.390846, 58.0803, 0.000325777, 134.199
4313, 71.87500, 0.390705, 58.011, 0.0003257, 134.131
4313, 71.88333, 0.390563, 57.9417, 0.000325622, 134.063
4314, 71.89167, 0.390419, 57.8724, 0.000325542, 133.995
4314, 71.90000, 0.390273, 57.8031, 0.000325461, 133.926
4315, 71.90833, 0.390126, 57.7338, 0.000325379, 133.858
4315, 71.91666, 0.389977, 57.6644, 0.000325295, 133.79
4316, 71.92500, 0.389827, 57.5951, 0.00032521, 133.722
4316, 71.93333, 0.389674, 57.5257, 0.000325123, 133.653
4316, 71.94167, 0.38952, 57.4564, 0.000325035, 133.585
4317, 71.95000, 0.389365, 57.3871, 0.000324945, 133.517
4318, 71.95834, 0.389207, 57.3178, 0.000324854, 133.448
4318, 71.96667, 0.389048, 57.2485, 0.000324761, 133.38
4319, 71.97500, 0.388887, 57.1792, 0.000324667, 133.312
4319, 71.98333, 0.388725, 57.1099, 0.000324572, 133.244
4319, 71.99167, 0.38856, 57.0406, 0.000324474, 133.175
4320, 72.00000, 0.388394, 56.9714, 0.000324376, 133.107
4321, 72.00833, 0.388226, 56.9022, 0.000324276, 133.039
4321, 72.01667, 0.388056, 56.833, 0.000324174, 132.971
4322, 72.02500, 0.387884, 56.7638, 0.000324071, 132.903
4322, 72.03333, 0.387711, 56.6947, 0.000323966, 132.835
4323, 72.04166, 0.387536, 56.6256, 0.00032386, 132.767
4323, 72.05000, 0.387358, 56.5565, 0.000323752, 132.698
4324, 72.05833, 0.38718, 56.4875, 0.000323642, 132.631
4324, 72.06667, 0.386999, 56.4185, 0.000323531, 132.563
4324, 72.07500, 0.386816, 56.3496, 0.000323418, 132.495
4325, 72.08334, 0.386632, 56.2807, 0.000323304, 132.427
4326, 72.09167, 0.386445, 56.2119, 0.000323188, 132.359
4326, 72.10000, 0.386257, 56.1431, 0.000323071, 132.291
4327, 72.10833, 0.386067, 56.0744, 0.000322952, 132.224
4327, 72.11667, 0.385874, 56.0057, 0.000322831, 132.156
4328, 72.12500, 0.38568, 55.9371, 0.000322708, 132.088
4328, 72.13333, 0.385485, 55.8686, 0.000322584, 132.021
4329, 72.14167, 0.385287, 55.8001, 0.000322459, 131.953
4329, 72.15000, 0.385087, 55.7318, 0.000322331, 131.886
4330, 72.15833, 0.384885, 55.6634, 0.000322202, 131.819
4330, 72.16666, 0.384682, 55.5952, 0.000322072, 131.752
4331, 72.17500, 0.384476, 55.527, 0.000321939, 131.684
4331, 72.18333, 0.384269, 55.459, 0.000321805, 131.617
4332, 72.19167, 0.384059, 55.391, 0.00032167, 131.55
4332, 72.20000, 0.383848, 55.3231, 0.000321532, 131.484
4332, 72.20834, 0.383634, 55.2553, 0.000321393, 131.417
4333, 72.21667, 0.383419, 55.1876, 0.000321253, 131.35
4334, 72.22500, 0.383201, 55.12, 0.00032111, 131.284
4334, 72.23333, 0.382982, 55.0525, 0.000320966, 131.217
4335, 72.24167, 0.382761, 54.9851, 0.00032082, 131.151
4335, 72.25000, 0.382537, 54.9179, 0.000320672, 131.085
4336, 72.25833, 0.382312, 54.8507, 0.000320523, 131.018
4336, 72.26667, 0.382084, 54.7837, 0.000320372, 130.952
4337, 72.27500, 0.381855, 54.7168, 0.000320219, 130.886
4337, 72.28333, 0.381624, 54.65, 0.000320065, 130.821
4338, 72.29166, 0.38139, 54.5833, 0.000319909, 130.755
4338, 72.30000, 0.381155, 54.5168, 0.000319751, 130.69
4339, 72.30833, 0.380917, 54.4504, 0.000319591, 130.624
4339, 72.31667, 0.380678, 54.3842, 0.000319429, 130.559
4340, 72.32500, 0.380437, 54.3181, 0.000319266, 130.494
4340, 72.33334, 0.380193, 54.2521, 0.000319101, 130.429
4340, 72.34167, 0.379948, 54.1863, 0.000318935, 130.364
4341, 72.35000, 0.3797, 54.1207, 0.000318766, 130.3
4342, 72.35833, 0.37945, 54.0552, 0.000318596, 130.235
4342, 72.36667, 0.379199, 53.9899, 0.000318424, 130.171
4343, 72.37500, 0.378945, 53.9247, 0.00031825, 130.107
4343, 72.38333, 0.378689, 53.8597, 0.000318075, 130.043
4344, 72.39167, 0.378432, 53.7949, 0.000317897, 129.979
4344, 72.40000, 0.378172, 53.7303, 0.000317718, 129.915
4345, 72.40833, 0.37791, 53.6659, 0.000317538, 129.852
4345, 72.41666, 0.377646, 53.6016, 0.000317355, 129.789
4346, 72.42500, 0.377381, 53.5376, 0.000317171, 129.726
4346, 72.43333, 0.377113, 53.4737, 0.000316985, 129.663
4347, 72.44167, 0.376843, 53.41, 0.000316797, 129.6
4347, 72.45000, 0.376571, 53.3466, 0.000316607, 129.538
4348, 72.45834, 0.376297, 53.2833, 0.000316416, 129.475
4348, 72.46667, 0.376021, 53.2203, 0.000316223, 129.413
4348, 72.47500, 0.375743, 53.1575, 0.000316028, 129.352
4349, 72.48333, 0.375463, 53.0949, 0.000315832, 129.29
4350, 72.49167, 0.375181, 53.0325, 0.000315633, 129.229
4350, 72.50000, 0.374897, 52.9704, 0.000315433, 129.168
4351, 72.50833, 0.374611, 52.9085, 0.000315231, 129.107
4351, 72.51667, 0.374323, 52.8468, 0.000315028, 129.046
4352, 72.52500, 0.374033, 52.7854, 0.000314822, 128.986
4352, 72.53333, 0.373741, 52.7242, 0.000314615, 128.925
4353, 72.54166, 0.373447, 52.6633, 0.000314407, 128.866
4353, 72.55000, 0.373151, 52.6026, 0.000314196, 128.806
4354, 72.55833, 0.372853, 52.5422, 0.000313984, 128.747
4354, 72.56667, 0.372553, 52.4821, 0.00031377, 128.687
4355, 72.57500, 0.372251, 52.4222, 0.000313554, 128.629
4355, 72.58334, 0.371947, 52.3627, 0.000313337, 128.57
4356, 72.59167, 0.371641, 52.3033, 0.000313118, 128.512
4356, 72.60000, 0.371333, 52.2443, 0.000312897, 128.454
4356, 72.60833, 0.371024, 52.1856, 0.000312675, 128.396
4357, 72.61667, 0.370712, 52.1272, 0.00031245, 128.339
4358, 72.62500, 0.370399, 52.069, 0.000312225, 128.281
4358, 72.63333, 0.370083, 52.0112, 0.000311997, 128.225
4359, 72.64167, 0.369766, 51.9537, 0.000311768, 128.168
4359, 72.65000, 0.369446, 51.8965, 0.000311537, 128.112
4360, 72.65833, 0.369125, 51.8396, 0.000311304, 128.056
4360, 72.66666, 0.368802, 51.783, 0.00031107, 128
4361, 72.67500, 0.368477, 51.7268, 0.000310835, 127.945
4361, 72.68333, 0.368151, 51.6709, 0.000310597, 127.89
4362, 72.69167, 0.367822, 51.6153, 0.000310358, 127.836
4362, 72.70000, 0.367492, 51.5601, 0.000310117, 127.782
4363, 72.70834, 0.36716, 51.5053, 0.000309875, 127.728
4363, 72.71667, 0.366826, 51.4507, 0.000309631, 127.674
4364, 72.72500, 0.36649, 51.3966, 0.000309386, 127.621
4364, 72.73333, 0.366152, 51.3428, 0.000309139, 127.568
4364, 72.74167, 0.365813, 51.2894, 0.00030889, 127.516
4365, 72.75000, 0.365472, 51.2363, 0.00030864, 127.464
4366, 72.75833, 0.365129, 51.1837, 0.000308389, 127.412
4366, 72.76667, 0.364784, 51.1314, 0.000308135, 127.361
4367, 72.77500, 0.364438, 51.0795, 0.000307881, 127.31
4367, 72.78333, 0.36409, 51.028, 0.000307625, 127.26
4368, 72.79166, 0.36374, 50.9769, 0.000307367, 127.209
4368, 72.80000, 0.363389, 50.9262, 0.000307108, 127.16
4369, 72.80833, 0.363036, 50.8759, 0.000306847, 127.11
4369, 72.81667, 0.362681, 50.826, 0.000306585, 127.062
4370, 72.82500, 0.362325, 50.7766, 0.000306322, 127.013
4370, 72.83334, 0.361967, 50.7276, 0.000306057, 126.965
4371, 72.84167, 0.361608, 50.679, 0.00030579, 126.918
4371, 72.85000, 0.361247, 50.6308, 0.000305523, 126.87
4372, 72.85833, 0.360884, 50.5831, 0.000305253, 126.824
4372, 72.86667, 0.36052, 50.5358, 0.000304983, 126.777
4372, 72.87500, 0.360155, 50.489, 0.000304711, 126.732
4373, 72.88333, 0.359788, 50.4427, 0.000304438, 126.686
4374, 72.89167, 0.359419, 50.3968, 0.000304164, 126.641
4374, 72.90000, 0.359049, 50.3514, 0.000303888, 126.597
4375, 72.90833, 0.358678, 50.3064, 0.000303611, 126.553
4375, 72.91666, 0.358305, 50.262, 0.000303332, 126.509
4376, 72.92500, 0.357931, 50.218, 0.000303053, 126.467
4376, 72.93333, 0.357556, 50.1745, 0.000302772, 126.424
4377, 72.94167, 0.357179, 50.1315, 0.00030249, 126.382
4377, 72.95000, 0.356801, 50.089, 0.000302207, 126.341
4378, 72.95834, 0.356421, 50.047, 0.000301923, 126.3
4378, 72.96667, 0.356041, 50.0055, 0.000301637, 126.259
4379, 72.97500, 0.355659, 49.9646, 0.00030135, 126.219
4379, 72.98333, 0.355276, 49.9241, 0.000301063, 126.18
4380, 72.99167, 0.354891, 49.8842, 0.000300774, 126.141
4380, 73.00000, 0.354506, 49.8448, 0.000300484, 126.102
4380, 73.00833, 0.354119, 49.806, 0.000300193, 126.064
4381, 73.01667, 0.353731, 49.7677, 0.000299901, 126.027
4382, 73.02500, 0.353342, 49.7299, 0.000299608, 125.99
4382, 73.03333, 0.352953, 49.6927, 0.000299314, 125.954
4383, 73.04166, 0.352562, 49.6561, 0.000299019, 125.919
4383, 73.05000, 0.35217, 49.62, 0.000298723, 125.884
4384, 73.05833, 0.351777, 49.5845, 0.000298427, 125.849
4384, 73.06667, 0.351383, 49.5496, 0.000298129, 125.815
4385, 73.07500, 0.350988, 49.5153, 0.000297831, 125.782
4385, 73.08334, 0.350592, 49.4815, 0.000297531, 125.749
4386, 73.09167, 0.350196, 49.4484, 0.000297231, 125.717
4386, 73.10000, 0.349798, 49.4158, 0.00029693, 125.685
4387, 73.10833, 0.3494, 49.3838, 0.000296628, 125.654
4387, 73.11667, 0.349001, 49.3525, 0.000296326, 125.624
4388, 73.12500, 0.348601, 49.3217, 0.000296023, 125.594
4388, 73.13333, 0.348201, 49.2916, 0.000295719, 125.565
4388, 73.14167, 0.3478, 49.2621, 0.000295414, 125.536
4389, 73.15000, 0.347398, 49.2332, 0.000295109, 125.509
4390, 73.15833, 0.346995, 49.205, 0.000294804, 125.481
4390, 73.16666, 0.346592, 49.1774, 0.000294497, 125.455
4391, 73.17500, 0.346189, 49.1504, 0.00029419, 125.429
4391, 73.18333, 0.345785, 49.1241, 0.000293883, 125.403
4392, 73.19167, 0.34538, 49.0985, 0.000293575, 125.379
4392, 73.20000, 0.344975, 49.0735, 0.000293267, 125.355
4393, 73.20834, 0.34457, 49.0491, 0.000292958, 125.331
4393, 73.21667, 0.344164, 49.0255, 0.000292649, 125.309
4394, 73.22500, 0.343758, 49.0025, 0.000292339, 125.287
4394, 73.23333, 0.343352, 48.9802, 0.000292029, 125.265
4395, 73.24167, 0.342945, 48.9585, 0.000291719, 125.245
4395, 73.25000, 0.342538, 48.9376, 0.000291408, 125.225
4396, 73.25833, 0.342131, 48.9174, 0.000291098, 125.206
4396, 73.26667, 0.341724, 48.8978, 0.000290787, 125.187
4396, 73.27500, 0.341316, 48.879, 0.000290475, 125.169
4397, 73.28333, 0.340909, 48.8608, 0.000290164, 125.152
4398, 73.29166, 0.340501, 48.8434, 0.000289853, 125.136
4398, 73.30000, 0.340094, 48.8267, 0.000289541, 125.12
4399, 73.30833, 0.339686, 48.8107, 0.00028923, 125.105
4399, 73.31667, 0.339279, 48.7954, 0.000288918, 125.09
4400, 73.32500, 0.338871, 48.7809, 0.000288606, 125.077
4400, 73.33334, 0.338464, 48.7671, 0.000288295, 125.064
4401, 73.34167, 0.338057, 48.754, 0.000287983, 125.052
4401, 73.35000, 0.33765, 48.7417, 0.000287672, 125.041
4402, 73.35833, 0.337244, 48.7301, 0.000287361, 125.03
4402, 73.36667, 0.336838, 48.7193, 0.00028705, 125.02
4403, 73.37500, 0.336432, 48.7092, 0.000286739, 125.011
4403, 73.38333, 0.336026, 48.6999, 0.000286428, 125.003
4404, 73.39167, 0.335621, 48.6913, 0.000286118, 124.995
4404, 73.40000, 0.335217, 48.6835, 0.000285808, 124.988
4404, 73.40833, 0.334813, 48.6765, 0.000285498, 124.982
4405, 73.41666, 0.334409, 48.6703, 0.000285189, 124.977
4406, 73.42500, 0.334007, 48.6648, 0.00028488, 124.973
4406, 73.43333, 0.333604, 48.6602, 0.000284572, 124.969
4407, 73.44167, 0.333203, 48.6563, 0.000284264, 124.966
4407, 73.45000, 0.332802, 48.6532, 0.000283957, 124.964
4408, 73.45834, 0.332402, 48.6509, 0.000283651, 124.963
4408, 73.46667, 0.332003, 48.6493, 0.000283344, 124.962
4409, 73.47500, 0.331605, 48.6486, 0.000283039, 124.962
4409, 73.48333, 0.331208, 48.6487, 0.000282734, 124.963
4410, 73.49167, 0.330811, 48.6496, 0.000282431, 124.965
4410, 73.50000, 0.330416, 48.6513, 0.000282127, 124.968
4411, 73.50833, 0.330022, 48.6538, 0.000281825, 124.971
4411, 73.51667, 0.329628, 48.6572, 0.000281524, 124.976
4412, 73.52500, 0.329236, 48.6613, 0.000281223, 124.981
4412, 73.53333, 0.328845, 48.6663, 0.000280923, 124.987
4412, 73.54166, 0.328456, 48.672, 0.000280625, 124.994
4413, 73.55000, 0.328067, 48.6787, 0.000280327, 125.001
4414, 73.55833, 0.32768, 48.6861, 0.000280031, 125.01
4414, 73.56667, 0.327295, 48.6944, 0.000279735, 125.019
4415, 73.57500, 0.326911, 48.7035, 0.000279441, 125.029
4415, 73.58334, 0.326528, 48.7134, 0.000279148, 125.04
4416, 73.59167, 0.326147, 48.7242, 0.000278856, 125.051
4416, 73.60000, 0.325767, 48.7358, 0.000278565, 125.064
4417, 73.60833, 0.325389, 48.7482, 0.000278276, 125.077
4417, 73.61667, 0.325013, 48.7615, 0.000277988, 125.092
4418, 73.62500, 0.324638, 48.7756, 0.000277701, 125.107
4418, 73.63333, 0.324265, 48.7906, 0.000277416, 125.123
4419, 73.64167, 0.323894, 48.8064, 0.000277132, 125.14
4419, 73.65000, 0.323525, 48.8231, 0.00027685, 125.157
4420, 73.65833, 0.323158, 48.8406, 0.00027657, 125.176
4420, 73.66666, 0.322792, 48.859, 0.000276291, 125.195
4420, 73.67500, 0.322429, 48.8782, 0.000276013, 125.215
4421, 73.68333, 0.322068, 48.8983, 0.000275738, 125.236
4422, 73.69167, 0.321709, 48.9192, 0.000275464, 125.258
4422, 73.70000, 0.321352, 48.941, 0.000275191, 125.281
4423, 73.70834, 0.320997, 48.9636, 0.000274921, 125.305
4423, 73.71667, 0.320644, 48.9871, 0.000274652, 125.329
4424, 73.72500, 0.320294, 49.0114, 0.000274386, 125.354
4424, 73.73333, 0.319946, 49.0366, 0.000274121, 125.38
4425, 73.74167, 0.319601, 49.0627, 0.000273859, 125.407
4425, 73.75000, 0.319258, 49.0896, 0.000273598, 125.435
4426, 73.75833, 0.318917, 49.1173, 0.000273339, 125.464
4426, 73.76667, 0.318579, 49.1459, 0.000273083, 125.494
4427, 73.77500, 0.318244, 49.1754, 0.000272829, 125.524
4427, 73.78333, 0.317911, 49.2057, 0.000272577, 125.555
4428, 73.79166, 0.317581, 49.2368, 0.000272327, 125.587
4428, 73.80000, 0.317254, 49.2688, 0.000272079, 125.62
4428, 73.80833, 0.31693, 49.3017, 0.000271834, 125.654
4429, 73.81667, 0.316608, 49.3354, 0.000271591, 125.689
4430, 73.82500, 0.316289, 49.3699, 0.000271351, 125.724
4430, 73.83334, 0.315974, 49.4053, 0.000271113, 125.761
4431, 73.84167, 0.315661, 49.4415, 0.000270878, 125.798
4431, 73.85000, 0.315351, 49.4786, 0.000270645, 125.836
4432, 73.85833, 0.315045, 49.5165, 0.000270414, 125.875
4432, 73.86667, 0.314741, 49.5553, 0.000270187, 125.915
4433, 73.87500, 0.314441, 49.5949, 0.000269962, 125.955
4433, 73.88333, 0.314144, 49.6353, 0.00026974, 125.996
4434, 73.89167, 0.31385, 49.6765, 0.00026952, 126.039
4434, 73.90000, 0.31356, 49.7186, 0.000269304, 126.082
4435, 73.90833, 0.313273, 49.7615, 0.00026909, 126.126
4435, 73.91666, 0.31299, 49.8052, 0.000268879, 126.17
4436, 73.92500, 0.31271, 49.8497, 0.000268671, 126.216
4436, 73.93333, 0.312433, 49.8951, 0.000268467, 126.262
4436, 73.94167, 0.312161, 49.9412, 0.000268265, 126.309
4437, 73.95000, 0.311891, 49.9882, 0.000268066, 126.357
4438, 73.95834, 0.311626, 50.0359, 0.00026787, 126.406
4438, 73.96667, 0.311364, 50.0845, 0.000267678, 126.455
4439, 73.97500, 0.311106, 50.1339, 0.000267489, 126.506
4439, 73.98333, 0.310852, 50.184, 0.000267303, 126.557
4440, 73.99167, 0.310602, 50.235, 0.00026712, 126.609
4440, 74.00000, 0.310356, 50.2867, 0.00026694, 126.661
4441, 74.00833, 0.310113, 50.3392, 0.000266764, 126.715
4441, 74.01667, 0.309875, 50.3924, 0.000266592, 126.769
4441, 74.02500, 0.309641, 50.4465, 0.000266423, 126.824
4442, 74.03333, 0.309411, 50.5013, 0.000266257, 126.88
4443, 74.04166, 0.309185, 50.5568, 0.000266095, 126.936
4443, 74.05000, 0.308963, 50.6131, 0.000265936, 126.993
4444, 74.05833, 0.308746, 50.6702, 0.000265781, 127.051
4444, 74.06667, 0.308533, 50.728, 0.00026563, 127.11
4444, 74.07500, 0.308324, 50.7865, 0.000265483, 127.17
4445, 74.08334, 0.30812, 50.8457, 0.000265339, 127.23
4446, 74.09167, 0.30792, 50.9057, 0.000265199, 127.291
4446, 74.10000, 0.307724, 50.9664, 0.000265063, 127.352
4447, 74.10833, 0.307533, 51.0278, 0.00026493, 127.415
4447, 74.11667, 0.307347, 51.0899, 0.000264802, 127.478
4448, 74.12500, 0.307165, 51.1527, 0.000264677, 127.542
4448, 74.13333, 0.306988, 51.2161, 0.000264557, 127.606
4449, 74.14167, 0.306816, 51.2803, 0.00026444, 127.671
4449, 74.15000, 0.306648, 51.3451, 0.000264328, 127.737
4449, 74.15833, 0.306486, 51.4106, 0.00026422, 127.803
4450, 74.16666, 0.306328, 51.4768, 0.000264116, 127.87
4451, 74.17500, 0.306175, 51.5436, 0.000264016, 127.938
4451, 74.18333, 0.306027, 51.611, 0.00026392, 128.007
4452, 74.19167, 0.305883, 51.6791, 0.000263828, 128.076
4452, 74.20000, 0.305745, 51.7478, 0.000263741, 128.145
4453, 74.20834, 0.305612, 51.8171, 0.000263658, 128.215
4453, 74.21667, 0.305484, 51.887, 0.00026358, 128.286
4454, 74.22500, 0.305361, 51.9575, 0.000263505, 128.358
4454, 74.23333, 0.305243, 52.0287, 0.000263436, 128.43
4455, 74.24167, 0.305131, 52.1004, 0.00026337, 128.503
4455, 74.25000, 0.305023, 52.1726, 0.00026331, 128.576
4456, 74.25833, 0.304921, 52.2455, 0.000263253, 128.65
4456, 74.26667, 0.304825, 52.3189, 0.000263202, 128.724
4457, 74.27500, 0.304733, 52.3928, 0.000263155, 128.799
4457, 74.28333, 0.304647, 52.4673, 0.000263112, 128.874
4457, 74.29166, 0.304567, 52.5423, 0.000263075, 128.95
4458, 74.30000, 0.304492, 52.6178, 0.000263042, 129.027
4459, 74.30833, 0.304422, 52.6938, 0.000263013, 129.104
4459, 74.31667, 0.304358, 52.7703, 0.00026299, 129.181
4460, 74.32500, 0.3043, 52.8473, 0.000262971, 129.259
4460, 74.33334, 0.304247, 52.9248, 0.000262957, 129.337
4461, 74.34167, 0.304199, 53.0027, 0.000262948, 129.416
4461, 74.35000, 0.304158, 53.0811, 0.000262944, 129.496
4462, 74.35833, 0.304122, 53.1599, 0.000262945, 129.575
4462, 74.36667, 0.304092, 53.2392, 0.00026295, 129.656
4463, 74.37500, 0.304067, 53.3189, 0.000262961, 129.736
4463, 74.38333, 0.304049, 53.399, 0.000262977, 129.817
4464, 74.39167, 0.304036, 53.4795, 0.000262998, 129.899
4464, 74.40000, 0.304029, 53.5604, 0.000263023, 129.981
4465, 74.40833, 0.304028, 53.6417, 0.000263054, 130.063
4465, 74.41666, 0.304033, 53.7233, 0.00026309, 130.145
4465, 74.42500, 0.304044, 53.8053, 0.000263132, 130.228
4466, 74.43333, 0.304061, 53.8876, 0.000263178, 130.312
4467, 74.44167, 0.304084, 53.9703, 0.00026323, 130.395
4467, 74.45000, 0.304113, 54.0533, 0.000263286, 130.479
4468, 74.45834, 0.304147, 54.1366, 0.000263348, 130.563
4468, 74.46667, 0.304189, 54.2202, 0.000263416, 130.648
4469, 74.47500, 0.304236, 54.3041, 0.000263488, 130.733
4469, 74.48333, 0.304289, 54.3882, 0.000263566, 130.818
4470, 74.49167, 0.304348, 54.4727, 0.00026365, 130.903
4470, 74.50000, 0.304414, 54.5573, 0.000263738, 130.989
4471, 74.50833, 0.304486, 54.6422, 0.000263832, 131.075
4471, 74.51667, 0.304564, 54.7274, 0.000263932, 131.161
4472, 74.52500, 0.304648, 54.8127, 0.000264037, 131.247
4472, 74.53333, 0.304739, 54.8983, 0.000264147, 131.333
4473, 74.54166, 0.304836, 54.984, 0.000264263, 131.42
4473, 74.55000, 0.304939, 55.0699, 0.000264384, 131.507
4473, 74.55833, 0.305048, 55.156, 0.000264511, 131.594
4474, 74.56667, 0.305164, 55.2423, 0.000264644, 131.681
4475, 74.57500, 0.305286, 55.3286, 0.000264782, 131.768
4475, 74.58334, 0.305415, 55.4151, 0.000264925, 131.856
4476, 74.59167, 0.30555, 55.5018, 0.000265074, 131.943
4476, 74.60000, 0.305692, 55.5885, 0.000265229, 132.031
4477, 74.60833, 0.30584, 55.6753, 0.00026539, 132.119
4477, 74.61667, 0.305994, 55.7622, 0.000265556, 132.207
4478, 74.62500, 0.306155, 55.8491, 0.000265727, 132.295
4478, 74.63333, 0.306323, 55.9362, 0.000265905, 132.383
4479, 74.64167, 0.306497, 56.0232, 0.000266088, 132.471
4479, 74.65000, 0.306677, 56.1103, 0.000266277, 132.559
4480, 74.65833, 0.306864, 56.1974, 0.000266471, 132.647
4480, 74.66666, 0.307058, 56.2845, 0.000266671, 132.735
4481, 74.67500, 0.307258, 56.3716, 0.000266877, 132.823
4481, 74.68333, 0.307465, 56.4587, 0.000267089, 132.911
4481, 74.69167, 0.307678, 56.5457, 0.000267307, 132.999
4482, 74.70000, 0.307898, 56.6327, 0.00026753, 133.087
4483, 74.70834, 0.308124, 56.7197, 0.000267759, 133.174
4483, 74.71667, 0.308358, 56.8066, 0.000267994, 133.262
4484, 74.72500, 0.308598, 56.8934, 0.000268235, 133.35
4484, 74.73333, 0.308844, 56.9801, 0.000268482, 133.438
4485, 74.74167, 0.309097, 57.0667, 0.000268734, 133.525
4485, 74.75000, 0.309357, 57.1531, 0.000268992, 133.613
4486, 74.75833, 0.309624, 57.2395, 0.000269257, 133.7
4486, 74.76667, 0.309897, 57.3257, 0.000269527, 133.787
4487, 74.77500, 0.310177, 57.4118, 0.000269803, 133.874
4487, 74.78333, 0.310463, 57.4977, 0.000270084, 133.961
4488, 74.79166, 0.310757, 57.5834, 0.000270372, 134.047
4488, 74.80000, 0.311057, 57.6689, 0.000270666, 134.134
4489, 74.80833, 0.311363, 57.7542, 0.000270965, 134.22
4489, 74.81667, 0.311677, 57.8393, 0.000271271, 134.306
4489, 74.82500, 0.311997, 57.9242, 0.000271582, 134.392
4490, 74.83334, 0.312324, 58.0089, 0.000271899, 134.478
4491, 74.84167, 0.312658, 58.0933, 0.000272223, 134.563
4491, 74.85000, 0.312998, 58.1775, 0.000272552, 134.648
4492, 74.85833, 0.313345, 58.2613, 0.000272887, 134.733
4492, 74.86667, 0.313699, 58.345, 0.000273228, 134.817
4493, 74.87500, 0.31406, 58.4283, 0.000273575, 134.902
4493, 74.88333, 0.314427, 58.5113, 0.000273928, 134.986
4494, 74.89167, 0.314801, 58.594, 0.000274287, 135.069
4494, 74.90000, 0.315182, 58.6764, 0.000274652, 135.152
4495, 74.90833, 0.31557, 58.7584, 0.000275023, 135.235
4495, 74.91666, 0.315964, 58.8401, 0.0002754, 135.318
4496, 74.92500, 0.316366, 58.9215, 0.000275783, 135.4
4496, 74.93333, 0.316774, 59.0024, 0.000276171, 135.482
4497, 74.94167, 0.317188, 59.083, 0.000276566, 135.564
4497, 74.95000, 0.31761, 59.1633, 0.000276967, 135.645
4497, 74.95834, 0.318038, 59.2431, 0.000277374, 135.726
4498, 74.96667, 0.318473, 59.3225, 0.000277786, 135.806
4499, 74.97500, 0.318914, 59.4015, 0.000278205, 135.886
4499, 74.98333, 0.319363, 59.4801, 0.00027863, 135.965
4500, 74.99167, 0.319818, 59.5582, 0.00027906, 136.044
4500, 75.00000, 0.32028, 59.6359, 0.000279497, 136.123
4501, 75.00833, 0.320748, 59.7132, 0.000279939, 136.201
4501, 75.01667, 0.321224, 59.7899, 0.000280388, 136.279
4502, 75.02500, 0.321706, 59.8662, 0.000280842, 136.356
4502, 75.03333, 0.322195, 59.9421, 0.000281303, 136.433
4503, 75.04166, 0.32269, 60.0174, 0.000281769, 136.509
4503, 75.05000, 0.323192, 60.0922, 0.000282242, 136.585
4504, 75.05833, 0.323701, 60.1666, 0.00028272, 136.66
4504, 75.06667, 0.324217, 60.2404, 0.000283204, 136.735
4505, 75.07500, 0.324739, 60.3137, 0.000283695, 136.809
4505, 75.08334, 0.325268, 60.3864, 0.000284191, 136.883
4505, 75.09167, 0.325804, 60.4586, 0.000284693, 136.956
4506, 75.10000, 0.326346, 60.5303, 0.000285201, 137.028
4507, 75.10833, 0.326895, 60.6014, 0.000285715, 137.1
4507, 75.11667, 0.327451, 60.6719, 0.000286235, 137.172
4508, 75.12500, 0.328013, 60.7419, 0.000286761, 137.243
4508, 75.13333, 0.328582, 60.8112, 0.000287293, 137.313
4509, 75.14167, 0.329157, 60.88, 0.000287831, 137.383
4509, 75.15000, 0.32974, 60.9482, 0.000288375, 137.452
4510, 75.15833, 0.330328, 61.0158, 0.000288924, 137.52
4510, 75.16666, 0.330924, 61.0828, 0.00028948, 137.588
4511, 75.17500, 0.331526, 61.1491, 0.000290041, 137.656
4511, 75.18333, 0.332135, 61.2149, 0.000290608, 137.722
4512, 75.19167, 0.33275, 61.28, 0.000291182, 137.788
4512, 75.20000, 0.333372, 61.3444, 0.000291761, 137.854
4513, 75.20834, 0.334, 61.4082, 0.000292346, 137.918
4513, 75.21667, 0.334635, 61.4714, 0.000292937, 137.982
4513, 75.22500, 0.335276, 61.5339, 0.000293533, 138.046
4514, 75.23333, 0.335924, 61.5958, 0.000294136, 138.109
4515, 75.24167, 0.336579, 61.6569, 0.000294744, 138.171
4515, 75.25000, 0.33724, 61.7174, 0.000295359, 138.232
4516, 75.25833, 0.337907, 61.7772, 0.000295979, 138.293
4516, 75.26667, 0.338582, 61.8364, 0.000296605, 138.353
4517, 75.27500, 0.339262, 61.8948, 0.000297236, 138.412
4517, 75.28333, 0.339949, 61.9525, 0.000297874, 138.471
4518, 75.29166, 0.340643, 62.0096, 0.000298517, 138.529
4518, 75.30000, 0.341342, 62.0659, 0.000299167, 138.586
4519, 75.30833, 0.342049, 62.1215, 0.000299822, 138.642
4519, 75.31667, 0.342762, 62.1764, 0.000300483, 138.698
4520, 75.32500, 0.343481, 62.2306, 0.000301149, 138.753
4520, 75.33334, 0.344207, 62.284, 0.000301821, 138.808
4521, 75.34167, 0.344939, 62.3367, 0.0003025, 138.861
4521, 75.35000, 0.345677, 62.3887, 0.000303184, 138.914
4521, 75.35833, 0.346422, 62.4399, 0.000303873, 138.966
4522, 75.36667, 0.347173, 62.4904, 0.000304569, 139.018
4523, 75.37500, 0.347931, 62.5401, 0.00030527, 139.068
4523, 75.38333, 0.348695, 62.589, 0.000305977, 139.118
4524, 75.39167, 0.349465, 62.6373, 0.000306689, 139.167
4524, 75.40000, 0.350242, 62.6847, 0.000307408, 139.216
4525, 75.40833, 0.351024, 62.7314, 0.000308132, 139.263
4525, 75.41666, 0.351814, 62.7773, 0.000308861, 139.31
4526, 75.42500, 0.352609, 62.8224, 0.000309597, 139.356
4526, 75.43333, 0.353411, 62.8668, 0.000310338, 139.401
4527, 75.44167, 0.354219, 62.9104, 0.000311085, 139.446
4527, 75.45000, 0.355033, 62.9532, 0.000311837, 139.49
4528, 75.45834, 0.355854, 62.9952, 0.000312595, 139.532
4528, 75.46667, 0.356681, 63.0364, 0.000313359, 139.575
4529, 75.47500, 0.357514, 63.0768, 0.000314128, 139.616
4529, 75.48333, 0.358353, 63.1164, 0.000314903, 139.656
4529, 75.49167, 0.359198, 63.1553, 0.000315684, 139.696
4530, 75.50000, 0.36005, 63.1933, 0.00031647, 139.735
4531, 75.50833, 0.360908, 63.2305, 0.000317262, 139.773
4531, 75.51667, 0.361772, 63.2669, 0.00031806, 139.811
4532, 75.52500, 0.362642, 63.3025, 0.000318863, 139.847
4532, 75.53333, 0.363518, 63.3373, 0.000319672, 139.883
4533, 75.54166, 0.364401, 63.3713, 0.000320486, 139.918
4533, 75.55000, 0.365289, 63.4044, 0.000321306, 139.952
4534, 75.55833, 0.366184, 63.4368, 0.000322131, 139.985
4534, 75.56667, 0.367085, 63.4683, 0.000322962, 140.017
4535, 75.57500, 0.367992, 63.499, 0.000323799, 140.049
4535, 75.58334, 0.368905, 63.5289, 0.000324641, 140.08
4536, 75.59167, 0.369824, 63.558, 0.000325489, 140.11
4536, 75.60000, 0.370749, 63.5862, 0.000326342, 140.139
4537, 75.60833, 0.37168, 63.6136, 0.000327201, 140.167
4537, 75.61667, 0.372617, 63.6402, 0.000328065, 140.195
4537, 75.62500, 0.37356, 63.6659, 0.000328935, 140.221
4538, 75.63333, 0.37451, 63.6908, 0.00032981, 140.247
4539, 75.64167, 0.375465, 63.7149, 0.000330691, 140.272
4539, 75.65000, 0.376426, 63.7381, 0.000331577, 140.296
4540, 75.65833, 0.377394, 63.7605, 0.000332469, 140.319
4540, 75.66666, 0.378367, 63.7821, 0.000333366, 140.342
4541, 75.67500, 0.379346, 63.8028, 0.000334268, 140.363
4541, 75.68333, 0.380331, 63.8227, 0.000335177, 140.384
4542, 75.69167, 0.381323, 63.8417, 0.00033609, 140.404
4542, 75.70000, 0.38232, 63.8599, 0.000337009, 140.423
4543, 75.70834, 0.383323, 63.8772, 0.000337934, 140.441
4543, 75.71667, 0.384332, 63.8938, 0.000338864, 140.459
4544, 75.72500, 0.385347, 63.9094, 0.000339799, 140.475
4544, 75.73333, 0.386367, 63.9243, 0.00034074, 140.491
4545, 75.74167, 0.387394, 63.9382, 0.000341686, 140.506
4545, 75.75000, 0.388427, 63.9514, 0.000342638, 140.52
4545, 75.75833, 0.389465, 63.9637, 0.000343595, 140.533
4546, 75.76667, 0.39051, 63.9751, 0.000344557, 140.546
4547, 75.77500, 0.39156, 63.9857, 0.000345525, 140.557
4547, 75.78333, 0.392616, 63.9954, 0.000346499, 140.568
4548, 75.79166, 0.393678, 64.0043, 0.000347477, 140.578
4548, 75.80000, 0.394746, 64.0124, 0.000348461, 140.586
4549, 75.80833, 0.39582, 64.0196, 0.000349451, 140.595
4549, 75.81667, 0.396899, 64.026, 0.000350446, 140.602
4550, 75.82500, 0.397984, 64.0315, 0.000351446, 140.608
4550, 75.83334, 0.399076, 64.0362, 0.000352451, 140.614
4551, 75.84167, 0.400173, 64.04, 0.000353462, 140.618
4551, 75.85000, 0.401275, 64.0429, 0.000354478, 140.622
4552, 75.85833, 0.402384, 64.0451, 0.0003555, 140.625
4552, 75.86667, 0.403498, 64.0463, 0.000356527, 140.628
4553, 75.87500, 0.404618, 64.0468, 0.000357559, 140.629
4553, 75.88333, 0.405744, 64.0464, 0.000358597, 140.629
4553, 75.89167, 0.406876, 64.0451, 0.00035964, 140.629
4554, 75.90000, 0.408013, 64.043, 0.000360688, 140.628
4555, 75.90833, 0.409156, 64.04, 0.000361742, 140.626
4555, 75.91666, 0.410305, 64.0362, 0.000362801, 140.623
4556, 75.92500, 0.41146, 64.0316, 0.000363865, 140.619
4556, 75.93333, 0.41262, 64.0261, 0.000364935, 140.614
4557, 75.94167, 0.413787, 64.0197, 0.00036601, 140.609
4557, 75.95000, 0.414958, 64.0126, 0.00036709, 140.603
4558, 75.95834, 0.416136, 64.0045, 0.000368176, 140.595
4558, 75.96667, 0.417319, 63.9957, 0.000369267, 140.587
4559, 75.97500, 0.418508, 63.986, 0.000370363, 140.579
4559, 75.98333, 0.419703, 63.9754, 0.000371464, 140.569
4560, 75.99167, 0.420904, 63.964, 0.000372571, 140.558
4560, 76.00000, 0.42211, 63.9518, 0.000373683, 140.547
4561, 76.00833, 0.423321, 63.9387, 0.0003748, 140.535
4561, 76.01667, 0.424539, 63.9248, 0.000375923, 140.522
4561, 76.02500, 0.425762, 63.9101, 0.000377051, 140.508
4562, 76.03333, 0.426991, 63.8945, 0.000378184, 140.493
4563, 76.04166, 0.428226, 63.878, 0.000379323, 140.478
4563, 76.05000, 0.429466, 63.8608, 0.000380467, 140.461
4564, 76.05833, 0.430711, 63.8427, 0.000381616, 140.444
4564, 76.06667, 0.431963, 63.8237, 0.00038277, 140.426
4565, 76.07500, 0.43322, 63.804, 0.00038393, 140.407
4565, 76.08334, 0.434483, 63.7834, 0.000385095, 140.388
4566, 76.09167, 0.435752, 63.762, 0.000386265, 140.367
4566, 76.10000, 0.437026, 63.7397, 0.00038744, 140.346
4566, 76.10833, 0.438306, 63.7166, 0.000388621, 140.323
4567, 76.11667, 0.439591, 63.6927, 0.000389807, 140.3
4568, 76.12500, 0.440882, 63.6679, 0.000390999, 140.277
4568, 76.13333, 0.442179, 63.6423, 0.000392195, 140.252
4569, 76.14167, 0.443481, 63.6159, 0.000393397, 140.226
4569, 76.15000, 0.444789, 63.5887, 0.000394604, 140.2
4569, 76.15833, 0.446103, 63.5606, 0.000395817, 140.173
4570, 76.16666, 0.447422, 63.5317, 0.000397035, 140.145
4571, 76.17500, 0.448747, 63.502, 0.000398258, 140.116
4571, 76.18333, 0.450078, 63.4715, 0.000399486, 140.086
4572, 76.19167, 0.451414, 63.4401, 0.000400719, 140.056
4572, 76.20000, 0.452756, 63.408, 0.000401958, 140.024
4573, 76.20834, 0.454103, 63.375, 0.000403202, 139.992
4573, 76.21667, 0.455456, 63.3411, 0.000404452, 139.959
4574, 76.22500, 0.456815, 63.3065, 0.000405706, 139.926
4574, 76.23333, 0.458179, 63.2711, 0.000406966, 139.891
4574, 76.24167, 0.459549, 63.2348, 0.000408232, 139.856
4575, 76.25000, 0.460925, 63.1977, 0.000409502, 139.819
4576, 76.25833, 0.462306, 63.1598, 0.000410778, 139.782
4576, 76.26667, 0.463692, 63.1211, 0.000412059, 139.745
4577, 76.27500, 0.465085, 63.0816, 0.000413345, 139.706
4577, 76.28333, 0.466483, 63.0412, 0.000414637, 139.666
4578, 76.29166, 0.467886, 63.0001, 0.000415934, 139.626
4578, 76.30000, 0.469296, 62.9581, 0.000417236, 139.585
4579, 76.30833, 0.47071, 62.9154, 0.000418544, 139.543
4579, 76.31667, 0.472131, 62.8718, 0.000419857, 139.501
4580, 76.32500, 0.473557, 62.8274, 0.000421175, 139.457
4580, 76.33334, 0.474989, 62.7822, 0.000422498, 139.413
4581, 76.34167, 0.476426, 62.7362, 0.000423827, 139.368
4581, 76.35000, 0.477869, 62.6894, 0.000425161, 139.322
4582, 76.35833, 0.479318, 62.6418, 0.0004265, 139.275
4582, 76.36667, 0.480772, 62.5934, 0.000427845, 139.227
4582, 76.37500, 0.482232, 62.5442, 0.000429195, 139.179
4583, 76.38333, 0.483697, 62.4942, 0.00043055, 139.13
4584, 76.39167, 0.485168, 62.4434, 0.000431911, 139.08
4584, 76.40000, 0.486645, 62.3918, 0.000433277, 139.029
4585, 76.40833, 0.488127, 62.3394, 0.000434648, 138.978
4585, 76.41666, 0.489615, 62.2862, 0.000436025, 138.925
4586, 76.42500, 0.491109, 62.2322, 0.000437407, 138.872
4586, 76.43333, 0.492608, 62.1774, 0.000438794, 138.818
4587, 76.44167, 0.494113, 62.1218, 0.000440187, 138.764
4587, 76.45000, 0.495623, 62.0654, 0.000441585, 138.708
4588, 76.45834, 0.497139, 62.0083, 0.000442988, 138.652
4588, 76.46667, 0.498661, 61.9503, 0.000444397, 138.595
4589, 76.47500, 0.500188, 61.8915, 0.00044581, 138.537
4589, 76.48333, 0.501721, 61.832, 0.00044723, 138.478
4590, 76.49167, 0.50326, 61.7716, 0.000448655, 138.419
4590, 76.50000, 0.504804, 61.7105, 0.000450085, 138.358
4590, 76.50833, 0.506354, 61.6486, 0.00045152, 138.297
4591, 76.51667, 0.50791, 61.5859, 0.000452961, 138.235
4592, 76.52500, 0.509471, 61.5224, 0.000454407, 138.173
4592, 76.53333, 0.511038, 61.4581, 0.000455858, 138.109
4593, 76.54166, 0.512611, 61.3931, 0.000457316, 138.045
4593, 76.55000, 0.514189, 61.3272, 0.000458778, 137.98
4594, 76.55833, 0.515773, 61.2606, 0.000460245, 137.915
4594, 76.56667, 0.517363, 61.1932, 0.000461719, 137.848
4595, 76.57500, 0.518958, 61.125, 0.000463197, 137.781
4595, 76.58334, 0.520559, 61.056, 0.000464681, 137.713
4596, 76.59167, 0.522166, 60.9862, 0.00046617, 137.644
4596, 76.60000, 0.523778, 60.9157, 0.000467665, 137.574
4597, 76.60833, 0.525396, 60.8444, 0.000469165, 137.503
4597, 76.61667, 0.52702, 60.7723, 0.000470671, 137.432
4598, 76.62500, 0.528649, 60.6994, 0.000472182, 137.36
4598, 76.63333, 0.530284, 60.6257, 0.000473698, 137.287
4598, 76.64167, 0.531925, 60.5513, 0.00047522, 137.214
4599, 76.65000, 0.533572, 60.4761, 0.000476748, 137.139
4600, 76.65833, 0.535224, 60.4001, 0.00047828, 137.064
4600, 76.66666, 0.536882, 60.3233, 0.000479819, 136.988
4601, 76.67500, 0.538545, 60.2458, 0.000481363, 136.912
4601, 76.68333, 0.540215, 60.1675, 0.000482912, 136.834
4602, 76.69167, 0.54189, 60.0884, 0.000484466, 136.756
4602, 76.70000, 0.543571, 60.0085, 0.000486026, 136.677
4603, 76.70834, 0.545257, 59.9279, 0.000487592, 136.597
4603, 76.71667, 0.546949, 59.8465, 0.000489163, 136.517
4604, 76.72500, 0.548647, 59.7643, 0.00049074, 136.435
4604, 76.73333, 0.550351, 59.6813, 0.000492322, 136.353
4605, 76.74167, 0.552061, 59.5976, 0.00049391, 136.27
4605, 76.75000, 0.553776, 59.5131, 0.000495503, 136.187
4606, 76.75833, 0.555497, 59.4278, 0.000497101, 136.102
4606, 76.76667, 0.557224, 59.3417, 0.000498705, 136.017
4606, 76.77500, 0.558956, 59.2549, 0.000500315, 135.931
4607, 76.78333, 0.560694, 59.1673, 0.00050193, 135.845
4608, 76.79166, 0.562439, 59.079, 0.000503551, 135.757
4608, 76.80000, 0.564188, 58.9898, 0.000505177, 135.669
4609, 76.80833, 0.565944, 58.9, 0.000506809, 135.58
4609, 76.81667, 0.567705, 58.8093, 0.000508446, 135.49
4610, 76.82500, 0.569473, 58.7178, 0.000510089, 135.399
4610, 76.83334, 0.571245, 58.6256, 0.000511738, 135.308
4611, 76.84167, 0.573024, 58.5326, 0.000513392, 135.216
4611, 76.85000, 0.574809, 58.4389, 0.000515051, 135.123
4612, 76.85833, 0.576599, 58.3444, 0.000516717, 135.029
4612, 76.86667, 0.578395, 58.2491, 0.000518388, 134.935
4613, 76.87500, 0.580197, 58.153, 0.000520064, 134.84
4613, 76.88333, 0.582005, 58.0562, 0.000521746, 134.744
4614, 76.89167, 0.583819, 57.9586, 0.000523434, 134.647
4614, 76.90000, 0.585638, 57.8603, 0.000525127, 134.549
4614, 76.90833, 0.587463, 57.7611, 0.000526825, 134.451
4615, 76.91666, 0.589295, 57.6612, 0.00052853, 134.352
4616, 76.92500, 0.591132, 57.5606, 0.00053024, 134.252
4616, 76.93333, 0.592974, 57.4591, 0.000531956, 134.152
4617, 76.94167, 0.594823, 57.3569, 0.000533677, 134.05
4617, 76.95000, 0.596677, 57.2539, 0.000535404, 133.948
4618, 76.95834, 0.598538, 57.1502, 0.000537137, 133.845
4618, 76.96667, 0.600404, 57.0457, 0.000538875, 133.742
4619, 76.97500, 0.602276, 56.9404, 0.000540619, 133.637
4619, 76.98333, 0.604154, 56.8343, 0.000542368, 133.532
4620, 76.99167, 0.606038, 56.7275, 0.000544124, 133.426
4620, 77.00000, 0.607927, 56.6199, 0.000545884, 133.319
4621, 77.00833, 0.609823, 56.5116, 0.000547651, 133.212
4621, 77.01667, 0.611724, 56.4024, 0.000549423, 133.103
4622, 77.02500, 0.613631, 56.2925, 0.000551201, 132.994
4622, 77.03333, 0.615544, 56.1818, 0.000552985, 132.885
4622, 77.04166, 0.617464, 56.0704, 0.000554774, 132.774
4623, 77.05000, 0.619388, 55.9581, 0.000556569, 132.663
4624, 77.05833, 0.621319, 55.8452, 0.00055837, 132.55
4624, 77.06667, 0.623256, 55.7314, 0.000560177, 132.438
4625, 77.07500, 0.625199, 55.6168, 0.000561989, 132.324
4625, 77.08334, 0.627147, 55.5015, 0.000563806, 132.209
4626, 77.09167, 0.629102, 55.3854, 0.00056563, 132.094
4626, 77.10000, 0.631062, 55.2686, 0.000567459, 131.978
4627, 77.10833, 0.633028, 55.1509, 0.000569294, 131.861
4627, 77.11667, 0.635, 55.0325, 0.000571135, 131.744
4628, 77.12500, 0.636978, 54.9133, 0.000572982, 131.625
4628, 77.13333, 0.638962, 54.7933, 0.000574834, 131.506
4629, 77.14167, 0.640952, 54.6726, 0.000576692, 131.386
4629, 77.15000, 0.642947, 54.5511, 0.000578556, 131.266
4630, 77.15833, 0.644949, 54.4288, 0.000580425, 131.144
4630, 77.16666, 0.646957, 54.3057, 0.000582301, 131.022
4630, 77.17500, 0.64897, 54.1818, 0.000584182, 130.899
4631, 77.18333, 0.65099, 54.0572, 0.000586068, 130.775
4632, 77.19167, 0.653015, 53.9317, 0.000587961, 130.651
4632, 77.20000, 0.655046, 53.8055, 0.000589859, 130.525
4633, 77.20834, 0.657083, 53.6785, 0.000591763, 130.399
4633, 77.21667, 0.659127, 53.5507, 0.000593673, 130.272
4634, 77.22500, 0.661176, 53.4222, 0.000595589, 130.144
4634, 77.23333, 0.66323, 53.2928, 0.00059751, 130.016
4635, 77.24167, 0.665292, 53.1627, 0.000599437, 129.887
4635, 77.25000, 0.667358, 53.0317, 0.00060137, 129.756
4636, 77.25833, 0.669431, 52.9, 0.000603309, 129.626
4636, 77.26667, 0.67151, 52.7675, 0.000605253, 129.494
4637, 77.27500, 0.673594, 52.6342, 0.000607203, 129.361
4637, 77.28333, 0.675685, 52.5001, 0.000609159, 129.228
4638, 77.29166, 0.677781, 52.3653, 0.000611121, 129.094
4638, 77.30000, 0.679883, 52.2296, 0.000613089, 128.959
4638, 77.30833, 0.681991, 52.0931, 0.000615062, 128.824
4639, 77.31667, 0.684106, 51.9558, 0.000617041, 128.687
4640, 77.32500, 0.686226, 51.8178, 0.000619026, 128.55
4640, 77.33334, 0.688351, 51.6789, 0.000621017, 128.412
4641, 77.34167, 0.690483, 51.5392, 0.000623013, 128.273
4641, 77.35000, 0.692621, 51.3988, 0.000625015, 128.134
4642, 77.35833, 0.694764, 51.2575, 0.000627023, 127.993
4642, 77.36667, 0.696914, 51.1155, 0.000629037, 127.852
4643, 77.37500, 0.699069, 50.9726, 0.000631057, 127.71
4643, 77.38333, 0.701231, 50.8289, 0.000633082, 127.567
4644, 77.39167, 0.703398, 50.6844, 0.000635113, 127.423
4644, 77.40000, 0.705571, 50.5391, 0.00063715, 127.279
4645, 77.40833, 0.707749, 50.393, 0.000639192, 127.134
4645, 77.41666, 0.709934, 50.2461, 0.000641241, 126.988
4646, 77.42500, 0.712125, 50.0984, 0.000643295, 126.841
4646, 77.43333, 0.714321, 49.9498, 0.000645355, 126.693
4646, 77.44167, 0.716523, 49.8005, 0.00064742, 126.544
4647, 77.45000, 0.718731, 49.6503, 0.000649491, 126.395
4648, 77.45834, 0.720945, 49.4993, 0.000651568, 126.245
4648, 77.46667, 0.723165, 49.3475, 0.000653651, 126.094
4649, 77.47500, 0.72539, 49.1948, 0.00065574, 125.942
4649, 77.48333, 0.727621, 49.0414, 0.000657834, 125.789
4650, 77.49167, 0.729858, 48.8871, 0.000659934, 125.636
4650, 77.50000, 0.732101, 48.7319, 0.000662039, 125.482
4651, 77.50833, 0.734349, 48.576, 0.00066415, 125.327
4651, 77.51667, 0.736604, 48.4192, 0.000666267, 125.171
4652, 77.52500, 0.738864, 48.2616, 0.00066839, 125.014
4652, 77.53333, 0.741129, 48.1031, 0.000670518, 124.856
4653, 77.54166, 0.743401, 47.9439, 0.000672652, 124.698
4653, 77.55000, 0.745678, 47.7837, 0.000674791, 124.539
4654, 77.55833, 0.747961, 47.6228, 0.000676936, 124.378
4654, 77.56667, 0.750249, 47.461, 0.000679087, 124.217
4654, 77.57500, 0.752543, 47.2983, 0.000681243, 124.056
4655, 77.58334, 0.754843, 47.1348, 0.000683405, 123.893
4656, 77.59167, 0.757148, 46.9705, 0.000685573, 123.729
4656, 77.60000, 0.759459, 46.8053, 0.000687746, 123.565
4657, 77.60833, 0.761775, 46.6392, 0.000689924, 123.4
4657, 77.61667, 0.764097, 46.4723, 0.000692108, 123.234
4658, 77.62500, 0.766425, 46.3046, 0.000694298, 123.067
4658, 77.63333, 0.768758, 46.136, 0.000696493, 122.899
4659, 77.64167, 0.771097, 45.9665, 0.000698694, 122.73
4659, 77.65000, 0.77344, 45.7962, 0.0007009, 122.561
4660, 77.65833, 0.77579, 45.625, 0.000703111, 122.391
4660, 77.66666, 0.778145, 45.4529, 0.000705328, 122.219
4661, 77.67500, 0.780505, 45.2799, 0.00070755, 122.047
4661, 77.68333, 0.782871, 45.1061, 0.000709778, 121.874
4662, 77.69167, 0.785242, 44.9314, 0.000712011, 121.7
4662, 77.70000, 0.787618, 44.7559, 0.000714249, 121.526
4662, 77.70834, 0.79, 44.5794, 0.000716493, 121.35
4663, 77.71667, 0.792387, 44.4021, 0.000718742, 121.173
4664, 77.72500, 0.794779, 44.2239, 0.000720996, 120.996
4664, 77.73333, 0.797176, 44.0448, 0.000723255, 120.818
4665, 77.74167, 0.799579, 43.8648, 0.00072552, 120.639
4665, 77.75000, 0.801986, 43.6839, 0.00072779, 120.459
4666, 77.75833, 0.804399, 43.5022, 0.000730065, 120.278
4666, 77.76667, 0.806817, 43.3195, 0.000732345, 120.096
4667, 77.77500, 0.80924, 43.1359, 0.00073463, 119.913
4667, 77.78333, 0.811668, 42.9515, 0.000736921, 119.729
4668, 77.79166, 0.814101, 42.7661, 0.000739216, 119.545
4668, 77.80000, 0.816539, 42.5798, 0.000741516, 119.359
4669, 77.80833, 0.818981, 42.3927, 0.000743822, 119.173
4669, 77.81667, 0.821429, 42.2045, 0.000746132, 118.986
4670, 77.82500, 0.823882, 42.0155, 0.000748447, 118.798
4670, 77.83334, 0.826339, 41.8256, 0.000750767, 118.608
4670, 77.84167, 0.828801, 41.6347, 0.000753092, 118.418
4671, 77.85000, 0.831267, 41.443, 0.000755421, 118.227
4672, 77.85833, 0.833738, 41.2503, 0.000757756, 118.036
4672, 77.86667, 0.836214, 41.0566, 0.000760095, 117.843
4673, 77.87500, 0.838695, 40.8621, 0.000762438, 117.649
4673, 77.88333, 0.841179, 40.6666, 0.000764787, 117.454
4674, 77.89167, 0.843669, 40.4701, 0.00076714, 117.259
4674, 77.90000, 0.846162, 40.2728, 0.000769497, 117.062
4675, 77.90833, 0.84866, 40.0744, 0.000771859, 116.865
4675, 77.91666, 0.851163, 39.8751, 0.000774225, 116.666
4676, 77.92500, 0.853669, 39.6749, 0.000776596, 116.467
4676, 77.93333, 0.85618, 39.4738, 0.000778971, 116.266
4677, 77.94167, 0.858695, 39.2716, 0.00078135, 116.065
4677, 77.95000, 0.861213, 39.0685, 0.000783733, 115.863
4678, 77.95834, 0.863736, 38.8645, 0.000786121, 115.66
4678, 77.96667, 0.866263, 38.6595, 0.000788513, 115.455
4678, 77.97500, 0.868793, 38.4535, 0.000790909, 115.25
4679, 77.98333, 0.871327, 38.2465, 0.000793308, 115.044
4680, 77.99167, 0.873866, 38.0386, 0.000795712, 114.837
4680, 78.00000, 0.876407, 37.8297, 0.000798119, 114.629
4681, 78.00833, 0.878952, 37.6198, 0.000800531, 114.42
4681, 78.01667, 0.881501, 37.4089, 0.000802946, 114.21
4682, 78.02500, 0.884053, 37.1971, 0.000805364, 113.999
4682, 78.03333, 0.886608, 36.9842, 0.000807786, 113.787
4683, 78.04166, 0.889167, 36.7704, 0.000810212, 113.574
4683, 78.05000, 0.891729, 36.5555, 0.000812641, 113.36
4684, 78.05833, 0.894294, 36.3397, 0.000815074, 113.145
4684, 78.06667, 0.896862, 36.1228, 0.00081751, 112.929
4685, 78.07500, 0.899433, 35.905, 0.000819949, 112.712
4685, 78.08334, 0.902006, 35.6861, 0.000822391, 112.493
4686, 78.09167, 0.904583, 35.4662, 0.000824836, 112.274
4686, 78.10000, 0.907162, 35.2453, 0.000827284, 112.054
4686, 78.10833, 0.909743, 35.0234, 0.000829735, 111.833
4687, 78.11667, 0.912327, 34.8004, 0.000832189, 111.611
4688, 78.12500, 0.914913, 34.5764, 0.000834645, 111.388
4688, 78.13333, 0.917502, 34.3514, 0.000837104, 111.164
4689, 78.14167, 0.920092, 34.1254, 0.000839566, 110.938
4689, 78.15000, 0.922685, 33.8983, 0.00084203, 110.712
4690, 78.15833, 0.925279, 33.6702, 0.000844496, 110.485
4690, 78.16666, 0.927876, 33.441, 0.000846964, 110.257
4691, 78.17500, 0.930474, 33.2108, 0.000849435, 110.027
4691, 78.18333, 0.933073, 32.9795, 0.000851907, 109.797
4691, 78.19167, 0.935674, 32.7472, 0.000854381, 109.565
4692, 78.20000, 0.938277, 32.5138, 0.000856857, 109.333
4693, 78.20834, 0.94088, 32.2794, 0.000859335, 109.099
4693, 78.21667, 0.943485, 32.0439, 0.000861814, 108.864
4694, 78.22500, 0.94609, 31.8073, 0.000864295, 108.628
4694, 78.23333, 0.948696, 31.5697, 0.000866777, 108.392
4694, 78.24167, 0.951303, 31.3309, 0.00086926, 108.154
4695, 78.25000, 0.953911, 31.0911, 0.000871744, 107.915
4696, 78.25833, 0.956519, 30.8502, 0.000874229, 107.675
4696, 78.26667, 0.959127, 30.6082, 0.000876715, 107.433
4697, 78.27500, 0.961735, 30.3652, 0.000879201, 107.191
4697, 78.28333, 0.964343, 30.121, 0.000881688, 106.948
4698, 78.29166, 0.966951, 29.8758, 0.000884176, 106.703
4698, 78.30000, 0.969558, 29.6294, 0.000886663, 106.458
4699, 78.30833, 0.972165, 29.382, 0.00088915, 106.211
4699, 78.31667, 0.974772, 29.1334, 0.000891638, 105.963
4699, 78.32500, 0.977377, 28.8838, 0.000894125, 105.715
4700, 78.33334, 0.979981, 28.633, 0.000896612, 105.465
4701, 78.34167, 0.982584, 28.3811, 0.000899099, 105.214
4701, 78.35000, 0.985186, 28.1281, 0.000901584, 104.961
4702, 78.35833, 0.987786, 27.874, 0.000904069, 104.708
4702, 78.36667, 0.990385, 27.6187, 0.000906553, 104.454
4703, 78.37500, 0.992981, 27.3623, 0.000909035, 104.198
4703, 78.38333, 0.995576, 27.1048, 0.000911516, 103.941
4704, 78.39167, 0.998168, 26.8462, 0.000913996, 103.683
4704, 78.40000, 1.00076, 26.5864, 0.000916474, 103.425
4705, 78.40833, 1.00334, 26.3255, 0.00091895, 103.164
4705, 78.41666, 1.00593, 26.0634, 0.000921424, 102.903
4706, 78.42500, 1.00851, 25.8002, 0.000923895, 102.641
4706, 78.43333, 1.01109, 25.5359, 0.000926364, 102.377
4707, 78.44167, 1.01366, 25.2704, 0.000928831, 102.112
4707, 78.45000, 1.01623, 25.0037, 0.000931294, 101.847
4707, 78.45834, 1.0188, 24.7359, 0.000933754, 101.58
4708, 78.46667, 1.02136, 24.4669, 0.000936211, 101.311
4709, 78.47500, 1.02392, 24.1968, 0.000938665, 101.042
4709, 78.48333, 1.02647, 23.9255, 0.000941115, 100.772
4710, 78.49167, 1.02902, 23.6531, 0.000943561, 100.5
4710, 78.50000, 1.03156, 23.3795, 0.000946003, 100.227
4711, 78.50833, 1.0341, 23.1047, 0.00094844, 99.9532
4711, 78.51667, 1.03663, 22.8287, 0.000950873, 99.678
4712, 78.52500, 1.03916, 22.5516, 0.000953301, 99.4017
4712, 78.53333, 1.04168, 22.2733, 0.000955724, 99.1242
4713, 78.54166, 1.04419, 21.9938, 0.000958141, 98.8455
4713, 78.55000, 1.0467, 21.7131, 0.000960553, 98.5656
4714, 78.55833, 1.0492, 21.4313, 0.000962959, 98.2846
4714, 78.56667, 1.05169, 21.1482, 0.00096536, 98.0023
4715, 78.57500, 1.05418, 20.864, 0.000967754, 97.7189
4715, 78.58334, 1.05665, 20.5786, 0.000970141, 97.4343
4715, 78.59167, 1.05912, 20.292, 0.000972521, 97.1485
4716, 78.60000, 1.06159, 20.0043, 0.000974895, 96.8615
4717, 78.60833, 1.06404, 19.7153, 0.000977261, 96.5734
4717, 78.61667, 1.06648, 19.4251, 0.000979619, 96.284
4718, 78.62500, 1.06892, 19.1338, 0.00098197, 95.9935
4718, 78.63333, 1.07134, 18.8413, 0.000984312, 95.7017
4719, 78.64167, 1.07376, 18.5475, 0.000986646, 95.4088
4719, 78.65000, 1.07616, 18.2526, 0.000988971, 95.1147
4720, 78.65833, 1.07856, 17.9565, 0.000991287, 94.8194
4720, 78.66666, 1.08094, 17.6592, 0.000993594, 94.5228
4721, 78.67500, 1.08332, 17.3607, 0.000995891, 94.2251
4721, 78.68333, 1.08568, 17.061, 0.000998178, 93.9262
4722, 78.69167, 1.08803, 16.7601, 0.00100046, 93.6261
4722, 78.70000, 1.09037, 16.458, 0.00100272, 93.3249
4723, 78.70834, 1.09269, 16.1548, 0.00100498, 93.0224
4723, 78.71667, 1.09501, 15.8503, 0.00100722, 92.7187
4723, 78.72500, 1.09731, 15.5446, 0.00100945, 92.4138
4724, 78.73333, 1.09959, 15.2378, 0.00101168, 92.1078
4725, 78.74167, 1.10187, 14.9297, 0.00101388, 91.8005
4725, 78.75000, 1.10413, 14.6205, 0.00101608, 91.4921
4726, 78.75833, 1.10637, 14.3101, 0.00101826, 91.1825
4726, 78.76667, 1.1086, 13.9985, 0.00102044, 90.8716
4727, 78.77500, 1.11082, 13.6857, 0.00102259, 90.5597
4727, 78.78333, 1.11301, 13.3717, 0.00102474, 90.2465
4728, 78.79166, 1.1152, 13.0566, 0.00102686, 89.9321
4728, 78.80000, 1.11737, 12.7403, 0.00102898, 89.6166
4729, 78.80833, 1.11952, 12.4228, 0.00103108, 89.2999
4729, 78.81667, 1.12165, 12.1041, 0.00103316, 88.982
4730, 78.82500, 1.12376, 11.7842, 0.00103523, 88.6629
4730, 78.83334, 1.12586, 11.4632, 0.00103729, 88.3427
4731, 78.84167, 1.12794, 11.141, 0.00103932, 88.0213
4731, 78.85000, 1.13, 10.8177, 0.00104134, 87.6987
4731, 78.85833, 1.13205, 10.4932, 0.00104335, 87.375
4732, 78.86667, 1.13407, 10.1675, 0.00104533, 87.0501
4733, 78.87500, 1.13607, 9.84071, 0.0010473, 86.7241
4733, 78.88333, 1.13806, 9.51278, 0.00104925, 86.397
4734, 78.89167, 1.14002, 9.18366, 0.00105118, 86.0686
4734, 78.90000, 1.14196, 8.85344, 0.00105309, 85.7392
4735, 78.90833, 1.14388, 8.52209, 0.00105499, 85.4087
4735, 78.91666, 1.14578, 8.18957, 0.00105686, 85.0769
4736, 78.92500, 1.14766, 7.85597, 0.00105871, 84.7441
4736, 78.93333, 1.14951, 7.52126, 0.00106055, 84.4102
4737, 78.94167, 1.15134, 7.18539, 0.00106236, 84.0751
4737, 78.95000, 1.15315, 6.84846, 0.00106415, 83.739
4738, 78.95834, 1.15493, 6.51043, 0.00106592, 83.4017
4738, 78.96667, 1.15669, 6.17127, 0.00106767, 83.0633
4739, 78.97500, 1.15843, 5.83107, 0.00106939, 82.7239
4739, 78.98333, 1.16014, 5.48978, 0.00107109, 82.3834
4739, 78.99167, 1.16182, 5.14739, 0.00107277, 82.0418
4740, 79.00000, 1.16348, 4.80397, 0.00107443, 81.6992
4741, 79.00833, 1.16511, 4.4595, 0.00107606, 81.3555
4741, 79.01667, 1.16672, 4.11394, 0.00107767, 81.0107
4742, 79.02500, 1.1683, 3.76737, 0.00107925, 80.6649
4742, 79.03333, 1.16985, 3.41978, 0.00108081, 80.3181
4743, 79.04166, 1.17137, 3.07113, 0.00108234, 79.9702
4743, 79.05000, 1.17287, 2.7215, 0.00108385, 79.6214
4744, 79.05833, 1.17433, 2.37087, 0.00108533, 79.2715
4744, 79.06667, 1.17577, 2.0192, 0.00108678, 78.9207
4745, 79.07500, 1.17718, 1.66659, 0.00108821, 78.5688
4745, 79.08334, 1.17855, 1.31301, 0.00108961, 78.216
4746, 79.09167, 1.1799, 0.958414, 0.00109098, 77.8622
4746, 79.10000, 1.18122, 0.602912, 0.00109232, 77.5075
4747, 79.10833, 1.1825, 0.246467, 0.00109364, 77.1518
4747, 79.11667, 1.18376, -0.110952, 0.00109492, 76.7952
4747, 79.12500, 1.18498, -0.469249, 0.00109618, 76.4377
4748, 79.13333, 1.18617, -0.828453, 0.00109741, 76.0792
4749, 79.14167, 1.18733, -1.1886, 0.00109861, 75.7199
4749, 79.15000, 1.18845, -1.54958, 0.00109977, 75.3597
4750, 79.15833, 1.18954, -1.91144, 0.00110091, 74.9986
4750, 79.16666, 1.1906, -2.2742, 0.00110201, 74.6366
4751, 79.17500, 1.19162, -2.63776, 0.00110309, 74.2738
4751, 79.18333, 1.19261, -3.00215, 0.00110413, 73.9102
4752, 79.19167, 1.19356, -3.36741, 0.00110514, 73.5457
4752, 79.20000, 1.19448, -3.73342, 0.00110611, 73.1805
4753, 79.20834, 1.19536, -4.10023, 0.00110706, 72.8145
4753, 79.21667, 1.1962, -4.46786, 0.00110797, 72.4476
4754, 79.22500, 1.19701, -4.83621, 0.00110885, 72.08
4754, 79.23333, 1.19779, -5.2053, 0.00110969, 71.7117
4755, 79.24167, 1.19852, -5.57516, 0.0011105, 71.3426
4755, 79.25000, 1.19922, -5.9457, 0.00111128, 70.9729
4755, 79.25833, 1.19988, -6.31694, 0.00111202, 70.6024
4756, 79.26667, 1.2005, -6.68891, 0.00111273, 70.2312
4757, 79.27500, 1.20109, -7.06151, 0.0011134, 69.8594
4757, 79.28333, 1.20164, -7.43475, 0.00111403, 69.4869
4758, 79.29166, 1.20214, -7.80867, 0.00111463, 69.1138
4758, 79.30000, 1.20261, -8.18317, 0.00111519, 68.7401
4759, 79.30833, 1.20304, -8.55827, 0.00111572, 68.3657
4759, 79.31667, 1.20343, -8.934, 0.00111621, 67.9908
4760, 79.32500, 1.20378, -9.31025, 0.00111667, 67.6153
4760, 79.33334, 1.20409, -9.68704, 0.00111708, 67.2393
4761, 79.34167, 1.20436, -10.0644, 0.00111746, 66.8627
4761, 79.35000, 1.20459, -10.4423, 0.0011178, 66.4856
4762, 79.35833, 1.20478, -10.8206, 0.00111811, 66.108
4762, 79.36667, 1.20493, -11.1994, 0.00111837, 65.73
4763, 79.37500, 1.20504, -11.5787, 0.0011186, 65.3515
4763, 79.38333, 1.2051, -11.9584, 0.00111879, 64.9725
4763, 79.39167, 1.20513, -12.3386, 0.00111894, 64.5932
4764, 79.40000, 1.20511, -12.7191, 0.00111906, 64.2134
4765, 79.40833, 1.20505, -13.1, 0.00111913, 63.8333
4765, 79.41666, 1.20495, -13.4813, 0.00111917, 63.4528
4766, 79.42500, 1.20481, -13.8629, 0.00111916, 63.0719
4766, 79.43333, 1.20462, -14.2448, 0.00111912, 62.6908
4767, 79.44167, 1.2044, -14.627, 0.00111904, 62.3093
4767, 79.45000, 1.20413, -15.0095, 0.00111892, 61.9276
4768, 79.45834, 1.20381, -15.3923, 0.00111876, 61.5456
4768, 79.46667, 1.20346, -15.7753, 0.00111855, 61.1634
4769, 79.47500, 1.20306, -16.1585, 0.00111831, 60.7809
4769, 79.48333, 1.20262, -16.5419, 0.00111803, 60.3983
4770, 79.49167, 1.20214, -16.9255, 0.00111772, 60.0155
4770, 79.50000, 1.20162, -17.3092, 0.00111736, 59.6325
4771, 79.50833, 1.20105, -17.6931, 0.00111696, 59.2494
4771, 79.51667, 1.20044, -18.0771, 0.00111652, 58.8662
4771, 79.52500, 1.19979, -18.4611, 0.00111604, 58.4829
4772, 79.53333, 1.19909, -18.8453, 0.00111552, 58.0995
4773, 79.54166, 1.19835, -19.2295, 0.00111496, 57.7161
4773, 79.55000, 1.19757, -19.6137, 0.00111437, 57.3327
4774, 79.55833, 1.19675, -19.9979, 0.00111373, 56.9492
4774, 79.56667, 1.19588, -20.3821, 0.00111305, 56.5658
4775, 79.57500, 1.19498, -20.7662, 0.00111233, 56.1824
4775, 79.58334, 1.19403, -21.1503, 0.00111158, 55.7991
4776, 79.59167, 1.19303, -21.5343, 0.00111078, 55.4158
4776, 79.60000, 1.192, -21.9182, 0.00110995, 55.0327
4777, 79.60833, 1.19092, -22.302, 0.00110907, 54.6497
4777, 79.61667, 1.18981, -22.6856, 0.00110816, 54.2668
4778, 79.62500, 1.18865, -23.0691, 0.00110721, 53.8841
4778, 79.63333, 1.18745, -23.4523, 0.00110622, 53.5016
4779, 79.64167, 1.1862, -23.8354, 0.00110519, 53.1193
4779, 79.65000, 1.18492, -24.2182, 0.00110412, 52.7373
4779, 79.65833, 1.1836, -24.6008, 0.00110301, 52.3555
4780, 79.66666, 1.18223, -24.9831, 0.00110186, 51.974
4781, 79.67500, 1.18083, -25.365, 0.00110068, 51.5927
4781, 79.68333, 1.17938, -25.7467, 0.00109946, 51.2119
4782, 79.69167, 1.1779, -26.128, 0.0010982, 50.8313
4782, 79.70000, 1.17637, -26.509, 0.00109691, 50.4511
4783, 79.70834, 1.17481, -26.8895, 0.00109557, 50.0713
4783, 79.71667, 1.1732, -27.2697, 0.0010942, 49.6919
4784, 79.72500, 1.17156, -27.6495, 0.0010928, 49.3129
4784, 79.73333, 1.16988, -28.0287, 0.00109136, 48.9344
4785, 79.74167, 1.16816, -28.4076, 0.00108988, 48.5563
4785, 79.75000, 1.1664, -28.7859, 0.00108836, 48.1787
4786, 79.75833, 1.16461, -29.1637, 0.00108681, 47.8016
4786, 79.76667, 1.16278, -29.5411, 0.00108523, 47.4251
4787, 79.77500, 1.16091, -29.9178, 0.00108361, 47.0491
4787, 79.78333, 1.159, -30.294, 0.00108195, 46.6737
4787, 79.79166, 1.15706, -30.6696, 0.00108027, 46.2988
4788, 79.80000, 1.15508, -31.0446, 0.00107854, 45.9246
4789, 79.80833, 1.15307, -31.419, 0.00107679, 45.551
4789, 79.81667, 1.15102, -31.7927, 0.001075, 45.178
4790, 79.82500, 1.14894, -32.1658, 0.00107317, 44.8057
4790, 79.83334, 1.14682, -32.5381, 0.00107132, 44.4341
4791, 79.84167, 1.14467, -32.9098, 0.00106943, 44.0632
4791, 79.85000, 1.14249, -33.2808, 0.00106751, 43.693
4792, 79.85833, 1.14027, -33.651, 0.00106556, 43.3235
4792, 79.86667, 1.13802, -34.0204, 0.00106358, 42.9548
4793, 79.87500, 1.13573, -34.3891, 0.00106157, 42.5869
4793, 79.88333, 1.13342, -34.757, 0.00105953, 42.2198
4794, 79.89167, 1.13107, -35.1241, 0.00105746, 41.8534
4794, 79.90000, 1.1287, -35.4904, 0.00105536, 41.4879
4795, 79.90833, 1.12629, -35.8558, 0.00105323, 41.1233
4795, 79.91666, 1.12385, -36.2204, 0.00105107, 40.7594
4795, 79.92500, 1.12139, -36.584, 0.00104888, 40.3965
4796, 79.93333, 1.11889, -36.9468, 0.00104667, 40.0345
4797, 79.94167, 1.11637, -37.3087, 0.00104443, 39.6733
4797, 79.95000, 1.11381, -37.6697, 0.00104216, 39.3131
4798, 79.95834, 1.11123, -38.0297, 0.00103986, 38.9538
4798, 79.96667, 1.10863, -38.3888, 0.00103754, 38.5955
4799, 79.97500, 1.10599, -38.7469, 0.0010352, 38.2381
4799, 79.98333, 1.10333, -39.104, 0.00103283, 37.8818
4800, 79.99167, 1.10065, -39.4602, 0.00103043, 37.5264
4800, 80.00000, 1.09794, -39.8153, 0.00102801, 37.172
4801, 80.00833, 1.0952, -40.1694, 0.00102557, 36.8186
4801, 80.01667, 1.09244, -40.5225, 0.0010231, 36.4663
4802, 80.02500, 1.08966, -40.8745, 0.00102061, 36.115
4802, 80.03333, 1.08685, -41.2255, 0.0010181, 35.7648
4803, 80.04166, 1.08403, -41.5754, 0.00101557, 35.4157
4803, 80.05000, 1.08117, -41.9242, 0.00101301, 35.0676
4803, 80.05833, 1.0783, -42.2719, 0.00101044, 34.7207
4804, 80.06667, 1.07541, -42.6185, 0.00100784, 34.3748
4805, 80.07500, 1.07249, -42.964, 0.00100522, 34.0301
4805, 80.08334, 1.06956, -43.3083, 0.00100259, 33.6865
4806, 80.09167, 1.0666, -43.6515, 0.000999933, 33.344
4806, 80.10000, 1.06363, -43.9936, 0.00099726, 33.0027
4807, 80.10833, 1.06064, -44.3345, 0.000994568, 32.6626
4807, 80.11667, 1.05763, -44.6742, 0.000991859, 32.3236
4808, 80.12500, 1.0546, -45.0127, 0.000989133, 31.9858
4808, 80.13333, 1.05156, -45.3501, 0.00098639, 31.6492
4809, 80.14167, 1.04849, -45.6863, 0.00098363, 31.3138
4809, 80.15000, 1.04542, -46.0212, 0.000980855, 30.9796
4810, 80.15833, 1.04232, -46.3549, 0.000978064, 30.6466
4810, 80.16666, 1.03921, -46.6874, 0.000975258, 30.3149
4811, 80.17500, 1.03609, -47.0187, 0.000972438, 29.9844
4811, 80.18333, 1.03295, -47.3487, 0.000969604, 29.6551
4811, 80.19167, 1.0298, -47.6775, 0.000966756, 29.327
4812, 80.20000, 1.02663, -48.005, 0.000963895, 29.0003
4813, 80.20834, 1.02346, -48.3313, 0.000961022, 28.6748
4813, 80.21667, 1.02027, -48.6563, 0.000958136, 28.3505
4814, 80.22500, 1.01706, -48.98, 0.000955238, 28.0275
4814, 80.23333, 1.01385, -49.3024, 0.000952329, 27.7058
4815, 80.24167, 1.01063, -49.6236, 0.000949408, 27.3854
4815, 80.25000, 1.00739, -49.9435, 0.000946478, 27.0663
4816, 80.25833, 1.00415, -50.262, 0.000943537, 26.7485
4816, 80.26667, 1.00089, -50.5793, 0.000940586, 26.4319
4816, 80.27500, 0.997628, -50.8952, 0.000937626, 26.1167
4817, 80.28333, 0.994356, -51.2099, 0.000934657, 25.8028
4818, 80.29166, 0.991074, -51.5232, 0.00093168, 25.4902
4818, 80.30000, 0.987786, -51.8353, 0.000928694, 25.179
4819, 80.30833, 0.98449, -52.1459, 0.000925701, 24.869
4819, 80.31667, 0.981186, -52.4553, 0.000922701, 24.5604
4819, 80.32500, 0.977876, -52.7634, 0.000919693, 24.2531
4820, 80.33334, 0.97456, -53.07, 0.000916679, 23.9471
4821, 80.34167, 0.971238, -53.3754, 0.000913659, 23.6425
4821, 80.35000, 0.967911, -53.6795, 0.000910633, 23.3392
4822, 80.35833, 0.964579, -53.9822, 0.000907602, 23.0372
4822, 80.36667, 0.961242, -54.2835, 0.000904565, 22.7366
4823, 80.37500, 0.957901, -54.5835, 0.000901524, 22.4373
4823, 80.38333, 0.954556, -54.8822, 0.000898479, 22.1394
4824, 80.39167, 0.951207, -55.1795, 0.000895429, 21.8428
4824, 80.40000, 0.947855, -55.4755, 0.000892376, 21.5476
4824, 80.40833, 0.944501, -55.7701, 0.000889319, 21.2537
4825, 80.41666, 0.941144, -56.0634, 0.00088626, 20.9612
4826, 80.42500, 0.937785, -56.3553, 0.000883198, 20.67
4826, 80.43333, 0.934425, -56.6459, 0.000880134, 20.3802
4827, 80.44167, 0.931063, -56.9351, 0.000877067, 20.0917
4827, 80.45000, 0.9277, -57.223, 0.000873999, 19.8046
4828, 80.45834, 0.924337, -57.5095, 0.00087093, 19.5188
4828, 80.46667, 0.920973, -57.7946, 0.000867859, 19.2344
4829, 80.47500, 0.917609, -58.0784, 0.000864788, 18.9513
4829, 80.48333, 0.914245, -58.3609, 0.000861717, 18.6696
4830, 80.49167, 0.910882, -58.642, 0.000858644, 18.3892
4830, 80.50000, 0.90752, -58.9218, 0.000855573, 18.1102
4831, 80.50833, 0.904159, -59.2002, 0.000852502, 17.8325
4831, 80.51667, 0.900799, -59.4773, 0.000849431, 17.5561
4832, 80.52500, 0.897442, -59.753, 0.000846361, 17.2812
4832, 80.53333, 0.894086, -60.0274, 0.000843293, 17.0075
4832, 80.54166, 0.890733, -60.3004, 0.000840226, 16.7352
4833, 80.55000, 0.887382, -60.5721, 0.000837161, 16.4642
4834, 80.55833, 0.884035, -60.8425, 0.000834098, 16.1946
4834, 80.56667, 0.88069, -61.1115, 0.000831037, 15.9263
4835, 80.57500, 0.877349, -61.3792, 0.000827978, 15.6594
4835, 80.58334, 0.874011, -61.6456, 0.000824923, 15.3937
4836, 80.59167, 0.870677, -61.9106, 0.00082187, 15.1294
4836, 80.60000, 0.867348, -62.1743, 0.00081882, 14.8664
4837, 80.60833, 0.864023, -62.4367, 0.000815774, 14.6048
4837, 80.61667, 0.860702, -62.6978, 0.000812732, 14.3445
4838, 80.62500, 0.857386, -62.9575, 0.000809693, 14.0854
4838, 80.63333, 0.854075, -63.2159, 0.000806658, 13.8278
4839, 80.64167, 0.85077, -63.4731, 0.000803628, 13.5713
4839, 80.65000, 0.84747, -63.7289, 0.000800602, 13.3163
4840, 80.65833, 0.844176, -63.9834, 0.000797581, 13.0625
4840, 80.66666, 0.840887, -64.2366, 0.000794564, 12.81
4840, 80.67500, 0.837605, -64.4885, 0.000791553, 12.5588
4841, 80.68333, 0.834329, -64.7391, 0.000788547, 12.309
4842, 80.69167, 0.831059, -64.9885, 0.000785546, 12.0604
4842, 80.70000, 0.827796, -65.2365, 0.000782551, 11.8131
4843, 80.70834, 0.82454, -65.4832, 0.000779562, 11.567
4843, 80.71667, 0.82129, -65.7287, 0.000776578, 11.3223
4844, 80.72500, 0.818048, -65.9729, 0.000773601, 11.0788
4844, 80.73333, 0.814814, -66.2159, 0.00077063, 10.8366
4845, 80.74167, 0.811586, -66.4575, 0.000767665, 10.5957
4845, 80.75000, 0.808367, -66.6979, 0.000764706, 10.356
4846, 80.75833, 0.805155, -66.9371, 0.000761755, 10.1176
4846, 80.76667, 0.801951, -67.175, 0.00075881, 9.88041
4847, 80.77500, 0.798755, -67.4116, 0.000755872, 9.6445
4847, 80.78333, 0.795568, -67.647, 0.000752942, 9.40983
4848, 80.79166, 0.792388, -67.8812, 0.000750018, 9.17638
4848, 80.80000, 0.789218, -68.1141, 0.000747102, 8.94419
4848, 80.80833, 0.786056, -68.3458, 0.000744193, 8.71323
4849, 80.81667, 0.782902, -68.5763, 0.000741292, 8.48347
4850, 80.82500, 0.779757, -68.8055, 0.000738399, 8.25495
4850, 80.83334, 0.776622, -69.0336, 0.000735513, 8.02765
4851, 80.84167, 0.773495, -69.2604, 0.000732635, 7.80154
4851, 80.85000, 0.770378, -69.486, 0.000729766, 7.57665
4852, 80.85833, 0.76727, -69.7104, 0.000726904, 7.35297
4852, 80.86667, 0.764171, -69.9337, 0.000724051, 7.13045
4853, 80.87500, 0.761082, -70.1557, 0.000721206, 6.90915
4853, 80.88333, 0.758003, -70.3765, 0.00071837, 6.68904
4854, 80.89167, 0.754933, -70.5962, 0.000715541, 6.47008
4854, 80.90000, 0.751872, -70.8147, 0.000712722, 6.25232
4855, 80.90833, 0.748822, -71.032, 0.000709912, 6.03573
4855, 80.91666, 0.745782, -71.2482, 0.000707109, 5.82028
4856, 80.92500, 0.742752, -71.4632, 0.000704316, 5.60602
4856, 80.93333, 0.739731, -71.677, 0.000701532, 5.39291
4856, 80.94167, 0.736721, -71.8897, 0.000698757, 5.18092
4857, 80.95000, 0.733721, -72.1012, 0.000695991, 4.9701
4858, 80.95834, 0.730732, -72.3117, 0.000693234, 4.76042
4858, 80.96667, 0.727753, -72.521, 0.000690486, 4.55185
4859, 80.97500, 0.724784, -72.7291, 0.000687747, 4.34443
4859, 80.98333, 0.721826, -72.9361, 0.000685018, 4.13813
4860, 80.99167, 0.718878, -73.142, 0.000682298, 3.93292
4860, 81.00000, 0.715941, -73.3468, 0.000679588, 3.72885
4861, 81.00833, 0.713014, -73.5505, 0.000676887, 3.52589
4861, 81.01667, 0.710098, -73.7531, 0.000674195, 3.324
4862, 81.02500, 0.707193, -73.9546, 0.000671513, 3.12323
4862, 81.03333, 0.704299, -74.155, 0.000668841, 2.92355
4863, 81.04166, 0.701415, -74.3544, 0.000666178, 2.72493
4863, 81.05000, 0.698542, -74.5526, 0.000663525, 2.52741
4864, 81.05833, 0.695681, -74.7498, 0.000660882, 2.33096
4864, 81.06667, 0.69283, -74.9459, 0.000658248, 2.13556
4864, 81.07500, 0.68999, -75.1409, 0.000655625, 1.94124
4865, 81.08334, 0.687161, -75.3349, 0.000653011, 1.74798
4866, 81.09167, 0.684343, -75.5279, 0.000650407, 1.55575
4866, 81.10000, 0.681536, -75.7197, 0.000647812, 1.36458
4867, 81.10833, 0.67874, -75.9106, 0.000645228, 1.17446
4867, 81.11667, 0.675955, -76.1004, 0.000642654, 0.985346
4868, 81.12500, 0.673182, -76.2892, 0.00064009, 0.797285
4868, 81.13333, 0.670419, -76.4769, 0.000637535, 0.610248
4869, 81.14167, 0.667667, -76.6637, 0.000634991, 0.424207
4869, 81.15000, 0.664927, -76.8494, 0.000632456, 0.239201
4870, 81.15833, 0.662198, -77.0341, 0.000629932, 0.055202
4870, 81.16666, 0.65948, -77.2179, 0.000627417, -0.127817
4871, 81.17500, 0.656773, -77.4006, 0.000624913, -0.309818
4871, 81.18333, 0.654078, -77.5823, 0.000622419, -0.490828
4872, 81.19167, 0.651393, -77.7631, 0.000619935, -0.670874
4872, 81.20000, 0.64872, -77.9428, 0.000617461, -0.849918
4872, 81.20834, 0.646058, -78.1216, 0.000614997, -1.02799
4873, 81.21667, 0.643407, -78.2995, 0.000612543, -1.20511
4874, 81.22500, 0.640767, -78.4763, 0.000610099, -1.38124
4874, 81.23333, 0.638139, -78.6522, 0.000607665, -1.55642
4875, 81.24167, 0.635522, -78.8272, 0.000605241, -1.73067
4875, 81.25000, 0.632916, -79.0012, 0.000602828, -1.90394
4876, 81.25833, 0.630321, -79.1742, 0.000600424, -2.07628
4876, 81.26667, 0.627737, -79.3463, 0.000598031, -2.24769
4877, 81.27500, 0.625164, -79.5175, 0.000595648, -2.41815
4877, 81.28333, 0.622603, -79.6878, 0.000593275, -2.58769
4878, 81.29166, 0.620052, -79.8571, 0.000590911, -2.75633
4878, 81.30000, 0.617513, -80.0255, 0.000588558, -2.92402
4879, 81.30833, 0.614985, -80.193, 0.000586215, -3.09081
4879, 81.31667, 0.612468, -80.3596, 0.000583882, -3.25671
4880, 81.32500, 0.609963, -80.5253, 0.000581559, -3.42169
4880, 81.33334, 0.607468, -80.6901, 0.000579246, -3.58578
4880, 81.34167, 0.604984, -80.854, 0.000576943, -3.74899
4881, 81.35000, 0.602511, -81.0171, 0.00057465, -3.9113
4882, 81.35833, 0.60005, -81.1792, 0.000572367, -4.07273
4882, 81.36667, 0.597599, -81.3405, 0.000570094, -4.2333
4883, 81.37500, 0.595159, -81.5009, 0.000567831, -4.39298
4883, 81.38333, 0.592731, -81.6604, 0.000565578, -4.55179
4884, 81.39167, 0.590313, -81.8191, 0.000563334, -4.70977
4884, 81.40000, 0.587906, -81.9769, 0.000561101, -4.86687
4885, 81.40833, 0.58551, -82.1339, 0.000558878, -5.02312
4885, 81.41666, 0.583124, -82.29, 0.000556664, -5.17854
4886, 81.42500, 0.58075, -82.4453, 0.00055446, -5.33311
4886, 81.43333, 0.578387, -82.5997, 0.000552266, -5.48684
4887, 81.44167, 0.576034, -82.7533, 0.000550082, -5.63975
4887, 81.45000, 0.573692, -82.9061, 0.000547907, -5.79182
4888, 81.45834, 0.571361, -83.0581, 0.000545743, -5.94307
4888, 81.46667, 0.56904, -83.2092, 0.000543588, -6.09352
4888, 81.47500, 0.56673, -83.3595, 0.000541442, -6.24315
4889, 81.48333, 0.564431, -83.5091, 0.000539307, -6.39196
4890, 81.49167, 0.562142, -83.6578, 0.000537181, -6.53999
4890, 81.50000, 0.559864, -83.8057, 0.000535064, -6.68721
4891, 81.50833, 0.557597, -83.9529, 0.000532958, -6.83363
4891, 81.51667, 0.555339, -84.0992, 0.00053086, -6.97928
4892, 81.52500, 0.553093, -84.2448, 0.000528773, -7.12414
4892, 81.53333, 0.550857, -84.3895, 0.000526694, -7.26821
4893, 81.54166, 0.548631, -84.5336, 0.000524626, -7.41152
4893, 81.55000, 0.546416, -84.6768, 0.000522566, -7.55405
4894, 81.55833, 0.544211, -84.8193, 0.000520517, -7.69581
4894, 81.56667, 0.542016, -84.961, 0.000518476, -7.83683
4895, 81.57500, 0.539832, -85.1019, 0.000516445, -7.97708
4895, 81.58334, 0.537658, -85.2421, 0.000514423, -8.11657
4896, 81.59167, 0.535493, -85.3816, 0.00051241, -8.25534
4896, 81.60000, 0.53334, -85.5203, 0.000510407, -8.39334
4896, 81.60833, 0.531196, -85.6583, 0.000508413, -8.5306
4897, 81.61667, 0.529062, -85.7955, 0.000506428, -8.66715
4898, 81.62500, 0.526939, -85.932, 0.000504453, -8.80295
4898, 81.63333, 0.524825, -86.0678, 0.000502486, -8.93803
4899, 81.64167, 0.522722, -86.2029, 0.000500528, -9.0724
4899, 81.65000, 0.520628, -86.3372, 0.00049858, -9.20603
4900, 81.65833, 0.518544, -86.4708, 0.000496641, -9.33896
4900, 81.66666, 0.51647, -86.6038, 0.00049471, -9.47119
4901, 81.67500, 0.514406, -86.736, 0.000492789, -9.6027
4901, 81.68333, 0.512352, -86.8675, 0.000490876, -9.73351
4902, 81.69167, 0.510307, -86.9983, 0.000488973, -9.86364
4902, 81.70000, 0.508273, -87.1284, 0.000487078, -9.99306
4903, 81.70834, 0.506248, -87.2579, 0.000485192, -10.1218
4903, 81.71667, 0.504232, -87.3867, 0.000483315, -10.2499
4904, 81.72500, 0.502226, -87.5147, 0.000481447, -10.3772
4904, 81.73333, 0.50023, -87.6421, 0.000479587, -10.5039
4904, 81.74167, 0.498243, -87.7688, 0.000477736, -10.63
4905, 81.75000, 0.496265, -87.8949, 0.000475894, -10.7553
4906, 81.75833, 0.494297, -88.0203, 0.00047406, -10.88
4906, 81.76667, 0.492338, -88.145, 0.000472235, -11.004
4907, 81.77500, 0.490389, -88.2691, 0.000470418, -11.1274
4907, 81.78333, 0.488449, -88.3925, 0.00046861, -11.2501
4908, 81.79166, 0.486518, -88.5153, 0.00046681, -11.3722
4908, 81.80000, 0.484597, -88.6374, 0.000465019, -11.4936
4909, 81.80833, 0.482685, -88.7589, 0.000463236, -11.6144
4909, 81.81667, 0.480781, -88.8798, 0.000461462, -11.7346
4910, 81.82500, 0.478887, -89, 0.000459696, -11.8541
4910, 81.83334, 0.477002, -89.1196, 0.000457938, -11.973
4911, 81.84167, 0.475126, -89.2385, 0.000456188, -12.0913
4911, 81.85000, 0.473259, -89.3568, 0.000454447, -12.2089
4912, 81.85833, 0.471401, -89.4746, 0.000452713, -12.3259
4912, 81.86667, 0.469551, -89.5917, 0.000450988, -12.4423
4912, 81.87500, 0.467711, -89.7082, 0.000449271, -12.5581
4913, 81.88333, 0.465879, -89.824, 0.000447562, -12.6733
4914, 81.89167, 0.464056, -89.9393, 0.000445861, -12.7879
4914, 81.90000, 0.462242, -90.054, 0.000444168, -12.9019
4915, 81.90833, 0.460437, -90.1681, 0.000442483, -13.0152
4915, 81.91666, 0.45864, -90.2815, 0.000440806, -13.128
4916, 81.92500, 0.456852, -90.3944, 0.000439137, -13.2402
4916, 81.93333, 0.455072, -90.5067, 0.000437476, -13.3518
4917, 81.94167, 0.453301, -90.6184, 0.000435822, -13.4628
4917, 81.95000, 0.451538, -90.7296, 0.000434176, -13.5733
4918, 81.95834, 0.449784, -90.8401, 0.000432538, -13.6831
4918, 81.96667, 0.448038, -90.9501, 0.000430908, -13.7924
4919, 81.97500, 0.4463, -91.0595, 0.000429285, -13.9012
4919, 81.98333, 0.444571, -91.1684, 0.00042767, -14.0093
4920, 81.99167, 0.44285, -91.2767, 0.000426062, -14.1169
4920, 82.00000, 0.441137, -91.3844, 0.000424462, -14.2239
4920, 82.00833, 0.439433, -91.4915, 0.00042287, -14.3304
4921, 82.01667, 0.437736, -91.5982, 0.000421285, -14.4363
4922, 82.02500, 0.436048, -91.7042, 0.000419707, -14.5417
4922, 82.03333, 0.434368, -91.8097, 0.000418137, -14.6465
4923, 82.04166, 0.432695, -91.9147, 0.000416574, -14.7508
4923, 82.05000, 0.431031, -92.0191, 0.000415019, -14.8545
4924, 82.05833, 0.429375, -92.123, 0.000413471, -14.9577
4924, 82.06667, 0.427726, -92.2263, 0.000411929, -15.0604
4925, 82.07500, 0.426086, -92.3291, 0.000410396, -15.1625
4925, 82.08334, 0.424453, -92.4314, 0.000408869, -15.2641
4926, 82.09167, 0.422828, -92.5332, 0.00040735, -15.3651
4926, 82.10000, 0.421211, -92.6344, 0.000405837, -15.4657
4927, 82.10833, 0.419602, -92.7351, 0.000404332, -15.5657
4927, 82.11667, 0.418, -92.8353, 0.000402834, -15.6652
4928, 82.12500, 0.416405, -92.935, 0.000401343, -15.7642
4928, 82.13333, 0.414819, -93.0341, 0.000399859, -15.8627
4928, 82.14167, 0.41324, -93.1328, 0.000398381, -15.9606
4929, 82.15000, 0.411668, -93.2309, 0.000396911, -16.0581
4930, 82.15833, 0.410104, -93.3286, 0.000395447, -16.155
4930, 82.16666, 0.408547, -93.4257, 0.00039399, -16.2515
4931, 82.17500, 0.406998, -93.5224, 0.000392541, -16.3475
4931, 82.18333, 0.405456, -93.6185, 0.000391097, -16.4429
4932, 82.19167, 0.403921, -93.7142, 0.000389661, -16.5379
4932, 82.20000, 0.402394, -93.8093, 0.000388231, -16.6324
4933, 82.20834, 0.400874, -93.904, 0.000386808, -16.7264
4933, 82.21667, 0.399361, -93.9982, 0.000385391, -16.8199
4934, 82.22500, 0.397855, -94.0919, 0.000383982, -16.9129
4934, 82.23333, 0.396356, -94.1852, 0.000382578, -17.0054
4935, 82.24167, 0.394865, -94.2779, 0.000381181, -17.0975
4935, 82.25000, 0.39338, -94.3702, 0.000379791, -17.1891
4936, 82.25833, 0.391903, -94.462, 0.000378407, -17.2802
4936, 82.26667, 0.390432, -94.5534, 0.000377029, -17.3709
4936, 82.27500, 0.388969, -94.6442, 0.000375658, -17.4611
4937, 82.28333, 0.387512, -94.7346, 0.000374293, -17.5508
4938, 82.29166, 0.386062, -94.8246, 0.000372935, -17.6401
4938, 82.30000, 0.384619, -94.9141, 0.000371583, -17.7289
4939, 82.30833, 0.383183, -95.0031, 0.000370237, -17.8173
4939, 82.31667, 0.381753, -95.0917, 0.000368897, -17.9052
4940, 82.32500, 0.38033, -95.1798, 0.000367563, -17.9926
4940, 82.33334, 0.378914, -95.2675, 0.000366236, -18.0796
4941, 82.34167, 0.377505, -95.3548, 0.000364915, -18.1662
4941, 82.35000, 0.376102, -95.4416, 0.000363599, -18.2523
4941, 82.35833, 0.374706, -95.5279, 0.00036229, -18.338
4942, 82.36667, 0.373316, -95.6138, 0.000360987, -18.4232
4943, 82.37500, 0.371933, -95.6993, 0.00035969, -18.508
4943, 82.38333, 0.370556, -95.7844, 0.000358399, -18.5924
4944, 82.39167, 0.369185, -95.869, 0.000357113, -18.6763
4944, 82.40000, 0.367821, -95.9531, 0.000355834, -18.7598
4944, 82.40833, 0.366464, -96.0369, 0.00035456, -18.8429
4945, 82.41666, 0.365112, -96.1202, 0.000353292, -18.9255
4946, 82.42500, 0.363767, -96.2031, 0.000352031, -19.0077
4946, 82.43333, 0.362429, -96.2856, 0.000350774, -19.0895
4947, 82.44167, 0.361096, -96.3677, 0.000349524, -19.1709
4947, 82.45000, 0.35977, -96.4493, 0.000348279, -19.2519
4948, 82.45834, 0.35845, -96.5306, 0.00034704, -19.3325
4948, 82.46667, 0.357136, -96.6114, 0.000345807, -19.4126
4949, 82.47500, 0.355828, -96.6918, 0.000344579, -19.4924
4949, 82.48333, 0.354526, -96.7718, 0.000343357, -19.5717
4949, 82.49167, 0.35323, -96.8514, 0.00034214, -19.6506
4950, 82.50000, 0.35194, -96.9306, 0.000340929, -19.7291
4951, 82.50833, 0.350656, -97.0094, 0.000339723, -19.8072
4951, 82.51667, 0.349378, -97.0878, 0.000338523, -19.885
4952, 82.52500, 0.348106, -97.1658, 0.000337328, -19.9623
4952, 82.53333, 0.34684, -97.2434, 0.000336139, -20.0392
4953, 82.54166, 0.345579, -97.3207, 0.000334955, -20.1158
4953, 82.55000, 0.344325, -97.3975, 0.000333777, -20.1919
4954, 82.55833, 0.343076, -97.4739, 0.000332603, -20.2677
4954, 82.56667, 0.341833, -97.55, 0.000331435, -20.3431
4955, 82.57500, 0.340596, -97.6256, 0.000330273, -20.418
4955, 82.58334, 0.339364, -97.7009, 0.000329115, -20.4926
4956, 82.59167, 0.338138, -97.7758, 0.000327963, -20.5669
4956, 82.60000, 0.336917, -97.8503, 0.000326816, -20.6407
4957, 82.60833, 0.335702, -97.9245, 0.000325674, -20.7142
4957, 82.61667, 0.334493, -97.9982, 0.000324537, -20.7873
4957, 82.62500, 0.333289, -98.0716, 0.000323405, -20.86
4958, 82.63333, 0.332091, -98.1446, 0.000322278, -20.9323
4959, 82.64167, 0.330898, -98.2173, 0.000321157, -21.0043
4959, 82.65000, 0.32971, -98.2896, 0.00032004, -21.0759
4960, 82.65833, 0.328528, -98.3615, 0.000318928, -21.1472
4960, 82.66666, 0.327352, -98.4331, 0.000317822, -21.2181
4961, 82.67500, 0.32618, -98.5042, 0.00031672, -21.2886
4961, 82.68333, 0.325014, -98.5751, 0.000315623, -21.3587
4962, 82.69167, 0.323854, -98.6456, 0.000314531, -21.4286
4962, 82.70000, 0.322698, -98.7157, 0.000313444, -21.498
4963, 82.70834, 0.321548, -98.7854, 0.000312362, -21.5671
4963, 82.71667, 0.320403, -98.8549, 0.000311284, -21.6358
4964, 82.72500, 0.319263, -98.9239, 0.000310211, -21.7042
4964, 82.73333, 0.318128, -98.9926, 0.000309144, -21.7723
4965, 82.74167, 0.316998, -99.061, 0.00030808, -21.8399
4965, 82.75000, 0.315874, -99.129, 0.000307022, -21.9073
4965, 82.75833, 0.314754, -99.1967, 0.000305968, -21.9743
4966, 82.76667, 0.31364, -99.264, 0.000304918, -22.0409
4967, 82.77500, 0.31253, -99.331, 0.000303874, -22.1073
4967, 82.78333, 0.311426, -99.3976, 0.000302834, -22.1732
4968, 82.79166, 0.310326, -99.4639, 0.000301798, -22.2389
4968, 82.80000, 0.309232, -99.5299, 0.000300767, -22.3042
4969, 82.80833, 0.308142, -99.5955, 0.000299741, -22.3691
4969, 82.81667, 0.307057, -99.6608, 0.000298719, -22.4338
4970, 82.82500, 0.305977, -99.7258, 0.000297702, -22.4981
4970, 82.83334, 0.304902, -99.7904, 0.000296689, -22.5621
4971, 82.84167, 0.303831, -99.8548, 0.00029568, -22.6257
4971, 82.85000, 0.302765, -99.9187, 0.000294676, -22.689
4972, 82.85833, 0.301704, -99.9824, 0.000293676, -22.752
4972, 82.86667, 0.300648, -100.046, 0.000292681, -22.8147
4973, 82.87500, 0.299597, -100.109, 0.00029169, -22.877
4973, 82.88333, 0.29855, -100.171, 0.000290703, -22.9391
4973, 82.89167, 0.297507, -100.234, 0.00028972, -23.0008
4974, 82.90000, 0.29647, -100.296, 0.000288742, -23.0622
4975, 82.90833, 0.295437, -100.358, 0.000287768, -23.1232
4975, 82.91666, 0.294408, -100.419, 0.000286798, -23.184
4976, 82.92500, 0.293384, -100.48, 0.000285833, -23.2445
4976, 82.93333, 0.292364, -100.541, 0.000284871, -23.3046
4977, 82.94167, 0.291349, -100.601, 0.000283914, -23.3644
4977, 82.95000, 0.290339, -100.662, 0.000282961, -23.4239
4978, 82.95834, 0.289333, -100.722, 0.000282012, -23.4831
4978, 82.96667, 0.288331, -100.781, 0.000281067, -23.5421
4979, 82.97500, 0.287334, -100.84, 0.000280126, -23.6007
4979, 82.98333, 0.286341, -100.899, 0.000279189, -23.659
4980, 82.99167, 0.285352, -100.958, 0.000278256, -23.717
4980, 83.00000, 0.284368, -101.016, 0.000277327, -23.7746
4981, 83.00833, 0.283388, -101.074, 0.000276402, -23.832
4981, 83.01667, 0.282412, -101.132, 0.000275481, -23.8891
4981, 83.02500, 0.28144, -101.19, 0.000274564, -23.9459
4982, 83.03333, 0.280473, -101.247, 0.000273651, -24.0025
4983, 83.04166, 0.27951, -101.304, 0.000272742, -24.0587
4983, 83.05000, 0.278551, -101.36, 0.000271837, -24.1146
4984, 83.05833, 0.277596, -101.417, 0.000270935, -24.1702
4984, 83.06667, 0.276645, -101.473, 0.000270037, -24.2256
4985, 83.07500, 0.275699, -101.528, 0.000269143, -24.2806
4985, 83.08334, 0.274756, -101.584, 0.000268253, -24.3354
4986, 83.09167, 0.273818, -101.639, 0.000267367, -24.3899
4986, 83.10000, 0.272884, -101.694, 0.000266484, -24.4441
4987, 83.10833, 0.271953, -101.748, 0.000265606, -24.498
4987, 83.11667, 0.271027, -101.803, 0.00026473, -24.5516
4988, 83.12500, 0.270104, -101.857, 0.000263859, -24.605
4988, 83.13333, 0.269186, -101.91, 0.000262991, -24.658
4989, 83.14167, 0.268271, -101.964, 0.000262127, -24.7108
4989, 83.15000, 0.267361, -102.017, 0.000261266, -24.7633
4989, 83.15833, 0.266454, -102.07, 0.000260409, -24.8156
4990, 83.16666, 0.265551, -102.122, 0.000259556, -24.8676
4991, 83.17500, 0.264653, -102.175, 0.000258706, -24.9192
4991, 83.18333, 0.263757, -102.227, 0.00025786, -24.9707
4992, 83.19167, 0.262866, -102.279, 0.000257017, -25.0218
4992, 83.20000, 0.261979, -102.33, 0.000256178, -25.0727
4993, 83.20834, 0.261095, -102.381, 0.000255342, -25.1233
4993, 83.21667, 0.260215, -102.432, 0.00025451, -25.1736
4994, 83.22500, 0.259338, -102.483, 0.000253681, -25.2237
4994, 83.23333, 0.258466, -102.534, 0.000252856, -25.2735
4995, 83.24167, 0.257597, -102.584, 0.000252034, -25.3231
4995, 83.25000, 0.256732, -102.634, 0.000251215, -25.3723
4996, 83.25833, 0.25587, -102.683, 0.0002504, -25.4214
4996, 83.26667, 0.255012, -102.733, 0.000249588, -25.4701
4997, 83.27500, 0.254158, -102.782, 0.00024878, -25.5186
4997, 83.28333, 0.253307, -102.831, 0.000247975, -25.5669
4997, 83.29166, 0.25246, -102.88, 0.000247173, -25.6148
4998, 83.30000, 0.251616, -102.928, 0.000246375, -25.6626
4999, 83.30833, 0.250776, -102.976, 0.000245579, -25.71
4999, 83.31667, 0.24994, -103.024, 0.000244787, -25.7572
5000, 83.32500, 0.249107, -103.072, 0.000243999, -25.8042
5000, 83.33334, 0.248277, -103.119, 0.000243213, -25.8509
5001, 83.34167, 0.247451, -103.166, 0.000242431, -25.8974
5001, 83.35000, 0.246628, -103.213, 0.000241652, -25.9436
5002, 83.35833, 0.245809, -103.259, 0.000240876, -25.9895
5002, 83.36667, 0.244993, -103.306, 0.000240103, -26.0352
5003, 83.37500, 0.244181, -103.352, 0.000239334, -26.0807
5003, 83.38333, 0.243372, -103.398, 0.000238567, -26.1259
5004, 83.39167, 0.242566, -103.443, 0.000237804, -26.1709
5004, 83.40000, 0.241763, -103.489, 0.000237043, -26.2156
5005, 83.40833, 0.240964, -103.534, 0.000236286, -26.2601
5005, 83.41666, 0.240168, -103.579, 0.000235532, -26.3043
5005, 83.42500, 0.239376, -103.623, 0.000234781, -26.3483
5006, 83.43333, 0.238587, -103.668, 0.000234033, -26.392
5007, 83.44167, 0.237801, -103.712, 0.000233288, -26.4355
5007, 83.45000, 0.237018, -103.756, 0.000232546, -26.4788
5008, 83.45834, 0.236238, -103.8, 0.000231807, -26.5218
5008, 83.46667, 0.235462, -103.843, 0.000231071, -26.5646
5009, 83.47500, 0.234689, -103.886, 0.000230338, -26.6072
5009, 83.48333, 0.233919, -103.929, 0.000229607, -26.6495
5010, 83.49167, 0.233152, -103.972, 0.00022888, -26.6916
5010, 83.50000, 0.232388, -104.014, 0.000228156, -26.7335
5011, 83.50833, 0.231627, -104.057, 0.000227434, -26.7751
5011, 83.51667, 0.23087, -104.099, 0.000226715, -26.8165
5012, 83.52500, 0.230115, -104.141, 0.000226, -26.8577
5012, 83.53333, 0.229364, -104.182, 0.000225287, -26.8986
5013, 83.54166, 0.228615, -104.224, 0.000224577, -26.9393
5013, 83.55000, 0.22787, -104.265, 0.000223869, -26.9798
5013, 83.55833, 0.227128, -104.306, 0.000223165, -27.02
5014, 83.56667, 0.226388, -104.346, 0.000222463, -27.06
5015, 83.57500, 0.225652, -104.387, 0.000221764, -27.0998
5015, 83.58334, 0.224919, -104.427, 0.000221068, -27.1394
5016, 83.59167, 0.224188, -104.467, 0.000220375, -27.1787
5016, 83.60000, 0.223461, -104.507, 0.000219684, -27.2178
5017, 83.60833, 0.222736, -104.546, 0.000218996, -27.2567
5017, 83.61667, 0.222015, -104.585, 0.000218311, -27.2954
5018, 83.62500, 0.221296, -104.625, 0.000217628, -27.3339
5018, 83.63333, 0.22058, -104.663, 0.000216949, -27.3721
5019, 83.64167, 0.219867, -104.702, 0.000216271, -27.4101
5019, 83.65000, 0.219157, -104.741, 0.000215597, -27.4479
5020, 83.65833, 0.21845, -104.779, 0.000214925, -27.4855
5020, 83.66666, 0.217745, -104.817, 0.000214255, -27.5228
5021, 83.67500, 0.217043, -104.855, 0.000213589, -27.56
5021, 83.68333, 0.216345, -104.892, 0.000212925, -27.5969
5021, 83.69167, 0.215648, -104.929, 0.000212263, -27.6336
5022, 83.70000, 0.214955, -104.967, 0.000211604, -27.6701
5023, 83.70834, 0.214264, -105.004, 0.000210948, -27.7064
5023, 83.71667, 0.213577, -105.04, 0.000210294, -27.7425
5024, 83.72500, 0.212891, -105.077, 0.000209642, -27.7783
5024, 83.73333, 0.212209, -105.113, 0.000208994, -27.814
5025, 83.74167, 0.211529, -105.149, 0.000208347, -27.8494
5025, 83.75000, 0.210852, -105.185, 0.000207703, -27.8846
5026, 83.75833, 0.210178, -105.221, 0.000207062, -27.9197
5026, 83.76667, 0.209506, -105.256, 0.000206423, -27.9545
5027, 83.77500, 0.208837, -105.291, 0.000205787, -27.9891
5027, 83.78333, 0.20817, -105.326, 0.000205153, -28.0235
5028, 83.79166, 0.207506, -105.361, 0.000204521, -28.0576
5028, 83.80000, 0.206845, -105.396, 0.000203892, -28.0916
5029, 83.80833, 0.206187, -105.43, 0.000203265, -28.1254
5029, 83.81667, 0.20553, -105.464, 0.000202641, -28.159
5029, 83.82500, 0.204877, -105.498, 0.000202019, -28.1923
5030, 83.83334, 0.204226, -105.532, 0.0002014, -28.2255
5031, 83.84167, 0.203577, -105.566, 0.000200782, -28.2585
5031, 83.85000, 0.202931, -105.599, 0.000200167, -28.2912
5032, 83.85833, 0.202288, -105.632, 0.000199555, -28.3238
5032, 83.86667, 0.201647, -105.665, 0.000198945, -28.3561
5033, 83.87500, 0.201008, -105.698, 0.000198337, -28.3883
5033, 83.88333, 0.200372, -105.731, 0.000197731, -28.4202
5034, 83.89167, 0.199739, -105.763, 0.000197128, -28.452
5034, 83.90000, 0.199108, -105.795, 0.000196527, -28.4836
5035, 83.90833, 0.198479, -105.827, 0.000195928, -28.5149
5035, 83.91666, 0.197853, -105.859, 0.000195331, -28.5461
5036, 83.92500, 0.197229, -105.891, 0.000194737, -28.5771
5036, 83.93333, 0.196607, -105.922, 0.000194145, -28.6078
5037, 83.94167, 0.195988, -105.953, 0.000193555, -28.6384
5037, 83.95000, 0.195372, -105.984, 0.000192967, -28.6688
5037, 83.95834, 0.194757, -106.015, 0.000192382, -28.699
5038, 83.96667, 0.194145, -106.046, 0.000191799, -28.729
5039, 83.97500, 0.193536, -106.076, 0.000191218, -28.7588
5039, 83.98333, 0.192928, -106.107, 0.000190639, -28.7884
5040, 83.99167, 0.192323, -106.137, 0.000190062, -28.8178
5040, 84.00000, 0.191721, -106.167, 0.000189487, -28.847
5041, 84.00833, 0.19112, -106.196, 0.000188915, -28.8761
5041, 84.01667, 0.190522, -106.226, 0.000188344, -28.9049
5042, 84.02500, 0.189926, -106.255, 0.000187776, -28.9336
5042, 84.03333, 0.189333, -106.284, 0.00018721, -28.962
5043, 84.04166, 0.188741, -106.313, 0.000186646, -28.9903
5043, 84.05000, 0.188152, -106.342, 0.000186084, -29.0184
5044, 84.05833, 0.187565, -106.37, 0.000185524, -29.0463
5044, 84.06667, 0.186981, -106.399, 0.000184966, -29.074
5045, 84.07500, 0.186398, -106.427, 0.00018441, -29.1016
5045, 84.08334, 0.185818, -106.455, 0.000183857, -29.1289
5045, 84.09167, 0.18524, -106.483, 0.000183305, -29.1561
5046, 84.10000, 0.184664, -106.51, 0.000182755, -29.183
5047, 84.10833, 0.18409, -106.538, 0.000182208, -29.2098
5047, 84.11667, 0.183518, -106.565, 0.000181662, -29.2364
5048, 84.12500, 0.182949, -106.592, 0.000181118, -29.2628
5048, 84.13333, 0.182381, -106.619, 0.000180576, -29.2891
5049, 84.14167, 0.181816, -106.645, 0.000180037, -29.3151
5049, 84.15000, 0.181253, -106.672, 0.000179499, -29.341
5050, 84.15833, 0.180692, -106.698, 0.000178963, -29.3667
5050, 84.16666, 0.180133, -106.724, 0.000178429, -29.3922
5051, 84.17500, 0.179576, -106.75, 0.000177897, -29.4175
5051, 84.18333, 0.179021, -106.776, 0.000177367, -29.4427
5052, 84.19167, 0.178469, -106.802, 0.000176839, -29.4677
5052, 84.20000, 0.177918, -106.827, 0.000176313, -29.4925
5053, 84.20834, 0.177369, -106.852, 0.000175789, -29.5171
5053, 84.21667, 0.176822, -106.877, 0.000175266, -29.5415
5053, 84.22500, 0.176278, -106.902, 0.000174746, -29.5657
5054, 84.23333, 0.175735, -106.927, 0.000174227, -29.5898
5055, 84.24167, 0.175195, -106.952, 0.00017371, -29.6137
5055, 84.25000, 0.174656, -106.976, 0.000173195, -29.6374
5056, 84.25833, 0.174119, -107, 0.000172682, -29.661
5056, 84.26667, 0.173585, -107.024, 0.000172171, -29.6844
5057, 84.27500, 0.173052, -107.048, 0.000171662, -29.7076
5057, 84.28333, 0.172521, -107.072, 0.000171154, -29.7306
5058, 84.29166, 0.171992, -107.095, 0.000170648, -29.7534
5058, 84.30000, 0.171465, -107.118, 0.000170144, -29.7761
5059, 84.30833, 0.17094, -107.141, 0.000169642, -29.7986
5059, 84.31667, 0.170417, -107.164, 0.000169142, -29.8209
5060, 84.32500, 0.169896, -107.187, 0.000168643, -29.8431
5060, 84.33334, 0.169377, -107.21, 0.000168146, -29.865
5061, 84.34167, 0.168859, -107.232, 0.000167651, -29.8868
5061, 84.35000, 0.168344, -107.254, 0.000167158, -29.9085
5061, 84.35833, 0.16783, -107.276, 0.000166666, -29.9299
5062, 84.36667, 0.167318, -107.298, 0.000166176, -29.9512
5063, 84.37500, 0.166808, -107.32, 0.000165688, -29.9723
5063, 84.38333, 0.1663, -107.342, 0.000165202, -29.9933
5064, 84.39167, 0.165794, -107.363, 0.000164717, -30.014
5064, 84.40000, 0.16529, -107.384, 0.000164234, -30.0347
5065, 84.40833, 0.164787, -107.405, 0.000163752, -30.0551
5065, 84.41666, 0.164286, -107.426, 0.000163273, -30.0754
5066, 84.42500, 0.163787, -107.447, 0.000162795, -30.0955
5066, 84.43333, 0.16329, -107.468, 0.000162318, -30.1154
5066, 84.44167, 0.162794, -107.488, 0.000161844, -30.1351
5067, 84.45000, 0.162301, -107.508, 0.000161371, -30.1547
5068, 84.45834, 0.161809, -107.528, 0.000160899, -30.1742
5068, 84.46667, 0.161318, -107.548, 0.00016043, -30.1934
5069, 84.47500, 0.16083, -107.568, 0.000159962, -30.2125
5069, 84.48333, 0.160343, -107.587, 0.000159495, -30.2314
5069, 84.49167, 0.159858, -107.607, 0.00015903, -30.2502
5070, 84.50000, 0.159375, -107.626, 0.000158567, -30.2688
5071, 84.50833, 0.158894, -107.645, 0.000158105, -30.2872
5071, 84.51667, 0.158414, -107.664, 0.000157645, -30.3055
5072, 84.52500, 0.157936, -107.683, 0.000157187, -30.3236
5072, 84.53333, 0.157459, -107.701, 0.00015673, -30.3415
5073, 84.54166, 0.156985, -107.72, 0.000156275, -30.3593
5073, 84.55000, 0.156512, -107.738, 0.000155821, -30.3769
5074, 84.55833, 0.15604, -107.756, 0.000155369, -30.3943
5074, 84.56667, 0.15557, -107.774, 0.000154918, -30.4116
5074, 84.57500, 0.155102, -107.791, 0.000154469, -30.4287
5075, 84.58334, 0.154636, -107.809, 0.000154022, -30.4457
5076, 84.59167, 0.154171, -107.826, 0.000153576, -30.4625
5076, 84.60000, 0.153708, -107.844, 0.000153131, -30.4791
5077, 84.60833, 0.153246, -107.861, 0.000152688, -30.4955
5077, 84.61667, 0.152786, -107.878, 0.000152247, -30.5118
5078, 84.62500, 0.152328, -107.894, 0.000151807, -30.528
5078, 84.63333, 0.151871, -107.911, 0.000151368, -30.5439
5079, 84.64167, 0.151416, -107.927, 0.000150931, -30.5598
5079, 84.65000, 0.150963, -107.944, 0.000150496, -30.5754
5080, 84.65833, 0.150511, -107.96, 0.000150062, -30.5909
5080, 84.66666, 0.15006, -107.976, 0.000149629, -30.6062
5081, 84.67500, 0.149611, -107.992, 0.000149198, -30.6214
5081, 84.68333, 0.149164, -108.007, 0.000148768, -30.6364
5082, 84.69167, 0.148718, -108.023, 0.00014834, -30.6513
5082, 84.70000, 0.148274, -108.038, 0.000147913, -30.666
5082, 84.70834, 0.147831, -108.053, 0.000147488, -30.6805
5083, 84.71667, 0.14739, -108.068, 0.000147064, -30.6949
5084, 84.72500, 0.146951, -108.083, 0.000146641, -30.7091
5084, 84.73333, 0.146513, -108.098, 0.00014622, -30.7231
5085, 84.74167, 0.146076, -108.112, 0.000145801, -30.737
5085, 84.75000, 0.145641, -108.126, 0.000145382, -30.7508
5086, 84.75833, 0.145207, -108.141, 0.000144966, -30.7644
5086, 84.76667, 0.144775, -108.155, 0.00014455, -30.7778
5087, 84.77500, 0.144345, -108.169, 0.000144136, -30.791
5087, 84.78333, 0.143915, -108.182, 0.000143723, -30.8041
5088, 84.79166, 0.143488, -108.196, 0.000143312, -30.8171
5088, 84.80000, 0.143061, -108.209, 0.000142902, -30.8299
5089, 84.80833, 0.142637, -108.222, 0.000142493, -30.8425
5089, 84.81667, 0.142213, -108.236, 0.000142086, -30.855
5090, 84.82500, 0.141791, -108.249, 0.00014168, -30.8673
5090, 84.83334, 0.141371, -108.261, 0.000141276, -30.8795
5090, 84.84167, 0.140952, -108.274, 0.000140872, -30.8915
5091, 84.85000, 0.140534, -108.286, 0.00014047, -30.9033
5092, 84.85833, 0.140118, -108.299, 0.00014007, -30.915
5092, 84.86667, 0.139703, -108.311, 0.00013967, -30.9266
5093, 84.87500, 0.13929, -108.323, 0.000139272, -30.938
5093, 84.88333, 0.138878, -108.335, 0.000138876, -30.9492
5094, 84.89167, 0.138467, -108.346, 0.00013848, -30.9603
5094, 84.90000, 0.138058, -108.358, 0.000138086, -30.9712
5095, 84.90833, 0.13765, -108.369, 0.000137694, -30.9819
5095, 84.91666, 0.137244, -108.38, 0.000137302, -30.9926
5096, 84.92500, 0.136839, -108.392, 0.000136912, -31.003
5096, 84.93333, 0.136435, -108.402, 0.000136523, -31.0133
5097, 84.94167, 0.136032, -108.413, 0.000136135, -31.0234
5097, 84.95000, 0.135631, -108.424, 0.000135749, -31.0334
5098, 84.95834, 0.135232, -108.434, 0.000135364, -31.0433
5098, 84.96667, 0.134833, -108.445, 0.00013498, -31.0529
5098, 84.97500, 0.134436, -108.455, 0.000134597, -31.0625
5099, 84.98333, 0.13404, -108.465, 0.000134216, -31.0718
5100, 84.99167, 0.133646, -108.474, 0.000133835, -31.0811
5100, 85.00000, 0.133253, -108.484, 0.000133456, -31.0901
5101, 85.00833, 0.132861, -108.494, 0.000133079, -31.099
5101, 85.01667, 0.132471, -108.503, 0.000132702, -31.1078
5102, 85.02500, 0.132081, -108.512, 0.000132327, -31.1164
5102, 85.03333, 0.131694, -108.521, 0.000131953, -31.1248
5103, 85.04166, 0.131307, -108.53, 0.00013158, -31.1331
5103, 85.05000, 0.130922, -108.539, 0.000131208, -31.1413
5104, 85.05833, 0.130537, -108.548, 0.000130837, -31.1493
5104, 85.06667, 0.130155, -108.556, 0.000130468, -31.1571
5105, 85.07500, 0.129773, -108.564, 0.0001301, -31.1648
5105, 85.08334, 0.129393, -108.572, 0.000129733, -31.1723
5106, 85.09167, 0.129014, -108.58, 0.000129367, -31.1797
5106, 85.10000, 0.128636, -108.588, 0.000129002, -31.1869
5106, 85.10833, 0.128259, -108.596, 0.000128639, -31.194
5107, 85.11667, 0.127884, -108.603, 0.000128276, -31.2009
5108, 85.12500, 0.12751, -108.611, 0.000127915, -31.2077
5108, 85.13333, 0.127137, -108.618, 0.000127555, -31.2143
5109, 85.14167, 0.126765, -108.625, 0.000127196, -31.2208
5109, 85.15000, 0.126395, -108.632, 0.000126838, -31.2271
5110, 85.15833, 0.126026, -108.639, 0.000126482, -31.2332
5110, 85.16666, 0.125658, -108.645, 0.000126126, -31.2392
5111, 85.17500, 0.125291, -108.652, 0.000125772, -31.2451
5111, 85.18333, 0.124925, -108.658, 0.000125419, -31.2508
5112, 85.19167, 0.124561, -108.664, 0.000125066, -31.2563
5112, 85.20000, 0.124197, -108.67, 0.000124715, -31.2617
5113, 85.20834, 0.123835, -108.676, 0.000124365, -31.267
5113, 85.21667, 0.123474, -108.682, 0.000124016, -31.2721
5114, 85.22500, 0.123115, -108.687, 0.000123669, -31.277
5114, 85.23333, 0.122756, -108.693, 0.000123322, -31.2818
5114, 85.24167, 0.122399, -108.698, 0.000122976, -31.2864
5115, 85.25000, 0.122042, -108.703, 0.000122632, -31.2909
5116, 85.25833, 0.121687, -108.708, 0.000122288, -31.2952
5116, 85.26667, 0.121333, -108.713, 0.000121946, -31.2994
5117, 85.27500, 0.12098, -108.717, 0.000121605, -31.3034
5117, 85.28333, 0.120628, -108.722, 0.000121264, -31.3073
5118, 85.29166, 0.120278, -108.726, 0.000120925, -31.311
5118, 85.30000, 0.119928, -108.73, 0.000120587, -31.3146
5119, 85.30833, 0.11958, -108.734, 0.00012025, -31.318
5119, 85.31667, 0.119233, -108.738, 0.000119914, -31.3213
5120, 85.32500, 0.118887, -108.742, 0.000119579, -31.3244
5120, 85.33334, 0.118541, -108.745, 0.000119245, -31.3274
5121, 85.34167, 0.118197, -108.749, 0.000118912, -31.3302
5121, 85.35000, 0.117855, -108.752, 0.00011858, -31.3328
5122, 85.35833, 0.117513, -108.755, 0.000118249, -31.3353
5122, 85.36667, 0.117172, -108.758, 0.000117919, -31.3377
5122, 85.37500, 0.116833, -108.761, 0.00011759, -31.3399
5123, 85.38333, 0.116494, -108.764, 0.000117262, -31.342
5124, 85.39167, 0.116157, -108.766, 0.000116935, -31.3439
5124, 85.40000, 0.11582, -108.768, 0.00011661, -31.3456
5125, 85.40833, 0.115485, -108.771, 0.000116285, -31.3472
5125, 85.41666, 0.115151, -108.773, 0.000115961, -31.3486
5126, 85.42500, 0.114817, -108.775, 0.000115638, -31.3499
5126, 85.43333, 0.114485, -108.776, 0.000115316, -31.3511
5127, 85.44167, 0.114154, -108.778, 0.000114995, -31.352
5127, 85.45000, 0.113824, -108.779, 0.000114675, -31.3529
5128, 85.45834, 0.113495, -108.781, 0.000114356, -31.3535
5128, 85.46667, 0.113167, -108.782, 0.000114038, -31.3541
5129, 85.47500, 0.11284, -108.783, 0.000113721, -31.3544
5129, 85.48333, 0.112514, -108.783, 0.000113405, -31.3547
5130, 85.49167, 0.112189, -108.784, 0.00011309, -31.3547
5130, 85.50000, 0.111865, -108.785, 0.000112776, -31.3546
5130, 85.50833, 0.111542, -108.785, 0.000112463, -31.3544
5131, 85.51667, 0.11122, -108.785, 0.00011215, -31.354
5132, 85.52500, 0.1109, -108.785, 0.000111839, -31.3535
5132, 85.53333, 0.11058, -108.785, 0.000111529, -31.3528
5133, 85.54166, 0.110261, -108.785, 0.000111219, -31.3519
5133, 85.55000, 0.109943, -108.784, 0.000110911, -31.3509
5134, 85.55833, 0.109626, -108.784, 0.000110603, -31.3497
5134, 85.56667, 0.10931, -108.783, 0.000110296, -31.3484
5135, 85.57500, 0.108995, -108.782, 0.00010999, -31.347
5135, 85.58334, 0.108681, -108.781, 0.000109686, -31.3453
5136, 85.59167, 0.108368, -108.78, 0.000109382, -31.3436
5136, 85.60000, 0.108056, -108.779, 0.000109079, -31.3416
5137, 85.60833, 0.107745, -108.777, 0.000108777, -31.3396
5137, 85.61667, 0.107435, -108.776, 0.000108475, -31.3373
5138, 85.62500, 0.107126, -108.774, 0.000108175, -31.3349
5138, 85.63333, 0.106817, -108.772, 0.000107876, -31.3324
5138, 85.64167, 0.10651, -108.77, 0.000107577, -31.3297
5139, 85.65000, 0.106204, -108.767, 0.000107279, -31.3268
5140, 85.65833, 0.105898, -108.765, 0.000106983, -31.3238
5140, 85.66666, 0.105594, -108.762, 0.000106687, -31.3206
5141, 85.67500, 0.10529, -108.76, 0.000106392, -31.3173
5141, 85.68333, 0.104988, -108.757, 0.000106097, -31.3138
5142, 85.69167, 0.104686, -108.754, 0.000105804, -31.3102
5142, 85.70000, 0.104385, -108.751, 0.000105512, -31.3064
5143, 85.70834, 0.104086, -108.747, 0.00010522, -31.3025
5143, 85.71667, 0.103787, -108.744, 0.000104929, -31.2984
5144, 85.72500, 0.103489, -108.74, 0.00010464, -31.2941
5144, 85.73333, 0.103192, -108.736, 0.000104351, -31.2897
5145, 85.74167, 0.102895, -108.732, 0.000104062, -31.2851
5145, 85.75000, 0.1026, -108.728, 0.000103775, -31.2804
5146, 85.75833, 0.102306, -108.724, 0.000103489, -31.2755
5146, 85.76667, 0.102012, -108.719, 0.000103203, -31.2705
5146, 85.77500, 0.10172, -108.715, 0.000102918, -31.2653
5147, 85.78333, 0.101428, -108.71, 0.000102634, -31.2599
5148, 85.79166, 0.101137, -108.705, 0.000102351, -31.2544
5148, 85.80000, 0.100847, -108.7, 0.000102069, -31.2487
5149, 85.80833, 0.100558, -108.695, 0.000101787, -31.2429
5149, 85.81667, 0.10027, -108.689, 0.000101507, -31.2369
5150, 85.82500, 0.0999824, -108.684, 0.000101227, -31.2308
5150, 85.83334, 0.0996959, -108.678, 0.000100948, -31.2245
5151, 85.84167, 0.0994103, -108.672, 0.00010067, -31.218
5151, 85.85000, 0.0991255, -108.666, 0.000100392, -31.2114
5152, 85.85833, 0.0988416, -108.66, 0.000100116, -31.2046
5152, 85.86667, 0.0985585, -108.654, 9.98398E-005, -31.1977
5153, 85.87500, 0.0982763, -108.647, 9.95648E-005, -31.1906
5153, 85.88333, 0.097995, -108.64, 9.92906E-005, -31.1833
5154, 85.89167, 0.0977144, -108.634, 9.90172E-005, -31.1759
5154, 85.90000, 0.0974348, -108.627, 9.87446E-005, -31.1683
5154, 85.90833, 0.0971559, -108.619, 9.84727E-005, -31.1605
5155, 85.91666, 0.0968779, -108.612, 9.82016E-005, -31.1526
5156, 85.92500, 0.0966007, -108.605, 9.79313E-005, -31.1446
5156, 85.93333, 0.0963243, -108.597, 9.76618E-005, -31.1364
5157, 85.94167, 0.0960488, -108.589, 9.73931E-005, -31.128
5157, 85.95000, 0.0957741, -108.581, 9.71251E-005, -31.1194
5158, 85.95834, 0.0955002, -108.573, 9.68579E-005, -31.1107
5158, 85.96667, 0.0952271, -108.565, 9.65915E-005, -31.1018
5159, 85.97500, 0.0949548, -108.556, 9.63258E-005, -31.0928
5159, 85.98333, 0.0946833, -108.548, 9.60609E-005, -31.0836
5160, 85.99167, 0.0944126, -108.539, 9.57967E-005, -31.0742
5160, 86.00000, 0.0941428, -108.53, 9.55333E-005, -31.0647
5161, 86.00833, 0.0938737, -108.521, 9.52707E-005, -31.055
5161, 86.01667, 0.0936054, -108.512, 9.50087E-005, -31.0452
5162, 86.02500, 0.0933379, -108.502, 9.47476E-005, -31.0352
5162, 86.03333, 0.0930713, -108.493, 9.44872E-005, -31.025
5162, 86.04166, 0.0928053, -108.483, 9.42275E-005, -31.0146
5163, 86.05000, 0.0925402, -108.473, 9.39685E-005, -31.0041
5164, 86.05833, 0.0922759, -108.463, 9.37103E-005, -30.9935
5164, 86.06667, 0.0920123, -108.452, 9.34528E-005, -30.9826
5165, 86.07500, 0.0917495, -108.442, 9.31961E-005, -30.9716
5165, 86.08334, 0.0914875, -108.431, 9.29401E-005, -30.9604
5166, 86.09167, 0.0912262, -108.421, 9.26847E-005, -30.9491
5166, 86.10000, 0.0909657, -108.41, 9.24302E-005, -30.9376
5167, 86.10833, 0.090706, -108.399, 9.21763E-005, -30.9259
5167, 86.11667, 0.090447, -108.387, 9.19231E-005, -30.9141
5168, 86.12500, 0.0901888, -108.376, 9.16707E-005, -30.9021
5168, 86.13333, 0.0899314, -108.364, 9.1419E-005, -30.8899
5169, 86.14167, 0.0896746, -108.353, 9.11679E-005, -30.8775
5169, 86.15000, 0.0894187, -108.341, 9.09176E-005, -30.865
5170, 86.15833, 0.0891635, -108.329, 9.0668E-005, -30.8523
5170, 86.16666, 0.088909, -108.316, 9.04191E-005, -30.8395
5170, 86.17500, 0.0886553, -108.304, 9.01709E-005, -30.8265
5171, 86.18333, 0.0884023, -108.291, 8.99234E-005, -30.8133
5172, 86.19167, 0.08815, -108.278, 8.96765E-005, -30.7999
5172, 86.20000, 0.0878985, -108.265, 8.94304E-005, -30.7864
5173, 86.20834, 0.0876477, -108.252, 8.91849E-005, -30.7727
5173, 86.21667, 0.0873976, -108.239, 8.89401E-005, -30.7588
5174, 86.22500, 0.0871483, -108.226, 8.8696E-005, -30.7448
5174, 86.23333, 0.0868997, -108.212, 8.84527E-005, -30.7305
5175, 86.24167, 0.0866517, -108.198, 8.82099E-005, -30.7161
5175, 86.25000, 0.0864046, -108.184, 8.79678E-005, -30.7016
5176, 86.25833, 0.0861581, -108.17, 8.77265E-005, -30.6868
5176, 86.26667, 0.0859123, -108.156, 8.74857E-005, -30.6719
5177, 86.27500, 0.0856673, -108.141, 8.72457E-005, -30.6568
5177, 86.28333, 0.0854229, -108.126, 8.70063E-005, -30.6416
5178, 86.29166, 0.0851793, -108.112, 8.67676E-005, -30.6261
5178, 86.30000, 0.0849363, -108.097, 8.65295E-005, -30.6105
5178, 86.30833, 0.0846941, -108.081, 8.62921E-005, -30.5947
5179, 86.31667, 0.0844525, -108.066, 8.60554E-005, -30.5788
5180, 86.32500, 0.0842117, -108.05, 8.58193E-005, -30.5626
5180, 86.33334, 0.0839715, -108.035, 8.55839E-005, -30.5463
5181, 86.34167, 0.083732, -108.019, 8.5349E-005, -30.5298
5181, 86.35000, 0.0834932, -108.003, 8.51149E-005, -30.5131
5182, 86.35833, 0.0832551, -107.986, 8.48814E-005, -30.4963
5182, 86.36667, 0.0830177, -107.97, 8.46485E-005, -30.4793
5183, 86.37500, 0.082781, -107.953, 8.44163E-005, -30.462
5183, 86.38333, 0.0825449, -107.936, 8.41848E-005, -30.4447
5184, 86.39167, 0.0823095, -107.919, 8.39538E-005, -30.4271
5184, 86.40000, 0.0820748, -107.902, 8.37235E-005, -30.4093
5185, 86.40833, 0.0818407, -107.885, 8.34938E-005, -30.3914
5185, 86.41666, 0.0816073, -107.867, 8.32647E-005, -30.3733
5186, 86.42500, 0.0813746, -107.85, 8.30363E-005, -30.355
5186, 86.43333, 0.0811426, -107.832, 8.28085E-005, -30.3365
5186, 86.44167, 0.0809111, -107.814, 8.25813E-005, -30.3179
5187, 86.45000, 0.0806804, -107.795, 8.23548E-005, -30.299
5188, 86.45834, 0.0804503, -107.777, 8.21289E-005, -30.28
5188, 86.46667, 0.0802209, -107.758, 8.19035E-005, -30.2608
5189, 86.47500, 0.0799921, -107.739, 8.16788E-005, -30.2414
5189, 86.48333, 0.079764, -107.72, 8.14547E-005, -30.2218
5190, 86.49167, 0.0795365, -107.701, 8.12312E-005, -30.202
5190, 86.50000, 0.0793096, -107.682, 8.10084E-005, -30.1821
5191, 86.50833, 0.0790834, -107.662, 8.07861E-005, -30.162
5191, 86.51667, 0.0788578, -107.642, 8.05644E-005, -30.1416
5191, 86.52500, 0.0786329, -107.622, 8.03433E-005, -30.1211
5192, 86.53333, 0.0784086, -107.602, 8.01229E-005, -30.1004
5193, 86.54166, 0.078185, -107.582, 7.9903E-005, -30.0795
5193, 86.55000, 0.0779619, -107.562, 7.96837E-005, -30.0585
5194, 86.55833, 0.0777396, -107.541, 7.9465E-005, -30.0372
5194, 86.56667, 0.0775178, -107.52, 7.92469E-005, -30.0157
5194, 86.57500, 0.0772966, -107.499, 7.90294E-005, -29.9941
5195, 86.58334, 0.0770761, -107.478, 7.88125E-005, -29.9722
5196, 86.59167, 0.0768562, -107.456, 7.85962E-005, -29.9502
5196, 86.60000, 0.0766369, -107.434, 7.83805E-005, -29.928
5197, 86.60833, 0.0764182, -107.413, 7.81653E-005, -29.9056
5197, 86.61667, 0.0762002, -107.391, 7.79507E-005, -29.883
5198, 86.62500, 0.0759827, -107.368, 7.77367E-005, -29.8602
5198, 86.63333, 0.0757659, -107.346, 7.75233E-005, -29.8372
5199, 86.64167, 0.0755497, -107.323, 7.73104E-005, -29.814
5199, 86.65000, 0.0753341, -107.3, 7.70982E-005, -29.7906
5199, 86.65833, 0.075119, -107.277, 7.68865E-005, -29.767
5200, 86.66666, 0.0749046, -107.254, 7.66753E-005, -29.7432
5201, 86.67500, 0.0746908, -107.231, 7.64647E-005, -29.7192
5201, 86.68333, 0.0744776, -107.207, 7.62547E-005, -29.695
5202, 86.69167, 0.074265, -107.183, 7.60453E-005, -29.6707
5202, 86.70000, 0.074053, -107.159, 7.58364E-005, -29.6461
5203, 86.70834, 0.0738415, -107.135, 7.56281E-005, -29.6213
5203, 86.71667, 0.0736307, -107.111, 7.54203E-005, -29.5963
5204, 86.72500, 0.0734204, -107.086, 7.52131E-005, -29.5712
5204, 86.73333, 0.0732108, -107.061, 7.50065E-005, -29.5458
5205, 86.74167, 0.0730017, -107.036, 7.48003E-005, -29.5202
5205, 86.75000, 0.0727932, -107.011, 7.45948E-005, -29.4944
5206, 86.75833, 0.0725853, -106.986, 7.43898E-005, -29.4684
5206, 86.76667, 0.0723779, -106.96, 7.41853E-005, -29.4422
5207, 86.77500, 0.0721712, -106.934, 7.39814E-005, -29.4158
5207, 86.78333, 0.071965, -106.908, 7.37781E-005, -29.3892
5207, 86.79166, 0.0717593, -106.882, 7.35752E-005, -29.3624
5208, 86.80000, 0.0715543, -106.855, 7.3373E-005, -29.3354
5209, 86.80833, 0.0713498, -106.829, 7.31712E-005, -29.3082
5209, 86.81667, 0.0711459, -106.802, 7.297E-005, -29.2808
5210, 86.82500, 0.0709426, -106.775, 7.27694E-005, -29.2531
5210, 86.83334, 0.0707398, -106.747, 7.25692E-005, -29.2253
5211, 86.84167, 0.0705376, -106.72, 7.23696E-005, -29.1972
5211, 86.85000, 0.0703359, -106.692, 7.21705E-005, -29.1689
5212, 86.85833, 0.0701348, -106.664, 7.1972E-005, -29.1405
5212, 86.86667, 0.0699343, -106.636, 7.1774E-005, -29.1118
5213, 86.87500, 0.0697343, -106.608, 7.15765E-005, -29.0829
5213, 86.88333, 0.0695349, -106.579, 7.13795E-005, -29.0537
5214, 86.89167, 0.069336, -106.55, 7.11831E-005, -29.0244
5214, 86.90000, 0.0691377, -106.522, 7.09872E-005, -28.9949
5215, 86.90833, 0.0689399, -106.492, 7.07918E-005, -28.9651
5215, 86.91666, 0.0687427, -106.463, 7.05969E-005, -28.9351
5215, 86.92500, 0.068546, -106.433, 7.04025E-005, -28.9049
5216, 86.93333, 0.0683499, -106.403, 7.02087E-005, -28.8745
5217, 86.94167, 0.0681543, -106.373, 7.00153E-005, -28.8439
5217, 86.95000, 0.0679592, -106.343, 6.98225E-005, -28.813
5218, 86.95834, 0.0677647, -106.312, 6.96302E-005, -28.7819
5218, 86.96667, 0.0675707, -106.282, 6.94384E-005, -28.7506
5219, 86.97500, 0.0673773, -106.251, 6.92471E-005, -28.7191
5219, 86.98333, 0.0671843, -106.22, 6.90563E-005, -28.6874
5220, 86.99167, 0.0669919, -106.188, 6.8866E-005, -28.6554
5220, 87.00000, 0.0668001, -106.157, 6.86762E-005, -28.6232
5221, 87.00833, 0.0666088, -106.125, 6.84869E-005, -28.5908
5221, 87.01667, 0.066418, -106.093, 6.82981E-005, -28.5582
5222, 87.02500, 0.0662277, -106.06, 6.81098E-005, -28.5253
5222, 87.03333, 0.066038, -106.028, 6.79221E-005, -28.4922
5223, 87.04166, 0.0658487, -105.995, 6.77348E-005, -28.4589
5223, 87.05000, 0.0656601, -105.962, 6.7548E-005, -28.4254
5223, 87.05833, 0.0654719, -105.929, 6.73617E-005, -28.3916
5224, 87.06667, 0.0652842, -105.895, 6.71758E-005, -28.3576
5225, 87.07500, 0.0650971, -105.862, 6.69905E-005, -28.3234
5225, 87.08334, 0.0649104, -105.828, 6.68057E-005, -28.2889
5226, 87.09167, 0.0647243, -105.794, 6.66213E-005, -28.2542
5226, 87.10000, 0.0645387, -105.759, 6.64375E-005, -28.2193
5227, 87.10833, 0.0643536, -105.725, 6.62541E-005, -28.1841
5227, 87.11667, 0.064169, -105.69, 6.60712E-005, -28.1487
5228, 87.12500, 0.0639849, -105.655, 6.58888E-005, -28.113
5228, 87.13333, 0.0638014, -105.619, 6.57069E-005, -28.0772
5229, 87.14167, 0.0636183, -105.584, 6.55254E-005, -28.041
5229, 87.15000, 0.0634357, -105.548, 6.53444E-005, -28.0047
5230, 87.15833, 0.0632537, -105.512, 6.51639E-005, -27.9681
5230, 87.16666, 0.0630721, -105.476, 6.49839E-005, -27.9313
5231, 87.17500, 0.062891, -105.439, 6.48044E-005, -27.8942
5231, 87.18333, 0.0627105, -105.402, 6.46253E-005, -27.8569
5231, 87.19167, 0.0625304, -105.365, 6.44467E-005, -27.8193
5232, 87.20000, 0.0623508, -105.328, 6.42685E-005, -27.7815
5233, 87.20834, 0.0621718, -105.291, 6.40909E-005, -27.7435
5233, 87.21667, 0.0619932, -105.253, 6.39137E-005, -27.7052
5234, 87.22500, 0.0618151, -105.215, 6.3737E-005, -27.6666
5234, 87.23333, 0.0616375, -105.177, 6.35607E-005, -27.6278
5235, 87.24167, 0.0614603, -105.138, 6.33849E-005, -27.5888
5235, 87.25000, 0.0612837, -105.099, 6.32096E-005, -27.5495
5236, 87.25833, 0.0611076, -105.06, 6.30347E-005, -27.51
5236, 87.26667, 0.0609319, -105.021, 6.28603E-005, -27.4702
5237, 87.27500, 0.0607567, -104.982, 6.26863E-005, -27.4301
5237, 87.28333, 0.060582, -104.942, 6.25128E-005, -27.3898
5238, 87.29166, 0.0604078, -104.902, 6.23398E-005, -27.3493
5238, 87.30000, 0.0602341, -104.862, 6.21672E-005, -27.3085
5239, 87.30833, 0.0600608, -104.821, 6.19951E-005, -27.2674
5239, 87.31667, 0.059888, -104.78, 6.18234E-005, -27.2261
5239, 87.32500, 0.0597157, -104.739, 6.16522E-005, -27.1845
5240, 87.33334, 0.0595439, -104.698, 6.14814E-005, -27.1427
5241, 87.34167, 0.0593725, -104.656, 6.13111E-005, -27.1006
5241, 87.35000, 0.0592016, -104.615, 6.11412E-005, -27.0582
5242, 87.35833, 0.0590312, -104.573, 6.09718E-005, -27.0156
5242, 87.36667, 0.0588612, -104.53, 6.08028E-005, -26.9727
5243, 87.37500, 0.0586917, -104.488, 6.06342E-005, -26.9295
5243, 87.38333, 0.0585227, -104.445, 6.04662E-005, -26.8861
5244, 87.39167, 0.0583542, -104.402, 6.02985E-005, -26.8424
5244, 87.40000, 0.0581861, -104.358, 6.01313E-005, -26.7985
5245, 87.40833, 0.0580185, -104.314, 5.99646E-005, -26.7543
5245, 87.41666, 0.0578513, -104.271, 5.97982E-005, -26.7098
5246, 87.42500, 0.0576846, -104.226, 5.96324E-005, -26.665
5246, 87.43333, 0.0575184, -104.182, 5.94669E-005, -26.62
5247, 87.44167, 0.0573526, -104.137, 5.93019E-005, -26.5747
5247, 87.45000, 0.0571872, -104.092, 5.91373E-005, -26.5291
5247, 87.45834, 0.0570224, -104.047, 5.89732E-005, -26.4832
5248, 87.46667, 0.0568579, -104.001, 5.88095E-005, -26.4371
5249, 87.47500, 0.056694, -103.955, 5.86462E-005, -26.3907
5249, 87.48333, 0.0565305, -103.909, 5.84834E-005, -26.344
5250, 87.49167, 0.0563674, -103.863, 5.8321E-005, -26.2971
5250, 87.50000, 0.0562048, -103.816, 5.8159E-005, -26.2498
5251, 87.50833, 0.0560427, -103.769, 5.79975E-005, -26.2023
5251, 87.51667, 0.0558809, -103.722, 5.78364E-005, -26.1545
5252, 87.52500, 0.0557197, -103.674, 5.76757E-005, -26.1064
5252, 87.53333, 0.0555589, -103.626, 5.75154E-005, -26.058
5253, 87.54166, 0.0553985, -103.578, 5.73556E-005, -26.0093
5253, 87.55000, 0.0552386, -103.53, 5.71962E-005, -25.9604
5254, 87.55833, 0.0550791, -103.481, 5.70372E-005, -25.9111
5254, 87.56667, 0.0549201, -103.432, 5.68786E-005, -25.8616
5255, 87.57500, 0.0547615, -103.383, 5.67205E-005, -25.8118
5255, 87.58334, 0.0546033, -103.333, 5.65628E-005, -25.7617
5255, 87.59167, 0.0544456, -103.283, 5.64054E-005, -25.7113
5256, 87.60000, 0.0542883, -103.233, 5.62486E-005, -25.6606
5257, 87.60833, 0.0541315, -103.183, 5.60921E-005, -25.6096
5257, 87.61667, 0.0539751, -103.132, 5.59361E-005, -25.5583
5258, 87.62500, 0.0538191, -103.081, 5.57804E-005, -25.5067
5258, 87.63333, 0.0536636, -103.03, 5.56252E-005, -25.4548
5259, 87.64167, 0.0535084, -102.978, 5.54704E-005, -25.4026
5259, 87.65000, 0.0533538, -102.926, 5.5316E-005, -25.3501
5260, 87.65833, 0.0531995, -102.874, 5.51621E-005, -25.2973
5260, 87.66666, 0.0530457, -102.821, 5.50085E-005, -25.2442
5261, 87.67500, 0.0528923, -102.768, 5.48553E-005, -25.1908
5261, 87.68333, 0.0527394, -102.715, 5.47026E-005, -25.1371
5262, 87.69167, 0.0525869, -102.662, 5.45503E-005, -25.083
5262, 87.70000, 0.0524348, -102.608, 5.43984E-005, -25.0287
5263, 87.70834, 0.0522831, -102.554, 5.42469E-005, -24.9741
5263, 87.71667, 0.0521319, -102.499, 5.40957E-005, -24.9191
5263, 87.72500, 0.051981, -102.445, 5.39451E-005, -24.8638
5264, 87.73333, 0.0518307, -102.39, 5.37948E-005, -24.8083
5265, 87.74167, 0.0516807, -102.334, 5.36449E-005, -24.7524
5265, 87.75000, 0.0515311, -102.278, 5.34954E-005, -24.6961
5266, 87.75833, 0.051382, -102.222, 5.33463E-005, -24.6396
5266, 87.76667, 0.0512333, -102.166, 5.31976E-005, -24.5827
5267, 87.77500, 0.051085, -102.11, 5.30494E-005, -24.5256
5267, 87.78333, 0.0509371, -102.053, 5.29015E-005, -24.4681
5268, 87.79166, 0.0507897, -101.995, 5.2754E-005, -24.4102
5268, 87.80000, 0.0506426, -101.938, 5.2607E-005, -24.3521
5269, 87.80833, 0.050496, -101.88, 5.24603E-005, -24.2936
5269, 87.81667, 0.0503498, -101.821, 5.2314E-005, -24.2348
5270, 87.82500, 0.050204, -101.763, 5.21682E-005, -24.1757
5270, 87.83334, 0.0500586, -101.704, 5.20227E-005, -24.1162
5271, 87.84167, 0.0499136, -101.645, 5.18776E-005, -24.0564
5271, 87.85000, 0.0497691, -101.585, 5.17329E-005, -23.9963
5271, 87.85833, 0.049625, -101.525, 5.15886E-005, -23.9358
5272, 87.86667, 0.0494812, -101.465, 5.14447E-005, -23.875
5273, 87.87500, 0.0493379, -101.404, 5.13013E-005, -23.8139
5273, 87.88333, 0.049195, -101.343, 5.11582E-005, -23.7524
5274, 87.89167, 0.0490525, -101.282, 5.10154E-005, -23.6906
5274, 87.90000, 0.0489104, -101.22, 5.08731E-005, -23.6284
5275, 87.90833, 0.0487687, -101.158, 5.07312E-005, -23.5659
5275, 87.91666, 0.0486274, -101.096, 5.05897E-005, -23.5031
5276, 87.92500, 0.0484865, -101.033, 5.04485E-005, -23.4399
5276, 87.93333, 0.048346, -100.97, 5.03078E-005, -23.3763
5277, 87.94167, 0.048206, -100.907, 5.01674E-005, -23.3125
5277, 87.95000, 0.0480663, -100.843, 5.00274E-005, -23.2482
5278, 87.95834, 0.047927, -100.779, 4.98878E-005, -23.1836
5278, 87.96667, 0.0477882, -100.715, 4.97486E-005, -23.1187
5279, 87.97500, 0.0476497, -100.65, 4.96098E-005, -23.0534
5279, 87.98333, 0.0475116, -100.585, 4.94714E-005, -22.9877
5279, 87.99167, 0.047374, -100.519, 4.93333E-005, -22.9217
5280, 88.00000, 0.0472367, -100.454, 4.91957E-005, -22.8553
5281, 88.00833, 0.0470999, -100.387, 4.90584E-005, -22.7886
5281, 88.01667, 0.0469634, -100.321, 4.89215E-005, -22.7215
5282, 88.02500, 0.0468273, -100.254, 4.8785E-005, -22.654
5282, 88.03333, 0.0466916, -100.187, 4.86489E-005, -22.5862
5283, 88.04166, 0.0465564, -100.119, 4.85132E-005, -22.518
5283, 88.05000, 0.0464215, -100.051, 4.83778E-005, -22.4494
5284, 88.05833, 0.046287, -99.9824, 4.82429E-005, -22.3804
5284, 88.06667, 0.0461529, -99.9137, 4.81082E-005, -22.3111
5285, 88.07500, 0.0460192, -99.8445, 4.7974E-005, -22.2414
5285, 88.08334, 0.0458859, -99.775, 4.78402E-005, -22.1714
5286, 88.09167, 0.045753, -99.705, 4.77068E-005, -22.1009
5286, 88.10000, 0.0456205, -99.6348, 4.75737E-005, -22.0301
5287, 88.10833, 0.0454884, -99.5641, 4.7441E-005, -21.9589
5287, 88.11667, 0.0453566, -99.493, 4.73087E-005, -21.8874
5287, 88.12500, 0.0452253, -99.4216, 4.71768E-005, -21.8154
5288, 88.13333, 0.0450943, -99.3498, 4.70452E-005, -21.7431
5289, 88.14167, 0.0449638, -99.2776, 4.6914E-005, -21.6703
5289, 88.15000, 0.0448336, -99.205, 4.67832E-005, -21.5972
5290, 88.15833, 0.0447038, -99.132, 4.66528E-005, -21.5237
5290, 88.16666, 0.0445744, -99.0586, 4.65228E-005, -21.4498
5291, 88.17500, 0.0444454, -98.9849, 4.63931E-005, -21.3755
5291, 88.18333, 0.0443168, -98.9107, 4.62638E-005, -21.3008
5292, 88.19167, 0.0441886, -98.8361, 4.61349E-005, -21.2257
5292, 88.20000, 0.0440607, -98.7612, 4.60063E-005, -21.1502
5293, 88.20834, 0.0439333, -98.6858, 4.58782E-005, -21.0744
5293, 88.21667, 0.0438062, -98.6101, 4.57504E-005, -20.9981
5294, 88.22500, 0.0436795, -98.5339, 4.56229E-005, -20.9214
5294, 88.23333, 0.0435532, -98.4573, 4.54959E-005, -20.8443
5295, 88.24167, 0.0434273, -98.3804, 4.53692E-005, -20.7668
5295, 88.25000, 0.0433017, -98.303, 4.52429E-005, -20.6889
5295, 88.25833, 0.0431766, -98.2252, 4.5117E-005, -20.6106
5296, 88.26667, 0.0430518, -98.147, 4.49914E-005, -20.5319
5297, 88.27500, 0.0429274, -98.0684, 4.48662E-005, -20.4527
5297, 88.28333, 0.0428034, -97.9894, 4.47414E-005, -20.3732
5298, 88.29166, 0.0426798, -97.9099, 4.4617E-005, -20.2932
5298, 88.30000, 0.0425565, -97.8301, 4.44929E-005, -20.2129
5299, 88.30833, 0.0424337, -97.7498, 4.43692E-005, -20.1321
5299, 88.31667, 0.0423112, -97.6691, 4.42459E-005, -20.0508
5300, 88.32500, 0.0421891, -97.5879, 4.41229E-005, -19.9692
5300, 88.33334, 0.0420673, -97.5064, 4.40003E-005, -19.8871
5301, 88.34167, 0.041946, -97.4244, 4.38781E-005, -19.8046
5301, 88.35000, 0.041825, -97.342, 4.37563E-005, -19.7217
5302, 88.35833, 0.0417045, -97.2592, 4.36348E-005, -19.6383
5302, 88.36667, 0.0415842, -97.1759, 4.35137E-005, -19.5545
5303, 88.37500, 0.0414644, -97.0922, 4.33929E-005, -19.4703
5303, 88.38333, 0.041345, -97.0081, 4.32726E-005, -19.3857
5303, 88.39167, 0.0412259, -96.9235, 4.31526E-005, -19.3006
5304, 88.40000, 0.0411072, -96.8385, 4.30329E-005, -19.215
5305, 88.40833, 0.0409889, -96.753, 4.29137E-005, -19.1291
5305, 88.41666, 0.0408709, -96.6671, 4.27948E-005, -19.0426
5306, 88.42500, 0.0407534, -96.5808, 4.26762E-005, -18.9558
5306, 88.43333, 0.0406362, -96.494, 4.25581E-005, -18.8685
5307, 88.44167, 0.0405194, -96.4068, 4.24403E-005, -18.7807
5307, 88.45000, 0.0404029, -96.3191, 4.23228E-005, -18.6925
5308, 88.45834, 0.0402869, -96.231, 4.22058E-005, -18.6039
5308, 88.46667, 0.0401712, -96.1424, 4.20891E-005, -18.5148
5309, 88.47500, 0.0400559, -96.0533, 4.19728E-005, -18.4252
5309, 88.48333, 0.0399409, -95.9638, 4.18568E-005, -18.3352
5310, 88.49167, 0.0398264, -95.8739, 4.17412E-005, -18.2447
5310, 88.50000, 0.0397122, -95.7835, 4.1626E-005, -18.1538
5311, 88.50833, 0.0395984, -95.6926, 4.15111E-005, -18.0624
5311, 88.51667, 0.0394849, -95.6012, 4.13966E-005, -17.9706
5311, 88.52500, 0.0393719, -95.5095, 4.12825E-005, -17.8782
5312, 88.53333, 0.0392592, -95.4172, 4.11688E-005, -17.7855
5313, 88.54166, 0.0391469, -95.3244, 4.10554E-005, -17.6922
5313, 88.55000, 0.0390349, -95.2312, 4.09424E-005, -17.5985
5314, 88.55833, 0.0389234, -95.1376, 4.08297E-005, -17.5043
5314, 88.56667, 0.0388121, -95.0434, 4.07174E-005, -17.4096
5315, 88.57500, 0.0387013, -94.9488, 4.06055E-005, -17.3145
5315, 88.58334, 0.0385909, -94.8537, 4.04939E-005, -17.2188
5316, 88.59167, 0.0384808, -94.7581, 4.03827E-005, -17.1227
5316, 88.60000, 0.0383711, -94.662, 4.02719E-005, -17.0262
5316, 88.60833, 0.0382618, -94.5654, 4.01615E-005, -16.9291
5317, 88.61667, 0.0381528, -94.4684, 4.00514E-005, -16.8315
5318, 88.62500, 0.0380442, -94.3709, 3.99417E-005, -16.7335
5318, 88.63333, 0.037936, -94.2729, 3.98323E-005, -16.635
5319, 88.64167, 0.0378281, -94.1744, 3.97233E-005, -16.536
5319, 88.65000, 0.0377207, -94.0754, 3.96147E-005, -16.4365
5319, 88.65833, 0.0376136, -93.9759, 3.95064E-005, -16.3365
5320, 88.66666, 0.0375068, -93.8759, 3.93985E-005, -16.236
5321, 88.67500, 0.0374005, -93.7754, 3.9291E-005, -16.135
5321, 88.68333, 0.0372945, -93.6745, 3.91839E-005, -16.0335
5322, 88.69167, 0.0371889, -93.573, 3.90771E-005, -15.9315
5322, 88.70000, 0.0370836, -93.471, 3.89706E-005, -15.829
5323, 88.70834, 0.0369788, -93.3685, 3.88646E-005, -15.726
5323, 88.71667, 0.0368742, -93.2655, 3.87589E-005, -15.6225
5324, 88.72500, 0.0367701, -93.162, 3.86536E-005, -15.5185
5324, 88.73333, 0.0366664, -93.058, 3.85486E-005, -15.414
5324, 88.74167, 0.036563, -92.9535, 3.8444E-005, -15.309
5325, 88.75000, 0.03646, -92.8485, 3.83398E-005, -15.2034
5326, 88.75833, 0.0363573, -92.7429, 3.8236E-005, -15.0974
5326, 88.76667, 0.0362551, -92.6369, 3.81325E-005, -14.9908
5327, 88.77500, 0.0361532, -92.5303, 3.80294E-005, -14.8837
5327, 88.78333, 0.0360516, -92.4232, 3.79266E-005, -14.7761
5328, 88.79166, 0.0359505, -92.3156, 3.78242E-005, -14.668
5328, 88.80000, 0.0358497, -92.2074, 3.77222E-005, -14.5593
5329, 88.80833, 0.0357493, -92.0988, 3.76206E-005, -14.4502
5329, 88.81667, 0.0356492, -91.9896, 3.75193E-005, -14.3405
5330, 88.82500, 0.0355496, -91.8799, 3.74184E-005, -14.2302
5330, 88.83334, 0.0354503, -91.7696, 3.73179E-005, -14.1195
5331, 88.84167, 0.0353513, -91.6588, 3.72177E-005, -14.0082
5331, 88.85000, 0.0352528, -91.5475, 3.71179E-005, -13.8964
5332, 88.85833, 0.0351546, -91.4357, 3.70185E-005, -13.784
5332, 88.86667, 0.0350568, -91.3233, 3.69194E-005, -13.6711
5332, 88.87500, 0.0349594, -91.2104, 3.68207E-005, -13.5577
5333, 88.88333, 0.0348623, -91.0969, 3.67224E-005, -13.4438
5334, 88.89167, 0.0347656, -90.9829, 3.66245E-005, -13.3292
5334, 88.90000, 0.0346693, -90.8684, 3.65269E-005, -13.2142
5335, 88.90833, 0.0345733, -90.7533, 3.64297E-005, -13.0986
5335, 88.91666, 0.0344778, -90.6377, 3.63329E-005, -12.9825
5336, 88.92500, 0.0343826, -90.5215, 3.62364E-005, -12.8658
5336, 88.93333, 0.0342877, -90.4048, 3.61403E-005, -12.7486
5337, 88.94167, 0.0341933, -90.2875, 3.60446E-005, -12.6308
5337, 88.95000, 0.0340992, -90.1697, 3.59493E-005, -12.5125
5338, 88.95834, 0.0340055, -90.0513, 3.58543E-005, -12.3936
5338, 88.96667, 0.0339122, -89.9324, 3.57597E-005, -12.2741
5339, 88.97500, 0.0338192, -89.8129, 3.56655E-005, -12.1542
5339, 88.98333, 0.0337266, -89.6929, 3.55717E-005, -12.0336
5340, 88.99167, 0.0336344, -89.5723, 3.54782E-005, -11.9125
5340, 89.00000, 0.0335426, -89.4511, 3.53851E-005, -11.7908
5340, 89.00833, 0.0334511, -89.3294, 3.52924E-005, -11.6686
5341, 89.01667, 0.03336, -89.2071, 3.52E-005, -11.5458
5342, 89.02500, 0.0332693, -89.0842, 3.5108E-005, -11.4225
5342, 89.03333, 0.033179, -88.9608, 3.50165E-005, -11.2986
5343, 89.04166, 0.033089, -88.8368, 3.49252E-005, -11.1741
5343, 89.05000, 0.0329994, -88.7123, 3.48344E-005, -11.049
5344, 89.05833, 0.0329102, -88.5872, 3.47439E-005, -10.9234
5344, 89.06667, 0.0328214, -88.4615, 3.46538E-005, -10.7972
5345, 89.07500, 0.0327329, -88.3352, 3.45641E-005, -10.6704
5345, 89.08334, 0.0326449, -88.2084, 3.44748E-005, -10.5431
5346, 89.09167, 0.0325572, -88.081, 3.43858E-005, -10.4152
5346, 89.10000, 0.0324698, -87.953, 3.42973E-005, -10.2867
5347, 89.10833, 0.0323829, -87.8244, 3.42091E-005, -10.1576
5347, 89.11667, 0.0322963, -87.6953, 3.41212E-005, -10.028
5348, 89.12500, 0.0322101, -87.5656, 3.40338E-005, -9.89777
5348, 89.13333, 0.0321243, -87.4353, 3.39468E-005, -9.76698
5348, 89.14167, 0.0320389, -87.3044, 3.38601E-005, -9.63559
5349, 89.15000, 0.0319538, -87.1729, 3.37738E-005, -9.50363
5350, 89.15833, 0.0318692, -87.0409, 3.36879E-005, -9.3711
5350, 89.16666, 0.0317849, -86.9083, 3.36024E-005, -9.23796
5351, 89.17500, 0.031701, -86.7751, 3.35172E-005, -9.10425
5351, 89.18333, 0.0316174, -86.6413, 3.34325E-005, -8.96995
5352, 89.19167, 0.0315343, -86.5069, 3.33481E-005, -8.83506
5352, 89.20000, 0.0314515, -86.3719, 3.32641E-005, -8.69959
5353, 89.20834, 0.0313691, -86.2363, 3.31805E-005, -8.56353
5353, 89.21667, 0.0312871, -86.1002, 3.30973E-005, -8.42687
5354, 89.22500, 0.0312055, -85.9634, 3.30144E-005, -8.28964
5354, 89.23333, 0.0311242, -85.8261, 3.2932E-005, -8.15181
5355, 89.24167, 0.0310434, -85.6882, 3.28499E-005, -8.01337
5355, 89.25000, 0.0309629, -85.5497, 3.27682E-005, -7.87436
5356, 89.25833, 0.0308828, -85.4106, 3.26869E-005, -7.73476
5356, 89.26667, 0.0308031, -85.2708, 3.2606E-005, -7.59454
5356, 89.27500, 0.0307237, -85.1305, 3.25255E-005, -7.45375
5357, 89.28333, 0.0306448, -84.9896, 3.24454E-005, -7.31236
5358, 89.29166, 0.0305662, -84.8481, 3.23657E-005, -7.17036
5358, 89.30000, 0.0304881, -84.7061, 3.22863E-005, -7.02779
5359, 89.30833, 0.0304103, -84.5634, 3.22074E-005, -6.88461
5359, 89.31667, 0.0303329, -84.4201, 3.21288E-005, -6.74082
5360, 89.32500, 0.0302558, -84.2762, 3.20506E-005, -6.59645
5360, 89.33334, 0.0301792, -84.1318, 3.19729E-005, -6.45149
5361, 89.34167, 0.030103, -83.9867, 3.18955E-005, -6.3059
5361, 89.35000, 0.0300271, -83.841, 3.18185E-005, -6.15974
5362, 89.35833, 0.0299516, -83.6947, 3.17419E-005, -6.01298
5362, 89.36667, 0.0298766, -83.5478, 3.16657E-005, -5.8656
5363, 89.37500, 0.0298019, -83.4004, 3.15899E-005, -5.71764
5363, 89.38333, 0.0297276, -83.2523, 3.15145E-005, -5.56908
5364, 89.39167, 0.0296537, -83.1036, 3.14395E-005, -5.4199
5364, 89.40000, 0.0295801, -82.9544, 3.13649E-005, -5.27014
5364, 89.40833, 0.029507, -82.8045, 3.12906E-005, -5.11978
5365, 89.41666, 0.0294343, -82.654, 3.12168E-005, -4.96881
5366, 89.42500, 0.0293619, -82.503, 3.11434E-005, -4.81725
5366, 89.43333, 0.02929, -82.3513, 3.10704E-005, -4.66509
5367, 89.44167, 0.0292184, -82.199, 3.09977E-005, -4.51232
5367, 89.45000, 0.0291472, -82.0462, 3.09255E-005, -4.35896
5368, 89.45834, 0.0290764, -81.8927, 3.08537E-005, -4.20501
5368, 89.46667, 0.029006, -81.7386, 3.07823E-005, -4.05044
5369, 89.47500, 0.028936, -81.584, 3.07113E-005, -3.89529
5369, 89.48333, 0.0288664, -81.4287, 3.06406E-005, -3.73954
5370, 89.49167, 0.0287972, -81.2728, 3.05704E-005, -3.58318
5370, 89.50000, 0.0287284, -81.1164, 3.05006E-005, -3.42624
5371, 89.50833, 0.02866, -80.9593, 3.04312E-005, -3.2687
5371, 89.51667, 0.028592, -80.8017, 3.03622E-005, -3.11055
5372, 89.52500, 0.0285244, -80.6434, 3.02936E-005, -2.95182
5372, 89.53333, 0.0284571, -80.4846, 3.02254E-005, -2.79249
5372, 89.54166, 0.0283903, -80.3252, 3.01577E-005, -2.63256
5373, 89.55000, 0.0283239, -80.1651, 3.00903E-005, -2.47205
5374, 89.55833, 0.0282578, -80.0045, 3.00233E-005, -2.31094
5374, 89.56667, 0.0281922, -79.8433, 2.99568E-005, -2.14923
5375, 89.57500, 0.028127, -79.6815, 2.98906E-005, -1.98695
5375, 89.58334, 0.0280621, -79.5191, 2.98249E-005, -1.82407
5376, 89.59167, 0.0279977, -79.3561, 2.97595E-005, -1.66059
5376, 89.60000, 0.0279336, -79.1926, 2.96946E-005, -1.49654
5377, 89.60833, 0.02787, -79.0284, 2.96301E-005, -1.3319
5377, 89.61667, 0.0278068, -78.8637, 2.9566E-005, -1.16666
5378, 89.62500, 0.0277439, -78.6984, 2.95024E-005, -1.00086
5378, 89.63333, 0.0276815, -78.5325, 2.94391E-005, -0.834472
5379, 89.64167, 0.0276195, -78.366, 2.93762E-005, -0.667484
5379, 89.65000, 0.0275579, -78.1989, 2.93138E-005, -0.499937
5380, 89.65833, 0.0274966, -78.0313, 2.92518E-005, -0.331811
5380, 89.66666, 0.0274358, -77.863, 2.91902E-005, -0.163089
5380, 89.67500, 0.0273754, -77.6942, 2.9129E-005, 0.00618767
5381, 89.68333, 0.0273154, -77.5249, 2.90682E-005, 0.176038
5382, 89.69167, 0.0272558, -77.3549, 2.90079E-005, 0.34648
5382, 89.70000, 0.0271966, -77.1844, 2.89479E-005, 0.517471
5383, 89.70834, 0.0271378, -77.0133, 2.88884E-005, 0.68903
5383, 89.71667, 0.0270794, -76.8417, 2.88293E-005, 0.861176
5384, 89.72500, 0.0270214, -76.6695, 2.87707E-005, 1.03386
5384, 89.73333, 0.0269638, -76.4967, 2.87124E-005, 1.20712
5385, 89.74167, 0.0269067, -76.3234, 2.86546E-005, 1.38095
5385, 89.75000, 0.0268499, -76.1495, 2.85972E-005, 1.55532
5386, 89.75833, 0.0267936, -75.9751, 2.85402E-005, 1.73024
5386, 89.76667, 0.0267376, -75.8, 2.84836E-005, 1.90574
5387, 89.77500, 0.0266821, -75.6245, 2.84275E-005, 2.08176
5387, 89.78333, 0.026627, -75.4484, 2.83717E-005, 2.25834
5388, 89.79166, 0.0265723, -75.2717, 2.83164E-005, 2.43548
5388, 89.80000, 0.026518, -75.0946, 2.82616E-005, 2.61315
5388, 89.80833, 0.0264641, -74.9168, 2.82071E-005, 2.79135
5389, 89.81667, 0.0264106, -74.7386, 2.81531E-005, 2.97012
5390, 89.82500, 0.0263575, -74.5598, 2.80995E-005, 3.1494
5390, 89.83334, 0.0263049, -74.3804, 2.80464E-005, 3.32921
5391, 89.84167, 0.0262526, -74.2006, 2.79936E-005, 3.50957
5391, 89.85000, 0.0262008, -74.0202, 2.79413E-005, 3.69043
5392, 89.85833, 0.0261494, -73.8393, 2.78894E-005, 3.87182
5392, 89.86667, 0.0260984, -73.6578, 2.7838E-005, 4.05376
5393, 89.87500, 0.0260478, -73.4759, 2.7787E-005, 4.23618
5393, 89.88333, 0.0259976, -73.2934, 2.77364E-005, 4.41913
5394, 89.89167, 0.0259479, -73.1104, 2.76862E-005, 4.6026
5394, 89.90000, 0.0258985, -72.927, 2.76365E-005, 4.78656
5395, 89.90833, 0.0258496, -72.743, 2.75872E-005, 4.97102
5395, 89.91666, 0.0258011, -72.5585, 2.75384E-005, 5.15601
5396, 89.92500, 0.025753, -72.3735, 2.74899E-005, 5.34147
5396, 89.93333, 0.0257053, -72.188, 2.74419E-005, 5.52742
5396, 89.94167, 0.025658, -72.002, 2.73944E-005, 5.71389
5397, 89.95000, 0.0256112, -71.8156, 2.73473E-005, 5.90081
5398, 89.95834, 0.0255648, -71.6287, 2.73006E-005, 6.08822
5398, 89.96667, 0.0255187, -71.4412, 2.72543E-005, 6.27613
5399, 89.97500, 0.0254731, -71.2533, 2.72085E-005, 6.4645
5399, 89.98333, 0.025428, -71.065, 2.71631E-005, 6.65333
5400, 89.99167, 0.0253832, -70.8762, 2.71182E-005, 6.84265
5400, 90.00000, 0.0253389, -70.6869, 2.70737E-005, 7.0324
5401, 90.00833, 0.0252949, -70.4971, 2.70296E-005, 7.22262
5401, 90.01667, 0.0252514, -70.3069, 2.6986E-005, 7.41331
5402, 90.02500, 0.0252083, -70.1163, 2.69428E-005, 7.60442
5402, 90.03333, 0.0251657, -69.9252, 2.69E-005, 7.79599
5403, 90.04166, 0.0251234, -69.7337, 2.68577E-005, 7.98801
5403, 90.05000, 0.0250816, -69.5417, 2.68158E-005, 8.18044
5404, 90.05833, 0.0250402, -69.3493, 2.67744E-005, 8.37331
5404, 90.06667, 0.0249992, -69.1565, 2.67334E-005, 8.56662
5404, 90.07500, 0.0249586, -68.9633, 2.66928E-005, 8.76033
5405, 90.08334, 0.0249185, -68.7696, 2.66527E-005, 8.95445
5406, 90.09167, 0.0248788, -68.5755, 2.6613E-005, 9.14901
5406, 90.10000, 0.0248395, -68.3811, 2.65738E-005, 9.34396
5407, 90.10833, 0.0248006, -68.1862, 2.6535E-005, 9.5393
5407, 90.11667, 0.0247621, -67.9909, 2.64967E-005, 9.73506
5408, 90.12500, 0.0247241, -67.7953, 2.64588E-005, 9.93119
5408, 90.13333, 0.0246865, -67.5992, 2.64213E-005, 10.1277
5409, 90.14167, 0.0246493, -67.4028, 2.63843E-005, 10.3246
5409, 90.15000, 0.0246125, -67.206, 2.63477E-005, 10.5219
5410, 90.15833, 0.0245761, -67.0088, 2.63115E-005, 10.7195
5410, 90.16666, 0.0245402, -66.8113, 2.62758E-005, 10.9175
5411, 90.17500, 0.0245047, -66.6134, 2.62406E-005, 11.1159
5411, 90.18333, 0.0244696, -66.4152, 2.62058E-005, 11.3146
5412, 90.19167, 0.0244349, -66.2166, 2.61714E-005, 11.5137
5412, 90.20000, 0.0244007, -66.0177, 2.61375E-005, 11.7131
5412, 90.20834, 0.0243668, -65.8184, 2.6104E-005, 11.9128
5413, 90.21667, 0.0243334, -65.6188, 2.6071E-005, 12.1129
5414, 90.22500, 0.0243004, -65.4189, 2.60384E-005, 12.3133
5414, 90.23333, 0.0242679, -65.2187, 2.60063E-005, 12.514
5415, 90.24167, 0.0242357, -65.0181, 2.59746E-005, 12.715
5415, 90.25000, 0.024204, -64.8173, 2.59433E-005, 12.9163
5416, 90.25833, 0.0241727, -64.6161, 2.59125E-005, 13.1179
5416, 90.26667, 0.0241418, -64.4147, 2.58821E-005, 13.3199
5417, 90.27500, 0.0241114, -64.213, 2.58522E-005, 13.5221
5417, 90.28333, 0.0240814, -64.0109, 2.58227E-005, 13.7245
5418, 90.29166, 0.0240517, -63.8087, 2.57937E-005, 13.9273
5418, 90.30000, 0.0240225, -63.6061, 2.57651E-005, 14.1303
5419, 90.30833, 0.0239938, -63.4033, 2.5737E-005, 14.3336
5419, 90.31667, 0.0239654, -63.2002, 2.57093E-005, 14.5371
5420, 90.32500, 0.0239375, -62.9969, 2.5682E-005, 14.7409
5420, 90.33334, 0.02391, -62.7934, 2.56552E-005, 14.9449
5420, 90.34167, 0.0238829, -62.5896, 2.56288E-005, 15.1492
5421, 90.35000, 0.0238562, -62.3856, 2.56029E-005, 15.3537
5422, 90.35833, 0.02383, -62.1814, 2.55775E-005, 15.5584
5422, 90.36667, 0.0238041, -61.9769, 2.55524E-005, 15.7633
5423, 90.37500, 0.0237787, -61.7722, 2.55278E-005, 15.9684
5423, 90.38333, 0.0237537, -61.5674, 2.55037E-005, 16.1737
5424, 90.39167, 0.0237291, -61.3623, 2.548E-005, 16.3793
5424, 90.40000, 0.023705, -61.1571, 2.54567E-005, 16.585
5425, 90.40833, 0.0236812, -60.9517, 2.54339E-005, 16.7909
5425, 90.41666, 0.0236579, -60.7461, 2.54115E-005, 16.9969
5426, 90.42500, 0.023635, -60.5403, 2.53896E-005, 17.2031
5426, 90.43333, 0.0236125, -60.3344, 2.53681E-005, 17.4095
5427, 90.44167, 0.0235904, -60.1284, 2.53471E-005, 17.6161
5427, 90.45000, 0.0235688, -59.9222, 2.53265E-005, 17.8227
5428, 90.45834, 0.0235475, -59.7158, 2.53063E-005, 18.0296
5428, 90.46667, 0.0235267, -59.5093, 2.52866E-005, 18.2365
5428, 90.47500, 0.0235063, -59.3027, 2.52673E-005, 18.4436
5429, 90.48333, 0.0234863, -59.096, 2.52485E-005, 18.6507
5430, 90.49167, 0.0234667, -58.8892, 2.52301E-005, 18.8581
5430, 90.50000, 0.0234475, -58.6823, 2.52121E-005, 19.0654
5431, 90.50833, 0.0234287, -58.4753, 2.51946E-005, 19.2729
5431, 90.51667, 0.0234104, -58.2681, 2.51775E-005, 19.4805
5432, 90.52500, 0.0233924, -58.061, 2.51609E-005, 19.6881
5432, 90.53333, 0.0233749, -57.8537, 2.51447E-005, 19.8959
5433, 90.54166, 0.0233578, -57.6464, 2.51289E-005, 20.1037
5433, 90.55000, 0.0233411, -57.439, 2.51136E-005, 20.3115
5434, 90.55833, 0.0233248, -57.2316, 2.50987E-005, 20.5194
5434, 90.56667, 0.0233089, -57.0241, 2.50843E-005, 20.7273
5435, 90.57500, 0.0232934, -56.8166, 2.50702E-005, 20.9353
5435, 90.58334, 0.0232783, -56.6091, 2.50567E-005, 21.1433
5436, 90.59167, 0.0232637, -56.4015, 2.50435E-005, 21.3513
5436, 90.60000, 0.0232494, -56.194, 2.50308E-005, 21.5593
5436, 90.60833, 0.0232356, -55.9864, 2.50185E-005, 21.7674
5437, 90.61667, 0.0232221, -55.7788, 2.50067E-005, 21.9754
5438, 90.62500, 0.0232091, -55.5713, 2.49952E-005, 22.1834
5438, 90.63333, 0.0231964, -55.3638, 2.49843E-005, 22.3914
5439, 90.64167, 0.0231842, -55.1562, 2.49737E-005, 22.5994
5439, 90.65000, 0.0231723, -54.9488, 2.49636E-005, 22.8073
5440, 90.65833, 0.0231609, -54.7413, 2.49539E-005, 23.0152
5440, 90.66666, 0.0231498, -54.5339, 2.49446E-005, 23.2231
5441, 90.67500, 0.0231392, -54.3266, 2.49358E-005, 23.4309
5441, 90.68333, 0.023129, -54.1193, 2.49274E-005, 23.6386
5441, 90.69167, 0.0231191, -53.9121, 2.49194E-005, 23.8463
5442, 90.70000, 0.0231097, -53.705, 2.49118E-005, 24.0539
5443, 90.70834, 0.0231006, -53.4979, 2.49047E-005, 24.2614
5443, 90.71667, 0.023092, -53.291, 2.4898E-005, 24.4688
5444, 90.72500, 0.0230837, -53.0841, 2.48917E-005, 24.6761
5444, 90.73333, 0.0230758, -52.8774, 2.48858E-005, 24.8834
5444, 90.74167, 0.0230684, -52.6707, 2.48804E-005, 25.0905
5445, 90.75000, 0.0230613, -52.4642, 2.48754E-005, 25.2974
5446, 90.75833, 0.0230546, -52.2578, 2.48708E-005, 25.5043
5446, 90.76667, 0.0230483, -52.0516, 2.48666E-005, 25.711
5447, 90.77500, 0.0230424, -51.8455, 2.48628E-005, 25.9176
5447, 90.78333, 0.0230368, -51.6395, 2.48595E-005, 26.124
5448, 90.79166, 0.0230317, -51.4337, 2.48565E-005, 26.3303
5448, 90.80000, 0.0230269, -51.2281, 2.4854E-005, 26.5364
5449, 90.80833, 0.0230226, -51.0226, 2.48519E-005, 26.7423
5449, 90.81667, 0.0230186, -50.8173, 2.48502E-005, 26.9481
5449, 90.82500, 0.023015, -50.6122, 2.4849E-005, 27.1536
5450, 90.83334, 0.0230117, -50.4073, 2.48481E-005, 27.359
5451, 90.84167, 0.0230089, -50.2026, 2.48476E-005, 27.5642
5451, 90.85000, 0.0230064, -49.9981, 2.48476E-005, 27.7691
5452, 90.85833, 0.0230044, -49.7938, 2.4848E-005, 27.9739
5452, 90.86667, 0.0230026, -49.5897, 2.48487E-005, 28.1784
5453, 90.87500, 0.0230013, -49.3858, 2.48499E-005, 28.3827
5453, 90.88333, 0.0230004, -49.1822, 2.48515E-005, 28.5868
5454, 90.89167, 0.0229998, -48.9788, 2.48535E-005, 28.7906
5454, 90.90000, 0.0229996, -48.7757, 2.48558E-005, 28.9942
5455, 90.90833, 0.0229997, -48.5728, 2.48586E-005, 29.1975
5455, 90.91666, 0.0230003, -48.3702, 2.48618E-005, 29.4006
5456, 90.92500, 0.0230012, -48.1679, 2.48654E-005, 29.6034
5456, 90.93333, 0.0230024, -47.9658, 2.48694E-005, 29.806
5457, 90.94167, 0.0230041, -47.764, 2.48738E-005, 30.0082
5457, 90.95000, 0.0230061, -47.5625, 2.48786E-005, 30.2102
5457, 90.95834, 0.0230084, -47.3613, 2.48837E-005, 30.4118
5458, 90.96667, 0.0230111, -47.1604, 2.48893E-005, 30.6132
5459, 90.97500, 0.0230142, -46.9598, 2.48952E-005, 30.8143
5459, 90.98333, 0.0230177, -46.7595, 2.49016E-005, 31.015
5460, 90.99167, 0.0230215, -46.5595, 2.49083E-005, 31.2155
5460, 91.00000, 0.0230257, -46.3598, 2.49155E-005, 31.4156
5461, 91.00833, 0.0230302, -46.1605, 2.4923E-005, 31.6154
5461, 91.01667, 0.0230351, -45.9615, 2.49309E-005, 31.8149
5462, 91.02500, 0.0230403, -45.7628, 2.49391E-005, 32.014
5462, 91.03333, 0.0230459, -45.5645, 2.49478E-005, 32.2127
5463, 91.04166, 0.0230518, -45.3666, 2.49569E-005, 32.4111
5463, 91.05000, 0.0230581, -45.169, 2.49663E-005, 32.6092
5464, 91.05833, 0.0230647, -44.9718, 2.49761E-005, 32.8068
5464, 91.06667, 0.0230717, -44.7749, 2.49863E-005, 33.0042
5465, 91.07500, 0.023079, -44.5784, 2.49968E-005, 33.2011
5465, 91.08334, 0.0230867, -44.3823, 2.50078E-005, 33.3976
5465, 91.09167, 0.0230947, -44.1866, 2.50191E-005, 33.5938
5466, 91.10000, 0.0231031, -43.9913, 2.50308E-005, 33.7896
5467, 91.10833, 0.0231118, -43.7964, 2.50428E-005, 33.9849
5467, 91.11667, 0.0231208, -43.6018, 2.50552E-005, 34.1799
5468, 91.12500, 0.0231302, -43.4077, 2.5068E-005, 34.3745
5468, 91.13333, 0.0231399, -43.2141, 2.50812E-005, 34.5686
5469, 91.14167, 0.0231499, -43.0208, 2.50947E-005, 34.7624
5469, 91.15000, 0.0231603, -42.8279, 2.51086E-005, 34.9557
5470, 91.15833, 0.023171, -42.6355, 2.51228E-005, 35.1485
5470, 91.16666, 0.023182, -42.4435, 2.51374E-005, 35.341
5471, 91.17500, 0.0231934, -42.252, 2.51524E-005, 35.533
5471, 91.18333, 0.0232051, -42.0609, 2.51677E-005, 35.7246
5472, 91.19167, 0.0232171, -41.8702, 2.51834E-005, 35.9157
5472, 91.20000, 0.0232295, -41.68, 2.51994E-005, 36.1063
5473, 91.20834, 0.0232421, -41.4902, 2.52158E-005, 36.2965
5473, 91.21667, 0.0232551, -41.3009, 2.52326E-005, 36.4863
5473, 91.22500, 0.0232684, -41.1121, 2.52496E-005, 36.6756
5474, 91.23333, 0.0232821, -40.9238, 2.52671E-005, 36.8643
5475, 91.24167, 0.023296, -40.7359, 2.52849E-005, 37.0527
5475, 91.25000, 0.0233103, -40.5485, 2.5303E-005, 37.2405
5476, 91.25833, 0.0233248, -40.3616, 2.53215E-005, 37.4279
5476, 91.26667, 0.0233397, -40.1751, 2.53403E-005, 37.6148
5477, 91.27500, 0.0233549, -39.9892, 2.53595E-005, 37.8012
5477, 91.28333, 0.0233704, -39.8037, 2.5379E-005, 37.9871
5478, 91.29166, 0.0233862, -39.6188, 2.53988E-005, 38.1725
5478, 91.30000, 0.0234024, -39.4343, 2.5419E-005, 38.3574
5479, 91.30833, 0.0234188, -39.2504, 2.54395E-005, 38.5417
5479, 91.31667, 0.0234355, -39.067, 2.54603E-005, 38.7256
5480, 91.32500, 0.0234526, -38.8841, 2.54815E-005, 38.909
5480, 91.33334, 0.0234699, -38.7017, 2.5503E-005, 39.0918
5481, 91.34167, 0.0234875, -38.5198, 2.55249E-005, 39.2742
5481, 91.35000, 0.0235055, -38.3384, 2.5547E-005, 39.456
5481, 91.35833, 0.0235237, -38.1576, 2.55695E-005, 39.6372
5482, 91.36667, 0.0235422, -37.9773, 2.55923E-005, 39.818
5483, 91.37500, 0.023561, -37.7975, 2.56155E-005, 39.9982
5483, 91.38333, 0.0235801, -37.6183, 2.56389E-005, 40.1779
5484, 91.39167, 0.0235995, -37.4396, 2.56627E-005, 40.357
5484, 91.40000, 0.0236192, -37.2615, 2.56868E-005, 40.5356
5485, 91.40833, 0.0236392, -37.0839, 2.57112E-005, 40.7136
5485, 91.41666, 0.0236594, -36.9068, 2.5736E-005, 40.8911
5486, 91.42500, 0.02368, -36.7303, 2.5761E-005, 41.0681
5486, 91.43333, 0.0237008, -36.5544, 2.57864E-005, 41.2445
5487, 91.44167, 0.0237219, -36.379, 2.5812E-005, 41.4203
5487, 91.45000, 0.0237433, -36.2042, 2.5838E-005, 41.5956
5488, 91.45834, 0.0237649, -36.0299, 2.58643E-005, 41.7703
5488, 91.46667, 0.0237869, -35.8562, 2.58909E-005, 41.9444
5489, 91.47500, 0.0238091, -35.6831, 2.59178E-005, 42.118
5489, 91.48333, 0.0238316, -35.5105, 2.59449E-005, 42.291
5489, 91.49167, 0.0238543, -35.3385, 2.59724E-005, 42.4635
5490, 91.50000, 0.0238774, -35.1671, 2.60002E-005, 42.6353
5491, 91.50833, 0.0239007, -34.9963, 2.60283E-005, 42.8066
5491, 91.51667, 0.0239242, -34.826, 2.60567E-005, 42.9773
5492, 91.52500, 0.023948, -34.6563, 2.60854E-005, 43.1475
5492, 91.53333, 0.0239721, -34.4872, 2.61144E-005, 43.317
5493, 91.54166, 0.0239965, -34.3187, 2.61436E-005, 43.486
5493, 91.55000, 0.0240211, -34.1507, 2.61732E-005, 43.6544
5494, 91.55833, 0.024046, -33.9834, 2.6203E-005, 43.8222
5494, 91.56667, 0.0240711, -33.8166, 2.62332E-005, 43.9894
5495, 91.57500, 0.0240965, -33.6504, 2.62636E-005, 44.156
5495, 91.58334, 0.0241221, -33.4848, 2.62943E-005, 44.322
5496, 91.59167, 0.024148, -33.3198, 2.63253E-005, 44.4875
5496, 91.60000, 0.0241742, -33.1554, 2.63565E-005, 44.6523
5497, 91.60833, 0.0242006, -32.9917, 2.63881E-005, 44.8165
5497, 91.61667, 0.0242272, -32.8284, 2.64199E-005, 44.9802
5497, 91.62500, 0.0242541, -32.6658, 2.6452E-005, 45.1432
5498, 91.63333, 0.0242812, -32.5038, 2.64844E-005, 45.3057
5499, 91.64167, 0.0243086, -32.3424, 2.6517E-005, 45.4675
5499, 91.65000, 0.0243363, -32.1816, 2.65499E-005, 45.6288
5500, 91.65833, 0.0243641, -32.0214, 2.65831E-005, 45.7894
5500, 91.66666, 0.0243922, -31.8618, 2.66166E-005, 45.9494
5501, 91.67500, 0.0244206, -31.7028, 2.66503E-005, 46.1089
5501, 91.68333, 0.0244492, -31.5445, 2.66843E-005, 46.2677
5502, 91.69167, 0.024478, -31.3867, 2.67185E-005, 46.4259
5502, 91.70000, 0.024507, -31.2295, 2.6753E-005, 46.5835
5503, 91.70834, 0.0245363, -31.0729, 2.67878E-005, 46.7405
5503, 91.71667, 0.0245658, -30.917, 2.68228E-005, 46.8969
5504, 91.72500, 0.0245956, -30.7616, 2.68581E-005, 47.0527
5504, 91.73333, 0.0246256, -30.6069, 2.68936E-005, 47.2079
5505, 91.74167, 0.0246558, -30.4528, 2.69294E-005, 47.3625
5505, 91.75000, 0.0246862, -30.2993, 2.69655E-005, 47.5164
5505, 91.75833, 0.0247168, -30.1464, 2.70018E-005, 47.6697
5506, 91.76667, 0.0247477, -29.9941, 2.70384E-005, 47.8225
5507, 91.77500, 0.0247788, -29.8424, 2.70752E-005, 47.9746
5507, 91.78333, 0.0248101, -29.6913, 2.71122E-005, 48.1261
5508, 91.79166, 0.0248416, -29.5409, 2.71495E-005, 48.277
5508, 91.80000, 0.0248734, -29.391, 2.7187E-005, 48.4273
5509, 91.80833, 0.0249054, -29.2418, 2.72248E-005, 48.5769
5509, 91.81667, 0.0249375, -29.0932, 2.72629E-005, 48.726
5510, 91.82500, 0.0249699, -28.9452, 2.73011E-005, 48.8744
5510, 91.83334, 0.0250025, -28.7978, 2.73396E-005, 49.0222
5511, 91.84167, 0.0250353, -28.651, 2.73784E-005, 49.1695
5511, 91.85000, 0.0250684, -28.5049, 2.74173E-005, 49.3161
5512, 91.85833, 0.0251016, -28.3593, 2.74565E-005, 49.462
5512, 91.86667, 0.025135, -28.2144, 2.7496E-005, 49.6074
5513, 91.87500, 0.0251687, -28.07, 2.75357E-005, 49.7522
5513, 91.88333, 0.0252025, -27.9263, 2.75756E-005, 49.8963
5513, 91.89167, 0.0252365, -27.7832, 2.76157E-005, 50.0399
5514, 91.90000, 0.0252708, -27.6407, 2.76561E-005, 50.1828
5515, 91.90833, 0.0253052, -27.4989, 2.76966E-005, 50.3251
5515, 91.91666, 0.0253399, -27.3576, 2.77375E-005, 50.4668
5516, 91.92500, 0.0253747, -27.2169, 2.77785E-005, 50.6079
5516, 91.93333, 0.0254097, -27.0769, 2.78197E-005, 50.7484
5517, 91.94167, 0.025445, -26.9375, 2.78612E-005, 50.8882
5517, 91.95000, 0.0254804, -26.7986, 2.79029E-005, 51.0275
5518, 91.95834, 0.025516, -26.6604, 2.79448E-005, 51.1661
5518, 91.96667, 0.0255518, -26.5228, 2.7987E-005, 51.3042
5519, 91.97500, 0.0255878, -26.3858, 2.80293E-005, 51.4416
5519, 91.98333, 0.025624, -26.2494, 2.80719E-005, 51.5785
5520, 91.99167, 0.0256603, -26.1136, 2.81146E-005, 51.7147
5520, 92.00000, 0.0256969, -25.9784, 2.81576E-005, 51.8503
5521, 92.00833, 0.0257336, -25.8438, 2.82008E-005, 51.9853
5521, 92.01667, 0.0257705, -25.7099, 2.82442E-005, 52.1197
5521, 92.02500, 0.0258076, -25.5765, 2.82878E-005, 52.2535
5522, 92.03333, 0.0258449, -25.4437, 2.83316E-005, 52.3867
5523, 92.04166, 0.0258823, -25.3115, 2.83756E-005, 52.5194
5523, 92.05000, 0.0259199, -25.18, 2.84198E-005, 52.6514
5524, 92.05833, 0.0259577, -25.049, 2.84643E-005, 52.7828
5524, 92.06667, 0.0259957, -24.9186, 2.85089E-005, 52.9136
5525, 92.07500, 0.0260339, -24.7888, 2.85537E-005, 53.0438
5525, 92.08334, 0.0260722, -24.6597, 2.85987E-005, 53.1734
5526, 92.09167, 0.0261107, -24.5311, 2.86439E-005, 53.3024
5526, 92.10000, 0.0261494, -24.4031, 2.86893E-005, 53.4308
5527, 92.10833, 0.0261882, -24.2757, 2.8735E-005, 53.5586
5527, 92.11667, 0.0262272, -24.1489, 2.87808E-005, 53.6859
5528, 92.12500, 0.0262664, -24.0227, 2.88267E-005, 53.8125
5528, 92.13333, 0.0263057, -23.897, 2.88729E-005, 53.9386
5529, 92.14167, 0.0263452, -23.772, 2.89193E-005, 54.0641
5529, 92.15000, 0.0263849, -23.6476, 2.89658E-005, 54.1889
5529, 92.15833, 0.0264247, -23.5237, 2.90126E-005, 54.3132
5530, 92.16666, 0.0264647, -23.4004, 2.90595E-005, 54.4369
5531, 92.17500, 0.0265048, -23.2777, 2.91066E-005, 54.56
5531, 92.18333, 0.0265451, -23.1556, 2.91539E-005, 54.6826
5532, 92.19167, 0.0265856, -23.0341, 2.92014E-005, 54.8046
5532, 92.20000, 0.0266262, -22.9131, 2.92491E-005, 54.9259
5533, 92.20834, 0.026667, -22.7928, 2.92969E-005, 55.0467
5533, 92.21667, 0.0267079, -22.673, 2.9345E-005, 55.167
5534, 92.22500, 0.026749, -22.5537, 2.93931E-005, 55.2866
5534, 92.23333, 0.0267902, -22.4351, 2.94415E-005, 55.4057
5535, 92.24167, 0.0268316, -22.317, 2.94901E-005, 55.5242
5535, 92.25000, 0.0268731, -22.1995, 2.95388E-005, 55.6421
5536, 92.25833, 0.0269148, -22.0826, 2.95877E-005, 55.7594
5536, 92.26667, 0.0269566, -21.9662, 2.96368E-005, 55.8762
5537, 92.27500, 0.0269986, -21.8505, 2.9686E-005, 55.9925
5537, 92.28333, 0.0270407, -21.7352, 2.97354E-005, 56.1081
5537, 92.29166, 0.027083, -21.6206, 2.9785E-005, 56.2232
5538, 92.30000, 0.0271254, -21.5065, 2.98348E-005, 56.3377
5539, 92.30833, 0.027168, -21.3929, 2.98847E-005, 56.4517
5539, 92.31667, 0.0272107, -21.2799, 2.99348E-005, 56.5651
5540, 92.32500, 0.0272535, -21.1675, 2.9985E-005, 56.6779
5540, 92.33334, 0.0272965, -21.0557, 3.00354E-005, 56.7902
5541, 92.34167, 0.0273396, -20.9443, 3.0086E-005, 56.902
5541, 92.35000, 0.0273828, -20.8336, 3.01367E-005, 57.0131
5542, 92.35833, 0.0274262, -20.7234, 3.01876E-005, 57.1238
5542, 92.36667, 0.0274697, -20.6137, 3.02387E-005, 57.2339
5543, 92.37500, 0.0275134, -20.5046, 3.02899E-005, 57.3434
5543, 92.38333, 0.0275572, -20.3961, 3.03412E-005, 57.4524
5544, 92.39167, 0.0276011, -20.288, 3.03928E-005, 57.5608
5544, 92.40000, 0.0276452, -20.1806, 3.04444E-005, 57.6687
5545, 92.40833, 0.0276894, -20.0737, 3.04963E-005, 57.776
5545, 92.41666, 0.0277337, -19.9673, 3.05483E-005, 57.8829
5545, 92.42500, 0.0277781, -19.8614, 3.06004E-005, 57.9891
5546, 92.43333, 0.0278227, -19.7561, 3.06527E-005, 58.0949
5547, 92.44167, 0.0278674, -19.6513, 3.07051E-005, 58.2001
5547, 92.45000, 0.0279122, -19.5471, 3.07577E-005, 58.3047
5548, 92.45834, 0.0279572, -19.4434, 3.08105E-005, 58.4089
5548, 92.46667, 0.0280022, -19.3402, 3.08634E-005, 58.5125
5549, 92.47500, 0.0280474, -19.2376, 3.09164E-005, 58.6155
5549, 92.48333, 0.0280928, -19.1354, 3.09696E-005, 58.7181
5550, 92.49167, 0.0281382, -19.0338, 3.10229E-005, 58.8201
5550, 92.50000, 0.0281838, -18.9328, 3.10764E-005, 58.9216
5551, 92.50833, 0.0282294, -18.8322, 3.113E-005, 59.0226
5551, 92.51667, 0.0282753, -18.7322, 3.11837E-005, 59.123
5552, 92.52500, 0.0283212, -18.6326, 3.12376E-005, 59.223
5552, 92.53333, 0.0283672, -18.5337, 3.12917E-005, 59.3224
5553, 92.54166, 0.0284134, -18.4352, 3.13458E-005, 59.4213
5553, 92.55000, 0.0284596, -18.3372, 3.14001E-005, 59.5197
5553, 92.55833, 0.028506, -18.2397, 3.14546E-005, 59.6175
5554, 92.56667, 0.0285525, -18.1428, 3.15092E-005, 59.7149
5555, 92.57500, 0.0285991, -18.0463, 3.15639E-005, 59.8118
5555, 92.58334, 0.0286459, -17.9504, 3.16188E-005, 59.9081
5556, 92.59167, 0.0286927, -17.855, 3.16738E-005, 60.004
5556, 92.60000, 0.0287397, -17.76, 3.17289E-005, 60.0993
5557, 92.60833, 0.0287867, -17.6656, 3.17841E-005, 60.1942
5557, 92.61667, 0.0288339, -17.5717, 3.18395E-005, 60.2886
5558, 92.62500, 0.0288812, -17.4782, 3.18951E-005, 60.3824
5558, 92.63333, 0.0289286, -17.3853, 3.19507E-005, 60.4758
5559, 92.64167, 0.028976, -17.2929, 3.20065E-005, 60.5686
5559, 92.65000, 0.0290236, -17.2009, 3.20624E-005, 60.661
5560, 92.65833, 0.0290713, -17.1094, 3.21184E-005, 60.7529
5560, 92.66666, 0.0291192, -17.0185, 3.21746E-005, 60.8443
5561, 92.67500, 0.0291671, -16.928, 3.22309E-005, 60.9352
5561, 92.68333, 0.0292151, -16.838, 3.22873E-005, 61.0256
5561, 92.69167, 0.0292632, -16.7484, 3.23438E-005, 61.1155
5562, 92.70000, 0.0293114, -16.6594, 3.24005E-005, 61.205
5563, 92.70834, 0.0293597, -16.5708, 3.24573E-005, 61.294
5563, 92.71667, 0.0294082, -16.4827, 3.25142E-005, 61.3825
5564, 92.72500, 0.0294567, -16.3951, 3.25712E-005, 61.4705
5564, 92.73333, 0.0295053, -16.308, 3.26284E-005, 61.5581
5565, 92.74167, 0.029554, -16.2213, 3.26856E-005, 61.6451
5565, 92.75000, 0.0296028, -16.1351, 3.2743E-005, 61.7317
5566, 92.75833, 0.0296518, -16.0494, 3.28005E-005, 61.8179
5566, 92.76667, 0.0297008, -15.9642, 3.28582E-005, 61.9036
5566, 92.77500, 0.0297499, -15.8794, 3.29159E-005, 61.9888
5567, 92.78333, 0.0297991, -15.795, 3.29738E-005, 62.0735
5568, 92.79166, 0.0298484, -15.7112, 3.30318E-005, 62.1578
5568, 92.80000, 0.0298978, -15.6278, 3.30898E-005, 62.2416
5569, 92.80833, 0.0299472, -15.5448, 3.3148E-005, 62.325
5569, 92.81667, 0.0299968, -15.4623, 3.32064E-005, 62.4079
5569, 92.82500, 0.0300465, -15.3803, 3.32648E-005, 62.4904
5570, 92.83334, 0.0300962, -15.2987, 3.33233E-005, 62.5724
5571, 92.84167, 0.0301461, -15.2175, 3.3382E-005, 62.6539
5571, 92.85000, 0.030196, -15.1368, 3.34408E-005, 62.735
5572, 92.85833, 0.030246, -15.0566, 3.34996E-005, 62.8157
5572, 92.86667, 0.0302961, -14.9768, 3.35586E-005, 62.8959
5573, 92.87500, 0.0303463, -14.8974, 3.36177E-005, 62.9757
5573, 92.88333, 0.0303966, -14.8185, 3.36769E-005, 63.055
5574, 92.89167, 0.030447, -14.7401, 3.37362E-005, 63.1339
5574, 92.90000, 0.0304975, -14.662, 3.37956E-005, 63.2123
5574, 92.90833, 0.030548, -14.5844, 3.38552E-005, 63.2903
5575, 92.91666, 0.0305986, -14.5073, 3.39148E-005, 63.3679
5576, 92.92500, 0.0306494, -14.4305, 3.39745E-005, 63.4451
5576, 92.93333, 0.0307002, -14.3542, 3.40344E-005, 63.5218
5577, 92.94167, 0.030751, -14.2783, 3.40943E-005, 63.5981
5577, 92.95000, 0.030802, -14.2029, 3.41544E-005, 63.6739
5578, 92.95834, 0.030853, -14.1279, 3.42145E-005, 63.7493
5578, 92.96667, 0.0309042, -14.0533, 3.42748E-005, 63.8243
5579, 92.97500, 0.0309554, -13.9791, 3.43351E-005, 63.8989
5579, 92.98333, 0.0310067, -13.9054, 3.43956E-005, 63.9731
5580, 92.99167, 0.031058, -13.8321, 3.44561E-005, 64.0468
5580, 93.00000, 0.0311095, -13.7591, 3.45168E-005, 64.1201
5581, 93.00833, 0.031161, -13.6867, 3.45775E-005, 64.193
5581, 93.01667, 0.0312126, -13.6146, 3.46384E-005, 64.2655
5582, 93.02500, 0.0312643, -13.5429, 3.46993E-005, 64.3376
5582, 93.03333, 0.031316, -13.4716, 3.47604E-005, 64.4093
5582, 93.04166, 0.0313679, -13.4008, 3.48215E-005, 64.4805
5583, 93.05000, 0.0314198, -13.3304, 3.48828E-005, 64.5514
5584, 93.05833, 0.0314718, -13.2603, 3.49441E-005, 64.6218
5584, 93.06667, 0.0315238, -13.1907, 3.50055E-005, 64.6919
5585, 93.07500, 0.031576, -13.1215, 3.50671E-005, 64.7615
5585, 93.08334, 0.0316282, -13.0526, 3.51287E-005, 64.8307
5586, 93.09167, 0.0316805, -12.9842, 3.51904E-005, 64.8996
5586, 93.10000, 0.0317328, -12.9162, 3.52522E-005, 64.968
5587, 93.10833, 0.0317852, -12.8485, 3.53141E-005, 65.036
5587, 93.11667, 0.0318377, -12.7813, 3.53761E-005, 65.1037
5588, 93.12500, 0.0318903, -12.7144, 3.54382E-005, 65.171
5588, 93.13333, 0.0319429, -12.648, 3.55004E-005, 65.2378
5589, 93.14167, 0.0319957, -12.5819, 3.55626E-005, 65.3043
5589, 93.15000, 0.0320484, -12.5162, 3.5625E-005, 65.3704
5590, 93.15833, 0.0321013, -12.4509, 3.56874E-005, 65.4361
5590, 93.16666, 0.0321542, -12.386, 3.575E-005, 65.5014
5590, 93.17500, 0.0322072, -12.3215, 3.58126E-005, 65.5663
5591, 93.18333, 0.0322603, -12.2574, 3.58753E-005, 65.6309
5592, 93.19167, 0.0323134, -12.1936, 3.59381E-005, 65.6951
5592, 93.20000, 0.0323666, -12.1302, 3.6001E-005, 65.7588
5593, 93.20834, 0.0324198, -12.0672, 3.6064E-005, 65.8223
5593, 93.21667, 0.0324732, -12.0046, 3.6127E-005, 65.8853
5594, 93.22500, 0.0325265, -11.9423, 3.61902E-005, 65.948
5594, 93.23333, 0.03258, -11.8804, 3.62534E-005, 66.0103
5595, 93.24167, 0.0326335, -11.8189, 3.63167E-005, 66.0722
5595, 93.25000, 0.0326871, -11.7578, 3.63801E-005, 66.1337
5596, 93.25833, 0.0327408, -11.697, 3.64436E-005, 66.1949
5596, 93.26667, 0.0327945, -11.6365, 3.65072E-005, 66.2557
5597, 93.27500, 0.0328483, -11.5765, 3.65708E-005, 66.3162
5597, 93.28333, 0.0329021, -11.5168, 3.66346E-005, 66.3763
5598, 93.29166, 0.032956, -11.4575, 3.66984E-005, 66.436
5598, 93.30000, 0.03301, -11.3985, 3.67623E-005, 66.4954
5598, 93.30833, 0.033064, -11.3399, 3.68262E-005, 66.5544
5599, 93.31667, 0.0331181, -11.2816, 3.68903E-005, 66.6131
5600, 93.32500, 0.0331722, -11.2238, 3.69545E-005, 66.6714
5600, 93.33334, 0.0332265, -11.1662, 3.70187E-005, 66.7293
5601, 93.34167, 0.0332807, -11.109, 3.7083E-005, 66.7869
5601, 93.35000, 0.0333351, -11.0522, 3.71474E-005, 66.8441
5602, 93.35833, 0.0333894, -10.9957, 3.72118E-005, 66.901
5602, 93.36667, 0.0334439, -10.9395, 3.72764E-005, 66.9576
5603, 93.37500, 0.0334984, -10.8837, 3.7341E-005, 67.0138
5603, 93.38333, 0.033553, -10.8283, 3.74057E-005, 67.0696
5604, 93.39167, 0.0336076, -10.7732, 3.74705E-005, 67.1251
5604, 93.40000, 0.0336623, -10.7184, 3.75353E-005, 67.1803
5605, 93.40833, 0.033717, -10.664, 3.76002E-005, 67.2351
5605, 93.41666, 0.0337718, -10.6099, 3.76652E-005, 67.2896
5606, 93.42500, 0.0338267, -10.5562, 3.77303E-005, 67.3438
5606, 93.43333, 0.0338816, -10.5028, 3.77955E-005, 67.3976
5606, 93.44167, 0.0339366, -10.4497, 3.78607E-005, 67.4511
5607, 93.45000, 0.0339916, -10.3969, 3.7926E-005, 67.5042
5608, 93.45834, 0.0340467, -10.3445, 3.79914E-005, 67.557
5608, 93.46667, 0.0341018, -10.2924, 3.80568E-005, 67.6095
5609, 93.47500, 0.034157, -10.2407, 3.81224E-005, 67.6616
5609, 93.48333, 0.0342122, -10.1893, 3.8188E-005, 67.7134
5610, 93.49167, 0.0342675, -10.1382, 3.82536E-005, 67.7649
5610, 93.50000, 0.0343229, -10.0874, 3.83194E-005, 67.8161
5611, 93.50833, 0.0343783, -10.037, 3.83852E-005, 67.867
5611, 93.51667, 0.0344337, -9.98685, 3.84511E-005, 67.9175
5612, 93.52500, 0.0344892, -9.93705, 3.85171E-005, 67.9677
5612, 93.53333, 0.0345448, -9.88758, 3.85831E-005, 68.0175
5613, 93.54166, 0.0346004, -9.83841, 3.86492E-005, 68.0671
5613, 93.55000, 0.0346561, -9.78957, 3.87154E-005, 68.1163
5614, 93.55833, 0.0347118, -9.74105, 3.87816E-005, 68.1653
5614, 93.56667, 0.0347675, -9.69283, 3.88479E-005, 68.2139
5614, 93.57500, 0.0348234, -9.64494, 3.89143E-005, 68.2622
5615, 93.58334, 0.0348792, -9.59735, 3.89808E-005, 68.3102
5616, 93.59167, 0.0349351, -9.55007, 3.90473E-005, 68.3578
5616, 93.60000, 0.0349911, -9.50311, 3.91139E-005, 68.4052
5617, 93.60833, 0.0350471, -9.45646, 3.91806E-005, 68.4522
5617, 93.61667, 0.0351032, -9.4101, 3.92473E-005, 68.499
5618, 93.62500, 0.0351593, -9.36406, 3.93141E-005, 68.5454
5618, 93.63333, 0.0352155, -9.31833, 3.9381E-005, 68.5916
5619, 93.64167, 0.0352717, -9.27289, 3.94479E-005, 68.6374
5619, 93.65000, 0.0353279, -9.22776, 3.95149E-005, 68.6829
5620, 93.65833, 0.0353842, -9.18293, 3.9582E-005, 68.7281
5620, 93.66666, 0.0354406, -9.1384, 3.96491E-005, 68.7731
5621, 93.67500, 0.035497, -9.09416, 3.97163E-005, 68.8177
5621, 93.68333, 0.0355535, -9.05023, 3.97836E-005, 68.862
5622, 93.69167, 0.03561, -9.00659, 3.98509E-005, 68.9061
5622, 93.70000, 0.0356665, -8.96324, 3.99183E-005, 68.9498
5622, 93.70834, 0.0357231, -8.9202, 3.99858E-005, 68.9932
5623, 93.71667, 0.0357797, -8.87743, 4.00533E-005, 69.0364
5624, 93.72500, 0.0358364, -8.83497, 4.01209E-005, 69.0793
5624, 93.73333, 0.0358931, -8.79279, 4.01885E-005, 69.1218
5625, 93.74167, 0.0359499, -8.7509, 4.02563E-005, 69.1641
5625, 93.75000, 0.0360067, -8.70931, 4.03241E-005, 69.2061
5626, 93.75833, 0.0360636, -8.66799, 4.03919E-005, 69.2478
5626, 93.76667, 0.0361205, -8.62696, 4.04598E-005, 69.2892
5627, 93.77500, 0.0361774, -8.58622, 4.05278E-005, 69.3304
5627, 93.78333, 0.0362344, -8.54576, 4.05958E-005, 69.3712
5628, 93.79166, 0.0362915, -8.50558, 4.06639E-005, 69.4118
5628, 93.80000, 0.0363486, -8.46569, 4.07321E-005, 69.4521
5629, 93.80833, 0.0364057, -8.42607, 4.08003E-005, 69.4921
5629, 93.81667, 0.0364629, -8.38673, 4.08686E-005, 69.5318
5630, 93.82500, 0.0365201, -8.34767, 4.09369E-005, 69.5713
5630, 93.83334, 0.0365773, -8.30889, 4.10053E-005, 69.6104
5630, 93.84167, 0.0366346, -8.27038, 4.10738E-005, 69.6493
5631, 93.85000, 0.036692, -8.23214, 4.11423E-005, 69.688
5632, 93.85833, 0.0367493, -8.19418, 4.12109E-005, 69.7263
5632, 93.86667, 0.0368068, -8.15649, 4.12796E-005, 69.7644
5633, 93.87500, 0.0368642, -8.11907, 4.13483E-005, 69.8022
5633, 93.88333, 0.0369217, -8.08193, 4.14171E-005, 69.8397
5634, 93.89167, 0.0369793, -8.04504, 4.14859E-005, 69.877
5634, 93.90000, 0.0370369, -8.00844, 4.15548E-005, 69.914
5635, 93.90833, 0.0370945, -7.97209, 4.16237E-005, 69.9507
5635, 93.91666, 0.0371522, -7.93601, 4.16927E-005, 69.9872
5636, 93.92500, 0.0372099, -7.9002, 4.17618E-005, 70.0234
5636, 93.93333, 0.0372676, -7.86465, 4.18309E-005, 70.0594
5637, 93.94167, 0.0373254, -7.82936, 4.19001E-005, 70.095
5637, 93.95000, 0.0373833, -7.79433, 4.19694E-005, 70.1304
5638, 93.95834, 0.0374411, -7.75957, 4.20387E-005, 70.1656
5638, 93.96667, 0.037499, -7.72506, 4.2108E-005, 70.2005
5638, 93.97500, 0.037557, -7.69081, 4.21774E-005, 70.2351
5639, 93.98333, 0.037615, -7.65682, 4.22469E-005, 70.2695
5640, 93.99167, 0.037673, -7.62309, 4.23164E-005, 70.3036
5640, 94.00000, 0.037731, -7.58961, 4.2386E-005, 70.3375
5641, 94.00833, 0.0377891, -7.55639, 4.24556E-005, 70.3711
5641, 94.01667, 0.0378473, -7.52341, 4.25254E-005, 70.4045
5642, 94.02500, 0.0379055, -7.4907, 4.25951E-005, 70.4376
5642, 94.03333, 0.0379637, -7.45823, 4.26649E-005, 70.4704
5643, 94.04166, 0.0380219, -7.42601, 4.27348E-005, 70.503
5643, 94.05000, 0.0380802, -7.39405, 4.28047E-005, 70.5354
5644, 94.05833, 0.0381385, -7.36233, 4.28747E-005, 70.5675
5644, 94.06667, 0.0381969, -7.33086, 4.29447E-005, 70.5993
5645, 94.07500, 0.0382553, -7.29964, 4.30148E-005, 70.631
5645, 94.08334, 0.0383137, -7.26866, 4.30849E-005, 70.6623
5646, 94.09167, 0.0383722, -7.23793, 4.31551E-005, 70.6934
5646, 94.10000, 0.0384307, -7.20744, 4.32254E-005, 70.7243
5646, 94.10833, 0.0384893, -7.1772, 4.32957E-005, 70.7549
5647, 94.11667, 0.0385479, -7.14719, 4.33661E-005, 70.7853
5648, 94.12500, 0.0386065, -7.11743, 4.34365E-005, 70.8155
5648, 94.13333, 0.0386651, -7.08791, 4.35069E-005, 70.8454
5649, 94.14167, 0.0387238, -7.05863, 4.35775E-005, 70.875
5649, 94.15000, 0.0387825, -7.02959, 4.3648E-005, 70.9045
5650, 94.15833, 0.0388413, -7.00078, 4.37187E-005, 70.9337
5650, 94.16666, 0.0389001, -6.97221, 4.37894E-005, 70.9626
5651, 94.17500, 0.0389589, -6.94388, 4.38601E-005, 70.9913
5651, 94.18333, 0.0390178, -6.91578, 4.39309E-005, 71.0198
5652, 94.19167, 0.0390767, -6.88792, 4.40017E-005, 71.048
5652, 94.20000, 0.0391356, -6.86029, 4.40726E-005, 71.0761
5653, 94.20834, 0.0391946, -6.83289, 4.41436E-005, 71.1038
5653, 94.21667, 0.0392536, -6.80572, 4.42146E-005, 71.1314
5654, 94.22500, 0.0393126, -6.77879, 4.42856E-005, 71.1587
5654, 94.23333, 0.0393717, -6.75208, 4.43567E-005, 71.1858
5654, 94.24167, 0.0394308, -6.72561, 4.44279E-005, 71.2127
5655, 94.25000, 0.0394899, -6.69936, 4.44991E-005, 71.2393
5656, 94.25833, 0.0395491, -6.67334, 4.45703E-005, 71.2657
5656, 94.26667, 0.0396083, -6.64754, 4.46416E-005, 71.2919
5657, 94.27500, 0.0396675, -6.62197, 4.4713E-005, 71.3178
5657, 94.28333, 0.0397268, -6.59663, 4.47844E-005, 71.3435
5658, 94.29166, 0.0397861, -6.5715, 4.48559E-005, 71.369
5658, 94.30000, 0.0398454, -6.54661, 4.49274E-005, 71.3943
5659, 94.30833, 0.0399048, -6.52193, 4.49989E-005, 71.4194
5659, 94.31667, 0.0399642, -6.49748, 4.50705E-005, 71.4442
5660, 94.32500, 0.0400236, -6.47325, 4.51422E-005, 71.4688
5660, 94.33334, 0.0400831, -6.44923, 4.52139E-005, 71.4932
5661, 94.34167, 0.0401425, -6.42544, 4.52857E-005, 71.5174
5661, 94.35000, 0.0402021, -6.40187, 4.53575E-005, 71.5414
5662, 94.35833, 0.0402616, -6.37851, 4.54294E-005, 71.5651
5662, 94.36667, 0.0403212, -6.35537, 4.55013E-005, 71.5886
5662, 94.37500, 0.0403808, -6.33244, 4.55732E-005, 71.6119
5663, 94.38333, 0.0404405, -6.30973, 4.56452E-005, 71.635
5664, 94.39167, 0.0405002, -6.28724, 4.57173E-005, 71.6579
5664, 94.40000, 0.0405599, -6.26496, 4.57894E-005, 71.6805
5665, 94.40833, 0.0406196, -6.24289, 4.58616E-005, 71.703
5665, 94.41666, 0.0406794, -6.22103, 4.59338E-005, 71.7252
5666, 94.42500, 0.0407392, -6.19939, 4.6006E-005, 71.7472
5666, 94.43333, 0.040799, -6.17796, 4.60783E-005, 71.7691
5667, 94.44167, 0.0408589, -6.15673, 4.61507E-005, 71.7906
5667, 94.45000, 0.0409188, -6.13572, 4.62231E-005, 71.812
5668, 94.45834, 0.0409787, -6.11492, 4.62955E-005, 71.8332
5668, 94.46667, 0.0410387, -6.09432, 4.6368E-005, 71.8542
5669, 94.47500, 0.0410986, -6.07393, 4.64406E-005, 71.875
5669, 94.48333, 0.0411587, -6.05375, 4.65131E-005, 71.8955
5670, 94.49167, 0.0412187, -6.03377, 4.65858E-005, 71.9159
5670, 94.50000, 0.0412788, -6.014, 4.66585E-005, 71.936
5670, 94.50833, 0.0413389, -5.99443, 4.67312E-005, 71.956
5671, 94.51667, 0.041399, -5.97506, 4.6804E-005, 71.9757
5672, 94.52500, 0.0414592, -5.9559, 4.68768E-005, 71.9952
5672, 94.53333, 0.0415194, -5.93695, 4.69497E-005, 72.0146
5673, 94.54166, 0.0415796, -5.91819, 4.70226E-005, 72.0337
5673, 94.55000, 0.0416398, -5.89963, 4.70956E-005, 72.0527
5674, 94.55833, 0.0417001, -5.88128, 4.71686E-005, 72.0714
5674, 94.56667, 0.0417604, -5.86312, 4.72417E-005, 72.0899
5675, 94.57500, 0.0418207, -5.84516, 4.73148E-005, 72.1082
5675, 94.58334, 0.0418811, -5.8274, 4.73879E-005, 72.1264
5676, 94.59167, 0.0419415, -5.80984, 4.74611E-005, 72.1443
5676, 94.60000, 0.0420019, -5.79248, 4.75344E-005, 72.162
5677, 94.60833, 0.0420623, -5.77531, 4.76076E-005, 72.1796
5677, 94.61667, 0.0421228, -5.75833, 4.7681E-005, 72.1969
5678, 94.62500, 0.0421833, -5.74156, 4.77544E-005, 72.2141
5678, 94.63333, 0.0422438, -5.72497, 4.78278E-005, 72.231
5678, 94.64167, 0.0423044, -5.70858, 4.79013E-005, 72.2478
5679, 94.65000, 0.042365, -5.69239, 4.79748E-005, 72.2644
5680, 94.65833, 0.0424256, -5.67638, 4.80484E-005, 72.2808
5680, 94.66666, 0.0424862, -5.66057, 4.8122E-005, 72.2969
5681, 94.67500, 0.0425469, -5.64495, 4.81956E-005, 72.3129
5681, 94.68333, 0.0426076, -5.62952, 4.82693E-005, 72.3287
5682, 94.69167, 0.0426683, -5.61428, 4.83431E-005, 72.3444
5682, 94.70000, 0.0427291, -5.59923, 4.84169E-005, 72.3598
5683, 94.70834, 0.0427898, -5.58437, 4.84907E-005, 72.375
5683, 94.71667, 0.0428506, -5.56969, 4.85646E-005, 72.3901
5684, 94.72500, 0.0429115, -5.55521, 4.86385E-005, 72.4049
5684, 94.73333, 0.0429723, -5.54091, 4.87125E-005, 72.4196
5685, 94.74167, 0.0430332, -5.52679, 4.87865E-005, 72.4341
5685, 94.75000, 0.0430941, -5.51287, 4.88605E-005, 72.4484
5686, 94.75833, 0.043155, -5.49912, 4.89346E-005, 72.4625
5686, 94.76667, 0.043216, -5.48557, 4.90088E-005, 72.4764
5686, 94.77500, 0.043277, -5.47219, 4.9083E-005, 72.4902
5687, 94.78333, 0.043338, -5.459, 4.91572E-005, 72.5037
5688, 94.79166, 0.043399, -5.446, 4.92315E-005, 72.5171
5688, 94.80000, 0.0434601, -5.43317, 4.93058E-005, 72.5303
5689, 94.80833, 0.0435212, -5.42053, 4.93802E-005, 72.5433
5689, 94.81667, 0.0435823, -5.40807, 4.94546E-005, 72.5561
5690, 94.82500, 0.0436434, -5.39579, 4.9529E-005, 72.5688
5690, 94.83334, 0.0437046, -5.38369, 4.96035E-005, 72.5812
5691, 94.84167, 0.0437658, -5.37176, 4.96781E-005, 72.5935
5691, 94.85000, 0.043827, -5.36002, 4.97526E-005, 72.6057
5691, 94.85833, 0.0438882, -5.34846, 4.98273E-005, 72.6176
5692, 94.86667, 0.0439495, -5.33707, 4.99019E-005, 72.6293
5693, 94.87500, 0.0440108, -5.32586, 4.99766E-005, 72.6409
5693, 94.88333, 0.0440721, -5.31483, 5.00514E-005, 72.6523
5694, 94.89167, 0.0441334, -5.30398, 5.01262E-005, 72.6635
5694, 94.90000, 0.0441948, -5.2933, 5.0201E-005, 72.6746
5694, 94.90833, 0.0442562, -5.28279, 5.02759E-005, 72.6855
5695, 94.91666, 0.0443176, -5.27246, 5.03508E-005, 72.6962
5696, 94.92500, 0.044379, -5.26231, 5.04258E-005, 72.7067
5696, 94.93333, 0.0444405, -5.25233, 5.05008E-005, 72.717
5697, 94.94167, 0.044502, -5.24252, 5.05758E-005, 72.7272
5697, 94.95000, 0.0445635, -5.23289, 5.06509E-005, 72.7372
5698, 94.95834, 0.044625, -5.22342, 5.07261E-005, 72.747
5698, 94.96667, 0.0446866, -5.21413, 5.08012E-005, 72.7567
5699, 94.97500, 0.0447481, -5.20501, 5.08765E-005, 72.7662
5699, 94.98333, 0.0448097, -5.19606, 5.09517E-005, 72.7755
5699, 94.99167, 0.0448714, -5.18728, 5.1027E-005, 72.7846
5700, 95.00000, 0.044933, -5.17867, 5.11023E-005, 72.7936
5701, 95.00833, 0.0449947, -5.17023, 5.11777E-005, 72.8024
5701, 95.01667, 0.0450564, -5.16196, 5.12532E-005, 72.8111
5702, 95.02500, 0.0451181, -5.15386, 5.13286E-005, 72.8195
5702, 95.03333, 0.0451799, -5.14592, 5.14041E-005, 72.8278
5703, 95.04166, 0.0452416, -5.13815, 5.14797E-005, 72.836
5703, 95.05000, 0.0453034, -5.13055, 5.15553E-005, 72.8439
5704, 95.05833, 0.0453652, -5.12312, 5.16309E-005, 72.8517
5704, 95.06667, 0.0454271, -5.11585, 5.17066E-005, 72.8593
5705, 95.07500, 0.0454889, -5.10875, 5.17823E-005, 72.8668
5705, 95.08334, 0.0455508, -5.10181, 5.1858E-005, 72.8741
5706, 95.09167, 0.0456127, -5.09504, 5.19338E-005, 72.8813
5706, 95.10000, 0.0456747, -5.08843, 5.20096E-005, 72.8882
5707, 95.10833, 0.0457366, -5.08198, 5.20855E-005, 72.895
5707, 95.11667, 0.0457986, -5.0757, 5.21614E-005, 72.9017
5707, 95.12500, 0.0458606, -5.06958, 5.22374E-005, 72.9082
5708, 95.13333, 0.0459226, -5.06362, 5.23134E-005, 72.9145
5709, 95.14167, 0.0459846, -5.05783, 5.23894E-005, 72.9206
5709, 95.15000, 0.0460467, -5.05219, 5.24655E-005, 72.9266
5710, 95.15833, 0.0461088, -5.04672, 5.25416E-005, 72.9325
5710, 95.16666, 0.0461709, -5.04141, 5.26177E-005, 72.9381
5711, 95.17500, 0.046233, -5.03626, 5.26939E-005, 72.9437
5711, 95.18333, 0.0462952, -5.03126, 5.27702E-005, 72.949
5712, 95.19167, 0.0463574, -5.02643, 5.28464E-005, 72.9542
5712, 95.20000, 0.0464195, -5.02176, 5.29228E-005, 72.9592
5713, 95.20834, 0.0464818, -5.01724, 5.29991E-005, 72.9641
5713, 95.21667, 0.046544, -5.01288, 5.30755E-005, 72.9688
5714, 95.22500, 0.0466063, -5.00868, 5.31519E-005, 72.9734
5714, 95.23333, 0.0466685, -5.00464, 5.32284E-005, 72.9778
5715, 95.24167, 0.0467309, -5.00075, 5.33049E-005, 72.982
5715, 95.25000, 0.0467932, -4.99702, 5.33815E-005, 72.9861
5715, 95.25833, 0.0468555, -4.99345, 5.3458E-005, 72.9901
5716, 95.26667, 0.0469179, -4.99003, 5.35347E-005, 72.9939
5717, 95.27500, 0.0469803, -4.98677, 5.36113E-005, 72.9975
5717, 95.28333, 0.0470427, -4.98366, 5.3688E-005, 73.0009
5718, 95.29166, 0.0471051, -4.98071, 5.37648E-005, 73.0042
5718, 95.30000, 0.0471676, -4.97791, 5.38416E-005, 73.0074
5719, 95.30833, 0.04723, -4.97527, 5.39184E-005, 73.0104
5719, 95.31667, 0.0472925, -4.97277, 5.39952E-005, 73.0133
5720, 95.32500, 0.047355, -4.97043, 5.40721E-005, 73.016
5720, 95.33334, 0.0474176, -4.96825, 5.41491E-005, 73.0185
5721, 95.34167, 0.0474801, -4.96621, 5.4226E-005, 73.0209
5721, 95.35000, 0.0475427, -4.96433, 5.43031E-005, 73.0231
5722, 95.35833, 0.0476053, -4.9626, 5.43801E-005, 73.0252
5722, 95.36667, 0.0476679, -4.96102, 5.44572E-005, 73.0272
5723, 95.37500, 0.0477306, -4.95959, 5.45343E-005, 73.029
5723, 95.38333, 0.0477932, -4.95831, 5.46115E-005, 73.0306
5723, 95.39167, 0.0478559, -4.95718, 5.46887E-005, 73.0321
5724, 95.40000, 0.0479186, -4.9562, 5.47659E-005, 73.0334
5725, 95.40833, 0.0479813, -4.95537, 5.48432E-005, 73.0346
5725, 95.41666, 0.048044, -4.95469, 5.49205E-005, 73.0356
5726, 95.42500, 0.0481068, -4.95416, 5.49979E-005, 73.0365
5726, 95.43333, 0.0481696, -4.95377, 5.50752E-005, 73.0373
5727, 95.44167, 0.0482324, -4.95354, 5.51527E-005, 73.0379
5727, 95.45000, 0.0482952, -4.95345, 5.52301E-005, 73.0383
5728, 95.45834, 0.048358, -4.95351, 5.53076E-005, 73.0386
5728, 95.46667, 0.0484209, -4.95371, 5.53852E-005, 73.0387
5729, 95.47500, 0.0484837, -4.95406, 5.54628E-005, 73.0388
5729, 95.48333, 0.0485466, -4.95456, 5.55404E-005, 73.0386
5730, 95.49167, 0.0486095, -4.9552, 5.5618E-005, 73.0383
5730, 95.50000, 0.0486725, -4.95599, 5.56957E-005, 73.0379
5731, 95.50833, 0.0487354, -4.95692, 5.57734E-005, 73.0373
5731, 95.51667, 0.0487984, -4.958, 5.58512E-005, 73.0366
5731, 95.52500, 0.0488614, -4.95923, 5.5929E-005, 73.0357
5732, 95.53333, 0.0489244, -4.96059, 5.60068E-005, 73.0347
5733, 95.54166, 0.0489874, -4.9621, 5.60847E-005, 73.0335
5733, 95.55000, 0.0490504, -4.96376, 5.61626E-005, 73.0322
5734, 95.55833, 0.0491135, -4.96556, 5.62405E-005, 73.0308
5734, 95.56667, 0.0491766, -4.9675, 5.63185E-005, 73.0292
5735, 95.57500, 0.0492397, -4.96958, 5.63965E-005, 73.0275
5735, 95.58334, 0.0493028, -4.97181, 5.64746E-005, 73.0256
5736, 95.59167, 0.0493659, -4.97417, 5.65526E-005, 73.0236
5736, 95.60000, 0.0494291, -4.97668, 5.66308E-005, 73.0214
5737, 95.60833, 0.0494922, -4.97933, 5.67089E-005, 73.0191
5737, 95.61667, 0.0495554, -4.98213, 5.67871E-005, 73.0167
5738, 95.62500, 0.0496186, -4.98506, 5.68653E-005, 73.0141
5738, 95.63333, 0.0496818, -4.98813, 5.69436E-005, 73.0114
5739, 95.64167, 0.0497451, -4.99134, 5.70219E-005, 73.0085
5739, 95.65000, 0.0498084, -4.9947, 5.71002E-005, 73.0055
5739, 95.65833, 0.0498716, -4.99819, 5.71786E-005, 73.0024
5740, 95.66666, 0.0499349, -5.00182, 5.7257E-005, 72.9991
5741, 95.67500, 0.0499982, -5.00559, 5.73354E-005, 72.9957
5741, 95.68333, 0.0500616, -5.0095, 5.74139E-005, 72.9921
5742, 95.69167, 0.0501249, -5.01355, 5.74924E-005, 72.9884
5742, 95.70000, 0.0501883, -5.01774, 5.7571E-005, 72.9846
5743, 95.70834, 0.0502517, -5.02206, 5.76496E-005, 72.9806
5743, 95.71667, 0.0503151, -5.02652, 5.77282E-005, 72.9765
5744, 95.72500, 0.0503785, -5.03112, 5.78068E-005, 72.9723
5744, 95.73333, 0.0504419, -5.03586, 5.78855E-005, 72.9679
5745, 95.74167, 0.0505054, -5.04073, 5.79642E-005, 72.9634
5745, 95.75000, 0.0505688, -5.04574, 5.8043E-005, 72.9587
5746, 95.75833, 0.0506323, -5.05088, 5.81218E-005, 72.9539
5746, 95.76667, 0.0506958, -5.05617, 5.82006E-005, 72.949
5747, 95.77500, 0.0507593, -5.06158, 5.82794E-005, 72.9439
5747, 95.78333, 0.0508228, -5.06713, 5.83583E-005, 72.9387
5747, 95.79166, 0.0508864, -5.07282, 5.84372E-005, 72.9334
5748, 95.80000, 0.05095, -5.07864, 5.85162E-005, 72.9279
5749, 95.80833, 0.0510135, -5.0846, 5.85952E-005, 72.9223
5749, 95.81667, 0.0510771, -5.09069, 5.86742E-005, 72.9165
5750, 95.82500, 0.0511407, -5.09692, 5.87533E-005, 72.9107
5750, 95.83334, 0.0512044, -5.10328, 5.88324E-005, 72.9046
5751, 95.84167, 0.051268, -5.10977, 5.89115E-005, 72.8985
5751, 95.85000, 0.0513317, -5.1164, 5.89906E-005, 72.8922
5752, 95.85833, 0.0513953, -5.12316, 5.90698E-005, 72.8858
5752, 95.86667, 0.051459, -5.13005, 5.91491E-005, 72.8793
5753, 95.87500, 0.0515228, -5.13708, 5.92283E-005, 72.8726
5753, 95.88333, 0.0515865, -5.14423, 5.93076E-005, 72.8658
5754, 95.89167, 0.0516502, -5.15152, 5.93869E-005, 72.8588
5754, 95.90000, 0.051714, -5.15895, 5.94663E-005, 72.8518
5755, 95.90833, 0.0517777, -5.1665, 5.95457E-005, 72.8445
5755, 95.91666, 0.0518415, -5.17419, 5.96251E-005, 72.8372
5755, 95.92500, 0.0519053, -5.182, 5.97045E-005, 72.8297
5756, 95.93333, 0.0519691, -5.18995, 5.9784E-005, 72.8221
5757, 95.94167, 0.052033, -5.19803, 5.98635E-005, 72.8144
5757, 95.95000, 0.0520968, -5.20623, 5.99431E-005, 72.8065
5758, 95.95834, 0.0521607, -5.21457, 6.00227E-005, 72.7985
5758, 95.96667, 0.0522245, -5.22304, 6.01023E-005, 72.7904
5759, 95.97500, 0.0522884, -5.23164, 6.01819E-005, 72.7822
5759, 95.98333, 0.0523523, -5.24037, 6.02616E-005, 72.7738
5760, 95.99167, 0.0524162, -5.24923, 6.03413E-005, 72.7653
5760, 96.00000, 0.0524802, -5.25821, 6.04211E-005, 72.7566
5761, 96.00833, 0.0525441, -5.26733, 6.05008E-005, 72.7478
5761, 96.01667, 0.0526081, -5.27658, 6.05806E-005, 72.7389
5762, 96.02500, 0.052672, -5.28595, 6.06605E-005, 72.7299
5762, 96.03333, 0.052736, -5.29545, 6.07403E-005, 72.7208
5763, 96.04166, 0.0528, -5.30508, 6.08202E-005, 72.7115
5763, 96.05000, 0.052864, -5.31484, 6.09002E-005, 72.7021
5763, 96.05833, 0.052928, -5.32472, 6.09801E-005, 72.6925
5764, 96.06667, 0.0529921, -5.33474, 6.10601E-005, 72.6828
5765, 96.07500, 0.0530561, -5.34488, 6.11401E-005, 72.673
5765, 96.08334, 0.0531202, -5.35514, 6.12202E-005, 72.6631
5766, 96.09167, 0.0531843, -5.36554, 6.13003E-005, 72.6531
5766, 96.10000, 0.0532484, -5.37606, 6.13804E-005, 72.6429
5767, 96.10833, 0.0533125, -5.38671, 6.14605E-005, 72.6326
5767, 96.11667, 0.0533766, -5.39748, 6.15407E-005, 72.6222
5768, 96.12500, 0.0534407, -5.40838, 6.16209E-005, 72.6116
5768, 96.13333, 0.0535049, -5.4194, 6.17011E-005, 72.6009
5769, 96.14167, 0.053569, -5.43056, 6.17814E-005, 72.5901
5769, 96.15000, 0.0536332, -5.44183, 6.18617E-005, 72.5792
5770, 96.15833, 0.0536974, -5.45324, 6.1942E-005, 72.5681
5770, 96.16666, 0.0537616, -5.46476, 6.20224E-005, 72.5569
5771, 96.17500, 0.0538258, -5.47642, 6.21027E-005, 72.5456
5771, 96.18333, 0.05389, -5.48819, 6.21831E-005, 72.5342
5772, 96.19167, 0.0539542, -5.50009, 6.22636E-005, 72.5226
5772, 96.20000, 0.0540184, -5.51212, 6.23441E-005, 72.5109
5773, 96.20834, 0.0540827, -5.52427, 6.24245E-005, 72.4991
5773, 96.21667, 0.054147, -5.53655, 6.25051E-005, 72.4872
5774, 96.22500, 0.0542112, -5.54894, 6.25856E-005, 72.4751
5774, 96.23333, 0.0542755, -5.56146, 6.26662E-005, 72.4629
5775, 96.24167, 0.0543398, -5.57411, 6.27468E-005, 72.4506
5775, 96.25000, 0.0544041, -5.58688, 6.28275E-005, 72.4382
5776, 96.25833, 0.0544684, -5.59977, 6.29081E-005, 72.4256
5776, 96.26667, 0.0545328, -5.61279, 6.29888E-005, 72.413
5777, 96.27500, 0.0545971, -5.62592, 6.30695E-005, 72.4002
5777, 96.28333, 0.0546615, -5.63918, 6.31503E-005, 72.3872
5778, 96.29166, 0.0547258, -5.65257, 6.32311E-005, 72.3742
5778, 96.30000, 0.0547902, -5.66607, 6.33119E-005, 72.361
5779, 96.30833, 0.0548546, -5.6797, 6.33927E-005, 72.3477
5779, 96.31667, 0.054919, -5.69345, 6.34736E-005, 72.3343
5780, 96.32500, 0.0549834, -5.70732, 6.35545E-005, 72.3208
5780, 96.33334, 0.0550478, -5.72131, 6.36354E-005, 72.3071
5781, 96.34167, 0.0551122, -5.73543, 6.37163E-005, 72.2934
5781, 96.35000, 0.0551767, -5.74966, 6.37973E-005, 72.2795
5782, 96.35833, 0.0552411, -5.76402, 6.38783E-005, 72.2654
5782, 96.36667, 0.0553056, -5.7785, 6.39593E-005, 72.2513
5783, 96.37500, 0.05537, -5.7931, 6.40404E-005, 72.237
5783, 96.38333, 0.0554345, -5.80781, 6.41214E-005, 72.2227
5784, 96.39167, 0.055499, -5.82266, 6.42025E-005, 72.2081
5784, 96.40000, 0.0555635, -5.83761, 6.42837E-005, 72.1935
5785, 96.40833, 0.055628, -5.85269, 6.43648E-005, 72.1788
5785, 96.41666, 0.0556925, -5.8679, 6.4446E-005, 72.1639
5786, 96.42500, 0.055757, -5.88322, 6.45272E-005, 72.1489
5786, 96.43333, 0.0558215, -5.89866, 6.46084E-005, 72.1338
5787, 96.44167, 0.0558861, -5.91422, 6.46897E-005, 72.1186
5787, 96.45000, 0.0559506, -5.9299, 6.4771E-005, 72.1032
5788, 96.45834, 0.0560152, -5.94569, 6.48523E-005, 72.0878
5788, 96.46667, 0.0560797, -5.96161, 6.49336E-005, 72.0722
5789, 96.47500, 0.0561443, -5.97765, 6.5015E-005, 72.0565
5789, 96.48333, 0.0562089, -5.99381, 6.50964E-005, 72.0407
5790, 96.49167, 0.0562734, -6.01008, 6.51778E-005, 72.0247
5790, 96.50000, 0.056338, -6.02648, 6.52592E-005, 72.0087
5791, 96.50833, 0.0564026, -6.04299, 6.53406E-005, 71.9925
5791, 96.51667, 0.0564672, -6.05962, 6.54221E-005, 71.9762
5792, 96.52500, 0.0565319, -6.07637, 6.55036E-005, 71.9598
5792, 96.53333, 0.0565965, -6.09324, 6.55851E-005, 71.9432
5793, 96.54166, 0.0566611, -6.11022, 6.56667E-005, 71.9266
5793, 96.55000, 0.0567257, -6.12732, 6.57483E-005, 71.9098
5794, 96.55833, 0.0567904, -6.14454, 6.58299E-005, 71.8929
5794, 96.56667, 0.056855, -6.16188, 6.59115E-005, 71.8759
5795, 96.57500, 0.0569197, -6.17934, 6.59931E-005, 71.8588
5795, 96.58334, 0.0569843, -6.19691, 6.60748E-005, 71.8416
5796, 96.59167, 0.057049, -6.2146, 6.61565E-005, 71.8242
5796, 96.60000, 0.0571137, -6.23241, 6.62382E-005, 71.8067
5797, 96.60833, 0.0571784, -6.25033, 6.63199E-005, 71.7891
5797, 96.61667, 0.057243, -6.26838, 6.64017E-005, 71.7714
5798, 96.62500, 0.0573077, -6.28654, 6.64835E-005, 71.7536
5798, 96.63333, 0.0573724, -6.30481, 6.65653E-005, 71.7356
5799, 96.64167, 0.0574371, -6.3232, 6.66471E-005, 71.7176
5799, 96.65000, 0.0575018, -6.34171, 6.67289E-005, 71.6994
5800, 96.65833, 0.0575665, -6.36033, 6.68108E-005, 71.6811
5800, 96.66666, 0.0576313, -6.37907, 6.68927E-005, 71.6627
5801, 96.67500, 0.057696, -6.39793, 6.69746E-005, 71.6442
5801, 96.68333, 0.0577607, -6.4169, 6.70565E-005, 71.6255
5802, 96.69167, 0.0578254, -6.43599, 6.71385E-005, 71.6068
5802, 96.70000, 0.0578902, -6.45519, 6.72204E-005, 71.5879
5803, 96.70834, 0.0579549, -6.47451, 6.73024E-005, 71.5689
5803, 96.71667, 0.0580196, -6.49395, 6.73844E-005, 71.5498
5804, 96.72500, 0.0580844, -6.5135, 6.74664E-005, 71.5306
5804, 96.73333, 0.0581491, -6.53316, 6.75485E-005, 71.5112
5805, 96.74167, 0.0582139, -6.55295, 6.76306E-005, 71.4918
5805, 96.75000, 0.0582786, -6.57284, 6.77127E-005, 71.4722
5806, 96.75833, 0.0583434, -6.59285, 6.77948E-005, 71.4525
5806, 96.76667, 0.0584082, -6.61298, 6.78769E-005, 71.4327
5807, 96.77500, 0.0584729, -6.63322, 6.7959E-005, 71.4128
5807, 96.78333, 0.0585377, -6.65357, 6.80412E-005, 71.3928
5808, 96.79166, 0.0586025, -6.67404, 6.81234E-005, 71.3727
5808, 96.80000, 0.0586672, -6.69463, 6.82056E-005, 71.3524
5809, 96.80833, 0.058732, -6.71532, 6.82878E-005, 71.332
5809, 96.81667, 0.0587968, -6.73614, 6.837E-005, 71.3115
5810, 96.82500, 0.0588616, -6.75706, 6.84523E-005, 71.2909
5810, 96.83334, 0.0589264, -6.7781, 6.85346E-005, 71.2702
5811, 96.84167, 0.0589911, -6.79926, 6.86168E-005, 71.2494
5811, 96.85000, 0.0590559, -6.82053, 6.86992E-005, 71.2285
5812, 96.85833, 0.0591207, -6.84191, 6.87815E-005, 71.2074
5812, 96.86667, 0.0591855, -6.86341, 6.88638E-005, 71.1862
5813, 96.87500, 0.0592503, -6.88502, 6.89462E-005, 71.165
5813, 96.88333, 0.0593151, -6.90674, 6.90285E-005, 71.1436
5814, 96.89167, 0.0593799, -6.92858, 6.91109E-005, 71.122
5814, 96.90000, 0.0594446, -6.95052, 6.91933E-005, 71.1004
5815, 96.90833, 0.0595094, -6.97259, 6.92758E-005, 71.0787
5815, 96.91666, 0.0595742, -6.99476, 6.93582E-005, 71.0568
5816, 96.92500, 0.059639, -7.01705, 6.94407E-005, 71.0349
5816, 96.93333, 0.0597038, -7.03945, 6.95231E-005, 71.0128
5817, 96.94167, 0.0597686, -7.06197, 6.96056E-005, 70.9906
5817, 96.95000, 0.0598334, -7.0846, 6.96881E-005, 70.9683
5818, 96.95834, 0.0598982, -7.10734, 6.97706E-005, 70.9459
5818, 96.96667, 0.0599629, -7.13019, 6.98532E-005, 70.9233
5819, 96.97500, 0.0600277, -7.15316, 6.99357E-005, 70.9007
5819, 96.98333, 0.0600925, -7.17623, 7.00182E-005, 70.8779
5820, 96.99167, 0.0601573, -7.19943, 7.01008E-005, 70.8551
5820, 97.00000, 0.0602221, -7.22273, 7.01834E-005, 70.8321
5821, 97.00833, 0.0602868, -7.24614, 7.0266E-005, 70.809
5821, 97.01667, 0.0603516, -7.26967, 7.03486E-005, 70.7858
5822, 97.02500, 0.0604164, -7.29331, 7.04312E-005, 70.7625
5822, 97.03333, 0.0604812, -7.31706, 7.05139E-005, 70.7391
5823, 97.04166, 0.0605459, -7.34092, 7.05965E-005, 70.7155
5823, 97.05000, 0.0606107, -7.3649, 7.06792E-005, 70.6919
5824, 97.05833, 0.0606754, -7.38898, 7.07618E-005, 70.6681
5824, 97.06667, 0.0607402, -7.41319, 7.08445E-005, 70.6442
5825, 97.07500, 0.060805, -7.43749, 7.09272E-005, 70.6202
5825, 97.08334, 0.0608697, -7.46192, 7.10099E-005, 70.5961
5826, 97.09167, 0.0609345, -7.48645, 7.10926E-005, 70.5719
5826, 97.10000, 0.0609992, -7.51109, 7.11754E-005, 70.5476
5827, 97.10833, 0.0610639, -7.53585, 7.12581E-005, 70.5232
5827, 97.11667, 0.0611287, -7.56072, 7.13409E-005, 70.4986
5828, 97.12500, 0.0611934, -7.5857, 7.14236E-005, 70.474
5828, 97.13333, 0.0612581, -7.61078, 7.15064E-005, 70.4492
5829, 97.14167, 0.0613228, -7.63599, 7.15892E-005, 70.4243
5829, 97.15000, 0.0613875, -7.6613, 7.16719E-005, 70.3993
5830, 97.15833, 0.0614523, -7.68672, 7.17547E-005, 70.3742
5830, 97.16666, 0.061517, -7.71225, 7.18375E-005, 70.349
5831, 97.17500, 0.0615816, -7.7379, 7.19203E-005, 70.3237
5831, 97.18333, 0.0616463, -7.76365, 7.20032E-005, 70.2982
5832, 97.19167, 0.061711, -7.78952, 7.2086E-005, 70.2727
5832, 97.20000, 0.0617757, -7.81549, 7.21688E-005, 70.247
5833, 97.20834, 0.0618404, -7.84158, 7.22517E-005, 70.2213
5833, 97.21667, 0.061905, -7.86778, 7.23345E-005, 70.1954
5834, 97.22500, 0.0619697, -7.89408, 7.24174E-005, 70.1694
5834, 97.23333, 0.0620343, -7.9205, 7.25002E-005, 70.1433
5835, 97.24167, 0.062099, -7.94703, 7.25831E-005, 70.1171
5835, 97.25000, 0.0621636, -7.97367, 7.2666E-005, 70.0908
5836, 97.25833, 0.0622282, -8.00042, 7.27489E-005, 70.0643
5836, 97.26667, 0.0622928, -8.02728, 7.28318E-005, 70.0378
5837, 97.27500, 0.0623574, -8.05425, 7.29147E-005, 70.0111
5837, 97.28333, 0.062422, -8.08133, 7.29976E-005, 69.9844
5838, 97.29166, 0.0624866, -8.10852, 7.30805E-005, 69.9575
5838, 97.30000, 0.0625512, -8.13581, 7.31634E-005, 69.9305
5839, 97.30833, 0.0626157, -8.16322, 7.32463E-005, 69.9034
5839, 97.31667, 0.0626803, -8.19074, 7.33292E-005, 69.8762
5840, 97.32500, 0.0627448, -8.21837, 7.34121E-005, 69.8489
5840, 97.33334, 0.0628094, -8.24611, 7.3495E-005, 69.8215
5841, 97.34167, 0.0628739, -8.27396, 7.3578E-005, 69.794
5841, 97.35000, 0.0629384, -8.30192, 7.36609E-005, 69.7663
5842, 97.35833, 0.0630029, -8.32998, 7.37438E-005, 69.7386
5842, 97.36667, 0.0630674, -8.35816, 7.38268E-005, 69.7107
5843, 97.37500, 0.0631319, -8.38645, 7.39097E-005, 69.6827
5843, 97.38333, 0.0631964, -8.41484, 7.39926E-005, 69.6546
5844, 97.39167, 0.0632608, -8.44335, 7.40756E-005, 69.6264
5844, 97.40000, 0.0633253, -8.47196, 7.41585E-005, 69.5982
5845, 97.40833, 0.0633897, -8.50068, 7.42415E-005, 69.5697
5845, 97.41666, 0.0634541, -8.52952, 7.43244E-005, 69.5412
5846, 97.42500, 0.0635185, -8.55846, 7.44073E-005, 69.5126
5846, 97.43333, 0.0635829, -8.58751, 7.44903E-005, 69.4839
5847, 97.44167, 0.0636473, -8.61667, 7.45732E-005, 69.455
5847, 97.45000, 0.0637116, -8.64594, 7.46562E-005, 69.4261
5848, 97.45834, 0.063776, -8.67531, 7.47391E-005, 69.397
5848, 97.46667, 0.0638403, -8.7048, 7.4822E-005, 69.3678
5849, 97.47500, 0.0639046, -8.7344, 7.4905E-005, 69.3385
5849, 97.48333, 0.0639689, -8.7641, 7.49879E-005, 69.3091
5850, 97.49167, 0.0640332, -8.79392, 7.50708E-005, 69.2796
5850, 97.50000, 0.0640975, -8.82384, 7.51538E-005, 69.25
5851, 97.50833, 0.0641618, -8.85387, 7.52367E-005, 69.2203
5851, 97.51667, 0.064226, -8.88401, 7.53196E-005, 69.1905
5852, 97.52500, 0.0642902, -8.91426, 7.54025E-005, 69.1605
5852, 97.53333, 0.0643544, -8.94462, 7.54854E-005, 69.1305
5853, 97.54166, 0.0644186, -8.97509, 7.55684E-005, 69.1003
5853, 97.55000, 0.0644828, -9.00566, 7.56513E-005, 69.0701
5854, 97.55833, 0.064547, -9.03634, 7.57342E-005, 69.0397
5854, 97.56667, 0.0646111, -9.06714, 7.58171E-005, 69.0092
5855, 97.57500, 0.0646752, -9.09804, 7.59E-005, 68.9786
5855, 97.58334, 0.0647393, -9.12904, 7.59828E-005, 68.9479
5856, 97.59167, 0.0648034, -9.16016, 7.60657E-005, 68.9171
5856, 97.60000, 0.0648675, -9.19139, 7.61486E-005, 68.8862
5857, 97.60833, 0.0649315, -9.22272, 7.62314E-005, 68.8552
5857, 97.61667, 0.0649955, -9.25416, 7.63143E-005, 68.8241
5858, 97.62500, 0.0650595, -9.28571, 7.63971E-005, 68.7928
5858, 97.63333, 0.0651235, -9.31737, 7.648E-005, 68.7615
5859, 97.64167, 0.0651875, -9.34914, 7.65628E-005, 68.73
5859, 97.65000, 0.0652514, -9.38101, 7.66456E-005, 68.6984
5860, 97.65833, 0.0653153, -9.41299, 7.67284E-005, 68.6668
5860, 97.66666, 0.0653792, -9.44509, 7.68112E-005, 68.635
5861, 97.67500, 0.0654431, -9.47729, 7.6894E-005, 68.6031
5861, 97.68333, 0.065507, -9.50959, 7.69768E-005, 68.5711
5862, 97.69167, 0.0655708, -9.54201, 7.70596E-005, 68.539
5862, 97.70000, 0.0656346, -9.57453, 7.71423E-005, 68.5068
5863, 97.70834, 0.0656984, -9.60716, 7.72251E-005, 68.4745
5863, 97.71667, 0.0657622, -9.6399, 7.73078E-005, 68.442
5864, 97.72500, 0.0658259, -9.67275, 7.73905E-005, 68.4095
5864, 97.73333, 0.0658896, -9.7057, 7.74732E-005, 68.3768
5865, 97.74167, 0.0659533, -9.73877, 7.7556E-005, 68.3441
5865, 97.75000, 0.066017, -9.77194, 7.76386E-005, 68.3112
5866, 97.75833, 0.0660806, -9.80521, 7.77213E-005, 68.2783
5866, 97.76667, 0.0661442, -9.8386, 7.7804E-005, 68.2452
5867, 97.77500, 0.0662078, -9.87209, 7.78866E-005, 68.212
5867, 97.78333, 0.0662714, -9.90569, 7.79692E-005, 68.1787
5868, 97.79166, 0.0663349, -9.93941, 7.80518E-005, 68.1453
5868, 97.80000, 0.0663984, -9.97322, 7.81344E-005, 68.1118
5869, 97.80833, 0.0664619, -10.0071, 7.8217E-005, 68.0782
5869, 97.81667, 0.0665254, -10.0412, 7.82996E-005, 68.0444
5870, 97.82500, 0.0665888, -10.0753, 7.83821E-005, 68.0106
5870, 97.83334, 0.0666522, -10.1096, 7.84646E-005, 67.9767
5871, 97.84167, 0.0667156, -10.1439, 7.85471E-005, 67.9426
5871, 97.85000, 0.0667789, -10.1784, 7.86296E-005, 67.9084
5872, 97.85833, 0.0668423, -10.2129, 7.87121E-005, 67.8742
5872, 97.86667, 0.0669056, -10.2476, 7.87946E-005, 67.8398
5873, 97.87500, 0.0669688, -10.2824, 7.8877E-005, 67.8053
5873, 97.88333, 0.067032, -10.3173, 7.89594E-005, 67.7707
5874, 97.89167, 0.0670952, -10.3523, 7.90418E-005, 67.736
5874, 97.90000, 0.0671584, -10.3874, 7.91242E-005, 67.7012
5875, 97.90833, 0.0672215, -10.4226, 7.92065E-005, 67.6663
5875, 97.91666, 0.0672846, -10.4579, 7.92888E-005, 67.6313
5876, 97.92500, 0.0673477, -10.4934, 7.93711E-005, 67.5962
5876, 97.93333, 0.0674107, -10.5289, 7.94534E-005, 67.561
5877, 97.94167, 0.0674737, -10.5646, 7.95357E-005, 67.5256
5877, 97.95000, 0.0675367, -10.6003, 7.96179E-005, 67.4902
5878, 97.95834, 0.0675996, -10.6362, 7.97001E-005, 67.4546
5878, 97.96667, 0.0676626, -10.6721, 7.97823E-005, 67.419
5879, 97.97500, 0.0677254, -10.7082, 7.98645E-005, 67.3832
5879, 97.98333, 0.0677883, -10.7444, 7.99466E-005, 67.3473
5880, 97.99167, 0.0678511, -10.7807, 8.00287E-005, 67.3113
5880, 98.00000, 0.0679138, -10.8171, 8.01108E-005, 67.2752
5881, 98.00833, 0.0679766, -10.8536, 8.01928E-005, 67.239
5881, 98.01667, 0.0680393, -10.8902, 8.02749E-005, 67.2027
5882, 98.02500, 0.0681019, -10.9269, 8.03569E-005, 67.1663
5882, 98.03333, 0.0681645, -10.9637, 8.04388E-005, 67.1298
5883, 98.04166, 0.0682271, -11.0006, 8.05208E-005, 67.0932
5883, 98.05000, 0.0682897, -11.0377, 8.06027E-005, 67.0564
5884, 98.05833, 0.0683522, -11.0748, 8.06846E-005, 67.0196
5884, 98.06667, 0.0684146, -11.1121, 8.07664E-005, 66.9826
5885, 98.07500, 0.0684771, -11.1494, 8.08483E-005, 66.9456
5885, 98.08334, 0.0685394, -11.1869, 8.09301E-005, 66.9084
5886, 98.09167, 0.0686018, -11.2244, 8.10118E-005, 66.8711
5886, 98.10000, 0.0686641, -11.2621, 8.10936E-005, 66.8338
5887, 98.10833, 0.0687264, -11.2999, 8.11752E-005, 66.7963
5887, 98.11667, 0.0687886, -11.3378, 8.12569E-005, 66.7587
5888, 98.12500, 0.0688508, -11.3758, 8.13385E-005, 66.721
5888, 98.13333, 0.0689129, -11.4139, 8.14201E-005, 66.6832
5889, 98.14167, 0.068975, -11.4521, 8.15017E-005, 66.6453
5889, 98.15000, 0.0690371, -11.4904, 8.15832E-005, 66.6073
5890, 98.15833, 0.0690991, -11.5289, 8.16647E-005, 66.5691
5890, 98.16666, 0.0691611, -11.5674, 8.17462E-005, 66.5309
5891, 98.17500, 0.069223, -11.606, 8.18276E-005, 66.4926
5891, 98.18333, 0.0692849, -11.6448, 8.19089E-005, 66.4541
5892, 98.19167, 0.0693467, -11.6836, 8.19903E-005, 66.4156
5892, 98.20000, 0.0694085, -11.7226, 8.20716E-005, 66.3769
5893, 98.20834, 0.0694703, -11.7617, 8.21528E-005, 66.3381
5893, 98.21667, 0.069532, -11.8008, 8.22341E-005, 66.2992
5894, 98.22500, 0.0695936, -11.8401, 8.23153E-005, 66.2603
5894, 98.23333, 0.0696552, -11.8795, 8.23964E-005, 66.2212
5895, 98.24167, 0.0697168, -11.919, 8.24775E-005, 66.182
5895, 98.25000, 0.0697783, -11.9586, 8.25586E-005, 66.1427
5896, 98.25833, 0.0698398, -11.9983, 8.26396E-005, 66.1033
5896, 98.26667, 0.0699012, -12.0381, 8.27206E-005, 66.0638
5897, 98.27500, 0.0699626, -12.078, 8.28015E-005, 66.0241
5897, 98.28333, 0.0700239, -12.118, 8.28824E-005, 65.9844
5898, 98.29166, 0.0700852, -12.1582, 8.29632E-005, 65.9446
5898, 98.30000, 0.0701464, -12.1984, 8.3044E-005, 65.9046
5899, 98.30833, 0.0702075, -12.2388, 8.31247E-005, 65.8646
5899, 98.31667, 0.0702687, -12.2792, 8.32055E-005, 65.8244
5900, 98.32500, 0.0703297, -12.3198, 8.32861E-005, 65.7842
5900, 98.33334, 0.0703907, -12.3604, 8.33667E-005, 65.7438
5901, 98.34167, 0.0704517, -12.4012, 8.34473E-005, 65.7033
5901, 98.35000, 0.0705126, -12.4421, 8.35278E-005, 65.6627
5902, 98.35833, 0.0705734, -12.4831, 8.36083E-005, 65.622
5902, 98.36667, 0.0706342, -12.5242, 8.36887E-005, 65.5812
5903, 98.37500, 0.0706949, -12.5654, 8.3769E-005, 65.5403
5903, 98.38333, 0.0707556, -12.6067, 8.38494E-005, 65.4993
5904, 98.39167, 0.0708163, -12.6481, 8.39296E-005, 65.4582
5904, 98.40000, 0.0708768, -12.6896, 8.40098E-005, 65.417
5905, 98.40833, 0.0709373, -12.7312, 8.409E-005, 65.3757
5905, 98.41666, 0.0709978, -12.7729, 8.41701E-005, 65.3342
5906, 98.42500, 0.0710582, -12.8148, 8.42501E-005, 65.2927
5906, 98.43333, 0.0711185, -12.8567, 8.43301E-005, 65.251
5907, 98.44167, 0.0711788, -12.8988, 8.44101E-005, 65.2093
5907, 98.45000, 0.071239, -12.9409, 8.449E-005, 65.1674
5908, 98.45834, 0.0712992, -12.9832, 8.45698E-005, 65.1254
5908, 98.46667, 0.0713593, -13.0256, 8.46496E-005, 65.0834
5909, 98.47500, 0.0714193, -13.068, 8.47293E-005, 65.0412
5909, 98.48333, 0.0714793, -13.1106, 8.48089E-005, 64.9989
5910, 98.49167, 0.0715392, -13.1533, 8.48885E-005, 64.9565
5910, 98.50000, 0.0715991, -13.1961, 8.49681E-005, 64.914
5911, 98.50833, 0.0716588, -13.239, 8.50475E-005, 64.8714
5911, 98.51667, 0.0717186, -13.282, 8.51269E-005, 64.8287
5912, 98.52500, 0.0717782, -13.3251, 8.52063E-005, 64.7859
5912, 98.53333, 0.0718378, -13.3683, 8.52856E-005, 64.7429
5913, 98.54166, 0.0718974, -13.4116, 8.53648E-005, 64.6999
5913, 98.55000, 0.0719568, -13.4551, 8.5444E-005, 64.6568
5914, 98.55833, 0.0720162, -13.4986, 8.55231E-005, 64.6135
5914, 98.56667, 0.0720755, -13.5422, 8.56021E-005, 64.5702
5915, 98.57500, 0.0721348, -13.586, 8.56811E-005, 64.5267
5915, 98.58334, 0.072194, -13.6298, 8.576E-005, 64.4832
5916, 98.59167, 0.0722531, -13.6738, 8.58388E-005, 64.4395
5916, 98.60000, 0.0723122, -13.7179, 8.59176E-005, 64.3957
5917, 98.60833, 0.0723712, -13.762, 8.59963E-005, 64.3518
5917, 98.61667, 0.0724301, -13.8063, 8.60749E-005, 64.3078
5918, 98.62500, 0.0724889, -13.8507, 8.61534E-005, 64.2637
5918, 98.63333, 0.0725477, -13.8952, 8.62319E-005, 64.2195
5919, 98.64167, 0.0726064, -13.9398, 8.63104E-005, 64.1752
5919, 98.65000, 0.072665, -13.9845, 8.63887E-005, 64.1308
5920, 98.65833, 0.0727236, -14.0293, 8.6467E-005, 64.0863
5920, 98.66666, 0.0727821, -14.0742, 8.65452E-005, 64.0417
5921, 98.67500, 0.0728405, -14.1192, 8.66233E-005, 63.9969
5921, 98.68333, 0.0728988, -14.1643, 8.67013E-005, 63.9521
5922, 98.69167, 0.072957, -14.2096, 8.67793E-005, 63.9072
5922, 98.70000, 0.0730152, -14.2549, 8.68572E-005, 63.8621
5923, 98.70834, 0.0730733, -14.3004, 8.6935E-005, 63.817
5923, 98.71667, 0.0731314, -14.3459, 8.70128E-005, 63.7717
5924, 98.72500, 0.0731893, -14.3916, 8.70904E-005, 63.7263
5924, 98.73333, 0.0732472, -14.4373, 8.7168E-005, 63.6809
5925, 98.74167, 0.073305, -14.4832, 8.72455E-005, 63.6353
5925, 98.75000, 0.0733627, -14.5292, 8.7323E-005, 63.5896
5926, 98.75833, 0.0734203, -14.5752, 8.74003E-005, 63.5438
5926, 98.76667, 0.0734778, -14.6214, 8.74776E-005, 63.4979
5927, 98.77500, 0.0735353, -14.6677, 8.75547E-005, 63.4519
5927, 98.78333, 0.0735927, -14.7141, 8.76318E-005, 63.4058
5928, 98.79166, 0.07365, -14.7606, 8.77088E-005, 63.3596
5928, 98.80000, 0.0737072, -14.8072, 8.77858E-005, 63.3133
5929, 98.80833, 0.0737644, -14.8539, 8.78626E-005, 63.2668
5929, 98.81667, 0.0738214, -14.9007, 8.79394E-005, 63.2203
5930, 98.82500, 0.0738784, -14.9476, 8.8016E-005, 63.1737
5930, 98.83334, 0.0739352, -14.9947, 8.80926E-005, 63.1269
5931, 98.84167, 0.073992, -15.0418, 8.81691E-005, 63.0801
5931, 98.85000, 0.0740487, -15.089, 8.82455E-005, 63.0331
5932, 98.85833, 0.0741054, -15.1364, 8.83218E-005, 62.9861
5932, 98.86667, 0.0741619, -15.1838, 8.8398E-005, 62.9389
5933, 98.87500, 0.0742183, -15.2314, 8.84741E-005, 62.8916
5933, 98.88333, 0.0742747, -15.279, 8.85501E-005, 62.8443
5934, 98.89167, 0.0743309, -15.3268, 8.86261E-005, 62.7968
5934, 98.90000, 0.0743871, -15.3747, 8.87019E-005, 62.7492
5935, 98.90833, 0.0744432, -15.4227, 8.87777E-005, 62.7015
5935, 98.91666, 0.0744992, -15.4707, 8.88533E-005, 62.6537
5936, 98.92500, 0.074555, -15.5189, 8.89289E-005, 62.6058
5936, 98.93333, 0.0746108, -15.5672, 8.90043E-005, 62.5578
5937, 98.94167, 0.0746665, -15.6156, 8.90797E-005, 62.5097
5937, 98.95000, 0.0747221, -15.6641, 8.91549E-005, 62.4615
5938, 98.95834, 0.0747776, -15.7127, 8.92301E-005, 62.4131
5938, 98.96667, 0.0748331, -15.7614, 8.93051E-005, 62.3647
5939, 98.97500, 0.0748884, -15.8102, 8.93801E-005, 62.3162
5939, 98.98333, 0.0749436, -15.8592, 8.94549E-005, 62.2675
5940, 98.99167, 0.0749987, -15.9082, 8.95296E-005, 62.2188
5940, 99.00000, 0.0750537, -15.9573, 8.96043E-005, 62.1699
5941, 99.00833, 0.0751086, -16.0066, 8.96788E-005, 62.121
5941, 99.01667, 0.0751635, -16.0559, 8.97532E-005, 62.0719
5942, 99.02500, 0.0752182, -16.1054, 8.98275E-005, 62.0228
5942, 99.03333, 0.0752728, -16.1549, 8.99017E-005, 61.9735
5943, 99.04166, 0.0753273, -16.2046, 8.99758E-005, 61.9241
5943, 99.05000, 0.0753817, -16.2543, 9.00498E-005, 61.8746
5944, 99.05833, 0.075436, -16.3042, 9.01237E-005, 61.825
5944, 99.06667, 0.0754902, -16.3542, 9.01975E-005, 61.7754
5945, 99.07500, 0.0755443, -16.4042, 9.02711E-005, 61.7256
5945, 99.08334, 0.0755983, -16.4544, 9.03446E-005, 61.6757
5946, 99.09167, 0.0756522, -16.5047, 9.04181E-005, 61.6257
5946, 99.10000, 0.075706, -16.5551, 9.04914E-005, 61.5756
5947, 99.10833, 0.0757596, -16.6056, 9.05646E-005, 61.5253
5947, 99.11667, 0.0758132, -16.6562, 9.06376E-005, 61.475
5948, 99.12500, 0.0758666, -16.7069, 9.07106E-005, 61.4246
5948, 99.13333, 0.0759199, -16.7577, 9.07834E-005, 61.3741
5949, 99.14167, 0.0759732, -16.8086, 9.08561E-005, 61.3234
5949, 99.15000, 0.0760263, -16.8596, 9.09287E-005, 61.2727
5950, 99.15833, 0.0760793, -16.9107, 9.10012E-005, 61.2219
5950, 99.16666, 0.0761322, -16.9619, 9.10736E-005, 61.1709
5951, 99.17500, 0.0761849, -17.0133, 9.11458E-005, 61.1199
5951, 99.18333, 0.0762376, -17.0647, 9.12179E-005, 61.0687
5952, 99.19167, 0.0762901, -17.1162, 9.12898E-005, 61.0175
5952, 99.20000, 0.0763425, -17.1679, 9.13617E-005, 60.9661
5953, 99.20834, 0.0763948, -17.2196, 9.14334E-005, 60.9146
5953, 99.21667, 0.076447, -17.2715, 9.1505E-005, 60.8631
5954, 99.22500, 0.0764991, -17.3234, 9.15765E-005, 60.8114
5954, 99.23333, 0.076551, -17.3755, 9.16478E-005, 60.7596
5955, 99.24167, 0.0766028, -17.4276, 9.1719E-005, 60.7077
5955, 99.25000, 0.0766545, -17.4799, 9.179E-005, 60.6557
5956, 99.25833, 0.0767061, -17.5322, 9.1861E-005, 60.6037
5956, 99.26667, 0.0767576, -17.5847, 9.19318E-005, 60.5515
5957, 99.27500, 0.0768089, -17.6373, 9.20024E-005, 60.4992
5957, 99.28333, 0.0768601, -17.69, 9.20729E-005, 60.4468
5958, 99.29166, 0.0769112, -17.7428, 9.21433E-005, 60.3942
5958, 99.30000, 0.0769621, -17.7956, 9.22136E-005, 60.3416
5959, 99.30833, 0.077013, -17.8486, 9.22837E-005, 60.2889
5959, 99.31667, 0.0770637, -17.9017, 9.23536E-005, 60.2361
5960, 99.32500, 0.0771142, -17.9549, 9.24235E-005, 60.1832
5960, 99.33334, 0.0771647, -18.0082, 9.24931E-005, 60.1302
5961, 99.34167, 0.077215, -18.0616, 9.25627E-005, 60.077
5961, 99.35000, 0.0772652, -18.1151, 9.26321E-005, 60.0238
5962, 99.35833, 0.0773152, -18.1687, 9.27013E-005, 59.9705
5962, 99.36667, 0.0773651, -18.2224, 9.27704E-005, 59.9171
5963, 99.37500, 0.0774149, -18.2762, 9.28394E-005, 59.8635
5963, 99.38333, 0.0774645, -18.3301, 9.29082E-005, 59.8099
5964, 99.39167, 0.0775141, -18.3842, 9.29768E-005, 59.7561
5964, 99.40000, 0.0775634, -18.4383, 9.30453E-005, 59.7023
5965, 99.40833, 0.0776127, -18.4925, 9.31137E-005, 59.6483
5965, 99.41666, 0.0776618, -18.5468, 9.31819E-005, 59.5943
5966, 99.42500, 0.0777107, -18.6013, 9.32499E-005, 59.5401
5966, 99.43333, 0.0777595, -18.6558, 9.33178E-005, 59.4859
5967, 99.44167, 0.0778082, -18.7104, 9.33855E-005, 59.4315
5967, 99.45000, 0.0778567, -18.7652, 9.34531E-005, 59.377
5968, 99.45834, 0.0779051, -18.82, 9.35205E-005, 59.3225
5968, 99.46667, 0.0779534, -18.8749, 9.35878E-005, 59.2678
5969, 99.47500, 0.0780015, -18.93, 9.36548E-005, 59.213
5969, 99.48333, 0.0780495, -18.9851, 9.37218E-005, 59.1582
5970, 99.49167, 0.0780973, -19.0404, 9.37885E-005, 59.1032
5970, 99.50000, 0.078145, -19.0957, 9.38551E-005, 59.0481
5971, 99.50833, 0.0781925, -19.1512, 9.39216E-005, 58.9929
5971, 99.51667, 0.0782399, -19.2067, 9.39879E-005, 58.9377
5972, 99.52500, 0.0782871, -19.2624, 9.4054E-005, 58.8823
5972, 99.53333, 0.0783341, -19.3181, 9.41199E-005, 58.8268
5973, 99.54166, 0.0783811, -19.374, 9.41856E-005, 58.7712
5973, 99.55000, 0.0784278, -19.4299, 9.42512E-005, 58.7155
5974, 99.55833, 0.0784745, -19.486, 9.43167E-005, 58.6597
5974, 99.56667, 0.0785209, -19.5422, 9.43819E-005, 58.6038
5975, 99.57500, 0.0785672, -19.5984, 9.4447E-005, 58.5479
5975, 99.58334, 0.0786134, -19.6548, 9.45119E-005, 58.4918
5976, 99.59167, 0.0786594, -19.7112, 9.45766E-005, 58.4356
5976, 99.60000, 0.0787052, -19.7678, 9.46411E-005, 58.3793
5977, 99.60833, 0.0787509, -19.8245, 9.47055E-005, 58.3229
5977, 99.61667, 0.0787964, -19.8812, 9.47697E-005, 58.2664
5978, 99.62500, 0.0788418, -19.9381, 9.48337E-005, 58.2098
5978, 99.63333, 0.078887, -19.9951, 9.48975E-005, 58.1531
5979, 99.64167, 0.078932, -20.0521, 9.49612E-005, 58.0963
5979, 99.65000, 0.0789769, -20.1093, 9.50246E-005, 58.0394
5980, 99.65833, 0.0790216, -20.1666, 9.50879E-005, 57.9824
5980, 99.66666, 0.0790662, -20.2239, 9.5151E-005, 57.9253
5981, 99.67500, 0.0791105, -20.2814, 9.52138E-005, 57.8681
5981, 99.68333, 0.0791548, -20.339, 9.52765E-005, 57.8108
5982, 99.69167, 0.0791988, -20.3966, 9.5339E-005, 57.7534
5982, 99.70000, 0.0792427, -20.4544, 9.54014E-005, 57.6959
5983, 99.70834, 0.0792864, -20.5123, 9.54635E-005, 57.6383
5983, 99.71667, 0.0793299, -20.5702, 9.55254E-005, 57.5806
5984, 99.72500, 0.0793733, -20.6283, 9.55872E-005, 57.5228
5984, 99.73333, 0.0794165, -20.6865, 9.56487E-005, 57.4649
5985, 99.74167, 0.0794595, -20.7447, 9.571E-005, 57.4069
5985, 99.75000, 0.0795024, -20.8031, 9.57712E-005, 57.3488
5986, 99.75833, 0.079545, -20.8616, 9.58321E-005, 57.2906
5986, 99.76667, 0.0795875, -20.9201, 9.58928E-005, 57.2323
5987, 99.77500, 0.0796298, -20.9788, 9.59534E-005, 57.1739
5987, 99.78333, 0.079672, -21.0375, 9.60137E-005, 57.1154
5988, 99.79166, 0.0797139, -21.0964, 9.60738E-005, 57.0568
5988, 99.80000, 0.0797557, -21.1554, 9.61337E-005, 56.9981
5989, 99.80833, 0.0797973, -21.2144, 9.61934E-005, 56.9393
5989, 99.81667, 0.0798387, -21.2736, 9.62529E-005, 56.8804
5990, 99.82500, 0.0798799, -21.3328, 9.63122E-005, 56.8214
5990, 99.83334, 0.079921, -21.3922, 9.63713E-005, 56.7624
5991, 99.84167, 0.0799618, -21.4516, 9.64302E-005, 56.7032
5991, 99.85000, 0.0800025, -21.5112, 9.64888E-005, 56.6439
5992, 99.85833, 0.080043, -21.5708, 9.65472E-005, 56.5845
5992, 99.86667, 0.0800833, -21.6306, 9.66055E-005, 56.525
5993, 99.87500, 0.0801234, -21.6904, 9.66634E-005, 56.4655
5993, 99.88333, 0.0801633, -21.7503, 9.67212E-005, 56.4058
5994, 99.89167, 0.080203, -21.8104, 9.67788E-005, 56.346
5994, 99.90000, 0.0802426, -21.8705, 9.68361E-005, 56.2862
5995, 99.90833, 0.0802819, -21.9307, 9.68932E-005, 56.2262
5995, 99.91666, 0.0803211, -21.991, 9.69501E-005, 56.1661
5996, 99.92500, 0.08036, -22.0515, 9.70068E-005, 56.106
5996, 99.93333, 0.0803988, -22.112, 9.70632E-005, 56.0457
5997, 99.94167, 0.0804373, -22.1726, 9.71194E-005, 55.9854
5997, 99.95000, 0.0804757, -22.2333, 9.71754E-005, 55.9249
5998, 99.95834, 0.0805138, -22.2941, 9.72311E-005, 55.8644
5998, 99.96667, 0.0805518, -22.355, 9.72866E-005, 55.8037
5999, 99.97500, 0.0805895, -22.416, 9.73419E-005, 55.743
5999, 99.98333, 0.0806271, -22.4771, 9.73969E-005, 55.6822
6000, 99.99167, 0.0806644, -22.5383, 9.74517E-005, 55.6212
6000, 100.00000, 0.0807016, -22.5996, 9.75063E-005, 55.5602
