Freq, Harmonic, V1, VAngle1, V2, VAngle2, V3, VAngle3, I1, IAngle1, I2, IAngle2, I3, IAngle3
60, 1.00000, 14996.5, -3.35213, 14878.9, -124.425, 14906.1, 116.036, 2.7983, -27.0765, 5.15746, -152.794, 2.60464, 83.3013
60, 1.00833, 12104.1, -1.08088, 12659.7, -124.439, 12745.2, 116.799, 5.27562, -26.7823, 9.84684, -153.71, 4.92148, 83.0367
61, 1.01667, 0.280569, 47.3786, 9.07779, -31.3663, 9.34433, 148.972, 0.000173722, 111.042, 0.0032605, -58.9583, 0.00174599, 119.777
62, 1.02500, 0.282198, 47.004, 9.10618, -31.2296, 9.37388, 149.113, 0.000173628, 111.157, 0.00326399, -58.8098, 0.00174763, 119.929
62, 1.03333, 0.283836, 46.631, 9.13476, -31.0938, 9.40365, 149.253, 0.000173535, 111.272, 0.00326753, -58.663, 0.00174932, 120.08
63, 1.04167, 0.285485, 46.2596, 9.16355, -30.9589, 9.43363, 149.392, 0.000173445, 111.386, 0.00327113, -58.5177, 0.00175103, 120.229
63, 1.05000, 0.287145, 45.8897, 9.19254, -30.825, 9.46381, 149.53, 0.000173357, 111.499, 0.00327479, -58.374, 0.00175277, 120.376
63, 1.05833, 0.288814, 45.5215, 9.22173, -30.692, 9.49421, 149.667, 0.000173272, 111.612, 0.0032785, -58.2319, 0.00175454, 120.522
64, 1.06667, 0.290494, 45.1547, 9.25113, -30.5599, 9.52483, 149.804, 0.000173189, 111.724, 0.00328226, -58.0913, 0.00175635, 120.666
65, 1.07500, 0.292184, 44.7894, 9.28072, -30.4287, 9.55565, 149.939, 0.000173108, 111.835, 0.00328607, -57.9523, 0.00175818, 120.809
65, 1.08333, 0.293884, 44.4257, 9.31052, -30.2985, 9.58668, 150.073, 0.00017303, 111.945, 0.00328993, -57.8147, 0.00176004, 120.951
66, 1.09167, 0.295594, 44.0633, 9.34052, -30.1692, 9.61793, 150.207, 0.000172953, 112.055, 0.00329384, -57.6786, 0.00176193, 121.091
66, 1.10000, 0.297315, 43.7025, 9.37072, -30.0408, 9.64939, 150.339, 0.000172879, 112.164, 0.0032978, -57.544, 0.00176385, 121.229
66, 1.10833, 0.299046, 43.343, 9.40112, -29.9134, 9.68106, 150.471, 0.000172807, 112.273, 0.00330182, -57.4107, 0.0017658, 121.366
67, 1.11667, 0.300787, 42.9849, 9.43172, -29.787, 9.71294, 150.602, 0.000172737, 112.381, 0.00330588, -57.2789, 0.00176778, 121.502
68, 1.12500, 0.302539, 42.6282, 9.46252, -29.6615, 9.74503, 150.731, 0.00017267, 112.488, 0.00330999, -57.1484, 0.00176978, 121.636
68, 1.13333, 0.3043, 42.2729, 9.49352, -29.5369, 9.77733, 150.86, 0.000172604, 112.595, 0.00331414, -57.0194, 0.00177181, 121.77
69, 1.14167, 0.306072, 41.9188, 9.52473, -29.4133, 9.80985, 150.988, 0.000172541, 112.701, 0.00331835, -56.8916, 0.00177387, 121.901
69, 1.15000, 0.307854, 41.5661, 9.55614, -29.2907, 9.84257, 151.114, 0.000172479, 112.807, 0.0033226, -56.7652, 0.00177596, 122.032
69, 1.15833, 0.309647, 41.2147, 9.58774, -29.169, 9.87551, 151.24, 0.00017242, 112.912, 0.00332689, -56.64, 0.00177807, 122.161
70, 1.16667, 0.31145, 40.8645, 9.61955, -29.0483, 9.90866, 151.365, 0.000172362, 113.016, 0.00333123, -56.5162, 0.00178021, 122.289
71, 1.17500, 0.313263, 40.5156, 9.65156, -28.9285, 9.94202, 151.489, 0.000172307, 113.12, 0.00333562, -56.3936, 0.00178237, 122.415
71, 1.18333, 0.315087, 40.1679, 9.68377, -28.8097, 9.97559, 151.612, 0.000172254, 113.224, 0.00334005, -56.2722, 0.00178456, 122.54
72, 1.19167, 0.316921, 39.8213, 9.71618, -28.6919, 10.0094, 151.734, 0.000172203, 113.327, 0.00334453, -56.1521, 0.00178678, 122.665
72, 1.20000, 0.318765, 39.476, 9.74879, -28.575, 10.0434, 151.855, 0.000172153, 113.43, 0.00334905, -56.0332, 0.00178902, 122.787
72, 1.20833, 0.32062, 39.1318, 9.78161, -28.4591, 10.0776, 151.975, 0.000172106, 113.532, 0.00335361, -55.9156, 0.00179129, 122.909
73, 1.21667, 0.322485, 38.7887, 9.81462, -28.3442, 10.112, 152.094, 0.00017206, 113.633, 0.00335822, -55.799, 0.00179358, 123.03
74, 1.22500, 0.324361, 38.4467, 9.84784, -28.2302, 10.1466, 152.212, 0.000172017, 113.735, 0.00336287, -55.6837, 0.0017959, 123.149
74, 1.23333, 0.326247, 38.1059, 9.88125, -28.1173, 10.1815, 152.329, 0.000171975, 113.835, 0.00336756, -55.5695, 0.00179824, 123.267
75, 1.24167, 0.328143, 37.766, 9.91488, -28.0052, 10.2165, 152.445, 0.000171936, 113.936, 0.0033723, -55.4565, 0.00180061, 123.384
75, 1.25000, 0.33005, 37.4273, 9.94869, -27.8942, 10.2518, 152.56, 0.000171898, 114.036, 0.00337708, -55.3445, 0.001803, 123.501
75, 1.25833, 0.331968, 37.0895, 9.98271, -27.7841, 10.2873, 152.674, 0.000171862, 114.135, 0.0033819, -55.2337, 0.00180541, 123.615
76, 1.26667, 0.333896, 36.7527, 10.0169, -27.675, 10.323, 152.788, 0.000171828, 114.234, 0.00338676, -55.124, 0.00180785, 123.729
77, 1.27500, 0.335835, 36.417, 10.0514, -27.5669, 10.3589, 152.9, 0.000171796, 114.333, 0.00339166, -55.0154, 0.00181031, 123.842
77, 1.28333, 0.337785, 36.0822, 10.086, -27.4597, 10.395, 153.011, 0.000171766, 114.431, 0.00339661, -54.9078, 0.0018128, 123.954
78, 1.29167, 0.339745, 35.7483, 10.1208, -27.3535, 10.4313, 153.122, 0.000171737, 114.529, 0.00340159, -54.8013, 0.00181531, 124.064
78, 1.30000, 0.341716, 35.4153, 10.1559, -27.2483, 10.4679, 153.231, 0.000171711, 114.627, 0.00340662, -54.6958, 0.00181784, 124.174
78, 1.30833, 0.343697, 35.0833, 10.1911, -27.144, 10.5046, 153.339, 0.000171686, 114.724, 0.00341168, -54.5914, 0.0018204, 124.283
79, 1.31667, 0.34569, 34.752, 10.2265, -27.0407, 10.5416, 153.447, 0.000171663, 114.821, 0.00341679, -54.488, 0.00182298, 124.39
80, 1.32500, 0.347693, 34.4217, 10.2622, -26.9384, 10.5788, 153.553, 0.000171642, 114.917, 0.00342194, -54.3856, 0.00182559, 124.497
80, 1.33333, 0.349706, 34.0922, 10.298, -26.8371, 10.6162, 153.659, 0.000171622, 115.014, 0.00342712, -54.2842, 0.00182821, 124.602
81, 1.34167, 0.351731, 33.7635, 10.3341, -26.7367, 10.6538, 153.763, 0.000171605, 115.109, 0.00343235, -54.1838, 0.00183086, 124.707
81, 1.35000, 0.353767, 33.4356, 10.3703, -26.6373, 10.6916, 153.867, 0.000171589, 115.205, 0.00343762, -54.0844, 0.00183354, 124.811
81, 1.35833, 0.355813, 33.1085, 10.4068, -26.5388, 10.7297, 153.969, 0.000171575, 115.3, 0.00344292, -53.9859, 0.00183623, 124.913
82, 1.36667, 0.357871, 32.7821, 10.4434, -26.4413, 10.768, 154.071, 0.000171562, 115.395, 0.00344827, -53.8884, 0.00183895, 125.015
83, 1.37500, 0.359939, 32.4565, 10.4803, -26.3448, 10.8064, 154.172, 0.000171552, 115.49, 0.00345365, -53.7918, 0.00184169, 125.116
83, 1.38333, 0.362018, 32.1315, 10.5174, -26.2492, 10.8451, 154.272, 0.000171543, 115.584, 0.00345907, -53.6962, 0.00184446, 125.216
84, 1.39167, 0.364109, 31.8073, 10.5546, -26.1546, 10.8841, 154.371, 0.000171535, 115.678, 0.00346454, -53.6015, 0.00184725, 125.315
84, 1.40000, 0.36621, 31.4837, 10.5921, -26.061, 10.9232, 154.468, 0.00017153, 115.772, 0.00347004, -53.5077, 0.00185005, 125.413
84, 1.40833, 0.368323, 31.1608, 10.6298, -25.9683, 10.9625, 154.565, 0.000171526, 115.865, 0.00347558, -53.4149, 0.00185289, 125.51
85, 1.41667, 0.370447, 30.8385, 10.6677, -25.8766, 11.0021, 154.661, 0.000171524, 115.958, 0.00348116, -53.3229, 0.00185574, 125.606
86, 1.42500, 0.372582, 30.5168, 10.7058, -25.7859, 11.0419, 154.756, 0.000171524, 116.051, 0.00348677, -53.2318, 0.00185862, 125.701
86, 1.43333, 0.374728, 30.1958, 10.7441, -25.6961, 11.0819, 154.85, 0.000171525, 116.144, 0.00349243, -53.1416, 0.00186152, 125.796
87, 1.44167, 0.376885, 29.8752, 10.7826, -25.6072, 11.1221, 154.944, 0.000171528, 116.236, 0.00349812, -53.0523, 0.00186444, 125.889
87, 1.45000, 0.379054, 29.5553, 10.8213, -25.5193, 11.1626, 155.036, 0.000171533, 116.328, 0.00350385, -52.9639, 0.00186738, 125.982
87, 1.45833, 0.381234, 29.2359, 10.8602, -25.4324, 11.2032, 155.127, 0.000171539, 116.42, 0.00350962, -52.8763, 0.00187035, 126.074
88, 1.46667, 0.383425, 28.917, 10.8994, -25.3464, 11.2441, 155.217, 0.000171547, 116.512, 0.00351543, -52.7895, 0.00187334, 126.165
89, 1.47500, 0.385628, 28.5986, 10.9387, -25.2614, 11.2852, 155.307, 0.000171557, 116.603, 0.00352128, -52.7036, 0.00187635, 126.255
89, 1.48333, 0.387842, 28.2807, 10.9783, -25.1773, 11.3266, 155.395, 0.000171568, 116.694, 0.00352716, -52.6186, 0.00187938, 126.345
90, 1.49167, 0.390068, 27.9632, 11.018, -25.0941, 11.3681, 155.483, 0.000171581, 116.785, 0.00353309, -52.5343, 0.00188244, 126.433
90, 1.50000, 0.392305, 27.6461, 11.058, -25.0119, 11.4099, 155.57, 0.000171595, 116.876, 0.00353905, -52.4509, 0.00188551, 126.521
90, 1.50833, 0.394554, 27.3295, 11.0982, -24.9307, 11.4519, 155.655, 0.000171611, 116.966, 0.00354505, -52.3683, 0.00188861, 126.608
91, 1.51667, 0.396814, 27.0133, 11.1386, -24.8504, 11.4941, 155.74, 0.000171629, 117.056, 0.00355109, -52.2865, 0.00189173, 126.694
92, 1.52500, 0.399086, 26.6975, 11.1792, -24.771, 11.5366, 155.824, 0.000171649, 117.146, 0.00355716, -52.2056, 0.00189488, 126.78
92, 1.53333, 0.40137, 26.3821, 11.22, -24.6926, 11.5793, 155.907, 0.00017167, 117.236, 0.00356328, -52.1254, 0.00189804, 126.864
93, 1.54167, 0.403665, 26.0669, 11.261, -24.6151, 11.6222, 155.989, 0.000171692, 117.326, 0.00356943, -52.046, 0.00190123, 126.948
93, 1.55000, 0.405972, 25.7522, 11.3022, -24.5386, 11.6653, 156.07, 0.000171716, 117.415, 0.00357562, -51.9674, 0.00190444, 127.031
93, 1.55833, 0.408291, 25.4377, 11.3437, -24.463, 11.7087, 156.15, 0.000171742, 117.504, 0.00358185, -51.8895, 0.00190767, 127.113
94, 1.56667, 0.410622, 25.1235, 11.3853, -24.3883, 11.7523, 156.23, 0.00017177, 117.593, 0.00358811, -51.8125, 0.00191093, 127.195
94, 1.57500, 0.412964, 24.8096, 11.4272, -24.3145, 11.7961, 156.308, 0.000171798, 117.682, 0.00359442, -51.7362, 0.00191421, 127.275
95, 1.58333, 0.415318, 24.496, 11.4693, -24.2417, 11.8401, 156.385, 0.000171829, 117.77, 0.00360076, -51.6606, 0.00191751, 127.355
96, 1.59167, 0.417685, 24.1825, 11.5116, -24.1698, 11.8844, 156.462, 0.000171861, 117.859, 0.00360714, -51.5858, 0.00192083, 127.435
96, 1.60000, 0.420063, 23.8693, 11.5541, -24.0989, 11.9289, 156.538, 0.000171895, 117.947, 0.00361356, -51.5118, 0.00192417, 127.513
96, 1.60833, 0.422453, 23.5564, 11.5969, -24.0289, 11.9737, 156.613, 0.00017193, 118.035, 0.00362002, -51.4385, 0.00192754, 127.591
97, 1.61667, 0.424855, 23.2435, 11.6398, -23.9598, 12.0186, 156.686, 0.000171967, 118.123, 0.00362651, -51.3659, 0.00193093, 127.668
98, 1.62500, 0.427269, 22.9309, 11.683, -23.8916, 12.0638, 156.759, 0.000172005, 118.21, 0.00363305, -51.2941, 0.00193434, 127.744
98, 1.63333, 0.429694, 22.6184, 11.7264, -23.8243, 12.1093, 156.832, 0.000172045, 118.298, 0.00363962, -51.223, 0.00193777, 127.82
99, 1.64167, 0.432133, 22.306, 11.77, -23.758, 12.155, 156.903, 0.000172086, 118.385, 0.00364623, -51.1527, 0.00194123, 127.894
99, 1.65000, 0.434583, 21.9938, 11.8138, -23.6926, 12.2009, 156.973, 0.000172129, 118.472, 0.00365288, -51.083, 0.0019447, 127.969
99, 1.65833, 0.437045, 21.6816, 11.8578, -23.6281, 12.247, 157.043, 0.000172174, 118.559, 0.00365957, -51.0141, 0.00194821, 128.042
100, 1.66667, 0.43952, 21.3695, 11.9021, -23.5645, 12.2934, 157.111, 0.00017222, 118.646, 0.0036663, -50.9459, 0.00195173, 128.115
101, 1.67500, 0.442006, 21.0575, 11.9466, -23.5018, 12.34, 157.179, 0.000172268, 118.733, 0.00367306, -50.8784, 0.00195527, 128.187
101, 1.68333, 0.444505, 20.7456, 11.9913, -23.4401, 12.3869, 157.246, 0.000172317, 118.82, 0.00367987, -50.8116, 0.00195884, 128.258
102, 1.69167, 0.447016, 20.4336, 12.0362, -23.3792, 12.434, 157.312, 0.000172368, 118.906, 0.00368671, -50.7455, 0.00196244, 128.329
102, 1.70000, 0.449539, 20.1217, 12.0814, -23.3193, 12.4814, 157.377, 0.00017242, 118.992, 0.00369359, -50.6801, 0.00196605, 128.398
102, 1.70833, 0.452074, 19.8098, 12.1267, -23.2602, 12.529, 157.441, 0.000172474, 119.078, 0.00370052, -50.6154, 0.00196969, 128.468
103, 1.71667, 0.454621, 19.4978, 12.1723, -23.2021, 12.5768, 157.504, 0.000172529, 119.165, 0.00370748, -50.5513, 0.00197335, 128.536
104, 1.72500, 0.457181, 19.1858, 12.2182, -23.1449, 12.6249, 157.567, 0.000172586, 119.25, 0.00371448, -50.488, 0.00197703, 128.604
104, 1.73333, 0.459753, 18.8737, 12.2642, -23.0886, 12.6732, 157.628, 0.000172644, 119.336, 0.00372152, -50.4254, 0.00198074, 128.671
105, 1.74167, 0.462338, 18.5616, 12.3105, -23.0332, 12.7218, 157.689, 0.000172704, 119.422, 0.0037286, -50.3634, 0.00198447, 128.738
105, 1.75000, 0.464934, 18.2493, 12.357, -22.9787, 12.7706, 157.749, 0.000172766, 119.507, 0.00373571, -50.3021, 0.00198822, 128.804
105, 1.75833, 0.467543, 17.937, 12.4037, -22.9251, 12.8197, 157.808, 0.000172829, 119.593, 0.00374287, -50.2414, 0.001992, 128.869
106, 1.76667, 0.470164, 17.6245, 12.4507, -22.8724, 12.869, 157.866, 0.000172893, 119.678, 0.00375007, -50.1815, 0.00199579, 128.933
107, 1.77500, 0.472797, 17.3119, 12.4978, -22.8206, 12.9186, 157.923, 0.000172959, 119.763, 0.00375731, -50.1222, 0.00199962, 128.997
107, 1.78333, 0.475443, 16.9992, 12.5453, -22.7697, 12.9684, 157.98, 0.000173027, 119.848, 0.00376459, -50.0635, 0.00200346, 129.06
108, 1.79167, 0.478101, 16.6862, 12.5929, -22.7196, 13.0185, 158.036, 0.000173096, 119.933, 0.00377191, -50.0056, 0.00200733, 129.123
108, 1.80000, 0.480771, 16.3731, 12.6408, -22.6705, 13.0689, 158.09, 0.000173166, 120.018, 0.00377926, -49.9482, 0.00201123, 129.185
108, 1.80833, 0.483453, 16.0598, 12.6889, -22.6223, 13.1194, 158.144, 0.000173239, 120.103, 0.00378666, -49.8916, 0.00201514, 129.246
109, 1.81667, 0.486147, 15.7462, 12.7372, -22.5749, 13.1703, 158.197, 0.000173312, 120.188, 0.0037941, -49.8356, 0.00201909, 129.307
109, 1.82500, 0.488854, 15.4324, 12.7858, -22.5285, 13.2214, 158.25, 0.000173388, 120.272, 0.00380158, -49.7802, 0.00202305, 129.367
110, 1.83333, 0.491573, 15.1184, 12.8346, -22.4829, 13.2728, 158.301, 0.000173464, 120.357, 0.0038091, -49.7255, 0.00202704, 129.426
111, 1.84167, 0.494304, 14.8041, 12.8836, -22.4382, 13.3244, 158.352, 0.000173543, 120.441, 0.00381667, -49.6714, 0.00203105, 129.485
111, 1.85000, 0.497047, 14.4895, 12.9329, -22.3945, 13.3763, 158.401, 0.000173623, 120.526, 0.00382427, -49.618, 0.00203509, 129.543
111, 1.85833, 0.499802, 14.1746, 12.9824, -22.3516, 13.4285, 158.45, 0.000173704, 120.61, 0.00383191, -49.5652, 0.00203915, 129.6
112, 1.86667, 0.502569, 13.8594, 13.0322, -22.3095, 13.4809, 158.498, 0.000173787, 120.694, 0.0038396, -49.5131, 0.00204324, 129.657
113, 1.87500, 0.505349, 13.5438, 13.0821, -22.2684, 13.5336, 158.545, 0.000173872, 120.778, 0.00384733, -49.4616, 0.00204735, 129.713
113, 1.88333, 0.50814, 13.228, 13.1324, -22.2281, 13.5865, 158.592, 0.000173958, 120.862, 0.0038551, -49.4107, 0.00205149, 129.768
114, 1.89167, 0.510943, 12.9117, 13.1828, -22.1888, 13.6398, 158.637, 0.000174046, 120.946, 0.00386291, -49.3605, 0.00205565, 129.823
114, 1.90000, 0.513758, 12.5951, 13.2335, -22.1503, 13.6932, 158.682, 0.000174135, 121.03, 0.00387076, -49.3109, 0.00205983, 129.877
114, 1.90833, 0.516585, 12.2781, 13.2845, -22.1127, 13.747, 158.726, 0.000174226, 121.114, 0.00387865, -49.2619, 0.00206404, 129.931
115, 1.91667, 0.519423, 11.9606, 13.3357, -22.0759, 13.8011, 158.769, 0.000174318, 121.198, 0.00388659, -49.2136, 0.00206828, 129.984
116, 1.92500, 0.522273, 11.6428, 13.3871, -22.0401, 13.8554, 158.812, 0.000174412, 121.282, 0.00389457, -49.1659, 0.00207254, 130.036
116, 1.93333, 0.525135, 11.3246, 13.4387, -22.0051, 13.91, 158.853, 0.000174508, 121.366, 0.00390259, -49.1188, 0.00207682, 130.088
117, 1.94167, 0.528008, 11.0058, 13.4907, -21.971, 13.9649, 158.894, 0.000174606, 121.45, 0.00391066, -49.0723, 0.00208113, 130.139
117, 1.95000, 0.530893, 10.6866, 13.5428, -21.9377, 14.02, 158.933, 0.000174705, 121.533, 0.00391876, -49.0265, 0.00208547, 130.19
117, 1.95833, 0.533789, 10.367, 13.5952, -21.9054, 14.0754, 158.973, 0.000174805, 121.617, 0.00392691, -48.9813, 0.00208983, 130.24
118, 1.96667, 0.536696, 10.0468, 13.6479, -21.8739, 14.1312, 159.011, 0.000174907, 121.701, 0.00393511, -48.9366, 0.00209422, 130.289
119, 1.97500, 0.539615, 9.72618, 13.7008, -21.8433, 14.1872, 159.048, 0.000175011, 121.784, 0.00394335, -48.8927, 0.00209864, 130.338
119, 1.98333, 0.542544, 9.40503, 13.7539, -21.8135, 14.2435, 159.085, 0.000175117, 121.868, 0.00395163, -48.8493, 0.00210308, 130.386
120, 1.99167, 0.545485, 9.08331, 13.8073, -21.7846, 14.3001, 159.12, 0.000175224, 121.952, 0.00395995, -48.8066, 0.00210754, 130.433
120, 2.00000, 0.548436, 8.76108, 13.861, -21.7566, 14.3569, 159.155, 0.000175333, 122.035, 0.00396832, -48.7644, 0.00211203, 130.48
120, 2.00833, 0.551398, 8.4383, 13.9149, -21.7295, 14.4141, 159.19, 0.000175444, 122.119, 0.00397673, -48.7229, 0.00211655, 130.526
121, 2.01667, 0.55437, 8.11492, 13.969, -21.7032, 14.4715, 159.223, 0.000175556, 122.202, 0.00398519, -48.682, 0.0021211, 130.572
122, 2.02500, 0.557353, 7.79099, 14.0234, -21.6778, 14.5293, 159.256, 0.00017567, 122.286, 0.00399369, -48.6417, 0.00212567, 130.617
122, 2.03333, 0.560346, 7.46648, 14.0781, -21.6533, 14.5874, 159.287, 0.000175786, 122.37, 0.00400223, -48.6021, 0.00213027, 130.661
123, 2.04167, 0.56335, 7.14132, 14.133, -21.6296, 14.6457, 159.318, 0.000175903, 122.453, 0.00401083, -48.563, 0.0021349, 130.705
123, 2.05000, 0.566363, 6.81559, 14.1882, -21.6068, 14.7044, 159.348, 0.000176023, 122.537, 0.00401946, -48.5246, 0.00213955, 130.748
123, 2.05833, 0.569386, 6.48924, 14.2436, -21.5848, 14.7633, 159.378, 0.000176144, 122.62, 0.00402814, -48.4868, 0.00214423, 130.791
124, 2.06667, 0.572419, 6.16221, 14.2993, -21.5637, 14.8226, 159.406, 0.000176267, 122.704, 0.00403687, -48.4495, 0.00214894, 130.833
125, 2.07500, 0.57546, 5.83457, 14.3552, -21.5435, 14.8822, 159.434, 0.000176391, 122.788, 0.00404564, -48.4129, 0.00215368, 130.874
125, 2.08333, 0.578512, 5.50628, 14.4114, -21.5241, 14.942, 159.461, 0.000176518, 122.871, 0.00405446, -48.3769, 0.00215844, 130.915
126, 2.09167, 0.581572, 5.17729, 14.4679, -21.5056, 15.0022, 159.487, 0.000176646, 122.955, 0.00406332, -48.3415, 0.00216323, 130.955
126, 2.10000, 0.584641, 4.84766, 14.5246, -21.488, 15.0627, 159.512, 0.000176777, 123.038, 0.00407223, -48.3068, 0.00216805, 130.994
126, 2.10833, 0.587719, 4.51734, 14.5815, -21.4712, 15.1236, 159.537, 0.000176909, 123.122, 0.00408118, -48.2726, 0.0021729, 131.033
127, 2.11667, 0.590805, 4.1863, 14.6388, -21.4553, 15.1847, 159.561, 0.000177043, 123.206, 0.00409019, -48.239, 0.00217777, 131.072
128, 2.12500, 0.593899, 3.8546, 14.6963, -21.4402, 15.2462, 159.584, 0.000177179, 123.29, 0.00409924, -48.2061, 0.00218268, 131.109
128, 2.13333, 0.597001, 3.52219, 14.754, -21.426, 15.3079, 159.606, 0.000177317, 123.373, 0.00410833, -48.1737, 0.00218761, 131.146
129, 2.14167, 0.600111, 3.18903, 14.8121, -21.4127, 15.3701, 159.627, 0.000177457, 123.457, 0.00411747, -48.142, 0.00219257, 131.183
129, 2.15000, 0.603227, 2.85518, 14.8704, -21.4002, 15.4325, 159.648, 0.000177599, 123.541, 0.00412666, -48.1109, 0.00219756, 131.219
129, 2.15833, 0.606351, 2.52061, 14.9289, -21.3885, 15.4953, 159.667, 0.000177743, 123.625, 0.0041359, -48.0804, 0.00220258, 131.254
130, 2.16667, 0.609482, 2.18527, 14.9878, -21.3777, 15.5584, 159.686, 0.000177889, 123.709, 0.00414518, -48.0505, 0.00220763, 131.289
131, 2.17500, 0.61262, 1.84923, 15.0469, -21.3678, 15.6218, 159.705, 0.000178037, 123.793, 0.00415452, -48.0212, 0.00221271, 131.323
131, 2.18333, 0.615763, 1.51245, 15.1062, -21.3587, 15.6856, 159.722, 0.000178187, 123.877, 0.0041639, -47.9925, 0.00221782, 131.356
132, 2.19167, 0.618912, 1.17489, 15.1659, -21.3505, 15.7497, 159.739, 0.000178339, 123.961, 0.00417333, -47.9644, 0.00222296, 131.389
132, 2.20000, 0.622067, 0.836613, 15.2258, -21.3432, 15.8141, 159.754, 0.000178494, 124.045, 0.0041828, -47.937, 0.00222813, 131.421
132, 2.20833, 0.625227, 0.49759, 15.2859, -21.3366, 15.8789, 159.769, 0.00017865, 124.129, 0.00419233, -47.9101, 0.00223333, 131.453
133, 2.21667, 0.628392, 0.157774, 15.3464, -21.331, 15.9441, 159.783, 0.000178809, 124.213, 0.0042019, -47.8839, 0.00223856, 131.484
134, 2.22500, 0.631561, -0.182754, 15.4071, -21.3262, 16.0096, 159.797, 0.00017897, 124.298, 0.00421152, -47.8582, 0.00224382, 131.514
134, 2.23333, 0.634734, -0.524035, 15.4681, -21.3222, 16.0754, 159.809, 0.000179133, 124.382, 0.0042212, -47.8332, 0.00224911, 131.544
135, 2.24167, 0.637911, -0.86611, 15.5294, -21.3191, 16.1416, 159.821, 0.000179299, 124.466, 0.00423092, -47.8088, 0.00225443, 131.573
135, 2.25000, 0.641091, -1.20889, 15.5909, -21.3168, 16.2082, 159.832, 0.000179467, 124.551, 0.00424069, -47.785, 0.00225978, 131.601
135, 2.25833, 0.644274, -1.55243, 15.6527, -21.3154, 16.2751, 159.842, 0.000179638, 124.635, 0.00425051, -47.7618, 0.00226517, 131.629
136, 2.26667, 0.64746, -1.89675, 15.7148, -21.3148, 16.3424, 159.852, 0.00017981, 124.719, 0.00426038, -47.7392, 0.00227058, 131.657
137, 2.27500, 0.650647, -2.24177, 15.7772, -21.3151, 16.41, 159.86, 0.000179985, 124.804, 0.0042703, -47.7173, 0.00227603, 131.683
137, 2.28333, 0.653836, -2.58753, 15.8398, -21.3162, 16.478, 159.868, 0.000180163, 124.888, 0.00428027, -47.6959, 0.00228151, 131.709
138, 2.29167, 0.657027, -2.93406, 15.9028, -21.3182, 16.5464, 159.875, 0.000180343, 124.973, 0.0042903, -47.6752, 0.00228702, 131.735
138, 2.30000, 0.660217, -3.28128, 15.966, -21.321, 16.6152, 159.881, 0.000180526, 125.058, 0.00430037, -47.6551, 0.00229257, 131.759
138, 2.30833, 0.663408, -3.62921, 16.0295, -21.3246, 16.6843, 159.886, 0.000180711, 125.142, 0.00431049, -47.6356, 0.00229814, 131.784
139, 2.31667, 0.666599, -3.97789, 16.0932, -21.3291, 16.7538, 159.891, 0.000180899, 125.227, 0.00432067, -47.6167, 0.00230375, 131.807
140, 2.32500, 0.669788, -4.32722, 16.1573, -21.3344, 16.8237, 159.894, 0.00018109, 125.312, 0.00433089, -47.5984, 0.0023094, 131.83
140, 2.33333, 0.672976, -4.67724, 16.2216, -21.3406, 16.894, 159.897, 0.000181283, 125.396, 0.00434117, -47.5807, 0.00231507, 131.852
141, 2.34167, 0.676163, -5.02798, 16.2862, -21.3476, 16.9647, 159.899, 0.000181479, 125.481, 0.0043515, -47.5637, 0.00232078, 131.874
141, 2.35000, 0.679347, -5.37933, 16.3511, -21.3555, 17.0358, 159.901, 0.000181678, 125.566, 0.00436188, -47.5472, 0.00232652, 131.895
141, 2.35833, 0.682527, -5.73132, 16.4163, -21.3641, 17.1072, 159.901, 0.000181879, 125.651, 0.00437232, -47.5314, 0.0023323, 131.915
142, 2.36667, 0.685705, -6.08399, 16.4818, -21.3737, 17.1791, 159.9, 0.000182084, 125.735, 0.0043828, -47.5162, 0.00233811, 131.935
143, 2.37500, 0.688878, -6.43722, 16.5476, -21.384, 17.2514, 159.899, 0.000182291, 125.82, 0.00439334, -47.5017, 0.00234395, 131.954
143, 2.38333, 0.692046, -6.79104, 16.6136, -21.3952, 17.3241, 159.897, 0.000182501, 125.905, 0.00440393, -47.4877, 0.00234983, 131.972
144, 2.39167, 0.69521, -7.14547, 16.68, -21.4072, 17.3972, 159.894, 0.000182715, 125.99, 0.00441458, -47.4744, 0.00235575, 131.99
144, 2.40000, 0.698367, -7.5004, 16.7466, -21.42, 17.4706, 159.89, 0.000182931, 126.075, 0.00442528, -47.4617, 0.0023617, 132.007
144, 2.40833, 0.701517, -7.85586, 16.8135, -21.4337, 17.5446, 159.886, 0.00018315, 126.159, 0.00443603, -47.4496, 0.00236768, 132.024
145, 2.41667, 0.704661, -8.21186, 16.8807, -21.4482, 17.6189, 159.88, 0.000183373, 126.244, 0.00444683, -47.4381, 0.0023737, 132.039
146, 2.42500, 0.707797, -8.56828, 16.9482, -21.4635, 17.6936, 159.874, 0.000183599, 126.329, 0.00445769, -47.4272, 0.00237975, 132.055
146, 2.43333, 0.710925, -8.92515, 17.016, -21.4797, 17.7688, 159.866, 0.000183827, 126.413, 0.00446861, -47.417, 0.00238584, 132.069
147, 2.44167, 0.714043, -9.28247, 17.0841, -21.4966, 17.8444, 159.858, 0.000184059, 126.498, 0.00447958, -47.4074, 0.00239197, 132.083
147, 2.45000, 0.717152, -9.64012, 17.1525, -21.5144, 17.9205, 159.849, 0.000184295, 126.582, 0.0044906, -47.3984, 0.00239813, 132.096
147, 2.45833, 0.720251, -9.99812, 17.2212, -21.533, 17.9969, 159.84, 0.000184533, 126.667, 0.00450167, -47.39, 0.00240433, 132.108
148, 2.46667, 0.723339, -10.3565, 17.2901, -21.5524, 18.0739, 159.829, 0.000184776, 126.751, 0.00451281, -47.3823, 0.00241057, 132.12
149, 2.47500, 0.726415, -10.7151, 17.3594, -21.5726, 18.1512, 159.817, 0.000185021, 126.835, 0.004524, -47.3752, 0.00241684, 132.131
149, 2.48333, 0.729479, -11.0739, 17.429, -21.5937, 18.229, 159.805, 0.00018527, 126.919, 0.00453524, -47.3687, 0.00242315, 132.142
150, 2.49167, 0.73253, -11.4329, 17.4988, -21.6155, 18.3073, 159.792, 0.000185522, 127.003, 0.00454654, -47.3628, 0.0024295, 132.151
150, 2.50000, 0.735568, -11.7921, 17.569, -21.6382, 18.386, 159.777, 0.000185778, 127.087, 0.00455789, -47.3576, 0.00243588, 132.161
150, 2.50833, 0.738592, -12.1513, 17.6395, -21.6616, 18.4651, 159.762, 0.000186038, 127.171, 0.0045693, -47.353, 0.0024423, 132.169
151, 2.51667, 0.741601, -12.5106, 17.7102, -21.6859, 18.5448, 159.746, 0.000186301, 127.254, 0.00458077, -47.349, 0.00244877, 132.177
152, 2.52500, 0.744595, -12.8699, 17.7813, -21.7109, 18.6248, 159.729, 0.000186568, 127.337, 0.0045923, -47.3457, 0.00245526, 132.184
152, 2.53333, 0.747572, -13.2292, 17.8527, -21.7368, 18.7054, 159.711, 0.000186839, 127.421, 0.00460388, -47.3429, 0.0024618, 132.19
153, 2.54167, 0.750534, -13.5884, 17.9244, -21.7634, 18.7864, 159.692, 0.000187113, 127.503, 0.00461552, -47.3408, 0.00246838, 132.195
153, 2.55000, 0.753478, -13.9474, 17.9963, -21.7909, 18.8679, 159.673, 0.000187391, 127.586, 0.00462722, -47.3393, 0.00247499, 132.2
153, 2.55833, 0.756405, -14.3062, 18.0686, -21.8191, 18.9499, 159.652, 0.000187673, 127.669, 0.00463897, -47.3385, 0.00248165, 132.204
154, 2.56667, 0.759313, -14.6647, 18.1412, -21.8481, 19.0323, 159.63, 0.000187959, 127.751, 0.00465079, -47.3383, 0.00248834, 132.208
155, 2.57500, 0.762203, -15.0229, 18.2141, -21.8779, 19.1153, 159.608, 0.000188249, 127.833, 0.00466266, -47.3387, 0.00249508, 132.211
155, 2.58333, 0.765073, -15.3807, 18.2874, -21.9085, 19.1987, 159.584, 0.000188542, 127.914, 0.00467459, -47.3397, 0.00250185, 132.213
156, 2.59167, 0.767924, -15.738, 18.3609, -21.9398, 19.2826, 159.56, 0.00018884, 127.995, 0.00468658, -47.3414, 0.00250867, 132.214
156, 2.60000, 0.770754, -16.0948, 18.4348, -21.9719, 19.367, 159.534, 0.000189141, 128.076, 0.00469863, -47.3437, 0.00251552, 132.214
156, 2.60833, 0.773564, -16.451, 18.5089, -22.0048, 19.4519, 159.508, 0.000189447, 128.157, 0.00471074, -47.3467, 0.00252242, 132.214
157, 2.61667, 0.776353, -16.8065, 18.5834, -22.0385, 19.5373, 159.48, 0.000189756, 128.237, 0.00472291, -47.3502, 0.00252936, 132.213
158, 2.62500, 0.77912, -17.1612, 18.6582, -22.0729, 19.6233, 159.452, 0.00019007, 128.317, 0.00473514, -47.3544, 0.00253633, 132.212
158, 2.63333, 0.781865, -17.5151, 18.7333, -22.1081, 19.7097, 159.423, 0.000190387, 128.396, 0.00474743, -47.3592, 0.00254335, 132.209
159, 2.64167, 0.784589, -17.8682, 18.8088, -22.1441, 19.7966, 159.392, 0.000190709, 128.475, 0.00475979, -47.3647, 0.00255041, 132.206
159, 2.65000, 0.78729, -18.2202, 18.8845, -22.1808, 19.884, 159.361, 0.000191035, 128.553, 0.0047722, -47.3708, 0.00255752, 132.202
159, 2.65833, 0.789968, -18.5711, 18.9606, -22.2183, 19.972, 159.328, 0.000191364, 128.631, 0.00478468, -47.3775, 0.00256466, 132.197
160, 2.66667, 0.792624, -18.921, 19.0371, -22.2565, 20.0605, 159.295, 0.000191698, 128.709, 0.00479722, -47.3849, 0.00257185, 132.192
161, 2.67500, 0.795257, -19.2696, 19.1138, -22.2954, 20.1495, 159.26, 0.000192036, 128.786, 0.00480982, -47.3929, 0.00257908, 132.185
161, 2.68333, 0.797866, -19.6168, 19.1909, -22.3351, 20.239, 159.225, 0.000192379, 128.862, 0.00482248, -47.4015, 0.00258635, 132.178
162, 2.69167, 0.800453, -19.9627, 19.2683, -22.3756, 20.3291, 159.188, 0.000192725, 128.938, 0.00483521, -47.4108, 0.00259367, 132.171
162, 2.70000, 0.803017, -20.307, 19.3461, -22.4168, 20.4196, 159.15, 0.000193075, 129.013, 0.00484801, -47.4207, 0.00260103, 132.162
162, 2.70833, 0.805558, -20.6498, 19.4242, -22.4587, 20.5107, 159.112, 0.00019343, 129.088, 0.00486087, -47.4313, 0.00260844, 132.152
163, 2.71667, 0.808076, -20.9909, 19.5026, -22.5014, 20.6024, 159.072, 0.000193788, 129.162, 0.00487379, -47.4425, 0.00261588, 132.142
164, 2.72500, 0.810572, -21.3303, 19.5814, -22.5447, 20.6946, 159.031, 0.000194151, 129.235, 0.00488678, -47.4543, 0.00262337, 132.131
164, 2.73333, 0.813045, -21.6677, 19.6606, -22.5889, 20.7873, 158.989, 0.000194518, 129.307, 0.00489983, -47.4668, 0.00263091, 132.119
165, 2.74167, 0.815497, -22.0033, 19.7401, -22.6337, 20.8806, 158.946, 0.000194888, 129.379, 0.00491296, -47.4799, 0.00263849, 132.107
165, 2.75000, 0.817927, -22.3367, 19.8199, -22.6793, 20.9744, 158.901, 0.000195263, 129.451, 0.00492615, -47.4936, 0.00264612, 132.093
165, 2.75833, 0.820336, -22.6681, 19.9001, -22.7255, 21.0688, 158.856, 0.000195642, 129.521, 0.0049394, -47.508, 0.00265378, 132.079
166, 2.76667, 0.822724, -22.9972, 19.9807, -22.7726, 21.1637, 158.81, 0.000196024, 129.591, 0.00495273, -47.5231, 0.0026615, 132.064
167, 2.77500, 0.825093, -23.324, 20.0616, -22.8203, 21.2591, 158.762, 0.000196411, 129.66, 0.00496612, -47.5388, 0.00266926, 132.048
167, 2.78333, 0.827443, -23.6484, 20.1429, -22.8687, 21.3552, 158.713, 0.000196801, 129.728, 0.00497959, -47.5551, 0.00267707, 132.031
168, 2.79167, 0.829775, -23.9703, 20.2245, -22.9179, 21.4517, 158.663, 0.000197195, 129.795, 0.00499312, -47.5721, 0.00268492, 132.013
168, 2.80000, 0.832089, -24.2896, 20.3066, -22.9677, 21.5489, 158.612, 0.000197593, 129.861, 0.00500672, -47.5898, 0.00269282, 131.995
168, 2.80833, 0.834387, -24.6062, 20.389, -23.0183, 21.6465, 158.56, 0.000197995, 129.927, 0.0050204, -47.6081, 0.00270076, 131.975
169, 2.81667, 0.83667, -24.92, 20.4718, -23.0696, 21.7448, 158.507, 0.0001984, 129.992, 0.00503415, -47.627, 0.00270875, 131.955
170, 2.82500, 0.838939, -25.231, 20.5549, -23.1216, 21.8436, 158.452, 0.000198809, 130.055, 0.00504797, -47.6467, 0.00271679, 131.934
170, 2.83333, 0.841195, -25.5391, 20.6385, -23.1743, 21.943, 158.396, 0.000199222, 130.118, 0.00506186, -47.667, 0.00272487, 131.912
171, 2.84167, 0.843439, -25.8441, 20.7225, -23.2278, 22.0429, 158.339, 0.000199638, 130.18, 0.00507583, -47.6879, 0.00273301, 131.889
171, 2.85000, 0.845674, -26.1461, 20.8068, -23.2819, 22.1434, 158.281, 0.000200057, 130.241, 0.00508987, -47.7095, 0.00274118, 131.865
171, 2.85833, 0.847899, -26.4448, 20.8916, -23.3368, 22.2445, 158.222, 0.00020048, 130.302, 0.00510398, -47.7318, 0.00274941, 131.841
172, 2.86667, 0.850118, -26.7404, 20.9768, -23.3923, 22.3461, 158.161, 0.000200906, 130.361, 0.00511818, -47.7548, 0.00275769, 131.815
173, 2.87500, 0.852331, -27.0326, 21.0624, -23.4486, 22.4483, 158.099, 0.000201335, 130.419, 0.00513245, -47.7784, 0.00276601, 131.789
173, 2.88333, 0.854541, -27.3215, 21.1484, -23.5056, 22.5511, 158.036, 0.000201768, 130.476, 0.00514679, -47.8028, 0.00277438, 131.761
174, 2.89167, 0.85675, -27.6069, 21.2348, -23.5634, 22.6545, 157.972, 0.000202203, 130.533, 0.00516122, -47.8278, 0.0027828, 131.733
174, 2.90000, 0.858958, -27.8889, 21.3217, -23.6218, 22.7584, 157.906, 0.000202641, 130.588, 0.00517572, -47.8535, 0.00279126, 131.704
174, 2.90833, 0.861169, -28.1673, 21.409, -23.681, 22.8628, 157.84, 0.000203083, 130.642, 0.00519031, -47.8799, 0.00279978, 131.673
175, 2.91667, 0.863385, -28.4421, 21.4967, -23.7409, 22.9679, 157.772, 0.000203526, 130.696, 0.00520497, -47.907, 0.00280834, 131.642
176, 2.92500, 0.865607, -28.7133, 21.5848, -23.8015, 23.0735, 157.702, 0.000203973, 130.748, 0.00521971, -47.9348, 0.00281696, 131.61
176, 2.93333, 0.867838, -28.9809, 21.6735, -23.8628, 23.1797, 157.632, 0.000204422, 130.799, 0.00523454, -47.9633, 0.00282562, 131.577
177, 2.94167, 0.87008, -29.2448, 21.7625, -23.9249, 23.2865, 157.56, 0.000204874, 130.85, 0.00524945, -47.9926, 0.00283433, 131.543
177, 2.95000, 0.872336, -29.5049, 21.852, -23.9878, 23.3939, 157.487, 0.000205328, 130.899, 0.00526444, -48.0225, 0.00284309, 131.508
177, 2.95833, 0.874608, -29.7614, 21.942, -24.0514, 23.5018, 157.412, 0.000205785, 130.948, 0.00527952, -48.0532, 0.0028519, 131.473
178, 2.96667, 0.876899, -30.0141, 22.0325, -24.1157, 23.6103, 157.337, 0.000206243, 130.995, 0.00529468, -48.0846, 0.00286076, 131.436
179, 2.97500, 0.879212, -30.2631, 22.1234, -24.1808, 23.7194, 157.26, 0.000206704, 131.042, 0.00530993, -48.1168, 0.00286968, 131.398
179, 2.98333, 0.881548, -30.5083, 22.2148, -24.2467, 23.829, 157.182, 0.000207167, 131.087, 0.00532527, -48.1497, 0.00287864, 131.359
180, 2.99167, 0.883911, -30.7499, 22.3067, -24.3133, 23.9392, 157.102, 0.000207631, 131.132, 0.00534069, -48.1833, 0.00288765, 131.319
180, 3.00000, 0.886304, -30.9877, 22.3991, -24.3807, 24.05, 157.021, 0.000208098, 131.176, 0.0053562, -48.2177, 0.00289671, 131.278
180, 3.00833, 0.888729, -31.2219, 22.492, -24.4489, 24.1614, 156.939, 0.000208566, 131.219, 0.0053718, -48.2529, 0.00290582, 131.237
181, 3.01667, 0.891189, -31.4525, 22.5854, -24.5179, 24.2733, 156.856, 0.000209036, 131.26, 0.00538749, -48.2888, 0.00291499, 131.194
182, 3.02500, 0.893688, -31.6794, 22.6793, -24.5877, 24.3859, 156.771, 0.000209508, 131.302, 0.00540326, -48.3256, 0.00292421, 131.15
182, 3.03333, 0.896227, -31.9028, 22.7737, -24.6583, 24.499, 156.685, 0.000209981, 131.342, 0.00541914, -48.3631, 0.00293347, 131.105
183, 3.04167, 0.89881, -32.1228, 22.8686, -24.7297, 24.6126, 156.598, 0.000210455, 131.381, 0.0054351, -48.4014, 0.00294279, 131.059
183, 3.05000, 0.90144, -32.3393, 22.9641, -24.802, 24.7269, 156.509, 0.000210931, 131.419, 0.00545115, -48.4405, 0.00295216, 131.012
183, 3.05833, 0.90412, -32.5524, 23.06, -24.8751, 24.8417, 156.419, 0.000211408, 131.457, 0.0054673, -48.4804, 0.00296158, 130.964
184, 3.06667, 0.906853, -32.7623, 23.1566, -24.949, 24.9571, 156.328, 0.000211886, 131.494, 0.00548355, -48.5212, 0.00297106, 130.915
185, 3.07500, 0.909641, -32.9691, 23.2536, -25.0238, 25.0731, 156.235, 0.000212365, 131.53, 0.00549988, -48.5627, 0.00298058, 130.865
185, 3.08333, 0.912488, -33.1727, 23.3512, -25.0995, 25.1896, 156.142, 0.000212846, 131.566, 0.00551632, -48.6052, 0.00299016, 130.814
186, 3.09167, 0.915396, -33.3734, 23.4494, -25.176, 25.3067, 156.046, 0.000213327, 131.6, 0.00553285, -48.6484, 0.00299979, 130.762
186, 3.10000, 0.918369, -33.5712, 23.5481, -25.2535, 25.4244, 155.95, 0.000213809, 131.634, 0.00554948, -48.6925, 0.00300947, 130.708
186, 3.10833, 0.921409, -33.7662, 23.6474, -25.3318, 25.5427, 155.852, 0.000214292, 131.668, 0.0055662, -48.7375, 0.00301921, 130.654
187, 3.11667, 0.92452, -33.9586, 23.7472, -25.411, 25.6616, 155.753, 0.000214775, 131.7, 0.00558303, -48.7834, 0.00302899, 130.599
188, 3.12500, 0.927703, -34.1486, 23.8476, -25.4912, 25.781, 155.652, 0.000215259, 131.732, 0.00559995, -48.8302, 0.00303884, 130.542
188, 3.13333, 0.930962, -34.3361, 23.9486, -25.5723, 25.901, 155.55, 0.000215744, 131.764, 0.00561697, -48.8778, 0.00304873, 130.484
189, 3.14167, 0.9343, -34.5215, 24.0502, -25.6543, 26.0216, 155.447, 0.00021623, 131.795, 0.0056341, -48.9264, 0.00305868, 130.426
189, 3.15000, 0.937719, -34.7047, 24.1523, -25.7373, 26.1428, 155.343, 0.000216716, 131.825, 0.00565132, -48.9758, 0.00306868, 130.366
189, 3.15833, 0.941221, -34.8861, 24.2551, -25.8213, 26.2645, 155.237, 0.000217203, 131.855, 0.00566865, -49.0262, 0.00307873, 130.305
190, 3.16667, 0.94481, -35.0657, 24.3584, -25.9063, 26.3868, 155.13, 0.00021769, 131.885, 0.00568608, -49.0776, 0.00308884, 130.243
191, 3.17500, 0.948488, -35.2437, 24.4623, -25.9922, 26.5097, 155.021, 0.000218178, 131.914, 0.00570361, -49.1299, 0.003099, 130.179
191, 3.18333, 0.952256, -35.4202, 24.5669, -26.0792, 26.6332, 154.911, 0.000218666, 131.942, 0.00572124, -49.1831, 0.00310922, 130.115
192, 3.19167, 0.956119, -35.5955, 24.6721, -26.1672, 26.7573, 154.8, 0.000219155, 131.971, 0.00573898, -49.2374, 0.00311949, 130.05
192, 3.20000, 0.960077, -35.7697, 24.7778, -26.2562, 26.8819, 154.688, 0.000219644, 131.999, 0.00575683, -49.2925, 0.00312981, 129.983
192, 3.20833, 0.964133, -35.943, 24.8842, -26.3463, 27.0071, 154.574, 0.000220133, 132.027, 0.00577477, -49.3487, 0.00314019, 129.915
193, 3.21667, 0.968289, -36.1155, 24.9912, -26.4375, 27.1329, 154.458, 0.000220623, 132.054, 0.00579283, -49.4059, 0.00315062, 129.846
194, 3.22500, 0.972548, -36.2875, 25.0988, -26.5297, 27.2593, 154.342, 0.000221114, 132.081, 0.00581099, -49.4642, 0.00316111, 129.776
194, 3.23333, 0.97691, -36.4591, 25.2071, -26.623, 27.3863, 154.224, 0.000221605, 132.108, 0.00582925, -49.5234, 0.00317165, 129.704
195, 3.24167, 0.981378, -36.6305, 25.316, -26.7174, 27.5139, 154.105, 0.000222096, 132.135, 0.00584763, -49.5837, 0.00318225, 129.632
195, 3.25000, 0.985954, -36.8019, 25.4255, -26.8129, 27.642, 153.984, 0.000222588, 132.162, 0.0058661, -49.645, 0.0031929, 129.558
195, 3.25833, 0.990639, -36.9735, 25.5356, -26.9096, 27.7708, 153.862, 0.00022308, 132.188, 0.00588469, -49.7074, 0.0032036, 129.483
196, 3.26667, 0.995435, -37.1454, 25.6464, -27.0074, 27.9001, 153.739, 0.000223573, 132.215, 0.00590339, -49.7708, 0.00321437, 129.407
197, 3.27500, 1.00034, -37.3178, 25.7579, -27.1063, 28.03, 153.614, 0.000224067, 132.242, 0.00592219, -49.8354, 0.00322518, 129.329
197, 3.28333, 1.00537, -37.491, 25.87, -27.2065, 28.1605, 153.488, 0.000224562, 132.268, 0.0059411, -49.901, 0.00323605, 129.251
198, 3.29167, 1.0105, -37.665, 25.9827, -27.3078, 28.2916, 153.361, 0.000225057, 132.295, 0.00596012, -49.9677, 0.00324698, 129.171
198, 3.30000, 1.01576, -37.8401, 26.0961, -27.4103, 28.4233, 153.232, 0.000225553, 132.321, 0.00597925, -50.0356, 0.00325796, 129.09
198, 3.30833, 1.02113, -38.0165, 26.2101, -27.514, 28.5556, 153.102, 0.000226049, 132.348, 0.00599848, -50.1046, 0.003269, 129.007
199, 3.31667, 1.02662, -38.1943, 26.3248, -27.619, 28.6885, 152.97, 0.000226547, 132.375, 0.00601783, -50.1747, 0.0032801, 128.924
200, 3.32500, 1.03222, -38.3736, 26.4401, -27.7251, 28.822, 152.837, 0.000227046, 132.402, 0.00603729, -50.2459, 0.00329124, 128.839
200, 3.33333, 1.03795, -38.5547, 26.5562, -27.8326, 28.956, 152.703, 0.000227545, 132.429, 0.00605685, -50.3184, 0.00330245, 128.753
201, 3.34167, 1.0438, -38.7377, 26.6728, -27.9413, 29.0907, 152.567, 0.000228046, 132.456, 0.00607653, -50.392, 0.00331371, 128.665
201, 3.35000, 1.04977, -38.9228, 26.7902, -28.0513, 29.226, 152.43, 0.000228548, 132.484, 0.00609631, -50.4668, 0.00332502, 128.576
201, 3.35833, 1.05587, -39.1101, 26.9081, -28.1625, 29.3619, 152.291, 0.000229052, 132.511, 0.00611621, -50.5428, 0.0033364, 128.486
202, 3.36667, 1.06208, -39.2998, 27.0268, -28.2751, 29.4983, 152.152, 0.000229557, 132.54, 0.00613621, -50.62, 0.00334782, 128.395
203, 3.37500, 1.06842, -39.492, 27.1461, -28.389, 29.6354, 152.01, 0.000230063, 132.568, 0.00615633, -50.6984, 0.00335931, 128.302
203, 3.38333, 1.07488, -39.6868, 27.2661, -28.5042, 29.7731, 151.868, 0.000230571, 132.597, 0.00617655, -50.778, 0.00337084, 128.208
204, 3.39167, 1.08147, -39.8845, 27.3868, -28.6208, 29.9114, 151.723, 0.000231081, 132.626, 0.00619689, -50.8589, 0.00338244, 128.113
204, 3.40000, 1.08818, -40.0851, 27.5081, -28.7387, 30.0503, 151.578, 0.000231593, 132.655, 0.00621733, -50.9411, 0.00339409, 128.016
204, 3.40833, 1.09502, -40.2888, 27.6301, -28.858, 30.1898, 151.431, 0.000232107, 132.685, 0.00623789, -51.0245, 0.00340579, 127.918
205, 3.41667, 1.10198, -40.4957, 27.7528, -28.9787, 30.3299, 151.282, 0.000232623, 132.716, 0.00625856, -51.1092, 0.00341756, 127.818
206, 3.42500, 1.10906, -40.7058, 27.8761, -29.1007, 30.4706, 151.133, 0.000233141, 132.746, 0.00627933, -51.1952, 0.00342937, 127.717
206, 3.43333, 1.11627, -40.9194, 28.0002, -29.2242, 30.6119, 150.981, 0.000233662, 132.777, 0.00630021, -51.2824, 0.00344124, 127.615
207, 3.44167, 1.1236, -41.1366, 28.1248, -29.3491, 30.7538, 150.829, 0.000234185, 132.809, 0.00632121, -51.371, 0.00345317, 127.512
207, 3.45000, 1.13105, -41.3574, 28.2502, -29.4754, 30.8963, 150.674, 0.000234711, 132.841, 0.00634231, -51.4609, 0.00346515, 127.407
207, 3.45833, 1.13863, -41.5819, 28.3762, -29.6031, 31.0395, 150.519, 0.00023524, 132.874, 0.00636352, -51.5522, 0.00347719, 127.3
208, 3.46667, 1.14634, -41.8102, 28.5029, -29.7324, 31.1832, 150.361, 0.000235772, 132.907, 0.00638485, -51.6448, 0.00348928, 127.192
209, 3.47500, 1.15417, -42.0425, 28.6303, -29.863, 31.3276, 150.203, 0.000236307, 132.941, 0.00640628, -51.7387, 0.00350143, 127.083
209, 3.48333, 1.16212, -42.2788, 28.7583, -29.9952, 31.4725, 150.043, 0.000236845, 132.975, 0.00642781, -51.834, 0.00351363, 126.972
210, 3.49167, 1.17019, -42.5191, 28.887, -30.1288, 31.6181, 149.881, 0.000237387, 133.01, 0.00644946, -51.9307, 0.00352589, 126.86
210, 3.50000, 1.17838, -42.7636, 29.0164, -30.2639, 31.7642, 149.718, 0.000237933, 133.046, 0.00647122, -52.0288, 0.0035382, 126.746
210, 3.50833, 1.1867, -43.0124, 29.1464, -30.4006, 31.911, 149.553, 0.000238483, 133.082, 0.00649308, -52.1283, 0.00355057, 126.631
211, 3.51667, 1.19514, -43.2655, 29.2771, -30.5388, 32.0584, 149.387, 0.000239036, 133.119, 0.00651505, -52.2292, 0.00356299, 126.514
212, 3.52500, 1.2037, -43.5229, 29.4084, -30.6785, 32.2064, 149.219, 0.000239594, 133.156, 0.00653712, -52.3315, 0.00357546, 126.396
212, 3.53333, 1.21237, -43.7847, 29.5405, -30.8197, 32.355, 149.05, 0.000240157, 133.194, 0.0065593, -52.4353, 0.00358798, 126.276
213, 3.54167, 1.22117, -44.0511, 29.6731, -30.9626, 32.5042, 148.879, 0.000240724, 133.232, 0.00658158, -52.5405, 0.00360056, 126.155
213, 3.55000, 1.23009, -44.3219, 29.8065, -31.1069, 32.654, 148.707, 0.000241296, 133.271, 0.00660397, -52.6471, 0.0036132, 126.033
213, 3.55833, 1.23913, -44.5974, 29.9405, -31.2529, 32.8043, 148.533, 0.000241873, 133.311, 0.00662647, -52.7552, 0.00362588, 125.908
214, 3.56667, 1.24828, -44.8775, 30.0751, -31.4004, 32.9553, 148.358, 0.000242455, 133.352, 0.00664907, -52.8649, 0.00363862, 125.782
215, 3.57500, 1.25755, -45.1622, 30.2104, -31.5496, 33.1069, 148.181, 0.000243043, 133.393, 0.00667177, -52.9759, 0.00365141, 125.655
215, 3.58333, 1.26694, -45.4516, 30.3463, -31.7003, 33.2591, 148.002, 0.000243637, 133.434, 0.00669457, -53.0885, 0.00366425, 125.526
216, 3.59167, 1.27644, -45.7457, 30.4829, -31.8527, 33.4119, 147.822, 0.000244236, 133.477, 0.00671748, -53.2026, 0.00367714, 125.396
216, 3.60000, 1.28606, -46.0446, 30.6201, -32.0068, 33.5652, 147.64, 0.000244842, 133.52, 0.00674048, -53.3182, 0.00369008, 125.264
216, 3.60833, 1.29579, -46.3483, 30.758, -32.1624, 33.7191, 147.456, 0.000245454, 133.563, 0.00676359, -53.4354, 0.00370307, 125.13
217, 3.61667, 1.30564, -46.6568, 30.8965, -32.3197, 33.8737, 147.271, 0.000246073, 133.608, 0.00678679, -53.5541, 0.00371611, 124.994
217, 3.62500, 1.31559, -46.9702, 31.0356, -32.4787, 34.0287, 147.084, 0.000246699, 133.653, 0.0068101, -53.6743, 0.0037292, 124.858
218, 3.63333, 1.32566, -47.2883, 31.1753, -32.6394, 34.1844, 146.896, 0.000247331, 133.698, 0.0068335, -53.7962, 0.00374234, 124.719
219, 3.64167, 1.33584, -47.6114, 31.3157, -32.8017, 34.3407, 146.706, 0.000247972, 133.744, 0.006857, -53.9196, 0.00375553, 124.579
219, 3.65000, 1.34613, -47.9394, 31.4567, -32.9658, 34.4974, 146.514, 0.000248619, 133.791, 0.00688059, -54.0445, 0.00376876, 124.437
219, 3.65833, 1.35653, -48.2722, 31.5983, -33.1315, 34.6548, 146.321, 0.000249275, 133.838, 0.00690428, -54.1711, 0.00378204, 124.293
220, 3.66667, 1.36704, -48.61, 31.7405, -33.299, 34.8127, 146.126, 0.000249939, 133.886, 0.00692806, -54.2993, 0.00379537, 124.148
221, 3.67500, 1.37766, -48.9526, 31.8834, -33.4682, 34.9712, 145.929, 0.000250611, 133.934, 0.00695193, -54.4291, 0.00380875, 124.001
221, 3.68333, 1.38838, -49.3002, 32.0268, -33.6391, 35.1302, 145.73, 0.000251292, 133.983, 0.0069759, -54.5605, 0.00382217, 123.852
222, 3.69167, 1.39921, -49.6527, 32.1708, -33.8117, 35.2898, 145.53, 0.000251982, 134.033, 0.00699995, -54.6936, 0.00383563, 123.702
222, 3.70000, 1.41014, -50.0102, 32.3154, -33.9862, 35.4498, 145.328, 0.000252681, 134.083, 0.0070241, -54.8283, 0.00384913, 123.55
222, 3.70833, 1.42118, -50.3725, 32.4606, -34.1623, 35.6105, 145.124, 0.00025339, 134.133, 0.00704833, -54.9646, 0.00386268, 123.396
223, 3.71667, 1.43232, -50.7399, 32.6063, -34.3403, 35.7716, 144.919, 0.000254108, 134.184, 0.00707265, -55.1027, 0.00387627, 123.241
224, 3.72500, 1.44356, -51.1121, 32.7527, -34.5201, 35.9332, 144.712, 0.000254837, 134.236, 0.00709705, -55.2424, 0.00388991, 123.083
224, 3.73333, 1.4549, -51.4893, 32.8995, -34.7016, 36.0954, 144.503, 0.000255576, 134.287, 0.00712153, -55.3838, 0.00390358, 122.924
225, 3.74167, 1.46634, -51.8715, 33.047, -34.8849, 36.258, 144.292, 0.000256325, 134.34, 0.0071461, -55.5269, 0.00391729, 122.764
225, 3.75000, 1.47789, -52.2585, 33.195, -35.0701, 36.4212, 144.079, 0.000257086, 134.392, 0.00717075, -55.6717, 0.00393104, 122.601
225, 3.75833, 1.48953, -52.6504, 33.3435, -35.2571, 36.5848, 143.865, 0.000257858, 134.445, 0.00719547, -55.8183, 0.00394482, 122.437
226, 3.76667, 1.50126, -53.0474, 33.4926, -35.4459, 36.7489, 143.649, 0.000258641, 134.498, 0.00722028, -55.9665, 0.00395865, 122.27
227, 3.77500, 1.5131, -53.4491, 33.6422, -35.6365, 36.9134, 143.431, 0.000259436, 134.552, 0.00724515, -56.1165, 0.0039725, 122.102
227, 3.78333, 1.52502, -53.8558, 33.7923, -35.829, 37.0784, 143.211, 0.000260244, 134.605, 0.0072701, -56.2683, 0.0039864, 121.932
228, 3.79167, 1.53705, -54.2674, 33.9429, -36.0234, 37.2439, 142.989, 0.000261064, 134.659, 0.00729513, -56.4218, 0.00400032, 121.761
228, 3.80000, 1.54916, -54.6839, 34.094, -36.2196, 37.4098, 142.766, 0.000261896, 134.713, 0.00732022, -56.5771, 0.00401428, 121.587
228, 3.80833, 1.56137, -55.1053, 34.2456, -36.4177, 37.5761, 142.541, 0.000262742, 134.767, 0.00734538, -56.7341, 0.00402827, 121.412
229, 3.81667, 1.57366, -55.5315, 34.3977, -36.6177, 37.7428, 142.313, 0.000263601, 134.822, 0.00737061, -56.893, 0.00404228, 121.234
230, 3.82500, 1.58605, -55.9626, 34.5503, -36.8195, 37.9099, 142.084, 0.000264475, 134.876, 0.00739589, -57.0536, 0.00405633, 121.055
230, 3.83333, 1.59852, -56.3985, 34.7033, -37.0233, 38.0774, 141.853, 0.000265362, 134.93, 0.00742124, -57.2161, 0.0040704, 120.874
231, 3.84167, 1.61108, -56.8393, 34.8568, -37.229, 38.2453, 141.62, 0.000266263, 134.984, 0.00744666, -57.3804, 0.0040845, 120.691
231, 3.85000, 1.62373, -57.2849, 35.0107, -37.4366, 38.4135, 141.385, 0.00026718, 135.039, 0.00747212, -57.5464, 0.00409862, 120.506
231, 3.85833, 1.63646, -57.7353, 35.165, -37.6461, 38.582, 141.149, 0.000268111, 135.092, 0.00749764, -57.7143, 0.00411276, 120.32
232, 3.86667, 1.64927, -58.1906, 35.3198, -37.8576, 38.7509, 140.91, 0.000269058, 135.146, 0.00752322, -57.8841, 0.00412692, 120.131
233, 3.87500, 1.66217, -58.6506, 35.4749, -38.0709, 38.9202, 140.669, 0.00027002, 135.2, 0.00754884, -58.0557, 0.00414111, 119.94
233, 3.88333, 1.67514, -59.1154, 35.6305, -38.2863, 39.0897, 140.427, 0.000270999, 135.253, 0.00757451, -58.2292, 0.00415531, 119.748
234, 3.89167, 1.6882, -59.585, 35.7864, -38.5036, 39.2595, 140.182, 0.000271994, 135.306, 0.00760023, -58.4045, 0.00416953, 119.553
234, 3.90000, 1.70133, -60.0594, 35.9427, -38.7228, 39.4296, 139.936, 0.000273006, 135.358, 0.00762599, -58.5817, 0.00418376, 119.357
234, 3.90833, 1.71454, -60.5384, 36.0993, -38.944, 39.5999, 139.687, 0.000274034, 135.41, 0.00765178, -58.7608, 0.004198, 119.158
235, 3.91667, 1.72782, -61.0223, 36.2563, -39.1672, 39.7704, 139.437, 0.000275081, 135.461, 0.00767762, -58.9418, 0.00421226, 118.958
236, 3.92500, 1.74118, -61.5108, 36.4136, -39.3924, 39.9412, 139.185, 0.000276145, 135.512, 0.00770348, -59.1247, 0.00422652, 118.756
236, 3.93333, 1.7546, -62.0041, 36.5711, -39.6196, 40.1122, 138.93, 0.000277227, 135.562, 0.00772937, -59.3094, 0.00424079, 118.551
237, 3.94167, 1.7681, -62.5021, 36.729, -39.8488, 40.2834, 138.674, 0.000278327, 135.611, 0.0077553, -59.4961, 0.00425507, 118.345
237, 3.95000, 1.78167, -63.0047, 36.8872, -40.0799, 40.4547, 138.415, 0.000279446, 135.659, 0.00778124, -59.6847, 0.00426935, 118.136
237, 3.95833, 1.7953, -63.512, 37.0456, -40.3131, 40.6261, 138.155, 0.000280584, 135.707, 0.00780721, -59.8752, 0.00428363, 117.926
238, 3.96667, 1.809, -64.024, 37.2043, -40.5483, 40.7977, 137.893, 0.000281741, 135.753, 0.0078332, -60.0677, 0.00429791, 117.714
238, 3.97500, 1.82276, -64.5406, 37.3632, -40.7855, 40.9694, 137.628, 0.000282918, 135.798, 0.0078592, -60.2621, 0.00431219, 117.499
239, 3.98333, 1.83658, -65.0619, 37.5223, -41.0247, 41.1411, 137.362, 0.000284115, 135.843, 0.0078852, -60.4584, 0.00432646, 117.283
240, 3.99167, 1.85046, -65.5878, 37.6816, -41.2659, 41.313, 137.093, 0.000285333, 135.886, 0.00791122, -60.6567, 0.00434073, 117.064
240, 4.00000, 1.8644, -66.1182, 37.841, -41.5092, 41.4848, 136.823, 0.000286571, 135.928, 0.00793724, -60.857, 0.00435498, 116.844
240, 4.00833, 1.87839, -66.6533, 38.0006, -41.7545, 41.6566, 136.55, 0.000287829, 135.968, 0.00796326, -61.0592, 0.00436923, 116.621
241, 4.01667, 1.89244, -67.193, 38.1604, -42.0019, 41.8285, 136.275, 0.000289109, 136.007, 0.00798927, -61.2633, 0.00438346, 116.397
242, 4.02500, 1.90654, -67.7372, 38.3203, -42.2513, 42.0003, 135.999, 0.000290411, 136.045, 0.00801528, -61.4695, 0.00439767, 116.17
242, 4.03333, 1.92069, -68.286, 38.4802, -42.5027, 42.172, 135.72, 0.000291734, 136.081, 0.00804127, -61.6776, 0.00441186, 115.941
243, 4.04167, 1.93489, -68.8394, 38.6403, -42.7562, 42.3437, 135.439, 0.000293079, 136.115, 0.00806725, -61.8877, 0.00442604, 115.71
243, 4.05000, 1.94913, -69.3972, 38.8003, -43.0118, 42.5152, 135.156, 0.000294447, 136.147, 0.0080932, -62.0997, 0.00444018, 115.477
243, 4.05833, 1.96341, -69.9595, 38.9604, -43.2693, 42.6866, 134.871, 0.000295837, 136.178, 0.00811914, -62.3137, 0.0044543, 115.243
244, 4.06667, 1.97774, -70.5265, 39.1206, -43.529, 42.8578, 134.584, 0.00029725, 136.206, 0.00814504, -62.5298, 0.00446839, 115.005
245, 4.07500, 1.9921, -71.0978, 39.2807, -43.7907, 43.0288, 134.295, 0.000298686, 136.233, 0.00817091, -62.7478, 0.00448245, 114.766
245, 4.08333, 2.0065, -71.6736, 39.4407, -44.0545, 43.1996, 134.004, 0.000300146, 136.257, 0.00819674, -62.9678, 0.00449647, 114.525
246, 4.09167, 2.02093, -72.2539, 39.6007, -44.3204, 43.3702, 133.71, 0.000301629, 136.279, 0.00822253, -63.1898, 0.00451046, 114.282
246, 4.10000, 2.03539, -72.8386, 39.7607, -44.5883, 43.5404, 133.415, 0.000303135, 136.299, 0.00824827, -63.4138, 0.0045244, 114.037
246, 4.10833, 2.04988, -73.4277, 39.9205, -44.8582, 43.7103, 133.118, 0.000304666, 136.317, 0.00827396, -63.6398, 0.0045383, 113.789
247, 4.11667, 2.0644, -74.0213, 40.0801, -45.1303, 43.8799, 132.818, 0.000306221, 136.332, 0.00829959, -63.8678, 0.00455216, 113.54
248, 4.12500, 2.07894, -74.6192, 40.2396, -45.4044, 44.0492, 132.517, 0.0003078, 136.344, 0.00832516, -64.0978, 0.00456596, 113.288
248, 4.13333, 2.0935, -75.2215, 40.399, -45.6805, 44.2179, 132.213, 0.000309404, 136.354, 0.00835066, -64.3298, 0.00457971, 113.035
249, 4.14167, 2.10807, -75.8283, 40.5581, -45.9588, 44.3863, 131.907, 0.000311032, 136.361, 0.00837609, -64.5638, 0.0045934, 112.779
249, 4.15000, 2.12266, -76.4393, 40.7169, -46.2391, 44.5542, 131.6, 0.000312685, 136.365, 0.00840144, -64.7998, 0.00460704, 112.521
249, 4.15833, 2.13726, -77.0546, 40.8755, -46.5214, 44.7215, 131.29, 0.000314363, 136.366, 0.00842671, -65.0378, 0.00462061, 112.262
250, 4.16667, 2.15187, -77.6743, 41.0338, -46.8058, 44.8884, 130.978, 0.000316067, 136.364, 0.0084519, -65.2777, 0.00463411, 112
251, 4.17500, 2.16649, -78.2982, 41.1918, -47.0922, 45.0546, 130.664, 0.000317795, 136.359, 0.00847699, -65.5197, 0.00464755, 111.736
251, 4.18333, 2.1811, -78.9264, 41.3494, -47.3807, 45.2203, 130.348, 0.000319549, 136.351, 0.00850198, -65.7636, 0.00466091, 111.47
252, 4.19167, 2.19572, -79.5589, 41.5067, -47.6712, 45.3853, 130.03, 0.000321328, 136.339, 0.00852687, -66.0096, 0.0046742, 111.202
252, 4.20000, 2.21033, -80.1956, 41.6635, -47.9638, 45.5495, 129.71, 0.000323133, 136.324, 0.00855164, -66.2575, 0.00468741, 110.932
252, 4.20833, 2.22493, -80.8365, 41.8199, -48.2584, 45.7131, 129.388, 0.000324963, 136.306, 0.0085763, -66.5073, 0.00470053, 110.66
253, 4.21667, 2.23952, -81.4817, 41.9758, -48.5551, 45.8759, 129.063, 0.000326818, 136.283, 0.00860084, -66.7592, 0.00471357, 110.385
254, 4.22500, 2.2541, -82.131, 42.1312, -48.8537, 46.0379, 128.737, 0.000328699, 136.258, 0.00862525, -67.013, 0.00472652, 110.109
254, 4.23333, 2.26865, -82.7844, 42.286, -49.1543, 46.1991, 128.409, 0.000330605, 136.228, 0.00864953, -67.2688, 0.00473937, 109.831
255, 4.24167, 2.28319, -83.442, 42.4403, -49.457, 46.3594, 128.079, 0.000332537, 136.195, 0.00867367, -67.5265, 0.00475213, 109.551
255, 4.25000, 2.2977, -84.1037, 42.594, -49.7617, 46.5188, 127.747, 0.000334494, 136.158, 0.00869766, -67.7862, 0.00476478, 109.269
255, 4.25833, 2.31217, -84.7694, 42.7471, -50.0684, 46.6772, 127.413, 0.000336477, 136.116, 0.0087215, -68.0478, 0.00477733, 108.985
256, 4.26667, 2.32662, -85.4393, 42.8994, -50.377, 46.8347, 127.076, 0.000338485, 136.071, 0.00874518, -68.3114, 0.00478978, 108.698
257, 4.27500, 2.34103, -86.1131, 43.0511, -50.6876, 46.9911, 126.738, 0.000340517, 136.022, 0.0087687, -68.5768, 0.00480211, 108.41
257, 4.28333, 2.3554, -86.791, 43.2021, -51.0002, 47.1464, 126.398, 0.000342575, 135.968, 0.00879205, -68.8442, 0.00481432, 108.12
258, 4.29167, 2.36972, -87.4729, 43.3523, -51.3148, 47.3006, 126.056, 0.000344658, 135.91, 0.00881522, -69.1135, 0.00482641, 107.828
258, 4.30000, 2.38399, -88.1586, 43.5016, -51.6312, 47.4537, 125.712, 0.000346765, 135.848, 0.00883821, -69.3846, 0.00483838, 107.534
258, 4.30833, 2.39821, -88.8484, 43.6502, -51.9496, 47.6055, 125.367, 0.000348897, 135.781, 0.00886101, -69.6577, 0.00485022, 107.239
259, 4.31667, 2.41238, -89.5421, 43.7979, -52.27, 47.7561, 125.019, 0.000351053, 135.709, 0.00888362, -69.9326, 0.00486194, 106.941
260, 4.32500, 2.42648, -90.2395, 43.9446, -52.5922, 47.9055, 124.669, 0.000353232, 135.634, 0.00890602, -70.2093, 0.00487351, 106.641
260, 4.33333, 2.44051, -90.9409, 44.0904, -52.9163, 48.0535, 124.318, 0.000355436, 135.553, 0.00892821, -70.4879, 0.00488495, 106.34
261, 4.34167, 2.45448, -91.6461, 44.2353, -53.2423, 48.2001, 123.965, 0.000357663, 135.468, 0.00895019, -70.7684, 0.00489624, 106.036
261, 4.35000, 2.46837, -92.355, 44.3791, -53.5701, 48.3454, 123.61, 0.000359913, 135.378, 0.00897194, -71.0506, 0.00490739, 105.731
261, 4.35833, 2.48218, -93.0677, 44.5218, -53.8998, 48.4891, 123.253, 0.000362186, 135.283, 0.00899347, -71.3346, 0.00491838, 105.424
262, 4.36667, 2.49591, -93.7841, 44.6635, -54.2313, 48.6314, 122.894, 0.000364481, 135.183, 0.00901476, -71.6205, 0.00492922, 105.116
263, 4.37500, 2.50956, -94.5042, 44.8041, -54.5646, 48.7722, 122.534, 0.000366799, 135.078, 0.00903581, -71.908, 0.0049399, 104.805
263, 4.38333, 2.52311, -95.2279, 44.9435, -54.8997, 48.9114, 122.171, 0.000369138, 134.969, 0.00905661, -72.1973, 0.00495042, 104.493
264, 4.39167, 2.53656, -95.9553, 45.0817, -55.2366, 49.0489, 121.808, 0.000371498, 134.854, 0.00907715, -72.4884, 0.00496077, 104.179
264, 4.40000, 2.54991, -96.6862, 45.2186, -55.5752, 49.1848, 121.442, 0.000373879, 134.735, 0.00909744, -72.7812, 0.00497096, 103.863
264, 4.40833, 2.56316, -97.4207, 45.3543, -55.9156, 49.319, 121.075, 0.00037628, 134.61, 0.00911745, -73.0756, 0.00498096, 103.546
265, 4.41667, 2.57629, -98.1587, 45.4887, -56.2577, 49.4514, 120.706, 0.000378701, 134.48, 0.00913719, -73.3718, 0.00499079, 103.227
265, 4.42500, 2.58931, -98.9001, 45.6217, -56.6015, 49.5821, 120.335, 0.000381142, 134.345, 0.00915665, -73.6695, 0.00500044, 102.906
266, 4.43333, 2.60222, -99.6449, 45.7534, -56.9469, 49.7109, 119.963, 0.000383601, 134.204, 0.00917582, -73.9689, 0.0050099, 102.584
267, 4.44167, 2.61499, -100.393, 45.8836, -57.294, 49.8378, 119.59, 0.000386078, 134.059, 0.0091947, -74.27, 0.00501918, 102.26
267, 4.45000, 2.62764, -101.145, 46.0124, -57.6427, 49.9629, 119.215, 0.000388573, 133.908, 0.00921327, -74.5726, 0.00502825, 101.935
267, 4.45833, 2.64016, -101.899, 46.1397, -57.993, 50.0859, 118.838, 0.000391084, 133.752, 0.00923154, -74.8767, 0.00503714, 101.608
268, 4.46667, 2.65253, -102.658, 46.2655, -58.3449, 50.207, 118.46, 0.000393613, 133.591, 0.00924949, -75.1824, 0.00504582, 101.279
269, 4.47500, 2.66476, -103.419, 46.3897, -58.6984, 50.326, 118.08, 0.000396156, 133.424, 0.00926712, -75.4897, 0.0050543, 100.95
269, 4.48333, 2.67685, -104.183, 46.5123, -59.0533, 50.443, 117.699, 0.000398715, 133.252, 0.00928443, -75.7983, 0.00506257, 100.618
270, 4.49167, 2.68878, -104.951, 46.6333, -59.4098, 50.5578, 117.317, 0.000401288, 133.075, 0.0093014, -76.1085, 0.00507063, 100.286
270, 4.50000, 2.70056, -105.722, 46.7526, -59.7677, 50.6705, 116.933, 0.000403875, 132.892, 0.00931804, -76.4201, 0.00507847, 99.9516
270, 4.50833, 2.71217, -106.495, 46.8701, -60.1271, 50.781, 116.548, 0.000406474, 132.704, 0.00933433, -76.7331, 0.0050861, 99.6162
271, 4.51667, 2.72362, -107.272, 46.986, -60.4879, 50.8892, 116.161, 0.000409086, 132.511, 0.00935026, -77.0475, 0.00509351, 99.2795
272, 4.52500, 2.73489, -108.051, 47.1001, -60.8501, 50.9952, 115.774, 0.000411708, 132.312, 0.00936585, -77.3633, 0.00510069, 98.9415
272, 4.53333, 2.746, -108.834, 47.2123, -61.2136, 51.0988, 115.385, 0.000414342, 132.109, 0.00938106, -77.6803, 0.00510764, 98.6023
273, 4.54167, 2.75692, -109.619, 47.3228, -61.5785, 51.2002, 114.995, 0.000416985, 131.899, 0.00939591, -77.9987, 0.00511437, 98.2619
273, 4.55000, 2.76765, -110.407, 47.4313, -61.9447, 51.2991, 114.604, 0.000419636, 131.685, 0.00941039, -78.3183, 0.00512086, 97.9203
273, 4.55833, 2.7782, -111.197, 47.538, -62.3121, 51.3956, 114.211, 0.000422296, 131.465, 0.00942449, -78.6392, 0.00512711, 97.5776
274, 4.56667, 2.78855, -111.991, 47.6427, -62.6808, 51.4897, 113.818, 0.000424963, 131.24, 0.0094382, -78.9613, 0.00513312, 97.2337
275, 4.57500, 2.7987, -112.787, 47.7454, -63.0506, 51.5813, 113.424, 0.000427636, 131.009, 0.00945152, -79.2845, 0.00513889, 96.8889
275, 4.58333, 2.80866, -113.585, 47.8461, -63.4217, 51.6704, 113.028, 0.000430314, 130.774, 0.00946444, -79.6088, 0.00514442, 96.543
276, 4.59167, 2.8184, -114.386, 47.9449, -63.7939, 51.7569, 112.632, 0.000432997, 130.533, 0.00947697, -79.9343, 0.0051497, 96.1961
276, 4.60000, 2.82794, -115.189, 48.0415, -64.1671, 51.8409, 112.234, 0.000435683, 130.287, 0.00948909, -80.2609, 0.00515473, 95.8483
276, 4.60833, 2.83725, -115.995, 48.136, -64.5414, 51.9222, 111.836, 0.000438371, 130.036, 0.00950079, -80.5885, 0.0051595, 95.4996
277, 4.61667, 2.84635, -116.803, 48.2285, -64.9168, 52.001, 111.437, 0.000441062, 129.779, 0.00951209, -80.9171, 0.00516402, 95.15
278, 4.62500, 2.85523, -117.613, 48.3187, -65.2932, 52.0771, 111.038, 0.000443752, 129.518, 0.00952296, -81.2466, 0.00516829, 94.7996
278, 4.63333, 2.86388, -118.425, 48.4069, -65.6705, 52.1504, 110.637, 0.000446442, 129.252, 0.00953341, -81.5771, 0.00517229, 94.4484
279, 4.64167, 2.8723, -119.239, 48.4928, -66.0488, 52.2211, 110.236, 0.000449131, 128.98, 0.00954344, -81.9085, 0.00517604, 94.0965
279, 4.65000, 2.88048, -120.056, 48.5764, -66.4279, 52.2891, 109.834, 0.000451818, 128.704, 0.00955303, -82.2407, 0.00517952, 93.7439
279, 4.65833, 2.88843, -120.874, 48.6579, -66.8078, 52.3543, 109.431, 0.000454501, 128.423, 0.00956219, -82.5738, 0.00518273, 93.3906
280, 4.66667, 2.89613, -121.695, 48.737, -67.1886, 52.4167, 109.028, 0.00045718, 128.137, 0.00957091, -82.9077, 0.00518568, 93.0367
281, 4.67500, 2.90359, -122.517, 48.8139, -67.5702, 52.4763, 108.624, 0.000459853, 127.846, 0.00957918, -83.2422, 0.00518837, 92.6823
281, 4.68333, 2.9108, -123.341, 48.8884, -67.9525, 52.5331, 108.22, 0.00046252, 127.551, 0.00958701, -83.5776, 0.00519078, 92.3273
282, 4.69167, 2.91775, -124.167, 48.9606, -68.3355, 52.5871, 107.816, 0.00046518, 127.251, 0.00959439, -83.9136, 0.00519292, 91.9718
282, 4.70000, 2.92446, -124.994, 49.0305, -68.7192, 52.6382, 107.411, 0.00046783, 126.946, 0.00960132, -84.2502, 0.00519479, 91.616
282, 4.70833, 2.9309, -125.823, 49.098, -69.1034, 52.6865, 107.005, 0.000470472, 126.636, 0.00960779, -84.5874, 0.00519639, 91.2597
283, 4.71667, 2.93708, -126.653, 49.163, -69.4883, 52.7319, 106.6, 0.000473103, 126.323, 0.00961381, -84.9252, 0.00519772, 90.903
284, 4.72500, 2.943, -127.485, 49.2257, -69.8737, 52.7744, 106.194, 0.000475722, 126.004, 0.00961936, -85.2635, 0.00519877, 90.5461
284, 4.73333, 2.94865, -128.318, 49.2859, -70.2596, 52.8139, 105.788, 0.000478328, 125.682, 0.00962446, -85.6023, 0.00519955, 90.189
285, 4.74167, 2.95403, -129.153, 49.3437, -70.646, 52.8506, 105.381, 0.000480922, 125.355, 0.00962909, -85.9415, 0.00520005, 89.8315
285, 4.75000, 2.95914, -129.988, 49.3991, -71.0327, 52.8844, 104.975, 0.0004835, 125.024, 0.00963326, -86.2812, 0.00520027, 89.474
285, 4.75833, 2.96398, -130.825, 49.4519, -71.4199, 52.9152, 104.568, 0.000486062, 124.688, 0.00963696, -86.6211, 0.00520022, 89.1163
286, 4.76667, 2.96854, -131.663, 49.5023, -71.8074, 52.9432, 104.161, 0.000488608, 124.349, 0.00964019, -86.9615, 0.0051999, 88.7585
287, 4.77500, 2.97283, -132.502, 49.5502, -72.1952, 52.9681, 103.755, 0.000491137, 124.005, 0.00964295, -87.3021, 0.00519929, 88.4007
287, 4.78333, 2.97683, -133.342, 49.5956, -72.5833, 52.9902, 103.348, 0.000493646, 123.658, 0.00964524, -87.6429, 0.00519842, 88.0429
288, 4.79167, 2.98055, -134.183, 49.6384, -72.9716, 53.0093, 102.942, 0.000496136, 123.307, 0.00964707, -87.984, 0.00519726, 87.6852
288, 4.80000, 2.98399, -135.024, 49.6788, -73.3601, 53.0254, 102.536, 0.000498605, 122.952, 0.00964842, -88.3252, 0.00519584, 87.3276
288, 4.80833, 2.98715, -135.866, 49.7166, -73.7487, 53.0387, 102.129, 0.000501052, 122.593, 0.0096493, -88.6665, 0.00519413, 86.9701
289, 4.81667, 2.99002, -136.709, 49.7519, -74.1374, 53.049, 101.723, 0.000503477, 122.231, 0.0096497, -89.008, 0.00519216, 86.6128
290, 4.82500, 2.9926, -137.553, 49.7847, -74.5262, 53.0563, 101.318, 0.000505879, 121.865, 0.00964964, -89.3494, 0.00518991, 86.2558
290, 4.83333, 2.9949, -138.397, 49.8149, -74.9149, 53.0608, 100.913, 0.000508255, 121.496, 0.0096491, -89.6909, 0.00518739, 85.899
291, 4.84167, 2.99691, -139.241, 49.8426, -75.3037, 53.0623, 100.508, 0.000510607, 121.123, 0.0096481, -90.0323, 0.0051846, 85.5425
291, 4.85000, 2.99863, -140.086, 49.8678, -75.6924, 53.0609, 100.103, 0.000512932, 120.747, 0.00964662, -90.3737, 0.00518154, 85.1865
291, 4.85833, 3.00005, -140.931, 49.8904, -76.081, 53.0567, 99.6991, 0.000515229, 120.368, 0.00964468, -90.7149, 0.00517821, 84.8308
292, 4.86667, 3.00119, -141.776, 49.9105, -76.4695, 53.0495, 99.2955, 0.000517499, 119.985, 0.00964227, -91.0561, 0.00517461, 84.4756
293, 4.87500, 3.00204, -142.621, 49.928, -76.8578, 53.0395, 98.8925, 0.00051974, 119.6, 0.00963939, -91.3969, 0.00517075, 84.1209
293, 4.88333, 3.00261, -143.467, 49.943, -77.2459, 53.0266, 98.4901, 0.000521951, 119.212, 0.00963604, -91.7376, 0.00516663, 83.7668
294, 4.89167, 3.00288, -144.312, 49.9555, -77.6337, 53.0109, 98.0883, 0.000524131, 118.821, 0.00963224, -92.078, 0.00516225, 83.4132
294, 4.90000, 3.00286, -145.157, 49.9655, -78.0212, 52.9923, 97.6872, 0.00052628, 118.427, 0.00962797, -92.4181, 0.0051576, 83.0602
294, 4.90833, 3.00255, -146.002, 49.9729, -78.4084, 52.971, 97.2868, 0.000528396, 118.03, 0.00962325, -92.7579, 0.0051527, 82.708
295, 4.91667, 3.00196, -146.847, 49.9779, -78.7952, 52.9468, 96.8871, 0.00053048, 117.631, 0.00961806, -93.0973, 0.00514754, 82.3564
296, 4.92500, 3.00107, -147.692, 49.9803, -79.1816, 52.9199, 96.4883, 0.00053253, 117.229, 0.00961243, -93.4362, 0.00514213, 82.0056
296, 4.93333, 2.99991, -148.536, 49.9803, -79.5675, 52.8902, 96.0903, 0.000534546, 116.825, 0.00960634, -93.7747, 0.00513647, 81.6556
297, 4.94167, 2.99845, -149.38, 49.9777, -79.953, 52.8579, 95.6931, 0.000536526, 116.419, 0.0095998, -94.1127, 0.00513056, 81.3064
297, 4.95000, 2.99671, -150.223, 49.9727, -80.3379, 52.8228, 95.2969, 0.000538471, 116.01, 0.00959282, -94.4502, 0.00512441, 80.958
297, 4.95833, 2.99469, -151.066, 49.9653, -80.7223, 52.785, 94.9017, 0.000540379, 115.599, 0.0095854, -94.787, 0.00511801, 80.6106
298, 4.96667, 2.99239, -151.908, 49.9554, -81.1061, 52.7446, 94.5074, 0.000542251, 115.186, 0.00957754, -95.1234, 0.00511138, 80.2642
299, 4.97500, 2.98981, -152.749, 49.9431, -81.4893, 52.7016, 94.1141, 0.000544085, 114.771, 0.00956924, -95.459, 0.0051045, 79.9187
299, 4.98333, 2.98695, -153.589, 49.9284, -81.8717, 52.6559, 93.722, 0.00054588, 114.354, 0.00956051, -95.794, 0.00509739, 79.5743
300, 4.99167, 2.98382, -154.429, 49.9113, -82.2536, 52.6077, 93.3309, 0.000547637, 113.936, 0.00955135, -96.1283, 0.00509005, 79.2308
300, 5.00000, 2.98041, -155.267, 49.8918, -82.6346, 52.557, 92.941, 0.000549354, 113.515, 0.00954177, -96.4619, 0.00508249, 78.8885
300, 5.00833, 2.97673, -156.105, 49.87, -83.0149, 52.5037, 92.5523, 0.000551032, 113.093, 0.00953177, -96.7946, 0.00507469, 78.5474
301, 5.01667, 2.97278, -156.942, 49.8458, -83.3944, 52.448, 92.1647, 0.00055267, 112.67, 0.00952136, -97.1266, 0.00506668, 78.2073
302, 5.02500, 2.96857, -157.777, 49.8194, -83.773, 52.3899, 91.7785, 0.000554267, 112.245, 0.00951053, -97.4577, 0.00505845, 77.8685
302, 5.03333, 2.96409, -158.611, 49.7906, -84.1508, 52.3293, 91.3935, 0.000555822, 111.818, 0.0094993, -97.788, 0.00505, 77.531
303, 5.04167, 2.95935, -159.444, 49.7595, -84.5277, 52.2663, 91.0098, 0.000557337, 111.391, 0.00948767, -98.1173, 0.00504134, 77.1946
303, 5.05000, 2.95435, -160.276, 49.7262, -84.9036, 52.2011, 90.6275, 0.000558809, 110.962, 0.00947564, -98.4458, 0.00503247, 76.8596
303, 5.05833, 2.9491, -161.106, 49.6907, -85.2786, 52.1335, 90.2465, 0.00056024, 110.532, 0.00946322, -98.7732, 0.0050234, 76.5259
304, 5.06667, 2.94359, -161.935, 49.6529, -85.6527, 52.0636, 89.8669, 0.000561628, 110.1, 0.00945041, -99.0997, 0.00501413, 76.1935
305, 5.07500, 2.93784, -162.762, 49.613, -86.0256, 51.9915, 89.4888, 0.000562973, 109.668, 0.00943722, -99.4251, 0.00500466, 75.8626
305, 5.08333, 2.93184, -163.588, 49.5709, -86.3976, 51.9172, 89.1122, 0.000564276, 109.236, 0.00942366, -99.7495, 0.004995, 75.5331
306, 5.09167, 2.92559, -164.412, 49.5267, -86.7684, 51.8407, 88.737, 0.000565535, 108.802, 0.00940972, -100.073, 0.00498515, 75.2049
306, 5.10000, 2.91911, -165.234, 49.4803, -87.1382, 51.7621, 88.3633, 0.00056675, 108.367, 0.00939542, -100.395, 0.00497511, 74.8783
306, 5.10833, 2.9124, -166.055, 49.4319, -87.5068, 51.6815, 87.9912, 0.000567923, 107.932, 0.00938076, -100.716, 0.00496489, 74.5532
307, 5.11667, 2.90545, -166.874, 49.3815, -87.8743, 51.5987, 87.6207, 0.000569051, 107.497, 0.00936575, -101.036, 0.00495449, 74.2295
308, 5.12500, 2.89827, -167.691, 49.329, -88.2405, 51.514, 87.2517, 0.000570136, 107.06, 0.00935039, -101.355, 0.00494392, 73.9074
308, 5.13333, 2.89087, -168.506, 49.2745, -88.6056, 51.4273, 86.8844, 0.000571176, 106.624, 0.00933468, -101.672, 0.00493318, 73.5869
309, 5.14167, 2.88325, -169.319, 49.218, -88.9695, 51.3387, 86.5187, 0.000572173, 106.187, 0.00931863, -101.989, 0.00492227, 73.268
309, 5.15000, 2.87541, -170.13, 49.1596, -89.332, 51.2482, 86.1547, 0.000573126, 105.75, 0.00930226, -102.304, 0.0049112, 72.9507
309, 5.15833, 2.86736, -170.939, 49.0993, -89.6933, 51.1558, 85.7924, 0.000574034, 105.312, 0.00928556, -102.617, 0.00489996, 72.635
310, 5.16667, 2.8591, -171.745, 49.0371, -90.0533, 51.0616, 85.4317, 0.000574899, 104.875, 0.00926854, -102.93, 0.00488858, 72.321
311, 5.17500, 2.85063, -172.55, 48.973, -90.4119, 50.9657, 85.0728, 0.000575719, 104.437, 0.00925121, -103.241, 0.00487704, 72.0087
311, 5.18333, 2.84197, -173.352, 48.9071, -90.7692, 50.868, 84.7157, 0.000576496, 104, 0.00923357, -103.551, 0.00486536, 71.698
312, 5.19167, 2.83311, -174.153, 48.8395, -91.1252, 50.7686, 84.3603, 0.000577229, 103.562, 0.00921563, -103.859, 0.00485353, 71.3891
312, 5.20000, 2.82406, -174.95, 48.77, -91.4797, 50.6676, 84.0067, 0.000577917, 103.125, 0.0091974, -104.166, 0.00484157, 71.0819
312, 5.20833, 2.81482, -175.746, 48.6989, -91.8328, 50.565, 83.6549, 0.000578563, 102.688, 0.00917888, -104.472, 0.00482947, 70.7765
313, 5.21667, 2.8054, -176.539, 48.626, -92.1845, 50.4608, 83.3048, 0.000579165, 102.251, 0.00916007, -104.776, 0.00481724, 70.4728
314, 5.22500, 2.7958, -177.329, 48.5514, -92.5348, 50.3551, 82.9567, 0.000579723, 101.814, 0.00914099, -105.079, 0.00480488, 70.1709
314, 5.23333, 2.78602, -178.117, 48.4753, -92.8835, 50.2479, 82.6104, 0.000580238, 101.378, 0.00912163, -105.38, 0.0047924, 69.8708
315, 5.24167, 2.77608, -178.903, 48.3975, -93.2308, 50.1393, 82.2659, 0.00058071, 100.943, 0.00910202, -105.68, 0.0047798, 69.5725
315, 5.25000, 2.76597, -179.686, 48.3181, -93.5766, 50.0292, 81.9233, 0.00058114, 100.508, 0.00908214, -105.978, 0.00476708, 69.276
315, 5.25833, 2.7557, 179.534, 48.2372, -93.9209, 49.9178, 81.5826, 0.000581527, 100.073, 0.00906202, -106.275, 0.00475425, 68.9814
316, 5.26667, 2.74527, 178.756, 48.1548, -94.2636, 49.805, 81.2438, 0.000581872, 99.6394, 0.00904164, -106.57, 0.00474131, 68.6886
317, 5.27500, 2.73469, 177.981, 48.0709, -94.6048, 49.691, 80.9069, 0.000582175, 99.2063, 0.00902103, -106.864, 0.00472827, 68.3977
317, 5.28333, 2.72396, 177.209, 47.9855, -94.9444, 49.5757, 80.5719, 0.000582436, 98.7739, 0.00900019, -107.156, 0.00471513, 68.1087
318, 5.29167, 2.71309, 176.439, 47.8987, -95.2825, 49.4592, 80.2388, 0.000582656, 98.3424, 0.00897912, -107.447, 0.0047019, 67.8215
318, 5.30000, 2.70208, 175.673, 47.8106, -95.6189, 49.3415, 79.9077, 0.000582835, 97.9117, 0.00895783, -107.736, 0.00468857, 67.5363
318, 5.30833, 2.69094, 174.909, 47.7211, -95.9538, 49.2227, 79.5785, 0.000582973, 97.482, 0.00893632, -108.023, 0.00467515, 67.2529
319, 5.31667, 2.67967, 174.148, 47.6302, -96.287, 49.1028, 79.2513, 0.000583072, 97.0532, 0.0089146, -108.309, 0.00466164, 66.9714
320, 5.32500, 2.66827, 173.39, 47.5381, -96.6186, 48.9819, 78.926, 0.00058313, 96.6254, 0.00889269, -108.593, 0.00464805, 66.6919
320, 5.33333, 2.65675, 172.634, 47.4447, -96.9486, 48.8599, 78.6027, 0.000583149, 96.1987, 0.00887057, -108.876, 0.00463439, 66.4143
321, 5.34167, 2.64511, 171.882, 47.3501, -97.2769, 48.7369, 78.2814, 0.000583128, 95.7731, 0.00884827, -109.157, 0.00462065, 66.1386
321, 5.35000, 2.63336, 171.133, 47.2543, -97.6036, 48.613, 77.962, 0.000583069, 95.3487, 0.00882578, -109.436, 0.00460684, 65.8648
321, 5.35833, 2.62151, 170.387, 47.1573, -97.9285, 48.4882, 77.6446, 0.000582972, 94.9255, 0.00880311, -109.713, 0.00459296, 65.593
322, 5.36667, 2.60954, 169.644, 47.0592, -98.2519, 48.3625, 77.3292, 0.000582837, 94.5035, 0.00878027, -109.989, 0.00457901, 65.3231
323, 5.37500, 2.59748, 168.903, 46.96, -98.5735, 48.236, 77.0158, 0.000582665, 94.0829, 0.00875727, -110.264, 0.004565, 65.0552
323, 5.38333, 2.58533, 168.166, 46.8597, -98.8934, 48.1086, 76.7044, 0.000582455, 93.6636, 0.0087341, -110.536, 0.00455094, 64.7892
324, 5.39167, 2.57308, 167.432, 46.7583, -99.2117, 47.9805, 76.3949, 0.00058221, 93.2456, 0.00871077, -110.807, 0.00453682, 64.5251
324, 5.40000, 2.56075, 166.702, 46.656, -99.5282, 47.8517, 76.0875, 0.000581928, 92.8291, 0.0086873, -111.076, 0.00452265, 64.263
324, 5.40833, 2.54834, 165.974, 46.5527, -99.843, 47.7221, 75.782, 0.000581611, 92.414, 0.00866369, -111.344, 0.00450843, 64.0029
325, 5.41667, 2.53584, 165.249, 46.4484, -100.156, 47.5919, 75.4785, 0.000581259, 92.0003, 0.00863993, -111.609, 0.00449417, 63.7447
326, 5.42500, 2.52327, 164.528, 46.3431, -100.467, 47.4611, 75.1771, 0.000580873, 91.5883, 0.00861604, -111.873, 0.00447986, 63.4885
326, 5.43333, 2.51064, 163.81, 46.237, -100.777, 47.3296, 74.8776, 0.000580453, 91.1777, 0.00859202, -112.136, 0.00446551, 63.2342
327, 5.44167, 2.49793, 163.095, 46.13, -101.085, 47.1976, 74.5801, 0.000579999, 90.7688, 0.00856788, -112.396, 0.00445113, 62.9818
327, 5.45000, 2.48516, 162.383, 46.0222, -101.391, 47.065, 74.2846, 0.000579512, 90.3615, 0.00854363, -112.655, 0.00443671, 62.7315
327, 5.45833, 2.47234, 161.675, 45.9136, -101.696, 46.9319, 73.9911, 0.000578994, 89.9558, 0.00851926, -112.912, 0.00442227, 62.4831
328, 5.46667, 2.45945, 160.97, 45.8042, -101.998, 46.7983, 73.6996, 0.000578443, 89.5518, 0.00849479, -113.168, 0.00440779, 62.2366
329, 5.47500, 2.44652, 160.268, 45.694, -102.299, 46.6643, 73.4101, 0.000577861, 89.1496, 0.00847021, -113.422, 0.00439329, 61.9921
329, 5.48333, 2.43354, 159.569, 45.5831, -102.598, 46.5299, 73.1225, 0.000577248, 88.749, 0.00844554, -113.673, 0.00437877, 61.7495
330, 5.49167, 2.42052, 158.874, 45.4715, -102.896, 46.395, 72.8369, 0.000576605, 88.3502, 0.00842078, -113.924, 0.00436422, 61.5088
330, 5.50000, 2.40745, 158.182, 45.3592, -103.191, 46.2598, 72.5533, 0.000575933, 87.9533, 0.00839593, -114.172, 0.00434966, 61.2701
330, 5.50833, 2.39435, 157.493, 45.2463, -103.485, 46.1243, 72.2716, 0.000575232, 87.5581, 0.008371, -114.419, 0.00433509, 61.0334
331, 5.51667, 2.38122, 156.807, 45.1328, -103.777, 45.9884, 71.9919, 0.000574501, 87.1648, 0.00834599, -114.664, 0.0043205, 60.7985
332, 5.52500, 2.36805, 156.125, 45.0186, -104.068, 45.8522, 71.7142, 0.000573743, 86.7734, 0.00832091, -114.907, 0.0043059, 60.5656
332, 5.53333, 2.35486, 155.447, 44.9039, -104.356, 45.7158, 71.4384, 0.000572958, 86.3838, 0.00829577, -115.148, 0.00429129, 60.3346
333, 5.54167, 2.34164, 154.771, 44.7887, -104.643, 45.5792, 71.1646, 0.000572146, 85.9961, 0.00827056, -115.388, 0.00427668, 60.1055
333, 5.55000, 2.32841, 154.099, 44.6729, -104.928, 45.4423, 70.8927, 0.000571307, 85.6104, 0.00824529, -115.626, 0.00426207, 59.8783
333, 5.55833, 2.31516, 153.431, 44.5566, -105.212, 45.3053, 70.6227, 0.000570443, 85.2266, 0.00821997, -115.862, 0.00424745, 59.6531
334, 5.56667, 2.30189, 152.765, 44.4399, -105.493, 45.168, 70.3547, 0.000569553, 84.8448, 0.0081946, -116.097, 0.00423284, 59.4297
335, 5.57500, 2.28862, 152.103, 44.3227, -105.773, 45.0307, 70.0886, 0.000568639, 84.4649, 0.00816918, -116.33, 0.00421823, 59.2082
335, 5.58333, 2.27533, 151.445, 44.2051, -106.051, 44.8932, 69.8243, 0.0005677, 84.0871, 0.00814372, -116.561, 0.00420363, 58.9886
336, 5.59167, 2.26204, 150.789, 44.087, -106.328, 44.7556, 69.562, 0.000566738, 83.7112, 0.00811822, -116.79, 0.00418903, 58.7708
336, 5.60000, 2.24875, 150.138, 43.9686, -106.602, 44.618, 69.3016, 0.000565753, 83.3374, 0.00809269, -117.018, 0.00417444, 58.5549
336, 5.60833, 2.23546, 149.489, 43.8499, -106.875, 44.4803, 69.0431, 0.000564746, 82.9657, 0.00806714, -117.243, 0.00415986, 58.3409
337, 5.61667, 2.22217, 148.844, 43.7307, -107.146, 44.3425, 68.7864, 0.000563717, 82.5959, 0.00804155, -117.468, 0.0041453, 58.1287
338, 5.62500, 2.20889, 148.202, 43.6113, -107.416, 44.2048, 68.5316, 0.000562666, 82.2283, 0.00801595, -117.69, 0.00413075, 57.9184
338, 5.63333, 2.19561, 147.564, 43.4916, -107.684, 44.067, 68.2787, 0.000561595, 81.8628, 0.00799032, -117.911, 0.00411622, 57.7099
339, 5.64167, 2.18235, 146.929, 43.3716, -107.95, 43.9293, 68.0276, 0.000560503, 81.4993, 0.00796468, -118.13, 0.0041017, 57.5033
339, 5.65000, 2.1691, 146.297, 43.2514, -108.214, 43.7916, 67.7784, 0.000559391, 81.1379, 0.00793904, -118.347, 0.00408721, 57.2984
339, 5.65833, 2.15587, 145.669, 43.1309, -108.476, 43.654, 67.531, 0.00055826, 80.7786, 0.00791338, -118.563, 0.00407273, 57.0954
340, 5.66667, 2.14265, 145.044, 43.0102, -108.737, 43.5164, 67.2854, 0.00055711, 80.4214, 0.00788772, -118.776, 0.00405828, 56.8941
341, 5.67500, 2.12946, 144.422, 42.8893, -108.996, 43.379, 67.0416, 0.000555942, 80.0664, 0.00786206, -118.989, 0.00404386, 56.6946
341, 5.68333, 2.11628, 143.804, 42.7683, -109.254, 43.2417, 66.7997, 0.000554757, 79.7135, 0.0078364, -119.199, 0.00402946, 56.497
342, 5.69167, 2.10313, 143.189, 42.647, -109.509, 43.1044, 66.5595, 0.000553554, 79.3627, 0.00781075, -119.408, 0.00401509, 56.301
342, 5.70000, 2.09001, 142.577, 42.5257, -109.763, 42.9674, 66.3211, 0.000552334, 79.0141, 0.00778511, -119.615, 0.00400075, 56.1069
342, 5.70833, 2.07692, 141.969, 42.4042, -110.016, 42.8305, 66.0845, 0.000551099, 78.6677, 0.00775948, -119.82, 0.00398643, 55.9145
343, 5.71667, 2.06386, 141.364, 42.2826, -110.266, 42.6937, 65.8496, 0.000549847, 78.3233, 0.00773386, -120.024, 0.00397215, 55.7238
344, 5.72500, 2.05083, 140.762, 42.1609, -110.515, 42.5572, 65.6166, 0.00054858, 77.9812, 0.00770827, -120.226, 0.0039579, 55.5349
344, 5.73333, 2.03784, 140.164, 42.0391, -110.762, 42.4209, 65.3852, 0.000547299, 77.6412, 0.00768269, -120.427, 0.00394369, 55.3477
345, 5.74167, 2.02488, 139.568, 41.9173, -111.008, 42.2847, 65.1555, 0.000546003, 77.3033, 0.00765714, -120.626, 0.00392951, 55.1621
345, 5.75000, 2.01196, 138.977, 41.7954, -111.252, 42.1488, 64.9276, 0.000544693, 76.9677, 0.00763161, -120.823, 0.00391537, 54.9783
345, 5.75833, 1.99908, 138.388, 41.6735, -111.494, 42.0132, 64.7014, 0.00054337, 76.6342, 0.00760611, -121.018, 0.00390126, 54.7962
346, 5.76667, 1.98623, 137.803, 41.5516, -111.735, 41.8778, 64.4769, 0.000542034, 76.3028, 0.00758065, -121.212, 0.00388719, 54.6157
347, 5.77500, 1.97344, 137.221, 41.4297, -111.974, 41.7426, 64.2541, 0.000540686, 75.9737, 0.00755521, -121.405, 0.00387317, 54.4369
347, 5.78333, 1.96069, 136.642, 41.3078, -112.212, 41.6078, 64.0329, 0.000539325, 75.6467, 0.00752982, -121.595, 0.00385918, 54.2598
348, 5.79167, 1.94798, 136.066, 41.186, -112.447, 41.4732, 63.8134, 0.000537953, 75.3218, 0.00750446, -121.785, 0.00384523, 54.0843
348, 5.80000, 1.93532, 135.494, 41.0642, -112.682, 41.3389, 63.5956, 0.00053657, 74.9992, 0.00747915, -121.972, 0.00383133, 53.9104
348, 5.80833, 1.92271, 134.925, 40.9425, -112.914, 41.2049, 63.3794, 0.000535176, 74.6787, 0.00745388, -122.158, 0.00381747, 53.7382
349, 5.81667, 1.91014, 134.359, 40.8208, -113.145, 41.0713, 63.1648, 0.000533772, 74.3603, 0.00742865, -122.342, 0.00380365, 53.5675
350, 5.82500, 1.89763, 133.796, 40.6992, -113.375, 40.938, 62.9519, 0.000532358, 74.0442, 0.00740347, -122.525, 0.00378988, 53.3985
350, 5.83333, 1.88518, 133.237, 40.5777, -113.603, 40.805, 62.7405, 0.000530934, 73.7302, 0.00737834, -122.706, 0.00377615, 53.231
351, 5.84167, 1.87277, 132.68, 40.4563, -113.829, 40.6723, 62.5307, 0.000529502, 73.4183, 0.00735326, -122.886, 0.00376247, 53.0651
351, 5.85000, 1.86042, 132.127, 40.3351, -114.054, 40.5401, 62.3225, 0.00052806, 73.1086, 0.00732824, -123.064, 0.00374884, 52.9008
351, 5.85833, 1.84813, 131.577, 40.2139, -114.277, 40.4082, 62.1159, 0.000526611, 72.8011, 0.00730327, -123.241, 0.00373525, 52.738
352, 5.86667, 1.83589, 131.03, 40.0929, -114.498, 40.2766, 61.9109, 0.000525153, 72.4957, 0.00727836, -123.416, 0.00372172, 52.5768
353, 5.87500, 1.82371, 130.486, 39.9721, -114.718, 40.1455, 61.7074, 0.000523687, 72.1924, 0.0072535, -123.589, 0.00370823, 52.4171
353, 5.88333, 1.81158, 129.945, 39.8515, -114.937, 40.0147, 61.5054, 0.000522215, 71.8913, 0.00722871, -123.761, 0.00369479, 52.2589
354, 5.89167, 1.79952, 129.407, 39.731, -115.154, 39.8843, 61.3049, 0.000520736, 71.5923, 0.00720398, -123.932, 0.0036814, 52.1022
354, 5.90000, 1.78752, 128.872, 39.6107, -115.37, 39.7543, 61.106, 0.00051925, 71.2955, 0.00717932, -124.101, 0.00366806, 51.947
354, 5.90833, 1.77557, 128.341, 39.4906, -115.584, 39.6248, 60.9086, 0.000517758, 71.0007, 0.00715472, -124.269, 0.00365478, 51.7933
355, 5.91667, 1.76369, 127.812, 39.3706, -115.796, 39.4956, 60.7126, 0.00051626, 70.7081, 0.00713019, -124.435, 0.00364154, 51.6411
356, 5.92500, 1.75187, 127.287, 39.251, -116.007, 39.3669, 60.5181, 0.000514756, 70.4176, 0.00710572, -124.599, 0.00362836, 51.4903
356, 5.93333, 1.74012, 126.764, 39.1315, -116.217, 39.2386, 60.3251, 0.000513248, 70.1292, 0.00708133, -124.762, 0.00361523, 51.341
357, 5.94167, 1.72843, 126.244, 39.0123, -116.425, 39.1107, 60.1336, 0.000511734, 69.8428, 0.00705701, -124.924, 0.00360215, 51.1931
357, 5.95000, 1.7168, 125.728, 38.8933, -116.632, 38.9833, 59.9435, 0.000510217, 69.5586, 0.00703276, -125.084, 0.00358913, 51.0466
357, 5.95833, 1.70524, 125.214, 38.7745, -116.837, 38.8563, 59.7548, 0.000508694, 69.2765, 0.00700858, -125.243, 0.00357616, 50.9016
358, 5.96667, 1.69374, 124.703, 38.656, -117.041, 38.7297, 59.5675, 0.000507168, 68.9964, 0.00698448, -125.401, 0.00356325, 50.7579
359, 5.97500, 1.68231, 124.195, 38.5378, -117.243, 38.6037, 59.3816, 0.000505639, 68.7184, 0.00696046, -125.557, 0.00355039, 50.6157
359, 5.98333, 1.67094, 123.691, 38.4198, -117.444, 38.478, 59.1972, 0.000504106, 68.4424, 0.00693651, -125.711, 0.00353758, 50.4748
360, 5.99167, 1.65964, 123.188, 38.3022, -117.643, 38.3528, 59.0141, 0.000502569, 68.1685, 0.00691264, -125.865, 0.00352483, 50.3353
360, 6.00000, 1.64841, 122.689, 38.1848, -117.841, 38.2281, 58.8324, 0.00050103, 67.8966, 0.00688885, -126.016, 0.00351213, 50.1972
360, 6.00833, 1.63725, 122.193, 38.0677, -118.038, 38.1039, 58.6521, 0.000499489, 67.6268, 0.00686515, -126.167, 0.00349949, 50.0604
361, 6.01667, 1.62615, 121.7, 37.9509, -118.234, 37.9801, 58.473, 0.000497945, 67.3589, 0.00684152, -126.316, 0.00348691, 49.9249
362, 6.02500, 1.61513, 121.209, 37.8344, -118.427, 37.8568, 58.2954, 0.000496399, 67.0931, 0.00681797, -126.464, 0.00347438, 49.7907
362, 6.03333, 1.60417, 120.721, 37.7182, -118.62, 37.734, 58.1191, 0.000494852, 66.8293, 0.00679451, -126.61, 0.00346191, 49.6579
363, 6.04167, 1.59328, 120.236, 37.6023, -118.811, 37.6117, 57.944, 0.000493303, 66.5675, 0.00677113, -126.755, 0.00344949, 49.5264
363, 6.05000, 1.58246, 119.754, 37.4867, -119.001, 37.4898, 57.7703, 0.000491752, 66.3077, 0.00674784, -126.899, 0.00343713, 49.3961
363, 6.05833, 1.5717, 119.275, 37.3715, -119.19, 37.3685, 57.5979, 0.000490201, 66.0498, 0.00672464, -127.041, 0.00342483, 49.2672
364, 6.06667, 1.56102, 118.798, 37.2566, -119.377, 37.2476, 57.4268, 0.000488649, 65.7939, 0.00670151, -127.182, 0.00341259, 49.1395
365, 6.07500, 1.55041, 118.324, 37.1421, -119.563, 37.1272, 57.2569, 0.000487096, 65.54, 0.00667848, -127.322, 0.0034004, 49.0131
365, 6.08333, 1.53986, 117.853, 37.0279, -119.748, 37.0073, 57.0883, 0.000485543, 65.288, 0.00665554, -127.461, 0.00338827, 48.8879
366, 6.09167, 1.52939, 117.384, 36.914, -119.931, 36.8879, 56.921, 0.000483989, 65.0379, 0.00663268, -127.598, 0.00337619, 48.7639
366, 6.10000, 1.51898, 116.918, 36.8005, -120.113, 36.769, 56.7549, 0.000482436, 64.7898, 0.00660991, -127.734, 0.00336417, 48.6412
366, 6.10833, 1.50865, 116.455, 36.6873, -120.294, 36.6506, 56.59, 0.000480883, 64.5436, 0.00658723, -127.869, 0.00335222, 48.5197
367, 6.11667, 1.49839, 115.994, 36.5745, -120.473, 36.5327, 56.4263, 0.00047933, 64.2992, 0.00656464, -128.002, 0.00334031, 48.3994
368, 6.12500, 1.48819, 115.536, 36.4621, -120.651, 36.4153, 56.2639, 0.000477778, 64.0568, 0.00654214, -128.134, 0.00332847, 48.2803
368, 6.13333, 1.47807, 115.081, 36.35, -120.828, 36.2984, 56.1027, 0.000476227, 63.8163, 0.00651974, -128.265, 0.00331668, 48.1624
369, 6.14167, 1.46801, 114.628, 36.2383, -121.004, 36.182, 55.9426, 0.000474676, 63.5776, 0.00649742, -128.395, 0.00330495, 48.0456
369, 6.15000, 1.45803, 114.178, 36.127, -121.179, 36.0662, 55.7837, 0.000473127, 63.3408, 0.00647519, -128.524, 0.00329328, 47.93
369, 6.15833, 1.44811, 113.73, 36.016, -121.352, 35.9508, 55.626, 0.00047158, 63.1058, 0.00645306, -128.651, 0.00328166, 47.8156
370, 6.16667, 1.43827, 113.285, 35.9055, -121.524, 35.8359, 55.4694, 0.000470033, 62.8727, 0.00643102, -128.777, 0.0032701, 47.7023
371, 6.17500, 1.42849, 112.842, 35.7953, -121.695, 35.7215, 55.314, 0.000468489, 62.6414, 0.00640908, -128.902, 0.0032586, 47.5901
371, 6.18333, 1.41879, 112.402, 35.6855, -121.864, 35.6077, 55.1597, 0.000466946, 62.4119, 0.00638722, -129.026, 0.00324716, 47.4791
372, 6.19167, 1.40915, 111.964, 35.5761, -122.033, 35.4943, 55.0065, 0.000465405, 62.1842, 0.00636546, -129.149, 0.00323577, 47.3691
372, 6.20000, 1.39958, 111.529, 35.4671, -122.2, 35.3815, 54.8545, 0.000463866, 61.9583, 0.0063438, -129.27, 0.00322444, 47.2603
372, 6.20833, 1.39009, 111.096, 35.3585, -122.366, 35.2691, 54.7036, 0.00046233, 61.7342, 0.00632222, -129.39, 0.00321317, 47.1526
373, 6.21667, 1.38066, 110.666, 35.2502, -122.531, 35.1573, 54.5537, 0.000460796, 61.5118, 0.00630075, -129.509, 0.00320195, 47.0459
374, 6.22500, 1.3713, 110.238, 35.1424, -122.695, 35.046, 54.405, 0.000459264, 61.2912, 0.00627936, -129.628, 0.00319079, 46.9404
374, 6.23333, 1.36201, 109.813, 35.035, -122.858, 34.9352, 54.2573, 0.000457736, 61.0724, 0.00625807, -129.744, 0.00317969, 46.8358
375, 6.24167, 1.35278, 109.39, 34.928, -123.019, 34.8248, 54.1107, 0.00045621, 60.8553, 0.00623688, -129.86, 0.00316865, 46.7324
375, 6.25000, 1.34363, 108.969, 34.8214, -123.179, 34.7151, 53.9652, 0.000454686, 60.6399, 0.00621578, -129.975, 0.00315766, 46.63
375, 6.25833, 1.33454, 108.551, 34.7152, -123.339, 34.6058, 53.8207, 0.000453166, 60.4263, 0.00619478, -130.089, 0.00314673, 46.5286
376, 6.26667, 1.32553, 108.134, 34.6094, -123.497, 34.497, 53.6772, 0.000451649, 60.2143, 0.00617386, -130.201, 0.00313585, 46.4282
377, 6.27500, 1.31658, 107.721, 34.504, -123.654, 34.3887, 53.5348, 0.000450136, 60.004, 0.00615305, -130.312, 0.00312503, 46.3289
377, 6.28333, 1.30769, 107.309, 34.399, -123.81, 34.2809, 53.3934, 0.000448626, 59.7954, 0.00613233, -130.423, 0.00311427, 46.2306
378, 6.29167, 1.29888, 106.9, 34.2944, -123.965, 34.1736, 53.253, 0.000447119, 59.5885, 0.00611171, -130.532, 0.00310356, 46.1332
378, 6.30000, 1.29013, 106.493, 34.1903, -124.119, 34.0669, 53.1136, 0.000445616, 59.3832, 0.00609118, -130.64, 0.00309291, 46.0369
378, 6.30833, 1.28144, 106.089, 34.0866, -124.271, 33.9606, 52.9752, 0.000444116, 59.1796, 0.00607074, -130.748, 0.00308231, 45.9415
379, 6.31667, 1.27283, 105.686, 33.9832, -124.423, 33.8548, 52.8378, 0.00044262, 58.9776, 0.0060504, -130.854, 0.00307177, 45.8471
380, 6.32500, 1.26428, 105.286, 33.8803, -124.574, 33.7496, 52.7013, 0.000441128, 58.7773, 0.00603016, -130.959, 0.00306128, 45.7537
380, 6.33333, 1.25579, 104.888, 33.7779, -124.723, 33.6448, 52.5659, 0.00043964, 58.5785, 0.00601001, -131.063, 0.00305085, 45.6612
381, 6.34167, 1.24737, 104.492, 33.6758, -124.872, 33.5406, 52.4313, 0.000438156, 58.3813, 0.00598996, -131.166, 0.00304047, 45.5696
381, 6.35000, 1.23902, 104.099, 33.5741, -125.02, 33.4368, 52.2978, 0.000436677, 58.1858, 0.00597, -131.268, 0.00303015, 45.479
381, 6.35833, 1.23073, 103.707, 33.4729, -125.166, 33.3335, 52.1652, 0.000435201, 57.9918, 0.00595014, -131.369, 0.00301989, 45.3894
382, 6.36667, 1.2225, 103.318, 33.3721, -125.312, 33.2308, 52.0335, 0.00043373, 57.7993, 0.00593037, -131.469, 0.00300967, 45.3006
383, 6.37500, 1.21434, 102.931, 33.2717, -125.456, 33.1285, 51.9027, 0.000432263, 57.6084, 0.00591069, -131.569, 0.00299951, 45.2128
383, 6.38333, 1.20625, 102.546, 33.1717, -125.6, 33.0267, 51.7729, 0.0004308, 57.4191, 0.00589111, -131.667, 0.00298941, 45.1258
384, 6.39167, 1.19821, 102.163, 33.0722, -125.742, 32.9254, 51.6439, 0.000429342, 57.2313, 0.00587163, -131.764, 0.00297936, 45.0398
384, 6.40000, 1.19024, 101.782, 32.973, -125.884, 32.8246, 51.5159, 0.000427889, 57.045, 0.00585223, -131.86, 0.00296936, 44.9546
384, 6.40833, 1.18233, 101.403, 32.8743, -126.025, 32.7243, 51.3888, 0.00042644, 56.8602, 0.00583294, -131.956, 0.00295941, 44.8703
385, 6.41667, 1.17449, 101.026, 32.776, -126.164, 32.6244, 51.2625, 0.000424996, 56.6769, 0.00581373, -132.05, 0.00294952, 44.7869
386, 6.42500, 1.1667, 100.651, 32.6782, -126.303, 32.5251, 51.1371, 0.000423557, 56.4951, 0.00579462, -132.143, 0.00293968, 44.7043
386, 6.43333, 1.15898, 100.279, 32.5807, -126.441, 32.4262, 51.0126, 0.000422122, 56.3148, 0.00577561, -132.236, 0.0029299, 44.6226
387, 6.44167, 1.15132, 99.9078, 32.4837, -126.578, 32.3278, 50.8889, 0.000420692, 56.136, 0.00575668, -132.328, 0.00292016, 44.5418
387, 6.45000, 1.14372, 99.539, 32.387, -126.714, 32.2299, 50.7661, 0.000419267, 55.9586, 0.00573785, -132.418, 0.00291048, 44.4618
387, 6.45833, 1.13618, 99.1722, 32.2909, -126.849, 32.1325, 50.6442, 0.000417847, 55.7826, 0.00571911, -132.508, 0.00290085, 44.3826
388, 6.46667, 1.1287, 98.8073, 32.1951, -126.983, 32.0356, 50.5231, 0.000416432, 55.608, 0.00570047, -132.597, 0.00289127, 44.3042
389, 6.47500, 1.12128, 98.4444, 32.0997, -127.116, 31.9391, 50.4028, 0.000415023, 55.4349, 0.00568191, -132.685, 0.00288175, 44.2266
389, 6.48333, 1.11392, 98.0834, 32.0048, -127.248, 31.8431, 50.2833, 0.000413618, 55.2632, 0.00566345, -132.772, 0.00287227, 44.1499
390, 6.49167, 1.10662, 97.7243, 31.9102, -127.38, 31.7476, 50.1646, 0.000412218, 55.0929, 0.00564508, -132.859, 0.00286284, 44.074
390, 6.50000, 1.09937, 97.3671, 31.8161, -127.51, 31.6525, 50.0468, 0.000410823, 54.924, 0.00562681, -132.944, 0.00285347, 43.9988
390, 6.50833, 1.09219, 97.0118, 31.7225, -127.64, 31.5579, 49.9298, 0.000409434, 54.7565, 0.00560862, -133.029, 0.00284415, 43.9244
391, 6.51667, 1.08506, 96.6583, 31.6292, -127.769, 31.4638, 49.8135, 0.00040805, 54.5903, 0.00559052, -133.112, 0.00283487, 43.8508
392, 6.52500, 1.07799, 96.3067, 31.5363, -127.897, 31.3701, 49.6981, 0.000406671, 54.4255, 0.00557252, -133.195, 0.00282565, 43.778
392, 6.53333, 1.07098, 95.957, 31.4439, -128.024, 31.2769, 49.5834, 0.000405298, 54.262, 0.0055546, -133.277, 0.00281647, 43.706
393, 6.54167, 1.06402, 95.609, 31.3518, -128.15, 31.1842, 49.4695, 0.000403929, 54.0999, 0.00553678, -133.359, 0.00280735, 43.6347
393, 6.55000, 1.05712, 95.2629, 31.2602, -128.275, 31.0919, 49.3563, 0.000402566, 53.9391, 0.00551904, -133.439, 0.00279827, 43.5641
393, 6.55833, 1.05028, 94.9186, 31.169, -128.4, 31.0001, 49.2439, 0.000401209, 53.7796, 0.0055014, -133.519, 0.00278925, 43.4943
394, 6.56667, 1.04349, 94.5761, 31.0782, -128.524, 30.9087, 49.1323, 0.000399857, 53.6213, 0.00548384, -133.597, 0.00278027, 43.4253
395, 6.57500, 1.03675, 94.2353, 30.9878, -128.647, 30.8177, 49.0214, 0.00039851, 53.4645, 0.00546637, -133.675, 0.00277134, 43.3569
395, 6.58333, 1.03007, 93.8963, 30.8978, -128.769, 30.7273, 48.9113, 0.000397169, 53.3088, 0.005449, -133.753, 0.00276246, 43.2893
396, 6.59167, 1.02345, 93.559, 30.8082, -128.89, 30.6372, 48.8018, 0.000395833, 53.1545, 0.0054317, -133.829, 0.00275363, 43.2224
396, 6.60000, 1.01688, 93.2235, 30.7191, -129.01, 30.5477, 48.6931, 0.000394503, 53.0014, 0.0054145, -133.905, 0.00274484, 43.1562
396, 6.60833, 1.01036, 92.8897, 30.6303, -129.13, 30.4585, 48.5852, 0.000393178, 52.8496, 0.00539738, -133.98, 0.0027361, 43.0907
397, 6.61667, 1.00389, 92.5575, 30.5419, -129.249, 30.3698, 48.4779, 0.000391858, 52.699, 0.00538035, -134.054, 0.00272741, 43.0259
398, 6.62500, 0.997483, 92.2271, 30.454, -129.367, 30.2816, 48.3714, 0.000390545, 52.5496, 0.00536341, -134.127, 0.00271877, 42.9618
398, 6.63333, 0.991123, 91.8983, 30.3664, -129.485, 30.1937, 48.2655, 0.000389236, 52.4015, 0.00534656, -134.2, 0.00271017, 42.8984
399, 6.64167, 0.984814, 91.5712, 30.2793, -129.601, 30.1063, 48.1603, 0.000387933, 52.2546, 0.00532979, -134.272, 0.00270162, 42.8357
399, 6.65000, 0.978558, 91.2458, 30.1925, -129.717, 30.0194, 48.0559, 0.000386636, 52.1089, 0.0053131, -134.343, 0.00269312, 42.7736
399, 6.65833, 0.972352, 90.922, 30.1061, -129.832, 29.9329, 47.9521, 0.000385345, 51.9644, 0.0052965, -134.413, 0.00268466, 42.7122
400, 6.66667, 0.966196, 90.5998, 30.0202, -129.947, 29.8468, 47.849, 0.000384058, 51.821, 0.00527999, -134.483, 0.00267624, 42.6514
401, 6.67500, 0.960092, 90.2793, 29.9346, -130.06, 29.7611, 47.7465, 0.000382778, 51.6789, 0.00526356, -134.552, 0.00266788, 42.5914
401, 6.68333, 0.954037, 89.9603, 29.8494, -130.173, 29.6758, 47.6448, 0.000381503, 51.5379, 0.00524721, -134.62, 0.00265955, 42.5319
402, 6.69167, 0.948031, 89.6429, 29.7646, -130.285, 29.591, 47.5436, 0.000380234, 51.398, 0.00523095, -134.688, 0.00265127, 42.4731
402, 6.70000, 0.942074, 89.3272, 29.6803, -130.397, 29.5066, 47.4432, 0.00037897, 51.2594, 0.00521477, -134.755, 0.00264304, 42.4149
402, 6.70833, 0.936166, 89.0129, 29.5962, -130.507, 29.4226, 47.3433, 0.000377712, 51.1218, 0.00519868, -134.821, 0.00263485, 42.3574
403, 6.71667, 0.930306, 88.7002, 29.5126, -130.617, 29.339, 47.2442, 0.000376459, 50.9854, 0.00518266, -134.886, 0.00262671, 42.3005
404, 6.72500, 0.924495, 88.3891, 29.4294, -130.727, 29.2559, 47.1456, 0.000375212, 50.8501, 0.00516673, -134.951, 0.0026186, 42.2442
404, 6.73333, 0.91873, 88.0796, 29.3466, -130.835, 29.1731, 47.0477, 0.000373971, 50.7159, 0.00515088, -135.015, 0.00261055, 42.1885
405, 6.74167, 0.913013, 87.7714, 29.2641, -130.943, 29.0908, 46.9504, 0.000372735, 50.5828, 0.00513511, -135.079, 0.00260253, 42.1334
405, 6.75000, 0.907342, 87.4649, 29.182, -131.05, 29.0089, 46.8537, 0.000371505, 50.4508, 0.00511943, -135.142, 0.00259456, 42.0789
405, 6.75833, 0.901719, 87.1598, 29.1003, -131.157, 28.9273, 46.7577, 0.00037028, 50.3199, 0.00510382, -135.204, 0.00258663, 42.0251
406, 6.76667, 0.89614, 86.8562, 29.019, -131.263, 28.8462, 46.6622, 0.000369061, 50.1901, 0.00508829, -135.265, 0.00257875, 41.9718
407, 6.77500, 0.890607, 86.5541, 28.938, -131.368, 28.7655, 46.5674, 0.000367848, 50.0613, 0.00507285, -135.326, 0.0025709, 41.9191
407, 6.78333, 0.88512, 86.2534, 28.8575, -131.473, 28.6851, 46.4731, 0.00036664, 49.9336, 0.00505748, -135.386, 0.0025631, 41.8669
408, 6.79167, 0.879677, 85.9542, 28.7773, -131.576, 28.6052, 46.3795, 0.000365437, 49.8069, 0.00504219, -135.446, 0.00255534, 41.8154
408, 6.80000, 0.874279, 85.6565, 28.6974, -131.68, 28.5256, 46.2864, 0.00036424, 49.6813, 0.00502698, -135.505, 0.00254762, 41.7644
408, 6.80833, 0.868926, 85.3601, 28.618, -131.782, 28.4465, 46.1939, 0.000363049, 49.5567, 0.00501185, -135.563, 0.00253995, 41.714
409, 6.81667, 0.863615, 85.0652, 28.5389, -131.884, 28.3677, 46.102, 0.000361863, 49.4332, 0.0049968, -135.621, 0.00253231, 41.6641
410, 6.82500, 0.858348, 84.7717, 28.4602, -131.985, 28.2893, 46.0107, 0.000360683, 49.3106, 0.00498182, -135.678, 0.00252471, 41.6148
410, 6.83333, 0.853124, 84.4796, 28.3819, -132.086, 28.2113, 45.9199, 0.000359509, 49.1891, 0.00496692, -135.734, 0.00251716, 41.5661
411, 6.84167, 0.847943, 84.1888, 28.3039, -132.186, 28.1337, 45.8297, 0.000358339, 49.0685, 0.0049521, -135.79, 0.00250964, 41.5179
411, 6.85000, 0.842804, 83.8995, 28.2262, -132.286, 28.0565, 45.74, 0.000357176, 48.949, 0.00493736, -135.846, 0.00250217, 41.4702
411, 6.85833, 0.837707, 83.6115, 28.149, -132.384, 27.9797, 45.6509, 0.000356018, 48.8304, 0.00492269, -135.9, 0.00249473, 41.4231
412, 6.86667, 0.832651, 83.3248, 28.0721, -132.483, 27.9032, 45.5624, 0.000354865, 48.7128, 0.00490809, -135.954, 0.00248734, 41.3765
413, 6.87500, 0.827636, 83.0396, 27.9955, -132.58, 27.8271, 45.4744, 0.000353718, 48.5962, 0.00489357, -136.008, 0.00247998, 41.3304
413, 6.88333, 0.822663, 82.7556, 27.9194, -132.677, 27.7513, 45.3869, 0.000352576, 48.4805, 0.00487912, -136.061, 0.00247267, 41.2848
414, 6.89167, 0.81773, 82.473, 27.8435, -132.774, 27.676, 45.3, 0.000351439, 48.3658, 0.00486475, -136.113, 0.00246539, 41.2398
414, 6.90000, 0.812837, 82.1917, 27.768, -132.869, 27.601, 45.2136, 0.000350309, 48.252, 0.00485046, -136.165, 0.00245815, 41.1952
414, 6.90833, 0.807984, 81.9117, 27.6929, -132.965, 27.5263, 45.1277, 0.000349183, 48.1392, 0.00483623, -136.216, 0.00245095, 41.1512
415, 6.91667, 0.80317, 81.6329, 27.6181, -133.059, 27.4521, 45.0423, 0.000348063, 48.0273, 0.00482208, -136.267, 0.00244378, 41.1077
416, 6.92500, 0.798395, 81.3555, 27.5437, -133.153, 27.3782, 44.9575, 0.000346948, 47.9163, 0.004808, -136.317, 0.00243666, 41.0646
416, 6.93333, 0.79366, 81.0794, 27.4696, -133.247, 27.3046, 44.8732, 0.000345839, 47.8062, 0.004794, -136.367, 0.00242957, 41.0221
417, 6.94167, 0.788962, 80.8045, 27.3959, -133.34, 27.2314, 44.7893, 0.000344735, 47.6971, 0.00478006, -136.416, 0.00242252, 40.9801
417, 6.95000, 0.784303, 80.5309, 27.3225, -133.432, 27.1586, 44.706, 0.000343636, 47.5888, 0.0047662, -136.464, 0.0024155, 40.9385
417, 6.95833, 0.779682, 80.2585, 27.2494, -133.524, 27.0861, 44.6232, 0.000342542, 47.4814, 0.0047524, -136.512, 0.00240853, 40.8974
418, 6.96667, 0.775097, 79.9873, 27.1767, -133.615, 27.014, 44.5409, 0.000341454, 47.3749, 0.00473868, -136.559, 0.00240159, 40.8568
418, 6.97500, 0.77055, 79.7174, 27.1043, -133.706, 26.9422, 44.459, 0.000340371, 47.2693, 0.00472503, -136.606, 0.00239468, 40.8167
419, 6.98333, 0.766041, 79.4488, 27.0323, -133.796, 26.8707, 44.3777, 0.000339294, 47.1645, 0.00471145, -136.653, 0.00238782, 40.777
420, 6.99167, 0.761566, 79.1813, 26.9606, -133.886, 26.7996, 44.2968, 0.000338221, 47.0606, 0.00469794, -136.699, 0.00238099, 40.7378
420, 7.00000, 0.757129, 78.915, 26.8892, -133.975, 26.7289, 44.2164, 0.000337154, 46.9576, 0.00468449, -136.744, 0.00237419, 40.699
420, 7.00833, 0.752728, 78.6499, 26.8182, -134.063, 26.6585, 44.1365, 0.000336092, 46.8554, 0.00467112, -136.789, 0.00236743, 40.6607
421, 7.01667, 0.748361, 78.386, 26.7474, -134.151, 26.5884, 44.0571, 0.000335036, 46.7541, 0.00465781, -136.833, 0.00236071, 40.6229
422, 7.02500, 0.74403, 78.1233, 26.6771, -134.239, 26.5187, 43.9781, 0.000333984, 46.6535, 0.00464457, -136.877, 0.00235402, 40.5855
422, 7.03333, 0.739734, 77.8618, 26.607, -134.326, 26.4493, 43.8996, 0.000332938, 46.5539, 0.0046314, -136.92, 0.00234736, 40.5485
423, 7.04167, 0.735473, 77.6014, 26.5373, -134.412, 26.3802, 43.8215, 0.000331896, 46.455, 0.00461829, -136.963, 0.00234074, 40.512
423, 7.05000, 0.731246, 77.3422, 26.4678, -134.498, 26.3115, 43.7439, 0.00033086, 46.3569, 0.00460526, -137.006, 0.00233415, 40.4759
423, 7.05833, 0.727053, 77.0841, 26.3988, -134.584, 26.243, 43.6668, 0.000329829, 46.2597, 0.00459228, -137.048, 0.0023276, 40.4403
424, 7.06667, 0.722893, 76.8271, 26.33, -134.669, 26.1749, 43.5901, 0.000328803, 46.1632, 0.00457938, -137.089, 0.00232108, 40.4051
425, 7.07500, 0.718767, 76.5713, 26.2615, -134.753, 26.1072, 43.5138, 0.000327782, 46.0676, 0.00456654, -137.13, 0.0023146, 40.3703
425, 7.08333, 0.714674, 76.3166, 26.1934, -134.837, 26.0397, 43.438, 0.000326766, 45.9727, 0.00455376, -137.17, 0.00230815, 40.3359
426, 7.09167, 0.710613, 76.063, 26.1255, -134.921, 25.9726, 43.3626, 0.000325755, 45.8787, 0.00454105, -137.21, 0.00230173, 40.3019
426, 7.10000, 0.706586, 75.8105, 26.058, -135.004, 25.9058, 43.2877, 0.000324749, 45.7853, 0.0045284, -137.25, 0.00229535, 40.2684
426, 7.10833, 0.70259, 75.5591, 25.9908, -135.086, 25.8393, 43.2132, 0.000323748, 45.6928, 0.00451582, -137.289, 0.002289, 40.2352
427, 7.11667, 0.698626, 75.3088, 25.9239, -135.168, 25.7732, 43.1391, 0.000322752, 45.601, 0.0045033, -137.328, 0.00228268, 40.2025
428, 7.12500, 0.694694, 75.0596, 25.8573, -135.25, 25.7073, 43.0654, 0.00032176, 45.51, 0.00449084, -137.366, 0.00227639, 40.1702
428, 7.13333, 0.690794, 74.8114, 25.7911, -135.331, 25.6418, 42.9922, 0.000320774, 45.4197, 0.00447845, -137.404, 0.00227014, 40.1382
429, 7.14167, 0.686924, 74.5643, 25.7251, -135.411, 25.5765, 42.9193, 0.000319793, 45.3302, 0.00446612, -137.441, 0.00226391, 40.1067
429, 7.15000, 0.683086, 74.3183, 25.6594, -135.492, 25.5116, 42.8469, 0.000318816, 45.2414, 0.00445385, -137.478, 0.00225772, 40.0755
429, 7.15833, 0.679277, 74.0733, 25.594, -135.571, 25.447, 42.7749, 0.000317845, 45.1534, 0.00444164, -137.514, 0.00225157, 40.0448
430, 7.16667, 0.675499, 73.8293, 25.5289, -135.651, 25.3826, 42.7033, 0.000316878, 45.066, 0.0044295, -137.55, 0.00224544, 40.0144
431, 7.17500, 0.671751, 73.5864, 25.4642, -135.729, 25.3186, 42.6321, 0.000315915, 44.9794, 0.00441741, -137.586, 0.00223934, 39.9844
431, 7.18333, 0.668033, 73.3446, 25.3997, -135.808, 25.2549, 42.5613, 0.000314958, 44.8935, 0.00440539, -137.621, 0.00223328, 39.9548
432, 7.19167, 0.664344, 73.1037, 25.3355, -135.886, 25.1915, 42.4908, 0.000314005, 44.8083, 0.00439342, -137.656, 0.00222724, 39.9255
432, 7.20000, 0.660685, 72.8638, 25.2716, -135.963, 25.1283, 42.4208, 0.000313058, 44.7239, 0.00438152, -137.69, 0.00222124, 39.8967
432, 7.20833, 0.657054, 72.625, 25.208, -136.04, 25.0655, 42.3512, 0.000312114, 44.6401, 0.00436968, -137.724, 0.00221527, 39.8682
433, 7.21667, 0.653452, 72.3872, 25.1447, -136.117, 25.0029, 42.2819, 0.000311176, 44.557, 0.00435789, -137.757, 0.00220932, 39.84
434, 7.22500, 0.649879, 72.1503, 25.0816, -136.193, 24.9407, 42.2131, 0.000310242, 44.4746, 0.00434616, -137.791, 0.00220341, 39.8123
434, 7.23333, 0.646333, 71.9145, 25.0189, -136.269, 24.8787, 42.1446, 0.000309313, 44.3928, 0.00433449, -137.823, 0.00219753, 39.7848
435, 7.24167, 0.642816, 71.6796, 24.9564, -136.344, 24.8171, 42.0765, 0.000308388, 44.3118, 0.00432288, -137.856, 0.00219167, 39.7578
435, 7.25000, 0.639326, 71.4456, 24.8943, -136.419, 24.7557, 42.0088, 0.000307468, 44.2314, 0.00431133, -137.887, 0.00218585, 39.7311
435, 7.25833, 0.635864, 71.2127, 24.8324, -136.493, 24.6946, 41.9414, 0.000306552, 44.1517, 0.00429983, -137.919, 0.00218005, 39.7047
436, 7.26667, 0.632428, 70.9807, 24.7707, -136.567, 24.6337, 41.8744, 0.000305641, 44.0726, 0.00428839, -137.95, 0.00217429, 39.6787
437, 7.27500, 0.62902, 70.7497, 24.7094, -136.641, 24.5732, 41.8078, 0.000304735, 43.9942, 0.00427701, -137.981, 0.00216855, 39.653
437, 7.28333, 0.625638, 70.5196, 24.6484, -136.714, 24.5129, 41.7415, 0.000303833, 43.9165, 0.00426569, -138.011, 0.00216284, 39.6277
438, 7.29167, 0.622283, 70.2904, 24.5876, -136.787, 24.4529, 41.6756, 0.000302936, 43.8393, 0.00425442, -138.041, 0.00215716, 39.6027
438, 7.30000, 0.618954, 70.0622, 24.5271, -136.86, 24.3932, 41.6101, 0.000302043, 43.7629, 0.0042432, -138.071, 0.00215151, 39.5781
438, 7.30833, 0.615651, 69.8349, 24.4668, -136.932, 24.3338, 41.5449, 0.000301154, 43.687, 0.00423205, -138.1, 0.00214589, 39.5538
439, 7.31667, 0.612374, 69.6085, 24.4068, -137.003, 24.2746, 41.4801, 0.00030027, 43.6118, 0.00422094, -138.129, 0.00214029, 39.5298
439, 7.32500, 0.609122, 69.3831, 24.3471, -137.075, 24.2157, 41.4156, 0.00029939, 43.5372, 0.00420989, -138.157, 0.00213472, 39.5061
440, 7.33333, 0.605896, 69.1586, 24.2877, -137.146, 24.1571, 41.3514, 0.000298514, 43.4632, 0.0041989, -138.185, 0.00212918, 39.4828
441, 7.34167, 0.602695, 68.9349, 24.2285, -137.216, 24.0987, 41.2876, 0.000297643, 43.3898, 0.00418796, -138.213, 0.00212367, 39.4598
441, 7.35000, 0.599518, 68.7122, 24.1696, -137.286, 24.0406, 41.2242, 0.000296777, 43.3171, 0.00417707, -138.24, 0.00211819, 39.437
441, 7.35833, 0.596366, 68.4903, 24.111, -137.356, 23.9827, 41.161, 0.000295914, 43.2449, 0.00416623, -138.268, 0.00211273, 39.4147
442, 7.36667, 0.593239, 68.2693, 24.0526, -137.425, 23.9252, 41.0982, 0.000295056, 43.1734, 0.00415545, -138.294, 0.0021073, 39.3926
443, 7.37500, 0.590136, 68.0492, 23.9945, -137.494, 23.8678, 41.0358, 0.000294202, 43.1024, 0.00414472, -138.321, 0.00210189, 39.3708
443, 7.38333, 0.587056, 67.83, 23.9367, -137.563, 23.8108, 40.9736, 0.000293352, 43.032, 0.00413405, -138.347, 0.00209651, 39.3494
444, 7.39167, 0.584, 67.6116, 23.8791, -137.631, 23.754, 40.9118, 0.000292506, 42.9622, 0.00412342, -138.372, 0.00209116, 39.3282
444, 7.40000, 0.580969, 67.3942, 23.8217, -137.699, 23.6974, 40.8504, 0.000291665, 42.893, 0.00411285, -138.398, 0.00208583, 39.3074
444, 7.40833, 0.57796, 67.1775, 23.7646, -137.766, 23.6411, 40.7892, 0.000290828, 42.8244, 0.00410233, -138.423, 0.00208053, 39.2868
445, 7.41667, 0.574974, 66.9617, 23.7078, -137.834, 23.5851, 40.7284, 0.000289994, 42.7563, 0.00409186, -138.447, 0.00207526, 39.2666
446, 7.42500, 0.572012, 66.7468, 23.6512, -137.9, 23.5293, 40.6679, 0.000289165, 42.6888, 0.00408144, -138.471, 0.00207001, 39.2466
446, 7.43333, 0.569072, 66.5327, 23.5948, -137.967, 23.4738, 40.6077, 0.000288341, 42.6219, 0.00407107, -138.495, 0.00206479, 39.227
447, 7.44167, 0.566154, 66.3194, 23.5388, -138.033, 23.4185, 40.5478, 0.00028752, 42.5555, 0.00406075, -138.519, 0.00205959, 39.2076
447, 7.45000, 0.563259, 66.107, 23.4829, -138.099, 23.3634, 40.4882, 0.000286703, 42.4897, 0.00405048, -138.542, 0.00205442, 39.1885
447, 7.45833, 0.560386, 65.8954, 23.4273, -138.164, 23.3086, 40.4289, 0.00028589, 42.4244, 0.00404026, -138.565, 0.00204927, 39.1697
448, 7.46667, 0.557535, 65.6846, 23.372, -138.229, 23.2541, 40.3699, 0.000285081, 42.3596, 0.00403009, -138.588, 0.00204415, 39.1512
449, 7.47500, 0.554706, 65.4746, 23.3168, -138.294, 23.1998, 40.3113, 0.000284276, 42.2954, 0.00401997, -138.611, 0.00203905, 39.133
449, 7.48333, 0.551898, 65.2654, 23.262, -138.358, 23.1457, 40.2529, 0.000283476, 42.2318, 0.0040099, -138.633, 0.00203398, 39.115
450, 7.49167, 0.549111, 65.0571, 23.2073, -138.422, 23.0918, 40.1948, 0.000282678, 42.1686, 0.00399987, -138.654, 0.00202893, 39.0974
450, 7.50000, 0.546346, 64.8495, 23.153, -138.486, 23.0382, 40.1371, 0.000281885, 42.106, 0.00398989, -138.676, 0.00202391, 39.0799
450, 7.50833, 0.543602, 64.6427, 23.0988, -138.549, 22.9849, 40.0796, 0.000281096, 42.0439, 0.00397997, -138.697, 0.00201891, 39.0628
451, 7.51667, 0.540878, 64.4367, 23.0449, -138.612, 22.9317, 40.0224, 0.000280311, 41.9824, 0.00397008, -138.718, 0.00201393, 39.0459
452, 7.52500, 0.538175, 64.2315, 22.9912, -138.675, 22.8789, 39.9655, 0.00027953, 41.9213, 0.00396025, -138.738, 0.00200898, 39.0294
452, 7.53333, 0.535493, 64.0271, 22.9377, -138.738, 22.8262, 39.9089, 0.000278752, 41.8608, 0.00395046, -138.759, 0.00200405, 39.013
453, 7.54167, 0.53283, 63.8234, 22.8845, -138.8, 22.7737, 39.8526, 0.000277978, 41.8007, 0.00394072, -138.779, 0.00199914, 38.9969
453, 7.55000, 0.530188, 63.6205, 22.8315, -138.861, 22.7215, 39.7965, 0.000277208, 41.7412, 0.00393102, -138.798, 0.00199426, 38.9811
453, 7.55833, 0.527566, 63.4184, 22.7788, -138.923, 22.6696, 39.7408, 0.000276442, 41.6822, 0.00392138, -138.818, 0.0019894, 38.9656
454, 7.56667, 0.524963, 63.217, 22.7262, -138.984, 22.6178, 39.6853, 0.000275679, 41.6236, 0.00391177, -138.837, 0.00198456, 38.9503
455, 7.57500, 0.52238, 63.0164, 22.6739, -139.045, 22.5663, 39.6301, 0.000274921, 41.5656, 0.00390221, -138.855, 0.00197975, 38.9352
455, 7.58333, 0.519816, 62.8166, 22.6219, -139.105, 22.515, 39.5752, 0.000274165, 41.508, 0.0038927, -138.874, 0.00197496, 38.9205
456, 7.59167, 0.517272, 62.6175, 22.57, -139.165, 22.4639, 39.5205, 0.000273414, 41.4509, 0.00388323, -138.892, 0.00197019, 38.9059
456, 7.60000, 0.514746, 62.4191, 22.5184, -139.225, 22.413, 39.4661, 0.000272666, 41.3943, 0.00387381, -138.91, 0.00196545, 38.8916
456, 7.60833, 0.51224, 62.2215, 22.4669, -139.285, 22.3624, 39.412, 0.000271922, 41.3382, 0.00386443, -138.928, 0.00196073, 38.8776
457, 7.61667, 0.509751, 62.0245, 22.4157, -139.344, 22.312, 39.3582, 0.000271181, 41.2826, 0.00385509, -138.945, 0.00195602, 38.8638
458, 7.62500, 0.507282, 61.8284, 22.3648, -139.403, 22.2618, 39.3046, 0.000270444, 41.2274, 0.0038458, -138.962, 0.00195134, 38.8502
458, 7.63333, 0.504831, 61.6329, 22.314, -139.462, 22.2118, 39.2512, 0.000269711, 41.1727, 0.00383655, -138.979, 0.00194669, 38.8369
459, 7.64167, 0.502398, 61.4382, 22.2635, -139.52, 22.162, 39.1982, 0.000268981, 41.1184, 0.00382735, -138.996, 0.00194205, 38.8238
459, 7.65000, 0.499983, 61.2442, 22.2131, -139.579, 22.1124, 39.1454, 0.000268255, 41.0646, 0.00381819, -139.012, 0.00193744, 38.811
459, 7.65833, 0.497586, 61.0509, 22.163, -139.636, 22.0631, 39.0928, 0.000267532, 41.0113, 0.00380907, -139.028, 0.00193285, 38.7983
460, 7.66667, 0.495207, 60.8582, 22.1131, -139.694, 22.0139, 39.0405, 0.000266813, 40.9584, 0.00379999, -139.044, 0.00192828, 38.786
461, 7.67500, 0.492845, 60.6664, 22.0634, -139.751, 21.965, 38.9885, 0.000266097, 40.9059, 0.00379095, -139.059, 0.00192373, 38.7738
461, 7.68333, 0.490501, 60.4752, 22.014, -139.808, 21.9162, 38.9367, 0.000265385, 40.8539, 0.00378196, -139.075, 0.0019192, 38.7619
462, 7.69167, 0.488174, 60.2846, 21.9647, -139.865, 21.8677, 38.8852, 0.000264676, 40.8023, 0.00377301, -139.09, 0.00191469, 38.7502
462, 7.70000, 0.485864, 60.0948, 21.9156, -139.921, 21.8194, 38.8339, 0.00026397, 40.7512, 0.0037641, -139.105, 0.0019102, 38.7387
462, 7.70833, 0.483571, 59.9057, 21.8668, -139.977, 21.7713, 38.7828, 0.000263268, 40.7005, 0.00375523, -139.119, 0.00190574, 38.7275
463, 7.71667, 0.481295, 59.7172, 21.8181, -140.033, 21.7234, 38.732, 0.000262569, 40.6503, 0.0037464, -139.133, 0.00190129, 38.7164
464, 7.72500, 0.479036, 59.5295, 21.7697, -140.089, 21.6757, 38.6815, 0.000261874, 40.6004, 0.00373762, -139.147, 0.00189687, 38.7056
464, 7.73333, 0.476793, 59.3424, 21.7214, -140.144, 21.6282, 38.6312, 0.000261182, 40.551, 0.00372887, -139.161, 0.00189246, 38.695
465, 7.74167, 0.474566, 59.156, 21.6734, -140.199, 21.5809, 38.5811, 0.000260493, 40.502, 0.00372016, -139.175, 0.00188808, 38.6847
465, 7.75000, 0.472356, 58.9702, 21.6255, -140.254, 21.5337, 38.5313, 0.000259807, 40.4534, 0.0037115, -139.188, 0.00188371, 38.6745
465, 7.75833, 0.470162, 58.7851, 21.5779, -140.309, 21.4868, 38.4817, 0.000259125, 40.4053, 0.00370287, -139.201, 0.00187937, 38.6646
466, 7.76667, 0.467984, 58.6007, 21.5305, -140.363, 21.4401, 38.4323, 0.000258446, 40.3575, 0.00369428, -139.214, 0.00187504, 38.6548
467, 7.77500, 0.465822, 58.4169, 21.4832, -140.417, 21.3936, 38.3831, 0.00025777, 40.3102, 0.00368573, -139.226, 0.00187074, 38.6453
467, 7.78333, 0.463675, 58.2338, 21.4362, -140.471, 21.3473, 38.3342, 0.000257098, 40.2633, 0.00367722, -139.239, 0.00186645, 38.636
468, 7.79167, 0.461544, 58.0513, 21.3893, -140.524, 21.3011, 38.2856, 0.000256428, 40.2167, 0.00366875, -139.251, 0.00186218, 38.6268
468, 7.80000, 0.459429, 57.8694, 21.3426, -140.577, 21.2552, 38.2371, 0.000255762, 40.1706, 0.00366032, -139.263, 0.00185794, 38.6179
468, 7.80833, 0.457328, 57.6883, 21.2962, -140.63, 21.2094, 38.1889, 0.000255099, 40.1249, 0.00365192, -139.274, 0.00185371, 38.6092
469, 7.81667, 0.455243, 57.5077, 21.2499, -140.683, 21.1638, 38.1409, 0.000254439, 40.0795, 0.00364357, -139.286, 0.0018495, 38.6007
470, 7.82500, 0.453173, 57.3278, 21.2038, -140.736, 21.1185, 38.0931, 0.000253783, 40.0346, 0.00363525, -139.297, 0.00184531, 38.5924
470, 7.83333, 0.451118, 57.1485, 21.1579, -140.788, 21.0733, 38.0455, 0.000253129, 39.99, 0.00362697, -139.308, 0.00184114, 38.5843
471, 7.84167, 0.449077, 56.9698, 21.1122, -140.84, 21.0283, 37.9982, 0.000252478, 39.9458, 0.00361872, -139.319, 0.00183698, 38.5764
471, 7.85000, 0.447052, 56.7918, 21.0667, -140.892, 20.9834, 37.9511, 0.000251831, 39.902, 0.00361052, -139.329, 0.00183285, 38.5686
471, 7.85833, 0.445041, 56.6144, 21.0213, -140.943, 20.9388, 37.9042, 0.000251187, 39.8586, 0.00360235, -139.34, 0.00182873, 38.5611
472, 7.86667, 0.443044, 56.4376, 20.9762, -140.994, 20.8943, 37.8575, 0.000250545, 39.8155, 0.00359421, -139.35, 0.00182464, 38.5538
472, 7.87500, 0.441061, 56.2614, 20.9312, -141.045, 20.85, 37.811, 0.000249907, 39.7728, 0.00358612, -139.36, 0.00182056, 38.5466
473, 7.88333, 0.439093, 56.0858, 20.8864, -141.096, 20.806, 37.7647, 0.000249272, 39.7305, 0.00357806, -139.369, 0.0018165, 38.5397
474, 7.89167, 0.437138, 55.9108, 20.8418, -141.147, 20.762, 37.7187, 0.000248639, 39.6886, 0.00357003, -139.379, 0.00181246, 38.5329
474, 7.90000, 0.435198, 55.7365, 20.7974, -141.197, 20.7183, 37.6728, 0.00024801, 39.647, 0.00356204, -139.388, 0.00180843, 38.5263
474, 7.90833, 0.433271, 55.5627, 20.7532, -141.247, 20.6747, 37.6272, 0.000247383, 39.6058, 0.00355409, -139.397, 0.00180442, 38.5199
475, 7.91667, 0.431358, 55.3895, 20.7091, -141.297, 20.6313, 37.5818, 0.00024676, 39.5649, 0.00354617, -139.406, 0.00180043, 38.5137
476, 7.92500, 0.429459, 55.217, 20.6652, -141.347, 20.5881, 37.5365, 0.000246139, 39.5244, 0.00353829, -139.415, 0.00179646, 38.5076
476, 7.93333, 0.427573, 55.045, 20.6215, -141.396, 20.5451, 37.4915, 0.000245521, 39.4843, 0.00353044, -139.423, 0.00179251, 38.5018
477, 7.94167, 0.4257, 54.8736, 20.578, -141.445, 20.5022, 37.4467, 0.000244906, 39.4445, 0.00352263, -139.431, 0.00178857, 38.4961
477, 7.95000, 0.423841, 54.7028, 20.5346, -141.494, 20.4595, 37.4021, 0.000244294, 39.405, 0.00351485, -139.439, 0.00178465, 38.4906
477, 7.95833, 0.421995, 54.5326, 20.4914, -141.543, 20.417, 37.3576, 0.000243685, 39.3659, 0.0035071, -139.447, 0.00178075, 38.4852
478, 7.96667, 0.420162, 54.3629, 20.4484, -141.591, 20.3746, 37.3134, 0.000243079, 39.3272, 0.00349939, -139.455, 0.00177686, 38.4801
479, 7.97500, 0.418341, 54.1939, 20.4056, -141.639, 20.3325, 37.2694, 0.000242475, 39.2888, 0.00349172, -139.462, 0.00177299, 38.4751
479, 7.98333, 0.416534, 54.0254, 20.3629, -141.688, 20.2904, 37.2256, 0.000241874, 39.2507, 0.00348407, -139.47, 0.00176914, 38.4703
480, 7.99167, 0.414739, 53.8574, 20.3204, -141.735, 20.2486, 37.1819, 0.000241276, 39.2129, 0.00347646, -139.477, 0.00176531, 38.4656
480, 8.00000, 0.412957, 53.6901, 20.2781, -141.783, 20.2069, 37.1385, 0.000240681, 39.1755, 0.00346889, -139.484, 0.00176149, 38.4611
480, 8.00833, 0.411187, 53.5233, 20.2359, -141.83, 20.1654, 37.0952, 0.000240089, 39.1384, 0.00346134, -139.49, 0.00175769, 38.4568
481, 8.01667, 0.409429, 53.3571, 20.1939, -141.878, 20.124, 37.0521, 0.000239499, 39.1017, 0.00345383, -139.497, 0.0017539, 38.4527
482, 8.02500, 0.407684, 53.1914, 20.1521, -141.925, 20.0828, 37.0093, 0.000238912, 39.0653, 0.00344636, -139.503, 0.00175013, 38.4487
482, 8.03333, 0.405951, 53.0263, 20.1104, -141.971, 20.0418, 36.9666, 0.000238328, 39.0292, 0.00343891, -139.509, 0.00174638, 38.4449
483, 8.04167, 0.40423, 52.8618, 20.0689, -142.018, 20.0009, 36.9241, 0.000237746, 38.9934, 0.0034315, -139.515, 0.00174265, 38.4412
483, 8.05000, 0.402521, 52.6978, 20.0276, -142.064, 19.9602, 36.8817, 0.000237167, 38.9579, 0.00342412, -139.521, 0.00173892, 38.4378
483, 8.05833, 0.400824, 52.5343, 19.9864, -142.11, 19.9197, 36.8396, 0.000236591, 38.9228, 0.00341677, -139.527, 0.00173522, 38.4344
484, 8.06667, 0.399139, 52.3714, 19.9454, -142.156, 19.8793, 36.7976, 0.000236017, 38.8879, 0.00340945, -139.532, 0.00173153, 38.4312
485, 8.07500, 0.397465, 52.209, 19.9045, -142.202, 19.839, 36.7559, 0.000235446, 38.8534, 0.00340217, -139.537, 0.00172786, 38.4282
485, 8.08333, 0.395803, 52.0472, 19.8638, -142.248, 19.799, 36.7143, 0.000234877, 38.8192, 0.00339491, -139.542, 0.0017242, 38.4254
486, 8.09167, 0.394152, 51.8859, 19.8233, -142.293, 19.759, 36.6729, 0.000234311, 38.7853, 0.00338769, -139.547, 0.00172056, 38.4227
486, 8.10000, 0.392513, 51.7252, 19.7829, -142.338, 19.7193, 36.6316, 0.000233748, 38.7517, 0.0033805, -139.552, 0.00171693, 38.4201
486, 8.10833, 0.390885, 51.565, 19.7427, -142.383, 19.6797, 36.5906, 0.000233187, 38.7184, 0.00337334, -139.557, 0.00171332, 38.4177
487, 8.11667, 0.389268, 51.4053, 19.7027, -142.428, 19.6402, 36.5497, 0.000232629, 38.6854, 0.00336621, -139.561, 0.00170973, 38.4155
488, 8.12500, 0.387662, 51.2461, 19.6627, -142.472, 19.6009, 36.509, 0.000232073, 38.6527, 0.00335911, -139.565, 0.00170615, 38.4134
488, 8.13333, 0.386068, 51.0875, 19.623, -142.517, 19.5617, 36.4684, 0.00023152, 38.6203, 0.00335204, -139.569, 0.00170258, 38.4114
489, 8.14167, 0.384484, 50.9294, 19.5834, -142.561, 19.5227, 36.428, 0.000230969, 38.5882, 0.003345, -139.573, 0.00169903, 38.4096
489, 8.15000, 0.382911, 50.7718, 19.5439, -142.605, 19.4839, 36.3878, 0.000230421, 38.5564, 0.00333799, -139.577, 0.0016955, 38.4079
489, 8.15833, 0.381349, 50.6147, 19.5047, -142.649, 19.4452, 36.3478, 0.000229875, 38.5249, 0.00333101, -139.58, 0.00169198, 38.4064
490, 8.16667, 0.379797, 50.4581, 19.4655, -142.692, 19.4066, 36.3079, 0.000229332, 38.4936, 0.00332405, -139.584, 0.00168847, 38.4051
491, 8.17500, 0.378256, 50.3021, 19.4265, -142.736, 19.3682, 36.2683, 0.000228791, 38.4627, 0.00331713, -139.587, 0.00168498, 38.4038
491, 8.18333, 0.376725, 50.1466, 19.3877, -142.779, 19.3299, 36.2287, 0.000228253, 38.432, 0.00331024, -139.59, 0.0016815, 38.4028
492, 8.19167, 0.375205, 49.9915, 19.349, -142.822, 19.2918, 36.1894, 0.000227716, 38.4016, 0.00330338, -139.593, 0.00167804, 38.4018
492, 8.20000, 0.373695, 49.837, 19.3104, -142.865, 19.2538, 36.1502, 0.000227183, 38.3715, 0.00329654, -139.596, 0.0016746, 38.401
492, 8.20833, 0.372196, 49.683, 19.272, -142.907, 19.216, 36.1111, 0.000226652, 38.3417, 0.00328974, -139.598, 0.00167116, 38.4003
493, 8.21667, 0.370706, 49.5295, 19.2338, -142.95, 19.1783, 36.0723, 0.000226123, 38.3122, 0.00328296, -139.601, 0.00166774, 38.3998
493, 8.22500, 0.369227, 49.3765, 19.1957, -142.992, 19.1408, 36.0335, 0.000225596, 38.2829, 0.00327621, -139.603, 0.00166434, 38.3994
494, 8.23333, 0.367757, 49.224, 19.1577, -143.034, 19.1034, 35.995, 0.000225072, 38.2539, 0.00326949, -139.605, 0.00166095, 38.3992
495, 8.24167, 0.366298, 49.0719, 19.1199, -143.076, 19.0661, 35.9566, 0.00022455, 38.2251, 0.0032628, -139.607, 0.00165757, 38.3991
495, 8.25000, 0.364848, 48.9204, 19.0822, -143.118, 19.029, 35.9183, 0.00022403, 38.1967, 0.00325614, -139.609, 0.00165421, 38.3991
495, 8.25833, 0.363408, 48.7694, 19.0447, -143.16, 18.992, 35.8803, 0.000223513, 38.1685, 0.0032495, -139.611, 0.00165086, 38.3992
496, 8.26667, 0.361977, 48.6188, 19.0073, -143.201, 18.9552, 35.8423, 0.000222998, 38.1405, 0.00324289, -139.612, 0.00164753, 38.3995
497, 8.27500, 0.360557, 48.4688, 18.97, -143.242, 18.9185, 35.8046, 0.000222486, 38.1129, 0.00323631, -139.613, 0.0016442, 38.3999
497, 8.28333, 0.359145, 48.3192, 18.9329, -143.284, 18.8819, 35.7669, 0.000221975, 38.0855, 0.00322975, -139.615, 0.0016409, 38.4005
498, 8.29167, 0.357744, 48.1701, 18.8959, -143.324, 18.8454, 35.7295, 0.000221467, 38.0583, 0.00322323, -139.616, 0.0016376, 38.4011
498, 8.30000, 0.356351, 48.0215, 18.8591, -143.365, 18.8092, 35.6922, 0.000220961, 38.0314, 0.00321673, -139.617, 0.00163432, 38.4019
498, 8.30833, 0.354968, 47.8734, 18.8224, -143.406, 18.773, 35.655, 0.000220457, 38.0048, 0.00321025, -139.618, 0.00163105, 38.4028
499, 8.31667, 0.353594, 47.7257, 18.7858, -143.446, 18.737, 35.618, 0.000219956, 37.9784, 0.00320381, -139.618, 0.0016278, 38.4039
500, 8.32500, 0.352229, 47.5785, 18.7494, -143.486, 18.7011, 35.5811, 0.000219456, 37.9522, 0.00319738, -139.619, 0.00162456, 38.4051
500, 8.33333, 0.350873, 47.4318, 18.7131, -143.527, 18.6653, 35.5444, 0.000218959, 37.9263, 0.00319099, -139.619, 0.00162133, 38.4064
501, 8.34167, 0.349526, 47.2856, 18.6769, -143.566, 18.6297, 35.5078, 0.000218464, 37.9007, 0.00318462, -139.619, 0.00161812, 38.4078
501, 8.35000, 0.348188, 47.1398, 18.6409, -143.606, 18.5942, 35.4714, 0.000217971, 37.8753, 0.00317828, -139.619, 0.00161492, 38.4093
501, 8.35833, 0.346859, 46.9945, 18.605, -143.646, 18.5588, 35.4351, 0.000217481, 37.8502, 0.00317196, -139.619, 0.00161173, 38.411
502, 8.36667, 0.345539, 46.8496, 18.5693, -143.685, 18.5235, 35.399, 0.000216992, 37.8252, 0.00316567, -139.619, 0.00160855, 38.4128
503, 8.37500, 0.344227, 46.7052, 18.5336, -143.725, 18.4884, 35.363, 0.000216506, 37.8006, 0.00315941, -139.619, 0.00160539, 38.4147
503, 8.38333, 0.342924, 46.5613, 18.4982, -143.764, 18.4534, 35.3272, 0.000216021, 37.7762, 0.00315317, -139.618, 0.00160224, 38.4167
504, 8.39167, 0.34163, 46.4179, 18.4628, -143.803, 18.4186, 35.2915, 0.000215539, 37.752, 0.00314695, -139.618, 0.0015991, 38.4188
504, 8.40000, 0.340344, 46.2749, 18.4276, -143.841, 18.3839, 35.2559, 0.000215059, 37.728, 0.00314077, -139.617, 0.00159597, 38.4211
504, 8.40833, 0.339066, 46.1323, 18.3924, -143.88, 18.3493, 35.2205, 0.000214581, 37.7043, 0.0031346, -139.616, 0.00159286, 38.4235
505, 8.41667, 0.337797, 45.9902, 18.3575, -143.918, 18.3148, 35.1852, 0.000214105, 37.6808, 0.00312846, -139.615, 0.00158976, 38.4259
506, 8.42500, 0.336536, 45.8485, 18.3226, -143.957, 18.2804, 35.15, 0.000213631, 37.6576, 0.00312235, -139.614, 0.00158667, 38.4285
506, 8.43333, 0.335284, 45.7074, 18.2879, -143.995, 18.2462, 35.115, 0.000213159, 37.6345, 0.00311626, -139.613, 0.0015836, 38.4313
507, 8.44167, 0.334039, 45.5666, 18.2533, -144.033, 18.2121, 35.0801, 0.000212689, 37.6117, 0.00311019, -139.612, 0.00158053, 38.4341
507, 8.45000, 0.332803, 45.4263, 18.2188, -144.071, 18.1781, 35.0454, 0.000212221, 37.5892, 0.00310415, -139.61, 0.00157748, 38.437
507, 8.45833, 0.331575, 45.2864, 18.1845, -144.109, 18.1442, 35.0108, 0.000211755, 37.5668, 0.00309814, -139.609, 0.00157444, 38.4401
508, 8.46667, 0.330354, 45.147, 18.1503, -144.146, 18.1105, 34.9763, 0.000211291, 37.5447, 0.00309214, -139.607, 0.00157142, 38.4432
509, 8.47500, 0.329142, 45.008, 18.1162, -144.184, 18.0769, 34.942, 0.00021083, 37.5228, 0.00308617, -139.605, 0.0015684, 38.4465
509, 8.48333, 0.327937, 44.8695, 18.0822, -144.221, 18.0434, 34.9078, 0.00021037, 37.5011, 0.00308023, -139.603, 0.0015654, 38.4499
510, 8.49167, 0.32674, 44.7314, 18.0483, -144.258, 18.01, 34.8737, 0.000209912, 37.4796, 0.00307431, -139.601, 0.0015624, 38.4533
510, 8.50000, 0.325551, 44.5937, 18.0146, -144.295, 17.9767, 34.8397, 0.000209456, 37.4584, 0.00306841, -139.599, 0.00155942, 38.4569
510, 8.50833, 0.32437, 44.4565, 17.981, -144.332, 17.9436, 34.8059, 0.000209002, 37.4374, 0.00306253, -139.597, 0.00155646, 38.4606
511, 8.51667, 0.323196, 44.3197, 17.9475, -144.369, 17.9105, 34.7722, 0.000208549, 37.4166, 0.00305668, -139.594, 0.0015535, 38.4644
512, 8.52500, 0.32203, 44.1833, 17.9141, -144.405, 17.8776, 34.7387, 0.000208099, 37.396, 0.00305085, -139.592, 0.00155055, 38.4683
512, 8.53333, 0.320871, 44.0473, 17.8809, -144.442, 17.8448, 34.7052, 0.000207651, 37.3756, 0.00304505, -139.589, 0.00154762, 38.4723
513, 8.54167, 0.31972, 43.9118, 17.8477, -144.478, 17.8122, 34.6719, 0.000207204, 37.3554, 0.00303927, -139.586, 0.0015447, 38.4764
513, 8.55000, 0.318576, 43.7767, 17.8147, -144.514, 17.7796, 34.6387, 0.00020676, 37.3354, 0.00303351, -139.583, 0.00154179, 38.4806
514, 8.55833, 0.317439, 43.6421, 17.7818, -144.55, 17.7472, 34.6057, 0.000206317, 37.3156, 0.00302777, -139.58, 0.00153889, 38.4849
514, 8.56667, 0.31631, 43.5078, 17.749, -144.586, 17.7148, 34.5728, 0.000205876, 37.2961, 0.00302205, -139.577, 0.001536, 38.4894
514, 8.57500, 0.315188, 43.374, 17.7164, -144.621, 17.6826, 34.5399, 0.000205437, 37.2767, 0.00301636, -139.574, 0.00153312, 38.4939
515, 8.58333, 0.314073, 43.2406, 17.6838, -144.657, 17.6505, 34.5073, 0.000205, 37.2576, 0.00301069, -139.57, 0.00153025, 38.4985
516, 8.59167, 0.312965, 43.1076, 17.6514, -144.692, 17.6185, 34.4747, 0.000204564, 37.2386, 0.00300504, -139.567, 0.0015274, 38.5032
516, 8.60000, 0.311864, 42.975, 17.619, -144.728, 17.5866, 34.4423, 0.000204131, 37.2199, 0.00299942, -139.563, 0.00152455, 38.508
517, 8.60833, 0.31077, 42.8428, 17.5868, -144.763, 17.5548, 34.4099, 0.000203699, 37.2013, 0.00299381, -139.56, 0.00152172, 38.5129
517, 8.61667, 0.309683, 42.7111, 17.5547, -144.798, 17.5232, 34.3777, 0.000203269, 37.183, 0.00298823, -139.556, 0.0015189, 38.5179
518, 8.62500, 0.308603, 42.5798, 17.5227, -144.833, 17.4916, 34.3457, 0.000202841, 37.1648, 0.00298267, -139.552, 0.00151609, 38.523
518, 8.63333, 0.30753, 42.4488, 17.4909, -144.868, 17.4602, 34.3137, 0.000202415, 37.1468, 0.00297713, -139.548, 0.00151329, 38.5282
518, 8.64167, 0.306464, 42.3183, 17.4591, -144.902, 17.4288, 34.2818, 0.00020199, 37.1291, 0.00297161, -139.544, 0.00151049, 38.5334
519, 8.65000, 0.305404, 42.1882, 17.4275, -144.937, 17.3976, 34.2501, 0.000201567, 37.1115, 0.00296612, -139.54, 0.00150771, 38.5388
520, 8.65833, 0.304351, 42.0585, 17.3959, -144.971, 17.3665, 34.2185, 0.000201146, 37.0941, 0.00296064, -139.535, 0.00150495, 38.5443
520, 8.66667, 0.303305, 41.9292, 17.3645, -145.005, 17.3355, 34.187, 0.000200727, 37.0769, 0.00295519, -139.531, 0.00150219, 38.5498
521, 8.67500, 0.302265, 41.8003, 17.3332, -145.04, 17.3046, 34.1556, 0.000200309, 37.0599, 0.00294975, -139.526, 0.00149944, 38.5555
521, 8.68333, 0.301232, 41.6718, 17.3019, -145.074, 17.2738, 34.1244, 0.000199893, 37.0431, 0.00294434, -139.522, 0.0014967, 38.5612
522, 8.69167, 0.300205, 41.5437, 17.2708, -145.107, 17.2431, 34.0932, 0.000199479, 37.0264, 0.00293895, -139.517, 0.00149397, 38.567
522, 8.70000, 0.299185, 41.416, 17.2398, -145.141, 17.2125, 34.0622, 0.000199066, 37.01, 0.00293358, -139.512, 0.00149126, 38.573
522, 8.70833, 0.298171, 41.2887, 17.2089, -145.175, 17.182, 34.0312, 0.000198656, 36.9937, 0.00292822, -139.507, 0.00148855, 38.579
523, 8.71667, 0.297163, 41.1618, 17.1781, -145.208, 17.1516, 34.0004, 0.000198246, 36.9776, 0.00292289, -139.502, 0.00148585, 38.5851
524, 8.72500, 0.296162, 41.0352, 17.1475, -145.242, 17.1213, 33.9697, 0.000197839, 36.9617, 0.00291758, -139.497, 0.00148316, 38.5912
524, 8.73333, 0.295166, 40.9091, 17.1169, -145.275, 17.0911, 33.9391, 0.000197433, 36.946, 0.00291229, -139.492, 0.00148049, 38.5975
525, 8.74167, 0.294177, 40.7834, 17.0864, -145.308, 17.0611, 33.9086, 0.000197029, 36.9304, 0.00290702, -139.487, 0.00147782, 38.6039
525, 8.75000, 0.293195, 40.6581, 17.056, -145.341, 17.0311, 33.8783, 0.000196627, 36.9151, 0.00290177, -139.481, 0.00147516, 38.6103
526, 8.75833, 0.292218, 40.5331, 17.0258, -145.374, 17.0012, 33.848, 0.000196226, 36.8999, 0.00289654, -139.476, 0.00147252, 38.6168
526, 8.76667, 0.291247, 40.4085, 16.9956, -145.407, 16.9714, 33.8178, 0.000195826, 36.8849, 0.00289133, -139.47, 0.00146988, 38.6234
527, 8.77500, 0.290283, 40.2844, 16.9656, -145.439, 16.9418, 33.7878, 0.000195429, 36.87, 0.00288614, -139.464, 0.00146725, 38.6301
527, 8.78333, 0.289324, 40.1606, 16.9356, -145.472, 16.9122, 33.7578, 0.000195033, 36.8553, 0.00288097, -139.459, 0.00146463, 38.6369
528, 8.79167, 0.288371, 40.0371, 16.9057, -145.504, 16.8827, 33.728, 0.000194638, 36.8408, 0.00287582, -139.453, 0.00146203, 38.6437
528, 8.80000, 0.287424, 39.9141, 16.876, -145.537, 16.8533, 33.6983, 0.000194245, 36.8265, 0.00287068, -139.447, 0.00145943, 38.6507
529, 8.80833, 0.286483, 39.7915, 16.8463, -145.569, 16.8241, 33.6686, 0.000193854, 36.8123, 0.00286557, -139.441, 0.00145684, 38.6577
529, 8.81667, 0.285548, 39.6692, 16.8168, -145.601, 16.7949, 33.6391, 0.000193464, 36.7983, 0.00286047, -139.435, 0.00145426, 38.6648
530, 8.82500, 0.284619, 39.5473, 16.7873, -145.633, 16.7658, 33.6097, 0.000193076, 36.7845, 0.0028554, -139.428, 0.00145169, 38.672
530, 8.83333, 0.283695, 39.4258, 16.7579, -145.665, 16.7368, 33.5804, 0.00019269, 36.7709, 0.00285034, -139.422, 0.00144913, 38.6792
531, 8.84167, 0.282777, 39.3047, 16.7287, -145.696, 16.7079, 33.5512, 0.000192305, 36.7574, 0.0028453, -139.416, 0.00144658, 38.6866
531, 8.85000, 0.281864, 39.1839, 16.6995, -145.728, 16.6791, 33.522, 0.000191921, 36.744, 0.00284028, -139.409, 0.00144404, 38.694
532, 8.85833, 0.280957, 39.0635, 16.6705, -145.759, 16.6504, 33.493, 0.000191539, 36.7309, 0.00283528, -139.402, 0.0014415, 38.7015
532, 8.86667, 0.280056, 38.9435, 16.6415, -145.791, 16.6218, 33.4641, 0.000191159, 36.7178, 0.0028303, -139.396, 0.00143898, 38.709
533, 8.87500, 0.27916, 38.8239, 16.6126, -145.822, 16.5933, 33.4353, 0.00019078, 36.705, 0.00282534, -139.389, 0.00143647, 38.7167
533, 8.88333, 0.278269, 38.7046, 16.5838, -145.853, 16.5649, 33.4066, 0.000190402, 36.6923, 0.00282039, -139.382, 0.00143396, 38.7244
534, 8.89167, 0.277384, 38.5857, 16.5552, -145.884, 16.5366, 33.378, 0.000190026, 36.6798, 0.00281546, -139.375, 0.00143146, 38.7322
534, 8.90000, 0.276504, 38.4671, 16.5266, -145.915, 16.5083, 33.3495, 0.000189652, 36.6674, 0.00281056, -139.368, 0.00142898, 38.74
535, 8.90833, 0.27563, 38.349, 16.4981, -145.946, 16.4802, 33.321, 0.000189279, 36.6552, 0.00280566, -139.361, 0.0014265, 38.748
535, 8.91667, 0.274761, 38.2312, 16.4697, -145.977, 16.4521, 33.2927, 0.000188907, 36.6431, 0.00280079, -139.354, 0.00142403, 38.756
536, 8.92500, 0.273897, 38.1137, 16.4414, -146.007, 16.4242, 33.2645, 0.000188537, 36.6312, 0.00279594, -139.347, 0.00142157, 38.7641
536, 8.93333, 0.273039, 37.9966, 16.4132, -146.038, 16.3963, 33.2364, 0.000188169, 36.6195, 0.0027911, -139.339, 0.00141912, 38.7723
537, 8.94167, 0.272185, 37.8799, 16.385, -146.068, 16.3685, 33.2083, 0.000187802, 36.6078, 0.00278628, -139.332, 0.00141668, 38.7805
537, 8.95000, 0.271337, 37.7636, 16.357, -146.099, 16.3409, 33.1804, 0.000187436, 36.5964, 0.00278147, -139.324, 0.00141424, 38.7888
538, 8.95833, 0.270494, 37.6476, 16.3291, -146.129, 16.3133, 33.1526, 0.000187072, 36.5851, 0.00277669, -139.317, 0.00141182, 38.7972
538, 8.96667, 0.269656, 37.5319, 16.3012, -146.159, 16.2857, 33.1248, 0.000186709, 36.5739, 0.00277192, -139.309, 0.0014094, 38.8056
539, 8.97500, 0.268823, 37.4166, 16.2735, -146.189, 16.2583, 33.0972, 0.000186348, 36.5629, 0.00276717, -139.301, 0.00140699, 38.8141
539, 8.98333, 0.267995, 37.3017, 16.2458, -146.219, 16.231, 33.0696, 0.000185988, 36.5521, 0.00276244, -139.293, 0.0014046, 38.8227
539, 8.99167, 0.267172, 37.1871, 16.2182, -146.248, 16.2038, 33.0421, 0.000185629, 36.5414, 0.00275772, -139.286, 0.0014022, 38.8314
540, 9.00000, 0.266354, 37.0729, 16.1908, -146.278, 16.1766, 33.0148, 0.000185272, 36.5308, 0.00275302, -139.278, 0.00139982, 38.8401
541, 9.00833, 0.26554, 36.9591, 16.1634, -146.308, 16.1495, 32.9875, 0.000184916, 36.5204, 0.00274834, -139.269, 0.00139745, 38.8489
541, 9.01667, 0.264732, 36.8455, 16.1361, -146.337, 16.1225, 32.9603, 0.000184561, 36.5101, 0.00274367, -139.261, 0.00139508, 38.8577
542, 9.02500, 0.263928, 36.7324, 16.1088, -146.367, 16.0956, 32.9332, 0.000184208, 36.5, 0.00273902, -139.253, 0.00139273, 38.8667
542, 9.03333, 0.26313, 36.6196, 16.0817, -146.396, 16.0688, 32.9062, 0.000183857, 36.49, 0.00273439, -139.245, 0.00139038, 38.8756
543, 9.04167, 0.262335, 36.5071, 16.0547, -146.425, 16.0421, 32.8792, 0.000183506, 36.4801, 0.00272978, -139.236, 0.00138804, 38.8847
543, 9.05000, 0.261546, 36.395, 16.0277, -146.454, 16.0155, 32.8524, 0.000183157, 36.4704, 0.00272518, -139.228, 0.00138571, 38.8938
543, 9.05833, 0.260762, 36.2832, 16.0008, -146.483, 15.9889, 32.8257, 0.00018281, 36.4609, 0.00272059, -139.22, 0.00138338, 38.903
544, 9.06667, 0.259981, 36.1718, 15.974, -146.512, 15.9624, 32.799, 0.000182463, 36.4514, 0.00271603, -139.211, 0.00138107, 38.9123
545, 9.07500, 0.259206, 36.0607, 15.9473, -146.541, 15.9361, 32.7724, 0.000182118, 36.4421, 0.00271148, -139.202, 0.00137876, 38.9216
545, 9.08333, 0.258435, 35.95, 15.9207, -146.569, 15.9097, 32.7459, 0.000181775, 36.433, 0.00270694, -139.194, 0.00137646, 38.931
546, 9.09167, 0.257669, 35.8396, 15.8942, -146.598, 15.8835, 32.7195, 0.000181432, 36.424, 0.00270243, -139.185, 0.00137417, 38.9404
546, 9.10000, 0.256907, 35.7295, 15.8678, -146.626, 15.8574, 32.6932, 0.000181091, 36.4151, 0.00269792, -139.176, 0.00137188, 38.9499
547, 9.10833, 0.25615, 35.6198, 15.8414, -146.655, 15.8313, 32.667, 0.000180752, 36.4063, 0.00269344, -139.167, 0.00136961, 38.9595
547, 9.11667, 0.255397, 35.5105, 15.8151, -146.683, 15.8053, 32.6409, 0.000180413, 36.3977, 0.00268897, -139.158, 0.00136734, 38.9691
547, 9.12500, 0.254649, 35.4014, 15.7889, -146.711, 15.7795, 32.6148, 0.000180076, 36.3892, 0.00268451, -139.149, 0.00136508, 38.9788
548, 9.13333, 0.253905, 35.2927, 15.7628, -146.739, 15.7536, 32.5889, 0.00017974, 36.3808, 0.00268007, -139.14, 0.00136283, 38.9885
549, 9.14167, 0.253166, 35.1844, 15.7368, -146.767, 15.7279, 32.563, 0.000179405, 36.3726, 0.00267565, -139.131, 0.00136058, 38.9983
549, 9.15000, 0.25243, 35.0764, 15.7108, -146.795, 15.7022, 32.5372, 0.000179072, 36.3645, 0.00267124, -139.121, 0.00135835, 39.0082
550, 9.15833, 0.251699, 34.9687, 15.685, -146.823, 15.6767, 32.5114, 0.00017874, 36.3566, 0.00266685, -139.112, 0.00135612, 39.0181
550, 9.16667, 0.250973, 34.8613, 15.6592, -146.851, 15.6512, 32.4858, 0.000178409, 36.3487, 0.00266247, -139.103, 0.0013539, 39.0281
551, 9.17500, 0.25025, 34.7543, 15.6335, -146.879, 15.6258, 32.4602, 0.00017808, 36.341, 0.00265811, -139.093, 0.00135168, 39.0382
551, 9.18333, 0.249532, 34.6476, 15.6078, -146.906, 15.6004, 32.4348, 0.000177751, 36.3334, 0.00265376, -139.084, 0.00134948, 39.0483
552, 9.19167, 0.248818, 34.5412, 15.5823, -146.934, 15.5752, 32.4094, 0.000177424, 36.326, 0.00264943, -139.074, 0.00134728, 39.0584
552, 9.20000, 0.248108, 34.4352, 15.5568, -146.961, 15.55, 32.3841, 0.000177098, 36.3186, 0.00264512, -139.064, 0.00134509, 39.0686
553, 9.20833, 0.247402, 34.3295, 15.5314, -146.988, 15.5249, 32.3588, 0.000176774, 36.3114, 0.00264081, -139.055, 0.0013429, 39.0789
553, 9.21667, 0.246701, 34.2241, 15.5061, -147.016, 15.4998, 32.3337, 0.00017645, 36.3043, 0.00263653, -139.045, 0.00134073, 39.0893
554, 9.22500, 0.246003, 34.1191, 15.4809, -147.043, 15.4749, 32.3086, 0.000176128, 36.2973, 0.00263226, -139.035, 0.00133856, 39.0996
554, 9.23333, 0.24531, 34.0144, 15.4558, -147.07, 15.45, 32.2836, 0.000175807, 36.2905, 0.002628, -139.025, 0.0013364, 39.1101
555, 9.24167, 0.24462, 33.91, 15.4307, -147.097, 15.4252, 32.2587, 0.000175487, 36.2838, 0.00262376, -139.015, 0.00133424, 39.1206
555, 9.25000, 0.243935, 33.8059, 15.4057, -147.124, 15.4005, 32.2339, 0.000175168, 36.2772, 0.00261953, -139.005, 0.00133209, 39.1311
556, 9.25833, 0.243253, 33.7022, 15.3808, -147.15, 15.3758, 32.2091, 0.000174851, 36.2707, 0.00261531, -138.995, 0.00132996, 39.1418
556, 9.26667, 0.242575, 33.5987, 15.3559, -147.177, 15.3513, 32.1844, 0.000174535, 36.2643, 0.00261112, -138.985, 0.00132782, 39.1524
557, 9.27500, 0.241902, 33.4956, 15.3312, -147.204, 15.3268, 32.1598, 0.000174219, 36.2581, 0.00260693, -138.974, 0.0013257, 39.1631
557, 9.28333, 0.241232, 33.3929, 15.3065, -147.23, 15.3023, 32.1353, 0.000173906, 36.2519, 0.00260276, -138.964, 0.00132358, 39.1739
558, 9.29167, 0.240566, 33.2904, 15.2819, -147.257, 15.278, 32.1109, 0.000173593, 36.2459, 0.0025986, -138.954, 0.00132147, 39.1847
558, 9.30000, 0.239903, 33.1883, 15.2573, -147.283, 15.2537, 32.0865, 0.000173281, 36.24, 0.00259446, -138.943, 0.00131936, 39.1956
559, 9.30833, 0.239245, 33.0864, 15.2328, -147.309, 15.2295, 32.0622, 0.000172971, 36.2342, 0.00259033, -138.933, 0.00131727, 39.2065
559, 9.31667, 0.23859, 32.9849, 15.2085, -147.335, 15.2054, 32.038, 0.000172661, 36.2286, 0.00258622, -138.922, 0.00131518, 39.2175
560, 9.32500, 0.237939, 32.8838, 15.1841, -147.361, 15.1813, 32.0138, 0.000172353, 36.223, 0.00258212, -138.912, 0.00131309, 39.2285
560, 9.33333, 0.237292, 32.7829, 15.1599, -147.387, 15.1573, 31.9897, 0.000172046, 36.2176, 0.00257804, -138.901, 0.00131102, 39.2396
561, 9.34167, 0.236649, 32.6823, 15.1357, -147.413, 15.1334, 31.9657, 0.00017174, 36.2123, 0.00257396, -138.89, 0.00130895, 39.2508
561, 9.35000, 0.236009, 32.5821, 15.1116, -147.439, 15.1096, 31.9418, 0.000171435, 36.207, 0.0025699, -138.88, 0.00130689, 39.2619
562, 9.35833, 0.235373, 32.4822, 15.0876, -147.465, 15.0858, 31.9179, 0.000171131, 36.2019, 0.00256586, -138.869, 0.00130483, 39.2732
562, 9.36667, 0.23474, 32.3825, 15.0637, -147.491, 15.0621, 31.8942, 0.000170829, 36.1969, 0.00256183, -138.858, 0.00130278, 39.2845
563, 9.37500, 0.234111, 32.2832, 15.0398, -147.516, 15.0385, 31.8705, 0.000170527, 36.192, 0.00255781, -138.847, 0.00130074, 39.2958
563, 9.38333, 0.233486, 32.1842, 15.016, -147.542, 15.0149, 31.8468, 0.000170227, 36.1873, 0.00255381, -138.836, 0.00129871, 39.3072
564, 9.39167, 0.232864, 32.0855, 14.9922, -147.567, 14.9914, 31.8233, 0.000169928, 36.1826, 0.00254982, -138.825, 0.00129668, 39.3186
564, 9.40000, 0.232246, 31.9872, 14.9686, -147.593, 14.968, 31.7998, 0.000169629, 36.178, 0.00254584, -138.814, 0.00129466, 39.3301
564, 9.40833, 0.231631, 31.8891, 14.945, -147.618, 14.9446, 31.7763, 0.000169332, 36.1736, 0.00254187, -138.803, 0.00129264, 39.3416
565, 9.41667, 0.231019, 31.7913, 14.9215, -147.643, 14.9213, 31.753, 0.000169036, 36.1692, 0.00253792, -138.792, 0.00129063, 39.3532
566, 9.42500, 0.230412, 31.6939, 14.898, -147.668, 14.8981, 31.7297, 0.000168741, 36.165, 0.00253399, -138.78, 0.00128863, 39.3648
566, 9.43333, 0.229807, 31.5967, 14.8746, -147.693, 14.875, 31.7065, 0.000168447, 36.1608, 0.00253006, -138.769, 0.00128664, 39.3764
567, 9.44167, 0.229206, 31.4999, 14.8513, -147.718, 14.8519, 31.6833, 0.000168154, 36.1568, 0.00252615, -138.758, 0.00128465, 39.3882
567, 9.45000, 0.228608, 31.4033, 14.8281, -147.743, 14.8289, 31.6603, 0.000167862, 36.1529, 0.00252225, -138.746, 0.00128266, 39.3999
568, 9.45833, 0.228014, 31.3071, 14.8049, -147.768, 14.8059, 31.6373, 0.000167571, 36.149, 0.00251837, -138.735, 0.00128069, 39.4117
568, 9.46667, 0.227423, 31.2112, 14.7818, -147.793, 14.7831, 31.6143, 0.000167282, 36.1453, 0.00251449, -138.723, 0.00127872, 39.4236
568, 9.47500, 0.226835, 31.1155, 14.7587, -147.818, 14.7602, 31.5915, 0.000166993, 36.1417, 0.00251063, -138.712, 0.00127676, 39.4355
569, 9.48333, 0.226251, 31.0202, 14.7358, -147.842, 14.7375, 31.5687, 0.000166705, 36.1382, 0.00250679, -138.7, 0.0012748, 39.4474
570, 9.49167, 0.22567, 30.9252, 14.7129, -147.867, 14.7148, 31.5459, 0.000166419, 36.1347, 0.00250295, -138.689, 0.00127285, 39.4594
570, 9.50000, 0.225092, 30.8304, 14.69, -147.891, 14.6922, 31.5233, 0.000166133, 36.1314, 0.00249913, -138.677, 0.0012709, 39.4714
571, 9.50833, 0.224517, 30.736, 14.6673, -147.916, 14.6697, 31.5007, 0.000165848, 36.1282, 0.00249532, -138.665, 0.00126897, 39.4835
571, 9.51667, 0.223946, 30.6419, 14.6445, -147.94, 14.6472, 31.4781, 0.000165565, 36.1251, 0.00249152, -138.653, 0.00126703, 39.4956
572, 9.52500, 0.223378, 30.548, 14.6219, -147.964, 14.6248, 31.4557, 0.000165282, 36.122, 0.00248774, -138.642, 0.00126511, 39.5078
572, 9.53333, 0.222813, 30.4545, 14.5993, -147.988, 14.6024, 31.4333, 0.000165, 36.1191, 0.00248396, -138.63, 0.00126319, 39.52
572, 9.54167, 0.222251, 30.3612, 14.5768, -148.012, 14.5801, 31.4109, 0.00016472, 36.1163, 0.0024802, -138.618, 0.00126128, 39.5322
573, 9.55000, 0.221692, 30.2683, 14.5544, -148.036, 14.5579, 31.3887, 0.00016444, 36.1135, 0.00247646, -138.606, 0.00125937, 39.5445
574, 9.55833, 0.221136, 30.1756, 14.532, -148.06, 14.5357, 31.3665, 0.000164162, 36.1109, 0.00247272, -138.594, 0.00125747, 39.5568
574, 9.56667, 0.220583, 30.0833, 14.5097, -148.084, 14.5136, 31.3443, 0.000163884, 36.1083, 0.002469, -138.582, 0.00125557, 39.5692
575, 9.57500, 0.220034, 29.9912, 14.4875, -148.108, 14.4916, 31.3222, 0.000163607, 36.1059, 0.00246528, -138.57, 0.00125368, 39.5816
575, 9.58333, 0.219487, 29.8994, 14.4653, -148.132, 14.4696, 31.3002, 0.000163331, 36.1035, 0.00246159, -138.557, 0.0012518, 39.594
576, 9.59167, 0.218944, 29.8079, 14.4432, -148.155, 14.4477, 31.2783, 0.000163057, 36.1013, 0.0024579, -138.545, 0.00124992, 39.6065
576, 9.60000, 0.218403, 29.7167, 14.4211, -148.179, 14.4259, 31.2564, 0.000162783, 36.0991, 0.00245422, -138.533, 0.00124805, 39.619
577, 9.60833, 0.217866, 29.6258, 14.3991, -148.203, 14.4041, 31.2346, 0.00016251, 36.097, 0.00245056, -138.521, 0.00124619, 39.6316
577, 9.61667, 0.217331, 29.5352, 14.3772, -148.226, 14.3824, 31.2128, 0.000162238, 36.095, 0.00244691, -138.508, 0.00124433, 39.6442
578, 9.62500, 0.2168, 29.4449, 14.3553, -148.249, 14.3607, 31.1911, 0.000161967, 36.0931, 0.00244327, -138.496, 0.00124248, 39.6569
578, 9.63333, 0.216271, 29.3548, 14.3335, -148.273, 14.3391, 31.1695, 0.000161697, 36.0913, 0.00243964, -138.483, 0.00124063, 39.6696
579, 9.64167, 0.215745, 29.2651, 14.3118, -148.296, 14.3176, 31.1479, 0.000161428, 36.0896, 0.00243602, -138.471, 0.00123879, 39.6823
579, 9.65000, 0.215222, 29.1756, 14.2901, -148.319, 14.2961, 31.1264, 0.00016116, 36.088, 0.00243241, -138.458, 0.00123695, 39.6951
580, 9.65833, 0.214702, 29.0864, 14.2685, -148.342, 14.2747, 31.1049, 0.000160893, 36.0864, 0.00242882, -138.446, 0.00123512, 39.7079
580, 9.66667, 0.214185, 28.9975, 14.247, -148.365, 14.2533, 31.0835, 0.000160627, 36.085, 0.00242524, -138.433, 0.0012333, 39.7207
581, 9.67500, 0.21367, 28.9089, 14.2255, -148.388, 14.232, 31.0622, 0.000160361, 36.0836, 0.00242167, -138.42, 0.00123148, 39.7336
581, 9.68333, 0.213159, 28.8206, 14.204, -148.411, 14.2108, 31.0409, 0.000160097, 36.0823, 0.00241811, -138.408, 0.00122966, 39.7465
582, 9.69167, 0.21265, 28.7325, 14.1827, -148.434, 14.1896, 31.0197, 0.000159833, 36.0812, 0.00241456, -138.395, 0.00122786, 39.7595
582, 9.70000, 0.212144, 28.6448, 14.1613, -148.457, 14.1685, 30.9986, 0.000159571, 36.0801, 0.00241102, -138.382, 0.00122606, 39.7725
583, 9.70833, 0.211641, 28.5573, 14.1401, -148.48, 14.1474, 30.9775, 0.000159309, 36.079, 0.00240749, -138.369, 0.00122426, 39.7855
583, 9.71667, 0.21114, 28.4701, 14.1189, -148.502, 14.1264, 30.9565, 0.000159048, 36.0781, 0.00240398, -138.357, 0.00122247, 39.7985
584, 9.72500, 0.210643, 28.3831, 14.0978, -148.525, 14.1055, 30.9355, 0.000158788, 36.0773, 0.00240047, -138.344, 0.00122068, 39.8116
584, 9.73333, 0.210148, 28.2965, 14.0767, -148.547, 14.0846, 30.9146, 0.000158529, 36.0765, 0.00239698, -138.331, 0.0012189, 39.8248
585, 9.74167, 0.209655, 28.2101, 14.0557, -148.57, 14.0638, 30.8937, 0.000158271, 36.0758, 0.0023935, -138.318, 0.00121713, 39.838
585, 9.75000, 0.209165, 28.124, 14.0347, -148.592, 14.043, 30.8729, 0.000158014, 36.0752, 0.00239003, -138.305, 0.00121536, 39.8512
586, 9.75833, 0.208678, 28.0382, 14.0138, -148.615, 14.0223, 30.8522, 0.000157758, 36.0747, 0.00238657, -138.292, 0.0012136, 39.8644
586, 9.76667, 0.208194, 27.9527, 13.993, -148.637, 14.0016, 30.8315, 0.000157502, 36.0743, 0.00238312, -138.279, 0.00121184, 39.8777
587, 9.77500, 0.207712, 27.8674, 13.9722, -148.659, 13.981, 30.8109, 0.000157247, 36.0739, 0.00237968, -138.265, 0.00121009, 39.891
587, 9.78333, 0.207233, 27.7824, 13.9515, -148.681, 13.9605, 30.7903, 0.000156994, 36.0737, 0.00237625, -138.252, 0.00120834, 39.9043
588, 9.79167, 0.206756, 27.6977, 13.9308, -148.703, 13.94, 30.7698, 0.000156741, 36.0735, 0.00237284, -138.239, 0.0012066, 39.9177
588, 9.80000, 0.206282, 27.6133, 13.9102, -148.725, 13.9196, 30.7493, 0.000156489, 36.0734, 0.00236943, -138.226, 0.00120486, 39.9311
589, 9.80833, 0.205811, 27.5291, 13.8897, -148.747, 13.8992, 30.7289, 0.000156237, 36.0734, 0.00236603, -138.212, 0.00120313, 39.9446
589, 9.81667, 0.205342, 27.4452, 13.8692, -148.769, 13.8789, 30.7086, 0.000155987, 36.0734, 0.00236265, -138.199, 0.00120141, 39.9581
590, 9.82500, 0.204875, 27.3616, 13.8488, -148.791, 13.8586, 30.6883, 0.000155738, 36.0735, 0.00235927, -138.186, 0.00119969, 39.9716
590, 9.83333, 0.204412, 27.2782, 13.8284, -148.813, 13.8384, 30.6681, 0.000155489, 36.0738, 0.00235591, -138.172, 0.00119797, 39.9851
591, 9.84167, 0.20395, 27.1951, 13.8081, -148.835, 13.8182, 30.6479, 0.000155241, 36.074, 0.00235255, -138.159, 0.00119626, 39.9987
591, 9.85000, 0.203491, 27.1123, 13.7878, -148.856, 13.7981, 30.6278, 0.000154994, 36.0744, 0.00234921, -138.145, 0.00119455, 40.0123
592, 9.85833, 0.203035, 27.0298, 13.7676, -148.878, 13.7781, 30.6077, 0.000154748, 36.0749, 0.00234588, -138.132, 0.00119285, 40.026
592, 9.86667, 0.20258, 26.9475, 13.7474, -148.899, 13.7581, 30.5877, 0.000154502, 36.0754, 0.00234255, -138.118, 0.00119116, 40.0396
593, 9.87500, 0.202129, 26.8655, 13.7273, -148.921, 13.7382, 30.5677, 0.000154258, 36.076, 0.00233924, -138.105, 0.00118947, 40.0533
593, 9.88333, 0.20168, 26.7838, 13.7073, -148.942, 13.7183, 30.5478, 0.000154014, 36.0766, 0.00233594, -138.091, 0.00118779, 40.0671
594, 9.89167, 0.201233, 26.7023, 13.6873, -148.964, 13.6985, 30.5279, 0.000153771, 36.0774, 0.00233264, -138.078, 0.00118611, 40.0808
594, 9.90000, 0.200788, 26.6211, 13.6674, -148.985, 13.6787, 30.5081, 0.000153529, 36.0782, 0.00232936, -138.064, 0.00118443, 40.0946
595, 9.90833, 0.200346, 26.5401, 13.6475, -149.006, 13.659, 30.4884, 0.000153288, 36.0791, 0.00232609, -138.05, 0.00118276, 40.1085
595, 9.91667, 0.199907, 26.4594, 13.6277, -149.027, 13.6393, 30.4687, 0.000153047, 36.0801, 0.00232283, -138.036, 0.0011811, 40.1223
596, 9.92500, 0.199469, 26.379, 13.6079, -149.049, 13.6197, 30.4491, 0.000152808, 36.0811, 0.00231957, -138.023, 0.00117944, 40.1362
596, 9.93333, 0.199034, 26.2989, 13.5882, -149.07, 13.6001, 30.4295, 0.000152569, 36.0822, 0.00231633, -138.009, 0.00117778, 40.1502
597, 9.94167, 0.198601, 26.219, 13.5685, -149.091, 13.5806, 30.4099, 0.000152331, 36.0834, 0.0023131, -137.995, 0.00117613, 40.1641
597, 9.95000, 0.198171, 26.1394, 13.5489, -149.112, 13.5612, 30.3904, 0.000152093, 36.0847, 0.00230987, -137.981, 0.00117449, 40.1781
598, 9.95833, 0.197743, 26.06, 13.5293, -149.132, 13.5417, 30.371, 0.000151857, 36.086, 0.00230666, -137.967, 0.00117285, 40.1921
598, 9.96667, 0.197317, 25.9809, 13.5098, -149.153, 13.5224, 30.3516, 0.000151621, 36.0874, 0.00230346, -137.953, 0.00117122, 40.2061
599, 9.97500, 0.196893, 25.902, 13.4903, -149.174, 13.5031, 30.3323, 0.000151386, 36.0889, 0.00230026, -137.939, 0.00116959, 40.2202
599, 9.98333, 0.196472, 25.8234, 13.4709, -149.195, 13.4838, 30.313, 0.000151152, 36.0905, 0.00229708, -137.925, 0.00116796, 40.2343
600, 9.99167, 0.196053, 25.7451, 13.4516, -149.216, 13.4646, 30.2938, 0.000150918, 36.0921, 0.0022939, -137.911, 0.00116634, 40.2484
600, 10.00000, 0.195636, 25.667, 13.4323, -149.236, 13.4455, 30.2746, 0.000150686, 36.0938, 0.00229074, -137.897, 0.00116472, 40.2626
601, 10.00833, 0.195221, 25.5892, 13.413, -149.257, 13.4264, 30.2555, 0.000150454, 36.0955, 0.00228758, -137.883, 0.00116311, 40.2767
601, 10.01667, 0.194808, 25.5117, 13.3938, -149.277, 13.4073, 30.2364, 0.000150222, 36.0974, 0.00228443, -137.869, 0.00116151, 40.291
602, 10.02500, 0.194398, 25.4344, 13.3747, -149.298, 13.3883, 30.2174, 0.000149992, 36.0992, 0.0022813, -137.855, 0.00115991, 40.3052
602, 10.03333, 0.19399, 25.3573, 13.3556, -149.318, 13.3694, 30.1984, 0.000149762, 36.1012, 0.00227817, -137.84, 0.00115831, 40.3195
603, 10.04167, 0.193583, 25.2805, 13.3366, -149.338, 13.3505, 30.1795, 0.000149533, 36.1032, 0.00227505, -137.826, 0.00115672, 40.3337
603, 10.05000, 0.193179, 25.204, 13.3176, -149.359, 13.3316, 30.1606, 0.000149305, 36.1053, 0.00227194, -137.812, 0.00115513, 40.3481
604, 10.05833, 0.192778, 25.1277, 13.2986, -149.379, 13.3128, 30.1417, 0.000149078, 36.1075, 0.00226884, -137.798, 0.00115355, 40.3624
604, 10.06667, 0.192378, 25.0517, 13.2797, -149.399, 13.2941, 30.123, 0.000148851, 36.1097, 0.00226575, -137.783, 0.00115197, 40.3768
605, 10.07500, 0.19198, 24.9759, 13.2609, -149.419, 13.2754, 30.1042, 0.000148625, 36.112, 0.00226267, -137.769, 0.00115039, 40.3912
605, 10.08333, 0.191584, 24.9004, 13.2421, -149.439, 13.2567, 30.0855, 0.0001484, 36.1144, 0.0022596, -137.755, 0.00114882, 40.4056
606, 10.09167, 0.191191, 24.8251, 13.2233, -149.459, 13.2381, 30.0669, 0.000148175, 36.1168, 0.00225653, -137.74, 0.00114726, 40.42
606, 10.10000, 0.190799, 24.7501, 13.2046, -149.479, 13.2195, 30.0483, 0.000147952, 36.1193, 0.00225348, -137.726, 0.0011457, 40.4345
607, 10.10833, 0.19041, 24.6753, 13.186, -149.499, 13.201, 30.0298, 0.000147728, 36.1219, 0.00225043, -137.711, 0.00114414, 40.449
607, 10.11667, 0.190023, 24.6008, 13.1674, -149.519, 13.1826, 30.0113, 0.000147506, 36.1245, 0.00224739, -137.697, 0.00114259, 40.4635
608, 10.12500, 0.189637, 24.5265, 13.1488, -149.539, 13.1641, 29.9928, 0.000147284, 36.1272, 0.00224437, -137.682, 0.00114105, 40.4781
608, 10.13333, 0.189254, 24.4525, 13.1303, -149.559, 13.1458, 29.9744, 0.000147064, 36.1299, 0.00224135, -137.668, 0.00113951, 40.4927
609, 10.14167, 0.188872, 24.3787, 13.1119, -149.579, 13.1274, 29.956, 0.000146843, 36.1327, 0.00223834, -137.653, 0.00113797, 40.5073
609, 10.15000, 0.188493, 24.3052, 13.0935, -149.598, 13.1092, 29.9377, 0.000146624, 36.1356, 0.00223534, -137.638, 0.00113643, 40.5219
610, 10.15833, 0.188116, 24.2319, 13.0751, -149.618, 13.0909, 29.9195, 0.000146405, 36.1386, 0.00223235, -137.624, 0.00113491, 40.5365
610, 10.16667, 0.18774, 24.1589, 13.0568, -149.637, 13.0728, 29.9013, 0.000146187, 36.1416, 0.00222936, -137.609, 0.00113338, 40.5512
611, 10.17500, 0.187367, 24.0861, 13.0386, -149.657, 13.0546, 29.8831, 0.000145969, 36.1446, 0.00222639, -137.594, 0.00113186, 40.5659
611, 10.18333, 0.186995, 24.0135, 13.0203, -149.676, 13.0365, 29.865, 0.000145753, 36.1477, 0.00222342, -137.58, 0.00113034, 40.5806
612, 10.19167, 0.186625, 23.9412, 13.0022, -149.696, 13.0185, 29.8469, 0.000145536, 36.1509, 0.00222046, -137.565, 0.00112883, 40.5954
612, 10.20000, 0.186257, 23.8692, 12.984, -149.715, 13.0005, 29.8288, 0.000145321, 36.1542, 0.00221751, -137.55, 0.00112733, 40.6101
613, 10.20833, 0.185892, 23.7973, 12.966, -149.735, 12.9826, 29.8109, 0.000145106, 36.1575, 0.00221457, -137.535, 0.00112582, 40.6249
613, 10.21667, 0.185528, 23.7258, 12.9479, -149.754, 12.9646, 29.7929, 0.000144892, 36.1608, 0.00221164, -137.521, 0.00112432, 40.6397
614, 10.22500, 0.185166, 23.6544, 12.93, -149.773, 12.9468, 29.775, 0.000144679, 36.1643, 0.00220872, -137.506, 0.00112283, 40.6546
614, 10.23333, 0.184805, 23.5833, 12.912, -149.792, 12.929, 29.7571, 0.000144466, 36.1678, 0.0022058, -137.491, 0.00112134, 40.6694
615, 10.24167, 0.184447, 23.5125, 12.8941, -149.811, 12.9112, 29.7393, 0.000144254, 36.1713, 0.0022029, -137.476, 0.00111985, 40.6843
615, 10.25000, 0.18409, 23.4419, 12.8763, -149.83, 12.8935, 29.7216, 0.000144043, 36.1749, 0.0022, -137.461, 0.00111837, 40.6992
616, 10.25833, 0.183736, 23.3715, 12.8585, -149.849, 12.8758, 29.7038, 0.000143832, 36.1786, 0.00219711, -137.446, 0.00111689, 40.7141
616, 10.26667, 0.183383, 23.3014, 12.8407, -149.868, 12.8582, 29.6862, 0.000143622, 36.1823, 0.00219423, -137.431, 0.00111542, 40.7291
617, 10.27500, 0.183032, 23.2315, 12.823, -149.887, 12.8406, 29.6685, 0.000143413, 36.1861, 0.00219135, -137.416, 0.00111395, 40.7441
617, 10.28333, 0.182683, 23.1618, 12.8054, -149.906, 12.823, 29.6509, 0.000143204, 36.1899, 0.00218849, -137.401, 0.00111249, 40.759
618, 10.29167, 0.182335, 23.0924, 12.7878, -149.925, 12.8055, 29.6334, 0.000142996, 36.1938, 0.00218563, -137.386, 0.00111102, 40.7741
618, 10.30000, 0.181989, 23.0232, 12.7702, -149.944, 12.7881, 29.6159, 0.000142789, 36.1977, 0.00218278, -137.371, 0.00110957, 40.7891
619, 10.30833, 0.181645, 22.9543, 12.7527, -149.963, 12.7706, 29.5984, 0.000142582, 36.2017, 0.00217994, -137.356, 0.00110812, 40.8041
619, 10.31667, 0.181303, 22.8856, 12.7352, -149.981, 12.7533, 29.581, 0.000142376, 36.2058, 0.00217711, -137.341, 0.00110667, 40.8192
620, 10.32500, 0.180963, 22.8171, 12.7177, -150, 12.7359, 29.5636, 0.00014217, 36.2099, 0.00217428, -137.326, 0.00110522, 40.8343
620, 10.33333, 0.180624, 22.7488, 12.7003, -150.019, 12.7187, 29.5463, 0.000141966, 36.2141, 0.00217147, -137.311, 0.00110378, 40.8494
621, 10.34167, 0.180287, 22.6808, 12.683, -150.037, 12.7014, 29.529, 0.000141761, 36.2183, 0.00216866, -137.295, 0.00110234, 40.8646
621, 10.35000, 0.179952, 22.6131, 12.6657, -150.056, 12.6842, 29.5117, 0.000141558, 36.2226, 0.00216586, -137.28, 0.00110091, 40.8797
622, 10.35833, 0.179618, 22.5455, 12.6484, -150.074, 12.6671, 29.4945, 0.000141355, 36.2269, 0.00216306, -137.265, 0.00109948, 40.8949
622, 10.36667, 0.179287, 22.4782, 12.6312, -150.093, 12.6499, 29.4774, 0.000141153, 36.2313, 0.00216028, -137.25, 0.00109806, 40.9101
623, 10.37500, 0.178957, 22.4111, 12.614, -150.111, 12.6329, 29.4602, 0.000140951, 36.2357, 0.0021575, -137.234, 0.00109664, 40.9253
623, 10.38333, 0.178628, 22.3443, 12.5969, -150.129, 12.6158, 29.4431, 0.00014075, 36.2402, 0.00215473, -137.219, 0.00109522, 40.9406
624, 10.39167, 0.178301, 22.2777, 12.5798, -150.148, 12.5989, 29.4261, 0.000140549, 36.2448, 0.00215197, -137.204, 0.00109381, 40.9558
624, 10.40000, 0.177976, 22.2113, 12.5627, -150.166, 12.5819, 29.4091, 0.000140349, 36.2494, 0.00214921, -137.189, 0.0010924, 40.9711
625, 10.40833, 0.177653, 22.1451, 12.5457, -150.184, 12.565, 29.3921, 0.00014015, 36.2541, 0.00214647, -137.173, 0.00109099, 40.9864
625, 10.41667, 0.177331, 22.0792, 12.5287, -150.202, 12.5481, 29.3752, 0.000139952, 36.2588, 0.00214373, -137.158, 0.00108959, 41.0017
626, 10.42500, 0.177011, 22.0135, 12.5118, -150.22, 12.5313, 29.3583, 0.000139754, 36.2635, 0.002141, -137.142, 0.00108819, 41.017
626, 10.43333, 0.176692, 21.948, 12.4949, -150.238, 12.5145, 29.3415, 0.000139556, 36.2683, 0.00213828, -137.127, 0.0010868, 41.0324
627, 10.44167, 0.176375, 21.8827, 12.4781, -150.256, 12.4978, 29.3247, 0.000139359, 36.2732, 0.00213556, -137.112, 0.00108541, 41.0478
627, 10.45000, 0.17606, 21.8177, 12.4613, -150.274, 12.4811, 29.3079, 0.000139163, 36.2781, 0.00213285, -137.096, 0.00108402, 41.0632
628, 10.45833, 0.175746, 21.7529, 12.4445, -150.292, 12.4644, 29.2912, 0.000138968, 36.2831, 0.00213015, -137.081, 0.00108264, 41.0786
628, 10.46667, 0.175434, 21.6884, 12.4278, -150.31, 12.4478, 29.2745, 0.000138773, 36.2881, 0.00212746, -137.065, 0.00108126, 41.094
629, 10.47500, 0.175123, 21.624, 12.4111, -150.328, 12.4312, 29.2579, 0.000138578, 36.2932, 0.00212477, -137.05, 0.00107988, 41.1094
629, 10.48333, 0.174814, 21.5599, 12.3945, -150.346, 12.4147, 29.2413, 0.000138384, 36.2983, 0.00212209, -137.034, 0.00107851, 41.1249
630, 10.49167, 0.174507, 21.496, 12.3779, -150.364, 12.3982, 29.2247, 0.000138191, 36.3034, 0.00211942, -137.018, 0.00107714, 41.1404
630, 10.50000, 0.174201, 21.4323, 12.3614, -150.381, 12.3817, 29.2082, 0.000137998, 36.3087, 0.00211676, -137.003, 0.00107578, 41.1559
631, 10.50833, 0.173896, 21.3689, 12.3449, -150.399, 12.3653, 29.1917, 0.000137806, 36.3139, 0.0021141, -136.987, 0.00107442, 41.1714
631, 10.51667, 0.173594, 21.3056, 12.3284, -150.417, 12.3489, 29.1752, 0.000137615, 36.3192, 0.00211145, -136.972, 0.00107306, 41.1869
632, 10.52500, 0.173292, 21.2426, 12.3119, -150.434, 12.3326, 29.1588, 0.000137424, 36.3246, 0.00210881, -136.956, 0.00107171, 41.2025
632, 10.53333, 0.172992, 21.1799, 12.2956, -150.452, 12.3163, 29.1424, 0.000137233, 36.33, 0.00210618, -136.94, 0.00107036, 41.218
633, 10.54167, 0.172694, 21.1173, 12.2792, -150.469, 12.3, 29.1261, 0.000137044, 36.3355, 0.00210355, -136.925, 0.00106902, 41.2336
633, 10.55000, 0.172397, 21.0549, 12.2629, -150.487, 12.2838, 29.1098, 0.000136854, 36.341, 0.00210093, -136.909, 0.00106767, 41.2492
634, 10.55833, 0.172102, 20.9928, 12.2466, -150.504, 12.2676, 29.0935, 0.000136666, 36.3465, 0.00209832, -136.893, 0.00106633, 41.2648
634, 10.56667, 0.171808, 20.9309, 12.2304, -150.522, 12.2515, 29.0773, 0.000136478, 36.3521, 0.00209571, -136.878, 0.001065, 41.2805
635, 10.57500, 0.171516, 20.8692, 12.2142, -150.539, 12.2354, 29.0611, 0.00013629, 36.3578, 0.00209311, -136.862, 0.00106367, 41.2961
635, 10.58333, 0.171225, 20.8077, 12.198, -150.556, 12.2193, 29.045, 0.000136103, 36.3635, 0.00209052, -136.846, 0.00106234, 41.3118
636, 10.59167, 0.170935, 20.7465, 12.1819, -150.574, 12.2033, 29.0289, 0.000135917, 36.3692, 0.00208793, -136.83, 0.00106102, 41.3275
636, 10.60000, 0.170647, 20.6854, 12.1658, -150.591, 12.1873, 29.0128, 0.000135731, 36.375, 0.00208536, -136.814, 0.0010597, 41.3432
637, 10.60833, 0.170361, 20.6246, 12.1498, -150.608, 12.1713, 28.9968, 0.000135546, 36.3808, 0.00208279, -136.799, 0.00105838, 41.3589
637, 10.61667, 0.170076, 20.564, 12.1338, -150.625, 12.1554, 28.9808, 0.000135361, 36.3867, 0.00208022, -136.783, 0.00105706, 41.3746
638, 10.62500, 0.169792, 20.5036, 12.1178, -150.642, 12.1396, 28.9648, 0.000135177, 36.3926, 0.00207767, -136.767, 0.00105575, 41.3903
638, 10.63333, 0.16951, 20.4434, 12.1019, -150.659, 12.1237, 28.9489, 0.000134993, 36.3986, 0.00207512, -136.751, 0.00105445, 41.4061
639, 10.64167, 0.169229, 20.3835, 12.086, -150.676, 12.1079, 28.933, 0.00013481, 36.4046, 0.00207257, -136.735, 0.00105314, 41.4219
639, 10.65000, 0.168949, 20.3237, 12.0702, -150.693, 12.0921, 28.9171, 0.000134627, 36.4107, 0.00207004, -136.719, 0.00105184, 41.4377
640, 10.65833, 0.168671, 20.2642, 12.0544, -150.71, 12.0764, 28.9013, 0.000134445, 36.4168, 0.00206751, -136.703, 0.00105055, 41.4535
640, 10.66667, 0.168394, 20.2049, 12.0386, -150.727, 12.0607, 28.8855, 0.000134264, 36.4229, 0.00206498, -136.687, 0.00104925, 41.4693
641, 10.67500, 0.168119, 20.1458, 12.0228, -150.744, 12.0451, 28.8698, 0.000134083, 36.4291, 0.00206247, -136.672, 0.00104796, 41.4851
641, 10.68333, 0.167845, 20.0869, 12.0072, -150.761, 12.0294, 28.8541, 0.000133902, 36.4354, 0.00205996, -136.656, 0.00104668, 41.501
642, 10.69167, 0.167573, 20.0282, 11.9915, -150.778, 12.0139, 28.8384, 0.000133722, 36.4416, 0.00205746, -136.64, 0.00104539, 41.5168
642, 10.70000, 0.167301, 19.9697, 11.9759, -150.794, 11.9983, 28.8228, 0.000133543, 36.448, 0.00205496, -136.624, 0.00104411, 41.5327
643, 10.70833, 0.167031, 19.9114, 11.9603, -150.811, 11.9828, 28.8072, 0.000133364, 36.4543, 0.00205247, -136.608, 0.00104284, 41.5486
643, 10.71667, 0.166763, 19.8534, 11.9447, -150.828, 11.9673, 28.7916, 0.000133186, 36.4607, 0.00204999, -136.592, 0.00104156, 41.5645
644, 10.72500, 0.166496, 19.7955, 11.9292, -150.844, 11.9519, 28.7761, 0.000133008, 36.4672, 0.00204751, -136.575, 0.00104029, 41.5804
644, 10.73333, 0.16623, 19.7379, 11.9137, -150.861, 11.9365, 28.7606, 0.000132831, 36.4737, 0.00204504, -136.559, 0.00103903, 41.5963
645, 10.74167, 0.165965, 19.6804, 11.8983, -150.878, 11.9211, 28.7451, 0.000132654, 36.4802, 0.00204258, -136.543, 0.00103777, 41.6123
645, 10.75000, 0.165702, 19.6232, 11.8829, -150.894, 11.9058, 28.7297, 0.000132477, 36.4868, 0.00204012, -136.527, 0.00103651, 41.6282
646, 10.75833, 0.16544, 19.5662, 11.8675, -150.911, 11.8905, 28.7143, 0.000132302, 36.4934, 0.00203767, -136.511, 0.00103525, 41.6442
646, 10.76667, 0.165179, 19.5093, 11.8522, -150.927, 11.8752, 28.6989, 0.000132126, 36.5001, 0.00203523, -136.495, 0.001034, 41.6602
647, 10.77500, 0.16492, 19.4527, 11.8369, -150.943, 11.86, 28.6836, 0.000131952, 36.5068, 0.00203279, -136.479, 0.00103275, 41.6762
647, 10.78333, 0.164662, 19.3963, 11.8216, -150.96, 11.8448, 28.6683, 0.000131777, 36.5135, 0.00203036, -136.463, 0.0010315, 41.6922
648, 10.79167, 0.164405, 19.3401, 11.8064, -150.976, 11.8297, 28.653, 0.000131604, 36.5203, 0.00202794, -136.447, 0.00103025, 41.7082
648, 10.80000, 0.164149, 19.2841, 11.7912, -150.993, 11.8146, 28.6378, 0.00013143, 36.5271, 0.00202552, -136.43, 0.00102901, 41.7243
649, 10.80833, 0.163895, 19.2283, 11.7761, -151.009, 11.7995, 28.6226, 0.000131258, 36.534, 0.00202311, -136.414, 0.00102778, 41.7403
649, 10.81667, 0.163642, 19.1727, 11.7609, -151.025, 11.7844, 28.6074, 0.000131085, 36.5409, 0.0020207, -136.398, 0.00102654, 41.7564
650, 10.82500, 0.16339, 19.1174, 11.7459, -151.041, 11.7694, 28.5923, 0.000130914, 36.5478, 0.0020183, -136.382, 0.00102531, 41.7725
650, 10.83333, 0.16314, 19.0622, 11.7308, -151.057, 11.7544, 28.5772, 0.000130742, 36.5548, 0.00201591, -136.366, 0.00102408, 41.7886
651, 10.84167, 0.16289, 19.0072, 11.7158, -151.074, 11.7395, 28.5621, 0.000130572, 36.5618, 0.00201352, -136.349, 0.00102286, 41.8047
651, 10.85000, 0.162642, 18.9524, 11.7008, -151.09, 11.7246, 28.5471, 0.000130401, 36.5689, 0.00201114, -136.333, 0.00102164, 41.8208
652, 10.85833, 0.162395, 18.8978, 11.6859, -151.106, 11.7097, 28.5321, 0.000130232, 36.576, 0.00200877, -136.317, 0.00102042, 41.8369
652, 10.86667, 0.16215, 18.8434, 11.6709, -151.122, 11.6948, 28.5172, 0.000130062, 36.5831, 0.0020064, -136.3, 0.0010192, 41.853
653, 10.87500, 0.161905, 18.7892, 11.6561, -151.138, 11.68, 28.5022, 0.000129893, 36.5903, 0.00200404, -136.284, 0.00101799, 41.8692
653, 10.88333, 0.161662, 18.7353, 11.6412, -151.154, 11.6652, 28.4873, 0.000129725, 36.5975, 0.00200168, -136.268, 0.00101678, 41.8853
654, 10.89167, 0.16142, 18.6815, 11.6264, -151.17, 11.6505, 28.4725, 0.000129557, 36.6048, 0.00199933, -136.251, 0.00101558, 41.9015
654, 10.90000, 0.161179, 18.6279, 11.6116, -151.185, 11.6358, 28.4576, 0.00012939, 36.6121, 0.00199699, -136.235, 0.00101437, 41.9177
655, 10.90833, 0.160939, 18.5745, 11.5969, -151.201, 11.6211, 28.4428, 0.000129223, 36.6194, 0.00199465, -136.219, 0.00101317, 41.9339
655, 10.91667, 0.160701, 18.5213, 11.5822, -151.217, 11.6065, 28.4281, 0.000129056, 36.6268, 0.00199232, -136.202, 0.00101197, 41.9501
656, 10.92500, 0.160463, 18.4683, 11.5675, -151.233, 11.5919, 28.4133, 0.00012889, 36.6342, 0.00198999, -136.186, 0.00101078, 41.9663
656, 10.93333, 0.160227, 18.4155, 11.5529, -151.249, 11.5773, 28.3986, 0.000128725, 36.6416, 0.00198767, -136.17, 0.00100959, 41.9826
657, 10.94167, 0.159992, 18.3629, 11.5383, -151.264, 11.5627, 28.3839, 0.00012856, 36.6491, 0.00198536, -136.153, 0.0010084, 41.9988
657, 10.95000, 0.159758, 18.3105, 11.5237, -151.28, 11.5482, 28.3693, 0.000128395, 36.6566, 0.00198305, -136.137, 0.00100722, 42.015
658, 10.95833, 0.159526, 18.2582, 11.5091, -151.296, 11.5337, 28.3547, 0.000128231, 36.6642, 0.00198075, -136.12, 0.00100603, 42.0313
658, 10.96667, 0.159294, 18.2062, 11.4946, -151.311, 11.5193, 28.3401, 0.000128068, 36.6717, 0.00197845, -136.104, 0.00100485, 42.0476
659, 10.97500, 0.159064, 18.1544, 11.4802, -151.327, 11.5049, 28.3255, 0.000127904, 36.6794, 0.00197616, -136.088, 0.00100368, 42.0639
659, 10.98333, 0.158834, 18.1027, 11.4657, -151.342, 11.4905, 28.311, 0.000127742, 36.687, 0.00197388, -136.071, 0.00100251, 42.0802
660, 10.99167, 0.158606, 18.0513, 11.4513, -151.358, 11.4761, 28.2965, 0.000127579, 36.6947, 0.0019716, -136.055, 0.00100133, 42.0965
660, 11.00000, 0.158379, 18, 11.4369, -151.373, 11.4618, 28.2821, 0.000127418, 36.7024, 0.00196933, -136.038, 0.00100017, 42.1128
661, 11.00833, 0.158153, 17.949, 11.4226, -151.389, 11.4475, 28.2677, 0.000127256, 36.7102, 0.00196706, -136.022, 0.000999003, 42.1291
661, 11.01667, 0.157928, 17.8981, 11.4083, -151.404, 11.4333, 28.2533, 0.000127095, 36.718, 0.0019648, -136.005, 0.000997841, 42.1454
662, 11.02500, 0.157704, 17.8474, 11.394, -151.419, 11.419, 28.2389, 0.000126935, 36.7259, 0.00196254, -135.989, 0.000996682, 42.1618
662, 11.03333, 0.157482, 17.7969, 11.3797, -151.435, 11.4048, 28.2246, 0.000126775, 36.7337, 0.00196029, -135.972, 0.000995526, 42.1781
663, 11.04167, 0.15726, 17.7466, 11.3655, -151.45, 11.3907, 28.2102, 0.000126615, 36.7416, 0.00195805, -135.956, 0.000994373, 42.1945
663, 11.05000, 0.157039, 17.6965, 11.3513, -151.465, 11.3765, 28.196, 0.000126456, 36.7496, 0.00195581, -135.939, 0.000993223, 42.2109
664, 11.05833, 0.15682, 17.6466, 11.3372, -151.481, 11.3624, 28.1817, 0.000126297, 36.7575, 0.00195358, -135.922, 0.000992075, 42.2273
664, 11.06667, 0.156602, 17.5968, 11.3231, -151.496, 11.3484, 28.1675, 0.000126139, 36.7655, 0.00195135, -135.906, 0.00099093, 42.2437
665, 11.07500, 0.156384, 17.5473, 11.309, -151.511, 11.3343, 28.1533, 0.000125981, 36.7736, 0.00194913, -135.889, 0.000989789, 42.2601
665, 11.08333, 0.156168, 17.4979, 11.2949, -151.526, 11.3203, 28.1392, 0.000125824, 36.7817, 0.00194691, -135.873, 0.00098865, 42.2765
666, 11.09167, 0.155953, 17.4487, 11.2809, -151.541, 11.3063, 28.125, 0.000125667, 36.7898, 0.0019447, -135.856, 0.000987513, 42.2929
666, 11.10000, 0.155739, 17.3997, 11.2669, -151.556, 11.2924, 28.1109, 0.00012551, 36.7979, 0.00194249, -135.839, 0.00098638, 42.3093
667, 11.10833, 0.155526, 17.3509, 11.2529, -151.571, 11.2785, 28.0969, 0.000125354, 36.8061, 0.00194029, -135.823, 0.000985249, 42.3258
667, 11.11667, 0.155313, 17.3023, 11.239, -151.586, 11.2646, 28.0828, 0.000125199, 36.8143, 0.0019381, -135.806, 0.000984121, 42.3422
668, 11.12500, 0.155102, 17.2539, 11.2251, -151.601, 11.2507, 28.0688, 0.000125043, 36.8225, 0.00193591, -135.79, 0.000982996, 42.3587
668, 11.13333, 0.154892, 17.2056, 11.2112, -151.616, 11.2369, 28.0548, 0.000124889, 36.8308, 0.00193373, -135.773, 0.000981874, 42.3751
669, 11.14167, 0.154683, 17.1575, 11.1973, -151.631, 11.2231, 28.0409, 0.000124734, 36.8391, 0.00193155, -135.756, 0.000980754, 42.3916
669, 11.15000, 0.154475, 17.1097, 11.1835, -151.646, 11.2094, 28.027, 0.00012458, 36.8474, 0.00192938, -135.74, 0.000979637, 42.4081
670, 11.15833, 0.154268, 17.062, 11.1697, -151.661, 11.1956, 28.0131, 0.000124427, 36.8558, 0.00192721, -135.723, 0.000978523, 42.4246
670, 11.16667, 0.154063, 17.0144, 11.156, -151.676, 11.1819, 27.9992, 0.000124274, 36.8642, 0.00192505, -135.706, 0.000977411, 42.4411
671, 11.17500, 0.153858, 16.9671, 11.1423, -151.691, 11.1682, 27.9854, 0.000124121, 36.8726, 0.00192289, -135.69, 0.000976302, 42.4576
671, 11.18333, 0.153654, 16.9199, 11.1286, -151.705, 11.1546, 27.9716, 0.000123969, 36.8811, 0.00192074, -135.673, 0.000975196, 42.4741
672, 11.19167, 0.153451, 16.8729, 11.1149, -151.72, 11.141, 27.9578, 0.000123817, 36.8896, 0.00191859, -135.656, 0.000974092, 42.4906
672, 11.20000, 0.153249, 16.8261, 11.1013, -151.735, 11.1274, 27.944, 0.000123665, 36.8981, 0.00191645, -135.639, 0.000972991, 42.5072
673, 11.20833, 0.153048, 16.7795, 11.0877, -151.75, 11.1138, 27.9303, 0.000123514, 36.9067, 0.00191432, -135.623, 0.000971893, 42.5237
673, 11.21667, 0.152848, 16.7331, 11.0741, -151.764, 11.1003, 27.9166, 0.000123364, 36.9153, 0.00191218, -135.606, 0.000970797, 42.5403
674, 11.22500, 0.152648, 16.6868, 11.0606, -151.779, 11.0868, 27.9029, 0.000123213, 36.9239, 0.00191006, -135.589, 0.000969704, 42.5568
674, 11.23333, 0.15245, 16.6407, 11.047, -151.793, 11.0733, 27.8893, 0.000123064, 36.9325, 0.00190794, -135.572, 0.000968614, 42.5734
675, 11.24167, 0.152253, 16.5948, 11.0335, -151.808, 11.0599, 27.8757, 0.000122914, 36.9412, 0.00190583, -135.556, 0.000967526, 42.59
675, 11.25000, 0.152057, 16.5491, 11.0201, -151.823, 11.0465, 27.8621, 0.000122765, 36.9499, 0.00190372, -135.539, 0.000966441, 42.6065
676, 11.25833, 0.151862, 16.5035, 11.0067, -151.837, 11.0331, 27.8485, 0.000122617, 36.9587, 0.00190161, -135.522, 0.000965358, 42.6231
676, 11.26667, 0.151667, 16.4581, 10.9933, -151.852, 11.0197, 27.835, 0.000122468, 36.9674, 0.00189951, -135.505, 0.000964278, 42.6397
677, 11.27500, 0.151474, 16.4129, 10.9799, -151.866, 11.0064, 27.8215, 0.000122321, 36.9762, 0.00189742, -135.488, 0.000963201, 42.6563
677, 11.28333, 0.151282, 16.3679, 10.9665, -151.88, 10.9931, 27.808, 0.000122173, 36.9851, 0.00189533, -135.472, 0.000962126, 42.6729
678, 11.29167, 0.15109, 16.323, 10.9532, -151.895, 10.9798, 27.7945, 0.000122026, 36.9939, 0.00189324, -135.455, 0.000961053, 42.6895
678, 11.30000, 0.1509, 16.2784, 10.94, -151.909, 10.9666, 27.7811, 0.00012188, 37.0028, 0.00189116, -135.438, 0.000959984, 42.7062
679, 11.30833, 0.15071, 16.2339, 10.9267, -151.923, 10.9534, 27.7677, 0.000121733, 37.0117, 0.00188909, -135.421, 0.000958916, 42.7228
679, 11.31667, 0.150521, 16.1895, 10.9135, -151.938, 10.9402, 27.7544, 0.000121587, 37.0207, 0.00188702, -135.404, 0.000957852, 42.7394
680, 11.32500, 0.150333, 16.1454, 10.9003, -151.952, 10.927, 27.741, 0.000121442, 37.0296, 0.00188496, -135.388, 0.000956789, 42.7561
680, 11.33333, 0.150147, 16.1014, 10.8871, -151.966, 10.9139, 27.7277, 0.000121297, 37.0386, 0.0018829, -135.371, 0.00095573, 42.7727
681, 11.34167, 0.149961, 16.0576, 10.874, -151.98, 10.9008, 27.7144, 0.000121152, 37.0477, 0.00188084, -135.354, 0.000954672, 42.7894
681, 11.35000, 0.149775, 16.0139, 10.8608, -151.995, 10.8877, 27.7011, 0.000121008, 37.0567, 0.00187879, -135.337, 0.000953618, 42.806
682, 11.35833, 0.149591, 15.9704, 10.8477, -152.009, 10.8746, 27.6879, 0.000120864, 37.0658, 0.00187675, -135.32, 0.000952565, 42.8227
682, 11.36667, 0.149408, 15.9271, 10.8347, -152.023, 10.8616, 27.6747, 0.000120721, 37.0749, 0.00187471, -135.303, 0.000951515, 42.8394
683, 11.37500, 0.149226, 15.884, 10.8217, -152.037, 10.8486, 27.6615, 0.000120577, 37.0841, 0.00187268, -135.286, 0.000950468, 42.8561
683, 11.38333, 0.149044, 15.841, 10.8087, -152.051, 10.8356, 27.6483, 0.000120435, 37.0932, 0.00187065, -135.269, 0.000949423, 42.8728
684, 11.39167, 0.148863, 15.7982, 10.7957, -152.065, 10.8227, 27.6352, 0.000120292, 37.1024, 0.00186862, -135.253, 0.000948381, 42.8895
684, 11.40000, 0.148684, 15.7556, 10.7827, -152.079, 10.8098, 27.6221, 0.00012015, 37.1117, 0.0018666, -135.236, 0.000947341, 42.9062
685, 11.40833, 0.148505, 15.7132, 10.7698, -152.093, 10.7969, 27.609, 0.000120009, 37.1209, 0.00186459, -135.219, 0.000946303, 42.9229
685, 11.41667, 0.148327, 15.6709, 10.7569, -152.107, 10.784, 27.596, 0.000119867, 37.1302, 0.00186258, -135.202, 0.000945268, 42.9396
686, 11.42500, 0.148149, 15.6287, 10.744, -152.121, 10.7712, 27.5829, 0.000119726, 37.1395, 0.00186057, -135.185, 0.000944235, 42.9563
686, 11.43333, 0.147973, 15.5868, 10.7312, -152.135, 10.7584, 27.5699, 0.000119586, 37.1488, 0.00185857, -135.168, 0.000943204, 42.973
687, 11.44167, 0.147797, 15.545, 10.7184, -152.149, 10.7456, 27.5569, 0.000119446, 37.1582, 0.00185657, -135.151, 0.000942176, 42.9898
687, 11.45000, 0.147623, 15.5034, 10.7056, -152.163, 10.7329, 27.544, 0.000119306, 37.1676, 0.00185458, -135.134, 0.000941151, 43.0065
688, 11.45833, 0.147449, 15.4619, 10.6928, -152.176, 10.7201, 27.531, 0.000119166, 37.177, 0.00185259, -135.117, 0.000940127, 43.0233
688, 11.46667, 0.147276, 15.4206, 10.6801, -152.19, 10.7074, 27.5181, 0.000119027, 37.1864, 0.00185061, -135.1, 0.000939106, 43.04
689, 11.47500, 0.147104, 15.3795, 10.6674, -152.204, 10.6948, 27.5053, 0.000118889, 37.1959, 0.00184863, -135.083, 0.000938088, 43.0568
689, 11.48333, 0.146933, 15.3385, 10.6547, -152.218, 10.6821, 27.4924, 0.00011875, 37.2054, 0.00184666, -135.066, 0.000937072, 43.0735
690, 11.49167, 0.146762, 15.2977, 10.6421, -152.231, 10.6695, 27.4796, 0.000118612, 37.2149, 0.00184469, -135.049, 0.000936058, 43.0903
690, 11.50000, 0.146593, 15.2571, 10.6294, -152.245, 10.6569, 27.4668, 0.000118475, 37.2244, 0.00184273, -135.032, 0.000935046, 43.1071
691, 11.50833, 0.146424, 15.2166, 10.6168, -152.259, 10.6443, 27.454, 0.000118338, 37.234, 0.00184077, -135.015, 0.000934037, 43.1238
691, 11.51667, 0.146256, 15.1763, 10.6043, -152.272, 10.6318, 27.4412, 0.000118201, 37.2436, 0.00183881, -134.998, 0.00093303, 43.1406
692, 11.52500, 0.146089, 15.1361, 10.5917, -152.286, 10.6193, 27.4285, 0.000118064, 37.2532, 0.00183686, -134.981, 0.000932025, 43.1574
692, 11.53333, 0.145922, 15.0961, 10.5792, -152.3, 10.6068, 27.4158, 0.000117928, 37.2628, 0.00183492, -134.964, 0.000931023, 43.1742
693, 11.54167, 0.145757, 15.0563, 10.5667, -152.313, 10.5943, 27.4031, 0.000117792, 37.2725, 0.00183298, -134.947, 0.000930023, 43.191
693, 11.55000, 0.145592, 15.0166, 10.5542, -152.327, 10.5818, 27.3904, 0.000117657, 37.2822, 0.00183104, -134.93, 0.000929025, 43.2078
694, 11.55833, 0.145428, 14.9771, 10.5418, -152.34, 10.5694, 27.3778, 0.000117521, 37.2919, 0.00182911, -134.913, 0.000928029, 43.2246
694, 11.56667, 0.145265, 14.9377, 10.5293, -152.354, 10.557, 27.3652, 0.000117387, 37.3016, 0.00182718, -134.896, 0.000927036, 43.2414
695, 11.57500, 0.145102, 14.8985, 10.517, -152.367, 10.5447, 27.3526, 0.000117252, 37.3114, 0.00182526, -134.879, 0.000926045, 43.2582
695, 11.58333, 0.14494, 14.8595, 10.5046, -152.38, 10.5323, 27.34, 0.000117118, 37.3212, 0.00182334, -134.862, 0.000925056, 43.275
696, 11.59167, 0.14478, 14.8206, 10.4922, -152.394, 10.52, 27.3275, 0.000116984, 37.331, 0.00182143, -134.845, 0.00092407, 43.2919
696, 11.60000, 0.14462, 14.7819, 10.4799, -152.407, 10.5077, 27.315, 0.000116851, 37.3409, 0.00181952, -134.828, 0.000923085, 43.3087
697, 11.60833, 0.14446, 14.7433, 10.4676, -152.421, 10.4955, 27.3025, 0.000116718, 37.3507, 0.00181761, -134.811, 0.000922103, 43.3255
697, 11.61667, 0.144302, 14.7049, 10.4554, -152.434, 10.4832, 27.29, 0.000116585, 37.3606, 0.00181571, -134.794, 0.000921123, 43.3424
698, 11.62500, 0.144144, 14.6667, 10.4431, -152.447, 10.471, 27.2776, 0.000116453, 37.3705, 0.00181381, -134.777, 0.000920146, 43.3592
698, 11.63333, 0.143987, 14.6286, 10.4309, -152.46, 10.4588, 27.2652, 0.000116321, 37.3804, 0.00181192, -134.76, 0.00091917, 43.376
699, 11.64167, 0.143831, 14.5906, 10.4187, -152.474, 10.4466, 27.2528, 0.000116189, 37.3904, 0.00181003, -134.743, 0.000918197, 43.3929
699, 11.65000, 0.143675, 14.5528, 10.4065, -152.487, 10.4345, 27.2404, 0.000116058, 37.4004, 0.00180815, -134.726, 0.000917226, 43.4098
700, 11.65833, 0.14352, 14.5152, 10.3944, -152.5, 10.4224, 27.228, 0.000115927, 37.4104, 0.00180627, -134.709, 0.000916257, 43.4266
700, 11.66667, 0.143366, 14.4777, 10.3823, -152.513, 10.4103, 27.2157, 0.000115796, 37.4204, 0.00180439, -134.692, 0.00091529, 43.4435
701, 11.67500, 0.143213, 14.4404, 10.3702, -152.526, 10.3982, 27.2034, 0.000115665, 37.4304, 0.00180252, -134.674, 0.000914326, 43.4603
701, 11.68333, 0.143061, 14.4032, 10.3581, -152.54, 10.3861, 27.1911, 0.000115535, 37.4405, 0.00180066, -134.657, 0.000913363, 43.4772
702, 11.69167, 0.142909, 14.3662, 10.3461, -152.553, 10.3741, 27.1789, 0.000115406, 37.4506, 0.00179879, -134.64, 0.000912403, 43.4941
702, 11.70000, 0.142758, 14.3293, 10.334, -152.566, 10.3621, 27.1666, 0.000115276, 37.4607, 0.00179694, -134.623, 0.000911445, 43.511
703, 11.70833, 0.142608, 14.2926, 10.322, -152.579, 10.3501, 27.1544, 0.000115147, 37.4709, 0.00179508, -134.606, 0.000910489, 43.5279
703, 11.71667, 0.142458, 14.256, 10.3101, -152.592, 10.3382, 27.1422, 0.000115019, 37.481, 0.00179323, -134.589, 0.000909535, 43.5447
704, 11.72500, 0.142309, 14.2196, 10.2981, -152.605, 10.3263, 27.1301, 0.00011489, 37.4912, 0.00179139, -134.572, 0.000908583, 43.5616
704, 11.73333, 0.142161, 14.1834, 10.2862, -152.618, 10.3144, 27.1179, 0.000114762, 37.5014, 0.00178955, -134.555, 0.000907633, 43.5785
705, 11.74167, 0.142014, 14.1472, 10.2743, -152.631, 10.3025, 27.1058, 0.000114634, 37.5116, 0.00178771, -134.538, 0.000906685, 43.5954
705, 11.75000, 0.141867, 14.1113, 10.2624, -152.644, 10.2906, 27.0937, 0.000114507, 37.5219, 0.00178588, -134.521, 0.00090574, 43.6123
706, 11.75833, 0.141721, 14.0755, 10.2506, -152.657, 10.2788, 27.0816, 0.00011438, 37.5321, 0.00178405, -134.503, 0.000904797, 43.6292
706, 11.76667, 0.141576, 14.0398, 10.2387, -152.669, 10.267, 27.0696, 0.000114253, 37.5424, 0.00178222, -134.486, 0.000903855, 43.6461
707, 11.77500, 0.141431, 14.0043, 10.2269, -152.682, 10.2552, 27.0575, 0.000114126, 37.5528, 0.0017804, -134.469, 0.000902916, 43.663
707, 11.78333, 0.141287, 13.9689, 10.2151, -152.695, 10.2434, 27.0455, 0.000114, 37.5631, 0.00177859, -134.452, 0.000901979, 43.6799
708, 11.79167, 0.141144, 13.9337, 10.2034, -152.708, 10.2317, 27.0335, 0.000113874, 37.5734, 0.00177677, -134.435, 0.000901043, 43.6969
708, 11.80000, 0.141001, 13.8986, 10.1916, -152.721, 10.22, 27.0216, 0.000113749, 37.5838, 0.00177496, -134.418, 0.00090011, 43.7138
709, 11.80833, 0.14086, 13.8637, 10.1799, -152.733, 10.2083, 27.0096, 0.000113624, 37.5942, 0.00177316, -134.401, 0.000899179, 43.7307
709, 11.81667, 0.140719, 13.8289, 10.1682, -152.746, 10.1966, 26.9977, 0.000113499, 37.6046, 0.00177136, -134.383, 0.00089825, 43.7476
710, 11.82500, 0.140578, 13.7942, 10.1566, -152.759, 10.1849, 26.9858, 0.000113374, 37.6151, 0.00176956, -134.366, 0.000897323, 43.7646
710, 11.83333, 0.140438, 13.7597, 10.1449, -152.772, 10.1733, 26.9739, 0.00011325, 37.6255, 0.00176777, -134.349, 0.000896398, 43.7815
711, 11.84167, 0.140299, 13.7254, 10.1333, -152.784, 10.1617, 26.962, 0.000113126, 37.636, 0.00176598, -134.332, 0.000895475, 43.7984
711, 11.85000, 0.140161, 13.6912, 10.1217, -152.797, 10.1501, 26.9502, 0.000113002, 37.6465, 0.0017642, -134.315, 0.000894554, 43.8154
712, 11.85833, 0.140023, 13.6571, 10.1101, -152.809, 10.1386, 26.9384, 0.000112879, 37.657, 0.00176242, -134.298, 0.000893635, 43.8323
712, 11.86667, 0.139886, 13.6232, 10.0986, -152.822, 10.127, 26.9266, 0.000112756, 37.6676, 0.00176064, -134.281, 0.000892718, 43.8492
713, 11.87500, 0.13975, 13.5894, 10.087, -152.835, 10.1155, 26.9148, 0.000112633, 37.6781, 0.00175887, -134.263, 0.000891803, 43.8662
713, 11.88333, 0.139614, 13.5558, 10.0755, -152.847, 10.104, 26.9031, 0.000112511, 37.6887, 0.0017571, -134.246, 0.00089089, 43.8831
714, 11.89167, 0.139479, 13.5223, 10.0641, -152.86, 10.0926, 26.8913, 0.000112388, 37.6993, 0.00175533, -134.229, 0.000889979, 43.9001
714, 11.90000, 0.139344, 13.4889, 10.0526, -152.872, 10.0811, 26.8796, 0.000112267, 37.7099, 0.00175357, -134.212, 0.00088907, 43.917
715, 11.90833, 0.139211, 13.4557, 10.0412, -152.885, 10.0697, 26.8679, 0.000112145, 37.7206, 0.00175181, -134.195, 0.000888163, 43.934
715, 11.91667, 0.139078, 13.4227, 10.0297, -152.897, 10.0583, 26.8563, 0.000112024, 37.7312, 0.00175006, -134.177, 0.000887257, 43.9509
716, 11.92500, 0.138945, 13.3897, 10.0183, -152.91, 10.0469, 26.8446, 0.000111903, 37.7419, 0.00174831, -134.16, 0.000886354, 43.9679
716, 11.93333, 0.138813, 13.3569, 10.007, -152.922, 10.0356, 26.833, 0.000111782, 37.7526, 0.00174657, -134.143, 0.000885453, 43.9849
717, 11.94167, 0.138682, 13.3243, 9.99561, -152.934, 10.0242, 26.8214, 0.000111662, 37.7633, 0.00174482, -134.126, 0.000884553, 44.0018
717, 11.95000, 0.138552, 13.2918, 9.98429, -152.947, 10.0129, 26.8098, 0.000111542, 37.7741, 0.00174309, -134.109, 0.000883656, 44.0188
718, 11.95833, 0.138422, 13.2594, 9.97298, -152.959, 10.0016, 26.7982, 0.000111422, 37.7848, 0.00174135, -134.092, 0.000882761, 44.0357
718, 11.96667, 0.138292, 13.2272, 9.96169, -152.971, 9.99033, 26.7867, 0.000111302, 37.7956, 0.00173962, -134.074, 0.000881867, 44.0527
719, 11.97500, 0.138164, 13.1951, 9.95043, -152.984, 9.97908, 26.7752, 0.000111183, 37.8064, 0.00173789, -134.057, 0.000880975, 44.0697
719, 11.98333, 0.138036, 13.1631, 9.93919, -152.996, 9.96786, 26.7637, 0.000111064, 37.8172, 0.00173617, -134.04, 0.000880085, 44.0867
720, 11.99167, 0.137908, 13.1313, 9.92797, -153.008, 9.95665, 26.7522, 0.000110946, 37.828, 0.00173445, -134.023, 0.000879197, 44.1036
720, 12.00000, 0.137781, 13.0996, 9.91677, -153.02, 9.94546, 26.7407, 0.000110827, 37.8389, 0.00173274, -134.006, 0.000878311, 44.1206
721, 12.00833, 0.137655, 13.0681, 9.9056, -153.033, 9.9343, 26.7293, 0.000110709, 37.8498, 0.00173102, -133.988, 0.000877427, 44.1376
721, 12.01667, 0.13753, 13.0366, 9.89444, -153.045, 9.92315, 26.7179, 0.000110592, 37.8606, 0.00172932, -133.971, 0.000876545, 44.1546
722, 12.02500, 0.137405, 13.0054, 9.88331, -153.057, 9.91203, 26.7065, 0.000110474, 37.8715, 0.00172761, -133.954, 0.000875664, 44.1716
722, 12.03333, 0.137281, 12.9742, 9.8722, -153.069, 9.90093, 26.6951, 0.000110357, 37.8825, 0.00172591, -133.937, 0.000874786, 44.1885
723, 12.04167, 0.137157, 12.9432, 9.86111, -153.081, 9.88985, 26.6837, 0.00011024, 37.8934, 0.00172421, -133.92, 0.000873909, 44.2055
723, 12.05000, 0.137034, 12.9123, 9.85004, -153.093, 9.87879, 26.6724, 0.000110124, 37.9044, 0.00172252, -133.902, 0.000873034, 44.2225
724, 12.05833, 0.136911, 12.8816, 9.83899, -153.106, 9.86775, 26.6611, 0.000110007, 37.9153, 0.00172083, -133.885, 0.000872161, 44.2395
724, 12.06667, 0.136789, 12.851, 9.82796, -153.118, 9.85674, 26.6498, 0.000109891, 37.9263, 0.00171914, -133.868, 0.00087129, 44.2565
725, 12.07500, 0.136668, 12.8205, 9.81696, -153.13, 9.84574, 26.6385, 0.000109775, 37.9374, 0.00171746, -133.851, 0.000870421, 44.2735
725, 12.08333, 0.136547, 12.7901, 9.80597, -153.142, 9.83476, 26.6272, 0.00010966, 37.9484, 0.00171578, -133.834, 0.000869553, 44.2905
726, 12.09167, 0.136427, 12.7599, 9.79501, -153.154, 9.82381, 26.616, 0.000109545, 37.9594, 0.00171411, -133.816, 0.000868687, 44.3075
726, 12.10000, 0.136308, 12.7299, 9.78407, -153.166, 9.81287, 26.6048, 0.00010943, 37.9705, 0.00171244, -133.799, 0.000867824, 44.3245
727, 12.10833, 0.136189, 12.6999, 9.77314, -153.178, 9.80196, 26.5936, 0.000109315, 37.9816, 0.00171077, -133.782, 0.000866961, 44.3415
727, 12.11667, 0.13607, 12.6701, 9.76224, -153.19, 9.79107, 26.5824, 0.000109201, 37.9927, 0.0017091, -133.765, 0.000866101, 44.3585
728, 12.12500, 0.135953, 12.6404, 9.75136, -153.201, 9.78019, 26.5712, 0.000109087, 38.0038, 0.00170744, -133.747, 0.000865243, 44.3754
728, 12.13333, 0.135835, 12.6108, 9.7405, -153.213, 9.76934, 26.5601, 0.000108973, 38.0149, 0.00170578, -133.73, 0.000864386, 44.3924
729, 12.14167, 0.135719, 12.5814, 9.72966, -153.225, 9.75851, 26.549, 0.000108859, 38.0261, 0.00170413, -133.713, 0.000863531, 44.4095
729, 12.15000, 0.135603, 12.5521, 9.71884, -153.237, 9.7477, 26.5379, 0.000108746, 38.0373, 0.00170248, -133.696, 0.000862678, 44.4264
730, 12.15833, 0.135487, 12.5229, 9.70804, -153.249, 9.7369, 26.5268, 0.000108633, 38.0484, 0.00170083, -133.679, 0.000861826, 44.4435
730, 12.16667, 0.135372, 12.4939, 9.69726, -153.261, 9.72613, 26.5157, 0.00010852, 38.0596, 0.00169919, -133.661, 0.000860977, 44.4605
731, 12.17500, 0.135258, 12.465, 9.68651, -153.272, 9.71538, 26.5047, 0.000108408, 38.0709, 0.00169755, -133.644, 0.000860129, 44.4775
731, 12.18333, 0.135144, 12.4362, 9.67577, -153.284, 9.70465, 26.4936, 0.000108295, 38.0821, 0.00169591, -133.627, 0.000859283, 44.4945
732, 12.19167, 0.135031, 12.4075, 9.66505, -153.296, 9.69394, 26.4826, 0.000108183, 38.0933, 0.00169428, -133.61, 0.000858438, 44.5115
732, 12.20000, 0.134918, 12.379, 9.65435, -153.308, 9.68324, 26.4716, 0.000108072, 38.1046, 0.00169265, -133.592, 0.000857596, 44.5285
733, 12.20833, 0.134806, 12.3506, 9.64368, -153.319, 9.67257, 26.4607, 0.00010796, 38.1159, 0.00169102, -133.575, 0.000856755, 44.5455
733, 12.21667, 0.134695, 12.3223, 9.63302, -153.331, 9.66192, 26.4497, 0.000107849, 38.1272, 0.0016894, -133.558, 0.000855915, 44.5625
734, 12.22500, 0.134584, 12.2941, 9.62238, -153.343, 9.65129, 26.4388, 0.000107738, 38.1385, 0.00168778, -133.541, 0.000855078, 44.5795
734, 12.23333, 0.134473, 12.2661, 9.61176, -153.354, 9.64067, 26.4279, 0.000107628, 38.1498, 0.00168616, -133.524, 0.000854242, 44.5965
735, 12.24167, 0.134363, 12.2382, 9.60116, -153.366, 9.63008, 26.417, 0.000107517, 38.1612, 0.00168455, -133.506, 0.000853408, 44.6135
735, 12.25000, 0.134254, 12.2104, 9.59058, -153.378, 9.61951, 26.4061, 0.000107407, 38.1725, 0.00168294, -133.489, 0.000852576, 44.6305
736, 12.25833, 0.134145, 12.1828, 9.58003, -153.389, 9.60895, 26.3952, 0.000107297, 38.1839, 0.00168133, -133.472, 0.000851745, 44.6475
736, 12.26667, 0.134037, 12.1552, 9.56949, -153.401, 9.59842, 26.3844, 0.000107188, 38.1953, 0.00167973, -133.455, 0.000850916, 44.6646
737, 12.27500, 0.133929, 12.1278, 9.55897, -153.412, 9.5879, 26.3736, 0.000107078, 38.2067, 0.00167813, -133.437, 0.000850089, 44.6816
737, 12.28333, 0.133822, 12.1005, 9.54847, -153.424, 9.5774, 26.3627, 0.000106969, 38.2182, 0.00167653, -133.42, 0.000849264, 44.6986
738, 12.29167, 0.133715, 12.0733, 9.53799, -153.435, 9.56693, 26.352, 0.00010686, 38.2296, 0.00167494, -133.403, 0.00084844, 44.7156
738, 12.30000, 0.133609, 12.0463, 9.52752, -153.447, 9.55647, 26.3412, 0.000106752, 38.2411, 0.00167335, -133.386, 0.000847617, 44.7326
739, 12.30833, 0.133504, 12.0194, 9.51708, -153.458, 9.54603, 26.3304, 0.000106644, 38.2525, 0.00167176, -133.368, 0.000846797, 44.7496
739, 12.31667, 0.133399, 11.9926, 9.50666, -153.47, 9.53561, 26.3197, 0.000106536, 38.264, 0.00167018, -133.351, 0.000845978, 44.7666
740, 12.32500, 0.133294, 11.9659, 9.49626, -153.481, 9.52521, 26.309, 0.000106428, 38.2755, 0.0016686, -133.334, 0.000845161, 44.7836
740, 12.33333, 0.13319, 11.9393, 9.48587, -153.493, 9.51482, 26.2983, 0.00010632, 38.287, 0.00166703, -133.317, 0.000844345, 44.8007
741, 12.34167, 0.133086, 11.9129, 9.47551, -153.504, 9.50446, 26.2876, 0.000106213, 38.2986, 0.00166545, -133.3, 0.000843531, 44.8177
741, 12.35000, 0.132983, 11.8865, 9.46516, -153.515, 9.49412, 26.277, 0.000106106, 38.3101, 0.00166388, -133.282, 0.000842719, 44.8347
742, 12.35833, 0.132881, 11.8603, 9.45483, -153.527, 9.48379, 26.2663, 0.000105999, 38.3217, 0.00166231, -133.265, 0.000841908, 44.8517
742, 12.36667, 0.132779, 11.8343, 9.44452, -153.538, 9.47348, 26.2557, 0.000105892, 38.3332, 0.00166075, -133.248, 0.000841099, 44.8687
743, 12.37500, 0.132678, 11.8083, 9.43423, -153.549, 9.46319, 26.2451, 0.000105786, 38.3448, 0.00165919, -133.231, 0.000840292, 44.8857
743, 12.38333, 0.132577, 11.7824, 9.42396, -153.561, 9.45293, 26.2345, 0.00010568, 38.3564, 0.00165763, -133.213, 0.000839486, 44.9027
744, 12.39167, 0.132476, 11.7567, 9.41371, -153.572, 9.44267, 26.2239, 0.000105574, 38.3681, 0.00165608, -133.196, 0.000838682, 44.9197
744, 12.40000, 0.132376, 11.7311, 9.40348, -153.583, 9.43244, 26.2134, 0.000105469, 38.3797, 0.00165453, -133.179, 0.000837879, 44.9368
745, 12.40833, 0.132277, 11.7056, 9.39326, -153.595, 9.42223, 26.2029, 0.000105363, 38.3913, 0.00165298, -133.162, 0.000837078, 44.9538
745, 12.41667, 0.132178, 11.6802, 9.38307, -153.606, 9.41203, 26.1923, 0.000105258, 38.403, 0.00165144, -133.145, 0.000836279, 44.9708
746, 12.42500, 0.132079, 11.6549, 9.37289, -153.617, 9.40185, 26.1818, 0.000105153, 38.4147, 0.00164989, -133.127, 0.000835481, 44.9878
746, 12.43333, 0.131981, 11.6298, 9.36273, -153.628, 9.39169, 26.1714, 0.000105049, 38.4264, 0.00164836, -133.11, 0.000834685, 45.0048
747, 12.44167, 0.131884, 11.6048, 9.35259, -153.639, 9.38155, 26.1609, 0.000104944, 38.4381, 0.00164682, -133.093, 0.00083389, 45.0218
747, 12.45000, 0.131787, 11.5798, 9.34247, -153.651, 9.37143, 26.1504, 0.00010484, 38.4498, 0.00164529, -133.076, 0.000833097, 45.0388
748, 12.45833, 0.131691, 11.555, 9.33236, -153.662, 9.36133, 26.14, 0.000104736, 38.4615, 0.00164376, -133.058, 0.000832306, 45.0558
748, 12.46667, 0.131595, 11.5303, 9.32228, -153.673, 9.35124, 26.1296, 0.000104633, 38.4733, 0.00164223, -133.041, 0.000831516, 45.0729
749, 12.47500, 0.131499, 11.5058, 9.31221, -153.684, 9.34117, 26.1192, 0.000104529, 38.485, 0.00164071, -133.024, 0.000830728, 45.0899
749, 12.48333, 0.131404, 11.4813, 9.30216, -153.695, 9.33112, 26.1088, 0.000104426, 38.4968, 0.00163919, -133.007, 0.000829941, 45.1069
750, 12.49167, 0.131309, 11.4569, 9.29213, -153.706, 9.32108, 26.0985, 0.000104323, 38.5086, 0.00163767, -132.99, 0.000829155, 45.1239
750, 12.50000, 0.131215, 11.4327, 9.28211, -153.717, 9.31107, 26.0881, 0.00010422, 38.5204, 0.00163616, -132.972, 0.000828372, 45.1409
751, 12.50833, 0.131122, 11.4086, 9.27212, -153.728, 9.30107, 26.0778, 0.000104118, 38.5322, 0.00163465, -132.955, 0.00082759, 45.1579
751, 12.51667, 0.131029, 11.3846, 9.26214, -153.739, 9.29109, 26.0675, 0.000104016, 38.544, 0.00163314, -132.938, 0.000826809, 45.1749
752, 12.52500, 0.130936, 11.3607, 9.25218, -153.75, 9.28113, 26.0572, 0.000103914, 38.5559, 0.00163164, -132.921, 0.00082603, 45.1919
752, 12.53333, 0.130844, 11.3369, 9.24224, -153.761, 9.27119, 26.0469, 0.000103812, 38.5677, 0.00163013, -132.903, 0.000825253, 45.2089
753, 12.54167, 0.130752, 11.3132, 9.23232, -153.772, 9.26126, 26.0366, 0.00010371, 38.5796, 0.00162864, -132.886, 0.000824476, 45.2259
753, 12.55000, 0.130661, 11.2896, 9.22241, -153.783, 9.25135, 26.0264, 0.000103609, 38.5915, 0.00162714, -132.869, 0.000823702, 45.2429
754, 12.55833, 0.13057, 11.2662, 9.21252, -153.794, 9.24146, 26.0162, 0.000103508, 38.6034, 0.00162565, -132.852, 0.000822929, 45.2599
754, 12.56667, 0.13048, 11.2428, 9.20265, -153.805, 9.23158, 26.006, 0.000103407, 38.6153, 0.00162416, -132.835, 0.000822157, 45.2769
755, 12.57500, 0.13039, 11.2196, 9.1928, -153.816, 9.22173, 25.9958, 0.000103306, 38.6272, 0.00162267, -132.817, 0.000821388, 45.2939
755, 12.58333, 0.130301, 11.1964, 9.18296, -153.826, 9.21189, 25.9856, 0.000103206, 38.6391, 0.00162119, -132.8, 0.000820619, 45.3109
756, 12.59167, 0.130212, 11.1734, 9.17314, -153.837, 9.20207, 25.9754, 0.000103106, 38.6511, 0.00161971, -132.783, 0.000819852, 45.3279
756, 12.60000, 0.130123, 11.1505, 9.16334, -153.848, 9.19226, 25.9653, 0.000103006, 38.663, 0.00161823, -132.766, 0.000819087, 45.3449
757, 12.60833, 0.130035, 11.1277, 9.15356, -153.859, 9.18247, 25.9552, 0.000102906, 38.675, 0.00161675, -132.749, 0.000818323, 45.3619
757, 12.61667, 0.129948, 11.105, 9.14379, -153.87, 9.1727, 25.9451, 0.000102807, 38.687, 0.00161528, -132.731, 0.00081756, 45.3789
758, 12.62500, 0.129861, 11.0824, 9.13404, -153.88, 9.16295, 25.935, 0.000102707, 38.699, 0.00161381, -132.714, 0.000816799, 45.3959
758, 12.63333, 0.129774, 11.0599, 9.12431, -153.891, 9.15321, 25.9249, 0.000102608, 38.711, 0.00161235, -132.697, 0.000816039, 45.4129
759, 12.64167, 0.129688, 11.0375, 9.1146, -153.902, 9.14349, 25.9148, 0.00010251, 38.723, 0.00161088, -132.68, 0.000815281, 45.4299
759, 12.65000, 0.129602, 11.0153, 9.1049, -153.913, 9.13379, 25.9048, 0.000102411, 38.735, 0.00160942, -132.663, 0.000814525, 45.4469
760, 12.65833, 0.129517, 10.9931, 9.09522, -153.923, 9.12411, 25.8948, 0.000102313, 38.7471, 0.00160796, -132.645, 0.000813769, 45.4639
760, 12.66667, 0.129432, 10.971, 9.08555, -153.934, 9.11444, 25.8847, 0.000102214, 38.7591, 0.00160651, -132.628, 0.000813016, 45.4809
761, 12.67500, 0.129348, 10.9491, 9.07591, -153.945, 9.10478, 25.8747, 0.000102116, 38.7712, 0.00160506, -132.611, 0.000812263, 45.4979
761, 12.68333, 0.129264, 10.9272, 9.06628, -153.955, 9.09515, 25.8648, 0.000102019, 38.7833, 0.00160361, -132.594, 0.000811512, 45.5148
762, 12.69167, 0.12918, 10.9055, 9.05666, -153.966, 9.08553, 25.8548, 0.000101921, 38.7953, 0.00160216, -132.577, 0.000810763, 45.5318
762, 12.70000, 0.129097, 10.8838, 9.04707, -153.977, 9.07593, 25.8448, 0.000101824, 38.8074, 0.00160072, -132.559, 0.000810015, 45.5488
763, 12.70833, 0.129014, 10.8623, 9.03749, -153.987, 9.06634, 25.8349, 0.000101727, 38.8196, 0.00159928, -132.542, 0.000809268, 45.5658
763, 12.71667, 0.128932, 10.8408, 9.02793, -153.998, 9.05677, 25.825, 0.00010163, 38.8317, 0.00159784, -132.525, 0.000808523, 45.5828
764, 12.72500, 0.12885, 10.8195, 9.01838, -154.008, 9.04722, 25.8151, 0.000101533, 38.8438, 0.0015964, -132.508, 0.000807779, 45.5998
764, 12.73333, 0.128769, 10.7983, 9.00885, -154.019, 9.03769, 25.8052, 0.000101437, 38.856, 0.00159497, -132.491, 0.000807037, 45.6167
765, 12.74167, 0.128688, 10.7771, 8.99934, -154.029, 9.02817, 25.7953, 0.000101341, 38.8681, 0.00159354, -132.474, 0.000806296, 45.6337
765, 12.75000, 0.128607, 10.7561, 8.98984, -154.04, 9.01866, 25.7855, 0.000101245, 38.8803, 0.00159211, -132.456, 0.000805557, 45.6507
766, 12.75833, 0.128527, 10.7352, 8.98036, -154.05, 9.00918, 25.7756, 0.000101149, 38.8925, 0.00159069, -132.439, 0.000804819, 45.6677
766, 12.76667, 0.128447, 10.7144, 8.9709, -154.061, 8.99971, 25.7658, 0.000101053, 38.9047, 0.00158927, -132.422, 0.000804082, 45.6846
767, 12.77500, 0.128368, 10.6936, 8.96145, -154.071, 8.99025, 25.756, 0.000100958, 38.9169, 0.00158785, -132.405, 0.000803347, 45.7016
767, 12.78333, 0.128289, 10.673, 8.95202, -154.082, 8.98081, 25.7462, 0.000100863, 38.9291, 0.00158643, -132.388, 0.000802613, 45.7186
768, 12.79167, 0.128211, 10.6525, 8.94261, -154.092, 8.97139, 25.7364, 0.000100768, 38.9413, 0.00158502, -132.371, 0.00080188, 45.7355
768, 12.80000, 0.128133, 10.6321, 8.93321, -154.103, 8.96199, 25.7267, 0.000100673, 38.9536, 0.00158361, -132.353, 0.000801149, 45.7525
769, 12.80833, 0.128055, 10.6117, 8.92383, -154.113, 8.9526, 25.7169, 0.000100578, 38.9658, 0.0015822, -132.336, 0.000800419, 45.7695
769, 12.81667, 0.127978, 10.5915, 8.91446, -154.123, 8.94322, 25.7072, 0.000100484, 38.9781, 0.0015808, -132.319, 0.000799691, 45.7864
770, 12.82500, 0.127901, 10.5714, 8.90511, -154.134, 8.93387, 25.6975, 0.00010039, 38.9904, 0.0015794, -132.302, 0.000798964, 45.8034
770, 12.83333, 0.127825, 10.5513, 8.89578, -154.144, 8.92452, 25.6878, 0.000100296, 39.0026, 0.001578, -132.285, 0.000798238, 45.8204
771, 12.84167, 0.127749, 10.5314, 8.88646, -154.155, 8.9152, 25.6781, 0.000100202, 39.0149, 0.0015766, -132.268, 0.000797514, 45.8373
771, 12.85000, 0.127673, 10.5116, 8.87716, -154.165, 8.90589, 25.6684, 0.000100109, 39.0272, 0.0015752, -132.251, 0.000796791, 45.8543
772, 12.85833, 0.127598, 10.4918, 8.86788, -154.175, 8.89659, 25.6588, 0.000100016, 39.0396, 0.00157381, -132.233, 0.000796069, 45.8712
772, 12.86667, 0.127523, 10.4722, 8.85861, -154.185, 8.88731, 25.6491, 9.99225E-005, 39.0519, 0.00157242, -132.216, 0.000795349, 45.8882
773, 12.87500, 0.127449, 10.4527, 8.84935, -154.196, 8.87805, 25.6395, 9.98296E-005, 39.0642, 0.00157104, -132.199, 0.00079463, 45.9051
773, 12.88333, 0.127375, 10.4332, 8.84012, -154.206, 8.86881, 25.6299, 9.97369E-005, 39.0766, 0.00156965, -132.182, 0.000793913, 45.9221
774, 12.89167, 0.127301, 10.4139, 8.83089, -154.216, 8.85957, 25.6203, 9.96444E-005, 39.0889, 0.00156827, -132.165, 0.000793196, 45.939
774, 12.90000, 0.127228, 10.3946, 8.82169, -154.226, 8.85036, 25.6107, 9.95521E-005, 39.1013, 0.00156689, -132.148, 0.000792481, 45.956
775, 12.90833, 0.127155, 10.3754, 8.8125, -154.237, 8.84116, 25.6012, 9.946E-005, 39.1137, 0.00156552, -132.131, 0.000791768, 45.9729
775, 12.91667, 0.127083, 10.3564, 8.80332, -154.247, 8.83197, 25.5916, 9.93682E-005, 39.1261, 0.00156414, -132.113, 0.000791055, 45.9898
776, 12.92500, 0.12701, 10.3374, 8.79416, -154.257, 8.8228, 25.5821, 9.92765E-005, 39.1385, 0.00156277, -132.096, 0.000790345, 46.0068
776, 12.93333, 0.126939, 10.3185, 8.78502, -154.267, 8.81365, 25.5726, 9.9185E-005, 39.1509, 0.00156141, -132.079, 0.000789635, 46.0237
777, 12.94167, 0.126868, 10.2997, 8.77589, -154.277, 8.80451, 25.5631, 9.90937E-005, 39.1633, 0.00156004, -132.062, 0.000788927, 46.0406
777, 12.95000, 0.126797, 10.281, 8.76678, -154.287, 8.79539, 25.5536, 9.90026E-005, 39.1757, 0.00155868, -132.045, 0.00078822, 46.0576
778, 12.95833, 0.126726, 10.2625, 8.75768, -154.298, 8.78628, 25.5441, 9.89117E-005, 39.1882, 0.00155732, -132.028, 0.000787514, 46.0745
778, 12.96667, 0.126656, 10.2439, 8.74859, -154.308, 8.77718, 25.5346, 9.8821E-005, 39.2006, 0.00155596, -132.011, 0.000786809, 46.0914
779, 12.97500, 0.126586, 10.2255, 8.73953, -154.318, 8.76811, 25.5252, 9.87305E-005, 39.2131, 0.0015546, -131.994, 0.000786106, 46.1084
779, 12.98333, 0.126517, 10.2072, 8.73048, -154.328, 8.75904, 25.5158, 9.86402E-005, 39.2255, 0.00155325, -131.976, 0.000785405, 46.1253
780, 12.99167, 0.126448, 10.189, 8.72144, -154.338, 8.75, 25.5064, 9.85501E-005, 39.238, 0.0015519, -131.959, 0.000784704, 46.1422
780, 13.00000, 0.12638, 10.1709, 8.71242, -154.348, 8.74096, 25.497, 9.84602E-005, 39.2505, 0.00155055, -131.942, 0.000784005, 46.1591
781, 13.00833, 0.126311, 10.1528, 8.70341, -154.358, 8.73195, 25.4876, 9.83704E-005, 39.263, 0.00154921, -131.925, 0.000783307, 46.176
781, 13.01667, 0.126244, 10.1349, 8.69442, -154.368, 8.72294, 25.4782, 9.82809E-005, 39.2755, 0.00154786, -131.908, 0.00078261, 46.1929
782, 13.02500, 0.126176, 10.117, 8.68544, -154.378, 8.71396, 25.4688, 9.81916E-005, 39.288, 0.00154652, -131.891, 0.000781915, 46.2099
782, 13.03333, 0.126109, 10.0992, 8.67648, -154.388, 8.70498, 25.4595, 9.81024E-005, 39.3006, 0.00154519, -131.874, 0.00078122, 46.2268
783, 13.04167, 0.126042, 10.0815, 8.66754, -154.398, 8.69603, 25.4502, 9.80134E-005, 39.3131, 0.00154385, -131.857, 0.000780527, 46.2437
783, 13.05000, 0.125976, 10.064, 8.65861, -154.408, 8.68708, 25.4408, 9.79247E-005, 39.3256, 0.00154252, -131.84, 0.000779836, 46.2606
784, 13.05833, 0.12591, 10.0465, 8.64969, -154.418, 8.67815, 25.4315, 9.78361E-005, 39.3382, 0.00154119, -131.823, 0.000779145, 46.2775
784, 13.06667, 0.125844, 10.029, 8.64079, -154.428, 8.66924, 25.4223, 9.77477E-005, 39.3508, 0.00153986, -131.806, 0.000778456, 46.2944
785, 13.07500, 0.125779, 10.0117, 8.6319, -154.437, 8.66034, 25.413, 9.76595E-005, 39.3633, 0.00153853, -131.788, 0.000777768, 46.3113
785, 13.08333, 0.125714, 9.99448, 8.62303, -154.447, 8.65146, 25.4037, 9.75715E-005, 39.3759, 0.00153721, -131.771, 0.000777082, 46.3282
786, 13.09167, 0.12565, 9.97733, 8.61417, -154.457, 8.64259, 25.3945, 9.74836E-005, 39.3885, 0.00153589, -131.754, 0.000776396, 46.3451
786, 13.10000, 0.125585, 9.96027, 8.60533, -154.467, 8.63373, 25.3853, 9.7396E-005, 39.4011, 0.00153457, -131.737, 0.000775712, 46.3619
787, 13.10833, 0.125522, 9.94329, 8.5965, -154.477, 8.62489, 25.376, 9.73085E-005, 39.4137, 0.00153325, -131.72, 0.000775029, 46.3788
787, 13.11667, 0.125458, 9.92641, 8.58769, -154.487, 8.61607, 25.3668, 9.72213E-005, 39.4263, 0.00153194, -131.703, 0.000774347, 46.3957
788, 13.12500, 0.125395, 9.90961, 8.57889, -154.496, 8.60726, 25.3576, 9.71342E-005, 39.439, 0.00153063, -131.686, 0.000773667, 46.4126
788, 13.13333, 0.125332, 9.8929, 8.57011, -154.506, 8.59846, 25.3485, 9.70473E-005, 39.4516, 0.00152932, -131.669, 0.000772988, 46.4295
789, 13.14167, 0.12527, 9.87627, 8.56134, -154.516, 8.58968, 25.3393, 9.69606E-005, 39.4642, 0.00152802, -131.652, 0.00077231, 46.4464
789, 13.15000, 0.125208, 9.85973, 8.55258, -154.526, 8.58091, 25.3302, 9.6874E-005, 39.4769, 0.00152671, -131.635, 0.000771633, 46.4632
790, 13.15833, 0.125146, 9.84328, 8.54384, -154.536, 8.57215, 25.321, 9.67877E-005, 39.4896, 0.00152541, -131.618, 0.000770957, 46.4801
790, 13.16667, 0.125085, 9.8269, 8.53512, -154.545, 8.56341, 25.3119, 9.67015E-005, 39.5022, 0.00152411, -131.601, 0.000770283, 46.497
791, 13.17500, 0.125024, 9.81062, 8.52641, -154.555, 8.55469, 25.3028, 9.66155E-005, 39.5149, 0.00152281, -131.584, 0.00076961, 46.5138
791, 13.18333, 0.124963, 9.79442, 8.51771, -154.565, 8.54598, 25.2937, 9.65297E-005, 39.5276, 0.00152152, -131.567, 0.000768938, 46.5307
792, 13.19167, 0.124903, 9.7783, 8.50902, -154.574, 8.53728, 25.2846, 9.64441E-005, 39.5403, 0.00152023, -131.55, 0.000768267, 46.5475
792, 13.20000, 0.124843, 9.76227, 8.50036, -154.584, 8.5286, 25.2756, 9.63586E-005, 39.553, 0.00151894, -131.533, 0.000767597, 46.5644
793, 13.20833, 0.124783, 9.74632, 8.4917, -154.594, 8.51993, 25.2665, 9.62734E-005, 39.5657, 0.00151765, -131.516, 0.000766929, 46.5813
793, 13.21667, 0.124724, 9.73046, 8.48306, -154.603, 8.51127, 25.2575, 9.61883E-005, 39.5785, 0.00151637, -131.499, 0.000766261, 46.5981
794, 13.22500, 0.124665, 9.71468, 8.47443, -154.613, 8.50263, 25.2485, 9.61034E-005, 39.5912, 0.00151508, -131.482, 0.000765595, 46.615
794, 13.23333, 0.124607, 9.69898, 8.46582, -154.623, 8.49401, 25.2395, 9.60186E-005, 39.6039, 0.0015138, -131.465, 0.00076493, 46.6318
795, 13.24167, 0.124548, 9.68336, 8.45722, -154.632, 8.48539, 25.2305, 9.59341E-005, 39.6167, 0.00151252, -131.448, 0.000764267, 46.6486
795, 13.25000, 0.12449, 9.66783, 8.44864, -154.642, 8.47679, 25.2215, 9.58497E-005, 39.6294, 0.00151125, -131.431, 0.000763604, 46.6655
796, 13.25833, 0.124433, 9.65238, 8.44007, -154.651, 8.46821, 25.2125, 9.57655E-005, 39.6422, 0.00150997, -131.414, 0.000762943, 46.6823
796, 13.26667, 0.124376, 9.63701, 8.43151, -154.661, 8.45964, 25.2035, 9.56815E-005, 39.655, 0.0015087, -131.397, 0.000762283, 46.6992
797, 13.27500, 0.124319, 9.62172, 8.42297, -154.67, 8.45108, 25.1946, 9.55976E-005, 39.6678, 0.00150743, -131.38, 0.000761623, 46.716
797, 13.28333, 0.124262, 9.60651, 8.41444, -154.68, 8.44254, 25.1857, 9.55139E-005, 39.6805, 0.00150617, -131.363, 0.000760966, 46.7328
798, 13.29167, 0.124206, 9.59138, 8.40592, -154.69, 8.434, 25.1768, 9.54304E-005, 39.6933, 0.0015049, -131.346, 0.000760309, 46.7496
798, 13.30000, 0.12415, 9.57633, 8.39742, -154.699, 8.42549, 25.1679, 9.53471E-005, 39.7062, 0.00150364, -131.329, 0.000759653, 46.7665
799, 13.30833, 0.124094, 9.56137, 8.38894, -154.709, 8.41699, 25.159, 9.5264E-005, 39.719, 0.00150238, -131.312, 0.000758999, 46.7833
799, 13.31667, 0.124039, 9.54648, 8.38046, -154.718, 8.4085, 25.1501, 9.5181E-005, 39.7318, 0.00150112, -131.295, 0.000758345, 46.8001
800, 13.32500, 0.123984, 9.53167, 8.372, -154.727, 8.40002, 25.1412, 9.50981E-005, 39.7446, 0.00149987, -131.278, 0.000757693, 46.8169
800, 13.33333, 0.123929, 9.51694, 8.36356, -154.737, 8.39156, 25.1324, 9.50155E-005, 39.7575, 0.00149861, -131.261, 0.000757042, 46.8337
801, 13.34167, 0.123875, 9.50229, 8.35512, -154.746, 8.38311, 25.1235, 9.4933E-005, 39.7703, 0.00149736, -131.244, 0.000756392, 46.8505
801, 13.35000, 0.123821, 9.48772, 8.3467, -154.756, 8.37467, 25.1147, 9.48507E-005, 39.7832, 0.00149611, -131.227, 0.000755744, 46.8673
802, 13.35833, 0.123767, 9.47323, 8.3383, -154.765, 8.36625, 25.1059, 9.47686E-005, 39.796, 0.00149487, -131.21, 0.000755096, 46.8841
802, 13.36667, 0.123714, 9.45882, 8.3299, -154.775, 8.35784, 25.0971, 9.46866E-005, 39.8089, 0.00149362, -131.193, 0.00075445, 46.9009
803, 13.37500, 0.123661, 9.44448, 8.32153, -154.784, 8.34945, 25.0883, 9.46049E-005, 39.8218, 0.00149238, -131.176, 0.000753804, 46.9177
803, 13.38333, 0.123608, 9.43022, 8.31316, -154.793, 8.34107, 25.0796, 9.45232E-005, 39.8346, 0.00149114, -131.159, 0.00075316, 46.9345
804, 13.39167, 0.123556, 9.41604, 8.30481, -154.803, 8.3327, 25.0708, 9.44418E-005, 39.8475, 0.0014899, -131.142, 0.000752517, 46.9513
804, 13.40000, 0.123504, 9.40193, 8.29647, -154.812, 8.32434, 25.062, 9.43605E-005, 39.8604, 0.00148867, -131.125, 0.000751875, 46.9681
805, 13.40833, 0.123452, 9.38791, 8.28814, -154.821, 8.316, 25.0533, 9.42794E-005, 39.8733, 0.00148743, -131.108, 0.000751234, 46.9848
805, 13.41667, 0.123401, 9.37395, 8.27983, -154.831, 8.30767, 25.0446, 9.41984E-005, 39.8863, 0.0014862, -131.091, 0.000750594, 47.0016
806, 13.42500, 0.12335, 9.36008, 8.27153, -154.84, 8.29936, 25.0359, 9.41176E-005, 39.8992, 0.00148497, -131.074, 0.000749955, 47.0184
806, 13.43333, 0.123299, 9.34628, 8.26325, -154.849, 8.29105, 25.0272, 9.4037E-005, 39.9121, 0.00148375, -131.057, 0.000749318, 47.0352
807, 13.44167, 0.123248, 9.33255, 8.25497, -154.858, 8.28276, 25.0185, 9.39565E-005, 39.925, 0.00148252, -131.041, 0.000748681, 47.0519
807, 13.45000, 0.123198, 9.3189, 8.24671, -154.868, 8.27449, 25.0098, 9.38762E-005, 39.938, 0.0014813, -131.024, 0.000748046, 47.0687
807, 13.45833, 0.123148, 9.30533, 8.23847, -154.877, 8.26622, 25.0012, 9.37961E-005, 39.9509, 0.00148008, -131.007, 0.000747411, 47.0855
808, 13.46667, 0.123099, 9.29183, 8.23024, -154.886, 8.25797, 24.9925, 9.37161E-005, 39.9639, 0.00147886, -130.99, 0.000746778, 47.1022
809, 13.47500, 0.123049, 9.2784, 8.22201, -154.895, 8.24973, 24.9839, 9.36363E-005, 39.9769, 0.00147764, -130.973, 0.000746146, 47.119
809, 13.48333, 0.123, 9.26505, 8.21381, -154.905, 8.24151, 24.9753, 9.35567E-005, 39.9898, 0.00147643, -130.956, 0.000745515, 47.1357
810, 13.49167, 0.122952, 9.25177, 8.20561, -154.914, 8.2333, 24.9667, 9.34772E-005, 40.0028, 0.00147522, -130.939, 0.000744885, 47.1525
810, 13.50000, 0.122903, 9.23856, 8.19743, -154.923, 8.2251, 24.9581, 9.33979E-005, 40.0158, 0.00147401, -130.922, 0.000744256, 47.1692
811, 13.50833, 0.122855, 9.22543, 8.18926, -154.932, 8.21691, 24.9495, 9.33187E-005, 40.0288, 0.0014728, -130.905, 0.000743628, 47.186
811, 13.51667, 0.122807, 9.21237, 8.18111, -154.941, 8.20874, 24.9409, 9.32397E-005, 40.0418, 0.00147159, -130.888, 0.000743001, 47.2027
812, 13.52500, 0.12276, 9.19939, 8.17296, -154.95, 8.20058, 24.9324, 9.31609E-005, 40.0548, 0.00147039, -130.872, 0.000742375, 47.2194
812, 13.53333, 0.122713, 9.18648, 8.16483, -154.959, 8.19243, 24.9238, 9.30822E-005, 40.0678, 0.00146919, -130.855, 0.000741751, 47.2362
813, 13.54167, 0.122666, 9.17363, 8.15672, -154.969, 8.1843, 24.9153, 9.30037E-005, 40.0808, 0.00146799, -130.838, 0.000741127, 47.2529
813, 13.55000, 0.122619, 9.16086, 8.14861, -154.978, 8.17617, 24.9068, 9.29253E-005, 40.0938, 0.00146679, -130.821, 0.000740504, 47.2696
814, 13.55833, 0.122573, 9.14817, 8.14052, -154.987, 8.16806, 24.8983, 9.28471E-005, 40.1069, 0.00146559, -130.804, 0.000739883, 47.2863
814, 13.56667, 0.122527, 9.13554, 8.13244, -154.996, 8.15996, 24.8898, 9.27691E-005, 40.1199, 0.0014644, -130.787, 0.000739262, 47.303
815, 13.57500, 0.122481, 9.12298, 8.12437, -155.005, 8.15188, 24.8813, 9.26912E-005, 40.133, 0.00146321, -130.77, 0.000738643, 47.3197
815, 13.58333, 0.122436, 9.1105, 8.11632, -155.014, 8.14381, 24.8728, 9.26135E-005, 40.146, 0.00146202, -130.753, 0.000738024, 47.3365
816, 13.59167, 0.122391, 9.09808, 8.10828, -155.023, 8.13575, 24.8644, 9.25359E-005, 40.1591, 0.00146083, -130.737, 0.000737407, 47.3532
816, 13.60000, 0.122346, 9.08574, 8.10025, -155.032, 8.1277, 24.8559, 9.24585E-005, 40.1721, 0.00145965, -130.72, 0.000736791, 47.3699
816, 13.60833, 0.122301, 9.07347, 8.09223, -155.041, 8.11967, 24.8475, 9.23812E-005, 40.1852, 0.00145846, -130.703, 0.000736176, 47.3866
817, 13.61667, 0.122257, 9.06126, 8.08423, -155.05, 8.11164, 24.8391, 9.23041E-005, 40.1983, 0.00145728, -130.686, 0.000735561, 47.4033
818, 13.62500, 0.122213, 9.04912, 8.07624, -155.059, 8.10363, 24.8307, 9.22272E-005, 40.2114, 0.0014561, -130.669, 0.000734948, 47.4199
818, 13.63333, 0.122169, 9.03706, 8.06826, -155.068, 8.09563, 24.8223, 9.21504E-005, 40.2245, 0.00145493, -130.652, 0.000734336, 47.4366
819, 13.64167, 0.122126, 9.02506, 8.06029, -155.077, 8.08765, 24.8139, 9.20737E-005, 40.2376, 0.00145375, -130.636, 0.000733725, 47.4533
819, 13.65000, 0.122083, 9.01313, 8.05234, -155.086, 8.07967, 24.8055, 9.19972E-005, 40.2507, 0.00145258, -130.619, 0.000733114, 47.47
820, 13.65833, 0.12204, 9.00127, 8.0444, -155.095, 8.07171, 24.7972, 9.19209E-005, 40.2638, 0.00145141, -130.602, 0.000732505, 47.4867
820, 13.66667, 0.121997, 8.98948, 8.03647, -155.104, 8.06376, 24.7888, 9.18447E-005, 40.2769, 0.00145024, -130.585, 0.000731897, 47.5033
821, 13.67500, 0.121955, 8.97775, 8.02855, -155.113, 8.05583, 24.7805, 9.17687E-005, 40.29, 0.00144907, -130.568, 0.00073129, 47.52
821, 13.68333, 0.121913, 8.9661, 8.02064, -155.121, 8.0479, 24.7722, 9.16928E-005, 40.3032, 0.0014479, -130.552, 0.000730684, 47.5367
822, 13.69167, 0.121871, 8.95451, 8.01275, -155.13, 8.03999, 24.7638, 9.16171E-005, 40.3163, 0.00144674, -130.535, 0.000730079, 47.5533
822, 13.70000, 0.12183, 8.94299, 8.00487, -155.139, 8.03209, 24.7555, 9.15415E-005, 40.3294, 0.00144558, -130.518, 0.000729475, 47.57
823, 13.70833, 0.121789, 8.93153, 7.997, -155.148, 8.0242, 24.7473, 9.14661E-005, 40.3426, 0.00144442, -130.501, 0.000728872, 47.5866
823, 13.71667, 0.121748, 8.92014, 7.98914, -155.157, 8.01632, 24.739, 9.13908E-005, 40.3557, 0.00144326, -130.484, 0.000728269, 47.6033
824, 13.72500, 0.121707, 8.90882, 7.9813, -155.166, 8.00846, 24.7307, 9.13156E-005, 40.3689, 0.00144211, -130.468, 0.000727668, 47.6199
824, 13.73333, 0.121667, 8.89756, 7.97346, -155.174, 8.00061, 24.7225, 9.12407E-005, 40.3821, 0.00144095, -130.451, 0.000727068, 47.6366
824, 13.74167, 0.121627, 8.88637, 7.96564, -155.183, 7.99276, 24.7142, 9.11658E-005, 40.3952, 0.0014398, -130.434, 0.000726469, 47.6532
825, 13.75000, 0.121587, 8.87524, 7.95783, -155.192, 7.98494, 24.706, 9.10911E-005, 40.4084, 0.00143865, -130.417, 0.000725871, 47.6698
826, 13.75833, 0.121547, 8.86418, 7.95004, -155.201, 7.97712, 24.6978, 9.10166E-005, 40.4216, 0.0014375, -130.401, 0.000725274, 47.6865
826, 13.76667, 0.121508, 8.85318, 7.94225, -155.21, 7.96931, 24.6896, 9.09422E-005, 40.4348, 0.00143636, -130.384, 0.000724678, 47.7031
827, 13.77500, 0.121469, 8.84225, 7.93448, -155.218, 7.96152, 24.6814, 9.0868E-005, 40.448, 0.00143521, -130.367, 0.000724082, 47.7197
827, 13.78333, 0.12143, 8.83139, 7.92672, -155.227, 7.95374, 24.6732, 9.07939E-005, 40.4612, 0.00143407, -130.35, 0.000723488, 47.7363
828, 13.79167, 0.121392, 8.82058, 7.91897, -155.236, 7.94597, 24.665, 9.07199E-005, 40.4744, 0.00143293, -130.334, 0.000722895, 47.753
828, 13.80000, 0.121354, 8.80985, 7.91123, -155.245, 7.93821, 24.6569, 9.06461E-005, 40.4876, 0.00143179, -130.317, 0.000722302, 47.7696
829, 13.80833, 0.121316, 8.79917, 7.90351, -155.253, 7.93047, 24.6487, 9.05724E-005, 40.5008, 0.00143065, -130.3, 0.000721711, 47.7862
829, 13.81667, 0.121278, 8.78856, 7.89579, -155.262, 7.92273, 24.6406, 9.04989E-005, 40.5141, 0.00142952, -130.283, 0.000721121, 47.8028
830, 13.82500, 0.12124, 8.77801, 7.88809, -155.271, 7.91501, 24.6324, 9.04256E-005, 40.5273, 0.00142839, -130.267, 0.000720531, 47.8194
830, 13.83333, 0.121203, 8.76753, 7.8804, -155.279, 7.9073, 24.6243, 9.03523E-005, 40.5405, 0.00142726, -130.25, 0.000719943, 47.836
831, 13.84167, 0.121166, 8.7571, 7.87272, -155.288, 7.8996, 24.6162, 9.02792E-005, 40.5538, 0.00142613, -130.233, 0.000719355, 47.8526
831, 13.85000, 0.12113, 8.74675, 7.86505, -155.297, 7.89191, 24.6081, 9.02063E-005, 40.567, 0.001425, -130.217, 0.000718769, 47.8691
832, 13.85833, 0.121093, 8.73645, 7.85739, -155.305, 7.88423, 24.6001, 9.01335E-005, 40.5803, 0.00142387, -130.2, 0.000718183, 47.8857
832, 13.86667, 0.121057, 8.72621, 7.84975, -155.314, 7.87656, 24.592, 9.00608E-005, 40.5935, 0.00142275, -130.183, 0.000717598, 47.9023
832, 13.87500, 0.121021, 8.71604, 7.84212, -155.322, 7.86891, 24.5839, 8.99883E-005, 40.6068, 0.00142163, -130.167, 0.000717015, 47.9189
833, 13.88333, 0.120986, 8.70592, 7.8345, -155.331, 7.86127, 24.5759, 8.9916E-005, 40.6201, 0.00142051, -130.15, 0.000716432, 47.9354
834, 13.89167, 0.12095, 8.69587, 7.82689, -155.34, 7.85364, 24.5678, 8.98437E-005, 40.6333, 0.00141939, -130.133, 0.00071585, 47.952
834, 13.90000, 0.120915, 8.68588, 7.81929, -155.348, 7.84602, 24.5598, 8.97716E-005, 40.6466, 0.00141827, -130.116, 0.000715269, 47.9686
835, 13.90833, 0.120881, 8.67595, 7.8117, -155.357, 7.83841, 24.5518, 8.96997E-005, 40.6599, 0.00141716, -130.1, 0.000714689, 47.9851
835, 13.91667, 0.120846, 8.66608, 7.80412, -155.365, 7.83081, 24.5438, 8.96279E-005, 40.6732, 0.00141605, -130.083, 0.00071411, 48.0017
836, 13.92500, 0.120812, 8.65628, 7.79656, -155.374, 7.82323, 24.5358, 8.95562E-005, 40.6865, 0.00141494, -130.066, 0.000713532, 48.0182
836, 13.93333, 0.120778, 8.64653, 7.78901, -155.382, 7.81565, 24.5278, 8.94847E-005, 40.6998, 0.00141383, -130.05, 0.000712955, 48.0348
837, 13.94167, 0.120744, 8.63684, 7.78146, -155.391, 7.80809, 24.5199, 8.94133E-005, 40.7131, 0.00141272, -130.033, 0.000712379, 48.0513
837, 13.95000, 0.12071, 8.62721, 7.77393, -155.399, 7.80054, 24.5119, 8.9342E-005, 40.7264, 0.00141162, -130.017, 0.000711803, 48.0679
838, 13.95833, 0.120677, 8.61764, 7.76641, -155.408, 7.79299, 24.504, 8.92709E-005, 40.7397, 0.00141051, -130, 0.000711229, 48.0844
838, 13.96667, 0.120644, 8.60813, 7.75891, -155.416, 7.78546, 24.496, 8.91999E-005, 40.753, 0.00140941, -129.983, 0.000710655, 48.1009
839, 13.97500, 0.120611, 8.59868, 7.75141, -155.425, 7.77795, 24.4881, 8.91291E-005, 40.7664, 0.00140831, -129.967, 0.000710083, 48.1174
839, 13.98333, 0.120578, 8.58928, 7.74392, -155.433, 7.77044, 24.4802, 8.90584E-005, 40.7797, 0.00140721, -129.95, 0.000709511, 48.134
840, 13.99167, 0.120546, 8.57995, 7.73645, -155.442, 7.76294, 24.4723, 8.89878E-005, 40.793, 0.00140612, -129.933, 0.00070894, 48.1505
840, 14.00000, 0.120514, 8.57067, 7.72898, -155.45, 7.75546, 24.4644, 8.89173E-005, 40.8064, 0.00140502, -129.917, 0.00070837, 48.167
841, 14.00833, 0.120482, 8.56145, 7.72153, -155.458, 7.74798, 24.4565, 8.8847E-005, 40.8197, 0.00140393, -129.9, 0.000707801, 48.1835
841, 14.01667, 0.12045, 8.55229, 7.71409, -155.467, 7.74052, 24.4487, 8.87769E-005, 40.8331, 0.00140284, -129.883, 0.000707233, 48.2
841, 14.02500, 0.120419, 8.54319, 7.70666, -155.475, 7.73307, 24.4408, 8.87069E-005, 40.8464, 0.00140175, -129.867, 0.000706666, 48.2165
842, 14.03333, 0.120388, 8.53414, 7.69924, -155.484, 7.72562, 24.433, 8.8637E-005, 40.8598, 0.00140066, -129.85, 0.0007061, 48.233
843, 14.04167, 0.120357, 8.52515, 7.69183, -155.492, 7.71819, 24.4251, 8.85672E-005, 40.8732, 0.00139957, -129.834, 0.000705534, 48.2495
843, 14.05000, 0.120326, 8.51622, 7.68443, -155.5, 7.71077, 24.4173, 8.84976E-005, 40.8865, 0.00139849, -129.817, 0.00070497, 48.266
844, 14.05833, 0.120296, 8.50734, 7.67705, -155.509, 7.70336, 24.4095, 8.84281E-005, 40.8999, 0.00139741, -129.801, 0.000704406, 48.2825
844, 14.06667, 0.120266, 8.49852, 7.66967, -155.517, 7.69597, 24.4017, 8.83587E-005, 40.9133, 0.00139633, -129.784, 0.000703844, 48.2989
845, 14.07500, 0.120236, 8.48976, 7.66231, -155.525, 7.68858, 24.3939, 8.82895E-005, 40.9267, 0.00139525, -129.767, 0.000703282, 48.3154
845, 14.08333, 0.120206, 8.48105, 7.65495, -155.534, 7.6812, 24.3861, 8.82204E-005, 40.9401, 0.00139417, -129.751, 0.000702721, 48.3319
846, 14.09167, 0.120177, 8.4724, 7.64761, -155.542, 7.67384, 24.3784, 8.81514E-005, 40.9535, 0.00139309, -129.734, 0.000702161, 48.3483
846, 14.10000, 0.120148, 8.4638, 7.64028, -155.55, 7.66648, 24.3706, 8.80826E-005, 40.9669, 0.00139202, -129.718, 0.000701602, 48.3648
847, 14.10833, 0.120119, 8.45526, 7.63296, -155.559, 7.65914, 24.3628, 8.80139E-005, 40.9803, 0.00139095, -129.701, 0.000701043, 48.3813
847, 14.11667, 0.12009, 8.44677, 7.62564, -155.567, 7.6518, 24.3551, 8.79453E-005, 40.9937, 0.00138988, -129.685, 0.000700486, 48.3977
848, 14.12500, 0.120061, 8.43834, 7.61834, -155.575, 7.64448, 24.3474, 8.78769E-005, 41.0071, 0.00138881, -129.668, 0.000699929, 48.4142
848, 14.13333, 0.120033, 8.42996, 7.61105, -155.583, 7.63717, 24.3397, 8.78086E-005, 41.0205, 0.00138774, -129.651, 0.000699373, 48.4306
849, 14.14167, 0.120005, 8.42164, 7.60377, -155.591, 7.62986, 24.332, 8.77404E-005, 41.0339, 0.00138668, -129.635, 0.000698819, 48.447
849, 14.15000, 0.119977, 8.41337, 7.59651, -155.6, 7.62257, 24.3243, 8.76723E-005, 41.0473, 0.00138561, -129.618, 0.000698265, 48.4635
849, 14.15833, 0.11995, 8.40515, 7.58925, -155.608, 7.61529, 24.3166, 8.76044E-005, 41.0608, 0.00138455, -129.602, 0.000697711, 48.4799
850, 14.16667, 0.119922, 8.39699, 7.582, -155.616, 7.60802, 24.3089, 8.75366E-005, 41.0742, 0.00138349, -129.585, 0.000697159, 48.4963
851, 14.17500, 0.119895, 8.38888, 7.57476, -155.624, 7.60076, 24.3012, 8.7469E-005, 41.0877, 0.00138243, -129.569, 0.000696608, 48.5127
851, 14.18333, 0.119868, 8.38083, 7.56754, -155.632, 7.59351, 24.2936, 8.74014E-005, 41.1011, 0.00138138, -129.552, 0.000696057, 48.5292
852, 14.19167, 0.119842, 8.37283, 7.56032, -155.641, 7.58627, 24.2859, 8.7334E-005, 41.1145, 0.00138032, -129.536, 0.000695507, 48.5456
852, 14.20000, 0.119815, 8.36488, 7.55312, -155.649, 7.57905, 24.2783, 8.72667E-005, 41.128, 0.00137927, -129.519, 0.000694959, 48.562
853, 14.20833, 0.119789, 8.35698, 7.54592, -155.657, 7.57183, 24.2707, 8.71996E-005, 41.1415, 0.00137821, -129.503, 0.000694411, 48.5784
853, 14.21667, 0.119763, 8.34913, 7.53874, -155.665, 7.56462, 24.2631, 8.71326E-005, 41.1549, 0.00137716, -129.486, 0.000693863, 48.5948
854, 14.22500, 0.119737, 8.34134, 7.53156, -155.673, 7.55742, 24.2555, 8.70657E-005, 41.1684, 0.00137611, -129.47, 0.000693317, 48.6112
854, 14.23333, 0.119712, 8.3336, 7.5244, -155.681, 7.55024, 24.2479, 8.69989E-005, 41.1819, 0.00137507, -129.453, 0.000692772, 48.6276
855, 14.24167, 0.119686, 8.32591, 7.51725, -155.689, 7.54306, 24.2403, 8.69322E-005, 41.1953, 0.00137402, -129.437, 0.000692227, 48.644
855, 14.25000, 0.119661, 8.31828, 7.5101, -155.697, 7.53589, 24.2327, 8.68657E-005, 41.2088, 0.00137298, -129.42, 0.000691683, 48.6603
856, 14.25833, 0.119636, 8.31069, 7.50297, -155.706, 7.52874, 24.2252, 8.67993E-005, 41.2223, 0.00137194, -129.404, 0.00069114, 48.6767
856, 14.26667, 0.119612, 8.30315, 7.49585, -155.714, 7.52159, 24.2176, 8.6733E-005, 41.2358, 0.00137089, -129.388, 0.000690598, 48.6931
857, 14.27500, 0.119587, 8.29567, 7.48873, -155.722, 7.51445, 24.2101, 8.66669E-005, 41.2493, 0.00136986, -129.371, 0.000690056, 48.7094
857, 14.28333, 0.119563, 8.28824, 7.48163, -155.73, 7.50733, 24.2026, 8.66009E-005, 41.2628, 0.00136882, -129.355, 0.000689516, 48.7258
857, 14.29167, 0.119539, 8.28085, 7.47454, -155.738, 7.50021, 24.195, 8.6535E-005, 41.2763, 0.00136778, -129.338, 0.000688976, 48.7422
858, 14.30000, 0.119515, 8.27352, 7.46746, -155.746, 7.49311, 24.1875, 8.64692E-005, 41.2898, 0.00136675, -129.322, 0.000688437, 48.7585
859, 14.30833, 0.119492, 8.26624, 7.46039, -155.754, 7.48601, 24.18, 8.64035E-005, 41.3033, 0.00136572, -129.305, 0.000687899, 48.7749
859, 14.31667, 0.119468, 8.259, 7.45333, -155.762, 7.47893, 24.1725, 8.6338E-005, 41.3168, 0.00136468, -129.289, 0.000687362, 48.7912
860, 14.32500, 0.119445, 8.25182, 7.44627, -155.77, 7.47185, 24.1651, 8.62726E-005, 41.3303, 0.00136365, -129.272, 0.000686826, 48.8076
860, 14.33333, 0.119422, 8.24469, 7.43923, -155.778, 7.46479, 24.1576, 8.62073E-005, 41.3438, 0.00136263, -129.256, 0.00068629, 48.8239
861, 14.34167, 0.1194, 8.2376, 7.4322, -155.786, 7.45773, 24.1501, 8.61421E-005, 41.3573, 0.0013616, -129.24, 0.000685755, 48.8402
861, 14.35000, 0.119377, 8.23057, 7.42518, -155.794, 7.45069, 24.1427, 8.60771E-005, 41.3709, 0.00136058, -129.223, 0.000685221, 48.8565
862, 14.35833, 0.119355, 8.22358, 7.41817, -155.802, 7.44365, 24.1353, 8.60122E-005, 41.3844, 0.00135955, -129.207, 0.000684688, 48.8729
862, 14.36667, 0.119333, 8.21664, 7.41117, -155.81, 7.43662, 24.1278, 8.59473E-005, 41.3979, 0.00135853, -129.19, 0.000684156, 48.8892
863, 14.37500, 0.119311, 8.20975, 7.40418, -155.818, 7.42961, 24.1204, 8.58827E-005, 41.4115, 0.00135751, -129.174, 0.000683624, 48.9055
863, 14.38333, 0.119289, 8.20291, 7.3972, -155.825, 7.4226, 24.113, 8.58181E-005, 41.425, 0.00135649, -129.158, 0.000683093, 48.9218
864, 14.39167, 0.119268, 8.19611, 7.39022, -155.833, 7.41561, 24.1056, 8.57536E-005, 41.4386, 0.00135548, -129.141, 0.000682563, 48.9381
864, 14.40000, 0.119247, 8.18937, 7.38326, -155.841, 7.40862, 24.0982, 8.56893E-005, 41.4521, 0.00135446, -129.125, 0.000682034, 48.9544
865, 14.40833, 0.119226, 8.18267, 7.37631, -155.849, 7.40165, 24.0908, 8.56251E-005, 41.4657, 0.00135345, -129.109, 0.000681506, 48.9707
865, 14.41667, 0.119205, 8.17602, 7.36937, -155.857, 7.39468, 24.0835, 8.5561E-005, 41.4792, 0.00135243, -129.092, 0.000680978, 48.987
866, 14.42500, 0.119184, 8.16942, 7.36244, -155.865, 7.38772, 24.0761, 8.54971E-005, 41.4928, 0.00135142, -129.076, 0.000680451, 49.0033
866, 14.43333, 0.119164, 8.16286, 7.35551, -155.873, 7.38078, 24.0688, 8.54332E-005, 41.5064, 0.00135041, -129.06, 0.000679925, 49.0196
866, 14.44167, 0.119144, 8.15635, 7.3486, -155.881, 7.37384, 24.0614, 8.53695E-005, 41.5199, 0.00134941, -129.043, 0.0006794, 49.0358
867, 14.45000, 0.119124, 8.14988, 7.3417, -155.888, 7.36691, 24.0541, 8.53059E-005, 41.5335, 0.0013484, -129.027, 0.000678875, 49.0521
868, 14.45833, 0.119104, 8.14347, 7.33481, -155.896, 7.36, 24.0468, 8.52424E-005, 41.5471, 0.00134739, -129.011, 0.000678352, 49.0684
868, 14.46667, 0.119084, 8.1371, 7.32792, -155.904, 7.35309, 24.0395, 8.5179E-005, 41.5607, 0.00134639, -128.994, 0.000677829, 49.0846
869, 14.47500, 0.119065, 8.13077, 7.32105, -155.912, 7.34619, 24.0322, 8.51157E-005, 41.5742, 0.00134539, -128.978, 0.000677306, 49.1009
869, 14.48333, 0.119046, 8.12449, 7.31418, -155.92, 7.3393, 24.0249, 8.50526E-005, 41.5878, 0.00134439, -128.962, 0.000676785, 49.1171
870, 14.49167, 0.119027, 8.11826, 7.30733, -155.927, 7.33242, 24.0176, 8.49895E-005, 41.6014, 0.00134339, -128.945, 0.000676264, 49.1334
870, 14.50000, 0.119008, 8.11207, 7.30048, -155.935, 7.32555, 24.0103, 8.49266E-005, 41.615, 0.00134239, -128.929, 0.000675745, 49.1496
871, 14.50833, 0.11899, 8.10593, 7.29365, -155.943, 7.31869, 24.0031, 8.48638E-005, 41.6286, 0.0013414, -128.913, 0.000675226, 49.1659
871, 14.51667, 0.118971, 8.09983, 7.28682, -155.951, 7.31184, 23.9958, 8.48011E-005, 41.6422, 0.0013404, -128.896, 0.000674707, 49.1821
872, 14.52500, 0.118953, 8.09378, 7.28001, -155.958, 7.305, 23.9886, 8.47385E-005, 41.6558, 0.00133941, -128.88, 0.00067419, 49.1983
872, 14.53333, 0.118935, 8.08777, 7.2732, -155.966, 7.29817, 23.9814, 8.46761E-005, 41.6694, 0.00133842, -128.864, 0.000673673, 49.2145
873, 14.54167, 0.118917, 8.0818, 7.2664, -155.974, 7.29135, 23.9741, 8.46137E-005, 41.683, 0.00133743, -128.847, 0.000673157, 49.2308
873, 14.55000, 0.1189, 8.07588, 7.25962, -155.982, 7.28453, 23.9669, 8.45515E-005, 41.6966, 0.00133644, -128.831, 0.000672642, 49.247
874, 14.55833, 0.118882, 8.07001, 7.25284, -155.989, 7.27773, 23.9597, 8.44894E-005, 41.7103, 0.00133545, -128.815, 0.000672127, 49.2632
874, 14.56667, 0.118865, 8.06418, 7.24607, -155.997, 7.27094, 23.9525, 8.44274E-005, 41.7239, 0.00133447, -128.799, 0.000671613, 49.2794
874, 14.57500, 0.118848, 8.05839, 7.23931, -156.005, 7.26415, 23.9454, 8.43655E-005, 41.7375, 0.00133349, -128.782, 0.0006711, 49.2956
875, 14.58333, 0.118832, 8.05265, 7.23256, -156.012, 7.25738, 23.9382, 8.43037E-005, 41.7511, 0.0013325, -128.766, 0.000670588, 49.3118
876, 14.59167, 0.118815, 8.04694, 7.22582, -156.02, 7.25061, 23.931, 8.4242E-005, 41.7648, 0.00133152, -128.75, 0.000670077, 49.328
876, 14.60000, 0.118799, 8.04129, 7.21909, -156.028, 7.24386, 23.9239, 8.41805E-005, 41.7784, 0.00133054, -128.734, 0.000669566, 49.3442
877, 14.60833, 0.118782, 8.03567, 7.21236, -156.035, 7.23711, 23.9167, 8.41191E-005, 41.792, 0.00132956, -128.717, 0.000669056, 49.3603
877, 14.61667, 0.118766, 8.0301, 7.20565, -156.043, 7.23037, 23.9096, 8.40577E-005, 41.8057, 0.00132859, -128.701, 0.000668547, 49.3765
878, 14.62500, 0.118751, 8.02457, 7.19895, -156.05, 7.22364, 23.9025, 8.39965E-005, 41.8193, 0.00132761, -128.685, 0.000668038, 49.3927
878, 14.63333, 0.118735, 8.01908, 7.19225, -156.058, 7.21692, 23.8954, 8.39354E-005, 41.833, 0.00132664, -128.669, 0.00066753, 49.4089
879, 14.64167, 0.11872, 8.01364, 7.18557, -156.066, 7.21021, 23.8883, 8.38744E-005, 41.8466, 0.00132567, -128.653, 0.000667023, 49.425
879, 14.65000, 0.118704, 8.00824, 7.17889, -156.073, 7.20351, 23.8812, 8.38135E-005, 41.8603, 0.00132469, -128.636, 0.000666517, 49.4412
880, 14.65833, 0.118689, 8.00288, 7.17223, -156.081, 7.19682, 23.8741, 8.37527E-005, 41.8739, 0.00132373, -128.62, 0.000666011, 49.4573
880, 14.66667, 0.118675, 7.99756, 7.16557, -156.088, 7.19014, 23.867, 8.36921E-005, 41.8876, 0.00132276, -128.604, 0.000665506, 49.4735
881, 14.67500, 0.11866, 7.99228, 7.15892, -156.096, 7.18346, 23.8599, 8.36315E-005, 41.9013, 0.00132179, -128.588, 0.000665002, 49.4896
881, 14.68333, 0.118645, 7.98705, 7.15228, -156.104, 7.1768, 23.8529, 8.35711E-005, 41.9149, 0.00132083, -128.572, 0.000664499, 49.5057
882, 14.69167, 0.118631, 7.98185, 7.14565, -156.111, 7.17014, 23.8458, 8.35107E-005, 41.9286, 0.00131986, -128.555, 0.000663996, 49.5219
882, 14.70000, 0.118617, 7.9767, 7.13903, -156.119, 7.1635, 23.8388, 8.34505E-005, 41.9423, 0.0013189, -128.539, 0.000663494, 49.538
882, 14.70833, 0.118603, 7.97158, 7.13242, -156.126, 7.15686, 23.8317, 8.33904E-005, 41.9559, 0.00131794, -128.523, 0.000662993, 49.5541
883, 14.71667, 0.11859, 7.96651, 7.12581, -156.134, 7.15023, 23.8247, 8.33303E-005, 41.9696, 0.00131698, -128.507, 0.000662492, 49.5702
884, 14.72500, 0.118576, 7.96148, 7.11922, -156.141, 7.14361, 23.8177, 8.32704E-005, 41.9833, 0.00131602, -128.491, 0.000661993, 49.5864
884, 14.73333, 0.118563, 7.95649, 7.11264, -156.149, 7.137, 23.8107, 8.32106E-005, 41.997, 0.00131506, -128.475, 0.000661494, 49.6025
885, 14.74167, 0.11855, 7.95154, 7.10606, -156.156, 7.1304, 23.8037, 8.31509E-005, 42.0107, 0.00131411, -128.458, 0.000660995, 49.6186
885, 14.75000, 0.118537, 7.94663, 7.09949, -156.164, 7.12381, 23.7967, 8.30914E-005, 42.0244, 0.00131315, -128.442, 0.000660498, 49.6347
886, 14.75833, 0.118524, 7.94176, 7.09294, -156.171, 7.11722, 23.7898, 8.30319E-005, 42.0381, 0.0013122, -128.426, 0.000660001, 49.6508
886, 14.76667, 0.118511, 7.93692, 7.08639, -156.178, 7.11065, 23.7828, 8.29725E-005, 42.0518, 0.00131125, -128.41, 0.000659504, 49.6668
887, 14.77500, 0.118499, 7.93213, 7.07985, -156.186, 7.10408, 23.7758, 8.29132E-005, 42.0654, 0.0013103, -128.394, 0.000659009, 49.6829
887, 14.78333, 0.118487, 7.92738, 7.07331, -156.193, 7.09753, 23.7689, 8.28541E-005, 42.0792, 0.00130935, -128.378, 0.000658514, 49.699
888, 14.79167, 0.118475, 7.92266, 7.06679, -156.201, 7.09098, 23.7619, 8.2795E-005, 42.0929, 0.0013084, -128.362, 0.00065802, 49.7151
888, 14.80000, 0.118463, 7.91799, 7.06028, -156.208, 7.08444, 23.755, 8.27361E-005, 42.1066, 0.00130746, -128.346, 0.000657526, 49.7311
889, 14.80833, 0.118451, 7.91335, 7.05377, -156.216, 7.07791, 23.7481, 8.26772E-005, 42.1203, 0.00130651, -128.329, 0.000657034, 49.7472
889, 14.81667, 0.118439, 7.90876, 7.04728, -156.223, 7.07139, 23.7412, 8.26185E-005, 42.134, 0.00130557, -128.313, 0.000656542, 49.7633
890, 14.82500, 0.118428, 7.9042, 7.04079, -156.23, 7.06487, 23.7343, 8.25598E-005, 42.1477, 0.00130463, -128.297, 0.00065605, 49.7793
890, 14.83333, 0.118417, 7.89968, 7.03431, -156.238, 7.05837, 23.7274, 8.25013E-005, 42.1614, 0.00130369, -128.281, 0.00065556, 49.7954
891, 14.84167, 0.118406, 7.89519, 7.02784, -156.245, 7.05187, 23.7205, 8.24429E-005, 42.1751, 0.00130275, -128.265, 0.00065507, 49.8114
891, 14.85000, 0.118395, 7.89075, 7.02138, -156.252, 7.04539, 23.7136, 8.23846E-005, 42.1889, 0.00130181, -128.249, 0.00065458, 49.8275
891, 14.85833, 0.118385, 7.88634, 7.01493, -156.26, 7.03891, 23.7068, 8.23263E-005, 42.2026, 0.00130087, -128.233, 0.000654092, 49.8435
892, 14.86667, 0.118374, 7.88197, 7.00848, -156.267, 7.03244, 23.6999, 8.22682E-005, 42.2163, 0.00129994, -128.217, 0.000653604, 49.8595
893, 14.87500, 0.118364, 7.87764, 7.00205, -156.274, 7.02598, 23.6931, 8.22102E-005, 42.2301, 0.001299, -128.201, 0.000653117, 49.8755
893, 14.88333, 0.118354, 7.87335, 6.99562, -156.282, 7.01953, 23.6862, 8.21523E-005, 42.2438, 0.00129807, -128.185, 0.00065263, 49.8916
894, 14.89167, 0.118344, 7.86909, 6.9892, -156.289, 7.01308, 23.6794, 8.20945E-005, 42.2575, 0.00129714, -128.169, 0.000652144, 49.9076
894, 14.90000, 0.118334, 7.86487, 6.9828, -156.296, 7.00665, 23.6726, 8.20368E-005, 42.2713, 0.00129621, -128.153, 0.000651659, 49.9236
895, 14.90833, 0.118325, 7.86069, 6.9764, -156.304, 7.00022, 23.6658, 8.19792E-005, 42.285, 0.00129528, -128.137, 0.000651175, 49.9396
895, 14.91667, 0.118315, 7.85654, 6.97, -156.311, 6.9938, 23.659, 8.19217E-005, 42.2988, 0.00129435, -128.121, 0.000650691, 49.9556
896, 14.92500, 0.118306, 7.85243, 6.96362, -156.318, 6.98739, 23.6522, 8.18643E-005, 42.3125, 0.00129343, -128.105, 0.000650208, 49.9716
896, 14.93333, 0.118297, 7.84835, 6.95724, -156.325, 6.98099, 23.6454, 8.1807E-005, 42.3263, 0.0012925, -128.089, 0.000649725, 49.9876
897, 14.94167, 0.118288, 7.84432, 6.95088, -156.333, 6.9746, 23.6386, 8.17498E-005, 42.34, 0.00129158, -128.073, 0.000649243, 50.0035
897, 14.95000, 0.118279, 7.84031, 6.94452, -156.34, 6.96822, 23.6318, 8.16927E-005, 42.3538, 0.00129066, -128.057, 0.000648762, 50.0195
898, 14.95833, 0.118271, 7.83635, 6.93817, -156.347, 6.96184, 23.6251, 8.16357E-005, 42.3675, 0.00128974, -128.041, 0.000648282, 50.0355
898, 14.96667, 0.118263, 7.83242, 6.93183, -156.354, 6.95547, 23.6183, 8.15788E-005, 42.3813, 0.00128882, -128.025, 0.000647802, 50.0515
899, 14.97500, 0.118254, 7.82852, 6.9255, -156.362, 6.94911, 23.6116, 8.1522E-005, 42.395, 0.0012879, -128.009, 0.000647323, 50.0674
899, 14.98333, 0.118246, 7.82466, 6.91917, -156.369, 6.94276, 23.6049, 8.14653E-005, 42.4088, 0.00128698, -127.993, 0.000646844, 50.0834
899, 14.99167, 0.118239, 7.82084, 6.91286, -156.376, 6.93642, 23.5981, 8.14087E-005, 42.4226, 0.00128607, -127.977, 0.000646367, 50.0993
900, 15.00000, 0.118231, 7.81705, 6.90655, -156.383, 6.93009, 23.5914, 8.13522E-005, 42.4364, 0.00128515, -127.961, 0.000645889, 50.1153
901, 15.00833, 0.118223, 7.8133, 6.90025, -156.39, 6.92376, 23.5847, 8.12958E-005, 42.4501, 0.00128424, -127.945, 0.000645413, 50.1312
901, 15.01667, 0.118216, 7.80958, 6.89396, -156.397, 6.91745, 23.578, 8.12395E-005, 42.4639, 0.00128333, -127.929, 0.000644937, 50.1472
902, 15.02500, 0.118209, 7.80589, 6.88768, -156.405, 6.91114, 23.5713, 8.11833E-005, 42.4777, 0.00128242, -127.913, 0.000644462, 50.1631
902, 15.03333, 0.118202, 7.80224, 6.8814, -156.412, 6.90484, 23.5646, 8.11272E-005, 42.4915, 0.00128151, -127.897, 0.000643987, 50.179
903, 15.04167, 0.118195, 7.79862, 6.87514, -156.419, 6.89855, 23.558, 8.10711E-005, 42.5052, 0.0012806, -127.881, 0.000643514, 50.195
903, 15.05000, 0.118188, 7.79504, 6.86888, -156.426, 6.89226, 23.5513, 8.10152E-005, 42.519, 0.00127969, -127.865, 0.00064304, 50.2109
904, 15.05833, 0.118182, 7.79149, 6.86263, -156.433, 6.88599, 23.5447, 8.09594E-005, 42.5328, 0.00127879, -127.849, 0.000642568, 50.2268
904, 15.06667, 0.118176, 7.78798, 6.85639, -156.44, 6.87972, 23.538, 8.09037E-005, 42.5466, 0.00127788, -127.833, 0.000642096, 50.2427
905, 15.07500, 0.11817, 7.7845, 6.85016, -156.447, 6.87346, 23.5314, 8.08481E-005, 42.5604, 0.00127698, -127.817, 0.000641624, 50.2586
905, 15.08333, 0.118164, 7.78105, 6.84393, -156.454, 6.86721, 23.5247, 8.07926E-005, 42.5742, 0.00127608, -127.801, 0.000641154, 50.2745
906, 15.09167, 0.118158, 7.77764, 6.83771, -156.462, 6.86097, 23.5181, 8.07371E-005, 42.588, 0.00127518, -127.786, 0.000640684, 50.2904
906, 15.10000, 0.118152, 7.77426, 6.83151, -156.469, 6.85473, 23.5115, 8.06818E-005, 42.6018, 0.00127428, -127.77, 0.000640214, 50.3063
907, 15.10833, 0.118146, 7.77091, 6.8253, -156.476, 6.8485, 23.5049, 8.06266E-005, 42.6156, 0.00127338, -127.754, 0.000639746, 50.3222
907, 15.11667, 0.118141, 7.7676, 6.81911, -156.483, 6.84229, 23.4983, 8.05714E-005, 42.6294, 0.00127248, -127.738, 0.000639278, 50.3381
907, 15.12500, 0.118136, 7.76432, 6.81293, -156.49, 6.83608, 23.4917, 8.05164E-005, 42.6432, 0.00127159, -127.722, 0.00063881, 50.3539
908, 15.13333, 0.118131, 7.76107, 6.80675, -156.497, 6.82987, 23.4852, 8.04615E-005, 42.657, 0.00127069, -127.706, 0.000638343, 50.3698
909, 15.14167, 0.118126, 7.75785, 6.80058, -156.504, 6.82368, 23.4786, 8.04066E-005, 42.6708, 0.0012698, -127.69, 0.000637877, 50.3857
909, 15.15000, 0.118121, 7.75467, 6.79442, -156.511, 6.81749, 23.472, 8.03518E-005, 42.6846, 0.00126891, -127.674, 0.000637411, 50.4015
910, 15.15833, 0.118117, 7.75152, 6.78827, -156.518, 6.81131, 23.4655, 8.02972E-005, 42.6984, 0.00126802, -127.659, 0.000636947, 50.4174
910, 15.16667, 0.118112, 7.7484, 6.78213, -156.525, 6.80514, 23.4589, 8.02426E-005, 42.7123, 0.00126713, -127.643, 0.000636482, 50.4332
911, 15.17500, 0.118108, 7.74531, 6.77599, -156.532, 6.79898, 23.4524, 8.01881E-005, 42.7261, 0.00126624, -127.627, 0.000636018, 50.4491
911, 15.18333, 0.118104, 7.74225, 6.76987, -156.539, 6.79283, 23.4459, 8.01338E-005, 42.7399, 0.00126535, -127.611, 0.000635555, 50.4649
912, 15.19167, 0.1181, 7.73923, 6.76374, -156.546, 6.78668, 23.4394, 8.00795E-005, 42.7537, 0.00126447, -127.595, 0.000635093, 50.4807
912, 15.20000, 0.118097, 7.73624, 6.75763, -156.553, 6.78054, 23.4329, 8.00253E-005, 42.7675, 0.00126358, -127.579, 0.000634631, 50.4966
913, 15.20833, 0.118093, 7.73328, 6.75153, -156.56, 6.77441, 23.4264, 7.99712E-005, 42.7814, 0.0012627, -127.563, 0.00063417, 50.5124
913, 15.21667, 0.11809, 7.73035, 6.74543, -156.567, 6.76829, 23.4199, 7.99172E-005, 42.7952, 0.00126182, -127.548, 0.000633709, 50.5282
914, 15.22500, 0.118086, 7.72745, 6.73934, -156.574, 6.76217, 23.4134, 7.98633E-005, 42.809, 0.00126094, -127.532, 0.000633249, 50.544
914, 15.23333, 0.118083, 7.72458, 6.73326, -156.581, 6.75607, 23.4069, 7.98094E-005, 42.8229, 0.00126006, -127.516, 0.00063279, 50.5598
915, 15.24167, 0.11808, 7.72174, 6.72719, -156.588, 6.74997, 23.4004, 7.97557E-005, 42.8367, 0.00125918, -127.5, 0.000632331, 50.5756
915, 15.25000, 0.118077, 7.71894, 6.72113, -156.594, 6.74388, 23.394, 7.97021E-005, 42.8505, 0.0012583, -127.484, 0.000631873, 50.5914
916, 15.25833, 0.118075, 7.71616, 6.71507, -156.601, 6.73779, 23.3875, 7.96485E-005, 42.8644, 0.00125742, -127.469, 0.000631415, 50.6072
916, 15.26667, 0.118072, 7.71342, 6.70902, -156.608, 6.73172, 23.3811, 7.95951E-005, 42.8782, 0.00125655, -127.453, 0.000630958, 50.623
916, 15.27500, 0.11807, 7.7107, 6.70298, -156.615, 6.72565, 23.3747, 7.95417E-005, 42.8921, 0.00125567, -127.437, 0.000630502, 50.6388
917, 15.28333, 0.118068, 7.70802, 6.69694, -156.622, 6.71959, 23.3682, 7.94884E-005, 42.9059, 0.0012548, -127.421, 0.000630046, 50.6545
918, 15.29167, 0.118066, 7.70536, 6.69092, -156.629, 6.71354, 23.3618, 7.94353E-005, 42.9198, 0.00125393, -127.406, 0.000629591, 50.6703
918, 15.30000, 0.118064, 7.70274, 6.6849, -156.636, 6.70749, 23.3554, 7.93822E-005, 42.9336, 0.00125306, -127.39, 0.000629137, 50.6861
919, 15.30833, 0.118062, 7.70014, 6.67889, -156.643, 6.70146, 23.349, 7.93292E-005, 42.9475, 0.00125219, -127.374, 0.000628683, 50.7018
919, 15.31667, 0.118061, 7.69757, 6.67289, -156.649, 6.69543, 23.3426, 7.92763E-005, 42.9613, 0.00125132, -127.358, 0.00062823, 50.7176
920, 15.32500, 0.118059, 7.69504, 6.66689, -156.656, 6.6894, 23.3362, 7.92234E-005, 42.9752, 0.00125045, -127.343, 0.000627777, 50.7333
920, 15.33333, 0.118058, 7.69253, 6.66091, -156.663, 6.68339, 23.3299, 7.91707E-005, 42.989, 0.00124959, -127.327, 0.000627325, 50.7491
921, 15.34167, 0.118057, 7.69005, 6.65492, -156.67, 6.67738, 23.3235, 7.91181E-005, 43.0029, 0.00124872, -127.311, 0.000626873, 50.7648
921, 15.35000, 0.118056, 7.6876, 6.64895, -156.677, 6.67138, 23.3171, 7.90655E-005, 43.0167, 0.00124786, -127.295, 0.000626422, 50.7806
922, 15.35833, 0.118055, 7.68518, 6.64299, -156.684, 6.66539, 23.3108, 7.90131E-005, 43.0306, 0.001247, -127.28, 0.000625972, 50.7963
922, 15.36667, 0.118054, 7.68279, 6.63703, -156.69, 6.65941, 23.3044, 7.89607E-005, 43.0445, 0.00124614, -127.264, 0.000625522, 50.812
923, 15.37500, 0.118054, 7.68043, 6.63108, -156.697, 6.65343, 23.2981, 7.89084E-005, 43.0583, 0.00124528, -127.248, 0.000625073, 50.8277
923, 15.38333, 0.118053, 7.6781, 6.62514, -156.704, 6.64747, 23.2918, 7.88562E-005, 43.0722, 0.00124442, -127.233, 0.000624624, 50.8435
924, 15.39167, 0.118053, 7.67579, 6.61921, -156.711, 6.6415, 23.2854, 7.88041E-005, 43.0861, 0.00124356, -127.217, 0.000624176, 50.8592
924, 15.40000, 0.118053, 7.67351, 6.61328, -156.717, 6.63555, 23.2791, 7.87521E-005, 43.0999, 0.0012427, -127.201, 0.000623729, 50.8749
924, 15.40833, 0.118053, 7.67127, 6.60736, -156.724, 6.62961, 23.2728, 7.87002E-005, 43.1138, 0.00124185, -127.185, 0.000623282, 50.8906
925, 15.41667, 0.118053, 7.66904, 6.60145, -156.731, 6.62367, 23.2665, 7.86483E-005, 43.1277, 0.00124099, -127.17, 0.000622836, 50.9063
926, 15.42500, 0.118054, 7.66685, 6.59554, -156.738, 6.61774, 23.2603, 7.85966E-005, 43.1416, 0.00124014, -127.154, 0.00062239, 50.9219
926, 15.43333, 0.118054, 7.66469, 6.58965, -156.744, 6.61181, 23.254, 7.85449E-005, 43.1555, 0.00123929, -127.138, 0.000621945, 50.9376
927, 15.44167, 0.118055, 7.66255, 6.58376, -156.751, 6.6059, 23.2477, 7.84933E-005, 43.1693, 0.00123844, -127.123, 0.000621501, 50.9533
927, 15.45000, 0.118056, 7.66044, 6.57788, -156.758, 6.59999, 23.2414, 7.84418E-005, 43.1832, 0.00123759, -127.107, 0.000621057, 50.969
928, 15.45833, 0.118057, 7.65835, 6.572, -156.764, 6.59409, 23.2352, 7.83904E-005, 43.1971, 0.00123674, -127.092, 0.000620613, 50.9846
928, 15.46667, 0.118058, 7.6563, 6.56614, -156.771, 6.58819, 23.2289, 7.83391E-005, 43.211, 0.00123589, -127.076, 0.00062017, 51.0003
929, 15.47500, 0.118059, 7.65427, 6.56028, -156.778, 6.58231, 23.2227, 7.82879E-005, 43.2249, 0.00123504, -127.06, 0.000619728, 51.016
929, 15.48333, 0.118061, 7.65227, 6.55442, -156.784, 6.57643, 23.2165, 7.82367E-005, 43.2388, 0.0012342, -127.045, 0.000619287, 51.0316
930, 15.49167, 0.118062, 7.65029, 6.54858, -156.791, 6.57056, 23.2103, 7.81857E-005, 43.2527, 0.00123335, -127.029, 0.000618846, 51.0473
930, 15.50000, 0.118064, 7.64835, 6.54274, -156.798, 6.56469, 23.204, 7.81347E-005, 43.2665, 0.00123251, -127.013, 0.000618405, 51.0629
931, 15.50833, 0.118066, 7.64643, 6.53691, -156.804, 6.55884, 23.1978, 7.80838E-005, 43.2804, 0.00123167, -126.998, 0.000617965, 51.0785
931, 15.51667, 0.118068, 7.64453, 6.53109, -156.811, 6.55299, 23.1916, 7.8033E-005, 43.2943, 0.00123082, -126.982, 0.000617526, 51.0942
932, 15.52500, 0.11807, 7.64266, 6.52527, -156.818, 6.54715, 23.1854, 7.79823E-005, 43.3082, 0.00122998, -126.967, 0.000617087, 51.1098
932, 15.53333, 0.118072, 7.64082, 6.51947, -156.824, 6.54131, 23.1793, 7.79316E-005, 43.3221, 0.00122915, -126.951, 0.000616649, 51.1254
932, 15.54167, 0.118074, 7.639, 6.51366, -156.831, 6.53548, 23.1731, 7.78811E-005, 43.336, 0.00122831, -126.935, 0.000616211, 51.141
933, 15.55000, 0.118077, 7.63721, 6.50787, -156.838, 6.52966, 23.1669, 7.78306E-005, 43.3499, 0.00122747, -126.92, 0.000615774, 51.1567
934, 15.55833, 0.11808, 7.63545, 6.50208, -156.844, 6.52385, 23.1608, 7.77802E-005, 43.3638, 0.00122663, -126.904, 0.000615337, 51.1723
934, 15.56667, 0.118082, 7.63371, 6.4963, -156.851, 6.51804, 23.1546, 7.77299E-005, 43.3778, 0.0012258, -126.889, 0.000614901, 51.1879
935, 15.57500, 0.118085, 7.632, 6.49053, -156.857, 6.51224, 23.1485, 7.76797E-005, 43.3917, 0.00122497, -126.873, 0.000614466, 51.2035
935, 15.58333, 0.118088, 7.63031, 6.48477, -156.864, 6.50645, 23.1423, 7.76296E-005, 43.4056, 0.00122413, -126.858, 0.000614031, 51.219
936, 15.59167, 0.118092, 7.62865, 6.47901, -156.87, 6.50067, 23.1362, 7.75795E-005, 43.4195, 0.0012233, -126.842, 0.000613596, 51.2346
936, 15.60000, 0.118095, 7.62701, 6.47326, -156.877, 6.49489, 23.1301, 7.75296E-005, 43.4334, 0.00122247, -126.826, 0.000613163, 51.2502
937, 15.60833, 0.118099, 7.6254, 6.46752, -156.884, 6.48912, 23.124, 7.74797E-005, 43.4473, 0.00122164, -126.811, 0.000612729, 51.2658
937, 15.61667, 0.118102, 7.62382, 6.46178, -156.89, 6.48336, 23.1179, 7.74299E-005, 43.4612, 0.00122081, -126.795, 0.000612296, 51.2814
938, 15.62500, 0.118106, 7.62226, 6.45605, -156.897, 6.4776, 23.1118, 7.73802E-005, 43.4751, 0.00121999, -126.78, 0.000611864, 51.2969
938, 15.63333, 0.11811, 7.62072, 6.45033, -156.903, 6.47185, 23.1057, 7.73306E-005, 43.4891, 0.00121916, -126.764, 0.000611433, 51.3125
939, 15.64167, 0.118114, 7.61921, 6.44461, -156.91, 6.46611, 23.0996, 7.7281E-005, 43.503, 0.00121833, -126.749, 0.000611002, 51.328
939, 15.65000, 0.118118, 7.61772, 6.43891, -156.916, 6.46038, 23.0935, 7.72316E-005, 43.5169, 0.00121751, -126.733, 0.000610571, 51.3436
940, 15.65833, 0.118123, 7.61626, 6.43321, -156.923, 6.45465, 23.0875, 7.71822E-005, 43.5308, 0.00121669, -126.718, 0.000610141, 51.3591
940, 15.66667, 0.118127, 7.61482, 6.42751, -156.929, 6.44893, 23.0814, 7.71329E-005, 43.5447, 0.00121586, -126.702, 0.000609712, 51.3747
941, 15.67500, 0.118132, 7.61341, 6.42182, -156.936, 6.44322, 23.0753, 7.70836E-005, 43.5587, 0.00121504, -126.687, 0.000609283, 51.3902
941, 15.68333, 0.118136, 7.61202, 6.41614, -156.942, 6.43751, 23.0693, 7.70345E-005, 43.5726, 0.00121422, -126.671, 0.000608854, 51.4057
941, 15.69167, 0.118141, 7.61065, 6.41047, -156.949, 6.43181, 23.0633, 7.69854E-005, 43.5865, 0.0012134, -126.656, 0.000608426, 51.4212
942, 15.70000, 0.118146, 7.60931, 6.40481, -156.955, 6.42612, 23.0572, 7.69365E-005, 43.6005, 0.00121259, -126.64, 0.000607999, 51.4368
943, 15.70833, 0.118151, 7.60799, 6.39915, -156.961, 6.42043, 23.0512, 7.68876E-005, 43.6144, 0.00121177, -126.625, 0.000607572, 51.4523
943, 15.71667, 0.118157, 7.6067, 6.3935, -156.968, 6.41475, 23.0452, 7.68388E-005, 43.6283, 0.00121095, -126.609, 0.000607146, 51.4678
944, 15.72500, 0.118162, 7.60543, 6.38785, -156.974, 6.40908, 23.0392, 7.679E-005, 43.6423, 0.00121014, -126.594, 0.00060672, 51.4833
944, 15.73333, 0.118168, 7.60418, 6.38221, -156.981, 6.40342, 23.0332, 7.67414E-005, 43.6562, 0.00120932, -126.579, 0.000606295, 51.4988
945, 15.74167, 0.118173, 7.60296, 6.37658, -156.987, 6.39776, 23.0272, 7.66928E-005, 43.6701, 0.00120851, -126.563, 0.00060587, 51.5143
945, 15.75000, 0.118179, 7.60176, 6.37096, -156.994, 6.39211, 23.0212, 7.66443E-005, 43.6841, 0.0012077, -126.548, 0.000605446, 51.5298
946, 15.75833, 0.118185, 7.60058, 6.36534, -157, 6.38646, 23.0153, 7.65959E-005, 43.698, 0.00120689, -126.532, 0.000605023, 51.5452
946, 15.76667, 0.118191, 7.59943, 6.35973, -157.006, 6.38083, 23.0093, 7.65475E-005, 43.712, 0.00120608, -126.517, 0.0006046, 51.5607
947, 15.77500, 0.118198, 7.5983, 6.35413, -157.013, 6.3752, 23.0033, 7.64993E-005, 43.7259, 0.00120527, -126.501, 0.000604177, 51.5762
947, 15.78333, 0.118204, 7.59719, 6.34853, -157.019, 6.36957, 22.9974, 7.64511E-005, 43.7398, 0.00120446, -126.486, 0.000603755, 51.5917
948, 15.79167, 0.11821, 7.5961, 6.34294, -157.025, 6.36396, 22.9914, 7.6403E-005, 43.7538, 0.00120366, -126.471, 0.000603333, 51.6071
948, 15.80000, 0.118217, 7.59504, 6.33736, -157.032, 6.35835, 22.9855, 7.6355E-005, 43.7677, 0.00120285, -126.455, 0.000602913, 51.6226
949, 15.80833, 0.118224, 7.594, 6.33178, -157.038, 6.35274, 22.9796, 7.63071E-005, 43.7817, 0.00120205, -126.44, 0.000602492, 51.638
949, 15.81667, 0.118231, 7.59298, 6.32621, -157.045, 6.34715, 22.9737, 7.62592E-005, 43.7956, 0.00120124, -126.424, 0.000602072, 51.6535
949, 15.82500, 0.118238, 7.59199, 6.32065, -157.051, 6.34156, 22.9677, 7.62114E-005, 43.8096, 0.00120044, -126.409, 0.000601653, 51.6689
950, 15.83333, 0.118245, 7.59101, 6.31509, -157.057, 6.33598, 22.9618, 7.61637E-005, 43.8235, 0.00119964, -126.394, 0.000601234, 51.6843
951, 15.84167, 0.118252, 7.59006, 6.30954, -157.064, 6.3304, 22.9559, 7.61161E-005, 43.8375, 0.00119884, -126.378, 0.000600815, 51.6998
951, 15.85000, 0.11826, 7.58913, 6.304, -157.07, 6.32483, 22.9501, 7.60685E-005, 43.8514, 0.00119804, -126.363, 0.000600397, 51.7152
952, 15.85833, 0.118267, 7.58822, 6.29846, -157.076, 6.31927, 22.9442, 7.60211E-005, 43.8654, 0.00119724, -126.347, 0.00059998, 51.7306
952, 15.86667, 0.118275, 7.58734, 6.29293, -157.082, 6.31371, 22.9383, 7.59737E-005, 43.8794, 0.00119644, -126.332, 0.000599563, 51.746
953, 15.87500, 0.118283, 7.58647, 6.28741, -157.089, 6.30816, 22.9324, 7.59263E-005, 43.8933, 0.00119564, -126.317, 0.000599147, 51.7614
953, 15.88333, 0.11829, 7.58563, 6.2819, -157.095, 6.30262, 22.9266, 7.58791E-005, 43.9073, 0.00119485, -126.301, 0.000598731, 51.7768
954, 15.89167, 0.118298, 7.58481, 6.27639, -157.101, 6.29708, 22.9207, 7.58319E-005, 43.9212, 0.00119405, -126.286, 0.000598315, 51.7922
954, 15.90000, 0.118307, 7.58401, 6.27089, -157.108, 6.29156, 22.9149, 7.57848E-005, 43.9352, 0.00119326, -126.271, 0.000597901, 51.8076
955, 15.90833, 0.118315, 7.58323, 6.26539, -157.114, 6.28603, 22.909, 7.57378E-005, 43.9492, 0.00119247, -126.255, 0.000597486, 51.823
955, 15.91667, 0.118323, 7.58247, 6.2599, -157.12, 6.28052, 22.9032, 7.56909E-005, 43.9631, 0.00119167, -126.24, 0.000597072, 51.8384
956, 15.92500, 0.118332, 7.58174, 6.25442, -157.126, 6.27501, 22.8974, 7.5644E-005, 43.9771, 0.00119088, -126.225, 0.000596659, 51.8538
956, 15.93333, 0.118341, 7.58102, 6.24894, -157.132, 6.26951, 22.8916, 7.55973E-005, 43.9911, 0.00119009, -126.209, 0.000596246, 51.8691
957, 15.94167, 0.118349, 7.58033, 6.24347, -157.139, 6.26401, 22.8857, 7.55505E-005, 44.005, 0.0011893, -126.194, 0.000595834, 51.8845
957, 15.95000, 0.118358, 7.57965, 6.23801, -157.145, 6.25852, 22.8799, 7.55039E-005, 44.019, 0.00118851, -126.179, 0.000595422, 51.8999
957, 15.95833, 0.118367, 7.579, 6.23255, -157.151, 6.25304, 22.8741, 7.54574E-005, 44.033, 0.00118773, -126.164, 0.000595011, 51.9152
958, 15.96667, 0.118377, 7.57837, 6.2271, -157.157, 6.24756, 22.8684, 7.54109E-005, 44.047, 0.00118694, -126.148, 0.0005946, 51.9306
959, 15.97500, 0.118386, 7.57776, 6.22166, -157.164, 6.24209, 22.8626, 7.53645E-005, 44.0609, 0.00118616, -126.133, 0.000594189, 51.9459
959, 15.98333, 0.118395, 7.57717, 6.21622, -157.17, 6.23663, 22.8568, 7.53182E-005, 44.0749, 0.00118537, -126.118, 0.000593779, 51.9613
960, 15.99167, 0.118405, 7.57659, 6.21079, -157.176, 6.23117, 22.851, 7.52719E-005, 44.0889, 0.00118459, -126.102, 0.00059337, 51.9766
960, 16.00000, 0.118415, 7.57604, 6.20537, -157.182, 6.22572, 22.8453, 7.52257E-005, 44.1029, 0.00118381, -126.087, 0.000592961, 51.9919
961, 16.00833, 0.118424, 7.57551, 6.19995, -157.188, 6.22028, 22.8395, 7.51796E-005, 44.1168, 0.00118302, -126.072, 0.000592553, 52.0072
961, 16.01667, 0.118434, 7.575, 6.19454, -157.194, 6.21484, 22.8338, 7.51336E-005, 44.1308, 0.00118224, -126.057, 0.000592145, 52.0226
962, 16.02500, 0.118444, 7.57451, 6.18914, -157.201, 6.20941, 22.828, 7.50876E-005, 44.1448, 0.00118146, -126.041, 0.000591737, 52.0379
962, 16.03333, 0.118455, 7.57404, 6.18374, -157.207, 6.20398, 22.8223, 7.50417E-005, 44.1588, 0.00118069, -126.026, 0.00059133, 52.0532
963, 16.04167, 0.118465, 7.57359, 6.17835, -157.213, 6.19856, 22.8166, 7.49959E-005, 44.1728, 0.00117991, -126.011, 0.000590924, 52.0685
963, 16.05000, 0.118475, 7.57316, 6.17296, -157.219, 6.19315, 22.8109, 7.49502E-005, 44.1867, 0.00117913, -125.996, 0.000590518, 52.0838
964, 16.05833, 0.118486, 7.57274, 6.16758, -157.225, 6.18775, 22.8052, 7.49045E-005, 44.2007, 0.00117835, -125.981, 0.000590113, 52.0991
964, 16.06667, 0.118496, 7.57235, 6.16221, -157.231, 6.18235, 22.7995, 7.48589E-005, 44.2147, 0.00117758, -125.965, 0.000589707, 52.1144
965, 16.07500, 0.118507, 7.57198, 6.15684, -157.237, 6.17696, 22.7938, 7.48134E-005, 44.2287, 0.00117681, -125.95, 0.000589303, 52.1297
965, 16.08333, 0.118518, 7.57162, 6.15148, -157.243, 6.17157, 22.7881, 7.4768E-005, 44.2427, 0.00117603, -125.935, 0.000588899, 52.1449
966, 16.09167, 0.118529, 7.57129, 6.14613, -157.249, 6.16619, 22.7824, 7.47226E-005, 44.2567, 0.00117526, -125.92, 0.000588495, 52.1602
966, 16.10000, 0.11854, 7.57097, 6.14078, -157.256, 6.16082, 22.7767, 7.46773E-005, 44.2707, 0.00117449, -125.905, 0.000588092, 52.1755
966, 16.10833, 0.118552, 7.57067, 6.13544, -157.262, 6.15545, 22.7711, 7.46321E-005, 44.2847, 0.00117372, -125.889, 0.00058769, 52.1907
967, 16.11667, 0.118563, 7.57039, 6.13011, -157.268, 6.15009, 22.7654, 7.45869E-005, 44.2987, 0.00117295, -125.874, 0.000587287, 52.206
968, 16.12500, 0.118574, 7.57013, 6.12478, -157.274, 6.14473, 22.7598, 7.45419E-005, 44.3126, 0.00117218, -125.859, 0.000586886, 52.2212
968, 16.13333, 0.118586, 7.56989, 6.11946, -157.28, 6.13939, 22.7541, 7.44968E-005, 44.3266, 0.00117141, -125.844, 0.000586485, 52.2365
969, 16.14167, 0.118598, 7.56967, 6.11414, -157.286, 6.13404, 22.7485, 7.44519E-005, 44.3406, 0.00117065, -125.829, 0.000586084, 52.2517
969, 16.15000, 0.11861, 7.56946, 6.10883, -157.292, 6.12871, 22.7429, 7.4407E-005, 44.3546, 0.00116988, -125.814, 0.000585684, 52.267
970, 16.15833, 0.118622, 7.56928, 6.10353, -157.298, 6.12338, 22.7372, 7.43623E-005, 44.3686, 0.00116911, -125.798, 0.000585284, 52.2822
970, 16.16667, 0.118634, 7.56911, 6.09823, -157.304, 6.11806, 22.7316, 7.43175E-005, 44.3826, 0.00116835, -125.783, 0.000584884, 52.2974
971, 16.17500, 0.118646, 7.56896, 6.09294, -157.31, 6.11274, 22.726, 7.42729E-005, 44.3966, 0.00116759, -125.768, 0.000584486, 52.3126
971, 16.18333, 0.118658, 7.56883, 6.08766, -157.316, 6.10743, 22.7204, 7.42283E-005, 44.4106, 0.00116683, -125.753, 0.000584087, 52.3278
972, 16.19167, 0.118671, 7.56872, 6.08238, -157.322, 6.10212, 22.7148, 7.41838E-005, 44.4246, 0.00116606, -125.738, 0.000583689, 52.3431
972, 16.20000, 0.118683, 7.56862, 6.07711, -157.328, 6.09682, 22.7092, 7.41394E-005, 44.4386, 0.0011653, -125.723, 0.000583292, 52.3583
973, 16.20833, 0.118696, 7.56855, 6.07184, -157.334, 6.09153, 22.7037, 7.4095E-005, 44.4526, 0.00116454, -125.708, 0.000582895, 52.3735
973, 16.21667, 0.118709, 7.56849, 6.06658, -157.34, 6.08625, 22.6981, 7.40507E-005, 44.4667, 0.00116379, -125.693, 0.000582498, 52.3887
974, 16.22500, 0.118722, 7.56844, 6.06133, -157.346, 6.08097, 22.6925, 7.40065E-005, 44.4807, 0.00116303, -125.677, 0.000582102, 52.4038
974, 16.23333, 0.118735, 7.56842, 6.05608, -157.352, 6.07569, 22.687, 7.39623E-005, 44.4947, 0.00116227, -125.662, 0.000581707, 52.419
974, 16.24167, 0.118748, 7.56841, 6.05084, -157.358, 6.07042, 22.6814, 7.39182E-005, 44.5087, 0.00116151, -125.647, 0.000581311, 52.4342
975, 16.25000, 0.118761, 7.56842, 6.04561, -157.364, 6.06516, 22.6759, 7.38742E-005, 44.5227, 0.00116076, -125.632, 0.000580917, 52.4494
976, 16.25833, 0.118775, 7.56845, 6.04038, -157.37, 6.05991, 22.6703, 7.38303E-005, 44.5367, 0.00116001, -125.617, 0.000580523, 52.4645
976, 16.26667, 0.118788, 7.5685, 6.03515, -157.375, 6.05466, 22.6648, 7.37864E-005, 44.5507, 0.00115925, -125.602, 0.000580129, 52.4797
977, 16.27500, 0.118802, 7.56856, 6.02994, -157.381, 6.04942, 22.6593, 7.37426E-005, 44.5647, 0.0011585, -125.587, 0.000579735, 52.4949
977, 16.28333, 0.118815, 7.56864, 6.02473, -157.387, 6.04418, 22.6538, 7.36988E-005, 44.5787, 0.00115775, -125.572, 0.000579342, 52.51
978, 16.29167, 0.118829, 7.56874, 6.01952, -157.393, 6.03895, 22.6482, 7.36552E-005, 44.5927, 0.001157, -125.557, 0.00057895, 52.5252
978, 16.30000, 0.118843, 7.56885, 6.01432, -157.399, 6.03372, 22.6427, 7.36116E-005, 44.6068, 0.00115625, -125.542, 0.000578558, 52.5403
979, 16.30833, 0.118857, 7.56898, 6.00913, -157.405, 6.0285, 22.6372, 7.3568E-005, 44.6208, 0.0011555, -125.527, 0.000578167, 52.5554
979, 16.31667, 0.118871, 7.56913, 6.00394, -157.411, 6.02329, 22.6318, 7.35246E-005, 44.6348, 0.00115475, -125.512, 0.000577775, 52.5706
980, 16.32500, 0.118886, 7.56929, 5.99876, -157.417, 6.01808, 22.6263, 7.34812E-005, 44.6488, 0.001154, -125.497, 0.000577385, 52.5857
980, 16.33333, 0.1189, 7.56947, 5.99359, -157.423, 6.01288, 22.6208, 7.34379E-005, 44.6628, 0.00115326, -125.482, 0.000576995, 52.6008
981, 16.34167, 0.118915, 7.56967, 5.98842, -157.429, 6.00769, 22.6153, 7.33946E-005, 44.6769, 0.00115251, -125.467, 0.000576605, 52.6159
981, 16.35000, 0.118929, 7.56988, 5.98325, -157.434, 6.0025, 22.6099, 7.33514E-005, 44.6909, 0.00115177, -125.452, 0.000576216, 52.6311
982, 16.35833, 0.118944, 7.57011, 5.9781, -157.44, 5.99731, 22.6044, 7.33083E-005, 44.7049, 0.00115102, -125.437, 0.000575827, 52.6462
982, 16.36667, 0.118959, 7.57036, 5.97295, -157.446, 5.99214, 22.599, 7.32652E-005, 44.7189, 0.00115028, -125.422, 0.000575438, 52.6613
982, 16.37500, 0.118974, 7.57062, 5.9678, -157.452, 5.98697, 22.5935, 7.32223E-005, 44.7329, 0.00114954, -125.407, 0.00057505, 52.6763
983, 16.38333, 0.118989, 7.5709, 5.96266, -157.458, 5.9818, 22.5881, 7.31793E-005, 44.747, 0.00114879, -125.392, 0.000574663, 52.6914
984, 16.39167, 0.119004, 7.5712, 5.95753, -157.464, 5.97664, 22.5827, 7.31365E-005, 44.761, 0.00114805, -125.377, 0.000574276, 52.7065
984, 16.40000, 0.11902, 7.57151, 5.9524, -157.469, 5.97149, 22.5772, 7.30937E-005, 44.775, 0.00114731, -125.362, 0.000573889, 52.7216
985, 16.40833, 0.119035, 7.57183, 5.94728, -157.475, 5.96634, 22.5718, 7.3051E-005, 44.789, 0.00114658, -125.347, 0.000573503, 52.7367
985, 16.41667, 0.119051, 7.57217, 5.94216, -157.481, 5.9612, 22.5664, 7.30083E-005, 44.8031, 0.00114584, -125.332, 0.000573117, 52.7518
986, 16.42500, 0.119066, 7.57253, 5.93705, -157.487, 5.95606, 22.561, 7.29658E-005, 44.8171, 0.0011451, -125.317, 0.000572732, 52.7668
986, 16.43333, 0.119082, 7.57291, 5.93195, -157.492, 5.95093, 22.5556, 7.29232E-005, 44.8311, 0.00114436, -125.302, 0.000572347, 52.7819
987, 16.44167, 0.119098, 7.57329, 5.92685, -157.498, 5.94581, 22.5502, 7.28808E-005, 44.8452, 0.00114363, -125.287, 0.000571962, 52.7969
987, 16.45000, 0.119114, 7.5737, 5.92176, -157.504, 5.94069, 22.5449, 7.28384E-005, 44.8592, 0.00114289, -125.272, 0.000571578, 52.812
988, 16.45833, 0.11913, 7.57412, 5.91667, -157.51, 5.93558, 22.5395, 7.27961E-005, 44.8732, 0.00114216, -125.257, 0.000571195, 52.827
988, 16.46667, 0.119146, 7.57455, 5.91159, -157.516, 5.93047, 22.5341, 7.27538E-005, 44.8873, 0.00114143, -125.242, 0.000570812, 52.8421
989, 16.47500, 0.119162, 7.575, 5.90652, -157.521, 5.92537, 22.5288, 7.27116E-005, 44.9013, 0.00114069, -125.227, 0.000570429, 52.8571
989, 16.48333, 0.119179, 7.57547, 5.90145, -157.527, 5.92027, 22.5234, 7.26695E-005, 44.9153, 0.00113996, -125.212, 0.000570046, 52.8721
990, 16.49167, 0.119195, 7.57595, 5.89639, -157.533, 5.91518, 22.5181, 7.26275E-005, 44.9294, 0.00113923, -125.197, 0.000569665, 52.8871
990, 16.50000, 0.119212, 7.57645, 5.89133, -157.538, 5.9101, 22.5127, 7.25855E-005, 44.9434, 0.0011385, -125.182, 0.000569283, 52.9022
991, 16.50833, 0.119229, 7.57696, 5.88628, -157.544, 5.90502, 22.5074, 7.25436E-005, 44.9574, 0.00113777, -125.167, 0.000568902, 52.9172
991, 16.51667, 0.119245, 7.57748, 5.88123, -157.55, 5.89995, 22.5021, 7.25017E-005, 44.9715, 0.00113705, -125.153, 0.000568521, 52.9322
991, 16.52500, 0.119262, 7.57802, 5.87619, -157.556, 5.89489, 22.4967, 7.24599E-005, 44.9855, 0.00113632, -125.138, 0.000568141, 52.9472
992, 16.53333, 0.119279, 7.57858, 5.87116, -157.561, 5.88983, 22.4914, 7.24182E-005, 44.9996, 0.00113559, -125.123, 0.000567761, 52.9622
993, 16.54167, 0.119297, 7.57915, 5.86613, -157.567, 5.88477, 22.4861, 7.23765E-005, 45.0136, 0.00113487, -125.108, 0.000567382, 52.9772
993, 16.55000, 0.119314, 7.57973, 5.8611, -157.573, 5.87972, 22.4808, 7.23349E-005, 45.0276, 0.00113414, -125.093, 0.000567003, 52.9921
994, 16.55833, 0.119331, 7.58033, 5.85609, -157.578, 5.87468, 22.4755, 7.22934E-005, 45.0417, 0.00113342, -125.078, 0.000566625, 53.0071
994, 16.56667, 0.119349, 7.58094, 5.85107, -157.584, 5.86964, 22.4703, 7.22519E-005, 45.0557, 0.00113269, -125.063, 0.000566247, 53.0221
995, 16.57500, 0.119366, 7.58157, 5.84607, -157.59, 5.86461, 22.465, 7.22105E-005, 45.0698, 0.00113197, -125.048, 0.000565869, 53.0371
995, 16.58333, 0.119384, 7.58221, 5.84107, -157.595, 5.85958, 22.4597, 7.21692E-005, 45.0838, 0.00113125, -125.034, 0.000565492, 53.052
996, 16.59167, 0.119402, 7.58287, 5.83607, -157.601, 5.85456, 22.4544, 7.21279E-005, 45.0979, 0.00113053, -125.019, 0.000565115, 53.067
996, 16.60000, 0.11942, 7.58354, 5.83108, -157.607, 5.84955, 22.4492, 7.20867E-005, 45.1119, 0.00112981, -125.004, 0.000564738, 53.082
997, 16.60833, 0.119438, 7.58422, 5.8261, -157.612, 5.84454, 22.4439, 7.20456E-005, 45.1259, 0.00112909, -124.989, 0.000564362, 53.0969
997, 16.61667, 0.119456, 7.58492, 5.82112, -157.618, 5.83953, 22.4387, 7.20045E-005, 45.14, 0.00112837, -124.974, 0.000563987, 53.1119
998, 16.62500, 0.119474, 7.58563, 5.81615, -157.623, 5.83453, 22.4334, 7.19634E-005, 45.154, 0.00112765, -124.959, 0.000563612, 53.1268
998, 16.63333, 0.119493, 7.58636, 5.81118, -157.629, 5.82954, 22.4282, 7.19225E-005, 45.1681, 0.00112694, -124.945, 0.000563237, 53.1417
999, 16.64167, 0.119511, 7.5871, 5.80622, -157.635, 5.82455, 22.423, 7.18816E-005, 45.1821, 0.00112622, -124.93, 0.000562862, 53.1567
999, 16.65000, 0.11953, 7.58785, 5.80126, -157.64, 5.81957, 22.4178, 7.18408E-005, 45.1962, 0.00112551, -124.915, 0.000562489, 53.1716
999, 16.65833, 0.119548, 7.58862, 5.79631, -157.646, 5.8146, 22.4125, 7.18E-005, 45.2102, 0.00112479, -124.9, 0.000562115, 53.1865
1000, 16.66667, 0.119567, 7.5894, 5.79137, -157.651, 5.80963, 22.4073, 7.17593E-005, 45.2243, 0.00112408, -124.885, 0.000561742, 53.2014
1001, 16.67500, 0.119586, 7.59019, 5.78643, -157.657, 5.80466, 22.4021, 7.17186E-005, 45.2384, 0.00112336, -124.871, 0.000561369, 53.2163
1001, 16.68333, 0.119605, 7.591, 5.78149, -157.663, 5.7997, 22.3969, 7.16781E-005, 45.2524, 0.00112265, -124.856, 0.000560997, 53.2312
1002, 16.69167, 0.119624, 7.59182, 5.77657, -157.668, 5.79475, 22.3918, 7.16375E-005, 45.2665, 0.00112194, -124.841, 0.000560625, 53.2461
1002, 16.70000, 0.119643, 7.59266, 5.77164, -157.674, 5.7898, 22.3866, 7.15971E-005, 45.2805, 0.00112123, -124.826, 0.000560253, 53.261
1003, 16.70833, 0.119662, 7.5935, 5.76673, -157.679, 5.78486, 22.3814, 7.15567E-005, 45.2946, 0.00112052, -124.812, 0.000559882, 53.2759
1003, 16.71667, 0.119682, 7.59437, 5.76181, -157.685, 5.77992, 22.3762, 7.15164E-005, 45.3086, 0.00111981, -124.797, 0.000559511, 53.2908
1004, 16.72500, 0.119701, 7.59524, 5.75691, -157.69, 5.77499, 22.3711, 7.14761E-005, 45.3227, 0.0011191, -124.782, 0.000559141, 53.3057
1004, 16.73333, 0.119721, 7.59613, 5.75201, -157.696, 5.77006, 22.3659, 7.14359E-005, 45.3368, 0.00111839, -124.767, 0.000558771, 53.3205
1005, 16.74167, 0.11974, 7.59703, 5.74711, -157.701, 5.76514, 22.3608, 7.13957E-005, 45.3508, 0.00111769, -124.753, 0.000558402, 53.3354
1005, 16.75000, 0.11976, 7.59794, 5.74222, -157.707, 5.76022, 22.3556, 7.13557E-005, 45.3649, 0.00111698, -124.738, 0.000558033, 53.3503
1006, 16.75833, 0.11978, 7.59886, 5.73734, -157.712, 5.75531, 22.3505, 7.13156E-005, 45.3789, 0.00111628, -124.723, 0.000557664, 53.3651
1006, 16.76667, 0.1198, 7.5998, 5.73246, -157.718, 5.75041, 22.3454, 7.12757E-005, 45.393, 0.00111557, -124.708, 0.000557296, 53.38
1007, 16.77500, 0.11982, 7.60075, 5.72758, -157.723, 5.74551, 22.3403, 7.12358E-005, 45.4071, 0.00111487, -124.694, 0.000556928, 53.3948
1007, 16.78333, 0.11984, 7.60172, 5.72271, -157.729, 5.74062, 22.3351, 7.11959E-005, 45.4211, 0.00111416, -124.679, 0.00055656, 53.4097
1007, 16.79167, 0.119861, 7.60269, 5.71785, -157.734, 5.73573, 22.33, 7.11562E-005, 45.4352, 0.00111346, -124.664, 0.000556193, 53.4245
1008, 16.80000, 0.119881, 7.60368, 5.71299, -157.74, 5.73084, 22.3249, 7.11164E-005, 45.4492, 0.00111276, -124.649, 0.000555826, 53.4393
1009, 16.80833, 0.119902, 7.60468, 5.70814, -157.745, 5.72597, 22.3198, 7.10768E-005, 45.4633, 0.00111206, -124.635, 0.00055546, 53.4542
1009, 16.81667, 0.119922, 7.6057, 5.70329, -157.751, 5.72109, 22.3147, 7.10372E-005, 45.4774, 0.00111136, -124.62, 0.000555094, 53.469
1010, 16.82500, 0.119943, 7.60672, 5.69845, -157.756, 5.71623, 22.3097, 7.09976E-005, 45.4914, 0.00111066, -124.605, 0.000554728, 53.4838
1010, 16.83333, 0.119964, 7.60776, 5.69362, -157.762, 5.71137, 22.3046, 7.09582E-005, 45.5055, 0.00110996, -124.591, 0.000554363, 53.4986
1011, 16.84167, 0.119985, 7.60881, 5.68879, -157.767, 5.70651, 22.2995, 7.09188E-005, 45.5196, 0.00110926, -124.576, 0.000553998, 53.5134
1011, 16.85000, 0.120006, 7.60987, 5.68396, -157.772, 5.70166, 22.2944, 7.08794E-005, 45.5336, 0.00110857, -124.561, 0.000553634, 53.5282
1012, 16.85833, 0.120027, 7.61095, 5.67914, -157.778, 5.69681, 22.2894, 7.08401E-005, 45.5477, 0.00110787, -124.547, 0.00055327, 53.543
1012, 16.86667, 0.120048, 7.61203, 5.67432, -157.783, 5.69197, 22.2843, 7.08009E-005, 45.5618, 0.00110718, -124.532, 0.000552906, 53.5578
1013, 16.87500, 0.120069, 7.61313, 5.66951, -157.789, 5.68714, 22.2793, 7.07617E-005, 45.5759, 0.00110648, -124.517, 0.000552543, 53.5726
1013, 16.88333, 0.120091, 7.61424, 5.66471, -157.794, 5.68231, 22.2743, 7.07226E-005, 45.5899, 0.00110579, -124.503, 0.00055218, 53.5874
1014, 16.89167, 0.120112, 7.61536, 5.65991, -157.799, 5.67748, 22.2692, 7.06835E-005, 45.604, 0.00110509, -124.488, 0.000551818, 53.6021
1014, 16.90000, 0.120134, 7.6165, 5.65512, -157.805, 5.67266, 22.2642, 7.06445E-005, 45.6181, 0.0011044, -124.474, 0.000551456, 53.6169
1015, 16.90833, 0.120155, 7.61764, 5.65033, -157.81, 5.66785, 22.2592, 7.06056E-005, 45.6321, 0.00110371, -124.459, 0.000551094, 53.6317
1015, 16.91667, 0.120177, 7.6188, 5.64554, -157.816, 5.66304, 22.2542, 7.05667E-005, 45.6462, 0.00110302, -124.444, 0.000550733, 53.6464
1016, 16.92500, 0.120199, 7.61997, 5.64077, -157.821, 5.65824, 22.2492, 7.05279E-005, 45.6603, 0.00110233, -124.43, 0.000550372, 53.6612
1016, 16.93333, 0.120221, 7.62115, 5.63599, -157.826, 5.65344, 22.2442, 7.04891E-005, 45.6744, 0.00110164, -124.415, 0.000550011, 53.6759
1016, 16.94167, 0.120243, 7.62234, 5.63122, -157.832, 5.64865, 22.2392, 7.04504E-005, 45.6884, 0.00110095, -124.4, 0.000549651, 53.6907
1017, 16.95000, 0.120265, 7.62354, 5.62646, -157.837, 5.64386, 22.2342, 7.04118E-005, 45.7025, 0.00110026, -124.386, 0.000549291, 53.7054
1018, 16.95833, 0.120288, 7.62475, 5.6217, -157.842, 5.63908, 22.2292, 7.03732E-005, 45.7166, 0.00109957, -124.371, 0.000548932, 53.7202
1018, 16.96667, 0.12031, 7.62598, 5.61695, -157.848, 5.6343, 22.2242, 7.03347E-005, 45.7307, 0.00109889, -124.357, 0.000548573, 53.7349
1019, 16.97500, 0.120332, 7.62722, 5.6122, -157.853, 5.62953, 22.2192, 7.02962E-005, 45.7448, 0.0010982, -124.342, 0.000548214, 53.7496
1019, 16.98333, 0.120355, 7.62846, 5.60746, -157.858, 5.62476, 22.2143, 7.02578E-005, 45.7588, 0.00109751, -124.328, 0.000547856, 53.7643
1020, 16.99167, 0.120378, 7.62972, 5.60273, -157.864, 5.62, 22.2093, 7.02194E-005, 45.7729, 0.00109683, -124.313, 0.000547498, 53.779
1020, 17.00000, 0.1204, 7.63099, 5.59799, -157.869, 5.61524, 22.2044, 7.01811E-005, 45.787, 0.00109615, -124.298, 0.00054714, 53.7938
1021, 17.00833, 0.120423, 7.63227, 5.59327, -157.874, 5.61049, 22.1994, 7.01429E-005, 45.8011, 0.00109546, -124.284, 0.000546783, 53.8085
1021, 17.01667, 0.120446, 7.63356, 5.58854, -157.88, 5.60574, 22.1945, 7.01047E-005, 45.8152, 0.00109478, -124.269, 0.000546426, 53.8232
1022, 17.02500, 0.120469, 7.63487, 5.58383, -157.885, 5.601, 22.1896, 7.00666E-005, 45.8293, 0.0010941, -124.255, 0.00054607, 53.8379
1022, 17.03333, 0.120492, 7.63618, 5.57912, -157.89, 5.59627, 22.1846, 7.00285E-005, 45.8433, 0.00109342, -124.24, 0.000545714, 53.8525
1023, 17.04167, 0.120516, 7.6375, 5.57441, -157.895, 5.59154, 22.1797, 6.99905E-005, 45.8574, 0.00109274, -124.226, 0.000545358, 53.8672
1023, 17.05000, 0.120539, 7.63884, 5.56971, -157.901, 5.58681, 22.1748, 6.99526E-005, 45.8715, 0.00109206, -124.211, 0.000545003, 53.8819
1024, 17.05833, 0.120563, 7.64018, 5.56501, -157.906, 5.58209, 22.1699, 6.99147E-005, 45.8856, 0.00109138, -124.197, 0.000544648, 53.8966
1024, 17.06667, 0.120586, 7.64154, 5.56032, -157.911, 5.57737, 22.165, 6.98768E-005, 45.8997, 0.0010907, -124.182, 0.000544293, 53.9112
1025, 17.07500, 0.12061, 7.64291, 5.55564, -157.916, 5.57266, 22.1601, 6.98391E-005, 45.9138, 0.00109002, -124.168, 0.000543939, 53.9259
1025, 17.08333, 0.120633, 7.64428, 5.55096, -157.922, 5.56796, 22.1552, 6.98013E-005, 45.9279, 0.00108934, -124.153, 0.000543585, 53.9406
1026, 17.09167, 0.120657, 7.64567, 5.54628, -157.927, 5.56326, 22.1503, 6.97637E-005, 45.9419, 0.00108867, -124.139, 0.000543231, 53.9552
1026, 17.10000, 0.120681, 7.64707, 5.54161, -157.932, 5.55856, 22.1455, 6.97261E-005, 45.956, 0.00108799, -124.124, 0.000542878, 53.9699
1027, 17.10833, 0.120705, 7.64847, 5.53694, -157.937, 5.55387, 22.1406, 6.96885E-005, 45.9701, 0.00108732, -124.11, 0.000542525, 53.9845
1027, 17.11667, 0.120729, 7.64989, 5.53228, -157.943, 5.54918, 22.1357, 6.9651E-005, 45.9842, 0.00108664, -124.095, 0.000542173, 53.9992
1028, 17.12500, 0.120753, 7.65132, 5.52763, -157.948, 5.5445, 22.1309, 6.96136E-005, 45.9983, 0.00108597, -124.081, 0.000541821, 54.0138
1028, 17.13333, 0.120778, 7.65276, 5.52297, -157.953, 5.53983, 22.126, 6.95762E-005, 46.0124, 0.0010853, -124.066, 0.000541469, 54.0284
1029, 17.14167, 0.120802, 7.65421, 5.51833, -157.958, 5.53516, 22.1212, 6.95389E-005, 46.0265, 0.00108463, -124.052, 0.000541118, 54.043
1029, 17.15000, 0.120827, 7.65567, 5.51369, -157.963, 5.53049, 22.1163, 6.95016E-005, 46.0406, 0.00108395, -124.037, 0.000540767, 54.0577
1030, 17.15833, 0.120851, 7.65713, 5.50905, -157.968, 5.52583, 22.1115, 6.94644E-005, 46.0547, 0.00108328, -124.023, 0.000540416, 54.0723
1030, 17.16667, 0.120876, 7.65861, 5.50442, -157.974, 5.52118, 22.1067, 6.94272E-005, 46.0688, 0.00108261, -124.008, 0.000540066, 54.0869
1031, 17.17500, 0.120901, 7.6601, 5.49979, -157.979, 5.51653, 22.1018, 6.93901E-005, 46.0829, 0.00108194, -123.994, 0.000539716, 54.1015
1031, 17.18333, 0.120926, 7.6616, 5.49517, -157.984, 5.51188, 22.097, 6.93531E-005, 46.097, 0.00108128, -123.979, 0.000539366, 54.1161
1032, 17.19167, 0.12095, 7.66311, 5.49056, -157.989, 5.50724, 22.0922, 6.93161E-005, 46.1111, 0.00108061, -123.965, 0.000539017, 54.1307
1032, 17.20000, 0.120976, 7.66462, 5.48594, -157.994, 5.5026, 22.0874, 6.92791E-005, 46.1251, 0.00107994, -123.951, 0.000538668, 54.1453
1033, 17.20833, 0.121001, 7.66615, 5.48134, -157.999, 5.49797, 22.0826, 6.92422E-005, 46.1392, 0.00107927, -123.936, 0.00053832, 54.1598
1033, 17.21667, 0.121026, 7.66769, 5.47674, -158.005, 5.49335, 22.0778, 6.92054E-005, 46.1533, 0.00107861, -123.922, 0.000537971, 54.1744
1034, 17.22500, 0.121051, 7.66923, 5.47214, -158.01, 5.48873, 22.0731, 6.91686E-005, 46.1674, 0.00107794, -123.907, 0.000537624, 54.189
1034, 17.23333, 0.121077, 7.67079, 5.46755, -158.015, 5.48411, 22.0683, 6.91319E-005, 46.1815, 0.00107728, -123.893, 0.000537276, 54.2036
1035, 17.24167, 0.121102, 7.67235, 5.46296, -158.02, 5.4795, 22.0635, 6.90953E-005, 46.1956, 0.00107661, -123.878, 0.000536929, 54.2181
1035, 17.25000, 0.121128, 7.67393, 5.45838, -158.025, 5.47489, 22.0587, 6.90587E-005, 46.2097, 0.00107595, -123.864, 0.000536582, 54.2327
1036, 17.25833, 0.121153, 7.67551, 5.4538, -158.03, 5.47029, 22.054, 6.90221E-005, 46.2238, 0.00107529, -123.85, 0.000536236, 54.2472
1036, 17.26667, 0.121179, 7.6771, 5.44923, -158.035, 5.46569, 22.0492, 6.89856E-005, 46.2379, 0.00107462, -123.835, 0.00053589, 54.2618
1037, 17.27500, 0.121205, 7.67871, 5.44466, -158.04, 5.4611, 22.0445, 6.89492E-005, 46.252, 0.00107396, -123.821, 0.000535544, 54.2763
1037, 17.28333, 0.121231, 7.68032, 5.4401, -158.045, 5.45651, 22.0397, 6.89128E-005, 46.2662, 0.0010733, -123.807, 0.000535199, 54.2909
1038, 17.29167, 0.121257, 7.68194, 5.43554, -158.05, 5.45193, 22.035, 6.88764E-005, 46.2803, 0.00107264, -123.792, 0.000534854, 54.3054
1038, 17.30000, 0.121283, 7.68357, 5.43099, -158.055, 5.44735, 22.0303, 6.88401E-005, 46.2944, 0.00107198, -123.778, 0.000534509, 54.3199
1039, 17.30833, 0.121309, 7.6852, 5.42644, -158.061, 5.44278, 22.0255, 6.88039E-005, 46.3085, 0.00107132, -123.763, 0.000534165, 54.3344
1039, 17.31667, 0.121336, 7.68685, 5.42189, -158.066, 5.43821, 22.0208, 6.87677E-005, 46.3226, 0.00107067, -123.749, 0.000533821, 54.349
1040, 17.32500, 0.121362, 7.68851, 5.41736, -158.071, 5.43365, 22.0161, 6.87316E-005, 46.3367, 0.00107001, -123.735, 0.000533477, 54.3635
1040, 17.33333, 0.121389, 7.69017, 5.41282, -158.076, 5.42909, 22.0114, 6.86955E-005, 46.3508, 0.00106935, -123.72, 0.000533134, 54.378
1041, 17.34167, 0.121415, 7.69185, 5.40829, -158.081, 5.42454, 22.0067, 6.86595E-005, 46.3649, 0.0010687, -123.706, 0.000532791, 54.3925
1041, 17.35000, 0.121442, 7.69353, 5.40377, -158.086, 5.41999, 22.002, 6.86236E-005, 46.379, 0.00106804, -123.692, 0.000532448, 54.407
1042, 17.35833, 0.121469, 7.69522, 5.39925, -158.091, 5.41545, 21.9973, 6.85877E-005, 46.3931, 0.00106739, -123.677, 0.000532106, 54.4215
1042, 17.36667, 0.121496, 7.69692, 5.39473, -158.096, 5.41091, 21.9926, 6.85518E-005, 46.4072, 0.00106673, -123.663, 0.000531764, 54.436
1043, 17.37500, 0.121523, 7.69863, 5.39022, -158.101, 5.40637, 21.988, 6.8516E-005, 46.4213, 0.00106608, -123.649, 0.000531422, 54.4504
1043, 17.38333, 0.12155, 7.70035, 5.38572, -158.106, 5.40184, 21.9833, 6.84803E-005, 46.4354, 0.00106542, -123.635, 0.000531081, 54.4649
1044, 17.39167, 0.121577, 7.70207, 5.38121, -158.111, 5.39732, 21.9786, 6.84446E-005, 46.4496, 0.00106477, -123.62, 0.00053074, 54.4794
1044, 17.40000, 0.121604, 7.70381, 5.37672, -158.116, 5.3928, 21.974, 6.84089E-005, 46.4637, 0.00106412, -123.606, 0.000530399, 54.4939
1045, 17.40833, 0.121631, 7.70555, 5.37223, -158.121, 5.38828, 21.9693, 6.83733E-005, 46.4778, 0.00106347, -123.592, 0.000530059, 54.5083
1045, 17.41667, 0.121659, 7.7073, 5.36774, -158.126, 5.38377, 21.9647, 6.83378E-005, 46.4919, 0.00106282, -123.577, 0.000529719, 54.5228
1046, 17.42500, 0.121686, 7.70906, 5.36326, -158.131, 5.37927, 21.96, 6.83023E-005, 46.506, 0.00106217, -123.563, 0.000529379, 54.5372
1046, 17.43333, 0.121714, 7.71083, 5.35878, -158.136, 5.37477, 21.9554, 6.82669E-005, 46.5201, 0.00106152, -123.549, 0.00052904, 54.5517
1047, 17.44167, 0.121742, 7.71261, 5.35431, -158.141, 5.37027, 21.9508, 6.82315E-005, 46.5342, 0.00106087, -123.535, 0.000528701, 54.5661
1047, 17.45000, 0.121769, 7.71439, 5.34984, -158.146, 5.36578, 21.9461, 6.81962E-005, 46.5483, 0.00106022, -123.52, 0.000528362, 54.5806
1048, 17.45833, 0.121797, 7.71618, 5.34537, -158.15, 5.36129, 21.9415, 6.81609E-005, 46.5625, 0.00105958, -123.506, 0.000528024, 54.595
1048, 17.46667, 0.121825, 7.71798, 5.34092, -158.155, 5.35681, 21.9369, 6.81256E-005, 46.5766, 0.00105893, -123.492, 0.000527686, 54.6094
1049, 17.47500, 0.121853, 7.71979, 5.33646, -158.16, 5.35233, 21.9323, 6.80905E-005, 46.5907, 0.00105828, -123.478, 0.000527348, 54.6238
1049, 17.48333, 0.121881, 7.72161, 5.33201, -158.165, 5.34786, 21.9277, 6.80554E-005, 46.6048, 0.00105764, -123.463, 0.000527011, 54.6383
1050, 17.49167, 0.121909, 7.72343, 5.32757, -158.17, 5.34339, 21.9231, 6.80203E-005, 46.6189, 0.00105699, -123.449, 0.000526674, 54.6527
1050, 17.50000, 0.121938, 7.72527, 5.32313, -158.175, 5.33892, 21.9185, 6.79853E-005, 46.6331, 0.00105635, -123.435, 0.000526337, 54.6671
1051, 17.50833, 0.121966, 7.72711, 5.31869, -158.18, 5.33446, 21.9139, 6.79503E-005, 46.6472, 0.00105571, -123.421, 0.000526001, 54.6815
1051, 17.51667, 0.121995, 7.72895, 5.31426, -158.185, 5.33001, 21.9094, 6.79154E-005, 46.6613, 0.00105506, -123.406, 0.000525665, 54.6959
1052, 17.52500, 0.122023, 7.73081, 5.30983, -158.19, 5.32556, 21.9048, 6.78805E-005, 46.6754, 0.00105442, -123.392, 0.000525329, 54.7103
1052, 17.53333, 0.122052, 7.73267, 5.30541, -158.195, 5.32111, 21.9002, 6.78457E-005, 46.6895, 0.00105378, -123.378, 0.000524994, 54.7247
1053, 17.54167, 0.12208, 7.73455, 5.30099, -158.199, 5.31667, 21.8957, 6.78109E-005, 46.7037, 0.00105314, -123.364, 0.000524659, 54.739
1053, 17.55000, 0.122109, 7.73642, 5.29658, -158.204, 5.31224, 21.8911, 6.77762E-005, 46.7178, 0.0010525, -123.35, 0.000524324, 54.7534
1054, 17.55833, 0.122138, 7.73831, 5.29217, -158.209, 5.3078, 21.8866, 6.77416E-005, 46.7319, 0.00105186, -123.335, 0.00052399, 54.7678
1054, 17.56667, 0.122167, 7.74021, 5.28777, -158.214, 5.30338, 21.882, 6.7707E-005, 46.746, 0.00105122, -123.321, 0.000523656, 54.7822
1055, 17.57500, 0.122196, 7.74211, 5.28337, -158.219, 5.29895, 21.8775, 6.76724E-005, 46.7602, 0.00105058, -123.307, 0.000523322, 54.7965
1055, 17.58333, 0.122225, 7.74402, 5.27897, -158.224, 5.29454, 21.873, 6.76379E-005, 46.7743, 0.00104994, -123.293, 0.000522989, 54.8109
1056, 17.59167, 0.122255, 7.74593, 5.27458, -158.229, 5.29012, 21.8685, 6.76034E-005, 46.7884, 0.00104931, -123.279, 0.000522655, 54.8252
1056, 17.60000, 0.122284, 7.74786, 5.27019, -158.233, 5.28571, 21.8639, 6.7569E-005, 46.8025, 0.00104867, -123.264, 0.000522323, 54.8396
1057, 17.60833, 0.122313, 7.74979, 5.26581, -158.238, 5.28131, 21.8594, 6.75347E-005, 46.8167, 0.00104803, -123.25, 0.00052199, 54.8539
1057, 17.61667, 0.122343, 7.75173, 5.26143, -158.243, 5.27691, 21.8549, 6.75004E-005, 46.8308, 0.0010474, -123.236, 0.000521658, 54.8683
1058, 17.62500, 0.122373, 7.75367, 5.25706, -158.248, 5.27251, 21.8504, 6.74661E-005, 46.8449, 0.00104676, -123.222, 0.000521326, 54.8826
1058, 17.63333, 0.122402, 7.75563, 5.25269, -158.253, 5.26812, 21.8459, 6.74319E-005, 46.8591, 0.00104613, -123.208, 0.000520995, 54.8969
1059, 17.64167, 0.122432, 7.75759, 5.24833, -158.258, 5.26373, 21.8414, 6.73978E-005, 46.8732, 0.00104549, -123.194, 0.000520663, 54.9113
1059, 17.65000, 0.122462, 7.75956, 5.24397, -158.262, 5.25935, 21.8369, 6.73636E-005, 46.8873, 0.00104486, -123.18, 0.000520333, 54.9256
1060, 17.65833, 0.122492, 7.76153, 5.23962, -158.267, 5.25497, 21.8325, 6.73296E-005, 46.9014, 0.00104423, -123.165, 0.000520002, 54.9399
1060, 17.66667, 0.122522, 7.76351, 5.23527, -158.272, 5.2506, 21.828, 6.72956E-005, 46.9156, 0.0010436, -123.151, 0.000519672, 54.9542
1061, 17.67500, 0.122552, 7.7655, 5.23092, -158.277, 5.24623, 21.8235, 6.72616E-005, 46.9297, 0.00104297, -123.137, 0.000519342, 54.9685
1061, 17.68333, 0.122582, 7.7675, 5.22658, -158.281, 5.24187, 21.8191, 6.72277E-005, 46.9438, 0.00104234, -123.123, 0.000519012, 54.9828
1062, 17.69167, 0.122612, 7.7695, 5.22224, -158.286, 5.23751, 21.8146, 6.71939E-005, 46.958, 0.0010417, -123.109, 0.000518683, 54.9971
1062, 17.70000, 0.122643, 7.77151, 5.21791, -158.291, 5.23315, 21.8102, 6.71601E-005, 46.9721, 0.00104108, -123.095, 0.000518354, 55.0114
1063, 17.70833, 0.122673, 7.77353, 5.21358, -158.296, 5.2288, 21.8057, 6.71263E-005, 46.9862, 0.00104045, -123.081, 0.000518025, 55.0257
1063, 17.71667, 0.122704, 7.77555, 5.20926, -158.3, 5.22445, 21.8013, 6.70926E-005, 47.0004, 0.00103982, -123.067, 0.000517696, 55.04
1063, 17.72500, 0.122734, 7.77758, 5.20494, -158.305, 5.22011, 21.7969, 6.70589E-005, 47.0145, 0.00103919, -123.053, 0.000517368, 55.0542
1064, 17.73333, 0.122765, 7.77962, 5.20062, -158.31, 5.21577, 21.7924, 6.70253E-005, 47.0287, 0.00103856, -123.039, 0.000517041, 55.0685
1065, 17.74167, 0.122796, 7.78166, 5.19631, -158.315, 5.21144, 21.788, 6.69917E-005, 47.0428, 0.00103794, -123.024, 0.000516713, 55.0828
1065, 17.75000, 0.122827, 7.78371, 5.192, -158.319, 5.20711, 21.7836, 6.69582E-005, 47.0569, 0.00103731, -123.01, 0.000516386, 55.097
1065, 17.75833, 0.122858, 7.78577, 5.1877, -158.324, 5.20279, 21.7792, 6.69248E-005, 47.0711, 0.00103668, -122.996, 0.000516059, 55.1113
1066, 17.76667, 0.122889, 7.78783, 5.1834, -158.329, 5.19847, 21.7748, 6.68914E-005, 47.0852, 0.00103606, -122.982, 0.000515732, 55.1255
1067, 17.77500, 0.12292, 7.7899, 5.17911, -158.333, 5.19415, 21.7704, 6.6858E-005, 47.0994, 0.00103544, -122.968, 0.000515406, 55.1398
1067, 17.78333, 0.122951, 7.79198, 5.17482, -158.338, 5.18984, 21.766, 6.68247E-005, 47.1135, 0.00103481, -122.954, 0.00051508, 55.154
1067, 17.79167, 0.122982, 7.79406, 5.17054, -158.343, 5.18553, 21.7616, 6.67914E-005, 47.1276, 0.00103419, -122.94, 0.000514754, 55.1683
1068, 17.80000, 0.123014, 7.79615, 5.16626, -158.348, 5.18123, 21.7572, 6.67582E-005, 47.1418, 0.00103357, -122.926, 0.000514429, 55.1825
1069, 17.80833, 0.123045, 7.79824, 5.16198, -158.352, 5.17693, 21.7528, 6.6725E-005, 47.1559, 0.00103294, -122.912, 0.000514104, 55.1967
1069, 17.81667, 0.123077, 7.80035, 5.15771, -158.357, 5.17264, 21.7485, 6.66919E-005, 47.1701, 0.00103232, -122.898, 0.000513779, 55.211
1069, 17.82500, 0.123108, 7.80246, 5.15344, -158.362, 5.16835, 21.7441, 6.66588E-005, 47.1842, 0.0010317, -122.884, 0.000513455, 55.2252
1070, 17.83333, 0.12314, 7.80457, 5.14918, -158.366, 5.16406, 21.7398, 6.66258E-005, 47.1984, 0.00103108, -122.87, 0.000513131, 55.2394
1071, 17.84167, 0.123172, 7.80669, 5.14492, -158.371, 5.15978, 21.7354, 6.65928E-005, 47.2125, 0.00103046, -122.856, 0.000512807, 55.2536
1071, 17.85000, 0.123204, 7.80882, 5.14066, -158.375, 5.1555, 21.7311, 6.65598E-005, 47.2267, 0.00102984, -122.842, 0.000512483, 55.2678
1071, 17.85833, 0.123236, 7.81095, 5.13641, -158.38, 5.15123, 21.7267, 6.6527E-005, 47.2408, 0.00102922, -122.828, 0.00051216, 55.282
1072, 17.86667, 0.123268, 7.81309, 5.13217, -158.385, 5.14696, 21.7224, 6.64941E-005, 47.2549, 0.00102861, -122.814, 0.000511837, 55.2962
1073, 17.87500, 0.1233, 7.81524, 5.12793, -158.389, 5.1427, 21.718, 6.64613E-005, 47.2691, 0.00102799, -122.8, 0.000511514, 55.3104
1073, 17.88333, 0.123332, 7.81739, 5.12369, -158.394, 5.13844, 21.7137, 6.64286E-005, 47.2832, 0.00102737, -122.786, 0.000511192, 55.3246
1073, 17.89167, 0.123365, 7.81954, 5.11945, -158.399, 5.13418, 21.7094, 6.63959E-005, 47.2974, 0.00102675, -122.772, 0.00051087, 55.3387
1074, 17.90000, 0.123397, 7.82171, 5.11523, -158.403, 5.12993, 21.7051, 6.63632E-005, 47.3115, 0.00102614, -122.758, 0.000510548, 55.3529
1075, 17.90833, 0.123429, 7.82388, 5.111, -158.408, 5.12568, 21.7008, 6.63306E-005, 47.3257, 0.00102552, -122.744, 0.000510226, 55.3671
1075, 17.91667, 0.123462, 7.82605, 5.10678, -158.412, 5.12144, 21.6965, 6.62981E-005, 47.3399, 0.00102491, -122.73, 0.000509905, 55.3812
1075, 17.92500, 0.123495, 7.82823, 5.10256, -158.417, 5.1172, 21.6922, 6.62656E-005, 47.354, 0.00102429, -122.716, 0.000509584, 55.3954
1076, 17.93333, 0.123527, 7.83042, 5.09835, -158.422, 5.11297, 21.6879, 6.62331E-005, 47.3682, 0.00102368, -122.702, 0.000509264, 55.4096
1077, 17.94167, 0.12356, 7.83261, 5.09414, -158.426, 5.10874, 21.6836, 6.62007E-005, 47.3823, 0.00102307, -122.688, 0.000508943, 55.4237
1077, 17.95000, 0.123593, 7.83481, 5.08994, -158.431, 5.10451, 21.6793, 6.61683E-005, 47.3965, 0.00102246, -122.674, 0.000508623, 55.4379
1077, 17.95833, 0.123626, 7.83702, 5.08574, -158.435, 5.10029, 21.675, 6.6136E-005, 47.4106, 0.00102184, -122.66, 0.000508303, 55.452
1078, 17.96667, 0.123659, 7.83923, 5.08154, -158.44, 5.09607, 21.6708, 6.61037E-005, 47.4248, 0.00102123, -122.646, 0.000507984, 55.4661
1079, 17.97500, 0.123692, 7.84144, 5.07735, -158.444, 5.09186, 21.6665, 6.60715E-005, 47.4389, 0.00102062, -122.632, 0.000507665, 55.4803
1079, 17.98333, 0.123725, 7.84366, 5.07316, -158.449, 5.08765, 21.6623, 6.60393E-005, 47.4531, 0.00102001, -122.619, 0.000507346, 55.4944
1079, 17.99167, 0.123758, 7.84589, 5.06898, -158.453, 5.08344, 21.658, 6.60072E-005, 47.4672, 0.0010194, -122.605, 0.000507027, 55.5085
1080, 18.00000, 0.123792, 7.84812, 5.0648, -158.458, 5.07924, 21.6538, 6.59751E-005, 47.4814, 0.00101879, -122.591, 0.000506709, 55.5226
1081, 18.00833, 0.123825, 7.85036, 5.06063, -158.463, 5.07504, 21.6495, 6.5943E-005, 47.4956, 0.00101818, -122.577, 0.000506391, 55.5367
1081, 18.01667, 0.123859, 7.8526, 5.05645, -158.467, 5.07085, 21.6453, 6.5911E-005, 47.5097, 0.00101757, -122.563, 0.000506073, 55.5509
1081, 18.02500, 0.123892, 7.85485, 5.05229, -158.472, 5.06666, 21.641, 6.58791E-005, 47.5239, 0.00101697, -122.549, 0.000505756, 55.565
1082, 18.03333, 0.123926, 7.8571, 5.04813, -158.476, 5.06248, 21.6368, 6.58472E-005, 47.538, 0.00101636, -122.535, 0.000505439, 55.5791
1083, 18.04167, 0.12396, 7.85936, 5.04397, -158.481, 5.0583, 21.6326, 6.58153E-005, 47.5522, 0.00101575, -122.521, 0.000505122, 55.5931
1083, 18.05000, 0.123994, 7.86163, 5.03981, -158.485, 5.05412, 21.6284, 6.57835E-005, 47.5664, 0.00101515, -122.507, 0.000504805, 55.6072
1083, 18.05833, 0.124028, 7.8639, 5.03566, -158.49, 5.04995, 21.6242, 6.57518E-005, 47.5805, 0.00101454, -122.493, 0.000504489, 55.6213
1084, 18.06667, 0.124062, 7.86617, 5.03151, -158.494, 5.04578, 21.62, 6.572E-005, 47.5947, 0.00101394, -122.48, 0.000504173, 55.6354
1085, 18.07500, 0.124096, 7.86845, 5.02737, -158.498, 5.04162, 21.6158, 6.56883E-005, 47.6089, 0.00101333, -122.466, 0.000503857, 55.6495
1085, 18.08333, 0.12413, 7.87074, 5.02323, -158.503, 5.03746, 21.6116, 6.56567E-005, 47.623, 0.00101273, -122.452, 0.000503541, 55.6635
1085, 18.09167, 0.124164, 7.87303, 5.0191, -158.507, 5.0333, 21.6074, 6.56251E-005, 47.6372, 0.00101213, -122.438, 0.000503226, 55.6776
1086, 18.10000, 0.124199, 7.87533, 5.01497, -158.512, 5.02915, 21.6032, 6.55936E-005, 47.6514, 0.00101152, -122.424, 0.000502911, 55.6917
1087, 18.10833, 0.124233, 7.87763, 5.01084, -158.516, 5.025, 21.599, 6.55621E-005, 47.6655, 0.00101092, -122.41, 0.000502597, 55.7057
1087, 18.11667, 0.124267, 7.87993, 5.00672, -158.521, 5.02086, 21.5949, 6.55307E-005, 47.6797, 0.00101032, -122.396, 0.000502282, 55.7198
1087, 18.12500, 0.124302, 7.88225, 5.0026, -158.525, 5.01672, 21.5907, 6.54992E-005, 47.6939, 0.00100972, -122.383, 0.000501968, 55.7338
1088, 18.13333, 0.124337, 7.88456, 4.99849, -158.53, 5.01259, 21.5865, 6.54679E-005, 47.708, 0.00100912, -122.369, 0.000501654, 55.7479
1089, 18.14167, 0.124371, 7.88688, 4.99438, -158.534, 5.00845, 21.5824, 6.54366E-005, 47.7222, 0.00100852, -122.355, 0.000501341, 55.7619
1089, 18.15000, 0.124406, 7.88921, 4.99027, -158.538, 5.00433, 21.5782, 6.54053E-005, 47.7364, 0.00100792, -122.341, 0.000501028, 55.7759
1089, 18.15833, 0.124441, 7.89154, 4.98617, -158.543, 5.0002, 21.5741, 6.53741E-005, 47.7506, 0.00100732, -122.327, 0.000500715, 55.7899
1090, 18.16667, 0.124476, 7.89388, 4.98207, -158.547, 4.99609, 21.57, 6.53429E-005, 47.7647, 0.00100672, -122.314, 0.000500402, 55.804
1091, 18.17500, 0.124511, 7.89622, 4.97798, -158.552, 4.99197, 21.5658, 6.53118E-005, 47.7789, 0.00100612, -122.3, 0.000500089, 55.818
1091, 18.18333, 0.124546, 7.89856, 4.97389, -158.556, 4.98786, 21.5617, 6.52807E-005, 47.7931, 0.00100552, -122.286, 0.000499777, 55.832
1091, 18.19167, 0.124581, 7.90091, 4.9698, -158.561, 4.98375, 21.5576, 6.52496E-005, 47.8073, 0.00100493, -122.272, 0.000499465, 55.846
1092, 18.20000, 0.124617, 7.90327, 4.96572, -158.565, 4.97965, 21.5535, 6.52186E-005, 47.8214, 0.00100433, -122.258, 0.000499154, 55.86
1093, 18.20833, 0.124652, 7.90563, 4.96164, -158.569, 4.97555, 21.5493, 6.51877E-005, 47.8356, 0.00100373, -122.245, 0.000498843, 55.874
1093, 18.21667, 0.124688, 7.90799, 4.95757, -158.574, 4.97145, 21.5452, 6.51567E-005, 47.8498, 0.00100314, -122.231, 0.000498531, 55.888
1093, 18.22500, 0.124723, 7.91036, 4.9535, -158.578, 4.96736, 21.5411, 6.51259E-005, 47.864, 0.00100254, -122.217, 0.000498221, 55.902
1094, 18.23333, 0.124759, 7.91273, 4.94943, -158.582, 4.96328, 21.537, 6.50951E-005, 47.8781, 0.00100195, -122.203, 0.00049791, 55.916
1095, 18.24167, 0.124794, 7.91511, 4.94537, -158.587, 4.95919, 21.5329, 6.50643E-005, 47.8923, 0.00100136, -122.189, 0.0004976, 55.93
1095, 18.25000, 0.12483, 7.91749, 4.94131, -158.591, 4.95511, 21.5289, 6.50335E-005, 47.9065, 0.00100076, -122.176, 0.00049729, 55.9439
1095, 18.25833, 0.124866, 7.91988, 4.93726, -158.595, 4.95104, 21.5248, 6.50028E-005, 47.9207, 0.00100017, -122.162, 0.00049698, 55.9579
1096, 18.26667, 0.124902, 7.92227, 4.93321, -158.6, 4.94697, 21.5207, 6.49722E-005, 47.9349, 0.000999576, -122.148, 0.000496671, 55.9719
1097, 18.27500, 0.124938, 7.92467, 4.92916, -158.604, 4.9429, 21.5166, 6.49416E-005, 47.9491, 0.000998984, -122.134, 0.000496361, 55.9858
1097, 18.28333, 0.124974, 7.92707, 4.92512, -158.608, 4.93884, 21.5126, 6.4911E-005, 47.9632, 0.000998393, -122.121, 0.000496053, 55.9998
1098, 18.29167, 0.12501, 7.92947, 4.92108, -158.613, 4.93478, 21.5085, 6.48805E-005, 47.9774, 0.000997802, -122.107, 0.000495744, 56.0137
1098, 18.30000, 0.125047, 7.93188, 4.91705, -158.617, 4.93072, 21.5045, 6.485E-005, 47.9916, 0.000997212, -122.093, 0.000495435, 56.0277
1099, 18.30833, 0.125083, 7.9343, 4.91301, -158.621, 4.92667, 21.5004, 6.48196E-005, 48.0058, 0.000996622, -122.08, 0.000495127, 56.0416
1099, 18.31667, 0.125119, 7.93671, 4.90899, -158.626, 4.92262, 21.4964, 6.47892E-005, 48.02, 0.000996032, -122.066, 0.000494819, 56.0556
1100, 18.32500, 0.125156, 7.93914, 4.90496, -158.63, 4.91858, 21.4923, 6.47589E-005, 48.0342, 0.000995443, -122.052, 0.000494512, 56.0695
1100, 18.33333, 0.125192, 7.94156, 4.90094, -158.634, 4.91454, 21.4883, 6.47286E-005, 48.0484, 0.000994855, -122.038, 0.000494205, 56.0834
1101, 18.34167, 0.125229, 7.94399, 4.89693, -158.639, 4.9105, 21.4843, 6.46983E-005, 48.0625, 0.000994267, -122.025, 0.000493898, 56.0974
1101, 18.35000, 0.125266, 7.94643, 4.89292, -158.643, 4.90647, 21.4803, 6.46681E-005, 48.0767, 0.00099368, -122.011, 0.000493591, 56.1113
1102, 18.35833, 0.125302, 7.94887, 4.88891, -158.647, 4.90244, 21.4762, 6.46379E-005, 48.0909, 0.000993093, -121.997, 0.000493284, 56.1252
1102, 18.36667, 0.125339, 7.95131, 4.8849, -158.651, 4.89842, 21.4722, 6.46078E-005, 48.1051, 0.000992506, -121.984, 0.000492978, 56.1391
1103, 18.37500, 0.125376, 7.95376, 4.8809, -158.656, 4.89439, 21.4682, 6.45777E-005, 48.1193, 0.00099192, -121.97, 0.000492672, 56.153
1103, 18.38333, 0.125413, 7.95621, 4.87691, -158.66, 4.89038, 21.4642, 6.45477E-005, 48.1335, 0.000991335, -121.956, 0.000492366, 56.1669
1104, 18.39167, 0.12545, 7.95866, 4.87292, -158.664, 4.88636, 21.4602, 6.45177E-005, 48.1477, 0.00099075, -121.943, 0.000492061, 56.1808
1104, 18.40000, 0.125488, 7.96112, 4.86893, -158.668, 4.88236, 21.4562, 6.44877E-005, 48.1619, 0.000990165, -121.929, 0.000491755, 56.1947
1105, 18.40833, 0.125525, 7.96359, 4.86494, -158.673, 4.87835, 21.4523, 6.44578E-005, 48.1761, 0.000989581, -121.915, 0.00049145, 56.2086
1105, 18.41667, 0.125562, 7.96605, 4.86096, -158.677, 4.87435, 21.4483, 6.44279E-005, 48.1903, 0.000988998, -121.902, 0.000491146, 56.2225
1106, 18.42500, 0.1256, 7.96852, 4.85698, -158.681, 4.87035, 21.4443, 6.43981E-005, 48.2045, 0.000988415, -121.888, 0.000490841, 56.2363
1106, 18.43333, 0.125637, 7.971, 4.85301, -158.685, 4.86636, 21.4403, 6.43683E-005, 48.2187, 0.000987832, -121.874, 0.000490537, 56.2502
1107, 18.44167, 0.125675, 7.97348, 4.84904, -158.689, 4.86237, 21.4364, 6.43386E-005, 48.2329, 0.00098725, -121.861, 0.000490233, 56.2641
1107, 18.45000, 0.125712, 7.97596, 4.84507, -158.694, 4.85838, 21.4324, 6.43088E-005, 48.2471, 0.000986669, -121.847, 0.000489929, 56.2779
1108, 18.45833, 0.12575, 7.97845, 4.84111, -158.698, 4.8544, 21.4285, 6.42792E-005, 48.2613, 0.000986088, -121.833, 0.000489626, 56.2918
1108, 18.46667, 0.125788, 7.98094, 4.83715, -158.702, 4.85042, 21.4245, 6.42496E-005, 48.2755, 0.000985507, -121.82, 0.000489323, 56.3057
1109, 18.47500, 0.125826, 7.98343, 4.8332, -158.706, 4.84645, 21.4206, 6.422E-005, 48.2897, 0.000984927, -121.806, 0.00048902, 56.3195
1109, 18.48333, 0.125864, 7.98593, 4.82925, -158.71, 4.84247, 21.4166, 6.41905E-005, 48.3039, 0.000984347, -121.792, 0.000488717, 56.3334
1110, 18.49167, 0.125902, 7.98843, 4.8253, -158.715, 4.83851, 21.4127, 6.4161E-005, 48.3181, 0.000983768, -121.779, 0.000488415, 56.3472
1110, 18.50000, 0.12594, 7.99094, 4.82136, -158.719, 4.83454, 21.4088, 6.41315E-005, 48.3323, 0.00098319, -121.765, 0.000488113, 56.361
1111, 18.50833, 0.125978, 7.99345, 4.81742, -158.723, 4.83058, 21.4049, 6.41021E-005, 48.3465, 0.000982611, -121.752, 0.000487811, 56.3749
1111, 18.51667, 0.126016, 7.99596, 4.81348, -158.727, 4.82663, 21.4009, 6.40727E-005, 48.3607, 0.000982034, -121.738, 0.000487509, 56.3887
1112, 18.52500, 0.126055, 7.99847, 4.80955, -158.731, 4.82268, 21.397, 6.40434E-005, 48.3749, 0.000981456, -121.724, 0.000487207, 56.4025
1112, 18.53333, 0.126093, 8.00099, 4.80562, -158.735, 4.81873, 21.3931, 6.40141E-005, 48.3891, 0.00098088, -121.711, 0.000486906, 56.4163
1113, 18.54167, 0.126132, 8.00352, 4.80169, -158.739, 4.81478, 21.3892, 6.39849E-005, 48.4033, 0.000980303, -121.697, 0.000486605, 56.4301
1113, 18.55000, 0.12617, 8.00604, 4.79777, -158.744, 4.81084, 21.3853, 6.39557E-005, 48.4176, 0.000979727, -121.684, 0.000486305, 56.444
1114, 18.55833, 0.126209, 8.00857, 4.79386, -158.748, 4.8069, 21.3814, 6.39265E-005, 48.4318, 0.000979152, -121.67, 0.000486004, 56.4578
1114, 18.56667, 0.126248, 8.01111, 4.78994, -158.752, 4.80297, 21.3776, 6.38974E-005, 48.446, 0.000978577, -121.656, 0.000485704, 56.4716
1115, 18.57500, 0.126286, 8.01365, 4.78603, -158.756, 4.79904, 21.3737, 6.38683E-005, 48.4602, 0.000978003, -121.643, 0.000485404, 56.4854
1115, 18.58333, 0.126325, 8.01618, 4.78212, -158.76, 4.79511, 21.3698, 6.38393E-005, 48.4744, 0.000977429, -121.629, 0.000485105, 56.4991
1116, 18.59167, 0.126364, 8.01873, 4.77822, -158.764, 4.79119, 21.3659, 6.38103E-005, 48.4886, 0.000976855, -121.616, 0.000484805, 56.5129
1116, 18.60000, 0.126403, 8.02128, 4.77432, -158.768, 4.78727, 21.3621, 6.37813E-005, 48.5028, 0.000976282, -121.602, 0.000484506, 56.5267
1117, 18.60833, 0.126442, 8.02383, 4.77043, -158.772, 4.78336, 21.3582, 6.37524E-005, 48.517, 0.00097571, -121.589, 0.000484207, 56.5405
1117, 18.61667, 0.126482, 8.02638, 4.76653, -158.776, 4.77945, 21.3544, 6.37236E-005, 48.5313, 0.000975138, -121.575, 0.000483908, 56.5543
1118, 18.62500, 0.126521, 8.02894, 4.76265, -158.78, 4.77554, 21.3505, 6.36947E-005, 48.5455, 0.000974566, -121.562, 0.00048361, 56.568
1118, 18.63333, 0.12656, 8.0315, 4.75876, -158.785, 4.77164, 21.3467, 6.36659E-005, 48.5597, 0.000973995, -121.548, 0.000483312, 56.5818
1119, 18.64167, 0.1266, 8.03406, 4.75488, -158.789, 4.76773, 21.3428, 6.36372E-005, 48.5739, 0.000973424, -121.535, 0.000483014, 56.5956
1119, 18.65000, 0.126639, 8.03663, 4.751, -158.793, 4.76384, 21.339, 6.36085E-005, 48.5881, 0.000972854, -121.521, 0.000482716, 56.6093
1120, 18.65833, 0.126679, 8.0392, 4.74713, -158.797, 4.75994, 21.3352, 6.35798E-005, 48.6024, 0.000972284, -121.507, 0.000482419, 56.6231
1120, 18.66667, 0.126718, 8.04177, 4.74326, -158.801, 4.75605, 21.3313, 6.35512E-005, 48.6166, 0.000971715, -121.494, 0.000482121, 56.6368
1121, 18.67500, 0.126758, 8.04435, 4.73939, -158.805, 4.75217, 21.3275, 6.35226E-005, 48.6308, 0.000971146, -121.48, 0.000481824, 56.6506
1121, 18.68333, 0.126798, 8.04693, 4.73553, -158.809, 4.74829, 21.3237, 6.34941E-005, 48.645, 0.000970577, -121.467, 0.000481528, 56.6643
1122, 18.69167, 0.126838, 8.04951, 4.73167, -158.813, 4.74441, 21.3199, 6.34655E-005, 48.6593, 0.000970009, -121.453, 0.000481231, 56.678
1122, 18.70000, 0.126878, 8.05209, 4.72781, -158.817, 4.74053, 21.3161, 6.34371E-005, 48.6735, 0.000969442, -121.44, 0.000480935, 56.6917
1123, 18.70833, 0.126918, 8.05468, 4.72396, -158.821, 4.73666, 21.3123, 6.34087E-005, 48.6877, 0.000968875, -121.426, 0.000480639, 56.7055
1123, 18.71667, 0.126958, 8.05727, 4.72011, -158.825, 4.73279, 21.3085, 6.33803E-005, 48.702, 0.000968308, -121.413, 0.000480343, 56.7192
1124, 18.72500, 0.126998, 8.05987, 4.71627, -158.829, 4.72893, 21.3047, 6.33519E-005, 48.7162, 0.000967742, -121.399, 0.000480047, 56.7329
1124, 18.73333, 0.127038, 8.06246, 4.71243, -158.833, 4.72507, 21.3009, 6.33236E-005, 48.7304, 0.000967176, -121.386, 0.000479752, 56.7466
1125, 18.74167, 0.127079, 8.06506, 4.70859, -158.837, 4.72121, 21.2971, 6.32953E-005, 48.7446, 0.000966611, -121.373, 0.000479457, 56.7603
1125, 18.75000, 0.127119, 8.06767, 4.70475, -158.841, 4.71736, 21.2934, 6.32671E-005, 48.7589, 0.000966046, -121.359, 0.000479162, 56.774
1126, 18.75833, 0.127159, 8.07027, 4.70092, -158.845, 4.71351, 21.2896, 6.32389E-005, 48.7731, 0.000965482, -121.346, 0.000478868, 56.7877
1126, 18.76667, 0.1272, 8.07288, 4.6971, -158.849, 4.70966, 21.2858, 6.32108E-005, 48.7873, 0.000964918, -121.332, 0.000478573, 56.8014
1127, 18.77500, 0.127241, 8.07549, 4.69327, -158.853, 4.70582, 21.2821, 6.31827E-005, 48.8016, 0.000964354, -121.319, 0.000478279, 56.8151
1127, 18.78333, 0.127281, 8.07811, 4.68945, -158.857, 4.70198, 21.2783, 6.31546E-005, 48.8158, 0.000963791, -121.305, 0.000477985, 56.8288
1128, 18.79167, 0.127322, 8.08072, 4.68564, -158.861, 4.69815, 21.2746, 6.31266E-005, 48.8301, 0.000963229, -121.292, 0.000477692, 56.8425
1128, 18.80000, 0.127363, 8.08334, 4.68182, -158.865, 4.69431, 21.2708, 6.30986E-005, 48.8443, 0.000962667, -121.278, 0.000477398, 56.8561
1129, 18.80833, 0.127404, 8.08597, 4.67801, -158.869, 4.69049, 21.2671, 6.30707E-005, 48.8585, 0.000962105, -121.265, 0.000477105, 56.8698
1129, 18.81667, 0.127445, 8.08859, 4.67421, -158.873, 4.68666, 21.2634, 6.30428E-005, 48.8728, 0.000961544, -121.251, 0.000476812, 56.8835
1130, 18.82500, 0.127486, 8.09122, 4.6704, -158.877, 4.68284, 21.2596, 6.30149E-005, 48.887, 0.000960983, -121.238, 0.000476519, 56.8971
1130, 18.83333, 0.127527, 8.09385, 4.6666, -158.88, 4.67902, 21.2559, 6.29871E-005, 48.9013, 0.000960422, -121.225, 0.000476227, 56.9108
1131, 18.84167, 0.127568, 8.09648, 4.66281, -158.884, 4.67521, 21.2522, 6.29593E-005, 48.9155, 0.000959862, -121.211, 0.000475935, 56.9244
1131, 18.85000, 0.12761, 8.09912, 4.65902, -158.888, 4.6714, 21.2485, 6.29315E-005, 48.9297, 0.000959303, -121.198, 0.000475643, 56.9381
1132, 18.85833, 0.127651, 8.10176, 4.65523, -158.892, 4.66759, 21.2448, 6.29038E-005, 48.944, 0.000958744, -121.184, 0.000475351, 56.9517
1132, 18.86667, 0.127693, 8.1044, 4.65144, -158.896, 4.66379, 21.2411, 6.28761E-005, 48.9582, 0.000958185, -121.171, 0.000475059, 56.9654
1133, 18.87500, 0.127734, 8.10704, 4.64766, -158.9, 4.65999, 21.2374, 6.28485E-005, 48.9725, 0.000957627, -121.158, 0.000474768, 56.979
1133, 18.88333, 0.127776, 8.10968, 4.64388, -158.904, 4.65619, 21.2337, 6.28209E-005, 48.9867, 0.000957069, -121.144, 0.000474477, 56.9926
1134, 18.89167, 0.127817, 8.11233, 4.64011, -158.908, 4.6524, 21.23, 6.27933E-005, 49.001, 0.000956512, -121.131, 0.000474186, 57.0063
1134, 18.90000, 0.127859, 8.11498, 4.63634, -158.912, 4.64861, 21.2263, 6.27658E-005, 49.0152, 0.000955955, -121.117, 0.000473895, 57.0199
1135, 18.90833, 0.127901, 8.11764, 4.63257, -158.916, 4.64482, 21.2226, 6.27383E-005, 49.0295, 0.000955398, -121.104, 0.000473605, 57.0335
1135, 18.91667, 0.127943, 8.12029, 4.6288, -158.919, 4.64104, 21.219, 6.27109E-005, 49.0437, 0.000954842, -121.091, 0.000473315, 57.0471
1136, 18.92500, 0.127985, 8.12295, 4.62504, -158.923, 4.63726, 21.2153, 6.26835E-005, 49.058, 0.000954286, -121.077, 0.000473025, 57.0607
1136, 18.93333, 0.128027, 8.12561, 4.62129, -158.927, 4.63348, 21.2116, 6.26561E-005, 49.0723, 0.000953731, -121.064, 0.000472735, 57.0743
1137, 18.94167, 0.128069, 8.12827, 4.61753, -158.931, 4.62971, 21.208, 6.26288E-005, 49.0865, 0.000953176, -121.051, 0.000472446, 57.0879
1137, 18.95000, 0.128111, 8.13094, 4.61378, -158.935, 4.62594, 21.2043, 6.26015E-005, 49.1008, 0.000952622, -121.037, 0.000472156, 57.1015
1138, 18.95833, 0.128154, 8.13361, 4.61003, -158.939, 4.62217, 21.2007, 6.25743E-005, 49.115, 0.000952068, -121.024, 0.000471867, 57.1151
1138, 18.96667, 0.128196, 8.13627, 4.60629, -158.943, 4.61841, 21.197, 6.25471E-005, 49.1293, 0.000951515, -121.01, 0.000471578, 57.1287
1139, 18.97500, 0.128239, 8.13895, 4.60255, -158.946, 4.61465, 21.1934, 6.25199E-005, 49.1435, 0.000950961, -120.997, 0.00047129, 57.1423
1139, 18.98333, 0.128281, 8.14162, 4.59881, -158.95, 4.6109, 21.1898, 6.24928E-005, 49.1578, 0.000950409, -120.984, 0.000471001, 57.1558
1140, 18.99167, 0.128324, 8.1443, 4.59508, -158.954, 4.60715, 21.1861, 6.24657E-005, 49.1721, 0.000949856, -120.97, 0.000470713, 57.1694
1140, 19.00000, 0.128366, 8.14697, 4.59135, -158.958, 4.6034, 21.1825, 6.24386E-005, 49.1863, 0.000949305, -120.957, 0.000470425, 57.183
1141, 19.00833, 0.128409, 8.14965, 4.58762, -158.962, 4.59965, 21.1789, 6.24116E-005, 49.2006, 0.000948753, -120.944, 0.000470138, 57.1965
1141, 19.01667, 0.128452, 8.15234, 4.5839, -158.965, 4.59591, 21.1753, 6.23846E-005, 49.2149, 0.000948202, -120.93, 0.00046985, 57.2101
1142, 19.02500, 0.128495, 8.15502, 4.58018, -158.969, 4.59217, 21.1717, 6.23577E-005, 49.2291, 0.000947652, -120.917, 0.000469563, 57.2237
1142, 19.03333, 0.128538, 8.15771, 4.57646, -158.973, 4.58844, 21.1681, 6.23308E-005, 49.2434, 0.000947101, -120.904, 0.000469276, 57.2372
1143, 19.04167, 0.128581, 8.1604, 4.57274, -158.977, 4.58471, 21.1645, 6.23039E-005, 49.2577, 0.000946552, -120.891, 0.000468989, 57.2508
1143, 19.05000, 0.128624, 8.16309, 4.56903, -158.981, 4.58098, 21.1609, 6.22771E-005, 49.2719, 0.000946002, -120.877, 0.000468702, 57.2643
1144, 19.05833, 0.128667, 8.16578, 4.56533, -158.984, 4.57725, 21.1573, 6.22503E-005, 49.2862, 0.000945453, -120.864, 0.000468416, 57.2778
1144, 19.06667, 0.12871, 8.16848, 4.56162, -158.988, 4.57353, 21.1537, 6.22236E-005, 49.3005, 0.000944905, -120.851, 0.00046813, 57.2914
1145, 19.07500, 0.128754, 8.17117, 4.55792, -158.992, 4.56981, 21.1501, 6.21969E-005, 49.3148, 0.000944357, -120.837, 0.000467844, 57.3049
1145, 19.08333, 0.128797, 8.17387, 4.55423, -158.996, 4.5661, 21.1466, 6.21702E-005, 49.329, 0.000943809, -120.824, 0.000467558, 57.3184
1146, 19.09167, 0.128841, 8.17657, 4.55053, -158.999, 4.56239, 21.143, 6.21435E-005, 49.3433, 0.000943262, -120.811, 0.000467273, 57.332
1146, 19.10000, 0.128884, 8.17928, 4.54684, -159.003, 4.55868, 21.1394, 6.21169E-005, 49.3576, 0.000942715, -120.797, 0.000466987, 57.3455
1147, 19.10833, 0.128928, 8.18198, 4.54316, -159.007, 4.55498, 21.1359, 6.20904E-005, 49.3719, 0.000942168, -120.784, 0.000466702, 57.359
1147, 19.11667, 0.128972, 8.18469, 4.53947, -159.011, 4.55128, 21.1323, 6.20638E-005, 49.3861, 0.000941622, -120.771, 0.000466417, 57.3725
1148, 19.12500, 0.129015, 8.18739, 4.53579, -159.014, 4.54758, 21.1288, 6.20374E-005, 49.4004, 0.000941077, -120.758, 0.000466133, 57.386
1148, 19.13333, 0.129059, 8.1901, 4.53211, -159.018, 4.54388, 21.1252, 6.20109E-005, 49.4147, 0.000940531, -120.744, 0.000465848, 57.3995
1149, 19.14167, 0.129103, 8.19282, 4.52844, -159.022, 4.54019, 21.1217, 6.19845E-005, 49.429, 0.000939987, -120.731, 0.000465564, 57.413
1149, 19.15000, 0.129147, 8.19553, 4.52477, -159.025, 4.5365, 21.1181, 6.19581E-005, 49.4433, 0.000939442, -120.718, 0.00046528, 57.4265
1150, 19.15833, 0.129191, 8.19825, 4.5211, -159.029, 4.53282, 21.1146, 6.19318E-005, 49.4576, 0.000938898, -120.705, 0.000464996, 57.44
1150, 19.16667, 0.129235, 8.20096, 4.51744, -159.033, 4.52914, 21.1111, 6.19055E-005, 49.4718, 0.000938354, -120.691, 0.000464713, 57.4534
1151, 19.17500, 0.12928, 8.20368, 4.51378, -159.036, 4.52546, 21.1076, 6.18792E-005, 49.4861, 0.000937811, -120.678, 0.00046443, 57.4669
1151, 19.18333, 0.129324, 8.2064, 4.51012, -159.04, 4.52179, 21.104, 6.1853E-005, 49.5004, 0.000937268, -120.665, 0.000464146, 57.4804
1152, 19.19167, 0.129368, 8.20912, 4.50647, -159.044, 4.51811, 21.1005, 6.18268E-005, 49.5147, 0.000936726, -120.652, 0.000463863, 57.4939
1152, 19.20000, 0.129413, 8.21185, 4.50282, -159.048, 4.51445, 21.097, 6.18006E-005, 49.529, 0.000936184, -120.638, 0.000463581, 57.5073
1153, 19.20833, 0.129457, 8.21457, 4.49917, -159.051, 4.51078, 21.0935, 6.17745E-005, 49.5433, 0.000935642, -120.625, 0.000463298, 57.5208
1153, 19.21667, 0.129502, 8.2173, 4.49552, -159.055, 4.50712, 21.09, 6.17484E-005, 49.5576, 0.000935101, -120.612, 0.000463016, 57.5342
1154, 19.22500, 0.129547, 8.22003, 4.49188, -159.059, 4.50346, 21.0865, 6.17224E-005, 49.5719, 0.00093456, -120.599, 0.000462734, 57.5477
1154, 19.23333, 0.129591, 8.22276, 4.48824, -159.062, 4.49981, 21.083, 6.16964E-005, 49.5862, 0.00093402, -120.586, 0.000462452, 57.5611
1155, 19.24167, 0.129636, 8.22549, 4.48461, -159.066, 4.49616, 21.0796, 6.16704E-005, 49.6005, 0.00093348, -120.572, 0.00046217, 57.5746
1155, 19.25000, 0.129681, 8.22822, 4.48098, -159.069, 4.49251, 21.0761, 6.16445E-005, 49.6148, 0.00093294, -120.559, 0.000461889, 57.588
1156, 19.25833, 0.129726, 8.23096, 4.47735, -159.073, 4.48886, 21.0726, 6.16186E-005, 49.6291, 0.000932401, -120.546, 0.000461608, 57.6015
1156, 19.26667, 0.129771, 8.2337, 4.47372, -159.077, 4.48522, 21.0691, 6.15927E-005, 49.6434, 0.000931862, -120.533, 0.000461327, 57.6149
1157, 19.27500, 0.129816, 8.23643, 4.4701, -159.08, 4.48158, 21.0657, 6.15669E-005, 49.6577, 0.000931323, -120.52, 0.000461046, 57.6283
1157, 19.28333, 0.129862, 8.23917, 4.46648, -159.084, 4.47795, 21.0622, 6.15411E-005, 49.672, 0.000930785, -120.506, 0.000460765, 57.6417
1158, 19.29167, 0.129907, 8.24191, 4.46287, -159.088, 4.47431, 21.0588, 6.15154E-005, 49.6863, 0.000930248, -120.493, 0.000460485, 57.6552
1158, 19.30000, 0.129952, 8.24466, 4.45926, -159.091, 4.47069, 21.0553, 6.14896E-005, 49.7006, 0.00092971, -120.48, 0.000460205, 57.6686
1159, 19.30833, 0.129998, 8.2474, 4.45565, -159.095, 4.46706, 21.0519, 6.1464E-005, 49.7149, 0.000929173, -120.467, 0.000459925, 57.682
1159, 19.31667, 0.130043, 8.25014, 4.45204, -159.098, 4.46344, 21.0484, 6.14383E-005, 49.7292, 0.000928637, -120.454, 0.000459645, 57.6954
1160, 19.32500, 0.130089, 8.25289, 4.44844, -159.102, 4.45982, 21.045, 6.14127E-005, 49.7435, 0.000928101, -120.441, 0.000459365, 57.7088
1160, 19.33333, 0.130134, 8.25564, 4.44484, -159.105, 4.4562, 21.0416, 6.13871E-005, 49.7578, 0.000927565, -120.427, 0.000459086, 57.7222
1161, 19.34167, 0.13018, 8.25839, 4.44124, -159.109, 4.45259, 21.0381, 6.13616E-005, 49.7722, 0.000927029, -120.414, 0.000458807, 57.7356
1161, 19.35000, 0.130226, 8.26114, 4.43765, -159.113, 4.44898, 21.0347, 6.13361E-005, 49.7865, 0.000926494, -120.401, 0.000458528, 57.749
1162, 19.35833, 0.130272, 8.26389, 4.43406, -159.116, 4.44537, 21.0313, 6.13106E-005, 49.8008, 0.00092596, -120.388, 0.000458249, 57.7623
1162, 19.36667, 0.130318, 8.26664, 4.43047, -159.12, 4.44177, 21.0279, 6.12852E-005, 49.8151, 0.000925425, -120.375, 0.00045797, 57.7757
1163, 19.37500, 0.130364, 8.26939, 4.42689, -159.123, 4.43817, 21.0245, 6.12598E-005, 49.8294, 0.000924892, -120.362, 0.000457692, 57.7891
1163, 19.38333, 0.13041, 8.27215, 4.42331, -159.127, 4.43457, 21.0211, 6.12345E-005, 49.8437, 0.000924358, -120.349, 0.000457414, 57.8025
1164, 19.39167, 0.130456, 8.27491, 4.41973, -159.13, 4.43098, 21.0177, 6.12092E-005, 49.8581, 0.000923825, -120.335, 0.000457136, 57.8158
1164, 19.40000, 0.130502, 8.27766, 4.41616, -159.134, 4.42739, 21.0143, 6.11839E-005, 49.8724, 0.000923292, -120.322, 0.000456858, 57.8292
1165, 19.40833, 0.130549, 8.28042, 4.41259, -159.137, 4.4238, 21.0109, 6.11586E-005, 49.8867, 0.00092276, -120.309, 0.000456581, 57.8426
1165, 19.41667, 0.130595, 8.28318, 4.40902, -159.141, 4.42022, 21.0075, 6.11334E-005, 49.901, 0.000922228, -120.296, 0.000456303, 57.8559
1166, 19.42500, 0.130641, 8.28594, 4.40545, -159.144, 4.41663, 21.0042, 6.11082E-005, 49.9154, 0.000921696, -120.283, 0.000456026, 57.8693
1166, 19.43333, 0.130688, 8.2887, 4.40189, -159.148, 4.41306, 21.0008, 6.10831E-005, 49.9297, 0.000921165, -120.27, 0.000455749, 57.8826
1167, 19.44167, 0.130735, 8.29147, 4.39833, -159.151, 4.40948, 20.9974, 6.1058E-005, 49.944, 0.000920634, -120.257, 0.000455473, 57.896
1167, 19.45000, 0.130781, 8.29423, 4.39478, -159.155, 4.40591, 20.994, 6.10329E-005, 49.9584, 0.000920104, -120.244, 0.000455196, 57.9093
1168, 19.45833, 0.130828, 8.297, 4.39122, -159.158, 4.40234, 20.9907, 6.10079E-005, 49.9727, 0.000919574, -120.231, 0.00045492, 57.9226
1168, 19.46667, 0.130875, 8.29976, 4.38767, -159.162, 4.39878, 20.9873, 6.09829E-005, 49.987, 0.000919044, -120.217, 0.000454644, 57.936
1169, 19.47500, 0.130922, 8.30253, 4.38413, -159.165, 4.39521, 20.984, 6.09579E-005, 50.0014, 0.000918515, -120.204, 0.000454368, 57.9493
1169, 19.48333, 0.130969, 8.3053, 4.38059, -159.169, 4.39165, 20.9806, 6.0933E-005, 50.0157, 0.000917986, -120.191, 0.000454092, 57.9626
1170, 19.49167, 0.131016, 8.30807, 4.37704, -159.172, 4.3881, 20.9773, 6.09081E-005, 50.03, 0.000917457, -120.178, 0.000453816, 57.9759
1170, 19.50000, 0.131063, 8.31083, 4.37351, -159.176, 4.38454, 20.974, 6.08832E-005, 50.0444, 0.000916929, -120.165, 0.000453541, 57.9892
1171, 19.50833, 0.13111, 8.31361, 4.36997, -159.179, 4.381, 20.9706, 6.08584E-005, 50.0587, 0.000916401, -120.152, 0.000453266, 58.0025
1171, 19.51667, 0.131158, 8.31638, 4.36644, -159.183, 4.37745, 20.9673, 6.08336E-005, 50.0731, 0.000915874, -120.139, 0.000452991, 58.0158
1172, 19.52500, 0.131205, 8.31915, 4.36291, -159.186, 4.3739, 20.964, 6.08089E-005, 50.0874, 0.000915346, -120.126, 0.000452716, 58.0291
1172, 19.53333, 0.131252, 8.32192, 4.35939, -159.19, 4.37036, 20.9607, 6.07842E-005, 50.1017, 0.00091482, -120.113, 0.000452442, 58.0424
1173, 19.54167, 0.1313, 8.3247, 4.35587, -159.193, 4.36683, 20.9574, 6.07595E-005, 50.1161, 0.000914293, -120.1, 0.000452167, 58.0557
1173, 19.55000, 0.131347, 8.32747, 4.35235, -159.196, 4.36329, 20.954, 6.07348E-005, 50.1304, 0.000913767, -120.087, 0.000451893, 58.069
1174, 19.55833, 0.131395, 8.33025, 4.34883, -159.2, 4.35976, 20.9507, 6.07102E-005, 50.1448, 0.000913241, -120.074, 0.000451619, 58.0823
1174, 19.56667, 0.131443, 8.33302, 4.34532, -159.203, 4.35623, 20.9474, 6.06856E-005, 50.1591, 0.000912716, -120.061, 0.000451345, 58.0956
1175, 19.57500, 0.131491, 8.3358, 4.34181, -159.207, 4.35271, 20.9441, 6.06611E-005, 50.1735, 0.000912191, -120.048, 0.000451072, 58.1089
1175, 19.58333, 0.131538, 8.33858, 4.3383, -159.21, 4.34919, 20.9409, 6.06366E-005, 50.1878, 0.000911667, -120.035, 0.000450798, 58.1221
1176, 19.59167, 0.131586, 8.34136, 4.3348, -159.213, 4.34567, 20.9376, 6.06121E-005, 50.2022, 0.000911142, -120.022, 0.000450525, 58.1354
1176, 19.60000, 0.131634, 8.34414, 4.3313, -159.217, 4.34215, 20.9343, 6.05877E-005, 50.2166, 0.000910619, -120.009, 0.000450252, 58.1487
1177, 19.60833, 0.131683, 8.34692, 4.3278, -159.22, 4.33864, 20.931, 6.05633E-005, 50.2309, 0.000910095, -119.996, 0.000449979, 58.1619
1177, 19.61667, 0.131731, 8.3497, 4.32431, -159.224, 4.33513, 20.9277, 6.05389E-005, 50.2453, 0.000909572, -119.983, 0.000449707, 58.1752
1178, 19.62500, 0.131779, 8.35248, 4.32082, -159.227, 4.33162, 20.9245, 6.05146E-005, 50.2596, 0.000909049, -119.97, 0.000449434, 58.1884
1178, 19.63333, 0.131827, 8.35526, 4.31733, -159.23, 4.32812, 20.9212, 6.04902E-005, 50.274, 0.000908527, -119.957, 0.000449162, 58.2017
1179, 19.64167, 0.131876, 8.35804, 4.31384, -159.234, 4.32462, 20.918, 6.0466E-005, 50.2884, 0.000908004, -119.944, 0.00044889, 58.2149
1179, 19.65000, 0.131924, 8.36083, 4.31036, -159.237, 4.32112, 20.9147, 6.04417E-005, 50.3027, 0.000907483, -119.931, 0.000448618, 58.2282
1180, 19.65833, 0.131973, 8.36361, 4.30688, -159.24, 4.31762, 20.9115, 6.04176E-005, 50.3171, 0.000906961, -119.918, 0.000448346, 58.2414
1180, 19.66667, 0.132021, 8.3664, 4.3034, -159.244, 4.31413, 20.9082, 6.03934E-005, 50.3315, 0.00090644, -119.905, 0.000448075, 58.2546
1181, 19.67500, 0.13207, 8.36918, 4.29993, -159.247, 4.31064, 20.905, 6.03693E-005, 50.3458, 0.00090592, -119.892, 0.000447804, 58.2679
1181, 19.68333, 0.132119, 8.37197, 4.29646, -159.25, 4.30716, 20.9017, 6.03452E-005, 50.3602, 0.000905399, -119.879, 0.000447533, 58.2811
1182, 19.69167, 0.132168, 8.37475, 4.29299, -159.254, 4.30367, 20.8985, 6.03211E-005, 50.3746, 0.000904879, -119.866, 0.000447262, 58.2943
1182, 19.70000, 0.132217, 8.37754, 4.28953, -159.257, 4.30019, 20.8953, 6.02971E-005, 50.389, 0.00090436, -119.853, 0.000446991, 58.3075
1183, 19.70833, 0.132266, 8.38032, 4.28607, -159.26, 4.29672, 20.8921, 6.02731E-005, 50.4033, 0.000903841, -119.84, 0.00044672, 58.3207
1183, 19.71667, 0.132315, 8.38311, 4.28261, -159.264, 4.29324, 20.8889, 6.02491E-005, 50.4177, 0.000903322, -119.827, 0.00044645, 58.3339
1184, 19.72500, 0.132364, 8.3859, 4.27915, -159.267, 4.28977, 20.8856, 6.02252E-005, 50.4321, 0.000902803, -119.814, 0.00044618, 58.3471
1184, 19.73333, 0.132413, 8.38869, 4.2757, -159.27, 4.2863, 20.8824, 6.02013E-005, 50.4465, 0.000902285, -119.801, 0.00044591, 58.3603
1185, 19.74167, 0.132462, 8.39147, 4.27225, -159.274, 4.28284, 20.8792, 6.01774E-005, 50.4609, 0.000901767, -119.788, 0.00044564, 58.3735
1185, 19.75000, 0.132512, 8.39426, 4.2688, -159.277, 4.27938, 20.876, 6.01536E-005, 50.4753, 0.000901249, -119.775, 0.000445371, 58.3867
1186, 19.75833, 0.132561, 8.39705, 4.26536, -159.28, 4.27592, 20.8728, 6.01298E-005, 50.4896, 0.000900732, -119.762, 0.000445101, 58.3999
1186, 19.76667, 0.132611, 8.39984, 4.26191, -159.283, 4.27246, 20.8697, 6.01061E-005, 50.504, 0.000900215, -119.749, 0.000444832, 58.4131
1187, 19.77500, 0.13266, 8.40263, 4.25848, -159.287, 4.26901, 20.8665, 6.00824E-005, 50.5184, 0.000899699, -119.736, 0.000444563, 58.4263
1187, 19.78333, 0.13271, 8.40542, 4.25504, -159.29, 4.26556, 20.8633, 6.00587E-005, 50.5328, 0.000899183, -119.723, 0.000444294, 58.4394
1188, 19.79167, 0.13276, 8.40821, 4.25161, -159.293, 4.26211, 20.8601, 6.0035E-005, 50.5472, 0.000898667, -119.71, 0.000444025, 58.4526
1188, 19.80000, 0.13281, 8.411, 4.24818, -159.296, 4.25867, 20.8569, 6.00114E-005, 50.5616, 0.000898152, -119.697, 0.000443757, 58.4658
1188, 19.80833, 0.132859, 8.41379, 4.24475, -159.3, 4.25523, 20.8538, 5.99878E-005, 50.576, 0.000897636, -119.684, 0.000443488, 58.4789
1189, 19.81667, 0.132909, 8.41658, 4.24133, -159.303, 4.25179, 20.8506, 5.99642E-005, 50.5904, 0.000897122, -119.671, 0.00044322, 58.4921
1190, 19.82500, 0.132959, 8.41937, 4.23791, -159.306, 4.24835, 20.8475, 5.99407E-005, 50.6048, 0.000896607, -119.658, 0.000442952, 58.5052
1190, 19.83333, 0.13301, 8.42217, 4.23449, -159.309, 4.24492, 20.8443, 5.99172E-005, 50.6192, 0.000896093, -119.646, 0.000442685, 58.5184
1190, 19.84167, 0.13306, 8.42496, 4.23107, -159.313, 4.24149, 20.8412, 5.98938E-005, 50.6336, 0.000895579, -119.633, 0.000442417, 58.5315
1191, 19.85000, 0.13311, 8.42775, 4.22766, -159.316, 4.23806, 20.838, 5.98704E-005, 50.648, 0.000895066, -119.62, 0.00044215, 58.5447
1192, 19.85833, 0.13316, 8.43054, 4.22425, -159.319, 4.23464, 20.8349, 5.9847E-005, 50.6624, 0.000894553, -119.607, 0.000441882, 58.5578
1192, 19.86667, 0.133211, 8.43333, 4.22085, -159.322, 4.23122, 20.8317, 5.98236E-005, 50.6768, 0.00089404, -119.594, 0.000441615, 58.571
1192, 19.87500, 0.133261, 8.43612, 4.21744, -159.325, 4.2278, 20.8286, 5.98003E-005, 50.6912, 0.000893528, -119.581, 0.000441348, 58.5841
1193, 19.88333, 0.133312, 8.43892, 4.21404, -159.329, 4.22439, 20.8255, 5.9777E-005, 50.7056, 0.000893016, -119.568, 0.000441082, 58.5972
1194, 19.89167, 0.133363, 8.44171, 4.21064, -159.332, 4.22097, 20.8224, 5.97538E-005, 50.72, 0.000892504, -119.555, 0.000440815, 58.6103
1194, 19.90000, 0.133413, 8.4445, 4.20725, -159.335, 4.21757, 20.8192, 5.97305E-005, 50.7345, 0.000891992, -119.542, 0.000440549, 58.6234
1194, 19.90833, 0.133464, 8.44729, 4.20386, -159.338, 4.21416, 20.8161, 5.97074E-005, 50.7489, 0.000891481, -119.529, 0.000440283, 58.6366
1195, 19.91667, 0.133515, 8.45008, 4.20047, -159.341, 4.21076, 20.813, 5.96842E-005, 50.7633, 0.000890971, -119.517, 0.000440017, 58.6497
1196, 19.92500, 0.133566, 8.45288, 4.19708, -159.344, 4.20736, 20.8099, 5.96611E-005, 50.7777, 0.00089046, -119.504, 0.000439751, 58.6628
1196, 19.93333, 0.133617, 8.45567, 4.1937, -159.348, 4.20396, 20.8068, 5.9638E-005, 50.7921, 0.00088995, -119.491, 0.000439485, 58.6759
1196, 19.94167, 0.133668, 8.45846, 4.19032, -159.351, 4.20056, 20.8037, 5.96149E-005, 50.8066, 0.00088944, -119.478, 0.00043922, 58.689
1197, 19.95000, 0.133719, 8.46125, 4.18694, -159.354, 4.19717, 20.8006, 5.95919E-005, 50.821, 0.000888931, -119.465, 0.000438955, 58.7021
1198, 19.95833, 0.13377, 8.46404, 4.18356, -159.357, 4.19378, 20.7976, 5.95689E-005, 50.8354, 0.000888422, -119.452, 0.00043869, 58.7152
1198, 19.96667, 0.133822, 8.46683, 4.18019, -159.36, 4.1904, 20.7945, 5.9546E-005, 50.8498, 0.000887913, -119.439, 0.000438425, 58.7282
1198, 19.97500, 0.133873, 8.46962, 4.17682, -159.363, 4.18701, 20.7914, 5.9523E-005, 50.8643, 0.000887405, -119.427, 0.00043816, 58.7413
1199, 19.98333, 0.133925, 8.47241, 4.17345, -159.366, 4.18363, 20.7883, 5.95002E-005, 50.8787, 0.000886897, -119.414, 0.000437895, 58.7544
1200, 19.99167, 0.133976, 8.47521, 4.17009, -159.37, 4.18025, 20.7853, 5.94773E-005, 50.8931, 0.000886389, -119.401, 0.000437631, 58.7675
1200, 20.00000, 0.134028, 8.478, 4.16673, -159.373, 4.17688, 20.7822, 5.94545E-005, 50.9076, 0.000885881, -119.388, 0.000437367, 58.7806
1200, 20.00833, 0.134079, 8.48079, 4.16337, -159.376, 4.17351, 20.7791, 5.94317E-005, 50.922, 0.000885374, -119.375, 0.000437103, 58.7936
1201, 20.01667, 0.134131, 8.48358, 4.16002, -159.379, 4.17014, 20.7761, 5.94089E-005, 50.9365, 0.000884867, -119.362, 0.000436839, 58.8067
1202, 20.02500, 0.134183, 8.48637, 4.15666, -159.382, 4.16677, 20.773, 5.93862E-005, 50.9509, 0.000884361, -119.349, 0.000436575, 58.8197
1202, 20.03333, 0.134235, 8.48916, 4.15331, -159.385, 4.16341, 20.77, 5.93635E-005, 50.9653, 0.000883855, -119.337, 0.000436312, 58.8328
1202, 20.04167, 0.134287, 8.49195, 4.14997, -159.388, 4.16005, 20.7669, 5.93408E-005, 50.9798, 0.000883349, -119.324, 0.000436048, 58.8459
1203, 20.05000, 0.134339, 8.49474, 4.14662, -159.391, 4.15669, 20.7639, 5.93182E-005, 50.9942, 0.000882843, -119.311, 0.000435785, 58.8589
1204, 20.05833, 0.134391, 8.49753, 4.14328, -159.394, 4.15333, 20.7609, 5.92956E-005, 51.0087, 0.000882338, -119.298, 0.000435522, 58.8719
1204, 20.06667, 0.134443, 8.50031, 4.13994, -159.397, 4.14998, 20.7578, 5.92731E-005, 51.0231, 0.000881833, -119.285, 0.000435259, 58.885
1204, 20.07500, 0.134496, 8.5031, 4.1366, -159.4, 4.14663, 20.7548, 5.92505E-005, 51.0376, 0.000881329, -119.273, 0.000434997, 58.898
1205, 20.08333, 0.134548, 8.50589, 4.13327, -159.403, 4.14328, 20.7518, 5.9228E-005, 51.052, 0.000880825, -119.26, 0.000434734, 58.911
1206, 20.09167, 0.134601, 8.50868, 4.12994, -159.406, 4.13994, 20.7488, 5.92056E-005, 51.0665, 0.000880321, -119.247, 0.000434472, 58.9241
1206, 20.10000, 0.134653, 8.51146, 4.12661, -159.41, 4.1366, 20.7458, 5.91831E-005, 51.081, 0.000879817, -119.234, 0.00043421, 58.9371
1206, 20.10833, 0.134706, 8.51425, 4.12329, -159.413, 4.13326, 20.7428, 5.91607E-005, 51.0954, 0.000879314, -119.221, 0.000433948, 58.9501
1207, 20.11667, 0.134758, 8.51704, 4.11997, -159.416, 4.12993, 20.7398, 5.91383E-005, 51.1099, 0.000878811, -119.209, 0.000433686, 58.9631
1208, 20.12500, 0.134811, 8.51982, 4.11665, -159.419, 4.12659, 20.7368, 5.9116E-005, 51.1243, 0.000878308, -119.196, 0.000433424, 58.9761
1208, 20.13333, 0.134864, 8.52261, 4.11333, -159.422, 4.12326, 20.7338, 5.90937E-005, 51.1388, 0.000877806, -119.183, 0.000433163, 58.9892
1208, 20.14167, 0.134917, 8.52539, 4.11001, -159.425, 4.11994, 20.7308, 5.90714E-005, 51.1533, 0.000877304, -119.17, 0.000432902, 59.0022
1209, 20.15000, 0.13497, 8.52818, 4.1067, -159.428, 4.11661, 20.7278, 5.90492E-005, 51.1677, 0.000876802, -119.157, 0.00043264, 59.0152
1210, 20.15833, 0.135023, 8.53096, 4.10339, -159.431, 4.11329, 20.7248, 5.9027E-005, 51.1822, 0.000876301, -119.145, 0.00043238, 59.0282
1210, 20.16667, 0.135076, 8.53374, 4.10009, -159.434, 4.10997, 20.7218, 5.90048E-005, 51.1967, 0.000875799, -119.132, 0.000432119, 59.0411
1210, 20.17500, 0.135129, 8.53653, 4.09679, -159.437, 4.10665, 20.7189, 5.89827E-005, 51.2112, 0.000875299, -119.119, 0.000431858, 59.0541
1211, 20.18333, 0.135183, 8.53931, 4.09348, -159.44, 4.10334, 20.7159, 5.89605E-005, 51.2256, 0.000874798, -119.106, 0.000431598, 59.0671
1212, 20.19167, 0.135236, 8.54209, 4.09019, -159.443, 4.10003, 20.7129, 5.89385E-005, 51.2401, 0.000874298, -119.094, 0.000431337, 59.0801
1212, 20.20000, 0.135289, 8.54487, 4.08689, -159.446, 4.09672, 20.71, 5.89164E-005, 51.2546, 0.000873798, -119.081, 0.000431077, 59.0931
1212, 20.20833, 0.135343, 8.54765, 4.0836, -159.449, 4.09342, 20.707, 5.88944E-005, 51.2691, 0.000873299, -119.068, 0.000430817, 59.1061
1213, 20.21667, 0.135397, 8.55043, 4.08031, -159.451, 4.09011, 20.7041, 5.88724E-005, 51.2836, 0.000872799, -119.055, 0.000430557, 59.119
1214, 20.22500, 0.13545, 8.55321, 4.07702, -159.454, 4.08681, 20.7011, 5.88505E-005, 51.2981, 0.0008723, -119.043, 0.000430298, 59.132
1214, 20.23333, 0.135504, 8.55598, 4.07374, -159.457, 4.08352, 20.6982, 5.88285E-005, 51.3125, 0.000871802, -119.03, 0.000430038, 59.145
1214, 20.24167, 0.135558, 8.55876, 4.07046, -159.46, 4.08022, 20.6953, 5.88066E-005, 51.327, 0.000871303, -119.017, 0.000429779, 59.1579
1215, 20.25000, 0.135612, 8.56154, 4.06718, -159.463, 4.07693, 20.6923, 5.87848E-005, 51.3415, 0.000870805, -119.004, 0.00042952, 59.1709
1216, 20.25833, 0.135666, 8.56431, 4.0639, -159.466, 4.07364, 20.6894, 5.8763E-005, 51.356, 0.000870308, -118.992, 0.000429261, 59.1838
1216, 20.26667, 0.13572, 8.56709, 4.06063, -159.469, 4.07035, 20.6865, 5.87412E-005, 51.3705, 0.00086981, -118.979, 0.000429002, 59.1968
1216, 20.27500, 0.135774, 8.56986, 4.05736, -159.472, 4.06707, 20.6835, 5.87194E-005, 51.385, 0.000869313, -118.966, 0.000428744, 59.2097
1217, 20.28333, 0.135828, 8.57264, 4.05409, -159.475, 4.06379, 20.6806, 5.86977E-005, 51.3995, 0.000868816, -118.954, 0.000428485, 59.2226
1218, 20.29167, 0.135882, 8.57541, 4.05082, -159.478, 4.06051, 20.6777, 5.8676E-005, 51.414, 0.00086832, -118.941, 0.000428227, 59.2356
1218, 20.30000, 0.135937, 8.57818, 4.04756, -159.481, 4.05724, 20.6748, 5.86543E-005, 51.4285, 0.000867824, -118.928, 0.000427969, 59.2485
1218, 20.30833, 0.135991, 8.58095, 4.0443, -159.484, 4.05396, 20.6719, 5.86327E-005, 51.443, 0.000867328, -118.915, 0.000427711, 59.2614
1219, 20.31667, 0.136046, 8.58372, 4.04104, -159.486, 4.05069, 20.669, 5.86111E-005, 51.4575, 0.000866832, -118.903, 0.000427453, 59.2744
1220, 20.32500, 0.1361, 8.58649, 4.03779, -159.489, 4.04742, 20.6661, 5.85895E-005, 51.4721, 0.000866337, -118.89, 0.000427195, 59.2873
1220, 20.33333, 0.136155, 8.58926, 4.03453, -159.492, 4.04416, 20.6632, 5.85679E-005, 51.4866, 0.000865842, -118.877, 0.000426938, 59.3002
1220, 20.34167, 0.13621, 8.59202, 4.03128, -159.495, 4.0409, 20.6603, 5.85464E-005, 51.5011, 0.000865347, -118.865, 0.00042668, 59.3131
1221, 20.35000, 0.136264, 8.59479, 4.02804, -159.498, 4.03764, 20.6575, 5.8525E-005, 51.5156, 0.000864853, -118.852, 0.000426423, 59.326
1222, 20.35833, 0.136319, 8.59756, 4.02479, -159.501, 4.03438, 20.6546, 5.85035E-005, 51.5301, 0.000864359, -118.839, 0.000426166, 59.3389
1222, 20.36667, 0.136374, 8.60032, 4.02155, -159.504, 4.03113, 20.6517, 5.84821E-005, 51.5446, 0.000863865, -118.827, 0.000425909, 59.3518
1223, 20.37500, 0.136429, 8.60308, 4.01831, -159.507, 4.02788, 20.6488, 5.84607E-005, 51.5592, 0.000863371, -118.814, 0.000425653, 59.3647
1223, 20.38333, 0.136485, 8.60585, 4.01507, -159.509, 4.02463, 20.646, 5.84393E-005, 51.5737, 0.000862878, -118.801, 0.000425396, 59.3776
1224, 20.39167, 0.13654, 8.60861, 4.01184, -159.512, 4.02138, 20.6431, 5.8418E-005, 51.5882, 0.000862385, -118.789, 0.00042514, 59.3905
1224, 20.40000, 0.136595, 8.61137, 4.00861, -159.515, 4.01814, 20.6403, 5.83967E-005, 51.6028, 0.000861893, -118.776, 0.000424883, 59.4034
1225, 20.40833, 0.13665, 8.61413, 4.00538, -159.518, 4.0149, 20.6374, 5.83755E-005, 51.6173, 0.0008614, -118.763, 0.000424627, 59.4163
1225, 20.41667, 0.136706, 8.61688, 4.00215, -159.521, 4.01166, 20.6346, 5.83542E-005, 51.6318, 0.000860908, -118.751, 0.000424371, 59.4292
1226, 20.42500, 0.136761, 8.61964, 3.99893, -159.523, 4.00842, 20.6317, 5.8333E-005, 51.6464, 0.000860417, -118.738, 0.000424116, 59.442
1226, 20.43333, 0.136817, 8.6224, 3.99571, -159.526, 4.00519, 20.6289, 5.83119E-005, 51.6609, 0.000859925, -118.725, 0.00042386, 59.4549
1227, 20.44167, 0.136873, 8.62515, 3.99249, -159.529, 4.00196, 20.626, 5.82907E-005, 51.6754, 0.000859434, -118.713, 0.000423605, 59.4678
1227, 20.45000, 0.136928, 8.6279, 3.98927, -159.532, 3.99873, 20.6232, 5.82696E-005, 51.69, 0.000858943, -118.7, 0.000423349, 59.4806
1228, 20.45833, 0.136984, 8.63065, 3.98606, -159.535, 3.99551, 20.6204, 5.82486E-005, 51.7045, 0.000858452, -118.687, 0.000423094, 59.4935
1228, 20.46667, 0.13704, 8.63341, 3.98285, -159.537, 3.99228, 20.6176, 5.82275E-005, 51.7191, 0.000857962, -118.675, 0.000422839, 59.5063
1229, 20.47500, 0.137096, 8.63616, 3.97964, -159.54, 3.98906, 20.6147, 5.82065E-005, 51.7336, 0.000857472, -118.662, 0.000422584, 59.5192
1229, 20.48333, 0.137152, 8.6389, 3.97644, -159.543, 3.98585, 20.6119, 5.81855E-005, 51.7482, 0.000856982, -118.649, 0.00042233, 59.532
1230, 20.49167, 0.137208, 8.64165, 3.97323, -159.546, 3.98263, 20.6091, 5.81646E-005, 51.7627, 0.000856493, -118.637, 0.000422075, 59.5449
1230, 20.50000, 0.137265, 8.6444, 3.97003, -159.548, 3.97942, 20.6063, 5.81437E-005, 51.7773, 0.000856004, -118.624, 0.000421821, 59.5577
1231, 20.50833, 0.137321, 8.64714, 3.96683, -159.551, 3.97621, 20.6035, 5.81228E-005, 51.7918, 0.000855515, -118.611, 0.000421567, 59.5706
1231, 20.51667, 0.137377, 8.64988, 3.96364, -159.554, 3.973, 20.6007, 5.81019E-005, 51.8064, 0.000855026, -118.599, 0.000421313, 59.5834
1232, 20.52500, 0.137434, 8.65263, 3.96045, -159.557, 3.9698, 20.5979, 5.80811E-005, 51.821, 0.000854538, -118.586, 0.000421059, 59.5962
1232, 20.53333, 0.13749, 8.65536, 3.95726, -159.559, 3.96659, 20.5951, 5.80603E-005, 51.8355, 0.00085405, -118.574, 0.000420805, 59.6091
1233, 20.54167, 0.137547, 8.6581, 3.95407, -159.562, 3.9634, 20.5924, 5.80395E-005, 51.8501, 0.000853562, -118.561, 0.000420551, 59.6219
1233, 20.55000, 0.137604, 8.66084, 3.95088, -159.565, 3.9602, 20.5896, 5.80188E-005, 51.8647, 0.000853075, -118.548, 0.000420298, 59.6347
1234, 20.55833, 0.13766, 8.66358, 3.9477, -159.568, 3.957, 20.5868, 5.79981E-005, 51.8792, 0.000852588, -118.536, 0.000420045, 59.6475
1234, 20.56667, 0.137717, 8.66631, 3.94452, -159.57, 3.95381, 20.584, 5.79774E-005, 51.8938, 0.000852101, -118.523, 0.000419792, 59.6603
1235, 20.57500, 0.137774, 8.66905, 3.94134, -159.573, 3.95062, 20.5813, 5.79568E-005, 51.9084, 0.000851614, -118.51, 0.000419539, 59.6731
1235, 20.58333, 0.137831, 8.67178, 3.93817, -159.576, 3.94744, 20.5785, 5.79361E-005, 51.923, 0.000851128, -118.498, 0.000419286, 59.6859
1236, 20.59167, 0.137888, 8.67451, 3.93499, -159.578, 3.94425, 20.5757, 5.79156E-005, 51.9376, 0.000850642, -118.485, 0.000419033, 59.6987
1236, 20.60000, 0.137945, 8.67724, 3.93182, -159.581, 3.94107, 20.573, 5.7895E-005, 51.9521, 0.000850156, -118.473, 0.000418781, 59.7115
1237, 20.60833, 0.138003, 8.67996, 3.92866, -159.584, 3.93789, 20.5702, 5.78745E-005, 51.9667, 0.000849671, -118.46, 0.000418528, 59.7243
1237, 20.61667, 0.13806, 8.68269, 3.92549, -159.586, 3.93472, 20.5675, 5.7854E-005, 51.9813, 0.000849185, -118.447, 0.000418276, 59.7371
1238, 20.62500, 0.138117, 8.68541, 3.92233, -159.589, 3.93154, 20.5647, 5.78335E-005, 51.9959, 0.000848701, -118.435, 0.000418024, 59.7499
1238, 20.63333, 0.138175, 8.68813, 3.91917, -159.592, 3.92837, 20.562, 5.78131E-005, 52.0105, 0.000848216, -118.422, 0.000417772, 59.7627
1239, 20.64167, 0.138232, 8.69086, 3.91601, -159.594, 3.9252, 20.5593, 5.77927E-005, 52.0251, 0.000847731, -118.41, 0.00041752, 59.7755
1239, 20.65000, 0.13829, 8.69357, 3.91286, -159.597, 3.92204, 20.5565, 5.77723E-005, 52.0397, 0.000847247, -118.397, 0.000417269, 59.7882
1240, 20.65833, 0.138348, 8.69629, 3.9097, -159.6, 3.91887, 20.5538, 5.7752E-005, 52.0543, 0.000846764, -118.385, 0.000417017, 59.801
1240, 20.66667, 0.138405, 8.69901, 3.90655, -159.602, 3.91571, 20.5511, 5.77317E-005, 52.0689, 0.00084628, -118.372, 0.000416766, 59.8138
1241, 20.67500, 0.138463, 8.70172, 3.90341, -159.605, 3.91255, 20.5484, 5.77114E-005, 52.0835, 0.000845797, -118.359, 0.000416515, 59.8265
1241, 20.68333, 0.138521, 8.70443, 3.90026, -159.608, 3.9094, 20.5456, 5.76912E-005, 52.0981, 0.000845314, -118.347, 0.000416264, 59.8393
1242, 20.69167, 0.138579, 8.70714, 3.89712, -159.61, 3.90624, 20.5429, 5.7671E-005, 52.1127, 0.000844831, -118.334, 0.000416013, 59.8521
1242, 20.70000, 0.138637, 8.70985, 3.89398, -159.613, 3.90309, 20.5402, 5.76508E-005, 52.1273, 0.000844349, -118.322, 0.000415762, 59.8648
1243, 20.70833, 0.138696, 8.71256, 3.89084, -159.615, 3.89994, 20.5375, 5.76306E-005, 52.1419, 0.000843866, -118.309, 0.000415511, 59.8776
1243, 20.71667, 0.138754, 8.71527, 3.8877, -159.618, 3.8968, 20.5348, 5.76105E-005, 52.1566, 0.000843385, -118.297, 0.000415261, 59.8903
1244, 20.72500, 0.138812, 8.71797, 3.88457, -159.621, 3.89365, 20.5321, 5.75904E-005, 52.1712, 0.000842903, -118.284, 0.000415011, 59.903
1244, 20.73333, 0.138871, 8.72067, 3.88144, -159.623, 3.89051, 20.5294, 5.75703E-005, 52.1858, 0.000842422, -118.272, 0.000414761, 59.9158
1245, 20.74167, 0.138929, 8.72337, 3.87831, -159.626, 3.88737, 20.5267, 5.75503E-005, 52.2004, 0.00084194, -118.259, 0.000414511, 59.9285
1245, 20.75000, 0.138988, 8.72607, 3.87519, -159.628, 3.88424, 20.5241, 5.75303E-005, 52.2151, 0.00084146, -118.246, 0.000414261, 59.9413
1246, 20.75833, 0.139047, 8.72876, 3.87206, -159.631, 3.8811, 20.5214, 5.75103E-005, 52.2297, 0.000840979, -118.234, 0.000414011, 59.954
1246, 20.76667, 0.139105, 8.73146, 3.86894, -159.633, 3.87797, 20.5187, 5.74904E-005, 52.2443, 0.000840499, -118.221, 0.000413761, 59.9667
1247, 20.77500, 0.139164, 8.73415, 3.86583, -159.636, 3.87484, 20.516, 5.74705E-005, 52.2589, 0.000840019, -118.209, 0.000413512, 59.9794
1247, 20.78333, 0.139223, 8.73684, 3.86271, -159.639, 3.87172, 20.5134, 5.74506E-005, 52.2736, 0.000839539, -118.196, 0.000413263, 59.9921
1248, 20.79167, 0.139282, 8.73953, 3.8596, -159.641, 3.86859, 20.5107, 5.74307E-005, 52.2882, 0.000839059, -118.184, 0.000413014, 60.0049
1248, 20.80000, 0.139341, 8.74222, 3.85649, -159.644, 3.86547, 20.5081, 5.74109E-005, 52.3029, 0.00083858, -118.171, 0.000412765, 60.0176
1249, 20.80833, 0.1394, 8.7449, 3.85338, -159.646, 3.86235, 20.5054, 5.73911E-005, 52.3175, 0.000838101, -118.159, 0.000412516, 60.0303
1249, 20.81667, 0.139459, 8.74758, 3.85027, -159.649, 3.85924, 20.5028, 5.73713E-005, 52.3322, 0.000837623, -118.146, 0.000412267, 60.043
1250, 20.82500, 0.139519, 8.75026, 3.84717, -159.651, 3.85612, 20.5001, 5.73516E-005, 52.3468, 0.000837144, -118.134, 0.000412018, 60.0557
1250, 20.83333, 0.139578, 8.75294, 3.84407, -159.654, 3.85301, 20.4975, 5.73319E-005, 52.3615, 0.000836666, -118.121, 0.00041177, 60.0684
1251, 20.84167, 0.139638, 8.75562, 3.84097, -159.656, 3.8499, 20.4948, 5.73122E-005, 52.3761, 0.000836188, -118.109, 0.000411522, 60.0811
1251, 20.85000, 0.139697, 8.75829, 3.83787, -159.659, 3.8468, 20.4922, 5.72926E-005, 52.3908, 0.00083571, -118.096, 0.000411274, 60.0937
1252, 20.85833, 0.139757, 8.76096, 3.83478, -159.661, 3.84369, 20.4896, 5.7273E-005, 52.4054, 0.000835233, -118.084, 0.000411026, 60.1064
1252, 20.86667, 0.139817, 8.76363, 3.83169, -159.664, 3.84059, 20.4869, 5.72534E-005, 52.4201, 0.000834756, -118.071, 0.000410778, 60.1191
1253, 20.87500, 0.139876, 8.7663, 3.8286, -159.666, 3.83749, 20.4843, 5.72338E-005, 52.4347, 0.000834279, -118.059, 0.00041053, 60.1318
1253, 20.88333, 0.139936, 8.76896, 3.82551, -159.669, 3.83439, 20.4817, 5.72143E-005, 52.4494, 0.000833803, -118.046, 0.000410282, 60.1445
1254, 20.89167, 0.139996, 8.77163, 3.82243, -159.671, 3.8313, 20.4791, 5.71948E-005, 52.4641, 0.000833326, -118.034, 0.000410035, 60.1571
1254, 20.90000, 0.140056, 8.77429, 3.81934, -159.674, 3.82821, 20.4765, 5.71753E-005, 52.4788, 0.00083285, -118.021, 0.000409788, 60.1698
1255, 20.90833, 0.140116, 8.77695, 3.81627, -159.676, 3.82512, 20.4739, 5.71559E-005, 52.4934, 0.000832374, -118.009, 0.000409541, 60.1825
1255, 20.91667, 0.140177, 8.7796, 3.81319, -159.679, 3.82203, 20.4713, 5.71365E-005, 52.5081, 0.000831899, -117.996, 0.000409294, 60.1951
1256, 20.92500, 0.140237, 8.78226, 3.81011, -159.681, 3.81894, 20.4687, 5.71171E-005, 52.5228, 0.000831423, -117.984, 0.000409047, 60.2078
1256, 20.93333, 0.140297, 8.78491, 3.80704, -159.683, 3.81586, 20.4661, 5.70978E-005, 52.5375, 0.000830948, -117.971, 0.0004088, 60.2204
1257, 20.94167, 0.140358, 8.78756, 3.80397, -159.686, 3.81278, 20.4635, 5.70784E-005, 52.5522, 0.000830474, -117.959, 0.000408553, 60.2331
1257, 20.95000, 0.140418, 8.79021, 3.8009, -159.688, 3.8097, 20.4609, 5.70592E-005, 52.5668, 0.000829999, -117.946, 0.000408307, 60.2457
1258, 20.95833, 0.140479, 8.79285, 3.79784, -159.691, 3.80663, 20.4583, 5.70399E-005, 52.5815, 0.000829525, -117.934, 0.000408061, 60.2584
1258, 20.96667, 0.14054, 8.79549, 3.79477, -159.693, 3.80356, 20.4557, 5.70207E-005, 52.5962, 0.000829051, -117.921, 0.000407814, 60.271
1259, 20.97500, 0.1406, 8.79813, 3.79171, -159.696, 3.80049, 20.4532, 5.70015E-005, 52.6109, 0.000828577, -117.909, 0.000407568, 60.2836
1259, 20.98333, 0.140661, 8.80077, 3.78866, -159.698, 3.79742, 20.4506, 5.69823E-005, 52.6256, 0.000828103, -117.896, 0.000407323, 60.2963
1260, 20.99167, 0.140722, 8.80341, 3.7856, -159.7, 3.79435, 20.448, 5.69632E-005, 52.6403, 0.00082763, -117.884, 0.000407077, 60.3089
1260, 21.00000, 0.140783, 8.80604, 3.78255, -159.703, 3.79129, 20.4455, 5.69441E-005, 52.655, 0.000827157, -117.872, 0.000406831, 60.3215
1261, 21.00833, 0.140844, 8.80867, 3.7795, -159.705, 3.78823, 20.4429, 5.6925E-005, 52.6697, 0.000826684, -117.859, 0.000406586, 60.3341
1261, 21.01667, 0.140906, 8.8113, 3.77645, -159.708, 3.78517, 20.4403, 5.69059E-005, 52.6844, 0.000826212, -117.847, 0.00040634, 60.3468
1262, 21.02500, 0.140967, 8.81392, 3.7734, -159.71, 3.78211, 20.4378, 5.68869E-005, 52.6991, 0.00082574, -117.834, 0.000406095, 60.3594
1262, 21.03333, 0.141028, 8.81654, 3.77036, -159.712, 3.77906, 20.4353, 5.68679E-005, 52.7139, 0.000825268, -117.822, 0.00040585, 60.372
1263, 21.04167, 0.14109, 8.81916, 3.76731, -159.715, 3.77601, 20.4327, 5.68489E-005, 52.7286, 0.000824796, -117.809, 0.000405605, 60.3846
1263, 21.05000, 0.141151, 8.82178, 3.76427, -159.717, 3.77296, 20.4302, 5.683E-005, 52.7433, 0.000824324, -117.797, 0.00040536, 60.3972
1264, 21.05833, 0.141213, 8.82439, 3.76124, -159.719, 3.76991, 20.4276, 5.68111E-005, 52.758, 0.000823853, -117.784, 0.000405116, 60.4098
1264, 21.06667, 0.141275, 8.82701, 3.7582, -159.722, 3.76687, 20.4251, 5.67922E-005, 52.7727, 0.000823382, -117.772, 0.000404871, 60.4224
1265, 21.07500, 0.141336, 8.82962, 3.75517, -159.724, 3.76382, 20.4226, 5.67734E-005, 52.7875, 0.000822911, -117.76, 0.000404627, 60.435
1265, 21.08333, 0.141398, 8.83222, 3.75214, -159.726, 3.76078, 20.4201, 5.67546E-005, 52.8022, 0.000822441, -117.747, 0.000404382, 60.4476
1266, 21.09167, 0.14146, 8.83483, 3.74911, -159.729, 3.75775, 20.4175, 5.67358E-005, 52.8169, 0.000821971, -117.735, 0.000404138, 60.4602
1266, 21.10000, 0.141522, 8.83743, 3.74609, -159.731, 3.75471, 20.415, 5.6717E-005, 52.8317, 0.000821501, -117.722, 0.000403894, 60.4727
1267, 21.10833, 0.141584, 8.84002, 3.74306, -159.733, 3.75168, 20.4125, 5.66983E-005, 52.8464, 0.000821031, -117.71, 0.00040365, 60.4853
1267, 21.11667, 0.141647, 8.84262, 3.74004, -159.736, 3.74865, 20.41, 5.66796E-005, 52.8611, 0.000820561, -117.697, 0.000403406, 60.4979
1268, 21.12500, 0.141709, 8.84521, 3.73702, -159.738, 3.74562, 20.4075, 5.66609E-005, 52.8759, 0.000820092, -117.685, 0.000403163, 60.5105
1268, 21.13333, 0.141771, 8.8478, 3.73401, -159.74, 3.74259, 20.405, 5.66423E-005, 52.8906, 0.000819623, -117.673, 0.000402919, 60.523
1269, 21.14167, 0.141834, 8.85039, 3.73099, -159.743, 3.73957, 20.4025, 5.66237E-005, 52.9054, 0.000819154, -117.66, 0.000402676, 60.5356
1269, 21.15000, 0.141896, 8.85297, 3.72798, -159.745, 3.73655, 20.4, 5.66051E-005, 52.9201, 0.000818686, -117.648, 0.000402433, 60.5482
1270, 21.15833, 0.141959, 8.85556, 3.72497, -159.747, 3.73353, 20.3975, 5.65865E-005, 52.9349, 0.000818217, -117.635, 0.00040219, 60.5607
1270, 21.16667, 0.142022, 8.85813, 3.72196, -159.749, 3.73051, 20.395, 5.6568E-005, 52.9496, 0.000817749, -117.623, 0.000401947, 60.5733
1271, 21.17500, 0.142084, 8.86071, 3.71896, -159.752, 3.7275, 20.3925, 5.65495E-005, 52.9644, 0.000817281, -117.611, 0.000401704, 60.5858
1271, 21.18333, 0.142147, 8.86328, 3.71595, -159.754, 3.72449, 20.3901, 5.65311E-005, 52.9792, 0.000816814, -117.598, 0.000401461, 60.5984
1272, 21.19167, 0.14221, 8.86585, 3.71295, -159.756, 3.72148, 20.3876, 5.65126E-005, 52.9939, 0.000816346, -117.586, 0.000401219, 60.6109
1272, 21.20000, 0.142273, 8.86842, 3.70996, -159.758, 3.71847, 20.3851, 5.64942E-005, 53.0087, 0.000815879, -117.573, 0.000400976, 60.6235
1273, 21.20833, 0.142336, 8.87098, 3.70696, -159.761, 3.71547, 20.3827, 5.64758E-005, 53.0235, 0.000815412, -117.561, 0.000400734, 60.636
1273, 21.21667, 0.1424, 8.87354, 3.70397, -159.763, 3.71246, 20.3802, 5.64575E-005, 53.0382, 0.000814946, -117.549, 0.000400492, 60.6485
1274, 21.22500, 0.142463, 8.8761, 3.70097, -159.765, 3.70946, 20.3777, 5.64392E-005, 53.053, 0.000814479, -117.536, 0.00040025, 60.6611
1274, 21.23333, 0.142526, 8.87865, 3.69799, -159.767, 3.70646, 20.3753, 5.64209E-005, 53.0678, 0.000814013, -117.524, 0.000400008, 60.6736
1275, 21.24167, 0.14259, 8.8812, 3.695, -159.769, 3.70347, 20.3728, 5.64026E-005, 53.0826, 0.000813547, -117.511, 0.000399766, 60.6861
1275, 21.25000, 0.142653, 8.88375, 3.69201, -159.772, 3.70047, 20.3704, 5.63844E-005, 53.0974, 0.000813082, -117.499, 0.000399524, 60.6986
1276, 21.25833, 0.142717, 8.8863, 3.68903, -159.774, 3.69748, 20.3679, 5.63662E-005, 53.1122, 0.000812616, -117.487, 0.000399283, 60.7112
1276, 21.26667, 0.142781, 8.88884, 3.68605, -159.776, 3.69449, 20.3655, 5.6348E-005, 53.1269, 0.000812151, -117.474, 0.000399041, 60.7237
1277, 21.27500, 0.142844, 8.89138, 3.68307, -159.778, 3.69151, 20.3631, 5.63299E-005, 53.1417, 0.000811686, -117.462, 0.0003988, 60.7362
1277, 21.28333, 0.142908, 8.89391, 3.6801, -159.78, 3.68852, 20.3606, 5.63118E-005, 53.1565, 0.000811221, -117.45, 0.000398559, 60.7487
1278, 21.29167, 0.142972, 8.89644, 3.67712, -159.783, 3.68554, 20.3582, 5.62937E-005, 53.1713, 0.000810757, -117.437, 0.000398318, 60.7612
1278, 21.30000, 0.143036, 8.89897, 3.67415, -159.785, 3.68256, 20.3558, 5.62756E-005, 53.1861, 0.000810293, -117.425, 0.000398077, 60.7737
1279, 21.30833, 0.143101, 8.9015, 3.67118, -159.787, 3.67958, 20.3534, 5.62576E-005, 53.201, 0.000809829, -117.412, 0.000397836, 60.7862
1279, 21.31667, 0.143165, 8.90402, 3.66822, -159.789, 3.67661, 20.351, 5.62396E-005, 53.2158, 0.000809365, -117.4, 0.000397596, 60.7987
1280, 21.32500, 0.143229, 8.90654, 3.66525, -159.791, 3.67363, 20.3485, 5.62216E-005, 53.2306, 0.000808901, -117.388, 0.000397355, 60.8112
1280, 21.33333, 0.143293, 8.90905, 3.66229, -159.793, 3.67066, 20.3461, 5.62037E-005, 53.2454, 0.000808438, -117.375, 0.000397115, 60.8237
1281, 21.34167, 0.143358, 8.91157, 3.65933, -159.796, 3.66769, 20.3437, 5.61858E-005, 53.2602, 0.000807975, -117.363, 0.000396875, 60.8361
1281, 21.35000, 0.143423, 8.91407, 3.65637, -159.798, 3.66473, 20.3413, 5.61679E-005, 53.275, 0.000807512, -117.351, 0.000396634, 60.8486
1282, 21.35833, 0.143487, 8.91658, 3.65342, -159.8, 3.66176, 20.3389, 5.615E-005, 53.2898, 0.000807049, -117.338, 0.000396394, 60.8611
1282, 21.36667, 0.143552, 8.91908, 3.65046, -159.802, 3.6588, 20.3365, 5.61322E-005, 53.3047, 0.000806587, -117.326, 0.000396155, 60.8736
1283, 21.37500, 0.143617, 8.92158, 3.64751, -159.804, 3.65584, 20.3341, 5.61144E-005, 53.3195, 0.000806125, -117.314, 0.000395915, 60.886
1283, 21.38333, 0.143682, 8.92407, 3.64456, -159.806, 3.65288, 20.3318, 5.60966E-005, 53.3343, 0.000805663, -117.301, 0.000395675, 60.8985
1284, 21.39167, 0.143747, 8.92657, 3.64161, -159.808, 3.64993, 20.3294, 5.60789E-005, 53.3492, 0.000805201, -117.289, 0.000395436, 60.911
1284, 21.40000, 0.143812, 8.92905, 3.63867, -159.81, 3.64697, 20.327, 5.60612E-005, 53.364, 0.000804739, -117.277, 0.000395196, 60.9234
1285, 21.40833, 0.143877, 8.93154, 3.63573, -159.812, 3.64402, 20.3246, 5.60435E-005, 53.3788, 0.000804278, -117.264, 0.000394957, 60.9359
1285, 21.41667, 0.143942, 8.93402, 3.63279, -159.814, 3.64107, 20.3222, 5.60258E-005, 53.3937, 0.000803817, -117.252, 0.000394718, 60.9483
1286, 21.42500, 0.144008, 8.93649, 3.62985, -159.817, 3.63813, 20.3199, 5.60082E-005, 53.4085, 0.000803356, -117.24, 0.000394479, 60.9608
1286, 21.43333, 0.144073, 8.93897, 3.62691, -159.819, 3.63518, 20.3175, 5.59906E-005, 53.4234, 0.000802896, -117.227, 0.00039424, 60.9732
1287, 21.44167, 0.144139, 8.94144, 3.62398, -159.821, 3.63224, 20.3152, 5.59731E-005, 53.4382, 0.000802435, -117.215, 0.000394001, 60.9857
1287, 21.45000, 0.144204, 8.9439, 3.62105, -159.823, 3.6293, 20.3128, 5.59555E-005, 53.4531, 0.000801975, -117.203, 0.000393763, 60.9981
1288, 21.45833, 0.14427, 8.94636, 3.61812, -159.825, 3.62636, 20.3104, 5.5938E-005, 53.468, 0.000801515, -117.19, 0.000393524, 61.0106
1288, 21.46667, 0.144336, 8.94882, 3.61519, -159.827, 3.62343, 20.3081, 5.59205E-005, 53.4828, 0.000801056, -117.178, 0.000393286, 61.023
1289, 21.47500, 0.144402, 8.95128, 3.61227, -159.829, 3.62049, 20.3057, 5.59031E-005, 53.4977, 0.000800596, -117.166, 0.000393047, 61.0354
1289, 21.48333, 0.144468, 8.95373, 3.60934, -159.831, 3.61756, 20.3034, 5.58857E-005, 53.5126, 0.000800137, -117.153, 0.000392809, 61.0478
1290, 21.49167, 0.144534, 8.95617, 3.60642, -159.833, 3.61463, 20.3011, 5.58683E-005, 53.5274, 0.000799678, -117.141, 0.000392571, 61.0603
1290, 21.50000, 0.1446, 8.95862, 3.6035, -159.835, 3.6117, 20.2987, 5.58509E-005, 53.5423, 0.000799219, -117.129, 0.000392333, 61.0727
1291, 21.50833, 0.144666, 8.96105, 3.60059, -159.837, 3.60878, 20.2964, 5.58336E-005, 53.5572, 0.000798761, -117.116, 0.000392095, 61.0851
1291, 21.51667, 0.144733, 8.96349, 3.59767, -159.839, 3.60586, 20.2941, 5.58163E-005, 53.5721, 0.000798302, -117.104, 0.000391858, 61.0975
1292, 21.52500, 0.144799, 8.96592, 3.59476, -159.841, 3.60294, 20.2917, 5.5799E-005, 53.5869, 0.000797844, -117.092, 0.00039162, 61.1099
1292, 21.53333, 0.144866, 8.96835, 3.59185, -159.843, 3.60002, 20.2894, 5.57817E-005, 53.6018, 0.000797386, -117.08, 0.000391383, 61.1223
1293, 21.54167, 0.144932, 8.97077, 3.58894, -159.845, 3.5971, 20.2871, 5.57645E-005, 53.6167, 0.000796929, -117.067, 0.000391145, 61.1347
1293, 21.55000, 0.144999, 8.97319, 3.58604, -159.847, 3.59419, 20.2848, 5.57473E-005, 53.6316, 0.000796471, -117.055, 0.000390908, 61.1471
1294, 21.55833, 0.145066, 8.97561, 3.58313, -159.849, 3.59128, 20.2825, 5.57301E-005, 53.6465, 0.000796014, -117.043, 0.000390671, 61.1595
1294, 21.56667, 0.145133, 8.97802, 3.58023, -159.851, 3.58837, 20.2802, 5.5713E-005, 53.6614, 0.000795557, -117.03, 0.000390434, 61.1719
1295, 21.57500, 0.1452, 8.98042, 3.57733, -159.853, 3.58546, 20.2779, 5.56959E-005, 53.6763, 0.0007951, -117.018, 0.000390197, 61.1843
1295, 21.58333, 0.145267, 8.98283, 3.57443, -159.855, 3.58255, 20.2756, 5.56788E-005, 53.6912, 0.000794643, -117.006, 0.000389961, 61.1967
1296, 21.59167, 0.145334, 8.98523, 3.57154, -159.857, 3.57965, 20.2733, 5.56618E-005, 53.7061, 0.000794187, -116.993, 0.000389724, 61.2091
1296, 21.60000, 0.145401, 8.98762, 3.56865, -159.859, 3.57675, 20.271, 5.56448E-005, 53.721, 0.000793731, -116.981, 0.000389487, 61.2215
1297, 21.60833, 0.145468, 8.99001, 3.56575, -159.861, 3.57385, 20.2687, 5.56278E-005, 53.736, 0.000793275, -116.969, 0.000389251, 61.2338
1297, 21.61667, 0.145536, 8.9924, 3.56287, -159.862, 3.57095, 20.2664, 5.56108E-005, 53.7509, 0.000792819, -116.957, 0.000389015, 61.2462
1298, 21.62500, 0.145603, 8.99478, 3.55998, -159.864, 3.56806, 20.2641, 5.55939E-005, 53.7658, 0.000792364, -116.944, 0.000388779, 61.2586
1298, 21.63333, 0.145671, 8.99716, 3.55709, -159.866, 3.56517, 20.2619, 5.5577E-005, 53.7807, 0.000791908, -116.932, 0.000388543, 61.2709
1299, 21.64167, 0.145739, 8.99953, 3.55421, -159.868, 3.56228, 20.2596, 5.55601E-005, 53.7957, 0.000791453, -116.92, 0.000388307, 61.2833
1299, 21.65000, 0.145806, 9.0019, 3.55133, -159.87, 3.55939, 20.2573, 5.55432E-005, 53.8106, 0.000790999, -116.907, 0.000388071, 61.2957
1300, 21.65833, 0.145874, 9.00426, 3.54845, -159.872, 3.5565, 20.2551, 5.55264E-005, 53.8255, 0.000790544, -116.895, 0.000387835, 61.308
1300, 21.66667, 0.145942, 9.00662, 3.54558, -159.874, 3.55362, 20.2528, 5.55096E-005, 53.8405, 0.000790089, -116.883, 0.0003876, 61.3204
1301, 21.67500, 0.14601, 9.00898, 3.5427, -159.876, 3.55074, 20.2505, 5.54928E-005, 53.8554, 0.000789635, -116.871, 0.000387364, 61.3327
1301, 21.68333, 0.146078, 9.01133, 3.53983, -159.878, 3.54786, 20.2483, 5.54761E-005, 53.8703, 0.000789181, -116.858, 0.000387129, 61.3451
1302, 21.69167, 0.146147, 9.01368, 3.53696, -159.879, 3.54498, 20.246, 5.54594E-005, 53.8853, 0.000788727, -116.846, 0.000386894, 61.3574
1302, 21.70000, 0.146215, 9.01602, 3.53409, -159.881, 3.5421, 20.2438, 5.54427E-005, 53.9002, 0.000788274, -116.834, 0.000386659, 61.3698
1303, 21.70833, 0.146283, 9.01836, 3.53123, -159.883, 3.53923, 20.2415, 5.54261E-005, 53.9152, 0.00078782, -116.822, 0.000386424, 61.3821
1303, 21.71667, 0.146352, 9.02069, 3.52836, -159.885, 3.53636, 20.2393, 5.54095E-005, 53.9301, 0.000787367, -116.809, 0.000386189, 61.3944
1304, 21.72500, 0.146421, 9.02302, 3.5255, -159.887, 3.53349, 20.2371, 5.53929E-005, 53.9451, 0.000786914, -116.797, 0.000385954, 61.4068
1304, 21.73333, 0.146489, 9.02534, 3.52264, -159.889, 3.53062, 20.2348, 5.53763E-005, 53.9601, 0.000786462, -116.785, 0.000385719, 61.4191
1305, 21.74167, 0.146558, 9.02766, 3.51978, -159.891, 3.52776, 20.2326, 5.53598E-005, 53.975, 0.000786009, -116.773, 0.000385485, 61.4314
1305, 21.75000, 0.146627, 9.02998, 3.51693, -159.892, 3.52489, 20.2304, 5.53433E-005, 53.99, 0.000785557, -116.76, 0.00038525, 61.4437
1306, 21.75833, 0.146696, 9.03229, 3.51408, -159.894, 3.52203, 20.2281, 5.53268E-005, 54.005, 0.000785105, -116.748, 0.000385016, 61.4561
1306, 21.76667, 0.146765, 9.03459, 3.51122, -159.896, 3.51917, 20.2259, 5.53103E-005, 54.0199, 0.000784653, -116.736, 0.000384782, 61.4684
1307, 21.77500, 0.146834, 9.03689, 3.50838, -159.898, 3.51632, 20.2237, 5.52939E-005, 54.0349, 0.000784201, -116.724, 0.000384548, 61.4807
1307, 21.78333, 0.146903, 9.03919, 3.50553, -159.9, 3.51346, 20.2215, 5.52775E-005, 54.0499, 0.00078375, -116.711, 0.000384314, 61.493
1308, 21.79167, 0.146973, 9.04148, 3.50268, -159.901, 3.51061, 20.2193, 5.52612E-005, 54.0649, 0.000783298, -116.699, 0.00038408, 61.5053
1308, 21.80000, 0.147042, 9.04377, 3.49984, -159.903, 3.50776, 20.2171, 5.52448E-005, 54.0799, 0.000782847, -116.687, 0.000383846, 61.5176
1309, 21.80833, 0.147112, 9.04605, 3.497, -159.905, 3.50491, 20.2149, 5.52285E-005, 54.0949, 0.000782396, -116.675, 0.000383613, 61.5299
1309, 21.81667, 0.147181, 9.04832, 3.49416, -159.907, 3.50206, 20.2127, 5.52122E-005, 54.1099, 0.000781946, -116.662, 0.000383379, 61.5422
1310, 21.82500, 0.147251, 9.05059, 3.49132, -159.908, 3.49922, 20.2105, 5.5196E-005, 54.1249, 0.000781495, -116.65, 0.000383146, 61.5545
1310, 21.83333, 0.147321, 9.05286, 3.48849, -159.91, 3.49638, 20.2083, 5.51798E-005, 54.1399, 0.000781045, -116.638, 0.000382912, 61.5668
1311, 21.84167, 0.147391, 9.05512, 3.48566, -159.912, 3.49354, 20.2061, 5.51636E-005, 54.1549, 0.000780595, -116.626, 0.000382679, 61.5791
1311, 21.85000, 0.147461, 9.05738, 3.48283, -159.914, 3.4907, 20.2039, 5.51474E-005, 54.1699, 0.000780145, -116.613, 0.000382446, 61.5913
1312, 21.85833, 0.147531, 9.05963, 3.48, -159.915, 3.48786, 20.2017, 5.51313E-005, 54.1849, 0.000779695, -116.601, 0.000382213, 61.6036
1312, 21.86667, 0.147601, 9.06188, 3.47717, -159.917, 3.48503, 20.1995, 5.51152E-005, 54.1999, 0.000779246, -116.589, 0.00038198, 61.6159
1313, 21.87500, 0.147671, 9.06412, 3.47434, -159.919, 3.4822, 20.1974, 5.50991E-005, 54.2149, 0.000778797, -116.577, 0.000381747, 61.6282
1313, 21.88333, 0.147742, 9.06635, 3.47152, -159.921, 3.47937, 20.1952, 5.5083E-005, 54.23, 0.000778348, -116.565, 0.000381515, 61.6404
1313, 21.89167, 0.147812, 9.06859, 3.4687, -159.922, 3.47654, 20.193, 5.5067E-005, 54.245, 0.000777899, -116.552, 0.000381282, 61.6527
1314, 21.90000, 0.147883, 9.07081, 3.46588, -159.924, 3.47371, 20.1909, 5.5051E-005, 54.26, 0.00077745, -116.54, 0.00038105, 61.665
1315, 21.90833, 0.147953, 9.07303, 3.46307, -159.926, 3.47089, 20.1887, 5.50351E-005, 54.275, 0.000777002, -116.528, 0.000380818, 61.6772
1315, 21.91667, 0.148024, 9.07525, 3.46025, -159.927, 3.46807, 20.1866, 5.50191E-005, 54.2901, 0.000776553, -116.516, 0.000380585, 61.6895
1315, 21.92500, 0.148095, 9.07746, 3.45744, -159.929, 3.46525, 20.1844, 5.50032E-005, 54.3051, 0.000776105, -116.503, 0.000380353, 61.7017
1316, 21.93333, 0.148166, 9.07966, 3.45463, -159.931, 3.46243, 20.1822, 5.49873E-005, 54.3202, 0.000775658, -116.491, 0.000380121, 61.714
1317, 21.94167, 0.148237, 9.08186, 3.45182, -159.932, 3.45961, 20.1801, 5.49715E-005, 54.3352, 0.00077521, -116.479, 0.000379889, 61.7262
1317, 21.95000, 0.148308, 9.08406, 3.44901, -159.934, 3.4568, 20.178, 5.49557E-005, 54.3502, 0.000774762, -116.467, 0.000379658, 61.7385
1317, 21.95833, 0.148379, 9.08624, 3.44621, -159.936, 3.45399, 20.1758, 5.49399E-005, 54.3653, 0.000774315, -116.455, 0.000379426, 61.7507
1318, 21.96667, 0.148451, 9.08843, 3.44341, -159.937, 3.45118, 20.1737, 5.49241E-005, 54.3804, 0.000773868, -116.442, 0.000379194, 61.763
1319, 21.97500, 0.148522, 9.09061, 3.44061, -159.939, 3.44837, 20.1715, 5.49084E-005, 54.3954, 0.000773421, -116.43, 0.000378963, 61.7752
1319, 21.98333, 0.148594, 9.09278, 3.43781, -159.941, 3.44556, 20.1694, 5.48927E-005, 54.4105, 0.000772975, -116.418, 0.000378732, 61.7874
1319, 21.99167, 0.148665, 9.09494, 3.43501, -159.942, 3.44276, 20.1673, 5.4877E-005, 54.4255, 0.000772528, -116.406, 0.0003785, 61.7997
1320, 22.00000, 0.148737, 9.09711, 3.43222, -159.944, 3.43996, 20.1652, 5.48613E-005, 54.4406, 0.000772082, -116.394, 0.000378269, 61.8119
1321, 22.00833, 0.148809, 9.09926, 3.42942, -159.945, 3.43716, 20.163, 5.48457E-005, 54.4557, 0.000771636, -116.381, 0.000378038, 61.8241
1321, 22.01667, 0.148881, 9.10141, 3.42663, -159.947, 3.43436, 20.1609, 5.48301E-005, 54.4708, 0.00077119, -116.369, 0.000377807, 61.8363
1321, 22.02500, 0.148953, 9.10356, 3.42384, -159.949, 3.43156, 20.1588, 5.48145E-005, 54.4858, 0.000770744, -116.357, 0.000377576, 61.8485
1322, 22.03333, 0.149025, 9.10569, 3.42106, -159.95, 3.42877, 20.1567, 5.4799E-005, 54.5009, 0.000770299, -116.345, 0.000377346, 61.8608
1323, 22.04167, 0.149097, 9.10783, 3.41827, -159.952, 3.42598, 20.1546, 5.47835E-005, 54.516, 0.000769854, -116.333, 0.000377115, 61.873
1323, 22.05000, 0.149169, 9.10995, 3.41549, -159.953, 3.42319, 20.1525, 5.4768E-005, 54.5311, 0.000769408, -116.32, 0.000376885, 61.8852
1323, 22.05833, 0.149242, 9.11208, 3.41271, -159.955, 3.4204, 20.1504, 5.47526E-005, 54.5462, 0.000768964, -116.308, 0.000376654, 61.8974
1324, 22.06667, 0.149314, 9.11419, 3.40993, -159.957, 3.41761, 20.1483, 5.47371E-005, 54.5613, 0.000768519, -116.296, 0.000376424, 61.9096
1325, 22.07500, 0.149387, 9.1163, 3.40715, -159.958, 3.41483, 20.1462, 5.47217E-005, 54.5764, 0.000768074, -116.284, 0.000376194, 61.9218
1325, 22.08333, 0.14946, 9.11841, 3.40438, -159.96, 3.41205, 20.1441, 5.47064E-005, 54.5915, 0.00076763, -116.272, 0.000375964, 61.934
1325, 22.09167, 0.149532, 9.1205, 3.40161, -159.961, 3.40927, 20.142, 5.4691E-005, 54.6066, 0.000767186, -116.259, 0.000375734, 61.9462
1326, 22.10000, 0.149605, 9.1226, 3.39883, -159.963, 3.40649, 20.1399, 5.46757E-005, 54.6217, 0.000766742, -116.247, 0.000375504, 61.9584
1327, 22.10833, 0.149678, 9.12468, 3.39607, -159.964, 3.40371, 20.1379, 5.46604E-005, 54.6368, 0.000766298, -116.235, 0.000375274, 61.9705
1327, 22.11667, 0.149751, 9.12676, 3.3933, -159.966, 3.40094, 20.1358, 5.46452E-005, 54.6519, 0.000765855, -116.223, 0.000375044, 61.9827
1327, 22.12500, 0.149824, 9.12884, 3.39053, -159.967, 3.39817, 20.1337, 5.463E-005, 54.667, 0.000765411, -116.211, 0.000374815, 61.9949
1328, 22.13333, 0.149898, 9.1309, 3.38777, -159.969, 3.3954, 20.1316, 5.46148E-005, 54.6822, 0.000764968, -116.198, 0.000374585, 62.0071
1329, 22.14167, 0.149971, 9.13297, 3.38501, -159.97, 3.39263, 20.1296, 5.45996E-005, 54.6973, 0.000764525, -116.186, 0.000374356, 62.0192
1329, 22.15000, 0.150045, 9.13502, 3.38225, -159.972, 3.38986, 20.1275, 5.45845E-005, 54.7124, 0.000764082, -116.174, 0.000374127, 62.0314
1329, 22.15833, 0.150118, 9.13707, 3.37949, -159.973, 3.3871, 20.1254, 5.45694E-005, 54.7276, 0.00076364, -116.162, 0.000373897, 62.0436
1330, 22.16667, 0.150192, 9.13911, 3.37674, -159.975, 3.38434, 20.1234, 5.45543E-005, 54.7427, 0.000763197, -116.15, 0.000373668, 62.0557
1331, 22.17500, 0.150266, 9.14115, 3.37398, -159.976, 3.38158, 20.1213, 5.45392E-005, 54.7578, 0.000762755, -116.138, 0.000373439, 62.0679
1331, 22.18333, 0.15034, 9.14318, 3.37123, -159.978, 3.37882, 20.1193, 5.45242E-005, 54.773, 0.000762313, -116.125, 0.000373211, 62.0801
1331, 22.19167, 0.150414, 9.1452, 3.36848, -159.979, 3.37606, 20.1172, 5.45092E-005, 54.7881, 0.000761871, -116.113, 0.000372982, 62.0922
1332, 22.20000, 0.150488, 9.14722, 3.36573, -159.981, 3.37331, 20.1152, 5.44942E-005, 54.8033, 0.00076143, -116.101, 0.000372753, 62.1044
1333, 22.20833, 0.150562, 9.14923, 3.36299, -159.982, 3.37055, 20.1131, 5.44793E-005, 54.8184, 0.000760988, -116.089, 0.000372525, 62.1165
1333, 22.21667, 0.150636, 9.15124, 3.36024, -159.984, 3.3678, 20.1111, 5.44644E-005, 54.8336, 0.000760547, -116.077, 0.000372296, 62.1287
1333, 22.22500, 0.15071, 9.15324, 3.3575, -159.985, 3.36505, 20.1091, 5.44495E-005, 54.8488, 0.000760106, -116.064, 0.000372068, 62.1408
1334, 22.23333, 0.150785, 9.15523, 3.35476, -159.986, 3.36231, 20.107, 5.44347E-005, 54.8639, 0.000759665, -116.052, 0.00037184, 62.1529
1335, 22.24167, 0.15086, 9.15722, 3.35202, -159.988, 3.35956, 20.105, 5.44198E-005, 54.8791, 0.000759224, -116.04, 0.000371611, 62.1651
1335, 22.25000, 0.150934, 9.15919, 3.34929, -159.989, 3.35682, 20.103, 5.4405E-005, 54.8943, 0.000758783, -116.028, 0.000371383, 62.1772
1335, 22.25833, 0.151009, 9.16117, 3.34655, -159.991, 3.35408, 20.101, 5.43903E-005, 54.9094, 0.000758343, -116.016, 0.000371155, 62.1893
1336, 22.26667, 0.151084, 9.16313, 3.34382, -159.992, 3.35134, 20.099, 5.43755E-005, 54.9246, 0.000757903, -116.004, 0.000370928, 62.2015
1337, 22.27500, 0.151159, 9.16509, 3.34109, -159.993, 3.3486, 20.0969, 5.43608E-005, 54.9398, 0.000757463, -115.992, 0.0003707, 62.2136
1337, 22.28333, 0.151234, 9.16704, 3.33836, -159.995, 3.34586, 20.0949, 5.43461E-005, 54.955, 0.000757023, -115.979, 0.000370472, 62.2257
1337, 22.29167, 0.151309, 9.16899, 3.33564, -159.996, 3.34313, 20.0929, 5.43315E-005, 54.9702, 0.000756583, -115.967, 0.000370245, 62.2378
1338, 22.30000, 0.151384, 9.17093, 3.33291, -159.998, 3.3404, 20.0909, 5.43169E-005, 54.9854, 0.000756144, -115.955, 0.000370017, 62.25
1339, 22.30833, 0.15146, 9.17286, 3.33019, -159.999, 3.33767, 20.0889, 5.43023E-005, 55.0006, 0.000755705, -115.943, 0.00036979, 62.2621
1339, 22.31667, 0.151535, 9.17479, 3.32747, -160, 3.33494, 20.0869, 5.42877E-005, 55.0158, 0.000755266, -115.931, 0.000369562, 62.2742
1339, 22.32500, 0.151611, 9.1767, 3.32475, -160.002, 3.33222, 20.0849, 5.42732E-005, 55.031, 0.000754827, -115.919, 0.000369335, 62.2863
1340, 22.33333, 0.151687, 9.17862, 3.32203, -160.003, 3.32949, 20.0829, 5.42587E-005, 55.0462, 0.000754388, -115.906, 0.000369108, 62.2984
1341, 22.34167, 0.151762, 9.18052, 3.31932, -160.004, 3.32677, 20.0809, 5.42442E-005, 55.0614, 0.000753949, -115.894, 0.000368881, 62.3105
1341, 22.35000, 0.151838, 9.18242, 3.3166, -160.006, 3.32405, 20.0789, 5.42297E-005, 55.0766, 0.000753511, -115.882, 0.000368654, 62.3226
1341, 22.35833, 0.151914, 9.18431, 3.31389, -160.007, 3.32133, 20.077, 5.42153E-005, 55.0918, 0.000753073, -115.87, 0.000368428, 62.3347
1342, 22.36667, 0.15199, 9.18619, 3.31118, -160.008, 3.31861, 20.075, 5.42009E-005, 55.107, 0.000752635, -115.858, 0.000368201, 62.3468
1343, 22.37500, 0.152067, 9.18807, 3.30847, -160.01, 3.3159, 20.073, 5.41865E-005, 55.1223, 0.000752197, -115.846, 0.000367974, 62.3588
1343, 22.38333, 0.152143, 9.18994, 3.30577, -160.011, 3.31319, 20.071, 5.41722E-005, 55.1375, 0.000751759, -115.833, 0.000367748, 62.3709
1343, 22.39167, 0.152219, 9.1918, 3.30306, -160.012, 3.31047, 20.0691, 5.41579E-005, 55.1527, 0.000751322, -115.821, 0.000367521, 62.383
1344, 22.40000, 0.152296, 9.19365, 3.30036, -160.013, 3.30777, 20.0671, 5.41436E-005, 55.1679, 0.000750884, -115.809, 0.000367295, 62.3951
1345, 22.40833, 0.152373, 9.1955, 3.29766, -160.015, 3.30506, 20.0651, 5.41294E-005, 55.1832, 0.000750447, -115.797, 0.000367069, 62.4072
1345, 22.41667, 0.152449, 9.19734, 3.29496, -160.016, 3.30235, 20.0632, 5.41151E-005, 55.1984, 0.00075001, -115.785, 0.000366843, 62.4192
1345, 22.42500, 0.152526, 9.19917, 3.29226, -160.017, 3.29965, 20.0612, 5.41009E-005, 55.2137, 0.000749574, -115.773, 0.000366617, 62.4313
1346, 22.43333, 0.152603, 9.201, 3.28957, -160.019, 3.29695, 20.0593, 5.40868E-005, 55.2289, 0.000749137, -115.761, 0.000366391, 62.4434
1347, 22.44167, 0.15268, 9.20282, 3.28688, -160.02, 3.29425, 20.0573, 5.40726E-005, 55.2442, 0.000748701, -115.748, 0.000366165, 62.4554
1347, 22.45000, 0.152757, 9.20463, 3.28419, -160.021, 3.29155, 20.0554, 5.40585E-005, 55.2594, 0.000748264, -115.736, 0.000365939, 62.4675
1348, 22.45833, 0.152835, 9.20643, 3.2815, -160.022, 3.28885, 20.0534, 5.40445E-005, 55.2747, 0.000747828, -115.724, 0.000365713, 62.4795
1348, 22.46667, 0.152912, 9.20822, 3.27881, -160.023, 3.28616, 20.0515, 5.40304E-005, 55.29, 0.000747392, -115.712, 0.000365488, 62.4916
1349, 22.47500, 0.15299, 9.21001, 3.27612, -160.025, 3.28347, 20.0495, 5.40164E-005, 55.3052, 0.000746957, -115.7, 0.000365262, 62.5037
1349, 22.48333, 0.153067, 9.21179, 3.27344, -160.026, 3.28078, 20.0476, 5.40024E-005, 55.3205, 0.000746521, -115.688, 0.000365037, 62.5157
1350, 22.49167, 0.153145, 9.21356, 3.27076, -160.027, 3.27809, 20.0457, 5.39884E-005, 55.3358, 0.000746086, -115.676, 0.000364812, 62.5278
1350, 22.50000, 0.153223, 9.21533, 3.26808, -160.028, 3.2754, 20.0437, 5.39745E-005, 55.351, 0.00074565, -115.663, 0.000364587, 62.5398
1351, 22.50833, 0.1533, 9.21708, 3.2654, -160.029, 3.27271, 20.0418, 5.39606E-005, 55.3663, 0.000745215, -115.651, 0.000364362, 62.5518
1351, 22.51667, 0.153378, 9.21883, 3.26272, -160.031, 3.27003, 20.0399, 5.39467E-005, 55.3816, 0.000744781, -115.639, 0.000364137, 62.5639
1352, 22.52500, 0.153457, 9.22057, 3.26005, -160.032, 3.26735, 20.038, 5.39329E-005, 55.3969, 0.000744346, -115.627, 0.000363912, 62.5759
1352, 22.53333, 0.153535, 9.22231, 3.25738, -160.033, 3.26467, 20.036, 5.3919E-005, 55.4122, 0.000743911, -115.615, 0.000363687, 62.5879
1353, 22.54167, 0.153613, 9.22403, 3.2547, -160.034, 3.26199, 20.0341, 5.39052E-005, 55.4275, 0.000743477, -115.603, 0.000363462, 62.6
1353, 22.55000, 0.153692, 9.22575, 3.25204, -160.035, 3.25932, 20.0322, 5.38915E-005, 55.4428, 0.000743043, -115.591, 0.000363237, 62.612
1354, 22.55833, 0.15377, 9.22746, 3.24937, -160.036, 3.25664, 20.0303, 5.38777E-005, 55.4581, 0.000742609, -115.579, 0.000363013, 62.624
1354, 22.56667, 0.153849, 9.22916, 3.2467, -160.038, 3.25397, 20.0284, 5.3864E-005, 55.4734, 0.000742175, -115.566, 0.000362788, 62.636
1355, 22.57500, 0.153928, 9.23085, 3.24404, -160.039, 3.2513, 20.0265, 5.38504E-005, 55.4887, 0.000741741, -115.554, 0.000362564, 62.648
1355, 22.58333, 0.154006, 9.23254, 3.24138, -160.04, 3.24863, 20.0246, 5.38367E-005, 55.504, 0.000741308, -115.542, 0.00036234, 62.6601
1356, 22.59167, 0.154085, 9.23422, 3.23872, -160.041, 3.24596, 20.0227, 5.38231E-005, 55.5193, 0.000740875, -115.53, 0.000362116, 62.6721
1356, 22.60000, 0.154164, 9.23589, 3.23606, -160.042, 3.2433, 20.0208, 5.38095E-005, 55.5346, 0.000740441, -115.518, 0.000361892, 62.6841
1357, 22.60833, 0.154244, 9.23755, 3.2334, -160.043, 3.24063, 20.0189, 5.3796E-005, 55.5499, 0.000740008, -115.506, 0.000361668, 62.6961
1357, 22.61667, 0.154323, 9.2392, 3.23075, -160.044, 3.23797, 20.017, 5.37824E-005, 55.5653, 0.000739576, -115.494, 0.000361444, 62.7081
1358, 22.62500, 0.154402, 9.24084, 3.2281, -160.045, 3.23531, 20.0151, 5.37689E-005, 55.5806, 0.000739143, -115.482, 0.00036122, 62.7201
1358, 22.63333, 0.154482, 9.24248, 3.22545, -160.046, 3.23265, 20.0132, 5.37555E-005, 55.5959, 0.00073871, -115.469, 0.000360996, 62.7321
1359, 22.64167, 0.154562, 9.2441, 3.2228, -160.048, 3.23, 20.0114, 5.3742E-005, 55.6113, 0.000738278, -115.457, 0.000360772, 62.7441
1359, 22.65000, 0.154641, 9.24572, 3.22015, -160.049, 3.22734, 20.0095, 5.37286E-005, 55.6266, 0.000737846, -115.445, 0.000360549, 62.756
1360, 22.65833, 0.154721, 9.24733, 3.2175, -160.05, 3.22469, 20.0076, 5.37152E-005, 55.6419, 0.000737414, -115.433, 0.000360325, 62.768
1360, 22.66667, 0.154801, 9.24893, 3.21486, -160.051, 3.22204, 20.0057, 5.37019E-005, 55.6573, 0.000736982, -115.421, 0.000360102, 62.78
1361, 22.67500, 0.154881, 9.25053, 3.21222, -160.052, 3.21939, 20.0039, 5.36885E-005, 55.6726, 0.00073655, -115.409, 0.000359879, 62.792
1361, 22.68333, 0.154961, 9.25211, 3.20958, -160.053, 3.21674, 20.002, 5.36752E-005, 55.688, 0.000736119, -115.397, 0.000359656, 62.804
1362, 22.69167, 0.155042, 9.25369, 3.20694, -160.054, 3.2141, 20.0002, 5.3662E-005, 55.7034, 0.000735688, -115.385, 0.000359432, 62.8159
1362, 22.70000, 0.155122, 9.25525, 3.2043, -160.055, 3.21145, 19.9983, 5.36487E-005, 55.7187, 0.000735256, -115.372, 0.000359209, 62.8279
1363, 22.70833, 0.155203, 9.25681, 3.20167, -160.056, 3.20881, 19.9964, 5.36355E-005, 55.7341, 0.000734826, -115.36, 0.000358987, 62.8399
1363, 22.71667, 0.155283, 9.25836, 3.19903, -160.057, 3.20617, 19.9946, 5.36223E-005, 55.7494, 0.000734395, -115.348, 0.000358764, 62.8519
1364, 22.72500, 0.155364, 9.2599, 3.1964, -160.058, 3.20353, 19.9927, 5.36092E-005, 55.7648, 0.000733964, -115.336, 0.000358541, 62.8638
1364, 22.73333, 0.155445, 9.26143, 3.19377, -160.059, 3.2009, 19.9909, 5.35961E-005, 55.7802, 0.000733534, -115.324, 0.000358318, 62.8758
1365, 22.74167, 0.155526, 9.26296, 3.19114, -160.06, 3.19826, 19.989, 5.3583E-005, 55.7956, 0.000733103, -115.312, 0.000358096, 62.8877
1365, 22.75000, 0.155607, 9.26447, 3.18852, -160.061, 3.19563, 19.9872, 5.35699E-005, 55.8109, 0.000732673, -115.3, 0.000357873, 62.8997
1366, 22.75833, 0.155688, 9.26597, 3.18589, -160.062, 3.193, 19.9854, 5.35569E-005, 55.8263, 0.000732243, -115.288, 0.000357651, 62.9116
1366, 22.76667, 0.155769, 9.26747, 3.18327, -160.063, 3.19037, 19.9835, 5.35439E-005, 55.8417, 0.000731813, -115.275, 0.000357428, 62.9236
1367, 22.77500, 0.155851, 9.26896, 3.18065, -160.064, 3.18774, 19.9817, 5.35309E-005, 55.8571, 0.000731383, -115.263, 0.000357206, 62.9355
1367, 22.78333, 0.155932, 9.27043, 3.17803, -160.065, 3.18511, 19.9799, 5.35179E-005, 55.8725, 0.000730954, -115.251, 0.000356984, 62.9475
1368, 22.79167, 0.156014, 9.2719, 3.17542, -160.066, 3.18249, 19.978, 5.3505E-005, 55.8879, 0.000730524, -115.239, 0.000356762, 62.9594
1368, 22.80000, 0.156095, 9.27336, 3.1728, -160.066, 3.17987, 19.9762, 5.34921E-005, 55.9033, 0.000730095, -115.227, 0.00035654, 62.9714
1369, 22.80833, 0.156177, 9.27481, 3.17019, -160.067, 3.17724, 19.9744, 5.34793E-005, 55.9187, 0.000729666, -115.215, 0.000356318, 62.9833
1369, 22.81667, 0.156259, 9.27625, 3.16757, -160.068, 3.17463, 19.9726, 5.34664E-005, 55.9341, 0.000729237, -115.203, 0.000356096, 62.9952
1370, 22.82500, 0.156341, 9.27768, 3.16496, -160.069, 3.17201, 19.9708, 5.34536E-005, 55.9495, 0.000728809, -115.191, 0.000355875, 63.0071
1370, 22.83333, 0.156424, 9.2791, 3.16236, -160.07, 3.16939, 19.969, 5.34409E-005, 55.9649, 0.00072838, -115.178, 0.000355653, 63.0191
1371, 22.84167, 0.156506, 9.28051, 3.15975, -160.071, 3.16678, 19.9671, 5.34281E-005, 55.9804, 0.000727952, -115.166, 0.000355431, 63.031
1371, 22.85000, 0.156588, 9.28191, 3.15714, -160.072, 3.16417, 19.9653, 5.34154E-005, 55.9958, 0.000727523, -115.154, 0.00035521, 63.0429
1372, 22.85833, 0.156671, 9.28331, 3.15454, -160.073, 3.16156, 19.9635, 5.34027E-005, 56.0112, 0.000727095, -115.142, 0.000354988, 63.0548
1372, 22.86667, 0.156753, 9.28469, 3.15194, -160.074, 3.15895, 19.9617, 5.33901E-005, 56.0266, 0.000726667, -115.13, 0.000354767, 63.0667
1373, 22.87500, 0.156836, 9.28606, 3.14934, -160.074, 3.15634, 19.9599, 5.33774E-005, 56.0421, 0.00072624, -115.118, 0.000354546, 63.0787
1373, 22.88333, 0.156919, 9.28743, 3.14674, -160.075, 3.15373, 19.9581, 5.33648E-005, 56.0575, 0.000725812, -115.106, 0.000354325, 63.0906
1374, 22.89167, 0.157002, 9.28878, 3.14415, -160.076, 3.15113, 19.9563, 5.33523E-005, 56.0729, 0.000725385, -115.094, 0.000354104, 63.1025
1374, 22.90000, 0.157085, 9.29012, 3.14155, -160.077, 3.14853, 19.9546, 5.33397E-005, 56.0884, 0.000724957, -115.082, 0.000353883, 63.1144
1375, 22.90833, 0.157168, 9.29146, 3.13896, -160.078, 3.14593, 19.9528, 5.33272E-005, 56.1038, 0.00072453, -115.069, 0.000353662, 63.1263
1375, 22.91667, 0.157252, 9.29278, 3.13637, -160.079, 3.14333, 19.951, 5.33148E-005, 56.1193, 0.000724103, -115.057, 0.000353441, 63.1382
1376, 22.92500, 0.157335, 9.2941, 3.13378, -160.079, 3.14073, 19.9492, 5.33023E-005, 56.1347, 0.000723676, -115.045, 0.00035322, 63.1501
1376, 22.93333, 0.157419, 9.2954, 3.13119, -160.08, 3.13814, 19.9474, 5.32899E-005, 56.1502, 0.00072325, -115.033, 0.000353, 63.162
1377, 22.94167, 0.157502, 9.29669, 3.1286, -160.081, 3.13554, 19.9456, 5.32775E-005, 56.1656, 0.000722823, -115.021, 0.000352779, 63.1738
1377, 22.95000, 0.157586, 9.29798, 3.12602, -160.082, 3.13295, 19.9439, 5.32652E-005, 56.1811, 0.000722397, -115.009, 0.000352558, 63.1857
1378, 22.95833, 0.15767, 9.29925, 3.12344, -160.083, 3.13036, 19.9421, 5.32528E-005, 56.1966, 0.00072197, -114.997, 0.000352338, 63.1976
1378, 22.96667, 0.157754, 9.30051, 3.12086, -160.083, 3.12777, 19.9403, 5.32405E-005, 56.212, 0.000721544, -114.985, 0.000352118, 63.2095
1379, 22.97500, 0.157838, 9.30176, 3.11828, -160.084, 3.12519, 19.9386, 5.32283E-005, 56.2275, 0.000721118, -114.972, 0.000351897, 63.2214
1379, 22.98333, 0.157923, 9.30301, 3.1157, -160.085, 3.1226, 19.9368, 5.3216E-005, 56.243, 0.000720693, -114.96, 0.000351677, 63.2332
1380, 22.99167, 0.158007, 9.30424, 3.11312, -160.086, 3.12002, 19.9351, 5.32038E-005, 56.2585, 0.000720267, -114.948, 0.000351457, 63.2451
1380, 23.00000, 0.158092, 9.30546, 3.11055, -160.086, 3.11743, 19.9333, 5.31916E-005, 56.2739, 0.000719842, -114.936, 0.000351237, 63.257
1381, 23.00833, 0.158176, 9.30667, 3.10798, -160.087, 3.11485, 19.9315, 5.31795E-005, 56.2894, 0.000719416, -114.924, 0.000351017, 63.2688
1381, 23.01667, 0.158261, 9.30787, 3.10541, -160.088, 3.11228, 19.9298, 5.31674E-005, 56.3049, 0.000718991, -114.912, 0.000350797, 63.2807
1382, 23.02500, 0.158346, 9.30906, 3.10284, -160.089, 3.1097, 19.928, 5.31553E-005, 56.3204, 0.000718566, -114.9, 0.000350578, 63.2926
1382, 23.03333, 0.158431, 9.31024, 3.10027, -160.089, 3.10712, 19.9263, 5.31432E-005, 56.3359, 0.000718141, -114.888, 0.000350358, 63.3044
1383, 23.04167, 0.158516, 9.31141, 3.09771, -160.09, 3.10455, 19.9246, 5.31312E-005, 56.3514, 0.000717717, -114.876, 0.000350138, 63.3163
1383, 23.05000, 0.158601, 9.31257, 3.09514, -160.091, 3.10198, 19.9228, 5.31192E-005, 56.3669, 0.000717292, -114.863, 0.000349919, 63.3281
1384, 23.05833, 0.158686, 9.31371, 3.09258, -160.091, 3.09941, 19.9211, 5.31072E-005, 56.3824, 0.000716868, -114.851, 0.000349699, 63.34
1384, 23.06667, 0.158772, 9.31485, 3.09002, -160.092, 3.09684, 19.9193, 5.30953E-005, 56.3979, 0.000716444, -114.839, 0.00034948, 63.3518
1385, 23.07500, 0.158857, 9.31597, 3.08746, -160.093, 3.09427, 19.9176, 5.30834E-005, 56.4134, 0.000716019, -114.827, 0.000349261, 63.3637
1385, 23.08333, 0.158943, 9.31709, 3.0849, -160.093, 3.09171, 19.9159, 5.30715E-005, 56.4289, 0.000715596, -114.815, 0.000349041, 63.3755
1386, 23.09167, 0.159029, 9.31819, 3.08235, -160.094, 3.08915, 19.9141, 5.30596E-005, 56.4445, 0.000715172, -114.803, 0.000348822, 63.3873
1386, 23.10000, 0.159115, 9.31928, 3.07979, -160.095, 3.08658, 19.9124, 5.30478E-005, 56.46, 0.000714748, -114.791, 0.000348603, 63.3992
1387, 23.10833, 0.159201, 9.32036, 3.07724, -160.095, 3.08402, 19.9107, 5.3036E-005, 56.4755, 0.000714325, -114.779, 0.000348384, 63.411
1387, 23.11667, 0.159287, 9.32143, 3.07469, -160.096, 3.08146, 19.909, 5.30242E-005, 56.491, 0.000713901, -114.766, 0.000348165, 63.4228
1388, 23.12500, 0.159373, 9.32249, 3.07214, -160.097, 3.07891, 19.9073, 5.30125E-005, 56.5066, 0.000713478, -114.754, 0.000347947, 63.4347
1388, 23.13333, 0.15946, 9.32354, 3.0696, -160.097, 3.07635, 19.9056, 5.30008E-005, 56.5221, 0.000713055, -114.742, 0.000347728, 63.4465
1389, 23.14167, 0.159546, 9.32457, 3.06705, -160.098, 3.0738, 19.9038, 5.29891E-005, 56.5376, 0.000712632, -114.73, 0.000347509, 63.4583
1389, 23.15000, 0.159633, 9.3256, 3.06451, -160.098, 3.07125, 19.9021, 5.29775E-005, 56.5532, 0.000712209, -114.718, 0.000347291, 63.4701
1390, 23.15833, 0.15972, 9.32661, 3.06197, -160.099, 3.0687, 19.9004, 5.29659E-005, 56.5687, 0.000711787, -114.706, 0.000347072, 63.4819
1390, 23.16667, 0.159807, 9.32761, 3.05943, -160.1, 3.06615, 19.8987, 5.29543E-005, 56.5843, 0.000711364, -114.694, 0.000346854, 63.4938
1391, 23.17500, 0.159894, 9.3286, 3.05689, -160.1, 3.0636, 19.897, 5.29428E-005, 56.5998, 0.000710942, -114.682, 0.000346635, 63.5056
1391, 23.18333, 0.159981, 9.32958, 3.05435, -160.101, 3.06106, 19.8953, 5.29312E-005, 56.6154, 0.00071052, -114.67, 0.000346417, 63.5174
1392, 23.19167, 0.160068, 9.33055, 3.05182, -160.101, 3.05851, 19.8936, 5.29198E-005, 56.6309, 0.000710098, -114.657, 0.000346199, 63.5292
1392, 23.20000, 0.160155, 9.3315, 3.04928, -160.102, 3.05597, 19.8919, 5.29083E-005, 56.6465, 0.000709676, -114.645, 0.000345981, 63.541
1393, 23.20833, 0.160243, 9.33244, 3.04675, -160.102, 3.05343, 19.8902, 5.28969E-005, 56.662, 0.000709254, -114.633, 0.000345762, 63.5528
1393, 23.21667, 0.160331, 9.33337, 3.04422, -160.103, 3.05089, 19.8886, 5.28855E-005, 56.6776, 0.000708833, -114.621, 0.000345544, 63.5646
1394, 23.22500, 0.160418, 9.33429, 3.04169, -160.103, 3.04835, 19.8869, 5.28741E-005, 56.6932, 0.000708411, -114.609, 0.000345327, 63.5764
1394, 23.23333, 0.160506, 9.3352, 3.03916, -160.104, 3.04582, 19.8852, 5.28628E-005, 56.7087, 0.00070799, -114.597, 0.000345109, 63.5882
1395, 23.24167, 0.160594, 9.33609, 3.03664, -160.104, 3.04328, 19.8835, 5.28515E-005, 56.7243, 0.000707569, -114.585, 0.000344891, 63.5999
1395, 23.25000, 0.160682, 9.33698, 3.03411, -160.105, 3.04075, 19.8818, 5.28402E-005, 56.7399, 0.000707148, -114.573, 0.000344673, 63.6117
1396, 23.25833, 0.160771, 9.33785, 3.03159, -160.105, 3.03822, 19.8802, 5.28289E-005, 56.7554, 0.000706727, -114.56, 0.000344456, 63.6235
1396, 23.26667, 0.160859, 9.33871, 3.02907, -160.106, 3.03569, 19.8785, 5.28177E-005, 56.771, 0.000706306, -114.548, 0.000344238, 63.6353
1397, 23.27500, 0.160947, 9.33955, 3.02655, -160.106, 3.03316, 19.8768, 5.28065E-005, 56.7866, 0.000705886, -114.536, 0.000344021, 63.6471
1397, 23.28333, 0.161036, 9.34039, 3.02404, -160.107, 3.03064, 19.8751, 5.27954E-005, 56.8022, 0.000705465, -114.524, 0.000343803, 63.6588
1398, 23.29167, 0.161125, 9.34121, 3.02152, -160.107, 3.02811, 19.8735, 5.27843E-005, 56.8178, 0.000705045, -114.512, 0.000343586, 63.6706
1398, 23.30000, 0.161214, 9.34202, 3.01901, -160.108, 3.02559, 19.8718, 5.27732E-005, 56.8334, 0.000704625, -114.5, 0.000343369, 63.6824
1399, 23.30833, 0.161303, 9.34281, 3.01649, -160.108, 3.02307, 19.8702, 5.27621E-005, 56.849, 0.000704205, -114.488, 0.000343151, 63.6941
1399, 23.31667, 0.161392, 9.3436, 3.01398, -160.109, 3.02055, 19.8685, 5.27511E-005, 56.8646, 0.000703785, -114.476, 0.000342934, 63.7059
1400, 23.32500, 0.161481, 9.34437, 3.01147, -160.109, 3.01803, 19.8668, 5.27401E-005, 56.8802, 0.000703365, -114.463, 0.000342717, 63.7177
1400, 23.33333, 0.16157, 9.34513, 3.00897, -160.109, 3.01551, 19.8652, 5.27291E-005, 56.8958, 0.000702946, -114.451, 0.0003425, 63.7294
1401, 23.34167, 0.16166, 9.34587, 3.00646, -160.11, 3.013, 19.8635, 5.27182E-005, 56.9114, 0.000702526, -114.439, 0.000342283, 63.7412
1401, 23.35000, 0.16175, 9.34661, 3.00396, -160.11, 3.01048, 19.8619, 5.27073E-005, 56.927, 0.000702107, -114.427, 0.000342067, 63.7529
1402, 23.35833, 0.161839, 9.34733, 3.00146, -160.111, 3.00797, 19.8603, 5.26964E-005, 56.9426, 0.000701688, -114.415, 0.00034185, 63.7647
1402, 23.36667, 0.161929, 9.34803, 2.99895, -160.111, 3.00546, 19.8586, 5.26855E-005, 56.9582, 0.000701269, -114.403, 0.000341633, 63.7764
1403, 23.37500, 0.162019, 9.34873, 2.99645, -160.111, 3.00295, 19.857, 5.26747E-005, 56.9738, 0.00070085, -114.391, 0.000341416, 63.7882
1403, 23.38333, 0.162109, 9.34941, 2.99396, -160.112, 3.00044, 19.8553, 5.26639E-005, 56.9895, 0.000700431, -114.378, 0.0003412, 63.7999
1404, 23.39167, 0.1622, 9.35008, 2.99146, -160.112, 2.99794, 19.8537, 5.26532E-005, 57.0051, 0.000700013, -114.366, 0.000340983, 63.8116
1404, 23.40000, 0.16229, 9.35073, 2.98897, -160.112, 2.99543, 19.8521, 5.26425E-005, 57.0207, 0.000699594, -114.354, 0.000340767, 63.8234
1405, 23.40833, 0.162381, 9.35137, 2.98647, -160.113, 2.99293, 19.8504, 5.26318E-005, 57.0363, 0.000699176, -114.342, 0.000340551, 63.8351
1405, 23.41667, 0.162471, 9.352, 2.98398, -160.113, 2.99043, 19.8488, 5.26211E-005, 57.052, 0.000698758, -114.33, 0.000340334, 63.8468
1406, 23.42500, 0.162562, 9.35262, 2.98149, -160.113, 2.98793, 19.8472, 5.26105E-005, 57.0676, 0.00069834, -114.318, 0.000340118, 63.8586
1406, 23.43333, 0.162653, 9.35322, 2.97901, -160.114, 2.98543, 19.8456, 5.25999E-005, 57.0832, 0.000697922, -114.306, 0.000339902, 63.8703
1407, 23.44167, 0.162744, 9.35381, 2.97652, -160.114, 2.98294, 19.8439, 5.25893E-005, 57.0989, 0.000697504, -114.293, 0.000339686, 63.882
1407, 23.45000, 0.162835, 9.35438, 2.97403, -160.114, 2.98044, 19.8423, 5.25788E-005, 57.1145, 0.000697087, -114.281, 0.00033947, 63.8937
1408, 23.45833, 0.162926, 9.35494, 2.97155, -160.115, 2.97795, 19.8407, 5.25683E-005, 57.1302, 0.000696669, -114.269, 0.000339254, 63.9054
1408, 23.46667, 0.163018, 9.35549, 2.96907, -160.115, 2.97546, 19.8391, 5.25578E-005, 57.1458, 0.000696252, -114.257, 0.000339038, 63.9172
1409, 23.47500, 0.163109, 9.35602, 2.96659, -160.115, 2.97297, 19.8375, 5.25473E-005, 57.1615, 0.000695834, -114.245, 0.000338823, 63.9289
1409, 23.48333, 0.163201, 9.35654, 2.96411, -160.115, 2.97048, 19.8359, 5.25369E-005, 57.1771, 0.000695417, -114.233, 0.000338607, 63.9406
1410, 23.49167, 0.163293, 9.35705, 2.96163, -160.116, 2.96799, 19.8343, 5.25266E-005, 57.1928, 0.000695, -114.221, 0.000338391, 63.9523
1410, 23.50000, 0.163385, 9.35754, 2.95916, -160.116, 2.96551, 19.8327, 5.25162E-005, 57.2084, 0.000694584, -114.208, 0.000338176, 63.964
1411, 23.50833, 0.163477, 9.35802, 2.95669, -160.116, 2.96302, 19.8311, 5.25059E-005, 57.2241, 0.000694167, -114.196, 0.00033796, 63.9757
1411, 23.51667, 0.163569, 9.35848, 2.95421, -160.116, 2.96054, 19.8295, 5.24956E-005, 57.2397, 0.00069375, -114.184, 0.000337745, 63.9874
1412, 23.52500, 0.163661, 9.35893, 2.95174, -160.117, 2.95806, 19.8279, 5.24853E-005, 57.2554, 0.000693334, -114.172, 0.000337529, 63.9991
1412, 23.53333, 0.163754, 9.35937, 2.94927, -160.117, 2.95558, 19.8263, 5.24751E-005, 57.2711, 0.000692918, -114.16, 0.000337314, 64.0108
1413, 23.54167, 0.163846, 9.35979, 2.94681, -160.117, 2.9531, 19.8247, 5.24649E-005, 57.2867, 0.000692502, -114.148, 0.000337099, 64.0225
1413, 23.55000, 0.163939, 9.3602, 2.94434, -160.117, 2.95062, 19.8231, 5.24548E-005, 57.3024, 0.000692086, -114.136, 0.000336884, 64.0342
1414, 23.55833, 0.164032, 9.36059, 2.94188, -160.117, 2.94815, 19.8215, 5.24446E-005, 57.3181, 0.00069167, -114.123, 0.000336669, 64.0458
1414, 23.56667, 0.164125, 9.36097, 2.93941, -160.118, 2.94568, 19.8199, 5.24346E-005, 57.3338, 0.000691254, -114.111, 0.000336454, 64.0575
1415, 23.57500, 0.164218, 9.36133, 2.93695, -160.118, 2.9432, 19.8183, 5.24245E-005, 57.3494, 0.000690838, -114.099, 0.000336239, 64.0692
1415, 23.58333, 0.164311, 9.36168, 2.93449, -160.118, 2.94073, 19.8168, 5.24145E-005, 57.3651, 0.000690423, -114.087, 0.000336024, 64.0809
1416, 23.59167, 0.164405, 9.36201, 2.93204, -160.118, 2.93827, 19.8152, 5.24045E-005, 57.3808, 0.000690008, -114.075, 0.000335809, 64.0926
1416, 23.60000, 0.164498, 9.36233, 2.92958, -160.118, 2.9358, 19.8136, 5.23945E-005, 57.3965, 0.000689593, -114.063, 0.000335594, 64.1042
1417, 23.60833, 0.164592, 9.36264, 2.92713, -160.118, 2.93333, 19.812, 5.23845E-005, 57.4122, 0.000689178, -114.05, 0.00033538, 64.1159
1417, 23.61667, 0.164686, 9.36293, 2.92467, -160.118, 2.93087, 19.8105, 5.23746E-005, 57.4279, 0.000688763, -114.038, 0.000335165, 64.1276
1418, 23.62500, 0.164779, 9.3632, 2.92222, -160.119, 2.9284, 19.8089, 5.23648E-005, 57.4436, 0.000688348, -114.026, 0.00033495, 64.1392
1418, 23.63333, 0.164874, 9.36346, 2.91977, -160.119, 2.92594, 19.8073, 5.23549E-005, 57.4592, 0.000687933, -114.014, 0.000334736, 64.1509
1419, 23.64167, 0.164968, 9.36371, 2.91732, -160.119, 2.92348, 19.8058, 5.23451E-005, 57.4749, 0.000687519, -114.002, 0.000334521, 64.1625
1419, 23.65000, 0.165062, 9.36394, 2.91488, -160.119, 2.92103, 19.8042, 5.23353E-005, 57.4906, 0.000687104, -113.99, 0.000334307, 64.1742
1420, 23.65833, 0.165156, 9.36415, 2.91243, -160.119, 2.91857, 19.8026, 5.23256E-005, 57.5063, 0.00068669, -113.977, 0.000334093, 64.1858
1420, 23.66667, 0.165251, 9.36435, 2.90999, -160.119, 2.91611, 19.8011, 5.23159E-005, 57.522, 0.000686276, -113.965, 0.000333878, 64.1975
1421, 23.67500, 0.165346, 9.36454, 2.90754, -160.119, 2.91366, 19.7995, 5.23062E-005, 57.5377, 0.000685862, -113.953, 0.000333664, 64.2091
1421, 23.68333, 0.165441, 9.36471, 2.9051, -160.119, 2.91121, 19.798, 5.22965E-005, 57.5534, 0.000685448, -113.941, 0.00033345, 64.2208
1422, 23.69167, 0.165536, 9.36486, 2.90266, -160.119, 2.90876, 19.7964, 5.22869E-005, 57.5692, 0.000685034, -113.929, 0.000333236, 64.2324
1422, 23.70000, 0.165631, 9.365, 2.90023, -160.119, 2.90631, 19.7949, 5.22773E-005, 57.5849, 0.000684621, -113.917, 0.000333022, 64.2441
1423, 23.70833, 0.165726, 9.36512, 2.89779, -160.119, 2.90386, 19.7933, 5.22678E-005, 57.6006, 0.000684207, -113.904, 0.000332808, 64.2557
1423, 23.71667, 0.165821, 9.36523, 2.89536, -160.119, 2.90141, 19.7918, 5.22583E-005, 57.6163, 0.000683794, -113.892, 0.000332594, 64.2673
1424, 23.72500, 0.165917, 9.36532, 2.89292, -160.119, 2.89897, 19.7902, 5.22488E-005, 57.632, 0.000683381, -113.88, 0.000332381, 64.279
1424, 23.73333, 0.166013, 9.36539, 2.89049, -160.119, 2.89652, 19.7887, 5.22393E-005, 57.6477, 0.000682967, -113.868, 0.000332167, 64.2906
1425, 23.74167, 0.166108, 9.36545, 2.88806, -160.119, 2.89408, 19.7872, 5.22299E-005, 57.6634, 0.000682554, -113.856, 0.000331953, 64.3022
1425, 23.75000, 0.166204, 9.36549, 2.88563, -160.119, 2.89164, 19.7856, 5.22205E-005, 57.6792, 0.000682142, -113.844, 0.00033174, 64.3139
1426, 23.75833, 0.1663, 9.36552, 2.88321, -160.119, 2.8892, 19.7841, 5.22111E-005, 57.6949, 0.000681729, -113.831, 0.000331526, 64.3255
1426, 23.76667, 0.166397, 9.36553, 2.88078, -160.119, 2.88676, 19.7826, 5.22018E-005, 57.7106, 0.000681316, -113.819, 0.000331312, 64.3371
1427, 23.77500, 0.166493, 9.36553, 2.87836, -160.119, 2.88433, 19.781, 5.21925E-005, 57.7263, 0.000680904, -113.807, 0.000331099, 64.3487
1427, 23.78333, 0.16659, 9.3655, 2.87594, -160.119, 2.88189, 19.7795, 5.21832E-005, 57.7421, 0.000680492, -113.795, 0.000330886, 64.3603
1428, 23.79167, 0.166686, 9.36547, 2.87352, -160.119, 2.87946, 19.778, 5.2174E-005, 57.7578, 0.000680079, -113.783, 0.000330672, 64.3719
1428, 23.80000, 0.166783, 9.36541, 2.8711, -160.119, 2.87703, 19.7765, 5.21648E-005, 57.7735, 0.000679667, -113.77, 0.000330459, 64.3835
1429, 23.80833, 0.16688, 9.36534, 2.86868, -160.119, 2.8746, 19.7749, 5.21557E-005, 57.7892, 0.000679255, -113.758, 0.000330246, 64.3952
1429, 23.81667, 0.166977, 9.36525, 2.86626, -160.119, 2.87217, 19.7734, 5.21465E-005, 57.805, 0.000678844, -113.746, 0.000330033, 64.4068
1430, 23.82500, 0.167074, 9.36515, 2.86385, -160.119, 2.86974, 19.7719, 5.21374E-005, 57.8207, 0.000678432, -113.734, 0.00032982, 64.4184
1430, 23.83333, 0.167171, 9.36503, 2.86144, -160.118, 2.86731, 19.7704, 5.21284E-005, 57.8364, 0.00067802, -113.722, 0.000329607, 64.43
1431, 23.84167, 0.167269, 9.36489, 2.85902, -160.118, 2.86489, 19.7689, 5.21193E-005, 57.8522, 0.000677609, -113.709, 0.000329394, 64.4416
1431, 23.85000, 0.167366, 9.36474, 2.85661, -160.118, 2.86246, 19.7674, 5.21103E-005, 57.8679, 0.000677198, -113.697, 0.000329181, 64.4531
1432, 23.85833, 0.167464, 9.36456, 2.85421, -160.118, 2.86004, 19.7659, 5.21013E-005, 57.8837, 0.000676786, -113.685, 0.000328968, 64.4647
1432, 23.86667, 0.167562, 9.36438, 2.8518, -160.118, 2.85762, 19.7644, 5.20924E-005, 57.8994, 0.000676375, -113.673, 0.000328755, 64.4763
1433, 23.87500, 0.16766, 9.36417, 2.84939, -160.118, 2.8552, 19.7629, 5.20835E-005, 57.9151, 0.000675964, -113.661, 0.000328543, 64.4879
1433, 23.88333, 0.167758, 9.36395, 2.84699, -160.118, 2.85279, 19.7614, 5.20746E-005, 57.9309, 0.000675554, -113.648, 0.00032833, 64.4995
1434, 23.89167, 0.167857, 9.36371, 2.84459, -160.117, 2.85037, 19.7599, 5.20658E-005, 57.9466, 0.000675143, -113.636, 0.000328118, 64.5111
1434, 23.90000, 0.167955, 9.36345, 2.84219, -160.117, 2.84795, 19.7584, 5.2057E-005, 57.9624, 0.000674732, -113.624, 0.000327905, 64.5227
1435, 23.90833, 0.168054, 9.36318, 2.83979, -160.117, 2.84554, 19.7569, 5.20482E-005, 57.9781, 0.000674322, -113.612, 0.000327693, 64.5342
1435, 23.91667, 0.168152, 9.36288, 2.83739, -160.117, 2.84313, 19.7554, 5.20395E-005, 57.9939, 0.000673912, -113.6, 0.00032748, 64.5458
1436, 23.92500, 0.168251, 9.36257, 2.83499, -160.117, 2.84072, 19.7539, 5.20308E-005, 58.0096, 0.000673501, -113.587, 0.000327268, 64.5574
1436, 23.93333, 0.16835, 9.36225, 2.8326, -160.116, 2.83831, 19.7524, 5.20221E-005, 58.0254, 0.000673091, -113.575, 0.000327056, 64.5689
1437, 23.94167, 0.168449, 9.3619, 2.8302, -160.116, 2.8359, 19.7509, 5.20135E-005, 58.0411, 0.000672681, -113.563, 0.000326843, 64.5805
1437, 23.95000, 0.168549, 9.36154, 2.82781, -160.116, 2.8335, 19.7494, 5.20049E-005, 58.0569, 0.000672272, -113.551, 0.000326631, 64.5921
1438, 23.95833, 0.168648, 9.36116, 2.82542, -160.116, 2.83109, 19.748, 5.19963E-005, 58.0726, 0.000671862, -113.538, 0.000326419, 64.6036
1438, 23.96667, 0.168748, 9.36076, 2.82303, -160.115, 2.82869, 19.7465, 5.19878E-005, 58.0884, 0.000671452, -113.526, 0.000326207, 64.6152
1438, 23.97500, 0.168847, 9.36034, 2.82065, -160.115, 2.82629, 19.745, 5.19793E-005, 58.1042, 0.000671043, -113.514, 0.000325995, 64.6267
1439, 23.98333, 0.168947, 9.35991, 2.81826, -160.115, 2.82388, 19.7435, 5.19708E-005, 58.1199, 0.000670634, -113.502, 0.000325783, 64.6383
1440, 23.99167, 0.169047, 9.35946, 2.81588, -160.115, 2.82149, 19.7421, 5.19624E-005, 58.1357, 0.000670224, -113.49, 0.000325571, 64.6498
1440, 24.00000, 0.169147, 9.35899, 2.81349, -160.114, 2.81909, 19.7406, 5.1954E-005, 58.1514, 0.000669815, -113.477, 0.000325359, 64.6614
1440, 24.00833, 0.169248, 9.3585, 2.81111, -160.114, 2.81669, 19.7391, 5.19456E-005, 58.1672, 0.000669406, -113.465, 0.000325148, 64.6729
1441, 24.01667, 0.169348, 9.35799, 2.80873, -160.114, 2.8143, 19.7376, 5.19372E-005, 58.1829, 0.000668997, -113.453, 0.000324936, 64.6845
1442, 24.02500, 0.169449, 9.35746, 2.80635, -160.113, 2.8119, 19.7362, 5.19289E-005, 58.1987, 0.000668589, -113.441, 0.000324724, 64.696
1442, 24.03333, 0.169549, 9.35692, 2.80398, -160.113, 2.80951, 19.7347, 5.19207E-005, 58.2145, 0.00066818, -113.428, 0.000324513, 64.7076
1443, 24.04167, 0.16965, 9.35636, 2.8016, -160.113, 2.80712, 19.7333, 5.19124E-005, 58.2302, 0.000667772, -113.416, 0.000324301, 64.7191
1443, 24.05000, 0.169751, 9.35577, 2.79923, -160.112, 2.80473, 19.7318, 5.19042E-005, 58.246, 0.000667363, -113.404, 0.00032409, 64.7306
1444, 24.05833, 0.169853, 9.35517, 2.79686, -160.112, 2.80234, 19.7303, 5.18961E-005, 58.2618, 0.000666955, -113.392, 0.000323878, 64.7422
1444, 24.06667, 0.169954, 9.35455, 2.79448, -160.111, 2.79995, 19.7289, 5.18879E-005, 58.2775, 0.000666547, -113.379, 0.000323667, 64.7537
1445, 24.07500, 0.170055, 9.35392, 2.79212, -160.111, 2.79757, 19.7274, 5.18798E-005, 58.2933, 0.000666139, -113.367, 0.000323455, 64.7652
1445, 24.08333, 0.170157, 9.35326, 2.78975, -160.111, 2.79518, 19.726, 5.18718E-005, 58.309, 0.000665731, -113.355, 0.000323244, 64.7767
1446, 24.09167, 0.170259, 9.35258, 2.78738, -160.11, 2.7928, 19.7245, 5.18637E-005, 58.3248, 0.000665323, -113.343, 0.000323033, 64.7883
1446, 24.10000, 0.170361, 9.35189, 2.78502, -160.11, 2.79042, 19.7231, 5.18557E-005, 58.3406, 0.000664916, -113.33, 0.000322822, 64.7998
1447, 24.10833, 0.170463, 9.35117, 2.78265, -160.109, 2.78804, 19.7216, 5.18478E-005, 58.3563, 0.000664508, -113.318, 0.000322611, 64.8113
1447, 24.11667, 0.170565, 9.35044, 2.78029, -160.109, 2.78566, 19.7202, 5.18398E-005, 58.3721, 0.000664101, -113.306, 0.0003224, 64.8228
1448, 24.12500, 0.170667, 9.34968, 2.77793, -160.109, 2.78328, 19.7188, 5.18319E-005, 58.3879, 0.000663694, -113.294, 0.000322189, 64.8343
1448, 24.13333, 0.17077, 9.34891, 2.77557, -160.108, 2.78091, 19.7173, 5.18241E-005, 58.4036, 0.000663286, -113.281, 0.000321978, 64.8458
1449, 24.14167, 0.170872, 9.34812, 2.77321, -160.108, 2.77853, 19.7159, 5.18163E-005, 58.4194, 0.000662879, -113.269, 0.000321767, 64.8573
1449, 24.15000, 0.170975, 9.3473, 2.77086, -160.107, 2.77616, 19.7144, 5.18085E-005, 58.4352, 0.000662472, -113.257, 0.000321556, 64.8688
1450, 24.15833, 0.171078, 9.34647, 2.7685, -160.107, 2.77379, 19.713, 5.18007E-005, 58.4509, 0.000662066, -113.245, 0.000321345, 64.8803
1450, 24.16667, 0.171181, 9.34562, 2.76615, -160.106, 2.77142, 19.7116, 5.1793E-005, 58.4667, 0.000661659, -113.232, 0.000321134, 64.8918
1451, 24.17500, 0.171284, 9.34475, 2.7638, -160.106, 2.76905, 19.7102, 5.17853E-005, 58.4825, 0.000661252, -113.22, 0.000320924, 64.9033
1451, 24.18333, 0.171388, 9.34385, 2.76145, -160.105, 2.76668, 19.7087, 5.17776E-005, 58.4982, 0.000660846, -113.208, 0.000320713, 64.9148
1452, 24.19167, 0.171491, 9.34294, 2.7591, -160.105, 2.76431, 19.7073, 5.177E-005, 58.514, 0.00066044, -113.195, 0.000320503, 64.9263
1452, 24.20000, 0.171595, 9.34201, 2.75675, -160.104, 2.76195, 19.7059, 5.17624E-005, 58.5298, 0.000660033, -113.183, 0.000320292, 64.9378
1453, 24.20833, 0.171699, 9.34106, 2.7544, -160.104, 2.75959, 19.7045, 5.17549E-005, 58.5455, 0.000659627, -113.171, 0.000320082, 64.9493
1453, 24.21667, 0.171802, 9.34008, 2.75206, -160.103, 2.75722, 19.703, 5.17474E-005, 58.5613, 0.000659221, -113.159, 0.000319871, 64.9608
1454, 24.22500, 0.171907, 9.33909, 2.74972, -160.102, 2.75486, 19.7016, 5.17399E-005, 58.5771, 0.000658815, -113.146, 0.000319661, 64.9723
1454, 24.23333, 0.172011, 9.33808, 2.74738, -160.102, 2.7525, 19.7002, 5.17324E-005, 58.5928, 0.00065841, -113.134, 0.000319451, 64.9837
1455, 24.24167, 0.172115, 9.33704, 2.74503, -160.101, 2.75014, 19.6988, 5.1725E-005, 58.6086, 0.000658004, -113.122, 0.00031924, 64.9952
1455, 24.25000, 0.17222, 9.33599, 2.7427, -160.101, 2.74779, 19.6974, 5.17176E-005, 58.6243, 0.000657599, -113.109, 0.00031903, 65.0067
1456, 24.25833, 0.172325, 9.33491, 2.74036, -160.1, 2.74543, 19.696, 5.17103E-005, 58.6401, 0.000657193, -113.097, 0.00031882, 65.0182
1456, 24.26667, 0.172429, 9.33381, 2.73802, -160.1, 2.74308, 19.6946, 5.1703E-005, 58.6559, 0.000656788, -113.085, 0.00031861, 65.0296
1457, 24.27500, 0.172534, 9.33269, 2.73569, -160.099, 2.74072, 19.6932, 5.16957E-005, 58.6716, 0.000656383, -113.073, 0.0003184, 65.0411
1457, 24.28333, 0.17264, 9.33155, 2.73336, -160.098, 2.73837, 19.6918, 5.16885E-005, 58.6874, 0.000655978, -113.06, 0.00031819, 65.0526
1458, 24.29167, 0.172745, 9.33039, 2.73102, -160.098, 2.73602, 19.6903, 5.16813E-005, 58.7032, 0.000655573, -113.048, 0.00031798, 65.064
1458, 24.30000, 0.17285, 9.32921, 2.72869, -160.097, 2.73367, 19.6889, 5.16741E-005, 58.7189, 0.000655168, -113.036, 0.00031777, 65.0755
1459, 24.30833, 0.172956, 9.32801, 2.72637, -160.096, 2.73132, 19.6876, 5.1667E-005, 58.7347, 0.000654763, -113.023, 0.00031756, 65.0869
1459, 24.31667, 0.173062, 9.32679, 2.72404, -160.096, 2.72898, 19.6862, 5.16599E-005, 58.7504, 0.000654359, -113.011, 0.00031735, 65.0984
1460, 24.32500, 0.173168, 9.32554, 2.72171, -160.095, 2.72663, 19.6848, 5.16528E-005, 58.7662, 0.000653954, -112.999, 0.00031714, 65.1099
1460, 24.33333, 0.173274, 9.32427, 2.71939, -160.094, 2.72429, 19.6834, 5.16458E-005, 58.7819, 0.00065355, -112.986, 0.000316931, 65.1213
1461, 24.34167, 0.17338, 9.32298, 2.71707, -160.094, 2.72194, 19.682, 5.16388E-005, 58.7977, 0.000653146, -112.974, 0.000316721, 65.1328
1461, 24.35000, 0.173486, 9.32167, 2.71474, -160.093, 2.7196, 19.6806, 5.16318E-005, 58.8134, 0.000652741, -112.962, 0.000316511, 65.1442
1462, 24.35833, 0.173593, 9.32034, 2.71242, -160.092, 2.71726, 19.6792, 5.16249E-005, 58.8292, 0.000652337, -112.949, 0.000316302, 65.1556
1462, 24.36667, 0.1737, 9.31899, 2.71011, -160.091, 2.71492, 19.6778, 5.1618E-005, 58.8449, 0.000651933, -112.937, 0.000316092, 65.1671
1463, 24.37500, 0.173806, 9.31761, 2.70779, -160.091, 2.71259, 19.6764, 5.16112E-005, 58.8607, 0.00065153, -112.925, 0.000315883, 65.1785
1463, 24.38333, 0.173913, 9.31621, 2.70547, -160.09, 2.71025, 19.6751, 5.16044E-005, 58.8764, 0.000651126, -112.912, 0.000315673, 65.19
1464, 24.39167, 0.174021, 9.31479, 2.70316, -160.089, 2.70791, 19.6737, 5.15976E-005, 58.8922, 0.000650722, -112.9, 0.000315464, 65.2014
1464, 24.40000, 0.174128, 9.31335, 2.70085, -160.088, 2.70558, 19.6723, 5.15908E-005, 58.9079, 0.000650319, -112.888, 0.000315255, 65.2128
1465, 24.40833, 0.174235, 9.31188, 2.69853, -160.088, 2.70325, 19.6709, 5.15841E-005, 58.9237, 0.000649916, -112.875, 0.000315045, 65.2243
1465, 24.41667, 0.174343, 9.3104, 2.69622, -160.087, 2.70092, 19.6695, 5.15775E-005, 58.9394, 0.000649512, -112.863, 0.000314836, 65.2357
1466, 24.42500, 0.174451, 9.30889, 2.69392, -160.086, 2.69859, 19.6682, 5.15708E-005, 58.9552, 0.000649109, -112.851, 0.000314627, 65.2471
1466, 24.43333, 0.174559, 9.30735, 2.69161, -160.085, 2.69626, 19.6668, 5.15642E-005, 58.9709, 0.000648706, -112.838, 0.000314418, 65.2585
1467, 24.44167, 0.174667, 9.3058, 2.6893, -160.084, 2.69393, 19.6654, 5.15577E-005, 58.9866, 0.000648303, -112.826, 0.000314209, 65.27
1467, 24.45000, 0.174775, 9.30422, 2.687, -160.084, 2.6916, 19.6641, 5.15511E-005, 59.0024, 0.000647901, -112.814, 0.000314, 65.2814
1468, 24.45833, 0.174883, 9.30262, 2.6847, -160.083, 2.68928, 19.6627, 5.15446E-005, 59.0181, 0.000647498, -112.801, 0.000313791, 65.2928
1468, 24.46667, 0.174992, 9.30099, 2.68239, -160.082, 2.68696, 19.6613, 5.15382E-005, 59.0338, 0.000647095, -112.789, 0.000313582, 65.3042
1469, 24.47500, 0.175101, 9.29935, 2.68009, -160.081, 2.68463, 19.66, 5.15317E-005, 59.0496, 0.000646693, -112.776, 0.000313373, 65.3156
1469, 24.48333, 0.175209, 9.29768, 2.6778, -160.08, 2.68231, 19.6586, 5.15254E-005, 59.0653, 0.000646291, -112.764, 0.000313164, 65.327
1470, 24.49167, 0.175318, 9.29598, 2.6755, -160.079, 2.67999, 19.6573, 5.1519E-005, 59.081, 0.000645888, -112.752, 0.000312955, 65.3384
1470, 24.50000, 0.175428, 9.29426, 2.6732, -160.078, 2.67768, 19.6559, 5.15127E-005, 59.0968, 0.000645486, -112.739, 0.000312747, 65.3498
1471, 24.50833, 0.175537, 9.29252, 2.67091, -160.077, 2.67536, 19.6545, 5.15064E-005, 59.1125, 0.000645084, -112.727, 0.000312538, 65.3613
1471, 24.51667, 0.175646, 9.29076, 2.66862, -160.076, 2.67304, 19.6532, 5.15002E-005, 59.1282, 0.000644682, -112.715, 0.000312329, 65.3727
1472, 24.52500, 0.175756, 9.28897, 2.66632, -160.076, 2.67073, 19.6518, 5.1494E-005, 59.1439, 0.000644281, -112.702, 0.00031212, 65.384
1472, 24.53333, 0.175866, 9.28716, 2.66403, -160.075, 2.66841, 19.6505, 5.14878E-005, 59.1596, 0.000643879, -112.69, 0.000311912, 65.3954
1473, 24.54167, 0.175976, 9.28532, 2.66174, -160.074, 2.6661, 19.6491, 5.14817E-005, 59.1753, 0.000643477, -112.677, 0.000311703, 65.4068
1473, 24.55000, 0.176086, 9.28346, 2.65946, -160.073, 2.66379, 19.6478, 5.14756E-005, 59.191, 0.000643076, -112.665, 0.000311495, 65.4182
1474, 24.55833, 0.176196, 9.28158, 2.65717, -160.072, 2.66148, 19.6465, 5.14695E-005, 59.2068, 0.000642675, -112.653, 0.000311286, 65.4296
1474, 24.56667, 0.176307, 9.27967, 2.65489, -160.071, 2.65917, 19.6451, 5.14635E-005, 59.2225, 0.000642273, -112.64, 0.000311078, 65.441
1475, 24.57500, 0.176417, 9.27774, 2.6526, -160.07, 2.65686, 19.6438, 5.14575E-005, 59.2382, 0.000641872, -112.628, 0.00031087, 65.4524
1475, 24.58333, 0.176528, 9.27579, 2.65032, -160.069, 2.65456, 19.6424, 5.14516E-005, 59.2539, 0.000641471, -112.615, 0.000310661, 65.4638
1476, 24.59167, 0.176639, 9.27381, 2.64804, -160.068, 2.65225, 19.6411, 5.14457E-005, 59.2696, 0.00064107, -112.603, 0.000310453, 65.4752
1476, 24.60000, 0.17675, 9.2718, 2.64576, -160.067, 2.64995, 19.6398, 5.14398E-005, 59.2853, 0.000640669, -112.591, 0.000310245, 65.4865
1477, 24.60833, 0.176861, 9.26977, 2.64348, -160.066, 2.64765, 19.6384, 5.14339E-005, 59.3009, 0.000640269, -112.578, 0.000310037, 65.4979
1477, 24.61667, 0.176973, 9.26772, 2.64121, -160.065, 2.64535, 19.6371, 5.14281E-005, 59.3166, 0.000639868, -112.566, 0.000309828, 65.5093
1478, 24.62500, 0.177084, 9.26564, 2.63893, -160.064, 2.64305, 19.6358, 5.14224E-005, 59.3323, 0.000639468, -112.553, 0.00030962, 65.5207
1478, 24.63333, 0.177196, 9.26354, 2.63666, -160.063, 2.64075, 19.6344, 5.14167E-005, 59.348, 0.000639067, -112.541, 0.000309412, 65.532
1479, 24.64167, 0.177308, 9.26141, 2.63439, -160.061, 2.63845, 19.6331, 5.1411E-005, 59.3637, 0.000638667, -112.528, 0.000309204, 65.5434
1479, 24.65000, 0.17742, 9.25925, 2.63212, -160.06, 2.63615, 19.6318, 5.14053E-005, 59.3794, 0.000638267, -112.516, 0.000308996, 65.5548
1480, 24.65833, 0.177532, 9.25708, 2.62985, -160.059, 2.63386, 19.6305, 5.13997E-005, 59.395, 0.000637867, -112.504, 0.000308788, 65.5661
1480, 24.66667, 0.177644, 9.25487, 2.62758, -160.058, 2.63157, 19.6292, 5.13941E-005, 59.4107, 0.000637467, -112.491, 0.00030858, 65.5775
1481, 24.67500, 0.177757, 9.25264, 2.62531, -160.057, 2.62927, 19.6278, 5.13886E-005, 59.4264, 0.000637067, -112.479, 0.000308373, 65.5889
1481, 24.68333, 0.177869, 9.25039, 2.62305, -160.056, 2.62698, 19.6265, 5.13831E-005, 59.442, 0.000636667, -112.466, 0.000308165, 65.6002
1482, 24.69167, 0.177982, 9.24811, 2.62078, -160.055, 2.62469, 19.6252, 5.13776E-005, 59.4577, 0.000636268, -112.454, 0.000307957, 65.6116
1482, 24.70000, 0.178095, 9.2458, 2.61852, -160.054, 2.6224, 19.6239, 5.13722E-005, 59.4733, 0.000635868, -112.441, 0.000307749, 65.6229
1483, 24.70833, 0.178208, 9.24347, 2.61626, -160.052, 2.62011, 19.6226, 5.13668E-005, 59.489, 0.000635469, -112.429, 0.000307542, 65.6343
1483, 24.71667, 0.178322, 9.24111, 2.614, -160.051, 2.61783, 19.6213, 5.13614E-005, 59.5046, 0.00063507, -112.416, 0.000307334, 65.6456
1484, 24.72500, 0.178435, 9.23873, 2.61174, -160.05, 2.61554, 19.62, 5.13561E-005, 59.5203, 0.00063467, -112.404, 0.000307126, 65.657
1484, 24.73333, 0.178549, 9.23632, 2.60949, -160.049, 2.61326, 19.6186, 5.13508E-005, 59.5359, 0.000634271, -112.392, 0.000306919, 65.6683
1485, 24.74167, 0.178663, 9.23388, 2.60723, -160.048, 2.61098, 19.6173, 5.13456E-005, 59.5515, 0.000633872, -112.379, 0.000306711, 65.6797
1485, 24.75000, 0.178777, 9.23142, 2.60498, -160.046, 2.60869, 19.616, 5.13404E-005, 59.5672, 0.000633474, -112.367, 0.000306504, 65.691
1486, 24.75833, 0.178891, 9.22894, 2.60272, -160.045, 2.60641, 19.6147, 5.13352E-005, 59.5828, 0.000633075, -112.354, 0.000306296, 65.7023
1486, 24.76667, 0.179005, 9.22642, 2.60047, -160.044, 2.60413, 19.6134, 5.13301E-005, 59.5984, 0.000632676, -112.342, 0.000306089, 65.7137
1487, 24.77500, 0.179119, 9.22388, 2.59822, -160.043, 2.60186, 19.6121, 5.1325E-005, 59.614, 0.000632278, -112.329, 0.000305881, 65.725
1487, 24.78333, 0.179234, 9.22131, 2.59597, -160.041, 2.59958, 19.6108, 5.13199E-005, 59.6297, 0.000631879, -112.317, 0.000305674, 65.7363
1488, 24.79167, 0.179349, 9.21872, 2.59373, -160.04, 2.5973, 19.6095, 5.13149E-005, 59.6453, 0.000631481, -112.304, 0.000305467, 65.7477
1488, 24.80000, 0.179464, 9.2161, 2.59148, -160.039, 2.59503, 19.6083, 5.13099E-005, 59.6609, 0.000631083, -112.292, 0.00030526, 65.759
1489, 24.80833, 0.179579, 9.21345, 2.58924, -160.038, 2.59275, 19.607, 5.1305E-005, 59.6765, 0.000630684, -112.279, 0.000305052, 65.7703
1489, 24.81667, 0.179694, 9.21078, 2.58699, -160.036, 2.59048, 19.6057, 5.13001E-005, 59.6921, 0.000630286, -112.267, 0.000304845, 65.7816
1490, 24.82500, 0.17981, 9.20808, 2.58475, -160.035, 2.58821, 19.6044, 5.12952E-005, 59.7077, 0.000629888, -112.254, 0.000304638, 65.793
1490, 24.83333, 0.179925, 9.20535, 2.58251, -160.034, 2.58594, 19.6031, 5.12904E-005, 59.7232, 0.000629491, -112.242, 0.000304431, 65.8043
1491, 24.84167, 0.180041, 9.20259, 2.58027, -160.032, 2.58367, 19.6018, 5.12856E-005, 59.7388, 0.000629093, -112.229, 0.000304224, 65.8156
1491, 24.85000, 0.180157, 9.19981, 2.57804, -160.031, 2.5814, 19.6005, 5.12809E-005, 59.7544, 0.000628695, -112.217, 0.000304017, 65.8269
1492, 24.85833, 0.180273, 9.197, 2.5758, -160.03, 2.57914, 19.5993, 5.12761E-005, 59.77, 0.000628298, -112.204, 0.00030381, 65.8382
1492, 24.86667, 0.180389, 9.19416, 2.57356, -160.028, 2.57687, 19.598, 5.12715E-005, 59.7855, 0.0006279, -112.192, 0.000303603, 65.8496
1493, 24.87500, 0.180506, 9.19129, 2.57133, -160.027, 2.57461, 19.5967, 5.12668E-005, 59.8011, 0.000627503, -112.179, 0.000303396, 65.8609
1493, 24.88333, 0.180622, 9.1884, 2.5691, -160.025, 2.57234, 19.5954, 5.12622E-005, 59.8166, 0.000627106, -112.167, 0.000303189, 65.8722
1494, 24.89167, 0.180739, 9.18548, 2.56687, -160.024, 2.57008, 19.5941, 5.12577E-005, 59.8322, 0.000626709, -112.154, 0.000302982, 65.8835
1494, 24.90000, 0.180856, 9.18253, 2.56464, -160.023, 2.56782, 19.5929, 5.12532E-005, 59.8477, 0.000626312, -112.142, 0.000302775, 65.8948
1495, 24.90833, 0.180973, 9.17955, 2.56241, -160.021, 2.56556, 19.5916, 5.12487E-005, 59.8633, 0.000625915, -112.129, 0.000302569, 65.9061
1495, 24.91667, 0.18109, 9.17654, 2.56018, -160.02, 2.5633, 19.5903, 5.12442E-005, 59.8788, 0.000625518, -112.116, 0.000302362, 65.9174
1496, 24.92500, 0.181208, 9.17351, 2.55796, -160.018, 2.56105, 19.5891, 5.12398E-005, 59.8943, 0.000625122, -112.104, 0.000302155, 65.9287
1496, 24.93333, 0.181325, 9.17045, 2.55573, -160.017, 2.55879, 19.5878, 5.12355E-005, 59.9098, 0.000624725, -112.091, 0.000301948, 65.94
1497, 24.94167, 0.181443, 9.16736, 2.55351, -160.015, 2.55654, 19.5865, 5.12311E-005, 59.9254, 0.000624329, -112.079, 0.000301742, 65.9513
1497, 24.95000, 0.181561, 9.16424, 2.55129, -160.014, 2.55428, 19.5853, 5.12268E-005, 59.9409, 0.000623932, -112.066, 0.000301535, 65.9626
1498, 24.95833, 0.181679, 9.16109, 2.54907, -160.012, 2.55203, 19.584, 5.12226E-005, 59.9564, 0.000623536, -112.054, 0.000301329, 65.9739
1498, 24.96667, 0.181797, 9.15791, 2.54685, -160.011, 2.54978, 19.5828, 5.12184E-005, 59.9719, 0.00062314, -112.041, 0.000301122, 65.9852
1499, 24.97500, 0.181916, 9.15471, 2.54463, -160.009, 2.54753, 19.5815, 5.12142E-005, 59.9874, 0.000622744, -112.029, 0.000300916, 65.9964
1499, 24.98333, 0.182034, 9.15147, 2.54242, -160.008, 2.54528, 19.5802, 5.12101E-005, 60.0028, 0.000622348, -112.016, 0.000300709, 66.0077
1500, 24.99167, 0.182153, 9.14821, 2.5402, -160.006, 2.54303, 19.579, 5.1206E-005, 60.0183, 0.000621952, -112.003, 0.000300503, 66.019
1500, 25.00000, 0.182272, 9.14492, 2.53799, -160.005, 2.54078, 19.5777, 5.12019E-005, 60.0338, 0.000621556, -111.991, 0.000300296, 66.0303
1501, 25.00833, 0.182391, 9.14159, 2.53578, -160.003, 2.53854, 19.5765, 5.11979E-005, 60.0493, 0.000621161, -111.978, 0.00030009, 66.0416
1501, 25.01667, 0.18251, 9.13824, 2.53357, -160.002, 2.53629, 19.5752, 5.11939E-005, 60.0647, 0.000620765, -111.966, 0.000299884, 66.0529
1502, 25.02500, 0.18263, 9.13486, 2.53136, -160, 2.53405, 19.574, 5.119E-005, 60.0802, 0.00062037, -111.953, 0.000299677, 66.0641
1502, 25.03333, 0.182749, 9.13145, 2.52915, -159.999, 2.53181, 19.5728, 5.11861E-005, 60.0956, 0.000619974, -111.94, 0.000299471, 66.0754
1503, 25.04167, 0.182869, 9.12801, 2.52694, -159.997, 2.52956, 19.5715, 5.11822E-005, 60.111, 0.000619579, -111.928, 0.000299265, 66.0867
1503, 25.05000, 0.182989, 9.12454, 2.52474, -159.995, 2.52732, 19.5703, 5.11784E-005, 60.1265, 0.000619184, -111.915, 0.000299059, 66.098
1504, 25.05833, 0.183109, 9.12104, 2.52253, -159.994, 2.52508, 19.569, 5.11746E-005, 60.1419, 0.000618789, -111.903, 0.000298853, 66.1092
1504, 25.06667, 0.183229, 9.11751, 2.52033, -159.992, 2.52285, 19.5678, 5.11709E-005, 60.1573, 0.000618394, -111.89, 0.000298647, 66.1205
1505, 25.07500, 0.18335, 9.11395, 2.51813, -159.99, 2.52061, 19.5666, 5.11672E-005, 60.1727, 0.000617999, -111.877, 0.00029844, 66.1318
1505, 25.08333, 0.18347, 9.11036, 2.51593, -159.989, 2.51837, 19.5653, 5.11635E-005, 60.1881, 0.000617604, -111.865, 0.000298234, 66.143
1506, 25.09167, 0.183591, 9.10674, 2.51373, -159.987, 2.51614, 19.5641, 5.11599E-005, 60.2035, 0.00061721, -111.852, 0.000298028, 66.1543
1506, 25.10000, 0.183712, 9.10309, 2.51153, -159.985, 2.5139, 19.5629, 5.11563E-005, 60.2189, 0.000616815, -111.84, 0.000297822, 66.1656
1507, 25.10833, 0.183833, 9.09941, 2.50934, -159.984, 2.51167, 19.5616, 5.11528E-005, 60.2343, 0.000616421, -111.827, 0.000297616, 66.1768
1507, 25.11667, 0.183954, 9.0957, 2.50714, -159.982, 2.50944, 19.5604, 5.11493E-005, 60.2496, 0.000616027, -111.814, 0.000297411, 66.1881
1508, 25.12500, 0.184076, 9.09196, 2.50495, -159.98, 2.50721, 19.5592, 5.11458E-005, 60.265, 0.000615632, -111.802, 0.000297205, 66.1993
1508, 25.13333, 0.184198, 9.08819, 2.50276, -159.978, 2.50498, 19.558, 5.11424E-005, 60.2803, 0.000615238, -111.789, 0.000296999, 66.2106
1509, 25.14167, 0.184319, 9.08438, 2.50057, -159.977, 2.50275, 19.5567, 5.1139E-005, 60.2957, 0.000614844, -111.776, 0.000296793, 66.2218
1509, 25.15000, 0.184441, 9.08055, 2.49838, -159.975, 2.50053, 19.5555, 5.11357E-005, 60.311, 0.00061445, -111.764, 0.000296587, 66.2331
1510, 25.15833, 0.184563, 9.07668, 2.49619, -159.973, 2.4983, 19.5543, 5.11324E-005, 60.3264, 0.000614056, -111.751, 0.000296381, 66.2443
1510, 25.16667, 0.184686, 9.07279, 2.494, -159.971, 2.49607, 19.5531, 5.11291E-005, 60.3417, 0.000613663, -111.738, 0.000296176, 66.2556
1511, 25.17500, 0.184808, 9.06886, 2.49182, -159.97, 2.49385, 19.5519, 5.11259E-005, 60.357, 0.000613269, -111.726, 0.00029597, 66.2668
1511, 25.18333, 0.184931, 9.0649, 2.48963, -159.968, 2.49163, 19.5506, 5.11227E-005, 60.3723, 0.000612876, -111.713, 0.000295764, 66.2781
1512, 25.19167, 0.185054, 9.06091, 2.48745, -159.966, 2.48941, 19.5494, 5.11195E-005, 60.3876, 0.000612482, -111.7, 0.000295559, 66.2893
1512, 25.20000, 0.185177, 9.05689, 2.48527, -159.964, 2.48719, 19.5482, 5.11164E-005, 60.4029, 0.000612089, -111.688, 0.000295353, 66.3006
1513, 25.20833, 0.1853, 9.05283, 2.48309, -159.962, 2.48497, 19.547, 5.11134E-005, 60.4181, 0.000611696, -111.675, 0.000295147, 66.3118
1513, 25.21667, 0.185423, 9.04875, 2.48091, -159.961, 2.48275, 19.5458, 5.11103E-005, 60.4334, 0.000611302, -111.662, 0.000294942, 66.323
1514, 25.22500, 0.185547, 9.04463, 2.47873, -159.959, 2.48053, 19.5446, 5.11073E-005, 60.4487, 0.000610909, -111.65, 0.000294736, 66.3343
1514, 25.23333, 0.18567, 9.04048, 2.47655, -159.957, 2.47831, 19.5434, 5.11044E-005, 60.4639, 0.000610517, -111.637, 0.000294531, 66.3455
1515, 25.24167, 0.185794, 9.0363, 2.47438, -159.955, 2.4761, 19.5422, 5.11015E-005, 60.4792, 0.000610124, -111.624, 0.000294325, 66.3567
1515, 25.25000, 0.185918, 9.03209, 2.47221, -159.953, 2.47388, 19.541, 5.10986E-005, 60.4944, 0.000609731, -111.612, 0.00029412, 66.368
1516, 25.25833, 0.186042, 9.02784, 2.47003, -159.951, 2.47167, 19.5398, 5.10958E-005, 60.5096, 0.000609338, -111.599, 0.000293914, 66.3792
1516, 25.26667, 0.186167, 9.02356, 2.46786, -159.949, 2.46946, 19.5386, 5.1093E-005, 60.5248, 0.000608946, -111.586, 0.000293709, 66.3904
1517, 25.27500, 0.186291, 9.01925, 2.46569, -159.947, 2.46725, 19.5374, 5.10903E-005, 60.54, 0.000608553, -111.573, 0.000293504, 66.4017
1517, 25.28333, 0.186416, 9.01491, 2.46352, -159.945, 2.46504, 19.5362, 5.10876E-005, 60.5552, 0.000608161, -111.561, 0.000293298, 66.4129
1518, 25.29167, 0.186541, 9.01053, 2.46136, -159.943, 2.46283, 19.535, 5.10849E-005, 60.5704, 0.000607769, -111.548, 0.000293093, 66.4241
1518, 25.30000, 0.186666, 9.00612, 2.45919, -159.941, 2.46062, 19.5338, 5.10823E-005, 60.5856, 0.000607377, -111.535, 0.000292888, 66.4353
1519, 25.30833, 0.186791, 9.00168, 2.45703, -159.939, 2.45841, 19.5327, 5.10797E-005, 60.6007, 0.000606985, -111.523, 0.000292683, 66.4465
1519, 25.31667, 0.186917, 8.99721, 2.45486, -159.937, 2.45621, 19.5315, 5.10772E-005, 60.6159, 0.000606593, -111.51, 0.000292477, 66.4578
1520, 25.32500, 0.187042, 8.9927, 2.4527, -159.935, 2.454, 19.5303, 5.10747E-005, 60.631, 0.000606201, -111.497, 0.000292272, 66.469
1520, 25.33333, 0.187168, 8.98816, 2.45054, -159.933, 2.4518, 19.5291, 5.10722E-005, 60.6461, 0.000605809, -111.484, 0.000292067, 66.4802
1521, 25.34167, 0.187294, 8.98358, 2.44838, -159.931, 2.4496, 19.5279, 5.10698E-005, 60.6613, 0.000605417, -111.472, 0.000291862, 66.4914
1521, 25.35000, 0.18742, 8.97898, 2.44622, -159.929, 2.4474, 19.5268, 5.10674E-005, 60.6764, 0.000605026, -111.459, 0.000291657, 66.5026
1522, 25.35833, 0.187546, 8.97433, 2.44407, -159.927, 2.44519, 19.5256, 5.10651E-005, 60.6915, 0.000604634, -111.446, 0.000291452, 66.5138
1522, 25.36667, 0.187673, 8.96966, 2.44191, -159.925, 2.44299, 19.5244, 5.10628E-005, 60.7066, 0.000604243, -111.433, 0.000291247, 66.5251
1523, 25.37500, 0.187799, 8.96495, 2.43976, -159.923, 2.4408, 19.5232, 5.10606E-005, 60.7216, 0.000603852, -111.421, 0.000291041, 66.5363
1523, 25.38333, 0.187926, 8.96021, 2.43761, -159.921, 2.4386, 19.5221, 5.10583E-005, 60.7367, 0.000603461, -111.408, 0.000290836, 66.5475
1524, 25.39167, 0.188053, 8.95543, 2.43545, -159.919, 2.4364, 19.5209, 5.10562E-005, 60.7517, 0.00060307, -111.395, 0.000290631, 66.5587
1524, 25.40000, 0.18818, 8.95062, 2.4333, -159.917, 2.43421, 19.5197, 5.1054E-005, 60.7668, 0.000602679, -111.382, 0.000290427, 66.5699
1525, 25.40833, 0.188308, 8.94578, 2.43116, -159.915, 2.43201, 19.5186, 5.10519E-005, 60.7818, 0.000602288, -111.369, 0.000290222, 66.5811
1525, 25.41667, 0.188435, 8.9409, 2.42901, -159.913, 2.42982, 19.5174, 5.10499E-005, 60.7968, 0.000601897, -111.357, 0.000290017, 66.5923
1526, 25.42500, 0.188563, 8.93599, 2.42686, -159.91, 2.42763, 19.5162, 5.10479E-005, 60.8118, 0.000601506, -111.344, 0.000289812, 66.6035
1526, 25.43333, 0.188691, 8.93104, 2.42472, -159.908, 2.42544, 19.5151, 5.10459E-005, 60.8268, 0.000601116, -111.331, 0.000289607, 66.6147
1527, 25.44167, 0.188819, 8.92606, 2.42257, -159.906, 2.42324, 19.5139, 5.1044E-005, 60.8418, 0.000600725, -111.318, 0.000289402, 66.6259
1527, 25.45000, 0.188947, 8.92105, 2.42043, -159.904, 2.42106, 19.5128, 5.10421E-005, 60.8568, 0.000600335, -111.305, 0.000289197, 66.6371
1528, 25.45833, 0.189075, 8.916, 2.41829, -159.902, 2.41887, 19.5116, 5.10403E-005, 60.8717, 0.000599944, -111.293, 0.000288993, 66.6483
1528, 25.46667, 0.189204, 8.91091, 2.41615, -159.9, 2.41668, 19.5105, 5.10385E-005, 60.8867, 0.000599554, -111.28, 0.000288788, 66.6595
1529, 25.47500, 0.189332, 8.90579, 2.41401, -159.897, 2.41449, 19.5093, 5.10367E-005, 60.9016, 0.000599164, -111.267, 0.000288583, 66.6707
1529, 25.48333, 0.189461, 8.90064, 2.41187, -159.895, 2.41231, 19.5082, 5.1035E-005, 60.9165, 0.000598774, -111.254, 0.000288378, 66.6819
1530, 25.49167, 0.18959, 8.89545, 2.40974, -159.893, 2.41012, 19.507, 5.10333E-005, 60.9315, 0.000598384, -111.241, 0.000288174, 66.6931
1530, 25.50000, 0.18972, 8.89022, 2.4076, -159.891, 2.40794, 19.5059, 5.10317E-005, 60.9464, 0.000597994, -111.228, 0.000287969, 66.7043
1531, 25.50833, 0.189849, 8.88496, 2.40547, -159.888, 2.40576, 19.5047, 5.10301E-005, 60.9612, 0.000597605, -111.216, 0.000287764, 66.7155
1531, 25.51667, 0.189979, 8.87967, 2.40334, -159.886, 2.40358, 19.5036, 5.10286E-005, 60.9761, 0.000597215, -111.203, 0.00028756, 66.7266
1532, 25.52500, 0.190108, 8.87433, 2.40121, -159.884, 2.4014, 19.5025, 5.1027E-005, 60.991, 0.000596826, -111.19, 0.000287355, 66.7378
1532, 25.53333, 0.190238, 8.86897, 2.39908, -159.882, 2.39922, 19.5013, 5.10256E-005, 61.0058, 0.000596436, -111.177, 0.00028715, 66.749
1533, 25.54167, 0.190368, 8.86356, 2.39695, -159.879, 2.39704, 19.5002, 5.10242E-005, 61.0206, 0.000596047, -111.164, 0.000286946, 66.7602
1533, 25.55000, 0.190499, 8.85813, 2.39482, -159.877, 2.39486, 19.4991, 5.10228E-005, 61.0355, 0.000595658, -111.151, 0.000286741, 66.7714
1534, 25.55833, 0.190629, 8.85265, 2.3927, -159.875, 2.39269, 19.4979, 5.10214E-005, 61.0503, 0.000595268, -111.138, 0.000286537, 66.7826
1534, 25.56667, 0.19076, 8.84714, 2.39057, -159.872, 2.39051, 19.4968, 5.10201E-005, 61.0651, 0.000594879, -111.126, 0.000286332, 66.7938
1535, 25.57500, 0.190891, 8.8416, 2.38845, -159.87, 2.38834, 19.4957, 5.10189E-005, 61.0798, 0.00059449, -111.113, 0.000286128, 66.8049
1535, 25.58333, 0.191022, 8.83602, 2.38633, -159.867, 2.38616, 19.4946, 5.10177E-005, 61.0946, 0.000594101, -111.1, 0.000285923, 66.8161
1536, 25.59167, 0.191153, 8.8304, 2.3842, -159.865, 2.38399, 19.4934, 5.10165E-005, 61.1093, 0.000593713, -111.087, 0.000285719, 66.8273
1536, 25.60000, 0.191284, 8.82474, 2.38209, -159.863, 2.38182, 19.4923, 5.10153E-005, 61.1241, 0.000593324, -111.074, 0.000285515, 66.8385
1537, 25.60833, 0.191416, 8.81905, 2.37997, -159.86, 2.37965, 19.4912, 5.10143E-005, 61.1388, 0.000592935, -111.061, 0.00028531, 66.8497
1537, 25.61667, 0.191547, 8.81332, 2.37785, -159.858, 2.37748, 19.4901, 5.10132E-005, 61.1535, 0.000592547, -111.048, 0.000285106, 66.8608
1538, 25.62500, 0.191679, 8.80756, 2.37573, -159.855, 2.37531, 19.489, 5.10122E-005, 61.1682, 0.000592159, -111.035, 0.000284902, 66.872
1538, 25.63333, 0.191811, 8.80176, 2.37362, -159.853, 2.37314, 19.4879, 5.10112E-005, 61.1829, 0.00059177, -111.022, 0.000284697, 66.8832
1539, 25.64167, 0.191944, 8.79592, 2.37151, -159.85, 2.37098, 19.4867, 5.10103E-005, 61.1975, 0.000591382, -111.009, 0.000284493, 66.8944
1539, 25.65000, 0.192076, 8.79005, 2.3694, -159.848, 2.36881, 19.4856, 5.10094E-005, 61.2122, 0.000590994, -110.997, 0.000284289, 66.9055
1540, 25.65833, 0.192208, 8.78413, 2.36728, -159.846, 2.36665, 19.4845, 5.10086E-005, 61.2268, 0.000590606, -110.984, 0.000284084, 66.9167
1540, 25.66667, 0.192341, 8.77819, 2.36518, -159.843, 2.36448, 19.4834, 5.10078E-005, 61.2414, 0.000590218, -110.971, 0.00028388, 66.9279
1541, 25.67500, 0.192474, 8.7722, 2.36307, -159.84, 2.36232, 19.4823, 5.1007E-005, 61.256, 0.00058983, -110.958, 0.000283676, 66.939
1541, 25.68333, 0.192607, 8.76618, 2.36096, -159.838, 2.36016, 19.4812, 5.10063E-005, 61.2706, 0.000589442, -110.945, 0.000283472, 66.9502
1542, 25.69167, 0.192741, 8.76012, 2.35886, -159.835, 2.358, 19.4801, 5.10057E-005, 61.2852, 0.000589055, -110.932, 0.000283267, 66.9614
1542, 25.70000, 0.192874, 8.75402, 2.35675, -159.833, 2.35584, 19.479, 5.1005E-005, 61.2997, 0.000588667, -110.919, 0.000283063, 66.9725
1543, 25.70833, 0.193008, 8.74788, 2.35465, -159.83, 2.35368, 19.4779, 5.10045E-005, 61.3143, 0.00058828, -110.906, 0.000282859, 66.9837
1543, 25.71667, 0.193142, 8.74171, 2.35255, -159.828, 2.35152, 19.4769, 5.10039E-005, 61.3288, 0.000587892, -110.893, 0.000282655, 66.9949
1544, 25.72500, 0.193275, 8.7355, 2.35045, -159.825, 2.34936, 19.4758, 5.10034E-005, 61.3433, 0.000587505, -110.88, 0.000282451, 67.006
1544, 25.73333, 0.19341, 8.72925, 2.34835, -159.823, 2.34721, 19.4747, 5.1003E-005, 61.3578, 0.000587118, -110.867, 0.000282247, 67.0172
1545, 25.74167, 0.193544, 8.72296, 2.34625, -159.82, 2.34505, 19.4736, 5.10026E-005, 61.3722, 0.000586731, -110.854, 0.000282043, 67.0284
1545, 25.75000, 0.193679, 8.71664, 2.34415, -159.817, 2.3429, 19.4725, 5.10022E-005, 61.3867, 0.000586344, -110.841, 0.000281839, 67.0395
1546, 25.75833, 0.193813, 8.71027, 2.34206, -159.815, 2.34075, 19.4714, 5.10019E-005, 61.4011, 0.000585957, -110.828, 0.000281635, 67.0507
1546, 25.76667, 0.193948, 8.70387, 2.33996, -159.812, 2.33859, 19.4704, 5.10016E-005, 61.4156, 0.00058557, -110.815, 0.000281431, 67.0619
1547, 25.77500, 0.194083, 8.69743, 2.33787, -159.809, 2.33644, 19.4693, 5.10013E-005, 61.43, 0.000585183, -110.802, 0.000281227, 67.073
1547, 25.78333, 0.194218, 8.69096, 2.33578, -159.807, 2.33429, 19.4682, 5.10011E-005, 61.4444, 0.000584797, -110.789, 0.000281023, 67.0842
1548, 25.79167, 0.194354, 8.68444, 2.33369, -159.804, 2.33214, 19.4671, 5.1001E-005, 61.4587, 0.00058441, -110.776, 0.000280819, 67.0953
1548, 25.80000, 0.194489, 8.67788, 2.3316, -159.801, 2.32999, 19.4661, 5.10008E-005, 61.4731, 0.000584024, -110.763, 0.000280615, 67.1065
1549, 25.80833, 0.194625, 8.67129, 2.32951, -159.799, 2.32785, 19.465, 5.10008E-005, 61.4874, 0.000583637, -110.75, 0.000280411, 67.1177
1549, 25.81667, 0.194761, 8.66466, 2.32742, -159.796, 2.3257, 19.4639, 5.10007E-005, 61.5017, 0.000583251, -110.737, 0.000280207, 67.1288
1550, 25.82500, 0.194897, 8.65799, 2.32534, -159.793, 2.32355, 19.4629, 5.10008E-005, 61.516, 0.000582865, -110.724, 0.000280003, 67.14
1550, 25.83333, 0.195034, 8.65128, 2.32325, -159.79, 2.32141, 19.4618, 5.10008E-005, 61.5303, 0.000582479, -110.711, 0.000279799, 67.1511
1551, 25.84167, 0.19517, 8.64453, 2.32117, -159.788, 2.31927, 19.4608, 5.10009E-005, 61.5446, 0.000582093, -110.698, 0.000279595, 67.1623
1551, 25.85000, 0.195307, 8.63774, 2.31909, -159.785, 2.31712, 19.4597, 5.10011E-005, 61.5588, 0.000581707, -110.685, 0.000279391, 67.1734
1552, 25.85833, 0.195443, 8.63091, 2.31701, -159.782, 2.31498, 19.4587, 5.10012E-005, 61.5731, 0.000581321, -110.672, 0.000279188, 67.1846
1552, 25.86667, 0.195581, 8.62404, 2.31493, -159.779, 2.31284, 19.4576, 5.10015E-005, 61.5873, 0.000580935, -110.659, 0.000278984, 67.1958
1553, 25.87500, 0.195718, 8.61714, 2.31285, -159.777, 2.3107, 19.4566, 5.10017E-005, 61.6015, 0.00058055, -110.646, 0.00027878, 67.2069
1553, 25.88333, 0.195855, 8.61019, 2.31077, -159.774, 2.30856, 19.4555, 5.1002E-005, 61.6157, 0.000580164, -110.633, 0.000278576, 67.2181
1554, 25.89167, 0.195993, 8.60321, 2.3087, -159.771, 2.30642, 19.4545, 5.10024E-005, 61.6298, 0.000579779, -110.62, 0.000278372, 67.2292
1554, 25.90000, 0.19613, 8.59618, 2.30662, -159.768, 2.30429, 19.4534, 5.10028E-005, 61.644, 0.000579393, -110.606, 0.000278169, 67.2404
1555, 25.90833, 0.196268, 8.58912, 2.30455, -159.765, 2.30215, 19.4524, 5.10032E-005, 61.6581, 0.000579008, -110.593, 0.000277965, 67.2515
1555, 25.91667, 0.196406, 8.58201, 2.30248, -159.762, 2.30001, 19.4514, 5.10037E-005, 61.6722, 0.000578623, -110.58, 0.000277761, 67.2627
1556, 25.92500, 0.196545, 8.57487, 2.30041, -159.759, 2.29788, 19.4503, 5.10043E-005, 61.6862, 0.000578238, -110.567, 0.000277557, 67.2738
1556, 25.93333, 0.196683, 8.56768, 2.29834, -159.757, 2.29574, 19.4493, 5.10048E-005, 61.7003, 0.000577853, -110.554, 0.000277354, 67.285
1557, 25.94167, 0.196822, 8.56046, 2.29627, -159.754, 2.29361, 19.4483, 5.10054E-005, 61.7143, 0.000577468, -110.541, 0.00027715, 67.2961
1557, 25.95000, 0.19696, 8.55319, 2.2942, -159.751, 2.29148, 19.4472, 5.10061E-005, 61.7284, 0.000577083, -110.528, 0.000276946, 67.3073
1558, 25.95833, 0.197099, 8.54589, 2.29214, -159.748, 2.28935, 19.4462, 5.10068E-005, 61.7424, 0.000576699, -110.515, 0.000276743, 67.3185
1558, 25.96667, 0.197238, 8.53854, 2.29007, -159.745, 2.28722, 19.4452, 5.10075E-005, 61.7564, 0.000576314, -110.502, 0.000276539, 67.3296
1559, 25.97500, 0.197378, 8.53116, 2.28801, -159.742, 2.28509, 19.4442, 5.10083E-005, 61.7703, 0.000575929, -110.489, 0.000276335, 67.3408
1559, 25.98333, 0.197517, 8.52373, 2.28595, -159.739, 2.28296, 19.4432, 5.10092E-005, 61.7842, 0.000575545, -110.475, 0.000276132, 67.3519
1560, 25.99167, 0.197657, 8.51626, 2.28389, -159.736, 2.28083, 19.4422, 5.101E-005, 61.7982, 0.00057516, -110.462, 0.000275928, 67.3631
1560, 26.00000, 0.197797, 8.50875, 2.28183, -159.733, 2.27871, 19.4412, 5.10109E-005, 61.8121, 0.000574776, -110.449, 0.000275725, 67.3742
1561, 26.00833, 0.197937, 8.50121, 2.27977, -159.73, 2.27658, 19.4401, 5.10119E-005, 61.8259, 0.000574392, -110.436, 0.000275521, 67.3854
1561, 26.01667, 0.198077, 8.49362, 2.27771, -159.727, 2.27446, 19.4391, 5.10129E-005, 61.8398, 0.000574008, -110.423, 0.000275317, 67.3965
1562, 26.02500, 0.198217, 8.48599, 2.27566, -159.724, 2.27233, 19.4381, 5.10139E-005, 61.8536, 0.000573624, -110.41, 0.000275114, 67.4077
1562, 26.03333, 0.198358, 8.47831, 2.2736, -159.721, 2.27021, 19.4371, 5.1015E-005, 61.8675, 0.00057324, -110.397, 0.00027491, 67.4188
1563, 26.04167, 0.198499, 8.4706, 2.27155, -159.718, 2.26809, 19.4361, 5.10162E-005, 61.8813, 0.000572856, -110.383, 0.000274707, 67.43
1563, 26.05000, 0.198639, 8.46285, 2.2695, -159.715, 2.26597, 19.4351, 5.10173E-005, 61.895, 0.000572472, -110.37, 0.000274503, 67.4411
1564, 26.05833, 0.198781, 8.45505, 2.26745, -159.712, 2.26384, 19.4342, 5.10186E-005, 61.9088, 0.000572089, -110.357, 0.0002743, 67.4523
1564, 26.06667, 0.198922, 8.44722, 2.2654, -159.708, 2.26173, 19.4332, 5.10198E-005, 61.9225, 0.000571705, -110.344, 0.000274096, 67.4634
1565, 26.07500, 0.199063, 8.43934, 2.26335, -159.705, 2.25961, 19.4322, 5.10211E-005, 61.9362, 0.000571322, -110.331, 0.000273893, 67.4746
1565, 26.08333, 0.199205, 8.43142, 2.2613, -159.702, 2.25749, 19.4312, 5.10225E-005, 61.9499, 0.000570938, -110.317, 0.000273689, 67.4857
1566, 26.09167, 0.199347, 8.42346, 2.25925, -159.699, 2.25537, 19.4302, 5.10239E-005, 61.9636, 0.000570555, -110.304, 0.000273486, 67.4969
1566, 26.10000, 0.199489, 8.41546, 2.25721, -159.696, 2.25326, 19.4292, 5.10253E-005, 61.9772, 0.000570172, -110.291, 0.000273282, 67.508
1567, 26.10833, 0.199631, 8.40741, 2.25517, -159.693, 2.25114, 19.4283, 5.10268E-005, 61.9908, 0.000569789, -110.278, 0.000273079, 67.5192
1567, 26.11667, 0.199773, 8.39933, 2.25312, -159.69, 2.24903, 19.4273, 5.10283E-005, 62.0044, 0.000569406, -110.265, 0.000272876, 67.5303
1568, 26.12500, 0.199916, 8.3912, 2.25108, -159.686, 2.24691, 19.4263, 5.10299E-005, 62.018, 0.000569023, -110.251, 0.000272672, 67.5415
1568, 26.13333, 0.200058, 8.38303, 2.24904, -159.683, 2.2448, 19.4254, 5.10315E-005, 62.0315, 0.00056864, -110.238, 0.000272469, 67.5526
1569, 26.14167, 0.200201, 8.37482, 2.247, -159.68, 2.24269, 19.4244, 5.10331E-005, 62.0451, 0.000568257, -110.225, 0.000272265, 67.5638
1569, 26.15000, 0.200344, 8.36656, 2.24497, -159.677, 2.24058, 19.4234, 5.10348E-005, 62.0586, 0.000567874, -110.212, 0.000272062, 67.5749
1570, 26.15833, 0.200487, 8.35827, 2.24293, -159.674, 2.23847, 19.4225, 5.10366E-005, 62.0721, 0.000567492, -110.198, 0.000271859, 67.5861
1570, 26.16667, 0.200631, 8.34993, 2.24089, -159.67, 2.23636, 19.4215, 5.10383E-005, 62.0855, 0.000567109, -110.185, 0.000271655, 67.5972
1571, 26.17500, 0.200774, 8.34155, 2.23886, -159.667, 2.23425, 19.4206, 5.10402E-005, 62.099, 0.000566727, -110.172, 0.000271452, 67.6084
1571, 26.18333, 0.200918, 8.33313, 2.23683, -159.664, 2.23214, 19.4196, 5.1042E-005, 62.1124, 0.000566345, -110.159, 0.000271248, 67.6195
1572, 26.19167, 0.201062, 8.32466, 2.23479, -159.66, 2.23004, 19.4187, 5.10439E-005, 62.1258, 0.000565962, -110.145, 0.000271045, 67.6307
1572, 26.20000, 0.201206, 8.31615, 2.23276, -159.657, 2.22793, 19.4177, 5.10459E-005, 62.1391, 0.00056558, -110.132, 0.000270842, 67.6419
1573, 26.20833, 0.20135, 8.3076, 2.23074, -159.654, 2.22583, 19.4168, 5.10479E-005, 62.1525, 0.000565198, -110.119, 0.000270638, 67.653
1573, 26.21667, 0.201495, 8.29901, 2.22871, -159.651, 2.22372, 19.4158, 5.10499E-005, 62.1658, 0.000564816, -110.106, 0.000270435, 67.6642
1574, 26.22500, 0.201639, 8.29037, 2.22668, -159.647, 2.22162, 19.4149, 5.1052E-005, 62.1791, 0.000564434, -110.092, 0.000270232, 67.6753
1574, 26.23333, 0.201784, 8.28169, 2.22465, -159.644, 2.21952, 19.414, 5.10542E-005, 62.1923, 0.000564052, -110.079, 0.000270029, 67.6865
1575, 26.24167, 0.201929, 8.27297, 2.22263, -159.64, 2.21741, 19.4131, 5.10563E-005, 62.2056, 0.000563671, -110.066, 0.000269825, 67.6976
1575, 26.25000, 0.202074, 8.26421, 2.22061, -159.637, 2.21531, 19.4121, 5.10586E-005, 62.2188, 0.000563289, -110.052, 0.000269622, 67.7088
1576, 26.25833, 0.20222, 8.2554, 2.21859, -159.634, 2.21321, 19.4112, 5.10608E-005, 62.232, 0.000562907, -110.039, 0.000269419, 67.72
1576, 26.26667, 0.202365, 8.24655, 2.21656, -159.63, 2.21111, 19.4103, 5.10631E-005, 62.2451, 0.000562526, -110.026, 0.000269215, 67.7311
1577, 26.27500, 0.202511, 8.23765, 2.21454, -159.627, 2.20902, 19.4094, 5.10655E-005, 62.2583, 0.000562145, -110.013, 0.000269012, 67.7423
1577, 26.28333, 0.202657, 8.22871, 2.21253, -159.623, 2.20692, 19.4085, 5.10679E-005, 62.2714, 0.000561763, -109.999, 0.000268809, 67.7534
1578, 26.29167, 0.202803, 8.21973, 2.21051, -159.62, 2.20482, 19.4076, 5.10703E-005, 62.2845, 0.000561382, -109.986, 0.000268606, 67.7646
1578, 26.30000, 0.202949, 8.21071, 2.20849, -159.617, 2.20273, 19.4066, 5.10728E-005, 62.2975, 0.000561001, -109.973, 0.000268402, 67.7758
1579, 26.30833, 0.203095, 8.20164, 2.20648, -159.613, 2.20063, 19.4057, 5.10753E-005, 62.3106, 0.00056062, -109.959, 0.000268199, 67.7869
1579, 26.31667, 0.203242, 8.19253, 2.20446, -159.61, 2.19854, 19.4048, 5.10778E-005, 62.3236, 0.000560239, -109.946, 0.000267996, 67.7981
1580, 26.32500, 0.203389, 8.18337, 2.20245, -159.606, 2.19644, 19.4039, 5.10804E-005, 62.3366, 0.000559858, -109.933, 0.000267793, 67.8093
1580, 26.33333, 0.203535, 8.17418, 2.20044, -159.603, 2.19435, 19.4031, 5.10831E-005, 62.3495, 0.000559477, -109.919, 0.000267589, 67.8204
1581, 26.34167, 0.203682, 8.16493, 2.19843, -159.599, 2.19226, 19.4022, 5.10858E-005, 62.3625, 0.000559097, -109.906, 0.000267386, 67.8316
1581, 26.35000, 0.20383, 8.15565, 2.19642, -159.596, 2.19017, 19.4013, 5.10885E-005, 62.3754, 0.000558716, -109.892, 0.000267183, 67.8428
1582, 26.35833, 0.203977, 8.14632, 2.19441, -159.592, 2.18808, 19.4004, 5.10913E-005, 62.3883, 0.000558335, -109.879, 0.00026698, 67.8539
1582, 26.36667, 0.204125, 8.13694, 2.19241, -159.588, 2.18599, 19.3995, 5.10941E-005, 62.4011, 0.000557955, -109.866, 0.000266777, 67.8651
1583, 26.37500, 0.204273, 8.12753, 2.1904, -159.585, 2.1839, 19.3986, 5.1097E-005, 62.4139, 0.000557575, -109.852, 0.000266574, 67.8763
1583, 26.38333, 0.20442, 8.11806, 2.1884, -159.581, 2.18182, 19.3978, 5.10999E-005, 62.4267, 0.000557194, -109.839, 0.00026637, 67.8874
1584, 26.39167, 0.204569, 8.10856, 2.18639, -159.578, 2.17973, 19.3969, 5.11029E-005, 62.4395, 0.000556814, -109.825, 0.000266167, 67.8986
1584, 26.40000, 0.204717, 8.09901, 2.18439, -159.574, 2.17764, 19.396, 5.11059E-005, 62.4522, 0.000556434, -109.812, 0.000265964, 67.9098
1585, 26.40833, 0.204865, 8.08941, 2.18239, -159.57, 2.17556, 19.3952, 5.11089E-005, 62.465, 0.000556054, -109.799, 0.000265761, 67.921
1585, 26.41667, 0.205014, 8.07977, 2.18039, -159.567, 2.17347, 19.3943, 5.1112E-005, 62.4776, 0.000555674, -109.785, 0.000265558, 67.9321
1586, 26.42500, 0.205163, 8.07009, 2.17839, -159.563, 2.17139, 19.3935, 5.11151E-005, 62.4903, 0.000555294, -109.772, 0.000265355, 67.9433
1586, 26.43333, 0.205312, 8.06037, 2.1764, -159.559, 2.16931, 19.3926, 5.11183E-005, 62.5029, 0.000554914, -109.758, 0.000265151, 67.9545
1587, 26.44167, 0.205461, 8.05059, 2.1744, -159.556, 2.16723, 19.3918, 5.11215E-005, 62.5155, 0.000554535, -109.745, 0.000264948, 67.9657
1587, 26.45000, 0.20561, 8.04078, 2.17241, -159.552, 2.16514, 19.3909, 5.11248E-005, 62.5281, 0.000554155, -109.732, 0.000264745, 67.9768
1588, 26.45833, 0.20576, 8.03092, 2.17041, -159.548, 2.16306, 19.3901, 5.11281E-005, 62.5407, 0.000553775, -109.718, 0.000264542, 67.988
1588, 26.46667, 0.20591, 8.02101, 2.16842, -159.545, 2.16098, 19.3892, 5.11314E-005, 62.5532, 0.000553396, -109.705, 0.000264339, 67.9992
1589, 26.47500, 0.206059, 8.01106, 2.16643, -159.541, 2.15891, 19.3884, 5.11348E-005, 62.5657, 0.000553017, -109.691, 0.000264136, 68.0104
1589, 26.48333, 0.20621, 8.00107, 2.16444, -159.537, 2.15683, 19.3876, 5.11382E-005, 62.5781, 0.000552637, -109.678, 0.000263933, 68.0216
1590, 26.49167, 0.20636, 7.99103, 2.16245, -159.533, 2.15475, 19.3867, 5.11417E-005, 62.5906, 0.000552258, -109.664, 0.000263729, 68.0328
1590, 26.50000, 0.20651, 7.98094, 2.16046, -159.53, 2.15268, 19.3859, 5.11452E-005, 62.603, 0.000551879, -109.651, 0.000263526, 68.044
1591, 26.50833, 0.206661, 7.97081, 2.15847, -159.526, 2.1506, 19.3851, 5.11488E-005, 62.6153, 0.0005515, -109.637, 0.000263323, 68.0552
1591, 26.51667, 0.206811, 7.96064, 2.15649, -159.522, 2.14853, 19.3843, 5.11524E-005, 62.6277, 0.000551121, -109.624, 0.00026312, 68.0663
1592, 26.52500, 0.206962, 7.95042, 2.1545, -159.518, 2.14645, 19.3835, 5.1156E-005, 62.64, 0.000550742, -109.61, 0.000262917, 68.0775
1592, 26.53333, 0.207113, 7.94016, 2.15252, -159.515, 2.14438, 19.3827, 5.11597E-005, 62.6523, 0.000550363, -109.597, 0.000262714, 68.0887
1593, 26.54167, 0.207265, 7.92985, 2.15054, -159.511, 2.14231, 19.3819, 5.11634E-005, 62.6645, 0.000549984, -109.583, 0.000262511, 68.0999
1593, 26.55000, 0.207416, 7.91949, 2.14856, -159.507, 2.14023, 19.3811, 5.11672E-005, 62.6767, 0.000549606, -109.57, 0.000262308, 68.1111
1594, 26.55833, 0.207568, 7.90909, 2.14658, -159.503, 2.13816, 19.3803, 5.1171E-005, 62.6889, 0.000549227, -109.556, 0.000262105, 68.1223
1594, 26.56667, 0.207719, 7.89865, 2.1446, -159.499, 2.13609, 19.3795, 5.11749E-005, 62.7011, 0.000548849, -109.543, 0.000261902, 68.1335
1595, 26.57500, 0.207871, 7.88816, 2.14262, -159.495, 2.13403, 19.3787, 5.11788E-005, 62.7132, 0.00054847, -109.529, 0.000261699, 68.1447
1595, 26.58333, 0.208024, 7.87762, 2.14065, -159.491, 2.13196, 19.3779, 5.11828E-005, 62.7253, 0.000548092, -109.516, 0.000261495, 68.1559
1596, 26.59167, 0.208176, 7.86704, 2.13867, -159.487, 2.12989, 19.3771, 5.11868E-005, 62.7374, 0.000547714, -109.502, 0.000261292, 68.1671
1596, 26.60000, 0.208328, 7.85642, 2.1367, -159.484, 2.12782, 19.3764, 5.11908E-005, 62.7494, 0.000547336, -109.489, 0.000261089, 68.1783
1597, 26.60833, 0.208481, 7.84575, 2.13472, -159.48, 2.12576, 19.3756, 5.11949E-005, 62.7614, 0.000546958, -109.475, 0.000260886, 68.1896
1597, 26.61667, 0.208634, 7.83503, 2.13275, -159.476, 2.12369, 19.3748, 5.1199E-005, 62.7734, 0.00054658, -109.462, 0.000260683, 68.2008
1598, 26.62500, 0.208787, 7.82427, 2.13078, -159.472, 2.12163, 19.374, 5.12032E-005, 62.7853, 0.000546202, -109.448, 0.00026048, 68.212
1598, 26.63333, 0.20894, 7.81346, 2.12881, -159.468, 2.11956, 19.3733, 5.12074E-005, 62.7973, 0.000545824, -109.435, 0.000260277, 68.2232
1599, 26.64167, 0.209093, 7.8026, 2.12684, -159.464, 2.1175, 19.3725, 5.12116E-005, 62.8091, 0.000545446, -109.421, 0.000260074, 68.2344
1599, 26.65000, 0.209247, 7.7917, 2.12488, -159.46, 2.11544, 19.3718, 5.12159E-005, 62.821, 0.000545068, -109.407, 0.000259871, 68.2456
1600, 26.65833, 0.2094, 7.78076, 2.12291, -159.456, 2.11338, 19.371, 5.12202E-005, 62.8328, 0.000544691, -109.394, 0.000259668, 68.2569
1600, 26.66667, 0.209554, 7.76977, 2.12095, -159.452, 2.11132, 19.3703, 5.12246E-005, 62.8446, 0.000544313, -109.38, 0.000259465, 68.2681
1601, 26.67500, 0.209708, 7.75873, 2.11898, -159.448, 2.10926, 19.3696, 5.1229E-005, 62.8563, 0.000543936, -109.367, 0.000259262, 68.2793
1601, 26.68333, 0.209862, 7.74765, 2.11702, -159.444, 2.1072, 19.3688, 5.12335E-005, 62.8681, 0.000543558, -109.353, 0.000259059, 68.2905
1602, 26.69167, 0.210017, 7.73652, 2.11506, -159.44, 2.10514, 19.3681, 5.1238E-005, 62.8797, 0.000543181, -109.34, 0.000258856, 68.3018
1602, 26.70000, 0.210171, 7.72535, 2.1131, -159.435, 2.10308, 19.3674, 5.12426E-005, 62.8914, 0.000542804, -109.326, 0.000258652, 68.313
1603, 26.70833, 0.210326, 7.71413, 2.11114, -159.431, 2.10102, 19.3666, 5.12471E-005, 62.903, 0.000542427, -109.312, 0.000258449, 68.3242
1603, 26.71667, 0.210481, 7.70286, 2.10918, -159.427, 2.09897, 19.3659, 5.12518E-005, 62.9146, 0.00054205, -109.299, 0.000258246, 68.3355
1604, 26.72500, 0.210636, 7.69155, 2.10722, -159.423, 2.09691, 19.3652, 5.12565E-005, 62.9262, 0.000541673, -109.285, 0.000258043, 68.3467
1604, 26.73333, 0.210791, 7.68019, 2.10527, -159.419, 2.09486, 19.3645, 5.12612E-005, 62.9377, 0.000541296, -109.271, 0.00025784, 68.358
1605, 26.74167, 0.210946, 7.66879, 2.10331, -159.415, 2.0928, 19.3638, 5.12659E-005, 62.9492, 0.000540919, -109.258, 0.000257637, 68.3692
1605, 26.75000, 0.211102, 7.65734, 2.10136, -159.411, 2.09075, 19.3631, 5.12707E-005, 62.9606, 0.000540542, -109.244, 0.000257434, 68.3804
1606, 26.75833, 0.211258, 7.64584, 2.09941, -159.407, 2.0887, 19.3624, 5.12756E-005, 62.972, 0.000540166, -109.231, 0.000257231, 68.3917
1606, 26.76667, 0.211413, 7.6343, 2.09746, -159.402, 2.08665, 19.3617, 5.12805E-005, 62.9834, 0.000539789, -109.217, 0.000257028, 68.4029
1607, 26.77500, 0.21157, 7.62271, 2.0955, -159.398, 2.0846, 19.361, 5.12854E-005, 62.9948, 0.000539412, -109.203, 0.000256825, 68.4142
1607, 26.78333, 0.211726, 7.61107, 2.09356, -159.394, 2.08255, 19.3604, 5.12904E-005, 63.0061, 0.000539036, -109.19, 0.000256622, 68.4255
1608, 26.79167, 0.211882, 7.59939, 2.09161, -159.39, 2.0805, 19.3597, 5.12954E-005, 63.0174, 0.00053866, -109.176, 0.000256419, 68.4367
1608, 26.80000, 0.212039, 7.58766, 2.08966, -159.386, 2.07845, 19.359, 5.13005E-005, 63.0286, 0.000538283, -109.162, 0.000256216, 68.448
1609, 26.80833, 0.212195, 7.57589, 2.08772, -159.381, 2.0764, 19.3583, 5.13056E-005, 63.0398, 0.000537907, -109.149, 0.000256013, 68.4592
1609, 26.81667, 0.212352, 7.56407, 2.08577, -159.377, 2.07436, 19.3577, 5.13107E-005, 63.051, 0.000537531, -109.135, 0.00025581, 68.4705
1610, 26.82500, 0.212509, 7.5522, 2.08383, -159.373, 2.07231, 19.357, 5.13159E-005, 63.0621, 0.000537155, -109.121, 0.000255606, 68.4818
1610, 26.83333, 0.212667, 7.54029, 2.08189, -159.368, 2.07026, 19.3564, 5.13211E-005, 63.0733, 0.000536779, -109.107, 0.000255403, 68.493
1611, 26.84167, 0.212824, 7.52833, 2.07994, -159.364, 2.06822, 19.3557, 5.13264E-005, 63.0843, 0.000536403, -109.094, 0.0002552, 68.5043
1611, 26.85000, 0.212982, 7.51633, 2.078, -159.36, 2.06617, 19.3551, 5.13317E-005, 63.0954, 0.000536027, -109.08, 0.000254997, 68.5156
1612, 26.85833, 0.213139, 7.50427, 2.07606, -159.356, 2.06413, 19.3545, 5.1337E-005, 63.1064, 0.000535651, -109.066, 0.000254794, 68.5269
1612, 26.86667, 0.213297, 7.49218, 2.07413, -159.351, 2.06209, 19.3538, 5.13424E-005, 63.1173, 0.000535276, -109.053, 0.000254591, 68.5382
1613, 26.87500, 0.213455, 7.48003, 2.07219, -159.347, 2.06005, 19.3532, 5.13479E-005, 63.1283, 0.0005349, -109.039, 0.000254388, 68.5495
1613, 26.88333, 0.213613, 7.46784, 2.07025, -159.342, 2.05801, 19.3526, 5.13534E-005, 63.1392, 0.000534524, -109.025, 0.000254185, 68.5607
1614, 26.89167, 0.213772, 7.4556, 2.06832, -159.338, 2.05597, 19.352, 5.13589E-005, 63.15, 0.000534149, -109.011, 0.000253982, 68.572
1614, 26.90000, 0.21393, 7.44332, 2.06639, -159.334, 2.05393, 19.3513, 5.13644E-005, 63.1608, 0.000533773, -108.998, 0.000253779, 68.5833
1615, 26.90833, 0.214089, 7.43098, 2.06445, -159.329, 2.05189, 19.3507, 5.13701E-005, 63.1716, 0.000533398, -108.984, 0.000253576, 68.5946
1615, 26.91667, 0.214248, 7.41861, 2.06252, -159.325, 2.04985, 19.3501, 5.13757E-005, 63.1824, 0.000533023, -108.97, 0.000253373, 68.6059
1616, 26.92500, 0.214407, 7.40618, 2.06059, -159.32, 2.04781, 19.3495, 5.13814E-005, 63.1931, 0.000532648, -108.956, 0.000253169, 68.6172
1616, 26.93333, 0.214566, 7.39371, 2.05866, -159.316, 2.04578, 19.3489, 5.13871E-005, 63.2038, 0.000532273, -108.943, 0.000252966, 68.6285
1617, 26.94167, 0.214726, 7.38119, 2.05674, -159.312, 2.04374, 19.3484, 5.13929E-005, 63.2144, 0.000531898, -108.929, 0.000252763, 68.6399
1617, 26.95000, 0.214885, 7.36863, 2.05481, -159.307, 2.0417, 19.3478, 5.13987E-005, 63.225, 0.000531523, -108.915, 0.00025256, 68.6512
1618, 26.95833, 0.215045, 7.35602, 2.05288, -159.303, 2.03967, 19.3472, 5.14046E-005, 63.2356, 0.000531148, -108.901, 0.000252357, 68.6625
1618, 26.96667, 0.215205, 7.34336, 2.05096, -159.298, 2.03764, 19.3466, 5.14105E-005, 63.2461, 0.000530773, -108.888, 0.000252154, 68.6738
1619, 26.97500, 0.215365, 7.33065, 2.04903, -159.294, 2.0356, 19.3461, 5.14164E-005, 63.2566, 0.000530398, -108.874, 0.000251951, 68.6851
1619, 26.98333, 0.215525, 7.3179, 2.04711, -159.289, 2.03357, 19.3455, 5.14224E-005, 63.267, 0.000530023, -108.86, 0.000251748, 68.6965
1620, 26.99167, 0.215686, 7.3051, 2.04519, -159.285, 2.03154, 19.3449, 5.14284E-005, 63.2775, 0.000529649, -108.846, 0.000251545, 68.7078
1620, 27.00000, 0.215846, 7.29226, 2.04327, -159.28, 2.02951, 19.3444, 5.14345E-005, 63.2878, 0.000529274, -108.832, 0.000251341, 68.7191
1621, 27.00833, 0.216007, 7.27937, 2.04135, -159.275, 2.02748, 19.3439, 5.14406E-005, 63.2982, 0.0005289, -108.819, 0.000251138, 68.7305
1621, 27.01667, 0.216168, 7.26643, 2.03943, -159.271, 2.02545, 19.3433, 5.14467E-005, 63.3085, 0.000528525, -108.805, 0.000250935, 68.7418
1622, 27.02500, 0.216329, 7.25345, 2.03751, -159.266, 2.02342, 19.3428, 5.14529E-005, 63.3187, 0.000528151, -108.791, 0.000250732, 68.7532
1622, 27.03333, 0.21649, 7.24041, 2.0356, -159.262, 2.02139, 19.3423, 5.14591E-005, 63.329, 0.000527777, -108.777, 0.000250529, 68.7645
1623, 27.04167, 0.216652, 7.22733, 2.03368, -159.257, 2.01937, 19.3417, 5.14654E-005, 63.3391, 0.000527403, -108.763, 0.000250326, 68.7759
1623, 27.05000, 0.216813, 7.21421, 2.03177, -159.253, 2.01734, 19.3412, 5.14717E-005, 63.3493, 0.000527028, -108.749, 0.000250123, 68.7872
1624, 27.05833, 0.216975, 7.20104, 2.02986, -159.248, 2.01531, 19.3407, 5.14781E-005, 63.3594, 0.000526654, -108.736, 0.00024992, 68.7986
1624, 27.06667, 0.217137, 7.18782, 2.02795, -159.243, 2.01329, 19.3402, 5.14844E-005, 63.3695, 0.00052628, -108.722, 0.000249716, 68.81
1625, 27.07500, 0.217299, 7.17455, 2.02603, -159.239, 2.01126, 19.3397, 5.14909E-005, 63.3795, 0.000525906, -108.708, 0.000249513, 68.8213
1625, 27.08333, 0.217461, 7.16124, 2.02413, -159.234, 2.00924, 19.3392, 5.14973E-005, 63.3895, 0.000525533, -108.694, 0.00024931, 68.8327
1626, 27.09167, 0.217624, 7.14788, 2.02222, -159.229, 2.00722, 19.3387, 5.15039E-005, 63.3994, 0.000525159, -108.68, 0.000249107, 68.8441
1626, 27.10000, 0.217786, 7.13447, 2.02031, -159.225, 2.0052, 19.3382, 5.15104E-005, 63.4094, 0.000524785, -108.666, 0.000248904, 68.8555
1627, 27.10833, 0.217949, 7.12102, 2.0184, -159.22, 2.00317, 19.3378, 5.1517E-005, 63.4192, 0.000524411, -108.652, 0.0002487, 68.8668
1627, 27.11667, 0.218112, 7.10752, 2.0165, -159.215, 2.00115, 19.3373, 5.15236E-005, 63.4291, 0.000524038, -108.638, 0.000248497, 68.8782
1628, 27.12500, 0.218275, 7.09397, 2.01459, -159.21, 1.99913, 19.3368, 5.15303E-005, 63.4389, 0.000523664, -108.625, 0.000248294, 68.8896
1628, 27.13333, 0.218438, 7.08038, 2.01269, -159.206, 1.99711, 19.3364, 5.1537E-005, 63.4486, 0.000523291, -108.611, 0.000248091, 68.901
1629, 27.14167, 0.218601, 7.06674, 2.01079, -159.201, 1.9951, 19.3359, 5.15438E-005, 63.4583, 0.000522917, -108.597, 0.000247888, 68.9124
1629, 27.15000, 0.218765, 7.05305, 2.00889, -159.196, 1.99308, 19.3355, 5.15506E-005, 63.468, 0.000522544, -108.583, 0.000247685, 68.9238
1630, 27.15833, 0.218928, 7.03932, 2.00699, -159.191, 1.99106, 19.335, 5.15574E-005, 63.4776, 0.000522171, -108.569, 0.000247481, 68.9352
1630, 27.16667, 0.219092, 7.02554, 2.00509, -159.186, 1.98904, 19.3346, 5.15643E-005, 63.4872, 0.000521798, -108.555, 0.000247278, 68.9467
1631, 27.17500, 0.219256, 7.01171, 2.00319, -159.182, 1.98703, 19.3342, 5.15712E-005, 63.4968, 0.000521425, -108.541, 0.000247075, 68.9581
1631, 27.18333, 0.219421, 6.99783, 2.00129, -159.177, 1.98501, 19.3337, 5.15782E-005, 63.5063, 0.000521052, -108.527, 0.000246872, 68.9695
1632, 27.19167, 0.219585, 6.98391, 1.9994, -159.172, 1.983, 19.3333, 5.15852E-005, 63.5158, 0.000520678, -108.513, 0.000246668, 68.9809
1632, 27.20000, 0.219749, 6.96994, 1.9975, -159.167, 1.98098, 19.3329, 5.15922E-005, 63.5252, 0.000520306, -108.499, 0.000246465, 68.9924
1633, 27.20833, 0.219914, 6.95593, 1.99561, -159.162, 1.97897, 19.3325, 5.15993E-005, 63.5346, 0.000519933, -108.485, 0.000246262, 69.0038
1633, 27.21667, 0.220079, 6.94187, 1.99372, -159.157, 1.97696, 19.3321, 5.16064E-005, 63.5439, 0.00051956, -108.471, 0.000246059, 69.0152
1634, 27.22500, 0.220244, 6.92776, 1.99182, -159.152, 1.97495, 19.3317, 5.16136E-005, 63.5532, 0.000519187, -108.457, 0.000245855, 69.0267
1634, 27.23333, 0.220409, 6.9136, 1.98993, -159.148, 1.97294, 19.3313, 5.16208E-005, 63.5625, 0.000518814, -108.443, 0.000245652, 69.0381
1635, 27.24167, 0.220574, 6.8994, 1.98804, -159.143, 1.97093, 19.331, 5.1628E-005, 63.5717, 0.000518442, -108.429, 0.000245449, 69.0496
1635, 27.25000, 0.22074, 6.88515, 1.98615, -159.138, 1.96892, 19.3306, 5.16353E-005, 63.5809, 0.000518069, -108.416, 0.000245246, 69.0611
1636, 27.25833, 0.220905, 6.87086, 1.98427, -159.133, 1.96691, 19.3302, 5.16426E-005, 63.59, 0.000517697, -108.402, 0.000245042, 69.0725
1636, 27.26667, 0.221071, 6.85651, 1.98238, -159.128, 1.9649, 19.3299, 5.165E-005, 63.5991, 0.000517324, -108.388, 0.000244839, 69.084
1637, 27.27500, 0.221237, 6.84212, 1.9805, -159.123, 1.96289, 19.3295, 5.16574E-005, 63.6082, 0.000516952, -108.374, 0.000244636, 69.0955
1637, 27.28333, 0.221403, 6.82769, 1.97861, -159.118, 1.96089, 19.3292, 5.16648E-005, 63.6172, 0.00051658, -108.36, 0.000244432, 69.1069
1638, 27.29167, 0.22157, 6.8132, 1.97673, -159.113, 1.95888, 19.3288, 5.16723E-005, 63.6262, 0.000516207, -108.346, 0.000244229, 69.1184
1638, 27.30000, 0.221736, 6.79868, 1.97484, -159.108, 1.95688, 19.3285, 5.16798E-005, 63.6351, 0.000515835, -108.332, 0.000244026, 69.1299
1639, 27.30833, 0.221903, 6.7841, 1.97296, -159.103, 1.95487, 19.3282, 5.16874E-005, 63.644, 0.000515463, -108.317, 0.000243822, 69.1414
1639, 27.31667, 0.22207, 6.76948, 1.97108, -159.098, 1.95287, 19.3278, 5.1695E-005, 63.6528, 0.000515091, -108.303, 0.000243619, 69.1529
1640, 27.32500, 0.222236, 6.75481, 1.9692, -159.093, 1.95086, 19.3275, 5.17026E-005, 63.6616, 0.000514719, -108.289, 0.000243416, 69.1644
1640, 27.33333, 0.222404, 6.74009, 1.96733, -159.088, 1.94886, 19.3272, 5.17103E-005, 63.6704, 0.000514347, -108.275, 0.000243212, 69.1759
1641, 27.34167, 0.222571, 6.72533, 1.96545, -159.083, 1.94686, 19.3269, 5.1718E-005, 63.6791, 0.000513975, -108.261, 0.000243009, 69.1874
1641, 27.35000, 0.222738, 6.71052, 1.96357, -159.077, 1.94486, 19.3266, 5.17257E-005, 63.6878, 0.000513604, -108.247, 0.000242806, 69.199
1642, 27.35833, 0.222906, 6.69567, 1.9617, -159.072, 1.94286, 19.3263, 5.17335E-005, 63.6964, 0.000513232, -108.233, 0.000242602, 69.2105
1642, 27.36667, 0.223074, 6.68076, 1.95982, -159.067, 1.94086, 19.3261, 5.17413E-005, 63.705, 0.00051286, -108.219, 0.000242399, 69.222
1643, 27.37500, 0.223241, 6.66581, 1.95795, -159.062, 1.93886, 19.3258, 5.17492E-005, 63.7136, 0.000512488, -108.205, 0.000242196, 69.2336
1643, 27.38333, 0.223409, 6.65082, 1.95608, -159.057, 1.93686, 19.3255, 5.17571E-005, 63.7221, 0.000512117, -108.191, 0.000241992, 69.2451
1644, 27.39167, 0.223578, 6.63578, 1.95421, -159.052, 1.93486, 19.3253, 5.17651E-005, 63.7305, 0.000511745, -108.177, 0.000241789, 69.2566
1644, 27.40000, 0.223746, 6.62069, 1.95234, -159.047, 1.93287, 19.325, 5.1773E-005, 63.7389, 0.000511374, -108.163, 0.000241585, 69.2682
1645, 27.40833, 0.223915, 6.60555, 1.95047, -159.041, 1.93087, 19.3248, 5.17811E-005, 63.7473, 0.000511002, -108.149, 0.000241382, 69.2798
1645, 27.41667, 0.224083, 6.59037, 1.9486, -159.036, 1.92887, 19.3245, 5.17891E-005, 63.7556, 0.000510631, -108.135, 0.000241179, 69.2913
1646, 27.42500, 0.224252, 6.57515, 1.94673, -159.031, 1.92688, 19.3243, 5.17972E-005, 63.7639, 0.00051026, -108.121, 0.000240975, 69.3029
1646, 27.43333, 0.224421, 6.55987, 1.94487, -159.026, 1.92489, 19.3241, 5.18054E-005, 63.7722, 0.000509889, -108.107, 0.000240772, 69.3145
1647, 27.44167, 0.22459, 6.54455, 1.943, -159.021, 1.92289, 19.3238, 5.18135E-005, 63.7804, 0.000509517, -108.092, 0.000240568, 69.326
1647, 27.45000, 0.22476, 6.52918, 1.94114, -159.015, 1.9209, 19.3236, 5.18217E-005, 63.7885, 0.000509146, -108.078, 0.000240365, 69.3376
1648, 27.45833, 0.224929, 6.51377, 1.93927, -159.01, 1.91891, 19.3234, 5.183E-005, 63.7966, 0.000508775, -108.064, 0.000240161, 69.3492
1648, 27.46667, 0.225099, 6.49831, 1.93741, -159.005, 1.91691, 19.3232, 5.18383E-005, 63.8047, 0.000508404, -108.05, 0.000239958, 69.3608
1649, 27.47500, 0.225269, 6.48281, 1.93555, -159, 1.91492, 19.323, 5.18466E-005, 63.8127, 0.000508033, -108.036, 0.000239754, 69.3724
1649, 27.48333, 0.225439, 6.46726, 1.93369, -158.994, 1.91293, 19.3229, 5.1855E-005, 63.8207, 0.000507662, -108.022, 0.000239551, 69.384
1650, 27.49167, 0.225609, 6.45166, 1.93183, -158.989, 1.91094, 19.3227, 5.18634E-005, 63.8286, 0.000507291, -108.008, 0.000239347, 69.3957
1650, 27.50000, 0.225779, 6.43601, 1.92997, -158.984, 1.90896, 19.3225, 5.18718E-005, 63.8365, 0.000506921, -107.994, 0.000239144, 69.4073
1651, 27.50833, 0.225949, 6.42032, 1.92811, -158.978, 1.90697, 19.3224, 5.18803E-005, 63.8443, 0.00050655, -107.979, 0.00023894, 69.4189
1651, 27.51667, 0.22612, 6.40459, 1.92626, -158.973, 1.90498, 19.3222, 5.18888E-005, 63.8521, 0.000506179, -107.965, 0.000238737, 69.4305
1652, 27.52500, 0.226291, 6.38881, 1.9244, -158.968, 1.90299, 19.3221, 5.18974E-005, 63.8599, 0.000505808, -107.951, 0.000238533, 69.4422
1652, 27.53333, 0.226462, 6.37298, 1.92255, -158.962, 1.90101, 19.3219, 5.1906E-005, 63.8676, 0.000505438, -107.937, 0.00023833, 69.4538
1653, 27.54167, 0.226633, 6.3571, 1.9207, -158.957, 1.89902, 19.3218, 5.19146E-005, 63.8752, 0.000505067, -107.923, 0.000238126, 69.4655
1653, 27.55000, 0.226804, 6.34118, 1.91884, -158.951, 1.89704, 19.3217, 5.19232E-005, 63.8828, 0.000504697, -107.908, 0.000237923, 69.4771
1654, 27.55833, 0.226976, 6.32522, 1.91699, -158.946, 1.89505, 19.3216, 5.1932E-005, 63.8904, 0.000504326, -107.894, 0.000237719, 69.4888
1654, 27.56667, 0.227147, 6.3092, 1.91514, -158.941, 1.89307, 19.3215, 5.19407E-005, 63.8979, 0.000503956, -107.88, 0.000237516, 69.5005
1655, 27.57500, 0.227319, 6.29315, 1.91329, -158.935, 1.89109, 19.3214, 5.19495E-005, 63.9054, 0.000503586, -107.866, 0.000237312, 69.5122
1655, 27.58333, 0.227491, 6.27704, 1.91144, -158.93, 1.88911, 19.3213, 5.19583E-005, 63.9128, 0.000503215, -107.852, 0.000237108, 69.5239
1656, 27.59167, 0.227663, 6.26089, 1.9096, -158.924, 1.88712, 19.3212, 5.19671E-005, 63.9202, 0.000502845, -107.837, 0.000236905, 69.5356
1656, 27.60000, 0.227835, 6.2447, 1.90775, -158.919, 1.88514, 19.3211, 5.1976E-005, 63.9276, 0.000502475, -107.823, 0.000236701, 69.5472
1657, 27.60833, 0.228007, 6.22846, 1.9059, -158.913, 1.88316, 19.321, 5.19849E-005, 63.9349, 0.000502105, -107.809, 0.000236498, 69.559
1657, 27.61667, 0.22818, 6.21217, 1.90406, -158.908, 1.88118, 19.321, 5.19939E-005, 63.9421, 0.000501735, -107.795, 0.000236294, 69.5707
1658, 27.62500, 0.228353, 6.19583, 1.90222, -158.902, 1.87921, 19.3209, 5.20029E-005, 63.9493, 0.000501365, -107.781, 0.00023609, 69.5824
1658, 27.63333, 0.228525, 6.17946, 1.90037, -158.897, 1.87723, 19.3209, 5.20119E-005, 63.9565, 0.000500995, -107.766, 0.000235887, 69.5941
1659, 27.64167, 0.228698, 6.16303, 1.89853, -158.891, 1.87525, 19.3208, 5.2021E-005, 63.9636, 0.000500625, -107.752, 0.000235683, 69.6059
1659, 27.65000, 0.228871, 6.14656, 1.89669, -158.886, 1.87327, 19.3208, 5.20301E-005, 63.9706, 0.000500255, -107.738, 0.000235479, 69.6176
1660, 27.65833, 0.229045, 6.13005, 1.89485, -158.88, 1.8713, 19.3208, 5.20393E-005, 63.9777, 0.000499885, -107.724, 0.000235276, 69.6293
1660, 27.66667, 0.229218, 6.11349, 1.89301, -158.874, 1.86932, 19.3208, 5.20485E-005, 63.9846, 0.000499515, -107.709, 0.000235072, 69.6411
1661, 27.67500, 0.229392, 6.09688, 1.89117, -158.869, 1.86735, 19.3208, 5.20577E-005, 63.9916, 0.000499145, -107.695, 0.000234868, 69.6529
1661, 27.68333, 0.229566, 6.08023, 1.88934, -158.863, 1.86538, 19.3208, 5.20669E-005, 63.9984, 0.000498776, -107.681, 0.000234665, 69.6646
1662, 27.69167, 0.22974, 6.06353, 1.8875, -158.857, 1.8634, 19.3208, 5.20762E-005, 64.0053, 0.000498406, -107.666, 0.000234461, 69.6764
1662, 27.70000, 0.229914, 6.04679, 1.88566, -158.852, 1.86143, 19.3208, 5.20855E-005, 64.012, 0.000498036, -107.652, 0.000234257, 69.6882
1663, 27.70833, 0.230088, 6.03, 1.88383, -158.846, 1.85946, 19.3208, 5.20949E-005, 64.0188, 0.000497667, -107.638, 0.000234053, 69.7
1663, 27.71667, 0.230262, 6.01317, 1.882, -158.841, 1.85749, 19.3209, 5.21043E-005, 64.0255, 0.000497297, -107.624, 0.00023385, 69.7118
1664, 27.72500, 0.230437, 5.99629, 1.88016, -158.835, 1.85552, 19.3209, 5.21137E-005, 64.0321, 0.000496928, -107.609, 0.000233646, 69.7236
1664, 27.73333, 0.230612, 5.97937, 1.87833, -158.829, 1.85355, 19.321, 5.21232E-005, 64.0387, 0.000496558, -107.595, 0.000233442, 69.7354
1665, 27.74167, 0.230787, 5.9624, 1.8765, -158.823, 1.85158, 19.321, 5.21327E-005, 64.0453, 0.000496189, -107.581, 0.000233238, 69.7472
1665, 27.75000, 0.230962, 5.94539, 1.87467, -158.818, 1.84961, 19.3211, 5.21423E-005, 64.0518, 0.00049582, -107.566, 0.000233035, 69.759
1666, 27.75833, 0.231137, 5.92833, 1.87284, -158.812, 1.84764, 19.3212, 5.21518E-005, 64.0582, 0.00049545, -107.552, 0.000232831, 69.7709
1666, 27.76667, 0.231312, 5.91122, 1.87102, -158.806, 1.84567, 19.3213, 5.21614E-005, 64.0646, 0.000495081, -107.538, 0.000232627, 69.7827
1667, 27.77500, 0.231488, 5.89408, 1.86919, -158.8, 1.84371, 19.3213, 5.21711E-005, 64.071, 0.000494712, -107.523, 0.000232423, 69.7946
1667, 27.78333, 0.231663, 5.87688, 1.86736, -158.795, 1.84174, 19.3214, 5.21808E-005, 64.0773, 0.000494343, -107.509, 0.000232219, 69.8064
1668, 27.79167, 0.231839, 5.85964, 1.86554, -158.789, 1.83978, 19.3216, 5.21905E-005, 64.0835, 0.000493973, -107.495, 0.000232016, 69.8183
1668, 27.80000, 0.232015, 5.84236, 1.86372, -158.783, 1.83781, 19.3217, 5.22002E-005, 64.0898, 0.000493604, -107.48, 0.000231812, 69.8302
1669, 27.80833, 0.232191, 5.82503, 1.86189, -158.777, 1.83585, 19.3218, 5.221E-005, 64.0959, 0.000493235, -107.466, 0.000231608, 69.842
1669, 27.81667, 0.232368, 5.80766, 1.86007, -158.771, 1.83389, 19.3219, 5.22199E-005, 64.1021, 0.000492866, -107.452, 0.000231404, 69.8539
1670, 27.82500, 0.232544, 5.79024, 1.85825, -158.766, 1.83192, 19.3221, 5.22297E-005, 64.1081, 0.000492497, -107.437, 0.0002312, 69.8658
1670, 27.83333, 0.232721, 5.77278, 1.85643, -158.76, 1.82996, 19.3222, 5.22396E-005, 64.1142, 0.000492128, -107.423, 0.000230996, 69.8777
1671, 27.84167, 0.232898, 5.75527, 1.85461, -158.754, 1.828, 19.3224, 5.22495E-005, 64.1201, 0.000491759, -107.408, 0.000230792, 69.8896
1671, 27.85000, 0.233075, 5.73772, 1.85279, -158.748, 1.82604, 19.3226, 5.22595E-005, 64.1261, 0.00049139, -107.394, 0.000230589, 69.9016
1672, 27.85833, 0.233252, 5.72013, 1.85097, -158.742, 1.82408, 19.3227, 5.22695E-005, 64.1319, 0.000491022, -107.38, 0.000230385, 69.9135
1672, 27.86667, 0.233429, 5.70249, 1.84916, -158.736, 1.82212, 19.3229, 5.22795E-005, 64.1378, 0.000490653, -107.365, 0.000230181, 69.9254
1673, 27.87500, 0.233607, 5.6848, 1.84734, -158.73, 1.82016, 19.3231, 5.22896E-005, 64.1436, 0.000490284, -107.351, 0.000229977, 69.9374
1673, 27.88333, 0.233784, 5.66708, 1.84552, -158.724, 1.8182, 19.3233, 5.22997E-005, 64.1493, 0.000489915, -107.336, 0.000229773, 69.9493
1674, 27.89167, 0.233962, 5.6493, 1.84371, -158.718, 1.81625, 19.3235, 5.23098E-005, 64.155, 0.000489547, -107.322, 0.000229569, 69.9613
1674, 27.90000, 0.23414, 5.63148, 1.8419, -158.712, 1.81429, 19.3238, 5.232E-005, 64.1606, 0.000489178, -107.307, 0.000229365, 69.9733
1675, 27.90833, 0.234318, 5.61362, 1.84008, -158.706, 1.81234, 19.324, 5.23302E-005, 64.1662, 0.000488809, -107.293, 0.000229161, 69.9852
1675, 27.91667, 0.234496, 5.59572, 1.83827, -158.7, 1.81038, 19.3242, 5.23405E-005, 64.1718, 0.000488441, -107.279, 0.000228957, 69.9972
1676, 27.92500, 0.234675, 5.57777, 1.83646, -158.694, 1.80843, 19.3245, 5.23507E-005, 64.1772, 0.000488072, -107.264, 0.000228753, 70.0092
1676, 27.93333, 0.234853, 5.55977, 1.83465, -158.688, 1.80647, 19.3248, 5.2361E-005, 64.1827, 0.000487704, -107.25, 0.000228549, 70.0212
1677, 27.94167, 0.235032, 5.54173, 1.83284, -158.682, 1.80452, 19.325, 5.23714E-005, 64.1881, 0.000487335, -107.235, 0.000228345, 70.0332
1677, 27.95000, 0.235211, 5.52365, 1.83104, -158.676, 1.80257, 19.3253, 5.23818E-005, 64.1934, 0.000486967, -107.221, 0.000228141, 70.0453
1678, 27.95833, 0.23539, 5.50553, 1.82923, -158.67, 1.80062, 19.3256, 5.23922E-005, 64.1987, 0.000486598, -107.206, 0.000227937, 70.0573
1678, 27.96667, 0.235569, 5.48735, 1.82742, -158.664, 1.79866, 19.3259, 5.24026E-005, 64.204, 0.00048623, -107.192, 0.000227733, 70.0693
1679, 27.97500, 0.235748, 5.46914, 1.82562, -158.658, 1.79671, 19.3262, 5.24131E-005, 64.2092, 0.000485861, -107.177, 0.000227529, 70.0814
1679, 27.98333, 0.235928, 5.45088, 1.82381, -158.652, 1.79476, 19.3265, 5.24236E-005, 64.2143, 0.000485493, -107.163, 0.000227325, 70.0934
1680, 27.99167, 0.236108, 5.43258, 1.82201, -158.646, 1.79281, 19.3268, 5.24342E-005, 64.2194, 0.000485125, -107.148, 0.000227121, 70.1055
1680, 28.00000, 0.236287, 5.41424, 1.82021, -158.64, 1.79087, 19.3271, 5.24447E-005, 64.2245, 0.000484757, -107.134, 0.000226917, 70.1176
1681, 28.00833, 0.236467, 5.39585, 1.8184, -158.633, 1.78892, 19.3275, 5.24553E-005, 64.2295, 0.000484388, -107.119, 0.000226712, 70.1297
1681, 28.01667, 0.236648, 5.37742, 1.8166, -158.627, 1.78697, 19.3278, 5.2466E-005, 64.2345, 0.00048402, -107.105, 0.000226508, 70.1418
1682, 28.02500, 0.236828, 5.35894, 1.8148, -158.621, 1.78503, 19.3282, 5.24767E-005, 64.2394, 0.000483652, -107.09, 0.000226304, 70.1539
1682, 28.03333, 0.237008, 5.34042, 1.813, -158.615, 1.78308, 19.3286, 5.24874E-005, 64.2442, 0.000483284, -107.076, 0.0002261, 70.166
1683, 28.04167, 0.237189, 5.32186, 1.81121, -158.609, 1.78113, 19.3289, 5.24981E-005, 64.249, 0.000482916, -107.061, 0.000225896, 70.1781
1683, 28.05000, 0.23737, 5.30325, 1.80941, -158.603, 1.77919, 19.3293, 5.25089E-005, 64.2538, 0.000482548, -107.047, 0.000225692, 70.1902
1684, 28.05833, 0.237551, 5.2846, 1.80761, -158.596, 1.77725, 19.3297, 5.25197E-005, 64.2585, 0.00048218, -107.032, 0.000225488, 70.2024
1684, 28.06667, 0.237732, 5.26591, 1.80582, -158.59, 1.7753, 19.3301, 5.25306E-005, 64.2631, 0.000481812, -107.018, 0.000225283, 70.2145
1685, 28.07500, 0.237913, 5.24717, 1.80402, -158.584, 1.77336, 19.3305, 5.25414E-005, 64.2678, 0.000481444, -107.003, 0.000225079, 70.2267
1685, 28.08333, 0.238095, 5.22839, 1.80223, -158.578, 1.77142, 19.331, 5.25524E-005, 64.2723, 0.000481076, -106.988, 0.000224875, 70.2388
1686, 28.09167, 0.238276, 5.20957, 1.80043, -158.571, 1.76948, 19.3314, 5.25633E-005, 64.2768, 0.000480708, -106.974, 0.000224671, 70.251
1686, 28.10000, 0.238458, 5.19071, 1.79864, -158.565, 1.76754, 19.3318, 5.25743E-005, 64.2813, 0.00048034, -106.959, 0.000224467, 70.2632
1687, 28.10833, 0.23864, 5.1718, 1.79685, -158.559, 1.7656, 19.3323, 5.25853E-005, 64.2857, 0.000479972, -106.945, 0.000224262, 70.2754
1687, 28.11667, 0.238822, 5.15285, 1.79506, -158.552, 1.76366, 19.3327, 5.25963E-005, 64.2901, 0.000479604, -106.93, 0.000224058, 70.2876
1688, 28.12500, 0.239005, 5.13385, 1.79327, -158.546, 1.76172, 19.3332, 5.26074E-005, 64.2944, 0.000479236, -106.916, 0.000223854, 70.2998
1688, 28.13333, 0.239187, 5.11481, 1.79148, -158.54, 1.75978, 19.3337, 5.26185E-005, 64.2986, 0.000478868, -106.901, 0.00022365, 70.312
1689, 28.14167, 0.23937, 5.09573, 1.78969, -158.533, 1.75785, 19.3342, 5.26297E-005, 64.3028, 0.0004785, -106.886, 0.000223445, 70.3243
1689, 28.15000, 0.239552, 5.07661, 1.7879, -158.527, 1.75591, 19.3347, 5.26408E-005, 64.307, 0.000478133, -106.872, 0.000223241, 70.3365
1690, 28.15833, 0.239735, 5.05745, 1.78612, -158.52, 1.75397, 19.3352, 5.2652E-005, 64.3111, 0.000477765, -106.857, 0.000223037, 70.3488
1690, 28.16667, 0.239918, 5.03824, 1.78433, -158.514, 1.75204, 19.3357, 5.26633E-005, 64.3152, 0.000477397, -106.842, 0.000222832, 70.361
1691, 28.17500, 0.240102, 5.01899, 1.78254, -158.508, 1.7501, 19.3362, 5.26745E-005, 64.3192, 0.000477029, -106.828, 0.000222628, 70.3733
1691, 28.18333, 0.240285, 4.99969, 1.78076, -158.501, 1.74817, 19.3368, 5.26858E-005, 64.3232, 0.000476662, -106.813, 0.000222424, 70.3856
1692, 28.19167, 0.240469, 4.98035, 1.77898, -158.495, 1.74624, 19.3373, 5.26972E-005, 64.3271, 0.000476294, -106.799, 0.000222219, 70.3979
1692, 28.20000, 0.240653, 4.96098, 1.77719, -158.488, 1.7443, 19.3379, 5.27086E-005, 64.3309, 0.000475926, -106.784, 0.000222015, 70.4102
1693, 28.20833, 0.240837, 4.94156, 1.77541, -158.482, 1.74237, 19.3385, 5.272E-005, 64.3348, 0.000475559, -106.769, 0.000221811, 70.4225
1693, 28.21667, 0.241021, 4.92209, 1.77363, -158.475, 1.74044, 19.339, 5.27314E-005, 64.3385, 0.000475191, -106.755, 0.000221606, 70.4348
1694, 28.22500, 0.241205, 4.90259, 1.77185, -158.469, 1.73851, 19.3396, 5.27428E-005, 64.3422, 0.000474824, -106.74, 0.000221402, 70.4472
1694, 28.23333, 0.241389, 4.88304, 1.77007, -158.462, 1.73658, 19.3402, 5.27543E-005, 64.3459, 0.000474456, -106.725, 0.000221198, 70.4595
1695, 28.24167, 0.241574, 4.86345, 1.76829, -158.456, 1.73465, 19.3408, 5.27659E-005, 64.3495, 0.000474088, -106.71, 0.000220993, 70.4719
1695, 28.25000, 0.241759, 4.84381, 1.76652, -158.449, 1.73272, 19.3414, 5.27774E-005, 64.3531, 0.000473721, -106.696, 0.000220789, 70.4842
1696, 28.25833, 0.241944, 4.82414, 1.76474, -158.442, 1.7308, 19.3421, 5.2789E-005, 64.3566, 0.000473353, -106.681, 0.000220584, 70.4966
1696, 28.26667, 0.242129, 4.80442, 1.76296, -158.436, 1.72887, 19.3427, 5.28006E-005, 64.36, 0.000472986, -106.666, 0.00022038, 70.509
1697, 28.27500, 0.242314, 4.78466, 1.76119, -158.429, 1.72694, 19.3434, 5.28123E-005, 64.3635, 0.000472618, -106.652, 0.000220175, 70.5214
1697, 28.28333, 0.2425, 4.76486, 1.75941, -158.423, 1.72502, 19.344, 5.2824E-005, 64.3668, 0.000472251, -106.637, 0.000219971, 70.5338
1698, 28.29167, 0.242685, 4.74502, 1.75764, -158.416, 1.72309, 19.3447, 5.28357E-005, 64.3701, 0.000471883, -106.622, 0.000219766, 70.5462
1698, 28.30000, 0.242871, 4.72513, 1.75587, -158.409, 1.72117, 19.3454, 5.28474E-005, 64.3734, 0.000471516, -106.607, 0.000219562, 70.5586
1699, 28.30833, 0.243057, 4.70521, 1.75409, -158.403, 1.71924, 19.346, 5.28592E-005, 64.3766, 0.000471149, -106.593, 0.000219357, 70.5711
1699, 28.31667, 0.243243, 4.68524, 1.75232, -158.396, 1.71732, 19.3467, 5.2871E-005, 64.3798, 0.000470781, -106.578, 0.000219153, 70.5835
1700, 28.32500, 0.243429, 4.66523, 1.75055, -158.389, 1.7154, 19.3474, 5.28829E-005, 64.3829, 0.000470414, -106.563, 0.000218948, 70.596
1700, 28.33333, 0.243616, 4.64518, 1.74878, -158.382, 1.71348, 19.3482, 5.28947E-005, 64.3859, 0.000470046, -106.548, 0.000218744, 70.6085
1701, 28.34167, 0.243803, 4.62508, 1.74701, -158.376, 1.71155, 19.3489, 5.29067E-005, 64.3889, 0.000469679, -106.534, 0.000218539, 70.621
1701, 28.35000, 0.243989, 4.60495, 1.74524, -158.369, 1.70963, 19.3496, 5.29186E-005, 64.3919, 0.000469312, -106.519, 0.000218335, 70.6334
1702, 28.35833, 0.244176, 4.58477, 1.74348, -158.362, 1.70771, 19.3504, 5.29306E-005, 64.3948, 0.000468944, -106.504, 0.00021813, 70.646
1702, 28.36667, 0.244364, 4.56455, 1.74171, -158.355, 1.70579, 19.3511, 5.29426E-005, 64.3977, 0.000468577, -106.489, 0.000217926, 70.6585
1703, 28.37500, 0.244551, 4.54429, 1.73994, -158.349, 1.70388, 19.3519, 5.29546E-005, 64.4005, 0.00046821, -106.474, 0.000217721, 70.671
1703, 28.38333, 0.244738, 4.52399, 1.73818, -158.342, 1.70196, 19.3527, 5.29666E-005, 64.4032, 0.000467842, -106.46, 0.000217516, 70.6835
1704, 28.39167, 0.244926, 4.50365, 1.73641, -158.335, 1.70004, 19.3535, 5.29787E-005, 64.4059, 0.000467475, -106.445, 0.000217312, 70.6961
1704, 28.40000, 0.245114, 4.48326, 1.73465, -158.328, 1.69812, 19.3543, 5.29909E-005, 64.4086, 0.000467108, -106.43, 0.000217107, 70.7086
1705, 28.40833, 0.245302, 4.46284, 1.73289, -158.321, 1.69621, 19.3551, 5.3003E-005, 64.4112, 0.00046674, -106.415, 0.000216902, 70.7212
1705, 28.41667, 0.24549, 4.44237, 1.73112, -158.314, 1.69429, 19.3559, 5.30152E-005, 64.4138, 0.000466373, -106.4, 0.000216698, 70.7338
1706, 28.42500, 0.245679, 4.42186, 1.72936, -158.308, 1.69238, 19.3567, 5.30274E-005, 64.4163, 0.000466006, -106.385, 0.000216493, 70.7464
1706, 28.43333, 0.245867, 4.40131, 1.7276, -158.301, 1.69047, 19.3575, 5.30397E-005, 64.4187, 0.000465638, -106.371, 0.000216288, 70.759
1707, 28.44167, 0.246056, 4.38072, 1.72584, -158.294, 1.68855, 19.3584, 5.30519E-005, 64.4211, 0.000465271, -106.356, 0.000216084, 70.7716
1707, 28.45000, 0.246245, 4.36009, 1.72408, -158.287, 1.68664, 19.3593, 5.30642E-005, 64.4235, 0.000464904, -106.341, 0.000215879, 70.7843
1708, 28.45833, 0.246434, 4.33942, 1.72232, -158.28, 1.68473, 19.3601, 5.30766E-005, 64.4258, 0.000464537, -106.326, 0.000215674, 70.7969
1708, 28.46667, 0.246623, 4.3187, 1.72056, -158.273, 1.68282, 19.361, 5.30889E-005, 64.428, 0.000464169, -106.311, 0.00021547, 70.8096
1709, 28.47500, 0.246813, 4.29795, 1.71881, -158.266, 1.68091, 19.3619, 5.31013E-005, 64.4302, 0.000463802, -106.296, 0.000215265, 70.8222
1709, 28.48333, 0.247002, 4.27716, 1.71705, -158.259, 1.679, 19.3628, 5.31138E-005, 64.4324, 0.000463435, -106.281, 0.00021506, 70.8349
1710, 28.49167, 0.247192, 4.25632, 1.7153, -158.252, 1.67709, 19.3637, 5.31262E-005, 64.4345, 0.000463068, -106.266, 0.000214855, 70.8476
1710, 28.50000, 0.247382, 4.23544, 1.71354, -158.245, 1.67518, 19.3646, 5.31387E-005, 64.4365, 0.0004627, -106.252, 0.000214651, 70.8603
1711, 28.50833, 0.247572, 4.21452, 1.71179, -158.238, 1.67327, 19.3656, 5.31512E-005, 64.4385, 0.000462333, -106.237, 0.000214446, 70.873
1711, 28.51667, 0.247763, 4.19356, 1.71003, -158.231, 1.67136, 19.3665, 5.31638E-005, 64.4405, 0.000461966, -106.222, 0.000214241, 70.8857
1712, 28.52500, 0.247953, 4.17256, 1.70828, -158.224, 1.66946, 19.3674, 5.31764E-005, 64.4423, 0.000461599, -106.207, 0.000214036, 70.8985
1712, 28.53333, 0.248144, 4.15153, 1.70653, -158.217, 1.66755, 19.3684, 5.3189E-005, 64.4442, 0.000461232, -106.192, 0.000213832, 70.9112
1713, 28.54167, 0.248335, 4.13044, 1.70478, -158.209, 1.66565, 19.3694, 5.32016E-005, 64.446, 0.000460864, -106.177, 0.000213627, 70.924
1713, 28.55000, 0.248526, 4.10932, 1.70303, -158.202, 1.66374, 19.3704, 5.32143E-005, 64.4477, 0.000460497, -106.162, 0.000213422, 70.9367
1714, 28.55833, 0.248717, 4.08816, 1.70128, -158.195, 1.66184, 19.3714, 5.3227E-005, 64.4494, 0.00046013, -106.147, 0.000213217, 70.9495
1714, 28.56667, 0.248909, 4.06696, 1.69953, -158.188, 1.65993, 19.3724, 5.32397E-005, 64.4511, 0.000459763, -106.132, 0.000213012, 70.9623
1715, 28.57500, 0.249101, 4.04571, 1.69778, -158.181, 1.65803, 19.3734, 5.32525E-005, 64.4527, 0.000459395, -106.117, 0.000212807, 70.9751
1715, 28.58333, 0.249292, 4.02443, 1.69603, -158.174, 1.65613, 19.3744, 5.32653E-005, 64.4542, 0.000459028, -106.102, 0.000212602, 70.988
1716, 28.59167, 0.249484, 4.0031, 1.69428, -158.166, 1.65423, 19.3754, 5.32781E-005, 64.4557, 0.000458661, -106.087, 0.000212397, 71.0008
1716, 28.60000, 0.249677, 3.98174, 1.69254, -158.159, 1.65233, 19.3765, 5.3291E-005, 64.4571, 0.000458294, -106.072, 0.000212193, 71.0136
1717, 28.60833, 0.249869, 3.96034, 1.69079, -158.152, 1.65043, 19.3775, 5.33038E-005, 64.4585, 0.000457926, -106.057, 0.000211988, 71.0265
1717, 28.61667, 0.250062, 3.93889, 1.68905, -158.145, 1.64853, 19.3786, 5.33168E-005, 64.4598, 0.000457559, -106.042, 0.000211783, 71.0394
1718, 28.62500, 0.250254, 3.9174, 1.6873, -158.137, 1.64663, 19.3797, 5.33297E-005, 64.4611, 0.000457192, -106.027, 0.000211578, 71.0523
1718, 28.63333, 0.250447, 3.89588, 1.68556, -158.13, 1.64473, 19.3808, 5.33427E-005, 64.4624, 0.000456825, -106.012, 0.000211373, 71.0651
1719, 28.64167, 0.25064, 3.87431, 1.68382, -158.123, 1.64283, 19.3819, 5.33557E-005, 64.4635, 0.000456457, -105.997, 0.000211168, 71.0781
1719, 28.65000, 0.250834, 3.8527, 1.68208, -158.115, 1.64094, 19.383, 5.33687E-005, 64.4647, 0.00045609, -105.982, 0.000210963, 71.091
1720, 28.65833, 0.251027, 3.83106, 1.68033, -158.108, 1.63904, 19.3841, 5.33818E-005, 64.4658, 0.000455723, -105.967, 0.000210758, 71.1039
1720, 28.66667, 0.251221, 3.80937, 1.67859, -158.101, 1.63715, 19.3852, 5.33949E-005, 64.4668, 0.000455356, -105.952, 0.000210553, 71.1169
1721, 28.67500, 0.251415, 3.78764, 1.67685, -158.093, 1.63525, 19.3864, 5.3408E-005, 64.4678, 0.000454988, -105.937, 0.000210348, 71.1298
1721, 28.68333, 0.251609, 3.76588, 1.67511, -158.086, 1.63336, 19.3875, 5.34211E-005, 64.4687, 0.000454621, -105.921, 0.000210143, 71.1428
1722, 28.69167, 0.251803, 3.74407, 1.67337, -158.078, 1.63147, 19.3887, 5.34343E-005, 64.4696, 0.000454254, -105.906, 0.000209938, 71.1558
1722, 28.70000, 0.251998, 3.72222, 1.67164, -158.071, 1.62957, 19.3898, 5.34475E-005, 64.4704, 0.000453887, -105.891, 0.000209733, 71.1688
1723, 28.70833, 0.252192, 3.70033, 1.6699, -158.064, 1.62768, 19.391, 5.34608E-005, 64.4712, 0.000453519, -105.876, 0.000209528, 71.1818
1723, 28.71667, 0.252387, 3.6784, 1.66816, -158.056, 1.62579, 19.3922, 5.3474E-005, 64.4719, 0.000453152, -105.861, 0.000209323, 71.1948
1724, 28.72500, 0.252582, 3.65644, 1.66643, -158.049, 1.6239, 19.3934, 5.34873E-005, 64.4726, 0.000452785, -105.846, 0.000209118, 71.2079
1724, 28.73333, 0.252778, 3.63443, 1.66469, -158.041, 1.62201, 19.3946, 5.35007E-005, 64.4732, 0.000452417, -105.831, 0.000208913, 71.2209
1725, 28.74167, 0.252973, 3.61238, 1.66296, -158.034, 1.62012, 19.3959, 5.3514E-005, 64.4738, 0.00045205, -105.816, 0.000208707, 71.234
1725, 28.75000, 0.253169, 3.59029, 1.66122, -158.026, 1.61823, 19.3971, 5.35274E-005, 64.4743, 0.000451683, -105.8, 0.000208502, 71.2471
1726, 28.75833, 0.253365, 3.56817, 1.65949, -158.018, 1.61634, 19.3983, 5.35409E-005, 64.4748, 0.000451315, -105.785, 0.000208297, 71.2602
1726, 28.76667, 0.253561, 3.546, 1.65776, -158.011, 1.61446, 19.3996, 5.35543E-005, 64.4752, 0.000450948, -105.77, 0.000208092, 71.2733
1727, 28.77500, 0.253757, 3.52379, 1.65603, -158.003, 1.61257, 19.4009, 5.35678E-005, 64.4755, 0.00045058, -105.755, 0.000207887, 71.2864
1727, 28.78333, 0.253954, 3.50154, 1.65429, -157.996, 1.61068, 19.4021, 5.35813E-005, 64.4759, 0.000450213, -105.74, 0.000207682, 71.2995
1728, 28.79167, 0.25415, 3.47926, 1.65256, -157.988, 1.6088, 19.4034, 5.35948E-005, 64.4761, 0.000449846, -105.724, 0.000207477, 71.3127
1728, 28.80000, 0.254347, 3.45693, 1.65083, -157.98, 1.60691, 19.4047, 5.36084E-005, 64.4763, 0.000449478, -105.709, 0.000207271, 71.3258
1729, 28.80833, 0.254544, 3.43456, 1.6491, -157.973, 1.60503, 19.406, 5.3622E-005, 64.4765, 0.000449111, -105.694, 0.000207066, 71.339
1729, 28.81667, 0.254741, 3.41216, 1.64737, -157.965, 1.60315, 19.4073, 5.36356E-005, 64.4766, 0.000448743, -105.679, 0.000206861, 71.3522
1730, 28.82500, 0.254939, 3.38971, 1.64565, -157.957, 1.60126, 19.4087, 5.36493E-005, 64.4767, 0.000448376, -105.664, 0.000206656, 71.3654
1730, 28.83333, 0.255137, 3.36722, 1.64392, -157.95, 1.59938, 19.41, 5.3663E-005, 64.4767, 0.000448008, -105.648, 0.000206451, 71.3786
1731, 28.84167, 0.255334, 3.3447, 1.64219, -157.942, 1.5975, 19.4114, 5.36767E-005, 64.4767, 0.000447641, -105.633, 0.000206245, 71.3918
1731, 28.85000, 0.255533, 3.32213, 1.64047, -157.934, 1.59562, 19.4127, 5.36904E-005, 64.4766, 0.000447273, -105.618, 0.00020604, 71.4051
1732, 28.85833, 0.255731, 3.29953, 1.63874, -157.926, 1.59374, 19.4141, 5.37042E-005, 64.4764, 0.000446906, -105.602, 0.000205835, 71.4183
1732, 28.86667, 0.255929, 3.27688, 1.63702, -157.918, 1.59186, 19.4155, 5.3718E-005, 64.4762, 0.000446538, -105.587, 0.00020563, 71.4316
1733, 28.87500, 0.256128, 3.2542, 1.63529, -157.911, 1.58998, 19.4169, 5.37319E-005, 64.476, 0.000446171, -105.572, 0.000205424, 71.4449
1733, 28.88333, 0.256327, 3.23147, 1.63357, -157.903, 1.5881, 19.4183, 5.37457E-005, 64.4757, 0.000445803, -105.557, 0.000205219, 71.4582
1734, 28.89167, 0.256526, 3.20871, 1.63185, -157.895, 1.58623, 19.4197, 5.37596E-005, 64.4753, 0.000445436, -105.541, 0.000205014, 71.4715
1734, 28.90000, 0.256726, 3.1859, 1.63012, -157.887, 1.58435, 19.4211, 5.37735E-005, 64.475, 0.000445068, -105.526, 0.000204808, 71.4848
1735, 28.90833, 0.256925, 3.16306, 1.6284, -157.879, 1.58247, 19.4225, 5.37875E-005, 64.4745, 0.0004447, -105.511, 0.000204603, 71.4982
1735, 28.91667, 0.257125, 3.14017, 1.62668, -157.871, 1.5806, 19.424, 5.38015E-005, 64.474, 0.000444333, -105.495, 0.000204398, 71.5115
1736, 28.92500, 0.257325, 3.11725, 1.62496, -157.863, 1.57872, 19.4254, 5.38155E-005, 64.4735, 0.000443965, -105.48, 0.000204192, 71.5249
1736, 28.93333, 0.257525, 3.09429, 1.62324, -157.855, 1.57685, 19.4269, 5.38295E-005, 64.4729, 0.000443597, -105.464, 0.000203987, 71.5383
1737, 28.94167, 0.257726, 3.07128, 1.62152, -157.847, 1.57498, 19.4284, 5.38436E-005, 64.4722, 0.000443229, -105.449, 0.000203782, 71.5517
1737, 28.95000, 0.257926, 3.04824, 1.6198, -157.839, 1.5731, 19.4299, 5.38577E-005, 64.4715, 0.000442862, -105.434, 0.000203576, 71.5651
1738, 28.95833, 0.258127, 3.02516, 1.61808, -157.831, 1.57123, 19.4314, 5.38718E-005, 64.4707, 0.000442494, -105.418, 0.000203371, 71.5785
1738, 28.96667, 0.258328, 3.00204, 1.61637, -157.823, 1.56936, 19.4329, 5.3886E-005, 64.4699, 0.000442126, -105.403, 0.000203166, 71.5919
1739, 28.97500, 0.258529, 2.97888, 1.61465, -157.815, 1.56749, 19.4344, 5.39002E-005, 64.4691, 0.000441758, -105.387, 0.00020296, 71.6054
1739, 28.98333, 0.258731, 2.95568, 1.61293, -157.807, 1.56562, 19.4359, 5.39144E-005, 64.4682, 0.00044139, -105.372, 0.000202755, 71.6189
1740, 28.99167, 0.258933, 2.93243, 1.61122, -157.799, 1.56375, 19.4375, 5.39287E-005, 64.4672, 0.000441023, -105.357, 0.000202549, 71.6323
1740, 29.00000, 0.259135, 2.90915, 1.6095, -157.791, 1.56188, 19.439, 5.3943E-005, 64.4662, 0.000440655, -105.341, 0.000202344, 71.6459
1741, 29.00833, 0.259337, 2.88583, 1.60779, -157.783, 1.56001, 19.4406, 5.39573E-005, 64.4652, 0.000440287, -105.326, 0.000202138, 71.6594
1741, 29.01667, 0.259539, 2.86247, 1.60608, -157.775, 1.55815, 19.4421, 5.39716E-005, 64.4641, 0.000439919, -105.31, 0.000201933, 71.6729
1742, 29.02500, 0.259742, 2.83907, 1.60436, -157.766, 1.55628, 19.4437, 5.3986E-005, 64.4629, 0.000439551, -105.295, 0.000201727, 71.6864
1742, 29.03333, 0.259945, 2.81563, 1.60265, -157.758, 1.55441, 19.4453, 5.40004E-005, 64.4617, 0.000439183, -105.279, 0.000201522, 71.7
1743, 29.04167, 0.260148, 2.79215, 1.60094, -157.75, 1.55255, 19.4469, 5.40148E-005, 64.4604, 0.000438815, -105.264, 0.000201316, 71.7136
1743, 29.05000, 0.260351, 2.76863, 1.59923, -157.742, 1.55068, 19.4485, 5.40293E-005, 64.4591, 0.000438447, -105.248, 0.000201111, 71.7272
1744, 29.05833, 0.260555, 2.74507, 1.59752, -157.733, 1.54882, 19.4502, 5.40438E-005, 64.4577, 0.000438079, -105.233, 0.000200905, 71.7408
1744, 29.06667, 0.260758, 2.72147, 1.5958, -157.725, 1.54695, 19.4518, 5.40583E-005, 64.4563, 0.000437711, -105.217, 0.0002007, 71.7544
1745, 29.07500, 0.260962, 2.69783, 1.5941, -157.717, 1.54509, 19.4534, 5.40728E-005, 64.4549, 0.000437342, -105.202, 0.000200494, 71.768
1745, 29.08333, 0.261167, 2.67415, 1.59239, -157.708, 1.54323, 19.4551, 5.40874E-005, 64.4533, 0.000436974, -105.186, 0.000200289, 71.7817
1746, 29.09167, 0.261371, 2.65043, 1.59068, -157.7, 1.54137, 19.4567, 5.4102E-005, 64.4518, 0.000436606, -105.17, 0.000200083, 71.7953
1746, 29.10000, 0.261576, 2.62668, 1.58897, -157.692, 1.53951, 19.4584, 5.41167E-005, 64.4501, 0.000436238, -105.155, 0.000199877, 71.809
1747, 29.10833, 0.261781, 2.60288, 1.58726, -157.683, 1.53765, 19.4601, 5.41313E-005, 64.4485, 0.00043587, -105.139, 0.000199672, 71.8227
1747, 29.11667, 0.261986, 2.57904, 1.58556, -157.675, 1.53579, 19.4618, 5.41461E-005, 64.4468, 0.000435501, -105.124, 0.000199466, 71.8364
1748, 29.12500, 0.262191, 2.55516, 1.58385, -157.666, 1.53393, 19.4635, 5.41608E-005, 64.445, 0.000435133, -105.108, 0.000199261, 71.8501
1748, 29.13333, 0.262397, 2.53124, 1.58214, -157.658, 1.53207, 19.4652, 5.41755E-005, 64.4432, 0.000434765, -105.092, 0.000199055, 71.8639
1749, 29.14167, 0.262603, 2.50728, 1.58044, -157.649, 1.53021, 19.4669, 5.41903E-005, 64.4413, 0.000434396, -105.077, 0.000198849, 71.8776
1749, 29.15000, 0.262809, 2.48328, 1.57873, -157.641, 1.52836, 19.4687, 5.42052E-005, 64.4394, 0.000434028, -105.061, 0.000198644, 71.8914
1750, 29.15833, 0.263015, 2.45925, 1.57703, -157.632, 1.5265, 19.4704, 5.422E-005, 64.4374, 0.000433659, -105.045, 0.000198438, 71.9052
1750, 29.16667, 0.263222, 2.43517, 1.57533, -157.624, 1.52464, 19.4722, 5.42349E-005, 64.4354, 0.000433291, -105.03, 0.000198232, 71.919
1751, 29.17500, 0.263428, 2.41105, 1.57363, -157.615, 1.52279, 19.4739, 5.42498E-005, 64.4333, 0.000432922, -105.014, 0.000198027, 71.9328
1751, 29.18333, 0.263636, 2.38689, 1.57192, -157.607, 1.52094, 19.4757, 5.42648E-005, 64.4311, 0.000432554, -104.998, 0.000197821, 71.9466
1752, 29.19167, 0.263843, 2.36269, 1.57022, -157.598, 1.51908, 19.4775, 5.42797E-005, 64.429, 0.000432185, -104.983, 0.000197615, 71.9605
1752, 29.20000, 0.26405, 2.33845, 1.56852, -157.589, 1.51723, 19.4793, 5.42947E-005, 64.4267, 0.000431817, -104.967, 0.000197409, 71.9744
1753, 29.20833, 0.264258, 2.31417, 1.56682, -157.581, 1.51538, 19.4811, 5.43098E-005, 64.4245, 0.000431448, -104.951, 0.000197204, 71.9882
1753, 29.21667, 0.264466, 2.28985, 1.56512, -157.572, 1.51353, 19.4829, 5.43248E-005, 64.4221, 0.000431079, -104.935, 0.000196998, 72.0021
1754, 29.22500, 0.264675, 2.26549, 1.56342, -157.563, 1.51167, 19.4847, 5.43399E-005, 64.4197, 0.00043071, -104.92, 0.000196792, 72.0161
1754, 29.23333, 0.264883, 2.24109, 1.56172, -157.555, 1.50982, 19.4866, 5.43551E-005, 64.4173, 0.000430342, -104.904, 0.000196586, 72.03
1755, 29.24167, 0.265092, 2.21665, 1.56002, -157.546, 1.50797, 19.4884, 5.43702E-005, 64.4148, 0.000429973, -104.888, 0.000196381, 72.0439
1755, 29.25000, 0.265301, 2.19216, 1.55833, -157.537, 1.50613, 19.4903, 5.43854E-005, 64.4123, 0.000429604, -104.872, 0.000196175, 72.0579
1756, 29.25833, 0.26551, 2.16764, 1.55663, -157.528, 1.50428, 19.4921, 5.44006E-005, 64.4097, 0.000429235, -104.856, 0.000195969, 72.0719
1756, 29.26667, 0.26572, 2.14308, 1.55493, -157.519, 1.50243, 19.494, 5.44159E-005, 64.407, 0.000428866, -104.841, 0.000195763, 72.0859
1757, 29.27500, 0.26593, 2.11848, 1.55324, -157.511, 1.50058, 19.4959, 5.44312E-005, 64.4043, 0.000428497, -104.825, 0.000195557, 72.0999
1757, 29.28333, 0.26614, 2.09383, 1.55154, -157.502, 1.49874, 19.4978, 5.44465E-005, 64.4016, 0.000428128, -104.809, 0.000195351, 72.1139
1758, 29.29167, 0.26635, 2.06915, 1.54985, -157.493, 1.49689, 19.4997, 5.44618E-005, 64.3988, 0.000427759, -104.793, 0.000195146, 72.1279
1758, 29.30000, 0.266561, 2.04442, 1.54815, -157.484, 1.49505, 19.5016, 5.44772E-005, 64.396, 0.00042739, -104.777, 0.00019494, 72.142
1759, 29.30833, 0.266771, 2.01966, 1.54646, -157.475, 1.4932, 19.5035, 5.44926E-005, 64.3931, 0.000427021, -104.761, 0.000194734, 72.1561
1759, 29.31667, 0.266983, 1.99485, 1.54476, -157.466, 1.49136, 19.5054, 5.45081E-005, 64.3901, 0.000426652, -104.745, 0.000194528, 72.1702
1760, 29.32500, 0.267194, 1.97, 1.54307, -157.457, 1.48951, 19.5074, 5.45235E-005, 64.3871, 0.000426282, -104.729, 0.000194322, 72.1843
1760, 29.33333, 0.267406, 1.94511, 1.54138, -157.448, 1.48767, 19.5093, 5.4539E-005, 64.3841, 0.000425913, -104.713, 0.000194116, 72.1984
1761, 29.34167, 0.267617, 1.92018, 1.53969, -157.439, 1.48583, 19.5113, 5.45546E-005, 64.381, 0.000425544, -104.698, 0.00019391, 72.2125
1761, 29.35000, 0.26783, 1.89521, 1.53799, -157.43, 1.48399, 19.5133, 5.45701E-005, 64.3778, 0.000425174, -104.682, 0.000193704, 72.2267
1762, 29.35833, 0.268042, 1.8702, 1.5363, -157.421, 1.48215, 19.5153, 5.45857E-005, 64.3746, 0.000424805, -104.666, 0.000193498, 72.2409
1762, 29.36667, 0.268255, 1.84514, 1.53461, -157.411, 1.48031, 19.5172, 5.46014E-005, 64.3714, 0.000424436, -104.65, 0.000193292, 72.2551
1763, 29.37500, 0.268468, 1.82005, 1.53292, -157.402, 1.47847, 19.5192, 5.4617E-005, 64.368, 0.000424066, -104.634, 0.000193086, 72.2693
1763, 29.38333, 0.268681, 1.79491, 1.53124, -157.393, 1.47663, 19.5213, 5.46327E-005, 64.3647, 0.000423697, -104.618, 0.00019288, 72.2835
1764, 29.39167, 0.268894, 1.76974, 1.52955, -157.384, 1.47479, 19.5233, 5.46484E-005, 64.3613, 0.000423327, -104.602, 0.000192674, 72.2977
1764, 29.40000, 0.269108, 1.74452, 1.52786, -157.375, 1.47296, 19.5253, 5.46642E-005, 64.3578, 0.000422957, -104.585, 0.000192468, 72.312
1765, 29.40833, 0.269322, 1.71926, 1.52617, -157.365, 1.47112, 19.5273, 5.468E-005, 64.3543, 0.000422588, -104.569, 0.000192262, 72.3263
1765, 29.41667, 0.269537, 1.69395, 1.52448, -157.356, 1.46928, 19.5294, 5.46958E-005, 64.3507, 0.000422218, -104.553, 0.000192056, 72.3405
1766, 29.42500, 0.269751, 1.66861, 1.5228, -157.347, 1.46745, 19.5314, 5.47117E-005, 64.3471, 0.000421848, -104.537, 0.00019185, 72.3549
1766, 29.43333, 0.269966, 1.64323, 1.52111, -157.337, 1.46561, 19.5335, 5.47275E-005, 64.3435, 0.000421478, -104.521, 0.000191644, 72.3692
1767, 29.44167, 0.270181, 1.6178, 1.51942, -157.328, 1.46378, 19.5356, 5.47435E-005, 64.3397, 0.000421109, -104.505, 0.000191438, 72.3835
1767, 29.45000, 0.270397, 1.59233, 1.51774, -157.319, 1.46195, 19.5377, 5.47594E-005, 64.336, 0.000420739, -104.489, 0.000191232, 72.3979
1768, 29.45833, 0.270612, 1.56682, 1.51606, -157.309, 1.46011, 19.5398, 5.47754E-005, 64.3322, 0.000420369, -104.473, 0.000191026, 72.4123
1768, 29.46667, 0.270828, 1.54127, 1.51437, -157.3, 1.45828, 19.5419, 5.47914E-005, 64.3283, 0.000419999, -104.457, 0.00019082, 72.4267
1769, 29.47500, 0.271045, 1.51567, 1.51269, -157.29, 1.45645, 19.544, 5.48074E-005, 64.3244, 0.000419629, -104.44, 0.000190614, 72.4411
1769, 29.48333, 0.271261, 1.49004, 1.511, -157.281, 1.45462, 19.5461, 5.48235E-005, 64.3204, 0.000419258, -104.424, 0.000190407, 72.4555
1770, 29.49167, 0.271478, 1.46436, 1.50932, -157.271, 1.45279, 19.5482, 5.48396E-005, 64.3164, 0.000418888, -104.408, 0.000190201, 72.4699
1770, 29.50000, 0.271695, 1.43864, 1.50764, -157.262, 1.45096, 19.5503, 5.48558E-005, 64.3123, 0.000418518, -104.392, 0.000189995, 72.4844
1771, 29.50833, 0.271913, 1.41287, 1.50596, -157.252, 1.44913, 19.5525, 5.4872E-005, 64.3081, 0.000418148, -104.375, 0.000189789, 72.4989
1771, 29.51667, 0.27213, 1.38706, 1.50428, -157.242, 1.4473, 19.5546, 5.48882E-005, 64.304, 0.000417777, -104.359, 0.000189583, 72.5134
1772, 29.52500, 0.272348, 1.36122, 1.5026, -157.233, 1.44547, 19.5568, 5.49044E-005, 64.2997, 0.000417407, -104.343, 0.000189377, 72.5279
1772, 29.53333, 0.272567, 1.33533, 1.50092, -157.223, 1.44365, 19.559, 5.49207E-005, 64.2954, 0.000417037, -104.327, 0.00018917, 72.5424
1773, 29.54167, 0.272785, 1.30939, 1.49924, -157.213, 1.44182, 19.5612, 5.4937E-005, 64.2911, 0.000416666, -104.31, 0.000188964, 72.557
1773, 29.55000, 0.273004, 1.28341, 1.49756, -157.204, 1.43999, 19.5634, 5.49533E-005, 64.2867, 0.000416296, -104.294, 0.000188758, 72.5715
1774, 29.55833, 0.273223, 1.25739, 1.49588, -157.194, 1.43817, 19.5656, 5.49697E-005, 64.2823, 0.000415925, -104.278, 0.000188552, 72.5861
1774, 29.56667, 0.273443, 1.23133, 1.4942, -157.184, 1.43634, 19.5678, 5.49861E-005, 64.2778, 0.000415554, -104.261, 0.000188345, 72.6007
1775, 29.57500, 0.273663, 1.20522, 1.49252, -157.174, 1.43452, 19.57, 5.50026E-005, 64.2732, 0.000415184, -104.245, 0.000188139, 72.6154
1775, 29.58333, 0.273883, 1.17907, 1.49085, -157.165, 1.4327, 19.5722, 5.50191E-005, 64.2686, 0.000414813, -104.228, 0.000187933, 72.63
1776, 29.59167, 0.274103, 1.15288, 1.48917, -157.155, 1.43088, 19.5744, 5.50356E-005, 64.264, 0.000414442, -104.212, 0.000187726, 72.6447
1776, 29.60000, 0.274324, 1.12664, 1.48749, -157.145, 1.42905, 19.5767, 5.50521E-005, 64.2593, 0.000414071, -104.196, 0.00018752, 72.6593
1777, 29.60833, 0.274545, 1.10036, 1.48582, -157.135, 1.42723, 19.5789, 5.50687E-005, 64.2545, 0.0004137, -104.179, 0.000187314, 72.674
1777, 29.61667, 0.274766, 1.07404, 1.48414, -157.125, 1.42541, 19.5812, 5.50853E-005, 64.2497, 0.000413329, -104.163, 0.000187107, 72.6887
1778, 29.62500, 0.274988, 1.04767, 1.48247, -157.115, 1.42359, 19.5834, 5.5102E-005, 64.2449, 0.000412958, -104.146, 0.000186901, 72.7035
1778, 29.63333, 0.27521, 1.02126, 1.48079, -157.105, 1.42177, 19.5857, 5.51186E-005, 64.24, 0.000412587, -104.13, 0.000186695, 72.7182
1779, 29.64167, 0.275432, 0.994805, 1.47912, -157.095, 1.41995, 19.588, 5.51354E-005, 64.235, 0.000412216, -104.113, 0.000186488, 72.733
1779, 29.65000, 0.275655, 0.968307, 1.47744, -157.085, 1.41814, 19.5903, 5.51521E-005, 64.23, 0.000411845, -104.097, 0.000186282, 72.7478
1780, 29.65833, 0.275877, 0.941764, 1.47577, -157.075, 1.41632, 19.5926, 5.51689E-005, 64.2249, 0.000411474, -104.08, 0.000186075, 72.7626
1780, 29.66667, 0.276101, 0.915174, 1.4741, -157.064, 1.4145, 19.5949, 5.51857E-005, 64.2198, 0.000411102, -104.064, 0.000185869, 72.7774
1781, 29.67500, 0.276324, 0.888543, 1.47243, -157.054, 1.41269, 19.5972, 5.52026E-005, 64.2146, 0.000410731, -104.047, 0.000185663, 72.7922
1781, 29.68333, 0.276548, 0.861868, 1.47076, -157.044, 1.41087, 19.5995, 5.52195E-005, 64.2094, 0.000410359, -104.03, 0.000185456, 72.8071
1782, 29.69167, 0.276772, 0.835144, 1.46908, -157.034, 1.40905, 19.6019, 5.52364E-005, 64.2041, 0.000409988, -104.014, 0.00018525, 72.8219
1782, 29.70000, 0.276997, 0.808379, 1.46741, -157.023, 1.40724, 19.6042, 5.52533E-005, 64.1988, 0.000409616, -103.997, 0.000185043, 72.8368
1783, 29.70833, 0.277221, 0.781569, 1.46574, -157.013, 1.40543, 19.6066, 5.52703E-005, 64.1934, 0.000409245, -103.98, 0.000184837, 72.8518
1783, 29.71667, 0.277446, 0.754711, 1.46407, -157.003, 1.40361, 19.6089, 5.52874E-005, 64.188, 0.000408873, -103.964, 0.00018463, 72.8667
1784, 29.72500, 0.277672, 0.727811, 1.4624, -156.992, 1.4018, 19.6113, 5.53044E-005, 64.1825, 0.000408501, -103.947, 0.000184424, 72.8816
1784, 29.73333, 0.277898, 0.700866, 1.46074, -156.982, 1.39999, 19.6136, 5.53215E-005, 64.177, 0.000408129, -103.93, 0.000184217, 72.8966
1785, 29.74167, 0.278124, 0.673872, 1.45907, -156.972, 1.39818, 19.616, 5.53387E-005, 64.1714, 0.000407758, -103.914, 0.000184011, 72.9116
1785, 29.75000, 0.27835, 0.646836, 1.4574, -156.961, 1.39637, 19.6184, 5.53558E-005, 64.1657, 0.000407386, -103.897, 0.000183804, 72.9266
1786, 29.75833, 0.278577, 0.619754, 1.45573, -156.951, 1.39456, 19.6208, 5.53731E-005, 64.16, 0.000407014, -103.88, 0.000183598, 72.9416
1786, 29.76667, 0.278804, 0.592624, 1.45407, -156.94, 1.39275, 19.6232, 5.53903E-005, 64.1543, 0.000406642, -103.863, 0.000183391, 72.9567
1787, 29.77500, 0.279031, 0.56545, 1.4524, -156.93, 1.39094, 19.6256, 5.54076E-005, 64.1485, 0.000406269, -103.847, 0.000183184, 72.9717
1787, 29.78333, 0.279259, 0.538231, 1.45073, -156.919, 1.38913, 19.628, 5.54249E-005, 64.1426, 0.000405897, -103.83, 0.000182978, 72.9868
1788, 29.79167, 0.279487, 0.510962, 1.44907, -156.908, 1.38732, 19.6304, 5.54423E-005, 64.1367, 0.000405525, -103.813, 0.000182771, 73.0019
1788, 29.80000, 0.279716, 0.48365, 1.4474, -156.898, 1.38552, 19.6329, 5.54596E-005, 64.1308, 0.000405153, -103.796, 0.000182564, 73.017
1789, 29.80833, 0.279945, 0.456291, 1.44574, -156.887, 1.38371, 19.6353, 5.54771E-005, 64.1247, 0.00040478, -103.779, 0.000182358, 73.0322
1789, 29.81667, 0.280174, 0.428883, 1.44407, -156.876, 1.38191, 19.6377, 5.54945E-005, 64.1187, 0.000404408, -103.762, 0.000182151, 73.0473
1790, 29.82500, 0.280403, 0.401431, 1.44241, -156.865, 1.3801, 19.6402, 5.5512E-005, 64.1126, 0.000404035, -103.745, 0.000181944, 73.0625
1790, 29.83333, 0.280633, 0.373933, 1.44075, -156.855, 1.3783, 19.6426, 5.55296E-005, 64.1064, 0.000403663, -103.728, 0.000181738, 73.0777
1791, 29.84167, 0.280863, 0.346384, 1.43908, -156.844, 1.37649, 19.6451, 5.55471E-005, 64.1002, 0.00040329, -103.711, 0.000181531, 73.0929
1791, 29.85000, 0.281094, 0.318791, 1.43742, -156.833, 1.37469, 19.6476, 5.55648E-005, 64.0939, 0.000402917, -103.694, 0.000181324, 73.1081
1792, 29.85833, 0.281324, 0.291151, 1.43576, -156.822, 1.37289, 19.65, 5.55824E-005, 64.0875, 0.000402544, -103.677, 0.000181118, 73.1234
1792, 29.86667, 0.281556, 0.26346, 1.4341, -156.811, 1.37108, 19.6525, 5.56001E-005, 64.0812, 0.000402172, -103.66, 0.000180911, 73.1386
1793, 29.87500, 0.281787, 0.235725, 1.43244, -156.8, 1.36928, 19.655, 5.56178E-005, 64.0747, 0.000401799, -103.643, 0.000180704, 73.1539
1793, 29.88333, 0.282019, 0.207942, 1.43077, -156.789, 1.36748, 19.6575, 5.56356E-005, 64.0682, 0.000401426, -103.626, 0.000180497, 73.1692
1794, 29.89167, 0.282252, 0.180107, 1.42911, -156.778, 1.36568, 19.66, 5.56534E-005, 64.0617, 0.000401053, -103.609, 0.00018029, 73.1846
1794, 29.90000, 0.282484, 0.152228, 1.42745, -156.767, 1.36388, 19.6625, 5.56712E-005, 64.0551, 0.000400679, -103.592, 0.000180084, 73.1999
1795, 29.90833, 0.282717, 0.124301, 1.4258, -156.756, 1.36208, 19.665, 5.56891E-005, 64.0484, 0.000400306, -103.575, 0.000179877, 73.2153
1795, 29.91667, 0.282951, 0.0963219, 1.42414, -156.745, 1.36029, 19.6676, 5.5707E-005, 64.0417, 0.000399933, -103.558, 0.00017967, 73.2307
1796, 29.92500, 0.283184, 0.0682976, 1.42248, -156.733, 1.35849, 19.6701, 5.5725E-005, 64.0349, 0.00039956, -103.54, 0.000179463, 73.2461
1796, 29.93333, 0.283418, 0.0402245, 1.42082, -156.722, 1.35669, 19.6726, 5.57429E-005, 64.0281, 0.000399186, -103.523, 0.000179256, 73.2615
1797, 29.94167, 0.283653, 0.0120991, 1.41916, -156.711, 1.35489, 19.6752, 5.5761E-005, 64.0212, 0.000398813, -103.506, 0.000179049, 73.277
1797, 29.95000, 0.283888, -0.016072, 1.4175, -156.7, 1.3531, 19.6777, 5.5779E-005, 64.0143, 0.000398439, -103.489, 0.000178842, 73.2924
1798, 29.95833, 0.284123, -0.0442923, 1.41585, -156.688, 1.3513, 19.6803, 5.57972E-005, 64.0073, 0.000398066, -103.471, 0.000178636, 73.3079
1798, 29.96667, 0.284358, -0.0725655, 1.41419, -156.677, 1.34951, 19.6828, 5.58153E-005, 64.0003, 0.000397692, -103.454, 0.000178429, 73.3234
1799, 29.97500, 0.284594, -0.100885, 1.41253, -156.665, 1.34771, 19.6854, 5.58335E-005, 63.9932, 0.000397318, -103.437, 0.000178222, 73.3389
1799, 29.98333, 0.284831, -0.129254, 1.41088, -156.654, 1.34592, 19.6879, 5.58517E-005, 63.9861, 0.000396944, -103.42, 0.000178015, 73.3545
1800, 29.99167, 0.285067, -0.157677, 1.40922, -156.642, 1.34413, 19.6905, 5.587E-005, 63.9789, 0.00039657, -103.402, 0.000177808, 73.3701
1800, 30.00000, 0.285304, -0.186146, 1.40757, -156.631, 1.34234, 19.6931, 5.58883E-005, 63.9716, 0.000396196, -103.385, 0.000177601, 73.3856
1801, 30.00833, 0.285542, -0.214665, 1.40592, -156.619, 1.34054, 19.6957, 5.59066E-005, 63.9643, 0.000395822, -103.367, 0.000177394, 73.4013
1801, 30.01667, 0.28578, -0.243239, 1.40426, -156.608, 1.33875, 19.6983, 5.5925E-005, 63.9569, 0.000395448, -103.35, 0.000177187, 73.4169
1802, 30.02500, 0.286018, -0.27186, 1.40261, -156.596, 1.33696, 19.7009, 5.59434E-005, 63.9495, 0.000395074, -103.332, 0.00017698, 73.4325
1802, 30.03333, 0.286257, -0.300531, 1.40095, -156.584, 1.33517, 19.7035, 5.59619E-005, 63.942, 0.0003947, -103.315, 0.000176773, 73.4482
1803, 30.04167, 0.286496, -0.329257, 1.3993, -156.573, 1.33338, 19.7061, 5.59804E-005, 63.9345, 0.000394325, -103.297, 0.000176566, 73.4639
1803, 30.05000, 0.286735, -0.358031, 1.39765, -156.561, 1.33159, 19.7087, 5.5999E-005, 63.9269, 0.000393951, -103.28, 0.000176358, 73.4796
1804, 30.05833, 0.286975, -0.386857, 1.396, -156.549, 1.32981, 19.7113, 5.60175E-005, 63.9193, 0.000393576, -103.262, 0.000176151, 73.4953
1804, 30.06667, 0.287215, -0.415737, 1.39435, -156.537, 1.32802, 19.7139, 5.60362E-005, 63.9116, 0.000393202, -103.245, 0.000175944, 73.5111
1805, 30.07500, 0.287456, -0.444666, 1.3927, -156.525, 1.32623, 19.7166, 5.60548E-005, 63.9038, 0.000392827, -103.227, 0.000175737, 73.5268
1805, 30.08333, 0.287697, -0.473647, 1.39105, -156.513, 1.32445, 19.7192, 5.60735E-005, 63.896, 0.000392452, -103.21, 0.00017553, 73.5426
1806, 30.09167, 0.287938, -0.502683, 1.38939, -156.501, 1.32266, 19.7218, 5.60923E-005, 63.8881, 0.000392077, -103.192, 0.000175323, 73.5584
1806, 30.10000, 0.28818, -0.531769, 1.38775, -156.489, 1.32087, 19.7245, 5.61111E-005, 63.8802, 0.000391703, -103.174, 0.000175116, 73.5743
1807, 30.10833, 0.288422, -0.560907, 1.3861, -156.477, 1.31909, 19.7271, 5.61299E-005, 63.8723, 0.000391328, -103.157, 0.000174908, 73.5901
1807, 30.11667, 0.288665, -0.590101, 1.38445, -156.465, 1.3173, 19.7298, 5.61488E-005, 63.8642, 0.000390953, -103.139, 0.000174701, 73.606
1808, 30.12500, 0.288907, -0.619345, 1.3828, -156.453, 1.31552, 19.7324, 5.61677E-005, 63.8561, 0.000390577, -103.121, 0.000174494, 73.6219
1808, 30.13333, 0.289151, -0.648642, 1.38115, -156.441, 1.31374, 19.7351, 5.61867E-005, 63.848, 0.000390202, -103.103, 0.000174287, 73.6378
1809, 30.14167, 0.289395, -0.677996, 1.3795, -156.429, 1.31196, 19.7377, 5.62057E-005, 63.8398, 0.000389827, -103.085, 0.000174079, 73.6537
1809, 30.15000, 0.289639, -0.707401, 1.37786, -156.416, 1.31017, 19.7404, 5.62247E-005, 63.8315, 0.000389452, -103.068, 0.000173872, 73.6697
1810, 30.15833, 0.289884, -0.736859, 1.37621, -156.404, 1.30839, 19.7431, 5.62438E-005, 63.8232, 0.000389076, -103.05, 0.000173665, 73.6857
1810, 30.16667, 0.290129, -0.766375, 1.37456, -156.392, 1.30661, 19.7457, 5.6263E-005, 63.8148, 0.000388701, -103.032, 0.000173458, 73.7017
1811, 30.17500, 0.290374, -0.795941, 1.37292, -156.379, 1.30483, 19.7484, 5.62821E-005, 63.8064, 0.000388325, -103.014, 0.00017325, 73.7177
1811, 30.18333, 0.29062, -0.825562, 1.37127, -156.367, 1.30305, 19.7511, 5.63013E-005, 63.7979, 0.000387949, -102.996, 0.000173043, 73.7337
1812, 30.19167, 0.290866, -0.855241, 1.36963, -156.354, 1.30127, 19.7538, 5.63206E-005, 63.7894, 0.000387574, -102.978, 0.000172836, 73.7498
1812, 30.20000, 0.291113, -0.884972, 1.36798, -156.342, 1.2995, 19.7565, 5.63399E-005, 63.7808, 0.000387198, -102.96, 0.000172628, 73.7659
1813, 30.20833, 0.29136, -0.914758, 1.36634, -156.329, 1.29772, 19.7591, 5.63593E-005, 63.7721, 0.000386822, -102.942, 0.000172421, 73.782
1813, 30.21667, 0.291608, -0.944603, 1.36469, -156.317, 1.29594, 19.7618, 5.63786E-005, 63.7634, 0.000386446, -102.924, 0.000172213, 73.7981
1814, 30.22500, 0.291856, -0.9745, 1.36305, -156.304, 1.29416, 19.7645, 5.63981E-005, 63.7547, 0.00038607, -102.906, 0.000172006, 73.8142
1814, 30.23333, 0.292104, -1.00445, 1.36141, -156.291, 1.29239, 19.7672, 5.64176E-005, 63.7458, 0.000385694, -102.888, 0.000171799, 73.8304
1815, 30.24167, 0.292353, -1.03447, 1.35976, -156.278, 1.29061, 19.7699, 5.64371E-005, 63.7369, 0.000385317, -102.87, 0.000171591, 73.8466
1815, 30.25000, 0.292602, -1.06453, 1.35812, -156.266, 1.28884, 19.7726, 5.64567E-005, 63.728, 0.000384941, -102.851, 0.000171384, 73.8628
1816, 30.25833, 0.292852, -1.09465, 1.35648, -156.253, 1.28706, 19.7754, 5.64763E-005, 63.719, 0.000384565, -102.833, 0.000171176, 73.879
1816, 30.26667, 0.293102, -1.12483, 1.35484, -156.24, 1.28529, 19.7781, 5.64959E-005, 63.7099, 0.000384188, -102.815, 0.000170969, 73.8953
1817, 30.27500, 0.293353, -1.15507, 1.3532, -156.227, 1.28352, 19.7808, 5.65156E-005, 63.7008, 0.000383812, -102.797, 0.000170761, 73.9115
1817, 30.28333, 0.293604, -1.18536, 1.35155, -156.214, 1.28174, 19.7835, 5.65354E-005, 63.6916, 0.000383435, -102.779, 0.000170553, 73.9278
1818, 30.29167, 0.293855, -1.21572, 1.34991, -156.201, 1.27997, 19.7862, 5.65552E-005, 63.6824, 0.000383058, -102.76, 0.000170346, 73.9442
1818, 30.30000, 0.294107, -1.24613, 1.34827, -156.188, 1.2782, 19.7889, 5.6575E-005, 63.6731, 0.000382681, -102.742, 0.000170138, 73.9605
1819, 30.30833, 0.29436, -1.27659, 1.34663, -156.175, 1.27643, 19.7917, 5.65949E-005, 63.6638, 0.000382305, -102.724, 0.000169931, 73.9769
1819, 30.31667, 0.294613, -1.30712, 1.345, -156.162, 1.27466, 19.7944, 5.66148E-005, 63.6544, 0.000381928, -102.705, 0.000169723, 73.9932
1820, 30.32500, 0.294866, -1.3377, 1.34336, -156.148, 1.27289, 19.7971, 5.66348E-005, 63.6449, 0.000381551, -102.687, 0.000169515, 74.0096
1820, 30.33333, 0.29512, -1.36834, 1.34172, -156.135, 1.27112, 19.7998, 5.66548E-005, 63.6353, 0.000381173, -102.668, 0.000169308, 74.0261
1821, 30.34167, 0.295374, -1.39905, 1.34008, -156.122, 1.26935, 19.8026, 5.66749E-005, 63.6258, 0.000380796, -102.65, 0.0001691, 74.0425
1821, 30.35000, 0.295629, -1.42981, 1.33844, -156.108, 1.26758, 19.8053, 5.6695E-005, 63.6161, 0.000380419, -102.631, 0.000168892, 74.059
1822, 30.35833, 0.295884, -1.46063, 1.33681, -156.095, 1.26581, 19.808, 5.67152E-005, 63.6064, 0.000380041, -102.613, 0.000168685, 74.0755
1822, 30.36667, 0.296139, -1.49151, 1.33517, -156.081, 1.26404, 19.8108, 5.67354E-005, 63.5966, 0.000379664, -102.594, 0.000168477, 74.092
1823, 30.37500, 0.296395, -1.52245, 1.33353, -156.068, 1.26228, 19.8135, 5.67556E-005, 63.5868, 0.000379286, -102.576, 0.000168269, 74.1085
1823, 30.38333, 0.296652, -1.55345, 1.3319, -156.054, 1.26051, 19.8162, 5.67759E-005, 63.5769, 0.000378909, -102.557, 0.000168061, 74.1251
1824, 30.39167, 0.296909, -1.58451, 1.33026, -156.041, 1.25875, 19.819, 5.67963E-005, 63.567, 0.000378531, -102.538, 0.000167854, 74.1417
1824, 30.40000, 0.297166, -1.61564, 1.32863, -156.027, 1.25698, 19.8217, 5.68167E-005, 63.557, 0.000378153, -102.52, 0.000167646, 74.1583
1825, 30.40833, 0.297424, -1.64682, 1.32699, -156.013, 1.25522, 19.8245, 5.68371E-005, 63.5469, 0.000377775, -102.501, 0.000167438, 74.1749
1825, 30.41667, 0.297683, -1.67807, 1.32536, -155.999, 1.25345, 19.8272, 5.68576E-005, 63.5368, 0.000377397, -102.482, 0.00016723, 74.1916
1826, 30.42500, 0.297942, -1.70937, 1.32372, -155.986, 1.25169, 19.83, 5.68782E-005, 63.5266, 0.000377019, -102.463, 0.000167022, 74.2082
1826, 30.43333, 0.298201, -1.74074, 1.32209, -155.972, 1.24992, 19.8327, 5.68988E-005, 63.5163, 0.000376641, -102.444, 0.000166814, 74.2249
1827, 30.44167, 0.298461, -1.77217, 1.32046, -155.958, 1.24816, 19.8354, 5.69194E-005, 63.506, 0.000376263, -102.426, 0.000166606, 74.2416
1827, 30.45000, 0.298721, -1.80366, 1.31882, -155.944, 1.2464, 19.8382, 5.69401E-005, 63.4956, 0.000375884, -102.407, 0.000166398, 74.2584
1828, 30.45833, 0.298982, -1.83522, 1.31719, -155.93, 1.24464, 19.8409, 5.69608E-005, 63.4852, 0.000375506, -102.388, 0.00016619, 74.2751
1828, 30.46667, 0.299243, -1.86684, 1.31556, -155.916, 1.24288, 19.8437, 5.69816E-005, 63.4747, 0.000375127, -102.369, 0.000165983, 74.2919
1829, 30.47500, 0.299505, -1.89852, 1.31393, -155.902, 1.24112, 19.8464, 5.70025E-005, 63.4641, 0.000374749, -102.35, 0.000165775, 74.3087
1829, 30.48333, 0.299767, -1.93026, 1.3123, -155.887, 1.23936, 19.8491, 5.70234E-005, 63.4535, 0.00037437, -102.331, 0.000165567, 74.3255
1830, 30.49167, 0.30003, -1.96208, 1.31066, -155.873, 1.2376, 19.8519, 5.70443E-005, 63.4428, 0.000373991, -102.312, 0.000165358, 74.3424
1830, 30.50000, 0.300294, -1.99395, 1.30903, -155.859, 1.23584, 19.8546, 5.70653E-005, 63.4321, 0.000373612, -102.292, 0.00016515, 74.3593
1831, 30.50833, 0.300557, -2.02589, 1.3074, -155.844, 1.23408, 19.8574, 5.70863E-005, 63.4213, 0.000373234, -102.273, 0.000164942, 74.3762
1831, 30.51667, 0.300822, -2.05789, 1.30577, -155.83, 1.23232, 19.8601, 5.71074E-005, 63.4104, 0.000372854, -102.254, 0.000164734, 74.3931
1832, 30.52500, 0.301086, -2.08996, 1.30414, -155.815, 1.23056, 19.8629, 5.71285E-005, 63.3995, 0.000372475, -102.235, 0.000164526, 74.41
1832, 30.53333, 0.301352, -2.12209, 1.30252, -155.801, 1.22881, 19.8656, 5.71497E-005, 63.3885, 0.000372096, -102.216, 0.000164318, 74.427
1833, 30.54167, 0.301617, -2.15429, 1.30089, -155.786, 1.22705, 19.8683, 5.7171E-005, 63.3774, 0.000371717, -102.196, 0.00016411, 74.444
1833, 30.55000, 0.301884, -2.18656, 1.29926, -155.772, 1.22529, 19.8711, 5.71923E-005, 63.3663, 0.000371337, -102.177, 0.000163902, 74.461
1834, 30.55833, 0.302151, -2.21889, 1.29763, -155.757, 1.22354, 19.8738, 5.72136E-005, 63.3551, 0.000370958, -102.158, 0.000163693, 74.478
1834, 30.56667, 0.302418, -2.25129, 1.296, -155.742, 1.22178, 19.8765, 5.7235E-005, 63.3439, 0.000370578, -102.138, 0.000163485, 74.4951
1835, 30.57500, 0.302686, -2.28375, 1.29438, -155.727, 1.22003, 19.8793, 5.72565E-005, 63.3326, 0.000370199, -102.119, 0.000163277, 74.5122
1835, 30.58333, 0.302954, -2.31628, 1.29275, -155.713, 1.21828, 19.882, 5.7278E-005, 63.3212, 0.000369819, -102.1, 0.000163069, 74.5293
1836, 30.59167, 0.303223, -2.34889, 1.29112, -155.698, 1.21652, 19.8847, 5.72995E-005, 63.3097, 0.000369439, -102.08, 0.00016286, 74.5464
1836, 30.60000, 0.303492, -2.38155, 1.2895, -155.683, 1.21477, 19.8874, 5.73211E-005, 63.2982, 0.000369059, -102.061, 0.000162652, 74.5636
1837, 30.60833, 0.303762, -2.41429, 1.28787, -155.668, 1.21302, 19.8902, 5.73428E-005, 63.2867, 0.000368679, -102.041, 0.000162444, 74.5807
1837, 30.61667, 0.304033, -2.44709, 1.28625, -155.652, 1.21126, 19.8929, 5.73645E-005, 63.275, 0.000368299, -102.021, 0.000162235, 74.598
1838, 30.62500, 0.304304, -2.47997, 1.28462, -155.637, 1.20951, 19.8956, 5.73863E-005, 63.2633, 0.000367919, -102.002, 0.000162027, 74.6152
1838, 30.63333, 0.304575, -2.51291, 1.283, -155.622, 1.20776, 19.8983, 5.74081E-005, 63.2516, 0.000367538, -101.982, 0.000161819, 74.6324
1839, 30.64167, 0.304847, -2.54592, 1.28138, -155.607, 1.20601, 19.901, 5.743E-005, 63.2397, 0.000367158, -101.962, 0.00016161, 74.6497
1839, 30.65000, 0.30512, -2.579, 1.27975, -155.591, 1.20426, 19.9037, 5.74519E-005, 63.2278, 0.000366778, -101.943, 0.000161402, 74.667
1840, 30.65833, 0.305393, -2.61215, 1.27813, -155.576, 1.20251, 19.9064, 5.74739E-005, 63.2159, 0.000366397, -101.923, 0.000161193, 74.6843
1840, 30.66667, 0.305667, -2.64538, 1.27651, -155.561, 1.20076, 19.9091, 5.74959E-005, 63.2038, 0.000366016, -101.903, 0.000160985, 74.7017
1841, 30.67500, 0.305941, -2.67867, 1.27489, -155.545, 1.19901, 19.9118, 5.7518E-005, 63.1917, 0.000365635, -101.883, 0.000160776, 74.719
1841, 30.68333, 0.306216, -2.71203, 1.27326, -155.529, 1.19727, 19.9145, 5.75401E-005, 63.1796, 0.000365255, -101.863, 0.000160568, 74.7364
1842, 30.69167, 0.306491, -2.74547, 1.27164, -155.514, 1.19552, 19.9172, 5.75623E-005, 63.1674, 0.000364874, -101.843, 0.000160359, 74.7538
1842, 30.70000, 0.306767, -2.77897, 1.27002, -155.498, 1.19377, 19.9199, 5.75846E-005, 63.1551, 0.000364493, -101.823, 0.000160151, 74.7713
1843, 30.70833, 0.307043, -2.81255, 1.2684, -155.482, 1.19202, 19.9226, 5.76069E-005, 63.1427, 0.000364112, -101.803, 0.000159942, 74.7887
1843, 30.71667, 0.30732, -2.84621, 1.26678, -155.466, 1.19028, 19.9253, 5.76293E-005, 63.1303, 0.00036373, -101.783, 0.000159733, 74.8062
1844, 30.72500, 0.307598, -2.87993, 1.26516, -155.45, 1.18853, 19.9279, 5.76517E-005, 63.1178, 0.000363349, -101.763, 0.000159525, 74.8237
1844, 30.73333, 0.307876, -2.91372, 1.26354, -155.434, 1.18679, 19.9306, 5.76742E-005, 63.1052, 0.000362968, -101.743, 0.000159316, 74.8413
1845, 30.74167, 0.308154, -2.9476, 1.26192, -155.418, 1.18504, 19.9333, 5.76967E-005, 63.0926, 0.000362586, -101.723, 0.000159107, 74.8588
1845, 30.75000, 0.308433, -2.98154, 1.2603, -155.402, 1.1833, 19.9359, 5.77193E-005, 63.0799, 0.000362205, -101.702, 0.000158899, 74.8764
1846, 30.75833, 0.308713, -3.01556, 1.25869, -155.386, 1.18155, 19.9386, 5.77419E-005, 63.0671, 0.000361823, -101.682, 0.00015869, 74.894
1846, 30.76667, 0.308994, -3.04966, 1.25707, -155.37, 1.17981, 19.9412, 5.77646E-005, 63.0543, 0.000361441, -101.662, 0.000158481, 74.9117
1847, 30.77500, 0.309274, -3.08382, 1.25545, -155.354, 1.17807, 19.9439, 5.77874E-005, 63.0414, 0.000361059, -101.641, 0.000158272, 74.9293
1847, 30.78333, 0.309556, -3.11807, 1.25383, -155.337, 1.17632, 19.9465, 5.78102E-005, 63.0284, 0.000360677, -101.621, 0.000158063, 74.947
1848, 30.79167, 0.309838, -3.15239, 1.25222, -155.321, 1.17458, 19.9491, 5.78331E-005, 63.0153, 0.000360295, -101.6, 0.000157854, 74.9647
1848, 30.80000, 0.310121, -3.18678, 1.2506, -155.304, 1.17284, 19.9518, 5.7856E-005, 63.0022, 0.000359913, -101.58, 0.000157646, 74.9824
1849, 30.80833, 0.310404, -3.22125, 1.24899, -155.288, 1.1711, 19.9544, 5.7879E-005, 62.989, 0.000359531, -101.559, 0.000157437, 75.0002
1849, 30.81667, 0.310688, -3.2558, 1.24737, -155.271, 1.16936, 19.957, 5.79021E-005, 62.9758, 0.000359148, -101.539, 0.000157228, 75.018
1850, 30.82500, 0.310972, -3.29043, 1.24576, -155.254, 1.16762, 19.9596, 5.79252E-005, 62.9625, 0.000358766, -101.518, 0.000157019, 75.0358
1850, 30.83333, 0.311257, -3.32513, 1.24414, -155.238, 1.16588, 19.9622, 5.79483E-005, 62.9491, 0.000358384, -101.498, 0.00015681, 75.0536
1851, 30.84167, 0.311542, -3.35991, 1.24253, -155.221, 1.16414, 19.9648, 5.79716E-005, 62.9356, 0.000358001, -101.477, 0.000156601, 75.0715
1851, 30.85000, 0.311829, -3.39477, 1.24091, -155.204, 1.1624, 19.9674, 5.79949E-005, 62.9221, 0.000357618, -101.456, 0.000156392, 75.0894
1852, 30.85833, 0.312115, -3.42971, 1.2393, -155.187, 1.16066, 19.97, 5.80182E-005, 62.9084, 0.000357235, -101.435, 0.000156183, 75.1073
1852, 30.86667, 0.312403, -3.46473, 1.23769, -155.17, 1.15892, 19.9725, 5.80416E-005, 62.8948, 0.000356852, -101.414, 0.000155974, 75.1252
1853, 30.87500, 0.312691, -3.49982, 1.23607, -155.153, 1.15718, 19.9751, 5.80651E-005, 62.881, 0.00035647, -101.393, 0.000155765, 75.1432
1853, 30.88333, 0.312979, -3.53499, 1.23446, -155.135, 1.15544, 19.9777, 5.80886E-005, 62.8672, 0.000356086, -101.373, 0.000155555, 75.1611
1854, 30.89167, 0.313268, -3.57025, 1.23285, -155.118, 1.15371, 19.9802, 5.81122E-005, 62.8533, 0.000355703, -101.352, 0.000155346, 75.1791
1854, 30.90000, 0.313558, -3.60559, 1.23124, -155.101, 1.15197, 19.9827, 5.81358E-005, 62.8393, 0.00035532, -101.33, 0.000155137, 75.1972
1855, 30.90833, 0.313848, -3.641, 1.22963, -155.083, 1.15023, 19.9853, 5.81595E-005, 62.8253, 0.000354937, -101.309, 0.000154928, 75.2152
1855, 30.91667, 0.314139, -3.67651, 1.22802, -155.066, 1.1485, 19.9878, 5.81833E-005, 62.8112, 0.000354553, -101.288, 0.000154719, 75.2333
1856, 30.92500, 0.314431, -3.71209, 1.22641, -155.048, 1.14676, 19.9903, 5.82071E-005, 62.797, 0.00035417, -101.267, 0.000154509, 75.2514
1856, 30.93333, 0.314723, -3.74775, 1.2248, -155.031, 1.14503, 19.9928, 5.8231E-005, 62.7827, 0.000353786, -101.246, 0.0001543, 75.2696
1857, 30.94167, 0.315016, -3.78349, 1.22319, -155.013, 1.14329, 19.9953, 5.8255E-005, 62.7684, 0.000353402, -101.225, 0.000154091, 75.2877
1857, 30.95000, 0.315309, -3.81932, 1.22158, -154.995, 1.14156, 19.9978, 5.8279E-005, 62.754, 0.000353018, -101.203, 0.000153881, 75.3059
1858, 30.95833, 0.315603, -3.85523, 1.21997, -154.977, 1.13982, 20.0003, 5.83031E-005, 62.7395, 0.000352634, -101.182, 0.000153672, 75.3241
1858, 30.96667, 0.315898, -3.89123, 1.21836, -154.959, 1.13809, 20.0027, 5.83272E-005, 62.7249, 0.00035225, -101.16, 0.000153462, 75.3424
1859, 30.97500, 0.316193, -3.92731, 1.21676, -154.941, 1.13636, 20.0052, 5.83514E-005, 62.7103, 0.000351866, -101.139, 0.000153253, 75.3606
1859, 30.98333, 0.316489, -3.96347, 1.21515, -154.923, 1.13462, 20.0076, 5.83757E-005, 62.6956, 0.000351482, -101.117, 0.000153044, 75.3789
1860, 30.99167, 0.316786, -3.99972, 1.21354, -154.905, 1.13289, 20.0101, 5.84E-005, 62.6808, 0.000351098, -101.096, 0.000152834, 75.3972
1860, 31.00000, 0.317083, -4.03605, 1.21194, -154.887, 1.13116, 20.0125, 5.84244E-005, 62.666, 0.000350713, -101.074, 0.000152625, 75.4156
1861, 31.00833, 0.317381, -4.07247, 1.21033, -154.869, 1.12943, 20.0149, 5.84489E-005, 62.651, 0.000350329, -101.053, 0.000152415, 75.434
1861, 31.01667, 0.31768, -4.10898, 1.20873, -154.85, 1.1277, 20.0173, 5.84734E-005, 62.636, 0.000349944, -101.031, 0.000152205, 75.4524
1862, 31.02500, 0.317979, -4.14557, 1.20712, -154.832, 1.12596, 20.0197, 5.8498E-005, 62.6209, 0.00034956, -101.009, 0.000151996, 75.4708
1862, 31.03333, 0.318279, -4.18225, 1.20552, -154.813, 1.12423, 20.0221, 5.85226E-005, 62.6057, 0.000349175, -100.987, 0.000151786, 75.4892
1863, 31.04167, 0.318579, -4.21902, 1.20391, -154.795, 1.1225, 20.0245, 5.85474E-005, 62.5905, 0.00034879, -100.965, 0.000151576, 75.5077
1863, 31.05000, 0.31888, -4.25588, 1.20231, -154.776, 1.12077, 20.0268, 5.85721E-005, 62.5752, 0.000348405, -100.943, 0.000151367, 75.5262
1864, 31.05833, 0.319182, -4.29282, 1.20071, -154.757, 1.11904, 20.0292, 5.8597E-005, 62.5598, 0.00034802, -100.921, 0.000151157, 75.5447
1864, 31.06667, 0.319485, -4.32986, 1.1991, -154.738, 1.11732, 20.0315, 5.86219E-005, 62.5443, 0.000347635, -100.899, 0.000150947, 75.5633
1865, 31.07500, 0.319788, -4.36698, 1.1975, -154.719, 1.11559, 20.0338, 5.86469E-005, 62.5288, 0.00034725, -100.877, 0.000150737, 75.5819
1865, 31.08333, 0.320091, -4.40419, 1.1959, -154.7, 1.11386, 20.0361, 5.86719E-005, 62.5131, 0.000346864, -100.855, 0.000150528, 75.6005
1866, 31.09167, 0.320396, -4.44149, 1.1943, -154.681, 1.11213, 20.0384, 5.8697E-005, 62.4974, 0.000346479, -100.833, 0.000150318, 75.6191
1866, 31.10000, 0.320701, -4.47888, 1.1927, -154.662, 1.1104, 20.0407, 5.87222E-005, 62.4816, 0.000346093, -100.811, 0.000150108, 75.6378
1867, 31.10833, 0.321007, -4.51637, 1.1911, -154.643, 1.10868, 20.043, 5.87475E-005, 62.4657, 0.000345708, -100.788, 0.000149898, 75.6564
1867, 31.11667, 0.321313, -4.55394, 1.1895, -154.623, 1.10695, 20.0452, 5.87728E-005, 62.4498, 0.000345322, -100.766, 0.000149688, 75.6752
1868, 31.12500, 0.32162, -4.59161, 1.1879, -154.604, 1.10522, 20.0475, 5.87981E-005, 62.4338, 0.000344936, -100.744, 0.000149478, 75.6939
1868, 31.13333, 0.321928, -4.62937, 1.1863, -154.584, 1.1035, 20.0497, 5.88236E-005, 62.4177, 0.00034455, -100.721, 0.000149268, 75.7127
1869, 31.14167, 0.322237, -4.66722, 1.1847, -154.565, 1.10177, 20.0519, 5.88491E-005, 62.4015, 0.000344164, -100.699, 0.000149058, 75.7315
1869, 31.15000, 0.322546, -4.70517, 1.1831, -154.545, 1.10004, 20.0541, 5.88747E-005, 62.3852, 0.000343778, -100.676, 0.000148848, 75.7503
1870, 31.15833, 0.322856, -4.74321, 1.1815, -154.525, 1.09832, 20.0563, 5.89003E-005, 62.3688, 0.000343392, -100.653, 0.000148638, 75.7691
1870, 31.16667, 0.323166, -4.78134, 1.1799, -154.505, 1.09659, 20.0584, 5.89261E-005, 62.3524, 0.000343006, -100.631, 0.000148427, 75.788
1871, 31.17500, 0.323477, -4.81957, 1.17831, -154.485, 1.09487, 20.0606, 5.89519E-005, 62.3359, 0.000342619, -100.608, 0.000148217, 75.8069
1871, 31.18333, 0.323789, -4.85789, 1.17671, -154.465, 1.09314, 20.0627, 5.89777E-005, 62.3193, 0.000342233, -100.585, 0.000148007, 75.8258
1872, 31.19167, 0.324102, -4.89631, 1.17511, -154.445, 1.09142, 20.0648, 5.90036E-005, 62.3026, 0.000341846, -100.562, 0.000147797, 75.8448
1872, 31.20000, 0.324415, -4.93483, 1.17352, -154.425, 1.0897, 20.0669, 5.90296E-005, 62.2858, 0.00034146, -100.539, 0.000147587, 75.8638
1873, 31.20833, 0.324729, -4.97344, 1.17192, -154.404, 1.08797, 20.069, 5.90557E-005, 62.269, 0.000341073, -100.516, 0.000147376, 75.8828
1873, 31.21667, 0.325044, -5.01215, 1.17033, -154.384, 1.08625, 20.0711, 5.90819E-005, 62.252, 0.000340686, -100.493, 0.000147166, 75.9018
1874, 31.22500, 0.32536, -5.05096, 1.16874, -154.363, 1.08453, 20.0732, 5.91081E-005, 62.235, 0.000340299, -100.47, 0.000146955, 75.9209
1874, 31.23333, 0.325676, -5.08986, 1.16714, -154.343, 1.0828, 20.0752, 5.91343E-005, 62.2179, 0.000339912, -100.447, 0.000146745, 75.94
1875, 31.24167, 0.325993, -5.12887, 1.16555, -154.322, 1.08108, 20.0772, 5.91607E-005, 62.2007, 0.000339525, -100.424, 0.000146535, 75.9591
1875, 31.25000, 0.326311, -5.16797, 1.16396, -154.301, 1.07936, 20.0792, 5.91871E-005, 62.1834, 0.000339138, -100.4, 0.000146324, 75.9783
1876, 31.25833, 0.326629, -5.20717, 1.16236, -154.28, 1.07764, 20.0812, 5.92136E-005, 62.1661, 0.00033875, -100.377, 0.000146114, 75.9974
1876, 31.26667, 0.326948, -5.24647, 1.16077, -154.259, 1.07592, 20.0831, 5.92402E-005, 62.1486, 0.000338363, -100.354, 0.000145903, 76.0167
1877, 31.27500, 0.327268, -5.28587, 1.15918, -154.238, 1.0742, 20.0851, 5.92668E-005, 62.1311, 0.000337975, -100.33, 0.000145692, 76.0359
1877, 31.28333, 0.327588, -5.32538, 1.15759, -154.217, 1.07248, 20.087, 5.92935E-005, 62.1135, 0.000337588, -100.307, 0.000145482, 76.0551
1878, 31.29167, 0.32791, -5.36498, 1.156, -154.196, 1.07075, 20.0889, 5.93203E-005, 62.0958, 0.0003372, -100.283, 0.000145271, 76.0744
1878, 31.30000, 0.328232, -5.40469, 1.15441, -154.175, 1.06903, 20.0908, 5.93472E-005, 62.078, 0.000336812, -100.259, 0.00014506, 76.0938
1879, 31.30833, 0.328554, -5.4445, 1.15282, -154.153, 1.06731, 20.0927, 5.93741E-005, 62.0601, 0.000336425, -100.236, 0.00014485, 76.1131
1879, 31.31667, 0.328878, -5.48441, 1.15123, -154.132, 1.06559, 20.0945, 5.94011E-005, 62.0421, 0.000336037, -100.212, 0.000144639, 76.1325
1880, 31.32500, 0.329202, -5.52443, 1.14964, -154.11, 1.06388, 20.0963, 5.94282E-005, 62.0241, 0.000335648, -100.188, 0.000144428, 76.1519
1880, 31.33333, 0.329527, -5.56455, 1.14805, -154.088, 1.06216, 20.0981, 5.94553E-005, 62.0059, 0.00033526, -100.164, 0.000144217, 76.1713
1881, 31.34167, 0.329853, -5.60478, 1.14647, -154.066, 1.06044, 20.0999, 5.94826E-005, 61.9877, 0.000334872, -100.14, 0.000144006, 76.1908
1881, 31.35000, 0.330179, -5.64511, 1.14488, -154.044, 1.05872, 20.1017, 5.95099E-005, 61.9694, 0.000334484, -100.116, 0.000143795, 76.2103
1882, 31.35833, 0.330507, -5.68554, 1.14329, -154.022, 1.057, 20.1034, 5.95372E-005, 61.951, 0.000334095, -100.092, 0.000143584, 76.2298
1882, 31.36667, 0.330835, -5.72609, 1.14171, -154, 1.05528, 20.1051, 5.95647E-005, 61.9324, 0.000333707, -100.068, 0.000143373, 76.2493
1883, 31.37500, 0.331163, -5.76673, 1.14012, -153.978, 1.05356, 20.1068, 5.95922E-005, 61.9138, 0.000333318, -100.043, 0.000143162, 76.2689
1883, 31.38333, 0.331493, -5.80749, 1.13854, -153.956, 1.05185, 20.1085, 5.96198E-005, 61.8952, 0.00033293, -100.019, 0.000142951, 76.2885
1884, 31.39167, 0.331823, -5.84835, 1.13695, -153.933, 1.05013, 20.1101, 5.96475E-005, 61.8764, 0.000332541, -99.9948, 0.00014274, 76.3081
1884, 31.40000, 0.332154, -5.88933, 1.13537, -153.911, 1.04841, 20.1118, 5.96752E-005, 61.8575, 0.000332152, -99.9703, 0.000142529, 76.3278
1885, 31.40833, 0.332486, -5.9304, 1.13379, -153.888, 1.04669, 20.1134, 5.97031E-005, 61.8385, 0.000331763, -99.9458, 0.000142318, 76.3475
1885, 31.41667, 0.332819, -5.9716, 1.1322, -153.865, 1.04498, 20.1149, 5.9731E-005, 61.8195, 0.000331374, -99.9212, 0.000142107, 76.3672
1886, 31.42500, 0.333152, -6.0129, 1.13062, -153.842, 1.04326, 20.1165, 5.9759E-005, 61.8003, 0.000330985, -99.8965, 0.000141895, 76.3869
1886, 31.43333, 0.333487, -6.05431, 1.12904, -153.819, 1.04155, 20.118, 5.9787E-005, 61.7811, 0.000330596, -99.8717, 0.000141684, 76.4067
1887, 31.44167, 0.333822, -6.09583, 1.12746, -153.796, 1.03983, 20.1195, 5.98152E-005, 61.7618, 0.000330206, -99.8469, 0.000141473, 76.4265
1887, 31.45000, 0.334157, -6.13746, 1.12588, -153.773, 1.03811, 20.121, 5.98434E-005, 61.7423, 0.000329817, -99.8221, 0.000141261, 76.4464
1888, 31.45833, 0.334494, -6.17921, 1.1243, -153.75, 1.0364, 20.1224, 5.98717E-005, 61.7228, 0.000329427, -99.7971, 0.00014105, 76.4662
1888, 31.46667, 0.334832, -6.22107, 1.12272, -153.726, 1.03468, 20.1239, 5.99E-005, 61.7032, 0.000329038, -99.7721, 0.000140838, 76.4861
1889, 31.47500, 0.33517, -6.26304, 1.12114, -153.703, 1.03297, 20.1253, 5.99285E-005, 61.6835, 0.000328648, -99.747, 0.000140627, 76.506
1889, 31.48333, 0.335509, -6.30513, 1.11956, -153.679, 1.03125, 20.1266, 5.9957E-005, 61.6636, 0.000328258, -99.7218, 0.000140415, 76.526
1890, 31.49167, 0.335849, -6.34733, 1.11798, -153.655, 1.02954, 20.128, 5.99856E-005, 61.6437, 0.000327868, -99.6966, 0.000140204, 76.546
1890, 31.50000, 0.336189, -6.38964, 1.1164, -153.632, 1.02782, 20.1293, 6.00143E-005, 61.6237, 0.000327479, -99.6712, 0.000139992, 76.566
1891, 31.50833, 0.336531, -6.43207, 1.11483, -153.608, 1.02611, 20.1306, 6.00431E-005, 61.6036, 0.000327089, -99.6459, 0.00013978, 76.586
1891, 31.51667, 0.336873, -6.47462, 1.11325, -153.584, 1.02439, 20.1319, 6.00719E-005, 61.5834, 0.000326698, -99.6204, 0.000139569, 76.6061
1892, 31.52500, 0.337216, -6.51728, 1.11167, -153.559, 1.02268, 20.1331, 6.01009E-005, 61.5631, 0.000326308, -99.5948, 0.000139357, 76.6262
1892, 31.53333, 0.33756, -6.56006, 1.1101, -153.535, 1.02097, 20.1343, 6.01299E-005, 61.5427, 0.000325918, -99.5692, 0.000139145, 76.6463
1893, 31.54167, 0.337904, -6.60297, 1.10852, -153.511, 1.01925, 20.1355, 6.0159E-005, 61.5222, 0.000325528, -99.5435, 0.000138933, 76.6665
1893, 31.55000, 0.33825, -6.64598, 1.10695, -153.486, 1.01754, 20.1366, 6.01882E-005, 61.5016, 0.000325137, -99.5178, 0.000138721, 76.6866
1894, 31.55833, 0.338596, -6.68912, 1.10538, -153.462, 1.01582, 20.1377, 6.02174E-005, 61.4809, 0.000324747, -99.4919, 0.000138509, 76.7069
1894, 31.56667, 0.338944, -6.73238, 1.1038, -153.437, 1.01411, 20.1388, 6.02467E-005, 61.4601, 0.000324356, -99.466, 0.000138297, 76.7271
1895, 31.57500, 0.339292, -6.77575, 1.10223, -153.412, 1.0124, 20.1399, 6.02762E-005, 61.4392, 0.000323965, -99.44, 0.000138085, 76.7474
1895, 31.58333, 0.33964, -6.81925, 1.10066, -153.387, 1.01069, 20.1409, 6.03057E-005, 61.4182, 0.000323574, -99.4139, 0.000137873, 76.7677
1896, 31.59167, 0.33999, -6.86287, 1.09909, -153.362, 1.00897, 20.1419, 6.03353E-005, 61.3971, 0.000323184, -99.3877, 0.000137661, 76.788
1896, 31.60000, 0.340341, -6.90661, 1.09752, -153.337, 1.00726, 20.1428, 6.03649E-005, 61.3759, 0.000322793, -99.3615, 0.000137449, 76.8084
1897, 31.60833, 0.340692, -6.95047, 1.09595, -153.311, 1.00555, 20.1438, 6.03947E-005, 61.3546, 0.000322402, -99.3352, 0.000137237, 76.8288
1897, 31.61667, 0.341045, -6.99446, 1.09438, -153.286, 1.00383, 20.1447, 6.04245E-005, 61.3332, 0.00032201, -99.3088, 0.000137025, 76.8492
1898, 31.62500, 0.341398, -7.03857, 1.09281, -153.26, 1.00212, 20.1455, 6.04544E-005, 61.3117, 0.000321619, -99.2823, 0.000136812, 76.8697
1898, 31.63333, 0.341752, -7.0828, 1.09124, -153.234, 1.00041, 20.1464, 6.04844E-005, 61.2901, 0.000321228, -99.2557, 0.0001366, 76.8902
1899, 31.64167, 0.342107, -7.12717, 1.08967, -153.209, 0.998698, 20.1472, 6.05145E-005, 61.2684, 0.000320837, -99.229, 0.000136388, 76.9107
1899, 31.65000, 0.342462, -7.17165, 1.08811, -153.183, 0.996986, 20.1479, 6.05447E-005, 61.2465, 0.000320445, -99.2023, 0.000136175, 76.9313
1900, 31.65833, 0.342819, -7.21626, 1.08654, -153.157, 0.995274, 20.1486, 6.05749E-005, 61.2246, 0.000320054, -99.1755, 0.000135963, 76.9518
1900, 31.66667, 0.343176, -7.26101, 1.08497, -153.13, 0.993562, 20.1493, 6.06053E-005, 61.2026, 0.000319662, -99.1486, 0.00013575, 76.9724
1901, 31.67500, 0.343535, -7.30587, 1.08341, -153.104, 0.99185, 20.15, 6.06357E-005, 61.1804, 0.00031927, -99.1216, 0.000135538, 76.9931
1901, 31.68333, 0.343894, -7.35087, 1.08184, -153.078, 0.990139, 20.1506, 6.06662E-005, 61.1582, 0.000318879, -99.0945, 0.000135325, 77.0138
1902, 31.69167, 0.344254, -7.396, 1.08028, -153.051, 0.988427, 20.1512, 6.06968E-005, 61.1358, 0.000318487, -99.0674, 0.000135112, 77.0345
1902, 31.70000, 0.344615, -7.44125, 1.07872, -153.024, 0.986716, 20.1517, 6.07275E-005, 61.1133, 0.000318095, -99.0401, 0.0001349, 77.0552
1903, 31.70833, 0.344977, -7.48663, 1.07715, -152.997, 0.985005, 20.1522, 6.07583E-005, 61.0908, 0.000317703, -99.0128, 0.000134687, 77.076
1903, 31.71667, 0.34534, -7.53215, 1.07559, -152.97, 0.983293, 20.1527, 6.07891E-005, 61.0681, 0.000317311, -98.9854, 0.000134474, 77.0968
1904, 31.72500, 0.345704, -7.5778, 1.07403, -152.943, 0.981582, 20.1531, 6.08201E-005, 61.0453, 0.000316918, -98.9579, 0.000134261, 77.1176
1904, 31.73333, 0.346068, -7.62357, 1.07247, -152.916, 0.979871, 20.1535, 6.08511E-005, 61.0224, 0.000316526, -98.9303, 0.000134048, 77.1384
1905, 31.74167, 0.346434, -7.66949, 1.07091, -152.889, 0.97816, 20.1539, 6.08823E-005, 60.9994, 0.000316134, -98.9026, 0.000133835, 77.1593
1905, 31.75000, 0.3468, -7.71553, 1.06935, -152.861, 0.976449, 20.1542, 6.09135E-005, 60.9762, 0.000315741, -98.8748, 0.000133622, 77.1803
1906, 31.75833, 0.347167, -7.76171, 1.06779, -152.834, 0.974738, 20.1544, 6.09448E-005, 60.953, 0.000315349, -98.847, 0.000133409, 77.2012
1906, 31.76667, 0.347536, -7.80803, 1.06623, -152.806, 0.973027, 20.1547, 6.09762E-005, 60.9297, 0.000314956, -98.819, 0.000133196, 77.2222
1907, 31.77500, 0.347905, -7.85448, 1.06467, -152.778, 0.971317, 20.1549, 6.10076E-005, 60.9062, 0.000314564, -98.7909, 0.000132983, 77.2432
1907, 31.78333, 0.348275, -7.90107, 1.06312, -152.75, 0.969606, 20.155, 6.10392E-005, 60.8826, 0.000314171, -98.7628, 0.00013277, 77.2643
1908, 31.79167, 0.348646, -7.94779, 1.06156, -152.722, 0.967895, 20.1551, 6.10709E-005, 60.8589, 0.000313778, -98.7346, 0.000132556, 77.2853
1908, 31.80000, 0.349018, -7.99465, 1.06001, -152.693, 0.966184, 20.1552, 6.11026E-005, 60.8351, 0.000313386, -98.7063, 0.000132343, 77.3064
1909, 31.80833, 0.349391, -8.04165, 1.05845, -152.665, 0.964474, 20.1552, 6.11344E-005, 60.8112, 0.000312993, -98.6778, 0.00013213, 77.3276
1909, 31.81667, 0.349764, -8.08879, 1.0569, -152.636, 0.962763, 20.1552, 6.11664E-005, 60.7872, 0.0003126, -98.6493, 0.000131916, 77.3488
1910, 31.82500, 0.350139, -8.13607, 1.05534, -152.608, 0.961053, 20.1551, 6.11984E-005, 60.763, 0.000312207, -98.6207, 0.000131703, 77.37
1910, 31.83333, 0.350515, -8.18349, 1.05379, -152.579, 0.959342, 20.155, 6.12305E-005, 60.7388, 0.000311813, -98.592, 0.000131489, 77.3912
1911, 31.84167, 0.350891, -8.23105, 1.05224, -152.55, 0.957631, 20.1548, 6.12627E-005, 60.7144, 0.00031142, -98.5632, 0.000131276, 77.4125
1911, 31.85000, 0.351269, -8.27875, 1.05069, -152.521, 0.955921, 20.1546, 6.1295E-005, 60.6899, 0.000311027, -98.5343, 0.000131062, 77.4338
1912, 31.85833, 0.351647, -8.32659, 1.04914, -152.491, 0.95421, 20.1544, 6.13274E-005, 60.6653, 0.000310634, -98.5053, 0.000130848, 77.4551
1912, 31.86667, 0.352027, -8.37458, 1.04759, -152.462, 0.952499, 20.1541, 6.13599E-005, 60.6406, 0.00031024, -98.4762, 0.000130635, 77.4765
1913, 31.87500, 0.352407, -8.42271, 1.04604, -152.432, 0.950789, 20.1537, 6.13924E-005, 60.6157, 0.000309847, -98.447, 0.000130421, 77.4979
1913, 31.88333, 0.352789, -8.47099, 1.04449, -152.403, 0.949078, 20.1533, 6.14251E-005, 60.5907, 0.000309453, -98.4177, 0.000130207, 77.5193
1914, 31.89167, 0.353171, -8.51941, 1.04294, -152.373, 0.947367, 20.1529, 6.14578E-005, 60.5656, 0.00030906, -98.3883, 0.000129993, 77.5408
1914, 31.90000, 0.353555, -8.56798, 1.0414, -152.343, 0.945657, 20.1524, 6.14907E-005, 60.5404, 0.000308666, -98.3588, 0.000129779, 77.5622
1915, 31.90833, 0.353939, -8.61669, 1.03985, -152.312, 0.943946, 20.1518, 6.15236E-005, 60.5151, 0.000308272, -98.3292, 0.000129565, 77.5838
1915, 31.91667, 0.354324, -8.66555, 1.0383, -152.282, 0.942235, 20.1513, 6.15567E-005, 60.4896, 0.000307878, -98.2995, 0.000129351, 77.6053
1916, 31.92500, 0.35471, -8.71456, 1.03676, -152.252, 0.940524, 20.1506, 6.15898E-005, 60.4641, 0.000307484, -98.2697, 0.000129137, 77.6269
1916, 31.93333, 0.355098, -8.76372, 1.03522, -152.221, 0.938813, 20.1499, 6.1623E-005, 60.4384, 0.000307091, -98.2398, 0.000128922, 77.6485
1917, 31.94167, 0.355486, -8.81303, 1.03367, -152.19, 0.937102, 20.1492, 6.16564E-005, 60.4125, 0.000306696, -98.2098, 0.000128708, 77.6702
1917, 31.95000, 0.355875, -8.86249, 1.03213, -152.159, 0.935391, 20.1484, 6.16898E-005, 60.3866, 0.000306302, -98.1797, 0.000128494, 77.6919
1918, 31.95833, 0.356265, -8.91209, 1.03059, -152.128, 0.93368, 20.1475, 6.17233E-005, 60.3605, 0.000305908, -98.1495, 0.000128279, 77.7136
1918, 31.96667, 0.356657, -8.96186, 1.02905, -152.097, 0.931969, 20.1466, 6.17569E-005, 60.3343, 0.000305514, -98.1191, 0.000128065, 77.7354
1919, 31.97500, 0.357049, -9.01177, 1.02751, -152.066, 0.930258, 20.1457, 6.17906E-005, 60.308, 0.00030512, -98.0887, 0.000127851, 77.7571
1919, 31.98333, 0.357442, -9.06184, 1.02597, -152.034, 0.928546, 20.1446, 6.18244E-005, 60.2815, 0.000304726, -98.0582, 0.000127636, 77.779
1920, 31.99167, 0.357836, -9.11207, 1.02443, -152.002, 0.926835, 20.1436, 6.18583E-005, 60.2549, 0.000304331, -98.0275, 0.000127421, 77.8008
1920, 32.00000, 0.358232, -9.16244, 1.02289, -151.97, 0.925123, 20.1424, 6.18923E-005, 60.2282, 0.000303937, -97.9968, 0.000127207, 77.8227
1921, 32.00833, 0.358628, -9.21297, 1.02136, -151.938, 0.923412, 20.1413, 6.19264E-005, 60.2014, 0.000303542, -97.9659, 0.000126992, 77.8446
1921, 32.01667, 0.359025, -9.26367, 1.01982, -151.906, 0.9217, 20.14, 6.19606E-005, 60.1744, 0.000303148, -97.9349, 0.000126777, 77.8666
1922, 32.02500, 0.359424, -9.31451, 1.01829, -151.874, 0.919988, 20.1387, 6.19949E-005, 60.1473, 0.000302753, -97.9038, 0.000126562, 77.8886
1922, 32.03333, 0.359823, -9.36551, 1.01675, -151.841, 0.918276, 20.1374, 6.20292E-005, 60.1201, 0.000302359, -97.8726, 0.000126347, 77.9106
1923, 32.04167, 0.360223, -9.41668, 1.01522, -151.809, 0.916564, 20.136, 6.20637E-005, 60.0928, 0.000301964, -97.8413, 0.000126132, 77.9326
1923, 32.05000, 0.360625, -9.46801, 1.01369, -151.776, 0.914852, 20.1345, 6.20983E-005, 60.0653, 0.000301569, -97.8099, 0.000125917, 77.9547
1924, 32.05833, 0.361027, -9.51949, 1.01216, -151.743, 0.913139, 20.1329, 6.2133E-005, 60.0377, 0.000301174, -97.7783, 0.000125702, 77.9768
1924, 32.06667, 0.361431, -9.57114, 1.01063, -151.71, 0.911427, 20.1313, 6.21678E-005, 60.0099, 0.00030078, -97.7467, 0.000125487, 77.999
1925, 32.07500, 0.361835, -9.62294, 1.0091, -151.676, 0.909714, 20.1297, 6.22027E-005, 59.982, 0.000300385, -97.7149, 0.000125272, 78.0212
1925, 32.08333, 0.362241, -9.67491, 1.00757, -151.643, 0.908001, 20.128, 6.22377E-005, 59.954, 0.00029999, -97.683, 0.000125056, 78.0434
1926, 32.09167, 0.362648, -9.72705, 1.00604, -151.609, 0.906288, 20.1262, 6.22727E-005, 59.9258, 0.000299595, -97.651, 0.000124841, 78.0656
1926, 32.10000, 0.363055, -9.77935, 1.00451, -151.575, 0.904575, 20.1243, 6.23079E-005, 59.8975, 0.0002992, -97.6188, 0.000124625, 78.0879
1927, 32.10833, 0.363464, -9.83181, 1.00299, -151.541, 0.902862, 20.1224, 6.23432E-005, 59.8691, 0.000298805, -97.5866, 0.00012441, 78.1102
1927, 32.11667, 0.363874, -9.88445, 1.00146, -151.507, 0.901148, 20.1204, 6.23786E-005, 59.8406, 0.00029841, -97.5542, 0.000124194, 78.1326
1928, 32.12500, 0.364285, -9.93724, 0.999937, -151.472, 0.899434, 20.1184, 6.24141E-005, 59.8119, 0.000298014, -97.5217, 0.000123979, 78.155
1928, 32.13333, 0.364697, -9.9902, 0.998414, -151.438, 0.89772, 20.1163, 6.24497E-005, 59.783, 0.000297619, -97.4891, 0.000123763, 78.1774
1929, 32.14167, 0.36511, -10.0433, 0.996891, -151.403, 0.896006, 20.1141, 6.24854E-005, 59.754, 0.000297224, -97.4564, 0.000123547, 78.1998
1929, 32.15000, 0.365524, -10.0966, 0.99537, -151.368, 0.894292, 20.1118, 6.25211E-005, 59.7249, 0.000296829, -97.4235, 0.000123331, 78.2223
1930, 32.15833, 0.365939, -10.1501, 0.993849, -151.333, 0.892577, 20.1095, 6.2557E-005, 59.6957, 0.000296433, -97.3905, 0.000123115, 78.2449
1930, 32.16667, 0.366356, -10.2038, 0.99233, -151.298, 0.890862, 20.1071, 6.2593E-005, 59.6663, 0.000296038, -97.3574, 0.000122899, 78.2674
1931, 32.17500, 0.366773, -10.2576, 0.990811, -151.262, 0.889147, 20.1047, 6.26291E-005, 59.6367, 0.000295643, -97.3242, 0.000122683, 78.29
1931, 32.18333, 0.367192, -10.3116, 0.989294, -151.227, 0.887432, 20.1021, 6.26653E-005, 59.6071, 0.000295247, -97.2909, 0.000122467, 78.3126
1932, 32.19167, 0.367611, -10.3657, 0.987777, -151.191, 0.885716, 20.0995, 6.27017E-005, 59.5772, 0.000294852, -97.2574, 0.000122251, 78.3353
1932, 32.20000, 0.368032, -10.4201, 0.986261, -151.155, 0.884001, 20.0969, 6.27381E-005, 59.5473, 0.000294456, -97.2238, 0.000122035, 78.358
1933, 32.20833, 0.368454, -10.4746, 0.984747, -151.119, 0.882285, 20.0941, 6.27746E-005, 59.5172, 0.000294061, -97.19, 0.000121818, 78.3807
1933, 32.21667, 0.368877, -10.5293, 0.983233, -151.082, 0.880568, 20.0913, 6.28112E-005, 59.4869, 0.000293665, -97.1561, 0.000121602, 78.4035
1934, 32.22500, 0.369301, -10.5841, 0.981721, -151.046, 0.878852, 20.0884, 6.28479E-005, 59.4565, 0.000293269, -97.1221, 0.000121386, 78.4263
1934, 32.23333, 0.369726, -10.6392, 0.980209, -151.009, 0.877135, 20.0854, 6.28848E-005, 59.4259, 0.000292874, -97.088, 0.000121169, 78.4491
1935, 32.24167, 0.370153, -10.6944, 0.978699, -150.972, 0.875418, 20.0823, 6.29217E-005, 59.3952, 0.000292478, -97.0537, 0.000120952, 78.4719
1935, 32.25000, 0.37058, -10.7498, 0.977189, -150.935, 0.8737, 20.0792, 6.29588E-005, 59.3644, 0.000292082, -97.0193, 0.000120736, 78.4948
1936, 32.25833, 0.371009, -10.8054, 0.975681, -150.898, 0.871982, 20.076, 6.29959E-005, 59.3334, 0.000291687, -96.9848, 0.000120519, 78.5178
1936, 32.26667, 0.371438, -10.8612, 0.974174, -150.86, 0.870264, 20.0727, 6.30332E-005, 59.3023, 0.000291291, -96.9501, 0.000120302, 78.5407
1937, 32.27500, 0.371869, -10.9171, 0.972667, -150.822, 0.868546, 20.0694, 6.30705E-005, 59.271, 0.000290895, -96.9153, 0.000120085, 78.5637
1937, 32.28333, 0.372301, -10.9733, 0.971162, -150.784, 0.866827, 20.0659, 6.3108E-005, 59.2395, 0.000290499, -96.8804, 0.000119868, 78.5868
1938, 32.29167, 0.372735, -11.0296, 0.969658, -150.746, 0.865108, 20.0624, 6.31456E-005, 59.2079, 0.000290103, -96.8453, 0.000119651, 78.6099
1938, 32.30000, 0.373169, -11.0861, 0.968155, -150.708, 0.863389, 20.0588, 6.31833E-005, 59.1762, 0.000289708, -96.8101, 0.000119434, 78.633
1939, 32.30833, 0.373604, -11.1428, 0.966653, -150.669, 0.861669, 20.0551, 6.32211E-005, 59.1443, 0.000289312, -96.7747, 0.000119216, 78.6561
1939, 32.31667, 0.374041, -11.1996, 0.965153, -150.631, 0.859949, 20.0513, 6.3259E-005, 59.1122, 0.000288916, -96.7392, 0.000118999, 78.6793
1940, 32.32500, 0.374479, -11.2567, 0.963653, -150.592, 0.858228, 20.0474, 6.3297E-005, 59.08, 0.00028852, -96.7036, 0.000118782, 78.7025
1940, 32.33333, 0.374918, -11.314, 0.962155, -150.553, 0.856508, 20.0434, 6.33351E-005, 59.0477, 0.000288124, -96.6678, 0.000118564, 78.7257
1941, 32.34167, 0.375358, -11.3714, 0.960657, -150.513, 0.854786, 20.0394, 6.33733E-005, 59.0152, 0.000287728, -96.6319, 0.000118347, 78.749
1941, 32.35000, 0.375799, -11.429, 0.959161, -150.474, 0.853065, 20.0353, 6.34116E-005, 58.9825, 0.000287332, -96.5958, 0.000118129, 78.7723
1942, 32.35833, 0.376242, -11.4869, 0.957666, -150.434, 0.851343, 20.031, 6.34501E-005, 58.9496, 0.000286936, -96.5596, 0.000117911, 78.7957
1942, 32.36667, 0.376685, -11.5449, 0.956172, -150.394, 0.84962, 20.0267, 6.34886E-005, 58.9167, 0.00028654, -96.5232, 0.000117693, 78.8191
1943, 32.37500, 0.37713, -11.6031, 0.95468, -150.354, 0.847897, 20.0223, 6.35273E-005, 58.8835, 0.000286145, -96.4867, 0.000117475, 78.8425
1943, 32.38333, 0.377576, -11.6615, 0.953189, -150.314, 0.846174, 20.0178, 6.35661E-005, 58.8502, 0.000285749, -96.4501, 0.000117258, 78.8659
1944, 32.39167, 0.378024, -11.7201, 0.951698, -150.273, 0.84445, 20.0133, 6.3605E-005, 58.8167, 0.000285353, -96.4132, 0.000117039, 78.8894
1944, 32.40000, 0.378472, -11.7789, 0.950209, -150.232, 0.842726, 20.0086, 6.3644E-005, 58.7831, 0.000284957, -96.3763, 0.000116821, 78.913
1945, 32.40833, 0.378922, -11.8379, 0.948722, -150.191, 0.841002, 20.0038, 6.36831E-005, 58.7493, 0.000284561, -96.3392, 0.000116603, 78.9365
1945, 32.41667, 0.379373, -11.8971, 0.947235, -150.15, 0.839277, 19.9989, 6.37223E-005, 58.7153, 0.000284165, -96.3019, 0.000116385, 78.9601
1946, 32.42500, 0.379825, -11.9565, 0.94575, -150.109, 0.837551, 19.9939, 6.37616E-005, 58.6812, 0.000283769, -96.2645, 0.000116166, 78.9838
1946, 32.43333, 0.380278, -12.0161, 0.944266, -150.067, 0.835825, 19.9889, 6.38011E-005, 58.6469, 0.000283373, -96.2269, 0.000115948, 79.0074
1947, 32.44167, 0.380733, -12.0759, 0.942784, -150.025, 0.834099, 19.9837, 6.38406E-005, 58.6125, 0.000282977, -96.1892, 0.000115729, 79.0311
1947, 32.45000, 0.381188, -12.1359, 0.941302, -149.983, 0.832372, 19.9784, 6.38803E-005, 58.5779, 0.000282581, -96.1513, 0.000115511, 79.0549
1948, 32.45833, 0.381645, -12.1961, 0.939822, -149.941, 0.830645, 19.9731, 6.39201E-005, 58.5431, 0.000282185, -96.1133, 0.000115292, 79.0787
1948, 32.46667, 0.382104, -12.2565, 0.938344, -149.898, 0.828917, 19.9676, 6.396E-005, 58.5081, 0.000281789, -96.0751, 0.000115073, 79.1025
1949, 32.47500, 0.382563, -12.3171, 0.936866, -149.856, 0.827188, 19.962, 6.4E-005, 58.473, 0.000281393, -96.0367, 0.000114854, 79.1263
1949, 32.48333, 0.383024, -12.3779, 0.93539, -149.813, 0.825459, 19.9563, 6.40401E-005, 58.4377, 0.000280997, -95.9982, 0.000114635, 79.1502
1950, 32.49167, 0.383486, -12.439, 0.933915, -149.769, 0.82373, 19.9506, 6.40803E-005, 58.4022, 0.000280601, -95.9595, 0.000114416, 79.1741
1950, 32.50000, 0.383949, -12.5002, 0.932442, -149.726, 0.822, 19.9447, 6.41207E-005, 58.3666, 0.000280206, -95.9207, 0.000114197, 79.1981
1951, 32.50833, 0.384413, -12.5617, 0.93097, -149.682, 0.820269, 19.9387, 6.41611E-005, 58.3308, 0.00027981, -95.8817, 0.000113977, 79.2221
1951, 32.51667, 0.384879, -12.6233, 0.9295, -149.638, 0.818538, 19.9326, 6.42017E-005, 58.2948, 0.000279414, -95.8425, 0.000113758, 79.2461
1952, 32.52500, 0.385346, -12.6852, 0.92803, -149.594, 0.816806, 19.9263, 6.42424E-005, 58.2586, 0.000279018, -95.8031, 0.000113538, 79.2702
1952, 32.53333, 0.385814, -12.7473, 0.926563, -149.55, 0.815074, 19.92, 6.42832E-005, 58.2223, 0.000278622, -95.7636, 0.000113319, 79.2943
1953, 32.54167, 0.386284, -12.8096, 0.925096, -149.505, 0.813341, 19.9136, 6.43241E-005, 58.1858, 0.000278227, -95.724, 0.000113099, 79.3184
1953, 32.55000, 0.386755, -12.8721, 0.923632, -149.461, 0.811607, 19.907, 6.43652E-005, 58.1491, 0.000277831, -95.6841, 0.000112879, 79.3426
1954, 32.55833, 0.387227, -12.9348, 0.922168, -149.415, 0.809873, 19.9003, 6.44063E-005, 58.1123, 0.000277435, -95.6441, 0.000112659, 79.3668
1954, 32.56667, 0.3877, -12.9977, 0.920706, -149.37, 0.808139, 19.8935, 6.44476E-005, 58.0752, 0.00027704, -95.6039, 0.000112439, 79.391
1955, 32.57500, 0.388175, -13.0609, 0.919246, -149.325, 0.806403, 19.8866, 6.4489E-005, 58.038, 0.000276644, -95.5635, 0.000112219, 79.4153
1955, 32.58333, 0.388651, -13.1243, 0.917787, -149.279, 0.804667, 19.8796, 6.45305E-005, 58.0006, 0.000276249, -95.523, 0.000111999, 79.4396
1956, 32.59167, 0.389128, -13.1879, 0.916329, -149.233, 0.802931, 19.8725, 6.45721E-005, 57.963, 0.000275853, -95.4823, 0.000111779, 79.464
1956, 32.60000, 0.389607, -13.2517, 0.914873, -149.186, 0.801193, 19.8652, 6.46138E-005, 57.9253, 0.000275458, -95.4414, 0.000111559, 79.4884
1957, 32.60833, 0.390086, -13.3158, 0.913419, -149.14, 0.799455, 19.8578, 6.46557E-005, 57.8873, 0.000275062, -95.4003, 0.000111338, 79.5128
1957, 32.61667, 0.390568, -13.38, 0.911966, -149.093, 0.797717, 19.8503, 6.46977E-005, 57.8492, 0.000274667, -95.3591, 0.000111118, 79.5373
1958, 32.62500, 0.39105, -13.4445, 0.910515, -149.046, 0.795977, 19.8426, 6.47398E-005, 57.8109, 0.000274271, -95.3177, 0.000110897, 79.5618
1958, 32.63333, 0.391534, -13.5092, 0.909065, -148.999, 0.794237, 19.8349, 6.4782E-005, 57.7724, 0.000273876, -95.2761, 0.000110676, 79.5863
1959, 32.64167, 0.392019, -13.5742, 0.907617, -148.951, 0.792497, 19.827, 6.48243E-005, 57.7337, 0.000273481, -95.2343, 0.000110455, 79.6109
1959, 32.65000, 0.392506, -13.6394, 0.906171, -148.904, 0.790755, 19.819, 6.48667E-005, 57.6948, 0.000273086, -95.1923, 0.000110234, 79.6355
1960, 32.65833, 0.392993, -13.7048, 0.904726, -148.856, 0.789013, 19.8108, 6.49093E-005, 57.6557, 0.000272691, -95.1502, 0.000110013, 79.6601
1960, 32.66667, 0.393483, -13.7704, 0.903283, -148.807, 0.78727, 19.8025, 6.4952E-005, 57.6165, 0.000272295, -95.1078, 0.000109792, 79.6848
1961, 32.67500, 0.393973, -13.8363, 0.901841, -148.759, 0.785526, 19.7941, 6.49948E-005, 57.577, 0.000271901, -95.0653, 0.000109571, 79.7096
1961, 32.68333, 0.394465, -13.9024, 0.900401, -148.71, 0.783782, 19.7856, 6.50377E-005, 57.5374, 0.000271506, -95.0226, 0.000109349, 79.7343
1962, 32.69167, 0.394958, -13.9687, 0.898963, -148.661, 0.782036, 19.7769, 6.50807E-005, 57.4976, 0.000271111, -94.9796, 0.000109128, 79.7591
1962, 32.70000, 0.395452, -14.0353, 0.897527, -148.612, 0.78029, 19.7681, 6.51239E-005, 57.4576, 0.000270716, -94.9365, 0.000108906, 79.7839
1963, 32.70833, 0.395948, -14.1021, 0.896092, -148.562, 0.778544, 19.7591, 6.51672E-005, 57.4173, 0.000270321, -94.8932, 0.000108684, 79.8088
1963, 32.71667, 0.396446, -14.1691, 0.894659, -148.512, 0.776796, 19.75, 6.52106E-005, 57.3769, 0.000269927, -94.8498, 0.000108462, 79.8337
1964, 32.72500, 0.396944, -14.2364, 0.893227, -148.462, 0.775048, 19.7408, 6.52541E-005, 57.3363, 0.000269532, -94.8061, 0.00010824, 79.8587
1964, 32.73333, 0.397444, -14.3039, 0.891798, -148.412, 0.773298, 19.7314, 6.52977E-005, 57.2955, 0.000269137, -94.7622, 0.000108018, 79.8836
1965, 32.74167, 0.397945, -14.3717, 0.89037, -148.361, 0.771548, 19.7218, 6.53415E-005, 57.2545, 0.000268743, -94.7181, 0.000107796, 79.9087
1965, 32.75000, 0.398448, -14.4397, 0.888944, -148.31, 0.769797, 19.7122, 6.53854E-005, 57.2133, 0.000268349, -94.6738, 0.000107574, 79.9337
1966, 32.75833, 0.398952, -14.5079, 0.88752, -148.259, 0.768045, 19.7023, 6.54294E-005, 57.1719, 0.000267955, -94.6294, 0.000107351, 79.9588
1966, 32.76667, 0.399458, -14.5764, 0.886098, -148.207, 0.766293, 19.6924, 6.54735E-005, 57.1303, 0.00026756, -94.5847, 0.000107129, 79.9839
1967, 32.77500, 0.399965, -14.6451, 0.884678, -148.156, 0.764539, 19.6822, 6.55178E-005, 57.0885, 0.000267166, -94.5398, 0.000106906, 80.0091
1967, 32.78333, 0.400473, -14.7141, 0.883259, -148.104, 0.762785, 19.672, 6.55621E-005, 57.0465, 0.000266772, -94.4947, 0.000106683, 80.0343
1968, 32.79167, 0.400983, -14.7833, 0.881842, -148.051, 0.761029, 19.6615, 6.56066E-005, 57.0042, 0.000266378, -94.4494, 0.00010646, 80.0596
1968, 32.80000, 0.401494, -14.8528, 0.880428, -147.999, 0.759273, 19.6509, 6.56512E-005, 56.9618, 0.000265985, -94.4039, 0.000106237, 80.0848
1969, 32.80833, 0.402006, -14.9225, 0.879015, -147.946, 0.757516, 19.6402, 6.5696E-005, 56.9192, 0.000265591, -94.3582, 0.000106014, 80.1102
1969, 32.81667, 0.40252, -14.9925, 0.877604, -147.893, 0.755757, 19.6293, 6.57408E-005, 56.8764, 0.000265198, -94.3123, 0.000105791, 80.1355
1970, 32.82500, 0.403035, -15.0627, 0.876195, -147.839, 0.753998, 19.6182, 6.57858E-005, 56.8333, 0.000264804, -94.2662, 0.000105568, 80.1609
1970, 32.83333, 0.403552, -15.1332, 0.874788, -147.785, 0.752238, 19.607, 6.58309E-005, 56.7901, 0.000264411, -94.2198, 0.000105344, 80.1863
1971, 32.84167, 0.40407, -15.204, 0.873383, -147.731, 0.750477, 19.5956, 6.58761E-005, 56.7466, 0.000264018, -94.1733, 0.00010512, 80.2118
1971, 32.85000, 0.40459, -15.275, 0.87198, -147.677, 0.748715, 19.584, 6.59215E-005, 56.7029, 0.000263625, -94.1265, 0.000104897, 80.2373
1972, 32.85833, 0.405111, -15.3462, 0.870579, -147.623, 0.746952, 19.5723, 6.59669E-005, 56.659, 0.000263232, -94.0795, 0.000104673, 80.2629
1972, 32.86667, 0.405633, -15.4177, 0.869181, -147.568, 0.745187, 19.5604, 6.60126E-005, 56.6149, 0.000262839, -94.0323, 0.000104449, 80.2885
1973, 32.87500, 0.406157, -15.4895, 0.867784, -147.512, 0.743422, 19.5484, 6.60583E-005, 56.5706, 0.000262446, -93.9849, 0.000104225, 80.3141
1973, 32.88333, 0.406683, -15.5615, 0.866389, -147.457, 0.741656, 19.5361, 6.61041E-005, 56.5261, 0.000262054, -93.9372, 0.000104, 80.3397
1974, 32.89167, 0.40721, -15.6339, 0.864997, -147.401, 0.739889, 19.5237, 6.61501E-005, 56.4813, 0.000261661, -93.8893, 0.000103776, 80.3654
1974, 32.90000, 0.407738, -15.7064, 0.863606, -147.345, 0.73812, 19.5111, 6.61962E-005, 56.4363, 0.000261269, -93.8412, 0.000103551, 80.3912
1975, 32.90833, 0.408267, -15.7792, 0.862218, -147.289, 0.736351, 19.4983, 6.62424E-005, 56.3912, 0.000260877, -93.7929, 0.000103327, 80.4169
1975, 32.91667, 0.408799, -15.8523, 0.860832, -147.232, 0.73458, 19.4854, 6.62887E-005, 56.3457, 0.000260485, -93.7444, 0.000103102, 80.4428
1976, 32.92500, 0.409331, -15.9257, 0.859448, -147.175, 0.732808, 19.4723, 6.63352E-005, 56.3001, 0.000260093, -93.6956, 0.000102877, 80.4686
1976, 32.93333, 0.409865, -15.9993, 0.858067, -147.118, 0.731036, 19.4589, 6.63818E-005, 56.2543, 0.000259701, -93.6466, 0.000102652, 80.4945
1977, 32.94167, 0.410401, -16.0732, 0.856687, -147.06, 0.729262, 19.4454, 6.64285E-005, 56.2082, 0.00025931, -93.5973, 0.000102427, 80.5204
1977, 32.95000, 0.410938, -16.1474, 0.85531, -147.002, 0.727486, 19.4317, 6.64753E-005, 56.1619, 0.000258918, -93.5479, 0.000102201, 80.5464
1978, 32.95833, 0.411477, -16.2219, 0.853935, -146.944, 0.72571, 19.4179, 6.65223E-005, 56.1153, 0.000258527, -93.4981, 0.000101976, 80.5724
1978, 32.96667, 0.412017, -16.2966, 0.852562, -146.886, 0.723933, 19.4038, 6.65694E-005, 56.0686, 0.000258136, -93.4482, 0.00010175, 80.5984
1979, 32.97500, 0.412558, -16.3716, 0.851192, -146.827, 0.722154, 19.3895, 6.66166E-005, 56.0216, 0.000257745, -93.398, 0.000101524, 80.6245
1979, 32.98333, 0.413101, -16.4469, 0.849825, -146.768, 0.720374, 19.3751, 6.6664E-005, 55.9744, 0.000257354, -93.3476, 0.000101298, 80.6506
1980, 32.99167, 0.413646, -16.5224, 0.848459, -146.708, 0.718593, 19.3604, 6.67114E-005, 55.9269, 0.000256964, -93.2969, 0.000101072, 80.6768
1980, 33.00000, 0.414192, -16.5983, 0.847096, -146.649, 0.716811, 19.3455, 6.6759E-005, 55.8792, 0.000256573, -93.246, 0.000100846, 80.703
1981, 33.00833, 0.41474, -16.6744, 0.845735, -146.588, 0.715027, 19.3305, 6.68067E-005, 55.8313, 0.000256183, -93.1949, 0.00010062, 80.7292
1981, 33.01667, 0.415289, -16.7508, 0.844377, -146.528, 0.713242, 19.3152, 6.68546E-005, 55.7832, 0.000255793, -93.1435, 0.000100393, 80.7555
1982, 33.02500, 0.415839, -16.8275, 0.843021, -146.467, 0.711456, 19.2997, 6.69026E-005, 55.7348, 0.000255404, -93.0918, 0.000100167, 80.7818
1982, 33.03333, 0.416392, -16.9045, 0.841668, -146.406, 0.709668, 19.284, 6.69506E-005, 55.6862, 0.000255014, -93.0399, 9.99397E-005, 80.8082
1983, 33.04167, 0.416945, -16.9817, 0.840317, -146.345, 0.707879, 19.2681, 6.69989E-005, 55.6373, 0.000254625, -92.9878, 9.97128E-005, 80.8346
1983, 33.05000, 0.4175, -17.0593, 0.838969, -146.283, 0.706089, 19.252, 6.70472E-005, 55.5882, 0.000254235, -92.9354, 9.94857E-005, 80.861
1984, 33.05833, 0.418057, -17.1371, 0.837623, -146.221, 0.704298, 19.2357, 6.70957E-005, 55.5389, 0.000253847, -92.8827, 9.92584E-005, 80.8875
1984, 33.06667, 0.418615, -17.2153, 0.83628, -146.159, 0.702505, 19.2191, 6.71443E-005, 55.4893, 0.000253458, -92.8298, 9.9031E-005, 80.914
1985, 33.07500, 0.419175, -17.2937, 0.83494, -146.096, 0.700711, 19.2024, 6.7193E-005, 55.4394, 0.000253069, -92.7766, 9.88034E-005, 80.9405
1985, 33.08333, 0.419737, -17.3724, 0.833602, -146.033, 0.698915, 19.1854, 6.72419E-005, 55.3894, 0.000252681, -92.7232, 9.85757E-005, 80.9671
1986, 33.09167, 0.4203, -17.4514, 0.832267, -145.97, 0.697118, 19.1682, 6.72909E-005, 55.3391, 0.000252293, -92.6695, 9.83478E-005, 80.9938
1986, 33.10000, 0.420864, -17.5307, 0.830934, -145.906, 0.69532, 19.1507, 6.734E-005, 55.2885, 0.000251905, -92.6156, 9.81197E-005, 81.0204
1987, 33.10833, 0.42143, -17.6103, 0.829604, -145.842, 0.69352, 19.133, 6.73892E-005, 55.2377, 0.000251518, -92.5614, 9.78915E-005, 81.0471
1987, 33.11667, 0.421998, -17.6902, 0.828277, -145.778, 0.691718, 19.1151, 6.74386E-005, 55.1866, 0.00025113, -92.5069, 9.76631E-005, 81.0739
1988, 33.12500, 0.422567, -17.7705, 0.826953, -145.713, 0.689916, 19.097, 6.74881E-005, 55.1353, 0.000250743, -92.4522, 9.74346E-005, 81.1007
1988, 33.13333, 0.423137, -17.851, 0.825632, -145.648, 0.688111, 19.0786, 6.75377E-005, 55.0837, 0.000250356, -92.3971, 9.72059E-005, 81.1275
1989, 33.14167, 0.42371, -17.9318, 0.824313, -145.582, 0.686305, 19.06, 6.75874E-005, 55.0319, 0.00024997, -92.3419, 9.6977E-005, 81.1544
1989, 33.15000, 0.424284, -18.0129, 0.822997, -145.517, 0.684498, 19.0411, 6.76373E-005, 54.9799, 0.000249583, -92.2863, 9.6748E-005, 81.1813
1990, 33.15833, 0.424859, -18.0943, 0.821684, -145.451, 0.682689, 19.022, 6.76873E-005, 54.9275, 0.000249197, -92.2305, 9.65188E-005, 81.2082
1990, 33.16667, 0.425436, -18.1761, 0.820374, -145.384, 0.680879, 19.0026, 6.77374E-005, 54.875, 0.000248811, -92.1744, 9.62894E-005, 81.2352
1991, 33.17500, 0.426015, -18.2581, 0.819067, -145.317, 0.679067, 18.983, 6.77877E-005, 54.8221, 0.000248426, -92.118, 9.60598E-005, 81.2623
1991, 33.18333, 0.426595, -18.3405, 0.817763, -145.25, 0.677253, 18.9632, 6.7838E-005, 54.769, 0.000248041, -92.0613, 9.58301E-005, 81.2893
1992, 33.19167, 0.427177, -18.4232, 0.816462, -145.183, 0.675438, 18.943, 6.78885E-005, 54.7156, 0.000247656, -92.0044, 9.56002E-005, 81.3164
1992, 33.20000, 0.42776, -18.5062, 0.815163, -145.115, 0.673621, 18.9226, 6.79392E-005, 54.662, 0.000247271, -91.9472, 9.53702E-005, 81.3436
1993, 33.20833, 0.428346, -18.5895, 0.813868, -145.047, 0.671803, 18.902, 6.79899E-005, 54.6081, 0.000246887, -91.8896, 9.51399E-005, 81.3708
1993, 33.21667, 0.428932, -18.6731, 0.812576, -144.978, 0.669982, 18.8811, 6.80408E-005, 54.554, 0.000246503, -91.8318, 9.49095E-005, 81.398
1994, 33.22500, 0.429521, -18.7571, 0.811287, -144.909, 0.668161, 18.8599, 6.80918E-005, 54.4996, 0.000246119, -91.7738, 9.46789E-005, 81.4253
1994, 33.23333, 0.43011, -18.8413, 0.810001, -144.84, 0.666337, 18.8385, 6.81429E-005, 54.4449, 0.000245735, -91.7154, 9.44481E-005, 81.4526
1995, 33.24167, 0.430702, -18.9259, 0.808718, -144.77, 0.664512, 18.8167, 6.81942E-005, 54.3899, 0.000245352, -91.6567, 9.42171E-005, 81.48
1995, 33.25000, 0.431295, -19.0109, 0.807439, -144.7, 0.662685, 18.7947, 6.82456E-005, 54.3347, 0.00024497, -91.5977, 9.39859E-005, 81.5074
1996, 33.25833, 0.43189, -19.0961, 0.806163, -144.63, 0.660856, 18.7724, 6.82971E-005, 54.2792, 0.000244587, -91.5385, 9.37546E-005, 81.5348
1996, 33.26667, 0.432486, -19.1817, 0.80489, -144.559, 0.659026, 18.7499, 6.83488E-005, 54.2234, 0.000244205, -91.4789, 9.3523E-005, 81.5623
1997, 33.27500, 0.433084, -19.2676, 0.80362, -144.488, 0.657194, 18.727, 6.84005E-005, 54.1674, 0.000243823, -91.4191, 9.32913E-005, 81.5898
1997, 33.28333, 0.433684, -19.3538, 0.802353, -144.416, 0.65536, 18.7039, 6.84524E-005, 54.1111, 0.000243442, -91.3589, 9.30594E-005, 81.6174
1998, 33.29167, 0.434285, -19.4404, 0.80109, -144.345, 0.653524, 18.6804, 6.85044E-005, 54.0545, 0.00024306, -91.2985, 9.28273E-005, 81.645
1998, 33.30000, 0.434888, -19.5273, 0.79983, -144.272, 0.651686, 18.6567, 6.85566E-005, 53.9976, 0.00024268, -91.2377, 9.2595E-005, 81.6726
1999, 33.30833, 0.435493, -19.6145, 0.798574, -144.2, 0.649847, 18.6327, 6.86088E-005, 53.9404, 0.000242299, -91.1766, 9.23625E-005, 81.7003
1999, 33.31667, 0.436099, -19.7021, 0.797321, -144.127, 0.648005, 18.6083, 6.86612E-005, 53.883, 0.000241919, -91.1152, 9.21297E-005, 81.7281
2000, 33.32500, 0.436707, -19.79, 0.796072, -144.054, 0.646162, 18.5837, 6.87138E-005, 53.8253, 0.00024154, -91.0536, 9.18969E-005, 81.7558
2000, 33.33333, 0.437317, -19.8782, 0.794826, -143.98, 0.644317, 18.5587, 6.87664E-005, 53.7672, 0.00024116, -90.9916, 9.16638E-005, 81.7837
2001, 33.34167, 0.437928, -19.9668, 0.793583, -143.906, 0.642469, 18.5335, 6.88192E-005, 53.7089, 0.000240781, -90.9292, 9.14304E-005, 81.8115
2001, 33.35000, 0.438541, -20.0558, 0.792344, -143.831, 0.64062, 18.5079, 6.88721E-005, 53.6504, 0.000240403, -90.8666, 9.11969E-005, 81.8394
2002, 33.35833, 0.439156, -20.1451, 0.791109, -143.756, 0.638769, 18.482, 6.89251E-005, 53.5915, 0.000240025, -90.8037, 9.09632E-005, 81.8674
2002, 33.36667, 0.439772, -20.2347, 0.789877, -143.681, 0.636916, 18.4557, 6.89783E-005, 53.5323, 0.000239647, -90.7404, 9.07293E-005, 81.8954
2003, 33.37500, 0.44039, -20.3247, 0.78865, -143.606, 0.635061, 18.4292, 6.90315E-005, 53.4729, 0.00023927, -90.6768, 9.04952E-005, 81.9234
2003, 33.38333, 0.44101, -20.415, 0.787425, -143.53, 0.633204, 18.4023, 6.90849E-005, 53.4131, 0.000238893, -90.6129, 9.02608E-005, 81.9515
2003, 33.39167, 0.441631, -20.5057, 0.786205, -143.453, 0.631344, 18.3751, 6.91385E-005, 53.3531, 0.000238517, -90.5487, 9.00262E-005, 81.9796
2004, 33.40000, 0.442254, -20.5967, 0.784988, -143.376, 0.629483, 18.3475, 6.91921E-005, 53.2928, 0.000238141, -90.4841, 8.97915E-005, 82.0078
2005, 33.40833, 0.442879, -20.6881, 0.783775, -143.299, 0.62762, 18.3196, 6.92459E-005, 53.2321, 0.000237765, -90.4192, 8.95565E-005, 82.036
2005, 33.41667, 0.443505, -20.7799, 0.782566, -143.222, 0.625754, 18.2914, 6.92998E-005, 53.1712, 0.00023739, -90.354, 8.93213E-005, 82.0643
2006, 33.42500, 0.444134, -20.872, 0.781361, -143.144, 0.623886, 18.2628, 6.93538E-005, 53.11, 0.000237015, -90.2884, 8.90858E-005, 82.0926
2006, 33.43333, 0.444763, -20.9645, 0.780159, -143.065, 0.622017, 18.2338, 6.94079E-005, 53.0484, 0.000236641, -90.2225, 8.88502E-005, 82.1209
2007, 33.44167, 0.445395, -21.0573, 0.778962, -142.987, 0.620145, 18.2045, 6.94622E-005, 52.9866, 0.000236267, -90.1563, 8.86143E-005, 82.1493
2007, 33.45000, 0.446028, -21.1505, 0.777769, -142.908, 0.61827, 18.1748, 6.95166E-005, 52.9244, 0.000235894, -90.0897, 8.83782E-005, 82.1777
2008, 33.45833, 0.446663, -21.2441, 0.776579, -142.828, 0.616394, 18.1448, 6.95711E-005, 52.862, 0.000235521, -90.0228, 8.81419E-005, 82.2062
2008, 33.46667, 0.4473, -21.338, 0.775394, -142.748, 0.614515, 18.1143, 6.96257E-005, 52.7992, 0.000235149, -89.9556, 8.79053E-005, 82.2348
2009, 33.47500, 0.447938, -21.4323, 0.774213, -142.668, 0.612634, 18.0835, 6.96805E-005, 52.7362, 0.000234777, -89.888, 8.76685E-005, 82.2633
2009, 33.48333, 0.448578, -21.527, 0.773036, -142.587, 0.610751, 18.0524, 6.97353E-005, 52.6728, 0.000234406, -89.8201, 8.74315E-005, 82.292
2010, 33.49167, 0.44922, -21.622, 0.771863, -142.506, 0.608866, 18.0208, 6.97903E-005, 52.6091, 0.000234035, -89.7518, 8.71942E-005, 82.3206
2010, 33.50000, 0.449864, -21.7174, 0.770694, -142.425, 0.606978, 17.9889, 6.98455E-005, 52.5451, 0.000233665, -89.6831, 8.69567E-005, 82.3494
2011, 33.50833, 0.450509, -21.8132, 0.76953, -142.343, 0.605088, 17.9565, 6.99007E-005, 52.4807, 0.000233295, -89.6141, 8.67189E-005, 82.3781
2011, 33.51667, 0.451156, -21.9094, 0.768369, -142.26, 0.603195, 17.9238, 6.99561E-005, 52.4161, 0.000232926, -89.5448, 8.64809E-005, 82.4069
2012, 33.52500, 0.451805, -22.006, 0.767214, -142.178, 0.6013, 17.8906, 7.00115E-005, 52.3511, 0.000232557, -89.4751, 8.62427E-005, 82.4358
2012, 33.53333, 0.452455, -22.1029, 0.766062, -142.095, 0.599403, 17.8571, 7.00671E-005, 52.2859, 0.000232189, -89.405, 8.60042E-005, 82.4647
2013, 33.54167, 0.453108, -22.2002, 0.764915, -142.011, 0.597503, 17.8231, 7.01228E-005, 52.2202, 0.000231821, -89.3346, 8.57655E-005, 82.4937
2013, 33.55000, 0.453762, -22.298, 0.763772, -141.927, 0.5956, 17.7887, 7.01787E-005, 52.1543, 0.000231454, -89.2638, 8.55265E-005, 82.5227
2014, 33.55833, 0.454417, -22.3961, 0.762634, -141.843, 0.593696, 17.7539, 7.02346E-005, 52.0881, 0.000231088, -89.1927, 8.52873E-005, 82.5517
2014, 33.56667, 0.455075, -22.4946, 0.761501, -141.758, 0.591788, 17.7187, 7.02907E-005, 52.0215, 0.000230722, -89.1212, 8.50478E-005, 82.5808
2015, 33.57500, 0.455734, -22.5934, 0.760372, -141.673, 0.589878, 17.683, 7.03469E-005, 51.9545, 0.000230357, -89.0493, 8.4808E-005, 82.61
2015, 33.58333, 0.456395, -22.6927, 0.759247, -141.588, 0.587966, 17.6469, 7.04032E-005, 51.8873, 0.000229992, -88.9771, 8.4568E-005, 82.6392
2016, 33.59167, 0.457058, -22.7924, 0.758127, -141.502, 0.586051, 17.6104, 7.04596E-005, 51.8197, 0.000229628, -88.9045, 8.43278E-005, 82.6685
2016, 33.60000, 0.457722, -22.8924, 0.757012, -141.415, 0.584133, 17.5734, 7.05162E-005, 51.7518, 0.000229265, -88.8315, 8.40872E-005, 82.6978
2017, 33.60833, 0.458388, -22.9929, 0.755902, -141.329, 0.582213, 17.5359, 7.05728E-005, 51.6836, 0.000228902, -88.7581, 8.38464E-005, 82.7271
2017, 33.61667, 0.459056, -23.0938, 0.754796, -141.241, 0.58029, 17.498, 7.06296E-005, 51.615, 0.00022854, -88.6844, 8.36054E-005, 82.7565
2018, 33.62500, 0.459726, -23.1951, 0.753696, -141.154, 0.578365, 17.4597, 7.06865E-005, 51.5461, 0.000228178, -88.6103, 8.3364E-005, 82.786
2018, 33.63333, 0.460398, -23.2967, 0.7526, -141.066, 0.576437, 17.4208, 7.07435E-005, 51.4768, 0.000227817, -88.5358, 8.31224E-005, 82.8155
2019, 33.64167, 0.461071, -23.3988, 0.751509, -140.977, 0.574505, 17.3815, 7.08006E-005, 51.4072, 0.000227457, -88.4609, 8.28805E-005, 82.8451
2019, 33.65000, 0.461746, -23.5013, 0.750423, -140.889, 0.572572, 17.3417, 7.08578E-005, 51.3372, 0.000227097, -88.3856, 8.26384E-005, 82.8747
2020, 33.65833, 0.462423, -23.6042, 0.749342, -140.799, 0.570635, 17.3014, 7.09152E-005, 51.2669, 0.000226738, -88.31, 8.23959E-005, 82.9044
2020, 33.66667, 0.463102, -23.7075, 0.748266, -140.71, 0.568696, 17.2606, 7.09726E-005, 51.1963, 0.00022638, -88.2339, 8.21532E-005, 82.9341
2021, 33.67500, 0.463782, -23.8113, 0.747195, -140.62, 0.566754, 17.2193, 7.10302E-005, 51.1253, 0.000226023, -88.1575, 8.19102E-005, 82.9639
2021, 33.68333, 0.464464, -23.9154, 0.746129, -140.529, 0.564809, 17.1775, 7.10878E-005, 51.0539, 0.000225666, -88.0807, 8.16669E-005, 82.9938
2022, 33.69167, 0.465148, -24.02, 0.745068, -140.439, 0.562861, 17.1352, 7.11456E-005, 50.9822, 0.00022531, -88.0034, 8.14233E-005, 83.0237
2022, 33.70000, 0.465834, -24.125, 0.744013, -140.347, 0.56091, 17.0924, 7.12035E-005, 50.9102, 0.000224954, -87.9258, 8.11794E-005, 83.0536
2023, 33.70833, 0.466521, -24.2304, 0.742963, -140.256, 0.558956, 17.0491, 7.12615E-005, 50.8378, 0.0002246, -87.8478, 8.09352E-005, 83.0836
2023, 33.71667, 0.46721, -24.3362, 0.741918, -140.164, 0.557, 17.0052, 7.13196E-005, 50.765, 0.000224246, -87.7694, 8.06907E-005, 83.1137
2024, 33.72500, 0.467901, -24.4425, 0.740878, -140.071, 0.55504, 16.9607, 7.13779E-005, 50.6919, 0.000223893, -87.6906, 8.04459E-005, 83.1438
2024, 33.73333, 0.468594, -24.5492, 0.739844, -139.978, 0.553077, 16.9158, 7.14362E-005, 50.6184, 0.00022354, -87.6114, 8.02009E-005, 83.174
2025, 33.74167, 0.469289, -24.6563, 0.738815, -139.885, 0.551112, 16.8703, 7.14946E-005, 50.5445, 0.000223189, -87.5318, 7.99554E-005, 83.2043
2025, 33.75000, 0.469985, -24.7638, 0.737792, -139.791, 0.549143, 16.8242, 7.15532E-005, 50.4703, 0.000222838, -87.4518, 7.97098E-005, 83.2346
2026, 33.75833, 0.470683, -24.8718, 0.736774, -139.697, 0.547171, 16.7775, 7.16118E-005, 50.3957, 0.000222488, -87.3713, 7.94638E-005, 83.265
2026, 33.76667, 0.471383, -24.9802, 0.735762, -139.602, 0.545196, 16.7303, 7.16706E-005, 50.3207, 0.000222139, -87.2905, 7.92174E-005, 83.2954
2027, 33.77500, 0.472085, -25.0891, 0.734756, -139.507, 0.543218, 16.6825, 7.17294E-005, 50.2454, 0.00022179, -87.2092, 7.89708E-005, 83.3259
2027, 33.78333, 0.472788, -25.1984, 0.733755, -139.412, 0.541237, 16.6341, 7.17884E-005, 50.1697, 0.000221443, -87.1276, 7.87238E-005, 83.3565
2028, 33.79167, 0.473494, -25.3082, 0.73276, -139.316, 0.539252, 16.5851, 7.18474E-005, 50.0936, 0.000221096, -87.0455, 7.84765E-005, 83.3871
2028, 33.80000, 0.474201, -25.4183, 0.731771, -139.22, 0.537265, 16.5355, 7.19066E-005, 50.0172, 0.00022075, -86.963, 7.82289E-005, 83.4178
2029, 33.80833, 0.47491, -25.529, 0.730787, -139.124, 0.535274, 16.4853, 7.19658E-005, 49.9404, 0.000220405, -86.8801, 7.7981E-005, 83.4485
2029, 33.81667, 0.47562, -25.6401, 0.729809, -139.027, 0.53328, 16.4345, 7.20252E-005, 49.8631, 0.000220061, -86.7967, 7.77327E-005, 83.4794
2030, 33.82500, 0.476333, -25.7516, 0.728838, -138.929, 0.531282, 16.383, 7.20847E-005, 49.7856, 0.000219718, -86.713, 7.74841E-005, 83.5103
2030, 33.83333, 0.477047, -25.8636, 0.727872, -138.831, 0.529282, 16.3309, 7.21442E-005, 49.7076, 0.000219375, -86.6288, 7.72352E-005, 83.5412
2031, 33.84167, 0.477763, -25.9761, 0.726912, -138.733, 0.527277, 16.2782, 7.22039E-005, 49.6292, 0.000219034, -86.5442, 7.69859E-005, 83.5722
2031, 33.85000, 0.478481, -26.089, 0.725959, -138.635, 0.52527, 16.2248, 7.22636E-005, 49.5505, 0.000218693, -86.4592, 7.67363E-005, 83.6033
2032, 33.85833, 0.4792, -26.2023, 0.725011, -138.536, 0.523259, 16.1708, 7.23235E-005, 49.4713, 0.000218354, -86.3737, 7.64863E-005, 83.6345
2032, 33.86667, 0.479922, -26.3162, 0.72407, -138.436, 0.521245, 16.116, 7.23834E-005, 49.3918, 0.000218015, -86.2878, 7.6236E-005, 83.6658
2033, 33.87500, 0.480645, -26.4304, 0.723135, -138.336, 0.519227, 16.0606, 7.24434E-005, 49.3119, 0.000217677, -86.2015, 7.59854E-005, 83.6971
2033, 33.88333, 0.48137, -26.5452, 0.722206, -138.236, 0.517206, 16.0045, 7.25036E-005, 49.2316, 0.00021734, -86.1148, 7.57343E-005, 83.7285
2034, 33.89167, 0.482097, -26.6604, 0.721283, -138.136, 0.515181, 15.9477, 7.25638E-005, 49.1508, 0.000217004, -86.0276, 7.54829E-005, 83.7599
2034, 33.90000, 0.482825, -26.7761, 0.720367, -138.035, 0.513153, 15.8902, 7.26241E-005, 49.0697, 0.00021667, -85.94, 7.52312E-005, 83.7915
2035, 33.90833, 0.483556, -26.8923, 0.719457, -137.933, 0.511121, 15.832, 7.26845E-005, 48.9882, 0.000216336, -85.8519, 7.49791E-005, 83.8231
2035, 33.91667, 0.484288, -27.0089, 0.718553, -137.831, 0.509085, 15.773, 7.2745E-005, 48.9063, 0.000216003, -85.7634, 7.47266E-005, 83.8548
2036, 33.92500, 0.485022, -27.1261, 0.717657, -137.729, 0.507046, 15.7133, 7.28055E-005, 48.824, 0.000215671, -85.6745, 7.44738E-005, 83.8866
2036, 33.93333, 0.485757, -27.2437, 0.716766, -137.627, 0.505003, 15.6529, 7.28662E-005, 48.7412, 0.00021534, -85.5851, 7.42206E-005, 83.9184
2037, 33.94167, 0.486495, -27.3618, 0.715883, -137.524, 0.502957, 15.5917, 7.29269E-005, 48.6581, 0.000215011, -85.4953, 7.3967E-005, 83.9504
2037, 33.95000, 0.487234, -27.4803, 0.715006, -137.42, 0.500907, 15.5297, 7.29878E-005, 48.5745, 0.000214682, -85.405, 7.37131E-005, 83.9824
2038, 33.95833, 0.487975, -27.5994, 0.714135, -137.317, 0.498853, 15.467, 7.30486E-005, 48.4906, 0.000214354, -85.3143, 7.34587E-005, 84.0145
2038, 33.96667, 0.488718, -27.7189, 0.713272, -137.212, 0.496795, 15.4034, 7.31096E-005, 48.4062, 0.000214028, -85.2232, 7.3204E-005, 84.0467
2039, 33.97500, 0.489462, -27.8389, 0.712415, -137.108, 0.494734, 15.3391, 7.31707E-005, 48.3214, 0.000213702, -85.1316, 7.29488E-005, 84.079
2039, 33.98333, 0.490208, -27.9594, 0.711565, -137.003, 0.492668, 15.2739, 7.32319E-005, 48.2362, 0.000213378, -85.0396, 7.26933E-005, 84.1114
2040, 33.99167, 0.490957, -28.0805, 0.710722, -136.898, 0.490599, 15.2079, 7.32931E-005, 48.1506, 0.000213055, -84.9471, 7.24374E-005, 84.1439
2040, 34.00000, 0.491706, -28.202, 0.709886, -136.792, 0.488526, 15.1411, 7.33544E-005, 48.0645, 0.000212733, -84.8541, 7.21811E-005, 84.1764
2041, 34.00833, 0.492458, -28.324, 0.709058, -136.686, 0.486449, 15.0734, 7.34158E-005, 47.978, 0.000212412, -84.7607, 7.19244E-005, 84.2091
2041, 34.01667, 0.493211, -28.4465, 0.708236, -136.58, 0.484368, 15.0049, 7.34772E-005, 47.8911, 0.000212092, -84.6669, 7.16672E-005, 84.2418
2042, 34.02500, 0.493967, -28.5695, 0.707421, -136.473, 0.482283, 14.9354, 7.35387E-005, 47.8038, 0.000211773, -84.5726, 7.14097E-005, 84.2747
2042, 34.03333, 0.494723, -28.693, 0.706614, -136.366, 0.480195, 14.8651, 7.36003E-005, 47.716, 0.000211456, -84.4779, 7.11518E-005, 84.3076
2043, 34.04167, 0.495482, -28.8171, 0.705813, -136.259, 0.478102, 14.7939, 7.3662E-005, 47.6278, 0.00021114, -84.3827, 7.08934E-005, 84.3407
2043, 34.05000, 0.496243, -28.9416, 0.70502, -136.151, 0.476005, 14.7218, 7.37237E-005, 47.5392, 0.000210825, -84.287, 7.06346E-005, 84.3739
2044, 34.05833, 0.497005, -29.0667, 0.704235, -136.043, 0.473904, 14.6488, 7.37855E-005, 47.4501, 0.000210511, -84.1909, 7.03754E-005, 84.4071
2044, 34.06667, 0.497769, -29.1923, 0.703456, -135.934, 0.471799, 14.5748, 7.38474E-005, 47.3606, 0.000210199, -84.0943, 7.01158E-005, 84.4405
2045, 34.07500, 0.498534, -29.3183, 0.702686, -135.825, 0.469689, 14.4998, 7.39093E-005, 47.2707, 0.000209887, -83.9973, 6.98557E-005, 84.474
2045, 34.08333, 0.499302, -29.4449, 0.701922, -135.716, 0.467576, 14.4239, 7.39713E-005, 47.1803, 0.000209577, -83.8998, 6.95952E-005, 84.5076
2046, 34.09167, 0.500071, -29.5721, 0.701167, -135.607, 0.465458, 14.347, 7.40333E-005, 47.0894, 0.000209269, -83.8018, 6.93342E-005, 84.5413
2046, 34.10000, 0.500842, -29.6997, 0.700419, -135.497, 0.463337, 14.2691, 7.40954E-005, 46.9981, 0.000208961, -83.7034, 6.90729E-005, 84.5751
2047, 34.10833, 0.501614, -29.8279, 0.699678, -135.386, 0.461211, 14.1901, 7.41576E-005, 46.9064, 0.000208655, -83.6046, 6.8811E-005, 84.609
2047, 34.11667, 0.502388, -29.9566, 0.698945, -135.276, 0.45908, 14.1102, 7.42198E-005, 46.8142, 0.000208351, -83.5052, 6.85487E-005, 84.6431
2048, 34.12500, 0.503164, -30.0859, 0.698221, -135.165, 0.456946, 14.0292, 7.42821E-005, 46.7216, 0.000208047, -83.4055, 6.8286E-005, 84.6773
2048, 34.13333, 0.503942, -30.2156, 0.697503, -135.054, 0.454807, 13.9471, 7.43444E-005, 46.6285, 0.000207745, -83.3052, 6.80228E-005, 84.7116
2049, 34.14167, 0.504722, -30.346, 0.696794, -134.942, 0.452663, 13.8639, 7.44068E-005, 46.5349, 0.000207445, -83.2045, 6.77591E-005, 84.746
2049, 34.15000, 0.505503, -30.4768, 0.696093, -134.83, 0.450516, 13.7797, 7.44693E-005, 46.4409, 0.000207145, -83.1033, 6.7495E-005, 84.7806
2050, 34.15833, 0.506286, -30.6082, 0.695399, -134.718, 0.448363, 13.6943, 7.45317E-005, 46.3465, 0.000206847, -83.0017, 6.72304E-005, 84.8153
2050, 34.16667, 0.50707, -30.7401, 0.694714, -134.606, 0.446207, 13.6078, 7.45943E-005, 46.2515, 0.000206551, -82.8996, 6.69653E-005, 84.8501
2051, 34.17500, 0.507856, -30.8726, 0.694037, -134.493, 0.444046, 13.5201, 7.46568E-005, 46.1561, 0.000206256, -82.7971, 6.66998E-005, 84.8851
2051, 34.18333, 0.508644, -31.0056, 0.693368, -134.38, 0.44188, 13.4313, 7.47194E-005, 46.0602, 0.000205962, -82.694, 6.64338E-005, 84.9202
2052, 34.19167, 0.509434, -31.1392, 0.692707, -134.267, 0.43971, 13.3413, 7.47821E-005, 45.9639, 0.00020567, -82.5906, 6.61673E-005, 84.9555
2052, 34.20000, 0.510225, -31.2733, 0.692054, -134.153, 0.437535, 13.25, 7.48448E-005, 45.8671, 0.00020538, -82.4866, 6.59003E-005, 84.9909
2053, 34.20833, 0.511018, -31.408, 0.69141, -134.039, 0.435356, 13.1576, 7.49075E-005, 45.7698, 0.000205091, -82.3822, 6.56328E-005, 85.0264
2053, 34.21667, 0.511813, -31.5433, 0.690774, -133.925, 0.433172, 13.0639, 7.49703E-005, 45.672, 0.000204803, -82.2774, 6.53648E-005, 85.0621
2054, 34.22500, 0.512609, -31.6791, 0.690146, -133.81, 0.430984, 12.9689, 7.50331E-005, 45.5738, 0.000204517, -82.172, 6.50963E-005, 85.098
2054, 34.23333, 0.513407, -31.8154, 0.689527, -133.695, 0.428791, 12.8726, 7.50959E-005, 45.4751, 0.000204232, -82.0662, 6.48273E-005, 85.1341
2055, 34.24167, 0.514207, -31.9524, 0.688916, -133.58, 0.426593, 12.775, 7.51587E-005, 45.3758, 0.000203949, -81.96, 6.45577E-005, 85.1703
2055, 34.25000, 0.515008, -32.0899, 0.688314, -133.465, 0.424391, 12.676, 7.52216E-005, 45.2762, 0.000203668, -81.8533, 6.42877E-005, 85.2066
2056, 34.25833, 0.51581, -32.2279, 0.68772, -133.349, 0.422184, 12.5757, 7.52845E-005, 45.176, 0.000203388, -81.7461, 6.40172E-005, 85.2432
2056, 34.26667, 0.516615, -32.3666, 0.687136, -133.234, 0.419972, 12.474, 7.53475E-005, 45.0753, 0.00020311, -81.6385, 6.37461E-005, 85.2799
2057, 34.27500, 0.517421, -32.5058, 0.686559, -133.118, 0.417755, 12.3709, 7.54104E-005, 44.9741, 0.000202833, -81.5304, 6.34745E-005, 85.3168
2057, 34.28333, 0.518229, -32.6456, 0.685992, -133.001, 0.415533, 12.2664, 7.54734E-005, 44.8725, 0.000202558, -81.4219, 6.32024E-005, 85.3539
2058, 34.29167, 0.519038, -32.7859, 0.685433, -132.885, 0.413307, 12.1604, 7.55364E-005, 44.7703, 0.000202285, -81.3129, 6.29297E-005, 85.3912
2058, 34.30000, 0.519849, -32.9269, 0.684883, -132.768, 0.411076, 12.0529, 7.55993E-005, 44.6677, 0.000202013, -81.2035, 6.26565E-005, 85.4286
2059, 34.30833, 0.520661, -33.0684, 0.684343, -132.651, 0.40884, 11.9439, 7.56623E-005, 44.5645, 0.000201743, -81.0936, 6.23827E-005, 85.4663
2059, 34.31667, 0.521475, -33.2105, 0.683811, -132.534, 0.406599, 11.8334, 7.57254E-005, 44.4609, 0.000201475, -80.9832, 6.21084E-005, 85.5042
2060, 34.32500, 0.522291, -33.3533, 0.683288, -132.416, 0.404353, 11.7213, 7.57884E-005, 44.3567, 0.000201209, -80.8724, 6.18335E-005, 85.5423
2060, 34.33333, 0.523108, -33.4965, 0.682774, -132.299, 0.402102, 11.6076, 7.58514E-005, 44.252, 0.000200944, -80.7612, 6.15581E-005, 85.5805
2061, 34.34167, 0.523927, -33.6405, 0.682269, -132.181, 0.399846, 11.4923, 7.59144E-005, 44.1469, 0.000200681, -80.6495, 6.12821E-005, 85.6191
2061, 34.35000, 0.524747, -33.7849, 0.681773, -132.063, 0.397586, 11.3753, 7.59775E-005, 44.0412, 0.000200419, -80.5374, 6.10056E-005, 85.6578
2062, 34.35833, 0.525568, -33.93, 0.681287, -131.945, 0.39532, 11.2566, 7.60405E-005, 43.935, 0.00020016, -80.4248, 6.07285E-005, 85.6968
2062, 34.36667, 0.526392, -34.0757, 0.68081, -131.826, 0.393049, 11.1362, 7.61035E-005, 43.8282, 0.000199902, -80.3117, 6.04507E-005, 85.736
2063, 34.37500, 0.527216, -34.222, 0.680342, -131.708, 0.390774, 11.0141, 7.61665E-005, 43.721, 0.000199646, -80.1983, 6.01725E-005, 85.7754
2063, 34.38333, 0.528043, -34.3689, 0.679883, -131.589, 0.388493, 10.8902, 7.62295E-005, 43.6133, 0.000199392, -80.0844, 5.98936E-005, 85.8151
2064, 34.39167, 0.528871, -34.5164, 0.679434, -131.47, 0.386207, 10.7644, 7.62925E-005, 43.505, 0.00019914, -79.97, 5.96141E-005, 85.855
2064, 34.40000, 0.5297, -34.6646, 0.678994, -131.351, 0.383916, 10.6368, 7.63555E-005, 43.3962, 0.00019889, -79.8552, 5.93341E-005, 85.8952
2064, 34.40833, 0.53053, -34.8133, 0.678564, -131.232, 0.38162, 10.5073, 7.64184E-005, 43.2868, 0.000198641, -79.74, 5.90534E-005, 85.9357
2065, 34.41667, 0.531363, -34.9626, 0.678143, -131.113, 0.379319, 10.3759, 7.64814E-005, 43.177, 0.000198395, -79.6243, 5.87722E-005, 85.9764
2066, 34.42500, 0.532196, -35.1126, 0.677732, -130.993, 0.377013, 10.2425, 7.65443E-005, 43.0666, 0.00019815, -79.5083, 5.84903E-005, 86.0174
2066, 34.43333, 0.533031, -35.2632, 0.67733, -130.874, 0.374702, 10.1071, 7.66071E-005, 42.9556, 0.000197907, -79.3918, 5.82078E-005, 86.0587
2067, 34.44167, 0.533868, -35.4144, 0.676938, -130.754, 0.372385, 9.96961, 7.667E-005, 42.8442, 0.000197666, -79.2748, 5.79247E-005, 86.1003
2067, 34.45000, 0.534705, -35.5662, 0.676556, -130.634, 0.370064, 9.83007, 7.67328E-005, 42.7322, 0.000197428, -79.1575, 5.7641E-005, 86.1422
2068, 34.45833, 0.535545, -35.7187, 0.676184, -130.514, 0.367737, 9.68839, 7.67956E-005, 42.6196, 0.000197191, -79.0397, 5.73566E-005, 86.1844
2068, 34.46667, 0.536385, -35.8718, 0.675821, -130.394, 0.365405, 9.54452, 7.68583E-005, 42.5065, 0.000196956, -78.9215, 5.70716E-005, 86.2269
2068, 34.47500, 0.537227, -36.0256, 0.675468, -130.274, 0.363068, 9.39844, 7.6921E-005, 42.3929, 0.000196723, -78.803, 5.6786E-005, 86.2698
2069, 34.48333, 0.538071, -36.1799, 0.675125, -130.154, 0.360726, 9.25009, 7.69837E-005, 42.2787, 0.000196492, -78.684, 5.64998E-005, 86.313
2070, 34.49167, 0.538915, -36.3349, 0.674792, -130.034, 0.358379, 9.0994, 7.70463E-005, 42.164, 0.000196264, -78.5645, 5.62128E-005, 86.3565
2070, 34.50000, 0.539761, -36.4906, 0.674468, -129.914, 0.356026, 8.94637, 7.71089E-005, 42.0487, 0.000196037, -78.4447, 5.59253E-005, 86.4003
2071, 34.50833, 0.540609, -36.6469, 0.674155, -129.794, 0.353669, 8.79091, 7.71714E-005, 41.9329, 0.000195813, -78.3245, 5.5637E-005, 86.4446
2071, 34.51667, 0.541457, -36.8038, 0.673852, -129.673, 0.351305, 8.63296, 7.72338E-005, 41.8165, 0.00019559, -78.2039, 5.53481E-005, 86.4892
2072, 34.52500, 0.542307, -36.9614, 0.673559, -129.553, 0.348937, 8.4725, 7.72962E-005, 41.6995, 0.00019537, -78.0829, 5.50586E-005, 86.5342
2072, 34.53333, 0.543158, -37.1196, 0.673275, -129.433, 0.346564, 8.30946, 7.73585E-005, 41.582, 0.000195152, -77.9615, 5.47684E-005, 86.5795
2072, 34.54167, 0.544011, -37.2785, 0.673002, -129.312, 0.344186, 8.14376, 7.74208E-005, 41.464, 0.000194936, -77.8398, 5.44774E-005, 86.6253
2073, 34.55000, 0.544865, -37.4381, 0.672739, -129.192, 0.341802, 7.97538, 7.7483E-005, 41.3453, 0.000194722, -77.7176, 5.41858E-005, 86.6715
2074, 34.55833, 0.54572, -37.5983, 0.672487, -129.072, 0.339414, 7.80424, 7.75451E-005, 41.2261, 0.00019451, -77.5951, 5.38936E-005, 86.7181
2074, 34.56667, 0.546576, -37.7591, 0.672244, -128.951, 0.33702, 7.63025, 7.76071E-005, 41.1063, 0.000194301, -77.4722, 5.36006E-005, 86.7652
2075, 34.57500, 0.547433, -37.9206, 0.672012, -128.831, 0.334621, 7.45339, 7.76691E-005, 40.986, 0.000194093, -77.3489, 5.33069E-005, 86.8127
2075, 34.58333, 0.548291, -38.0828, 0.67179, -128.711, 0.332217, 7.27357, 7.7731E-005, 40.8651, 0.000193888, -77.2253, 5.30126E-005, 86.8606
2076, 34.59167, 0.549151, -38.2457, 0.671578, -128.59, 0.329808, 7.09071, 7.77927E-005, 40.7436, 0.000193685, -77.1013, 5.27175E-005, 86.909
2076, 34.60000, 0.550012, -38.4092, 0.671377, -128.47, 0.327394, 6.90476, 7.78544E-005, 40.6215, 0.000193485, -76.977, 5.24217E-005, 86.958
2076, 34.60833, 0.550874, -38.5734, 0.671186, -128.35, 0.324975, 6.71564, 7.7916E-005, 40.4989, 0.000193287, -76.8523, 5.21252E-005, 87.0074
2077, 34.61667, 0.551737, -38.7383, 0.671006, -128.23, 0.32255, 6.52325, 7.79776E-005, 40.3756, 0.000193091, -76.7273, 5.18279E-005, 87.0573
2078, 34.62500, 0.552601, -38.9039, 0.670836, -128.11, 0.320121, 6.32754, 7.8039E-005, 40.2518, 0.000192897, -76.6019, 5.153E-005, 87.1078
2078, 34.63333, 0.553466, -39.0701, 0.670676, -127.99, 0.317687, 6.12843, 7.81002E-005, 40.1274, 0.000192706, -76.4762, 5.12313E-005, 87.1588
2079, 34.64167, 0.554333, -39.237, 0.670527, -127.871, 0.315248, 5.92579, 7.81614E-005, 40.0024, 0.000192517, -76.3502, 5.09319E-005, 87.2103
2079, 34.65000, 0.5552, -39.4046, 0.670388, -127.751, 0.312804, 5.71959, 7.82225E-005, 39.8768, 0.00019233, -76.2238, 5.06317E-005, 87.2625
2080, 34.65833, 0.556068, -39.5729, 0.67026, -127.631, 0.310355, 5.50972, 7.82835E-005, 39.7506, 0.000192146, -76.0972, 5.03308E-005, 87.3152
2080, 34.66667, 0.556938, -39.7419, 0.670143, -127.512, 0.307902, 5.29605, 7.83443E-005, 39.6238, 0.000191964, -75.9702, 5.00291E-005, 87.3685
2080, 34.67500, 0.557808, -39.9116, 0.670036, -127.393, 0.305443, 5.07854, 7.8405E-005, 39.4964, 0.000191785, -75.8429, 4.97267E-005, 87.4225
2081, 34.68333, 0.558679, -40.0819, 0.669939, -127.274, 0.302981, 4.85706, 7.84656E-005, 39.3684, 0.000191608, -75.7153, 4.94235E-005, 87.4771
2082, 34.69167, 0.559551, -40.253, 0.669853, -127.155, 0.300513, 4.63148, 7.8526E-005, 39.2398, 0.000191434, -75.5874, 4.91196E-005, 87.5323
2082, 34.70000, 0.560424, -40.4248, 0.669778, -127.036, 0.298041, 4.40175, 7.85864E-005, 39.1107, 0.000191262, -75.4593, 4.88148E-005, 87.5883
2083, 34.70833, 0.561298, -40.5972, 0.669714, -126.918, 0.295564, 4.16772, 7.86465E-005, 38.9809, 0.000191092, -75.3308, 4.85094E-005, 87.6449
2083, 34.71667, 0.562173, -40.7704, 0.66966, -126.799, 0.293083, 3.92926, 7.87066E-005, 38.8505, 0.000190925, -75.2021, 4.8203E-005, 87.7023
2084, 34.72500, 0.563049, -40.9443, 0.669617, -126.681, 0.290598, 3.6863, 7.87664E-005, 38.7194, 0.00019076, -75.0732, 4.7896E-005, 87.7604
2084, 34.73333, 0.563926, -41.1189, 0.669584, -126.563, 0.288108, 3.43868, 7.88262E-005, 38.5878, 0.000190598, -74.9439, 4.75881E-005, 87.8193
2084, 34.74167, 0.564803, -41.2942, 0.669563, -126.445, 0.285614, 3.18625, 7.88857E-005, 38.4556, 0.000190439, -74.8144, 4.72795E-005, 87.879
2085, 34.75000, 0.565681, -41.4702, 0.669552, -126.328, 0.283116, 2.92894, 7.89451E-005, 38.3227, 0.000190282, -74.6847, 4.697E-005, 87.9395
2086, 34.75833, 0.56656, -41.6469, 0.669551, -126.211, 0.280614, 2.66657, 7.90043E-005, 38.1892, 0.000190128, -74.5547, 4.66598E-005, 88.0008
2086, 34.76667, 0.56744, -41.8244, 0.669562, -126.094, 0.278108, 2.39896, 7.90634E-005, 38.0551, 0.000189976, -74.4245, 4.63487E-005, 88.063
2087, 34.77500, 0.56832, -42.0025, 0.669583, -125.977, 0.275599, 2.12604, 7.91223E-005, 37.9204, 0.000189826, -74.2941, 4.60368E-005, 88.1261
2087, 34.78333, 0.569201, -42.1814, 0.669615, -125.861, 0.273086, 1.84761, 7.9181E-005, 37.785, 0.00018968, -74.1634, 4.57241E-005, 88.1901
2088, 34.79167, 0.570083, -42.3611, 0.669658, -125.745, 0.270569, 1.56348, 7.92395E-005, 37.649, 0.000189536, -74.0326, 4.54106E-005, 88.2551
2088, 34.80000, 0.570965, -42.5414, 0.669711, -125.629, 0.268049, 1.27355, 7.92979E-005, 37.5124, 0.000189394, -73.9015, 4.50963E-005, 88.321
2088, 34.80833, 0.571848, -42.7225, 0.669775, -125.514, 0.265525, 0.977605, 7.9356E-005, 37.3752, 0.000189256, -73.7703, 4.47811E-005, 88.388
2089, 34.81667, 0.572732, -42.9043, 0.66985, -125.399, 0.262998, 0.67543, 7.94139E-005, 37.2373, 0.00018912, -73.6388, 4.44651E-005, 88.456
2090, 34.82500, 0.573616, -43.0868, 0.669936, -125.284, 0.260469, 0.36691, 7.94717E-005, 37.0988, 0.000188986, -73.5072, 4.41482E-005, 88.525
2090, 34.83333, 0.574501, -43.2701, 0.670033, -125.17, 0.257937, 0.0518098, 7.95292E-005, 36.9596, 0.000188855, -73.3755, 4.38305E-005, 88.5952
2091, 34.84167, 0.575386, -43.4541, 0.67014, -125.056, 0.255402, -0.270112, 7.95865E-005, 36.8198, 0.000188727, -73.2435, 4.3512E-005, 88.6665
2091, 34.85000, 0.576271, -43.6389, 0.670258, -124.942, 0.252865, -0.598993, 7.96436E-005, 36.6794, 0.000188602, -73.1115, 4.31926E-005, 88.739
2092, 34.85833, 0.577158, -43.8244, 0.670387, -124.829, 0.250325, -0.935091, 7.97005E-005, 36.5383, 0.00018848, -72.9792, 4.28723E-005, 88.8127
2092, 34.86667, 0.578044, -44.0107, 0.670527, -124.716, 0.247784, -1.27868, 7.97571E-005, 36.3965, 0.00018836, -72.8469, 4.25512E-005, 88.8876
2092, 34.87500, 0.578931, -44.1976, 0.670677, -124.604, 0.245241, -1.62992, 7.98136E-005, 36.2541, 0.000188243, -72.7144, 4.22292E-005, 88.9639
2093, 34.88333, 0.579818, -44.3854, 0.670838, -124.492, 0.242696, -1.98909, 7.98697E-005, 36.1111, 0.000188128, -72.5818, 4.19064E-005, 89.0415
2094, 34.89167, 0.580706, -44.5739, 0.67101, -124.38, 0.24015, -2.35651, 7.99257E-005, 35.9674, 0.000188017, -72.4491, 4.15826E-005, 89.1205
2094, 34.90000, 0.581594, -44.7631, 0.671192, -124.269, 0.237603, -2.73236, 7.99813E-005, 35.8231, 0.000187908, -72.3163, 4.12581E-005, 89.2009
2095, 34.90833, 0.582482, -44.9531, 0.671386, -124.158, 0.235056, -3.11696, 8.00368E-005, 35.6781, 0.000187802, -72.1835, 4.09326E-005, 89.2828
2095, 34.91667, 0.583371, -45.1439, 0.671589, -124.048, 0.232507, -3.51066, 8.0092E-005, 35.5324, 0.000187698, -72.0505, 4.06062E-005, 89.3662
2096, 34.92500, 0.58426, -45.3355, 0.671804, -123.939, 0.229959, -3.91367, 8.01469E-005, 35.3861, 0.000187598, -71.9175, 4.0279E-005, 89.4512
2096, 34.93333, 0.585149, -45.5277, 0.672029, -123.83, 0.227412, -4.32636, 8.02015E-005, 35.2391, 0.0001875, -71.7844, 3.99509E-005, 89.5379
2096, 34.94167, 0.586038, -45.7208, 0.672265, -123.721, 0.224864, -4.74911, 8.02559E-005, 35.0915, 0.000187406, -71.6513, 3.96219E-005, 89.6262
2097, 34.95000, 0.586927, -45.9146, 0.672512, -123.613, 0.222318, -5.18217, 8.03099E-005, 34.9432, 0.000187314, -71.5181, 3.9292E-005, 89.7163
2098, 34.95833, 0.587817, -46.1092, 0.672769, -123.505, 0.219773, -5.62596, 8.03637E-005, 34.7942, 0.000187225, -71.385, 3.89612E-005, 89.8082
2098, 34.96667, 0.588706, -46.3046, 0.673036, -123.398, 0.21723, -6.0809, 8.04172E-005, 34.6445, 0.000187138, -71.2518, 3.86295E-005, 89.9019
2099, 34.97500, 0.589596, -46.5007, 0.673314, -123.292, 0.214689, -6.5473, 8.04704E-005, 34.4942, 0.000187055, -71.1186, 3.82969E-005, 89.9976
2099, 34.98333, 0.590485, -46.6977, 0.673603, -123.186, 0.212151, -7.0256, 8.05234E-005, 34.3432, 0.000186974, -70.9854, 3.79635E-005, 90.0953
2100, 34.99167, 0.591375, -46.8954, 0.673902, -123.081, 0.209616, -7.5163, 8.0576E-005, 34.1915, 0.000186897, -70.8522, 3.76291E-005, 90.1951
2100, 35.00000, 0.592264, -47.0938, 0.674212, -122.976, 0.207085, -8.01974, 8.06282E-005, 34.0392, 0.000186822, -70.719, 3.72938E-005, 90.2971
2100, 35.00833, 0.593154, -47.2931, 0.674532, -122.872, 0.204558, -8.53644, 8.06802E-005, 33.8862, 0.00018675, -70.5859, 3.69576E-005, 90.4012
2101, 35.01667, 0.594043, -47.4931, 0.674862, -122.768, 0.202036, -9.06695, 8.07318E-005, 33.7324, 0.000186681, -70.4529, 3.66205E-005, 90.5077
2102, 35.02500, 0.594932, -47.6939, 0.675203, -122.665, 0.19952, -9.61166, 8.07832E-005, 33.5781, 0.000186615, -70.3199, 3.62825E-005, 90.6166
2102, 35.03333, 0.595821, -47.8955, 0.675554, -122.563, 0.19701, -10.1711, 8.08341E-005, 33.423, 0.000186552, -70.1869, 3.59436E-005, 90.728
2103, 35.04167, 0.59671, -48.098, 0.675916, -122.462, 0.194506, -10.746, 8.08848E-005, 33.2672, 0.000186491, -70.0541, 3.56038E-005, 90.8419
2103, 35.05000, 0.597598, -48.3011, 0.676287, -122.361, 0.192011, -11.3368, 8.0935E-005, 33.1108, 0.000186434, -69.9213, 3.52631E-005, 90.9585
2104, 35.05833, 0.598486, -48.5051, 0.676669, -122.26, 0.189524, -11.944, 8.0985E-005, 32.9536, 0.000186379, -69.7887, 3.49215E-005, 91.0779
2104, 35.06667, 0.599374, -48.7099, 0.677061, -122.161, 0.187046, -12.5685, 8.10345E-005, 32.7958, 0.000186328, -69.6562, 3.4579E-005, 91.2002
2104, 35.07500, 0.600261, -48.9155, 0.677463, -122.062, 0.184578, -13.2107, 8.10837E-005, 32.6373, 0.000186279, -69.5238, 3.42356E-005, 91.3254
2105, 35.08333, 0.601148, -49.1218, 0.677875, -121.964, 0.182122, -13.8713, 8.11326E-005, 32.4781, 0.000186233, -69.3915, 3.38913E-005, 91.4538
2106, 35.09167, 0.602035, -49.329, 0.678297, -121.867, 0.179677, -14.5512, 8.1181E-005, 32.3181, 0.000186191, -69.2594, 3.3546E-005, 91.5854
2106, 35.10000, 0.602921, -49.537, 0.678729, -121.77, 0.177246, -15.2509, 8.12291E-005, 32.1575, 0.000186151, -69.1275, 3.31999E-005, 91.7204
2107, 35.10833, 0.603806, -49.7457, 0.679171, -121.674, 0.174829, -15.9712, 8.12767E-005, 31.9962, 0.000186114, -68.9957, 3.2853E-005, 91.8588
2107, 35.11667, 0.604692, -49.9553, 0.679623, -121.579, 0.172427, -16.713, 8.1324E-005, 31.8342, 0.00018608, -68.8641, 3.25051E-005, 92.0009
2108, 35.12500, 0.605576, -50.1657, 0.680085, -121.484, 0.170043, -17.4769, 8.13709E-005, 31.6715, 0.000186049, -68.7327, 3.21563E-005, 92.1467
2108, 35.13333, 0.60646, -50.3769, 0.680557, -121.391, 0.167676, -18.2638, 8.14173E-005, 31.5081, 0.000186021, -68.6016, 3.18067E-005, 92.2965
2108, 35.14167, 0.607343, -50.5889, 0.681038, -121.298, 0.165328, -19.0748, 8.14634E-005, 31.344, 0.000185996, -68.4706, 3.14562E-005, 92.4504
2109, 35.15000, 0.608225, -50.8017, 0.681529, -121.206, 0.163002, -19.9104, 8.1509E-005, 31.1791, 0.000185973, -68.3399, 3.11048E-005, 92.6085
2110, 35.15833, 0.609107, -51.0153, 0.682029, -121.115, 0.160698, -20.7716, 8.15542E-005, 31.0136, 0.000185954, -68.2095, 3.07526E-005, 92.771
2110, 35.16667, 0.609988, -51.2298, 0.682539, -121.024, 0.158418, -21.6596, 8.1599E-005, 30.8473, 0.000185938, -68.0793, 3.03995E-005, 92.9382
2111, 35.17500, 0.610868, -51.445, 0.683058, -120.935, 0.156164, -22.5749, 8.16433E-005, 30.6804, 0.000185924, -67.9494, 3.00456E-005, 93.1102
2111, 35.18333, 0.611747, -51.6611, 0.683587, -120.846, 0.153937, -23.5187, 8.16871E-005, 30.5127, 0.000185914, -67.8197, 2.96909E-005, 93.2872
2112, 35.19167, 0.612625, -51.878, 0.684125, -120.758, 0.15174, -24.4921, 8.17306E-005, 30.3443, 0.000185906, -67.6904, 2.93353E-005, 93.4695
2112, 35.20000, 0.613502, -52.0957, 0.684672, -120.671, 0.149575, -25.4956, 8.17735E-005, 30.1753, 0.000185902, -67.5614, 2.89789E-005, 93.6572
2112, 35.20833, 0.614378, -52.3142, 0.685229, -120.585, 0.147444, -26.5306, 8.1816E-005, 30.0055, 0.0001859, -67.4327, 2.86218E-005, 93.8507
2113, 35.21667, 0.615254, -52.5336, 0.685794, -120.5, 0.145348, -27.5979, 8.1858E-005, 29.8349, 0.000185901, -67.3043, 2.82638E-005, 94.0501
2114, 35.22500, 0.616128, -52.7537, 0.686369, -120.415, 0.143291, -28.6984, 8.18995E-005, 29.6637, 0.000185905, -67.1763, 2.79051E-005, 94.2558
2114, 35.23333, 0.617001, -52.9747, 0.686952, -120.332, 0.141275, -29.8329, 8.19406E-005, 29.4917, 0.000185912, -67.0487, 2.75456E-005, 94.468
2115, 35.24167, 0.617873, -53.1966, 0.687545, -120.249, 0.139302, -31.0027, 8.19811E-005, 29.319, 0.000185922, -66.9214, 2.71854E-005, 94.6871
2115, 35.25000, 0.618743, -53.4192, 0.688146, -120.168, 0.137376, -32.2082, 8.20211E-005, 29.1456, 0.000185935, -66.7945, 2.68245E-005, 94.9133
2116, 35.25833, 0.619613, -53.6427, 0.688756, -120.087, 0.135499, -33.4503, 8.20607E-005, 28.9715, 0.000185951, -66.6681, 2.64629E-005, 95.147
2116, 35.26667, 0.620481, -53.867, 0.689374, -120.008, 0.133674, -34.7299, 8.20997E-005, 28.7966, 0.000185969, -66.542, 2.61006E-005, 95.3885
2116, 35.27500, 0.621347, -54.0921, 0.690001, -119.929, 0.131903, -36.0473, 8.21382E-005, 28.621, 0.000185991, -66.4163, 2.57377E-005, 95.6383
2117, 35.28333, 0.622213, -54.3181, 0.690637, -119.851, 0.130192, -37.4032, 8.21761E-005, 28.4447, 0.000186015, -66.2911, 2.53742E-005, 95.8967
2118, 35.29167, 0.623077, -54.5449, 0.691281, -119.774, 0.128541, -38.7981, 8.22136E-005, 28.2677, 0.000186042, -66.1664, 2.501E-005, 96.1641
2118, 35.30000, 0.623939, -54.7726, 0.691933, -119.698, 0.126956, -40.232, 8.22505E-005, 28.0899, 0.000186072, -66.0421, 2.46453E-005, 96.4411
2119, 35.30833, 0.6248, -55.001, 0.692593, -119.624, 0.125439, -41.7051, 8.22868E-005, 27.9115, 0.000186105, -65.9183, 2.42801E-005, 96.728
2119, 35.31667, 0.625659, -55.2304, 0.693262, -119.55, 0.123993, -43.2176, 8.23226E-005, 27.7322, 0.000186141, -65.7949, 2.39143E-005, 97.0255
2120, 35.32500, 0.626517, -55.4605, 0.693938, -119.477, 0.122623, -44.7687, 8.23578E-005, 27.5523, 0.000186179, -65.6721, 2.35482E-005, 97.3339
2120, 35.33333, 0.627373, -55.6915, 0.694623, -119.405, 0.121332, -46.3581, 8.23924E-005, 27.3716, 0.000186221, -65.5498, 2.31816E-005, 97.654
2120, 35.34167, 0.628227, -55.9233, 0.695315, -119.334, 0.120124, -47.9853, 8.24265E-005, 27.1902, 0.000186265, -65.428, 2.28146E-005, 97.9864
2121, 35.35000, 0.62908, -56.156, 0.696015, -119.265, 0.119001, -49.6488, 8.246E-005, 27.008, 0.000186312, -65.3067, 2.24474E-005, 98.3316
2122, 35.35833, 0.629931, -56.3895, 0.696722, -119.196, 0.117969, -51.3477, 8.24929E-005, 26.8252, 0.000186361, -65.186, 2.20798E-005, 98.6905
2122, 35.36667, 0.63078, -56.6238, 0.697437, -119.128, 0.117029, -53.0805, 8.25252E-005, 26.6415, 0.000186414, -65.0659, 2.17121E-005, 99.0637
2123, 35.37500, 0.631627, -56.859, 0.69816, -119.062, 0.116187, -54.8451, 8.25569E-005, 26.4572, 0.000186469, -64.9463, 2.13442E-005, 99.452
2123, 35.38333, 0.632472, -57.095, 0.698889, -118.996, 0.115444, -56.6394, 8.25879E-005, 26.2721, 0.000186527, -64.8274, 2.09762E-005, 99.8563
2124, 35.39167, 0.633315, -57.3319, 0.699626, -118.932, 0.114804, -58.4613, 8.26184E-005, 26.0863, 0.000186587, -64.709, 2.06082E-005, 100.278
2124, 35.40000, 0.634156, -57.5696, 0.70037, -118.868, 0.11427, -60.3077, 8.26482E-005, 25.8997, 0.00018665, -64.5912, 2.02404E-005, 100.717
2124, 35.40833, 0.634995, -57.8082, 0.701121, -118.806, 0.113844, -62.1758, 8.26774E-005, 25.7124, 0.000186716, -64.4741, 1.98726E-005, 101.175
2125, 35.41667, 0.635832, -58.0476, 0.701879, -118.745, 0.113529, -64.0627, 8.2706E-005, 25.5244, 0.000186785, -64.3576, 1.95051E-005, 101.653
2126, 35.42500, 0.636667, -58.2878, 0.702643, -118.685, 0.113327, -65.9645, 8.27339E-005, 25.3356, 0.000186856, -64.2418, 1.9138E-005, 102.153
2126, 35.43333, 0.637499, -58.5289, 0.703415, -118.626, 0.113241, -67.8779, 8.27611E-005, 25.1461, 0.00018693, -64.1266, 1.87714E-005, 102.675
2127, 35.44167, 0.638329, -58.7709, 0.704192, -118.568, 0.11327, -69.7994, 8.27877E-005, 24.9558, 0.000187006, -64.0121, 1.84052E-005, 103.221
2127, 35.45000, 0.639157, -59.0136, 0.704976, -118.511, 0.113417, -71.7248, 8.28136E-005, 24.7648, 0.000187085, -63.8982, 1.80399E-005, 103.792
2128, 35.45833, 0.639983, -59.2573, 0.705767, -118.456, 0.113682, -73.6504, 8.28389E-005, 24.5731, 0.000187167, -63.7851, 1.76754E-005, 104.391
2128, 35.46667, 0.640806, -59.5018, 0.706563, -118.401, 0.114065, -75.5727, 8.28635E-005, 24.3806, 0.000187251, -63.6727, 1.73119E-005, 105.018
2128, 35.47500, 0.641627, -59.7471, 0.707366, -118.348, 0.114568, -77.4874, 8.28873E-005, 24.1874, 0.000187338, -63.561, 1.69496E-005, 105.676
2129, 35.48333, 0.642445, -59.9932, 0.708174, -118.296, 0.115188, -79.3911, 8.29105E-005, 23.9935, 0.000187427, -63.45, 1.65886E-005, 106.366
2130, 35.49167, 0.64326, -60.2403, 0.708989, -118.245, 0.115926, -81.2805, 8.2933E-005, 23.7987, 0.000187519, -63.3397, 1.62292E-005, 107.092
2130, 35.50000, 0.644073, -60.4881, 0.709809, -118.195, 0.116781, -83.1516, 8.29547E-005, 23.6033, 0.000187613, -63.2303, 1.58716E-005, 107.854
2131, 35.50833, 0.644883, -60.7368, 0.710634, -118.147, 0.117751, -85.0017, 8.29757E-005, 23.4071, 0.000187709, -63.1215, 1.55161E-005, 108.656
2131, 35.51667, 0.645691, -60.9864, 0.711465, -118.099, 0.118835, -86.828, 8.29961E-005, 23.2102, 0.000187808, -63.0136, 1.51628E-005, 109.5
2132, 35.52500, 0.646496, -61.2368, 0.712301, -118.053, 0.120031, -88.6274, 8.30156E-005, 23.0125, 0.000187909, -62.9064, 1.48121E-005, 110.389
2132, 35.53333, 0.647298, -61.488, 0.713143, -118.008, 0.121336, -90.3978, 8.30345E-005, 22.8141, 0.000188013, -62.8001, 1.44643E-005, 111.327
2133, 35.54167, 0.648097, -61.7402, 0.713989, -117.964, 0.122749, -92.1372, 8.30526E-005, 22.615, 0.000188119, -62.6945, 1.41197E-005, 112.315
2133, 35.55000, 0.648893, -61.9931, 0.71484, -117.921, 0.124267, -93.8435, 8.30699E-005, 22.4151, 0.000188228, -62.5898, 1.37788E-005, 113.359
2134, 35.55833, 0.649686, -62.2469, 0.715696, -117.88, 0.125887, -95.5154, 8.30865E-005, 22.2144, 0.000188338, -62.4859, 1.34419E-005, 114.46
2134, 35.56667, 0.650476, -62.5015, 0.716557, -117.839, 0.127606, -97.1518, 8.31023E-005, 22.013, 0.000188451, -62.3828, 1.31095E-005, 115.625
2135, 35.57500, 0.651264, -62.757, 0.717422, -117.8, 0.129422, -98.7513, 8.31173E-005, 21.8109, 0.000188566, -62.2806, 1.27822E-005, 116.856
2135, 35.58333, 0.652048, -63.0133, 0.718291, -117.763, 0.131332, -100.313, 8.31316E-005, 21.6081, 0.000188683, -62.1792, 1.24604E-005, 118.157
2136, 35.59167, 0.652829, -63.2705, 0.719165, -117.726, 0.133333, -101.838, 8.3145E-005, 21.4045, 0.000188803, -62.0787, 1.21447E-005, 119.534
2136, 35.60000, 0.653606, -63.5285, 0.720043, -117.691, 0.135422, -103.324, 8.31577E-005, 21.2001, 0.000188924, -61.9791, 1.1836E-005, 120.991
2137, 35.60833, 0.654381, -63.7874, 0.720924, -117.656, 0.137596, -104.772, 8.31696E-005, 20.9951, 0.000189048, -61.8804, 1.15347E-005, 122.533
2137, 35.61667, 0.655152, -64.0471, 0.72181, -117.623, 0.139853, -106.182, 8.31806E-005, 20.7892, 0.000189174, -61.7826, 1.12418E-005, 124.165
2138, 35.62500, 0.65592, -64.3076, 0.722699, -117.592, 0.142188, -107.554, 8.31909E-005, 20.5827, 0.000189302, -61.6857, 1.09582E-005, 125.89
2138, 35.63333, 0.656684, -64.569, 0.723592, -117.561, 0.1446, -108.889, 8.32003E-005, 20.3754, 0.000189432, -61.5896, 1.06846E-005, 127.714
2139, 35.64167, 0.657445, -64.8313, 0.724488, -117.532, 0.147086, -110.187, 8.32089E-005, 20.1673, 0.000189564, -61.4946, 1.04222E-005, 129.641
2139, 35.65000, 0.658202, -65.0943, 0.725387, -117.504, 0.149643, -111.449, 8.32167E-005, 19.9585, 0.000189698, -61.4004, 1.0172E-005, 131.675
2140, 35.65833, 0.658956, -65.3582, 0.726289, -117.477, 0.152269, -112.675, 8.32236E-005, 19.749, 0.000189833, -61.3072, 9.93508E-006, 133.818
2140, 35.66667, 0.659707, -65.623, 0.727194, -117.452, 0.154961, -113.867, 8.32296E-005, 19.5387, 0.000189971, -61.2149, 9.71269E-006, 136.073
2141, 35.67500, 0.660453, -65.8886, 0.728102, -117.428, 0.157716, -115.025, 8.32349E-005, 19.3277, 0.000190111, -61.1236, 9.50609E-006, 138.439
2141, 35.68333, 0.661196, -66.155, 0.729012, -117.405, 0.160533, -116.149, 8.32392E-005, 19.116, 0.000190252, -61.0333, 9.31653E-006, 140.917
2142, 35.69167, 0.661935, -66.4223, 0.729925, -117.383, 0.163409, -117.242, 8.32427E-005, 18.9035, 0.000190395, -60.9439, 9.1453E-006, 143.503
2142, 35.70000, 0.662671, -66.6904, 0.73084, -117.363, 0.166341, -118.303, 8.32453E-005, 18.6903, 0.00019054, -60.8556, 8.99371E-006, 146.194
2143, 35.70833, 0.663402, -66.9593, 0.731758, -117.344, 0.169329, -119.335, 8.3247E-005, 18.4764, 0.000190687, -60.7682, 8.86302E-006, 148.981
2143, 35.71667, 0.66413, -67.2291, 0.732677, -117.326, 0.17237, -120.337, 8.32479E-005, 18.2617, 0.000190835, -60.6818, 8.75438E-006, 151.855
2144, 35.72500, 0.664854, -67.4997, 0.733598, -117.309, 0.175461, -121.311, 8.32478E-005, 18.0463, 0.000190985, -60.5964, 8.66892E-006, 154.805
2144, 35.73333, 0.665574, -67.7711, 0.734521, -117.294, 0.178602, -122.257, 8.32469E-005, 17.8302, 0.000191137, -60.512, 8.60757E-006, 157.817
2145, 35.74167, 0.66629, -68.0434, 0.735446, -117.28, 0.181791, -123.177, 8.3245E-005, 17.6133, 0.00019129, -60.4287, 8.57111E-006, 160.874
2145, 35.75000, 0.667001, -68.3165, 0.736372, -117.267, 0.185025, -124.072, 8.32422E-005, 17.3957, 0.000191445, -60.3464, 8.56012E-006, 163.958
2146, 35.75833, 0.667709, -68.5904, 0.737299, -117.255, 0.188303, -124.942, 8.32386E-005, 17.1774, 0.000191601, -60.2651, 8.57496E-006, 167.051
2146, 35.76667, 0.668413, -68.8652, 0.738227, -117.245, 0.191625, -125.788, 8.3234E-005, 16.9583, 0.000191759, -60.1848, 8.61577E-006, 170.135
2147, 35.77500, 0.669112, -69.1407, 0.739156, -117.236, 0.194988, -126.612, 8.32284E-005, 16.7386, 0.000191918, -60.1056, 8.68244E-006, 173.189
2147, 35.78333, 0.669807, -69.4171, 0.740086, -117.228, 0.198392, -127.414, 8.3222E-005, 16.5181, 0.000192079, -60.0274, 8.77465E-006, 176.197
2148, 35.79167, 0.670498, -69.6943, 0.741016, -117.222, 0.201834, -128.195, 8.32146E-005, 16.2968, 0.000192241, -59.9503, 8.89187E-006, 179.143
2148, 35.80000, 0.671184, -69.9724, 0.741947, -117.217, 0.205314, -128.955, 8.32062E-005, 16.0749, 0.000192404, -59.8743, 9.03337E-006, -177.989
2149, 35.80833, 0.671866, -70.2512, 0.742878, -117.213, 0.20883, -129.696, 8.31969E-005, 15.8522, 0.000192568, -59.7993, 9.19828E-006, -175.209
2149, 35.81667, 0.672544, -70.5309, 0.74381, -117.21, 0.212383, -130.418, 8.31866E-005, 15.6288, 0.000192734, -59.7254, 9.38565E-006, -172.526
2150, 35.82500, 0.673217, -70.8114, 0.744741, -117.209, 0.215969, -131.122, 8.31754E-005, 15.4047, 0.000192901, -59.6526, 9.59437E-006, -169.948
2150, 35.83333, 0.673886, -71.0926, 0.745672, -117.209, 0.219589, -131.808, 8.31632E-005, 15.1798, 0.000193069, -59.5808, 9.82333E-006, -167.48
2151, 35.84167, 0.67455, -71.3748, 0.746603, -117.21, 0.223241, -132.478, 8.31501E-005, 14.9543, 0.000193239, -59.5102, 1.00714E-005, -165.124
2151, 35.85000, 0.67521, -71.6577, 0.747533, -117.213, 0.226925, -133.132, 8.31359E-005, 14.728, 0.000193409, -59.4406, 1.03374E-005, -162.882
2152, 35.85833, 0.675865, -71.9414, 0.748463, -117.217, 0.230639, -133.77, 8.31208E-005, 14.501, 0.00019358, -59.3721, 1.06203E-005, -160.751
2152, 35.86667, 0.676515, -72.2259, 0.749392, -117.222, 0.234384, -134.394, 8.31047E-005, 14.2733, 0.000193753, -59.3048, 1.09189E-005, -158.731
2153, 35.87500, 0.677161, -72.5113, 0.750319, -117.228, 0.238158, -135.003, 8.30876E-005, 14.0449, 0.000193926, -59.2385, 1.12322E-005, -156.818
2153, 35.88333, 0.677802, -72.7974, 0.751246, -117.236, 0.24196, -135.598, 8.30695E-005, 13.8158, 0.0001941, -59.1734, 1.15593E-005, -155.01
2154, 35.89167, 0.678438, -73.0843, 0.752171, -117.245, 0.24579, -136.18, 8.30504E-005, 13.5859, 0.000194275, -59.1093, 1.18991E-005, -153.3
2154, 35.90000, 0.679069, -73.3721, 0.753095, -117.255, 0.249646, -136.75, 8.30303E-005, 13.3554, 0.000194451, -59.0464, 1.22509E-005, -151.686
2155, 35.90833, 0.679696, -73.6606, 0.754017, -117.266, 0.253529, -137.307, 8.30092E-005, 13.1241, 0.000194628, -58.9846, 1.26137E-005, -150.162
2155, 35.91667, 0.680318, -73.9499, 0.754938, -117.279, 0.257438, -137.852, 8.2987E-005, 12.8922, 0.000194805, -58.9239, 1.2987E-005, -148.724
2156, 35.92500, 0.680934, -74.24, 0.755856, -117.293, 0.261372, -138.386, 8.29639E-005, 12.6595, 0.000194983, -58.8643, 1.337E-005, -147.367
2156, 35.93333, 0.681546, -74.5309, 0.756772, -117.308, 0.265331, -138.909, 8.29397E-005, 12.4262, 0.000195162, -58.8059, 1.37619E-005, -146.086
2157, 35.94167, 0.682153, -74.8226, 0.757686, -117.325, 0.269314, -139.422, 8.29145E-005, 12.1921, 0.000195342, -58.7486, 1.41625E-005, -144.876
2157, 35.95000, 0.682755, -75.1151, 0.758598, -117.343, 0.27332, -139.924, 8.28883E-005, 11.9573, 0.000195522, -58.6924, 1.45709E-005, -143.734
2158, 35.95833, 0.683351, -75.4083, 0.759507, -117.362, 0.277349, -140.417, 8.2861E-005, 11.7219, 0.000195702, -58.6374, 1.49868E-005, -142.656
2158, 35.96667, 0.683943, -75.7023, 0.760413, -117.382, 0.281401, -140.9, 8.28327E-005, 11.4857, 0.000195883, -58.5835, 1.54098E-005, -141.636
2159, 35.97500, 0.684529, -75.9971, 0.761317, -117.404, 0.285475, -141.374, 8.28034E-005, 11.2489, 0.000196065, -58.5307, 1.58394E-005, -140.673
2159, 35.98333, 0.685111, -76.2927, 0.762217, -117.426, 0.289571, -141.84, 8.2773E-005, 11.0113, 0.000196246, -58.4791, 1.62752E-005, -139.761
2160, 35.99167, 0.685687, -76.5891, 0.763114, -117.45, 0.293688, -142.297, 8.27415E-005, 10.7731, 0.000196429, -58.4286, 1.6717E-005, -138.899
2160, 36.00000, 0.686258, -76.8862, 0.764008, -117.476, 0.297825, -142.745, 8.27091E-005, 10.5342, 0.000196611, -58.3792, 1.71643E-005, -138.082
2161, 36.00833, 0.686824, -77.184, 0.764898, -117.502, 0.301984, -143.187, 8.26755E-005, 10.2946, 0.000196794, -58.331, 1.76169E-005, -137.309
2161, 36.01667, 0.687384, -77.4827, 0.765784, -117.53, 0.306162, -143.62, 8.26409E-005, 10.0543, 0.000196977, -58.2839, 1.80747E-005, -136.576
2162, 36.02500, 0.68794, -77.7821, 0.766667, -117.559, 0.31036, -144.046, 8.26052E-005, 9.81334, 0.00019716, -58.238, 1.85372E-005, -135.88
2162, 36.03333, 0.68849, -78.0822, 0.767545, -117.59, 0.314577, -144.466, 8.25685E-005, 9.5717, 0.000197343, -58.1932, 1.90043E-005, -135.221
2163, 36.04167, 0.689034, -78.3832, 0.76842, -117.621, 0.318814, -144.878, 8.25307E-005, 9.32936, 0.000197527, -58.1496, 1.94759E-005, -134.595
2163, 36.05000, 0.689574, -78.6848, 0.76929, -117.654, 0.323069, -145.284, 8.24918E-005, 9.08636, 0.00019771, -58.1071, 1.99516E-005, -134
2164, 36.05833, 0.690108, -78.9872, 0.770155, -117.688, 0.327343, -145.684, 8.24519E-005, 8.84269, 0.000197893, -58.0658, 2.04313E-005, -133.436
2164, 36.06667, 0.690636, -79.2904, 0.771016, -117.723, 0.331634, -146.077, 8.24109E-005, 8.59832, 0.000198077, -58.0256, 2.0915E-005, -132.899
2165, 36.07500, 0.691159, -79.5943, 0.771872, -117.759, 0.335944, -146.465, 8.23688E-005, 8.35331, 0.00019826, -57.9865, 2.14024E-005, -132.388
2165, 36.08333, 0.691677, -79.899, 0.772723, -117.797, 0.34027, -146.846, 8.23256E-005, 8.10763, 0.000198443, -57.9486, 2.18934E-005, -131.902
2166, 36.09167, 0.692189, -80.2044, 0.77357, -117.836, 0.344615, -147.223, 8.22814E-005, 7.86125, 0.000198626, -57.9118, 2.23879E-005, -131.44
2166, 36.10000, 0.692696, -80.5105, 0.77441, -117.876, 0.348976, -147.594, 8.22361E-005, 7.61424, 0.000198808, -57.8762, 2.28858E-005, -131
2167, 36.10833, 0.693197, -80.8173, 0.775246, -117.917, 0.353353, -147.959, 8.21897E-005, 7.36656, 0.000198991, -57.8417, 2.33868E-005, -130.581
2167, 36.11667, 0.693693, -81.1249, 0.776076, -117.96, 0.357748, -148.32, 8.21422E-005, 7.1182, 0.000199173, -57.8084, 2.38911E-005, -130.181
2168, 36.12500, 0.694183, -81.4332, 0.7769, -118.004, 0.362158, -148.676, 8.20936E-005, 6.8692, 0.000199355, -57.7762, 2.43984E-005, -129.801
2168, 36.13333, 0.694668, -81.7422, 0.777718, -118.048, 0.366584, -149.028, 8.2044E-005, 6.61955, 0.000199536, -57.7451, 2.49087E-005, -129.438
2169, 36.14167, 0.695147, -82.052, 0.778531, -118.095, 0.371027, -149.375, 8.19932E-005, 6.36921, 0.000199717, -57.7152, 2.5422E-005, -129.092
2169, 36.15000, 0.695621, -82.3624, 0.779337, -118.142, 0.375484, -149.717, 8.19414E-005, 6.11825, 0.000199897, -57.6864, 2.5938E-005, -128.762
2170, 36.15833, 0.696089, -82.6736, 0.780137, -118.19, 0.379956, -150.055, 8.18884E-005, 5.86664, 0.000200077, -57.6587, 2.64567E-005, -128.447
2170, 36.16667, 0.696551, -82.9855, 0.78093, -118.24, 0.384444, -150.389, 8.18344E-005, 5.61435, 0.000200256, -57.6322, 2.69783E-005, -128.146
2171, 36.17500, 0.697008, -83.298, 0.781717, -118.291, 0.388947, -150.719, 8.17793E-005, 5.36144, 0.000200435, -57.6067, 2.75023E-005, -127.86
2171, 36.18333, 0.697459, -83.6113, 0.782497, -118.343, 0.393464, -151.046, 8.17231E-005, 5.10789, 0.000200613, -57.5825, 2.8029E-005, -127.586
2172, 36.19167, 0.697905, -83.9253, 0.783271, -118.396, 0.397996, -151.368, 8.16658E-005, 4.85366, 0.00020079, -57.5593, 2.85582E-005, -127.325
2172, 36.20000, 0.698345, -84.2399, 0.784037, -118.45, 0.402541, -151.687, 8.16075E-005, 4.59882, 0.000200966, -57.5372, 2.90898E-005, -127.075
2173, 36.20833, 0.69878, -84.5553, 0.784796, -118.506, 0.407101, -152.002, 8.1548E-005, 4.34335, 0.000201142, -57.5163, 2.96239E-005, -126.837
2173, 36.21667, 0.699208, -84.8714, 0.785548, -118.562, 0.411675, -152.314, 8.14874E-005, 4.08721, 0.000201317, -57.4965, 3.01603E-005, -126.61
2174, 36.22500, 0.699632, -85.1881, 0.786293, -118.62, 0.416262, -152.623, 8.14258E-005, 3.83046, 0.00020149, -57.4778, 3.06991E-005, -126.393
2174, 36.23333, 0.700049, -85.5055, 0.78703, -118.679, 0.420862, -152.928, 8.13631E-005, 3.57308, 0.000201663, -57.4602, 3.12401E-005, -126.186
2175, 36.24167, 0.700461, -85.8236, 0.787759, -118.739, 0.425476, -153.231, 8.12992E-005, 3.31505, 0.000201835, -57.4437, 3.17834E-005, -125.989
2175, 36.25000, 0.700868, -86.1424, 0.788481, -118.8, 0.430103, -153.53, 8.12343E-005, 3.05641, 0.000202006, -57.4283, 3.23289E-005, -125.8
2176, 36.25833, 0.701269, -86.4618, 0.789195, -118.862, 0.434742, -153.827, 8.11684E-005, 2.79714, 0.000202176, -57.414, 3.28765E-005, -125.62
2176, 36.26667, 0.701664, -86.7819, 0.7899, -118.926, 0.439395, -154.12, 8.11013E-005, 2.53722, 0.000202345, -57.4008, 3.34264E-005, -125.449
2177, 36.27500, 0.702054, -87.1027, 0.790598, -118.99, 0.44406, -154.411, 8.10331E-005, 2.27671, 0.000202513, -57.3887, 3.39783E-005, -125.285
2177, 36.28333, 0.702438, -87.4241, 0.791287, -119.056, 0.448737, -154.699, 8.09639E-005, 2.01558, 0.000202679, -57.3776, 3.45322E-005, -125.129
2178, 36.29167, 0.702816, -87.7462, 0.791967, -119.122, 0.453428, -154.984, 8.08936E-005, 1.7538, 0.000202844, -57.3677, 3.50883E-005, -124.98
2178, 36.30000, 0.703189, -88.0689, 0.792639, -119.19, 0.458129, -155.267, 8.08222E-005, 1.49143, 0.000203008, -57.3588, 3.56464E-005, -124.838
2179, 36.30833, 0.703556, -88.3923, 0.793303, -119.259, 0.462843, -155.548, 8.07497E-005, 1.22845, 0.000203171, -57.351, 3.62064E-005, -124.703
2179, 36.31667, 0.703918, -88.7164, 0.793958, -119.329, 0.467568, -155.826, 8.06761E-005, 0.964823, 0.000203332, -57.3443, 3.67685E-005, -124.575
2180, 36.32500, 0.704274, -89.041, 0.794603, -119.4, 0.472305, -156.102, 8.06015E-005, 0.700617, 0.000203492, -57.3387, 3.73325E-005, -124.453
2180, 36.33333, 0.704625, -89.3663, 0.79524, -119.472, 0.477053, -156.375, 8.05259E-005, 0.435801, 0.000203651, -57.3341, 3.78983E-005, -124.336
2181, 36.34167, 0.70497, -89.6923, 0.795867, -119.546, 0.481813, -156.646, 8.04491E-005, 0.170345, 0.000203808, -57.3305, 3.84662E-005, -124.226
2181, 36.35000, 0.70531, -90.0188, 0.796486, -119.62, 0.486584, -156.915, 8.03713E-005, -0.0956843, 0.000203963, -57.328, 3.90359E-005, -124.121
2182, 36.35833, 0.705644, -90.346, 0.797095, -119.695, 0.491366, -157.182, 8.02924E-005, -0.362318, 0.000204117, -57.3266, 3.96074E-005, -124.021
2182, 36.36667, 0.705973, -90.6739, 0.797694, -119.772, 0.496159, -157.447, 8.02125E-005, -0.629585, 0.00020427, -57.3262, 4.01808E-005, -123.927
2183, 36.37500, 0.706297, -91.0023, 0.798284, -119.849, 0.500962, -157.71, 8.01315E-005, -0.897422, 0.000204421, -57.3268, 4.0756E-005, -123.838
2183, 36.38333, 0.706614, -91.3314, 0.798864, -119.928, 0.505776, -157.971, 8.00495E-005, -1.16586, 0.00020457, -57.3285, 4.1333E-005, -123.753
2184, 36.39167, 0.706927, -91.661, 0.799434, -120.007, 0.510601, -158.23, 7.99664E-005, -1.43492, 0.000204717, -57.3312, 4.19118E-005, -123.673
2184, 36.40000, 0.707234, -91.9913, 0.799994, -120.088, 0.515435, -158.488, 7.98823E-005, -1.70455, 0.000204863, -57.3349, 4.24923E-005, -123.598
2185, 36.40833, 0.707536, -92.3222, 0.800545, -120.17, 0.52028, -158.743, 7.97971E-005, -1.97477, 0.000205007, -57.3397, 4.30746E-005, -123.527
2185, 36.41667, 0.707833, -92.6537, 0.801085, -120.252, 0.525136, -158.997, 7.97109E-005, -2.24562, 0.000205149, -57.3454, 4.36586E-005, -123.46
2186, 36.42500, 0.708124, -92.9858, 0.801615, -120.336, 0.53, -159.249, 7.96237E-005, -2.51703, 0.000205289, -57.3522, 4.42444E-005, -123.397
2186, 36.43333, 0.70841, -93.3184, 0.802134, -120.421, 0.534875, -159.499, 7.95354E-005, -2.78902, 0.000205428, -57.3599, 4.48318E-005, -123.338
2187, 36.44167, 0.708691, -93.6517, 0.802644, -120.506, 0.539759, -159.748, 7.94462E-005, -3.06164, 0.000205564, -57.3687, 4.54209E-005, -123.283
2187, 36.45000, 0.708967, -93.9855, 0.803142, -120.593, 0.544653, -159.995, 7.93559E-005, -3.33481, 0.000205699, -57.3784, 4.60117E-005, -123.232
2188, 36.45833, 0.709237, -94.3199, 0.803631, -120.681, 0.549556, -160.241, 7.92646E-005, -3.60856, 0.000205831, -57.3892, 4.66041E-005, -123.184
2188, 36.46667, 0.709502, -94.655, 0.804108, -120.77, 0.554469, -160.485, 7.91723E-005, -3.88294, 0.000205962, -57.4009, 4.71982E-005, -123.139
2189, 36.47500, 0.709763, -94.9905, 0.804575, -120.859, 0.55939, -160.728, 7.9079E-005, -4.15786, 0.00020609, -57.4136, 4.77939E-005, -123.098
2189, 36.48333, 0.710018, -95.3267, 0.805031, -120.95, 0.564321, -160.969, 7.89847E-005, -4.43336, 0.000206217, -57.4272, 4.83912E-005, -123.06
2189, 36.49167, 0.710268, -95.6634, 0.805476, -121.041, 0.569261, -161.209, 7.88894E-005, -4.70948, 0.000206341, -57.4418, 4.89902E-005, -123.026
2190, 36.50000, 0.710513, -96.0007, 0.805909, -121.134, 0.574209, -161.447, 7.87931E-005, -4.98615, 0.000206463, -57.4574, 4.95907E-005, -122.994
2191, 36.50833, 0.710754, -96.3385, 0.806332, -121.228, 0.579166, -161.685, 7.86958E-005, -5.26339, 0.000206583, -57.4739, 5.01927E-005, -122.966
2191, 36.51667, 0.710989, -96.677, 0.806744, -121.322, 0.584132, -161.92, 7.85976E-005, -5.54124, 0.000206701, -57.4914, 5.07964E-005, -122.94
2192, 36.52500, 0.71122, -97.0159, 0.807144, -121.418, 0.589106, -162.155, 7.84984E-005, -5.81964, 0.000206817, -57.5098, 5.14016E-005, -122.917
2192, 36.53333, 0.711446, -97.3554, 0.807533, -121.514, 0.594088, -162.388, 7.83982E-005, -6.09862, 0.00020693, -57.5292, 5.20083E-005, -122.897
2193, 36.54167, 0.711667, -97.6954, 0.807911, -121.611, 0.599079, -162.62, 7.82971E-005, -6.3782, 0.000207041, -57.5494, 5.26166E-005, -122.879
2193, 36.55000, 0.711883, -98.036, 0.808277, -121.71, 0.604078, -162.851, 7.8195E-005, -6.65832, 0.00020715, -57.5706, 5.32264E-005, -122.864
2193, 36.55833, 0.712095, -98.3771, 0.808631, -121.809, 0.609084, -163.081, 7.8092E-005, -6.93901, 0.000207256, -57.5927, 5.38376E-005, -122.852
2194, 36.56667, 0.712302, -98.7188, 0.808974, -121.909, 0.6141, -163.31, 7.79881E-005, -7.22031, 0.00020736, -57.6157, 5.44505E-005, -122.841
2195, 36.57500, 0.712505, -99.061, 0.809306, -122.01, 0.619122, -163.537, 7.78832E-005, -7.50215, 0.000207461, -57.6397, 5.50647E-005, -122.834
2195, 36.58333, 0.712703, -99.4037, 0.809625, -122.112, 0.624152, -163.764, 7.77774E-005, -7.78457, 0.00020756, -57.6645, 5.56804E-005, -122.828
2196, 36.59167, 0.712896, -99.747, 0.809933, -122.215, 0.62919, -163.989, 7.76707E-005, -8.06758, 0.000207657, -57.6902, 5.62977E-005, -122.825
2196, 36.60000, 0.713085, -100.091, 0.810229, -122.319, 0.634236, -164.213, 7.7563E-005, -8.35114, 0.000207751, -57.7168, 5.69163E-005, -122.824
2197, 36.60833, 0.71327, -100.435, 0.810513, -122.424, 0.639288, -164.437, 7.74545E-005, -8.63526, 0.000207843, -57.7443, 5.75364E-005, -122.825
2197, 36.61667, 0.713451, -100.78, 0.810785, -122.529, 0.644349, -164.659, 7.73451E-005, -8.91999, 0.000207932, -57.7726, 5.8158E-005, -122.828
2197, 36.62500, 0.713627, -101.125, 0.811045, -122.636, 0.649416, -164.88, 7.72348E-005, -9.20525, 0.000208018, -57.8018, 5.87809E-005, -122.833
2198, 36.63333, 0.713799, -101.471, 0.811293, -122.743, 0.65449, -165.1, 7.71236E-005, -9.49108, 0.000208102, -57.8319, 5.94052E-005, -122.841
2199, 36.64167, 0.713968, -101.817, 0.811528, -122.852, 0.659572, -165.32, 7.70116E-005, -9.77752, 0.000208183, -57.8629, 6.00311E-005, -122.85
2199, 36.65000, 0.714132, -102.164, 0.811752, -122.961, 0.664661, -165.538, 7.68987E-005, -10.0645, 0.000208262, -57.8947, 6.06582E-005, -122.861
2200, 36.65833, 0.714292, -102.511, 0.811963, -123.071, 0.669756, -165.756, 7.67849E-005, -10.352, 0.000208338, -57.9273, 6.12868E-005, -122.873
2200, 36.66667, 0.714448, -102.859, 0.812162, -123.182, 0.674858, -165.972, 7.66703E-005, -10.6402, 0.000208411, -57.9608, 6.19168E-005, -122.888
2201, 36.67500, 0.7146, -103.207, 0.812349, -123.294, 0.679967, -166.188, 7.65549E-005, -10.9289, 0.000208481, -57.9951, 6.25481E-005, -122.904
2201, 36.68333, 0.714749, -103.556, 0.812523, -123.406, 0.685082, -166.403, 7.64386E-005, -11.2181, 0.000208549, -58.0302, 6.31807E-005, -122.922
2201, 36.69167, 0.714894, -103.905, 0.812686, -123.52, 0.690204, -166.617, 7.63215E-005, -11.508, 0.000208614, -58.0662, 6.38148E-005, -122.942
2202, 36.70000, 0.715035, -104.255, 0.812835, -123.634, 0.695332, -166.831, 7.62036E-005, -11.7984, 0.000208676, -58.1029, 6.44502E-005, -122.963
2203, 36.70833, 0.715173, -104.605, 0.812972, -123.749, 0.700467, -167.043, 7.60849E-005, -12.0894, 0.000208736, -58.1405, 6.50869E-005, -122.986
2203, 36.71667, 0.715307, -104.956, 0.813097, -123.865, 0.705608, -167.255, 7.59654E-005, -12.3809, 0.000208792, -58.1789, 6.5725E-005, -123.01
2204, 36.72500, 0.715438, -105.307, 0.813209, -123.982, 0.710755, -167.466, 7.58451E-005, -12.673, 0.000208846, -58.2181, 6.63644E-005, -123.036
2204, 36.73333, 0.715565, -105.659, 0.813309, -124.1, 0.715908, -167.676, 7.57241E-005, -12.9657, 0.000208897, -58.258, 6.70051E-005, -123.063
2205, 36.74167, 0.715689, -106.011, 0.813396, -124.218, 0.721068, -167.885, 7.56022E-005, -13.259, 0.000208945, -58.2988, 6.76471E-005, -123.092
2205, 36.75000, 0.71581, -106.364, 0.81347, -124.338, 0.726233, -168.094, 7.54797E-005, -13.5529, 0.00020899, -58.3403, 6.82905E-005, -123.122
2205, 36.75833, 0.715928, -106.717, 0.813532, -124.458, 0.731404, -168.302, 7.53563E-005, -13.8473, 0.000209032, -58.3826, 6.8935E-005, -123.154
2206, 36.76667, 0.716042, -107.07, 0.813581, -124.579, 0.736582, -168.509, 7.52323E-005, -14.1423, 0.000209071, -58.4257, 6.9581E-005, -123.186
2207, 36.77500, 0.716154, -107.424, 0.813618, -124.701, 0.741764, -168.715, 7.51075E-005, -14.4379, 0.000209108, -58.4696, 7.02282E-005, -123.221
2207, 36.78333, 0.716263, -107.778, 0.813642, -124.823, 0.746952, -168.921, 7.4982E-005, -14.7341, 0.000209141, -58.5142, 7.08767E-005, -123.256
2208, 36.79167, 0.716369, -108.133, 0.813653, -124.947, 0.752147, -169.127, 7.48558E-005, -15.0309, 0.000209171, -58.5595, 7.15265E-005, -123.293
2208, 36.80000, 0.716472, -108.488, 0.813651, -125.071, 0.757347, -169.331, 7.47289E-005, -15.3282, 0.000209199, -58.6056, 7.21775E-005, -123.331
2209, 36.80833, 0.716573, -108.844, 0.813637, -125.196, 0.762551, -169.535, 7.46013E-005, -15.6261, 0.000209223, -58.6525, 7.28297E-005, -123.37
2209, 36.81667, 0.716671, -109.2, 0.81361, -125.322, 0.767763, -169.738, 7.4473E-005, -15.9247, 0.000209245, -58.7001, 7.34833E-005, -123.41
2209, 36.82500, 0.716767, -109.557, 0.81357, -125.449, 0.772978, -169.941, 7.4344E-005, -16.2238, 0.000209263, -58.7484, 7.41381E-005, -123.452
2210, 36.83333, 0.71686, -109.914, 0.813518, -125.576, 0.778199, -170.143, 7.42144E-005, -16.5235, 0.000209278, -58.7974, 7.47941E-005, -123.494
2211, 36.84167, 0.716951, -110.271, 0.813452, -125.704, 0.783427, -170.344, 7.40842E-005, -16.8238, 0.00020929, -58.8472, 7.54514E-005, -123.538
2211, 36.85000, 0.717039, -110.629, 0.813374, -125.833, 0.788658, -170.545, 7.39533E-005, -17.1247, 0.000209299, -58.8977, 7.61099E-005, -123.583
2212, 36.85833, 0.717126, -110.987, 0.813283, -125.963, 0.793895, -170.745, 7.38218E-005, -17.4261, 0.000209305, -58.9488, 7.67696E-005, -123.629
2212, 36.86667, 0.71721, -111.346, 0.81318, -126.094, 0.799137, -170.945, 7.36897E-005, -17.7282, 0.000209308, -59.0008, 7.74306E-005, -123.676
2213, 36.87500, 0.717293, -111.705, 0.813063, -126.225, 0.804384, -171.144, 7.35569E-005, -18.0309, 0.000209308, -59.0533, 7.80927E-005, -123.724
2213, 36.88333, 0.717374, -112.065, 0.812934, -126.357, 0.809636, -171.342, 7.34236E-005, -18.3342, 0.000209305, -59.1066, 7.87561E-005, -123.773
2213, 36.89167, 0.717453, -112.425, 0.812792, -126.49, 0.814894, -171.54, 7.32897E-005, -18.6382, 0.000209298, -59.1606, 7.94208E-005, -123.822
2214, 36.90000, 0.71753, -112.785, 0.812638, -126.624, 0.820156, -171.738, 7.31552E-005, -18.9427, 0.000209289, -59.2153, 8.00865E-005, -123.873
2215, 36.90833, 0.717605, -113.146, 0.812471, -126.758, 0.825423, -171.935, 7.30202E-005, -19.2478, 0.000209276, -59.2707, 8.07535E-005, -123.925
2215, 36.91667, 0.717679, -113.507, 0.81229, -126.893, 0.830695, -172.131, 7.28846E-005, -19.5536, 0.00020926, -59.3267, 8.14218E-005, -123.978
2216, 36.92500, 0.717752, -113.869, 0.812098, -127.029, 0.835971, -172.327, 7.27485E-005, -19.8599, 0.000209241, -59.3834, 8.20911E-005, -124.032
2216, 36.93333, 0.717823, -114.231, 0.811892, -127.166, 0.841252, -172.522, 7.26118E-005, -20.1669, 0.000209218, -59.4408, 8.27617E-005, -124.086
2217, 36.94167, 0.717894, -114.593, 0.811674, -127.303, 0.846539, -172.717, 7.24746E-005, -20.4746, 0.000209193, -59.4988, 8.34335E-005, -124.142
2217, 36.95000, 0.717963, -114.956, 0.811443, -127.442, 0.851829, -172.912, 7.2337E-005, -20.7828, 0.000209164, -59.5575, 8.41065E-005, -124.198
2217, 36.95833, 0.718031, -115.319, 0.8112, -127.581, 0.857125, -173.105, 7.21988E-005, -21.0917, 0.000209132, -59.6169, 8.47806E-005, -124.255
2218, 36.96667, 0.718098, -115.683, 0.810943, -127.72, 0.862425, -173.299, 7.20601E-005, -21.4013, 0.000209097, -59.6769, 8.5456E-005, -124.313
2219, 36.97500, 0.718164, -116.047, 0.810675, -127.861, 0.867729, -173.492, 7.1921E-005, -21.7114, 0.000209059, -59.7375, 8.61324E-005, -124.372
2219, 36.98333, 0.718229, -116.411, 0.810393, -128.002, 0.873038, -173.684, 7.17814E-005, -22.0222, 0.000209017, -59.7988, 8.68101E-005, -124.432
2220, 36.99167, 0.718294, -116.776, 0.810099, -128.144, 0.878352, -173.876, 7.16414E-005, -22.3337, 0.000208972, -59.8608, 8.7489E-005, -124.492
2220, 37.00000, 0.718359, -117.141, 0.809793, -128.287, 0.88367, -174.068, 7.15009E-005, -22.6459, 0.000208924, -59.9234, 8.81689E-005, -124.553
2221, 37.00833, 0.718423, -117.507, 0.809473, -128.43, 0.888993, -174.259, 7.136E-005, -22.9586, 0.000208873, -59.9866, 8.88501E-005, -124.615
2221, 37.01667, 0.718486, -117.873, 0.809142, -128.574, 0.894321, -174.45, 7.12187E-005, -23.2721, 0.000208819, -60.0504, 8.95324E-005, -124.678
2221, 37.02500, 0.71855, -118.239, 0.808798, -128.719, 0.899652, -174.64, 7.1077E-005, -23.5862, 0.000208761, -60.1149, 9.02159E-005, -124.741
2222, 37.03333, 0.718613, -118.606, 0.808441, -128.865, 0.904988, -174.83, 7.09349E-005, -23.901, 0.0002087, -60.18, 9.09005E-005, -124.805
2223, 37.04167, 0.718676, -118.973, 0.808072, -129.012, 0.910329, -175.02, 7.07924E-005, -24.2165, 0.000208636, -60.2457, 9.15864E-005, -124.87
2223, 37.05000, 0.718739, -119.34, 0.807691, -129.159, 0.915673, -175.209, 7.06496E-005, -24.5326, 0.000208568, -60.3121, 9.22733E-005, -124.936
2224, 37.05833, 0.718803, -119.708, 0.807297, -129.307, 0.921022, -175.397, 7.05064E-005, -24.8494, 0.000208497, -60.379, 9.29614E-005, -125.002
2224, 37.06667, 0.718867, -120.076, 0.806891, -129.456, 0.926376, -175.586, 7.03628E-005, -25.167, 0.000208423, -60.4466, 9.36507E-005, -125.069
2225, 37.07500, 0.718931, -120.445, 0.806473, -129.605, 0.931734, -175.774, 7.02189E-005, -25.4852, 0.000208346, -60.5147, 9.43411E-005, -125.137
2225, 37.08333, 0.718995, -120.814, 0.806042, -129.755, 0.937096, -175.961, 7.00748E-005, -25.8041, 0.000208265, -60.5835, 9.50326E-005, -125.205
2225, 37.09167, 0.719061, -121.183, 0.805599, -129.906, 0.942463, -176.148, 6.99303E-005, -26.1238, 0.000208181, -60.6529, 9.57254E-005, -125.274
2226, 37.10000, 0.719127, -121.553, 0.805144, -130.058, 0.947833, -176.335, 6.97855E-005, -26.4441, 0.000208094, -60.7229, 9.64192E-005, -125.344
2227, 37.10833, 0.719193, -121.923, 0.804677, -130.21, 0.953208, -176.522, 6.96404E-005, -26.7652, 0.000208003, -60.7934, 9.71142E-005, -125.414
2227, 37.11667, 0.719261, -122.293, 0.804197, -130.364, 0.958588, -176.708, 6.94951E-005, -27.087, 0.000207909, -60.8646, 9.78104E-005, -125.485
2228, 37.12500, 0.71933, -122.664, 0.803706, -130.518, 0.963972, -176.893, 6.93495E-005, -27.4095, 0.000207812, -60.9364, 9.85077E-005, -125.556
2228, 37.13333, 0.7194, -123.035, 0.803203, -130.672, 0.96936, -177.079, 6.92036E-005, -27.7328, 0.000207712, -61.0087, 9.92061E-005, -125.628
2229, 37.14167, 0.719471, -123.407, 0.802687, -130.828, 0.974753, -177.264, 6.90575E-005, -28.0568, 0.000207608, -61.0817, 9.99058E-005, -125.701
2229, 37.15000, 0.719543, -123.779, 0.80216, -130.984, 0.980149, -177.449, 6.89112E-005, -28.3816, 0.000207501, -61.1552, 0.000100606, -125.774
2229, 37.15833, 0.719617, -124.151, 0.801621, -131.141, 0.98555, -177.633, 6.87647E-005, -28.7071, 0.000207391, -61.2293, 0.000101308, -125.848
2230, 37.16667, 0.719693, -124.523, 0.80107, -131.299, 0.990956, -177.817, 6.8618E-005, -29.0334, 0.000207278, -61.304, 0.000102011, -125.922
2231, 37.17500, 0.71977, -124.896, 0.800507, -131.457, 0.996365, -178.001, 6.84711E-005, -29.3604, 0.000207161, -61.3793, 0.000102716, -125.997
2231, 37.18333, 0.719849, -125.27, 0.799932, -131.616, 1.00178, -178.184, 6.83241E-005, -29.6882, 0.000207041, -61.4552, 0.000103421, -126.073
2232, 37.19167, 0.71993, -125.643, 0.799346, -131.776, 1.0072, -178.368, 6.81768E-005, -30.0169, 0.000206917, -61.5316, 0.000104127, -126.149
2232, 37.20000, 0.720013, -126.017, 0.798748, -131.937, 1.01262, -178.551, 6.80295E-005, -30.3462, 0.000206791, -61.6086, 0.000104835, -126.226
2233, 37.20833, 0.720098, -126.392, 0.798138, -132.099, 1.01805, -178.733, 6.7882E-005, -30.6764, 0.000206661, -61.6862, 0.000105544, -126.303
2233, 37.21667, 0.720185, -126.766, 0.797517, -132.261, 1.02348, -178.916, 6.77343E-005, -31.0075, 0.000206528, -61.7644, 0.000106254, -126.381
2233, 37.22500, 0.720274, -127.142, 0.796885, -132.424, 1.02891, -179.098, 6.75866E-005, -31.3393, 0.000206391, -61.8432, 0.000106965, -126.459
2234, 37.23333, 0.720366, -127.517, 0.79624, -132.588, 1.03435, -179.279, 6.74387E-005, -31.6719, 0.000206251, -61.9225, 0.000107677, -126.538
2235, 37.24167, 0.720461, -127.893, 0.795585, -132.753, 1.0398, -179.461, 6.72908E-005, -32.0054, 0.000206108, -62.0024, 0.000108391, -126.617
2235, 37.25000, 0.720558, -128.269, 0.794918, -132.918, 1.04525, -179.642, 6.71428E-005, -32.3396, 0.000205962, -62.0829, 0.000109105, -126.697
2236, 37.25833, 0.720658, -128.645, 0.79424, -133.084, 1.0507, -179.823, 6.69948E-005, -32.6748, 0.000205812, -62.1639, 0.000109821, -126.777
2236, 37.26667, 0.720761, -129.022, 0.79355, -133.251, 1.05616, 179.996, 6.68466E-005, -33.0108, 0.00020566, -62.2456, 0.000110538, -126.858
2237, 37.27500, 0.720867, -129.399, 0.79285, -133.419, 1.06162, 179.816, 6.66985E-005, -33.3476, 0.000205503, -62.3278, 0.000111256, -126.939
2237, 37.28333, 0.720976, -129.777, 0.792138, -133.588, 1.06709, 179.635, 6.65504E-005, -33.6853, 0.000205344, -62.4105, 0.000111975, -127.021
2237, 37.29167, 0.721088, -130.155, 0.791415, -133.757, 1.07256, 179.455, 6.64022E-005, -34.024, 0.000205181, -62.4939, 0.000112696, -127.103
2238, 37.30000, 0.721204, -130.533, 0.790682, -133.927, 1.07804, 179.275, 6.6254E-005, -34.3634, 0.000205015, -62.5778, 0.000113417, -127.186
2239, 37.30833, 0.721323, -130.912, 0.789937, -134.098, 1.08352, 179.096, 6.61058E-005, -34.7038, 0.000204846, -62.6623, 0.00011414, -127.27
2239, 37.31667, 0.721446, -131.291, 0.789181, -134.27, 1.089, 178.916, 6.59577E-005, -35.0451, 0.000204674, -62.7473, 0.000114864, -127.353
2240, 37.32500, 0.721572, -131.67, 0.788415, -134.443, 1.09449, 178.737, 6.58096E-005, -35.3873, 0.000204498, -62.833, 0.000115589, -127.438
2240, 37.33333, 0.721702, -132.05, 0.787638, -134.616, 1.09999, 178.558, 6.56616E-005, -35.7303, 0.000204319, -62.9192, 0.000116315, -127.522
2241, 37.34167, 0.721836, -132.43, 0.78685, -134.79, 1.10549, 178.38, 6.55136E-005, -36.0744, 0.000204137, -63.006, 0.000117043, -127.607
2241, 37.35000, 0.721974, -132.81, 0.786051, -134.966, 1.11099, 178.201, 6.53657E-005, -36.4194, 0.000203952, -63.0934, 0.000117771, -127.693
2241, 37.35833, 0.722116, -133.191, 0.785242, -135.141, 1.1165, 178.023, 6.52179E-005, -36.7653, 0.000203763, -63.1813, 0.000118501, -127.779
2242, 37.36667, 0.722262, -133.572, 0.784422, -135.318, 1.12201, 177.844, 6.50701E-005, -37.1122, 0.000203571, -63.2699, 0.000119232, -127.866
2243, 37.37500, 0.722413, -133.953, 0.783592, -135.496, 1.12753, 177.666, 6.49225E-005, -37.46, 0.000203376, -63.359, 0.000119964, -127.953
2243, 37.38333, 0.722568, -134.335, 0.782751, -135.674, 1.13305, 177.489, 6.47751E-005, -37.8088, 0.000203178, -63.4487, 0.000120698, -128.04
2244, 37.39167, 0.722727, -134.717, 0.7819, -135.854, 1.13858, 177.311, 6.46277E-005, -38.1586, 0.000202976, -63.539, 0.000121433, -128.128
2244, 37.40000, 0.722892, -135.099, 0.781039, -136.034, 1.14411, 177.133, 6.44806E-005, -38.5094, 0.000202771, -63.6298, 0.000122168, -128.217
2245, 37.40833, 0.723061, -135.482, 0.780167, -136.215, 1.14965, 176.956, 6.43336E-005, -38.8612, 0.000202563, -63.7213, 0.000122906, -128.306
2245, 37.41667, 0.723235, -135.865, 0.779285, -136.397, 1.1552, 176.779, 6.41867E-005, -39.214, 0.000202352, -63.8134, 0.000123644, -128.395
2245, 37.42500, 0.723414, -136.249, 0.778394, -136.58, 1.16074, 176.602, 6.40401E-005, -39.5678, 0.000202138, -63.906, 0.000124383, -128.485
2246, 37.43333, 0.723598, -136.632, 0.777492, -136.764, 1.1663, 176.425, 6.38936E-005, -39.9227, 0.00020192, -63.9992, 0.000125124, -128.575
2247, 37.44167, 0.723787, -137.017, 0.77658, -136.948, 1.17186, 176.248, 6.37474E-005, -40.2786, 0.000201699, -64.0931, 0.000125866, -128.665
2247, 37.45000, 0.723982, -137.401, 0.775658, -137.134, 1.17742, 176.071, 6.36014E-005, -40.6356, 0.000201475, -64.1875, 0.000126609, -128.757
2248, 37.45833, 0.724182, -137.786, 0.774727, -137.32, 1.18299, 175.895, 6.34556E-005, -40.9936, 0.000201248, -64.2826, 0.000127354, -128.848
2248, 37.46667, 0.724388, -138.171, 0.773786, -137.508, 1.18856, 175.718, 6.33101E-005, -41.3528, 0.000201018, -64.3783, 0.0001281, -128.94
2249, 37.47500, 0.724599, -138.557, 0.772835, -137.696, 1.19414, 175.542, 6.31649E-005, -41.7129, 0.000200784, -64.4745, 0.000128847, -129.032
2249, 37.48333, 0.724816, -138.943, 0.771874, -137.885, 1.19973, 175.366, 6.30199E-005, -42.0742, 0.000200547, -64.5714, 0.000129595, -129.125
2249, 37.49167, 0.725039, -139.329, 0.770904, -138.075, 1.20532, 175.19, 6.28752E-005, -42.4367, 0.000200307, -64.6689, 0.000130344, -129.218
2250, 37.50000, 0.725268, -139.716, 0.769924, -138.266, 1.21091, 175.014, 6.27309E-005, -42.8002, 0.000200064, -64.767, 0.000131095, -129.312
2251, 37.50833, 0.725503, -140.102, 0.768935, -138.458, 1.21651, 174.838, 6.25868E-005, -43.1648, 0.000199818, -64.8658, 0.000131847, -129.406
2251, 37.51667, 0.725745, -140.49, 0.767936, -138.651, 1.22212, 174.662, 6.24431E-005, -43.5306, 0.000199568, -64.9652, 0.0001326, -129.501
2252, 37.52500, 0.725992, -140.878, 0.766929, -138.845, 1.22773, 174.486, 6.22997E-005, -43.8976, 0.000199316, -65.0652, 0.000133355, -129.596
2252, 37.53333, 0.726246, -141.266, 0.765912, -139.04, 1.23335, 174.31, 6.21567E-005, -44.2657, 0.00019906, -65.1658, 0.000134111, -129.691
2253, 37.54167, 0.726507, -141.654, 0.764885, -139.236, 1.23897, 174.135, 6.2014E-005, -44.635, 0.000198801, -65.2671, 0.000134868, -129.787
2253, 37.55000, 0.726774, -142.043, 0.76385, -139.433, 1.2446, 173.959, 6.18717E-005, -45.0054, 0.000198539, -65.3691, 0.000135626, -129.883
2253, 37.55833, 0.727048, -142.432, 0.762806, -139.631, 1.25024, 173.784, 6.17298E-005, -45.3771, 0.000198274, -65.4717, 0.000136386, -129.98
2254, 37.56667, 0.727329, -142.821, 0.761752, -139.831, 1.25588, 173.608, 6.15884E-005, -45.75, 0.000198005, -65.5749, 0.000137147, -130.077
2255, 37.57500, 0.727617, -143.211, 0.76069, -140.031, 1.26152, 173.433, 6.14473E-005, -46.1241, 0.000197734, -65.6788, 0.000137909, -130.175
2255, 37.58333, 0.727912, -143.601, 0.759619, -140.232, 1.26718, 173.257, 6.13067E-005, -46.4994, 0.000197459, -65.7834, 0.000138673, -130.273
2256, 37.59167, 0.728214, -143.992, 0.758539, -140.434, 1.27284, 173.082, 6.11665E-005, -46.876, 0.000197181, -65.8887, 0.000139438, -130.371
2256, 37.60000, 0.728524, -144.383, 0.757451, -140.637, 1.2785, 172.907, 6.10267E-005, -47.2539, 0.0001969, -65.9946, 0.000140204, -130.47
2257, 37.60833, 0.728841, -144.774, 0.756353, -140.841, 1.28417, 172.731, 6.08875E-005, -47.6329, 0.000196616, -66.1012, 0.000140971, -130.569
2257, 37.61667, 0.729165, -145.165, 0.755248, -141.047, 1.28985, 172.556, 6.07487E-005, -48.0134, 0.000196329, -66.2085, 0.00014174, -130.669
2258, 37.62500, 0.729497, -145.557, 0.754134, -141.253, 1.29553, 172.381, 6.06104E-005, -48.395, 0.000196038, -66.3165, 0.000142511, -130.769
2258, 37.63333, 0.729836, -145.95, 0.753011, -141.461, 1.30122, 172.205, 6.04726E-005, -48.778, 0.000195745, -66.4252, 0.000143282, -130.87
2259, 37.64167, 0.730184, -146.342, 0.75188, -141.67, 1.30692, 172.03, 6.03354E-005, -49.1623, 0.000195448, -66.5346, 0.000144055, -130.971
2259, 37.65000, 0.730539, -146.735, 0.750741, -141.879, 1.31262, 171.855, 6.01987E-005, -49.5479, 0.000195149, -66.6447, 0.000144829, -131.072
2260, 37.65833, 0.730903, -147.129, 0.749593, -142.09, 1.31833, 171.679, 6.00625E-005, -49.9349, 0.000194846, -66.7556, 0.000145605, -131.174
2260, 37.66667, 0.731274, -147.523, 0.748438, -142.303, 1.32404, 171.504, 5.99269E-005, -50.3232, 0.00019454, -66.8671, 0.000146382, -131.277
2261, 37.67500, 0.731654, -147.917, 0.747274, -142.516, 1.32976, 171.329, 5.97918E-005, -50.7129, 0.000194231, -66.9794, 0.00014716, -131.38
2261, 37.68333, 0.732042, -148.311, 0.746103, -142.73, 1.33549, 171.153, 5.96574E-005, -51.1039, 0.000193918, -67.0925, 0.00014794, -131.483
2262, 37.69167, 0.732439, -148.706, 0.744923, -142.946, 1.34122, 170.978, 5.95235E-005, -51.4964, 0.000193603, -67.2063, 0.000148721, -131.587
2262, 37.70000, 0.732844, -149.101, 0.743736, -143.163, 1.34697, 170.802, 5.93903E-005, -51.8902, 0.000193285, -67.3208, 0.000149504, -131.691
2263, 37.70833, 0.733257, -149.497, 0.742541, -143.381, 1.35271, 170.626, 5.92577E-005, -52.2854, 0.000192963, -67.4361, 0.000150287, -131.796
2263, 37.71667, 0.73368, -149.893, 0.741338, -143.6, 1.35847, 170.451, 5.91257E-005, -52.6821, 0.000192638, -67.5523, 0.000151073, -131.901
2264, 37.72500, 0.734111, -150.29, 0.740127, -143.821, 1.36423, 170.275, 5.89944E-005, -53.0802, 0.000192311, -67.6691, 0.000151859, -132.006
2264, 37.73333, 0.734551, -150.686, 0.738909, -144.043, 1.37, 170.099, 5.88637E-005, -53.4798, 0.00019198, -67.7868, 0.000152647, -132.112
2265, 37.74167, 0.735, -151.083, 0.737684, -144.266, 1.37577, 169.923, 5.87337E-005, -53.8808, 0.000191646, -67.9053, 0.000153437, -132.219
2265, 37.75000, 0.735459, -151.481, 0.736451, -144.49, 1.38155, 169.747, 5.86044E-005, -54.2833, 0.000191309, -68.0245, 0.000154228, -132.326
2266, 37.75833, 0.735926, -151.879, 0.73521, -144.716, 1.38734, 169.571, 5.84758E-005, -54.6873, 0.000190969, -68.1446, 0.00015502, -132.433
2266, 37.76667, 0.736403, -152.277, 0.733963, -144.943, 1.39314, 169.395, 5.8348E-005, -55.0928, 0.000190625, -68.2655, 0.000155814, -132.541
2267, 37.77500, 0.736889, -152.676, 0.732708, -145.171, 1.39894, 169.219, 5.82208E-005, -55.4998, 0.000190279, -68.3873, 0.000156609, -132.649
2267, 37.78333, 0.737385, -153.075, 0.731446, -145.401, 1.40475, 169.042, 5.80944E-005, -55.9083, 0.000189929, -68.5099, 0.000157405, -132.758
2268, 37.79167, 0.737891, -153.474, 0.730177, -145.632, 1.41057, 168.866, 5.79688E-005, -56.3183, 0.000189577, -68.6333, 0.000158204, -132.868
2268, 37.80000, 0.738406, -153.874, 0.728901, -145.865, 1.41639, 168.689, 5.78439E-005, -56.7299, 0.000189221, -68.7576, 0.000159003, -132.977
2269, 37.80833, 0.738931, -154.274, 0.727618, -146.098, 1.42222, 168.512, 5.77199E-005, -57.143, 0.000188862, -68.8828, 0.000159804, -133.088
2269, 37.81667, 0.739465, -154.675, 0.726329, -146.334, 1.42806, 168.335, 5.75966E-005, -57.5578, 0.0001885, -69.0089, 0.000160606, -133.198
2270, 37.82500, 0.74001, -155.076, 0.725032, -146.57, 1.43391, 168.158, 5.74741E-005, -57.9741, 0.000188135, -69.1359, 0.00016141, -133.31
2270, 37.83333, 0.740565, -155.477, 0.723729, -146.809, 1.43976, 167.981, 5.73525E-005, -58.3919, 0.000187767, -69.2637, 0.000162215, -133.421
2271, 37.84167, 0.74113, -155.879, 0.722419, -147.048, 1.44562, 167.804, 5.72317E-005, -58.8115, 0.000187395, -69.3925, 0.000163022, -133.534
2271, 37.85000, 0.741705, -156.281, 0.721103, -147.289, 1.45149, 167.626, 5.71117E-005, -59.2325, 0.000187021, -69.5222, 0.00016383, -133.646
2272, 37.85833, 0.742291, -156.684, 0.719781, -147.532, 1.45736, 167.448, 5.69926E-005, -59.6553, 0.000186643, -69.6529, 0.000164639, -133.76
2272, 37.86667, 0.742887, -157.087, 0.718451, -147.776, 1.46325, 167.27, 5.68744E-005, -60.0797, 0.000186263, -69.7845, 0.00016545, -133.873
2273, 37.87500, 0.743494, -157.49, 0.717116, -148.021, 1.46914, 167.092, 5.67571E-005, -60.5057, 0.000185879, -69.9171, 0.000166263, -133.988
2273, 37.88333, 0.744111, -157.894, 0.715774, -148.268, 1.47503, 166.914, 5.66407E-005, -60.9334, 0.000185492, -70.0506, 0.000167077, -134.102
2274, 37.89167, 0.744739, -158.298, 0.714427, -148.517, 1.48094, 166.735, 5.65252E-005, -61.3628, 0.000185102, -70.1852, 0.000167892, -134.218
2274, 37.90000, 0.745378, -158.703, 0.713073, -148.767, 1.48685, 166.557, 5.64107E-005, -61.7938, 0.000184709, -70.3207, 0.000168709, -134.333
2275, 37.90833, 0.746027, -159.108, 0.711713, -149.019, 1.49277, 166.378, 5.62971E-005, -62.2265, 0.000184312, -70.4573, 0.000169528, -134.45
2275, 37.91667, 0.746688, -159.513, 0.710347, -149.273, 1.4987, 166.198, 5.61844E-005, -62.661, 0.000183913, -70.5949, 0.000170348, -134.567
2276, 37.92500, 0.747359, -159.919, 0.708976, -149.528, 1.50464, 166.019, 5.60728E-005, -63.0971, 0.00018351, -70.7335, 0.000171169, -134.684
2276, 37.93333, 0.748042, -160.325, 0.707599, -149.785, 1.51058, 165.839, 5.59621E-005, -63.535, 0.000183104, -70.8732, 0.000171992, -134.802
2277, 37.94167, 0.748736, -160.732, 0.706216, -150.043, 1.51653, 165.659, 5.58525E-005, -63.9747, 0.000182695, -71.0139, 0.000172816, -134.921
2277, 37.95000, 0.749441, -161.139, 0.704827, -150.304, 1.52249, 165.479, 5.57438E-005, -64.4161, 0.000182283, -71.1558, 0.000173642, -135.04
2278, 37.95833, 0.750158, -161.547, 0.703433, -150.565, 1.52846, 165.299, 5.56362E-005, -64.8592, 0.000181868, -71.2987, 0.000174469, -135.159
2278, 37.96667, 0.750886, -161.955, 0.702034, -150.829, 1.53443, 165.118, 5.55297E-005, -65.3041, 0.000181449, -71.4428, 0.000175298, -135.279
2279, 37.97500, 0.751625, -162.363, 0.700629, -151.095, 1.54042, 164.937, 5.54242E-005, -65.7508, 0.000181028, -71.5879, 0.000176128, -135.4
2279, 37.98333, 0.752376, -162.772, 0.699219, -151.362, 1.5464, 164.755, 5.53197E-005, -66.1992, 0.000180603, -71.7342, 0.00017696, -135.521
2280, 37.99167, 0.753139, -163.181, 0.697804, -151.631, 1.5524, 164.574, 5.52164E-005, -66.6496, 0.000180175, -71.8817, 0.000177793, -135.643
2280, 38.00000, 0.753914, -163.591, 0.696383, -151.902, 1.55841, 164.392, 5.51142E-005, -67.1016, 0.000179744, -72.0303, 0.000178628, -135.765
2281, 38.00833, 0.7547, -164.001, 0.694958, -152.174, 1.56442, 164.21, 5.50131E-005, -67.5555, 0.000179309, -72.1802, 0.000179464, -135.888
2281, 38.01667, 0.755499, -164.411, 0.693528, -152.449, 1.57044, 164.027, 5.49131E-005, -68.0112, 0.000178872, -72.3312, 0.000180302, -136.012
2282, 38.02500, 0.756309, -164.822, 0.692093, -152.725, 1.57647, 163.844, 5.48142E-005, -68.4688, 0.000178431, -72.4835, 0.000181141, -136.136
2282, 38.03333, 0.757131, -165.233, 0.690653, -153.004, 1.58251, 163.661, 5.47166E-005, -68.9282, 0.000177987, -72.637, 0.000181982, -136.261
2283, 38.04167, 0.757966, -165.645, 0.689209, -153.284, 1.58855, 163.478, 5.46201E-005, -69.3894, 0.00017754, -72.7918, 0.000182824, -136.386
2283, 38.05000, 0.758813, -166.058, 0.68776, -153.566, 1.59461, 163.294, 5.45248E-005, -69.8525, 0.000177089, -72.9478, 0.000183668, -136.512
2284, 38.05833, 0.759671, -166.47, 0.686307, -153.851, 1.60067, 163.109, 5.44307E-005, -70.3175, 0.000176635, -73.1051, 0.000184513, -136.639
2284, 38.06667, 0.760543, -166.883, 0.684849, -154.137, 1.60673, 162.925, 5.43378E-005, -70.7844, 0.000176178, -73.2638, 0.00018536, -136.766
2285, 38.07500, 0.761426, -167.297, 0.683387, -154.425, 1.61281, 162.74, 5.42461E-005, -71.2531, 0.000175718, -73.4237, 0.000186208, -136.894
2285, 38.08333, 0.762322, -167.711, 0.681921, -154.716, 1.61889, 162.554, 5.41557E-005, -71.7237, 0.000175255, -73.5851, 0.000187057, -137.022
2286, 38.09167, 0.763231, -168.126, 0.680451, -155.008, 1.62498, 162.369, 5.40666E-005, -72.1962, 0.000174788, -73.7478, 0.000187908, -137.151
2286, 38.10000, 0.764152, -168.541, 0.678977, -155.303, 1.63108, 162.183, 5.39787E-005, -72.6706, 0.000174318, -73.9118, 0.000188761, -137.281
2287, 38.10833, 0.765086, -168.956, 0.677499, -155.6, 1.63719, 161.996, 5.38922E-005, -73.1469, 0.000173844, -74.0773, 0.000189614, -137.411
2287, 38.11667, 0.766033, -169.372, 0.676017, -155.898, 1.6433, 161.809, 5.38069E-005, -73.6252, 0.000173368, -74.2442, 0.00019047, -137.542
2288, 38.12500, 0.766992, -169.788, 0.674532, -156.199, 1.64942, 161.622, 5.3723E-005, -74.1053, 0.000172888, -74.4126, 0.000191327, -137.674
2288, 38.13333, 0.767964, -170.205, 0.673043, -156.503, 1.65555, 161.434, 5.36404E-005, -74.5873, 0.000172405, -74.5824, 0.000192185, -137.806
2289, 38.14167, 0.768949, -170.622, 0.67155, -156.808, 1.66169, 161.246, 5.35591E-005, -75.0714, 0.000171918, -74.7538, 0.000193044, -137.939
2289, 38.15000, 0.769947, -171.04, 0.670055, -157.116, 1.66783, 161.057, 5.34792E-005, -75.5573, 0.000171428, -74.9266, 0.000193906, -138.072
2290, 38.15833, 0.770958, -171.458, 0.668556, -157.426, 1.67398, 160.868, 5.34007E-005, -76.0451, 0.000170935, -75.101, 0.000194768, -138.207
2290, 38.16667, 0.771982, -171.877, 0.667054, -157.739, 1.68014, 160.678, 5.33236E-005, -76.535, 0.000170438, -75.277, 0.000195632, -138.342
2291, 38.17500, 0.773019, -172.296, 0.665549, -158.053, 1.6863, 160.488, 5.32479E-005, -77.0267, 0.000169938, -75.4545, 0.000196497, -138.477
2291, 38.18333, 0.774069, -172.716, 0.664041, -158.37, 1.69248, 160.298, 5.31736E-005, -77.5204, 0.000169435, -75.6336, 0.000197364, -138.613
2292, 38.19167, 0.775133, -173.136, 0.66253, -158.69, 1.69866, 160.107, 5.31008E-005, -78.0161, 0.000168928, -75.8144, 0.000198232, -138.75
2292, 38.20000, 0.77621, -173.557, 0.661017, -159.012, 1.70484, 159.915, 5.30294E-005, -78.5137, 0.000168418, -75.9968, 0.000199101, -138.888
2293, 38.20833, 0.777299, -173.978, 0.659501, -159.336, 1.71104, 159.723, 5.29595E-005, -79.0133, 0.000167905, -76.1809, 0.000199972, -139.027
2293, 38.21667, 0.778403, -174.4, 0.657982, -159.663, 1.71724, 159.53, 5.2891E-005, -79.5148, 0.000167388, -76.3667, 0.000200844, -139.166
2294, 38.22500, 0.779519, -174.822, 0.656462, -159.993, 1.72344, 159.337, 5.28241E-005, -80.0183, 0.000166867, -76.5543, 0.000201718, -139.305
2294, 38.23333, 0.780649, -175.244, 0.654939, -160.325, 1.72966, 159.144, 5.27586E-005, -80.5237, 0.000166344, -76.7435, 0.000202593, -139.446
2295, 38.24167, 0.781793, -175.667, 0.653414, -160.66, 1.73588, 158.95, 5.26947E-005, -81.0312, 0.000165816, -76.9346, 0.000203469, -139.587
2295, 38.25000, 0.78295, -176.091, 0.651887, -160.997, 1.74211, 158.755, 5.26324E-005, -81.5405, 0.000165286, -77.1275, 0.000204346, -139.729
2296, 38.25833, 0.78412, -176.515, 0.650359, -161.337, 1.74834, 158.56, 5.25716E-005, -82.0518, 0.000164752, -77.3223, 0.000205225, -139.872
2296, 38.26667, 0.785304, -176.94, 0.648829, -161.679, 1.75458, 158.364, 5.25123E-005, -82.5652, 0.000164214, -77.5189, 0.000206105, -140.016
2297, 38.27500, 0.786501, -177.365, 0.647297, -162.024, 1.76083, 158.168, 5.24546E-005, -83.0804, 0.000163673, -77.7174, 0.000206986, -140.16
2297, 38.28333, 0.787712, -177.791, 0.645764, -162.372, 1.76708, 157.971, 5.23986E-005, -83.5976, 0.000163128, -77.9178, 0.000207869, -140.305
2298, 38.29167, 0.788937, -178.217, 0.64423, -162.723, 1.77333, 157.773, 5.23441E-005, -84.1168, 0.00016258, -78.1202, 0.000208753, -140.451
2298, 38.30000, 0.790176, -178.644, 0.642695, -163.076, 1.7796, 157.575, 5.22913E-005, -84.6379, 0.000162029, -78.3246, 0.000209637, -140.597
2299, 38.30833, 0.791428, -179.071, 0.641159, -163.433, 1.78587, 157.376, 5.22401E-005, -85.161, 0.000161473, -78.531, 0.000210523, -140.745
2299, 38.31667, 0.792693, -179.499, 0.639622, -163.792, 1.79214, 157.177, 5.21906E-005, -85.686, 0.000160915, -78.7394, 0.000211411, -140.893
2300, 38.32500, 0.793973, -179.927, 0.638084, -164.154, 1.79842, 156.977, 5.21427E-005, -86.213, 0.000160352, -78.95, 0.000212299, -141.042
2300, 38.33333, 0.795266, 179.644, 0.636547, -164.519, 1.80471, 156.777, 5.20965E-005, -86.7419, 0.000159787, -79.1626, 0.000213189, -141.191
2301, 38.34167, 0.796573, 179.215, 0.635008, -164.887, 1.811, 156.575, 5.2052E-005, -87.2727, 0.000159217, -79.3774, 0.000214079, -141.342
2301, 38.35000, 0.797893, 178.785, 0.63347, -165.258, 1.81729, 156.374, 5.20092E-005, -87.8055, 0.000158644, -79.5944, 0.000214971, -141.493
2302, 38.35833, 0.799228, 178.355, 0.631932, -165.632, 1.82359, 156.171, 5.19681E-005, -88.3402, 0.000158068, -79.8136, 0.000215864, -141.645
2302, 38.36667, 0.800576, 177.923, 0.630394, -166.009, 1.8299, 155.968, 5.19288E-005, -88.8768, 0.000157488, -80.0351, 0.000216758, -141.798
2303, 38.37500, 0.801938, 177.492, 0.628856, -166.389, 1.83621, 155.764, 5.18912E-005, -89.4153, 0.000156904, -80.2588, 0.000217653, -141.952
2303, 38.38333, 0.803313, 177.06, 0.627319, -166.772, 1.84252, 155.56, 5.18554E-005, -89.9557, 0.000156317, -80.4849, 0.000218548, -142.107
2304, 38.39167, 0.804703, 176.627, 0.625783, -167.159, 1.84884, 155.354, 5.18214E-005, -90.4981, 0.000155726, -80.7134, 0.000219445, -142.262
2304, 38.40000, 0.806106, 176.194, 0.624247, -167.549, 1.85516, 155.149, 5.17891E-005, -91.0423, 0.000155131, -80.9443, 0.000220343, -142.419
2305, 38.40833, 0.807523, 175.76, 0.622713, -167.941, 1.86148, 154.942, 5.17587E-005, -91.5884, 0.000154533, -81.1776, 0.000221242, -142.576
2305, 38.41667, 0.808954, 175.326, 0.62118, -168.338, 1.86781, 154.735, 5.173E-005, -92.1364, 0.000153931, -81.4134, 0.000222141, -142.734
2306, 38.42500, 0.810398, 174.891, 0.619649, -168.737, 1.87414, 154.527, 5.17032E-005, -92.6862, 0.000153325, -81.6517, 0.000223042, -142.893
2306, 38.43333, 0.811857, 174.455, 0.618119, -169.14, 1.88047, 154.318, 5.16782E-005, -93.2379, 0.000152716, -81.8926, 0.000223943, -143.053
2307, 38.44167, 0.813329, 174.019, 0.616591, -169.546, 1.88681, 154.108, 5.16551E-005, -93.7915, 0.000152103, -82.1362, 0.000224845, -143.213
2307, 38.45000, 0.814814, 173.583, 0.615066, -169.955, 1.89314, 153.898, 5.16338E-005, -94.3468, 0.000151487, -82.3823, 0.000225747, -143.375
2308, 38.45833, 0.816313, 173.145, 0.613542, -170.368, 1.89948, 153.687, 5.16144E-005, -94.904, 0.000150866, -82.6312, 0.000226651, -143.538
2308, 38.46667, 0.817827, 172.708, 0.612022, -170.785, 1.90583, 153.475, 5.15969E-005, -95.463, 0.000150242, -82.8829, 0.000227555, -143.701
2309, 38.47500, 0.819353, 172.269, 0.610504, -171.205, 1.91217, 153.263, 5.15813E-005, -96.0238, 0.000149615, -83.1373, 0.00022846, -143.865
2309, 38.48333, 0.820893, 171.83, 0.608989, -171.628, 1.91851, 153.05, 5.15676E-005, -96.5863, 0.000148983, -83.3945, 0.000229365, -144.03
2310, 38.49167, 0.822447, 171.391, 0.607477, -172.055, 1.92486, 152.836, 5.15558E-005, -97.1507, 0.000148348, -83.6547, 0.000230271, -144.197
2310, 38.50000, 0.824014, 170.95, 0.605969, -172.486, 1.93121, 152.621, 5.1546E-005, -97.7168, 0.000147709, -83.9178, 0.000231178, -144.364
2311, 38.50833, 0.825595, 170.51, 0.604464, -172.92, 1.93755, 152.405, 5.1538E-005, -98.2846, 0.000147067, -84.184, 0.000232085, -144.532
2311, 38.51667, 0.827189, 170.068, 0.602964, -173.358, 1.9439, 152.188, 5.15321E-005, -98.8542, 0.000146421, -84.4531, 0.000232992, -144.701
2312, 38.52500, 0.828797, 169.626, 0.601468, -173.8, 1.95025, 151.971, 5.15281E-005, -99.4255, 0.000145771, -84.7254, 0.0002339, -144.87
2312, 38.53333, 0.830417, 169.184, 0.599976, -174.245, 1.95659, 151.753, 5.1526E-005, -99.9985, 0.000145117, -85.0008, 0.000234808, -145.041
2313, 38.54167, 0.832052, 168.74, 0.598489, -174.694, 1.96294, 151.534, 5.15259E-005, -100.573, 0.000144459, -85.2794, 0.000235717, -145.213
2313, 38.55000, 0.833699, 168.296, 0.597007, -175.147, 1.96928, 151.314, 5.15279E-005, -101.15, 0.000143798, -85.5613, 0.000236626, -145.386
2314, 38.55833, 0.83536, 167.852, 0.59553, -175.604, 1.97562, 151.093, 5.15318E-005, -101.727, 0.000143133, -85.8465, 0.000237535, -145.56
2314, 38.56667, 0.837034, 167.407, 0.594058, -176.065, 1.98196, 150.872, 5.15377E-005, -102.307, 0.000142465, -86.1352, 0.000238444, -145.734
2314, 38.57500, 0.83872, 166.961, 0.592593, -176.53, 1.9883, 150.649, 5.15457E-005, -102.888, 0.000141792, -86.4272, 0.000239354, -145.91
2315, 38.58333, 0.84042, 166.515, 0.591134, -176.998, 1.99463, 150.426, 5.15556E-005, -103.471, 0.000141116, -86.7228, 0.000240263, -146.087
2316, 38.59167, 0.842133, 166.068, 0.589681, -177.471, 2.00097, 150.202, 5.15676E-005, -104.056, 0.000140436, -87.022, 0.000241173, -146.265
2316, 38.60000, 0.843858, 165.62, 0.588234, -177.948, 2.00729, 149.977, 5.15816E-005, -104.642, 0.000139753, -87.3247, 0.000242082, -146.443
2317, 38.60833, 0.845596, 165.172, 0.586795, -178.429, 2.01362, 149.751, 5.15977E-005, -105.229, 0.000139066, -87.6312, 0.000242991, -146.623
2317, 38.61667, 0.847347, 164.723, 0.585363, -178.913, 2.01994, 149.524, 5.16158E-005, -105.818, 0.000138375, -87.9415, 0.000243901, -146.804
2318, 38.62500, 0.84911, 164.273, 0.583939, -179.402, 2.02625, 149.296, 5.1636E-005, -106.409, 0.00013768, -88.2556, 0.00024481, -146.986
2318, 38.63333, 0.850886, 163.823, 0.582523, -179.895, 2.03256, 149.067, 5.16582E-005, -107.001, 0.000136982, -88.5737, 0.000245719, -147.168
2318, 38.64167, 0.852674, 163.372, 0.581114, 179.607, 2.03886, 148.838, 5.16825E-005, -107.594, 0.00013628, -88.8957, 0.000246627, -147.352
2319, 38.65000, 0.854475, 162.921, 0.579715, 179.106, 2.04516, 148.607, 5.17089E-005, -108.189, 0.000135574, -89.2218, 0.000247535, -147.537
2320, 38.65833, 0.856287, 162.468, 0.578324, 178.6, 2.05145, 148.376, 5.17374E-005, -108.785, 0.000134865, -89.5521, 0.000248443, -147.723
2320, 38.66667, 0.858112, 162.015, 0.576943, 178.09, 2.05773, 148.143, 5.17679E-005, -109.383, 0.000134152, -89.8866, 0.00024935, -147.91
2321, 38.67500, 0.859949, 161.562, 0.575571, 177.576, 2.06401, 147.91, 5.18005E-005, -109.982, 0.000133436, -90.2254, 0.000250257, -148.098
2321, 38.68333, 0.861797, 161.108, 0.57421, 177.057, 2.07027, 147.675, 5.18352E-005, -110.582, 0.000132716, -90.5685, 0.000251163, -148.287
2322, 38.69167, 0.863657, 160.653, 0.572858, 176.534, 2.07653, 147.44, 5.1872E-005, -111.184, 0.000131992, -90.9162, 0.000252068, -148.477
2322, 38.70000, 0.865529, 160.197, 0.571518, 176.006, 2.08278, 147.203, 5.19109E-005, -111.787, 0.000131265, -91.2684, 0.000252973, -148.668
2322, 38.70833, 0.867412, 159.741, 0.570188, 175.475, 2.08901, 146.966, 5.19519E-005, -112.391, 0.000130535, -91.6253, 0.000253876, -148.861
2323, 38.71667, 0.869306, 159.284, 0.56887, 174.938, 2.09524, 146.728, 5.1995E-005, -112.997, 0.000129801, -91.987, 0.000254779, -149.054
2324, 38.72500, 0.871212, 158.827, 0.567564, 174.398, 2.10146, 146.488, 5.20402E-005, -113.604, 0.000129063, -92.3534, 0.000255681, -149.249
2324, 38.73333, 0.873128, 158.368, 0.56627, 173.852, 2.10766, 146.248, 5.20874E-005, -114.212, 0.000128323, -92.7248, 0.000256581, -149.444
2325, 38.74167, 0.875056, 157.909, 0.564989, 173.303, 2.11386, 146.007, 5.21368E-005, -114.821, 0.000127578, -93.1013, 0.000257481, -149.641
2325, 38.75000, 0.876994, 157.45, 0.563721, 172.748, 2.12004, 145.764, 5.21883E-005, -115.431, 0.000126831, -93.4829, 0.000258379, -149.839
2326, 38.75833, 0.878942, 156.989, 0.562466, 172.189, 2.1262, 145.521, 5.22419E-005, -116.043, 0.00012608, -93.8697, 0.000259276, -150.038
2326, 38.76667, 0.880901, 156.528, 0.561225, 171.626, 2.13235, 145.276, 5.22976E-005, -116.655, 0.000125326, -94.262, 0.000260172, -150.238
2326, 38.77500, 0.88287, 156.066, 0.559998, 171.058, 2.13849, 145.031, 5.23553E-005, -117.269, 0.000124569, -94.6596, 0.000261066, -150.439
2327, 38.78333, 0.884849, 155.604, 0.558786, 170.485, 2.14461, 144.784, 5.24152E-005, -117.884, 0.000123808, -95.0628, 0.000261958, -150.641
2328, 38.79167, 0.886838, 155.141, 0.557589, 169.908, 2.15072, 144.536, 5.24771E-005, -118.5, 0.000123045, -95.4718, 0.000262849, -150.844
2328, 38.80000, 0.888837, 154.677, 0.556408, 169.326, 2.15681, 144.288, 5.25412E-005, -119.116, 0.000122278, -95.8865, 0.000263738, -151.049
2329, 38.80833, 0.890844, 154.212, 0.555243, 168.74, 2.16288, 144.038, 5.26073E-005, -119.734, 0.000121509, -96.3072, 0.000264625, -151.254
2329, 38.81667, 0.892862, 153.747, 0.554094, 168.149, 2.16893, 143.787, 5.26755E-005, -120.353, 0.000120736, -96.734, 0.00026551, -151.461
2330, 38.82500, 0.894888, 153.281, 0.552962, 167.553, 2.17496, 143.535, 5.27458E-005, -120.972, 0.000119961, -97.1669, 0.000266394, -151.669
2330, 38.83333, 0.896923, 152.814, 0.551848, 166.952, 2.18098, 143.282, 5.28181E-005, -121.593, 0.000119183, -97.6062, 0.000267275, -151.878
2330, 38.84167, 0.898967, 152.347, 0.550751, 166.347, 2.18697, 143.028, 5.28925E-005, -122.214, 0.000118402, -98.052, 0.000268154, -152.088
2331, 38.85000, 0.901019, 151.879, 0.549673, 165.737, 2.19294, 142.773, 5.29689E-005, -122.836, 0.000117619, -98.5043, 0.00026903, -152.3
2332, 38.85833, 0.903079, 151.41, 0.548613, 165.122, 2.19889, 142.517, 5.30474E-005, -123.459, 0.000116833, -98.9633, 0.000269905, -152.512
2332, 38.86667, 0.905147, 150.94, 0.547573, 164.503, 2.20482, 142.26, 5.3128E-005, -124.083, 0.000116044, -99.4294, 0.000270776, -152.726
2333, 38.87500, 0.907223, 150.47, 0.546552, 163.879, 2.21073, 142.001, 5.32105E-005, -124.708, 0.000115254, -99.9024, 0.000271645, -152.941
2333, 38.88333, 0.909306, 149.999, 0.545552, 163.25, 2.2166, 141.742, 5.32951E-005, -125.333, 0.000114461, -100.383, 0.000272511, -153.157
2334, 38.89167, 0.911397, 149.527, 0.544572, 162.617, 2.22246, 141.481, 5.33817E-005, -125.959, 0.000113665, -100.87, 0.000273375, -153.374
2334, 38.90000, 0.913494, 149.055, 0.543614, 161.979, 2.22829, 141.219, 5.34703E-005, -126.586, 0.000112868, -101.365, 0.000274235, -153.592
2334, 38.90833, 0.915598, 148.582, 0.542677, 161.336, 2.23409, 140.956, 5.35609E-005, -127.214, 0.000112069, -101.868, 0.000275093, -153.812
2335, 38.91667, 0.917709, 148.108, 0.541762, 160.689, 2.23986, 140.692, 5.36535E-005, -127.842, 0.000111268, -102.379, 0.000275947, -154.032
2336, 38.92500, 0.919825, 147.633, 0.54087, 160.036, 2.24561, 140.427, 5.3748E-005, -128.47, 0.000110466, -102.897, 0.000276798, -154.254
2336, 38.93333, 0.921948, 147.158, 0.540001, 159.38, 2.25133, 140.161, 5.38445E-005, -129.099, 0.000109661, -103.424, 0.000277645, -154.477
2337, 38.94167, 0.924076, 146.682, 0.539155, 158.718, 2.25701, 139.894, 5.39429E-005, -129.729, 0.000108856, -103.96, 0.000278489, -154.701
2337, 38.95000, 0.926209, 146.205, 0.538334, 158.052, 2.26267, 139.625, 5.40432E-005, -130.36, 0.000108049, -104.504, 0.00027933, -154.927
2338, 38.95833, 0.928348, 145.728, 0.537538, 157.382, 2.26829, 139.356, 5.41455E-005, -130.99, 0.000107241, -105.057, 0.000280166, -155.153
2338, 38.96667, 0.930491, 145.25, 0.536766, 156.707, 2.27388, 139.085, 5.42496E-005, -131.622, 0.000106432, -105.618, 0.000280999, -155.381
2338, 38.97500, 0.932639, 144.771, 0.536021, 156.027, 2.27943, 138.813, 5.43556E-005, -132.253, 0.000105623, -106.189, 0.000281827, -155.61
2339, 38.98333, 0.93479, 144.291, 0.535301, 155.343, 2.28495, 138.54, 5.44635E-005, -132.886, 0.000104812, -106.77, 0.000282652, -155.84
2340, 38.99167, 0.936946, 143.811, 0.534608, 154.654, 2.29044, 138.266, 5.45732E-005, -133.518, 0.000104002, -107.36, 0.000283472, -156.071
2340, 39.00000, 0.939105, 143.33, 0.533942, 153.961, 2.29588, 137.99, 5.46848E-005, -134.151, 0.000103191, -107.96, 0.000284288, -156.304
2341, 39.00833, 0.941267, 142.848, 0.533304, 153.264, 2.30129, 137.714, 5.47981E-005, -134.784, 0.00010238, -108.57, 0.000285099, -156.537
2341, 39.01667, 0.943432, 142.365, 0.532694, 152.562, 2.30666, 137.436, 5.49133E-005, -135.418, 0.000101569, -109.19, 0.000285905, -156.772
2342, 39.02500, 0.945599, 141.882, 0.532113, 151.856, 2.31199, 137.158, 5.50301E-005, -136.052, 0.000100758, -109.821, 0.000286707, -157.008
2342, 39.03333, 0.947768, 141.398, 0.531561, 151.146, 2.31728, 136.878, 5.51488E-005, -136.686, 9.99487E-005, -110.463, 0.000287504, -157.245
2342, 39.04167, 0.949939, 140.914, 0.531038, 150.431, 2.32253, 136.597, 5.52692E-005, -137.32, 9.91398E-005, -111.115, 0.000288296, -157.483
2343, 39.05000, 0.952112, 140.429, 0.530546, 149.712, 2.32773, 136.314, 5.53912E-005, -137.955, 9.8332E-005, -111.779, 0.000289082, -157.723
2344, 39.05833, 0.954285, 139.943, 0.530084, 148.99, 2.3329, 136.031, 5.5515E-005, -138.59, 9.75256E-005, -112.455, 0.000289863, -157.964
2344, 39.06667, 0.95646, 139.456, 0.529653, 148.263, 2.33801, 135.747, 5.56404E-005, -139.225, 9.67208E-005, -113.142, 0.000290639, -158.205
2345, 39.07500, 0.958634, 138.969, 0.529254, 147.532, 2.34308, 135.461, 5.57674E-005, -139.86, 9.5918E-005, -113.842, 0.000291409, -158.448
2345, 39.08333, 0.960809, 138.481, 0.528886, 146.797, 2.3481, 135.174, 5.5896E-005, -140.495, 9.51174E-005, -114.554, 0.000292173, -158.692
2346, 39.09167, 0.962983, 137.992, 0.528551, 146.058, 2.35308, 134.887, 5.60262E-005, -141.13, 9.43193E-005, -115.278, 0.000292932, -158.938
2346, 39.10000, 0.965156, 137.502, 0.528249, 145.316, 2.358, 134.598, 5.6158E-005, -141.765, 9.35241E-005, -116.016, 0.000293684, -159.184
2346, 39.10833, 0.967328, 137.012, 0.527981, 144.569, 2.36287, 134.308, 5.62913E-005, -142.401, 9.27321E-005, -116.766, 0.00029443, -159.432
2347, 39.11667, 0.969498, 136.522, 0.527746, 143.819, 2.3677, 134.016, 5.64261E-005, -143.036, 9.19435E-005, -117.53, 0.000295169, -159.68
2348, 39.12500, 0.971666, 136.03, 0.527545, 143.066, 2.37246, 133.724, 5.65624E-005, -143.671, 9.1159E-005, -118.308, 0.000295902, -159.93
2348, 39.13333, 0.973832, 135.538, 0.527379, 142.309, 2.37718, 133.431, 5.67001E-005, -144.307, 9.03786E-005, -119.1, 0.000296629, -160.181
2349, 39.14167, 0.975995, 135.045, 0.527248, 141.549, 2.38184, 133.136, 5.68392E-005, -144.942, 8.96029E-005, -119.906, 0.000297349, -160.433
2349, 39.15000, 0.978154, 134.552, 0.527152, 140.785, 2.38645, 132.84, 5.69797E-005, -145.577, 8.88323E-005, -120.727, 0.000298061, -160.686
2350, 39.15833, 0.98031, 134.058, 0.527092, 140.018, 2.39099, 132.544, 5.71215E-005, -146.212, 8.80671E-005, -121.563, 0.000298767, -160.941
2350, 39.16667, 0.982462, 133.563, 0.527068, 139.248, 2.39548, 132.246, 5.72647E-005, -146.847, 8.73078E-005, -122.414, 0.000299465, -161.196
2350, 39.17500, 0.984609, 133.068, 0.52708, 138.475, 2.39991, 131.947, 5.74092E-005, -147.482, 8.65549E-005, -123.281, 0.000300156, -161.453
2351, 39.18333, 0.986751, 132.572, 0.52713, 137.698, 2.40428, 131.647, 5.75549E-005, -148.117, 8.58088E-005, -124.163, 0.000300839, -161.71
2352, 39.19167, 0.988888, 132.076, 0.527216, 136.919, 2.40859, 131.346, 5.77019E-005, -148.751, 8.507E-005, -125.062, 0.000301515, -161.969
2352, 39.20000, 0.991019, 131.579, 0.52734, 136.138, 2.41283, 131.043, 5.785E-005, -149.385, 8.4339E-005, -125.977, 0.000302182, -162.229
2353, 39.20833, 0.993143, 131.081, 0.527502, 135.353, 2.41701, 130.74, 5.79993E-005, -150.019, 8.36163E-005, -126.908, 0.000302842, -162.489
2353, 39.21667, 0.995261, 130.583, 0.527702, 134.566, 2.42113, 130.436, 5.81498E-005, -150.653, 8.29024E-005, -127.857, 0.000303493, -162.751
2354, 39.22500, 0.997371, 130.084, 0.52794, 133.777, 2.42518, 130.13, 5.83013E-005, -151.286, 8.21979E-005, -128.823, 0.000304136, -163.014
2354, 39.23333, 0.999474, 129.585, 0.528216, 132.985, 2.42916, 129.824, 5.84538E-005, -151.919, 8.15034E-005, -129.805, 0.000304771, -163.278
2354, 39.24167, 1.00157, 129.085, 0.528532, 132.191, 2.43307, 129.517, 5.86074E-005, -152.552, 8.08192E-005, -130.806, 0.000305397, -163.543
2355, 39.25000, 1.00365, 128.584, 0.528886, 131.394, 2.43691, 129.208, 5.8762E-005, -153.185, 8.01463E-005, -131.825, 0.000306014, -163.809
2356, 39.25833, 1.00573, 128.083, 0.52928, 130.596, 2.44069, 128.899, 5.89175E-005, -153.816, 7.94851E-005, -132.861, 0.000306622, -164.076
2356, 39.26667, 1.0078, 127.581, 0.529713, 129.796, 2.44439, 128.588, 5.90739E-005, -154.448, 7.88361E-005, -133.916, 0.000307221, -164.345
2357, 39.27500, 1.00986, 127.079, 0.530186, 128.994, 2.44801, 128.277, 5.92312E-005, -155.079, 7.82002E-005, -134.989, 0.00030781, -164.614
2357, 39.28333, 1.0119, 126.577, 0.530698, 128.19, 2.45157, 127.964, 5.93893E-005, -155.71, 7.75779E-005, -136.08, 0.00030839, -164.884
2358, 39.29167, 1.01394, 126.074, 0.53125, 127.385, 2.45504, 127.651, 5.95482E-005, -156.34, 7.69698E-005, -137.191, 0.000308961, -165.155
2358, 39.30000, 1.01596, 125.57, 0.531842, 126.578, 2.45844, 127.336, 5.97079E-005, -156.97, 7.63767E-005, -138.319, 0.000309522, -165.427
2358, 39.30833, 1.01797, 125.066, 0.532474, 125.77, 2.46177, 127.021, 5.98682E-005, -157.599, 7.57993E-005, -139.467, 0.000310073, -165.699
2359, 39.31667, 1.01998, 124.562, 0.533146, 124.961, 2.46501, 126.704, 6.00293E-005, -158.228, 7.52381E-005, -140.633, 0.000310613, -165.973
2360, 39.32500, 1.02196, 124.057, 0.533858, 124.151, 2.46818, 126.387, 6.01909E-005, -158.856, 7.4694E-005, -141.817, 0.000311144, -166.248
2360, 39.33333, 1.02394, 123.551, 0.53461, 123.34, 2.47126, 126.069, 6.03532E-005, -159.484, 7.41677E-005, -143.021, 0.000311664, -166.524
2361, 39.34167, 1.0259, 123.045, 0.535403, 122.527, 2.47426, 125.75, 6.0516E-005, -160.111, 7.36598E-005, -144.242, 0.000312174, -166.8
2361, 39.35000, 1.02784, 122.539, 0.536235, 121.715, 2.47718, 125.43, 6.06793E-005, -160.737, 7.31711E-005, -145.482, 0.000312673, -167.077
2362, 39.35833, 1.02977, 122.033, 0.537108, 120.901, 2.48001, 125.109, 6.08431E-005, -161.363, 7.27023E-005, -146.74, 0.000313161, -167.356
2362, 39.36667, 1.03169, 121.526, 0.53802, 120.087, 2.48276, 124.787, 6.10073E-005, -161.988, 7.22541E-005, -148.016, 0.000313638, -167.635
2362, 39.37500, 1.03359, 121.018, 0.538973, 119.273, 2.48542, 124.465, 6.11719E-005, -162.612, 7.18273E-005, -149.309, 0.000314104, -167.915
2363, 39.38333, 1.03547, 120.511, 0.539965, 118.459, 2.48799, 124.141, 6.13368E-005, -163.236, 7.14225E-005, -150.619, 0.000314559, -168.195
2364, 39.39167, 1.03734, 120.003, 0.540997, 117.644, 2.49048, 123.817, 6.1502E-005, -163.859, 7.10404E-005, -151.946, 0.000315003, -168.477
2364, 39.40000, 1.03919, 119.494, 0.542068, 116.83, 2.49288, 123.492, 6.16675E-005, -164.481, 7.06818E-005, -153.289, 0.000315435, -168.759
2365, 39.40833, 1.04102, 118.986, 0.543179, 116.015, 2.49518, 123.166, 6.18332E-005, -165.102, 7.03473E-005, -154.647, 0.000315855, -169.042
2365, 39.41667, 1.04284, 118.477, 0.544329, 115.201, 2.4974, 122.839, 6.1999E-005, -165.723, 7.00376E-005, -156.021, 0.000316263, -169.326
2366, 39.42500, 1.04463, 117.968, 0.545518, 114.388, 2.49952, 122.512, 6.2165E-005, -166.343, 6.97533E-005, -157.408, 0.00031666, -169.61
2366, 39.43333, 1.04641, 117.458, 0.546745, 113.574, 2.50155, 122.184, 6.23311E-005, -166.962, 6.9495E-005, -158.809, 0.000317044, -169.896
2366, 39.44167, 1.04816, 116.948, 0.548011, 112.762, 2.50348, 121.855, 6.24972E-005, -167.58, 6.92633E-005, -160.223, 0.000317416, -170.181
2367, 39.45000, 1.0499, 116.439, 0.549315, 111.95, 2.50532, 121.526, 6.26632E-005, -168.197, 6.90588E-005, -161.648, 0.000317776, -170.468
2368, 39.45833, 1.05162, 115.929, 0.550657, 111.139, 2.50707, 121.195, 6.28293E-005, -168.813, 6.8882E-005, -163.084, 0.000318123, -170.755
2368, 39.46667, 1.05331, 115.418, 0.552037, 110.329, 2.50871, 120.865, 6.29952E-005, -169.429, 6.87334E-005, -164.531, 0.000318458, -171.043
2369, 39.47500, 1.05499, 114.908, 0.553453, 109.52, 2.51026, 120.533, 6.31611E-005, -170.043, 6.86134E-005, -165.986, 0.00031878, -171.331
2369, 39.48333, 1.05664, 114.397, 0.554907, 108.712, 2.51171, 120.201, 6.33267E-005, -170.657, 6.85226E-005, -167.449, 0.00031909, -171.62
2370, 39.49167, 1.05827, 113.887, 0.556397, 107.905, 2.51306, 119.868, 6.34921E-005, -171.27, 6.84611E-005, -168.918, 0.000319386, -171.91
2370, 39.50000, 1.05988, 113.376, 0.557923, 107.1, 2.51432, 119.535, 6.36572E-005, -171.881, 6.84295E-005, -170.394, 0.000319669, -172.2
2370, 39.50833, 1.06146, 112.865, 0.559484, 106.297, 2.51547, 119.201, 6.38221E-005, -172.492, 6.84279E-005, -171.873, 0.000319939, -172.491
2371, 39.51667, 1.06303, 112.354, 0.561082, 105.495, 2.51651, 118.866, 6.39865E-005, -173.101, 6.84566E-005, -173.356, 0.000320196, -172.782
2372, 39.52500, 1.06456, 111.843, 0.562713, 104.694, 2.51746, 118.532, 6.41506E-005, -173.71, 6.85157E-005, -174.842, 0.000320439, -173.073
2372, 39.53333, 1.06608, 111.332, 0.564379, 103.896, 2.5183, 118.196, 6.43142E-005, -174.317, 6.86055E-005, -176.327, 0.000320669, -173.365
2373, 39.54167, 1.06756, 110.821, 0.566079, 103.099, 2.51904, 117.86, 6.44774E-005, -174.923, 6.87259E-005, -177.813, 0.000320886, -173.658
2373, 39.55000, 1.06903, 110.311, 0.567812, 102.305, 2.51968, 117.524, 6.46401E-005, -175.529, 6.88771E-005, -179.297, 0.000321088, -173.951
2374, 39.55833, 1.07047, 109.8, 0.569578, 101.512, 2.52021, 117.187, 6.48021E-005, -176.133, 6.90589E-005, 179.221, 0.000321277, -174.244
2374, 39.56667, 1.07188, 109.289, 0.571376, 100.722, 2.52064, 116.849, 6.49636E-005, -176.736, 6.92714E-005, 177.744, 0.000321452, -174.537
2374, 39.57500, 1.07326, 108.778, 0.573206, 99.934, 2.52096, 116.512, 6.51244E-005, -177.337, 6.95144E-005, 176.271, 0.000321613, -174.831
2375, 39.58333, 1.07462, 108.268, 0.575067, 99.1484, 2.52117, 116.174, 6.52845E-005, -177.938, 6.97877E-005, 174.805, 0.000321761, -175.126
2376, 39.59167, 1.07596, 107.757, 0.576959, 98.3652, 2.52127, 115.835, 6.54439E-005, -178.537, 7.00911E-005, 173.346, 0.000321894, -175.42
2376, 39.60000, 1.07726, 107.247, 0.57888, 97.5845, 2.52127, 115.497, 6.56025E-005, -179.135, 7.04243E-005, 171.895, 0.000322013, -175.715
2377, 39.60833, 1.07854, 106.737, 0.580831, 96.8065, 2.52116, 115.158, 6.57603E-005, -179.732, 7.07871E-005, 170.453, 0.000322117, -176.01
2377, 39.61667, 1.07979, 106.227, 0.582811, 96.0311, 2.52095, 114.818, 6.59173E-005, 179.673, 7.11791E-005, 169.022, 0.000322208, -176.305
2378, 39.62500, 1.08101, 105.717, 0.584819, 95.2585, 2.52062, 114.479, 6.60733E-005, 179.078, 7.15998E-005, 167.602, 0.000322284, -176.601
2378, 39.63333, 1.0822, 105.208, 0.586855, 94.4888, 2.52019, 114.139, 6.62284E-005, 178.486, 7.20489E-005, 166.193, 0.000322346, -176.896
2378, 39.64167, 1.08337, 104.699, 0.588917, 93.7218, 2.51964, 113.799, 6.63826E-005, 177.894, 7.2526E-005, 164.798, 0.000322393, -177.192
2379, 39.65000, 1.0845, 104.19, 0.591006, 92.958, 2.51899, 113.459, 6.65358E-005, 177.304, 7.30304E-005, 163.416, 0.000322426, -177.488
2380, 39.65833, 1.08561, 103.681, 0.59312, 92.1972, 2.51823, 113.119, 6.66879E-005, 176.715, 7.35617E-005, 162.048, 0.000322444, -177.784
2380, 39.66667, 1.08668, 103.173, 0.595259, 91.4394, 2.51736, 112.778, 6.68389E-005, 176.128, 7.41194E-005, 160.694, 0.000322448, -178.079
2381, 39.67500, 1.08773, 102.665, 0.597422, 90.6848, 2.51637, 112.437, 6.69888E-005, 175.542, 7.47028E-005, 159.356, 0.000322437, -178.375
2381, 39.68333, 1.08874, 102.158, 0.599609, 89.9335, 2.51528, 112.097, 6.71376E-005, 174.957, 7.53113E-005, 158.034, 0.000322412, -178.671
2382, 39.69167, 1.08973, 101.651, 0.601819, 89.1854, 2.51408, 111.756, 6.72852E-005, 174.374, 7.59445E-005, 156.728, 0.000322372, -178.967
2382, 39.70000, 1.09068, 101.144, 0.604051, 88.4407, 2.51277, 111.415, 6.74315E-005, 173.793, 7.66016E-005, 155.438, 0.000322317, -179.263
2383, 39.70833, 1.0916, 100.638, 0.606304, 87.6994, 2.51134, 111.075, 6.75766E-005, 173.213, 7.72819E-005, 154.165, 0.000322248, -179.559
2383, 39.71667, 1.0925, 100.132, 0.608578, 86.9614, 2.50981, 110.734, 6.77204E-005, 172.634, 7.7985E-005, 152.909, 0.000322164, -179.855
2384, 39.72500, 1.09336, 99.6274, 0.610873, 86.2271, 2.50817, 110.393, 6.78629E-005, 172.057, 7.871E-005, 151.671, 0.000322065, 179.85
2384, 39.73333, 1.09419, 99.1229, 0.613186, 85.4962, 2.50642, 110.053, 6.80041E-005, 171.482, 7.94564E-005, 150.45, 0.000321952, 179.554
2385, 39.74167, 1.09498, 98.6189, 0.615519, 84.7689, 2.50455, 109.712, 6.81438E-005, 170.908, 8.02235E-005, 149.247, 0.000321824, 179.259
2385, 39.75000, 1.09575, 98.1155, 0.617869, 84.0452, 2.50258, 109.372, 6.82822E-005, 170.336, 8.10105E-005, 148.061, 0.000321681, 178.964
2386, 39.75833, 1.09648, 97.6128, 0.620237, 83.3252, 2.5005, 109.032, 6.84191E-005, 169.765, 8.18168E-005, 146.893, 0.000321524, 178.669
2386, 39.76667, 1.09719, 97.1106, 0.622621, 82.6088, 2.49831, 108.692, 6.85545E-005, 169.196, 8.26419E-005, 145.743, 0.000321352, 178.375
2387, 39.77500, 1.09786, 96.6092, 0.625021, 81.8963, 2.49601, 108.352, 6.86885E-005, 168.629, 8.3485E-005, 144.61, 0.000321165, 178.081
2387, 39.78333, 1.09849, 96.1084, 0.627436, 81.1875, 2.4936, 108.012, 6.88209E-005, 168.063, 8.43453E-005, 143.495, 0.000320964, 177.787
2388, 39.79167, 1.0991, 95.6083, 0.629866, 80.4824, 2.49109, 107.673, 6.89517E-005, 167.499, 8.52225E-005, 142.397, 0.000320748, 177.494
2388, 39.80000, 1.09967, 95.109, 0.632309, 79.7812, 2.48846, 107.334, 6.9081E-005, 166.937, 8.61157E-005, 141.317, 0.000320518, 177.2
2389, 39.80833, 1.10021, 94.6105, 0.634765, 79.0839, 2.48573, 106.995, 6.92087E-005, 166.376, 8.70243E-005, 140.254, 0.000320273, 176.908
2389, 39.81667, 1.10072, 94.1127, 0.637234, 78.3904, 2.48289, 106.657, 6.93348E-005, 165.817, 8.79478E-005, 139.208, 0.000320014, 176.616
2390, 39.82500, 1.10119, 93.6158, 0.639714, 77.7009, 2.47994, 106.319, 6.94592E-005, 165.26, 8.88854E-005, 138.179, 0.000319741, 176.324
2390, 39.83333, 1.10164, 93.1197, 0.642205, 77.0153, 2.47689, 105.981, 6.95819E-005, 164.705, 8.98366E-005, 137.166, 0.000319453, 176.033
2391, 39.84167, 1.10204, 92.6245, 0.644707, 76.3336, 2.47374, 105.644, 6.9703E-005, 164.152, 9.08008E-005, 136.17, 0.000319151, 175.742
2391, 39.85000, 1.10242, 92.1301, 0.647218, 75.6559, 2.47047, 105.307, 6.98223E-005, 163.6, 9.17774E-005, 135.19, 0.000318835, 175.452
2392, 39.85833, 1.10276, 91.6367, 0.649737, 74.9823, 2.46711, 104.971, 6.994E-005, 163.051, 9.27658E-005, 134.226, 0.000318505, 175.162
2392, 39.86667, 1.10308, 91.1441, 0.652266, 74.3125, 2.46364, 104.635, 7.00558E-005, 162.503, 9.37656E-005, 133.278, 0.000318161, 174.873
2393, 39.87500, 1.10335, 90.6526, 0.654801, 73.6469, 2.46006, 104.3, 7.01699E-005, 161.957, 9.4776E-005, 132.345, 0.000317802, 174.585
2393, 39.88333, 1.1036, 90.1621, 0.657344, 72.9853, 2.45639, 103.965, 7.02822E-005, 161.412, 9.57965E-005, 131.428, 0.00031743, 174.297
2394, 39.89167, 1.10381, 89.6725, 0.659893, 72.3277, 2.45261, 103.631, 7.03928E-005, 160.87, 9.68269E-005, 130.525, 0.000317044, 174.01
2394, 39.90000, 1.104, 89.1839, 0.662447, 71.6742, 2.44873, 103.297, 7.05015E-005, 160.33, 9.78663E-005, 129.637, 0.000316645, 173.724
2395, 39.90833, 1.10414, 88.6965, 0.665007, 71.0248, 2.44476, 102.964, 7.06083E-005, 159.792, 9.89143E-005, 128.764, 0.000316232, 173.438
2395, 39.91667, 1.10426, 88.21, 0.667571, 70.3794, 2.44068, 102.632, 7.07134E-005, 159.255, 9.99706E-005, 127.905, 0.000315805, 173.153
2396, 39.92500, 1.10434, 87.7247, 0.670138, 69.7382, 2.4365, 102.3, 7.08166E-005, 158.721, 0.000101035, 127.059, 0.000315365, 172.869
2396, 39.93333, 1.1044, 87.2406, 0.672709, 69.1011, 2.43223, 101.969, 7.09179E-005, 158.188, 0.000102106, 126.227, 0.000314911, 172.586
2397, 39.94167, 1.10441, 86.7575, 0.675282, 68.468, 2.42786, 101.638, 7.10173E-005, 157.658, 0.000103184, 125.408, 0.000314445, 172.304
2397, 39.95000, 1.1044, 86.2756, 0.677857, 67.8391, 2.42339, 101.309, 7.11149E-005, 157.129, 0.000104268, 124.603, 0.000313965, 172.022
2398, 39.95833, 1.10436, 85.7949, 0.680434, 67.2143, 2.41883, 100.98, 7.12105E-005, 156.603, 0.000105358, 123.81, 0.000313472, 171.742
2398, 39.96667, 1.10428, 85.3153, 0.683011, 66.5935, 2.41418, 100.652, 7.13043E-005, 156.079, 0.000106454, 123.029, 0.000312967, 171.462
2399, 39.97500, 1.10418, 84.8371, 0.685589, 65.9769, 2.40943, 100.325, 7.13961E-005, 155.556, 0.000107555, 122.261, 0.000312449, 171.183
2399, 39.98333, 1.10404, 84.3601, 0.688166, 65.3645, 2.40459, 99.9983, 7.1486E-005, 155.036, 0.00010866, 121.505, 0.000311918, 170.905
2400, 39.99167, 1.10387, 83.8843, 0.690743, 64.7561, 2.39966, 99.6727, 7.15741E-005, 154.518, 0.00010977, 120.76, 0.000311375, 170.629
2400, 40.00000, 1.10367, 83.4098, 0.693318, 64.1519, 2.39465, 99.3481, 7.16601E-005, 154.002, 0.000110884, 120.027, 0.000310819, 170.353
2401, 40.00833, 1.10344, 82.9367, 0.695891, 63.5518, 2.38954, 99.0243, 7.17443E-005, 153.488, 0.000112002, 119.306, 0.000310252, 170.078
2401, 40.01667, 1.10318, 82.4648, 0.698462, 62.9557, 2.38434, 98.7013, 7.18265E-005, 152.976, 0.000113123, 118.595, 0.000309672, 169.804
2402, 40.02500, 1.10289, 81.9943, 0.701029, 62.3638, 2.37906, 98.3794, 7.19068E-005, 152.466, 0.000114246, 117.895, 0.00030908, 169.532
2402, 40.03333, 1.10256, 81.5252, 0.703594, 61.776, 2.3737, 98.0584, 7.19851E-005, 151.959, 0.000115373, 117.205, 0.000308477, 169.26
2403, 40.04167, 1.10221, 81.0574, 0.706154, 61.1922, 2.36825, 97.7384, 7.20616E-005, 151.453, 0.000116502, 116.526, 0.000307861, 168.99
2403, 40.05000, 1.10183, 80.5911, 0.70871, 60.6127, 2.36271, 97.4194, 7.2136E-005, 150.95, 0.000117632, 115.857, 0.000307235, 168.721
2404, 40.05833, 1.10142, 80.1262, 0.711262, 60.0371, 2.3571, 97.1014, 7.22086E-005, 150.449, 0.000118765, 115.197, 0.000306597, 168.453
2404, 40.06667, 1.10098, 79.6627, 0.713808, 59.4656, 2.3514, 96.7844, 7.22792E-005, 149.95, 0.000119899, 114.548, 0.000305948, 168.186
2405, 40.07500, 1.10052, 79.2007, 0.716349, 58.8983, 2.34563, 96.4685, 7.23479E-005, 149.454, 0.000121033, 113.907, 0.000305288, 167.92
2405, 40.08333, 1.10002, 78.7401, 0.718883, 58.335, 2.33978, 96.1537, 7.24146E-005, 148.959, 0.000122169, 113.277, 0.000304617, 167.656
2406, 40.09167, 1.0995, 78.281, 0.721411, 57.7756, 2.33385, 95.84, 7.24794E-005, 148.467, 0.000123306, 112.655, 0.000303935, 167.393
2406, 40.10000, 1.09894, 77.8235, 0.723932, 57.2204, 2.32784, 95.5274, 7.25423E-005, 147.977, 0.000124443, 112.041, 0.000303243, 167.131
2407, 40.10833, 1.09836, 77.3675, 0.726446, 56.6693, 2.32176, 95.2159, 7.26033E-005, 147.489, 0.00012558, 111.437, 0.000302541, 166.871
2407, 40.11667, 1.09776, 76.913, 0.728953, 56.122, 2.31561, 94.9056, 7.26624E-005, 147.004, 0.000126716, 110.841, 0.000301828, 166.612
2408, 40.12500, 1.09712, 76.46, 0.731451, 55.5789, 2.30939, 94.5964, 7.27196E-005, 146.521, 0.000127853, 110.254, 0.000301105, 166.354
2408, 40.13333, 1.09646, 76.0087, 0.733941, 55.0397, 2.3031, 94.2885, 7.27749E-005, 146.04, 0.000128989, 109.674, 0.000300372, 166.097
2409, 40.14167, 1.09578, 75.5588, 0.736422, 54.5045, 2.29673, 93.9817, 7.28283E-005, 145.561, 0.000130124, 109.103, 0.00029963, 165.842
2409, 40.15000, 1.09506, 75.1107, 0.738894, 53.9733, 2.2903, 93.6761, 7.28798E-005, 145.084, 0.000131258, 108.539, 0.000298878, 165.588
2410, 40.15833, 1.09433, 74.6641, 0.741357, 53.4461, 2.2838, 93.3718, 7.29295E-005, 144.61, 0.000132392, 107.983, 0.000298116, 165.336
2410, 40.16667, 1.09356, 74.2191, 0.743811, 52.9227, 2.27724, 93.0688, 7.29773E-005, 144.138, 0.000133523, 107.434, 0.000297346, 165.085
2411, 40.17500, 1.09277, 73.7758, 0.746254, 52.4034, 2.27062, 92.767, 7.30233E-005, 143.669, 0.000134654, 106.893, 0.000296566, 164.836
2411, 40.18333, 1.09196, 73.3341, 0.748687, 51.888, 2.26393, 92.4665, 7.30674E-005, 143.201, 0.000135782, 106.359, 0.000295778, 164.588
2412, 40.19167, 1.09112, 72.8941, 0.75111, 51.3764, 2.25718, 92.1672, 7.31097E-005, 142.736, 0.000136909, 105.832, 0.000294981, 164.342
2412, 40.20000, 1.09026, 72.4557, 0.753523, 50.8687, 2.25037, 91.8693, 7.31502E-005, 142.274, 0.000138033, 105.312, 0.000294175, 164.097
2413, 40.20833, 1.08938, 72.0191, 0.755924, 50.365, 2.2435, 91.5727, 7.31889E-005, 141.813, 0.000139156, 104.799, 0.000293361, 163.853
2413, 40.21667, 1.08847, 71.5841, 0.758314, 49.865, 2.23657, 91.2775, 7.32258E-005, 141.355, 0.000140276, 104.293, 0.000292539, 163.611
2414, 40.22500, 1.08754, 71.1508, 0.760693, 49.3689, 2.22959, 90.9836, 7.32609E-005, 140.9, 0.000141394, 103.793, 0.000291709, 163.371
2414, 40.23333, 1.08659, 70.7193, 0.763059, 48.8767, 2.22256, 90.691, 7.32942E-005, 140.446, 0.000142509, 103.299, 0.000290871, 163.132
2415, 40.24167, 1.08561, 70.2894, 0.765415, 48.3882, 2.21547, 90.3998, 7.33259E-005, 139.995, 0.000143621, 102.812, 0.000290025, 162.895
2415, 40.25000, 1.08462, 69.8614, 0.767758, 47.9036, 2.20833, 90.1101, 7.33558E-005, 139.547, 0.000144731, 102.331, 0.000289172, 162.659
2416, 40.25833, 1.0836, 69.435, 0.770089, 47.4227, 2.20114, 89.8217, 7.33839E-005, 139.1, 0.000145837, 101.856, 0.000288311, 162.425
2416, 40.26667, 1.08256, 69.0104, 0.772408, 46.9456, 2.1939, 89.5347, 7.34104E-005, 138.656, 0.00014694, 101.387, 0.000287444, 162.193
2417, 40.27500, 1.0815, 68.5876, 0.774714, 46.4722, 2.18661, 89.2492, 7.34352E-005, 138.214, 0.00014804, 100.924, 0.000286569, 161.962
2417, 40.28333, 1.08042, 68.1666, 0.777007, 46.0026, 2.17927, 88.9651, 7.34583E-005, 137.775, 0.000149137, 100.467, 0.000285688, 161.733
2418, 40.29167, 1.07932, 67.7473, 0.779288, 45.5366, 2.17189, 88.6824, 7.34798E-005, 137.338, 0.000150231, 100.015, 0.0002848, 161.506
2418, 40.30000, 1.0782, 67.3298, 0.781555, 45.0744, 2.16447, 88.4011, 7.34996E-005, 136.903, 0.00015132, 99.5692, 0.000283905, 161.28
2419, 40.30833, 1.07707, 66.9141, 0.78381, 44.6158, 2.157, 88.1214, 7.35178E-005, 136.471, 0.000152407, 99.1285, 0.000283005, 161.056
2419, 40.31667, 1.07591, 66.5001, 0.786051, 44.1608, 2.14949, 87.8431, 7.35344E-005, 136.041, 0.000153489, 98.6932, 0.000282098, 160.833
2420, 40.32500, 1.07474, 66.0881, 0.788279, 43.7095, 2.14194, 87.5662, 7.35495E-005, 135.613, 0.000154568, 98.2632, 0.000281185, 160.613
2420, 40.33333, 1.07355, 65.6778, 0.790493, 43.2618, 2.13436, 87.2909, 7.35629E-005, 135.188, 0.000155643, 97.8384, 0.000280267, 160.394
2421, 40.34167, 1.07234, 65.2693, 0.792694, 42.8177, 2.12673, 87.0171, 7.35749E-005, 134.765, 0.000156714, 97.4187, 0.000279343, 160.176
2421, 40.35000, 1.07111, 64.8626, 0.794882, 42.3772, 2.11907, 86.7447, 7.35853E-005, 134.344, 0.000157781, 97.0041, 0.000278413, 159.961
2422, 40.35833, 1.06987, 64.4578, 0.797055, 41.9402, 2.11137, 86.4739, 7.35941E-005, 133.926, 0.000158844, 96.5944, 0.000277478, 159.747
2422, 40.36667, 1.06861, 64.0548, 0.799215, 41.5067, 2.10364, 86.2046, 7.36015E-005, 133.51, 0.000159903, 96.1895, 0.000276539, 159.535
2423, 40.37500, 1.06733, 63.6536, 0.801361, 41.0768, 2.09588, 85.9368, 7.36075E-005, 133.097, 0.000160957, 95.7894, 0.000275594, 159.325
2423, 40.38333, 1.06604, 63.2543, 0.803494, 40.6504, 2.08808, 85.6706, 7.36119E-005, 132.685, 0.000162007, 95.3941, 0.000274644, 159.116
2424, 40.39167, 1.06474, 62.8568, 0.805612, 40.2274, 2.08026, 85.4058, 7.3615E-005, 132.276, 0.000163054, 95.0033, 0.00027369, 158.909
2424, 40.40000, 1.06341, 62.4611, 0.807716, 39.8079, 2.0724, 85.1427, 7.36166E-005, 131.87, 0.000164095, 94.6172, 0.000272731, 158.705
2425, 40.40833, 1.06208, 62.0673, 0.809807, 39.3919, 2.06452, 84.881, 7.36168E-005, 131.466, 0.000165132, 94.2355, 0.000271768, 158.501
2425, 40.41667, 1.06073, 61.6753, 0.811884, 38.9792, 2.05661, 84.6209, 7.36157E-005, 131.064, 0.000166165, 93.8583, 0.000270801, 158.3
2426, 40.42500, 1.05937, 61.2852, 0.813946, 38.57, 2.04868, 84.3624, 7.36132E-005, 130.664, 0.000167194, 93.4854, 0.00026983, 158.101
2426, 40.43333, 1.05799, 60.897, 0.815994, 38.1641, 2.04072, 84.1055, 7.36093E-005, 130.267, 0.000168218, 93.1169, 0.000268855, 157.903
2427, 40.44167, 1.0566, 60.5106, 0.818029, 37.7616, 2.03274, 83.8501, 7.36042E-005, 129.872, 0.000169237, 92.7525, 0.000267877, 157.707
2427, 40.45000, 1.0552, 60.1261, 0.820049, 37.3624, 2.02473, 83.5963, 7.35977E-005, 129.479, 0.000170252, 92.3923, 0.000266895, 157.513
2428, 40.45833, 1.05379, 59.7434, 0.822055, 36.9665, 2.01671, 83.344, 7.359E-005, 129.088, 0.000171262, 92.0363, 0.000265909, 157.321
2428, 40.46667, 1.05236, 59.3625, 0.824048, 36.5739, 2.00866, 83.0934, 7.3581E-005, 128.7, 0.000172268, 91.6843, 0.00026492, 157.13
2429, 40.47500, 1.05092, 58.9836, 0.826026, 36.1846, 2.00059, 82.8443, 7.35708E-005, 128.315, 0.000173268, 91.3363, 0.000263929, 156.942
2429, 40.48333, 1.04947, 58.6065, 0.82799, 35.7986, 1.99251, 82.5968, 7.35594E-005, 127.931, 0.000174265, 90.9922, 0.000262934, 156.755
2430, 40.49167, 1.04802, 58.2312, 0.829941, 35.4157, 1.98441, 82.3509, 7.35468E-005, 127.55, 0.000175256, 90.652, 0.000261936, 156.57
2430, 40.50000, 1.04655, 57.8578, 0.831877, 35.0361, 1.9763, 82.1065, 7.3533E-005, 127.171, 0.000176243, 90.3157, 0.000260936, 156.388
2431, 40.50833, 1.04507, 57.4862, 0.8338, 34.6597, 1.96817, 81.8638, 7.3518E-005, 126.794, 0.000177225, 89.9831, 0.000259933, 156.207
2431, 40.51667, 1.04358, 57.1165, 0.835709, 34.2864, 1.96002, 81.6227, 7.35019E-005, 126.42, 0.000178203, 89.6543, 0.000258928, 156.027
2432, 40.52500, 1.04208, 56.7487, 0.837604, 33.9163, 1.95186, 81.3831, 7.34847E-005, 126.047, 0.000179176, 89.3291, 0.000257921, 155.85
2432, 40.53333, 1.04057, 56.3827, 0.839485, 33.5493, 1.94369, 81.1452, 7.34664E-005, 125.677, 0.000180144, 89.0076, 0.000256912, 155.675
2433, 40.54167, 1.03905, 56.0186, 0.841353, 33.1853, 1.93551, 80.9088, 7.34471E-005, 125.31, 0.000181107, 88.6896, 0.0002559, 155.501
2433, 40.55000, 1.03753, 55.6563, 0.843207, 32.8246, 1.92732, 80.674, 7.34267E-005, 124.944, 0.000182066, 88.3752, 0.000254887, 155.33
2434, 40.55833, 1.03599, 55.2959, 0.845047, 32.4668, 1.91912, 80.4409, 7.34052E-005, 124.581, 0.00018302, 88.0642, 0.000253872, 155.16
2434, 40.56667, 1.03445, 54.9372, 0.846875, 32.1121, 1.91092, 80.2093, 7.33827E-005, 124.22, 0.000183969, 87.7567, 0.000252855, 154.992
2435, 40.57500, 1.0329, 54.5805, 0.848688, 31.7604, 1.9027, 79.9794, 7.33592E-005, 123.861, 0.000184913, 87.4526, 0.000251837, 154.826
2435, 40.58333, 1.03135, 54.2256, 0.850488, 31.4117, 1.89448, 79.751, 7.33348E-005, 123.505, 0.000185853, 87.1518, 0.000250817, 154.662
2436, 40.59167, 1.02979, 53.8724, 0.852276, 31.066, 1.88625, 79.5242, 7.33094E-005, 123.15, 0.000186788, 86.8543, 0.000249797, 154.5
2436, 40.60000, 1.02822, 53.5212, 0.85405, 30.7232, 1.87802, 79.2991, 7.3283E-005, 122.798, 0.000187718, 86.5601, 0.000248775, 154.34
2437, 40.60833, 1.02664, 53.1718, 0.85581, 30.3834, 1.86979, 79.0755, 7.32558E-005, 122.448, 0.000188644, 86.2691, 0.000247752, 154.182
2437, 40.61667, 1.02506, 52.8241, 0.857558, 30.0465, 1.86155, 78.8535, 7.32276E-005, 122.1, 0.000189565, 85.9813, 0.000246728, 154.025
2438, 40.62500, 1.02347, 52.4784, 0.859293, 29.7125, 1.85331, 78.6332, 7.31986E-005, 121.754, 0.000190481, 85.6966, 0.000245704, 153.871
2438, 40.63333, 1.02188, 52.1344, 0.861015, 29.3814, 1.84506, 78.4144, 7.31686E-005, 121.411, 0.000191393, 85.4151, 0.000244679, 153.719
2439, 40.64167, 1.02028, 51.7922, 0.862725, 29.0531, 1.83682, 78.1972, 7.31379E-005, 121.069, 0.0001923, 85.1366, 0.000243653, 153.568
2439, 40.65000, 1.01868, 51.4519, 0.864422, 28.7276, 1.82858, 77.9816, 7.31063E-005, 120.73, 0.000193202, 84.8611, 0.000242627, 153.419
2439, 40.65833, 1.01707, 51.1133, 0.866106, 28.405, 1.82034, 77.7676, 7.30739E-005, 120.393, 0.0001941, 84.5886, 0.0002416, 153.273
2440, 40.66667, 1.01546, 50.7765, 0.867778, 28.0851, 1.8121, 77.5552, 7.30407E-005, 120.058, 0.000194993, 84.3191, 0.000240573, 153.128
2441, 40.67500, 1.01385, 50.4416, 0.869438, 27.7681, 1.80386, 77.3444, 7.30068E-005, 119.725, 0.000195882, 84.0525, 0.000239547, 152.985
2441, 40.68333, 1.01223, 50.1084, 0.871085, 27.4537, 1.79562, 77.1352, 7.29721E-005, 119.394, 0.000196766, 83.7888, 0.00023852, 152.844
2442, 40.69167, 1.01061, 49.777, 0.872721, 27.1421, 1.78739, 76.9275, 7.29367E-005, 119.066, 0.000197645, 83.5279, 0.000237493, 152.705
2442, 40.70000, 1.00898, 49.4474, 0.874344, 26.8332, 1.77916, 76.7214, 7.29005E-005, 118.739, 0.000198521, 83.2698, 0.000236466, 152.568
2443, 40.70833, 1.00735, 49.1195, 0.875955, 26.527, 1.77094, 76.5169, 7.28637E-005, 118.414, 0.000199391, 83.0145, 0.00023544, 152.433
2443, 40.71667, 1.00572, 48.7934, 0.877555, 26.2234, 1.76272, 76.314, 7.28261E-005, 118.092, 0.000200257, 82.762, 0.000234413, 152.3
2443, 40.72500, 1.00409, 48.4691, 0.879143, 25.9226, 1.75451, 76.1127, 7.27879E-005, 117.771, 0.000201119, 82.5121, 0.000233388, 152.169
2444, 40.73333, 1.00245, 48.1465, 0.88072, 25.6243, 1.74631, 75.9129, 7.27491E-005, 117.453, 0.000201977, 82.265, 0.000232363, 152.039
2445, 40.74167, 1.00081, 47.8257, 0.882285, 25.3286, 1.73811, 75.7147, 7.27096E-005, 117.137, 0.00020283, 82.0205, 0.000231338, 151.912
2445, 40.75000, 0.999174, 47.5066, 0.883839, 25.0355, 1.72992, 75.5181, 7.26695E-005, 116.822, 0.000203678, 81.7786, 0.000230314, 151.787
2446, 40.75833, 0.997533, 47.1892, 0.885382, 24.745, 1.72174, 75.323, 7.26288E-005, 116.51, 0.000204523, 81.5393, 0.000229291, 151.663
2446, 40.76667, 0.99589, 46.8736, 0.886914, 24.457, 1.71357, 75.1294, 7.25875E-005, 116.199, 0.000205363, 81.3026, 0.000228269, 151.541
2447, 40.77500, 0.994246, 46.5597, 0.888434, 24.1716, 1.70541, 74.9375, 7.25456E-005, 115.891, 0.000206199, 81.0684, 0.000227248, 151.422
2447, 40.78333, 0.992601, 46.2475, 0.889944, 23.8887, 1.69726, 74.7471, 7.25032E-005, 115.585, 0.000207031, 80.8367, 0.000226227, 151.304
2447, 40.79167, 0.990955, 45.9369, 0.891444, 23.6082, 1.68912, 74.5582, 7.24603E-005, 115.28, 0.000207858, 80.6075, 0.000225208, 151.188
2448, 40.80000, 0.989309, 45.6282, 0.892932, 23.3302, 1.68099, 74.3709, 7.24168E-005, 114.978, 0.000208682, 80.3807, 0.00022419, 151.075
2449, 40.80833, 0.987663, 45.3211, 0.894411, 23.0547, 1.67288, 74.1851, 7.23728E-005, 114.677, 0.000209501, 80.1563, 0.000223173, 150.963
2449, 40.81667, 0.986016, 45.0156, 0.895879, 22.7815, 1.66477, 74.0008, 7.23284E-005, 114.379, 0.000210316, 79.9344, 0.000222158, 150.853
2450, 40.82500, 0.98437, 44.7119, 0.897336, 22.5108, 1.65668, 73.8181, 7.22834E-005, 114.082, 0.000211127, 79.7148, 0.000221144, 150.745
2450, 40.83333, 0.982724, 44.4098, 0.898784, 22.2425, 1.6486, 73.6369, 7.2238E-005, 113.787, 0.000211934, 79.4975, 0.000220131, 150.639
2451, 40.84167, 0.981078, 44.1094, 0.900222, 21.9765, 1.64053, 73.4573, 7.21922E-005, 113.494, 0.000212738, 79.2825, 0.00021912, 150.535
2451, 40.85000, 0.979433, 43.8106, 0.90165, 21.7129, 1.63248, 73.2791, 7.21459E-005, 113.203, 0.000213537, 79.0698, 0.000218111, 150.433
2451, 40.85833, 0.977789, 43.5135, 0.903068, 21.4516, 1.62445, 73.1025, 7.20992E-005, 112.914, 0.000214332, 78.8594, 0.000217103, 150.333
2452, 40.86667, 0.976146, 43.218, 0.904477, 21.1927, 1.61642, 72.9274, 7.20521E-005, 112.627, 0.000215124, 78.6512, 0.000216097, 150.234
2453, 40.87500, 0.974504, 42.9242, 0.905876, 20.936, 1.60842, 72.7538, 7.20046E-005, 112.342, 0.000215911, 78.4452, 0.000215092, 150.138
2453, 40.88333, 0.972863, 42.632, 0.907266, 20.6816, 1.60043, 72.5817, 7.19567E-005, 112.058, 0.000216695, 78.2414, 0.00021409, 150.044
2454, 40.89167, 0.971223, 42.3413, 0.908647, 20.4294, 1.59245, 72.4111, 7.19084E-005, 111.777, 0.000217475, 78.0397, 0.000213089, 149.951
2454, 40.90000, 0.969586, 42.0523, 0.910018, 20.1795, 1.58449, 72.242, 7.18598E-005, 111.497, 0.000218251, 77.8402, 0.00021209, 149.861
2455, 40.90833, 0.96795, 41.765, 0.911381, 19.9318, 1.57655, 72.0744, 7.18109E-005, 111.219, 0.000219024, 77.6429, 0.000211094, 149.772
2455, 40.91667, 0.966316, 41.4791, 0.912735, 19.6863, 1.56862, 71.9083, 7.17616E-005, 110.942, 0.000219793, 77.4475, 0.000210099, 149.685
2455, 40.92500, 0.964684, 41.1949, 0.91408, 19.443, 1.56071, 71.7436, 7.1712E-005, 110.668, 0.000220558, 77.2543, 0.000209106, 149.601
2456, 40.93333, 0.963055, 40.9123, 0.915416, 19.2018, 1.55282, 71.5805, 7.16622E-005, 110.395, 0.00022132, 77.0631, 0.000208116, 149.518
2457, 40.94167, 0.961428, 40.6312, 0.916744, 18.9628, 1.54495, 71.4188, 7.1612E-005, 110.124, 0.000222078, 76.8739, 0.000207128, 149.437
2457, 40.95000, 0.959803, 40.3517, 0.918064, 18.7259, 1.5371, 71.2586, 7.15615E-005, 109.855, 0.000222833, 76.6867, 0.000206142, 149.358
2458, 40.95833, 0.958181, 40.0737, 0.919375, 18.4911, 1.52926, 71.0998, 7.15108E-005, 109.588, 0.000223584, 76.5015, 0.000205158, 149.281
2458, 40.96667, 0.956562, 39.7973, 0.920679, 18.2584, 1.52144, 70.9425, 7.14598E-005, 109.322, 0.000224332, 76.3182, 0.000204177, 149.206
2459, 40.97500, 0.954946, 39.5224, 0.921974, 18.0278, 1.51365, 70.7867, 7.14086E-005, 109.058, 0.000225076, 76.1369, 0.000203198, 149.133
2459, 40.98333, 0.953332, 39.2491, 0.923262, 17.7992, 1.50587, 70.6323, 7.13571E-005, 108.796, 0.000225817, 75.9575, 0.000202222, 149.062
2459, 40.99167, 0.951722, 38.9772, 0.924542, 17.5727, 1.49811, 70.4793, 7.13054E-005, 108.535, 0.000226555, 75.78, 0.000201248, 148.993
2460, 41.00000, 0.950115, 38.7069, 0.925814, 17.3482, 1.49037, 70.3278, 7.12535E-005, 108.276, 0.000227289, 75.6044, 0.000200276, 148.926
2461, 41.00833, 0.948512, 38.438, 0.927079, 17.1256, 1.48265, 70.1778, 7.12015E-005, 108.019, 0.000228021, 75.4306, 0.000199307, 148.861
2461, 41.01667, 0.946912, 38.1707, 0.928336, 16.9051, 1.47495, 70.0291, 7.11492E-005, 107.764, 0.000228749, 75.2586, 0.000198341, 148.797
2462, 41.02500, 0.945316, 37.9048, 0.929586, 16.6865, 1.46728, 69.8819, 7.10967E-005, 107.51, 0.000229473, 75.0884, 0.000197378, 148.736
2462, 41.03333, 0.943723, 37.6405, 0.930829, 16.4699, 1.45962, 69.7362, 7.10441E-005, 107.258, 0.000230195, 74.9201, 0.000196417, 148.676
2463, 41.04167, 0.942134, 37.3775, 0.932065, 16.2552, 1.45198, 69.5918, 7.09912E-005, 107.007, 0.000230914, 74.7535, 0.000195458, 148.619
2463, 41.05000, 0.94055, 37.1161, 0.933294, 16.0425, 1.44437, 69.4488, 7.09383E-005, 106.758, 0.000231629, 74.5887, 0.000194503, 148.563
2463, 41.05833, 0.938969, 36.8561, 0.934516, 15.8316, 1.43678, 69.3073, 7.08852E-005, 106.511, 0.000232341, 74.4256, 0.00019355, 148.509
2464, 41.06667, 0.937392, 36.5975, 0.935732, 15.6226, 1.4292, 69.1672, 7.0832E-005, 106.265, 0.000233051, 74.2642, 0.000192601, 148.458
2465, 41.07500, 0.93582, 36.3404, 0.93694, 15.4155, 1.42165, 69.0285, 7.07786E-005, 106.021, 0.000233757, 74.1045, 0.000191654, 148.408
2465, 41.08333, 0.934252, 36.0847, 0.938143, 15.2103, 1.41412, 68.8911, 7.07251E-005, 105.778, 0.000234461, 73.9465, 0.00019071, 148.36
2466, 41.09167, 0.932688, 35.8304, 0.939339, 15.0068, 1.40662, 68.7552, 7.06716E-005, 105.537, 0.000235161, 73.7902, 0.000189768, 148.314
2466, 41.10000, 0.931129, 35.5775, 0.940529, 14.8052, 1.39913, 68.6206, 7.06179E-005, 105.298, 0.000235859, 73.6355, 0.00018883, 148.27
2467, 41.10833, 0.929574, 35.326, 0.941712, 14.6054, 1.39167, 68.4875, 7.05641E-005, 105.06, 0.000236554, 73.4824, 0.000187895, 148.228
2467, 41.11667, 0.928024, 35.0759, 0.94289, 14.4074, 1.38423, 68.3557, 7.05103E-005, 104.823, 0.000237246, 73.3309, 0.000186962, 148.188
2467, 41.12500, 0.926479, 34.8272, 0.944062, 14.2111, 1.37681, 68.2253, 7.04564E-005, 104.588, 0.000237936, 73.1811, 0.000186033, 148.15
2468, 41.13333, 0.924938, 34.5798, 0.945227, 14.0166, 1.36942, 68.0962, 7.04024E-005, 104.355, 0.000238623, 73.0328, 0.000185107, 148.113
2469, 41.14167, 0.923402, 34.3339, 0.946388, 13.8239, 1.36205, 67.9686, 7.03483E-005, 104.123, 0.000239307, 72.886, 0.000184184, 148.079
2469, 41.15000, 0.921871, 34.0892, 0.947542, 13.6328, 1.3547, 67.8423, 7.02943E-005, 103.893, 0.000239988, 72.7408, 0.000183264, 148.047
2470, 41.15833, 0.920346, 33.846, 0.948691, 13.4435, 1.34737, 67.7173, 7.02401E-005, 103.664, 0.000240667, 72.5972, 0.000182347, 148.017
2470, 41.16667, 0.918825, 33.604, 0.949835, 13.2559, 1.34007, 67.5937, 7.0186E-005, 103.436, 0.000241343, 72.455, 0.000181433, 147.988
2471, 41.17500, 0.917309, 33.3634, 0.950973, 13.0699, 1.33279, 67.4715, 7.01318E-005, 103.21, 0.000242017, 72.3143, 0.000180523, 147.962
2471, 41.18333, 0.915799, 33.1242, 0.952106, 12.8856, 1.32554, 67.3506, 7.00776E-005, 102.986, 0.000242688, 72.1751, 0.000179615, 147.937
2471, 41.19167, 0.914294, 32.8862, 0.953234, 12.703, 1.3183, 67.231, 7.00233E-005, 102.763, 0.000243357, 72.0374, 0.000178711, 147.914
2472, 41.20000, 0.912794, 32.6495, 0.954356, 12.522, 1.31109, 67.1128, 6.99691E-005, 102.541, 0.000244023, 71.9011, 0.00017781, 147.894
2473, 41.20833, 0.911299, 32.4142, 0.955474, 12.3426, 1.30391, 66.9959, 6.99149E-005, 102.321, 0.000244687, 71.7663, 0.000176913, 147.875
2473, 41.21667, 0.90981, 32.1801, 0.956588, 12.1648, 1.29675, 66.8804, 6.98606E-005, 102.102, 0.000245349, 71.6328, 0.000176018, 147.858
2474, 41.22500, 0.908326, 31.9473, 0.957696, 11.9886, 1.28961, 66.7662, 6.98064E-005, 101.885, 0.000246008, 71.5008, 0.000175127, 147.844
2474, 41.23333, 0.906848, 31.7158, 0.9588, 11.814, 1.28249, 66.6533, 6.97522E-005, 101.668, 0.000246665, 71.3701, 0.000174239, 147.831
2475, 41.24167, 0.905376, 31.4855, 0.959899, 11.6409, 1.2754, 66.5417, 6.96981E-005, 101.454, 0.000247319, 71.2409, 0.000173355, 147.82
2475, 41.25000, 0.903909, 31.2565, 0.960994, 11.4694, 1.26833, 66.4314, 6.96439E-005, 101.24, 0.000247971, 71.1129, 0.000172474, 147.811
2475, 41.25833, 0.902448, 31.0287, 0.962084, 11.2994, 1.26129, 66.3225, 6.95898E-005, 101.028, 0.000248622, 70.9864, 0.000171596, 147.804
2476, 41.26667, 0.900992, 30.8022, 0.96317, 11.131, 1.25427, 66.2149, 6.95358E-005, 100.818, 0.00024927, 70.8611, 0.000170722, 147.799
2477, 41.27500, 0.899542, 30.5769, 0.964252, 10.964, 1.24727, 66.1085, 6.94817E-005, 100.608, 0.000249915, 70.7372, 0.000169851, 147.796
2477, 41.28333, 0.898098, 30.3529, 0.96533, 10.7986, 1.2403, 66.0035, 6.94278E-005, 100.4, 0.000250559, 70.6145, 0.000168983, 147.795
2478, 41.29167, 0.896659, 30.13, 0.966403, 10.6346, 1.23335, 65.8998, 6.93739E-005, 100.194, 0.000251201, 70.4932, 0.000168119, 147.796
2478, 41.30000, 0.895227, 29.9084, 0.967473, 10.472, 1.22643, 65.7974, 6.93201E-005, 99.9883, 0.00025184, 70.3731, 0.000167258, 147.799
2479, 41.30833, 0.8938, 29.6879, 0.968539, 10.311, 1.21953, 65.6963, 6.92663E-005, 99.7842, 0.000252478, 70.2543, 0.000166401, 147.804
2479, 41.31667, 0.89238, 29.4686, 0.969601, 10.1513, 1.21265, 65.5964, 6.92126E-005, 99.5814, 0.000253113, 70.1367, 0.000165547, 147.811
2479, 41.32500, 0.890965, 29.2506, 0.97066, 9.99315, 1.2058, 65.4979, 6.9159E-005, 99.3798, 0.000253747, 70.0204, 0.000164697, 147.82
2480, 41.33333, 0.889556, 29.0337, 0.971715, 9.83636, 1.19897, 65.4006, 6.91055E-005, 99.1795, 0.000254378, 69.9053, 0.00016385, 147.831
2481, 41.34167, 0.888153, 28.8179, 0.972766, 9.68095, 1.19217, 65.3047, 6.9052E-005, 98.9805, 0.000255008, 69.7914, 0.000163007, 147.844
2481, 41.35000, 0.886756, 28.6033, 0.973814, 9.52696, 1.18539, 65.21, 6.89987E-005, 98.7827, 0.000255636, 69.6787, 0.000162167, 147.859
2482, 41.35833, 0.885366, 28.3899, 0.974859, 9.37433, 1.17863, 65.1166, 6.89454E-005, 98.5861, 0.000256262, 69.5671, 0.000161331, 147.876
2482, 41.36667, 0.883981, 28.1776, 0.9759, 9.22305, 1.1719, 65.0244, 6.88923E-005, 98.3908, 0.000256886, 69.4568, 0.000160498, 147.895
2483, 41.37500, 0.882602, 27.9665, 0.976938, 9.07313, 1.16519, 64.9336, 6.88392E-005, 98.1967, 0.000257508, 69.3476, 0.000159669, 147.916
2483, 41.38333, 0.88123, 27.7564, 0.977973, 8.92455, 1.1585, 64.844, 6.87863E-005, 98.0037, 0.000258129, 69.2395, 0.000158843, 147.939
2483, 41.39167, 0.879863, 27.5475, 0.979005, 8.77728, 1.15184, 64.7557, 6.87335E-005, 97.812, 0.000258748, 69.1326, 0.000158021, 147.964
2484, 41.40000, 0.878503, 27.3397, 0.980034, 8.63133, 1.14521, 64.6686, 6.86808E-005, 97.6215, 0.000259365, 69.0268, 0.000157202, 147.991
2485, 41.40833, 0.877149, 27.133, 0.98106, 8.48669, 1.13859, 64.5828, 6.86282E-005, 97.4321, 0.00025998, 68.9221, 0.000156388, 148.02
2485, 41.41667, 0.875801, 26.9274, 0.982083, 8.34332, 1.13201, 64.4983, 6.85758E-005, 97.2439, 0.000260594, 68.8185, 0.000155576, 148.051
2486, 41.42500, 0.87446, 26.7229, 0.983104, 8.20123, 1.12544, 64.4151, 6.85235E-005, 97.0568, 0.000261206, 68.716, 0.000154768, 148.084
2486, 41.43333, 0.873124, 26.5195, 0.984121, 8.06042, 1.1189, 64.3331, 6.84713E-005, 96.8709, 0.000261817, 68.6146, 0.000153964, 148.119
2487, 41.44167, 0.871795, 26.3171, 0.985136, 7.92084, 1.11238, 64.2523, 6.84192E-005, 96.6862, 0.000262426, 68.5142, 0.000153164, 148.156
2487, 41.45000, 0.870472, 26.1158, 0.986149, 7.78251, 1.10589, 64.1728, 6.83673E-005, 96.5025, 0.000263033, 68.4149, 0.000152367, 148.195
2487, 41.45833, 0.869155, 25.9156, 0.987159, 7.64542, 1.09942, 64.0946, 6.83155E-005, 96.32, 0.000263639, 68.3166, 0.000151573, 148.236
2488, 41.46667, 0.867844, 25.7164, 0.988166, 7.50953, 1.09297, 64.0176, 6.82639E-005, 96.1386, 0.000264243, 68.2194, 0.000150784, 148.279
2489, 41.47500, 0.86654, 25.5182, 0.989172, 7.37486, 1.08655, 63.9419, 6.82124E-005, 95.9583, 0.000264846, 68.1232, 0.000149998, 148.325
2489, 41.48333, 0.865242, 25.3211, 0.990174, 7.24139, 1.08015, 63.8675, 6.81611E-005, 95.7791, 0.000265448, 68.028, 0.000149215, 148.372
2490, 41.49167, 0.86395, 25.125, 0.991175, 7.10908, 1.07377, 63.7943, 6.811E-005, 95.601, 0.000266048, 67.9338, 0.000148437, 148.422
2490, 41.50000, 0.862665, 24.93, 0.992174, 6.97797, 1.06742, 63.7223, 6.8059E-005, 95.424, 0.000266646, 67.8405, 0.000147662, 148.473
2491, 41.50833, 0.861386, 24.7359, 0.99317, 6.84801, 1.06109, 63.6516, 6.80081E-005, 95.248, 0.000267243, 67.7483, 0.00014689, 148.527
2491, 41.51667, 0.860113, 24.5429, 0.994164, 6.7192, 1.05479, 63.5821, 6.79574E-005, 95.0731, 0.000267839, 67.657, 0.000146122, 148.583
2491, 41.52500, 0.858846, 24.3508, 0.995156, 6.59154, 1.04851, 63.5139, 6.79069E-005, 94.8992, 0.000268434, 67.5667, 0.000145358, 148.64
2492, 41.53333, 0.857586, 24.1598, 0.996147, 6.46501, 1.04225, 63.447, 6.78566E-005, 94.7264, 0.000269027, 67.4773, 0.000144598, 148.7
2493, 41.54167, 0.856332, 23.9697, 0.997135, 6.33958, 1.03601, 63.3813, 6.78064E-005, 94.5546, 0.000269619, 67.3889, 0.000143841, 148.762
2493, 41.55000, 0.855084, 23.7806, 0.998122, 6.21528, 1.0298, 63.3168, 6.77564E-005, 94.3838, 0.000270209, 67.3014, 0.000143088, 148.826
2494, 41.55833, 0.853843, 23.5925, 0.999107, 6.09208, 1.02361, 63.2536, 6.77066E-005, 94.2141, 0.000270799, 67.2148, 0.000142339, 148.893
2494, 41.56667, 0.852607, 23.4053, 1.00009, 5.96995, 1.01745, 63.1916, 6.76569E-005, 94.0453, 0.000271387, 67.1291, 0.000141594, 148.961
2495, 41.57500, 0.851379, 23.2191, 1.00107, 5.84892, 1.0113, 63.1309, 6.76074E-005, 93.8776, 0.000271974, 67.0444, 0.000140852, 149.031
2495, 41.58333, 0.850156, 23.0339, 1.00205, 5.72896, 1.00518, 63.0715, 6.75581E-005, 93.7109, 0.00027256, 66.9605, 0.000140114, 149.104
2495, 41.59167, 0.84894, 22.8495, 1.00303, 5.61004, 0.999087, 63.0133, 6.7509E-005, 93.5451, 0.000273144, 66.8775, 0.000139379, 149.179
2496, 41.60000, 0.84773, 22.6662, 1.00401, 5.49218, 0.993012, 62.9563, 6.74601E-005, 93.3803, 0.000273728, 66.7954, 0.000138649, 149.256
2497, 41.60833, 0.846526, 22.4837, 1.00498, 5.37536, 0.986961, 62.9006, 6.74114E-005, 93.2165, 0.00027431, 66.7141, 0.000137922, 149.335
2497, 41.61667, 0.845328, 22.3022, 1.00596, 5.25956, 0.980932, 62.8462, 6.73629E-005, 93.0537, 0.000274891, 66.6337, 0.000137199, 149.416
2498, 41.62500, 0.844137, 22.1216, 1.00693, 5.14479, 0.974926, 62.793, 6.73145E-005, 92.8918, 0.000275472, 66.5541, 0.000136479, 149.499
2498, 41.63333, 0.842952, 21.9419, 1.0079, 5.03103, 0.968942, 62.741, 6.72664E-005, 92.7308, 0.000276051, 66.4754, 0.000135764, 149.585
2499, 41.64167, 0.841773, 21.7631, 1.00887, 4.91826, 0.962981, 62.6903, 6.72184E-005, 92.5708, 0.000276629, 66.3974, 0.000135052, 149.672
2499, 41.65000, 0.840601, 21.5852, 1.00984, 4.80649, 0.957042, 62.6409, 6.71707E-005, 92.4117, 0.000277206, 66.3204, 0.000134344, 149.762
2499, 41.65833, 0.839435, 21.4082, 1.01081, 4.69571, 0.951126, 62.5928, 6.71231E-005, 92.2535, 0.000277782, 66.2441, 0.000133639, 149.854
2500, 41.66667, 0.838275, 21.232, 1.01177, 4.58588, 0.945231, 62.5459, 6.70758E-005, 92.0963, 0.000278357, 66.1686, 0.000132939, 149.949
2501, 41.67500, 0.837121, 21.0568, 1.01274, 4.47703, 0.939359, 62.5002, 6.70286E-005, 91.9399, 0.000278931, 66.0939, 0.000132242, 150.045
2501, 41.68333, 0.835973, 20.8824, 1.0137, 4.36914, 0.93351, 62.4559, 6.69817E-005, 91.7845, 0.000279504, 66.02, 0.000131549, 150.144
2502, 41.69167, 0.834832, 20.7089, 1.01467, 4.26218, 0.927681, 62.4128, 6.69349E-005, 91.6299, 0.000280076, 65.9469, 0.00013086, 150.245
2502, 41.70000, 0.833696, 20.5362, 1.01563, 4.15617, 0.921876, 62.3709, 6.68884E-005, 91.4762, 0.000280648, 65.8745, 0.000130175, 150.348
2503, 41.70833, 0.832567, 20.3644, 1.01659, 4.05108, 0.916092, 62.3304, 6.6842E-005, 91.3235, 0.000281218, 65.8029, 0.000129493, 150.453
2503, 41.71667, 0.831444, 20.1934, 1.01755, 3.94691, 0.910329, 62.2911, 6.67959E-005, 91.1715, 0.000281788, 65.7321, 0.000128815, 150.561
2503, 41.72500, 0.830328, 20.0233, 1.01851, 3.84365, 0.904589, 62.2531, 6.675E-005, 91.0205, 0.000282356, 65.662, 0.000128141, 150.671
2504, 41.73333, 0.829217, 19.854, 1.01947, 3.7413, 0.898871, 62.2164, 6.67043E-005, 90.8703, 0.000282924, 65.5926, 0.000127471, 150.783
2505, 41.74167, 0.828112, 19.6855, 1.02043, 3.63983, 0.893173, 62.181, 6.66588E-005, 90.7209, 0.000283491, 65.524, 0.000126805, 150.898
2505, 41.75000, 0.827014, 19.5178, 1.02139, 3.53926, 0.887498, 62.1469, 6.66136E-005, 90.5724, 0.000284057, 65.4561, 0.000126142, 151.014
2506, 41.75833, 0.825922, 19.351, 1.02235, 3.43957, 0.881844, 62.114, 6.65685E-005, 90.4247, 0.000284623, 65.3889, 0.000125483, 151.133
2506, 41.76667, 0.824836, 19.185, 1.0233, 3.34073, 0.87621, 62.0825, 6.65236E-005, 90.2778, 0.000285188, 65.3224, 0.000124829, 151.255
2507, 41.77500, 0.823755, 19.0197, 1.02426, 3.24276, 0.870599, 62.0523, 6.6479E-005, 90.1318, 0.000285751, 65.2566, 0.000124178, 151.378
2507, 41.78333, 0.822681, 18.8553, 1.02521, 3.14565, 0.865009, 62.0234, 6.64346E-005, 89.9866, 0.000286315, 65.1915, 0.000123531, 151.504
2508, 41.79167, 0.821613, 18.6916, 1.02617, 3.04937, 0.859439, 61.9957, 6.63904E-005, 89.8421, 0.000286877, 65.1271, 0.000122887, 151.632
2508, 41.80000, 0.820551, 18.5288, 1.02712, 2.95393, 0.853891, 61.9695, 6.63464E-005, 89.6985, 0.000287439, 65.0633, 0.000122248, 151.763
2509, 41.80833, 0.819495, 18.3667, 1.02808, 2.85933, 0.848364, 61.9445, 6.63027E-005, 89.5557, 0.000288, 65.0003, 0.000121612, 151.896
2509, 41.81667, 0.818445, 18.2054, 1.02903, 2.76553, 0.842857, 61.9208, 6.62591E-005, 89.4137, 0.00028856, 64.9378, 0.000120981, 152.031
2510, 41.82500, 0.817401, 18.0448, 1.02999, 2.67256, 0.837372, 61.8985, 6.62158E-005, 89.2724, 0.00028912, 64.8761, 0.000120353, 152.168
2510, 41.83333, 0.816363, 17.885, 1.03094, 2.5804, 0.831907, 61.8776, 6.61727E-005, 89.1319, 0.000289679, 64.815, 0.000119729, 152.308
2511, 41.84167, 0.81533, 17.726, 1.03189, 2.48902, 0.826463, 61.8579, 6.61299E-005, 88.9922, 0.000290238, 64.7545, 0.000119109, 152.451
2511, 41.85000, 0.814304, 17.5677, 1.03285, 2.39844, 0.821039, 61.8397, 6.60872E-005, 88.8532, 0.000290795, 64.6947, 0.000118493, 152.595
2512, 41.85833, 0.813284, 17.4102, 1.0338, 2.30864, 0.815637, 61.8227, 6.60448E-005, 88.715, 0.000291353, 64.6355, 0.000117881, 152.742
2512, 41.86667, 0.812269, 17.2534, 1.03475, 2.21961, 0.810254, 61.8072, 6.60026E-005, 88.5776, 0.000291909, 64.577, 0.000117272, 152.892
2513, 41.87500, 0.811261, 17.0973, 1.0357, 2.13136, 0.804891, 61.793, 6.59606E-005, 88.4408, 0.000292465, 64.519, 0.000116668, 153.044
2513, 41.88333, 0.810258, 16.942, 1.03665, 2.04387, 0.79955, 61.7802, 6.59189E-005, 88.3049, 0.000293021, 64.4617, 0.000116068, 153.198
2514, 41.89167, 0.809261, 16.7873, 1.03761, 1.95712, 0.794227, 61.7688, 6.58774E-005, 88.1696, 0.000293576, 64.4049, 0.000115471, 153.354
2514, 41.90000, 0.80827, 16.6334, 1.03856, 1.87113, 0.788926, 61.7587, 6.58361E-005, 88.0351, 0.00029413, 64.3488, 0.000114879, 153.513
2515, 41.90833, 0.807284, 16.4803, 1.03951, 1.78588, 0.783644, 61.7501, 6.5795E-005, 87.9013, 0.000294684, 64.2932, 0.00011429, 153.675
2515, 41.91667, 0.806305, 16.3278, 1.04046, 1.70135, 0.778382, 61.7429, 6.57542E-005, 87.7682, 0.000295237, 64.2383, 0.000113706, 153.839
2516, 41.92500, 0.805331, 16.176, 1.04141, 1.61755, 0.77314, 61.7371, 6.57135E-005, 87.6357, 0.00029579, 64.1839, 0.000113125, 154.005
2516, 41.93333, 0.804363, 16.0249, 1.04236, 1.53448, 0.767918, 61.7327, 6.56731E-005, 87.5041, 0.000296343, 64.1301, 0.000112548, 154.174
2517, 41.94167, 0.8034, 15.8745, 1.04332, 1.4521, 0.762716, 61.7297, 6.5633E-005, 87.373, 0.000296895, 64.0768, 0.000111976, 154.345
2517, 41.95000, 0.802444, 15.7248, 1.04427, 1.37044, 0.757533, 61.7282, 6.5593E-005, 87.2427, 0.000297446, 64.0241, 0.000111407, 154.519
2518, 41.95833, 0.801493, 15.5757, 1.04522, 1.28948, 0.75237, 61.7282, 6.55533E-005, 87.1131, 0.000297997, 63.972, 0.000110842, 154.695
2518, 41.96667, 0.800547, 15.4274, 1.04617, 1.2092, 0.747226, 61.7296, 6.55139E-005, 86.9841, 0.000298548, 63.9204, 0.000110282, 154.874
2519, 41.97500, 0.799607, 15.2797, 1.04712, 1.12962, 0.742102, 61.7325, 6.54746E-005, 86.8558, 0.000299098, 63.8694, 0.000109725, 155.055
2519, 41.98333, 0.798673, 15.1326, 1.04808, 1.05071, 0.736998, 61.7368, 6.54356E-005, 86.7282, 0.000299648, 63.8189, 0.000109172, 155.238
2520, 41.99167, 0.797745, 14.9863, 1.04903, 0.97247, 0.731912, 61.7427, 6.53968E-005, 86.6012, 0.000300197, 63.7689, 0.000108624, 155.425
2520, 42.00000, 0.796822, 14.8405, 1.04998, 0.894902, 0.726845, 61.7501, 6.53582E-005, 86.4749, 0.000300746, 63.7194, 0.000108079, 155.613
2521, 42.00833, 0.795904, 14.6955, 1.05094, 0.817994, 0.721798, 61.7589, 6.53199E-005, 86.3492, 0.000301294, 63.6705, 0.000107539, 155.804
2521, 42.01667, 0.794992, 14.551, 1.05189, 0.74173, 0.71677, 61.7694, 6.52818E-005, 86.2241, 0.000301843, 63.6221, 0.000107002, 155.998
2522, 42.02500, 0.794086, 14.4073, 1.05284, 0.666123, 0.711761, 61.7813, 6.52439E-005, 86.0997, 0.00030239, 63.5742, 0.00010647, 156.194
2522, 42.03333, 0.793185, 14.2641, 1.0538, 0.591156, 0.706771, 61.7948, 6.52062E-005, 85.976, 0.000302938, 63.5268, 0.000105942, 156.393
2523, 42.04167, 0.79229, 14.1216, 1.05475, 0.516816, 0.701799, 61.8099, 6.51688E-005, 85.8528, 0.000303485, 63.4799, 0.000105418, 156.594
2523, 42.05000, 0.7914, 13.9797, 1.05571, 0.443113, 0.696846, 61.8265, 6.51316E-005, 85.7303, 0.000304032, 63.4335, 0.000104898, 156.798
2524, 42.05833, 0.790515, 13.8384, 1.05666, 0.370033, 0.691913, 61.8448, 6.50947E-005, 85.6083, 0.000304579, 63.3876, 0.000104382, 157.004
2524, 42.06667, 0.789636, 13.6978, 1.05762, 0.297561, 0.686997, 61.8646, 6.50579E-005, 85.487, 0.000305125, 63.3422, 0.00010387, 157.213
2525, 42.07500, 0.788762, 13.5577, 1.05857, 0.225709, 0.6821, 61.8861, 6.50214E-005, 85.3663, 0.000305671, 63.2972, 0.000103362, 157.425
2525, 42.08333, 0.787894, 13.4183, 1.05953, 0.154462, 0.677222, 61.9092, 6.49851E-005, 85.2462, 0.000306216, 63.2528, 0.000102859, 157.639
2526, 42.09167, 0.787031, 13.2794, 1.06049, 0.0838064, 0.672362, 61.9339, 6.49491E-005, 85.1267, 0.000306762, 63.2088, 0.000102359, 157.855
2526, 42.10000, 0.786173, 13.1412, 1.06145, 0.013753, 0.667521, 61.9604, 6.49132E-005, 85.0078, 0.000307307, 63.1652, 0.000101864, 158.074
2527, 42.10833, 0.78532, 13.0035, 1.0624, -0.0557123, 0.662698, 61.9885, 6.48777E-005, 84.8894, 0.000307852, 63.1221, 0.000101373, 158.296
2527, 42.11667, 0.784473, 12.8665, 1.06336, -0.124603, 0.657893, 62.0183, 6.48423E-005, 84.7716, 0.000308396, 63.0795, 0.000100886, 158.52
2528, 42.12500, 0.783631, 12.73, 1.06432, -0.192909, 0.653107, 62.0498, 6.48071E-005, 84.6544, 0.000308941, 63.0373, 0.000100404, 158.747
2528, 42.13333, 0.782795, 12.5941, 1.06528, -0.260643, 0.648338, 62.083, 6.47722E-005, 84.5378, 0.000309485, 62.9956, 9.99251E-005, 158.977
2529, 42.14167, 0.781963, 12.4587, 1.06624, -0.327819, 0.643587, 62.118, 6.47375E-005, 84.4217, 0.000310029, 62.9543, 9.94509E-005, 159.209
2529, 42.15000, 0.781137, 12.324, 1.0672, -0.394426, 0.638855, 62.1548, 6.47031E-005, 84.3062, 0.000310573, 62.9134, 9.8981E-005, 159.443
2530, 42.15833, 0.780316, 12.1898, 1.06816, -0.460478, 0.634141, 62.1934, 6.46688E-005, 84.1913, 0.000311116, 62.873, 9.85153E-005, 159.681
2530, 42.16667, 0.779499, 12.0562, 1.06913, -0.525988, 0.629444, 62.2337, 6.46348E-005, 84.0769, 0.000311659, 62.833, 9.80538E-005, 159.92
2531, 42.17500, 0.778689, 11.9231, 1.07009, -0.590945, 0.624766, 62.2759, 6.4601E-005, 83.963, 0.000312203, 62.7934, 9.75966E-005, 160.163
2531, 42.18333, 0.777883, 11.7906, 1.07105, -0.655362, 0.620105, 62.32, 6.45675E-005, 83.8497, 0.000312746, 62.7543, 9.71437E-005, 160.408
2532, 42.19167, 0.777082, 11.6586, 1.07201, -0.719253, 0.615461, 62.3659, 6.45341E-005, 83.7369, 0.000313288, 62.7155, 9.66951E-005, 160.655
2532, 42.20000, 0.776286, 11.5272, 1.07298, -0.782606, 0.610836, 62.4137, 6.4501E-005, 83.6246, 0.000313831, 62.6772, 9.62508E-005, 160.905
2533, 42.20833, 0.775496, 11.3963, 1.07394, -0.845435, 0.606228, 62.4634, 6.44682E-005, 83.5129, 0.000314373, 62.6393, 9.58108E-005, 161.158
2533, 42.21667, 0.77471, 11.2659, 1.07491, -0.907752, 0.601638, 62.5151, 6.44355E-005, 83.4016, 0.000314916, 62.6017, 9.53751E-005, 161.413
2534, 42.22500, 0.773929, 11.1361, 1.07588, -0.969548, 0.597065, 62.5687, 6.44031E-005, 83.2909, 0.000315458, 62.5646, 9.49438E-005, 161.671
2534, 42.23333, 0.773153, 11.0068, 1.07685, -1.03083, 0.59251, 62.6243, 6.43708E-005, 83.1807, 0.000316, 62.5278, 9.45169E-005, 161.932
2535, 42.24167, 0.772383, 10.878, 1.07781, -1.09162, 0.587972, 62.6819, 6.43388E-005, 83.071, 0.000316542, 62.4915, 9.40943E-005, 162.195
2535, 42.25000, 0.771617, 10.7498, 1.07878, -1.1519, 0.583452, 62.7415, 6.43071E-005, 82.9618, 0.000317084, 62.4555, 9.36761E-005, 162.46
2536, 42.25833, 0.770856, 10.6221, 1.07975, -1.21169, 0.578949, 62.8032, 6.42755E-005, 82.8532, 0.000317626, 62.4199, 9.32623E-005, 162.728
2536, 42.26667, 0.7701, 10.4948, 1.08072, -1.27099, 0.574463, 62.867, 6.42442E-005, 82.7449, 0.000318167, 62.3847, 9.28529E-005, 162.999
2537, 42.27500, 0.769348, 10.3681, 1.08169, -1.3298, 0.569995, 62.9329, 6.42131E-005, 82.6372, 0.000318709, 62.3498, 9.24479E-005, 163.272
2537, 42.28333, 0.768602, 10.2419, 1.08267, -1.38813, 0.565544, 63.001, 6.41822E-005, 82.53, 0.00031925, 62.3154, 9.20474E-005, 163.548
2538, 42.29167, 0.76786, 10.1162, 1.08364, -1.44599, 0.561109, 63.0712, 6.41516E-005, 82.4233, 0.000319792, 62.2812, 9.16513E-005, 163.826
2538, 42.30000, 0.767124, 9.99098, 1.08461, -1.50337, 0.556693, 63.1436, 6.41211E-005, 82.317, 0.000320333, 62.2475, 9.12597E-005, 164.107
2539, 42.30833, 0.766392, 9.86626, 1.08559, -1.56029, 0.552293, 63.2183, 6.40909E-005, 82.2112, 0.000320874, 62.2141, 9.08725E-005, 164.391
2539, 42.31667, 0.765664, 9.74202, 1.08656, -1.61675, 0.54791, 63.2952, 6.40609E-005, 82.1058, 0.000321416, 62.181, 9.04898E-005, 164.677
2540, 42.32500, 0.764942, 9.61827, 1.08754, -1.67274, 0.543545, 63.3744, 6.40311E-005, 82.001, 0.000321957, 62.1483, 9.01116E-005, 164.965
2540, 42.33333, 0.764224, 9.49501, 1.08852, -1.72828, 0.539197, 63.4559, 6.40015E-005, 81.8966, 0.000322498, 62.116, 8.97379E-005, 165.256
2541, 42.34167, 0.76351, 9.3722, 1.0895, -1.78337, 0.534865, 63.5398, 6.39722E-005, 81.7926, 0.000323039, 62.084, 8.93688E-005, 165.549
2541, 42.35000, 0.762802, 9.24989, 1.09047, -1.83802, 0.530551, 63.6261, 6.39431E-005, 81.6891, 0.00032358, 62.0523, 8.90041E-005, 165.845
2542, 42.35833, 0.762098, 9.12805, 1.09145, -1.89222, 0.526253, 63.7149, 6.39141E-005, 81.586, 0.000324121, 62.021, 8.86441E-005, 166.144
2542, 42.36667, 0.761399, 9.00665, 1.09244, -1.94599, 0.521973, 63.8061, 6.38854E-005, 81.4834, 0.000324662, 61.9899, 8.82885E-005, 166.444
2543, 42.37500, 0.760704, 8.88573, 1.09342, -1.99932, 0.517709, 63.8998, 6.3857E-005, 81.3812, 0.000325203, 61.9593, 8.79376E-005, 166.748
2543, 42.38333, 0.760014, 8.76528, 1.0944, -2.05223, 0.513463, 63.996, 6.38287E-005, 81.2795, 0.000325744, 61.9289, 8.75912E-005, 167.053
2544, 42.39167, 0.759328, 8.64526, 1.09538, -2.10472, 0.509233, 64.0949, 6.38006E-005, 81.1782, 0.000326285, 61.8989, 8.72494E-005, 167.361
2544, 42.40000, 0.758647, 8.52571, 1.09637, -2.15678, 0.50502, 64.1963, 6.37728E-005, 81.0773, 0.000326826, 61.8691, 8.69123E-005, 167.672
2545, 42.40833, 0.75797, 8.4066, 1.09735, -2.20842, 0.500824, 64.3005, 6.37452E-005, 80.9768, 0.000327367, 61.8397, 8.65797E-005, 167.985
2545, 42.41667, 0.757298, 8.28793, 1.09834, -2.25966, 0.496645, 64.4073, 6.37177E-005, 80.8768, 0.000327908, 61.8106, 8.62518E-005, 168.3
2546, 42.42500, 0.75663, 8.16971, 1.09933, -2.31048, 0.492482, 64.5169, 6.36905E-005, 80.7771, 0.000328449, 61.7818, 8.59285E-005, 168.617
2546, 42.43333, 0.755967, 8.05193, 1.10032, -2.3609, 0.488337, 64.6293, 6.36635E-005, 80.6779, 0.00032899, 61.7534, 8.56099E-005, 168.937
2547, 42.44167, 0.755308, 7.93457, 1.10131, -2.41092, 0.484208, 64.7446, 6.36367E-005, 80.5791, 0.000329531, 61.7252, 8.52959E-005, 169.259
2547, 42.45000, 0.754654, 7.81765, 1.1023, -2.46054, 0.480097, 64.8627, 6.36102E-005, 80.4807, 0.000330072, 61.6973, 8.49866E-005, 169.584
2548, 42.45833, 0.754004, 7.70117, 1.10329, -2.50977, 0.476002, 64.9838, 6.35838E-005, 80.3827, 0.000330613, 61.6697, 8.46821E-005, 169.91
2548, 42.46667, 0.753358, 7.58509, 1.10428, -2.55862, 0.471924, 65.1079, 6.35577E-005, 80.2851, 0.000331154, 61.6424, 8.43821E-005, 170.239
2549, 42.47500, 0.752717, 7.46944, 1.10527, -2.60707, 0.467863, 65.2351, 6.35317E-005, 80.1878, 0.000331696, 61.6154, 8.40869E-005, 170.57
2549, 42.48333, 0.752079, 7.35422, 1.10627, -2.65515, 0.463819, 65.3653, 6.3506E-005, 80.091, 0.000332237, 61.5886, 8.37965E-005, 170.903
2550, 42.49167, 0.751447, 7.23939, 1.10726, -2.70285, 0.459792, 65.4987, 6.34804E-005, 79.9946, 0.000332778, 61.5622, 8.35107E-005, 171.239
2550, 42.50000, 0.750818, 7.12499, 1.10826, -2.75017, 0.455782, 65.6353, 6.34551E-005, 79.8985, 0.00033332, 61.536, 8.32297E-005, 171.576
2551, 42.50833, 0.750194, 7.01099, 1.10926, -2.79712, 0.451789, 65.7752, 6.343E-005, 79.8028, 0.000333861, 61.5101, 8.29534E-005, 171.916
2551, 42.51667, 0.749574, 6.89739, 1.11026, -2.8437, 0.447812, 65.9184, 6.34051E-005, 79.7075, 0.000334403, 61.4845, 8.26819E-005, 172.258
2552, 42.52500, 0.748958, 6.7842, 1.11126, -2.88992, 0.443853, 66.065, 6.33804E-005, 79.6126, 0.000334944, 61.4591, 8.24151E-005, 172.602
2552, 42.53333, 0.748346, 6.67141, 1.11226, -2.93578, 0.439911, 66.215, 6.33558E-005, 79.518, 0.000335486, 61.434, 8.21531E-005, 172.947
2553, 42.54167, 0.747739, 6.559, 1.11326, -2.98129, 0.435986, 66.3686, 6.33315E-005, 79.4238, 0.000336028, 61.4092, 8.18959E-005, 173.295
2553, 42.55000, 0.747135, 6.447, 1.11426, -3.02644, 0.432078, 66.5258, 6.33074E-005, 79.33, 0.00033657, 61.3846, 8.16435E-005, 173.645
2554, 42.55833, 0.746536, 6.33538, 1.11526, -3.07124, 0.428187, 66.6866, 6.32835E-005, 79.2365, 0.000337112, 61.3603, 8.13958E-005, 173.997
2554, 42.56667, 0.745941, 6.22413, 1.11627, -3.1157, 0.424314, 66.8511, 6.32598E-005, 79.1433, 0.000337654, 61.3363, 8.1153E-005, 174.35
2555, 42.57500, 0.74535, 6.11329, 1.11728, -3.15981, 0.420457, 67.0194, 6.32363E-005, 79.0506, 0.000338196, 61.3125, 8.0915E-005, 174.706
2555, 42.58333, 0.744763, 6.00282, 1.11828, -3.20358, 0.416619, 67.1916, 6.3213E-005, 78.9581, 0.000338738, 61.2889, 8.06818E-005, 175.063
2556, 42.59167, 0.744179, 5.89271, 1.11929, -3.24702, 0.412797, 67.3677, 6.31899E-005, 78.8661, 0.00033928, 61.2656, 8.04533E-005, 175.422
2556, 42.60000, 0.7436, 5.78299, 1.1203, -3.29012, 0.408993, 67.5478, 6.3167E-005, 78.7743, 0.000339823, 61.2426, 8.02298E-005, 175.783
2557, 42.60833, 0.743025, 5.67364, 1.12131, -3.3329, 0.405207, 67.7321, 6.31443E-005, 78.6829, 0.000340366, 61.2198, 8.0011E-005, 176.145
2557, 42.61667, 0.742454, 5.56464, 1.12232, -3.37535, 0.401438, 67.9205, 6.31218E-005, 78.5918, 0.000340908, 61.1972, 7.97971E-005, 176.509
2558, 42.62500, 0.741887, 5.45603, 1.12333, -3.41747, 0.397687, 68.1132, 6.30995E-005, 78.5011, 0.000341451, 61.1749, 7.9588E-005, 176.875
2558, 42.63333, 0.741324, 5.34777, 1.12435, -3.45927, 0.393953, 68.3102, 6.30774E-005, 78.4107, 0.000341994, 61.1528, 7.93837E-005, 177.243
2559, 42.64167, 0.740765, 5.23986, 1.12536, -3.50076, 0.390237, 68.5117, 6.30555E-005, 78.3206, 0.000342537, 61.1309, 7.91843E-005, 177.612
2559, 42.65000, 0.74021, 5.13232, 1.12638, -3.54193, 0.38654, 68.7177, 6.30337E-005, 78.2309, 0.000343081, 61.1093, 7.89897E-005, 177.982
2560, 42.65833, 0.739658, 5.02513, 1.12739, -3.58279, 0.382861, 68.9283, 6.30122E-005, 78.1414, 0.000343624, 61.0879, 7.88E-005, 178.354
2560, 42.66667, 0.739111, 4.91827, 1.12841, -3.62334, 0.379199, 69.1437, 6.29909E-005, 78.0523, 0.000344168, 61.0667, 7.86151E-005, 178.727
2561, 42.67500, 0.738567, 4.81178, 1.12943, -3.66359, 0.375556, 69.3639, 6.29697E-005, 77.9635, 0.000344711, 61.0457, 7.84351E-005, 179.102
2561, 42.68333, 0.738027, 4.70563, 1.13045, -3.70353, 0.371932, 69.5889, 6.29487E-005, 77.875, 0.000345255, 61.025, 7.82599E-005, 179.478
2562, 42.69167, 0.737491, 4.59981, 1.13147, -3.74318, 0.368325, 69.8191, 6.2928E-005, 77.7868, 0.000345799, 61.0044, 7.80895E-005, 179.856
2562, 42.70000, 0.736958, 4.49434, 1.1325, -3.78253, 0.364738, 70.0543, 6.29074E-005, 77.6989, 0.000346343, 60.9841, 7.7924E-005, -179.766
2563, 42.70833, 0.73643, 4.38921, 1.13352, -3.82159, 0.361169, 70.2948, 6.2887E-005, 77.6113, 0.000346887, 60.964, 7.77634E-005, -179.386
2563, 42.71667, 0.735905, 4.2844, 1.13454, -3.86036, 0.357619, 70.5407, 6.28668E-005, 77.524, 0.000347432, 60.9441, 7.76076E-005, -179.005
2564, 42.72500, 0.735384, 4.17993, 1.13557, -3.89883, 0.354089, 70.792, 6.28468E-005, 77.437, 0.000347977, 60.9244, 7.74566E-005, -178.623
2564, 42.73333, 0.734866, 4.07579, 1.1366, -3.93703, 0.350578, 71.0489, 6.2827E-005, 77.3504, 0.000348521, 60.905, 7.73104E-005, -178.24
2564, 42.74167, 0.734352, 3.97196, 1.13762, -3.97494, 0.347086, 71.3115, 6.28073E-005, 77.2639, 0.000349066, 60.8857, 7.71691E-005, -177.855
2565, 42.75000, 0.733842, 3.86846, 1.13865, -4.01257, 0.343613, 71.5799, 6.27879E-005, 77.1778, 0.000349611, 60.8666, 7.70326E-005, -177.47
2566, 42.75833, 0.733336, 3.76529, 1.13968, -4.04993, 0.340161, 71.8544, 6.27686E-005, 77.092, 0.000350157, 60.8477, 7.69009E-005, -177.084
2566, 42.76667, 0.732833, 3.66242, 1.14071, -4.08701, 0.336728, 72.1349, 6.27495E-005, 77.0064, 0.000350702, 60.8291, 7.67741E-005, -176.697
2567, 42.77500, 0.732334, 3.55988, 1.14175, -4.12382, 0.333316, 72.4216, 6.27306E-005, 76.9212, 0.000351248, 60.8106, 7.6652E-005, -176.309
2567, 42.78333, 0.731838, 3.45765, 1.14278, -4.16036, 0.329924, 72.7147, 6.27119E-005, 76.8362, 0.000351794, 60.7923, 7.65348E-005, -175.921
2568, 42.79167, 0.731346, 3.35572, 1.14381, -4.19664, 0.326552, 73.0144, 6.26934E-005, 76.7514, 0.00035234, 60.7742, 7.64223E-005, -175.531
2568, 42.80000, 0.730857, 3.2541, 1.14485, -4.23266, 0.323202, 73.3206, 6.2675E-005, 76.667, 0.000352886, 60.7563, 7.63147E-005, -175.141
2568, 42.80833, 0.730372, 3.15279, 1.14589, -4.26841, 0.319872, 73.6337, 6.26568E-005, 76.5828, 0.000353432, 60.7385, 7.62118E-005, -174.751
2569, 42.81667, 0.729891, 3.05177, 1.14693, -4.30391, 0.316564, 73.9538, 6.26388E-005, 76.4989, 0.000353979, 60.721, 7.61136E-005, -174.36
2570, 42.82500, 0.729412, 2.95106, 1.14796, -4.33914, 0.313277, 74.2809, 6.2621E-005, 76.4152, 0.000354526, 60.7036, 7.60202E-005, -173.968
2570, 42.83333, 0.728938, 2.85065, 1.149, -4.37413, 0.310013, 74.6154, 6.26034E-005, 76.3318, 0.000355073, 60.6865, 7.59316E-005, -173.576
2571, 42.84167, 0.728467, 2.75052, 1.15005, -4.40887, 0.30677, 74.9573, 6.25859E-005, 76.2487, 0.00035562, 60.6695, 7.58477E-005, -173.183
2571, 42.85000, 0.727999, 2.6507, 1.15109, -4.44336, 0.30355, 75.3067, 6.25687E-005, 76.1658, 0.000356167, 60.6526, 7.57685E-005, -172.79
2572, 42.85833, 0.727535, 2.55116, 1.15213, -4.4776, 0.300353, 75.6639, 6.25515E-005, 76.0832, 0.000356715, 60.636, 7.56941E-005, -172.397
2572, 42.86667, 0.727074, 2.4519, 1.15318, -4.5116, 0.297178, 76.0292, 6.25346E-005, 76.0008, 0.000357263, 60.6195, 7.56243E-005, -172.004
2572, 42.87500, 0.726617, 2.35294, 1.15422, -4.54536, 0.294027, 76.4025, 6.25179E-005, 75.9187, 0.000357811, 60.6032, 7.55592E-005, -171.61
2573, 42.88333, 0.726162, 2.25426, 1.15527, -4.57887, 0.2909, 76.7841, 6.25013E-005, 75.8368, 0.000358359, 60.5871, 7.54988E-005, -171.216
2574, 42.89167, 0.725712, 2.15584, 1.15632, -4.61216, 0.287796, 77.1743, 6.24849E-005, 75.7551, 0.000358908, 60.5711, 7.5443E-005, -170.822
2574, 42.90000, 0.725264, 2.05772, 1.15737, -4.64521, 0.284718, 77.5731, 6.24686E-005, 75.6737, 0.000359456, 60.5553, 7.53919E-005, -170.428
2575, 42.90833, 0.72482, 1.95987, 1.15842, -4.67803, 0.281664, 77.9807, 6.24526E-005, 75.5926, 0.000360005, 60.5396, 7.53453E-005, -170.034
2575, 42.91667, 0.724379, 1.86228, 1.15947, -4.71062, 0.278635, 78.3975, 6.24367E-005, 75.5116, 0.000360554, 60.5241, 7.53034E-005, -169.64
2576, 42.92500, 0.723942, 1.76498, 1.16052, -4.74298, 0.275632, 78.8235, 6.24209E-005, 75.4309, 0.000361103, 60.5088, 7.52661E-005, -169.246
2576, 42.93333, 0.723507, 1.66794, 1.16157, -4.77512, 0.272656, 79.259, 6.24054E-005, 75.3504, 0.000361653, 60.4937, 7.52333E-005, -168.853
2576, 42.94167, 0.723076, 1.57116, 1.16263, -4.80704, 0.269705, 79.7043, 6.239E-005, 75.2702, 0.000362203, 60.4786, 7.5205E-005, -168.459
2577, 42.95000, 0.722648, 1.47465, 1.16369, -4.83873, 0.266782, 80.1593, 6.23748E-005, 75.1902, 0.000362753, 60.4638, 7.51813E-005, -168.066
2578, 42.95833, 0.722224, 1.37841, 1.16474, -4.87021, 0.263886, 80.6245, 6.23597E-005, 75.1104, 0.000363303, 60.4491, 7.51621E-005, -167.673
2578, 42.96667, 0.721802, 1.28241, 1.1658, -4.90148, 0.261018, 81.1, 6.23448E-005, 75.0308, 0.000363853, 60.4345, 7.51474E-005, -167.28
2579, 42.97500, 0.721384, 1.18668, 1.16686, -4.93253, 0.258179, 81.586, 6.23301E-005, 74.9515, 0.000364404, 60.4201, 7.51372E-005, -166.888
2579, 42.98333, 0.720969, 1.09121, 1.16792, -4.96336, 0.255369, 82.0828, 6.23156E-005, 74.8723, 0.000364955, 60.4059, 7.51313E-005, -166.497
2580, 42.99167, 0.720557, 0.995973, 1.16898, -4.99399, 0.252588, 82.5905, 6.23012E-005, 74.7934, 0.000365506, 60.3917, 7.51299E-005, -166.105
2580, 43.00000, 0.720148, 0.901002, 1.17004, -5.02441, 0.249837, 83.1094, 6.22869E-005, 74.7147, 0.000366057, 60.3778, 7.51329E-005, -165.715
2580, 43.00833, 0.719742, 0.806279, 1.17111, -5.05463, 0.247117, 83.6397, 6.22729E-005, 74.6362, 0.000366609, 60.3639, 7.51403E-005, -165.324
2581, 43.01667, 0.719339, 0.711792, 1.17217, -5.08464, 0.244429, 84.1817, 6.2259E-005, 74.5579, 0.000367161, 60.3503, 7.5152E-005, -164.935
2582, 43.02500, 0.71894, 0.617559, 1.17324, -5.11445, 0.241772, 84.7354, 6.22452E-005, 74.4798, 0.000367713, 60.3367, 7.51681E-005, -164.546
2582, 43.03333, 0.718543, 0.523569, 1.1743, -5.14407, 0.239149, 85.3013, 6.22316E-005, 74.4019, 0.000368265, 60.3233, 7.51884E-005, -164.158
2583, 43.04167, 0.71815, 0.429808, 1.17537, -5.17348, 0.236558, 85.8794, 6.22182E-005, 74.3242, 0.000368817, 60.31, 7.52131E-005, -163.771
2583, 43.05000, 0.717759, 0.336295, 1.17644, -5.2027, 0.234002, 86.47, 6.22049E-005, 74.2467, 0.00036937, 60.2969, 7.52419E-005, -163.384
2584, 43.05833, 0.717372, 0.243018, 1.17751, -5.23173, 0.23148, 87.0733, 6.21918E-005, 74.1694, 0.000369923, 60.2839, 7.5275E-005, -162.999
2584, 43.06667, 0.716987, 0.149964, 1.17858, -5.26057, 0.228993, 87.6896, 6.21789E-005, 74.0923, 0.000370476, 60.271, 7.53123E-005, -162.614
2584, 43.07500, 0.716606, 0.0571523, 1.17966, -5.28922, 0.226543, 88.3189, 6.21661E-005, 74.0154, 0.00037103, 60.2583, 7.53537E-005, -162.23
2585, 43.08333, 0.716227, -0.0354296, 1.18073, -5.31767, 0.22413, 88.9615, 6.21535E-005, 73.9387, 0.000371584, 60.2456, 7.53993E-005, -161.848
2586, 43.09167, 0.715851, -0.127795, 1.1818, -5.34595, 0.221755, 89.6178, 6.2141E-005, 73.8621, 0.000372138, 60.2331, 7.5449E-005, -161.466
2586, 43.10000, 0.715478, -0.219924, 1.18288, -5.37404, 0.219418, 90.2876, 6.21287E-005, 73.7858, 0.000372692, 60.2208, 7.55028E-005, -161.085
2587, 43.10833, 0.715109, -0.311829, 1.18396, -5.40195, 0.217121, 90.9713, 6.21165E-005, 73.7096, 0.000373246, 60.2085, 7.55607E-005, -160.706
2587, 43.11667, 0.714742, -0.403524, 1.18503, -5.42968, 0.214863, 91.669, 6.21045E-005, 73.6336, 0.000373801, 60.1964, 7.56225E-005, -160.327
2588, 43.12500, 0.714378, -0.494988, 1.18611, -5.45723, 0.212647, 92.3809, 6.20926E-005, 73.5578, 0.000374356, 60.1844, 7.56884E-005, -159.95
2588, 43.13333, 0.714016, -0.586234, 1.18719, -5.48461, 0.210473, 93.107, 6.20809E-005, 73.4822, 0.000374911, 60.1725, 7.57582E-005, -159.574
2588, 43.14167, 0.713658, -0.677276, 1.18827, -5.51181, 0.208342, 93.8477, 6.20693E-005, 73.4067, 0.000375467, 60.1608, 7.5832E-005, -159.199
2589, 43.15000, 0.713302, -0.768092, 1.18935, -5.53884, 0.206254, 94.6029, 6.20579E-005, 73.3315, 0.000376022, 60.1491, 7.59097E-005, -158.826
2590, 43.15833, 0.71295, -0.858697, 1.19044, -5.56569, 0.204212, 95.3726, 6.20466E-005, 73.2564, 0.000376578, 60.1376, 7.59912E-005, -158.453
2590, 43.16667, 0.7126, -0.949103, 1.19152, -5.59238, 0.202215, 96.1571, 6.20355E-005, 73.1814, 0.000377135, 60.1262, 7.60766E-005, -158.083
2591, 43.17500, 0.712252, -1.03929, 1.19261, -5.6189, 0.200264, 96.9563, 6.20246E-005, 73.1066, 0.000377691, 60.1149, 7.61658E-005, -157.713
2591, 43.18333, 0.711908, -1.12927, 1.19369, -5.64526, 0.198362, 97.7702, 6.20137E-005, 73.032, 0.000378248, 60.1037, 7.62588E-005, -157.345
2592, 43.19167, 0.711566, -1.21906, 1.19478, -5.67145, 0.196507, 98.599, 6.20031E-005, 72.9576, 0.000378805, 60.0926, 7.63556E-005, -156.979
2592, 43.20000, 0.711227, -1.30863, 1.19587, -5.69748, 0.194703, 99.4425, 6.19925E-005, 72.8833, 0.000379362, 60.0816, 7.64561E-005, -156.614
2592, 43.20833, 0.710891, -1.398, 1.19696, -5.72335, 0.192949, 100.301, 6.19821E-005, 72.8092, 0.000379919, 60.0708, 7.65602E-005, -156.25
2593, 43.21667, 0.710557, -1.48719, 1.19805, -5.74906, 0.191246, 101.173, 6.19719E-005, 72.7352, 0.000380477, 60.06, 7.6668E-005, -155.888
2594, 43.22500, 0.710227, -1.57617, 1.19914, -5.77461, 0.189596, 102.061, 6.19618E-005, 72.6614, 0.000381035, 60.0494, 7.67795E-005, -155.527
2594, 43.23333, 0.709898, -1.66495, 1.20023, -5.8, 0.187999, 102.962, 6.19518E-005, 72.5878, 0.000381593, 60.0388, 7.68945E-005, -155.169
2595, 43.24167, 0.709573, -1.75355, 1.20132, -5.82525, 0.186456, 103.878, 6.1942E-005, 72.5143, 0.000382152, 60.0284, 7.70131E-005, -154.811
2595, 43.25000, 0.70925, -1.84195, 1.20242, -5.85034, 0.18497, 104.807, 6.19324E-005, 72.4409, 0.000382711, 60.018, 7.71352E-005, -154.456
2596, 43.25833, 0.70893, -1.93015, 1.20351, -5.87527, 0.183539, 105.751, 6.19228E-005, 72.3677, 0.00038327, 60.0078, 7.72609E-005, -154.102
2596, 43.26667, 0.708612, -2.01818, 1.20461, -5.90007, 0.182166, 106.707, 6.19134E-005, 72.2946, 0.000383829, 59.9976, 7.739E-005, -153.749
2596, 43.27500, 0.708297, -2.10602, 1.2057, -5.92471, 0.18085, 107.677, 6.19042E-005, 72.2217, 0.000384389, 59.9876, 7.75225E-005, -153.399
2597, 43.28333, 0.707984, -2.19366, 1.2068, -5.9492, 0.179594, 108.659, 6.18951E-005, 72.149, 0.000384949, 59.9776, 7.76584E-005, -153.05
2598, 43.29167, 0.707675, -2.28114, 1.2079, -5.97355, 0.178398, 109.654, 6.18861E-005, 72.0763, 0.000385509, 59.9678, 7.77977E-005, -152.703
2598, 43.30000, 0.707367, -2.36842, 1.209, -5.99776, 0.177262, 110.66, 6.18772E-005, 72.0039, 0.000386069, 59.958, 7.79403E-005, -152.357
2599, 43.30833, 0.707062, -2.45553, 1.2101, -6.02182, 0.176188, 111.678, 6.18685E-005, 71.9315, 0.00038663, 59.9483, 7.80862E-005, -152.014
2599, 43.31667, 0.70676, -2.54247, 1.2112, -6.04575, 0.175176, 112.707, 6.186E-005, 71.8593, 0.000387191, 59.9388, 7.82353E-005, -151.672
2600, 43.32500, 0.70646, -2.62922, 1.21231, -6.06953, 0.174227, 113.745, 6.18515E-005, 71.7872, 0.000387752, 59.9293, 7.83877E-005, -151.332
2600, 43.33333, 0.706163, -2.7158, 1.21341, -6.09318, 0.173342, 114.793, 6.18432E-005, 71.7153, 0.000388313, 59.9199, 7.85434E-005, -150.994
2600, 43.34167, 0.705868, -2.80221, 1.21452, -6.11669, 0.17252, 115.85, 6.1835E-005, 71.6435, 0.000388875, 59.9106, 7.87021E-005, -150.658
2601, 43.35000, 0.705576, -2.88844, 1.21562, -6.14007, 0.171764, 116.915, 6.1827E-005, 71.5718, 0.000389437, 59.9014, 7.8864E-005, -150.323
2602, 43.35833, 0.705286, -2.97451, 1.21673, -6.16331, 0.171072, 117.988, 6.18191E-005, 71.5002, 0.000389999, 59.8922, 7.90291E-005, -149.991
2602, 43.36667, 0.704998, -3.06041, 1.21784, -6.18643, 0.170447, 119.068, 6.18113E-005, 71.4288, 0.000390561, 59.8832, 7.91971E-005, -149.66
2603, 43.37500, 0.704713, -3.14614, 1.21895, -6.20941, 0.169887, 120.153, 6.18037E-005, 71.3575, 0.000391124, 59.8742, 7.93683E-005, -149.331
2603, 43.38333, 0.70443, -3.23171, 1.22005, -6.23226, 0.169393, 121.243, 6.17961E-005, 71.2863, 0.000391687, 59.8653, 7.95424E-005, -149.004
2604, 43.39167, 0.70415, -3.31712, 1.22117, -6.25499, 0.168966, 122.338, 6.17888E-005, 71.2152, 0.00039225, 59.8565, 7.97195E-005, -148.679
2604, 43.40000, 0.703872, -3.40236, 1.22228, -6.27759, 0.168605, 123.437, 6.17815E-005, 71.1443, 0.000392814, 59.8478, 7.98995E-005, -148.356
2604, 43.40833, 0.703597, -3.48744, 1.22339, -6.30006, 0.168311, 124.537, 6.17744E-005, 71.0735, 0.000393377, 59.8392, 8.00825E-005, -148.035
2605, 43.41667, 0.703323, -3.57237, 1.2245, -6.32241, 0.168084, 125.64, 6.17674E-005, 71.0027, 0.000393941, 59.8306, 8.02683E-005, -147.716
2606, 43.42500, 0.703053, -3.65714, 1.22562, -6.34464, 0.167923, 126.743, 6.17605E-005, 70.9322, 0.000394506, 59.8221, 8.0457E-005, -147.399
2606, 43.43333, 0.702784, -3.74175, 1.22673, -6.36674, 0.167829, 127.846, 6.17537E-005, 70.8617, 0.00039507, 59.8137, 8.06485E-005, -147.083
2607, 43.44167, 0.702518, -3.82622, 1.22785, -6.38873, 0.167801, 128.949, 6.17471E-005, 70.7913, 0.000395635, 59.8054, 8.08427E-005, -146.77
2607, 43.45000, 0.702254, -3.91052, 1.22896, -6.4106, 0.167839, 130.049, 6.17406E-005, 70.721, 0.0003962, 59.7972, 8.10397E-005, -146.459
2608, 43.45833, 0.701992, -3.99468, 1.23008, -6.43235, 0.167942, 131.147, 6.17342E-005, 70.6509, 0.000396765, 59.789, 8.12395E-005, -146.149
2608, 43.46667, 0.701733, -4.07869, 1.2312, -6.45399, 0.16811, 132.241, 6.17279E-005, 70.5808, 0.000397331, 59.7809, 8.14419E-005, -145.842
2608, 43.47500, 0.701476, -4.16255, 1.23232, -6.47551, 0.168343, 133.331, 6.17218E-005, 70.5109, 0.000397897, 59.7729, 8.1647E-005, -145.536
2609, 43.48333, 0.701221, -4.24626, 1.23344, -6.49691, 0.16864, 134.415, 6.17158E-005, 70.4411, 0.000398463, 59.7649, 8.18547E-005, -145.233
2610, 43.49167, 0.700968, -4.32984, 1.23456, -6.51821, 0.169, 135.494, 6.17099E-005, 70.3713, 0.000399029, 59.757, 8.2065E-005, -144.931
2610, 43.50000, 0.700718, -4.41327, 1.23568, -6.53939, 0.169423, 136.566, 6.17041E-005, 70.3017, 0.000399596, 59.7492, 8.22779E-005, -144.632
2611, 43.50833, 0.700469, -4.49655, 1.23681, -6.56046, 0.169907, 137.63, 6.16984E-005, 70.2322, 0.000400163, 59.7415, 8.24933E-005, -144.334
2611, 43.51667, 0.700223, -4.5797, 1.23793, -6.58143, 0.170453, 138.686, 6.16929E-005, 70.1627, 0.00040073, 59.7338, 8.27112E-005, -144.039
2612, 43.52500, 0.699979, -4.66271, 1.23906, -6.60229, 0.171059, 139.733, 6.16874E-005, 70.0934, 0.000401298, 59.7262, 8.29316E-005, -143.745
2612, 43.53333, 0.699738, -4.74557, 1.24018, -6.62304, 0.171723, 140.77, 6.16821E-005, 70.0241, 0.000401865, 59.7186, 8.31544E-005, -143.454
2612, 43.54167, 0.699498, -4.82831, 1.24131, -6.64368, 0.172446, 141.797, 6.16769E-005, 69.955, 0.000402433, 59.7111, 8.33797E-005, -143.164
2613, 43.55000, 0.699261, -4.91091, 1.24243, -6.66422, 0.173226, 142.814, 6.16718E-005, 69.8859, 0.000403001, 59.7037, 8.36074E-005, -142.877
2614, 43.55833, 0.699025, -4.99337, 1.24356, -6.68466, 0.174062, 143.819, 6.16668E-005, 69.817, 0.00040357, 59.6964, 8.38374E-005, -142.591
2614, 43.56667, 0.698792, -5.07572, 1.24469, -6.705, 0.174954, 144.813, 6.1662E-005, 69.7481, 0.000404139, 59.6891, 8.40697E-005, -142.307
2615, 43.57500, 0.698561, -5.15792, 1.24582, -6.72523, 0.175899, 145.794, 6.16572E-005, 69.6793, 0.000404707, 59.6818, 8.43044E-005, -142.025
2615, 43.58333, 0.698332, -5.23999, 1.24695, -6.74537, 0.176897, 146.763, 6.16526E-005, 69.6106, 0.000405277, 59.6747, 8.45413E-005, -141.746
2616, 43.59167, 0.698105, -5.32195, 1.24808, -6.76541, 0.177946, 147.719, 6.16481E-005, 69.542, 0.000405846, 59.6676, 8.47805E-005, -141.468
2616, 43.60000, 0.69788, -5.40377, 1.24921, -6.78534, 0.179047, 148.662, 6.16437E-005, 69.4734, 0.000406416, 59.6605, 8.50218E-005, -141.192
2616, 43.60833, 0.697657, -5.48546, 1.25035, -6.80519, 0.180196, 149.591, 6.16394E-005, 69.405, 0.000406986, 59.6535, 8.52654E-005, -140.918
2617, 43.61667, 0.697436, -5.56704, 1.25148, -6.82494, 0.181394, 150.507, 6.16352E-005, 69.3366, 0.000407556, 59.6466, 8.55112E-005, -140.646
2618, 43.62500, 0.697217, -5.64849, 1.25261, -6.84459, 0.182638, 151.409, 6.16311E-005, 69.2683, 0.000408127, 59.6397, 8.57591E-005, -140.376
2618, 43.63333, 0.697001, -5.72982, 1.25375, -6.86415, 0.183928, 152.296, 6.16271E-005, 69.2001, 0.000408697, 59.6329, 8.60091E-005, -140.108
2619, 43.64167, 0.696786, -5.81104, 1.25488, -6.88362, 0.185263, 153.17, 6.16232E-005, 69.132, 0.000409268, 59.6262, 8.62612E-005, -139.842
2619, 43.65000, 0.696573, -5.89213, 1.25602, -6.90299, 0.186641, 154.029, 6.16195E-005, 69.0639, 0.00040984, 59.6195, 8.65153E-005, -139.578
2620, 43.65833, 0.696362, -5.9731, 1.25716, -6.92228, 0.188062, 154.874, 6.16158E-005, 68.9959, 0.000410411, 59.6128, 8.67715E-005, -139.316
2620, 43.66667, 0.696153, -6.05397, 1.2583, -6.94147, 0.189523, 155.704, 6.16123E-005, 68.928, 0.000410983, 59.6062, 8.70298E-005, -139.055
2620, 43.67500, 0.695946, -6.13471, 1.25944, -6.96058, 0.191025, 156.52, 6.16088E-005, 68.8601, 0.000411555, 59.5997, 8.729E-005, -138.797
2621, 43.68333, 0.695741, -6.21535, 1.26057, -6.9796, 0.192565, 157.321, 6.16055E-005, 68.7924, 0.000412127, 59.5932, 8.75521E-005, -138.54
2622, 43.69167, 0.695538, -6.29588, 1.26172, -6.99854, 0.194142, 158.109, 6.16022E-005, 68.7247, 0.0004127, 59.5867, 8.78162E-005, -138.285
2622, 43.70000, 0.695337, -6.37628, 1.26286, -7.01739, 0.195757, 158.881, 6.15991E-005, 68.657, 0.000413273, 59.5803, 8.80822E-005, -138.033
2623, 43.70833, 0.695137, -6.45658, 1.264, -7.03615, 0.197406, 159.64, 6.1596E-005, 68.5895, 0.000413845, 59.574, 8.83501E-005, -137.782
2623, 43.71667, 0.69494, -6.53679, 1.26514, -7.05483, 0.19909, 160.384, 6.15931E-005, 68.522, 0.000414419, 59.5677, 8.86199E-005, -137.533
2624, 43.72500, 0.694744, -6.61687, 1.26628, -7.07343, 0.200807, 161.115, 6.15902E-005, 68.4545, 0.000414992, 59.5615, 8.88915E-005, -137.285
2624, 43.73333, 0.69455, -6.69685, 1.26743, -7.09194, 0.202557, 161.831, 6.15875E-005, 68.3871, 0.000415566, 59.5553, 8.91649E-005, -137.04
2624, 43.74167, 0.694358, -6.77674, 1.26857, -7.11038, 0.204338, 162.534, 6.15849E-005, 68.3198, 0.00041614, 59.5491, 8.94401E-005, -136.796
2625, 43.75000, 0.694168, -6.85651, 1.26972, -7.12874, 0.206149, 163.223, 6.15823E-005, 68.2526, 0.000416714, 59.543, 8.97171E-005, -136.555
2626, 43.75833, 0.69398, -6.93618, 1.27086, -7.14701, 0.207989, 163.898, 6.15799E-005, 68.1854, 0.000417289, 59.537, 8.99958E-005, -136.315
2626, 43.76667, 0.693794, -7.01576, 1.27201, -7.16521, 0.209858, 164.561, 6.15775E-005, 68.1182, 0.000417863, 59.531, 9.02763E-005, -136.076
2627, 43.77500, 0.693609, -7.09524, 1.27316, -7.18333, 0.211754, 165.21, 6.15752E-005, 68.0512, 0.000418438, 59.525, 9.05585E-005, -135.84
2627, 43.78333, 0.693426, -7.17461, 1.2743, -7.20138, 0.213676, 165.847, 6.15731E-005, 67.9841, 0.000419014, 59.5191, 9.08424E-005, -135.605
2628, 43.79167, 0.693245, -7.2539, 1.27545, -7.21935, 0.215625, 166.471, 6.1571E-005, 67.9172, 0.000419589, 59.5132, 9.11279E-005, -135.373
2628, 43.80000, 0.693066, -7.33308, 1.2766, -7.23724, 0.217598, 167.082, 6.1569E-005, 67.8503, 0.000420165, 59.5074, 9.14151E-005, -135.142
2628, 43.80833, 0.692888, -7.41216, 1.27775, -7.25506, 0.219595, 167.681, 6.15671E-005, 67.7834, 0.000420741, 59.5016, 9.17038E-005, -134.912
2629, 43.81667, 0.692712, -7.49116, 1.2789, -7.27281, 0.221615, 168.268, 6.15653E-005, 67.7166, 0.000421317, 59.4958, 9.19943E-005, -134.685
2630, 43.82500, 0.692538, -7.57006, 1.28005, -7.29049, 0.223658, 168.843, 6.15636E-005, 67.6498, 0.000421893, 59.4901, 9.22862E-005, -134.459
2630, 43.83333, 0.692366, -7.64887, 1.2812, -7.30809, 0.225723, 169.407, 6.1562E-005, 67.5831, 0.00042247, 59.4845, 9.25798E-005, -134.235
2631, 43.84167, 0.692195, -7.7276, 1.28235, -7.32563, 0.227808, 169.959, 6.15605E-005, 67.5164, 0.000423047, 59.4788, 9.28749E-005, -134.012
2631, 43.85000, 0.692026, -7.80623, 1.28351, -7.34309, 0.229914, 170.5, 6.15591E-005, 67.4498, 0.000423624, 59.4732, 9.31715E-005, -133.792
2632, 43.85833, 0.691858, -7.88477, 1.28466, -7.36049, 0.232039, 171.03, 6.15577E-005, 67.3832, 0.000424201, 59.4677, 9.34696E-005, -133.573
2632, 43.86667, 0.691693, -7.96324, 1.28581, -7.37782, 0.234184, 171.55, 6.15565E-005, 67.3167, 0.000424779, 59.4622, 9.37692E-005, -133.355
2633, 43.87500, 0.691529, -8.04161, 1.28697, -7.39507, 0.236346, 172.059, 6.15553E-005, 67.2502, 0.000425356, 59.4567, 9.40702E-005, -133.139
2633, 43.88333, 0.691366, -8.11989, 1.28812, -7.41227, 0.238526, 172.557, 6.15542E-005, 67.1838, 0.000425934, 59.4513, 9.43727E-005, -132.925
2634, 43.89167, 0.691205, -8.19811, 1.28928, -7.4294, 0.240724, 173.046, 6.15532E-005, 67.1174, 0.000426513, 59.4459, 9.46767E-005, -132.713
2634, 43.90000, 0.691046, -8.27623, 1.29043, -7.44646, 0.242937, 173.525, 6.15523E-005, 67.051, 0.000427091, 59.4405, 9.4982E-005, -132.502
2635, 43.90833, 0.690889, -8.35427, 1.29159, -7.46346, 0.245167, 173.994, 6.15515E-005, 66.9847, 0.00042767, 59.4352, 9.52888E-005, -132.293
2635, 43.91667, 0.690733, -8.43223, 1.29275, -7.48039, 0.247412, 174.453, 6.15507E-005, 66.9184, 0.000428249, 59.4299, 9.55969E-005, -132.085
2636, 43.92500, 0.690578, -8.51011, 1.29391, -7.49726, 0.249672, 174.904, 6.15501E-005, 66.8522, 0.000428828, 59.4246, 9.59064E-005, -131.879
2636, 43.93333, 0.690426, -8.58791, 1.29506, -7.51407, 0.251946, 175.345, 6.15495E-005, 66.7859, 0.000429407, 59.4194, 9.62172E-005, -131.675
2637, 43.94167, 0.690274, -8.66565, 1.29622, -7.53082, 0.254234, 175.778, 6.1549E-005, 66.7198, 0.000429987, 59.4142, 9.65294E-005, -131.472
2637, 43.95000, 0.690125, -8.7433, 1.29738, -7.54751, 0.256536, 176.202, 6.15485E-005, 66.6536, 0.000430566, 59.409, 9.68428E-005, -131.271
2638, 43.95833, 0.689976, -8.82087, 1.29854, -7.56413, 0.25885, 176.617, 6.15482E-005, 66.5875, 0.000431146, 59.4039, 9.71576E-005, -131.071
2638, 43.96667, 0.68983, -8.89838, 1.2997, -7.5807, 0.261177, 177.025, 6.15479E-005, 66.5214, 0.000431727, 59.3988, 9.74736E-005, -130.873
2639, 43.97500, 0.689685, -8.97581, 1.30086, -7.59721, 0.263516, 177.424, 6.15478E-005, 66.4554, 0.000432307, 59.3937, 9.77909E-005, -130.676
2639, 43.98333, 0.689541, -9.05316, 1.30202, -7.61366, 0.265867, 177.815, 6.15477E-005, 66.3894, 0.000432888, 59.3887, 9.81094E-005, -130.481
2640, 43.99167, 0.689399, -9.13046, 1.30319, -7.63006, 0.268229, 178.199, 6.15476E-005, 66.3234, 0.000433469, 59.3837, 9.84292E-005, -130.287
2640, 44.00000, 0.689258, -9.20767, 1.30435, -7.6464, 0.270601, 178.575, 6.15477E-005, 66.2574, 0.00043405, 59.3787, 9.87502E-005, -130.095
2641, 44.00833, 0.689119, -9.28482, 1.30551, -7.66268, 0.272985, 178.944, 6.15478E-005, 66.1915, 0.000434631, 59.3738, 9.90724E-005, -129.904
2641, 44.01667, 0.688981, -9.36191, 1.30667, -7.67891, 0.275378, 179.306, 6.1548E-005, 66.1255, 0.000435212, 59.3688, 9.93958E-005, -129.715
2642, 44.02500, 0.688845, -9.43892, 1.30784, -7.69508, 0.277781, 179.661, 6.15483E-005, 66.0597, 0.000435794, 59.364, 9.97204E-005, -129.527
2642, 44.03333, 0.68871, -9.51586, 1.309, -7.7112, 0.280194, -179.991, 6.15486E-005, 65.9938, 0.000436376, 59.3591, 0.000100046, -129.34
2643, 44.04167, 0.688577, -9.59275, 1.31017, -7.72726, 0.282616, -179.65, 6.1549E-005, 65.928, 0.000436958, 59.3543, 0.000100373, -129.155
2643, 44.05000, 0.688445, -9.66957, 1.31133, -7.74327, 0.285047, -179.315, 6.15495E-005, 65.8621, 0.00043754, 59.3494, 0.000100701, -128.972
2644, 44.05833, 0.688314, -9.74632, 1.31249, -7.75923, 0.287486, -178.987, 6.15501E-005, 65.7963, 0.000438123, 59.3447, 0.00010103, -128.789
2644, 44.06667, 0.688185, -9.82302, 1.31366, -7.77514, 0.289934, -178.664, 6.15507E-005, 65.7306, 0.000438706, 59.3399, 0.00010136, -128.609
2645, 44.07500, 0.688057, -9.89966, 1.31483, -7.791, 0.292389, -178.348, 6.15514E-005, 65.6648, 0.000439289, 59.3352, 0.000101692, -128.429
2645, 44.08333, 0.687931, -9.97623, 1.31599, -7.80681, 0.294853, -178.038, 6.15522E-005, 65.5991, 0.000439872, 59.3305, 0.000102024, -128.251
2646, 44.09167, 0.687806, -10.0527, 1.31716, -7.82257, 0.297324, -177.733, 6.1553E-005, 65.5333, 0.000440455, 59.3258, 0.000102357, -128.074
2646, 44.10000, 0.687682, -10.1292, 1.31833, -7.83827, 0.299801, -177.435, 6.15539E-005, 65.4676, 0.000441038, 59.3211, 0.000102692, -127.899
2647, 44.10833, 0.68756, -10.2056, 1.31949, -7.85393, 0.302286, -177.141, 6.15549E-005, 65.4019, 0.000441622, 59.3165, 0.000103027, -127.725
2647, 44.11667, 0.687439, -10.2819, 1.32066, -7.86955, 0.304778, -176.854, 6.15559E-005, 65.3363, 0.000442206, 59.3119, 0.000103364, -127.552
2648, 44.12500, 0.687319, -10.3582, 1.32183, -7.88511, 0.307276, -176.571, 6.1557E-005, 65.2706, 0.00044279, 59.3073, 0.000103702, -127.381
2648, 44.13333, 0.6872, -10.4345, 1.323, -7.90063, 0.309781, -176.294, 6.15582E-005, 65.205, 0.000443374, 59.3028, 0.00010404, -127.211
2649, 44.14167, 0.687083, -10.5106, 1.32417, -7.9161, 0.312292, -176.021, 6.15594E-005, 65.1393, 0.000443959, 59.2982, 0.00010438, -127.042
2649, 44.15000, 0.686967, -10.5868, 1.32534, -7.93153, 0.314808, -175.754, 6.15607E-005, 65.0737, 0.000444543, 59.2937, 0.00010472, -126.875
2650, 44.15833, 0.686853, -10.6628, 1.32651, -7.94691, 0.31733, -175.491, 6.15621E-005, 65.0081, 0.000445128, 59.2892, 0.000105062, -126.708
2650, 44.16667, 0.686739, -10.7389, 1.32768, -7.96224, 0.319858, -175.233, 6.15635E-005, 64.9425, 0.000445713, 59.2848, 0.000105404, -126.543
2651, 44.17500, 0.686627, -10.8148, 1.32885, -7.97753, 0.322391, -174.979, 6.1565E-005, 64.8769, 0.000446299, 59.2803, 0.000105748, -126.379
2651, 44.18333, 0.686517, -10.8908, 1.33002, -7.99278, 0.324929, -174.731, 6.15666E-005, 64.8113, 0.000446884, 59.2759, 0.000106092, -126.217
2652, 44.19167, 0.686407, -10.9666, 1.33119, -8.00799, 0.327473, -174.486, 6.15682E-005, 64.7457, 0.00044747, 59.2715, 0.000106437, -126.056
2652, 44.20000, 0.686299, -11.0425, 1.33236, -8.02315, 0.33002, -174.246, 6.15698E-005, 64.6801, 0.000448055, 59.2671, 0.000106784, -125.895
2653, 44.20833, 0.686191, -11.1183, 1.33353, -8.03827, 0.332573, -174.01, 6.15716E-005, 64.6145, 0.000448641, 59.2627, 0.000107131, -125.737
2653, 44.21667, 0.686085, -11.194, 1.3347, -8.05335, 0.33513, -173.778, 6.15733E-005, 64.549, 0.000449227, 59.2583, 0.000107479, -125.579
2654, 44.22500, 0.685981, -11.2697, 1.33587, -8.06839, 0.337692, -173.55, 6.15752E-005, 64.4834, 0.000449813, 59.254, 0.000107828, -125.422
2654, 44.23333, 0.685877, -11.3453, 1.33704, -8.08339, 0.340258, -173.326, 6.15771E-005, 64.4178, 0.0004504, 59.2497, 0.000108178, -125.267
2655, 44.24167, 0.685775, -11.4209, 1.33822, -8.09835, 0.342828, -173.105, 6.1579E-005, 64.3523, 0.000450986, 59.2454, 0.000108528, -125.113
2655, 44.25000, 0.685673, -11.4965, 1.33939, -8.11327, 0.345402, -172.889, 6.1581E-005, 64.2867, 0.000451573, 59.2411, 0.00010888, -124.96
2656, 44.25833, 0.685573, -11.572, 1.34056, -8.12814, 0.347979, -172.676, 6.15831E-005, 64.2211, 0.00045216, 59.2369, 0.000109232, -124.808
2656, 44.26667, 0.685474, -11.6475, 1.34173, -8.14299, 0.350561, -172.467, 6.15852E-005, 64.1556, 0.000452747, 59.2326, 0.000109585, -124.657
2657, 44.27500, 0.685376, -11.7229, 1.34291, -8.15779, 0.353146, -172.261, 6.15874E-005, 64.09, 0.000453335, 59.2284, 0.000109939, -124.507
2657, 44.28333, 0.68528, -11.7983, 1.34408, -8.17255, 0.355734, -172.059, 6.15896E-005, 64.0244, 0.000453922, 59.2242, 0.000110294, -124.359
2658, 44.29167, 0.685184, -11.8737, 1.34525, -8.18728, 0.358327, -171.86, 6.15919E-005, 63.9589, 0.00045451, 59.22, 0.00011065, -124.211
2658, 44.30000, 0.68509, -11.949, 1.34643, -8.20197, 0.360922, -171.664, 6.15942E-005, 63.8933, 0.000455097, 59.2158, 0.000111006, -124.065
2659, 44.30833, 0.684996, -12.0243, 1.3476, -8.21662, 0.36352, -171.471, 6.15966E-005, 63.8277, 0.000455685, 59.2116, 0.000111364, -123.919
2659, 44.31667, 0.684904, -12.0996, 1.34878, -8.23124, 0.366122, -171.282, 6.1599E-005, 63.7621, 0.000456273, 59.2075, 0.000111722, -123.775
2660, 44.32500, 0.684812, -12.1748, 1.34995, -8.24582, 0.368726, -171.096, 6.16014E-005, 63.6965, 0.000456861, 59.2034, 0.000112081, -123.632
2660, 44.33333, 0.684722, -12.25, 1.35112, -8.26037, 0.371333, -170.913, 6.1604E-005, 63.631, 0.00045745, 59.1993, 0.00011244, -123.49
2661, 44.34167, 0.684633, -12.3251, 1.3523, -8.27489, 0.373943, -170.732, 6.16065E-005, 63.5653, 0.000458038, 59.1951, 0.000112801, -123.349
2661, 44.35000, 0.684545, -12.4002, 1.35347, -8.28936, 0.376556, -170.555, 6.16091E-005, 63.4997, 0.000458627, 59.1911, 0.000113162, -123.208
2662, 44.35833, 0.684458, -12.4753, 1.35465, -8.30381, 0.379172, -170.38, 6.16118E-005, 63.4341, 0.000459216, 59.187, 0.000113524, -123.069
2662, 44.36667, 0.684371, -12.5504, 1.35582, -8.31822, 0.38179, -170.208, 6.16145E-005, 63.3685, 0.000459805, 59.1829, 0.000113886, -122.931
2663, 44.37500, 0.684286, -12.6254, 1.357, -8.3326, 0.38441, -170.039, 6.16172E-005, 63.3028, 0.000460394, 59.1789, 0.00011425, -122.794
2663, 44.38333, 0.684202, -12.7004, 1.35817, -8.34694, 0.387033, -169.873, 6.162E-005, 63.2372, 0.000460983, 59.1748, 0.000114614, -122.658
2664, 44.39167, 0.684119, -12.7753, 1.35935, -8.36126, 0.389658, -169.709, 6.16229E-005, 63.1715, 0.000461572, 59.1708, 0.000114979, -122.523
2664, 44.40000, 0.684037, -12.8503, 1.36052, -8.37554, 0.392286, -169.547, 6.16257E-005, 63.1058, 0.000462162, 59.1668, 0.000115344, -122.389
2665, 44.40833, 0.683956, -12.9252, 1.3617, -8.38979, 0.394915, -169.388, 6.16287E-005, 63.0402, 0.000462751, 59.1628, 0.000115711, -122.256
2665, 44.41667, 0.683875, -13.0001, 1.36287, -8.40401, 0.397547, -169.232, 6.16316E-005, 62.9744, 0.000463341, 59.1588, 0.000116078, -122.124
2666, 44.42500, 0.683796, -13.0749, 1.36405, -8.4182, 0.400181, -169.078, 6.16346E-005, 62.9087, 0.000463931, 59.1549, 0.000116445, -121.993
2666, 44.43333, 0.683718, -13.1497, 1.36522, -8.43235, 0.402817, -168.926, 6.16377E-005, 62.843, 0.000464521, 59.1509, 0.000116814, -121.862
2667, 44.44167, 0.68364, -13.2245, 1.3664, -8.44648, 0.405455, -168.777, 6.16407E-005, 62.7772, 0.000465111, 59.147, 0.000117183, -121.733
2667, 44.45000, 0.683563, -13.2993, 1.36758, -8.46058, 0.408094, -168.63, 6.16439E-005, 62.7115, 0.000465701, 59.143, 0.000117552, -121.604
2668, 44.45833, 0.683488, -13.3741, 1.36875, -8.47465, 0.410736, -168.485, 6.1647E-005, 62.6457, 0.000466292, 59.1391, 0.000117923, -121.477
2668, 44.46667, 0.683413, -13.4488, 1.36993, -8.48869, 0.413379, -168.342, 6.16502E-005, 62.5799, 0.000466882, 59.1352, 0.000118294, -121.35
2669, 44.47500, 0.683339, -13.5235, 1.3711, -8.5027, 0.416024, -168.201, 6.16534E-005, 62.5141, 0.000467473, 59.1313, 0.000118666, -121.225
2669, 44.48333, 0.683266, -13.5982, 1.37228, -8.51668, 0.418671, -168.063, 6.16567E-005, 62.4482, 0.000468064, 59.1274, 0.000119038, -121.1
2670, 44.49167, 0.683194, -13.6729, 1.37345, -8.53064, 0.421319, -167.926, 6.166E-005, 62.3824, 0.000468655, 59.1235, 0.000119411, -120.976
2670, 44.50000, 0.683123, -13.7475, 1.37463, -8.54457, 0.423969, -167.792, 6.16633E-005, 62.3165, 0.000469246, 59.1196, 0.000119785, -120.853
2671, 44.50833, 0.683052, -13.8221, 1.3758, -8.55847, 0.426621, -167.659, 6.16667E-005, 62.2506, 0.000469837, 59.1158, 0.000120159, -120.73
2671, 44.51667, 0.682983, -13.8967, 1.37698, -8.57234, 0.429274, -167.529, 6.16701E-005, 62.1847, 0.000470428, 59.1119, 0.000120534, -120.609
2672, 44.52500, 0.682914, -13.9713, 1.37816, -8.58618, 0.431928, -167.4, 6.16735E-005, 62.1187, 0.000471019, 59.1081, 0.000120909, -120.489
2672, 44.53333, 0.682846, -14.0459, 1.37933, -8.6, 0.434584, -167.273, 6.16769E-005, 62.0528, 0.000471611, 59.1042, 0.000121285, -120.369
2673, 44.54167, 0.682778, -14.1205, 1.38051, -8.6138, 0.437242, -167.148, 6.16804E-005, 61.9868, 0.000472202, 59.1004, 0.000121662, -120.25
2673, 44.55000, 0.682712, -14.195, 1.38168, -8.62756, 0.439901, -167.024, 6.16839E-005, 61.9207, 0.000472794, 59.0966, 0.00012204, -120.132
2674, 44.55833, 0.682646, -14.2695, 1.38286, -8.64131, 0.442561, -166.903, 6.16875E-005, 61.8547, 0.000473385, 59.0928, 0.000122418, -120.015
2674, 44.56667, 0.682582, -14.344, 1.38403, -8.65502, 0.445222, -166.783, 6.16911E-005, 61.7886, 0.000473977, 59.089, 0.000122796, -119.899
2675, 44.57500, 0.682517, -14.4185, 1.38521, -8.66872, 0.447885, -166.665, 6.16947E-005, 61.7225, 0.000474569, 59.0852, 0.000123175, -119.783
2675, 44.58333, 0.682454, -14.493, 1.38638, -8.68238, 0.450549, -166.549, 6.16983E-005, 61.6564, 0.000475161, 59.0814, 0.000123555, -119.668
2676, 44.59167, 0.682392, -14.5675, 1.38756, -8.69603, 0.453214, -166.434, 6.17019E-005, 61.5903, 0.000475753, 59.0776, 0.000123936, -119.554
2676, 44.60000, 0.68233, -14.6419, 1.38873, -8.70964, 0.45588, -166.32, 6.17056E-005, 61.5241, 0.000476345, 59.0738, 0.000124317, -119.441
2677, 44.60833, 0.682269, -14.7164, 1.38991, -8.72324, 0.458547, -166.209, 6.17093E-005, 61.4579, 0.000476938, 59.0701, 0.000124698, -119.329
2677, 44.61667, 0.682208, -14.7908, 1.39108, -8.73681, 0.461216, -166.099, 6.1713E-005, 61.3917, 0.00047753, 59.0663, 0.00012508, -119.217
2678, 44.62500, 0.682148, -14.8652, 1.39225, -8.75036, 0.463886, -165.99, 6.17168E-005, 61.3254, 0.000478123, 59.0626, 0.000125463, -119.106
2678, 44.63333, 0.682089, -14.9396, 1.39343, -8.76388, 0.466556, -165.883, 6.17206E-005, 61.2591, 0.000478715, 59.0588, 0.000125846, -118.996
2679, 44.64167, 0.682031, -15.014, 1.3946, -8.77738, 0.469228, -165.777, 6.17244E-005, 61.1928, 0.000479308, 59.0551, 0.00012623, -118.887
2679, 44.65000, 0.681973, -15.0884, 1.39578, -8.79086, 0.471901, -165.673, 6.17282E-005, 61.1264, 0.0004799, 59.0513, 0.000126614, -118.778
2680, 44.65833, 0.681916, -15.1628, 1.39695, -8.80432, 0.474575, -165.57, 6.1732E-005, 61.0601, 0.000480493, 59.0476, 0.000126999, -118.67
2680, 44.66667, 0.68186, -15.2372, 1.39812, -8.81775, 0.47725, -165.468, 6.17359E-005, 60.9936, 0.000481086, 59.0439, 0.000127385, -118.563
2681, 44.67500, 0.681804, -15.3115, 1.3993, -8.83117, 0.479926, -165.368, 6.17397E-005, 60.9272, 0.000481679, 59.0402, 0.000127771, -118.456
2681, 44.68333, 0.681749, -15.3859, 1.40047, -8.84456, 0.482602, -165.27, 6.17436E-005, 60.8607, 0.000482272, 59.0365, 0.000128157, -118.351
2682, 44.69167, 0.681695, -15.4603, 1.40164, -8.85793, 0.48528, -165.172, 6.17475E-005, 60.7942, 0.000482865, 59.0328, 0.000128545, -118.246
2682, 44.70000, 0.681641, -15.5346, 1.40281, -8.87127, 0.487959, -165.076, 6.17515E-005, 60.7276, 0.000483458, 59.0291, 0.000128932, -118.141
2683, 44.70833, 0.681588, -15.6089, 1.40399, -8.8846, 0.490638, -164.981, 6.17554E-005, 60.661, 0.000484051, 59.0254, 0.00012932, -118.038
2683, 44.71667, 0.681535, -15.6833, 1.40516, -8.89791, 0.493319, -164.887, 6.17594E-005, 60.5944, 0.000484644, 59.0217, 0.000129709, -117.935
2684, 44.72500, 0.681483, -15.7576, 1.40633, -8.91119, 0.496, -164.795, 6.17633E-005, 60.5278, 0.000485238, 59.0181, 0.000130098, -117.832
2684, 44.73333, 0.681431, -15.832, 1.4075, -8.92446, 0.498682, -164.704, 6.17673E-005, 60.4611, 0.000485831, 59.0144, 0.000130488, -117.731
2685, 44.74167, 0.681381, -15.9063, 1.40867, -8.9377, 0.501365, -164.614, 6.17713E-005, 60.3943, 0.000486425, 59.0107, 0.000130878, -117.63
2685, 44.75000, 0.68133, -15.9806, 1.40984, -8.95093, 0.504049, -164.525, 6.17753E-005, 60.3276, 0.000487018, 59.0071, 0.000131269, -117.53
2686, 44.75833, 0.68128, -16.0549, 1.41101, -8.96413, 0.506734, -164.437, 6.17793E-005, 60.2607, 0.000487611, 59.0034, 0.00013166, -117.43
2686, 44.76667, 0.681231, -16.1293, 1.41219, -8.97732, 0.50942, -164.35, 6.17834E-005, 60.1939, 0.000488205, 58.9998, 0.000132052, -117.331
2687, 44.77500, 0.681182, -16.2036, 1.41336, -8.99049, 0.512106, -164.265, 6.17874E-005, 60.127, 0.000488799, 58.9961, 0.000132445, -117.233
2687, 44.78333, 0.681134, -16.2779, 1.41452, -9.00363, 0.514793, -164.181, 6.17915E-005, 60.0601, 0.000489392, 58.9925, 0.000132837, -117.135
2688, 44.79167, 0.681086, -16.3522, 1.41569, -9.01676, 0.517481, -164.097, 6.17955E-005, 59.9931, 0.000489986, 58.9889, 0.000133231, -117.038
2688, 44.80000, 0.681039, -16.4266, 1.41686, -9.02987, 0.520169, -164.015, 6.17996E-005, 59.9261, 0.00049058, 58.9852, 0.000133625, -116.942
2689, 44.80833, 0.680992, -16.5009, 1.41803, -9.04296, 0.522859, -163.934, 6.18037E-005, 59.8591, 0.000491173, 58.9816, 0.000134019, -116.846
2689, 44.81667, 0.680946, -16.5752, 1.4192, -9.05603, 0.525549, -163.854, 6.18077E-005, 59.792, 0.000491767, 58.978, 0.000134414, -116.751
2689, 44.82500, 0.6809, -16.6495, 1.42037, -9.06908, 0.52824, -163.774, 6.18118E-005, 59.7249, 0.000492361, 58.9744, 0.000134809, -116.656
2690, 44.83333, 0.680855, -16.7239, 1.42154, -9.08211, 0.530931, -163.696, 6.18159E-005, 59.6577, 0.000492955, 58.9708, 0.000135205, -116.563
2691, 44.84167, 0.68081, -16.7982, 1.4227, -9.09513, 0.533624, -163.619, 6.182E-005, 59.5905, 0.000493549, 58.9672, 0.000135601, -116.469
2691, 44.85000, 0.680766, -16.8725, 1.42387, -9.10813, 0.536317, -163.543, 6.18241E-005, 59.5232, 0.000494143, 58.9636, 0.000135998, -116.377
2692, 44.85833, 0.680722, -16.9469, 1.42504, -9.12111, 0.539011, -163.467, 6.18282E-005, 59.4559, 0.000494737, 58.96, 0.000136395, -116.284
2692, 44.86667, 0.680678, -17.0212, 1.4262, -9.13407, 0.541706, -163.393, 6.18323E-005, 59.3886, 0.000495331, 58.9564, 0.000136793, -116.193
2693, 44.87500, 0.680635, -17.0956, 1.42737, -9.14702, 0.544401, -163.319, 6.18364E-005, 59.3212, 0.000495925, 58.9528, 0.000137191, -116.102
2693, 44.88333, 0.680592, -17.1699, 1.42853, -9.15994, 0.547097, -163.247, 6.18405E-005, 59.2537, 0.000496519, 58.9492, 0.00013759, -116.012
2693, 44.89167, 0.68055, -17.2443, 1.4297, -9.17285, 0.549794, -163.175, 6.18446E-005, 59.1863, 0.000497113, 58.9456, 0.000137989, -115.922
2694, 44.90000, 0.680508, -17.3187, 1.43086, -9.18575, 0.552491, -163.104, 6.18487E-005, 59.1187, 0.000497707, 58.942, 0.000138389, -115.833
2695, 44.90833, 0.680467, -17.393, 1.43203, -9.19862, 0.555189, -163.035, 6.18528E-005, 59.0512, 0.000498301, 58.9385, 0.000138789, -115.744
2695, 44.91667, 0.680425, -17.4674, 1.43319, -9.21148, 0.557888, -162.965, 6.18569E-005, 58.9835, 0.000498895, 58.9349, 0.00013919, -115.656
2696, 44.92500, 0.680384, -17.5418, 1.43435, -9.22432, 0.560587, -162.897, 6.1861E-005, 58.9159, 0.000499489, 58.9313, 0.000139591, -115.568
2696, 44.93333, 0.680344, -17.6162, 1.43552, -9.23714, 0.563287, -162.83, 6.18651E-005, 58.8482, 0.000500083, 58.9277, 0.000139992, -115.481
2697, 44.94167, 0.680304, -17.6906, 1.43668, -9.24995, 0.565988, -162.763, 6.18692E-005, 58.7804, 0.000500677, 58.9242, 0.000140394, -115.395
2697, 44.95000, 0.680264, -17.765, 1.43784, -9.26274, 0.56869, -162.697, 6.18733E-005, 58.7126, 0.000501271, 58.9206, 0.000140797, -115.309
2697, 44.95833, 0.680224, -17.8395, 1.439, -9.27552, 0.571392, -162.632, 6.18774E-005, 58.6448, 0.000501865, 58.9171, 0.0001412, -115.224
2698, 44.96667, 0.680185, -17.9139, 1.44016, -9.28828, 0.574095, -162.568, 6.18814E-005, 58.5768, 0.000502459, 58.9135, 0.000141603, -115.139
2699, 44.97500, 0.680146, -17.9883, 1.44132, -9.30102, 0.576798, -162.505, 6.18855E-005, 58.5089, 0.000503053, 58.91, 0.000142007, -115.055
2699, 44.98333, 0.680108, -18.0628, 1.44248, -9.31375, 0.579503, -162.442, 6.18896E-005, 58.4409, 0.000503647, 58.9064, 0.000142411, -114.971
2700, 44.99167, 0.680069, -18.1373, 1.44364, -9.32646, 0.582208, -162.38, 6.18936E-005, 58.3728, 0.000504241, 58.9029, 0.000142816, -114.888
2700, 45.00000, 0.680031, -18.2117, 1.4448, -9.33915, 0.584913, -162.319, 6.18976E-005, 58.3047, 0.000504835, 58.8994, 0.000143221, -114.805
2701, 45.00833, 0.679993, -18.2862, 1.44596, -9.35183, 0.587619, -162.258, 6.19017E-005, 58.2366, 0.000505429, 58.8958, 0.000143627, -114.723
2701, 45.01667, 0.679956, -18.3607, 1.44711, -9.36449, 0.590327, -162.198, 6.19057E-005, 58.1684, 0.000506023, 58.8923, 0.000144033, -114.641
2701, 45.02500, 0.679918, -18.4352, 1.44827, -9.37714, 0.593034, -162.139, 6.19097E-005, 58.1001, 0.000506617, 58.8888, 0.000144439, -114.56
2702, 45.03333, 0.679881, -18.5098, 1.44943, -9.38977, 0.595742, -162.081, 6.19137E-005, 58.0318, 0.000507211, 58.8852, 0.000144846, -114.479
2703, 45.04167, 0.679844, -18.5843, 1.45058, -9.40238, 0.598451, -162.023, 6.19176E-005, 57.9635, 0.000507805, 58.8817, 0.000145254, -114.399
2703, 45.05000, 0.679808, -18.6588, 1.45174, -9.41498, 0.601161, -161.966, 6.19216E-005, 57.895, 0.000508399, 58.8782, 0.000145661, -114.319
2704, 45.05833, 0.679771, -18.7334, 1.45289, -9.42756, 0.603871, -161.91, 6.19255E-005, 57.8266, 0.000508992, 58.8747, 0.00014607, -114.24
2704, 45.06667, 0.679735, -18.808, 1.45404, -9.44013, 0.606583, -161.854, 6.19295E-005, 57.7581, 0.000509586, 58.8712, 0.000146478, -114.161
2705, 45.07500, 0.679699, -18.8826, 1.4552, -9.45268, 0.609294, -161.799, 6.19334E-005, 57.6895, 0.00051018, 58.8677, 0.000146888, -114.083
2705, 45.08333, 0.679663, -18.9572, 1.45635, -9.46522, 0.612006, -161.744, 6.19373E-005, 57.6209, 0.000510774, 58.8642, 0.000147297, -114.005
2705, 45.09167, 0.679627, -19.0318, 1.4575, -9.47774, 0.61472, -161.691, 6.19412E-005, 57.5522, 0.000511367, 58.8606, 0.000147707, -113.927
2706, 45.10000, 0.679592, -19.1065, 1.45865, -9.49025, 0.617433, -161.637, 6.1945E-005, 57.4835, 0.000511961, 58.8571, 0.000148118, -113.85
2707, 45.10833, 0.679556, -19.1811, 1.4598, -9.50274, 0.620148, -161.585, 6.19489E-005, 57.4147, 0.000512555, 58.8537, 0.000148529, -113.774
2707, 45.11667, 0.679521, -19.2558, 1.46095, -9.51522, 0.622863, -161.533, 6.19527E-005, 57.3458, 0.000513148, 58.8502, 0.00014894, -113.698
2708, 45.12500, 0.679486, -19.3305, 1.4621, -9.52768, 0.625579, -161.481, 6.19565E-005, 57.2769, 0.000513742, 58.8467, 0.000149352, -113.623
2708, 45.13333, 0.679451, -19.4052, 1.46325, -9.54012, 0.628296, -161.431, 6.19603E-005, 57.208, 0.000514335, 58.8432, 0.000149764, -113.547
2709, 45.14167, 0.679416, -19.4799, 1.4644, -9.55255, 0.631013, -161.381, 6.1964E-005, 57.139, 0.000514928, 58.8397, 0.000150177, -113.473
2709, 45.15000, 0.679381, -19.5546, 1.46554, -9.56496, 0.633731, -161.331, 6.19677E-005, 57.0699, 0.000515522, 58.8362, 0.00015059, -113.399
2709, 45.15833, 0.679347, -19.6294, 1.46669, -9.57736, 0.63645, -161.282, 6.19714E-005, 57.0008, 0.000516115, 58.8327, 0.000151003, -113.325
2710, 45.16667, 0.679312, -19.7042, 1.46784, -9.58975, 0.639169, -161.233, 6.19751E-005, 56.9316, 0.000516708, 58.8293, 0.000151417, -113.252
2711, 45.17500, 0.679277, -19.779, 1.46898, -9.60212, 0.641889, -161.185, 6.19788E-005, 56.8624, 0.000517301, 58.8258, 0.000151832, -113.179
2711, 45.18333, 0.679243, -19.8538, 1.47012, -9.61447, 0.64461, -161.138, 6.19824E-005, 56.7931, 0.000517894, 58.8223, 0.000152246, -113.106
2712, 45.19167, 0.679209, -19.9286, 1.47127, -9.62681, 0.647332, -161.091, 6.1986E-005, 56.7237, 0.000518487, 58.8189, 0.000152662, -113.034
2712, 45.20000, 0.679174, -20.0035, 1.47241, -9.63913, 0.650054, -161.045, 6.19896E-005, 56.6543, 0.00051908, 58.8154, 0.000153077, -112.963
2713, 45.20833, 0.67914, -20.0783, 1.47355, -9.65144, 0.652777, -160.999, 6.19932E-005, 56.5849, 0.000519673, 58.812, 0.000153493, -112.891
2713, 45.21667, 0.679106, -20.1532, 1.47469, -9.66373, 0.655501, -160.954, 6.19967E-005, 56.5153, 0.000520266, 58.8085, 0.00015391, -112.821
2713, 45.22500, 0.679071, -20.2281, 1.47583, -9.67601, 0.658225, -160.909, 6.20002E-005, 56.4458, 0.000520859, 58.8051, 0.000154327, -112.75
2714, 45.23333, 0.679037, -20.3031, 1.47697, -9.68827, 0.66095, -160.865, 6.20036E-005, 56.3761, 0.000521451, 58.8016, 0.000154744, -112.68
2715, 45.24167, 0.679003, -20.378, 1.47811, -9.70052, 0.663677, -160.821, 6.20071E-005, 56.3064, 0.000522044, 58.7982, 0.000155162, -112.611
2715, 45.25000, 0.678968, -20.453, 1.47925, -9.71275, 0.666403, -160.778, 6.20105E-005, 56.2367, 0.000522636, 58.7947, 0.00015558, -112.542
2716, 45.25833, 0.678934, -20.528, 1.48039, -9.72497, 0.669131, -160.735, 6.20138E-005, 56.1668, 0.000523229, 58.7913, 0.000155999, -112.473
2716, 45.26667, 0.6789, -20.603, 1.48152, -9.73717, 0.671859, -160.693, 6.20172E-005, 56.097, 0.000523821, 58.7879, 0.000156418, -112.405
2717, 45.27500, 0.678865, -20.678, 1.48266, -9.74936, 0.674588, -160.651, 6.20205E-005, 56.027, 0.000524413, 58.7844, 0.000156837, -112.337
2717, 45.28333, 0.678831, -20.7531, 1.48379, -9.76153, 0.677318, -160.61, 6.20237E-005, 55.957, 0.000525005, 58.781, 0.000157257, -112.269
2717, 45.29167, 0.678797, -20.8282, 1.48493, -9.77369, 0.680049, -160.569, 6.20269E-005, 55.887, 0.000525597, 58.7776, 0.000157677, -112.202
2718, 45.30000, 0.678762, -20.9033, 1.48606, -9.78583, 0.68278, -160.529, 6.20301E-005, 55.8169, 0.000526189, 58.7742, 0.000158098, -112.135
2719, 45.30833, 0.678727, -20.9784, 1.48719, -9.79795, 0.685512, -160.489, 6.20333E-005, 55.7467, 0.000526781, 58.7708, 0.000158519, -112.069
2719, 45.31667, 0.678693, -21.0536, 1.48832, -9.81006, 0.688245, -160.449, 6.20364E-005, 55.6764, 0.000527373, 58.7674, 0.00015894, -112.003
2720, 45.32500, 0.678658, -21.1287, 1.48945, -9.82215, 0.690979, -160.41, 6.20395E-005, 55.6061, 0.000527964, 58.764, 0.000159362, -111.937
2720, 45.33333, 0.678623, -21.2039, 1.49058, -9.83423, 0.693713, -160.372, 6.20425E-005, 55.5358, 0.000528556, 58.7606, 0.000159785, -111.872
2721, 45.34167, 0.678588, -21.2791, 1.49171, -9.84629, 0.696448, -160.333, 6.20455E-005, 55.4654, 0.000529147, 58.7572, 0.000160208, -111.807
2721, 45.35000, 0.678553, -21.3544, 1.49284, -9.85834, 0.699184, -160.296, 6.20485E-005, 55.3949, 0.000529738, 58.7538, 0.000160631, -111.743
2721, 45.35833, 0.678518, -21.4296, 1.49396, -9.87037, 0.701921, -160.258, 6.20514E-005, 55.3243, 0.000530329, 58.7504, 0.000161054, -111.679
2722, 45.36667, 0.678482, -21.5049, 1.49509, -9.88239, 0.704659, -160.222, 6.20542E-005, 55.2537, 0.00053092, 58.747, 0.000161478, -111.615
2723, 45.37500, 0.678447, -21.5803, 1.49621, -9.89438, 0.707398, -160.185, 6.20571E-005, 55.1831, 0.000531511, 58.7436, 0.000161903, -111.551
2723, 45.38333, 0.678411, -21.6556, 1.49733, -9.90637, 0.710137, -160.149, 6.20599E-005, 55.1123, 0.000532102, 58.7403, 0.000162328, -111.488
2724, 45.39167, 0.678375, -21.731, 1.49846, -9.91833, 0.712877, -160.114, 6.20626E-005, 55.0415, 0.000532693, 58.7369, 0.000162753, -111.426
2724, 45.40000, 0.678339, -21.8063, 1.49958, -9.93028, 0.715618, -160.078, 6.20653E-005, 54.9707, 0.000533283, 58.7336, 0.000163179, -111.363
2725, 45.40833, 0.678303, -21.8818, 1.5007, -9.94222, 0.71836, -160.043, 6.20679E-005, 54.8998, 0.000533874, 58.7302, 0.000163605, -111.301
2725, 45.41667, 0.678267, -21.9572, 1.50182, -9.95414, 0.721103, -160.009, 6.20705E-005, 54.8288, 0.000534464, 58.7268, 0.000164031, -111.239
2725, 45.42500, 0.67823, -22.0327, 1.50294, -9.96604, 0.723847, -159.975, 6.20731E-005, 54.7577, 0.000535054, 58.7235, 0.000164458, -111.178
2726, 45.43333, 0.678194, -22.1081, 1.50406, -9.97792, 0.726591, -159.941, 6.20756E-005, 54.6866, 0.000535644, 58.7202, 0.000164885, -111.117
2727, 45.44167, 0.678156, -22.1837, 1.50517, -9.98979, 0.729337, -159.908, 6.20781E-005, 54.6154, 0.000536234, 58.7168, 0.000165313, -111.057
2727, 45.45000, 0.678119, -22.2592, 1.50629, -10.0016, 0.732083, -159.875, 6.20805E-005, 54.5442, 0.000536823, 58.7135, 0.000165741, -110.996
2728, 45.45833, 0.678082, -22.3348, 1.5074, -10.0135, 0.73483, -159.843, 6.20828E-005, 54.4729, 0.000537413, 58.7102, 0.00016617, -110.936
2728, 45.46667, 0.678044, -22.4104, 1.50852, -10.0253, 0.737578, -159.811, 6.20851E-005, 54.4015, 0.000538002, 58.7069, 0.000166599, -110.877
2729, 45.47500, 0.678006, -22.486, 1.50963, -10.0371, 0.740327, -159.779, 6.20874E-005, 54.3301, 0.000538592, 58.7036, 0.000167028, -110.817
2729, 45.48333, 0.677968, -22.5616, 1.51074, -10.0489, 0.743076, -159.747, 6.20896E-005, 54.2586, 0.000539181, 58.7003, 0.000167458, -110.758
2729, 45.49167, 0.677929, -22.6373, 1.51185, -10.0607, 0.745827, -159.716, 6.20917E-005, 54.1871, 0.00053977, 58.697, 0.000167888, -110.7
2730, 45.50000, 0.677891, -22.713, 1.51296, -10.0724, 0.748578, -159.686, 6.20938E-005, 54.1155, 0.000540358, 58.6937, 0.000168319, -110.641
2731, 45.50833, 0.677852, -22.7887, 1.51407, -10.0841, 0.751331, -159.655, 6.20958E-005, 54.0438, 0.000540947, 58.6904, 0.00016875, -110.583
2731, 45.51667, 0.677812, -22.8645, 1.51517, -10.0959, 0.754084, -159.625, 6.20978E-005, 53.972, 0.000541536, 58.6871, 0.000169181, -110.526
2732, 45.52500, 0.677773, -22.9402, 1.51628, -10.1075, 0.756838, -159.596, 6.20997E-005, 53.9002, 0.000542124, 58.6838, 0.000169613, -110.468
2732, 45.53333, 0.677733, -23.016, 1.51739, -10.1192, 0.759593, -159.566, 6.21016E-005, 53.8283, 0.000542712, 58.6806, 0.000170045, -110.411
2733, 45.54167, 0.677692, -23.0919, 1.51849, -10.1309, 0.76235, -159.537, 6.21034E-005, 53.7564, 0.0005433, 58.6773, 0.000170478, -110.355
2733, 45.55000, 0.677652, -23.1677, 1.51959, -10.1425, 0.765107, -159.509, 6.21052E-005, 53.6844, 0.000543888, 58.6741, 0.000170911, -110.298
2733, 45.55833, 0.677611, -23.2436, 1.52069, -10.1542, 0.767865, -159.48, 6.21069E-005, 53.6123, 0.000544475, 58.6708, 0.000171345, -110.242
2734, 45.56667, 0.677569, -23.3196, 1.52179, -10.1658, 0.770624, -159.452, 6.21085E-005, 53.5402, 0.000545063, 58.6676, 0.000171779, -110.186
2735, 45.57500, 0.677528, -23.3955, 1.52289, -10.1774, 0.773383, -159.425, 6.211E-005, 53.468, 0.00054565, 58.6644, 0.000172213, -110.131
2735, 45.58333, 0.677486, -23.4715, 1.52399, -10.1889, 0.776144, -159.398, 6.21116E-005, 53.3957, 0.000546237, 58.6611, 0.000172648, -110.076
2736, 45.59167, 0.677443, -23.5475, 1.52509, -10.2005, 0.778906, -159.371, 6.2113E-005, 53.3234, 0.000546824, 58.6579, 0.000173083, -110.021
2736, 45.60000, 0.6774, -23.6235, 1.52618, -10.212, 0.781669, -159.344, 6.21144E-005, 53.251, 0.000547411, 58.6547, 0.000173519, -109.966
2737, 45.60833, 0.677357, -23.6995, 1.52728, -10.2235, 0.784432, -159.318, 6.21157E-005, 53.1785, 0.000547997, 58.6515, 0.000173955, -109.912
2737, 45.61667, 0.677314, -23.7756, 1.52837, -10.235, 0.787197, -159.291, 6.21169E-005, 53.106, 0.000548584, 58.6483, 0.000174391, -109.858
2737, 45.62500, 0.67727, -23.8517, 1.52946, -10.2465, 0.789963, -159.266, 6.21181E-005, 53.0334, 0.00054917, 58.6451, 0.000174828, -109.804
2738, 45.63333, 0.677225, -23.9279, 1.53055, -10.258, 0.792729, -159.24, 6.21193E-005, 52.9608, 0.000549756, 58.642, 0.000175265, -109.751
2739, 45.64167, 0.67718, -24.0041, 1.53164, -10.2694, 0.795497, -159.215, 6.21203E-005, 52.888, 0.000550342, 58.6388, 0.000175703, -109.697
2739, 45.65000, 0.677135, -24.0802, 1.53273, -10.2808, 0.798266, -159.19, 6.21213E-005, 52.8153, 0.000550927, 58.6357, 0.000176141, -109.645
2740, 45.65833, 0.677089, -24.1565, 1.53382, -10.2922, 0.801035, -159.166, 6.21222E-005, 52.7424, 0.000551513, 58.6325, 0.000176579, -109.592
2740, 45.66667, 0.677043, -24.2327, 1.53491, -10.3036, 0.803806, -159.142, 6.21231E-005, 52.6695, 0.000552098, 58.6294, 0.000177018, -109.54
2741, 45.67500, 0.676996, -24.309, 1.53599, -10.3149, 0.806577, -159.118, 6.21238E-005, 52.5965, 0.000552683, 58.6262, 0.000177457, -109.488
2741, 45.68333, 0.676949, -24.3853, 1.53708, -10.3263, 0.80935, -159.094, 6.21245E-005, 52.5235, 0.000553268, 58.6231, 0.000177897, -109.436
2741, 45.69167, 0.676901, -24.4617, 1.53816, -10.3376, 0.812124, -159.071, 6.21252E-005, 52.4503, 0.000553852, 58.62, 0.000178337, -109.385
2742, 45.70000, 0.676853, -24.538, 1.53924, -10.3489, 0.814898, -159.048, 6.21257E-005, 52.3772, 0.000554437, 58.6169, 0.000178778, -109.333
2743, 45.70833, 0.676804, -24.6144, 1.54032, -10.3602, 0.817674, -159.025, 6.21262E-005, 52.3039, 0.000555021, 58.6138, 0.000179219, -109.282
2743, 45.71667, 0.676755, -24.6909, 1.5414, -10.3714, 0.820451, -159.002, 6.21266E-005, 52.2306, 0.000555605, 58.6107, 0.00017966, -109.232
2744, 45.72500, 0.676706, -24.7673, 1.54247, -10.3827, 0.823228, -158.98, 6.2127E-005, 52.1572, 0.000556189, 58.6077, 0.000180102, -109.181
2744, 45.73333, 0.676655, -24.8438, 1.54355, -10.3939, 0.826007, -158.958, 6.21273E-005, 52.0838, 0.000556772, 58.6046, 0.000180544, -109.131
2745, 45.74167, 0.676605, -24.9203, 1.54463, -10.4051, 0.828787, -158.936, 6.21275E-005, 52.0103, 0.000557355, 58.6016, 0.000180987, -109.082
2745, 45.75000, 0.676553, -24.9968, 1.5457, -10.4162, 0.831568, -158.915, 6.21276E-005, 51.9367, 0.000557939, 58.5985, 0.00018143, -109.032
2745, 45.75833, 0.676502, -25.0734, 1.54677, -10.4274, 0.83435, -158.894, 6.21276E-005, 51.8631, 0.000558521, 58.5955, 0.000181873, -108.983
2746, 45.76667, 0.676449, -25.15, 1.54784, -10.4385, 0.837133, -158.873, 6.21276E-005, 51.7893, 0.000559104, 58.5925, 0.000182317, -108.934
2747, 45.77500, 0.676396, -25.2266, 1.54891, -10.4496, 0.839917, -158.852, 6.21274E-005, 51.7156, 0.000559686, 58.5895, 0.000182761, -108.885
2747, 45.78333, 0.676343, -25.3033, 1.54998, -10.4607, 0.842702, -158.832, 6.21272E-005, 51.6417, 0.000560269, 58.5865, 0.000183206, -108.836
2748, 45.79167, 0.676289, -25.38, 1.55105, -10.4717, 0.845488, -158.812, 6.2127E-005, 51.5678, 0.000560851, 58.5835, 0.000183651, -108.788
2748, 45.80000, 0.676234, -25.4567, 1.55211, -10.4828, 0.848275, -158.792, 6.21266E-005, 51.4939, 0.000561432, 58.5805, 0.000184097, -108.74
2749, 45.80833, 0.676179, -25.5334, 1.55318, -10.4938, 0.851064, -158.772, 6.21262E-005, 51.4198, 0.000562014, 58.5776, 0.000184543, -108.692
2749, 45.81667, 0.676123, -25.6102, 1.55424, -10.5048, 0.853853, -158.753, 6.21257E-005, 51.3457, 0.000562595, 58.5746, 0.000184989, -108.645
2749, 45.82500, 0.676066, -25.687, 1.5553, -10.5157, 0.856644, -158.734, 6.21251E-005, 51.2716, 0.000563176, 58.5717, 0.000185436, -108.598
2750, 45.83333, 0.676009, -25.7638, 1.55636, -10.5267, 0.859435, -158.715, 6.21244E-005, 51.1974, 0.000563757, 58.5688, 0.000185883, -108.551
2751, 45.84167, 0.675951, -25.8407, 1.55742, -10.5376, 0.862228, -158.697, 6.21236E-005, 51.1231, 0.000564337, 58.5659, 0.000186331, -108.504
2751, 45.85000, 0.675893, -25.9176, 1.55848, -10.5485, 0.865022, -158.678, 6.21227E-005, 51.0487, 0.000564917, 58.563, 0.000186779, -108.458
2752, 45.85833, 0.675834, -25.9945, 1.55953, -10.5593, 0.867816, -158.66, 6.21218E-005, 50.9743, 0.000565497, 58.5601, 0.000187227, -108.411
2752, 45.86667, 0.675774, -26.0714, 1.56059, -10.5702, 0.870613, -158.642, 6.21208E-005, 50.8998, 0.000566077, 58.5572, 0.000187676, -108.365
2753, 45.87500, 0.675713, -26.1484, 1.56164, -10.581, 0.87341, -158.625, 6.21196E-005, 50.8252, 0.000566657, 58.5544, 0.000188125, -108.32
2753, 45.88333, 0.675652, -26.2254, 1.56269, -10.5918, 0.876208, -158.607, 6.21184E-005, 50.7506, 0.000567236, 58.5515, 0.000188575, -108.274
2753, 45.89167, 0.675591, -26.3024, 1.56374, -10.6026, 0.879007, -158.59, 6.21171E-005, 50.6759, 0.000567815, 58.5487, 0.000189025, -108.229
2754, 45.90000, 0.675528, -26.3795, 1.56479, -10.6133, 0.881808, -158.573, 6.21158E-005, 50.6012, 0.000568394, 58.5459, 0.000189476, -108.184
2755, 45.90833, 0.675465, -26.4565, 1.56584, -10.624, 0.884609, -158.557, 6.21143E-005, 50.5264, 0.000568972, 58.5431, 0.000189927, -108.139
2755, 45.91667, 0.675401, -26.5337, 1.56688, -10.6347, 0.887412, -158.54, 6.21127E-005, 50.4515, 0.00056955, 58.5403, 0.000190378, -108.094
2756, 45.92500, 0.675336, -26.6108, 1.56793, -10.6454, 0.890216, -158.524, 6.21111E-005, 50.3766, 0.000570128, 58.5375, 0.00019083, -108.05
2756, 45.93333, 0.675271, -26.688, 1.56897, -10.656, 0.893021, -158.508, 6.21093E-005, 50.3016, 0.000570706, 58.5348, 0.000191282, -108.006
2757, 45.94167, 0.675205, -26.7652, 1.57001, -10.6666, 0.895827, -158.492, 6.21075E-005, 50.2265, 0.000571283, 58.532, 0.000191735, -107.962
2757, 45.95000, 0.675138, -26.8424, 1.57105, -10.6772, 0.898634, -158.477, 6.21055E-005, 50.1514, 0.000571861, 58.5293, 0.000192188, -107.918
2758, 45.95833, 0.67507, -26.9196, 1.57209, -10.6878, 0.901442, -158.461, 6.21035E-005, 50.0762, 0.000572437, 58.5266, 0.000192641, -107.875
2758, 45.96667, 0.675002, -26.9969, 1.57313, -10.6983, 0.904252, -158.446, 6.21014E-005, 50.0009, 0.000573014, 58.5239, 0.000193095, -107.832
2759, 45.97500, 0.674933, -27.0742, 1.57416, -10.7088, 0.907063, -158.432, 6.20992E-005, 49.9256, 0.00057359, 58.5212, 0.00019355, -107.789
2759, 45.98333, 0.674863, -27.1515, 1.5752, -10.7193, 0.909875, -158.417, 6.20968E-005, 49.8502, 0.000574166, 58.5186, 0.000194004, -107.746
2760, 45.99167, 0.674792, -27.2289, 1.57623, -10.7297, 0.912688, -158.402, 6.20944E-005, 49.7747, 0.000574742, 58.5159, 0.00019446, -107.704
2760, 46.00000, 0.674721, -27.3063, 1.57726, -10.7401, 0.915502, -158.388, 6.20919E-005, 49.6992, 0.000575318, 58.5133, 0.000194915, -107.661
2761, 46.00833, 0.674649, -27.3837, 1.57829, -10.7505, 0.918317, -158.374, 6.20893E-005, 49.6237, 0.000575893, 58.5107, 0.000195371, -107.619
2761, 46.01667, 0.674576, -27.4611, 1.57932, -10.7609, 0.921134, -158.361, 6.20866E-005, 49.548, 0.000576468, 58.5081, 0.000195828, -107.578
2762, 46.02500, 0.674502, -27.5386, 1.58034, -10.7712, 0.923951, -158.347, 6.20838E-005, 49.4723, 0.000577043, 58.5055, 0.000196285, -107.536
2762, 46.03333, 0.674427, -27.6161, 1.58137, -10.7815, 0.92677, -158.334, 6.20809E-005, 49.3966, 0.000577617, 58.503, 0.000196742, -107.495
2763, 46.04167, 0.674352, -27.6936, 1.58239, -10.7918, 0.92959, -158.321, 6.20779E-005, 49.3207, 0.000578191, 58.5004, 0.0001972, -107.453
2763, 46.05000, 0.674275, -27.7712, 1.58342, -10.802, 0.932411, -158.308, 6.20748E-005, 49.2448, 0.000578765, 58.4979, 0.000197658, -107.412
2764, 46.05833, 0.674198, -27.8487, 1.58444, -10.8122, 0.935233, -158.295, 6.20716E-005, 49.1689, 0.000579338, 58.4954, 0.000198116, -107.372
2764, 46.06667, 0.67412, -27.9263, 1.58546, -10.8224, 0.938057, -158.282, 6.20682E-005, 49.0929, 0.000579912, 58.4929, 0.000198576, -107.331
2765, 46.07500, 0.674041, -28.004, 1.58647, -10.8325, 0.940882, -158.27, 6.20648E-005, 49.0168, 0.000580484, 58.4904, 0.000199035, -107.291
2765, 46.08333, 0.673961, -28.0816, 1.58749, -10.8427, 0.943708, -158.258, 6.20613E-005, 48.9407, 0.000581057, 58.488, 0.000199495, -107.251
2766, 46.09167, 0.67388, -28.1593, 1.5885, -10.8527, 0.946535, -158.246, 6.20577E-005, 48.8645, 0.000581629, 58.4856, 0.000199955, -107.211
2766, 46.10000, 0.673799, -28.237, 1.58952, -10.8628, 0.949363, -158.234, 6.20539E-005, 48.7882, 0.000582201, 58.4831, 0.000200416, -107.171
2767, 46.10833, 0.673716, -28.3147, 1.59053, -10.8728, 0.952192, -158.223, 6.20501E-005, 48.7119, 0.000582773, 58.4808, 0.000200877, -107.132
2767, 46.11667, 0.673633, -28.3925, 1.59154, -10.8828, 0.955023, -158.211, 6.20461E-005, 48.6355, 0.000583345, 58.4784, 0.000201339, -107.092
2768, 46.12500, 0.673549, -28.4702, 1.59254, -10.8928, 0.957855, -158.2, 6.20421E-005, 48.559, 0.000583916, 58.476, 0.000201801, -107.053
2768, 46.13333, 0.673464, -28.548, 1.59355, -10.9027, 0.960688, -158.189, 6.20379E-005, 48.4825, 0.000584486, 58.4737, 0.000202263, -107.014
2769, 46.14167, 0.673377, -28.6259, 1.59456, -10.9126, 0.963522, -158.179, 6.20336E-005, 48.406, 0.000585057, 58.4714, 0.000202726, -106.976
2769, 46.15000, 0.67329, -28.7037, 1.59556, -10.9224, 0.966357, -158.168, 6.20293E-005, 48.3294, 0.000585627, 58.4691, 0.000203189, -106.937
2770, 46.15833, 0.673202, -28.7816, 1.59656, -10.9323, 0.969194, -158.158, 6.20248E-005, 48.2527, 0.000586197, 58.4668, 0.000203653, -106.899
2770, 46.16667, 0.673113, -28.8595, 1.59756, -10.9421, 0.972032, -158.148, 6.20202E-005, 48.1759, 0.000586767, 58.4646, 0.000204117, -106.861
2771, 46.17500, 0.673024, -28.9374, 1.59856, -10.9518, 0.974871, -158.138, 6.20154E-005, 48.0991, 0.000587336, 58.4624, 0.000204582, -106.823
2771, 46.18333, 0.672933, -29.0153, 1.59956, -10.9615, 0.977711, -158.128, 6.20106E-005, 48.0223, 0.000587905, 58.4602, 0.000205047, -106.786
2772, 46.19167, 0.672841, -29.0933, 1.60055, -10.9712, 0.980553, -158.118, 6.20057E-005, 47.9453, 0.000588474, 58.458, 0.000205512, -106.748
2772, 46.20000, 0.672748, -29.1713, 1.60154, -10.9809, 0.983395, -158.109, 6.20006E-005, 47.8684, 0.000589042, 58.4558, 0.000205978, -106.711
2773, 46.20833, 0.672654, -29.2493, 1.60254, -10.9905, 0.986239, -158.1, 6.19954E-005, 47.7913, 0.00058961, 58.4537, 0.000206444, -106.674
2773, 46.21667, 0.67256, -29.3273, 1.60353, -11.0001, 0.989084, -158.091, 6.19902E-005, 47.7142, 0.000590178, 58.4516, 0.000206911, -106.637
2774, 46.22500, 0.672464, -29.4054, 1.60452, -11.0096, 0.99193, -158.082, 6.19847E-005, 47.6371, 0.000590745, 58.4495, 0.000207378, -106.6
2774, 46.23333, 0.672367, -29.4835, 1.6055, -11.0191, 0.994777, -158.073, 6.19792E-005, 47.5599, 0.000591312, 58.4474, 0.000207846, -106.564
2775, 46.24167, 0.672269, -29.5616, 1.60649, -11.0286, 0.997626, -158.065, 6.19736E-005, 47.4826, 0.000591879, 58.4454, 0.000208314, -106.527
2775, 46.25000, 0.67217, -29.6397, 1.60747, -11.038, 1.00048, -158.056, 6.19678E-005, 47.4053, 0.000592445, 58.4434, 0.000208783, -106.491
2776, 46.25833, 0.672071, -29.7178, 1.60845, -11.0474, 1.00333, -158.048, 6.1962E-005, 47.3279, 0.000593011, 58.4414, 0.000209251, -106.455
2776, 46.26667, 0.67197, -29.796, 1.60944, -11.0568, 1.00618, -158.04, 6.1956E-005, 47.2504, 0.000593577, 58.4394, 0.000209721, -106.42
2777, 46.27500, 0.671868, -29.8742, 1.61041, -11.0661, 1.00903, -158.032, 6.19499E-005, 47.1729, 0.000594143, 58.4375, 0.000210191, -106.384
2777, 46.28333, 0.671765, -29.9524, 1.61139, -11.0754, 1.01189, -158.025, 6.19436E-005, 47.0954, 0.000594708, 58.4355, 0.000210661, -106.349
2778, 46.29167, 0.671661, -30.0306, 1.61237, -11.0846, 1.01474, -158.017, 6.19373E-005, 47.0178, 0.000595272, 58.4337, 0.000211131, -106.314
2778, 46.30000, 0.671556, -30.1089, 1.61334, -11.0938, 1.0176, -158.01, 6.19308E-005, 46.9401, 0.000595837, 58.4318, 0.000211602, -106.279
2779, 46.30833, 0.67145, -30.1871, 1.61431, -11.103, 1.02046, -158.003, 6.19242E-005, 46.8624, 0.000596401, 58.4299, 0.000212074, -106.244
2779, 46.31667, 0.671342, -30.2654, 1.61528, -11.1121, 1.02332, -157.996, 6.19175E-005, 46.7846, 0.000596965, 58.4281, 0.000212546, -106.209
2780, 46.32500, 0.671234, -30.3438, 1.61625, -11.1212, 1.02618, -157.989, 6.19107E-005, 46.7068, 0.000597528, 58.4263, 0.000213018, -106.175
2780, 46.33333, 0.671125, -30.4221, 1.61722, -11.1303, 1.02904, -157.983, 6.19037E-005, 46.6289, 0.000598091, 58.4246, 0.000213491, -106.141
2781, 46.34167, 0.671014, -30.5004, 1.61819, -11.1393, 1.0319, -157.976, 6.18966E-005, 46.5509, 0.000598654, 58.4228, 0.000213964, -106.107
2781, 46.35000, 0.670903, -30.5788, 1.61915, -11.1483, 1.03477, -157.97, 6.18894E-005, 46.4729, 0.000599217, 58.4211, 0.000214438, -106.073
2782, 46.35833, 0.67079, -30.6572, 1.62011, -11.1572, 1.03763, -157.964, 6.18821E-005, 46.3949, 0.000599779, 58.4194, 0.000214912, -106.039
2782, 46.36667, 0.670676, -30.7356, 1.62107, -11.1661, 1.0405, -157.958, 6.18746E-005, 46.3168, 0.000600341, 58.4178, 0.000215387, -106.006
2783, 46.37500, 0.670561, -30.814, 1.62203, -11.1749, 1.04337, -157.952, 6.1867E-005, 46.2386, 0.000600902, 58.4161, 0.000215862, -105.972
2783, 46.38333, 0.670445, -30.8924, 1.62299, -11.1837, 1.04624, -157.947, 6.18593E-005, 46.1604, 0.000601463, 58.4146, 0.000216337, -105.939
2784, 46.39167, 0.670328, -30.9709, 1.62394, -11.1925, 1.04911, -157.941, 6.18515E-005, 46.0822, 0.000602024, 58.413, 0.000216813, -105.906
2784, 46.40000, 0.67021, -31.0493, 1.6249, -11.2012, 1.05198, -157.936, 6.18435E-005, 46.0039, 0.000602585, 58.4114, 0.000217289, -105.874
2785, 46.40833, 0.67009, -31.1278, 1.62585, -11.2099, 1.05485, -157.931, 6.18354E-005, 45.9255, 0.000603145, 58.4099, 0.000217766, -105.841
2785, 46.41667, 0.669969, -31.2063, 1.6268, -11.2185, 1.05773, -157.926, 6.18272E-005, 45.8471, 0.000603704, 58.4084, 0.000218243, -105.809
2786, 46.42500, 0.669848, -31.2849, 1.62775, -11.2271, 1.0606, -157.921, 6.18188E-005, 45.7686, 0.000604264, 58.407, 0.000218721, -105.776
2786, 46.43333, 0.669725, -31.3634, 1.6287, -11.2356, 1.06348, -157.917, 6.18103E-005, 45.6901, 0.000604823, 58.4056, 0.000219199, -105.744
2787, 46.44167, 0.6696, -31.4419, 1.62964, -11.2441, 1.06636, -157.912, 6.18017E-005, 45.6115, 0.000605382, 58.4042, 0.000219677, -105.712
2787, 46.45000, 0.669475, -31.5205, 1.63059, -11.2526, 1.06923, -157.908, 6.17929E-005, 45.5329, 0.00060594, 58.4028, 0.000220156, -105.68
2788, 46.45833, 0.669349, -31.5991, 1.63153, -11.261, 1.07211, -157.904, 6.17841E-005, 45.4542, 0.000606498, 58.4015, 0.000220635, -105.649
2788, 46.46667, 0.669221, -31.6777, 1.63247, -11.2693, 1.075, -157.9, 6.1775E-005, 45.3755, 0.000607056, 58.4002, 0.000221115, -105.618
2789, 46.47500, 0.669092, -31.7563, 1.63341, -11.2777, 1.07788, -157.896, 6.17659E-005, 45.2968, 0.000607613, 58.3989, 0.000221595, -105.586
2789, 46.48333, 0.668962, -31.8349, 1.63434, -11.2859, 1.08076, -157.892, 6.17566E-005, 45.2179, 0.00060817, 58.3976, 0.000222076, -105.555
2790, 46.49167, 0.66883, -31.9135, 1.63528, -11.2942, 1.08365, -157.889, 6.17472E-005, 45.1391, 0.000608727, 58.3964, 0.000222557, -105.524
2790, 46.50000, 0.668698, -31.9922, 1.63621, -11.3023, 1.08653, -157.886, 6.17376E-005, 45.0602, 0.000609283, 58.3953, 0.000223039, -105.494
2791, 46.50833, 0.668564, -32.0708, 1.63714, -11.3105, 1.08942, -157.882, 6.17279E-005, 44.9812, 0.000609839, 58.3941, 0.000223521, -105.463
2791, 46.51667, 0.668429, -32.1495, 1.63807, -11.3186, 1.09231, -157.879, 6.17181E-005, 44.9022, 0.000610395, 58.393, 0.000224003, -105.433
2792, 46.52500, 0.668293, -32.2282, 1.639, -11.3266, 1.0952, -157.876, 6.17082E-005, 44.8231, 0.00061095, 58.3919, 0.000224486, -105.402
2792, 46.53333, 0.668155, -32.3069, 1.63993, -11.3346, 1.09809, -157.874, 6.16981E-005, 44.744, 0.000611505, 58.3909, 0.000224969, -105.372
2793, 46.54167, 0.668016, -32.3856, 1.64085, -11.3425, 1.10098, -157.871, 6.16878E-005, 44.6649, 0.00061206, 58.3899, 0.000225453, -105.342
2793, 46.55000, 0.667876, -32.4643, 1.64178, -11.3504, 1.10387, -157.869, 6.16774E-005, 44.5857, 0.000612614, 58.3889, 0.000225937, -105.313
2794, 46.55833, 0.667735, -32.543, 1.6427, -11.3583, 1.10677, -157.866, 6.16669E-005, 44.5065, 0.000613168, 58.3879, 0.000226422, -105.283
2794, 46.56667, 0.667593, -32.6218, 1.64362, -11.366, 1.10966, -157.864, 6.16563E-005, 44.4272, 0.000613722, 58.387, 0.000226907, -105.254
2795, 46.57500, 0.667449, -32.7005, 1.64453, -11.3738, 1.11256, -157.862, 6.16455E-005, 44.3479, 0.000614275, 58.3861, 0.000227392, -105.224
2795, 46.58333, 0.667304, -32.7793, 1.64545, -11.3815, 1.11546, -157.86, 6.16345E-005, 44.2685, 0.000614828, 58.3853, 0.000227878, -105.195
2796, 46.59167, 0.667157, -32.858, 1.64637, -11.3891, 1.11836, -157.858, 6.16235E-005, 44.1891, 0.00061538, 58.3845, 0.000228364, -105.166
2796, 46.60000, 0.66701, -32.9368, 1.64728, -11.3967, 1.12126, -157.857, 6.16123E-005, 44.1096, 0.000615932, 58.3837, 0.000228851, -105.138
2797, 46.60833, 0.666861, -33.0156, 1.64819, -11.4043, 1.12416, -157.855, 6.16009E-005, 44.0301, 0.000616484, 58.383, 0.000229338, -105.109
2797, 46.61667, 0.66671, -33.0944, 1.6491, -11.4117, 1.12706, -157.854, 6.15894E-005, 43.9506, 0.000617036, 58.3823, 0.000229826, -105.081
2798, 46.62500, 0.666559, -33.1732, 1.65001, -11.4192, 1.12996, -157.853, 6.15778E-005, 43.871, 0.000617587, 58.3816, 0.000230314, -105.052
2798, 46.63333, 0.666406, -33.252, 1.65091, -11.4266, 1.13287, -157.852, 6.1566E-005, 43.7914, 0.000618138, 58.381, 0.000230803, -105.024
2799, 46.64167, 0.666252, -33.3308, 1.65182, -11.4339, 1.13577, -157.851, 6.1554E-005, 43.7117, 0.000618688, 58.3804, 0.000231292, -104.996
2799, 46.65000, 0.666096, -33.4096, 1.65272, -11.4412, 1.13868, -157.85, 6.1542E-005, 43.632, 0.000619238, 58.3798, 0.000231781, -104.968
2800, 46.65833, 0.665939, -33.4884, 1.65362, -11.4484, 1.14159, -157.85, 6.15298E-005, 43.5522, 0.000619788, 58.3793, 0.000232271, -104.941
2800, 46.66667, 0.665781, -33.5672, 1.65452, -11.4556, 1.1445, -157.849, 6.15174E-005, 43.4725, 0.000620337, 58.3788, 0.000232761, -104.913
2801, 46.67500, 0.665622, -33.646, 1.65542, -11.4627, 1.14741, -157.849, 6.15049E-005, 43.3926, 0.000620886, 58.3784, 0.000233252, -104.886
2801, 46.68333, 0.665461, -33.7249, 1.65631, -11.4698, 1.15032, -157.849, 6.14922E-005, 43.3128, 0.000621435, 58.378, 0.000233743, -104.859
2802, 46.69167, 0.665299, -33.8037, 1.65721, -11.4768, 1.15323, -157.849, 6.14794E-005, 43.2329, 0.000621983, 58.3776, 0.000234235, -104.832
2802, 46.70000, 0.665135, -33.8826, 1.6581, -11.4837, 1.15615, -157.849, 6.14665E-005, 43.1529, 0.000622531, 58.3773, 0.000234727, -104.805
2803, 46.70833, 0.66497, -33.9614, 1.65899, -11.4906, 1.15906, -157.849, 6.14534E-005, 43.0729, 0.000623079, 58.377, 0.000235219, -104.778
2803, 46.71667, 0.664804, -34.0402, 1.65988, -11.4975, 1.16198, -157.849, 6.14402E-005, 42.9929, 0.000623626, 58.3768, 0.000235712, -104.751
2804, 46.72500, 0.664636, -34.1191, 1.66076, -11.5043, 1.16489, -157.85, 6.14268E-005, 42.9129, 0.000624173, 58.3766, 0.000236205, -104.725
2804, 46.73333, 0.664467, -34.1979, 1.66165, -11.511, 1.16781, -157.851, 6.14132E-005, 42.8328, 0.00062472, 58.3764, 0.000236699, -104.699
2805, 46.74167, 0.664297, -34.2768, 1.66253, -11.5177, 1.17073, -157.851, 6.13996E-005, 42.7526, 0.000625266, 58.3763, 0.000237193, -104.672
2805, 46.75000, 0.664125, -34.3556, 1.66342, -11.5243, 1.17365, -157.852, 6.13857E-005, 42.6725, 0.000625812, 58.3762, 0.000237688, -104.646
2806, 46.75833, 0.663952, -34.4345, 1.6643, -11.5308, 1.17657, -157.853, 6.13717E-005, 42.5923, 0.000626358, 58.3761, 0.000238183, -104.621
2806, 46.76667, 0.663777, -34.5133, 1.66518, -11.5373, 1.1795, -157.854, 6.13576E-005, 42.512, 0.000626903, 58.3761, 0.000238678, -104.595
2807, 46.77500, 0.663601, -34.5922, 1.66605, -11.5438, 1.18242, -157.856, 6.13433E-005, 42.4318, 0.000627448, 58.3762, 0.000239174, -104.569
2807, 46.78333, 0.663424, -34.671, 1.66693, -11.5502, 1.18534, -157.857, 6.13289E-005, 42.3515, 0.000627993, 58.3762, 0.000239671, -104.544
2808, 46.79167, 0.663245, -34.7499, 1.6678, -11.5565, 1.18827, -157.859, 6.13143E-005, 42.2711, 0.000628537, 58.3764, 0.000240168, -104.519
2808, 46.80000, 0.663065, -34.8287, 1.66867, -11.5628, 1.1912, -157.86, 6.12996E-005, 42.1908, 0.000629081, 58.3765, 0.000240665, -104.494
2809, 46.80833, 0.662883, -34.9076, 1.66954, -11.569, 1.19412, -157.862, 6.12847E-005, 42.1104, 0.000629624, 58.3767, 0.000241163, -104.469
2809, 46.81667, 0.6627, -34.9864, 1.67041, -11.5751, 1.19705, -157.864, 6.12696E-005, 42.0299, 0.000630167, 58.377, 0.000241661, -104.444
2810, 46.82500, 0.662516, -35.0652, 1.67128, -11.5812, 1.19998, -157.866, 6.12544E-005, 41.9495, 0.00063071, 58.3773, 0.000242159, -104.419
2810, 46.83333, 0.66233, -35.1441, 1.67214, -11.5872, 1.20291, -157.868, 6.12391E-005, 41.869, 0.000631253, 58.3776, 0.000242658, -104.395
2811, 46.84167, 0.662142, -35.2229, 1.67301, -11.5932, 1.20585, -157.871, 6.12236E-005, 41.7885, 0.000631795, 58.378, 0.000243158, -104.37
2811, 46.85000, 0.661954, -35.3017, 1.67387, -11.5991, 1.20878, -157.873, 6.12079E-005, 41.7079, 0.000632337, 58.3784, 0.000243658, -104.346
2812, 46.85833, 0.661763, -35.3805, 1.67473, -11.6049, 1.21171, -157.876, 6.11921E-005, 41.6274, 0.000632878, 58.3788, 0.000244158, -104.322
2812, 46.86667, 0.661572, -35.4594, 1.67559, -11.6107, 1.21465, -157.878, 6.11761E-005, 41.5467, 0.00063342, 58.3793, 0.000244659, -104.298
2813, 46.87500, 0.661379, -35.5382, 1.67645, -11.6164, 1.21759, -157.881, 6.116E-005, 41.4661, 0.00063396, 58.3799, 0.00024516, -104.274
2813, 46.88333, 0.661184, -35.6169, 1.6773, -11.6221, 1.22052, -157.884, 6.11437E-005, 41.3855, 0.000634501, 58.3805, 0.000245661, -104.25
2814, 46.89167, 0.660988, -35.6957, 1.67815, -11.6277, 1.22346, -157.887, 6.11273E-005, 41.3048, 0.000635041, 58.3811, 0.000246163, -104.227
2814, 46.90000, 0.660791, -35.7745, 1.67901, -11.6332, 1.2264, -157.89, 6.11107E-005, 41.224, 0.000635581, 58.3818, 0.000246666, -104.203
2814, 46.90833, 0.660592, -35.8533, 1.67986, -11.6387, 1.22934, -157.894, 6.1094E-005, 41.1433, 0.000636121, 58.3826, 0.000247169, -104.18
2815, 46.91667, 0.660391, -35.9321, 1.68071, -11.6441, 1.23228, -157.897, 6.10771E-005, 41.0625, 0.00063666, 58.3833, 0.000247672, -104.157
2816, 46.92500, 0.660189, -36.0108, 1.68155, -11.6494, 1.23522, -157.901, 6.106E-005, 40.9818, 0.000637199, 58.3842, 0.000248176, -104.134
2816, 46.93333, 0.659986, -36.0895, 1.6824, -11.6547, 1.23817, -157.904, 6.10428E-005, 40.9009, 0.000637737, 58.385, 0.00024868, -104.111
2817, 46.94167, 0.659781, -36.1683, 1.68324, -11.6599, 1.24111, -157.908, 6.10254E-005, 40.8201, 0.000638276, 58.3859, 0.000249185, -104.088
2817, 46.95000, 0.659575, -36.247, 1.68408, -11.665, 1.24406, -157.912, 6.10079E-005, 40.7392, 0.000638814, 58.3869, 0.00024969, -104.066
2818, 46.95833, 0.659367, -36.3257, 1.68493, -11.6701, 1.247, -157.916, 6.09902E-005, 40.6583, 0.000639351, 58.3879, 0.000250195, -104.043
2818, 46.96667, 0.659158, -36.4044, 1.68576, -11.6751, 1.24995, -157.92, 6.09724E-005, 40.5774, 0.000639888, 58.389, 0.000250701, -104.021
2818, 46.97500, 0.658947, -36.4831, 1.6866, -11.68, 1.2529, -157.924, 6.09543E-005, 40.4965, 0.000640425, 58.3901, 0.000251207, -103.999
2819, 46.98333, 0.658735, -36.5618, 1.68744, -11.6849, 1.25585, -157.929, 6.09362E-005, 40.4156, 0.000640962, 58.3912, 0.000251714, -103.977
2820, 46.99167, 0.658521, -36.6404, 1.68827, -11.6897, 1.2588, -157.933, 6.09179E-005, 40.3346, 0.000641498, 58.3924, 0.000252221, -103.955
2820, 47.00000, 0.658306, -36.7191, 1.6891, -11.6945, 1.26175, -157.938, 6.08994E-005, 40.2536, 0.000642034, 58.3937, 0.000252729, -103.933
2821, 47.00833, 0.658089, -36.7977, 1.68994, -11.6991, 1.2647, -157.943, 6.08807E-005, 40.1726, 0.00064257, 58.395, 0.000253237, -103.911
2821, 47.01667, 0.657871, -36.8763, 1.69077, -11.7037, 1.26765, -157.947, 6.08619E-005, 40.0916, 0.000643106, 58.3964, 0.000253745, -103.89
2822, 47.02500, 0.657651, -36.9549, 1.69159, -11.7083, 1.27061, -157.952, 6.0843E-005, 40.0105, 0.000643641, 58.3978, 0.000254254, -103.868
2822, 47.03333, 0.65743, -37.0335, 1.69242, -11.7127, 1.27356, -157.958, 6.08238E-005, 39.9295, 0.000644175, 58.3992, 0.000254764, -103.847
2822, 47.04167, 0.657207, -37.112, 1.69324, -11.7171, 1.27652, -157.963, 6.08045E-005, 39.8484, 0.00064471, 58.4007, 0.000255273, -103.826
2823, 47.05000, 0.656982, -37.1906, 1.69407, -11.7215, 1.27947, -157.968, 6.07851E-005, 39.7673, 0.000645244, 58.4023, 0.000255784, -103.805
2824, 47.05833, 0.656756, -37.2691, 1.69489, -11.7257, 1.28243, -157.973, 6.07655E-005, 39.6862, 0.000645778, 58.4039, 0.000256294, -103.784
2824, 47.06667, 0.656529, -37.3476, 1.69571, -11.7299, 1.28539, -157.979, 6.07457E-005, 39.605, 0.000646312, 58.4055, 0.000256805, -103.764
2825, 47.07500, 0.6563, -37.4261, 1.69653, -11.734, 1.28835, -157.984, 6.07258E-005, 39.5239, 0.000646845, 58.4072, 0.000257317, -103.743
2825, 47.08333, 0.65607, -37.5046, 1.69735, -11.738, 1.29131, -157.99, 6.07057E-005, 39.4427, 0.000647378, 58.409, 0.000257828, -103.722
2826, 47.09167, 0.655838, -37.583, 1.69816, -11.742, 1.29427, -157.996, 6.06854E-005, 39.3616, 0.000647911, 58.4108, 0.000258341, -103.702
2826, 47.10000, 0.655604, -37.6615, 1.69897, -11.7459, 1.29723, -158.002, 6.0665E-005, 39.2804, 0.000648443, 58.4126, 0.000258854, -103.682
2826, 47.10833, 0.655369, -37.7399, 1.69979, -11.7497, 1.30019, -158.008, 6.06444E-005, 39.1992, 0.000648975, 58.4145, 0.000259367, -103.662
2827, 47.11667, 0.655132, -37.8182, 1.7006, -11.7535, 1.30316, -158.014, 6.06237E-005, 39.118, 0.000649507, 58.4165, 0.00025988, -103.642
2828, 47.12500, 0.654894, -37.8966, 1.70141, -11.7572, 1.30612, -158.021, 6.06027E-005, 39.0368, 0.000650038, 58.4185, 0.000260394, -103.622
2828, 47.13333, 0.654654, -37.9749, 1.70222, -11.7608, 1.30909, -158.027, 6.05817E-005, 38.9555, 0.00065057, 58.4206, 0.000260909, -103.602
2829, 47.14167, 0.654413, -38.0533, 1.70302, -11.7643, 1.31205, -158.033, 6.05604E-005, 38.8743, 0.000651101, 58.4227, 0.000261423, -103.583
2829, 47.15000, 0.65417, -38.1315, 1.70383, -11.7678, 1.31502, -158.04, 6.0539E-005, 38.793, 0.000651631, 58.4249, 0.000261939, -103.563
2830, 47.15833, 0.653926, -38.2098, 1.70463, -11.7712, 1.31799, -158.047, 6.05175E-005, 38.7118, 0.000652162, 58.4271, 0.000262454, -103.544
2830, 47.16667, 0.65368, -38.288, 1.70543, -11.7745, 1.32096, -158.054, 6.04957E-005, 38.6305, 0.000652692, 58.4294, 0.00026297, -103.525
2830, 47.17500, 0.653433, -38.3662, 1.70623, -11.7777, 1.32392, -158.06, 6.04738E-005, 38.5492, 0.000653222, 58.4317, 0.000263487, -103.506
2831, 47.18333, 0.653184, -38.4444, 1.70703, -11.7809, 1.32689, -158.067, 6.04518E-005, 38.468, 0.000653751, 58.4341, 0.000264004, -103.487
2832, 47.19167, 0.652933, -38.5226, 1.70783, -11.784, 1.32987, -158.075, 6.04296E-005, 38.3867, 0.000654281, 58.4365, 0.000264521, -103.468
2832, 47.20000, 0.652681, -38.6007, 1.70863, -11.787, 1.33284, -158.082, 6.04072E-005, 38.3054, 0.00065481, 58.439, 0.000265039, -103.449
2833, 47.20833, 0.652427, -38.6788, 1.70942, -11.7899, 1.33581, -158.089, 6.03846E-005, 38.2241, 0.000655338, 58.4416, 0.000265557, -103.43
2833, 47.21667, 0.652172, -38.7569, 1.71022, -11.7928, 1.33878, -158.097, 6.03619E-005, 38.1428, 0.000655867, 58.4442, 0.000266076, -103.412
2834, 47.22500, 0.651915, -38.8349, 1.71101, -11.7956, 1.34176, -158.104, 6.0339E-005, 38.0615, 0.000656395, 58.4468, 0.000266595, -103.394
2834, 47.23333, 0.651656, -38.9129, 1.7118, -11.7983, 1.34473, -158.112, 6.0316E-005, 37.9802, 0.000656923, 58.4496, 0.000267114, -103.375
2834, 47.24167, 0.651396, -38.9909, 1.71259, -11.8009, 1.34771, -158.119, 6.02927E-005, 37.8989, 0.000657451, 58.4523, 0.000267634, -103.357
2835, 47.25000, 0.651135, -39.0688, 1.71338, -11.8035, 1.35068, -158.127, 6.02694E-005, 37.8176, 0.000657979, 58.4552, 0.000268154, -103.339
2836, 47.25833, 0.650872, -39.1467, 1.71416, -11.806, 1.35366, -158.135, 6.02458E-005, 37.7362, 0.000658506, 58.458, 0.000268675, -103.321
2836, 47.26667, 0.650607, -39.2246, 1.71495, -11.8084, 1.35664, -158.143, 6.02221E-005, 37.6549, 0.000659033, 58.461, 0.000269196, -103.304
2837, 47.27500, 0.650341, -39.3025, 1.71573, -11.8107, 1.35961, -158.151, 6.01982E-005, 37.5736, 0.00065956, 58.464, 0.000269718, -103.286
2837, 47.28333, 0.650073, -39.3803, 1.71652, -11.8129, 1.36259, -158.16, 6.01742E-005, 37.4923, 0.000660086, 58.467, 0.000270239, -103.269
2838, 47.29167, 0.649803, -39.4581, 1.7173, -11.8151, 1.36557, -158.168, 6.015E-005, 37.411, 0.000660612, 58.4702, 0.000270762, -103.251
2838, 47.30000, 0.649532, -39.5358, 1.71808, -11.8172, 1.36855, -158.176, 6.01256E-005, 37.3297, 0.000661138, 58.4733, 0.000271284, -103.234
2838, 47.30833, 0.64926, -39.6135, 1.71886, -11.8192, 1.37153, -158.185, 6.01011E-005, 37.2484, 0.000661664, 58.4766, 0.000271808, -103.217
2839, 47.31667, 0.648985, -39.6912, 1.71963, -11.8211, 1.37451, -158.194, 6.00763E-005, 37.1671, 0.00066219, 58.4799, 0.000272331, -103.2
2840, 47.32500, 0.648709, -39.7688, 1.72041, -11.8229, 1.3775, -158.202, 6.00515E-005, 37.0858, 0.000662715, 58.4832, 0.000272855, -103.183
2840, 47.33333, 0.648432, -39.8464, 1.72118, -11.8247, 1.38048, -158.211, 6.00264E-005, 37.0045, 0.00066324, 58.4866, 0.000273379, -103.166
2841, 47.34167, 0.648153, -39.9239, 1.72196, -11.8264, 1.38346, -158.22, 6.00012E-005, 36.9232, 0.000663765, 58.4901, 0.000273904, -103.149
2841, 47.35000, 0.647873, -40.0014, 1.72273, -11.828, 1.38645, -158.229, 5.99758E-005, 36.8419, 0.00066429, 58.4936, 0.000274429, -103.133
2842, 47.35833, 0.64759, -40.0789, 1.7235, -11.8295, 1.38943, -158.238, 5.99503E-005, 36.7606, 0.000664814, 58.4972, 0.000274955, -103.116
2842, 47.36667, 0.647307, -40.1563, 1.72427, -11.831, 1.39242, -158.247, 5.99246E-005, 36.6793, 0.000665339, 58.5008, 0.000275481, -103.1
2842, 47.37500, 0.647021, -40.2337, 1.72504, -11.8323, 1.3954, -158.257, 5.98987E-005, 36.5981, 0.000665863, 58.5045, 0.000276007, -103.084
2843, 47.38333, 0.646735, -40.3111, 1.72581, -11.8336, 1.39839, -158.266, 5.98727E-005, 36.5168, 0.000666387, 58.5082, 0.000276534, -103.067
2844, 47.39167, 0.646446, -40.3884, 1.72657, -11.8348, 1.40138, -158.275, 5.98465E-005, 36.4356, 0.00066691, 58.5121, 0.000277061, -103.051
2844, 47.40000, 0.646156, -40.4656, 1.72734, -11.8359, 1.40436, -158.285, 5.98201E-005, 36.3544, 0.000667434, 58.5159, 0.000277589, -103.035
2845, 47.40833, 0.645864, -40.5428, 1.7281, -11.8369, 1.40735, -158.295, 5.97936E-005, 36.2731, 0.000667957, 58.5199, 0.000278117, -103.02
2845, 47.41667, 0.645571, -40.62, 1.72887, -11.8379, 1.41034, -158.304, 5.97668E-005, 36.1919, 0.00066848, 58.5239, 0.000278645, -103.004
2846, 47.42500, 0.645276, -40.6971, 1.72963, -11.8387, 1.41333, -158.314, 5.974E-005, 36.1107, 0.000669003, 58.5279, 0.000279174, -102.988
2846, 47.43333, 0.64498, -40.7742, 1.73039, -11.8395, 1.41632, -158.324, 5.97129E-005, 36.0295, 0.000669526, 58.5321, 0.000279703, -102.973
2846, 47.44167, 0.644682, -40.8513, 1.73115, -11.8402, 1.41931, -158.334, 5.96857E-005, 35.9483, 0.000670048, 58.5362, 0.000280233, -102.958
2847, 47.45000, 0.644382, -40.9282, 1.7319, -11.8408, 1.4223, -158.344, 5.96583E-005, 35.8672, 0.000670571, 58.5405, 0.000280763, -102.942
2848, 47.45833, 0.644081, -41.0052, 1.73266, -11.8413, 1.42529, -158.354, 5.96308E-005, 35.786, 0.000671093, 58.5448, 0.000281293, -102.927
2848, 47.46667, 0.643778, -41.0821, 1.73342, -11.8418, 1.42828, -158.365, 5.96031E-005, 35.7049, 0.000671615, 58.5491, 0.000281824, -102.912
2849, 47.47500, 0.643474, -41.1589, 1.73417, -11.8421, 1.43128, -158.375, 5.95752E-005, 35.6238, 0.000672137, 58.5536, 0.000282355, -102.897
2849, 47.48333, 0.643168, -41.2357, 1.73492, -11.8424, 1.43427, -158.385, 5.95472E-005, 35.5427, 0.000672658, 58.558, 0.000282886, -102.882
2850, 47.49167, 0.64286, -41.3124, 1.73568, -11.8426, 1.43726, -158.396, 5.9519E-005, 35.4616, 0.00067318, 58.5626, 0.000283418, -102.868
2850, 47.50000, 0.642551, -41.3891, 1.73643, -11.8427, 1.44026, -158.407, 5.94906E-005, 35.3805, 0.000673701, 58.5672, 0.000283951, -102.853
2850, 47.50833, 0.64224, -41.4658, 1.73718, -11.8427, 1.44325, -158.417, 5.94621E-005, 35.2995, 0.000674222, 58.5719, 0.000284483, -102.839
2851, 47.51667, 0.641928, -41.5423, 1.73793, -11.8426, 1.44625, -158.428, 5.94333E-005, 35.2185, 0.000674743, 58.5766, 0.000285016, -102.824
2852, 47.52500, 0.641614, -41.6189, 1.73868, -11.8424, 1.44924, -158.439, 5.94045E-005, 35.1375, 0.000675264, 58.5814, 0.00028555, -102.81
2852, 47.53333, 0.641299, -41.6953, 1.73942, -11.8422, 1.45224, -158.45, 5.93754E-005, 35.0565, 0.000675785, 58.5863, 0.000286084, -102.796
2853, 47.54167, 0.640982, -41.7718, 1.74017, -11.8419, 1.45523, -158.461, 5.93462E-005, 34.9755, 0.000676305, 58.5912, 0.000286618, -102.782
2853, 47.55000, 0.640663, -41.8481, 1.74092, -11.8414, 1.45823, -158.472, 5.93168E-005, 34.8946, 0.000676826, 58.5962, 0.000287153, -102.768
2854, 47.55833, 0.640343, -41.9244, 1.74166, -11.8409, 1.46123, -158.483, 5.92873E-005, 34.8137, 0.000677346, 58.6012, 0.000287688, -102.754
2854, 47.56667, 0.640021, -42.0007, 1.7424, -11.8403, 1.46422, -158.494, 5.92576E-005, 34.7327, 0.000677866, 58.6064, 0.000288223, -102.74
2854, 47.57500, 0.639698, -42.0769, 1.74315, -11.8397, 1.46722, -158.506, 5.92277E-005, 34.6519, 0.000678386, 58.6115, 0.000288759, -102.727
2855, 47.58333, 0.639373, -42.153, 1.74389, -11.8389, 1.47022, -158.517, 5.91977E-005, 34.571, 0.000678906, 58.6168, 0.000289295, -102.713
2856, 47.59167, 0.639046, -42.2291, 1.74463, -11.838, 1.47322, -158.529, 5.91675E-005, 34.4902, 0.000679426, 58.6221, 0.000289832, -102.7
2856, 47.60000, 0.638718, -42.3051, 1.74537, -11.8371, 1.47622, -158.54, 5.91371E-005, 34.4094, 0.000679946, 58.6274, 0.000290369, -102.686
2857, 47.60833, 0.638388, -42.3811, 1.74611, -11.836, 1.47922, -158.552, 5.91066E-005, 34.3287, 0.000680466, 58.6329, 0.000290906, -102.673
2857, 47.61667, 0.638057, -42.457, 1.74684, -11.8349, 1.48221, -158.564, 5.90759E-005, 34.2479, 0.000680985, 58.6384, 0.000291444, -102.66
2858, 47.62500, 0.637724, -42.5328, 1.74758, -11.8337, 1.48521, -158.576, 5.9045E-005, 34.1672, 0.000681505, 58.6439, 0.000291982, -102.647
2858, 47.63333, 0.63739, -42.6086, 1.74832, -11.8324, 1.48821, -158.588, 5.9014E-005, 34.0865, 0.000682024, 58.6496, 0.00029252, -102.634
2858, 47.64167, 0.637054, -42.6843, 1.74905, -11.831, 1.49122, -158.6, 5.89828E-005, 34.0059, 0.000682543, 58.6553, 0.000293059, -102.621
2859, 47.65000, 0.636716, -42.7599, 1.74979, -11.8295, 1.49422, -158.612, 5.89515E-005, 33.9252, 0.000683062, 58.661, 0.000293599, -102.608
2860, 47.65833, 0.636377, -42.8355, 1.75052, -11.828, 1.49722, -158.624, 5.89199E-005, 33.8446, 0.000683581, 58.6668, 0.000294138, -102.596
2860, 47.66667, 0.636036, -42.911, 1.75125, -11.8263, 1.50022, -158.636, 5.88882E-005, 33.7641, 0.0006841, 58.6727, 0.000294678, -102.583
2861, 47.67500, 0.635694, -42.9865, 1.75198, -11.8245, 1.50322, -158.648, 5.88564E-005, 33.6836, 0.000684619, 58.6787, 0.000295219, -102.571
2861, 47.68333, 0.63535, -43.0619, 1.75271, -11.8227, 1.50622, -158.661, 5.88244E-005, 33.6031, 0.000685138, 58.6847, 0.000295759, -102.559
2862, 47.69167, 0.635005, -43.1372, 1.75345, -11.8208, 1.50923, -158.673, 5.87922E-005, 33.5226, 0.000685657, 58.6908, 0.0002963, -102.546
2862, 47.70000, 0.634658, -43.2124, 1.75417, -11.8187, 1.51223, -158.686, 5.87599E-005, 33.4422, 0.000686175, 58.6969, 0.000296842, -102.534
2862, 47.70833, 0.634309, -43.2876, 1.7549, -11.8166, 1.51523, -158.698, 5.87274E-005, 33.3618, 0.000686694, 58.7031, 0.000297384, -102.522
2863, 47.71667, 0.633959, -43.3627, 1.75563, -11.8144, 1.51823, -158.711, 5.86947E-005, 33.2814, 0.000687213, 58.7094, 0.000297926, -102.51
2864, 47.72500, 0.633607, -43.4378, 1.75636, -11.8121, 1.52124, -158.724, 5.86619E-005, 33.2011, 0.000687731, 58.7158, 0.000298468, -102.498
2864, 47.73333, 0.633254, -43.5127, 1.75709, -11.8097, 1.52424, -158.737, 5.86289E-005, 33.1208, 0.00068825, 58.7222, 0.000299011, -102.487
2865, 47.74167, 0.632899, -43.5877, 1.75781, -11.8072, 1.52724, -158.75, 5.85957E-005, 33.0406, 0.000688768, 58.7287, 0.000299555, -102.475
2865, 47.75000, 0.632543, -43.6625, 1.75854, -11.8047, 1.53025, -158.762, 5.85624E-005, 32.9604, 0.000689286, 58.7352, 0.000300098, -102.464
2866, 47.75833, 0.632185, -43.7372, 1.75926, -11.802, 1.53325, -158.776, 5.85289E-005, 32.8802, 0.000689805, 58.7418, 0.000300642, -102.452
2866, 47.76667, 0.631826, -43.8119, 1.75999, -11.7993, 1.53626, -158.789, 5.84953E-005, 32.8001, 0.000690323, 58.7485, 0.000301187, -102.441
2866, 47.77500, 0.631465, -43.8865, 1.76071, -11.7964, 1.53926, -158.802, 5.84615E-005, 32.72, 0.000690841, 58.7553, 0.000301732, -102.429
2867, 47.78333, 0.631103, -43.9611, 1.76143, -11.7935, 1.54227, -158.815, 5.84275E-005, 32.64, 0.00069136, 58.7621, 0.000302277, -102.418
2868, 47.79167, 0.630739, -44.0355, 1.76216, -11.7904, 1.54527, -158.828, 5.83934E-005, 32.56, 0.000691878, 58.7689, 0.000302822, -102.407
2868, 47.80000, 0.630373, -44.1099, 1.76288, -11.7873, 1.54828, -158.842, 5.83591E-005, 32.48, 0.000692396, 58.7759, 0.000303368, -102.396
2869, 47.80833, 0.630006, -44.1842, 1.7636, -11.7841, 1.55128, -158.855, 5.83246E-005, 32.4001, 0.000692915, 58.7829, 0.000303914, -102.385
2869, 47.81667, 0.629637, -44.2584, 1.76432, -11.7808, 1.55429, -158.869, 5.829E-005, 32.3203, 0.000693433, 58.79, 0.000304461, -102.375
2870, 47.82500, 0.629267, -44.3326, 1.76504, -11.7774, 1.55729, -158.882, 5.82553E-005, 32.2405, 0.000693951, 58.7971, 0.000305008, -102.364
2870, 47.83333, 0.628896, -44.4067, 1.76576, -11.7739, 1.5603, -158.896, 5.82203E-005, 32.1607, 0.000694469, 58.8043, 0.000305555, -102.353
2870, 47.84167, 0.628522, -44.4806, 1.76648, -11.7703, 1.5633, -158.91, 5.81852E-005, 32.081, 0.000694988, 58.8116, 0.000306103, -102.343
2871, 47.85000, 0.628148, -44.5546, 1.7672, -11.7666, 1.56631, -158.924, 5.815E-005, 32.0013, 0.000695506, 58.819, 0.000306651, -102.332
2872, 47.85833, 0.627772, -44.6284, 1.76791, -11.7628, 1.56931, -158.937, 5.81146E-005, 31.9217, 0.000696024, 58.8264, 0.000307199, -102.322
2872, 47.86667, 0.627394, -44.7021, 1.76863, -11.759, 1.57232, -158.951, 5.8079E-005, 31.8421, 0.000696543, 58.8339, 0.000307748, -102.312
2873, 47.87500, 0.627015, -44.7758, 1.76935, -11.755, 1.57533, -158.965, 5.80433E-005, 31.7625, 0.000697061, 58.8414, 0.000308297, -102.302
2873, 47.88333, 0.626634, -44.8494, 1.77007, -11.7509, 1.57833, -158.979, 5.80074E-005, 31.6831, 0.00069758, 58.8491, 0.000308846, -102.291
2874, 47.89167, 0.626252, -44.9229, 1.77078, -11.7468, 1.58134, -158.993, 5.79714E-005, 31.6036, 0.000698098, 58.8567, 0.000309396, -102.281
2874, 47.90000, 0.625868, -44.9963, 1.7715, -11.7425, 1.58434, -159.008, 5.79352E-005, 31.5243, 0.000698617, 58.8645, 0.000309946, -102.272
2874, 47.90833, 0.625483, -45.0696, 1.77221, -11.7382, 1.58735, -159.022, 5.78988E-005, 31.4449, 0.000699135, 58.8723, 0.000310497, -102.262
2875, 47.91667, 0.625096, -45.1429, 1.77293, -11.7338, 1.59036, -159.036, 5.78623E-005, 31.3657, 0.000699654, 58.8802, 0.000311048, -102.252
2876, 47.92500, 0.624708, -45.216, 1.77364, -11.7292, 1.59336, -159.05, 5.78256E-005, 31.2864, 0.000700173, 58.8882, 0.000311599, -102.242
2876, 47.93333, 0.624318, -45.2891, 1.77436, -11.7246, 1.59637, -159.065, 5.77888E-005, 31.2073, 0.000700691, 58.8962, 0.00031215, -102.233
2877, 47.94167, 0.623927, -45.3621, 1.77507, -11.7199, 1.59938, -159.079, 5.77518E-005, 31.1282, 0.00070121, 58.9043, 0.000312702, -102.223
2877, 47.95000, 0.623535, -45.435, 1.77579, -11.7151, 1.60238, -159.094, 5.77147E-005, 31.0491, 0.000701729, 58.9125, 0.000313254, -102.214
2878, 47.95833, 0.62314, -45.5078, 1.7765, -11.7102, 1.60539, -159.109, 5.76774E-005, 30.9701, 0.000702248, 58.9207, 0.000313807, -102.205
2878, 47.96667, 0.622745, -45.5805, 1.77721, -11.7052, 1.60839, -159.123, 5.764E-005, 30.8912, 0.000702767, 58.929, 0.00031436, -102.196
2878, 47.97500, 0.622348, -45.6531, 1.77793, -11.7001, 1.6114, -159.138, 5.76024E-005, 30.8123, 0.000703287, 58.9374, 0.000314913, -102.187
2879, 47.98333, 0.621949, -45.7256, 1.77864, -11.6949, 1.61441, -159.153, 5.75646E-005, 30.7335, 0.000703806, 58.9458, 0.000315466, -102.177
2880, 47.99167, 0.621549, -45.7981, 1.77935, -11.6896, 1.61741, -159.168, 5.75267E-005, 30.6547, 0.000704325, 58.9543, 0.00031602, -102.169
2880, 48.00000, 0.621148, -45.8704, 1.78006, -11.6842, 1.62042, -159.182, 5.74886E-005, 30.5761, 0.000704845, 58.9629, 0.000316574, -102.16
2881, 48.00833, 0.620745, -45.9427, 1.78078, -11.6787, 1.62342, -159.197, 5.74504E-005, 30.4974, 0.000705365, 58.9715, 0.000317129, -102.151
2881, 48.01667, 0.620341, -46.0148, 1.78149, -11.6732, 1.62643, -159.212, 5.7412E-005, 30.4188, 0.000705884, 58.9802, 0.000317684, -102.142
2882, 48.02500, 0.619935, -46.0869, 1.7822, -11.6675, 1.62944, -159.227, 5.73735E-005, 30.3403, 0.000706404, 58.989, 0.000318239, -102.134
2882, 48.03333, 0.619528, -46.1588, 1.78291, -11.6617, 1.63244, -159.243, 5.73349E-005, 30.2619, 0.000706924, 58.9978, 0.000318795, -102.125
2883, 48.04167, 0.619119, -46.2307, 1.78363, -11.6559, 1.63545, -159.258, 5.7296E-005, 30.1835, 0.000707444, 59.0067, 0.000319351, -102.117
2883, 48.05000, 0.618709, -46.3025, 1.78434, -11.6499, 1.63845, -159.273, 5.7257E-005, 30.1052, 0.000707965, 59.0157, 0.000319907, -102.108
2884, 48.05833, 0.618297, -46.3741, 1.78505, -11.6439, 1.64146, -159.288, 5.72179E-005, 30.0269, 0.000708485, 59.0248, 0.000320463, -102.1
2884, 48.06667, 0.617884, -46.4457, 1.78576, -11.6377, 1.64446, -159.304, 5.71786E-005, 29.9487, 0.000709006, 59.0339, 0.00032102, -102.092
2885, 48.07500, 0.61747, -46.5172, 1.78647, -11.6315, 1.64747, -159.319, 5.71392E-005, 29.8706, 0.000709526, 59.0431, 0.000321577, -102.084
2885, 48.08333, 0.617054, -46.5886, 1.78718, -11.6252, 1.65047, -159.334, 5.70997E-005, 29.7926, 0.000710047, 59.0523, 0.000322135, -102.076
2886, 48.09167, 0.616637, -46.6599, 1.78789, -11.6188, 1.65348, -159.35, 5.70599E-005, 29.7146, 0.000710568, 59.0617, 0.000322693, -102.068
2886, 48.10000, 0.616219, -46.731, 1.78861, -11.6122, 1.65648, -159.366, 5.70201E-005, 29.6367, 0.00071109, 59.0711, 0.000323251, -102.06
2887, 48.10833, 0.615799, -46.8021, 1.78932, -11.6056, 1.65949, -159.381, 5.698E-005, 29.5588, 0.000711611, 59.0805, 0.00032381, -102.052
2887, 48.11667, 0.615377, -46.8731, 1.79003, -11.5989, 1.66249, -159.397, 5.69399E-005, 29.4811, 0.000712133, 59.09, 0.000324368, -102.044
2888, 48.12500, 0.614954, -46.9439, 1.79074, -11.5921, 1.66549, -159.412, 5.68995E-005, 29.4034, 0.000712654, 59.0996, 0.000324928, -102.037
2888, 48.13333, 0.61453, -47.0147, 1.79145, -11.5852, 1.6685, -159.428, 5.68591E-005, 29.3257, 0.000713176, 59.1093, 0.000325487, -102.029
2889, 48.14167, 0.614105, -47.0854, 1.79216, -11.5782, 1.6715, -159.444, 5.68185E-005, 29.2482, 0.000713699, 59.119, 0.000326047, -102.022
2889, 48.15000, 0.613678, -47.1559, 1.79288, -11.5711, 1.67451, -159.46, 5.67777E-005, 29.1707, 0.000714221, 59.1288, 0.000326607, -102.014
2890, 48.15833, 0.61325, -47.2263, 1.79359, -11.5639, 1.67751, -159.476, 5.67368E-005, 29.0933, 0.000714744, 59.1387, 0.000327167, -102.007
2890, 48.16667, 0.61282, -47.2967, 1.7943, -11.5566, 1.68051, -159.492, 5.66958E-005, 29.016, 0.000715267, 59.1487, 0.000327728, -102
2891, 48.17500, 0.612389, -47.3669, 1.79501, -11.5493, 1.68351, -159.508, 5.66546E-005, 28.9387, 0.00071579, 59.1587, 0.000328289, -101.993
2891, 48.18333, 0.611957, -47.437, 1.79572, -11.5418, 1.68652, -159.524, 5.66133E-005, 28.8615, 0.000716313, 59.1687, 0.000328851, -101.986
2892, 48.19167, 0.611523, -47.507, 1.79644, -11.5342, 1.68952, -159.54, 5.65718E-005, 28.7844, 0.000716836, 59.1789, 0.000329412, -101.979
2892, 48.20000, 0.611088, -47.5769, 1.79715, -11.5265, 1.69252, -159.556, 5.65302E-005, 28.7074, 0.00071736, 59.1891, 0.000329974, -101.972
2893, 48.20833, 0.610651, -47.6467, 1.79786, -11.5188, 1.69552, -159.572, 5.64884E-005, 28.6305, 0.000717884, 59.1994, 0.000330537, -101.965
2893, 48.21667, 0.610214, -47.7164, 1.79858, -11.5109, 1.69853, -159.588, 5.64465E-005, 28.5536, 0.000718408, 59.2097, 0.000331099, -101.958
2894, 48.22500, 0.609774, -47.786, 1.79929, -11.503, 1.70153, -159.605, 5.64044E-005, 28.4768, 0.000718933, 59.2201, 0.000331662, -101.951
2894, 48.23333, 0.609334, -47.8554, 1.8, -11.4949, 1.70453, -159.621, 5.63623E-005, 28.4001, 0.000719458, 59.2306, 0.000332225, -101.945
2895, 48.24167, 0.608892, -47.9248, 1.80072, -11.4868, 1.70753, -159.637, 5.63199E-005, 28.3235, 0.000719983, 59.2411, 0.000332789, -101.938
2895, 48.25000, 0.608449, -47.994, 1.80143, -11.4786, 1.71053, -159.654, 5.62775E-005, 28.2469, 0.000720508, 59.2518, 0.000333353, -101.932
2896, 48.25833, 0.608005, -48.0631, 1.80215, -11.4702, 1.71353, -159.67, 5.62349E-005, 28.1705, 0.000721033, 59.2624, 0.000333917, -101.925
2896, 48.26667, 0.607559, -48.1321, 1.80286, -11.4618, 1.71653, -159.687, 5.61921E-005, 28.0941, 0.000721559, 59.2732, 0.000334482, -101.919
2897, 48.27500, 0.607112, -48.201, 1.80358, -11.4533, 1.71953, -159.703, 5.61492E-005, 28.0178, 0.000722085, 59.284, 0.000335046, -101.912
2897, 48.28333, 0.606664, -48.2698, 1.80429, -11.4447, 1.72253, -159.72, 5.61062E-005, 27.9416, 0.000722612, 59.2949, 0.000335612, -101.906
2898, 48.29167, 0.606214, -48.3384, 1.80501, -11.436, 1.72553, -159.737, 5.6063E-005, 27.8655, 0.000723139, 59.3059, 0.000336177, -101.9
2898, 48.30000, 0.605763, -48.407, 1.80573, -11.4272, 1.72852, -159.753, 5.60197E-005, 27.7894, 0.000723666, 59.3169, 0.000336743, -101.894
2899, 48.30833, 0.605311, -48.4754, 1.80644, -11.4183, 1.73152, -159.77, 5.59763E-005, 27.7135, 0.000724193, 59.328, 0.000337309, -101.888
2899, 48.31667, 0.604858, -48.5437, 1.80716, -11.4093, 1.73452, -159.787, 5.59327E-005, 27.6376, 0.000724721, 59.3391, 0.000337875, -101.882
2900, 48.32500, 0.604403, -48.6119, 1.80788, -11.4002, 1.73752, -159.804, 5.5889E-005, 27.5618, 0.000725249, 59.3503, 0.000338442, -101.876
2900, 48.33333, 0.603947, -48.6799, 1.8086, -11.391, 1.74051, -159.82, 5.58452E-005, 27.4862, 0.000725777, 59.3616, 0.000339009, -101.871
2901, 48.34167, 0.60349, -48.7478, 1.80932, -11.3818, 1.74351, -159.837, 5.58012E-005, 27.4106, 0.000726306, 59.373, 0.000339576, -101.865
2901, 48.35000, 0.603032, -48.8157, 1.81004, -11.3724, 1.74651, -159.854, 5.57571E-005, 27.3351, 0.000726835, 59.3844, 0.000340143, -101.859
2902, 48.35833, 0.602572, -48.8833, 1.81076, -11.3629, 1.7495, -159.871, 5.57129E-005, 27.2597, 0.000727364, 59.3959, 0.000340711, -101.854
2902, 48.36667, 0.602111, -48.9509, 1.81148, -11.3534, 1.7525, -159.888, 5.56685E-005, 27.1843, 0.000727894, 59.4075, 0.000341279, -101.848
2903, 48.37500, 0.601649, -49.0183, 1.8122, -11.3437, 1.75549, -159.905, 5.5624E-005, 27.1091, 0.000728424, 59.4191, 0.000341848, -101.843
2903, 48.38333, 0.601186, -49.0857, 1.81292, -11.334, 1.75849, -159.922, 5.55793E-005, 27.034, 0.000728954, 59.4308, 0.000342416, -101.837
2904, 48.39167, 0.600721, -49.1529, 1.81364, -11.3242, 1.76148, -159.939, 5.55346E-005, 26.9589, 0.000729485, 59.4425, 0.000342985, -101.832
2904, 48.40000, 0.600255, -49.2199, 1.81437, -11.3142, 1.76447, -159.956, 5.54897E-005, 26.884, 0.000730016, 59.4543, 0.000343555, -101.827
2905, 48.40833, 0.599788, -49.2869, 1.81509, -11.3042, 1.76747, -159.974, 5.54446E-005, 26.8091, 0.000730548, 59.4662, 0.000344124, -101.822
2905, 48.41667, 0.59932, -49.3537, 1.81582, -11.2941, 1.77046, -159.991, 5.53995E-005, 26.7344, 0.00073108, 59.4782, 0.000344694, -101.816
2906, 48.42500, 0.59885, -49.4204, 1.81654, -11.2839, 1.77345, -160.008, 5.53542E-005, 26.6597, 0.000731612, 59.4902, 0.000345264, -101.811
2906, 48.43333, 0.59838, -49.4869, 1.81727, -11.2736, 1.77645, -160.025, 5.53088E-005, 26.5852, 0.000732145, 59.5023, 0.000345835, -101.806
2907, 48.44167, 0.597908, -49.5533, 1.81799, -11.2632, 1.77944, -160.043, 5.52632E-005, 26.5107, 0.000732678, 59.5144, 0.000346405, -101.802
2907, 48.45000, 0.597435, -49.6196, 1.81872, -11.2527, 1.78243, -160.06, 5.52176E-005, 26.4363, 0.000733212, 59.5266, 0.000346976, -101.797
2908, 48.45833, 0.596961, -49.6858, 1.81945, -11.2422, 1.78542, -160.077, 5.51718E-005, 26.3621, 0.000733746, 59.5389, 0.000347548, -101.792
2908, 48.46667, 0.596485, -49.7518, 1.82018, -11.2315, 1.78841, -160.095, 5.51258E-005, 26.2879, 0.00073428, 59.5513, 0.000348119, -101.787
2909, 48.47500, 0.596009, -49.8177, 1.82091, -11.2207, 1.7914, -160.112, 5.50798E-005, 26.2139, 0.000734815, 59.5637, 0.000348691, -101.783
2909, 48.48333, 0.595531, -49.8835, 1.82164, -11.2099, 1.79439, -160.13, 5.50336E-005, 26.1399, 0.00073535, 59.5761, 0.000349263, -101.778
2910, 48.49167, 0.595053, -49.9491, 1.82237, -11.1989, 1.79738, -160.147, 5.49873E-005, 26.066, 0.000735886, 59.5887, 0.000349836, -101.773
2910, 48.50000, 0.594573, -50.0146, 1.8231, -11.1879, 1.80036, -160.165, 5.49409E-005, 25.9923, 0.000736422, 59.6013, 0.000350408, -101.769
2911, 48.50833, 0.594092, -50.08, 1.82384, -11.1768, 1.80335, -160.182, 5.48944E-005, 25.9186, 0.000736958, 59.614, 0.000350981, -101.765
2911, 48.51667, 0.593609, -50.1453, 1.82457, -11.1656, 1.80634, -160.2, 5.48477E-005, 25.8451, 0.000737495, 59.6267, 0.000351555, -101.76
2912, 48.52500, 0.593126, -50.2104, 1.82531, -11.1543, 1.80932, -160.218, 5.48009E-005, 25.7717, 0.000738033, 59.6395, 0.000352128, -101.756
2912, 48.53333, 0.592642, -50.2753, 1.82604, -11.1429, 1.81231, -160.235, 5.4754E-005, 25.6983, 0.000738571, 59.6523, 0.000352702, -101.752
2913, 48.54167, 0.592156, -50.3401, 1.82678, -11.1314, 1.8153, -160.253, 5.4707E-005, 25.6251, 0.000739109, 59.6653, 0.000353276, -101.748
2913, 48.55000, 0.591669, -50.4048, 1.82752, -11.1198, 1.81828, -160.271, 5.46598E-005, 25.552, 0.000739648, 59.6783, 0.000353851, -101.743
2914, 48.55833, 0.591182, -50.4694, 1.82826, -11.1081, 1.82127, -160.288, 5.46126E-005, 25.479, 0.000740188, 59.6913, 0.000354425, -101.739
2914, 48.56667, 0.590693, -50.5338, 1.829, -11.0964, 1.82425, -160.306, 5.45652E-005, 25.406, 0.000740727, 59.7044, 0.000355, -101.735
2915, 48.57500, 0.590203, -50.5981, 1.82974, -11.0845, 1.82723, -160.324, 5.45177E-005, 25.3332, 0.000741268, 59.7176, 0.000355575, -101.732
2915, 48.58333, 0.589712, -50.6622, 1.83048, -11.0726, 1.83022, -160.342, 5.44701E-005, 25.2606, 0.000741809, 59.7308, 0.000356151, -101.728
2916, 48.59167, 0.58922, -50.7262, 1.83122, -11.0606, 1.8332, -160.36, 5.44223E-005, 25.188, 0.00074235, 59.7441, 0.000356727, -101.724
2916, 48.60000, 0.588727, -50.79, 1.83196, -11.0484, 1.83618, -160.378, 5.43745E-005, 25.1155, 0.000742892, 59.7575, 0.000357303, -101.72
2917, 48.60833, 0.588233, -50.8537, 1.83271, -11.0362, 1.83916, -160.396, 5.43265E-005, 25.0432, 0.000743434, 59.7709, 0.000357879, -101.716
2917, 48.61667, 0.587737, -50.9173, 1.83346, -11.024, 1.84214, -160.413, 5.42784E-005, 24.9709, 0.000743977, 59.7844, 0.000358456, -101.713
2918, 48.62500, 0.587241, -50.9807, 1.8342, -11.0116, 1.84512, -160.431, 5.42302E-005, 24.8988, 0.000744521, 59.798, 0.000359032, -101.709
2918, 48.63333, 0.586744, -51.044, 1.83495, -10.9991, 1.8481, -160.449, 5.41819E-005, 24.8268, 0.000745065, 59.8116, 0.000359609, -101.706
2919, 48.64167, 0.586246, -51.1071, 1.8357, -10.9865, 1.85108, -160.467, 5.41335E-005, 24.7549, 0.000745609, 59.8253, 0.000360187, -101.702
2919, 48.65000, 0.585746, -51.1701, 1.83645, -10.9739, 1.85406, -160.485, 5.4085E-005, 24.6831, 0.000746155, 59.839, 0.000360765, -101.699
2920, 48.65833, 0.585246, -51.2329, 1.8372, -10.9612, 1.85703, -160.504, 5.40363E-005, 24.6114, 0.0007467, 59.8528, 0.000361342, -101.696
2920, 48.66667, 0.584744, -51.2957, 1.83796, -10.9483, 1.86001, -160.522, 5.39876E-005, 24.5399, 0.000747246, 59.8667, 0.000361921, -101.692
2921, 48.67500, 0.584242, -51.3582, 1.83871, -10.9354, 1.86299, -160.54, 5.39387E-005, 24.4684, 0.000747793, 59.8806, 0.000362499, -101.689
2921, 48.68333, 0.583739, -51.4206, 1.83947, -10.9225, 1.86596, -160.558, 5.38897E-005, 24.3971, 0.000748341, 59.8946, 0.000363078, -101.686
2922, 48.69167, 0.583234, -51.4828, 1.84022, -10.9094, 1.86894, -160.576, 5.38406E-005, 24.3259, 0.000748888, 59.9086, 0.000363657, -101.683
2922, 48.70000, 0.582729, -51.545, 1.84098, -10.8962, 1.87191, -160.594, 5.37914E-005, 24.2548, 0.000749437, 59.9227, 0.000364236, -101.68
2923, 48.70833, 0.582223, -51.6069, 1.84174, -10.883, 1.87489, -160.612, 5.37421E-005, 24.1838, 0.000749986, 59.9369, 0.000364816, -101.677
2923, 48.71667, 0.581715, -51.6687, 1.8425, -10.8696, 1.87786, -160.631, 5.36927E-005, 24.113, 0.000750536, 59.9511, 0.000365395, -101.674
2924, 48.72500, 0.581207, -51.7304, 1.84326, -10.8562, 1.88083, -160.649, 5.36432E-005, 24.0423, 0.000751086, 59.9654, 0.000365975, -101.671
2924, 48.73333, 0.580698, -51.7919, 1.84403, -10.8427, 1.8838, -160.667, 5.35936E-005, 23.9717, 0.000751637, 59.9797, 0.000366556, -101.668
2925, 48.74167, 0.580188, -51.8532, 1.84479, -10.8291, 1.88678, -160.685, 5.35439E-005, 23.9012, 0.000752188, 59.9941, 0.000367136, -101.665
2925, 48.75000, 0.579677, -51.9144, 1.84556, -10.8154, 1.88975, -160.704, 5.34941E-005, 23.8308, 0.000752741, 60.0086, 0.000367717, -101.662
2926, 48.75833, 0.579165, -51.9755, 1.84633, -10.8016, 1.89272, -160.722, 5.34441E-005, 23.7606, 0.000753293, 60.0231, 0.000368298, -101.66
2926, 48.76667, 0.578652, -52.0364, 1.8471, -10.7878, 1.89569, -160.74, 5.33941E-005, 23.6905, 0.000753847, 60.0377, 0.000368879, -101.657
2927, 48.77500, 0.578138, -52.0971, 1.84787, -10.7739, 1.89865, -160.759, 5.3344E-005, 23.6205, 0.000754401, 60.0523, 0.000369461, -101.654
2927, 48.78333, 0.577623, -52.1577, 1.84864, -10.7599, 1.90162, -160.777, 5.32937E-005, 23.5506, 0.000754955, 60.067, 0.000370043, -101.652
2928, 48.79167, 0.577108, -52.2181, 1.84941, -10.7458, 1.90459, -160.796, 5.32434E-005, 23.4809, 0.000755511, 60.0817, 0.000370625, -101.649
2928, 48.80000, 0.576591, -52.2784, 1.85019, -10.7316, 1.90756, -160.814, 5.31929E-005, 23.4113, 0.000756067, 60.0965, 0.000371207, -101.647
2929, 48.80833, 0.576074, -52.3385, 1.85096, -10.7173, 1.91052, -160.832, 5.31424E-005, 23.3418, 0.000756623, 60.1114, 0.00037179, -101.644
2929, 48.81667, 0.575556, -52.3985, 1.85174, -10.703, 1.91349, -160.851, 5.30918E-005, 23.2725, 0.00075718, 60.1263, 0.000372373, -101.642
2930, 48.82500, 0.575036, -52.4583, 1.85252, -10.6885, 1.91645, -160.869, 5.3041E-005, 23.2032, 0.000757738, 60.1413, 0.000372956, -101.64
2930, 48.83333, 0.574516, -52.5179, 1.8533, -10.674, 1.91942, -160.888, 5.29902E-005, 23.1341, 0.000758297, 60.1564, 0.000373539, -101.638
2931, 48.84167, 0.573996, -52.5774, 1.85408, -10.6594, 1.92238, -160.906, 5.29393E-005, 23.0652, 0.000758856, 60.1715, 0.000374123, -101.635
2931, 48.85000, 0.573474, -52.6367, 1.85487, -10.6448, 1.92534, -160.925, 5.28883E-005, 22.9963, 0.000759416, 60.1866, 0.000374707, -101.633
2932, 48.85833, 0.572951, -52.6959, 1.85565, -10.63, 1.9283, -160.943, 5.28371E-005, 22.9276, 0.000759977, 60.2018, 0.000375291, -101.631
2932, 48.86667, 0.572428, -52.7549, 1.85644, -10.6152, 1.93126, -160.962, 5.27859E-005, 22.8591, 0.000760538, 60.2171, 0.000375875, -101.629
2933, 48.87500, 0.571904, -52.8137, 1.85723, -10.6003, 1.93422, -160.98, 5.27346E-005, 22.7906, 0.0007611, 60.2324, 0.00037646, -101.627
2933, 48.88333, 0.571378, -52.8724, 1.85802, -10.5853, 1.93718, -160.999, 5.26832E-005, 22.7223, 0.000761663, 60.2478, 0.000377045, -101.625
2934, 48.89167, 0.570853, -52.9309, 1.85881, -10.5702, 1.94014, -161.017, 5.26317E-005, 22.6541, 0.000762226, 60.2632, 0.00037763, -101.623
2934, 48.90000, 0.570326, -52.9893, 1.8596, -10.555, 1.9431, -161.036, 5.25801E-005, 22.5861, 0.00076279, 60.2787, 0.000378216, -101.621
2935, 48.90833, 0.569798, -53.0475, 1.8604, -10.5398, 1.94606, -161.055, 5.25285E-005, 22.5182, 0.000763355, 60.2942, 0.000378801, -101.619
2935, 48.91667, 0.56927, -53.1055, 1.8612, -10.5245, 1.94902, -161.073, 5.24767E-005, 22.4504, 0.000763921, 60.3098, 0.000379387, -101.618
2936, 48.92500, 0.568741, -53.1634, 1.862, -10.5091, 1.95197, -161.092, 5.24248E-005, 22.3828, 0.000764487, 60.3255, 0.000379973, -101.616
2936, 48.93333, 0.568211, -53.2211, 1.8628, -10.4936, 1.95493, -161.111, 5.23729E-005, 22.3153, 0.000765054, 60.3412, 0.00038056, -101.614
2937, 48.94167, 0.567681, -53.2786, 1.8636, -10.4781, 1.95788, -161.129, 5.23209E-005, 22.2479, 0.000765622, 60.3569, 0.000381146, -101.613
2937, 48.95000, 0.567149, -53.336, 1.8644, -10.4625, 1.96084, -161.148, 5.22688E-005, 22.1807, 0.000766191, 60.3727, 0.000381733, -101.611
2938, 48.95833, 0.566617, -53.3932, 1.86521, -10.4468, 1.96379, -161.167, 5.22166E-005, 22.1136, 0.00076676, 60.3886, 0.00038232, -101.609
2938, 48.96667, 0.566084, -53.4502, 1.86602, -10.431, 1.96674, -161.185, 5.21643E-005, 22.0466, 0.00076733, 60.4045, 0.000382908, -101.608
2939, 48.97500, 0.565551, -53.5071, 1.86683, -10.4151, 1.96969, -161.204, 5.21119E-005, 21.9798, 0.000767901, 60.4205, 0.000383495, -101.607
2939, 48.98333, 0.565016, -53.5638, 1.86764, -10.3992, 1.97264, -161.223, 5.20594E-005, 21.9131, 0.000768473, 60.4365, 0.000384083, -101.605
2940, 48.99167, 0.564481, -53.6203, 1.86845, -10.3832, 1.97559, -161.241, 5.20069E-005, 21.8466, 0.000769045, 60.4526, 0.000384671, -101.604
2940, 49.00000, 0.563945, -53.6767, 1.86927, -10.3671, 1.97854, -161.26, 5.19542E-005, 21.7802, 0.000769618, 60.4687, 0.00038526, -101.602
2941, 49.00833, 0.563409, -53.7329, 1.87009, -10.3509, 1.98149, -161.279, 5.19015E-005, 21.7139, 0.000770192, 60.4849, 0.000385848, -101.601
2941, 49.01667, 0.562872, -53.7889, 1.8709, -10.3347, 1.98444, -161.298, 5.18487E-005, 21.6478, 0.000770767, 60.5011, 0.000386437, -101.6
2942, 49.02500, 0.562334, -53.8448, 1.87173, -10.3184, 1.98739, -161.316, 5.17959E-005, 21.5819, 0.000771343, 60.5174, 0.000387026, -101.599
2942, 49.03333, 0.561795, -53.9004, 1.87255, -10.302, 1.99034, -161.335, 5.17429E-005, 21.516, 0.000771919, 60.5337, 0.000387615, -101.597
2943, 49.04167, 0.561256, -53.9559, 1.87337, -10.2856, 1.99328, -161.354, 5.16899E-005, 21.4504, 0.000772496, 60.5501, 0.000388205, -101.596
2943, 49.05000, 0.560716, -54.0113, 1.8742, -10.2691, 1.99623, -161.373, 5.16367E-005, 21.3848, 0.000773074, 60.5665, 0.000388795, -101.595
2944, 49.05833, 0.560176, -54.0664, 1.87503, -10.2525, 1.99917, -161.391, 5.15836E-005, 21.3194, 0.000773653, 60.583, 0.000389385, -101.594
2944, 49.06667, 0.559634, -54.1214, 1.87586, -10.2358, 2.00211, -161.41, 5.15303E-005, 21.2542, 0.000774232, 60.5995, 0.000389975, -101.593
2945, 49.07500, 0.559092, -54.1763, 1.87669, -10.219, 2.00506, -161.429, 5.14769E-005, 21.1891, 0.000774813, 60.6161, 0.000390566, -101.592
2945, 49.08333, 0.55855, -54.2309, 1.87753, -10.2022, 2.008, -161.448, 5.14235E-005, 21.1241, 0.000775394, 60.6327, 0.000391156, -101.591
2946, 49.09167, 0.558007, -54.2854, 1.87837, -10.1853, 2.01094, -161.467, 5.137E-005, 21.0593, 0.000775976, 60.6494, 0.000391747, -101.59
2946, 49.10000, 0.557463, -54.3397, 1.8792, -10.1684, 2.01388, -161.485, 5.13164E-005, 20.9947, 0.000776559, 60.6661, 0.000392339, -101.59
2947, 49.10833, 0.556919, -54.3938, 1.88004, -10.1514, 2.01682, -161.504, 5.12628E-005, 20.9302, 0.000777143, 60.6829, 0.00039293, -101.589
2947, 49.11667, 0.556374, -54.4477, 1.88089, -10.1343, 2.01976, -161.523, 5.12091E-005, 20.8658, 0.000777728, 60.6997, 0.000393522, -101.588
2948, 49.12500, 0.555828, -54.5015, 1.88173, -10.1171, 2.0227, -161.542, 5.11553E-005, 20.8016, 0.000778313, 60.7165, 0.000394114, -101.587
2948, 49.13333, 0.555282, -54.5551, 1.88258, -10.0999, 2.02564, -161.561, 5.11014E-005, 20.7375, 0.0007789, 60.7335, 0.000394706, -101.587
2949, 49.14167, 0.554735, -54.6085, 1.88343, -10.0825, 2.02857, -161.58, 5.10475E-005, 20.6736, 0.000779487, 60.7504, 0.000395298, -101.586
2949, 49.15000, 0.554188, -54.6617, 1.88428, -10.0652, 2.03151, -161.598, 5.09935E-005, 20.6099, 0.000780075, 60.7674, 0.000395891, -101.585
2950, 49.15833, 0.55364, -54.7148, 1.88514, -10.0477, 2.03444, -161.617, 5.09394E-005, 20.5463, 0.000780664, 60.7845, 0.000396484, -101.585
2950, 49.16667, 0.553091, -54.7676, 1.88599, -10.0302, 2.03738, -161.636, 5.08852E-005, 20.4828, 0.000781254, 60.8016, 0.000397077, -101.584
2951, 49.17500, 0.552542, -54.8203, 1.88685, -10.0126, 2.04031, -161.655, 5.0831E-005, 20.4195, 0.000781845, 60.8187, 0.000397671, -101.584
2951, 49.18333, 0.551992, -54.8728, 1.88771, -9.995, 2.04325, -161.674, 5.07767E-005, 20.3563, 0.000782436, 60.8359, 0.000398264, -101.583
2952, 49.19167, 0.551442, -54.9252, 1.88857, -9.97728, 2.04618, -161.693, 5.07224E-005, 20.2933, 0.000783029, 60.8531, 0.000398858, -101.583
2952, 49.20000, 0.550891, -54.9773, 1.88944, -9.9595, 2.04911, -161.711, 5.0668E-005, 20.2305, 0.000783622, 60.8704, 0.000399452, -101.582
2953, 49.20833, 0.55034, -55.0293, 1.8903, -9.94166, 2.05204, -161.73, 5.06135E-005, 20.1678, 0.000784217, 60.8877, 0.000400046, -101.582
2953, 49.21667, 0.549788, -55.0811, 1.89117, -9.92375, 2.05497, -161.749, 5.05589E-005, 20.1053, 0.000784812, 60.9051, 0.000400641, -101.582
2954, 49.22500, 0.549236, -55.1327, 1.89204, -9.90578, 2.0579, -161.768, 5.05043E-005, 20.0429, 0.000785408, 60.9225, 0.000401236, -101.581
2954, 49.23333, 0.548683, -55.1841, 1.89292, -9.88774, 2.06083, -161.787, 5.04497E-005, 19.9807, 0.000786005, 60.94, 0.000401831, -101.581
2955, 49.24167, 0.54813, -55.2353, 1.89379, -9.86963, 2.06375, -161.806, 5.03949E-005, 19.9186, 0.000786603, 60.9575, 0.000402426, -101.581
2955, 49.25000, 0.547576, -55.2864, 1.89467, -9.85147, 2.06668, -161.825, 5.03401E-005, 19.8567, 0.000787202, 60.975, 0.000403022, -101.581
2956, 49.25833, 0.547022, -55.3373, 1.89555, -9.83324, 2.06961, -161.843, 5.02853E-005, 19.795, 0.000787802, 60.9926, 0.000403617, -101.58
2956, 49.26667, 0.546467, -55.388, 1.89644, -9.81494, 2.07253, -161.862, 5.02303E-005, 19.7334, 0.000788403, 61.0102, 0.000404213, -101.58
2957, 49.27500, 0.545912, -55.4384, 1.89732, -9.79658, 2.07546, -161.881, 5.01754E-005, 19.6719, 0.000789005, 61.0279, 0.00040481, -101.58
2957, 49.28333, 0.545357, -55.4888, 1.89821, -9.77817, 2.07838, -161.9, 5.01203E-005, 19.6107, 0.000789608, 61.0456, 0.000405406, -101.58
2958, 49.29167, 0.5448, -55.5389, 1.8991, -9.75969, 2.0813, -161.919, 5.00652E-005, 19.5495, 0.000790211, 61.0634, 0.000406003, -101.58
2958, 49.30000, 0.544244, -55.5888, 1.89999, -9.74114, 2.08423, -161.938, 5.00101E-005, 19.4886, 0.000790816, 61.0812, 0.0004066, -101.58
2959, 49.30833, 0.543687, -55.6386, 1.90089, -9.72254, 2.08715, -161.956, 4.99549E-005, 19.4278, 0.000791422, 61.099, 0.000407197, -101.58
2959, 49.31667, 0.54313, -55.6882, 1.90179, -9.70388, 2.09007, -161.975, 4.98996E-005, 19.3672, 0.000792028, 61.1169, 0.000407794, -101.58
2960, 49.32500, 0.542572, -55.7375, 1.90269, -9.68516, 2.09299, -161.994, 4.98443E-005, 19.3067, 0.000792636, 61.1348, 0.000408392, -101.58
2960, 49.33333, 0.542013, -55.7867, 1.90359, -9.66637, 2.09591, -162.013, 4.97889E-005, 19.2464, 0.000793244, 61.1528, 0.00040899, -101.58
2961, 49.34167, 0.541455, -55.8357, 1.90449, -9.64753, 2.09883, -162.032, 4.97335E-005, 19.1863, 0.000793854, 61.1708, 0.000409588, -101.581
2961, 49.35000, 0.540896, -55.8845, 1.9054, -9.62863, 2.10174, -162.051, 4.9678E-005, 19.1263, 0.000794464, 61.1888, 0.000410186, -101.581
2962, 49.35833, 0.540336, -55.9332, 1.90631, -9.60967, 2.10466, -162.069, 4.96224E-005, 19.0665, 0.000795076, 61.2069, 0.000410785, -101.581
2962, 49.36667, 0.539776, -55.9816, 1.90722, -9.59065, 2.10758, -162.088, 4.95668E-005, 19.0068, 0.000795688, 61.225, 0.000411383, -101.581
2963, 49.37500, 0.539216, -56.0298, 1.90814, -9.57158, 2.11049, -162.107, 4.95112E-005, 18.9474, 0.000796302, 61.2431, 0.000411982, -101.581
2963, 49.38333, 0.538656, -56.0779, 1.90905, -9.55245, 2.11341, -162.126, 4.94555E-005, 18.888, 0.000796916, 61.2613, 0.000412582, -101.582
2964, 49.39167, 0.538095, -56.1257, 1.90997, -9.53326, 2.11632, -162.145, 4.93998E-005, 18.8289, 0.000797532, 61.2795, 0.000413181, -101.582
2964, 49.40000, 0.537533, -56.1734, 1.91089, -9.51402, 2.11923, -162.164, 4.9344E-005, 18.7699, 0.000798148, 61.2978, 0.000413781, -101.582
2965, 49.40833, 0.536972, -56.2209, 1.91182, -9.49472, 2.12215, -162.182, 4.92881E-005, 18.7111, 0.000798766, 61.3161, 0.000414381, -101.583
2965, 49.41667, 0.53641, -56.2682, 1.91275, -9.47536, 2.12506, -162.201, 4.92322E-005, 18.6524, 0.000799384, 61.3345, 0.000414981, -101.583
2966, 49.42500, 0.535848, -56.3152, 1.91368, -9.45595, 2.12797, -162.22, 4.91763E-005, 18.5939, 0.000800004, 61.3528, 0.000415581, -101.584
2966, 49.43333, 0.535285, -56.3621, 1.91461, -9.43649, 2.13088, -162.239, 4.91203E-005, 18.5356, 0.000800625, 61.3712, 0.000416182, -101.584
2967, 49.44167, 0.534722, -56.4088, 1.91554, -9.41696, 2.13379, -162.258, 4.90643E-005, 18.4775, 0.000801246, 61.3897, 0.000416783, -101.585
2967, 49.45000, 0.534159, -56.4553, 1.91648, -9.39739, 2.1367, -162.276, 4.90082E-005, 18.4195, 0.000801869, 61.4082, 0.000417384, -101.585
2968, 49.45833, 0.533595, -56.5017, 1.91742, -9.37777, 2.13961, -162.295, 4.89521E-005, 18.3617, 0.000802493, 61.4267, 0.000417985, -101.586
2968, 49.46667, 0.533031, -56.5478, 1.91836, -9.35809, 2.14251, -162.314, 4.88959E-005, 18.3041, 0.000803118, 61.4452, 0.000418587, -101.586
2969, 49.47500, 0.532467, -56.5937, 1.91931, -9.33836, 2.14542, -162.333, 4.88397E-005, 18.2466, 0.000803743, 61.4638, 0.000419189, -101.587
2969, 49.48333, 0.531903, -56.6394, 1.92026, -9.31858, 2.14833, -162.351, 4.87835E-005, 18.1893, 0.00080437, 61.4824, 0.000419791, -101.588
2970, 49.49167, 0.531338, -56.685, 1.92121, -9.29874, 2.15123, -162.37, 4.87272E-005, 18.1322, 0.000804998, 61.5011, 0.000420393, -101.588
2970, 49.50000, 0.530773, -56.7303, 1.92216, -9.27886, 2.15413, -162.389, 4.86708E-005, 18.0753, 0.000805627, 61.5198, 0.000420996, -101.589
2971, 49.50833, 0.530208, -56.7754, 1.92312, -9.25892, 2.15704, -162.407, 4.86145E-005, 18.0185, 0.000806257, 61.5385, 0.000421598, -101.59
2971, 49.51667, 0.529642, -56.8204, 1.92408, -9.23894, 2.15994, -162.426, 4.85581E-005, 17.9619, 0.000806888, 61.5573, 0.000422201, -101.59
2972, 49.52500, 0.529077, -56.8651, 1.92504, -9.2189, 2.16284, -162.445, 4.85016E-005, 17.9054, 0.000807521, 61.5761, 0.000422805, -101.591
2972, 49.53333, 0.528511, -56.9096, 1.926, -9.19882, 2.16574, -162.464, 4.84451E-005, 17.8492, 0.000808154, 61.5949, 0.000423408, -101.592
2973, 49.54167, 0.527945, -56.954, 1.92697, -9.17868, 2.16865, -162.482, 4.83886E-005, 17.7931, 0.000808788, 61.6137, 0.000424012, -101.593
2973, 49.55000, 0.527378, -56.9981, 1.92794, -9.1585, 2.17155, -162.501, 4.8332E-005, 17.7372, 0.000809424, 61.6326, 0.000424616, -101.594
2974, 49.55833, 0.526811, -57.0421, 1.92891, -9.13827, 2.17444, -162.52, 4.82754E-005, 17.6815, 0.00081006, 61.6515, 0.00042522, -101.595
2974, 49.56667, 0.526245, -57.0858, 1.92989, -9.118, 2.17734, -162.538, 4.82188E-005, 17.6259, 0.000810698, 61.6705, 0.000425824, -101.595
2975, 49.57500, 0.525678, -57.1294, 1.93087, -9.09767, 2.18024, -162.557, 4.81621E-005, 17.5706, 0.000811337, 61.6894, 0.000426429, -101.596
2975, 49.58333, 0.52511, -57.1727, 1.93185, -9.0773, 2.18314, -162.576, 4.81054E-005, 17.5154, 0.000811977, 61.7085, 0.000427034, -101.597
2976, 49.59167, 0.524543, -57.2159, 1.93283, -9.05689, 2.18603, -162.594, 4.80487E-005, 17.4603, 0.000812618, 61.7275, 0.000427639, -101.598
2976, 49.60000, 0.523975, -57.2588, 1.93382, -9.03643, 2.18893, -162.613, 4.79919E-005, 17.4055, 0.00081326, 61.7466, 0.000428244, -101.599
2977, 49.60833, 0.523408, -57.3015, 1.93481, -9.01592, 2.19183, -162.631, 4.79351E-005, 17.3508, 0.000813903, 61.7656, 0.00042885, -101.6
2977, 49.61667, 0.52284, -57.3441, 1.9358, -8.99537, 2.19472, -162.65, 4.78783E-005, 17.2964, 0.000814547, 61.7848, 0.000429456, -101.601
2978, 49.62500, 0.522272, -57.3864, 1.9368, -8.97477, 2.19761, -162.669, 4.78214E-005, 17.242, 0.000815193, 61.8039, 0.000430062, -101.602
2978, 49.63333, 0.521703, -57.4285, 1.93779, -8.95413, 2.20051, -162.687, 4.77645E-005, 17.1879, 0.000815839, 61.8231, 0.000430668, -101.603
2979, 49.64167, 0.521135, -57.4705, 1.93879, -8.93345, 2.2034, -162.706, 4.77076E-005, 17.134, 0.000816487, 61.8423, 0.000431274, -101.605
2979, 49.65000, 0.520567, -57.5122, 1.9398, -8.91273, 2.20629, -162.724, 4.76507E-005, 17.0802, 0.000817136, 61.8615, 0.000431881, -101.606
2980, 49.65833, 0.519998, -57.5537, 1.9408, -8.89196, 2.20918, -162.743, 4.75937E-005, 17.0266, 0.000817786, 61.8808, 0.000432488, -101.607
2980, 49.66667, 0.519429, -57.5951, 1.94181, -8.87115, 2.21207, -162.761, 4.75367E-005, 16.9732, 0.000818437, 61.9001, 0.000433095, -101.608
2981, 49.67500, 0.51886, -57.6362, 1.94283, -8.8503, 2.21496, -162.78, 4.74797E-005, 16.92, 0.000819089, 61.9194, 0.000433703, -101.609
2981, 49.68333, 0.518291, -57.6771, 1.94384, -8.8294, 2.21785, -162.798, 4.74226E-005, 16.867, 0.000819742, 61.9388, 0.00043431, -101.61
2982, 49.69167, 0.517722, -57.7178, 1.94486, -8.80847, 2.22074, -162.817, 4.73655E-005, 16.8141, 0.000820397, 61.9581, 0.000434918, -101.612
2982, 49.70000, 0.517153, -57.7583, 1.94588, -8.7875, 2.22362, -162.835, 4.73084E-005, 16.7614, 0.000821053, 61.9775, 0.000435527, -101.613
2983, 49.70833, 0.516584, -57.7986, 1.9469, -8.76648, 2.22651, -162.854, 4.72513E-005, 16.709, 0.000821709, 61.997, 0.000436135, -101.614
2983, 49.71667, 0.516014, -57.8387, 1.94793, -8.74543, 2.2294, -162.872, 4.71941E-005, 16.6566, 0.000822367, 62.0164, 0.000436744, -101.615
2984, 49.72500, 0.515445, -57.8786, 1.94896, -8.72434, 2.23228, -162.891, 4.71369E-005, 16.6045, 0.000823027, 62.0359, 0.000437353, -101.617
2984, 49.73333, 0.514876, -57.9182, 1.94999, -8.70321, 2.23517, -162.909, 4.70797E-005, 16.5526, 0.000823687, 62.0554, 0.000437962, -101.618
2985, 49.74167, 0.514306, -57.9577, 1.95103, -8.68204, 2.23805, -162.927, 4.70225E-005, 16.5008, 0.000824349, 62.0749, 0.000438571, -101.619
2985, 49.75000, 0.513736, -57.997, 1.95207, -8.66084, 2.24094, -162.946, 4.69652E-005, 16.4493, 0.000825011, 62.0944, 0.000439181, -101.621
2986, 49.75833, 0.513167, -58.036, 1.95311, -8.63959, 2.24382, -162.964, 4.6908E-005, 16.3979, 0.000825675, 62.114, 0.00043979, -101.622
2986, 49.76667, 0.512597, -58.0749, 1.95415, -8.61831, 2.2467, -162.983, 4.68507E-005, 16.3467, 0.00082634, 62.1336, 0.000440401, -101.624
2987, 49.77500, 0.512027, -58.1135, 1.9552, -8.597, 2.24958, -163.001, 4.67934E-005, 16.2957, 0.000827006, 62.1532, 0.000441011, -101.625
2987, 49.78333, 0.511458, -58.1519, 1.95625, -8.57565, 2.25246, -163.019, 4.67361E-005, 16.2449, 0.000827674, 62.1728, 0.000441621, -101.626
2988, 49.79167, 0.510888, -58.1902, 1.95731, -8.55426, 2.25534, -163.038, 4.66787E-005, 16.1943, 0.000828343, 62.1925, 0.000442232, -101.628
2988, 49.80000, 0.510318, -58.2282, 1.95836, -8.53284, 2.25822, -163.056, 4.66214E-005, 16.1438, 0.000829012, 62.2122, 0.000442843, -101.629
2989, 49.80833, 0.509749, -58.266, 1.95942, -8.51139, 2.2611, -163.074, 4.6564E-005, 16.0936, 0.000829683, 62.2319, 0.000443455, -101.631
2989, 49.81667, 0.509179, -58.3036, 1.96048, -8.4899, 2.26398, -163.093, 4.65066E-005, 16.0435, 0.000830356, 62.2516, 0.000444066, -101.632
2990, 49.82500, 0.508609, -58.3409, 1.96155, -8.46837, 2.26686, -163.111, 4.64492E-005, 15.9937, 0.000831029, 62.2713, 0.000444678, -101.634
2990, 49.83333, 0.508039, -58.3781, 1.96262, -8.44682, 2.26974, -163.129, 4.63918E-005, 15.944, 0.000831704, 62.2911, 0.00044529, -101.635
2991, 49.84167, 0.50747, -58.4151, 1.96369, -8.42523, 2.27261, -163.147, 4.63343E-005, 15.8945, 0.000832379, 62.3109, 0.000445902, -101.637
2991, 49.85000, 0.5069, -58.4518, 1.96477, -8.40361, 2.27549, -163.165, 4.62769E-005, 15.8452, 0.000833056, 62.3307, 0.000446515, -101.639
2992, 49.85833, 0.50633, -58.4884, 1.96584, -8.38196, 2.27837, -163.184, 4.62194E-005, 15.7961, 0.000833735, 62.3505, 0.000447127, -101.64
2992, 49.86667, 0.505761, -58.5247, 1.96692, -8.36027, 2.28124, -163.202, 4.61619E-005, 15.7472, 0.000834414, 62.3704, 0.00044774, -101.642
2993, 49.87500, 0.505191, -58.5608, 1.96801, -8.33856, 2.28412, -163.22, 4.61045E-005, 15.6984, 0.000835095, 62.3902, 0.000448354, -101.643
2993, 49.88333, 0.504622, -58.5967, 1.9691, -8.31682, 2.28699, -163.238, 4.6047E-005, 15.6499, 0.000835777, 62.4101, 0.000448967, -101.645
2994, 49.89167, 0.504052, -58.6324, 1.97019, -8.29504, 2.28986, -163.256, 4.59895E-005, 15.6016, 0.00083646, 62.43, 0.000449581, -101.647
2994, 49.90000, 0.503483, -58.6679, 1.97128, -8.27324, 2.29273, -163.274, 4.5932E-005, 15.5534, 0.000837144, 62.4499, 0.000450195, -101.648
2995, 49.90833, 0.502914, -58.7032, 1.97238, -8.25141, 2.29561, -163.292, 4.58744E-005, 15.5055, 0.00083783, 62.4698, 0.000450809, -101.65
2995, 49.91667, 0.502344, -58.7382, 1.97348, -8.22954, 2.29848, -163.311, 4.58169E-005, 15.4577, 0.000838517, 62.4898, 0.000451423, -101.652
2996, 49.92500, 0.501775, -58.773, 1.97458, -8.20765, 2.30135, -163.329, 4.57594E-005, 15.4102, 0.000839205, 62.5098, 0.000452038, -101.654
2996, 49.93333, 0.501206, -58.8077, 1.97568, -8.18574, 2.30422, -163.347, 4.57018E-005, 15.3628, 0.000839894, 62.5298, 0.000452653, -101.655
2997, 49.94167, 0.500637, -58.8421, 1.97679, -8.16379, 2.30709, -163.365, 4.56443E-005, 15.3156, 0.000840585, 62.5498, 0.000453268, -101.657
2997, 49.95000, 0.500069, -58.8763, 1.97791, -8.14182, 2.30996, -163.383, 4.55867E-005, 15.2686, 0.000841277, 62.5698, 0.000453884, -101.659
2998, 49.95833, 0.4995, -58.9103, 1.97902, -8.11982, 2.31283, -163.401, 4.55291E-005, 15.2219, 0.00084197, 62.5898, 0.000454499, -101.661
2998, 49.96667, 0.498931, -58.944, 1.98014, -8.0978, 2.3157, -163.419, 4.54716E-005, 15.1753, 0.000842664, 62.6099, 0.000455115, -101.662
2999, 49.97500, 0.498363, -58.9776, 1.98126, -8.07575, 2.31856, -163.437, 4.5414E-005, 15.1289, 0.00084336, 62.6299, 0.000455732, -101.664
2999, 49.98333, 0.497795, -59.0109, 1.98239, -8.05368, 2.32143, -163.455, 4.53564E-005, 15.0827, 0.000844057, 62.65, 0.000456348, -101.666
3000, 49.99167, 0.497226, -59.044, 1.98351, -8.03158, 2.3243, -163.472, 4.52988E-005, 15.0367, 0.000844755, 62.6701, 0.000456965, -101.668
3000, 50.00000, 0.496658, -59.0769, 1.98465, -8.00945, 2.32716, -163.49, 4.52412E-005, 14.9909, 0.000845454, 62.6902, 0.000457582, -101.67
3001, 50.00833, 0.496091, -59.1096, 1.98578, -7.98731, 2.33003, -163.508, 4.51837E-005, 14.9453, 0.000846155, 62.7103, 0.000458199, -101.672
3001, 50.01667, 0.495523, -59.1421, 1.98692, -7.96513, 2.33289, -163.526, 4.51261E-005, 14.8999, 0.000846857, 62.7305, 0.000458817, -101.673
3002, 50.02500, 0.494955, -59.1744, 1.98806, -7.94294, 2.33576, -163.544, 4.50685E-005, 14.8547, 0.00084756, 62.7506, 0.000459434, -101.675
3002, 50.03333, 0.494388, -59.2064, 1.9892, -7.92073, 2.33862, -163.562, 4.50109E-005, 14.8097, 0.000848265, 62.7708, 0.000460052, -101.677
3003, 50.04167, 0.493821, -59.2382, 1.99035, -7.89849, 2.34149, -163.58, 4.49533E-005, 14.7649, 0.000848971, 62.791, 0.00046067, -101.679
3003, 50.05000, 0.493254, -59.2698, 1.9915, -7.87623, 2.34435, -163.597, 4.48957E-005, 14.7203, 0.000849678, 62.8111, 0.000461289, -101.681
3004, 50.05833, 0.492687, -59.3012, 1.99265, -7.85395, 2.34721, -163.615, 4.48381E-005, 14.6759, 0.000850386, 62.8313, 0.000461908, -101.683
3004, 50.06667, 0.49212, -59.3324, 1.99381, -7.83165, 2.35008, -163.633, 4.47806E-005, 14.6317, 0.000851096, 62.8516, 0.000462527, -101.685
3005, 50.07500, 0.491554, -59.3633, 1.99497, -7.80932, 2.35294, -163.651, 4.4723E-005, 14.5878, 0.000851806, 62.8718, 0.000463146, -101.687
3005, 50.08333, 0.490988, -59.3941, 1.99614, -7.78698, 2.3558, -163.668, 4.46654E-005, 14.544, 0.000852519, 62.892, 0.000463765, -101.689
3006, 50.09167, 0.490422, -59.4246, 1.9973, -7.76462, 2.35866, -163.686, 4.46078E-005, 14.5004, 0.000853232, 62.9123, 0.000464385, -101.691
3006, 50.10000, 0.489856, -59.4549, 1.99847, -7.74224, 2.36152, -163.704, 4.45503E-005, 14.457, 0.000853947, 62.9325, 0.000465005, -101.693
3007, 50.10833, 0.48929, -59.4849, 1.99965, -7.71984, 2.36438, -163.721, 4.44927E-005, 14.4138, 0.000854663, 62.9528, 0.000465626, -101.695
3007, 50.11667, 0.488725, -59.5148, 2.00082, -7.69742, 2.36724, -163.739, 4.44351E-005, 14.3708, 0.000855381, 62.9731, 0.000466246, -101.697
3008, 50.12500, 0.48816, -59.5444, 2.002, -7.67499, 2.3701, -163.757, 4.43776E-005, 14.3281, 0.000856099, 62.9933, 0.000466867, -101.699
3008, 50.13333, 0.487595, -59.5738, 2.00318, -7.65254, 2.37296, -163.774, 4.43201E-005, 14.2855, 0.000856819, 63.0136, 0.000467488, -101.701
3009, 50.14167, 0.487031, -59.6031, 2.00437, -7.63007, 2.37581, -163.792, 4.42625E-005, 14.2431, 0.000857541, 63.0339, 0.000468109, -101.703
3009, 50.15000, 0.486466, -59.632, 2.00556, -7.60758, 2.37867, -163.809, 4.4205E-005, 14.2009, 0.000858263, 63.0543, 0.000468731, -101.705
3010, 50.15833, 0.485902, -59.6608, 2.00675, -7.58508, 2.38153, -163.827, 4.41475E-005, 14.159, 0.000858987, 63.0746, 0.000469353, -101.707
3010, 50.16667, 0.485338, -59.6893, 2.00795, -7.56256, 2.38439, -163.844, 4.409E-005, 14.1172, 0.000859712, 63.0949, 0.000469975, -101.709
3011, 50.17500, 0.484775, -59.7176, 2.00915, -7.54003, 2.38724, -163.862, 4.40325E-005, 14.0757, 0.000860439, 63.1153, 0.000470597, -101.711
3011, 50.18333, 0.484212, -59.7457, 2.01035, -7.51748, 2.3901, -163.879, 4.3975E-005, 14.0344, 0.000861167, 63.1356, 0.00047122, -101.714
3012, 50.19167, 0.483649, -59.7736, 2.01156, -7.49491, 2.39296, -163.897, 4.39175E-005, 13.9932, 0.000861896, 63.156, 0.000471843, -101.716
3012, 50.20000, 0.483086, -59.8013, 2.01277, -7.47234, 2.39581, -163.914, 4.386E-005, 13.9523, 0.000862627, 63.1763, 0.000472466, -101.718
3013, 50.20833, 0.482524, -59.8287, 2.01398, -7.44975, 2.39867, -163.931, 4.38026E-005, 13.9116, 0.000863358, 63.1967, 0.00047309, -101.72
3013, 50.21667, 0.481962, -59.8559, 2.0152, -7.42714, 2.40152, -163.949, 4.37451E-005, 13.8711, 0.000864092, 63.2171, 0.000473713, -101.722
3014, 50.22500, 0.4814, -59.8829, 2.01642, -7.40453, 2.40437, -163.966, 4.36877E-005, 13.8308, 0.000864826, 63.2374, 0.000474337, -101.724
3014, 50.23333, 0.480839, -59.9096, 2.01764, -7.3819, 2.40723, -163.983, 4.36303E-005, 13.7907, 0.000865562, 63.2578, 0.000474962, -101.726
3015, 50.24167, 0.480278, -59.9362, 2.01886, -7.35925, 2.41008, -164.001, 4.35729E-005, 13.7508, 0.000866299, 63.2782, 0.000475586, -101.729
3015, 50.25000, 0.479717, -59.9625, 2.02009, -7.3366, 2.41294, -164.018, 4.35155E-005, 13.7111, 0.000867038, 63.2986, 0.000476211, -101.731
3016, 50.25833, 0.479156, -59.9886, 2.02133, -7.31394, 2.41579, -164.035, 4.34581E-005, 13.6717, 0.000867778, 63.319, 0.000476836, -101.733
3016, 50.26667, 0.478596, -60.0145, 2.02256, -7.29126, 2.41864, -164.052, 4.34007E-005, 13.6324, 0.000868519, 63.3394, 0.000477462, -101.735
3017, 50.27500, 0.478037, -60.0401, 2.0238, -7.26857, 2.42149, -164.07, 4.33434E-005, 13.5934, 0.000869261, 63.3599, 0.000478087, -101.737
3017, 50.28333, 0.477477, -60.0655, 2.02504, -7.24588, 2.42435, -164.087, 4.32861E-005, 13.5545, 0.000870005, 63.3803, 0.000478713, -101.74
3018, 50.29167, 0.476918, -60.0907, 2.02629, -7.22317, 2.4272, -164.104, 4.32288E-005, 13.5159, 0.000870751, 63.4007, 0.000479339, -101.742
3018, 50.30000, 0.476359, -60.1157, 2.02754, -7.20046, 2.43005, -164.121, 4.31715E-005, 13.4775, 0.000871497, 63.4211, 0.000479966, -101.744
3019, 50.30833, 0.475801, -60.1405, 2.02879, -7.17773, 2.4329, -164.138, 4.31142E-005, 13.4393, 0.000872245, 63.4415, 0.000480592, -101.746
3019, 50.31667, 0.475243, -60.165, 2.03005, -7.155, 2.43575, -164.155, 4.30569E-005, 13.4013, 0.000872994, 63.462, 0.000481219, -101.749
3020, 50.32500, 0.474686, -60.1893, 2.03131, -7.13226, 2.4386, -164.172, 4.29997E-005, 13.3635, 0.000873745, 63.4824, 0.000481847, -101.751
3020, 50.33333, 0.474128, -60.2134, 2.03257, -7.10951, 2.44145, -164.189, 4.29425E-005, 13.326, 0.000874497, 63.5029, 0.000482474, -101.753
3021, 50.34167, 0.473572, -60.2373, 2.03384, -7.08675, 2.4443, -164.206, 4.28853E-005, 13.2886, 0.00087525, 63.5233, 0.000483102, -101.755
3021, 50.35000, 0.473015, -60.2609, 2.03511, -7.06399, 2.44715, -164.223, 4.28281E-005, 13.2515, 0.000876005, 63.5437, 0.00048373, -101.758
3022, 50.35833, 0.472459, -60.2843, 2.03638, -7.04122, 2.45, -164.24, 4.2771E-005, 13.2146, 0.000876761, 63.5642, 0.000484359, -101.76
3022, 50.36667, 0.471904, -60.3075, 2.03766, -7.01844, 2.45285, -164.257, 4.27138E-005, 13.1779, 0.000877519, 63.5846, 0.000484987, -101.762
3023, 50.37500, 0.471348, -60.3304, 2.03894, -6.99566, 2.4557, -164.274, 4.26567E-005, 13.1414, 0.000878277, 63.6051, 0.000485616, -101.764
3023, 50.38333, 0.470794, -60.3532, 2.04022, -6.97287, 2.45855, -164.291, 4.25996E-005, 13.1051, 0.000879038, 63.6255, 0.000486246, -101.767
3024, 50.39167, 0.470239, -60.3757, 2.04151, -6.95008, 2.46139, -164.308, 4.25426E-005, 13.069, 0.000879799, 63.646, 0.000486875, -101.769
3024, 50.40000, 0.469685, -60.3979, 2.0428, -6.92728, 2.46424, -164.325, 4.24855E-005, 13.0332, 0.000880562, 63.6664, 0.000487505, -101.771
3025, 50.40833, 0.469132, -60.42, 2.04409, -6.90448, 2.46709, -164.342, 4.24285E-005, 12.9975, 0.000881326, 63.6869, 0.000488135, -101.774
3025, 50.41667, 0.468579, -60.4418, 2.04539, -6.88167, 2.46994, -164.359, 4.23715E-005, 12.9621, 0.000882092, 63.7073, 0.000488766, -101.776
3026, 50.42500, 0.468026, -60.4634, 2.04669, -6.85886, 2.47279, -164.375, 4.23145E-005, 12.9269, 0.000882859, 63.7278, 0.000489396, -101.778
3026, 50.43333, 0.467474, -60.4848, 2.04799, -6.83605, 2.47563, -164.392, 4.22576E-005, 12.892, 0.000883628, 63.7482, 0.000490027, -101.781
3027, 50.44167, 0.466922, -60.5059, 2.0493, -6.81323, 2.47848, -164.409, 4.22007E-005, 12.8572, 0.000884397, 63.7687, 0.000490659, -101.783
3027, 50.45000, 0.466371, -60.5269, 2.05061, -6.79041, 2.48133, -164.426, 4.21438E-005, 12.8226, 0.000885168, 63.7891, 0.00049129, -101.785
3028, 50.45833, 0.46582, -60.5476, 2.05192, -6.76759, 2.48417, -164.442, 4.20869E-005, 12.7883, 0.000885941, 63.8096, 0.000491922, -101.788
3028, 50.46667, 0.46527, -60.568, 2.05324, -6.74477, 2.48702, -164.459, 4.20301E-005, 12.7542, 0.000886715, 63.83, 0.000492554, -101.79
3029, 50.47500, 0.46472, -60.5883, 2.05456, -6.72194, 2.48987, -164.476, 4.19733E-005, 12.7203, 0.00088749, 63.8505, 0.000493186, -101.793
3029, 50.48333, 0.464171, -60.6083, 2.05588, -6.69912, 2.49271, -164.492, 4.19165E-005, 12.6867, 0.000888267, 63.8709, 0.000493819, -101.795
3030, 50.49167, 0.463622, -60.6281, 2.05721, -6.67629, 2.49556, -164.509, 4.18598E-005, 12.6532, 0.000889045, 63.8914, 0.000494452, -101.797
3030, 50.50000, 0.463073, -60.6476, 2.05854, -6.65347, 2.4984, -164.525, 4.1803E-005, 12.62, 0.000889825, 63.9118, 0.000495086, -101.8
3031, 50.50833, 0.462525, -60.667, 2.05988, -6.63064, 2.50125, -164.542, 4.17463E-005, 12.587, 0.000890606, 63.9322, 0.000495719, -101.802
3031, 50.51667, 0.461978, -60.6861, 2.06121, -6.60781, 2.5041, -164.559, 4.16897E-005, 12.5542, 0.000891388, 63.9527, 0.000496353, -101.805
3032, 50.52500, 0.461431, -60.7049, 2.06255, -6.58499, 2.50694, -164.575, 4.16331E-005, 12.5216, 0.000892172, 63.9731, 0.000496987, -101.807
3032, 50.53333, 0.460885, -60.7236, 2.0639, -6.56216, 2.50979, -164.592, 4.15765E-005, 12.4893, 0.000892957, 63.9935, 0.000497622, -101.809
3033, 50.54167, 0.460339, -60.742, 2.06525, -6.53934, 2.51263, -164.608, 4.15199E-005, 12.4571, 0.000893743, 64.014, 0.000498257, -101.812
3033, 50.55000, 0.459793, -60.7602, 2.0666, -6.51651, 2.51548, -164.624, 4.14634E-005, 12.4252, 0.000894531, 64.0344, 0.000498892, -101.814
3034, 50.55833, 0.459248, -60.7781, 2.06795, -6.4937, 2.51832, -164.641, 4.14069E-005, 12.3935, 0.00089532, 64.0548, 0.000499527, -101.817
3034, 50.56667, 0.458704, -60.7959, 2.06931, -6.47088, 2.52117, -164.657, 4.13504E-005, 12.3621, 0.000896111, 64.0752, 0.000500163, -101.819
3035, 50.57500, 0.45816, -60.8134, 2.07067, -6.44806, 2.52401, -164.674, 4.12939E-005, 12.3308, 0.000896903, 64.0956, 0.000500799, -101.821
3035, 50.58333, 0.457617, -60.8306, 2.07204, -6.42525, 2.52686, -164.69, 4.12375E-005, 12.2998, 0.000897696, 64.116, 0.000501435, -101.824
3036, 50.59167, 0.457074, -60.8477, 2.07341, -6.40244, 2.5297, -164.706, 4.11812E-005, 12.269, 0.000898491, 64.1364, 0.000502072, -101.826
3036, 50.60000, 0.456532, -60.8645, 2.07478, -6.37963, 2.53255, -164.722, 4.11248E-005, 12.2385, 0.000899288, 64.1568, 0.000502709, -101.829
3037, 50.60833, 0.455991, -60.8811, 2.07615, -6.35683, 2.53539, -164.739, 4.10685E-005, 12.2081, 0.000900085, 64.1772, 0.000503346, -101.831
3037, 50.61667, 0.455449, -60.8974, 2.07753, -6.33403, 2.53823, -164.755, 4.10123E-005, 12.178, 0.000900884, 64.1976, 0.000503984, -101.834
3038, 50.62500, 0.454909, -60.9136, 2.07892, -6.31124, 2.54108, -164.771, 4.09561E-005, 12.1481, 0.000901685, 64.2179, 0.000504622, -101.836
3038, 50.63333, 0.454369, -60.9295, 2.0803, -6.28846, 2.54392, -164.787, 4.08999E-005, 12.1184, 0.000902487, 64.2383, 0.00050526, -101.839
3039, 50.64167, 0.45383, -60.9451, 2.08169, -6.26567, 2.54677, -164.803, 4.08437E-005, 12.089, 0.00090329, 64.2587, 0.000505898, -101.841
3039, 50.65000, 0.453291, -60.9606, 2.08308, -6.2429, 2.54961, -164.82, 4.07876E-005, 12.0598, 0.000904095, 64.279, 0.000506537, -101.843
3040, 50.65833, 0.452753, -60.9758, 2.08448, -6.22013, 2.55246, -164.836, 4.07315E-005, 12.0308, 0.000904901, 64.2994, 0.000507176, -101.846
3040, 50.66667, 0.452215, -60.9908, 2.08588, -6.19736, 2.5553, -164.852, 4.06755E-005, 12.002, 0.000905709, 64.3197, 0.000507816, -101.848
3041, 50.67500, 0.451678, -61.0055, 2.08728, -6.1746, 2.55815, -164.868, 4.06195E-005, 11.9735, 0.000906518, 64.34, 0.000508455, -101.851
3041, 50.68333, 0.451141, -61.02, 2.08869, -6.15185, 2.56099, -164.884, 4.05635E-005, 11.9452, 0.000907328, 64.3604, 0.000509095, -101.853
3042, 50.69167, 0.450606, -61.0343, 2.0901, -6.12911, 2.56383, -164.9, 4.05076E-005, 11.9171, 0.00090814, 64.3807, 0.000509736, -101.856
3042, 50.70000, 0.45007, -61.0484, 2.09151, -6.10637, 2.56668, -164.916, 4.04517E-005, 11.8893, 0.000908953, 64.401, 0.000510376, -101.858
3043, 50.70833, 0.449536, -61.0622, 2.09293, -6.08364, 2.56952, -164.932, 4.03959E-005, 11.8616, 0.000909768, 64.4213, 0.000511017, -101.861
3043, 50.71667, 0.449002, -61.0758, 2.09435, -6.06092, 2.57237, -164.948, 4.03401E-005, 11.8342, 0.000910584, 64.4416, 0.000511659, -101.863
3044, 50.72500, 0.448468, -61.0892, 2.09577, -6.03821, 2.57521, -164.963, 4.02844E-005, 11.8071, 0.000911402, 64.4619, 0.000512301, -101.866
3044, 50.73333, 0.447935, -61.1023, 2.0972, -6.01551, 2.57806, -164.979, 4.02286E-005, 11.7801, 0.000912221, 64.4822, 0.000512942, -101.868
3045, 50.74167, 0.447403, -61.1152, 2.09863, -5.99281, 2.5809, -164.995, 4.0173E-005, 11.7534, 0.000913041, 64.5024, 0.000513585, -101.871
3045, 50.75000, 0.446872, -61.1279, 2.10007, -5.97013, 2.58375, -165.011, 4.01173E-005, 11.7269, 0.000913863, 64.5227, 0.000514227, -101.873
3046, 50.75833, 0.446341, -61.1403, 2.1015, -5.94745, 2.58659, -165.027, 4.00617E-005, 11.7007, 0.000914686, 64.5429, 0.00051487, -101.876
3046, 50.76667, 0.44581, -61.1525, 2.10294, -5.92479, 2.58944, -165.042, 4.00062E-005, 11.6747, 0.000915511, 64.5632, 0.000515514, -101.878
3047, 50.77500, 0.445281, -61.1645, 2.10439, -5.90213, 2.59228, -165.058, 3.99507E-005, 11.6489, 0.000916337, 64.5834, 0.000516157, -101.881
3047, 50.78333, 0.444752, -61.1762, 2.10584, -5.87949, 2.59512, -165.074, 3.98953E-005, 11.6233, 0.000917165, 64.6036, 0.000516801, -101.883
3048, 50.79167, 0.444223, -61.1878, 2.10729, -5.85685, 2.59797, -165.09, 3.98398E-005, 11.598, 0.000917994, 64.6239, 0.000517446, -101.886
3048, 50.80000, 0.443696, -61.199, 2.10874, -5.83423, 2.60082, -165.105, 3.97845E-005, 11.5729, 0.000918824, 64.6441, 0.00051809, -101.888
3049, 50.80833, 0.443169, -61.2101, 2.1102, -5.81162, 2.60366, -165.121, 3.97292E-005, 11.548, 0.000919656, 64.6642, 0.000518735, -101.891
3049, 50.81667, 0.442642, -61.2209, 2.11166, -5.78902, 2.60651, -165.136, 3.96739E-005, 11.5234, 0.000920489, 64.6844, 0.00051938, -101.893
3050, 50.82500, 0.442116, -61.2315, 2.11313, -5.76643, 2.60935, -165.152, 3.96186E-005, 11.499, 0.000921324, 64.7046, 0.000520026, -101.896
3050, 50.83333, 0.441592, -61.2419, 2.1146, -5.74385, 2.6122, -165.168, 3.95635E-005, 11.4749, 0.00092216, 64.7247, 0.000520672, -101.898
3051, 50.84167, 0.441067, -61.252, 2.11607, -5.72129, 2.61504, -165.183, 3.95083E-005, 11.4509, 0.000922998, 64.7449, 0.000521318, -101.901
3051, 50.85000, 0.440543, -61.2619, 2.11754, -5.69874, 2.61789, -165.199, 3.94532E-005, 11.4272, 0.000923837, 64.765, 0.000521965, -101.903
3052, 50.85833, 0.44002, -61.2715, 2.11902, -5.6762, 2.62074, -165.214, 3.93982E-005, 11.4038, 0.000924677, 64.7851, 0.000522612, -101.906
3052, 50.86667, 0.439498, -61.281, 2.12051, -5.65367, 2.62358, -165.23, 3.93432E-005, 11.3806, 0.000925519, 64.8053, 0.000523259, -101.908
3053, 50.87500, 0.438976, -61.2902, 2.12199, -5.63116, 2.62643, -165.245, 3.92883E-005, 11.3576, 0.000926363, 64.8254, 0.000523907, -101.911
3053, 50.88333, 0.438456, -61.2991, 2.12348, -5.60867, 2.62928, -165.26, 3.92334E-005, 11.3348, 0.000927208, 64.8454, 0.000524555, -101.913
3054, 50.89167, 0.437935, -61.3079, 2.12497, -5.58618, 2.63212, -165.276, 3.91785E-005, 11.3123, 0.000928054, 64.8655, 0.000525203, -101.916
3054, 50.90000, 0.437416, -61.3164, 2.12647, -5.56371, 2.63497, -165.291, 3.91237E-005, 11.29, 0.000928902, 64.8856, 0.000525852, -101.918
3055, 50.90833, 0.436897, -61.3246, 2.12797, -5.54126, 2.63782, -165.306, 3.9069E-005, 11.268, 0.000929751, 64.9056, 0.000526501, -101.921
3055, 50.91667, 0.436379, -61.3327, 2.12947, -5.51882, 2.64066, -165.322, 3.90143E-005, 11.2462, 0.000930602, 64.9257, 0.00052715, -101.923
3056, 50.92500, 0.435861, -61.3405, 2.13098, -5.4964, 2.64351, -165.337, 3.89597E-005, 11.2246, 0.000931454, 64.9457, 0.0005278, -101.926
3056, 50.93333, 0.435345, -61.348, 2.13249, -5.47399, 2.64636, -165.352, 3.89051E-005, 11.2032, 0.000932307, 64.9657, 0.00052845, -101.928
3057, 50.94167, 0.434829, -61.3554, 2.134, -5.4516, 2.64921, -165.367, 3.88505E-005, 11.1821, 0.000933162, 64.9857, 0.0005291, -101.931
3057, 50.95000, 0.434314, -61.3625, 2.13552, -5.42922, 2.65206, -165.383, 3.8796E-005, 11.1613, 0.000934019, 65.0057, 0.000529751, -101.933
3058, 50.95833, 0.433799, -61.3694, 2.13704, -5.40686, 2.65491, -165.398, 3.87416E-005, 11.1407, 0.000934877, 65.0256, 0.000530402, -101.936
3058, 50.96667, 0.433285, -61.376, 2.13857, -5.38451, 2.65775, -165.413, 3.86872E-005, 11.1203, 0.000935736, 65.0456, 0.000531053, -101.938
3059, 50.97500, 0.432772, -61.3824, 2.14009, -5.36219, 2.6606, -165.428, 3.86329E-005, 11.1001, 0.000936597, 65.0655, 0.000531705, -101.941
3059, 50.98333, 0.43226, -61.3886, 2.14162, -5.33988, 2.66345, -165.443, 3.85786E-005, 11.0802, 0.000937459, 65.0855, 0.000532357, -101.944
3060, 50.99167, 0.431748, -61.3945, 2.14316, -5.31758, 2.6663, -165.458, 3.85244E-005, 11.0606, 0.000938323, 65.1054, 0.00053301, -101.946
3060, 51.00000, 0.431238, -61.4002, 2.1447, -5.29531, 2.66915, -165.473, 3.84702E-005, 11.0411, 0.000939188, 65.1253, 0.000533663, -101.949
3061, 51.00833, 0.430728, -61.4057, 2.14624, -5.27305, 2.672, -165.488, 3.84161E-005, 11.0219, 0.000940054, 65.1451, 0.000534316, -101.951
3061, 51.01667, 0.430218, -61.411, 2.14778, -5.25081, 2.67485, -165.503, 3.83621E-005, 11.003, 0.000940923, 65.165, 0.00053497, -101.954
3062, 51.02500, 0.42971, -61.416, 2.14933, -5.22858, 2.67771, -165.518, 3.83081E-005, 10.9843, 0.000941792, 65.1849, 0.000535624, -101.956
3062, 51.03333, 0.429202, -61.4207, 2.15088, -5.20638, 2.68056, -165.533, 3.82541E-005, 10.9658, 0.000942663, 65.2047, 0.000536278, -101.959
3063, 51.04167, 0.428695, -61.4253, 2.15244, -5.18419, 2.68341, -165.548, 3.82002E-005, 10.9476, 0.000943536, 65.2245, 0.000536933, -101.961
3063, 51.05000, 0.428189, -61.4296, 2.154, -5.16203, 2.68626, -165.563, 3.81464E-005, 10.9296, 0.00094441, 65.2443, 0.000537588, -101.964
3064, 51.05833, 0.427683, -61.4337, 2.15556, -5.13988, 2.68911, -165.578, 3.80926E-005, 10.9119, 0.000945285, 65.2641, 0.000538243, -101.966
3064, 51.06667, 0.427179, -61.4375, 2.15712, -5.11775, 2.69197, -165.592, 3.80389E-005, 10.8944, 0.000946162, 65.2839, 0.000538899, -101.969
3065, 51.07500, 0.426675, -61.4411, 2.15869, -5.09564, 2.69482, -165.607, 3.79852E-005, 10.8771, 0.00094704, 65.3036, 0.000539555, -101.971
3065, 51.08333, 0.426172, -61.4445, 2.16026, -5.07355, 2.69767, -165.622, 3.79316E-005, 10.8601, 0.00094792, 65.3234, 0.000540211, -101.974
3066, 51.09167, 0.42567, -61.4477, 2.16184, -5.05148, 2.70053, -165.637, 3.78781E-005, 10.8434, 0.000948801, 65.3431, 0.000540868, -101.976
3066, 51.10000, 0.425168, -61.4506, 2.16342, -5.02944, 2.70338, -165.651, 3.78246E-005, 10.8268, 0.000949684, 65.3628, 0.000541526, -101.979
3067, 51.10833, 0.424667, -61.4533, 2.165, -5.00741, 2.70624, -165.666, 3.77711E-005, 10.8106, 0.000950568, 65.3825, 0.000542183, -101.981
3067, 51.11667, 0.424167, -61.4557, 2.16659, -4.9854, 2.70909, -165.681, 3.77178E-005, 10.7945, 0.000951454, 65.4022, 0.000542841, -101.984
3068, 51.12500, 0.423668, -61.4579, 2.16818, -4.96341, 2.71195, -165.695, 3.76645E-005, 10.7787, 0.000952341, 65.4218, 0.0005435, -101.986
3068, 51.13333, 0.42317, -61.4599, 2.16977, -4.94145, 2.7148, -165.71, 3.76112E-005, 10.7632, 0.00095323, 65.4415, 0.000544158, -101.989
3069, 51.14167, 0.422673, -61.4617, 2.17137, -4.9195, 2.71766, -165.725, 3.7558E-005, 10.7479, 0.00095412, 65.4611, 0.000544818, -101.991
3069, 51.15000, 0.422176, -61.4632, 2.17297, -4.89758, 2.72052, -165.739, 3.75049E-005, 10.7328, 0.000955011, 65.4807, 0.000545477, -101.994
3070, 51.15833, 0.42168, -61.4644, 2.17457, -4.87568, 2.72337, -165.754, 3.74518E-005, 10.718, 0.000955904, 65.5003, 0.000546137, -101.996
3070, 51.16667, 0.421185, -61.4655, 2.17618, -4.8538, 2.72623, -165.768, 3.73988E-005, 10.7035, 0.000956799, 65.5198, 0.000546797, -101.999
3071, 51.17500, 0.420691, -61.4663, 2.17779, -4.83194, 2.72909, -165.783, 3.73458E-005, 10.6892, 0.000957695, 65.5394, 0.000547458, -102.001
3071, 51.18333, 0.420197, -61.4669, 2.1794, -4.8101, 2.73195, -165.797, 3.7293E-005, 10.6751, 0.000958592, 65.5589, 0.000548119, -102.004
3072, 51.19167, 0.419705, -61.4672, 2.18102, -4.78829, 2.73481, -165.811, 3.72401E-005, 10.6613, 0.000959491, 65.5784, 0.00054878, -102.006
3072, 51.20000, 0.419213, -61.4674, 2.18264, -4.7665, 2.73767, -165.826, 3.71874E-005, 10.6477, 0.000960391, 65.5979, 0.000549442, -102.009
3073, 51.20833, 0.418722, -61.4672, 2.18426, -4.74473, 2.74053, -165.84, 3.71347E-005, 10.6344, 0.000961293, 65.6174, 0.000550104, -102.011
3073, 51.21667, 0.418232, -61.4669, 2.18589, -4.72299, 2.74339, -165.855, 3.7082E-005, 10.6213, 0.000962197, 65.6369, 0.000550767, -102.014
3074, 51.22500, 0.417743, -61.4663, 2.18752, -4.70127, 2.74625, -165.869, 3.70295E-005, 10.6085, 0.000963101, 65.6563, 0.00055143, -102.016
3074, 51.23333, 0.417255, -61.4655, 2.18915, -4.67957, 2.74911, -165.883, 3.6977E-005, 10.5959, 0.000964008, 65.6757, 0.000552093, -102.019
3075, 51.24167, 0.416767, -61.4644, 2.19079, -4.6579, 2.75197, -165.897, 3.69245E-005, 10.5836, 0.000964915, 65.6951, 0.000552757, -102.021
3075, 51.25000, 0.416281, -61.4631, 2.19243, -4.63625, 2.75483, -165.912, 3.68721E-005, 10.5715, 0.000965825, 65.7145, 0.000553421, -102.024
3076, 51.25833, 0.415795, -61.4616, 2.19408, -4.61462, 2.7577, -165.926, 3.68198E-005, 10.5597, 0.000966735, 65.7339, 0.000554086, -102.026
3076, 51.26667, 0.41531, -61.4599, 2.19573, -4.59302, 2.76056, -165.94, 3.67676E-005, 10.5481, 0.000967648, 65.7532, 0.000554751, -102.029
3077, 51.27500, 0.414826, -61.4579, 2.19738, -4.57144, 2.76343, -165.954, 3.67154E-005, 10.5368, 0.000968561, 65.7725, 0.000555416, -102.031
3077, 51.28333, 0.414343, -61.4557, 2.19903, -4.54989, 2.76629, -165.968, 3.66633E-005, 10.5257, 0.000969476, 65.7918, 0.000556082, -102.034
3078, 51.29167, 0.41386, -61.4532, 2.20069, -4.52836, 2.76916, -165.982, 3.66112E-005, 10.5149, 0.000970393, 65.8111, 0.000556748, -102.036
3078, 51.30000, 0.413379, -61.4506, 2.20235, -4.50686, 2.77202, -165.996, 3.65592E-005, 10.5043, 0.000971311, 65.8304, 0.000557414, -102.039
3079, 51.30833, 0.412898, -61.4476, 2.20402, -4.48539, 2.77489, -166.011, 3.65073E-005, 10.494, 0.000972231, 65.8496, 0.000558081, -102.041
3079, 51.31667, 0.412419, -61.4445, 2.20568, -4.46393, 2.77776, -166.025, 3.64554E-005, 10.484, 0.000973152, 65.8689, 0.000558749, -102.044
3080, 51.32500, 0.41194, -61.4411, 2.20736, -4.44251, 2.78062, -166.039, 3.64037E-005, 10.4741, 0.000974074, 65.8881, 0.000559416, -102.046
3080, 51.33333, 0.411462, -61.4375, 2.20903, -4.42111, 2.78349, -166.053, 3.63519E-005, 10.4646, 0.000974998, 65.9072, 0.000560084, -102.049
3081, 51.34167, 0.410985, -61.4336, 2.21071, -4.39973, 2.78636, -166.066, 3.63003E-005, 10.4553, 0.000975924, 65.9264, 0.000560753, -102.051
3081, 51.35000, 0.410509, -61.4296, 2.21239, -4.37838, 2.78923, -166.08, 3.62487E-005, 10.4462, 0.000976851, 65.9455, 0.000561422, -102.054
3082, 51.35833, 0.410034, -61.4253, 2.21408, -4.35706, 2.7921, -166.094, 3.61972E-005, 10.4374, 0.000977779, 65.9647, 0.000562091, -102.056
3082, 51.36667, 0.409559, -61.4207, 2.21577, -4.33576, 2.79497, -166.108, 3.61457E-005, 10.4289, 0.000978709, 65.9838, 0.000562761, -102.058
3083, 51.37500, 0.409086, -61.4159, 2.21746, -4.31449, 2.79784, -166.122, 3.60944E-005, 10.4206, 0.000979641, 66.0028, 0.000563431, -102.061
3083, 51.38333, 0.408613, -61.4109, 2.21915, -4.29325, 2.80071, -166.136, 3.60431E-005, 10.4126, 0.000980574, 66.0219, 0.000564102, -102.063
3084, 51.39167, 0.408142, -61.4057, 2.22085, -4.27203, 2.80359, -166.15, 3.59918E-005, 10.4048, 0.000981508, 66.0409, 0.000564773, -102.066
3084, 51.40000, 0.407671, -61.4002, 2.22256, -4.25084, 2.80646, -166.163, 3.59407E-005, 10.3973, 0.000982444, 66.06, 0.000565444, -102.068
3085, 51.40833, 0.407201, -61.3945, 2.22426, -4.22968, 2.80934, -166.177, 3.58896E-005, 10.39, 0.000983382, 66.0789, 0.000566116, -102.071
3085, 51.41667, 0.406732, -61.3885, 2.22597, -4.20854, 2.81221, -166.191, 3.58385E-005, 10.383, 0.000984321, 66.0979, 0.000566788, -102.073
3086, 51.42500, 0.406264, -61.3824, 2.22768, -4.18744, 2.81509, -166.205, 3.57876E-005, 10.3763, 0.000985261, 66.1169, 0.000567461, -102.076
3086, 51.43333, 0.405797, -61.376, 2.2294, -4.16636, 2.81796, -166.218, 3.57367E-005, 10.3698, 0.000986203, 66.1358, 0.000568134, -102.078
3087, 51.44167, 0.405331, -61.3693, 2.23112, -4.1453, 2.82084, -166.232, 3.56859E-005, 10.3635, 0.000987146, 66.1547, 0.000568808, -102.081
3087, 51.45000, 0.404866, -61.3625, 2.23284, -4.12428, 2.82372, -166.245, 3.56351E-005, 10.3576, 0.000988091, 66.1736, 0.000569482, -102.083
3088, 51.45833, 0.404402, -61.3554, 2.23457, -4.10329, 2.8266, -166.259, 3.55845E-005, 10.3518, 0.000989037, 66.1925, 0.000570156, -102.085
3088, 51.46667, 0.403938, -61.348, 2.2363, -4.08232, 2.82948, -166.273, 3.55339E-005, 10.3464, 0.000989985, 66.2113, 0.000570831, -102.088
3089, 51.47500, 0.403476, -61.3405, 2.23803, -4.06138, 2.83236, -166.286, 3.54833E-005, 10.3412, 0.000990935, 66.2301, 0.000571506, -102.09
3089, 51.48333, 0.403015, -61.3327, 2.23977, -4.04047, 2.83524, -166.3, 3.54329E-005, 10.3362, 0.000991885, 66.2489, 0.000572182, -102.093
3090, 51.49167, 0.402554, -61.3246, 2.24151, -4.01958, 2.83812, -166.313, 3.53825E-005, 10.3316, 0.000992838, 66.2677, 0.000572858, -102.095
3090, 51.50000, 0.402095, -61.3164, 2.24325, -3.99873, 2.841, -166.327, 3.53322E-005, 10.3271, 0.000993792, 66.2864, 0.000573534, -102.098
3091, 51.50833, 0.401636, -61.3079, 2.245, -3.97791, 2.84388, -166.34, 3.5282E-005, 10.323, 0.000994747, 66.3052, 0.000574211, -102.1
3091, 51.51667, 0.401178, -61.2992, 2.24674, -3.95711, 2.84677, -166.353, 3.52318E-005, 10.3191, 0.000995704, 66.3239, 0.000574889, -102.102
3092, 51.52500, 0.400722, -61.2902, 2.2485, -3.93634, 2.84965, -166.367, 3.51817E-005, 10.3154, 0.000996662, 66.3426, 0.000575567, -102.105
3092, 51.53333, 0.400266, -61.281, 2.25025, -3.91561, 2.85254, -166.38, 3.51317E-005, 10.3121, 0.000997622, 66.3612, 0.000576245, -102.107
3093, 51.54167, 0.399811, -61.2716, 2.25201, -3.8949, 2.85542, -166.393, 3.50818E-005, 10.3089, 0.000998583, 66.3799, 0.000576924, -102.11
3093, 51.55000, 0.399357, -61.2619, 2.25378, -3.87422, 2.85831, -166.407, 3.50319E-005, 10.3061, 0.000999546, 66.3985, 0.000577603, -102.112
3094, 51.55833, 0.398904, -61.2521, 2.25554, -3.85357, 2.8612, -166.42, 3.49822E-005, 10.3035, 0.00100051, 66.4171, 0.000578282, -102.114
3094, 51.56667, 0.398452, -61.2419, 2.25731, -3.83295, 2.86409, -166.433, 3.49325E-005, 10.3012, 0.00100148, 66.4356, 0.000578962, -102.117
3095, 51.57500, 0.398001, -61.2316, 2.25909, -3.81237, 2.86698, -166.447, 3.48828E-005, 10.2991, 0.00100244, 66.4542, 0.000579643, -102.119
3095, 51.58333, 0.397551, -61.221, 2.26086, -3.79181, 2.86987, -166.46, 3.48333E-005, 10.2973, 0.00100341, 66.4727, 0.000580324, -102.122
3096, 51.59167, 0.397102, -61.2102, 2.26264, -3.77128, 2.87276, -166.473, 3.47838E-005, 10.2958, 0.00100438, 66.4912, 0.000581005, -102.124
3096, 51.60000, 0.396654, -61.1992, 2.26443, -3.75078, 2.87565, -166.486, 3.47344E-005, 10.2945, 0.00100535, 66.5097, 0.000581687, -102.126
3097, 51.60833, 0.396207, -61.1879, 2.26622, -3.73031, 2.87854, -166.499, 3.46851E-005, 10.2935, 0.00100633, 66.5281, 0.000582369, -102.129
3097, 51.61667, 0.395761, -61.1764, 2.26801, -3.70988, 2.88144, -166.512, 3.46358E-005, 10.2927, 0.0010073, 66.5465, 0.000583052, -102.131
3098, 51.62500, 0.395316, -61.1647, 2.2698, -3.68947, 2.88433, -166.525, 3.45867E-005, 10.2922, 0.00100828, 66.5649, 0.000583735, -102.133
3098, 51.63333, 0.394872, -61.1527, 2.2716, -3.6691, 2.88723, -166.538, 3.45376E-005, 10.292, 0.00100926, 66.5833, 0.000584419, -102.136
3099, 51.64167, 0.394429, -61.1405, 2.2734, -3.64875, 2.89012, -166.551, 3.44886E-005, 10.2921, 0.00101024, 66.6017, 0.000585103, -102.138
3099, 51.65000, 0.393987, -61.1281, 2.2752, -3.62844, 2.89302, -166.564, 3.44396E-005, 10.2924, 0.00101122, 66.62, 0.000585787, -102.141
3100, 51.65833, 0.393546, -61.1155, 2.27701, -3.60816, 2.89592, -166.577, 3.43908E-005, 10.293, 0.0010122, 66.6383, 0.000586472, -102.143
3100, 51.66667, 0.393106, -61.1026, 2.27882, -3.5879, 2.89882, -166.59, 3.4342E-005, 10.2938, 0.00101318, 66.6566, 0.000587158, -102.145
3101, 51.67500, 0.392667, -61.0895, 2.28063, -3.56769, 2.90172, -166.603, 3.42933E-005, 10.2949, 0.00101417, 66.6748, 0.000587843, -102.148
3101, 51.68333, 0.392229, -61.0761, 2.28245, -3.5475, 2.90462, -166.616, 3.42447E-005, 10.2963, 0.00101515, 66.6931, 0.00058853, -102.15
3102, 51.69167, 0.391791, -61.0625, 2.28427, -3.52734, 2.90752, -166.629, 3.41962E-005, 10.298, 0.00101614, 66.7113, 0.000589217, -102.152
3102, 51.70000, 0.391355, -61.0488, 2.28609, -3.50722, 2.91043, -166.642, 3.41477E-005, 10.2999, 0.00101713, 66.7295, 0.000589904, -102.155
3103, 51.70833, 0.39092, -61.0347, 2.28792, -3.48713, 2.91333, -166.655, 3.40993E-005, 10.3021, 0.00101812, 66.7476, 0.000590592, -102.157
3103, 51.71667, 0.390486, -61.0205, 2.28975, -3.46706, 2.91624, -166.668, 3.4051E-005, 10.3046, 0.00101912, 66.7658, 0.00059128, -102.159
3104, 51.72500, 0.390053, -61.006, 2.29158, -3.44704, 2.91914, -166.68, 3.40028E-005, 10.3073, 0.00102011, 66.7839, 0.000591968, -102.162
3104, 51.73333, 0.389621, -60.9913, 2.29342, -3.42704, 2.92205, -166.693, 3.39547E-005, 10.3103, 0.00102111, 66.8019, 0.000592658, -102.164
3105, 51.74167, 0.38919, -60.9763, 2.29526, -3.40707, 2.92496, -166.706, 3.39066E-005, 10.3135, 0.0010221, 66.82, 0.000593347, -102.166
3105, 51.75000, 0.38876, -60.9611, 2.2971, -3.38714, 2.92787, -166.719, 3.38587E-005, 10.3171, 0.0010231, 66.838, 0.000594037, -102.169
3106, 51.75833, 0.388331, -60.9457, 2.29895, -3.36724, 2.93078, -166.731, 3.38108E-005, 10.3209, 0.0010241, 66.856, 0.000594728, -102.171
3106, 51.76667, 0.387903, -60.9301, 2.3008, -3.34737, 2.93369, -166.744, 3.3763E-005, 10.325, 0.00102511, 66.874, 0.000595419, -102.173
3107, 51.77500, 0.387476, -60.9142, 2.30265, -3.32754, 2.9366, -166.757, 3.37153E-005, 10.3293, 0.00102611, 66.892, 0.00059611, -102.176
3107, 51.78333, 0.38705, -60.8982, 2.30451, -3.30774, 2.93951, -166.769, 3.36676E-005, 10.3339, 0.00102711, 66.9099, 0.000596802, -102.178
3108, 51.79167, 0.386625, -60.8818, 2.30637, -3.28797, 2.94243, -166.782, 3.36201E-005, 10.3388, 0.00102812, 66.9278, 0.000597495, -102.18
3108, 51.80000, 0.386201, -60.8653, 2.30823, -3.26823, 2.94534, -166.794, 3.35726E-005, 10.344, 0.00102913, 66.9457, 0.000598188, -102.183
3109, 51.80833, 0.385779, -60.8485, 2.3101, -3.24853, 2.94826, -166.807, 3.35252E-005, 10.3494, 0.00103014, 66.9636, 0.000598881, -102.185
3109, 51.81667, 0.385357, -60.8315, 2.31197, -3.22886, 2.95118, -166.819, 3.34779E-005, 10.3551, 0.00103115, 66.9814, 0.000599575, -102.187
3110, 51.82500, 0.384936, -60.8143, 2.31385, -3.20922, 2.95409, -166.832, 3.34307E-005, 10.3611, 0.00103216, 66.9992, 0.00060027, -102.19
3110, 51.83333, 0.384517, -60.7968, 2.31572, -3.18962, 2.95701, -166.844, 3.33836E-005, 10.3674, 0.00103318, 67.017, 0.000600964, -102.192
3111, 51.84167, 0.384098, -60.7791, 2.3176, -3.17005, 2.95994, -166.857, 3.33365E-005, 10.3739, 0.00103419, 67.0347, 0.00060166, -102.194
3111, 51.85000, 0.38368, -60.7612, 2.31949, -3.15051, 2.96286, -166.869, 3.32896E-005, 10.3807, 0.00103521, 67.0525, 0.000602356, -102.196
3112, 51.85833, 0.383264, -60.7431, 2.32137, -3.13101, 2.96578, -166.882, 3.32427E-005, 10.3878, 0.00103623, 67.0702, 0.000603052, -102.199
3112, 51.86667, 0.382848, -60.7247, 2.32326, -3.11153, 2.9687, -166.894, 3.31959E-005, 10.3952, 0.00103725, 67.0879, 0.000603749, -102.201
3113, 51.87500, 0.382434, -60.7061, 2.32516, -3.0921, 2.97163, -166.906, 3.31492E-005, 10.4028, 0.00103827, 67.1055, 0.000604446, -102.203
3113, 51.88333, 0.382021, -60.6873, 2.32705, -3.0727, 2.97456, -166.919, 3.31026E-005, 10.4107, 0.00103929, 67.1231, 0.000605144, -102.206
3114, 51.89167, 0.381608, -60.6683, 2.32895, -3.05333, 2.97748, -166.931, 3.3056E-005, 10.4189, 0.00104032, 67.1407, 0.000605842, -102.208
3114, 51.90000, 0.381197, -60.649, 2.33086, -3.03399, 2.98041, -166.943, 3.30096E-005, 10.4273, 0.00104134, 67.1583, 0.000606541, -102.21
3115, 51.90833, 0.380787, -60.6295, 2.33276, -3.01469, 2.98334, -166.955, 3.29632E-005, 10.4361, 0.00104237, 67.1758, 0.00060724, -102.212
3115, 51.91667, 0.380378, -60.6098, 2.33467, -2.99542, 2.98627, -166.968, 3.29169E-005, 10.4451, 0.0010434, 67.1934, 0.00060794, -102.215
3116, 51.92500, 0.37997, -60.5899, 2.33658, -2.97619, 2.98921, -166.98, 3.28707E-005, 10.4544, 0.00104443, 67.2109, 0.00060864, -102.217
3116, 51.93333, 0.379563, -60.5697, 2.3385, -2.95699, 2.99214, -166.992, 3.28246E-005, 10.4639, 0.00104546, 67.2283, 0.000609341, -102.219
3117, 51.94167, 0.379157, -60.5493, 2.34042, -2.93782, 2.99507, -167.004, 3.27786E-005, 10.4738, 0.00104649, 67.2458, 0.000610043, -102.221
3117, 51.95000, 0.378752, -60.5287, 2.34234, -2.91869, 2.99801, -167.016, 3.27327E-005, 10.4839, 0.00104753, 67.2632, 0.000610744, -102.224
3118, 51.95833, 0.378348, -60.5078, 2.34427, -2.8996, 3.00095, -167.028, 3.26869E-005, 10.4943, 0.00104857, 67.2806, 0.000611447, -102.226
3118, 51.96667, 0.377946, -60.4867, 2.3462, -2.88053, 3.00388, -167.04, 3.26411E-005, 10.505, 0.0010496, 67.298, 0.00061215, -102.228
3119, 51.97500, 0.377544, -60.4654, 2.34813, -2.86151, 3.00682, -167.052, 3.25955E-005, 10.5159, 0.00105064, 67.3153, 0.000612853, -102.23
3119, 51.98333, 0.377144, -60.4439, 2.35007, -2.84251, 3.00976, -167.065, 3.25499E-005, 10.5272, 0.00105169, 67.3326, 0.000613557, -102.232
3120, 51.99167, 0.376744, -60.4222, 2.35201, -2.82355, 3.01271, -167.077, 3.25044E-005, 10.5387, 0.00105273, 67.3499, 0.000614261, -102.235
3120, 52.00000, 0.376346, -60.4002, 2.35395, -2.80463, 3.01565, -167.089, 3.2459E-005, 10.5505, 0.00105377, 67.3671, 0.000614966, -102.237
3121, 52.00833, 0.375949, -60.378, 2.3559, -2.78574, 3.01859, -167.1, 3.24137E-005, 10.5626, 0.00105482, 67.3844, 0.000615671, -102.239
3121, 52.01667, 0.375553, -60.3556, 2.35785, -2.76688, 3.02154, -167.112, 3.23685E-005, 10.5749, 0.00105587, 67.4016, 0.000616377, -102.241
3122, 52.02500, 0.375157, -60.333, 2.3598, -2.74806, 3.02449, -167.124, 3.23234E-005, 10.5876, 0.00105692, 67.4187, 0.000617084, -102.244
3122, 52.03333, 0.374764, -60.3101, 2.36175, -2.72928, 3.02743, -167.136, 3.22784E-005, 10.6005, 0.00105797, 67.4359, 0.000617791, -102.246
3123, 52.04167, 0.374371, -60.287, 2.36371, -2.71053, 3.03038, -167.148, 3.22335E-005, 10.6137, 0.00105902, 67.453, 0.000618498, -102.248
3123, 52.05000, 0.373979, -60.2637, 2.36567, -2.69181, 3.03333, -167.16, 3.21886E-005, 10.6272, 0.00106007, 67.4701, 0.000619206, -102.25
3124, 52.05833, 0.373588, -60.2402, 2.36764, -2.67314, 3.03629, -167.172, 3.21439E-005, 10.6409, 0.00106113, 67.4872, 0.000619915, -102.252
3124, 52.06667, 0.373199, -60.2164, 2.36961, -2.65449, 3.03924, -167.184, 3.20992E-005, 10.655, 0.00106218, 67.5042, 0.000620624, -102.255
3125, 52.07500, 0.37281, -60.1924, 2.37158, -2.63588, 3.0422, -167.195, 3.20546E-005, 10.6693, 0.00106324, 67.5212, 0.000621333, -102.257
3125, 52.08333, 0.372423, -60.1682, 2.37356, -2.61731, 3.04515, -167.207, 3.20101E-005, 10.6839, 0.0010643, 67.5382, 0.000622043, -102.259
3126, 52.09167, 0.372037, -60.1438, 2.37553, -2.59876, 3.04811, -167.219, 3.19658E-005, 10.6988, 0.00106536, 67.5552, 0.000622754, -102.261
3126, 52.10000, 0.371652, -60.1192, 2.37752, -2.58026, 3.05107, -167.231, 3.19215E-005, 10.714, 0.00106642, 67.5721, 0.000623465, -102.263
3127, 52.10833, 0.371268, -60.0943, 2.3795, -2.56179, 3.05403, -167.242, 3.18773E-005, 10.7295, 0.00106749, 67.589, 0.000624177, -102.265
3127, 52.11667, 0.370885, -60.0692, 2.38149, -2.54336, 3.05699, -167.254, 3.18332E-005, 10.7452, 0.00106855, 67.6059, 0.000624889, -102.268
3128, 52.12500, 0.370503, -60.0439, 2.38348, -2.52496, 3.05995, -167.266, 3.17892E-005, 10.7613, 0.00106962, 67.6228, 0.000625602, -102.27
3128, 52.13333, 0.370122, -60.0184, 2.38548, -2.5066, 3.06292, -167.277, 3.17452E-005, 10.7776, 0.00107069, 67.6396, 0.000626315, -102.272
3129, 52.14167, 0.369743, -59.9926, 2.38747, -2.48827, 3.06588, -167.289, 3.17014E-005, 10.7942, 0.00107176, 67.6564, 0.000627029, -102.274
3129, 52.15000, 0.369364, -59.9667, 2.38948, -2.46998, 3.06885, -167.3, 3.16577E-005, 10.8111, 0.00107283, 67.6732, 0.000627743, -102.276
3130, 52.15833, 0.368987, -59.9405, 2.39148, -2.45172, 3.07182, -167.312, 3.16141E-005, 10.8283, 0.00107391, 67.6899, 0.000628458, -102.278
3130, 52.16667, 0.368611, -59.9141, 2.39349, -2.4335, 3.07479, -167.324, 3.15705E-005, 10.8458, 0.00107498, 67.7066, 0.000629174, -102.281
3131, 52.17500, 0.368236, -59.8875, 2.3955, -2.41532, 3.07776, -167.335, 3.15271E-005, 10.8635, 0.00107606, 67.7233, 0.00062989, -102.283
3131, 52.18333, 0.367862, -59.8606, 2.39751, -2.39717, 3.08073, -167.347, 3.14837E-005, 10.8815, 0.00107713, 67.74, 0.000630606, -102.285
3132, 52.19167, 0.367489, -59.8336, 2.39953, -2.37905, 3.08371, -167.358, 3.14405E-005, 10.8999, 0.00107821, 67.7566, 0.000631323, -102.287
3132, 52.20000, 0.367118, -59.8063, 2.40155, -2.36098, 3.08668, -167.369, 3.13973E-005, 10.9185, 0.0010793, 67.7732, 0.000632041, -102.289
3133, 52.20833, 0.366747, -59.7788, 2.40357, -2.34294, 3.08966, -167.381, 3.13542E-005, 10.9374, 0.00108038, 67.7898, 0.000632759, -102.291
3133, 52.21667, 0.366378, -59.7511, 2.4056, -2.32493, 3.09264, -167.392, 3.13113E-005, 10.9566, 0.00108146, 67.8064, 0.000633478, -102.293
3134, 52.22500, 0.36601, -59.7231, 2.40763, -2.30696, 3.09562, -167.404, 3.12684E-005, 10.9761, 0.00108255, 67.8229, 0.000634197, -102.295
3134, 52.23333, 0.365643, -59.695, 2.40967, -2.28902, 3.0986, -167.415, 3.12256E-005, 10.9958, 0.00108363, 67.8394, 0.000634917, -102.298
3135, 52.24167, 0.365277, -59.6666, 2.4117, -2.27113, 3.10158, -167.426, 3.1183E-005, 11.0159, 0.00108472, 67.8558, 0.000635638, -102.3
3135, 52.25000, 0.364912, -59.638, 2.41374, -2.25326, 3.10457, -167.438, 3.11404E-005, 11.0363, 0.00108581, 67.8723, 0.000636359, -102.302
3136, 52.25833, 0.364548, -59.6092, 2.41579, -2.23544, 3.10755, -167.449, 3.10979E-005, 11.0569, 0.00108691, 67.8887, 0.00063708, -102.304
3136, 52.26667, 0.364186, -59.5802, 2.41783, -2.21765, 3.11054, -167.46, 3.10555E-005, 11.0778, 0.001088, 67.9051, 0.000637802, -102.306
3137, 52.27500, 0.363824, -59.551, 2.41988, -2.19989, 3.11353, -167.472, 3.10132E-005, 11.099, 0.00108909, 67.9214, 0.000638525, -102.308
3137, 52.28333, 0.363464, -59.5215, 2.42194, -2.18217, 3.11652, -167.483, 3.09711E-005, 11.1205, 0.00109019, 67.9378, 0.000639248, -102.31
3138, 52.29167, 0.363105, -59.4919, 2.42399, -2.16449, 3.11951, -167.494, 3.0929E-005, 11.1423, 0.00109129, 67.9541, 0.000639972, -102.312
3138, 52.30000, 0.362747, -59.462, 2.42605, -2.14685, 3.1225, -167.505, 3.0887E-005, 11.1644, 0.00109239, 67.9704, 0.000640696, -102.314
3139, 52.30833, 0.362391, -59.4319, 2.42811, -2.12924, 3.1255, -167.516, 3.08451E-005, 11.1868, 0.00109349, 67.9866, 0.000641421, -102.316
3139, 52.31667, 0.362035, -59.4016, 2.43018, -2.11166, 3.1285, -167.527, 3.08033E-005, 11.2095, 0.00109459, 68.0028, 0.000642147, -102.319
3140, 52.32500, 0.361681, -59.371, 2.43225, -2.09412, 3.13149, -167.539, 3.07616E-005, 11.2325, 0.0010957, 68.019, 0.000642873, -102.321
3140, 52.33333, 0.361327, -59.3403, 2.43432, -2.07662, 3.13449, -167.55, 3.072E-005, 11.2557, 0.0010968, 68.0352, 0.000643599, -102.323
3141, 52.34167, 0.360975, -59.3093, 2.4364, -2.05916, 3.13749, -167.561, 3.06785E-005, 11.2793, 0.00109791, 68.0513, 0.000644326, -102.325
3141, 52.35000, 0.360624, -59.2782, 2.43848, -2.04173, 3.1405, -167.572, 3.06372E-005, 11.3031, 0.00109902, 68.0674, 0.000645054, -102.327
3142, 52.35833, 0.360275, -59.2468, 2.44056, -2.02434, 3.1435, -167.583, 3.05959E-005, 11.3273, 0.00110013, 68.0835, 0.000645782, -102.329
3142, 52.36667, 0.359926, -59.2152, 2.44264, -2.00698, 3.14651, -167.594, 3.05547E-005, 11.3517, 0.00110124, 68.0996, 0.000646511, -102.331
3143, 52.37500, 0.359579, -59.1834, 2.44473, -1.98966, 3.14952, -167.605, 3.05136E-005, 11.3764, 0.00110235, 68.1156, 0.000647241, -102.333
3143, 52.38333, 0.359232, -59.1514, 2.44682, -1.97238, 3.15252, -167.616, 3.04726E-005, 11.4014, 0.00110347, 68.1316, 0.000647971, -102.335
3144, 52.39167, 0.358887, -59.1191, 2.44892, -1.95513, 3.15554, -167.627, 3.04317E-005, 11.4267, 0.00110458, 68.1476, 0.000648702, -102.337
3144, 52.40000, 0.358543, -59.0867, 2.45102, -1.93792, 3.15855, -167.638, 3.03909E-005, 11.4523, 0.0011057, 68.1635, 0.000649433, -102.339
3145, 52.40833, 0.358201, -59.0541, 2.45312, -1.92074, 3.16156, -167.649, 3.03503E-005, 11.4782, 0.00110682, 68.1794, 0.000650165, -102.341
3145, 52.41667, 0.357859, -59.0212, 2.45522, -1.9036, 3.16458, -167.66, 3.03097E-005, 11.5044, 0.00110794, 68.1953, 0.000650897, -102.343
3146, 52.42500, 0.357519, -58.9881, 2.45733, -1.8865, 3.1676, -167.671, 3.02692E-005, 11.5309, 0.00110907, 68.2112, 0.00065163, -102.345
3146, 52.43333, 0.35718, -58.9548, 2.45944, -1.86944, 3.17062, -167.681, 3.02289E-005, 11.5577, 0.00111019, 68.227, 0.000652364, -102.347
3147, 52.44167, 0.356842, -58.9213, 2.46155, -1.85241, 3.17364, -167.692, 3.01886E-005, 11.5848, 0.00111132, 68.2428, 0.000653098, -102.349
3147, 52.45000, 0.356505, -58.8876, 2.46367, -1.83542, 3.17666, -167.703, 3.01484E-005, 11.6122, 0.00111244, 68.2586, 0.000653833, -102.351
3148, 52.45833, 0.356169, -58.8537, 2.46579, -1.81846, 3.17968, -167.714, 3.01084E-005, 11.6399, 0.00111357, 68.2743, 0.000654568, -102.353
3148, 52.46667, 0.355835, -58.8196, 2.46792, -1.80154, 3.18271, -167.725, 3.00684E-005, 11.6678, 0.0011147, 68.29, 0.000655304, -102.355
3149, 52.47500, 0.355502, -58.7852, 2.47004, -1.78466, 3.18574, -167.735, 3.00286E-005, 11.6961, 0.00111583, 68.3057, 0.000656041, -102.357
3149, 52.48333, 0.35517, -58.7507, 2.47217, -1.76781, 3.18877, -167.746, 2.99888E-005, 11.7247, 0.00111697, 68.3214, 0.000656778, -102.359
3150, 52.49167, 0.354839, -58.716, 2.47431, -1.751, 3.1918, -167.757, 2.99492E-005, 11.7535, 0.0011181, 68.337, 0.000657516, -102.361
3150, 52.50000, 0.354509, -58.681, 2.47644, -1.73423, 3.19483, -167.767, 2.99096E-005, 11.7827, 0.00111924, 68.3526, 0.000658254, -102.363
3151, 52.50833, 0.354181, -58.6458, 2.47858, -1.71749, 3.19786, -167.778, 2.98702E-005, 11.8121, 0.00112038, 68.3682, 0.000658993, -102.365
3151, 52.51667, 0.353853, -58.6105, 2.48073, -1.70079, 3.2009, -167.789, 2.98309E-005, 11.8419, 0.00112152, 68.3838, 0.000659733, -102.367
3152, 52.52500, 0.353527, -58.5749, 2.48287, -1.68412, 3.20394, -167.799, 2.97917E-005, 11.872, 0.00112266, 68.3993, 0.000660473, -102.369
3152, 52.53333, 0.353202, -58.5391, 2.48502, -1.6675, 3.20698, -167.81, 2.97526E-005, 11.9023, 0.0011238, 68.4148, 0.000661214, -102.371
3153, 52.54167, 0.352879, -58.5031, 2.48717, -1.6509, 3.21002, -167.821, 2.97136E-005, 11.933, 0.00112495, 68.4302, 0.000661955, -102.373
3153, 52.55000, 0.352556, -58.4669, 2.48933, -1.63435, 3.21306, -167.831, 2.96747E-005, 11.9639, 0.00112609, 68.4457, 0.000662697, -102.375
3154, 52.55833, 0.352235, -58.4305, 2.49149, -1.61783, 3.21611, -167.842, 2.96359E-005, 11.9951, 0.00112724, 68.4611, 0.00066344, -102.377
3154, 52.56667, 0.351915, -58.3939, 2.49365, -1.60135, 3.21915, -167.852, 2.95972E-005, 12.0267, 0.00112839, 68.4765, 0.000664183, -102.379
3155, 52.57500, 0.351596, -58.3571, 2.49581, -1.5849, 3.2222, -167.863, 2.95586E-005, 12.0585, 0.00112954, 68.4918, 0.000664927, -102.381
3155, 52.58333, 0.351279, -58.3201, 2.49798, -1.56849, 3.22525, -167.873, 2.95201E-005, 12.0907, 0.00113069, 68.5071, 0.000665672, -102.383
3156, 52.59167, 0.350962, -58.2829, 2.50015, -1.55212, 3.22831, -167.884, 2.94818E-005, 12.1231, 0.00113185, 68.5225, 0.000666417, -102.385
3156, 52.60000, 0.350647, -58.2454, 2.50233, -1.53578, 3.23136, -167.894, 2.94435E-005, 12.1559, 0.001133, 68.5377, 0.000667162, -102.387
3157, 52.60833, 0.350333, -58.2078, 2.50451, -1.51949, 3.23442, -167.905, 2.94054E-005, 12.1889, 0.00113416, 68.553, 0.000667909, -102.389
3157, 52.61667, 0.35002, -58.17, 2.50669, -1.50322, 3.23747, -167.915, 2.93673E-005, 12.2223, 0.00113532, 68.5682, 0.000668656, -102.391
3158, 52.62500, 0.349709, -58.132, 2.50887, -1.487, 3.24053, -167.926, 2.93294E-005, 12.2559, 0.00113648, 68.5834, 0.000669403, -102.393
3158, 52.63333, 0.349398, -58.0937, 2.51106, -1.47081, 3.24359, -167.936, 2.92916E-005, 12.2898, 0.00113764, 68.5985, 0.000670152, -102.395
3159, 52.64167, 0.349089, -58.0553, 2.51325, -1.45465, 3.24666, -167.946, 2.92539E-005, 12.3241, 0.0011388, 68.6137, 0.000670901, -102.397
3159, 52.65000, 0.348781, -58.0167, 2.51544, -1.43854, 3.24972, -167.957, 2.92163E-005, 12.3586, 0.00113997, 68.6288, 0.00067165, -102.399
3160, 52.65833, 0.348475, -57.9778, 2.51764, -1.42246, 3.25279, -167.967, 2.91788E-005, 12.3935, 0.00114114, 68.6438, 0.0006724, -102.401
3160, 52.66667, 0.348169, -57.9388, 2.51984, -1.40641, 3.25586, -167.977, 2.91414E-005, 12.4286, 0.0011423, 68.6589, 0.000673151, -102.402
3161, 52.67500, 0.347865, -57.8996, 2.52204, -1.3904, 3.25893, -167.988, 2.91042E-005, 12.4641, 0.00114347, 68.6739, 0.000673902, -102.404
3161, 52.68333, 0.347562, -57.8601, 2.52425, -1.37443, 3.262, -167.998, 2.9067E-005, 12.4998, 0.00114464, 68.6889, 0.000674654, -102.406
3162, 52.69167, 0.34726, -57.8205, 2.52646, -1.3585, 3.26508, -168.008, 2.903E-005, 12.5359, 0.00114582, 68.7038, 0.000675407, -102.408
3162, 52.70000, 0.34696, -57.7807, 2.52867, -1.3426, 3.26815, -168.018, 2.8993E-005, 12.5723, 0.00114699, 68.7188, 0.000676161, -102.41
3163, 52.70833, 0.34666, -57.7407, 2.53089, -1.32674, 3.27123, -168.028, 2.89562E-005, 12.6089, 0.00114817, 68.7337, 0.000676914, -102.412
3163, 52.71667, 0.346362, -57.7004, 2.53311, -1.31091, 3.27431, -168.039, 2.89195E-005, 12.6459, 0.00114935, 68.7486, 0.000677669, -102.414
3164, 52.72500, 0.346065, -57.66, 2.53533, -1.29512, 3.27739, -168.049, 2.88829E-005, 12.6831, 0.00115052, 68.7634, 0.000678424, -102.416
3164, 52.73333, 0.34577, -57.6194, 2.53756, -1.27937, 3.28048, -168.059, 2.88464E-005, 12.7207, 0.00115171, 68.7782, 0.00067918, -102.418
3165, 52.74167, 0.345475, -57.5786, 2.53979, -1.26365, 3.28356, -168.069, 2.881E-005, 12.7586, 0.00115289, 68.793, 0.000679937, -102.42
3165, 52.75000, 0.345182, -57.5376, 2.54202, -1.24797, 3.28665, -168.079, 2.87738E-005, 12.7967, 0.00115407, 68.8078, 0.000680694, -102.422
3166, 52.75833, 0.34489, -57.4964, 2.54425, -1.23233, 3.28974, -168.089, 2.87376E-005, 12.8352, 0.00115526, 68.8225, 0.000681452, -102.423
3166, 52.76667, 0.3446, -57.455, 2.54649, -1.21672, 3.29283, -168.099, 2.87016E-005, 12.874, 0.00115644, 68.8372, 0.00068221, -102.425
3167, 52.77500, 0.34431, -57.4134, 2.54873, -1.20115, 3.29593, -168.11, 2.86657E-005, 12.9131, 0.00115763, 68.8519, 0.00068297, -102.427
3167, 52.78333, 0.344022, -57.3716, 2.55098, -1.18562, 3.29903, -168.12, 2.86299E-005, 12.9525, 0.00115882, 68.8666, 0.000683729, -102.429
3168, 52.79167, 0.343735, -57.3296, 2.55322, -1.17012, 3.30212, -168.13, 2.85942E-005, 12.9921, 0.00116002, 68.8812, 0.00068449, -102.431
3168, 52.80000, 0.343449, -57.2874, 2.55547, -1.15466, 3.30522, -168.14, 2.85586E-005, 13.0321, 0.00116121, 68.8958, 0.000685251, -102.433
3169, 52.80833, 0.343165, -57.2451, 2.55773, -1.13923, 3.30833, -168.15, 2.85232E-005, 13.0724, 0.0011624, 68.9104, 0.000686013, -102.435
3169, 52.81667, 0.342882, -57.2025, 2.55999, -1.12384, 3.31143, -168.16, 2.84878E-005, 13.113, 0.0011636, 68.9249, 0.000686775, -102.437
3170, 52.82500, 0.3426, -57.1598, 2.56225, -1.10849, 3.31454, -168.17, 2.84526E-005, 13.1539, 0.0011648, 68.9394, 0.000687538, -102.438
3170, 52.83333, 0.342319, -57.1168, 2.56451, -1.09317, 3.31764, -168.179, 2.84175E-005, 13.1951, 0.001166, 68.9539, 0.000688302, -102.44
3171, 52.84167, 0.34204, -57.0737, 2.56678, -1.07789, 3.32075, -168.189, 2.83825E-005, 13.2366, 0.0011672, 68.9684, 0.000689067, -102.442
3171, 52.85000, 0.341761, -57.0304, 2.56905, -1.06265, 3.32387, -168.199, 2.83476E-005, 13.2784, 0.0011684, 68.9828, 0.000689832, -102.444
3172, 52.85833, 0.341484, -56.9868, 2.57132, -1.04744, 3.32698, -168.209, 2.83129E-005, 13.3206, 0.00116961, 68.9972, 0.000690597, -102.446
3172, 52.86667, 0.341209, -56.9431, 2.5736, -1.03227, 3.3301, -168.219, 2.82782E-005, 13.363, 0.00117081, 69.0116, 0.000691364, -102.448
3173, 52.87500, 0.340934, -56.8993, 2.57588, -1.01713, 3.33322, -168.229, 2.82437E-005, 13.4057, 0.00117202, 69.0259, 0.000692131, -102.45
3173, 52.88333, 0.340661, -56.8552, 2.57816, -1.00203, 3.33634, -168.239, 2.82093E-005, 13.4487, 0.00117323, 69.0403, 0.000692899, -102.451
3174, 52.89167, 0.340389, -56.8109, 2.58044, -0.986968, 3.33946, -168.249, 2.8175E-005, 13.4921, 0.00117444, 69.0546, 0.000693667, -102.453
3174, 52.90000, 0.340119, -56.7664, 2.58273, -0.971941, 3.34258, -168.258, 2.81408E-005, 13.5357, 0.00117565, 69.0688, 0.000694437, -102.455
3175, 52.90833, 0.339849, -56.7218, 2.58503, -0.95695, 3.34571, -168.268, 2.81068E-005, 13.5797, 0.00117687, 69.0831, 0.000695206, -102.457
3175, 52.91667, 0.339581, -56.677, 2.58732, -0.941994, 3.34884, -168.278, 2.80728E-005, 13.6239, 0.00117808, 69.0973, 0.000695977, -102.459
3176, 52.92500, 0.339314, -56.632, 2.58962, -0.927075, 3.35197, -168.288, 2.8039E-005, 13.6685, 0.0011793, 69.1114, 0.000696748, -102.461
3176, 52.93333, 0.339049, -56.5868, 2.59192, -0.912192, 3.3551, -168.297, 2.80053E-005, 13.7133, 0.00118052, 69.1256, 0.00069752, -102.462
3177, 52.94167, 0.338784, -56.5414, 2.59423, -0.897343, 3.35824, -168.307, 2.79717E-005, 13.7585, 0.00118174, 69.1397, 0.000698293, -102.464
3177, 52.95000, 0.338521, -56.4958, 2.59653, -0.882532, 3.36138, -168.317, 2.79383E-005, 13.8039, 0.00118296, 69.1538, 0.000699066, -102.466
3178, 52.95833, 0.338259, -56.4501, 2.59884, -0.867757, 3.36452, -168.326, 2.79049E-005, 13.8497, 0.00118419, 69.1679, 0.00069984, -102.468
3178, 52.96667, 0.337999, -56.4041, 2.60116, -0.853016, 3.36766, -168.336, 2.78717E-005, 13.8958, 0.00118541, 69.1819, 0.000700615, -102.47
3179, 52.97500, 0.33774, -56.358, 2.60348, -0.838312, 3.3708, -168.346, 2.78386E-005, 13.9422, 0.00118664, 69.1959, 0.00070139, -102.472
3179, 52.98333, 0.337482, -56.3117, 2.6058, -0.823645, 3.37395, -168.355, 2.78057E-005, 13.9888, 0.00118787, 69.2099, 0.000702166, -102.473
3180, 52.99167, 0.337225, -56.2652, 2.60812, -0.809011, 3.3771, -168.365, 2.77728E-005, 14.0358, 0.0011891, 69.2239, 0.000702943, -102.475
3180, 53.00000, 0.336969, -56.2186, 2.61045, -0.794415, 3.38025, -168.375, 2.77401E-005, 14.0831, 0.00119033, 69.2378, 0.00070372, -102.477
3181, 53.00833, 0.336715, -56.1717, 2.61278, -0.779855, 3.3834, -168.384, 2.77075E-005, 14.1307, 0.00119157, 69.2517, 0.000704498, -102.479
3181, 53.01667, 0.336462, -56.1247, 2.61511, -0.765329, 3.38656, -168.394, 2.7675E-005, 14.1786, 0.0011928, 69.2656, 0.000705277, -102.481
3182, 53.02500, 0.336211, -56.0775, 2.61745, -0.75084, 3.38971, -168.403, 2.76426E-005, 14.2268, 0.00119404, 69.2794, 0.000706057, -102.482
3182, 53.03333, 0.33596, -56.0301, 2.61979, -0.736388, 3.39287, -168.413, 2.76104E-005, 14.2753, 0.00119528, 69.2933, 0.000706837, -102.484
3183, 53.04167, 0.335711, -55.9825, 2.62213, -0.721969, 3.39603, -168.422, 2.75782E-005, 14.3241, 0.00119652, 69.3071, 0.000707618, -102.486
3183, 53.05000, 0.335464, -55.9348, 2.62448, -0.707587, 3.3992, -168.432, 2.75462E-005, 14.3733, 0.00119776, 69.3208, 0.0007084, -102.488
3184, 53.05833, 0.335217, -55.8869, 2.62683, -0.693241, 3.40236, -168.441, 2.75144E-005, 14.4227, 0.001199, 69.3346, 0.000709182, -102.489
3184, 53.06667, 0.334972, -55.8388, 2.62918, -0.678929, 3.40553, -168.451, 2.74826E-005, 14.4724, 0.00120025, 69.3483, 0.000709965, -102.491
3185, 53.07500, 0.334728, -55.7905, 2.63153, -0.664654, 3.4087, -168.46, 2.7451E-005, 14.5224, 0.00120149, 69.362, 0.000710749, -102.493
3185, 53.08333, 0.334485, -55.7421, 2.63389, -0.650415, 3.41188, -168.47, 2.74195E-005, 14.5728, 0.00120274, 69.3756, 0.000711534, -102.495
3186, 53.09167, 0.334244, -55.6935, 2.63625, -0.636209, 3.41505, -168.479, 2.73881E-005, 14.6234, 0.00120399, 69.3892, 0.000712319, -102.497
3186, 53.10000, 0.334004, -55.6447, 2.63862, -0.622041, 3.41823, -168.488, 2.73569E-005, 14.6744, 0.00120524, 69.4028, 0.000713105, -102.498
3187, 53.10833, 0.333765, -55.5957, 2.64099, -0.607908, 3.42141, -168.498, 2.73257E-005, 14.7256, 0.00120649, 69.4164, 0.000713892, -102.5
3187, 53.11667, 0.333528, -55.5465, 2.64336, -0.593809, 3.42459, -168.507, 2.72947E-005, 14.7771, 0.00120775, 69.43, 0.000714679, -102.502
3188, 53.12500, 0.333292, -55.4972, 2.64573, -0.579747, 3.42777, -168.517, 2.72639E-005, 14.829, 0.00120901, 69.4435, 0.000715467, -102.504
3188, 53.13333, 0.333057, -55.4477, 2.64811, -0.56572, 3.43096, -168.526, 2.72331E-005, 14.8812, 0.00121026, 69.457, 0.000716256, -102.505
3189, 53.14167, 0.332823, -55.3981, 2.65049, -0.551727, 3.43415, -168.535, 2.72025E-005, 14.9336, 0.00121152, 69.4704, 0.000717046, -102.507
3189, 53.15000, 0.332591, -55.3483, 2.65288, -0.537771, 3.43734, -168.545, 2.7172E-005, 14.9864, 0.00121279, 69.4839, 0.000717836, -102.509
3190, 53.15833, 0.33236, -55.2983, 2.65526, -0.52385, 3.44054, -168.554, 2.71416E-005, 15.0394, 0.00121405, 69.4973, 0.000718627, -102.511
3190, 53.16667, 0.33213, -55.2481, 2.65765, -0.509963, 3.44373, -168.563, 2.71114E-005, 15.0928, 0.00121531, 69.5107, 0.000719419, -102.512
3191, 53.17500, 0.331901, -55.1977, 2.66005, -0.496112, 3.44693, -168.572, 2.70813E-005, 15.1465, 0.00121658, 69.524, 0.000720211, -102.514
3191, 53.18333, 0.331674, -55.1472, 2.66244, -0.482297, 3.45013, -168.582, 2.70513E-005, 15.2004, 0.00121785, 69.5373, 0.000721004, -102.516
3192, 53.19167, 0.331448, -55.0966, 2.66484, -0.468515, 3.45334, -168.591, 2.70214E-005, 15.2547, 0.00121912, 69.5506, 0.000721798, -102.518
3192, 53.20000, 0.331224, -55.0457, 2.66725, -0.45477, 3.45654, -168.6, 2.69917E-005, 15.3093, 0.00122039, 69.5639, 0.000722593, -102.519
3193, 53.20833, 0.331001, -54.9947, 2.66965, -0.44106, 3.45975, -168.609, 2.69621E-005, 15.3642, 0.00122166, 69.5772, 0.000723389, -102.521
3193, 53.21667, 0.330779, -54.9435, 2.67206, -0.427384, 3.46296, -168.618, 2.69326E-005, 15.4194, 0.00122293, 69.5904, 0.000724185, -102.523
3194, 53.22500, 0.330558, -54.8922, 2.67448, -0.413744, 3.46617, -168.628, 2.69033E-005, 15.4748, 0.00122421, 69.6036, 0.000724982, -102.525
3194, 53.23333, 0.330339, -54.8407, 2.67689, -0.400139, 3.46939, -168.637, 2.68741E-005, 15.5306, 0.00122549, 69.6167, 0.000725779, -102.526
3195, 53.24167, 0.330121, -54.789, 2.67931, -0.386567, 3.4726, -168.646, 2.6845E-005, 15.5867, 0.00122677, 69.6299, 0.000726578, -102.528
3195, 53.25000, 0.329904, -54.7372, 2.68173, -0.373032, 3.47582, -168.655, 2.6816E-005, 15.6431, 0.00122805, 69.643, 0.000727377, -102.53
3196, 53.25833, 0.329689, -54.6852, 2.68416, -0.359532, 3.47905, -168.664, 2.67872E-005, 15.6998, 0.00122933, 69.6561, 0.000728177, -102.532
3196, 53.26667, 0.329475, -54.633, 2.68659, -0.346065, 3.48227, -168.673, 2.67585E-005, 15.7568, 0.00123062, 69.6691, 0.000728978, -102.533
3197, 53.27500, 0.329262, -54.5807, 2.68902, -0.332634, 3.4855, -168.682, 2.673E-005, 15.814, 0.0012319, 69.6821, 0.000729779, -102.535
3197, 53.28333, 0.32905, -54.5282, 2.69145, -0.319238, 3.48873, -168.691, 2.67016E-005, 15.8716, 0.00123319, 69.6951, 0.000730581, -102.537
3198, 53.29167, 0.32884, -54.4755, 2.69389, -0.305875, 3.49196, -168.7, 2.66733E-005, 15.9295, 0.00123448, 69.7081, 0.000731384, -102.538
3198, 53.30000, 0.328631, -54.4227, 2.69633, -0.292549, 3.4952, -168.709, 2.66451E-005, 15.9877, 0.00123577, 69.7211, 0.000732188, -102.54
3199, 53.30833, 0.328424, -54.3698, 2.69878, -0.279257, 3.49843, -168.718, 2.66171E-005, 16.0462, 0.00123706, 69.734, 0.000732993, -102.542
3199, 53.31667, 0.328217, -54.3166, 2.70122, -0.265998, 3.50167, -168.727, 2.65892E-005, 16.105, 0.00123836, 69.7469, 0.000733798, -102.544
3200, 53.32500, 0.328013, -54.2634, 2.70368, -0.252776, 3.50492, -168.736, 2.65614E-005, 16.164, 0.00123965, 69.7598, 0.000734604, -102.545
3200, 53.33333, 0.327809, -54.2099, 2.70613, -0.239588, 3.50816, -168.745, 2.65338E-005, 16.2234, 0.00124095, 69.7726, 0.000735411, -102.547
3201, 53.34167, 0.327607, -54.1563, 2.70859, -0.226433, 3.51141, -168.754, 2.65063E-005, 16.2831, 0.00124225, 69.7854, 0.000736218, -102.549
3201, 53.35000, 0.327406, -54.1026, 2.71105, -0.213313, 3.51466, -168.763, 2.64789E-005, 16.3431, 0.00124355, 69.7982, 0.000737027, -102.55
3202, 53.35833, 0.327206, -54.0487, 2.71351, -0.200229, 3.51791, -168.772, 2.64517E-005, 16.4033, 0.00124485, 69.8109, 0.000737836, -102.552
3202, 53.36667, 0.327008, -53.9946, 2.71598, -0.187177, 3.52117, -168.781, 2.64246E-005, 16.4639, 0.00124616, 69.8237, 0.000738646, -102.554
3203, 53.37500, 0.326811, -53.9404, 2.71845, -0.174161, 3.52442, -168.79, 2.63977E-005, 16.5248, 0.00124746, 69.8364, 0.000739456, -102.555
3203, 53.38333, 0.326615, -53.886, 2.72092, -0.16118, 3.52768, -168.799, 2.63708E-005, 16.5859, 0.00124877, 69.8491, 0.000740268, -102.557
3204, 53.39167, 0.32642, -53.8315, 2.7234, -0.148231, 3.53095, -168.808, 2.63441E-005, 16.6474, 0.00125008, 69.8617, 0.00074108, -102.559
3204, 53.40000, 0.326227, -53.7768, 2.72588, -0.135318, 3.53421, -168.817, 2.63176E-005, 16.7092, 0.00125139, 69.8743, 0.000741893, -102.561
3205, 53.40833, 0.326036, -53.722, 2.72836, -0.122439, 3.53748, -168.826, 2.62912E-005, 16.7712, 0.00125271, 69.8869, 0.000742707, -102.562
3205, 53.41667, 0.325845, -53.667, 2.73085, -0.109593, 3.54075, -168.834, 2.62649E-005, 16.8335, 0.00125402, 69.8995, 0.000743521, -102.564
3206, 53.42500, 0.325656, -53.6119, 2.73333, -0.0967821, 3.54402, -168.843, 2.62388E-005, 16.8962, 0.00125534, 69.9121, 0.000744336, -102.566
3206, 53.43333, 0.325468, -53.5566, 2.73583, -0.0840056, 3.5473, -168.852, 2.62128E-005, 16.9591, 0.00125665, 69.9246, 0.000745153, -102.567
3207, 53.44167, 0.325282, -53.5012, 2.73832, -0.0712617, 3.55058, -168.861, 2.61869E-005, 17.0223, 0.00125797, 69.9371, 0.00074597, -102.569
3207, 53.45000, 0.325097, -53.4456, 2.74082, -0.0585533, 3.55386, -168.87, 2.61612E-005, 17.0859, 0.00125929, 69.9495, 0.000746787, -102.571
3208, 53.45833, 0.324913, -53.3899, 2.74332, -0.0458789, 3.55714, -168.878, 2.61356E-005, 17.1497, 0.00126062, 69.962, 0.000747606, -102.572
3208, 53.46667, 0.324731, -53.334, 2.74583, -0.0332369, 3.56043, -168.887, 2.61101E-005, 17.2138, 0.00126194, 69.9744, 0.000748425, -102.574
3209, 53.47500, 0.324549, -53.278, 2.74834, -0.0206303, 3.56371, -168.896, 2.60848E-005, 17.2782, 0.00126327, 69.9868, 0.000749245, -102.576
3209, 53.48333, 0.32437, -53.2218, 2.75085, -0.00805761, 3.56701, -168.905, 2.60596E-005, 17.3428, 0.0012646, 69.9991, 0.000750066, -102.577
3210, 53.49167, 0.324191, -53.1655, 2.75336, 0.0044828, 3.5703, -168.913, 2.60346E-005, 17.4078, 0.00126593, 70.0115, 0.000750888, -102.579
3210, 53.50000, 0.324014, -53.1091, 2.75588, 0.0169879, 3.5736, -168.922, 2.60097E-005, 17.4731, 0.00126726, 70.0238, 0.00075171, -102.581
3211, 53.50833, 0.323838, -53.0525, 2.7584, 0.0294593, 3.5769, -168.931, 2.5985E-005, 17.5386, 0.00126859, 70.0361, 0.000752533, -102.582
3211, 53.51667, 0.323664, -52.9958, 2.76093, 0.0418985, 3.5802, -168.939, 2.59603E-005, 17.6045, 0.00126993, 70.0483, 0.000753358, -102.584
3212, 53.52500, 0.323491, -52.9389, 2.76345, 0.0543026, 3.5835, -168.948, 2.59359E-005, 17.6706, 0.00127126, 70.0605, 0.000754183, -102.586
3212, 53.53333, 0.323319, -52.8819, 2.76599, 0.066673, 3.58681, -168.957, 2.59115E-005, 17.737, 0.0012726, 70.0727, 0.000755008, -102.587
3213, 53.54167, 0.323148, -52.8247, 2.76852, 0.0790114, 3.59012, -168.965, 2.58873E-005, 17.8037, 0.00127394, 70.0849, 0.000755835, -102.589
3213, 53.55000, 0.322979, -52.7674, 2.77106, 0.0913147, 3.59343, -168.974, 2.58633E-005, 17.8707, 0.00127528, 70.0971, 0.000756662, -102.591
3214, 53.55833, 0.322811, -52.71, 2.7736, 0.103585, 3.59675, -168.983, 2.58394E-005, 17.938, 0.00127663, 70.1092, 0.00075749, -102.592
3214, 53.56667, 0.322645, -52.6524, 2.77614, 0.115822, 3.60007, -168.991, 2.58156E-005, 18.0056, 0.00127797, 70.1213, 0.000758319, -102.594
3215, 53.57500, 0.32248, -52.5947, 2.77869, 0.128025, 3.60339, -169, 2.5792E-005, 18.0734, 0.00127932, 70.1334, 0.000759149, -102.596
3215, 53.58333, 0.322316, -52.5368, 2.78124, 0.140195, 3.60671, -169.008, 2.57685E-005, 18.1416, 0.00128067, 70.1454, 0.00075998, -102.597
3216, 53.59167, 0.322153, -52.4789, 2.78379, 0.152333, 3.61004, -169.017, 2.57452E-005, 18.21, 0.00128202, 70.1574, 0.000760811, -102.599
3216, 53.60000, 0.321992, -52.4207, 2.78635, 0.164436, 3.61337, -169.025, 2.5722E-005, 18.2787, 0.00128337, 70.1694, 0.000761643, -102.601
3217, 53.60833, 0.321833, -52.3625, 2.78891, 0.176506, 3.6167, -169.034, 2.56989E-005, 18.3477, 0.00128472, 70.1814, 0.000762476, -102.602
3217, 53.61667, 0.321674, -52.3041, 2.79147, 0.188544, 3.62003, -169.042, 2.5676E-005, 18.417, 0.00128608, 70.1933, 0.00076331, -102.604
3218, 53.62500, 0.321517, -52.2456, 2.79404, 0.200547, 3.62337, -169.051, 2.56532E-005, 18.4865, 0.00128743, 70.2052, 0.000764145, -102.605
3218, 53.63333, 0.321361, -52.1869, 2.79661, 0.212517, 3.62671, -169.059, 2.56306E-005, 18.5564, 0.00128879, 70.2171, 0.000764981, -102.607
3219, 53.64167, 0.321207, -52.1282, 2.79918, 0.224456, 3.63006, -169.068, 2.56082E-005, 18.6265, 0.00129015, 70.229, 0.000765817, -102.609
3219, 53.65000, 0.321054, -52.0692, 2.80176, 0.23636, 3.6334, -169.076, 2.55858E-005, 18.6969, 0.00129152, 70.2408, 0.000766654, -102.61
3220, 53.65833, 0.320902, -52.0102, 2.80434, 0.248231, 3.63675, -169.085, 2.55636E-005, 18.7675, 0.00129288, 70.2526, 0.000767492, -102.612
3220, 53.66667, 0.320752, -51.951, 2.80692, 0.260071, 3.6401, -169.093, 2.55416E-005, 18.8385, 0.00129425, 70.2644, 0.000768331, -102.614
3221, 53.67500, 0.320603, -51.8917, 2.8095, 0.271877, 3.64346, -169.102, 2.55197E-005, 18.9097, 0.00129561, 70.2762, 0.000769171, -102.615
3221, 53.68333, 0.320455, -51.8323, 2.81209, 0.283649, 3.64681, -169.11, 2.5498E-005, 18.9812, 0.00129698, 70.2879, 0.000770012, -102.617
3222, 53.69167, 0.320309, -51.7727, 2.81469, 0.29539, 3.65017, -169.119, 2.54764E-005, 19.053, 0.00129835, 70.2996, 0.000770853, -102.619
3222, 53.70000, 0.320164, -51.7131, 2.81728, 0.307097, 3.65354, -169.127, 2.54549E-005, 19.1251, 0.00129973, 70.3113, 0.000771696, -102.62
3223, 53.70833, 0.32002, -51.6533, 2.81988, 0.318771, 3.6569, -169.135, 2.54336E-005, 19.1974, 0.0013011, 70.3229, 0.000772539, -102.622
3223, 53.71667, 0.319878, -51.5933, 2.82248, 0.330414, 3.66027, -169.144, 2.54125E-005, 19.27, 0.00130248, 70.3346, 0.000773383, -102.623
3224, 53.72500, 0.319737, -51.5333, 2.82509, 0.342023, 3.66364, -169.152, 2.53915E-005, 19.3429, 0.00130386, 70.3462, 0.000774228, -102.625
3224, 53.73333, 0.319597, -51.4731, 2.8277, 0.353599, 3.66702, -169.16, 2.53706E-005, 19.4161, 0.00130523, 70.3578, 0.000775073, -102.627
3225, 53.74167, 0.319459, -51.4128, 2.83031, 0.365144, 3.6704, -169.169, 2.53499E-005, 19.4895, 0.00130662, 70.3693, 0.00077592, -102.628
3225, 53.75000, 0.319322, -51.3524, 2.83292, 0.376655, 3.67378, -169.177, 2.53293E-005, 19.5632, 0.001308, 70.3808, 0.000776767, -102.63
3226, 53.75833, 0.319186, -51.2918, 2.83554, 0.388134, 3.67716, -169.185, 2.53089E-005, 19.6372, 0.00130938, 70.3923, 0.000777616, -102.632
3226, 53.76667, 0.319052, -51.2312, 2.83816, 0.399582, 3.68055, -169.194, 2.52887E-005, 19.7114, 0.00131077, 70.4038, 0.000778465, -102.633
3227, 53.77500, 0.318919, -51.1704, 2.84079, 0.410996, 3.68394, -169.202, 2.52685E-005, 19.7859, 0.00131216, 70.4153, 0.000779315, -102.635
3227, 53.78333, 0.318788, -51.1095, 2.84342, 0.422377, 3.68733, -169.21, 2.52486E-005, 19.8607, 0.00131355, 70.4267, 0.000780166, -102.636
3228, 53.79167, 0.318658, -51.0485, 2.84605, 0.433728, 3.69072, -169.219, 2.52288E-005, 19.9357, 0.00131494, 70.4381, 0.000781017, -102.638
3228, 53.80000, 0.318529, -50.9874, 2.84868, 0.445045, 3.69412, -169.227, 2.52091E-005, 20.011, 0.00131634, 70.4495, 0.00078187, -102.64
3229, 53.80833, 0.318402, -50.9261, 2.85132, 0.45633, 3.69752, -169.235, 2.51896E-005, 20.0866, 0.00131773, 70.4608, 0.000782723, -102.641
3229, 53.81667, 0.318275, -50.8647, 2.85396, 0.467584, 3.70093, -169.243, 2.51702E-005, 20.1624, 0.00131913, 70.4721, 0.000783578, -102.643
3230, 53.82500, 0.318151, -50.8033, 2.85661, 0.478804, 3.70433, -169.251, 2.5151E-005, 20.2385, 0.00132053, 70.4834, 0.000784433, -102.645
3230, 53.83333, 0.318027, -50.7417, 2.85926, 0.489992, 3.70774, -169.26, 2.5132E-005, 20.3149, 0.00132193, 70.4947, 0.000785289, -102.646
3231, 53.84167, 0.317905, -50.68, 2.86191, 0.50115, 3.71116, -169.268, 2.51131E-005, 20.3915, 0.00132333, 70.506, 0.000786146, -102.648
3231, 53.85000, 0.317785, -50.6182, 2.86456, 0.512275, 3.71457, -169.276, 2.50943E-005, 20.4684, 0.00132474, 70.5172, 0.000787004, -102.649
3232, 53.85833, 0.317665, -50.5562, 2.86722, 0.523367, 3.71799, -169.284, 2.50757E-005, 20.5456, 0.00132614, 70.5284, 0.000787863, -102.651
3232, 53.86667, 0.317547, -50.4942, 2.86988, 0.534429, 3.72141, -169.292, 2.50573E-005, 20.623, 0.00132755, 70.5395, 0.000788722, -102.653
3233, 53.87500, 0.317431, -50.432, 2.87254, 0.545458, 3.72484, -169.301, 2.5039E-005, 20.7006, 0.00132896, 70.5507, 0.000789583, -102.654
3233, 53.88333, 0.317316, -50.3698, 2.87521, 0.556454, 3.72827, -169.309, 2.50209E-005, 20.7785, 0.00133037, 70.5618, 0.000790444, -102.656
3234, 53.89167, 0.317202, -50.3074, 2.87788, 0.567421, 3.7317, -169.317, 2.50029E-005, 20.8567, 0.00133179, 70.5729, 0.000791307, -102.657
3234, 53.90000, 0.317089, -50.2449, 2.88056, 0.578354, 3.73513, -169.325, 2.49851E-005, 20.9352, 0.0013332, 70.584, 0.00079217, -102.659
3235, 53.90833, 0.316978, -50.1824, 2.88323, 0.589256, 3.73857, -169.333, 2.49674E-005, 21.0138, 0.00133462, 70.595, 0.000793034, -102.661
3235, 53.91667, 0.316868, -50.1197, 2.88592, 0.600127, 3.74201, -169.341, 2.49499E-005, 21.0928, 0.00133604, 70.606, 0.000793899, -102.662
3236, 53.92500, 0.31676, -50.0569, 2.8886, 0.610966, 3.74545, -169.349, 2.49325E-005, 21.172, 0.00133746, 70.617, 0.000794765, -102.664
3236, 53.93333, 0.316653, -49.994, 2.89129, 0.621772, 3.7489, -169.357, 2.49153E-005, 21.2514, 0.00133888, 70.628, 0.000795631, -102.666
3237, 53.94167, 0.316547, -49.931, 2.89398, 0.632549, 3.75235, -169.365, 2.48983E-005, 21.3311, 0.0013403, 70.639, 0.000796499, -102.667
3237, 53.95000, 0.316443, -49.8679, 2.89667, 0.643293, 3.7558, -169.373, 2.48814E-005, 21.411, 0.00134173, 70.6499, 0.000797368, -102.669
3238, 53.95833, 0.31634, -49.8047, 2.89937, 0.654006, 3.75926, -169.382, 2.48647E-005, 21.4912, 0.00134316, 70.6608, 0.000798237, -102.67
3238, 53.96667, 0.316238, -49.7414, 2.90207, 0.664688, 3.76272, -169.39, 2.48481E-005, 21.5717, 0.00134459, 70.6716, 0.000799108, -102.672
3239, 53.97500, 0.316138, -49.678, 2.90477, 0.675338, 3.76618, -169.398, 2.48317E-005, 21.6523, 0.00134602, 70.6825, 0.000799979, -102.674
3239, 53.98333, 0.316039, -49.6145, 2.90748, 0.685956, 3.76964, -169.406, 2.48154E-005, 21.7333, 0.00134745, 70.6933, 0.000800851, -102.675
3240, 53.99167, 0.315942, -49.5509, 2.91019, 0.696545, 3.77311, -169.414, 2.47993E-005, 21.8144, 0.00134889, 70.7041, 0.000801724, -102.677
3240, 54.00000, 0.315846, -49.4873, 2.91291, 0.707101, 3.77658, -169.422, 2.47834E-005, 21.8958, 0.00135032, 70.7149, 0.000802598, -102.678
3241, 54.00833, 0.315751, -49.4235, 2.91562, 0.717626, 3.78006, -169.43, 2.47676E-005, 21.9775, 0.00135176, 70.7256, 0.000803473, -102.68
3241, 54.01667, 0.315657, -49.3596, 2.91834, 0.728121, 3.78354, -169.438, 2.4752E-005, 22.0594, 0.0013532, 70.7363, 0.000804349, -102.682
3242, 54.02500, 0.315565, -49.2956, 2.92107, 0.738584, 3.78702, -169.446, 2.47365E-005, 22.1415, 0.00135464, 70.747, 0.000805226, -102.683
3242, 54.03333, 0.315475, -49.2315, 2.9238, 0.749015, 3.7905, -169.454, 2.47212E-005, 22.2239, 0.00135609, 70.7577, 0.000806104, -102.685
3243, 54.04167, 0.315385, -49.1674, 2.92653, 0.759417, 3.79399, -169.461, 2.4706E-005, 22.3065, 0.00135753, 70.7684, 0.000806982, -102.686
3243, 54.05000, 0.315297, -49.1031, 2.92926, 0.769787, 3.79748, -169.469, 2.4691E-005, 22.3893, 0.00135898, 70.779, 0.000807862, -102.688
3244, 54.05833, 0.315211, -49.0388, 2.932, 0.780126, 3.80097, -169.477, 2.46762E-005, 22.4724, 0.00136043, 70.7896, 0.000808742, -102.69
3244, 54.06667, 0.315126, -48.9743, 2.93474, 0.790436, 3.80447, -169.485, 2.46616E-005, 22.5557, 0.00136188, 70.8002, 0.000809624, -102.691
3245, 54.07500, 0.315042, -48.9098, 2.93748, 0.800713, 3.80797, -169.493, 2.4647E-005, 22.6392, 0.00136334, 70.8107, 0.000810506, -102.693
3245, 54.08333, 0.314959, -48.8452, 2.94023, 0.81096, 3.81147, -169.501, 2.46327E-005, 22.723, 0.00136479, 70.8212, 0.00081139, -102.694
3246, 54.09167, 0.314878, -48.7805, 2.94298, 0.821177, 3.81498, -169.509, 2.46185E-005, 22.807, 0.00136625, 70.8317, 0.000812274, -102.696
3246, 54.10000, 0.314798, -48.7157, 2.94574, 0.831362, 3.81849, -169.517, 2.46045E-005, 22.8912, 0.00136771, 70.8422, 0.000813159, -102.698
3247, 54.10833, 0.31472, -48.6508, 2.94849, 0.841516, 3.822, -169.525, 2.45906E-005, 22.9757, 0.00136917, 70.8527, 0.000814045, -102.699
3247, 54.11667, 0.314643, -48.5859, 2.95126, 0.851642, 3.82552, -169.533, 2.4577E-005, 23.0604, 0.00137063, 70.8631, 0.000814932, -102.701
3248, 54.12500, 0.314567, -48.5208, 2.95402, 0.861735, 3.82904, -169.54, 2.45634E-005, 23.1453, 0.00137209, 70.8735, 0.00081582, -102.702
3248, 54.13333, 0.314493, -48.4557, 2.95679, 0.871798, 3.83256, -169.548, 2.45501E-005, 23.2304, 0.00137356, 70.8839, 0.000816709, -102.704
3249, 54.14167, 0.31442, -48.3905, 2.95956, 0.881832, 3.83609, -169.556, 2.45368E-005, 23.3158, 0.00137503, 70.8942, 0.000817599, -102.706
3249, 54.15000, 0.314349, -48.3252, 2.96233, 0.891834, 3.83962, -169.564, 2.45238E-005, 23.4013, 0.0013765, 70.9046, 0.00081849, -102.707
3250, 54.15833, 0.314279, -48.2598, 2.96511, 0.901806, 3.84315, -169.572, 2.45109E-005, 23.4871, 0.00137797, 70.9149, 0.000819382, -102.709
3250, 54.16667, 0.31421, -48.1943, 2.96789, 0.911749, 3.84669, -169.58, 2.44982E-005, 23.5731, 0.00137944, 70.9251, 0.000820275, -102.71
3251, 54.17500, 0.314142, -48.1288, 2.97068, 0.92166, 3.85023, -169.587, 2.44857E-005, 23.6593, 0.00138092, 70.9354, 0.000821168, -102.712
3251, 54.18333, 0.314076, -48.0632, 2.97346, 0.931541, 3.85377, -169.595, 2.44733E-005, 23.7458, 0.0013824, 70.9456, 0.000822063, -102.714
3252, 54.19167, 0.314012, -47.9975, 2.97626, 0.941393, 3.85732, -169.603, 2.44611E-005, 23.8324, 0.00138388, 70.9558, 0.000822959, -102.715
3252, 54.20000, 0.313948, -47.9317, 2.97905, 0.951214, 3.86087, -169.611, 2.4449E-005, 23.9193, 0.00138536, 70.966, 0.000823856, -102.717
3253, 54.20833, 0.313886, -47.8659, 2.98185, 0.961004, 3.86442, -169.618, 2.44371E-005, 24.0063, 0.00138684, 70.9762, 0.000824753, -102.718
3253, 54.21667, 0.313826, -47.8, 2.98465, 0.970766, 3.86798, -169.626, 2.44254E-005, 24.0936, 0.00138833, 70.9863, 0.000825652, -102.72
3254, 54.22500, 0.313767, -47.734, 2.98746, 0.980497, 3.87154, -169.634, 2.44138E-005, 24.1811, 0.00138981, 70.9964, 0.000826551, -102.722
3254, 54.23333, 0.313709, -47.6679, 2.99027, 0.990197, 3.8751, -169.642, 2.44025E-005, 24.2688, 0.0013913, 71.0065, 0.000827452, -102.723
3255, 54.24167, 0.313652, -47.6018, 2.99308, 0.999869, 3.87867, -169.649, 2.43912E-005, 24.3567, 0.00139279, 71.0166, 0.000828353, -102.725
3255, 54.25000, 0.313597, -47.5356, 2.99589, 1.00951, 3.88224, -169.657, 2.43802E-005, 24.4448, 0.00139428, 71.0266, 0.000829256, -102.726
3256, 54.25833, 0.313544, -47.4693, 2.99871, 1.01912, 3.88581, -169.665, 2.43693E-005, 24.5331, 0.00139578, 71.0367, 0.000830159, -102.728
3256, 54.26667, 0.313491, -47.4029, 3.00153, 1.0287, 3.88939, -169.672, 2.43586E-005, 24.6216, 0.00139727, 71.0467, 0.000831064, -102.73
3257, 54.27500, 0.31344, -47.3365, 3.00436, 1.03826, 3.89297, -169.68, 2.4348E-005, 24.7103, 0.00139877, 71.0566, 0.000831969, -102.731
3257, 54.28333, 0.313391, -47.27, 3.00719, 1.04778, 3.89655, -169.688, 2.43376E-005, 24.7992, 0.00140027, 71.0666, 0.000832875, -102.733
3258, 54.29167, 0.313343, -47.2035, 3.01002, 1.05727, 3.90014, -169.696, 2.43274E-005, 24.8883, 0.00140177, 71.0765, 0.000833783, -102.734
3258, 54.30000, 0.313296, -47.1368, 3.01286, 1.06673, 3.90373, -169.703, 2.43174E-005, 24.9776, 0.00140328, 71.0864, 0.000834691, -102.736
3259, 54.30833, 0.31325, -47.0702, 3.0157, 1.07617, 3.90733, -169.711, 2.43075E-005, 25.0671, 0.00140478, 71.0963, 0.000835601, -102.738
3259, 54.31667, 0.313206, -47.0034, 3.01854, 1.08557, 3.91092, -169.718, 2.42978E-005, 25.1568, 0.00140629, 71.1061, 0.000836511, -102.739
3260, 54.32500, 0.313163, -46.9366, 3.02139, 1.09494, 3.91452, -169.726, 2.42883E-005, 25.2467, 0.0014078, 71.1159, 0.000837422, -102.741
3260, 54.33333, 0.313122, -46.8697, 3.02424, 1.10429, 3.91813, -169.734, 2.42789E-005, 25.3367, 0.00140931, 71.1257, 0.000838335, -102.742
3261, 54.34167, 0.313082, -46.8028, 3.02709, 1.11361, 3.92174, -169.741, 2.42697E-005, 25.427, 0.00141083, 71.1355, 0.000839248, -102.744
3261, 54.35000, 0.313044, -46.7358, 3.02995, 1.12289, 3.92535, -169.749, 2.42607E-005, 25.5174, 0.00141234, 71.1453, 0.000840162, -102.746
3262, 54.35833, 0.313006, -46.6687, 3.03281, 1.13215, 3.92896, -169.757, 2.42518E-005, 25.608, 0.00141386, 71.155, 0.000841078, -102.747
3262, 54.36667, 0.312971, -46.6016, 3.03567, 1.14138, 3.93258, -169.764, 2.42431E-005, 25.6988, 0.00141538, 71.1647, 0.000841994, -102.749
3263, 54.37500, 0.312936, -46.5344, 3.03854, 1.15058, 3.93621, -169.772, 2.42346E-005, 25.7898, 0.0014169, 71.1744, 0.000842912, -102.75
3263, 54.38333, 0.312903, -46.4672, 3.04141, 1.15974, 3.93983, -169.779, 2.42263E-005, 25.8809, 0.00141842, 71.1841, 0.00084383, -102.752
3264, 54.39167, 0.312871, -46.3999, 3.04428, 1.16888, 3.94346, -169.787, 2.42181E-005, 25.9723, 0.00141995, 71.1937, 0.000844749, -102.754
3264, 54.40000, 0.312841, -46.3325, 3.04716, 1.178, 3.94709, -169.795, 2.42101E-005, 26.0638, 0.00142147, 71.2033, 0.00084567, -102.755
3265, 54.40833, 0.312812, -46.2651, 3.05004, 1.18708, 3.95073, -169.802, 2.42023E-005, 26.1555, 0.001423, 71.2129, 0.000846591, -102.757
3265, 54.41667, 0.312784, -46.1977, 3.05293, 1.19613, 3.95437, -169.81, 2.41946E-005, 26.2473, 0.00142453, 71.2225, 0.000847514, -102.758
3266, 54.42500, 0.312758, -46.1302, 3.05581, 1.20516, 3.95801, -169.817, 2.41871E-005, 26.3394, 0.00142606, 71.232, 0.000848437, -102.76
3266, 54.43333, 0.312733, -46.0626, 3.05871, 1.21415, 3.96166, -169.825, 2.41798E-005, 26.4316, 0.0014276, 71.2415, 0.000849362, -102.762
3267, 54.44167, 0.31271, -45.995, 3.0616, 1.22312, 3.96531, -169.832, 2.41727E-005, 26.5239, 0.00142914, 71.251, 0.000850287, -102.763
3267, 54.45000, 0.312688, -45.9273, 3.0645, 1.23205, 3.96897, -169.84, 2.41657E-005, 26.6165, 0.00143067, 71.2605, 0.000851214, -102.765
3268, 54.45833, 0.312667, -45.8596, 3.0674, 1.24096, 3.97263, -169.847, 2.4159E-005, 26.7092, 0.00143221, 71.27, 0.000852141, -102.766
3268, 54.46667, 0.312648, -45.7918, 3.07031, 1.24984, 3.97629, -169.855, 2.41524E-005, 26.802, 0.00143376, 71.2794, 0.00085307, -102.768
3269, 54.47500, 0.31263, -45.724, 3.07322, 1.25869, 3.97995, -169.862, 2.41459E-005, 26.895, 0.0014353, 71.2888, 0.000854, -102.77
3269, 54.48333, 0.312613, -45.6562, 3.07613, 1.26752, 3.98362, -169.87, 2.41397E-005, 26.9882, 0.00143685, 71.2982, 0.00085493, -102.771
3270, 54.49167, 0.312598, -45.5883, 3.07905, 1.27631, 3.9873, -169.877, 2.41336E-005, 27.0816, 0.0014384, 71.3075, 0.000855862, -102.773
3270, 54.50000, 0.312584, -45.5203, 3.08197, 1.28508, 3.99097, -169.885, 2.41277E-005, 27.175, 0.00143995, 71.3169, 0.000856795, -102.775
3271, 54.50833, 0.312572, -45.4523, 3.08489, 1.29381, 3.99465, -169.892, 2.41219E-005, 27.2687, 0.0014415, 71.3262, 0.000857729, -102.776
3271, 54.51667, 0.312561, -45.3843, 3.08782, 1.30252, 3.99834, -169.9, 2.41164E-005, 27.3625, 0.00144305, 71.3355, 0.000858664, -102.778
3272, 54.52500, 0.312551, -45.3162, 3.09075, 1.3112, 4.00202, -169.907, 2.4111E-005, 27.4564, 0.00144461, 71.3448, 0.0008596, -102.779
3272, 54.53333, 0.312543, -45.2481, 3.09368, 1.31985, 4.00571, -169.915, 2.41058E-005, 27.5505, 0.00144617, 71.354, 0.000860537, -102.781
3273, 54.54167, 0.312536, -45.1799, 3.09662, 1.32848, 4.00941, -169.922, 2.41007E-005, 27.6448, 0.00144773, 71.3632, 0.000861475, -102.783
3273, 54.55000, 0.31253, -45.1117, 3.09956, 1.33707, 4.01311, -169.929, 2.40959E-005, 27.7392, 0.00144929, 71.3724, 0.000862414, -102.784
3274, 54.55833, 0.312526, -45.0434, 3.1025, 1.34564, 4.01681, -169.937, 2.40912E-005, 27.8337, 0.00145085, 71.3816, 0.000863354, -102.786
3274, 54.56667, 0.312523, -44.9752, 3.10545, 1.35418, 4.02052, -169.944, 2.40867E-005, 27.9284, 0.00145242, 71.3907, 0.000864295, -102.788
3275, 54.57500, 0.312522, -44.9068, 3.1084, 1.36269, 4.02423, -169.952, 2.40824E-005, 28.0232, 0.00145399, 71.3999, 0.000865237, -102.789
3275, 54.58333, 0.312521, -44.8385, 3.11136, 1.37117, 4.02794, -169.959, 2.40782E-005, 28.1181, 0.00145556, 71.409, 0.000866181, -102.791
3276, 54.59167, 0.312523, -44.7701, 3.11432, 1.37962, 4.03166, -169.967, 2.40742E-005, 28.2132, 0.00145713, 71.4181, 0.000867125, -102.792
3276, 54.60000, 0.312525, -44.7016, 3.11728, 1.38805, 4.03538, -169.974, 2.40705E-005, 28.3085, 0.0014587, 71.4271, 0.000868071, -102.794
3277, 54.60833, 0.312529, -44.6332, 3.12025, 1.39645, 4.03911, -169.981, 2.40668E-005, 28.4038, 0.00146028, 71.4362, 0.000869017, -102.796
3277, 54.61667, 0.312535, -44.5647, 3.12322, 1.40482, 4.04283, -169.989, 2.40634E-005, 28.4993, 0.00146186, 71.4452, 0.000869965, -102.797
3278, 54.62500, 0.312542, -44.4962, 3.12619, 1.41316, 4.04657, -169.996, 2.40601E-005, 28.5949, 0.00146344, 71.4542, 0.000870913, -102.799
3278, 54.63333, 0.31255, -44.4276, 3.12917, 1.42147, 4.0503, -170.003, 2.40571E-005, 28.6907, 0.00146502, 71.4631, 0.000871863, -102.801
3279, 54.64167, 0.312559, -44.359, 3.13215, 1.42976, 4.05404, -170.011, 2.40542E-005, 28.7865, 0.0014666, 71.4721, 0.000872814, -102.802
3279, 54.65000, 0.31257, -44.2904, 3.13513, 1.43802, 4.05779, -170.018, 2.40514E-005, 28.8825, 0.00146819, 71.481, 0.000873766, -102.804
3280, 54.65833, 0.312582, -44.2217, 3.13812, 1.44625, 4.06154, -170.025, 2.40489E-005, 28.9786, 0.00146978, 71.4899, 0.000874719, -102.806
3280, 54.66667, 0.312596, -44.153, 3.14111, 1.45445, 4.06529, -170.033, 2.40466E-005, 29.0749, 0.00147137, 71.4988, 0.000875673, -102.807
3281, 54.67500, 0.312611, -44.0843, 3.14411, 1.46263, 4.06904, -170.04, 2.40444E-005, 29.1712, 0.00147296, 71.5076, 0.000876628, -102.809
3281, 54.68333, 0.312628, -44.0156, 3.1471, 1.47077, 4.0728, -170.047, 2.40424E-005, 29.2677, 0.00147455, 71.5165, 0.000877585, -102.81
3282, 54.69167, 0.312645, -43.9468, 3.15011, 1.47889, 4.07657, -170.055, 2.40405E-005, 29.3643, 0.00147615, 71.5253, 0.000878542, -102.812
3282, 54.70000, 0.312664, -43.8781, 3.15311, 1.48698, 4.08034, -170.062, 2.40389E-005, 29.461, 0.00147775, 71.5341, 0.0008795, -102.814
3283, 54.70833, 0.312685, -43.8093, 3.15612, 1.49505, 4.08411, -170.069, 2.40375E-005, 29.5578, 0.00147935, 71.5428, 0.00088046, -102.815
3283, 54.71667, 0.312707, -43.7404, 3.15914, 1.50309, 4.08788, -170.077, 2.40362E-005, 29.6547, 0.00148095, 71.5516, 0.000881421, -102.817
3284, 54.72500, 0.31273, -43.6716, 3.16215, 1.5111, 4.09166, -170.084, 2.40351E-005, 29.7517, 0.00148255, 71.5603, 0.000882382, -102.819
3284, 54.73333, 0.312755, -43.6027, 3.16517, 1.51908, 4.09544, -170.091, 2.40342E-005, 29.8488, 0.00148416, 71.569, 0.000883345, -102.82
3285, 54.74167, 0.312781, -43.5338, 3.1682, 1.52703, 4.09923, -170.099, 2.40334E-005, 29.9461, 0.00148577, 71.5777, 0.000884309, -102.822
3285, 54.75000, 0.312808, -43.4649, 3.17123, 1.53496, 4.10302, -170.106, 2.40329E-005, 30.0434, 0.00148738, 71.5863, 0.000885274, -102.824
3286, 54.75833, 0.312837, -43.396, 3.17426, 1.54286, 4.10682, -170.113, 2.40325E-005, 30.1408, 0.00148899, 71.595, 0.000886241, -102.825
3286, 54.76667, 0.312867, -43.327, 3.17729, 1.55074, 4.11062, -170.12, 2.40323E-005, 30.2383, 0.00149061, 71.6036, 0.000887208, -102.827
3287, 54.77500, 0.312899, -43.258, 3.18033, 1.55858, 4.11442, -170.128, 2.40323E-005, 30.336, 0.00149222, 71.6122, 0.000888176, -102.829
3287, 54.78333, 0.312931, -43.1891, 3.18337, 1.5664, 4.11823, -170.135, 2.40325E-005, 30.4337, 0.00149384, 71.6207, 0.000889146, -102.83
3288, 54.79167, 0.312966, -43.12, 3.18642, 1.57419, 4.12204, -170.142, 2.40329E-005, 30.5315, 0.00149546, 71.6293, 0.000890117, -102.832
3288, 54.80000, 0.313001, -43.051, 3.18947, 1.58196, 4.12585, -170.149, 2.40334E-005, 30.6294, 0.00149709, 71.6378, 0.000891089, -102.834
3289, 54.80833, 0.313038, -42.982, 3.19252, 1.58969, 4.12967, -170.157, 2.40341E-005, 30.7273, 0.00149871, 71.6463, 0.000892062, -102.835
3289, 54.81667, 0.313077, -42.913, 3.19558, 1.5974, 4.1335, -170.164, 2.4035E-005, 30.8254, 0.00150034, 71.6548, 0.000893036, -102.837
3290, 54.82500, 0.313116, -42.8439, 3.19864, 1.60509, 4.13732, -170.171, 2.40361E-005, 30.9236, 0.00150197, 71.6632, 0.000894011, -102.839
3290, 54.83333, 0.313157, -42.7748, 3.20171, 1.61274, 4.14115, -170.178, 2.40374E-005, 31.0218, 0.0015036, 71.6717, 0.000894987, -102.84
3291, 54.84167, 0.3132, -42.7058, 3.20478, 1.62037, 4.14499, -170.186, 2.40389E-005, 31.1201, 0.00150523, 71.6801, 0.000895965, -102.842
3291, 54.85000, 0.313244, -42.6367, 3.20785, 1.62797, 4.14883, -170.193, 2.40405E-005, 31.2185, 0.00150687, 71.6885, 0.000896943, -102.844
3292, 54.85833, 0.313289, -42.5676, 3.21092, 1.63555, 4.15267, -170.2, 2.40423E-005, 31.3169, 0.00150851, 71.6968, 0.000897923, -102.845
3292, 54.86667, 0.313335, -42.4985, 3.214, 1.6431, 4.15652, -170.207, 2.40444E-005, 31.4155, 0.00151015, 71.7052, 0.000898904, -102.847
3293, 54.87500, 0.313383, -42.4294, 3.21709, 1.65062, 4.16037, -170.214, 2.40466E-005, 31.5141, 0.00151179, 71.7135, 0.000899886, -102.849
3293, 54.88333, 0.313433, -42.3603, 3.22017, 1.65812, 4.16423, -170.222, 2.40489E-005, 31.6128, 0.00151343, 71.7218, 0.000900869, -102.85
3294, 54.89167, 0.313483, -42.2911, 3.22327, 1.66559, 4.16809, -170.229, 2.40515E-005, 31.7115, 0.00151508, 71.7301, 0.000901854, -102.852
3294, 54.90000, 0.313535, -42.222, 3.22636, 1.67303, 4.17195, -170.236, 2.40543E-005, 31.8103, 0.00151673, 71.7383, 0.000902839, -102.854
3295, 54.90833, 0.313589, -42.1529, 3.22946, 1.68044, 4.17582, -170.243, 2.40572E-005, 31.9092, 0.00151838, 71.7466, 0.000903826, -102.855
3295, 54.91667, 0.313644, -42.0837, 3.23256, 1.68783, 4.17969, -170.25, 2.40603E-005, 32.0082, 0.00152003, 71.7548, 0.000904814, -102.857
3296, 54.92500, 0.3137, -42.0146, 3.23567, 1.6952, 4.18357, -170.257, 2.40636E-005, 32.1071, 0.00152168, 71.763, 0.000905803, -102.859
3296, 54.93333, 0.313757, -41.9455, 3.23878, 1.70253, 4.18745, -170.265, 2.40671E-005, 32.2062, 0.00152334, 71.7711, 0.000906793, -102.861
3297, 54.94167, 0.313816, -41.8763, 3.24189, 1.70984, 4.19133, -170.272, 2.40708E-005, 32.3053, 0.001525, 71.7793, 0.000907784, -102.862
3297, 54.95000, 0.313876, -41.8072, 3.24501, 1.71712, 4.19522, -170.279, 2.40747E-005, 32.4045, 0.00152666, 71.7874, 0.000908777, -102.864
3298, 54.95833, 0.313938, -41.7381, 3.24813, 1.72438, 4.19911, -170.286, 2.40787E-005, 32.5037, 0.00152832, 71.7955, 0.00090977, -102.866
3298, 54.96667, 0.314001, -41.6689, 3.25125, 1.73161, 4.20301, -170.293, 2.4083E-005, 32.603, 0.00152999, 71.8036, 0.000910765, -102.867
3299, 54.97500, 0.314065, -41.5998, 3.25438, 1.73882, 4.20691, -170.3, 2.40874E-005, 32.7023, 0.00153165, 71.8116, 0.000911761, -102.869
3299, 54.98333, 0.314131, -41.5307, 3.25752, 1.74599, 4.21082, -170.307, 2.4092E-005, 32.8016, 0.00153332, 71.8197, 0.000912759, -102.871
3300, 54.99167, 0.314198, -41.4615, 3.26065, 1.75315, 4.21473, -170.315, 2.40968E-005, 32.9011, 0.001535, 71.8277, 0.000913757, -102.872
3300, 55.00000, 0.314266, -41.3924, 3.26379, 1.76027, 4.21864, -170.322, 2.41018E-005, 33.0005, 0.00153667, 71.8357, 0.000914756, -102.874
3301, 55.00833, 0.314336, -41.3233, 3.26694, 1.76737, 4.22256, -170.329, 2.4107E-005, 33.1, 0.00153834, 71.8437, 0.000915757, -102.876
3301, 55.01667, 0.314407, -41.2542, 3.27008, 1.77444, 4.22648, -170.336, 2.41123E-005, 33.1995, 0.00154002, 71.8516, 0.000916759, -102.878
3302, 55.02500, 0.31448, -41.1851, 3.27324, 1.78149, 4.23041, -170.343, 2.41179E-005, 33.2991, 0.0015417, 71.8595, 0.000917762, -102.879
3302, 55.03333, 0.314554, -41.116, 3.27639, 1.78851, 4.23434, -170.35, 2.41236E-005, 33.3987, 0.00154339, 71.8674, 0.000918767, -102.881
3303, 55.04167, 0.314629, -41.0469, 3.27955, 1.79551, 4.23828, -170.357, 2.41295E-005, 33.4983, 0.00154507, 71.8753, 0.000919772, -102.883
3303, 55.05000, 0.314706, -40.9779, 3.28271, 1.80247, 4.24221, -170.364, 2.41357E-005, 33.598, 0.00154676, 71.8832, 0.000920779, -102.885
3304, 55.05833, 0.314784, -40.9088, 3.28588, 1.80942, 4.24616, -170.371, 2.41419E-005, 33.6977, 0.00154845, 71.891, 0.000921787, -102.886
3304, 55.06667, 0.314863, -40.8397, 3.28905, 1.81633, 4.25011, -170.379, 2.41484E-005, 33.7974, 0.00155014, 71.8989, 0.000922796, -102.888
3305, 55.07500, 0.314944, -40.7707, 3.29223, 1.82323, 4.25406, -170.386, 2.41551E-005, 33.8971, 0.00155183, 71.9067, 0.000923806, -102.89
3305, 55.08333, 0.315026, -40.7017, 3.29541, 1.83009, 4.25802, -170.393, 2.4162E-005, 33.9969, 0.00155353, 71.9144, 0.000924818, -102.891
3306, 55.09167, 0.315109, -40.6326, 3.29859, 1.83693, 4.26198, -170.4, 2.4169E-005, 34.0967, 0.00155522, 71.9222, 0.000925831, -102.893
3306, 55.10000, 0.315194, -40.5637, 3.30178, 1.84374, 4.26594, -170.407, 2.41763E-005, 34.1964, 0.00155692, 71.9299, 0.000926845, -102.895
3307, 55.10833, 0.31528, -40.4947, 3.30497, 1.85053, 4.26991, -170.414, 2.41837E-005, 34.2963, 0.00155863, 71.9377, 0.00092786, -102.897
3307, 55.11667, 0.315368, -40.4257, 3.30816, 1.8573, 4.27389, -170.421, 2.41913E-005, 34.3961, 0.00156033, 71.9453, 0.000928876, -102.898
3308, 55.12500, 0.315457, -40.3567, 3.31136, 1.86403, 4.27787, -170.428, 2.41991E-005, 34.4959, 0.00156204, 71.953, 0.000929894, -102.9
3308, 55.13333, 0.315547, -40.2878, 3.31456, 1.87074, 4.28185, -170.435, 2.42071E-005, 34.5958, 0.00156374, 71.9607, 0.000930913, -102.902
3309, 55.14167, 0.315638, -40.2189, 3.31777, 1.87743, 4.28584, -170.442, 2.42153E-005, 34.6957, 0.00156546, 71.9683, 0.000931933, -102.904
3309, 55.15000, 0.315731, -40.15, 3.32098, 1.88409, 4.28983, -170.449, 2.42237E-005, 34.7955, 0.00156717, 71.9759, 0.000932954, -102.906
3310, 55.15833, 0.315826, -40.0811, 3.32419, 1.89072, 4.29383, -170.456, 2.42322E-005, 34.8954, 0.00156888, 71.9835, 0.000933977, -102.907
3310, 55.16667, 0.315921, -40.0123, 3.32741, 1.89733, 4.29783, -170.463, 2.4241E-005, 34.9953, 0.0015706, 71.9911, 0.000935001, -102.909
3311, 55.17500, 0.316018, -39.9434, 3.33063, 1.90392, 4.30183, -170.47, 2.42499E-005, 35.0952, 0.00157232, 71.9986, 0.000936026, -102.911
3311, 55.18333, 0.316117, -39.8746, 3.33386, 1.91047, 4.30584, -170.477, 2.42591E-005, 35.195, 0.00157404, 72.0061, 0.000937052, -102.913
3312, 55.19167, 0.316216, -39.8058, 3.33709, 1.91701, 4.30986, -170.484, 2.42684E-005, 35.2949, 0.00157577, 72.0136, 0.00093808, -102.914
3312, 55.20000, 0.316317, -39.737, 3.34032, 1.92351, 4.31388, -170.491, 2.42779E-005, 35.3948, 0.00157749, 72.0211, 0.000939108, -102.916
3313, 55.20833, 0.31642, -39.6683, 3.34356, 1.93, 4.3179, -170.498, 2.42876E-005, 35.4946, 0.00157922, 72.0286, 0.000940138, -102.918
3313, 55.21667, 0.316524, -39.5996, 3.3468, 1.93645, 4.32193, -170.505, 2.42975E-005, 35.5945, 0.00158095, 72.036, 0.00094117, -102.92
3314, 55.22500, 0.316629, -39.5309, 3.35005, 1.94288, 4.32596, -170.512, 2.43076E-005, 35.6943, 0.00158269, 72.0434, 0.000942202, -102.921
3314, 55.23333, 0.316735, -39.4622, 3.3533, 1.94929, 4.33, -170.519, 2.43178E-005, 35.7942, 0.00158442, 72.0508, 0.000943236, -102.923
3315, 55.24167, 0.316843, -39.3936, 3.35655, 1.95567, 4.33404, -170.526, 2.43283E-005, 35.894, 0.00158616, 72.0582, 0.000944271, -102.925
3315, 55.25000, 0.316952, -39.325, 3.35981, 1.96203, 4.33809, -170.533, 2.43389E-005, 35.9938, 0.0015879, 72.0656, 0.000945307, -102.927
3316, 55.25833, 0.317063, -39.2564, 3.36307, 1.96836, 4.34214, -170.54, 2.43498E-005, 36.0935, 0.00158964, 72.0729, 0.000946345, -102.929
3316, 55.26667, 0.317175, -39.1878, 3.36633, 1.97466, 4.34619, -170.547, 2.43608E-005, 36.1933, 0.00159139, 72.0802, 0.000947384, -102.93
3317, 55.27500, 0.317288, -39.1193, 3.3696, 1.98094, 4.35025, -170.554, 2.4372E-005, 36.293, 0.00159314, 72.0875, 0.000948424, -102.932
3317, 55.28333, 0.317403, -39.0508, 3.37288, 1.9872, 4.35432, -170.561, 2.43834E-005, 36.3928, 0.00159488, 72.0948, 0.000949465, -102.934
3318, 55.29167, 0.317519, -38.9823, 3.37616, 1.99343, 4.35839, -170.568, 2.4395E-005, 36.4924, 0.00159664, 72.102, 0.000950508, -102.936
3318, 55.30000, 0.317636, -38.9139, 3.37944, 1.99964, 4.36246, -170.575, 2.44068E-005, 36.5921, 0.00159839, 72.1092, 0.000951552, -102.938
3319, 55.30833, 0.317755, -38.8455, 3.38272, 2.00582, 4.36654, -170.582, 2.44188E-005, 36.6917, 0.00160015, 72.1164, 0.000952597, -102.939
3319, 55.31667, 0.317875, -38.7771, 3.38601, 2.01197, 4.37062, -170.589, 2.4431E-005, 36.7913, 0.0016019, 72.1236, 0.000953644, -102.941
3320, 55.32500, 0.317996, -38.7088, 3.38931, 2.0181, 4.37471, -170.596, 2.44434E-005, 36.8909, 0.00160367, 72.1308, 0.000954691, -102.943
3320, 55.33333, 0.318119, -38.6405, 3.3926, 2.02421, 4.3788, -170.603, 2.44559E-005, 36.9904, 0.00160543, 72.1379, 0.000955741, -102.945
3321, 55.34167, 0.318243, -38.5722, 3.39591, 2.03029, 4.3829, -170.61, 2.44687E-005, 37.0899, 0.00160719, 72.1451, 0.000956791, -102.947
3321, 55.35000, 0.318368, -38.504, 3.39921, 2.03635, 4.387, -170.617, 2.44816E-005, 37.1894, 0.00160896, 72.1522, 0.000957843, -102.949
3322, 55.35833, 0.318495, -38.4358, 3.40252, 2.04238, 4.3911, -170.624, 2.44947E-005, 37.2888, 0.00161073, 72.1593, 0.000958896, -102.95
3322, 55.36667, 0.318623, -38.3677, 3.40584, 2.04839, 4.39521, -170.631, 2.45081E-005, 37.3881, 0.0016125, 72.1663, 0.00095995, -102.952
3323, 55.37500, 0.318753, -38.2995, 3.40916, 2.05437, 4.39933, -170.638, 2.45216E-005, 37.4875, 0.00161428, 72.1734, 0.000961006, -102.954
3323, 55.38333, 0.318884, -38.2315, 3.41248, 2.06033, 4.40345, -170.645, 2.45353E-005, 37.5867, 0.00161605, 72.1804, 0.000962062, -102.956
3324, 55.39167, 0.319016, -38.1634, 3.4158, 2.06626, 4.40758, -170.652, 2.45492E-005, 37.686, 0.00161783, 72.1874, 0.000963121, -102.958
3324, 55.40000, 0.319149, -38.0954, 3.41914, 2.07217, 4.41171, -170.659, 2.45633E-005, 37.7851, 0.00161962, 72.1944, 0.00096418, -102.96
3325, 55.40833, 0.319284, -38.0275, 3.42247, 2.07805, 4.41584, -170.666, 2.45776E-005, 37.8843, 0.0016214, 72.2013, 0.000965241, -102.962
3325, 55.41667, 0.31942, -37.9596, 3.42581, 2.08391, 4.41998, -170.673, 2.4592E-005, 37.9833, 0.00162319, 72.2083, 0.000966303, -102.963
3326, 55.42500, 0.319558, -37.8917, 3.42915, 2.08975, 4.42412, -170.68, 2.46067E-005, 38.0824, 0.00162497, 72.2152, 0.000967367, -102.965
3326, 55.43333, 0.319697, -37.8239, 3.4325, 2.09556, 4.42827, -170.687, 2.46215E-005, 38.1813, 0.00162677, 72.2221, 0.000968431, -102.967
3327, 55.44167, 0.319837, -37.7561, 3.43585, 2.10135, 4.43243, -170.694, 2.46366E-005, 38.2802, 0.00162856, 72.229, 0.000969498, -102.969
3327, 55.45000, 0.319978, -37.6883, 3.43921, 2.10711, 4.43658, -170.701, 2.46518E-005, 38.3791, 0.00163035, 72.2358, 0.000970565, -102.971
3328, 55.45833, 0.320121, -37.6206, 3.44257, 2.11284, 4.44075, -170.708, 2.46673E-005, 38.4778, 0.00163215, 72.2426, 0.000971634, -102.973
3328, 55.46667, 0.320266, -37.553, 3.44593, 2.11856, 4.44492, -170.714, 2.46829E-005, 38.5766, 0.00163395, 72.2495, 0.000972704, -102.975
3329, 55.47500, 0.320411, -37.4854, 3.4493, 2.12425, 4.44909, -170.721, 2.46987E-005, 38.6752, 0.00163576, 72.2562, 0.000973775, -102.977
3329, 55.48333, 0.320558, -37.4178, 3.45267, 2.12991, 4.45327, -170.728, 2.47147E-005, 38.7738, 0.00163756, 72.263, 0.000974848, -102.978
3330, 55.49167, 0.320706, -37.3503, 3.45605, 2.13555, 4.45745, -170.735, 2.47309E-005, 38.8723, 0.00163937, 72.2698, 0.000975922, -102.98
3330, 55.50000, 0.320856, -37.2828, 3.45943, 2.14117, 4.46164, -170.742, 2.47473E-005, 38.9707, 0.00164118, 72.2765, 0.000976998, -102.982
3331, 55.50833, 0.321007, -37.2154, 3.46281, 2.14676, 4.46583, -170.749, 2.47639E-005, 39.0691, 0.00164299, 72.2832, 0.000978075, -102.984
3331, 55.51667, 0.321159, -37.1481, 3.4662, 2.15233, 4.47003, -170.756, 2.47807E-005, 39.1674, 0.00164481, 72.2899, 0.000979153, -102.986
3332, 55.52500, 0.321313, -37.0807, 3.46959, 2.15787, 4.47423, -170.763, 2.47976E-005, 39.2656, 0.00164662, 72.2966, 0.000980232, -102.988
3332, 55.53333, 0.321468, -37.0135, 3.47299, 2.16339, 4.47844, -170.77, 2.48148E-005, 39.3637, 0.00164844, 72.3032, 0.000981313, -102.99
3333, 55.54167, 0.321624, -36.9463, 3.47639, 2.16888, 4.48265, -170.777, 2.48321E-005, 39.4618, 0.00165026, 72.3099, 0.000982396, -102.992
3333, 55.55000, 0.321782, -36.8791, 3.4798, 2.17435, 4.48686, -170.784, 2.48497E-005, 39.5598, 0.00165209, 72.3165, 0.000983479, -102.994
3334, 55.55833, 0.321941, -36.812, 3.48321, 2.1798, 4.49109, -170.791, 2.48674E-005, 39.6576, 0.00165392, 72.3231, 0.000984564, -102.996
3334, 55.56667, 0.322101, -36.7449, 3.48663, 2.18523, 4.49531, -170.797, 2.48854E-005, 39.7555, 0.00165575, 72.3296, 0.000985651, -102.997
3335, 55.57500, 0.322263, -36.6779, 3.49004, 2.19062, 4.49955, -170.804, 2.49035E-005, 39.8532, 0.00165758, 72.3362, 0.000986738, -102.999
3335, 55.58333, 0.322426, -36.611, 3.49347, 2.196, 4.50378, -170.811, 2.49218E-005, 39.9508, 0.00165941, 72.3427, 0.000987828, -103.001
3336, 55.59167, 0.32259, -36.5441, 3.49689, 2.20135, 4.50802, -170.818, 2.49403E-005, 40.0484, 0.00166125, 72.3492, 0.000988918, -103.003
3336, 55.60000, 0.322756, -36.4772, 3.50033, 2.20668, 4.51227, -170.825, 2.4959E-005, 40.1458, 0.00166309, 72.3557, 0.00099001, -103.005
3337, 55.60833, 0.322923, -36.4105, 3.50376, 2.21198, 4.51652, -170.832, 2.49779E-005, 40.2432, 0.00166493, 72.3622, 0.000991103, -103.007
3337, 55.61667, 0.323091, -36.3437, 3.5072, 2.21726, 4.52078, -170.839, 2.4997E-005, 40.3404, 0.00166677, 72.3686, 0.000992198, -103.009
3338, 55.62500, 0.323261, -36.2771, 3.51065, 2.22252, 4.52504, -170.846, 2.50163E-005, 40.4376, 0.00166862, 72.375, 0.000993294, -103.011
3338, 55.63333, 0.323432, -36.2104, 3.5141, 2.22775, 4.52931, -170.853, 2.50357E-005, 40.5347, 0.00167047, 72.3814, 0.000994391, -103.013
3339, 55.64167, 0.323604, -36.1439, 3.51755, 2.23296, 4.53358, -170.86, 2.50554E-005, 40.6316, 0.00167232, 72.3878, 0.00099549, -103.015
3339, 55.65000, 0.323778, -36.0774, 3.52101, 2.23814, 4.53786, -170.866, 2.50752E-005, 40.7285, 0.00167417, 72.3942, 0.000996591, -103.017
3340, 55.65833, 0.323953, -36.011, 3.52447, 2.2433, 4.54214, -170.873, 2.50953E-005, 40.8253, 0.00167603, 72.4005, 0.000997692, -103.019
3340, 55.66667, 0.324129, -35.9446, 3.52793, 2.24844, 4.54643, -170.88, 2.51155E-005, 40.922, 0.00167789, 72.4069, 0.000998795, -103.021
3341, 55.67500, 0.324307, -35.8783, 3.5314, 2.25355, 4.55072, -170.887, 2.5136E-005, 41.0185, 0.00167975, 72.4132, 0.0009999, -103.023
3341, 55.68333, 0.324486, -35.812, 3.53488, 2.25864, 4.55502, -170.894, 2.51566E-005, 41.115, 0.00168161, 72.4195, 0.00100101, -103.025
3342, 55.69167, 0.324666, -35.7458, 3.53836, 2.26371, 4.55932, -170.901, 2.51774E-005, 41.2113, 0.00168348, 72.4257, 0.00100211, -103.027
3342, 55.70000, 0.324848, -35.6797, 3.54184, 2.26875, 4.56363, -170.908, 2.51984E-005, 41.3075, 0.00168535, 72.432, 0.00100322, -103.029
3343, 55.70833, 0.325031, -35.6136, 3.54533, 2.27377, 4.56794, -170.915, 2.52196E-005, 41.4037, 0.00168722, 72.4382, 0.00100433, -103.031
3343, 55.71667, 0.325215, -35.5476, 3.54882, 2.27877, 4.57226, -170.921, 2.5241E-005, 41.4997, 0.00168909, 72.4444, 0.00100544, -103.033
3344, 55.72500, 0.325401, -35.4816, 3.55232, 2.28374, 4.57658, -170.928, 2.52626E-005, 41.5956, 0.00169097, 72.4506, 0.00100656, -103.035
3344, 55.73333, 0.325588, -35.4158, 3.55582, 2.28869, 4.58091, -170.935, 2.52844E-005, 41.6913, 0.00169285, 72.4567, 0.00100767, -103.037
3345, 55.74167, 0.325776, -35.3499, 3.55933, 2.29361, 4.58525, -170.942, 2.53064E-005, 41.787, 0.00169473, 72.4629, 0.00100879, -103.039
3345, 55.75000, 0.325966, -35.2842, 3.56284, 2.29851, 4.58959, -170.949, 2.53285E-005, 41.8825, 0.00169661, 72.469, 0.0010099, -103.041
3346, 55.75833, 0.326157, -35.2185, 3.56635, 2.30339, 4.59393, -170.956, 2.53509E-005, 41.978, 0.0016985, 72.4751, 0.00101102, -103.043
3346, 55.76667, 0.326349, -35.1529, 3.56987, 2.30825, 4.59828, -170.963, 2.53734E-005, 42.0733, 0.00170039, 72.4812, 0.00101214, -103.045
3347, 55.77500, 0.326543, -35.0874, 3.57339, 2.31308, 4.60263, -170.97, 2.53962E-005, 42.1685, 0.00170228, 72.4873, 0.00101326, -103.047
3347, 55.78333, 0.326738, -35.0219, 3.57692, 2.31789, 4.60699, -170.976, 2.54191E-005, 42.2635, 0.00170417, 72.4933, 0.00101439, -103.049
3348, 55.79167, 0.326934, -34.9565, 3.58045, 2.32267, 4.61136, -170.983, 2.54422E-005, 42.3584, 0.00170607, 72.4993, 0.00101551, -103.051
3348, 55.80000, 0.327132, -34.8911, 3.58399, 2.32743, 4.61573, -170.99, 2.54656E-005, 42.4532, 0.00170797, 72.5053, 0.00101664, -103.053
3349, 55.80833, 0.327331, -34.8258, 3.58753, 2.33217, 4.62011, -170.997, 2.54891E-005, 42.5479, 0.00170987, 72.5113, 0.00101777, -103.055
3349, 55.81667, 0.327531, -34.7606, 3.59108, 2.33689, 4.62449, -171.004, 2.55128E-005, 42.6425, 0.00171177, 72.5173, 0.00101889, -103.057
3350, 55.82500, 0.327732, -34.6955, 3.59463, 2.34158, 4.62887, -171.011, 2.55367E-005, 42.7369, 0.00171368, 72.5232, 0.00102002, -103.059
3350, 55.83333, 0.327935, -34.6304, 3.59818, 2.34625, 4.63327, -171.018, 2.55608E-005, 42.8311, 0.00171559, 72.5292, 0.00102116, -103.061
3351, 55.84167, 0.328139, -34.5654, 3.60174, 2.35089, 4.63766, -171.024, 2.55851E-005, 42.9253, 0.0017175, 72.5351, 0.00102229, -103.063
3351, 55.85000, 0.328345, -34.5005, 3.60531, 2.35552, 4.64207, -171.031, 2.56095E-005, 43.0193, 0.00171941, 72.5409, 0.00102343, -103.065
3352, 55.85833, 0.328552, -34.4356, 3.60888, 2.36012, 4.64647, -171.038, 2.56342E-005, 43.1132, 0.00172133, 72.5468, 0.00102456, -103.068
3352, 55.86667, 0.32876, -34.3708, 3.61245, 2.36469, 4.65089, -171.045, 2.56591E-005, 43.2069, 0.00172325, 72.5527, 0.0010257, -103.07
3353, 55.87500, 0.328969, -34.3061, 3.61603, 2.36925, 4.65531, -171.052, 2.56841E-005, 43.3005, 0.00172517, 72.5585, 0.00102684, -103.072
3353, 55.88333, 0.32918, -34.2415, 3.61961, 2.37378, 4.65973, -171.059, 2.57094E-005, 43.394, 0.0017271, 72.5643, 0.00102798, -103.074
3354, 55.89167, 0.329392, -34.1769, 3.62319, 2.37828, 4.66416, -171.066, 2.57348E-005, 43.4873, 0.00172902, 72.5701, 0.00102912, -103.076
3354, 55.90000, 0.329606, -34.1125, 3.62679, 2.38277, 4.6686, -171.072, 2.57605E-005, 43.5805, 0.00173095, 72.5758, 0.00103027, -103.078
3355, 55.90833, 0.329821, -34.048, 3.63038, 2.38723, 4.67304, -171.079, 2.57863E-005, 43.6735, 0.00173289, 72.5816, 0.00103141, -103.08
3355, 55.91667, 0.330037, -33.9837, 3.63398, 2.39167, 4.67748, -171.086, 2.58123E-005, 43.7664, 0.00173482, 72.5873, 0.00103256, -103.082
3356, 55.92500, 0.330254, -33.9194, 3.63759, 2.39608, 4.68193, -171.093, 2.58385E-005, 43.8591, 0.00173676, 72.593, 0.00103371, -103.084
3356, 55.93333, 0.330473, -33.8553, 3.6412, 2.40047, 4.68639, -171.1, 2.58649E-005, 43.9517, 0.0017387, 72.5987, 0.00103485, -103.086
3357, 55.94167, 0.330693, -33.7911, 3.64481, 2.40484, 4.69085, -171.107, 2.58915E-005, 44.0442, 0.00174064, 72.6044, 0.00103601, -103.089
3357, 55.95000, 0.330914, -33.7271, 3.64843, 2.40919, 4.69532, -171.114, 2.59183E-005, 44.1365, 0.00174259, 72.61, 0.00103716, -103.091
3358, 55.95833, 0.331137, -33.6632, 3.65205, 2.41351, 4.6998, -171.121, 2.59453E-005, 44.2286, 0.00174454, 72.6156, 0.00103831, -103.093
3358, 55.96667, 0.331361, -33.5993, 3.65568, 2.41781, 4.70428, -171.127, 2.59724E-005, 44.3206, 0.00174649, 72.6212, 0.00103947, -103.095
3359, 55.97500, 0.331586, -33.5355, 3.65931, 2.42209, 4.70876, -171.134, 2.59998E-005, 44.4124, 0.00174844, 72.6268, 0.00104063, -103.097
3359, 55.98333, 0.331813, -33.4718, 3.66295, 2.42635, 4.71325, -171.141, 2.60274E-005, 44.5041, 0.0017504, 72.6324, 0.00104179, -103.099
3360, 55.99167, 0.332041, -33.4081, 3.66659, 2.43058, 4.71775, -171.148, 2.60551E-005, 44.5956, 0.00175236, 72.6379, 0.00104295, -103.101
3360, 56.00000, 0.33227, -33.3446, 3.67024, 2.43479, 4.72225, -171.155, 2.60831E-005, 44.687, 0.00175432, 72.6435, 0.00104411, -103.104
3361, 56.00833, 0.332501, -33.2811, 3.67389, 2.43898, 4.72675, -171.162, 2.61112E-005, 44.7782, 0.00175628, 72.649, 0.00104527, -103.106
3361, 56.01667, 0.332732, -33.2177, 3.67755, 2.44314, 4.73127, -171.169, 2.61395E-005, 44.8693, 0.00175825, 72.6545, 0.00104644, -103.108
3362, 56.02500, 0.332966, -33.1544, 3.68121, 2.44728, 4.73579, -171.175, 2.6168E-005, 44.9602, 0.00176022, 72.6599, 0.0010476, -103.11
3362, 56.03333, 0.3332, -33.0911, 3.68487, 2.4514, 4.74031, -171.182, 2.61967E-005, 45.0509, 0.00176219, 72.6654, 0.00104877, -103.112
3363, 56.04167, 0.333436, -33.028, 3.68854, 2.4555, 4.74484, -171.189, 2.62256E-005, 45.1415, 0.00176417, 72.6708, 0.00104994, -103.114
3363, 56.05000, 0.333673, -32.9649, 3.69222, 2.45957, 4.74937, -171.196, 2.62547E-005, 45.2319, 0.00176615, 72.6762, 0.00105111, -103.117
3364, 56.05833, 0.333911, -32.9019, 3.6959, 2.46362, 4.75392, -171.203, 2.6284E-005, 45.3221, 0.00176813, 72.6816, 0.00105228, -103.119
3364, 56.06667, 0.334151, -32.839, 3.69958, 2.46765, 4.75846, -171.21, 2.63135E-005, 45.4122, 0.00177011, 72.687, 0.00105346, -103.121
3365, 56.07500, 0.334392, -32.7762, 3.70327, 2.47166, 4.76301, -171.217, 2.63432E-005, 45.5021, 0.0017721, 72.6923, 0.00105463, -103.123
3365, 56.08333, 0.334635, -32.7134, 3.70697, 2.47564, 4.76757, -171.223, 2.6373E-005, 45.5919, 0.00177409, 72.6977, 0.00105581, -103.125
3366, 56.09167, 0.334878, -32.6507, 3.71066, 2.4796, 4.77214, -171.23, 2.64031E-005, 45.6814, 0.00177608, 72.703, 0.00105699, -103.128
3366, 56.10000, 0.335123, -32.5882, 3.71437, 2.48354, 4.77671, -171.237, 2.64333E-005, 45.7708, 0.00177807, 72.7083, 0.00105817, -103.13
3367, 56.10833, 0.33537, -32.5257, 3.71808, 2.48745, 4.78128, -171.244, 2.64638E-005, 45.8601, 0.00178007, 72.7135, 0.00105935, -103.132
3367, 56.11667, 0.335617, -32.4633, 3.72179, 2.49135, 4.78586, -171.251, 2.64944E-005, 45.9492, 0.00178207, 72.7188, 0.00106054, -103.134
3368, 56.12500, 0.335866, -32.401, 3.72551, 2.49522, 4.79045, -171.258, 2.65252E-005, 46.0381, 0.00178407, 72.724, 0.00106172, -103.137
3368, 56.13333, 0.336116, -32.3387, 3.72923, 2.49907, 4.79504, -171.265, 2.65562E-005, 46.1268, 0.00178608, 72.7292, 0.00106291, -103.139
3369, 56.14167, 0.336368, -32.2766, 3.73296, 2.50289, 4.79964, -171.271, 2.65874E-005, 46.2153, 0.00178808, 72.7344, 0.0010641, -103.141
3369, 56.15000, 0.336621, -32.2145, 3.73669, 2.50669, 4.80425, -171.278, 2.66188E-005, 46.3037, 0.00179009, 72.7396, 0.00106529, -103.143
3370, 56.15833, 0.336875, -32.1525, 3.74043, 2.51048, 4.80886, -171.285, 2.66504E-005, 46.3919, 0.00179211, 72.7448, 0.00106648, -103.146
3370, 56.16667, 0.33713, -32.0907, 3.74417, 2.51423, 4.81347, -171.292, 2.66822E-005, 46.4799, 0.00179412, 72.7499, 0.00106767, -103.148
3371, 56.17500, 0.337387, -32.0289, 3.74792, 2.51797, 4.81809, -171.299, 2.67142E-005, 46.5678, 0.00179614, 72.755, 0.00106887, -103.15
3371, 56.18333, 0.337645, -31.9672, 3.75167, 2.52168, 4.82272, -171.306, 2.67463E-005, 46.6555, 0.00179816, 72.7601, 0.00107007, -103.152
3372, 56.19167, 0.337905, -31.9055, 3.75542, 2.52538, 4.82736, -171.313, 2.67787E-005, 46.743, 0.00180019, 72.7652, 0.00107126, -103.155
3372, 56.20000, 0.338165, -31.844, 3.75919, 2.52905, 4.832, -171.32, 2.68113E-005, 46.8303, 0.00180222, 72.7703, 0.00107246, -103.157
3373, 56.20833, 0.338427, -31.7826, 3.76295, 2.53269, 4.83664, -171.326, 2.6844E-005, 46.9174, 0.00180425, 72.7753, 0.00107367, -103.159
3373, 56.21667, 0.338691, -31.7212, 3.76672, 2.53632, 4.84129, -171.333, 2.68769E-005, 47.0044, 0.00180628, 72.7803, 0.00107487, -103.162
3374, 56.22500, 0.338955, -31.6599, 3.7705, 2.53992, 4.84595, -171.34, 2.69101E-005, 47.0911, 0.00180832, 72.7853, 0.00107607, -103.164
3374, 56.23333, 0.339221, -31.5988, 3.77428, 2.5435, 4.85061, -171.347, 2.69434E-005, 47.1777, 0.00181036, 72.7903, 0.00107728, -103.166
3375, 56.24167, 0.339488, -31.5377, 3.77807, 2.54706, 4.85528, -171.354, 2.69769E-005, 47.2641, 0.0018124, 72.7952, 0.00107849, -103.169
3375, 56.25000, 0.339757, -31.4767, 3.78186, 2.55059, 4.85996, -171.361, 2.70106E-005, 47.3504, 0.00181444, 72.8002, 0.0010797, -103.171
3376, 56.25833, 0.340027, -31.4158, 3.78566, 2.55411, 4.86464, -171.368, 2.70445E-005, 47.4364, 0.00181649, 72.8051, 0.00108091, -103.173
3376, 56.26667, 0.340298, -31.355, 3.78946, 2.5576, 4.86933, -171.375, 2.70785E-005, 47.5223, 0.00181854, 72.81, 0.00108212, -103.176
3377, 56.27500, 0.34057, -31.2942, 3.79326, 2.56107, 4.87402, -171.381, 2.71128E-005, 47.6079, 0.00182059, 72.8149, 0.00108334, -103.178
3377, 56.28333, 0.340844, -31.2336, 3.79707, 2.56451, 4.87872, -171.388, 2.71473E-005, 47.6934, 0.00182265, 72.8198, 0.00108455, -103.18
3378, 56.29167, 0.341119, -31.1731, 3.80089, 2.56794, 4.88343, -171.395, 2.71819E-005, 47.7787, 0.00182471, 72.8246, 0.00108577, -103.183
3378, 56.30000, 0.341395, -31.1126, 3.80471, 2.57134, 4.88814, -171.402, 2.72168E-005, 47.8638, 0.00182677, 72.8294, 0.00108699, -103.185
3379, 56.30833, 0.341673, -31.0523, 3.80854, 2.57472, 4.89286, -171.409, 2.72518E-005, 47.9487, 0.00182883, 72.8342, 0.00108821, -103.187
3379, 56.31667, 0.341952, -30.992, 3.81237, 2.57808, 4.89758, -171.416, 2.7287E-005, 48.0334, 0.0018309, 72.839, 0.00108943, -103.19
3380, 56.32500, 0.342232, -30.9319, 3.81621, 2.58142, 4.90231, -171.423, 2.73225E-005, 48.118, 0.00183297, 72.8438, 0.00109066, -103.192
3380, 56.33333, 0.342514, -30.8718, 3.82005, 2.58473, 4.90705, -171.43, 2.73581E-005, 48.2023, 0.00183504, 72.8485, 0.00109188, -103.194
3381, 56.34167, 0.342796, -30.8118, 3.82389, 2.58802, 4.91179, -171.437, 2.73939E-005, 48.2865, 0.00183712, 72.8532, 0.00109311, -103.197
3381, 56.35000, 0.343081, -30.7519, 3.82775, 2.59129, 4.91654, -171.443, 2.74299E-005, 48.3704, 0.0018392, 72.858, 0.00109434, -103.199
3382, 56.35833, 0.343366, -30.6922, 3.8316, 2.59454, 4.92129, -171.45, 2.74661E-005, 48.4542, 0.00184128, 72.8626, 0.00109557, -103.202
3382, 56.36667, 0.343653, -30.6325, 3.83546, 2.59777, 4.92605, -171.457, 2.75024E-005, 48.5378, 0.00184336, 72.8673, 0.00109681, -103.204
3383, 56.37500, 0.343941, -30.5729, 3.83933, 2.60097, 4.93082, -171.464, 2.7539E-005, 48.6212, 0.00184545, 72.872, 0.00109804, -103.206
3383, 56.38333, 0.34423, -30.5134, 3.8432, 2.60415, 4.93559, -171.471, 2.75758E-005, 48.7043, 0.00184754, 72.8766, 0.00109928, -103.209
3384, 56.39167, 0.344521, -30.454, 3.84708, 2.60732, 4.94037, -171.478, 2.76127E-005, 48.7873, 0.00184964, 72.8812, 0.00110052, -103.211
3384, 56.40000, 0.344813, -30.3946, 3.85096, 2.61045, 4.94516, -171.485, 2.76499E-005, 48.8701, 0.00185173, 72.8858, 0.00110176, -103.214
3385, 56.40833, 0.345106, -30.3354, 3.85485, 2.61357, 4.94995, -171.492, 2.76872E-005, 48.9527, 0.00185383, 72.8904, 0.001103, -103.216
3385, 56.41667, 0.345401, -30.2763, 3.85874, 2.61666, 4.95475, -171.499, 2.77247E-005, 49.0351, 0.00185593, 72.8949, 0.00110424, -103.219
3386, 56.42500, 0.345696, -30.2173, 3.86264, 2.61974, 4.95955, -171.506, 2.77624E-005, 49.1173, 0.00185804, 72.8994, 0.00110549, -103.221
3386, 56.43333, 0.345994, -30.1584, 3.86654, 2.62279, 4.96437, -171.513, 2.78003E-005, 49.1993, 0.00186015, 72.904, 0.00110673, -103.224
3387, 56.44167, 0.346292, -30.0995, 3.87045, 2.62582, 4.96918, -171.519, 2.78384E-005, 49.2812, 0.00186226, 72.9085, 0.00110798, -103.226
3387, 56.45000, 0.346592, -30.0408, 3.87436, 2.62882, 4.97401, -171.526, 2.78767E-005, 49.3628, 0.00186437, 72.9129, 0.00110923, -103.229
3388, 56.45833, 0.346893, -29.9822, 3.87828, 2.63181, 4.97884, -171.533, 2.79152E-005, 49.4442, 0.00186649, 72.9174, 0.00111048, -103.231
3388, 56.46667, 0.347195, -29.9236, 3.88221, 2.63477, 4.98367, -171.54, 2.79539E-005, 49.5254, 0.00186861, 72.9218, 0.00111174, -103.233
3389, 56.47500, 0.347499, -29.8652, 3.88613, 2.63771, 4.98852, -171.547, 2.79927E-005, 49.6064, 0.00187073, 72.9262, 0.00111299, -103.236
3389, 56.48333, 0.347804, -29.8069, 3.89007, 2.64063, 4.99336, -171.554, 2.80318E-005, 49.6872, 0.00187286, 72.9306, 0.00111425, -103.238
3390, 56.49167, 0.34811, -29.7486, 3.89401, 2.64353, 4.99822, -171.561, 2.8071E-005, 49.7679, 0.00187499, 72.935, 0.00111551, -103.241
3390, 56.50000, 0.348418, -29.6905, 3.89795, 2.6464, 5.00308, -171.568, 2.81105E-005, 49.8483, 0.00187712, 72.9394, 0.00111677, -103.244
3391, 56.50833, 0.348726, -29.6325, 3.9019, 2.64926, 5.00795, -171.575, 2.81501E-005, 49.9285, 0.00187926, 72.9437, 0.00111803, -103.246
3391, 56.51667, 0.349037, -29.5745, 3.90586, 2.65209, 5.01283, -171.582, 2.81899E-005, 50.0085, 0.0018814, 72.948, 0.00111929, -103.249
3392, 56.52500, 0.349348, -29.5167, 3.90982, 2.6549, 5.01771, -171.589, 2.82299E-005, 50.0883, 0.00188354, 72.9523, 0.00112056, -103.251
3392, 56.53333, 0.349661, -29.4589, 3.91378, 2.65769, 5.02259, -171.596, 2.82701E-005, 50.1679, 0.00188568, 72.9566, 0.00112183, -103.254
3393, 56.54167, 0.349975, -29.4013, 3.91776, 2.66046, 5.02749, -171.603, 2.83105E-005, 50.2473, 0.00188783, 72.9609, 0.0011231, -103.256
3393, 56.55000, 0.35029, -29.3438, 3.92173, 2.6632, 5.03239, -171.61, 2.83511E-005, 50.3265, 0.00188998, 72.9651, 0.00112437, -103.259
3394, 56.55833, 0.350607, -29.2863, 3.92571, 2.66593, 5.0373, -171.617, 2.83919E-005, 50.4055, 0.00189213, 72.9693, 0.00112564, -103.261
3394, 56.56667, 0.350925, -29.229, 3.9297, 2.66863, 5.04221, -171.623, 2.84328E-005, 50.4843, 0.00189429, 72.9735, 0.00112692, -103.264
3395, 56.57500, 0.351244, -29.1717, 3.93369, 2.67131, 5.04713, -171.63, 2.8474E-005, 50.5629, 0.00189645, 72.9777, 0.00112819, -103.266
3395, 56.58333, 0.351564, -29.1146, 3.93769, 2.67397, 5.05206, -171.637, 2.85153E-005, 50.6413, 0.00189861, 72.9819, 0.00112947, -103.269
3396, 56.59167, 0.351886, -29.0576, 3.9417, 2.6766, 5.05699, -171.644, 2.85569E-005, 50.7194, 0.00190078, 72.986, 0.00113075, -103.272
3396, 56.60000, 0.352209, -29.0006, 3.9457, 2.67922, 5.06193, -171.651, 2.85986E-005, 50.7974, 0.00190295, 72.9902, 0.00113203, -103.274
3397, 56.60833, 0.352534, -28.9438, 3.94972, 2.68181, 5.06688, -171.658, 2.86405E-005, 50.8752, 0.00190512, 72.9943, 0.00113332, -103.277
3397, 56.61667, 0.352859, -28.8871, 3.95374, 2.68438, 5.07183, -171.665, 2.86826E-005, 50.9528, 0.0019073, 72.9983, 0.0011346, -103.279
3398, 56.62500, 0.353186, -28.8304, 3.95776, 2.68693, 5.07679, -171.672, 2.87249E-005, 51.0301, 0.00190947, 73.0024, 0.00113589, -103.282
3398, 56.63333, 0.353515, -28.7739, 3.96179, 2.68946, 5.08176, -171.679, 2.87674E-005, 51.1072, 0.00191165, 73.0065, 0.00113718, -103.285
3399, 56.64167, 0.353844, -28.7175, 3.96583, 2.69197, 5.08674, -171.686, 2.88101E-005, 51.1842, 0.00191384, 73.0105, 0.00113847, -103.287
3399, 56.65000, 0.354175, -28.6612, 3.96987, 2.69445, 5.09172, -171.693, 2.8853E-005, 51.2609, 0.00191603, 73.0145, 0.00113976, -103.29
3400, 56.65833, 0.354507, -28.6049, 3.97392, 2.69691, 5.0967, -171.7, 2.8896E-005, 51.3375, 0.00191822, 73.0185, 0.00114106, -103.293
3400, 56.66667, 0.354841, -28.5488, 3.97797, 2.69936, 5.1017, -171.707, 2.89393E-005, 51.4138, 0.00192041, 73.0225, 0.00114236, -103.295
3401, 56.67500, 0.355176, -28.4928, 3.98203, 2.70178, 5.1067, -171.714, 2.89827E-005, 51.4899, 0.00192261, 73.0264, 0.00114365, -103.298
3401, 56.68333, 0.355512, -28.4369, 3.98609, 2.70417, 5.1117, -171.721, 2.90264E-005, 51.5658, 0.00192481, 73.0303, 0.00114495, -103.301
3402, 56.69167, 0.355849, -28.3811, 3.99016, 2.70655, 5.11672, -171.728, 2.90702E-005, 51.6415, 0.00192701, 73.0343, 0.00114626, -103.303
3402, 56.70000, 0.356188, -28.3254, 3.99423, 2.70891, 5.12174, -171.735, 2.91142E-005, 51.717, 0.00192922, 73.0382, 0.00114756, -103.306
3403, 56.70833, 0.356528, -28.2698, 3.99831, 2.71124, 5.12677, -171.742, 2.91584E-005, 51.7923, 0.00193143, 73.042, 0.00114887, -103.309
3403, 56.71667, 0.356869, -28.2143, 4.0024, 2.71355, 5.1318, -171.749, 2.92028E-005, 51.8673, 0.00193364, 73.0459, 0.00115017, -103.311
3404, 56.72500, 0.357212, -28.1589, 4.00649, 2.71584, 5.13684, -171.756, 2.92474E-005, 51.9422, 0.00193586, 73.0497, 0.00115148, -103.314
3404, 56.73333, 0.357556, -28.1036, 4.01059, 2.71811, 5.14189, -171.763, 2.92922E-005, 52.0169, 0.00193808, 73.0535, 0.00115279, -103.317
3405, 56.74167, 0.357901, -28.0484, 4.01469, 2.72036, 5.14695, -171.77, 2.93372E-005, 52.0913, 0.0019403, 73.0573, 0.00115411, -103.319
3405, 56.75000, 0.358247, -27.9933, 4.0188, 2.72259, 5.15201, -171.777, 2.93823E-005, 52.1655, 0.00194253, 73.0611, 0.00115542, -103.322
3406, 56.75833, 0.358595, -27.9384, 4.02291, 2.72479, 5.15708, -171.784, 2.94277E-005, 52.2396, 0.00194476, 73.0649, 0.00115674, -103.325
3406, 56.76667, 0.358944, -27.8835, 4.02703, 2.72697, 5.16215, -171.791, 2.94732E-005, 52.3134, 0.00194699, 73.0686, 0.00115806, -103.328
3407, 56.77500, 0.359295, -27.8287, 4.03116, 2.72913, 5.16724, -171.798, 2.9519E-005, 52.387, 0.00194922, 73.0723, 0.00115938, -103.33
3407, 56.78333, 0.359646, -27.774, 4.03529, 2.73127, 5.17233, -171.805, 2.95649E-005, 52.4604, 0.00195146, 73.076, 0.0011607, -103.333
3408, 56.79167, 0.359999, -27.7195, 4.03942, 2.73339, 5.17742, -171.812, 2.9611E-005, 52.5336, 0.0019537, 73.0797, 0.00116203, -103.336
3408, 56.80000, 0.360353, -27.665, 4.04356, 2.73549, 5.18253, -171.819, 2.96573E-005, 52.6066, 0.00195595, 73.0834, 0.00116335, -103.339
3409, 56.80833, 0.360709, -27.6107, 4.04771, 2.73756, 5.18764, -171.826, 2.97038E-005, 52.6794, 0.0019582, 73.087, 0.00116468, -103.341
3409, 56.81667, 0.361066, -27.5564, 4.05187, 2.73962, 5.19276, -171.833, 2.97506E-005, 52.7519, 0.00196045, 73.0906, 0.00116601, -103.344
3410, 56.82500, 0.361424, -27.5023, 4.05602, 2.74165, 5.19788, -171.84, 2.97974E-005, 52.8243, 0.0019627, 73.0942, 0.00116735, -103.347
3410, 56.83333, 0.361784, -27.4483, 4.06019, 2.74366, 5.20301, -171.847, 2.98445E-005, 52.8964, 0.00196496, 73.0978, 0.00116868, -103.35
3411, 56.84167, 0.362144, -27.3944, 4.06436, 2.74565, 5.20815, -171.855, 2.98918E-005, 52.9684, 0.00196722, 73.1014, 0.00117002, -103.353
3411, 56.85000, 0.362506, -27.3405, 4.06854, 2.74762, 5.2133, -171.862, 2.99393E-005, 53.0401, 0.00196949, 73.1049, 0.00117135, -103.355
3412, 56.85833, 0.36287, -27.2868, 4.07272, 2.74956, 5.21845, -171.869, 2.99869E-005, 53.1116, 0.00197176, 73.1085, 0.00117269, -103.358
3412, 56.86667, 0.363234, -27.2332, 4.0769, 2.75149, 5.22361, -171.876, 3.00348E-005, 53.1829, 0.00197403, 73.112, 0.00117404, -103.361
3413, 56.87500, 0.3636, -27.1797, 4.0811, 2.75339, 5.22878, -171.883, 3.00828E-005, 53.254, 0.0019763, 73.1154, 0.00117538, -103.364
3413, 56.88333, 0.363968, -27.1263, 4.0853, 2.75527, 5.23396, -171.89, 3.0131E-005, 53.3249, 0.00197858, 73.1189, 0.00117673, -103.367
3414, 56.89167, 0.364336, -27.073, 4.0895, 2.75713, 5.23914, -171.897, 3.01795E-005, 53.3955, 0.00198086, 73.1224, 0.00117807, -103.37
3414, 56.90000, 0.364706, -27.0198, 4.09371, 2.75897, 5.24433, -171.904, 3.02281E-005, 53.466, 0.00198315, 73.1258, 0.00117942, -103.372
3415, 56.90833, 0.365077, -26.9668, 4.09793, 2.76079, 5.24952, -171.911, 3.02769E-005, 53.5363, 0.00198544, 73.1292, 0.00118078, -103.375
3415, 56.91667, 0.36545, -26.9138, 4.10215, 2.76259, 5.25473, -171.918, 3.03259E-005, 53.6063, 0.00198773, 73.1326, 0.00118213, -103.378
3416, 56.92500, 0.365824, -26.8609, 4.10638, 2.76436, 5.25994, -171.925, 3.03751E-005, 53.6761, 0.00199002, 73.136, 0.00118349, -103.381
3416, 56.93333, 0.366199, -26.8082, 4.11062, 2.76611, 5.26516, -171.932, 3.04244E-005, 53.7458, 0.00199232, 73.1393, 0.00118484, -103.384
3417, 56.94167, 0.366575, -26.7555, 4.11486, 2.76785, 5.27038, -171.94, 3.0474E-005, 53.8152, 0.00199462, 73.1426, 0.0011862, -103.387
3417, 56.95000, 0.366953, -26.703, 4.1191, 2.76956, 5.27561, -171.947, 3.05238E-005, 53.8844, 0.00199693, 73.146, 0.00118756, -103.39
3418, 56.95833, 0.367332, -26.6505, 4.12335, 2.77124, 5.28085, -171.954, 3.05737E-005, 53.9534, 0.00199924, 73.1492, 0.00118893, -103.393
3418, 56.96667, 0.367712, -26.5982, 4.12761, 2.77291, 5.2861, -171.961, 3.06239E-005, 54.0222, 0.00200155, 73.1525, 0.00119029, -103.396
3419, 56.97500, 0.368094, -26.546, 4.13188, 2.77456, 5.29136, -171.968, 3.06742E-005, 54.0907, 0.00200387, 73.1558, 0.00119166, -103.399
3419, 56.98333, 0.368477, -26.4939, 4.13615, 2.77618, 5.29662, -171.975, 3.07248E-005, 54.1591, 0.00200618, 73.159, 0.00119303, -103.402
3420, 56.99167, 0.368861, -26.4419, 4.14042, 2.77779, 5.30189, -171.982, 3.07755E-005, 54.2273, 0.00200851, 73.1622, 0.0011944, -103.404
3420, 57.00000, 0.369246, -26.39, 4.1447, 2.77937, 5.30717, -171.989, 3.08264E-005, 54.2952, 0.00201083, 73.1654, 0.00119578, -103.407
3421, 57.00833, 0.369633, -26.3382, 4.14899, 2.78093, 5.31245, -171.997, 3.08775E-005, 54.3629, 0.00201316, 73.1686, 0.00119715, -103.41
3421, 57.01667, 0.370021, -26.2865, 4.15329, 2.78247, 5.31774, -172.004, 3.09289E-005, 54.4305, 0.00201549, 73.1718, 0.00119853, -103.413
3422, 57.02500, 0.370411, -26.2349, 4.15759, 2.78398, 5.32304, -172.011, 3.09804E-005, 54.4978, 0.00201783, 73.1749, 0.00119991, -103.416
3422, 57.03333, 0.370801, -26.1835, 4.16189, 2.78548, 5.32835, -172.018, 3.1032E-005, 54.5649, 0.00202017, 73.178, 0.00120129, -103.419
3423, 57.04167, 0.371193, -26.1321, 4.1662, 2.78695, 5.33366, -172.025, 3.10839E-005, 54.6318, 0.00202251, 73.1811, 0.00120268, -103.422
3423, 57.05000, 0.371587, -26.0808, 4.17052, 2.78841, 5.33898, -172.032, 3.1136E-005, 54.6985, 0.00202486, 73.1842, 0.00120406, -103.425
3424, 57.05833, 0.371981, -26.0297, 4.17485, 2.78984, 5.34431, -172.039, 3.11883E-005, 54.765, 0.00202721, 73.1872, 0.00120545, -103.428
3424, 57.06667, 0.372377, -25.9786, 4.17918, 2.79125, 5.34965, -172.047, 3.12408E-005, 54.8313, 0.00202956, 73.1903, 0.00120684, -103.431
3425, 57.07500, 0.372775, -25.9277, 4.18351, 2.79264, 5.35499, -172.054, 3.12934E-005, 54.8974, 0.00203192, 73.1933, 0.00120823, -103.434
3425, 57.08333, 0.373173, -25.8769, 4.18786, 2.79401, 5.36035, -172.061, 3.13463E-005, 54.9632, 0.00203428, 73.1963, 0.00120963, -103.437
3426, 57.09167, 0.373573, -25.8262, 4.1922, 2.79535, 5.36571, -172.068, 3.13993E-005, 55.0289, 0.00203664, 73.1993, 0.00121102, -103.441
3426, 57.10000, 0.373974, -25.7756, 4.19656, 2.79668, 5.37107, -172.075, 3.14525E-005, 55.0943, 0.00203901, 73.2022, 0.00121242, -103.444
3427, 57.10833, 0.374377, -25.7251, 4.20092, 2.79798, 5.37645, -172.083, 3.1506E-005, 55.1596, 0.00204138, 73.2052, 0.00121382, -103.447
3427, 57.11667, 0.374781, -25.6747, 4.20529, 2.79926, 5.38183, -172.09, 3.15596E-005, 55.2246, 0.00204376, 73.2081, 0.00121522, -103.45
3428, 57.12500, 0.375186, -25.6244, 4.20966, 2.80052, 5.38722, -172.097, 3.16134E-005, 55.2894, 0.00204613, 73.211, 0.00121663, -103.453
3428, 57.13333, 0.375592, -25.5742, 4.21404, 2.80176, 5.39262, -172.104, 3.16674E-005, 55.354, 0.00204851, 73.2139, 0.00121803, -103.456
3429, 57.14167, 0.376, -25.5241, 4.21843, 2.80298, 5.39803, -172.111, 3.17217E-005, 55.4185, 0.0020509, 73.2168, 0.00121944, -103.459
3429, 57.15000, 0.376409, -25.4742, 4.22282, 2.80417, 5.40344, -172.119, 3.17761E-005, 55.4827, 0.00205329, 73.2196, 0.00122085, -103.462
3430, 57.15833, 0.37682, -25.4243, 4.22722, 2.80535, 5.40886, -172.126, 3.18307E-005, 55.5467, 0.00205568, 73.2224, 0.00122227, -103.465
3430, 57.16667, 0.377231, -25.3746, 4.23162, 2.8065, 5.41429, -172.133, 3.18855E-005, 55.6105, 0.00205808, 73.2252, 0.00122368, -103.468
3431, 57.17500, 0.377644, -25.325, 4.23603, 2.80763, 5.41973, -172.14, 3.19404E-005, 55.674, 0.00206048, 73.228, 0.0012251, -103.472
3431, 57.18333, 0.378059, -25.2754, 4.24045, 2.80874, 5.42517, -172.148, 3.19956E-005, 55.7374, 0.00206288, 73.2308, 0.00122652, -103.475
3432, 57.19167, 0.378474, -25.226, 4.24487, 2.80983, 5.43062, -172.155, 3.2051E-005, 55.8006, 0.00206529, 73.2335, 0.00122794, -103.478
3432, 57.20000, 0.378891, -25.1767, 4.2493, 2.8109, 5.43608, -172.162, 3.21066E-005, 55.8636, 0.0020677, 73.2363, 0.00122936, -103.481
3433, 57.20833, 0.37931, -25.1275, 4.25374, 2.81195, 5.44155, -172.169, 3.21623E-005, 55.9263, 0.00207011, 73.239, 0.00123079, -103.484
3433, 57.21667, 0.379729, -25.0784, 4.25818, 2.81297, 5.44703, -172.177, 3.22183E-005, 55.9889, 0.00207253, 73.2416, 0.00123222, -103.487
3434, 57.22500, 0.38015, -25.0294, 4.26263, 2.81397, 5.45251, -172.184, 3.22745E-005, 56.0513, 0.00207495, 73.2443, 0.00123365, -103.491
3434, 57.23333, 0.380572, -24.9805, 4.26708, 2.81496, 5.458, -172.191, 3.23308E-005, 56.1134, 0.00207737, 73.247, 0.00123508, -103.494
3435, 57.24167, 0.380996, -24.9318, 4.27155, 2.81592, 5.4635, -172.198, 3.23874E-005, 56.1754, 0.0020798, 73.2496, 0.00123651, -103.497
3435, 57.25000, 0.381421, -24.8831, 4.27601, 2.81686, 5.46901, -172.206, 3.24441E-005, 56.2371, 0.00208223, 73.2522, 0.00123795, -103.5
3436, 57.25833, 0.381847, -24.8346, 4.28049, 2.81777, 5.47453, -172.213, 3.25011E-005, 56.2986, 0.00208467, 73.2548, 0.00123939, -103.503
3436, 57.26667, 0.382275, -24.7861, 4.28497, 2.81867, 5.48005, -172.22, 3.25582E-005, 56.36, 0.00208711, 73.2574, 0.00124083, -103.507
3437, 57.27500, 0.382704, -24.7378, 4.28946, 2.81954, 5.48558, -172.228, 3.26155E-005, 56.4211, 0.00208955, 73.2599, 0.00124227, -103.51
3437, 57.28333, 0.383134, -24.6896, 4.29395, 2.8204, 5.49112, -172.235, 3.26731E-005, 56.4821, 0.002092, 73.2624, 0.00124372, -103.513
3438, 57.29167, 0.383565, -24.6414, 4.29845, 2.82123, 5.49667, -172.242, 3.27308E-005, 56.5428, 0.00209445, 73.2649, 0.00124517, -103.516
3438, 57.30000, 0.383998, -24.5934, 4.30296, 2.82204, 5.50223, -172.25, 3.27887E-005, 56.6033, 0.00209691, 73.2674, 0.00124662, -103.52
3439, 57.30833, 0.384432, -24.5455, 4.30747, 2.82283, 5.50779, -172.257, 3.28468E-005, 56.6637, 0.00209936, 73.2699, 0.00124807, -103.523
3439, 57.31667, 0.384868, -24.4977, 4.31199, 2.82359, 5.51336, -172.264, 3.29051E-005, 56.7238, 0.00210183, 73.2724, 0.00124952, -103.526
3440, 57.32500, 0.385304, -24.45, 4.31651, 2.82434, 5.51894, -172.272, 3.29636E-005, 56.7837, 0.00210429, 73.2748, 0.00125098, -103.53
3440, 57.33333, 0.385743, -24.4025, 4.32105, 2.82506, 5.52453, -172.279, 3.30224E-005, 56.8434, 0.00210676, 73.2772, 0.00125244, -103.533
3441, 57.34167, 0.386182, -24.355, 4.32559, 2.82577, 5.53013, -172.286, 3.30813E-005, 56.903, 0.00210923, 73.2796, 0.0012539, -103.536
3441, 57.35000, 0.386623, -24.3076, 4.33013, 2.82645, 5.53574, -172.294, 3.31404E-005, 56.9623, 0.00211171, 73.282, 0.00125536, -103.54
3442, 57.35833, 0.387065, -24.2604, 4.33468, 2.82711, 5.54135, -172.301, 3.31997E-005, 57.0214, 0.00211419, 73.2843, 0.00125683, -103.543
3442, 57.36667, 0.387508, -24.2132, 4.33924, 2.82775, 5.54697, -172.308, 3.32592E-005, 57.0803, 0.00211668, 73.2866, 0.00125829, -103.546
3443, 57.37500, 0.387953, -24.1662, 4.34381, 2.82836, 5.5526, -172.316, 3.33189E-005, 57.1391, 0.00211916, 73.2889, 0.00125976, -103.55
3443, 57.38333, 0.388399, -24.1193, 4.34838, 2.82896, 5.55824, -172.323, 3.33788E-005, 57.1976, 0.00212166, 73.2912, 0.00126123, -103.553
3444, 57.39167, 0.388847, -24.0724, 4.35296, 2.82953, 5.56388, -172.331, 3.34389E-005, 57.2559, 0.00212415, 73.2935, 0.00126271, -103.556
3444, 57.40000, 0.389296, -24.0257, 4.35755, 2.83008, 5.56954, -172.338, 3.34991E-005, 57.3141, 0.00212665, 73.2958, 0.00126418, -103.56
3445, 57.40833, 0.389746, -23.9791, 4.36214, 2.83062, 5.5752, -172.345, 3.35596E-005, 57.372, 0.00212916, 73.298, 0.00126566, -103.563
3445, 57.41667, 0.390197, -23.9326, 4.36674, 2.83112, 5.58087, -172.353, 3.36203E-005, 57.4297, 0.00213166, 73.3002, 0.00126714, -103.567
3446, 57.42500, 0.39065, -23.8862, 4.37134, 2.83161, 5.58655, -172.36, 3.36812E-005, 57.4873, 0.00213418, 73.3024, 0.00126863, -103.57
3446, 57.43333, 0.391104, -23.84, 4.37596, 2.83208, 5.59224, -172.368, 3.37423E-005, 57.5446, 0.00213669, 73.3046, 0.00127011, -103.573
3447, 57.44167, 0.39156, -23.7938, 4.38058, 2.83252, 5.59794, -172.375, 3.38036E-005, 57.6018, 0.00213921, 73.3067, 0.0012716, -103.577
3447, 57.45000, 0.392016, -23.7477, 4.3852, 2.83295, 5.60364, -172.382, 3.38651E-005, 57.6587, 0.00214173, 73.3089, 0.00127309, -103.58
3448, 57.45833, 0.392475, -23.7018, 4.38983, 2.83335, 5.60936, -172.39, 3.39268E-005, 57.7155, 0.00214426, 73.311, 0.00127458, -103.584
3448, 57.46667, 0.392934, -23.6559, 4.39447, 2.83373, 5.61508, -172.397, 3.39887E-005, 57.772, 0.00214679, 73.3131, 0.00127608, -103.587
3449, 57.47500, 0.393395, -23.6102, 4.39912, 2.83408, 5.62081, -172.405, 3.40507E-005, 57.8284, 0.00214932, 73.3151, 0.00127758, -103.591
3449, 57.48333, 0.393857, -23.5645, 4.40377, 2.83442, 5.62655, -172.412, 3.4113E-005, 57.8846, 0.00215186, 73.3172, 0.00127907, -103.594
3450, 57.49167, 0.394321, -23.519, 4.40843, 2.83474, 5.6323, -172.42, 3.41755E-005, 57.9406, 0.00215441, 73.3192, 0.00128058, -103.598
3450, 57.50000, 0.394786, -23.4736, 4.4131, 2.83503, 5.63805, -172.427, 3.42382E-005, 57.9963, 0.00215695, 73.3212, 0.00128208, -103.601
3451, 57.50833, 0.395252, -23.4283, 4.41777, 2.8353, 5.64382, -172.435, 3.43011E-005, 58.0519, 0.0021595, 73.3232, 0.00128359, -103.605
3451, 57.51667, 0.395719, -23.3831, 4.42246, 2.83555, 5.64959, -172.442, 3.43642E-005, 58.1073, 0.00216206, 73.3252, 0.0012851, -103.608
3452, 57.52500, 0.396188, -23.338, 4.42714, 2.83578, 5.65537, -172.45, 3.44275E-005, 58.1625, 0.00216461, 73.3271, 0.00128661, -103.612
3452, 57.53333, 0.396658, -23.293, 4.43184, 2.83599, 5.66117, -172.457, 3.4491E-005, 58.2175, 0.00216718, 73.3291, 0.00128812, -103.615
3453, 57.54167, 0.39713, -23.2481, 4.43654, 2.83617, 5.66697, -172.465, 3.45547E-005, 58.2724, 0.00216974, 73.331, 0.00128964, -103.619
3453, 57.55000, 0.397603, -23.2033, 4.44125, 2.83633, 5.67277, -172.472, 3.46186E-005, 58.327, 0.00217231, 73.3329, 0.00129115, -103.622
3454, 57.55833, 0.398077, -23.1587, 4.44596, 2.83648, 5.67859, -172.48, 3.46827E-005, 58.3814, 0.00217489, 73.3347, 0.00129267, -103.626
3454, 57.56667, 0.398553, -23.1141, 4.45069, 2.8366, 5.68442, -172.487, 3.4747E-005, 58.4357, 0.00217747, 73.3366, 0.0012942, -103.63
3455, 57.57500, 0.39903, -23.0696, 4.45542, 2.83669, 5.69025, -172.495, 3.48115E-005, 58.4897, 0.00218005, 73.3384, 0.00129572, -103.633
3455, 57.58333, 0.399509, -23.0253, 4.46015, 2.83677, 5.69609, -172.502, 3.48762E-005, 58.5436, 0.00218263, 73.3402, 0.00129725, -103.637
3456, 57.59167, 0.399988, -22.9811, 4.4649, 2.83683, 5.70195, -172.51, 3.49411E-005, 58.5973, 0.00218522, 73.342, 0.00129878, -103.64
3456, 57.60000, 0.400469, -22.9369, 4.46965, 2.83686, 5.70781, -172.517, 3.50062E-005, 58.6508, 0.00218782, 73.3438, 0.00130031, -103.644
3457, 57.60833, 0.400952, -22.8929, 4.4744, 2.83687, 5.71368, -172.525, 3.50715E-005, 58.7041, 0.00219042, 73.3456, 0.00130185, -103.648
3457, 57.61667, 0.401436, -22.849, 4.47917, 2.83686, 5.71956, -172.533, 3.51371E-005, 58.7572, 0.00219302, 73.3473, 0.00130338, -103.651
3458, 57.62500, 0.401921, -22.8052, 4.48394, 2.83683, 5.72544, -172.54, 3.52028E-005, 58.8101, 0.00219563, 73.349, 0.00130492, -103.655
3458, 57.63333, 0.402407, -22.7615, 4.48872, 2.83677, 5.73134, -172.548, 3.52687E-005, 58.8629, 0.00219824, 73.3507, 0.00130647, -103.659
3459, 57.64167, 0.402895, -22.7179, 4.49351, 2.8367, 5.73725, -172.555, 3.53348E-005, 58.9154, 0.00220085, 73.3523, 0.00130801, -103.662
3459, 57.65000, 0.403385, -22.6744, 4.4983, 2.8366, 5.74316, -172.563, 3.54012E-005, 58.9678, 0.00220347, 73.354, 0.00130956, -103.666
3460, 57.65833, 0.403875, -22.631, 4.5031, 2.83648, 5.74908, -172.571, 3.54677E-005, 59.0199, 0.00220609, 73.3556, 0.00131111, -103.67
3460, 57.66667, 0.404367, -22.5877, 4.50791, 2.83634, 5.75502, -172.578, 3.55345E-005, 59.0719, 0.00220872, 73.3572, 0.00131266, -103.674
3461, 57.67500, 0.404861, -22.5445, 4.51272, 2.83618, 5.76096, -172.586, 3.56014E-005, 59.1238, 0.00221135, 73.3588, 0.00131421, -103.677
3461, 57.68333, 0.405356, -22.5015, 4.51754, 2.83599, 5.76691, -172.593, 3.56686E-005, 59.1754, 0.00221399, 73.3604, 0.00131577, -103.681
3462, 57.69167, 0.405852, -22.4585, 4.52237, 2.83579, 5.77287, -172.601, 3.5736E-005, 59.2268, 0.00221663, 73.3619, 0.00131733, -103.685
3462, 57.70000, 0.406349, -22.4156, 4.52721, 2.83556, 5.77884, -172.609, 3.58035E-005, 59.2781, 0.00221927, 73.3634, 0.00131889, -103.688
3463, 57.70833, 0.406848, -22.3729, 4.53205, 2.83531, 5.78482, -172.616, 3.58713E-005, 59.3291, 0.00222192, 73.365, 0.00132046, -103.692
3463, 57.71667, 0.407348, -22.3302, 4.5369, 2.83504, 5.7908, -172.624, 3.59393E-005, 59.38, 0.00222457, 73.3664, 0.00132202, -103.696
3464, 57.72500, 0.40785, -22.2877, 4.54176, 2.83474, 5.7968, -172.632, 3.60075E-005, 59.4307, 0.00222723, 73.3679, 0.00132359, -103.7
3464, 57.73333, 0.408353, -22.2453, 4.54663, 2.83443, 5.80281, -172.639, 3.60759E-005, 59.4813, 0.00222989, 73.3693, 0.00132516, -103.704
3465, 57.74167, 0.408857, -22.2029, 4.5515, 2.83409, 5.80882, -172.647, 3.61445E-005, 59.5316, 0.00223255, 73.3708, 0.00132674, -103.707
3465, 57.75000, 0.409363, -22.1607, 4.55638, 2.83373, 5.81484, -172.655, 3.62133E-005, 59.5818, 0.00223522, 73.3722, 0.00132831, -103.711
3466, 57.75833, 0.40987, -22.1186, 4.56127, 2.83335, 5.82088, -172.662, 3.62824E-005, 59.6318, 0.00223789, 73.3736, 0.00132989, -103.715
3466, 57.76667, 0.410379, -22.0766, 4.56617, 2.83294, 5.82692, -172.67, 3.63516E-005, 59.6816, 0.00224057, 73.3749, 0.00133147, -103.719
3467, 57.77500, 0.410889, -22.0347, 4.57107, 2.83252, 5.83297, -172.678, 3.6421E-005, 59.7312, 0.00224325, 73.3763, 0.00133306, -103.723
3467, 57.78333, 0.4114, -21.9929, 4.57598, 2.83207, 5.83903, -172.686, 3.64907E-005, 59.7806, 0.00224594, 73.3776, 0.00133465, -103.727
3468, 57.79167, 0.411913, -21.9512, 4.5809, 2.8316, 5.84511, -172.693, 3.65606E-005, 59.8299, 0.00224863, 73.3789, 0.00133623, -103.731
3468, 57.80000, 0.412427, -21.9096, 4.58582, 2.83111, 5.85119, -172.701, 3.66306E-005, 59.879, 0.00225132, 73.3801, 0.00133783, -103.734
3469, 57.80833, 0.412943, -21.8681, 4.59075, 2.83059, 5.85727, -172.709, 3.67009E-005, 59.9279, 0.00225402, 73.3814, 0.00133942, -103.738
3469, 57.81667, 0.413459, -21.8267, 4.5957, 2.83006, 5.86337, -172.717, 3.67714E-005, 59.9766, 0.00225672, 73.3827, 0.00134102, -103.742
3470, 57.82500, 0.413978, -21.7855, 4.60064, 2.8295, 5.86948, -172.724, 3.68421E-005, 60.0252, 0.00225943, 73.3839, 0.00134262, -103.746
3470, 57.83333, 0.414497, -21.7443, 4.6056, 2.82892, 5.8756, -172.732, 3.6913E-005, 60.0735, 0.00226214, 73.3851, 0.00134422, -103.75
3471, 57.84167, 0.415019, -21.7032, 4.61056, 2.82832, 5.88173, -172.74, 3.69841E-005, 60.1217, 0.00226486, 73.3862, 0.00134582, -103.754
3471, 57.85000, 0.415541, -21.6623, 4.61553, 2.82769, 5.88787, -172.748, 3.70555E-005, 60.1698, 0.00226758, 73.3874, 0.00134743, -103.758
3472, 57.85833, 0.416065, -21.6214, 4.62051, 2.82705, 5.89401, -172.756, 3.7127E-005, 60.2176, 0.0022703, 73.3885, 0.00134904, -103.762
3472, 57.86667, 0.41659, -21.5807, 4.62549, 2.82638, 5.90017, -172.763, 3.71988E-005, 60.2653, 0.00227303, 73.3896, 0.00135065, -103.766
3473, 57.87500, 0.417117, -21.54, 4.63049, 2.82569, 5.90633, -172.771, 3.72708E-005, 60.3128, 0.00227577, 73.3907, 0.00135227, -103.77
3473, 57.88333, 0.417645, -21.4995, 4.63549, 2.82497, 5.91251, -172.779, 3.7343E-005, 60.3601, 0.0022785, 73.3918, 0.00135389, -103.774
3474, 57.89167, 0.418175, -21.459, 4.6405, 2.82424, 5.91869, -172.787, 3.74154E-005, 60.4073, 0.00228125, 73.3928, 0.00135551, -103.778
3474, 57.90000, 0.418705, -21.4187, 4.64551, 2.82348, 5.92489, -172.795, 3.7488E-005, 60.4543, 0.00228399, 73.3939, 0.00135713, -103.782
3475, 57.90833, 0.419238, -21.3785, 4.65054, 2.8227, 5.93109, -172.803, 3.75608E-005, 60.5011, 0.00228674, 73.3949, 0.00135875, -103.786
3475, 57.91667, 0.419772, -21.3383, 4.65557, 2.8219, 5.93731, -172.81, 3.76339E-005, 60.5477, 0.0022895, 73.3959, 0.00136038, -103.79
3476, 57.92500, 0.420307, -21.2983, 4.66061, 2.82108, 5.94353, -172.818, 3.77071E-005, 60.5942, 0.00229226, 73.3968, 0.00136201, -103.794
3476, 57.93333, 0.420843, -21.2584, 4.66566, 2.82023, 5.94977, -172.826, 3.77806E-005, 60.6405, 0.00229502, 73.3978, 0.00136365, -103.798
3477, 57.94167, 0.421381, -21.2186, 4.67071, 2.81936, 5.95601, -172.834, 3.78543E-005, 60.6866, 0.00229779, 73.3987, 0.00136528, -103.802
3477, 57.95000, 0.421921, -21.1788, 4.67577, 2.81847, 5.96226, -172.842, 3.79282E-005, 60.7325, 0.00230057, 73.3996, 0.00136692, -103.806
3478, 57.95833, 0.422462, -21.1392, 4.68084, 2.81756, 5.96853, -172.85, 3.80023E-005, 60.7783, 0.00230334, 73.4005, 0.00136856, -103.811
3478, 57.96667, 0.423004, -21.0997, 4.68592, 2.81662, 5.9748, -172.858, 3.80766E-005, 60.824, 0.00230613, 73.4014, 0.00137021, -103.815
3479, 57.97500, 0.423548, -21.0603, 4.69101, 2.81567, 5.98108, -172.866, 3.81512E-005, 60.8694, 0.00230891, 73.4022, 0.00137185, -103.819
3479, 57.98333, 0.424093, -21.021, 4.6961, 2.81469, 5.98738, -172.874, 3.8226E-005, 60.9147, 0.0023117, 73.403, 0.0013735, -103.823
3480, 57.99167, 0.424639, -20.9818, 4.70121, 2.81368, 5.99368, -172.882, 3.8301E-005, 60.9598, 0.0023145, 73.4038, 0.00137516, -103.827
3480, 58.00000, 0.425187, -20.9427, 4.70632, 2.81266, 5.99999, -172.89, 3.83762E-005, 61.0047, 0.0023173, 73.4046, 0.00137681, -103.831
3481, 58.00833, 0.425737, -20.9037, 4.71143, 2.81161, 6.00631, -172.898, 3.84516E-005, 61.0495, 0.00232011, 73.4053, 0.00137847, -103.835
3481, 58.01667, 0.426287, -20.8648, 4.71656, 2.81054, 6.01265, -172.905, 3.85272E-005, 61.0941, 0.00232292, 73.4061, 0.00138013, -103.84
3482, 58.02500, 0.42684, -20.826, 4.72169, 2.80945, 6.01899, -172.913, 3.86031E-005, 61.1386, 0.00232573, 73.4068, 0.00138179, -103.844
3482, 58.03333, 0.427393, -20.7873, 4.72684, 2.80833, 6.02534, -172.921, 3.86792E-005, 61.1829, 0.00232855, 73.4075, 0.00138346, -103.848
3483, 58.04167, 0.427949, -20.7488, 4.73199, 2.8072, 6.03171, -172.929, 3.87555E-005, 61.227, 0.00233137, 73.4081, 0.00138513, -103.852
3483, 58.05000, 0.428505, -20.7103, 4.73714, 2.80604, 6.03808, -172.937, 3.8832E-005, 61.2709, 0.0023342, 73.4088, 0.0013868, -103.857
3484, 58.05833, 0.429063, -20.6719, 4.74231, 2.80485, 6.04447, -172.945, 3.89087E-005, 61.3147, 0.00233703, 73.4094, 0.00138847, -103.861
3484, 58.06667, 0.429623, -20.6336, 4.74749, 2.80365, 6.05086, -172.954, 3.89857E-005, 61.3584, 0.00233987, 73.41, 0.00139015, -103.865
3485, 58.07500, 0.430184, -20.5954, 4.75267, 2.80242, 6.05726, -172.962, 3.90629E-005, 61.4018, 0.00234271, 73.4106, 0.00139183, -103.869
3485, 58.08333, 0.430746, -20.5573, 4.75786, 2.80117, 6.06368, -172.97, 3.91403E-005, 61.4451, 0.00234556, 73.4112, 0.00139351, -103.874
3486, 58.09167, 0.43131, -20.5194, 4.76306, 2.7999, 6.0701, -172.978, 3.92179E-005, 61.4883, 0.00234841, 73.4117, 0.0013952, -103.878
3486, 58.10000, 0.431875, -20.4815, 4.76826, 2.7986, 6.07654, -172.986, 3.92958E-005, 61.5313, 0.00235126, 73.4122, 0.00139688, -103.882
3487, 58.10833, 0.432442, -20.4437, 4.77348, 2.79728, 6.08298, -172.994, 3.93739E-005, 61.5741, 0.00235413, 73.4127, 0.00139858, -103.887
3487, 58.11667, 0.43301, -20.406, 4.7787, 2.79594, 6.08944, -173.002, 3.94522E-005, 61.6167, 0.00235699, 73.4132, 0.00140027, -103.891
3488, 58.12500, 0.43358, -20.3685, 4.78393, 2.79458, 6.09591, -173.01, 3.95307E-005, 61.6592, 0.00235986, 73.4137, 0.00140197, -103.895
3488, 58.13333, 0.434151, -20.331, 4.78917, 2.79319, 6.10238, -173.018, 3.96094E-005, 61.7016, 0.00236273, 73.4141, 0.00140366, -103.9
3489, 58.14167, 0.434724, -20.2936, 4.79442, 2.79178, 6.10887, -173.026, 3.96884E-005, 61.7438, 0.00236561, 73.4145, 0.00140537, -103.904
3489, 58.15000, 0.435298, -20.2563, 4.79968, 2.79035, 6.11537, -173.034, 3.97676E-005, 61.7858, 0.0023685, 73.4149, 0.00140707, -103.909
3490, 58.15833, 0.435873, -20.2192, 4.80494, 2.7889, 6.12187, -173.042, 3.9847E-005, 61.8277, 0.00237139, 73.4153, 0.00140878, -103.913
3490, 58.16667, 0.43645, -20.1821, 4.81022, 2.78742, 6.12839, -173.051, 3.99267E-005, 61.8694, 0.00237428, 73.4156, 0.00141049, -103.917
3491, 58.17500, 0.437029, -20.1451, 4.8155, 2.78592, 6.13492, -173.059, 4.00066E-005, 61.9109, 0.00237718, 73.4159, 0.0014122, -103.922
3491, 58.18333, 0.437609, -20.1082, 4.82079, 2.78439, 6.14146, -173.067, 4.00867E-005, 61.9523, 0.00238008, 73.4162, 0.00141392, -103.926
3492, 58.19167, 0.43819, -20.0715, 4.82608, 2.78285, 6.14801, -173.075, 4.0167E-005, 61.9936, 0.00238299, 73.4165, 0.00141564, -103.931
3492, 58.20000, 0.438773, -20.0348, 4.83139, 2.78128, 6.15457, -173.083, 4.02476E-005, 62.0346, 0.0023859, 73.4168, 0.00141736, -103.935
3493, 58.20833, 0.439357, -19.9982, 4.83671, 2.77969, 6.16114, -173.092, 4.03283E-005, 62.0756, 0.00238882, 73.417, 0.00141909, -103.94
3493, 58.21667, 0.439943, -19.9617, 4.84203, 2.77807, 6.16773, -173.1, 4.04094E-005, 62.1164, 0.00239174, 73.4172, 0.00142081, -103.944
3494, 58.22500, 0.440531, -19.9254, 4.84736, 2.77643, 6.17432, -173.108, 4.04906E-005, 62.157, 0.00239467, 73.4174, 0.00142254, -103.949
3494, 58.23333, 0.441119, -19.8891, 4.8527, 2.77477, 6.18092, -173.116, 4.05721E-005, 62.1974, 0.0023976, 73.4176, 0.00142428, -103.953
3495, 58.24167, 0.44171, -19.8529, 4.85805, 2.77309, 6.18754, -173.124, 4.06538E-005, 62.2378, 0.00240054, 73.4177, 0.00142601, -103.958
3495, 58.25000, 0.442302, -19.8168, 4.86341, 2.77138, 6.19416, -173.133, 4.07357E-005, 62.2779, 0.00240348, 73.4179, 0.00142775, -103.962
3496, 58.25833, 0.442895, -19.7809, 4.86877, 2.76965, 6.2008, -173.141, 4.08179E-005, 62.3179, 0.00240643, 73.418, 0.0014295, -103.967
3496, 58.26667, 0.44349, -19.745, 4.87415, 2.7679, 6.20745, -173.149, 4.09003E-005, 62.3578, 0.00240938, 73.4181, 0.00143124, -103.971
3497, 58.27500, 0.444086, -19.7092, 4.87953, 2.76612, 6.21411, -173.158, 4.09829E-005, 62.3975, 0.00241234, 73.4181, 0.00143299, -103.976
3497, 58.28333, 0.444684, -19.6735, 4.88492, 2.76432, 6.22077, -173.166, 4.10658E-005, 62.4371, 0.0024153, 73.4182, 0.00143474, -103.981
3498, 58.29167, 0.445283, -19.6379, 4.89032, 2.7625, 6.22745, -173.174, 4.11489E-005, 62.4765, 0.00241827, 73.4182, 0.0014365, -103.985
3498, 58.30000, 0.445884, -19.6024, 4.89573, 2.76065, 6.23415, -173.182, 4.12322E-005, 62.5158, 0.00242124, 73.4182, 0.00143825, -103.99
3499, 58.30833, 0.446486, -19.5671, 4.90115, 2.75878, 6.24085, -173.191, 4.13158E-005, 62.5549, 0.00242422, 73.4181, 0.00144001, -103.995
3499, 58.31667, 0.44709, -19.5318, 4.90658, 2.75689, 6.24756, -173.199, 4.13996E-005, 62.5938, 0.0024272, 73.4181, 0.00144178, -103.999
3500, 58.32500, 0.447696, -19.4966, 4.91201, 2.75497, 6.25428, -173.207, 4.14837E-005, 62.6327, 0.00243018, 73.418, 0.00144354, -104.004
3500, 58.33333, 0.448303, -19.4615, 4.91746, 2.75303, 6.26102, -173.216, 4.15679E-005, 62.6713, 0.00243318, 73.4179, 0.00144531, -104.009
3501, 58.34167, 0.448911, -19.4265, 4.92291, 2.75107, 6.26777, -173.224, 4.16524E-005, 62.7099, 0.00243617, 73.4178, 0.00144708, -104.013
3501, 58.35000, 0.449521, -19.3916, 4.92837, 2.74908, 6.27452, -173.233, 4.17372E-005, 62.7482, 0.00243917, 73.4177, 0.00144886, -104.018
3502, 58.35833, 0.450132, -19.3568, 4.93384, 2.74708, 6.28129, -173.241, 4.18222E-005, 62.7865, 0.00244218, 73.4175, 0.00145064, -104.023
3502, 58.36667, 0.450745, -19.3221, 4.93932, 2.74504, 6.28807, -173.249, 4.19074E-005, 62.8246, 0.00244519, 73.4173, 0.00145242, -104.027
3503, 58.37500, 0.45136, -19.2874, 4.94481, 2.74299, 6.29486, -173.258, 4.19929E-005, 62.8625, 0.00244821, 73.4171, 0.0014542, -104.032
3503, 58.38333, 0.451976, -19.2529, 4.95031, 2.74091, 6.30166, -173.266, 4.20785E-005, 62.9003, 0.00245123, 73.4169, 0.00145599, -104.037
3504, 58.39167, 0.452594, -19.2185, 4.95581, 2.7388, 6.30848, -173.275, 4.21645E-005, 62.9379, 0.00245426, 73.4166, 0.00145778, -104.042
3504, 58.40000, 0.453213, -19.1842, 4.96133, 2.73668, 6.3153, -173.283, 4.22507E-005, 62.9755, 0.00245729, 73.4164, 0.00145957, -104.047
3505, 58.40833, 0.453833, -19.15, 4.96685, 2.73453, 6.32214, -173.292, 4.23371E-005, 63.0128, 0.00246033, 73.4161, 0.00146137, -104.051
3505, 58.41667, 0.454456, -19.1158, 4.97239, 2.73235, 6.32899, -173.3, 4.24238E-005, 63.05, 0.00246337, 73.4157, 0.00146317, -104.056
3506, 58.42500, 0.455079, -19.0818, 4.97793, 2.73015, 6.33585, -173.308, 4.25107E-005, 63.0871, 0.00246642, 73.4154, 0.00146497, -104.061
3506, 58.43333, 0.455705, -19.0479, 4.98348, 2.72793, 6.34272, -173.317, 4.25978E-005, 63.1241, 0.00246947, 73.415, 0.00146678, -104.066
3507, 58.44167, 0.456332, -19.014, 4.98904, 2.72569, 6.3496, -173.325, 4.26852E-005, 63.1609, 0.00247253, 73.4146, 0.00146859, -104.071
3507, 58.45000, 0.45696, -18.9803, 4.99461, 2.72342, 6.35649, -173.334, 4.27728E-005, 63.1975, 0.00247559, 73.4142, 0.0014704, -104.076
3508, 58.45833, 0.45759, -18.9466, 5.00019, 2.72113, 6.3634, -173.343, 4.28607E-005, 63.2341, 0.00247866, 73.4138, 0.00147222, -104.081
3508, 58.46667, 0.458221, -18.9131, 5.00577, 2.71881, 6.37032, -173.351, 4.29488E-005, 63.2704, 0.00248174, 73.4134, 0.00147403, -104.085
3509, 58.47500, 0.458855, -18.8796, 5.01137, 2.71647, 6.37724, -173.36, 4.30372E-005, 63.3067, 0.00248482, 73.4129, 0.00147586, -104.09
3509, 58.48333, 0.459489, -18.8462, 5.01698, 2.71411, 6.38418, -173.368, 4.31258E-005, 63.3428, 0.0024879, 73.4124, 0.00147768, -104.095
3510, 58.49167, 0.460125, -18.813, 5.02259, 2.71172, 6.39114, -173.377, 4.32147E-005, 63.3787, 0.00249099, 73.4118, 0.00147951, -104.1
3510, 58.50000, 0.460763, -18.7798, 5.02822, 2.70931, 6.3981, -173.385, 4.33038E-005, 63.4146, 0.00249408, 73.4113, 0.00148134, -104.105
3511, 58.50833, 0.461403, -18.7467, 5.03385, 2.70687, 6.40508, -173.394, 4.33931E-005, 63.4503, 0.00249718, 73.4107, 0.00148317, -104.11
3511, 58.51667, 0.462044, -18.7137, 5.03949, 2.70441, 6.41206, -173.403, 4.34827E-005, 63.4858, 0.00250029, 73.4101, 0.00148501, -104.115
3512, 58.52500, 0.462686, -18.6808, 5.04514, 2.70193, 6.41906, -173.411, 4.35726E-005, 63.5212, 0.0025034, 73.4095, 0.00148685, -104.12
3512, 58.53333, 0.46333, -18.648, 5.05081, 2.69942, 6.42607, -173.42, 4.36627E-005, 63.5565, 0.00250652, 73.4089, 0.00148869, -104.125
3513, 58.54167, 0.463976, -18.6153, 5.05648, 2.69689, 6.43309, -173.428, 4.3753E-005, 63.5917, 0.00250964, 73.4082, 0.00149054, -104.13
3513, 58.55000, 0.464623, -18.5827, 5.06216, 2.69433, 6.44013, -173.437, 4.38436E-005, 63.6267, 0.00251277, 73.4075, 0.00149239, -104.135
3514, 58.55833, 0.465272, -18.5502, 5.06785, 2.69176, 6.44718, -173.446, 4.39344E-005, 63.6615, 0.0025159, 73.4068, 0.00149425, -104.14
3514, 58.56667, 0.465923, -18.5178, 5.07354, 2.68915, 6.45423, -173.455, 4.40256E-005, 63.6963, 0.00251904, 73.4061, 0.0014961, -104.146
3515, 58.57500, 0.466575, -18.4855, 5.07925, 2.68652, 6.4613, -173.463, 4.41169E-005, 63.7309, 0.00252218, 73.4053, 0.00149796, -104.151
3515, 58.58333, 0.467228, -18.4532, 5.08497, 2.68387, 6.46839, -173.472, 4.42085E-005, 63.7654, 0.00252533, 73.4046, 0.00149983, -104.156
3516, 58.59167, 0.467884, -18.4211, 5.0907, 2.6812, 6.47548, -173.481, 4.43004E-005, 63.7997, 0.00252848, 73.4038, 0.00150169, -104.161
3516, 58.60000, 0.46854, -18.389, 5.09644, 2.67849, 6.48259, -173.489, 4.43925E-005, 63.8339, 0.00253164, 73.4029, 0.00150356, -104.166
3517, 58.60833, 0.469199, -18.3571, 5.10218, 2.67577, 6.48971, -173.498, 4.44849E-005, 63.868, 0.00253481, 73.4021, 0.00150543, -104.171
3517, 58.61667, 0.469859, -18.3252, 5.10794, 2.67302, 6.49684, -173.507, 4.45775E-005, 63.902, 0.00253798, 73.4012, 0.00150731, -104.176
3518, 58.62500, 0.470521, -18.2935, 5.1137, 2.67025, 6.50398, -173.516, 4.46704E-005, 63.9358, 0.00254115, 73.4003, 0.00150919, -104.182
3518, 58.63333, 0.471184, -18.2618, 5.11948, 2.66745, 6.51114, -173.524, 4.47635E-005, 63.9695, 0.00254433, 73.3994, 0.00151107, -104.187
3519, 58.64167, 0.471849, -18.2302, 5.12526, 2.66463, 6.5183, -173.533, 4.48569E-005, 64.003, 0.00254752, 73.3984, 0.00151296, -104.192
3519, 58.65000, 0.472516, -18.1987, 5.13106, 2.66178, 6.52548, -173.542, 4.49506E-005, 64.0365, 0.00255071, 73.3975, 0.00151485, -104.197
3520, 58.65833, 0.473184, -18.1673, 5.13686, 2.65891, 6.53268, -173.551, 4.50445E-005, 64.0698, 0.00255391, 73.3965, 0.00151674, -104.202
3520, 58.66667, 0.473854, -18.136, 5.14268, 2.65601, 6.53988, -173.56, 4.51387E-005, 64.1029, 0.00255711, 73.3955, 0.00151864, -104.208
3521, 58.67500, 0.474525, -18.1048, 5.1485, 2.65309, 6.5471, -173.569, 4.52331E-005, 64.136, 0.00256032, 73.3944, 0.00152054, -104.213
3521, 58.68333, 0.475198, -18.0736, 5.15433, 2.65015, 6.55433, -173.577, 4.53278E-005, 64.1689, 0.00256354, 73.3934, 0.00152244, -104.218
3522, 58.69167, 0.475873, -18.0426, 5.16018, 2.64718, 6.56157, -173.586, 4.54227E-005, 64.2017, 0.00256676, 73.3923, 0.00152435, -104.224
3522, 58.70000, 0.47655, -18.0117, 5.16603, 2.64418, 6.56883, -173.595, 4.5518E-005, 64.2344, 0.00256998, 73.3912, 0.00152626, -104.229
3523, 58.70833, 0.477228, -17.9808, 5.17189, 2.64116, 6.57609, -173.604, 4.56134E-005, 64.2669, 0.00257321, 73.39, 0.00152817, -104.234
3523, 58.71667, 0.477907, -17.9501, 5.17777, 2.63812, 6.58337, -173.613, 4.57092E-005, 64.2993, 0.00257645, 73.3889, 0.00153009, -104.24
3524, 58.72500, 0.478589, -17.9194, 5.18365, 2.63505, 6.59066, -173.622, 4.58052E-005, 64.3316, 0.00257969, 73.3877, 0.00153201, -104.245
3524, 58.73333, 0.479272, -17.8888, 5.18954, 2.63195, 6.59797, -173.631, 4.59015E-005, 64.3638, 0.00258294, 73.3865, 0.00153393, -104.25
3525, 58.74167, 0.479957, -17.8583, 5.19545, 2.62884, 6.60529, -173.64, 4.5998E-005, 64.3958, 0.0025862, 73.3853, 0.00153586, -104.256
3525, 58.75000, 0.480643, -17.8279, 5.20136, 2.62569, 6.61262, -173.649, 4.60948E-005, 64.4277, 0.00258946, 73.384, 0.00153779, -104.261
3526, 58.75833, 0.481331, -17.7976, 5.20728, 2.62252, 6.61996, -173.658, 4.61919E-005, 64.4595, 0.00259272, 73.3827, 0.00153972, -104.267
3526, 58.76667, 0.482021, -17.7674, 5.21321, 2.61933, 6.62732, -173.667, 4.62892E-005, 64.4912, 0.002596, 73.3814, 0.00154166, -104.272
3527, 58.77500, 0.482712, -17.7373, 5.21916, 2.61611, 6.63469, -173.676, 4.63869E-005, 64.5228, 0.00259927, 73.3801, 0.0015436, -104.278
3527, 58.78333, 0.483405, -17.7072, 5.22511, 2.61287, 6.64207, -173.685, 4.64847E-005, 64.5542, 0.00260256, 73.3788, 0.00154554, -104.283
3528, 58.79167, 0.4841, -17.6773, 5.23107, 2.6096, 6.64946, -173.694, 4.65829E-005, 64.5855, 0.00260584, 73.3774, 0.00154749, -104.289
3528, 58.80000, 0.484796, -17.6474, 5.23705, 2.60631, 6.65687, -173.703, 4.66813E-005, 64.6167, 0.00260914, 73.376, 0.00154944, -104.294
3529, 58.80833, 0.485494, -17.6177, 5.24303, 2.60299, 6.66429, -173.712, 4.678E-005, 64.6477, 0.00261244, 73.3746, 0.00155139, -104.3
3529, 58.81667, 0.486194, -17.588, 5.24902, 2.59964, 6.67172, -173.721, 4.6879E-005, 64.6787, 0.00261575, 73.3731, 0.00155335, -104.305
3530, 58.82500, 0.486896, -17.5584, 5.25503, 2.59627, 6.67917, -173.73, 4.69782E-005, 64.7095, 0.00261906, 73.3716, 0.00155531, -104.311
3530, 58.83333, 0.487599, -17.5289, 5.26104, 2.59288, 6.68663, -173.739, 4.70777E-005, 64.7402, 0.00262238, 73.3701, 0.00155728, -104.317
3531, 58.84167, 0.488304, -17.4995, 5.26707, 2.58946, 6.6941, -173.749, 4.71775E-005, 64.7708, 0.0026257, 73.3686, 0.00155925, -104.322
3531, 58.85000, 0.48901, -17.4701, 5.2731, 2.58601, 6.70159, -173.758, 4.72776E-005, 64.8013, 0.00262903, 73.3671, 0.00156122, -104.328
3532, 58.85833, 0.489719, -17.4409, 5.27914, 2.58254, 6.70909, -173.767, 4.73779E-005, 64.8316, 0.00263236, 73.3655, 0.00156319, -104.333
3532, 58.86667, 0.490429, -17.4118, 5.2852, 2.57905, 6.7166, -173.776, 4.74786E-005, 64.8618, 0.00263571, 73.3639, 0.00156517, -104.339
3533, 58.87500, 0.491141, -17.3827, 5.29127, 2.57553, 6.72412, -173.785, 4.75795E-005, 64.892, 0.00263905, 73.3623, 0.00156716, -104.345
3533, 58.88333, 0.491854, -17.3537, 5.29734, 2.57198, 6.73166, -173.794, 4.76806E-005, 64.922, 0.00264241, 73.3606, 0.00156914, -104.35
3534, 58.89167, 0.492569, -17.3249, 5.30343, 2.56841, 6.73922, -173.804, 4.77821E-005, 64.9518, 0.00264577, 73.359, 0.00157113, -104.356
3534, 58.90000, 0.493286, -17.2961, 5.30953, 2.56481, 6.74678, -173.813, 4.78838E-005, 64.9816, 0.00264913, 73.3573, 0.00157313, -104.362
3535, 58.90833, 0.494005, -17.2674, 5.31563, 2.56118, 6.75436, -173.822, 4.79858E-005, 65.0113, 0.0026525, 73.3556, 0.00157512, -104.368
3535, 58.91667, 0.494726, -17.2387, 5.32175, 2.55753, 6.76195, -173.831, 4.80882E-005, 65.0408, 0.00265588, 73.3538, 0.00157713, -104.373
3536, 58.92500, 0.495448, -17.2102, 5.32788, 2.55386, 6.76956, -173.841, 4.81907E-005, 65.0702, 0.00265927, 73.352, 0.00157913, -104.379
3536, 58.93333, 0.496172, -17.1818, 5.33402, 2.55016, 6.77718, -173.85, 4.82936E-005, 65.0995, 0.00266266, 73.3503, 0.00158114, -104.385
3537, 58.94167, 0.496897, -17.1534, 5.34017, 2.54643, 6.78481, -173.859, 4.83968E-005, 65.1287, 0.00266605, 73.3484, 0.00158315, -104.391
3537, 58.95000, 0.497625, -17.1251, 5.34633, 2.54268, 6.79246, -173.869, 4.85002E-005, 65.1578, 0.00266945, 73.3466, 0.00158517, -104.397
3538, 58.95833, 0.498354, -17.0969, 5.3525, 2.5389, 6.80012, -173.878, 4.86039E-005, 65.1868, 0.00267286, 73.3447, 0.00158718, -104.402
3538, 58.96667, 0.499085, -17.0689, 5.35869, 2.53509, 6.80779, -173.887, 4.87079E-005, 65.2156, 0.00267628, 73.3428, 0.00158921, -104.408
3539, 58.97500, 0.499818, -17.0408, 5.36488, 2.53126, 6.81548, -173.897, 4.88122E-005, 65.2444, 0.0026797, 73.3409, 0.00159123, -104.414
3539, 58.98333, 0.500552, -17.0129, 5.37108, 2.52741, 6.82318, -173.906, 4.89168E-005, 65.273, 0.00268312, 73.339, 0.00159326, -104.42
3540, 58.99167, 0.501289, -16.9851, 5.3773, 2.52352, 6.8309, -173.915, 4.90217E-005, 65.3015, 0.00268655, 73.337, 0.0015953, -104.426
3540, 59.00000, 0.502027, -16.9573, 5.38352, 2.51962, 6.83862, -173.925, 4.91269E-005, 65.3299, 0.00268999, 73.335, 0.00159734, -104.432
3541, 59.00833, 0.502766, -16.9297, 5.38976, 2.51568, 6.84637, -173.934, 4.92323E-005, 65.3582, 0.00269344, 73.333, 0.00159938, -104.438
3541, 59.01667, 0.503508, -16.9021, 5.396, 2.51172, 6.85413, -173.944, 4.93381E-005, 65.3864, 0.00269689, 73.3309, 0.00160142, -104.444
3542, 59.02500, 0.504252, -16.8746, 5.40226, 2.50773, 6.8619, -173.953, 4.94441E-005, 65.4145, 0.00270035, 73.3288, 0.00160347, -104.45
3542, 59.03333, 0.504997, -16.8472, 5.40853, 2.50372, 6.86968, -173.963, 4.95504E-005, 65.4425, 0.00270381, 73.3267, 0.00160553, -104.456
3543, 59.04167, 0.505744, -16.8199, 5.41481, 2.49968, 6.87748, -173.972, 4.96571E-005, 65.4704, 0.00270728, 73.3246, 0.00160758, -104.462
3543, 59.05000, 0.506493, -16.7926, 5.4211, 2.49561, 6.88529, -173.982, 4.9764E-005, 65.4981, 0.00271076, 73.3225, 0.00160964, -104.468
3544, 59.05833, 0.507243, -16.7655, 5.4274, 2.49152, 6.89312, -173.991, 4.98712E-005, 65.5258, 0.00271424, 73.3203, 0.00161171, -104.474
3544, 59.06667, 0.507996, -16.7384, 5.43372, 2.4874, 6.90096, -174.001, 4.99788E-005, 65.5533, 0.00271773, 73.3181, 0.00161378, -104.48
3545, 59.07500, 0.50875, -16.7114, 5.44004, 2.48325, 6.90882, -174.01, 5.00866E-005, 65.5807, 0.00272122, 73.3159, 0.00161585, -104.486
3545, 59.08333, 0.509506, -16.6845, 5.44638, 2.47908, 6.91669, -174.02, 5.01947E-005, 65.6081, 0.00272473, 73.3136, 0.00161792, -104.492
3546, 59.09167, 0.510264, -16.6577, 5.45272, 2.47488, 6.92457, -174.029, 5.03031E-005, 65.6353, 0.00272823, 73.3113, 0.00162, -104.498
3546, 59.10000, 0.511024, -16.631, 5.45908, 2.47066, 6.93247, -174.039, 5.04118E-005, 65.6624, 0.00273175, 73.309, 0.00162209, -104.504
3547, 59.10833, 0.511785, -16.6043, 5.46545, 2.4664, 6.94038, -174.048, 5.05209E-005, 65.6894, 0.00273527, 73.3067, 0.00162417, -104.511
3547, 59.11667, 0.512549, -16.5778, 5.47183, 2.46212, 6.94831, -174.058, 5.06302E-005, 65.7163, 0.0027388, 73.3043, 0.00162627, -104.517
3548, 59.12500, 0.513314, -16.5513, 5.47822, 2.45782, 6.95625, -174.068, 5.07398E-005, 65.7431, 0.00274233, 73.3019, 0.00162836, -104.523
3548, 59.13333, 0.514081, -16.5249, 5.48462, 2.45349, 6.9642, -174.077, 5.08498E-005, 65.7698, 0.00274587, 73.2995, 0.00163046, -104.529
3549, 59.14167, 0.51485, -16.4986, 5.49104, 2.44913, 6.97218, -174.087, 5.096E-005, 65.7964, 0.00274942, 73.2971, 0.00163256, -104.535
3549, 59.15000, 0.515621, -16.4724, 5.49746, 2.44474, 6.98016, -174.097, 5.10706E-005, 65.8229, 0.00275297, 73.2946, 0.00163467, -104.542
3550, 59.15833, 0.516394, -16.4463, 5.5039, 2.44032, 6.98816, -174.106, 5.11814E-005, 65.8493, 0.00275653, 73.2921, 0.00163678, -104.548
3550, 59.16667, 0.517168, -16.4202, 5.51035, 2.43588, 6.99618, -174.116, 5.12926E-005, 65.8756, 0.0027601, 73.2896, 0.0016389, -104.554
3551, 59.17500, 0.517945, -16.3942, 5.51681, 2.43142, 7.0042, -174.126, 5.14041E-005, 65.9017, 0.00276367, 73.2871, 0.00164101, -104.561
3551, 59.18333, 0.518723, -16.3683, 5.52328, 2.42692, 7.01225, -174.136, 5.15158E-005, 65.9278, 0.00276725, 73.2845, 0.00164314, -104.567
3552, 59.19167, 0.519503, -16.3425, 5.52976, 2.4224, 7.02031, -174.145, 5.16279E-005, 65.9538, 0.00277084, 73.2819, 0.00164526, -104.573
3552, 59.20000, 0.520285, -16.3168, 5.53626, 2.41785, 7.02838, -174.155, 5.17403E-005, 65.9797, 0.00277443, 73.2793, 0.00164739, -104.58
3553, 59.20833, 0.521069, -16.2912, 5.54276, 2.41327, 7.03647, -174.165, 5.18531E-005, 66.0055, 0.00277803, 73.2766, 0.00164953, -104.586
3553, 59.21667, 0.521855, -16.2656, 5.54928, 2.40867, 7.04457, -174.175, 5.19661E-005, 66.0311, 0.00278163, 73.274, 0.00165167, -104.592
3554, 59.22500, 0.522643, -16.2401, 5.55581, 2.40404, 7.05269, -174.185, 5.20795E-005, 66.0567, 0.00278525, 73.2713, 0.00165381, -104.599
3554, 59.23333, 0.523433, -16.2147, 5.56235, 2.39938, 7.06082, -174.195, 5.21931E-005, 66.0822, 0.00278887, 73.2685, 0.00165596, -104.605
3555, 59.24167, 0.524224, -16.1894, 5.5689, 2.39469, 7.06897, -174.204, 5.23071E-005, 66.1076, 0.00279249, 73.2658, 0.00165811, -104.612
3555, 59.25000, 0.525018, -16.1642, 5.57547, 2.38998, 7.07713, -174.214, 5.24214E-005, 66.1328, 0.00279612, 73.263, 0.00166026, -104.618
3556, 59.25833, 0.525813, -16.139, 5.58204, 2.38523, 7.08531, -174.224, 5.25361E-005, 66.158, 0.00279976, 73.2602, 0.00166242, -104.625
3556, 59.26667, 0.526611, -16.114, 5.58863, 2.38046, 7.09351, -174.234, 5.2651E-005, 66.1831, 0.00280341, 73.2573, 0.00166459, -104.631
3557, 59.27500, 0.52741, -16.089, 5.59523, 2.37567, 7.10171, -174.244, 5.27663E-005, 66.2081, 0.00280706, 73.2545, 0.00166675, -104.638
3557, 59.28333, 0.528211, -16.0641, 5.60184, 2.37084, 7.10994, -174.254, 5.28819E-005, 66.233, 0.00281072, 73.2516, 0.00166893, -104.644
3558, 59.29167, 0.529014, -16.0392, 5.60847, 2.36599, 7.11818, -174.264, 5.29978E-005, 66.2578, 0.00281439, 73.2487, 0.0016711, -104.651
3558, 59.30000, 0.529819, -16.0145, 5.6151, 2.36111, 7.12643, -174.274, 5.31141E-005, 66.2824, 0.00281806, 73.2457, 0.00167328, -104.658
3559, 59.30833, 0.530626, -15.9898, 5.62175, 2.3562, 7.1347, -174.284, 5.32306E-005, 66.307, 0.00282174, 73.2427, 0.00167547, -104.664
3559, 59.31667, 0.531436, -15.9653, 5.62841, 2.35126, 7.14299, -174.294, 5.33475E-005, 66.3315, 0.00282543, 73.2397, 0.00167765, -104.671
3560, 59.32500, 0.532246, -15.9408, 5.63508, 2.3463, 7.15129, -174.304, 5.34648E-005, 66.3559, 0.00282913, 73.2367, 0.00167985, -104.678
3560, 59.33333, 0.533059, -15.9164, 5.64177, 2.34131, 7.15961, -174.314, 5.35823E-005, 66.3802, 0.00283283, 73.2336, 0.00168204, -104.684
3561, 59.34167, 0.533874, -15.892, 5.64846, 2.33628, 7.16794, -174.324, 5.37002E-005, 66.4045, 0.00283653, 73.2306, 0.00168424, -104.691
3561, 59.35000, 0.534691, -15.8678, 5.65517, 2.33124, 7.17629, -174.335, 5.38184E-005, 66.4286, 0.00284025, 73.2274, 0.00168645, -104.698
3562, 59.35833, 0.53551, -15.8436, 5.66189, 2.32616, 7.18465, -174.345, 5.3937E-005, 66.4526, 0.00284397, 73.2243, 0.00168866, -104.704
3562, 59.36667, 0.536331, -15.8195, 5.66862, 2.32105, 7.19303, -174.355, 5.40559E-005, 66.4765, 0.0028477, 73.2211, 0.00169087, -104.711
3563, 59.37500, 0.537154, -15.7955, 5.67537, 2.31592, 7.20142, -174.365, 5.41751E-005, 66.5004, 0.00285144, 73.2179, 0.00169309, -104.718
3563, 59.38333, 0.537979, -15.7715, 5.68213, 2.31076, 7.20983, -174.375, 5.42946E-005, 66.5241, 0.00285518, 73.2147, 0.00169531, -104.725
3564, 59.39167, 0.538806, -15.7477, 5.6889, 2.30556, 7.21826, -174.385, 5.44145E-005, 66.5478, 0.00285893, 73.2115, 0.00169754, -104.732
3564, 59.40000, 0.539634, -15.7239, 5.69568, 2.30034, 7.2267, -174.396, 5.45348E-005, 66.5713, 0.00286269, 73.2082, 0.00169977, -104.738
3565, 59.40833, 0.540465, -15.7002, 5.70247, 2.2951, 7.23516, -174.406, 5.46553E-005, 66.5948, 0.00286645, 73.2049, 0.001702, -104.745
3565, 59.41667, 0.541298, -15.6766, 5.70928, 2.28982, 7.24364, -174.416, 5.47762E-005, 66.6182, 0.00287022, 73.2015, 0.00170424, -104.752
3566, 59.42500, 0.542133, -15.653, 5.7161, 2.28451, 7.25213, -174.426, 5.48975E-005, 66.6414, 0.002874, 73.1982, 0.00170648, -104.759
3566, 59.43333, 0.54297, -15.6296, 5.72293, 2.27918, 7.26063, -174.437, 5.50191E-005, 66.6646, 0.00287779, 73.1948, 0.00170873, -104.766
3567, 59.44167, 0.543809, -15.6062, 5.72978, 2.27382, 7.26916, -174.447, 5.5141E-005, 66.6877, 0.00288158, 73.1914, 0.00171098, -104.773
3567, 59.45000, 0.54465, -15.5829, 5.73663, 2.26842, 7.2777, -174.457, 5.52633E-005, 66.7107, 0.00288538, 73.1879, 0.00171324, -104.78
3568, 59.45833, 0.545493, -15.5597, 5.7435, 2.263, 7.28625, -174.468, 5.53859E-005, 66.7337, 0.00288919, 73.1844, 0.0017155, -104.787
3568, 59.46667, 0.546338, -15.5365, 5.75039, 2.25755, 7.29482, -174.478, 5.55089E-005, 66.7565, 0.002893, 73.1809, 0.00171777, -104.794
3569, 59.47500, 0.547185, -15.5135, 5.75728, 2.25207, 7.30341, -174.488, 5.56323E-005, 66.7792, 0.00289682, 73.1774, 0.00172004, -104.801
3569, 59.48333, 0.548035, -15.4905, 5.76419, 2.24657, 7.31201, -174.499, 5.57559E-005, 66.8019, 0.00290065, 73.1738, 0.00172231, -104.808
3570, 59.49167, 0.548886, -15.4676, 5.77111, 2.24103, 7.32064, -174.509, 5.588E-005, 66.8244, 0.00290449, 73.1702, 0.00172459, -104.815
3570, 59.50000, 0.549739, -15.4447, 5.77804, 2.23546, 7.32927, -174.52, 5.60043E-005, 66.8469, 0.00290833, 73.1666, 0.00172687, -104.822
3571, 59.50833, 0.550595, -15.422, 5.78499, 2.22987, 7.33793, -174.53, 5.61291E-005, 66.8693, 0.00291218, 73.163, 0.00172916, -104.829
3571, 59.51667, 0.551452, -15.3993, 5.79195, 2.22424, 7.3466, -174.541, 5.62542E-005, 66.8916, 0.00291604, 73.1593, 0.00173145, -104.836
3572, 59.52500, 0.552312, -15.3767, 5.79892, 2.21859, 7.35528, -174.551, 5.63796E-005, 66.9138, 0.00291991, 73.1556, 0.00173375, -104.844
3572, 59.53333, 0.553174, -15.3542, 5.8059, 2.2129, 7.36399, -174.562, 5.65054E-005, 66.9359, 0.00292378, 73.1518, 0.00173605, -104.851
3573, 59.54167, 0.554038, -15.3317, 5.8129, 2.20719, 7.37271, -174.572, 5.66316E-005, 66.958, 0.00292766, 73.1481, 0.00173835, -104.858
3573, 59.55000, 0.554904, -15.3094, 5.81991, 2.20144, 7.38144, -174.583, 5.67581E-005, 66.9799, 0.00293155, 73.1443, 0.00174066, -104.865
3574, 59.55833, 0.555772, -15.2871, 5.82694, 2.19567, 7.3902, -174.593, 5.6885E-005, 67.0018, 0.00293545, 73.1405, 0.00174298, -104.872
3574, 59.56667, 0.556642, -15.2649, 5.83398, 2.18987, 7.39897, -174.604, 5.70123E-005, 67.0236, 0.00293935, 73.1366, 0.0017453, -104.88
3575, 59.57500, 0.557514, -15.2427, 5.84103, 2.18404, 7.40776, -174.615, 5.71399E-005, 67.0452, 0.00294326, 73.1327, 0.00174762, -104.887
3575, 59.58333, 0.558389, -15.2207, 5.84809, 2.17817, 7.41656, -174.625, 5.72678E-005, 67.0668, 0.00294718, 73.1288, 0.00174995, -104.894
3576, 59.59167, 0.559265, -15.1987, 5.85517, 2.17228, 7.42538, -174.636, 5.73962E-005, 67.0884, 0.0029511, 73.1249, 0.00175228, -104.902
3576, 59.60000, 0.560144, -15.1768, 5.86226, 2.16636, 7.43422, -174.646, 5.75249E-005, 67.1098, 0.00295504, 73.1209, 0.00175462, -104.909
3577, 59.60833, 0.561025, -15.155, 5.86936, 2.16041, 7.44308, -174.657, 5.7654E-005, 67.1311, 0.00295898, 73.1169, 0.00175696, -104.916
3577, 59.61667, 0.561908, -15.1332, 5.87648, 2.15442, 7.45195, -174.668, 5.77834E-005, 67.1524, 0.00296293, 73.1129, 0.00175931, -104.924
3578, 59.62500, 0.562793, -15.1115, 5.88361, 2.14841, 7.46084, -174.679, 5.79132E-005, 67.1736, 0.00296688, 73.1088, 0.00176166, -104.931
3578, 59.63333, 0.563681, -15.0899, 5.89075, 2.14237, 7.46975, -174.689, 5.80434E-005, 67.1947, 0.00297085, 73.1047, 0.00176401, -104.939
3579, 59.64167, 0.56457, -15.0684, 5.89791, 2.13629, 7.47867, -174.7, 5.8174E-005, 67.2157, 0.00297482, 73.1006, 0.00176638, -104.946
3579, 59.65000, 0.565462, -15.047, 5.90508, 2.13019, 7.48762, -174.711, 5.83049E-005, 67.2366, 0.0029788, 73.0964, 0.00176874, -104.954
3580, 59.65833, 0.566356, -15.0256, 5.91226, 2.12405, 7.49658, -174.722, 5.84363E-005, 67.2575, 0.00298279, 73.0922, 0.00177111, -104.961
3580, 59.66667, 0.567252, -15.0043, 5.91946, 2.11789, 7.50555, -174.733, 5.8568E-005, 67.2783, 0.00298678, 73.088, 0.00177349, -104.969
3581, 59.67500, 0.568151, -14.9831, 5.92667, 2.11169, 7.51455, -174.744, 5.87E-005, 67.299, 0.00299078, 73.0838, 0.00177586, -104.976
3581, 59.68333, 0.569051, -14.9619, 5.9339, 2.10547, 7.52356, -174.754, 5.88325E-005, 67.3195, 0.00299479, 73.0795, 0.00177825, -104.984
3582, 59.69167, 0.569954, -14.9409, 5.94114, 2.09921, 7.53259, -174.765, 5.89653E-005, 67.3401, 0.00299881, 73.0752, 0.00178064, -104.991
3582, 59.70000, 0.570859, -14.9199, 5.94839, 2.09292, 7.54164, -174.776, 5.90986E-005, 67.3605, 0.00300284, 73.0709, 0.00178303, -104.999
3583, 59.70833, 0.571766, -14.8989, 5.95566, 2.0866, 7.5507, -174.787, 5.92322E-005, 67.3809, 0.00300687, 73.0665, 0.00178543, -105.007
3583, 59.71667, 0.572676, -14.8781, 5.96294, 2.08025, 7.55979, -174.798, 5.93662E-005, 67.4012, 0.00301091, 73.0621, 0.00178783, -105.014
3584, 59.72500, 0.573587, -14.8573, 5.97023, 2.07387, 7.56889, -174.809, 5.95005E-005, 67.4213, 0.00301496, 73.0577, 0.00179024, -105.022
3584, 59.73333, 0.574501, -14.8366, 5.97754, 2.06746, 7.57801, -174.82, 5.96353E-005, 67.4415, 0.00301902, 73.0533, 0.00179266, -105.03
3585, 59.74167, 0.575418, -14.816, 5.98486, 2.06102, 7.58715, -174.831, 5.97705E-005, 67.4615, 0.00302309, 73.0488, 0.00179507, -105.038
3585, 59.75000, 0.576336, -14.7955, 5.9922, 2.05454, 7.5963, -174.842, 5.9906E-005, 67.4815, 0.00302716, 73.0443, 0.0017975, -105.045
3586, 59.75833, 0.577257, -14.775, 5.99955, 2.04804, 7.60547, -174.853, 6.0042E-005, 67.5013, 0.00303124, 73.0397, 0.00179992, -105.053
3586, 59.76667, 0.57818, -14.7546, 6.00691, 2.0415, 7.61467, -174.865, 6.01783E-005, 67.5211, 0.00303533, 73.0351, 0.00180236, -105.061
3587, 59.77500, 0.579105, -14.7343, 6.01429, 2.03493, 7.62388, -174.876, 6.03151E-005, 67.5409, 0.00303943, 73.0305, 0.00180479, -105.069
3587, 59.78333, 0.580033, -14.714, 6.02168, 2.02833, 7.6331, -174.887, 6.04522E-005, 67.5605, 0.00304354, 73.0259, 0.00180724, -105.077
3588, 59.79167, 0.580963, -14.6939, 6.02909, 2.0217, 7.64235, -174.898, 6.05898E-005, 67.5801, 0.00304765, 73.0212, 0.00180968, -105.084
3588, 59.80000, 0.581895, -14.6738, 6.03651, 2.01504, 7.65162, -174.909, 6.07277E-005, 67.5996, 0.00305177, 73.0165, 0.00181214, -105.092
3589, 59.80833, 0.582829, -14.6537, 6.04394, 2.00834, 7.6609, -174.92, 6.0866E-005, 67.619, 0.0030559, 73.0118, 0.00181459, -105.1
3589, 59.81667, 0.583766, -14.6338, 6.05139, 2.00162, 7.6702, -174.932, 6.10048E-005, 67.6383, 0.00306004, 73.007, 0.00181706, -105.108
3590, 59.82500, 0.584706, -14.6139, 6.05885, 1.99486, 7.67952, -174.943, 6.11439E-005, 67.6576, 0.00306419, 73.0022, 0.00181952, -105.116
3590, 59.83333, 0.585647, -14.5941, 6.06633, 1.98807, 7.68886, -174.954, 6.12835E-005, 67.6767, 0.00306834, 72.9974, 0.00182199, -105.124
3591, 59.84167, 0.586591, -14.5744, 6.07383, 1.98125, 7.69822, -174.965, 6.14235E-005, 67.6958, 0.00307251, 72.9925, 0.00182447, -105.132
3591, 59.85000, 0.587537, -14.5547, 6.08133, 1.97439, 7.70759, -174.977, 6.15638E-005, 67.7149, 0.00307668, 72.9876, 0.00182695, -105.14
3592, 59.85833, 0.588486, -14.5351, 6.08885, 1.9675, 7.71699, -174.988, 6.17046E-005, 67.7338, 0.00308086, 72.9827, 0.00182944, -105.148
3592, 59.86667, 0.589437, -14.5156, 6.09639, 1.96058, 7.7264, -174.999, 6.18458E-005, 67.7527, 0.00308504, 72.9777, 0.00183193, -105.157
3593, 59.87500, 0.59039, -14.4962, 6.10394, 1.95363, 7.73584, -175.011, 6.19874E-005, 67.7715, 0.00308924, 72.9727, 0.00183443, -105.165
3593, 59.88333, 0.591345, -14.4768, 6.11151, 1.94665, 7.74529, -175.022, 6.21294E-005, 67.7902, 0.00309345, 72.9677, 0.00183693, -105.173
3594, 59.89167, 0.592303, -14.4575, 6.11909, 1.93963, 7.75476, -175.034, 6.22719E-005, 67.8088, 0.00309766, 72.9627, 0.00183944, -105.181
3594, 59.90000, 0.593264, -14.4383, 6.12668, 1.93258, 7.76425, -175.045, 6.24148E-005, 67.8274, 0.00310188, 72.9576, 0.00184196, -105.189
3595, 59.90833, 0.594227, -14.4191, 6.13429, 1.9255, 7.77376, -175.057, 6.2558E-005, 67.8459, 0.00310611, 72.9525, 0.00184447, -105.197
3595, 59.91667, 0.595192, -14.4001, 6.14192, 1.91839, 7.78329, -175.068, 6.27018E-005, 67.8643, 0.00311035, 72.9473, 0.001847, -105.206
3596, 59.92500, 0.596159, -14.3811, 6.14955, 1.91124, 7.79283, -175.08, 6.28459E-005, 67.8827, 0.0031146, 72.9421, 0.00184953, -105.214
3596, 59.93333, 0.597129, -14.3621, 6.15721, 1.90406, 7.8024, -175.091, 6.29904E-005, 67.9009, 0.00311885, 72.9369, 0.00185206, -105.222
3597, 59.94167, 0.598102, -14.3433, 6.16488, 1.89685, 7.81199, -175.103, 6.31354E-005, 67.9191, 0.00312312, 72.9317, 0.0018546, -105.231
3597, 59.95000, 0.599077, -14.3245, 6.17256, 1.8896, 7.82159, -175.114, 6.32809E-005, 67.9373, 0.00312739, 72.9264, 0.00185714, -105.239
3598, 59.95833, 0.600054, -14.3058, 6.18026, 1.88232, 7.83122, -175.126, 6.34267E-005, 67.9553, 0.00313167, 72.9211, 0.00185969, -105.247
3598, 59.96667, 0.601034, -14.2871, 6.18798, 1.87501, 7.84086, -175.138, 6.3573E-005, 67.9733, 0.00313596, 72.9157, 0.00186225, -105.256
3599, 59.97500, 0.602016, -14.2685, 6.19571, 1.86767, 7.85053, -175.149, 6.37197E-005, 67.9912, 0.00314026, 72.9103, 0.00186481, -105.264
3599, 59.98333, 0.603001, -14.25, 6.20345, 1.86029, 7.86021, -175.161, 6.38668E-005, 68.009, 0.00314457, 72.9049, 0.00186737, -105.273
3600, 59.99167, 0.603988, -14.2316, 6.21121, 1.85287, 7.86992, -175.173, 6.40144E-005, 68.0268, 0.00314888, 72.8995, 0.00186994, -105.281
3600, 60.00000, 0.604978, -14.2133, 6.21899, 1.84543, 7.87964, -175.185, 6.41624E-005, 68.0445, 0.00315321, 72.894, 0.00187252, -105.29
3601, 60.00833, 0.60597, -14.195, 6.22678, 1.83795, 7.88938, -175.196, 6.43109E-005, 68.0621, 0.00315754, 72.8885, 0.0018751, -105.298
3601, 60.01667, 0.606965, -14.1768, 6.23458, 1.83044, 7.89915, -175.208, 6.44598E-005, 68.0796, 0.00316188, 72.8829, 0.00187769, -105.307
3602, 60.02500, 0.607962, -14.1586, 6.2424, 1.82289, 7.90893, -175.22, 6.46091E-005, 68.0971, 0.00316623, 72.8774, 0.00188028, -105.315
3602, 60.03333, 0.608962, -14.1405, 6.25024, 1.81531, 7.91873, -175.232, 6.47589E-005, 68.1145, 0.00317059, 72.8717, 0.00188288, -105.324
3603, 60.04167, 0.609964, -14.1225, 6.2581, 1.80769, 7.92856, -175.244, 6.49092E-005, 68.1319, 0.00317496, 72.8661, 0.00188548, -105.333
3603, 60.05000, 0.610969, -14.1046, 6.26596, 1.80004, 7.9384, -175.256, 6.50599E-005, 68.1491, 0.00317934, 72.8604, 0.00188809, -105.341
3604, 60.05833, 0.611976, -14.0868, 6.27385, 1.79236, 7.94826, -175.268, 6.5211E-005, 68.1663, 0.00318373, 72.8547, 0.0018907, -105.35
3604, 60.06667, 0.612986, -14.069, 6.28175, 1.78464, 7.95815, -175.28, 6.53626E-005, 68.1834, 0.00318812, 72.849, 0.00189332, -105.359
3605, 60.07500, 0.613998, -14.0513, 6.28966, 1.77689, 7.96805, -175.291, 6.55146E-005, 68.2005, 0.00319253, 72.8432, 0.00189595, -105.368
3605, 60.08333, 0.615013, -14.0336, 6.29759, 1.76911, 7.97798, -175.303, 6.56671E-005, 68.2174, 0.00319694, 72.8374, 0.00189858, -105.376
3606, 60.09167, 0.616031, -14.016, 6.30554, 1.76129, 7.98792, -175.316, 6.58201E-005, 68.2344, 0.00320137, 72.8315, 0.00190121, -105.385
3606, 60.10000, 0.617051, -13.9985, 6.3135, 1.75343, 7.99789, -175.328, 6.59735E-005, 68.2512, 0.0032058, 72.8256, 0.00190385, -105.394
3607, 60.10833, 0.618073, -13.9811, 6.32148, 1.74554, 8.00788, -175.34, 6.61274E-005, 68.268, 0.00321024, 72.8197, 0.0019065, -105.403
3607, 60.11667, 0.619099, -13.9637, 6.32948, 1.73762, 8.01789, -175.352, 6.62817E-005, 68.2847, 0.00321469, 72.8138, 0.00190915, -105.412
3608, 60.12500, 0.620126, -13.9464, 6.33749, 1.72966, 8.02791, -175.364, 6.64365E-005, 68.3013, 0.00321915, 72.8078, 0.00191181, -105.421
3608, 60.13333, 0.621157, -13.9292, 6.34551, 1.72167, 8.03796, -175.376, 6.65918E-005, 68.3179, 0.00322362, 72.8017, 0.00191448, -105.43
3609, 60.14167, 0.62219, -13.912, 6.35356, 1.71364, 8.04803, -175.388, 6.67475E-005, 68.3344, 0.00322809, 72.7957, 0.00191715, -105.438
3609, 60.15000, 0.623226, -13.895, 6.36162, 1.70557, 8.05812, -175.4, 6.69037E-005, 68.3508, 0.00323258, 72.7896, 0.00191982, -105.448
3610, 60.15833, 0.624264, -13.8779, 6.36969, 1.69747, 8.06824, -175.413, 6.70604E-005, 68.3671, 0.00323708, 72.7835, 0.0019225, -105.457
3610, 60.16667, 0.625305, -13.861, 6.37778, 1.68934, 8.07837, -175.425, 6.72176E-005, 68.3834, 0.00324158, 72.7773, 0.00192519, -105.466
3611, 60.17500, 0.626349, -13.8441, 6.38589, 1.68117, 8.08852, -175.437, 6.73752E-005, 68.3997, 0.0032461, 72.7711, 0.00192788, -105.475
3611, 60.18333, 0.627395, -13.8273, 6.39401, 1.67297, 8.0987, -175.449, 6.75333E-005, 68.4158, 0.00325062, 72.7649, 0.00193058, -105.484
3612, 60.19167, 0.628444, -13.8106, 6.40216, 1.66472, 8.1089, -175.462, 6.76919E-005, 68.4319, 0.00325515, 72.7586, 0.00193328, -105.493
3612, 60.20000, 0.629496, -13.7939, 6.41031, 1.65645, 8.11911, -175.474, 6.7851E-005, 68.4479, 0.0032597, 72.7523, 0.00193599, -105.502
3613, 60.20833, 0.63055, -13.7773, 6.41849, 1.64814, 8.12935, -175.487, 6.80105E-005, 68.4639, 0.00326425, 72.7459, 0.00193871, -105.511
3613, 60.21667, 0.631608, -13.7608, 6.42668, 1.63979, 8.13962, -175.499, 6.81706E-005, 68.4798, 0.00326881, 72.7396, 0.00194143, -105.521
3614, 60.22500, 0.632667, -13.7443, 6.43488, 1.6314, 8.1499, -175.511, 6.83311E-005, 68.4956, 0.00327338, 72.7332, 0.00194415, -105.53
3614, 60.23333, 0.63373, -13.7279, 6.44311, 1.62299, 8.1602, -175.524, 6.84921E-005, 68.5113, 0.00327796, 72.7267, 0.00194689, -105.539
3615, 60.24167, 0.634795, -13.7116, 6.45135, 1.61453, 8.17053, -175.536, 6.86536E-005, 68.527, 0.00328255, 72.7202, 0.00194962, -105.548
3615, 60.25000, 0.635863, -13.6954, 6.4596, 1.60604, 8.18088, -175.549, 6.88156E-005, 68.5426, 0.00328715, 72.7137, 0.00195237, -105.558
3616, 60.25833, 0.636934, -13.6792, 6.46788, 1.59751, 8.19125, -175.561, 6.89781E-005, 68.5582, 0.00329176, 72.7072, 0.00195512, -105.567
3616, 60.26667, 0.638007, -13.6631, 6.47617, 1.58894, 8.20164, -175.574, 6.91411E-005, 68.5737, 0.00329638, 72.7006, 0.00195788, -105.576
3617, 60.27500, 0.639084, -13.647, 6.48448, 1.58034, 8.21205, -175.587, 6.93046E-005, 68.5891, 0.00330101, 72.6939, 0.00196064, -105.586
3617, 60.28333, 0.640163, -13.6311, 6.4928, 1.57171, 8.22249, -175.599, 6.94686E-005, 68.6044, 0.00330565, 72.6873, 0.00196341, -105.595
3618, 60.29167, 0.641245, -13.6151, 6.50114, 1.56303, 8.23295, -175.612, 6.96331E-005, 68.6197, 0.0033103, 72.6806, 0.00196618, -105.605
3618, 60.30000, 0.642329, -13.5993, 6.5095, 1.55432, 8.24343, -175.625, 6.97981E-005, 68.635, 0.00331495, 72.6738, 0.00196896, -105.614
3619, 60.30833, 0.643416, -13.5835, 6.51788, 1.54557, 8.25393, -175.637, 6.99636E-005, 68.6501, 0.00331962, 72.6671, 0.00197175, -105.624
3619, 60.31667, 0.644507, -13.5678, 6.52627, 1.53679, 8.26445, -175.65, 7.01296E-005, 68.6652, 0.0033243, 72.6602, 0.00197454, -105.633
3620, 60.32500, 0.6456, -13.5522, 6.53468, 1.52796, 8.275, -175.663, 7.02962E-005, 68.6803, 0.00332899, 72.6534, 0.00197734, -105.643
3620, 60.33333, 0.646696, -13.5366, 6.54311, 1.51911, 8.28557, -175.676, 7.04632E-005, 68.6952, 0.00333368, 72.6465, 0.00198014, -105.653
3621, 60.34167, 0.647794, -13.5211, 6.55155, 1.51021, 8.29616, -175.689, 7.06308E-005, 68.7101, 0.00333839, 72.6396, 0.00198295, -105.662
3621, 60.35000, 0.648896, -13.5057, 6.56002, 1.50127, 8.30678, -175.701, 7.07988E-005, 68.725, 0.00334311, 72.6326, 0.00198577, -105.672
3622, 60.35833, 0.65, -13.4903, 6.5685, 1.4923, 8.31742, -175.714, 7.09674E-005, 68.7397, 0.00334783, 72.6256, 0.00198859, -105.682
3622, 60.36667, 0.651108, -13.475, 6.57699, 1.48329, 8.32808, -175.727, 7.11365E-005, 68.7544, 0.00335257, 72.6186, 0.00199142, -105.692
3623, 60.37500, 0.652218, -13.4598, 6.58551, 1.47425, 8.33876, -175.74, 7.13062E-005, 68.7691, 0.00335732, 72.6115, 0.00199425, -105.701
3623, 60.38333, 0.653331, -13.4447, 6.59404, 1.46516, 8.34947, -175.753, 7.14763E-005, 68.7837, 0.00336208, 72.6044, 0.00199709, -105.711
3624, 60.39167, 0.654447, -13.4296, 6.60259, 1.45604, 8.3602, -175.766, 7.1647E-005, 68.7982, 0.00336684, 72.5973, 0.00199994, -105.721
3624, 60.40000, 0.655566, -13.4145, 6.61116, 1.44688, 8.37095, -175.779, 7.18182E-005, 68.8126, 0.00337162, 72.5901, 0.00200279, -105.731
3625, 60.40833, 0.656688, -13.3996, 6.61975, 1.43768, 8.38172, -175.792, 7.199E-005, 68.827, 0.00337641, 72.5829, 0.00200565, -105.741
3625, 60.41667, 0.657812, -13.3847, 6.62835, 1.42845, 8.39252, -175.805, 7.21623E-005, 68.8414, 0.00338121, 72.5756, 0.00200852, -105.751
3626, 60.42500, 0.65894, -13.3699, 6.63697, 1.41917, 8.40335, -175.819, 7.23351E-005, 68.8556, 0.00338602, 72.5683, 0.00201139, -105.761
3626, 60.43333, 0.660071, -13.3551, 6.64561, 1.40986, 8.41419, -175.832, 7.25085E-005, 68.8698, 0.00339083, 72.561, 0.00201427, -105.771
3627, 60.44167, 0.661204, -13.3405, 6.65427, 1.40051, 8.42506, -175.845, 7.26824E-005, 68.884, 0.00339566, 72.5536, 0.00201716, -105.781
3627, 60.45000, 0.662341, -13.3258, 6.66295, 1.39111, 8.43595, -175.858, 7.28568E-005, 68.8981, 0.0034005, 72.5462, 0.00202005, -105.791
3628, 60.45833, 0.66348, -13.3113, 6.67164, 1.38169, 8.44687, -175.871, 7.30318E-005, 68.9121, 0.00340535, 72.5387, 0.00202294, -105.801
3628, 60.46667, 0.664623, -13.2968, 6.68035, 1.37222, 8.45781, -175.885, 7.32074E-005, 68.926, 0.00341021, 72.5312, 0.00202585, -105.811
3629, 60.47500, 0.665768, -13.2824, 6.68908, 1.36271, 8.46877, -175.898, 7.33835E-005, 68.9399, 0.00341508, 72.5237, 0.00202876, -105.821
3629, 60.48333, 0.666917, -13.268, 6.69783, 1.35316, 8.47976, -175.911, 7.35601E-005, 68.9538, 0.00341996, 72.5161, 0.00203168, -105.831
3630, 60.49167, 0.668069, -13.2538, 6.7066, 1.34358, 8.49077, -175.925, 7.37373E-005, 68.9675, 0.00342485, 72.5085, 0.0020346, -105.842
3630, 60.50000, 0.669223, -13.2395, 6.71538, 1.33395, 8.50181, -175.938, 7.3915E-005, 68.9812, 0.00342975, 72.5009, 0.00203753, -105.852
3631, 60.50833, 0.670381, -13.2254, 6.72419, 1.32429, 8.51287, -175.951, 7.40934E-005, 68.9949, 0.00343467, 72.4932, 0.00204047, -105.862
3631, 60.51667, 0.671541, -13.2113, 6.73301, 1.31459, 8.52395, -175.965, 7.42722E-005, 69.0085, 0.00343959, 72.4855, 0.00204341, -105.873
3632, 60.52500, 0.672705, -13.1973, 6.74185, 1.30484, 8.53506, -175.978, 7.44517E-005, 69.022, 0.00344452, 72.4777, 0.00204636, -105.883
3632, 60.53333, 0.673872, -13.1834, 6.75071, 1.29506, 8.54619, -175.992, 7.46317E-005, 69.0354, 0.00344947, 72.4699, 0.00204931, -105.893
3633, 60.54167, 0.675042, -13.1695, 6.75959, 1.28524, 8.55735, -176.005, 7.48123E-005, 69.0488, 0.00345442, 72.462, 0.00205228, -105.904
3633, 60.55000, 0.676215, -13.1557, 6.76849, 1.27538, 8.56853, -176.019, 7.49934E-005, 69.0622, 0.00345939, 72.4542, 0.00205525, -105.914
3634, 60.55833, 0.677391, -13.1419, 6.77741, 1.26547, 8.57974, -176.033, 7.51751E-005, 69.0755, 0.00346436, 72.4462, 0.00205822, -105.925
3634, 60.56667, 0.678571, -13.1282, 6.78634, 1.25553, 8.59097, -176.046, 7.53574E-005, 69.0887, 0.00346935, 72.4383, 0.0020612, -105.935
3635, 60.57500, 0.679753, -13.1146, 6.7953, 1.24555, 8.60222, -176.06, 7.55403E-005, 69.1018, 0.00347435, 72.4303, 0.00206419, -105.946
3635, 60.58333, 0.680938, -13.1011, 6.80427, 1.23552, 8.6135, -176.074, 7.57237E-005, 69.1149, 0.00347936, 72.4222, 0.00206719, -105.956
3636, 60.59167, 0.682127, -13.0876, 6.81326, 1.22546, 8.62481, -176.087, 7.59078E-005, 69.128, 0.00348438, 72.4141, 0.00207019, -105.967
3636, 60.60000, 0.683319, -13.0742, 6.82228, 1.21535, 8.63614, -176.101, 7.60924E-005, 69.1409, 0.00348941, 72.406, 0.0020732, -105.978
3637, 60.60833, 0.684514, -13.0609, 6.83131, 1.20521, 8.6475, -176.115, 7.62776E-005, 69.1538, 0.00349445, 72.3978, 0.00207622, -105.988
3637, 60.61667, 0.685712, -13.0476, 6.84036, 1.19502, 8.65888, -176.129, 7.64634E-005, 69.1667, 0.0034995, 72.3896, 0.00207924, -105.999
3638, 60.62500, 0.686914, -13.0344, 6.84943, 1.18479, 8.67028, -176.143, 7.66498E-005, 69.1795, 0.00350457, 72.3814, 0.00208227, -106.01
3638, 60.63333, 0.688118, -13.0212, 6.85852, 1.17453, 8.68171, -176.157, 7.68368E-005, 69.1922, 0.00350964, 72.3731, 0.00208531, -106.021
3639, 60.64167, 0.689326, -13.0081, 6.86763, 1.16422, 8.69317, -176.171, 7.70244E-005, 69.2049, 0.00351473, 72.3648, 0.00208835, -106.031
3639, 60.65000, 0.690537, -12.9951, 6.87675, 1.15387, 8.70465, -176.185, 7.72126E-005, 69.2175, 0.00351982, 72.3564, 0.0020914, -106.042
3640, 60.65833, 0.691752, -12.9822, 6.8859, 1.14347, 8.71616, -176.199, 7.74013E-005, 69.2301, 0.00352493, 72.348, 0.00209446, -106.053
3640, 60.66667, 0.692969, -12.9693, 6.89507, 1.13304, 8.7277, -176.213, 7.75907E-005, 69.2426, 0.00353005, 72.3395, 0.00209752, -106.064
3641, 60.67500, 0.69419, -12.9565, 6.90426, 1.12256, 8.73925, -176.227, 7.77807E-005, 69.255, 0.00353518, 72.331, 0.00210059, -106.075
3641, 60.68333, 0.695414, -12.9437, 6.91346, 1.11204, 8.75084, -176.241, 7.79713E-005, 69.2674, 0.00354032, 72.3225, 0.00210367, -106.086
3642, 60.69167, 0.696642, -12.931, 6.92269, 1.10148, 8.76245, -176.255, 7.81626E-005, 69.2797, 0.00354548, 72.3139, 0.00210675, -106.097
3642, 60.70000, 0.697873, -12.9184, 6.93194, 1.09088, 8.77409, -176.269, 7.83544E-005, 69.292, 0.00355064, 72.3053, 0.00210985, -106.108
3643, 60.70833, 0.699107, -12.9059, 6.9412, 1.08024, 8.78575, -176.283, 7.85469E-005, 69.3042, 0.00355582, 72.2966, 0.00211294, -106.119
3643, 60.71667, 0.700344, -12.8934, 6.95049, 1.06955, 8.79744, -176.298, 7.874E-005, 69.3163, 0.00356101, 72.2879, 0.00211605, -106.13
3644, 60.72500, 0.701585, -12.881, 6.9598, 1.05882, 8.80916, -176.312, 7.89337E-005, 69.3284, 0.00356621, 72.2791, 0.00211916, -106.142
3644, 60.73333, 0.702829, -12.8686, 6.96912, 1.04805, 8.8209, -176.326, 7.9128E-005, 69.3404, 0.00357142, 72.2703, 0.00212228, -106.153
3645, 60.74167, 0.704077, -12.8563, 6.97847, 1.03723, 8.83267, -176.341, 7.9323E-005, 69.3524, 0.00357664, 72.2615, 0.00212541, -106.164
3645, 60.75000, 0.705328, -12.8441, 6.98784, 1.02638, 8.84446, -176.355, 7.95185E-005, 69.3643, 0.00358187, 72.2526, 0.00212855, -106.175
3646, 60.75833, 0.706582, -12.8319, 6.99723, 1.01548, 8.85629, -176.369, 7.97148E-005, 69.3762, 0.00358712, 72.2437, 0.00213169, -106.187
3646, 60.76667, 0.70784, -12.8199, 7.00664, 1.00453, 8.86814, -176.384, 7.99116E-005, 69.3879, 0.00359238, 72.2347, 0.00213484, -106.198
3647, 60.77500, 0.709101, -12.8078, 7.01607, 0.993547, 8.88001, -176.398, 8.01091E-005, 69.3997, 0.00359765, 72.2257, 0.00213799, -106.209
3647, 60.78333, 0.710365, -12.7959, 7.02552, 0.982517, 8.89191, -176.413, 8.03073E-005, 69.4113, 0.00360293, 72.2167, 0.00214116, -106.221
3648, 60.79167, 0.711633, -12.784, 7.03499, 0.971442, 8.90384, -176.427, 8.05061E-005, 69.423, 0.00360822, 72.2076, 0.00214433, -106.232
3648, 60.80000, 0.712905, -12.7722, 7.04448, 0.960325, 8.9158, -176.442, 8.07055E-005, 69.4345, 0.00361352, 72.1984, 0.00214751, -106.244
3649, 60.80833, 0.714179, -12.7604, 7.05399, 0.949165, 8.92778, -176.457, 8.09056E-005, 69.446, 0.00361884, 72.1893, 0.00215069, -106.255
3649, 60.81667, 0.715458, -12.7487, 7.06352, 0.937959, 8.93979, -176.471, 8.11064E-005, 69.4575, 0.00362417, 72.18, 0.00215388, -106.267
3650, 60.82500, 0.71674, -12.7371, 7.07308, 0.92671, 8.95183, -176.486, 8.13077E-005, 69.4688, 0.00362951, 72.1708, 0.00215708, -106.279
3650, 60.83333, 0.718025, -12.7255, 7.08265, 0.915417, 8.9639, -176.501, 8.15098E-005, 69.4802, 0.00363486, 72.1614, 0.00216029, -106.29
3651, 60.84167, 0.719314, -12.714, 7.09225, 0.904078, 8.97599, -176.515, 8.17125E-005, 69.4914, 0.00364022, 72.1521, 0.00216351, -106.302
3651, 60.85000, 0.720607, -12.7026, 7.10187, 0.892696, 8.98811, -176.53, 8.19159E-005, 69.5026, 0.0036456, 72.1427, 0.00216673, -106.314
3652, 60.85833, 0.721902, -12.6912, 7.1115, 0.88127, 9.00026, -176.545, 8.212E-005, 69.5138, 0.00365099, 72.1332, 0.00216996, -106.325
3652, 60.86667, 0.723202, -12.6799, 7.12117, 0.869797, 9.01244, -176.56, 8.23247E-005, 69.5249, 0.00365639, 72.1237, 0.0021732, -106.337
3653, 60.87500, 0.724505, -12.6687, 7.13085, 0.858281, 9.02465, -176.575, 8.25301E-005, 69.5359, 0.0036618, 72.1142, 0.00217644, -106.349
3653, 60.88333, 0.725812, -12.6575, 7.14055, 0.84672, 9.03688, -176.59, 8.27362E-005, 69.5469, 0.00366723, 72.1046, 0.00217969, -106.361
3654, 60.89167, 0.727122, -12.6464, 7.15027, 0.835113, 9.04914, -176.605, 8.2943E-005, 69.5578, 0.00367266, 72.095, 0.00218295, -106.373
3654, 60.90000, 0.728436, -12.6353, 7.16002, 0.823461, 9.06143, -176.62, 8.31504E-005, 69.5687, 0.00367811, 72.0853, 0.00218622, -106.385
3655, 60.90833, 0.729754, -12.6244, 7.16979, 0.811764, 9.07375, -176.635, 8.33585E-005, 69.5795, 0.00368358, 72.0756, 0.0021895, -106.397
3655, 60.91667, 0.731075, -12.6135, 7.17958, 0.800021, 9.08609, -176.65, 8.35673E-005, 69.5902, 0.00368905, 72.0658, 0.00219278, -106.409
3656, 60.92500, 0.7324, -12.6026, 7.18939, 0.788232, 9.09847, -176.665, 8.37768E-005, 69.6009, 0.00369454, 72.056, 0.00219607, -106.421
3656, 60.93333, 0.733729, -12.5918, 7.19922, 0.776398, 9.11087, -176.68, 8.3987E-005, 69.6116, 0.00370004, 72.0461, 0.00219937, -106.433
3657, 60.94167, 0.735061, -12.5811, 7.20907, 0.764517, 9.12331, -176.696, 8.41979E-005, 69.6222, 0.00370555, 72.0362, 0.00220268, -106.445
3657, 60.95000, 0.736397, -12.5705, 7.21895, 0.75259, 9.13577, -176.711, 8.44095E-005, 69.6327, 0.00371107, 72.0263, 0.00220599, -106.457
3658, 60.95833, 0.737736, -12.5599, 7.22885, 0.740618, 9.14826, -176.726, 8.46218E-005, 69.6431, 0.00371661, 72.0163, 0.00220931, -106.47
3658, 60.96667, 0.73908, -12.5494, 7.23877, 0.728597, 9.16078, -176.741, 8.48349E-005, 69.6535, 0.00372216, 72.0062, 0.00221264, -106.482
3659, 60.97500, 0.740427, -12.5389, 7.24871, 0.716531, 9.17332, -176.757, 8.50486E-005, 69.6639, 0.00372772, 71.9962, 0.00221598, -106.494
3659, 60.98333, 0.741778, -12.5285, 7.25868, 0.704419, 9.1859, -176.772, 8.5263E-005, 69.6742, 0.0037333, 71.986, 0.00221933, -106.507
3660, 60.99167, 0.743133, -12.5182, 7.26867, 0.692258, 9.19851, -176.788, 8.54782E-005, 69.6844, 0.00373888, 71.9758, 0.00222268, -106.519
3660, 61.00000, 0.744491, -12.508, 7.27868, 0.680052, 9.21115, -176.803, 8.5694E-005, 69.6946, 0.00374448, 71.9656, 0.00222604, -106.531
3661, 61.00833, 0.745853, -12.4978, 7.28871, 0.667798, 9.22381, -176.819, 8.59106E-005, 69.7047, 0.0037501, 71.9553, 0.00222941, -106.544
3661, 61.01667, 0.747219, -12.4877, 7.29877, 0.655496, 9.23651, -176.834, 8.6128E-005, 69.7148, 0.00375572, 71.945, 0.00223279, -106.556
3662, 61.02500, 0.748589, -12.4776, 7.30884, 0.643147, 9.24923, -176.85, 8.6346E-005, 69.7248, 0.00376136, 71.9346, 0.00223617, -106.569
3662, 61.03333, 0.749963, -12.4676, 7.31895, 0.630751, 9.26199, -176.866, 8.65648E-005, 69.7347, 0.00376701, 71.9242, 0.00223957, -106.582
3663, 61.04167, 0.751341, -12.4577, 7.32907, 0.618306, 9.27477, -176.881, 8.67843E-005, 69.7446, 0.00377268, 71.9137, 0.00224297, -106.594
3663, 61.05000, 0.752722, -12.4478, 7.33922, 0.605814, 9.28759, -176.897, 8.70046E-005, 69.7545, 0.00377836, 71.9032, 0.00224638, -106.607
3664, 61.05833, 0.754107, -12.438, 7.34939, 0.593274, 9.30043, -176.913, 8.72256E-005, 69.7643, 0.00378405, 71.8927, 0.00224979, -106.62
3664, 61.06667, 0.755497, -12.4283, 7.35958, 0.580684, 9.31331, -176.929, 8.74473E-005, 69.774, 0.00378976, 71.882, 0.00225322, -106.632
3665, 61.07500, 0.75689, -12.4186, 7.3698, 0.568048, 9.32622, -176.944, 8.76698E-005, 69.7836, 0.00379547, 71.8714, 0.00225665, -106.645
3665, 61.08333, 0.758287, -12.409, 7.38003, 0.555362, 9.33915, -176.96, 8.78931E-005, 69.7933, 0.0038012, 71.8607, 0.0022601, -106.658
3666, 61.09167, 0.759688, -12.3995, 7.3903, 0.542627, 9.35212, -176.976, 8.81171E-005, 69.8028, 0.00380695, 71.8499, 0.00226355, -106.671
3666, 61.10000, 0.761093, -12.39, 7.40058, 0.529844, 9.36512, -176.992, 8.83418E-005, 69.8123, 0.00381271, 71.8391, 0.00226701, -106.684
3667, 61.10833, 0.762502, -12.3806, 7.41089, 0.517012, 9.37815, -177.008, 8.85673E-005, 69.8217, 0.00381848, 71.8282, 0.00227047, -106.697
3667, 61.11667, 0.763915, -12.3713, 7.42123, 0.504129, 9.39121, -177.024, 8.87937E-005, 69.8311, 0.00382426, 71.8173, 0.00227395, -106.71
3668, 61.12500, 0.765332, -12.362, 7.43158, 0.491198, 9.4043, -177.04, 8.90207E-005, 69.8405, 0.00383006, 71.8064, 0.00227743, -106.723
3668, 61.13333, 0.766753, -12.3528, 7.44197, 0.478218, 9.41742, -177.056, 8.92485E-005, 69.8497, 0.00383587, 71.7954, 0.00228093, -106.736
3669, 61.14167, 0.768179, -12.3436, 7.45237, 0.465187, 9.43057, -177.073, 8.94772E-005, 69.8589, 0.0038417, 71.7843, 0.00228443, -106.749
3669, 61.15000, 0.769608, -12.3346, 7.4628, 0.452107, 9.44376, -177.089, 8.97065E-005, 69.8681, 0.00384754, 71.7732, 0.00228794, -106.762
3670, 61.15833, 0.771041, -12.3256, 7.47325, 0.438977, 9.45697, -177.105, 8.99367E-005, 69.8772, 0.00385339, 71.7621, 0.00229145, -106.776
3670, 61.16667, 0.772478, -12.3166, 7.48373, 0.425796, 9.47022, -177.121, 9.01677E-005, 69.8862, 0.00385926, 71.7509, 0.00229498, -106.789
3671, 61.17500, 0.77392, -12.3077, 7.49423, 0.412565, 9.4835, -177.138, 9.03994E-005, 69.8952, 0.00386514, 71.7396, 0.00229851, -106.802
3671, 61.18333, 0.775365, -12.2989, 7.50475, 0.399284, 9.49681, -177.154, 9.0632E-005, 69.9042, 0.00387103, 71.7283, 0.00230206, -106.815
3672, 61.19167, 0.776815, -12.2902, 7.5153, 0.385951, 9.51016, -177.171, 9.08653E-005, 69.913, 0.00387694, 71.7169, 0.00230561, -106.829
3672, 61.20000, 0.778269, -12.2815, 7.52588, 0.372568, 9.52353, -177.187, 9.10995E-005, 69.9219, 0.00388286, 71.7055, 0.00230917, -106.842
3673, 61.20833, 0.779727, -12.2729, 7.53647, 0.359135, 9.53694, -177.204, 9.13344E-005, 69.9306, 0.0038888, 71.6941, 0.00231274, -106.856
3673, 61.21667, 0.78119, -12.2643, 7.5471, 0.345648, 9.55038, -177.22, 9.15702E-005, 69.9393, 0.00389475, 71.6825, 0.00231632, -106.869
3674, 61.22500, 0.782656, -12.2558, 7.55774, 0.332112, 9.56385, -177.237, 9.18068E-005, 69.948, 0.00390071, 71.671, 0.0023199, -106.883
3674, 61.23333, 0.784127, -12.2474, 7.56841, 0.318524, 9.57736, -177.253, 9.20441E-005, 69.9566, 0.00390669, 71.6594, 0.0023235, -106.897
3675, 61.24167, 0.785602, -12.239, 7.57911, 0.304883, 9.5909, -177.27, 9.22824E-005, 69.9651, 0.00391268, 71.6477, 0.0023271, -106.91
3675, 61.25000, 0.787081, -12.2308, 7.58983, 0.291192, 9.60447, -177.287, 9.25214E-005, 69.9736, 0.00391869, 71.636, 0.00233072, -106.924
3676, 61.25833, 0.788564, -12.2225, 7.60058, 0.277448, 9.61807, -177.304, 9.27612E-005, 69.982, 0.00392471, 71.6242, 0.00233434, -106.938
3676, 61.26667, 0.790052, -12.2144, 7.61135, 0.263651, 9.63171, -177.32, 9.3002E-005, 69.9904, 0.00393074, 71.6124, 0.00233797, -106.952
3677, 61.27500, 0.791544, -12.2063, 7.62215, 0.249802, 9.64538, -177.337, 9.32435E-005, 69.9987, 0.00393679, 71.6005, 0.00234161, -106.965
3677, 61.28333, 0.793041, -12.1983, 7.63297, 0.235902, 9.65908, -177.354, 9.34858E-005, 70.0069, 0.00394285, 71.5886, 0.00234526, -106.979
3678, 61.29167, 0.794541, -12.1903, 7.64382, 0.221946, 9.67281, -177.371, 9.3729E-005, 70.0151, 0.00394893, 71.5766, 0.00234892, -106.993
3678, 61.30000, 0.796047, -12.1824, 7.65469, 0.20794, 9.68658, -177.388, 9.39731E-005, 70.0232, 0.00395503, 71.5646, 0.00235258, -107.007
3679, 61.30833, 0.797556, -12.1746, 7.66559, 0.19388, 9.70039, -177.405, 9.4218E-005, 70.0313, 0.00396113, 71.5525, 0.00235626, -107.021
3679, 61.31667, 0.79907, -12.1668, 7.67652, 0.179765, 9.71422, -177.422, 9.44638E-005, 70.0393, 0.00396725, 71.5403, 0.00235995, -107.035
3680, 61.32500, 0.800588, -12.1591, 7.68746, 0.165598, 9.72809, -177.44, 9.47104E-005, 70.0473, 0.00397339, 71.5281, 0.00236364, -107.05
3680, 61.33333, 0.802111, -12.1515, 7.69844, 0.151378, 9.742, -177.457, 9.49578E-005, 70.0552, 0.00397954, 71.5159, 0.00236734, -107.064
3681, 61.34167, 0.803638, -12.1439, 7.70944, 0.137102, 9.75594, -177.474, 9.52062E-005, 70.0631, 0.00398571, 71.5036, 0.00237106, -107.078
3681, 61.35000, 0.80517, -12.1364, 7.72047, 0.122773, 9.76991, -177.491, 9.54554E-005, 70.0709, 0.00399189, 71.4912, 0.00237478, -107.092
3682, 61.35833, 0.806706, -12.129, 7.73152, 0.108391, 9.78392, -177.509, 9.57055E-005, 70.0786, 0.00399808, 71.4788, 0.00237851, -107.107
3682, 61.36667, 0.808247, -12.1216, 7.7426, 0.0939519, 9.79796, -177.526, 9.59565E-005, 70.0863, 0.0040043, 71.4663, 0.00238225, -107.121
3683, 61.37500, 0.809792, -12.1143, 7.75371, 0.0794602, 9.81203, -177.543, 9.62083E-005, 70.0939, 0.00401052, 71.4538, 0.002386, -107.135
3683, 61.38333, 0.811342, -12.1071, 7.76484, 0.0649136, 9.82614, -177.561, 9.64611E-005, 70.1015, 0.00401676, 71.4412, 0.00238976, -107.15
3684, 61.39167, 0.812896, -12.0999, 7.776, 0.0503102, 9.84029, -177.578, 9.67147E-005, 70.109, 0.00402302, 71.4286, 0.00239353, -107.164
3684, 61.40000, 0.814455, -12.0928, 7.78719, 0.0356534, 9.85447, -177.596, 9.69692E-005, 70.1164, 0.00402929, 71.4159, 0.0023973, -107.179
3685, 61.40833, 0.816019, -12.0858, 7.7984, 0.0209411, 9.86869, -177.614, 9.72246E-005, 70.1238, 0.00403557, 71.4032, 0.00240109, -107.194
3685, 61.41667, 0.817587, -12.0788, 7.80964, 0.00617152, 9.88294, -177.631, 9.7481E-005, 70.1312, 0.00404188, 71.3904, 0.00240489, -107.208
3686, 61.42500, 0.81916, -12.0719, 7.8209, -0.00865214, 9.89722, -177.649, 9.77382E-005, 70.1385, 0.00404819, 71.3775, 0.00240869, -107.223
3686, 61.43333, 0.820737, -12.0651, 7.83219, -0.0235318, 9.91154, -177.667, 9.79963E-005, 70.1457, 0.00405452, 71.3646, 0.00241251, -107.238
3687, 61.44167, 0.82232, -12.0583, 7.84351, -0.0384694, 9.9259, -177.685, 9.82554E-005, 70.1529, 0.00406087, 71.3516, 0.00241634, -107.253
3687, 61.45000, 0.823906, -12.0516, 7.85486, -0.0534616, 9.9403, -177.702, 9.85154E-005, 70.16, 0.00406723, 71.3386, 0.00242017, -107.268
3688, 61.45833, 0.825498, -12.045, 7.86623, -0.0685105, 9.95472, -177.72, 9.87763E-005, 70.167, 0.00407361, 71.3255, 0.00242401, -107.282
3688, 61.46667, 0.827094, -12.0384, 7.87764, -0.0836179, 9.96919, -177.738, 9.90381E-005, 70.174, 0.00408001, 71.3124, 0.00242787, -107.297
3689, 61.47500, 0.828695, -12.0319, 7.88906, -0.0987805, 9.98369, -177.756, 9.93009E-005, 70.1809, 0.00408641, 71.2992, 0.00243173, -107.312
3689, 61.48333, 0.830301, -12.0255, 7.90052, -0.114, 9.99823, -177.774, 9.95646E-005, 70.1878, 0.00409284, 71.2859, 0.00243561, -107.328
3690, 61.49167, 0.831912, -12.0191, 7.912, -0.129279, 10.0128, -177.792, 9.98293E-005, 70.1946, 0.00409928, 71.2726, 0.00243949, -107.343
3690, 61.50000, 0.833527, -12.0128, 7.92351, -0.144614, 10.0274, -177.811, 0.000100095, 70.2014, 0.00410574, 71.2592, 0.00244338, -107.358
3691, 61.50833, 0.835147, -12.0066, 7.93505, -0.160007, 10.0421, -177.829, 0.000100361, 70.2081, 0.00411221, 71.2458, 0.00244729, -107.373
3691, 61.51667, 0.836773, -12.0004, 7.94662, -0.175459, 10.0567, -177.847, 0.000100629, 70.2148, 0.0041187, 71.2323, 0.0024512, -107.388
3692, 61.52500, 0.838403, -11.9944, 7.95821, -0.190968, 10.0715, -177.865, 0.000100897, 70.2213, 0.0041252, 71.2188, 0.00245513, -107.404
3692, 61.53333, 0.840037, -11.9883, 7.96984, -0.206535, 10.0862, -177.884, 0.000101167, 70.2279, 0.00413172, 71.2052, 0.00245906, -107.419
3693, 61.54167, 0.841677, -11.9824, 7.98149, -0.222163, 10.101, -177.902, 0.000101437, 70.2343, 0.00413826, 71.1915, 0.002463, -107.434
3693, 61.55000, 0.843322, -11.9765, 7.99317, -0.237848, 10.1158, -177.921, 0.000101709, 70.2408, 0.00414481, 71.1778, 0.00246696, -107.45
3694, 61.55833, 0.844972, -11.9706, 8.00488, -0.253591, 10.1307, -177.939, 0.000101981, 70.2471, 0.00415138, 71.164, 0.00247092, -107.465
3694, 61.56667, 0.846627, -11.9649, 8.01661, -0.269396, 10.1456, -177.958, 0.000102254, 70.2534, 0.00415797, 71.1502, 0.00247489, -107.481
3695, 61.57500, 0.848286, -11.9592, 8.02838, -0.285259, 10.1606, -177.976, 0.000102529, 70.2596, 0.00416457, 71.1363, 0.00247888, -107.497
3695, 61.58333, 0.849951, -11.9536, 8.04017, -0.301181, 10.1756, -177.995, 0.000102804, 70.2658, 0.00417118, 71.1223, 0.00248287, -107.512
3696, 61.59167, 0.851621, -11.948, 8.05199, -0.317165, 10.1906, -178.014, 0.00010308, 70.2719, 0.00417782, 71.1083, 0.00248688, -107.528
3696, 61.60000, 0.853296, -11.9425, 8.06384, -0.333207, 10.2056, -178.033, 0.000103357, 70.278, 0.00418447, 71.0942, 0.00249089, -107.544
3697, 61.60833, 0.854976, -11.9371, 8.07572, -0.34931, 10.2207, -178.051, 0.000103636, 70.284, 0.00419114, 71.0801, 0.00249492, -107.56
3697, 61.61667, 0.856661, -11.9318, 8.08763, -0.365475, 10.2359, -178.07, 0.000103915, 70.2899, 0.00419782, 71.0659, 0.00249895, -107.576
3698, 61.62500, 0.858351, -11.9265, 8.09957, -0.381699, 10.251, -178.089, 0.000104195, 70.2958, 0.00420452, 71.0516, 0.002503, -107.592
3698, 61.63333, 0.860046, -11.9213, 8.11154, -0.397984, 10.2663, -178.108, 0.000104477, 70.3017, 0.00421124, 71.0373, 0.00250705, -107.608
3699, 61.64167, 0.861747, -11.9161, 8.12354, -0.414332, 10.2815, -178.127, 0.000104759, 70.3074, 0.00421797, 71.0229, 0.00251112, -107.624
3699, 61.65000, 0.863453, -11.911, 8.13556, -0.43074, 10.2968, -178.146, 0.000105043, 70.3131, 0.00422472, 71.0085, 0.0025152, -107.64
3700, 61.65833, 0.865164, -11.906, 8.14762, -0.447209, 10.3121, -178.165, 0.000105327, 70.3188, 0.00423149, 70.994, 0.00251929, -107.656
3700, 61.66667, 0.86688, -11.9011, 8.15971, -0.463743, 10.3275, -178.185, 0.000105613, 70.3244, 0.00423828, 70.9794, 0.00252339, -107.672
3701, 61.67500, 0.868601, -11.8962, 8.17182, -0.480336, 10.3429, -178.204, 0.000105899, 70.3299, 0.00424508, 70.9648, 0.00252749, -107.689
3701, 61.68333, 0.870328, -11.8914, 8.18397, -0.496992, 10.3584, -178.223, 0.000106187, 70.3354, 0.0042519, 70.9501, 0.00253161, -107.705
3702, 61.69167, 0.87206, -11.8867, 8.19615, -0.513712, 10.3738, -178.243, 0.000106475, 70.3408, 0.00425873, 70.9353, 0.00253575, -107.721
3702, 61.70000, 0.873797, -11.882, 8.20835, -0.530494, 10.3894, -178.262, 0.000106765, 70.3461, 0.00426558, 70.9205, 0.00253989, -107.738
3703, 61.70833, 0.87554, -11.8774, 8.22059, -0.547338, 10.4049, -178.282, 0.000107056, 70.3514, 0.00427245, 70.9056, 0.00254404, -107.754
3703, 61.71667, 0.877288, -11.8729, 8.23286, -0.564248, 10.4205, -178.301, 0.000107348, 70.3566, 0.00427934, 70.8906, 0.0025482, -107.771
3704, 61.72500, 0.879042, -11.8684, 8.24515, -0.581219, 10.4362, -178.321, 0.000107641, 70.3618, 0.00428625, 70.8756, 0.00255238, -107.788
3704, 61.73333, 0.880801, -11.8641, 8.25748, -0.598254, 10.4519, -178.34, 0.000107935, 70.3669, 0.00429317, 70.8605, 0.00255656, -107.804
3705, 61.74167, 0.882565, -11.8597, 8.26984, -0.615355, 10.4676, -178.36, 0.00010823, 70.372, 0.00430011, 70.8454, 0.00256076, -107.821
3705, 61.75000, 0.884335, -11.8555, 8.28223, -0.632518, 10.4834, -178.38, 0.000108526, 70.3769, 0.00430707, 70.8302, 0.00256496, -107.838
3706, 61.75833, 0.88611, -11.8513, 8.29465, -0.649746, 10.4992, -178.4, 0.000108823, 70.3819, 0.00431404, 70.8149, 0.00256918, -107.855
3706, 61.76667, 0.887891, -11.8472, 8.3071, -0.66704, 10.5151, -178.419, 0.000109122, 70.3867, 0.00432104, 70.7996, 0.00257341, -107.872
3707, 61.77500, 0.889678, -11.8432, 8.31959, -0.684398, 10.5309, -178.439, 0.000109421, 70.3915, 0.00432805, 70.7842, 0.00257765, -107.889
3707, 61.78333, 0.89147, -11.8392, 8.3321, -0.70182, 10.5469, -178.459, 0.000109722, 70.3963, 0.00433508, 70.7687, 0.0025819, -107.906
3708, 61.79167, 0.893268, -11.8353, 8.34465, -0.71931, 10.5629, -178.479, 0.000110024, 70.401, 0.00434212, 70.7532, 0.00258617, -107.923
3708, 61.80000, 0.895071, -11.8315, 8.35722, -0.736864, 10.5789, -178.5, 0.000110327, 70.4056, 0.00434919, 70.7376, 0.00259044, -107.94
3709, 61.80833, 0.89688, -11.8277, 8.36983, -0.754484, 10.5949, -178.52, 0.000110631, 70.4101, 0.00435627, 70.7219, 0.00259472, -107.957
3709, 61.81667, 0.898694, -11.824, 8.38247, -0.772172, 10.611, -178.54, 0.000110936, 70.4146, 0.00436337, 70.7062, 0.00259902, -107.975
3710, 61.82500, 0.900514, -11.8204, 8.39515, -0.789924, 10.6272, -178.56, 0.000111242, 70.4191, 0.00437049, 70.6904, 0.00260333, -107.992
3710, 61.83333, 0.90234, -11.8168, 8.40785, -0.807744, 10.6434, -178.581, 0.000111549, 70.4234, 0.00437763, 70.6745, 0.00260765, -108.009
3711, 61.84167, 0.904172, -11.8134, 8.42059, -0.825632, 10.6596, -178.601, 0.000111858, 70.4278, 0.00438478, 70.6586, 0.00261198, -108.027
3711, 61.85000, 0.90601, -11.81, 8.43336, -0.843585, 10.6759, -178.622, 0.000112168, 70.432, 0.00439196, 70.6426, 0.00261632, -108.044
3712, 61.85833, 0.907853, -11.8066, 8.44616, -0.861606, 10.6922, -178.642, 0.000112479, 70.4362, 0.00439915, 70.6265, 0.00262068, -108.062
3712, 61.86667, 0.909702, -11.8034, 8.45899, -0.879697, 10.7086, -178.663, 0.000112791, 70.4403, 0.00440636, 70.6104, 0.00262504, -108.08
3713, 61.87500, 0.911557, -11.8002, 8.47186, -0.897853, 10.725, -178.683, 0.000113104, 70.4444, 0.00441359, 70.5942, 0.00262942, -108.097
3713, 61.88333, 0.913418, -11.7971, 8.48476, -0.916078, 10.7414, -178.704, 0.000113418, 70.4484, 0.00442084, 70.5779, 0.00263381, -108.115
3714, 61.89167, 0.915284, -11.794, 8.49769, -0.934374, 10.7579, -178.725, 0.000113734, 70.4523, 0.00442811, 70.5616, 0.00263821, -108.133
3714, 61.90000, 0.917157, -11.791, 8.51066, -0.952736, 10.7744, -178.746, 0.000114051, 70.4562, 0.00443539, 70.5451, 0.00264262, -108.151
3715, 61.90833, 0.919035, -11.7881, 8.52365, -0.971167, 10.791, -178.767, 0.000114369, 70.46, 0.0044427, 70.5287, 0.00264705, -108.169
3715, 61.91667, 0.92092, -11.7853, 8.53669, -0.98967, 10.8076, -178.787, 0.000114688, 70.4637, 0.00445002, 70.5121, 0.00265148, -108.187
3716, 61.92500, 0.922811, -11.7825, 8.54975, -1.00824, 10.8243, -178.809, 0.000115008, 70.4674, 0.00445737, 70.4955, 0.00265593, -108.205
3716, 61.93333, 0.924707, -11.7798, 8.56285, -1.02688, 10.841, -178.83, 0.00011533, 70.471, 0.00446473, 70.4788, 0.00266039, -108.223
3717, 61.94167, 0.92661, -11.7772, 8.57598, -1.04559, 10.8578, -178.851, 0.000115653, 70.4746, 0.00447211, 70.462, 0.00266487, -108.241
3717, 61.95000, 0.928519, -11.7747, 8.58915, -1.06437, 10.8746, -178.872, 0.000115977, 70.4781, 0.00447951, 70.4452, 0.00266935, -108.26
3718, 61.95833, 0.930433, -11.7722, 8.60235, -1.08322, 10.8914, -178.893, 0.000116302, 70.4815, 0.00448693, 70.4283, 0.00267385, -108.278
3718, 61.96667, 0.932355, -11.7698, 8.61558, -1.10215, 10.9083, -178.915, 0.000116629, 70.4849, 0.00449437, 70.4113, 0.00267836, -108.296
3719, 61.97500, 0.934282, -11.7675, 8.62885, -1.12114, 10.9252, -178.936, 0.000116957, 70.4882, 0.00450183, 70.3943, 0.00268288, -108.315
3719, 61.98333, 0.936215, -11.7652, 8.64215, -1.14021, 10.9422, -178.957, 0.000117286, 70.4914, 0.0045093, 70.3772, 0.00268741, -108.333
3720, 61.99167, 0.938155, -11.763, 8.65549, -1.15934, 10.9592, -178.979, 0.000117616, 70.4946, 0.0045168, 70.36, 0.00269196, -108.352
3720, 62.00000, 0.9401, -11.7609, 8.66886, -1.17855, 10.9763, -179.001, 0.000117948, 70.4977, 0.00452432, 70.3427, 0.00269651, -108.371
3721, 62.00833, 0.942052, -11.7589, 8.68226, -1.19783, 10.9934, -179.022, 0.000118281, 70.5007, 0.00453185, 70.3254, 0.00270108, -108.389
3721, 62.01667, 0.944011, -11.7569, 8.6957, -1.21719, 11.0106, -179.044, 0.000118615, 70.5037, 0.00453941, 70.308, 0.00270567, -108.408
3722, 62.02500, 0.945976, -11.7551, 8.70918, -1.23662, 11.0278, -179.066, 0.000118951, 70.5066, 0.00454699, 70.2905, 0.00271026, -108.427
3722, 62.03333, 0.947947, -11.7532, 8.72269, -1.25612, 11.0451, -179.088, 0.000119287, 70.5094, 0.00455458, 70.2729, 0.00271487, -108.446
3723, 62.04167, 0.949924, -11.7515, 8.73623, -1.27569, 11.0624, -179.11, 0.000119625, 70.5122, 0.0045622, 70.2553, 0.00271949, -108.465
3723, 62.05000, 0.951908, -11.7498, 8.74981, -1.29534, 11.0797, -179.132, 0.000119965, 70.5149, 0.00456984, 70.2376, 0.00272412, -108.484
3724, 62.05833, 0.953898, -11.7483, 8.76343, -1.31506, 11.0971, -179.154, 0.000120305, 70.5175, 0.0045775, 70.2198, 0.00272877, -108.503
3724, 62.06667, 0.955895, -11.7467, 8.77708, -1.33486, 11.1145, -179.176, 0.000120647, 70.5201, 0.00458517, 70.202, 0.00273343, -108.523
3725, 62.07500, 0.957899, -11.7453, 8.79077, -1.35473, 11.132, -179.198, 0.000120991, 70.5226, 0.00459287, 70.184, 0.0027381, -108.542
3725, 62.08333, 0.959909, -11.7439, 8.80449, -1.37467, 11.1496, -179.22, 0.000121335, 70.5251, 0.00460059, 70.166, 0.00274279, -108.561
3726, 62.09167, 0.961925, -11.7426, 8.81825, -1.3947, 11.1672, -179.243, 0.000121681, 70.5274, 0.00460833, 70.1479, 0.00274748, -108.581
3726, 62.10000, 0.963948, -11.7414, 8.83204, -1.41479, 11.1848, -179.265, 0.000122029, 70.5297, 0.00461609, 70.1298, 0.00275219, -108.6
3727, 62.10833, 0.965978, -11.7403, 8.84587, -1.43496, 11.2025, -179.287, 0.000122377, 70.532, 0.00462387, 70.1116, 0.00275692, -108.62
3727, 62.11667, 0.968014, -11.7392, 8.85974, -1.45521, 11.2202, -179.31, 0.000122728, 70.5341, 0.00463167, 70.0932, 0.00276165, -108.639
3728, 62.12500, 0.970057, -11.7382, 8.87365, -1.47554, 11.238, -179.333, 0.000123079, 70.5362, 0.00463949, 70.0749, 0.0027664, -108.659
3728, 62.13333, 0.972107, -11.7373, 8.88759, -1.49594, 11.2558, -179.355, 0.000123432, 70.5383, 0.00464733, 70.0564, 0.00277116, -108.679
3729, 62.14167, 0.974164, -11.7365, 8.90156, -1.51642, 11.2737, -179.378, 0.000123786, 70.5402, 0.00465519, 70.0379, 0.00277594, -108.699
3729, 62.15000, 0.976227, -11.7357, 8.91558, -1.53698, 11.2916, -179.401, 0.000124142, 70.5421, 0.00466308, 70.0192, 0.00278073, -108.718
3730, 62.15833, 0.978297, -11.735, 8.92963, -1.55761, 11.3096, -179.424, 0.000124498, 70.544, 0.00467098, 70.0005, 0.00278553, -108.738
3730, 62.16667, 0.980374, -11.7344, 8.94372, -1.57832, 11.3276, -179.447, 0.000124857, 70.5457, 0.00467891, 69.9818, 0.00279035, -108.759
3731, 62.17500, 0.982458, -11.7339, 8.95784, -1.59911, 11.3457, -179.47, 0.000125217, 70.5474, 0.00468686, 69.9629, 0.00279518, -108.779
3731, 62.18333, 0.984549, -11.7334, 8.97201, -1.61998, 11.3638, -179.493, 0.000125578, 70.549, 0.00469483, 69.944, 0.00280002, -108.799
3732, 62.19167, 0.986647, -11.7331, 8.98621, -1.64093, 11.382, -179.516, 0.000125941, 70.5506, 0.00470282, 69.925, 0.00280488, -108.819
3732, 62.20000, 0.988751, -11.7328, 9.00045, -1.66196, 11.4002, -179.539, 0.000126305, 70.5521, 0.00471083, 69.9059, 0.00280975, -108.839
3733, 62.20833, 0.990863, -11.7325, 9.01472, -1.68306, 11.4185, -179.563, 0.00012667, 70.5535, 0.00471886, 69.8867, 0.00281463, -108.86
3733, 62.21667, 0.992982, -11.7324, 9.02904, -1.70425, 11.4368, -179.586, 0.000127037, 70.5548, 0.00472692, 69.8675, 0.00281953, -108.88
3734, 62.22500, 0.995108, -11.7323, 9.04339, -1.72552, 11.4552, -179.609, 0.000127406, 70.5561, 0.004735, 69.8481, 0.00282444, -108.901
3734, 62.23333, 0.99724, -11.7324, 9.05778, -1.74686, 11.4736, -179.633, 0.000127775, 70.5573, 0.0047431, 69.8287, 0.00282936, -108.922
3735, 62.24167, 0.999381, -11.7324, 9.07222, -1.7683, 11.4921, -179.657, 0.000128147, 70.5584, 0.00475122, 69.8092, 0.0028343, -108.942
3735, 62.25000, 1.00153, -11.7326, 9.08668, -1.7898, 11.5107, -179.68, 0.00012852, 70.5594, 0.00475936, 69.7896, 0.00283925, -108.963
3736, 62.25833, 1.00368, -11.7329, 9.10119, -1.8114, 11.5292, -179.704, 0.000128894, 70.5604, 0.00476753, 69.77, 0.00284422, -108.984
3736, 62.26667, 1.00584, -11.7332, 9.11574, -1.83307, 11.5479, -179.728, 0.00012927, 70.5613, 0.00477572, 69.7502, 0.0028492, -109.005
3737, 62.27500, 1.00801, -11.7336, 9.13032, -1.85483, 11.5666, -179.752, 0.000129647, 70.5622, 0.00478392, 69.7304, 0.0028542, -109.026
3737, 62.28333, 1.01019, -11.7341, 9.14495, -1.87666, 11.5853, -179.776, 0.000130026, 70.5629, 0.00479216, 69.7105, 0.00285921, -109.047
3738, 62.29167, 1.01237, -11.7346, 9.15961, -1.89859, 11.6041, -179.8, 0.000130406, 70.5636, 0.00480041, 69.6905, 0.00286423, -109.068
3738, 62.30000, 1.01456, -11.7353, 9.17432, -1.92059, 11.6229, -179.824, 0.000130788, 70.5642, 0.00480869, 69.6704, 0.00286927, -109.089
3739, 62.30833, 1.01676, -11.736, 9.18906, -1.94268, 11.6418, -179.848, 0.000131171, 70.5648, 0.00481699, 69.6503, 0.00287432, -109.111
3739, 62.31667, 1.01897, -11.7368, 9.20384, -1.96485, 11.6608, -179.872, 0.000131556, 70.5653, 0.00482531, 69.63, 0.00287938, -109.132
3740, 62.32500, 1.02118, -11.7377, 9.21867, -1.98711, 11.6798, -179.897, 0.000131943, 70.5657, 0.00483366, 69.6097, 0.00288446, -109.154
3740, 62.33333, 1.0234, -11.7387, 9.23353, -2.00945, 11.6989, -179.921, 0.000132331, 70.566, 0.00484203, 69.5893, 0.00288956, -109.175
3741, 62.34167, 1.02563, -11.7397, 9.24843, -2.03188, 11.718, -179.946, 0.000132721, 70.5662, 0.00485042, 69.5688, 0.00289467, -109.197
3741, 62.35000, 1.02787, -11.7409, 9.26338, -2.05439, 11.7371, -179.97, 0.000133112, 70.5664, 0.00485883, 69.5482, 0.00289979, -109.219
3742, 62.35833, 1.03011, -11.7421, 9.27836, -2.07698, 11.7564, -179.995, 0.000133504, 70.5665, 0.00486727, 69.5275, 0.00290493, -109.24
3742, 62.36667, 1.03236, -11.7434, 9.29339, -2.09967, 11.7756, 179.98, 0.000133899, 70.5665, 0.00487573, 69.5068, 0.00291008, -109.262
3743, 62.37500, 1.03462, -11.7447, 9.30846, -2.12244, 11.795, 179.955, 0.000134295, 70.5665, 0.00488422, 69.4859, 0.00291525, -109.284
3743, 62.38333, 1.03689, -11.7462, 9.32356, -2.14529, 11.8143, 179.93, 0.000134692, 70.5663, 0.00489273, 69.465, 0.00292044, -109.306
3744, 62.39167, 1.03916, -11.7477, 9.33871, -2.16824, 11.8338, 179.905, 0.000135092, 70.5661, 0.00490126, 69.444, 0.00292563, -109.328
3744, 62.40000, 1.04144, -11.7493, 9.3539, -2.19127, 11.8533, 179.88, 0.000135492, 70.5659, 0.00490981, 69.4229, 0.00293085, -109.351
3745, 62.40833, 1.04373, -11.751, 9.36914, -2.21439, 11.8728, 179.855, 0.000135895, 70.5655, 0.00491839, 69.4017, 0.00293607, -109.373
3745, 62.41667, 1.04603, -11.7528, 9.38441, -2.2376, 11.8924, 179.83, 0.000136299, 70.5651, 0.00492699, 69.3804, 0.00294132, -109.395
3746, 62.42500, 1.04834, -11.7547, 9.39973, -2.26089, 11.9121, 179.805, 0.000136705, 70.5646, 0.00493562, 69.359, 0.00294658, -109.418
3746, 62.43333, 1.05065, -11.7567, 9.41508, -2.28428, 11.9318, 179.779, 0.000137112, 70.564, 0.00494427, 69.3375, 0.00295185, -109.44
3747, 62.44167, 1.05298, -11.7587, 9.43049, -2.30775, 11.9516, 179.754, 0.000137521, 70.5633, 0.00495295, 69.316, 0.00295714, -109.463
3747, 62.45000, 1.05531, -11.7608, 9.44593, -2.33132, 11.9714, 179.728, 0.000137932, 70.5625, 0.00496165, 69.2943, 0.00296244, -109.486
3748, 62.45833, 1.05764, -11.763, 9.46141, -2.35497, 11.9913, 179.702, 0.000138344, 70.5617, 0.00497037, 69.2726, 0.00296776, -109.508
3748, 62.46667, 1.05999, -11.7653, 9.47694, -2.37872, 12.0113, 179.677, 0.000138759, 70.5608, 0.00497912, 69.2508, 0.0029731, -109.531
3749, 62.47500, 1.06234, -11.7677, 9.49251, -2.40255, 12.0313, 179.651, 0.000139174, 70.5598, 0.00498789, 69.2289, 0.00297845, -109.554
3749, 62.48333, 1.06471, -11.7701, 9.50813, -2.42648, 12.0513, 179.625, 0.000139592, 70.5588, 0.00499669, 69.2069, 0.00298381, -109.577
3750, 62.49167, 1.06708, -11.7727, 9.52379, -2.4505, 12.0714, 179.599, 0.000140011, 70.5576, 0.00500551, 69.1848, 0.0029892, -109.6
3750, 62.50000, 1.06946, -11.7753, 9.53949, -2.47461, 12.0916, 179.573, 0.000140432, 70.5564, 0.00501435, 69.1626, 0.00299459, -109.623
3751, 62.50833, 1.07184, -11.778, 9.55523, -2.49882, 12.1119, 179.547, 0.000140855, 70.5551, 0.00502323, 69.1403, 0.00300001, -109.647
3751, 62.51667, 1.07424, -11.7808, 9.57102, -2.52311, 12.1322, 179.52, 0.00014128, 70.5537, 0.00503212, 69.1179, 0.00300544, -109.67
3752, 62.52500, 1.07664, -11.7837, 9.58685, -2.5475, 12.1525, 179.494, 0.000141706, 70.5522, 0.00504104, 69.0954, 0.00301088, -109.694
3752, 62.53333, 1.07906, -11.7867, 9.60273, -2.57199, 12.1729, 179.468, 0.000142134, 70.5507, 0.00504999, 69.0728, 0.00301634, -109.717
3753, 62.54167, 1.08148, -11.7898, 9.61865, -2.59657, 12.1934, 179.441, 0.000142564, 70.5491, 0.00505896, 69.0502, 0.00302182, -109.741
3753, 62.55000, 1.08391, -11.7929, 9.63461, -2.62124, 12.2139, 179.415, 0.000142995, 70.5473, 0.00506796, 69.0274, 0.00302731, -109.765
3754, 62.55833, 1.08634, -11.7962, 9.65062, -2.646, 12.2345, 179.388, 0.000143429, 70.5456, 0.00507698, 69.0046, 0.00303282, -109.788
3754, 62.56667, 1.08879, -11.7995, 9.66668, -2.67087, 12.2552, 179.361, 0.000143864, 70.5437, 0.00508603, 68.9816, 0.00303835, -109.812
3755, 62.57500, 1.09125, -11.8029, 9.68278, -2.69583, 12.2759, 179.334, 0.000144301, 70.5417, 0.0050951, 68.9586, 0.00304389, -109.836
3755, 62.58333, 1.09371, -11.8064, 9.69892, -2.72088, 12.2966, 179.307, 0.00014474, 70.5397, 0.0051042, 68.9354, 0.00304945, -109.86
3756, 62.59167, 1.09618, -11.81, 9.71512, -2.74603, 12.3175, 179.28, 0.000145181, 70.5375, 0.00511333, 68.9122, 0.00305502, -109.885
3756, 62.60000, 1.09867, -11.8137, 9.73135, -2.77128, 12.3384, 179.253, 0.000145623, 70.5353, 0.00512248, 68.8888, 0.00306061, -109.909
3757, 62.60833, 1.10116, -11.8175, 9.74763, -2.79663, 12.3593, 179.226, 0.000146067, 70.533, 0.00513166, 68.8654, 0.00306622, -109.933
3757, 62.61667, 1.10366, -11.8213, 9.76396, -2.82207, 12.3803, 179.198, 0.000146514, 70.5306, 0.00514086, 68.8419, 0.00307184, -109.958
3758, 62.62500, 1.10616, -11.8253, 9.78034, -2.84761, 12.4014, 179.171, 0.000146962, 70.5282, 0.00515009, 68.8182, 0.00307748, -109.982
3758, 62.63333, 1.10868, -11.8293, 9.79675, -2.87325, 12.4226, 179.144, 0.000147412, 70.5256, 0.00515935, 68.7945, 0.00308314, -110.007
3759, 62.64167, 1.11121, -11.8334, 9.81322, -2.89899, 12.4438, 179.116, 0.000147864, 70.523, 0.00516863, 68.7707, 0.00308882, -110.032
3759, 62.65000, 1.11374, -11.8377, 9.82973, -2.92483, 12.465, 179.088, 0.000148318, 70.5202, 0.00517794, 68.7467, 0.00309451, -110.056
3760, 62.65833, 1.11629, -11.842, 9.84629, -2.95077, 12.4863, 179.06, 0.000148774, 70.5174, 0.00518728, 68.7227, 0.00310022, -110.081
3760, 62.66667, 1.11884, -11.8464, 9.8629, -2.97681, 12.5077, 179.033, 0.000149231, 70.5145, 0.00519664, 68.6986, 0.00310594, -110.106
3761, 62.67500, 1.1214, -11.8509, 9.87956, -3.00295, 12.5292, 179.005, 0.000149691, 70.5115, 0.00520603, 68.6743, 0.00311169, -110.131
3761, 62.68333, 1.12397, -11.8555, 9.89626, -3.02919, 12.5507, 178.977, 0.000150153, 70.5084, 0.00521545, 68.65, 0.00311745, -110.157
3762, 62.69167, 1.12656, -11.8602, 9.91301, -3.05554, 12.5723, 178.948, 0.000150616, 70.5053, 0.00522489, 68.6255, 0.00312322, -110.182
3762, 62.70000, 1.12915, -11.8649, 9.9298, -3.08198, 12.5939, 178.92, 0.000151082, 70.502, 0.00523436, 68.601, 0.00312902, -110.207
3763, 62.70833, 1.13175, -11.8698, 9.94665, -3.10853, 12.6156, 178.892, 0.000151549, 70.4987, 0.00524386, 68.5764, 0.00313483, -110.233
3763, 62.71667, 1.13435, -11.8748, 9.96354, -3.13518, 12.6374, 178.863, 0.000152019, 70.4952, 0.00525339, 68.5516, 0.00314066, -110.258
3764, 62.72500, 1.13697, -11.8798, 9.98048, -3.16194, 12.6593, 178.835, 0.000152491, 70.4917, 0.00526294, 68.5268, 0.00314651, -110.284
3764, 62.73333, 1.1396, -11.885, 9.99747, -3.18879, 12.6812, 178.806, 0.000152964, 70.4881, 0.00527253, 68.5018, 0.00315237, -110.31
3765, 62.74167, 1.14224, -11.8902, 10.0145, -3.21576, 12.7031, 178.777, 0.00015344, 70.4844, 0.00528214, 68.4767, 0.00315826, -110.336
3765, 62.75000, 1.14489, -11.8956, 10.0316, -3.24283, 12.7252, 178.749, 0.000153917, 70.4805, 0.00529177, 68.4516, 0.00316416, -110.362
3766, 62.75833, 1.14754, -11.901, 10.0487, -3.27, 12.7473, 178.72, 0.000154397, 70.4766, 0.00530144, 68.4263, 0.00317007, -110.388
3766, 62.76667, 1.15021, -11.9065, 10.0659, -3.29728, 12.7694, 178.691, 0.000154879, 70.4727, 0.00531113, 68.4009, 0.00317601, -110.414
3767, 62.77500, 1.15289, -11.9122, 10.0832, -3.32467, 12.7917, 178.662, 0.000155363, 70.4686, 0.00532085, 68.3754, 0.00318196, -110.44
3767, 62.78333, 1.15557, -11.9179, 10.1004, -3.35216, 12.814, 178.632, 0.000155849, 70.4644, 0.0053306, 68.3498, 0.00318794, -110.467
3768, 62.79167, 1.15827, -11.9237, 10.1178, -3.37976, 12.8363, 178.603, 0.000156337, 70.4601, 0.00534038, 68.3241, 0.00319393, -110.493
3768, 62.80000, 1.16097, -11.9296, 10.1352, -3.40747, 12.8588, 178.574, 0.000156827, 70.4558, 0.00535019, 68.2983, 0.00319994, -110.52
3769, 62.80833, 1.16369, -11.9356, 10.1526, -3.43529, 12.8813, 178.544, 0.000157319, 70.4513, 0.00536003, 68.2724, 0.00320596, -110.546
3769, 62.81667, 1.16642, -11.9418, 10.1701, -3.46321, 12.9039, 178.514, 0.000157814, 70.4467, 0.00536989, 68.2463, 0.00321201, -110.573
3770, 62.82500, 1.16915, -11.948, 10.1876, -3.49125, 12.9265, 178.485, 0.00015831, 70.4421, 0.00537979, 68.2202, 0.00321807, -110.6
3770, 62.83333, 1.1719, -11.9543, 10.2052, -3.51939, 12.9492, 178.455, 0.000158809, 70.4373, 0.00538971, 68.1939, 0.00322415, -110.627
3771, 62.84167, 1.17465, -11.9607, 10.2229, -3.54765, 12.972, 178.425, 0.00015931, 70.4325, 0.00539966, 68.1676, 0.00323026, -110.654
3771, 62.85000, 1.17742, -11.9672, 10.2405, -3.57601, 12.9948, 178.395, 0.000159813, 70.4276, 0.00540964, 68.1411, 0.00323638, -110.681
3772, 62.85833, 1.1802, -11.9738, 10.2583, -3.60449, 13.0177, 178.365, 0.000160318, 70.4225, 0.00541965, 68.1145, 0.00324251, -110.709
3772, 62.86667, 1.18298, -11.9805, 10.2761, -3.63308, 13.0407, 178.334, 0.000160826, 70.4174, 0.0054297, 68.0878, 0.00324867, -110.736
3773, 62.87500, 1.18578, -11.9873, 10.2939, -3.66178, 13.0638, 178.304, 0.000161335, 70.4121, 0.00543977, 68.061, 0.00325485, -110.764
3773, 62.88333, 1.18859, -11.9942, 10.3118, -3.69059, 13.0869, 178.274, 0.000161847, 70.4068, 0.00544987, 68.0341, 0.00326104, -110.791
3774, 62.89167, 1.19141, -12.0013, 10.3298, -3.71952, 13.1101, 178.243, 0.000162362, 70.4014, 0.00546, 68.007, 0.00326726, -110.819
3774, 62.90000, 1.19424, -12.0084, 10.3478, -3.74856, 13.1334, 178.212, 0.000162878, 70.3958, 0.00547016, 67.9799, 0.00327349, -110.847
3775, 62.90833, 1.19708, -12.0156, 10.3658, -3.77771, 13.1567, 178.181, 0.000163397, 70.3902, 0.00548035, 67.9526, 0.00327975, -110.875
3775, 62.91667, 1.19993, -12.0229, 10.384, -3.80698, 13.1801, 178.151, 0.000163918, 70.3844, 0.00549057, 67.9252, 0.00328602, -110.903
3776, 62.92500, 1.20279, -12.0303, 10.4021, -3.83637, 13.2036, 178.12, 0.000164441, 70.3786, 0.00550082, 67.8977, 0.00329231, -110.931
3776, 62.93333, 1.20566, -12.0379, 10.4203, -3.86587, 13.2272, 178.088, 0.000164967, 70.3727, 0.0055111, 67.8701, 0.00329862, -110.959
3777, 62.94167, 1.20854, -12.0455, 10.4386, -3.89549, 13.2508, 178.057, 0.000165495, 70.3666, 0.00552141, 67.8424, 0.00330495, -110.988
3777, 62.95000, 1.21143, -12.0532, 10.4569, -3.92522, 13.2745, 178.026, 0.000166025, 70.3605, 0.00553175, 67.8145, 0.0033113, -111.016
3778, 62.95833, 1.21434, -12.0611, 10.4753, -3.95507, 13.2983, 177.994, 0.000166558, 70.3542, 0.00554213, 67.7866, 0.00331767, -111.045
3778, 62.96667, 1.21725, -12.069, 10.4937, -3.98504, 13.3221, 177.963, 0.000167093, 70.3478, 0.00555253, 67.7585, 0.00332407, -111.073
3779, 62.97500, 1.22018, -12.0771, 10.5122, -4.01513, 13.346, 177.931, 0.00016763, 70.3414, 0.00556297, 67.7303, 0.00333048, -111.102
3779, 62.98333, 1.22311, -12.0852, 10.5308, -4.04534, 13.37, 177.899, 0.00016817, 70.3348, 0.00557344, 67.7019, 0.00333691, -111.131
3780, 62.99167, 1.22606, -12.0935, 10.5494, -4.07567, 13.3941, 177.868, 0.000168712, 70.3281, 0.00558394, 67.6735, 0.00334336, -111.16
3780, 63.00000, 1.22902, -12.1019, 10.568, -4.10611, 13.4182, 177.836, 0.000169257, 70.3214, 0.00559447, 67.6449, 0.00334983, -111.189
3781, 63.00833, 1.23199, -12.1104, 10.5867, -4.13668, 13.4424, 177.803, 0.000169804, 70.3145, 0.00560503, 67.6162, 0.00335632, -111.219
3781, 63.01667, 1.23497, -12.1189, 10.6055, -4.16737, 13.4667, 177.771, 0.000170353, 70.3075, 0.00561562, 67.5874, 0.00336283, -111.248
3782, 63.02500, 1.23797, -12.1276, 10.6243, -4.19818, 13.4911, 177.739, 0.000170905, 70.3004, 0.00562625, 67.5585, 0.00336936, -111.278
3782, 63.03333, 1.24097, -12.1365, 10.6432, -4.22912, 13.5155, 177.706, 0.00017146, 70.2931, 0.00563691, 67.5294, 0.00337591, -111.307
3783, 63.04167, 1.24399, -12.1454, 10.6621, -4.26018, 13.5401, 177.674, 0.000172017, 70.2858, 0.0056476, 67.5002, 0.00338249, -111.337
3783, 63.05000, 1.24702, -12.1544, 10.6811, -4.29136, 13.5647, 177.641, 0.000172576, 70.2784, 0.00565832, 67.4709, 0.00338908, -111.367
3784, 63.05833, 1.25005, -12.1635, 10.7001, -4.32266, 13.5893, 177.608, 0.000173138, 70.2708, 0.00566907, 67.4415, 0.0033957, -111.397
3784, 63.06667, 1.25311, -12.1728, 10.7193, -4.35409, 13.6141, 177.575, 0.000173703, 70.2632, 0.00567986, 67.4119, 0.00340233, -111.427
3785, 63.07500, 1.25617, -12.1821, 10.7384, -4.38565, 13.6389, 177.542, 0.00017427, 70.2554, 0.00569068, 67.3822, 0.00340899, -111.457
3785, 63.08333, 1.25924, -12.1916, 10.7576, -4.41733, 13.6638, 177.509, 0.000174839, 70.2475, 0.00570153, 67.3524, 0.00341567, -111.488
3786, 63.09167, 1.26233, -12.2012, 10.7769, -4.44914, 13.6888, 177.476, 0.000175412, 70.2395, 0.00571242, 67.3225, 0.00342237, -111.518
3786, 63.10000, 1.26543, -12.2109, 10.7962, -4.48107, 13.7139, 177.442, 0.000175986, 70.2314, 0.00572334, 67.2924, 0.00342909, -111.549
3787, 63.10833, 1.26854, -12.2207, 10.8156, -4.51313, 13.739, 177.409, 0.000176564, 70.2232, 0.00573429, 67.2622, 0.00343583, -111.579
3787, 63.11667, 1.27166, -12.2306, 10.8351, -4.54532, 13.7642, 177.375, 0.000177144, 70.2149, 0.00574528, 67.2319, 0.00344259, -111.61
3788, 63.12500, 1.27479, -12.2407, 10.8546, -4.57764, 13.7895, 177.341, 0.000177727, 70.2064, 0.0057563, 67.2015, 0.00344937, -111.641
3788, 63.13333, 1.27794, -12.2508, 10.8742, -4.61009, 13.8149, 177.308, 0.000178312, 70.1978, 0.00576735, 67.1709, 0.00345618, -111.672
3789, 63.14167, 1.2811, -12.2611, 10.8938, -4.64267, 13.8403, 177.273, 0.0001789, 70.1891, 0.00577844, 67.1402, 0.00346301, -111.703
3789, 63.15000, 1.28427, -12.2715, 10.9135, -4.67538, 13.8659, 177.239, 0.000179491, 70.1803, 0.00578956, 67.1093, 0.00346986, -111.735
3790, 63.15833, 1.28745, -12.282, 10.9332, -4.70822, 13.8915, 177.205, 0.000180084, 70.1714, 0.00580071, 67.0783, 0.00347673, -111.766
3790, 63.16667, 1.29065, -12.2926, 10.953, -4.7412, 13.9172, 177.171, 0.00018068, 70.1624, 0.0058119, 67.0472, 0.00348362, -111.798
3791, 63.17500, 1.29386, -12.3033, 10.9729, -4.7743, 13.943, 177.136, 0.000181279, 70.1532, 0.00582313, 67.016, 0.00349054, -111.829
3791, 63.18333, 1.29708, -12.3142, 10.9928, -4.80754, 13.9689, 177.102, 0.000181881, 70.1439, 0.00583438, 66.9846, 0.00349748, -111.861
3792, 63.19167, 1.30031, -12.3252, 11.0128, -4.84091, 13.9948, 177.067, 0.000182485, 70.1345, 0.00584568, 66.9531, 0.00350444, -111.893
3792, 63.20000, 1.30356, -12.3363, 11.0329, -4.87442, 14.0208, 177.032, 0.000183092, 70.125, 0.005857, 66.9214, 0.00351142, -111.925
3793, 63.20833, 1.30682, -12.3475, 11.053, -4.90806, 14.0469, 176.997, 0.000183702, 70.1153, 0.00586837, 66.8897, 0.00351843, -111.957
3793, 63.21667, 1.31009, -12.3588, 11.0731, -4.94184, 14.0731, 176.962, 0.000184315, 70.1056, 0.00587976, 66.8577, 0.00352546, -111.99
3794, 63.22500, 1.31338, -12.3703, 11.0934, -4.97576, 14.0994, 176.926, 0.000184931, 70.0956, 0.0058912, 66.8257, 0.00353251, -112.022
3794, 63.23333, 1.31667, -12.3818, 11.1137, -5.00981, 14.1258, 176.891, 0.000185549, 70.0856, 0.00590267, 66.7935, 0.00353958, -112.055
3795, 63.24167, 1.31999, -12.3935, 11.134, -5.044, 14.1522, 176.855, 0.000186171, 70.0755, 0.00591417, 66.7611, 0.00354668, -112.088
3795, 63.25000, 1.32331, -12.4054, 11.1544, -5.07833, 14.1788, 176.82, 0.000186795, 70.0652, 0.00592571, 66.7287, 0.00355379, -112.12
3796, 63.25833, 1.32665, -12.4173, 11.1749, -5.11279, 14.2054, 176.784, 0.000187422, 70.0548, 0.00593728, 66.6961, 0.00356094, -112.153
3796, 63.26667, 1.33, -12.4294, 11.1955, -5.1474, 14.2321, 176.748, 0.000188052, 70.0443, 0.0059489, 66.6633, 0.0035681, -112.186
3797, 63.27500, 1.33336, -12.4416, 11.2161, -5.18215, 14.2589, 176.712, 0.000188685, 70.0336, 0.00596054, 66.6304, 0.00357529, -112.22
3797, 63.28333, 1.33674, -12.4539, 11.2368, -5.21704, 14.2857, 176.676, 0.000189321, 70.0229, 0.00597223, 66.5974, 0.0035825, -112.253
3798, 63.29167, 1.34013, -12.4663, 11.2575, -5.25207, 14.3127, 176.639, 0.00018996, 70.0119, 0.00598395, 66.5642, 0.00358974, -112.287
3798, 63.30000, 1.34353, -12.4789, 11.2783, -5.28724, 14.3398, 176.603, 0.000190602, 70.0009, 0.00599571, 66.5309, 0.003597, -112.32
3799, 63.30833, 1.34695, -12.4916, 11.2992, -5.32255, 14.3669, 176.566, 0.000191247, 69.9897, 0.0060075, 66.4974, 0.00360428, -112.354
3799, 63.31667, 1.35038, -12.5044, 11.3201, -5.35802, 14.3941, 176.529, 0.000191895, 69.9784, 0.00601933, 66.4638, 0.00361159, -112.388
3800, 63.32500, 1.35383, -12.5174, 11.3411, -5.39362, 14.4214, 176.493, 0.000192546, 69.967, 0.0060312, 66.43, 0.00361892, -112.422
3800, 63.33333, 1.35729, -12.5305, 11.3621, -5.42937, 14.4488, 176.455, 0.0001932, 69.9554, 0.0060431, 66.3961, 0.00362628, -112.456
3801, 63.34167, 1.36076, -12.5437, 11.3833, -5.46527, 14.4763, 176.418, 0.000193857, 69.9437, 0.00605504, 66.3621, 0.00363366, -112.491
3801, 63.35000, 1.36425, -12.557, 11.4045, -5.50131, 14.5039, 176.381, 0.000194517, 69.9319, 0.00606702, 66.3279, 0.00364106, -112.525
3802, 63.35833, 1.36775, -12.5705, 11.4257, -5.53749, 14.5316, 176.344, 0.000195181, 69.9199, 0.00607904, 66.2935, 0.00364849, -112.56
3802, 63.36667, 1.37127, -12.5841, 11.447, -5.57383, 14.5593, 176.306, 0.000195847, 69.9078, 0.0060911, 66.259, 0.00365594, -112.595
3803, 63.37500, 1.37479, -12.5979, 11.4684, -5.61032, 14.5872, 176.268, 0.000196517, 69.8955, 0.00610319, 66.2244, 0.00366342, -112.63
3803, 63.38333, 1.37834, -12.6117, 11.4899, -5.64695, 14.6151, 176.23, 0.00019719, 69.8831, 0.00611532, 66.1896, 0.00367092, -112.665
3804, 63.39167, 1.3819, -12.6257, 11.5114, -5.68374, 14.6431, 176.192, 0.000197866, 69.8706, 0.00612749, 66.1547, 0.00367844, -112.7
3804, 63.40000, 1.38547, -12.6399, 11.533, -5.72068, 14.6713, 176.154, 0.000198545, 69.8579, 0.0061397, 66.1196, 0.00368599, -112.735
3805, 63.40833, 1.38906, -12.6541, 11.5547, -5.75776, 14.6995, 176.116, 0.000199228, 69.8451, 0.00615195, 66.0843, 0.00369357, -112.771
3805, 63.41667, 1.39266, -12.6686, 11.5764, -5.79501, 14.7278, 176.077, 0.000199913, 69.8322, 0.00616423, 66.0489, 0.00370117, -112.806
3806, 63.42500, 1.39628, -12.6831, 11.5982, -5.8324, 14.7562, 176.039, 0.000200602, 69.8191, 0.00617656, 66.0134, 0.0037088, -112.842
3806, 63.43333, 1.39991, -12.6978, 11.62, -5.86995, 14.7847, 176, 0.000201295, 69.8058, 0.00618892, 65.9776, 0.00371645, -112.878
3807, 63.44167, 1.40355, -12.7126, 11.642, -5.90765, 14.8133, 175.961, 0.00020199, 69.7925, 0.00620132, 65.9418, 0.00372413, -112.914
3807, 63.45000, 1.40722, -12.7276, 11.664, -5.94551, 14.842, 175.922, 0.000202689, 69.7789, 0.00621377, 65.9057, 0.00373183, -112.95
3808, 63.45833, 1.41089, -12.7427, 11.686, -5.98352, 14.8707, 175.883, 0.000203392, 69.7653, 0.00622625, 65.8696, 0.00373956, -112.987
3808, 63.46667, 1.41458, -12.7579, 11.7082, -6.0217, 14.8996, 175.844, 0.000204097, 69.7515, 0.00623877, 65.8332, 0.00374731, -113.023
3809, 63.47500, 1.41829, -12.7733, 11.7304, -6.06002, 14.9286, 175.804, 0.000204807, 69.7375, 0.00625133, 65.7967, 0.00375509, -113.06
3809, 63.48333, 1.42201, -12.7888, 11.7527, -6.09851, 14.9576, 175.764, 0.000205519, 69.7234, 0.00626393, 65.7601, 0.0037629, -113.097
3810, 63.49167, 1.42575, -12.8045, 11.775, -6.13716, 14.9868, 175.725, 0.000206235, 69.7091, 0.00627658, 65.7233, 0.00377073, -113.134
3810, 63.50000, 1.4295, -12.8203, 11.7974, -6.17596, 15.016, 175.685, 0.000206954, 69.6947, 0.00628926, 65.6863, 0.00377859, -113.171
3811, 63.50833, 1.43327, -12.8362, 11.8199, -6.21493, 15.0454, 175.645, 0.000207677, 69.6801, 0.00630198, 65.6491, 0.00378647, -113.208
3811, 63.51667, 1.43706, -12.8523, 11.8425, -6.25406, 15.0748, 175.604, 0.000208404, 69.6654, 0.00631475, 65.6118, 0.00379439, -113.246
3812, 63.52500, 1.44086, -12.8686, 11.8651, -6.29335, 15.1044, 175.564, 0.000209134, 69.6506, 0.00632755, 65.5744, 0.00380232, -113.283
3812, 63.53333, 1.44467, -12.8849, 11.8878, -6.33281, 15.134, 175.523, 0.000209867, 69.6355, 0.0063404, 65.5367, 0.00381029, -113.321
3813, 63.54167, 1.4485, -12.9015, 11.9106, -6.37243, 15.1638, 175.483, 0.000210604, 69.6204, 0.00635328, 65.4989, 0.00381828, -113.359
3813, 63.55000, 1.45235, -12.9181, 11.9335, -6.41221, 15.1936, 175.442, 0.000211345, 69.605, 0.00636621, 65.461, 0.0038263, -113.397
3814, 63.55833, 1.45621, -12.935, 11.9564, -6.45216, 15.2235, 175.401, 0.000212089, 69.5895, 0.00637918, 65.4229, 0.00383434, -113.435
3814, 63.56667, 1.46009, -12.952, 11.9794, -6.49228, 15.2536, 175.359, 0.000212837, 69.5739, 0.00639219, 65.3846, 0.00384242, -113.474
3815, 63.57500, 1.46399, -12.9691, 12.0025, -6.53256, 15.2837, 175.318, 0.000213589, 69.5581, 0.00640525, 65.3461, 0.00385052, -113.512
3815, 63.58333, 1.4679, -12.9864, 12.0256, -6.57302, 15.314, 175.276, 0.000214344, 69.5421, 0.00641834, 65.3075, 0.00385864, -113.551
3816, 63.59167, 1.47183, -13.0038, 12.0488, -6.61364, 15.3443, 175.235, 0.000215103, 69.526, 0.00643148, 65.2687, 0.0038668, -113.59
3816, 63.60000, 1.47578, -13.0214, 12.0721, -6.65443, 15.3748, 175.193, 0.000215865, 69.5097, 0.00644466, 65.2297, 0.00387498, -113.629
3817, 63.60833, 1.47974, -13.0391, 12.0955, -6.69539, 15.4053, 175.151, 0.000216632, 69.4933, 0.00645789, 65.1906, 0.00388319, -113.668
3817, 63.61667, 1.48372, -13.057, 12.1189, -6.73653, 15.436, 175.109, 0.000217402, 69.4766, 0.00647116, 65.1512, 0.00389143, -113.707
3818, 63.62500, 1.48771, -13.075, 12.1425, -6.77783, 15.4667, 175.066, 0.000218176, 69.4599, 0.00648447, 65.1117, 0.0038997, -113.747
3818, 63.63333, 1.49173, -13.0932, 12.1661, -6.81931, 15.4976, 175.024, 0.000218954, 69.4429, 0.00649782, 65.0721, 0.00390799, -113.787
3819, 63.64167, 1.49576, -13.1116, 12.1897, -6.86097, 15.5285, 174.981, 0.000219736, 69.4258, 0.00651122, 65.0322, 0.00391631, -113.826
3819, 63.65000, 1.4998, -13.1301, 12.2135, -6.90279, 15.5596, 174.938, 0.000220521, 69.4085, 0.00652465, 64.9922, 0.00392466, -113.866
3820, 63.65833, 1.50387, -13.1487, 12.2373, -6.9448, 15.5908, 174.895, 0.00022131, 69.3911, 0.00653814, 64.952, 0.00393304, -113.907
3820, 63.66667, 1.50795, -13.1676, 12.2612, -6.98698, 15.622, 174.852, 0.000222104, 69.3735, 0.00655167, 64.9117, 0.00394145, -113.947
3821, 63.67500, 1.51204, -13.1866, 12.2852, -7.02934, 15.6534, 174.809, 0.000222901, 69.3557, 0.00656524, 64.8711, 0.00394989, -113.988
3821, 63.68333, 1.51616, -13.2057, 12.3092, -7.07188, 15.6849, 174.765, 0.000223702, 69.3377, 0.00657885, 64.8304, 0.00395836, -114.028
3822, 63.69167, 1.52029, -13.225, 12.3334, -7.1146, 15.7165, 174.722, 0.000224507, 69.3196, 0.00659252, 64.7895, 0.00396685, -114.069
3822, 63.70000, 1.52445, -13.2445, 12.3576, -7.15749, 15.7482, 174.678, 0.000225317, 69.3013, 0.00660622, 64.7484, 0.00397538, -114.11
3823, 63.70833, 1.52861, -13.2641, 12.3819, -7.20057, 15.78, 174.634, 0.00022613, 69.2828, 0.00661997, 64.7071, 0.00398393, -114.152
3823, 63.71667, 1.5328, -13.2839, 12.4062, -7.24384, 15.8119, 174.589, 0.000226947, 69.2642, 0.00663377, 64.6656, 0.00399251, -114.193
3824, 63.72500, 1.53701, -13.3039, 12.4307, -7.28728, 15.844, 174.545, 0.000227769, 69.2453, 0.00664761, 64.624, 0.00400112, -114.235
3824, 63.73333, 1.54123, -13.324, 12.4552, -7.33091, 15.8761, 174.5, 0.000228594, 69.2263, 0.00666149, 64.5822, 0.00400977, -114.276
3825, 63.74167, 1.54547, -13.3443, 12.4798, -7.37473, 15.9083, 174.456, 0.000229424, 69.2071, 0.00667542, 64.5402, 0.00401844, -114.318
3825, 63.75000, 1.54973, -13.3648, 12.5045, -7.41873, 15.9407, 174.411, 0.000230258, 69.1878, 0.0066894, 64.498, 0.00402714, -114.36
3826, 63.75833, 1.55401, -13.3854, 12.5293, -7.46291, 15.9732, 174.366, 0.000231096, 69.1682, 0.00670342, 64.4556, 0.00403587, -114.403
3826, 63.76667, 1.5583, -13.4062, 12.5541, -7.50729, 16.0057, 174.32, 0.000231938, 69.1485, 0.0067175, 64.413, 0.00404464, -114.445
3827, 63.77500, 1.56262, -13.4272, 12.579, -7.55185, 16.0384, 174.275, 0.000232785, 69.1285, 0.00673161, 64.3702, 0.00405343, -114.488
3827, 63.78333, 1.56695, -13.4484, 12.604, -7.59661, 16.0712, 174.229, 0.000233635, 69.1084, 0.00674577, 64.3273, 0.00406225, -114.531
3828, 63.79167, 1.57131, -13.4697, 12.6291, -7.64155, 16.1041, 174.183, 0.00023449, 69.0881, 0.00675998, 64.2841, 0.00407111, -114.574
3828, 63.80000, 1.57568, -13.4912, 12.6543, -7.68669, 16.1372, 174.137, 0.00023535, 69.0676, 0.00677424, 64.2408, 0.00407999, -114.617
3829, 63.80833, 1.58007, -13.5129, 12.6796, -7.73202, 16.1703, 174.091, 0.000236214, 69.047, 0.00678854, 64.1973, 0.00408891, -114.66
3829, 63.81667, 1.58448, -13.5347, 12.7049, -7.77754, 16.2035, 174.045, 0.000237082, 69.0261, 0.00680289, 64.1535, 0.00409785, -114.704
3830, 63.82500, 1.58891, -13.5567, 12.7303, -7.82326, 16.2369, 173.998, 0.000237954, 69.0051, 0.00681729, 64.1096, 0.00410683, -114.748
3830, 63.83333, 1.59336, -13.5789, 12.7558, -7.86917, 16.2704, 173.951, 0.000238831, 68.9838, 0.00683174, 64.0655, 0.00411584, -114.792
3831, 63.84167, 1.59782, -13.6013, 12.7814, -7.91529, 16.304, 173.904, 0.000239713, 68.9624, 0.00684623, 64.0211, 0.00412488, -114.836
3831, 63.85000, 1.60231, -13.6239, 12.8071, -7.9616, 16.3377, 173.857, 0.000240599, 68.9408, 0.00686078, 63.9766, 0.00413395, -114.88
3832, 63.85833, 1.60682, -13.6466, 12.8329, -8.0081, 16.3715, 173.81, 0.000241489, 68.9189, 0.00687537, 63.9319, 0.00414306, -114.925
3832, 63.86667, 1.61135, -13.6695, 12.8587, -8.05481, 16.4055, 173.762, 0.000242385, 68.8969, 0.00689001, 63.887, 0.00415219, -114.97
3833, 63.87500, 1.61589, -13.6927, 12.8846, -8.10172, 16.4395, 173.715, 0.000243284, 68.8747, 0.00690469, 63.8419, 0.00416136, -115.015
3833, 63.88333, 1.62046, -13.7159, 12.9107, -8.14883, 16.4737, 173.667, 0.000244188, 68.8522, 0.00691943, 63.7965, 0.00417056, -115.06
3834, 63.89167, 1.62505, -13.7394, 12.9368, -8.19614, 16.508, 173.618, 0.000245097, 68.8296, 0.00693422, 63.751, 0.00417979, -115.105
3834, 63.90000, 1.62966, -13.7631, 12.9629, -8.24366, 16.5424, 173.57, 0.000246011, 68.8068, 0.00694905, 63.7053, 0.00418906, -115.15
3835, 63.90833, 1.63428, -13.7869, 12.9892, -8.29138, 16.577, 173.522, 0.000246929, 68.7838, 0.00696394, 63.6593, 0.00419835, -115.196
3835, 63.91667, 1.63893, -13.811, 13.0156, -8.33931, 16.6116, 173.473, 0.000247852, 68.7605, 0.00697887, 63.6132, 0.00420768, -115.242
3836, 63.92500, 1.6436, -13.8352, 13.042, -8.38745, 16.6464, 173.424, 0.00024878, 68.7371, 0.00699386, 63.5668, 0.00421705, -115.288
3836, 63.93333, 1.64829, -13.8596, 13.0686, -8.43579, 16.6813, 173.375, 0.000249713, 68.7134, 0.00700889, 63.5203, 0.00422644, -115.335
3837, 63.94167, 1.653, -13.8842, 13.0952, -8.48434, 16.7163, 173.326, 0.00025065, 68.6896, 0.00702398, 63.4735, 0.00423587, -115.381
3837, 63.95000, 1.65773, -13.9091, 13.1219, -8.53311, 16.7515, 173.276, 0.000251592, 68.6655, 0.00703911, 63.4265, 0.00424533, -115.428
3838, 63.95833, 1.66249, -13.9341, 13.1487, -8.58208, 16.7867, 173.226, 0.00025254, 68.6412, 0.0070543, 63.3793, 0.00425483, -115.475
3838, 63.96667, 1.66726, -13.9593, 13.1756, -8.63127, 16.8221, 173.176, 0.000253492, 68.6167, 0.00706954, 63.3319, 0.00426436, -115.522
3839, 63.97500, 1.67206, -13.9846, 13.2026, -8.68067, 16.8576, 173.126, 0.000254449, 68.592, 0.00708483, 63.2843, 0.00427392, -115.569
3839, 63.98333, 1.67688, -14.0102, 13.2296, -8.73029, 16.8933, 173.076, 0.000255411, 68.5671, 0.00710017, 63.2364, 0.00428352, -115.617
3840, 63.99167, 1.68171, -14.036, 13.2568, -8.78012, 16.9291, 173.025, 0.000256378, 68.5419, 0.00711556, 63.1884, 0.00429315, -115.665
3840, 64.00000, 1.68657, -14.062, 13.284, -8.83017, 16.9649, 172.975, 0.00025735, 68.5166, 0.007131, 63.1401, 0.00430282, -115.713
3841, 64.00833, 1.69146, -14.0882, 13.3114, -8.88043, 17.0009, 172.924, 0.000258327, 68.491, 0.0071465, 63.0916, 0.00431252, -115.761
3841, 64.01667, 1.69636, -14.1146, 13.3388, -8.93093, 17.0371, 172.872, 0.000259309, 68.4652, 0.00716205, 63.0429, 0.00432225, -115.809
3842, 64.02500, 1.70129, -14.1412, 13.3663, -8.98163, 17.0734, 172.821, 0.000260297, 68.4391, 0.00717765, 62.9939, 0.00433202, -115.858
3842, 64.03333, 1.70624, -14.168, 13.3939, -9.03256, 17.1098, 172.769, 0.000261289, 68.4129, 0.0071933, 62.9448, 0.00434182, -115.907
3843, 64.04166, 1.71121, -14.195, 13.4217, -9.08372, 17.1463, 172.717, 0.000262287, 68.3864, 0.00720901, 62.8954, 0.00435166, -115.956
3843, 64.05000, 1.7162, -14.2222, 13.4495, -9.13509, 17.1829, 172.665, 0.00026329, 68.3597, 0.00722477, 62.8458, 0.00436154, -116.005
3844, 64.05833, 1.72122, -14.2496, 13.4774, -9.18669, 17.2197, 172.613, 0.000264298, 68.3328, 0.00724058, 62.7959, 0.00437145, -116.054
3844, 64.06667, 1.72626, -14.2773, 13.5053, -9.23852, 17.2566, 172.561, 0.000265312, 68.3056, 0.00725645, 62.7459, 0.00438139, -116.104
3845, 64.07500, 1.73132, -14.3051, 13.5334, -9.29058, 17.2937, 172.508, 0.000266331, 68.2782, 0.00727236, 62.6956, 0.00439137, -116.154
3845, 64.08334, 1.73641, -14.3332, 13.5616, -9.34286, 17.3308, 172.455, 0.000267355, 68.2506, 0.00728834, 62.6451, 0.00440139, -116.204
3846, 64.09167, 1.74152, -14.3615, 13.5899, -9.39538, 17.3681, 172.402, 0.000268385, 68.2227, 0.00730437, 62.5943, 0.00441144, -116.254
3846, 64.10000, 1.74665, -14.3899, 13.6182, -9.44812, 17.4056, 172.348, 0.00026942, 68.1946, 0.00732045, 62.5433, 0.00442153, -116.305
3847, 64.10833, 1.7518, -14.4187, 13.6467, -9.5011, 17.4431, 172.295, 0.000270461, 68.1663, 0.00733659, 62.4921, 0.00443165, -116.356
3847, 64.11667, 1.75698, -14.4476, 13.6753, -9.55431, 17.4808, 172.241, 0.000271507, 68.1377, 0.00735278, 62.4406, 0.00444181, -116.407
3848, 64.12500, 1.76219, -14.4767, 13.7039, -9.60776, 17.5187, 172.187, 0.000272559, 68.1088, 0.00736903, 62.3889, 0.00445201, -116.458
3848, 64.13333, 1.76741, -14.5061, 13.7327, -9.66144, 17.5566, 172.133, 0.000273617, 68.0798, 0.00738533, 62.337, 0.00446224, -116.51
3849, 64.14167, 1.77266, -14.5357, 13.7615, -9.71536, 17.5947, 172.078, 0.00027468, 68.0505, 0.00740169, 62.2848, 0.00447251, -116.561
3849, 64.15000, 1.77794, -14.5655, 13.7904, -9.76952, 17.633, 172.023, 0.000275748, 68.0209, 0.0074181, 62.2324, 0.00448282, -116.613
3850, 64.15833, 1.78324, -14.5955, 13.8195, -9.82391, 17.6714, 171.968, 0.000276823, 67.9911, 0.00743457, 62.1798, 0.00449317, -116.665
3850, 64.16666, 1.78856, -14.6258, 13.8486, -9.87856, 17.7099, 171.913, 0.000277903, 67.9611, 0.0074511, 62.1269, 0.00450355, -116.718
3851, 64.17500, 1.79391, -14.6562, 13.8779, -9.93344, 17.7485, 171.858, 0.000278989, 67.9307, 0.00746768, 62.0738, 0.00451397, -116.77
3851, 64.18333, 1.79928, -14.6869, 13.9072, -9.98856, 17.7873, 171.802, 0.000280081, 67.9002, 0.00748432, 62.0204, 0.00452442, -116.823
3852, 64.19167, 1.80468, -14.7179, 13.9366, -10.0439, 17.8262, 171.746, 0.000281178, 67.8694, 0.00750101, 61.9668, 0.00453492, -116.877
3852, 64.20000, 1.8101, -14.7491, 13.9662, -10.0996, 17.8653, 171.69, 0.000282282, 67.8383, 0.00751777, 61.9129, 0.00454545, -116.93
3853, 64.20834, 1.81555, -14.7805, 13.9958, -10.1554, 17.9045, 171.634, 0.000283391, 67.807, 0.00753457, 61.8588, 0.00455602, -116.983
3853, 64.21667, 1.82103, -14.8121, 14.0255, -10.2115, 17.9438, 171.577, 0.000284507, 67.7754, 0.00755144, 61.8044, 0.00456664, -117.037
3854, 64.22500, 1.82653, -14.844, 14.0554, -10.2679, 17.9833, 171.52, 0.000285628, 67.7436, 0.00756837, 61.7498, 0.00457728, -117.091
3854, 64.23333, 1.83205, -14.8761, 14.0853, -10.3245, 18.0229, 171.463, 0.000286756, 67.7115, 0.00758535, 61.6949, 0.00458797, -117.146
3855, 64.24167, 1.8376, -14.9085, 14.1154, -10.3814, 18.0627, 171.405, 0.000287889, 67.6791, 0.00760239, 61.6398, 0.0045987, -117.2
3855, 64.25000, 1.84318, -14.9411, 14.1455, -10.4385, 18.1026, 171.348, 0.000289029, 67.6465, 0.00761949, 61.5844, 0.00460946, -117.255
3856, 64.25833, 1.84878, -14.9739, 14.1757, -10.4959, 18.1427, 171.29, 0.000290175, 67.6135, 0.00763665, 61.5288, 0.00462026, -117.31
3856, 64.26667, 1.85441, -15.007, 14.2061, -10.5535, 18.1829, 171.232, 0.000291327, 67.5804, 0.00765387, 61.4728, 0.00463111, -117.366
3857, 64.27500, 1.86006, -15.0403, 14.2365, -10.6114, 18.2232, 171.173, 0.000292485, 67.5469, 0.00767115, 61.4167, 0.00464199, -117.421
3857, 64.28333, 1.86575, -15.0739, 14.2671, -10.6696, 18.2637, 171.115, 0.00029365, 67.5132, 0.00768848, 61.3603, 0.00465291, -117.477
3858, 64.29166, 1.87146, -15.1077, 14.2977, -10.728, 18.3043, 171.056, 0.000294821, 67.4792, 0.00770588, 61.3036, 0.00466387, -117.533
3858, 64.30000, 1.87719, -15.1418, 14.3285, -10.7867, 18.3451, 170.997, 0.000295998, 67.4449, 0.00772334, 61.2466, 0.00467488, -117.589
3859, 64.30833, 1.88295, -15.1761, 14.3594, -10.8456, 18.386, 170.937, 0.000297182, 67.4104, 0.00774085, 61.1894, 0.00468592, -117.646
3859, 64.31667, 1.88874, -15.2107, 14.3903, -10.9048, 18.4271, 170.878, 0.000298372, 67.3756, 0.00775843, 61.132, 0.004697, -117.703
3860, 64.32500, 1.89456, -15.2455, 14.4214, -10.9643, 18.4683, 170.818, 0.000299569, 67.3405, 0.00777606, 61.0742, 0.00470812, -117.76
3860, 64.33334, 1.9004, -15.2806, 14.4526, -11.024, 18.5097, 170.758, 0.000300772, 67.3051, 0.00779376, 61.0162, 0.00471929, -117.817
3861, 64.34167, 1.90628, -15.3159, 14.4839, -11.084, 18.5512, 170.697, 0.000301982, 67.2694, 0.00781152, 60.9579, 0.00473049, -117.875
3861, 64.35000, 1.91218, -15.3515, 14.5153, -11.1443, 18.5929, 170.636, 0.000303199, 67.2334, 0.00782934, 60.8994, 0.00474174, -117.933
3862, 64.35833, 1.91811, -15.3874, 14.5468, -11.2049, 18.6347, 170.576, 0.000304422, 67.1971, 0.00784722, 60.8405, 0.00475303, -117.991
3862, 64.36667, 1.92406, -15.4235, 14.5784, -11.2657, 18.6767, 170.514, 0.000305652, 67.1606, 0.00786516, 60.7814, 0.00476436, -118.05
3863, 64.37500, 1.93005, -15.4599, 14.6101, -11.3268, 18.7188, 170.453, 0.000306889, 67.1237, 0.00788317, 60.722, 0.00477573, -118.108
3863, 64.38333, 1.93606, -15.4965, 14.6419, -11.3882, 18.7611, 170.391, 0.000308132, 67.0866, 0.00790123, 60.6624, 0.00478714, -118.167
3864, 64.39167, 1.9421, -15.5334, 14.6739, -11.4499, 18.8035, 170.329, 0.000309383, 67.0492, 0.00791936, 60.6024, 0.00479859, -118.227
3864, 64.40000, 1.94817, -15.5706, 14.7059, -11.5118, 18.8461, 170.267, 0.00031064, 67.0114, 0.00793755, 60.5422, 0.00481009, -118.286
3865, 64.40833, 1.95427, -15.6081, 14.7381, -11.574, 18.8888, 170.204, 0.000311904, 66.9734, 0.00795581, 60.4817, 0.00482162, -118.346
3865, 64.41666, 1.9604, -15.6458, 14.7704, -11.6365, 18.9317, 170.141, 0.000313175, 66.9351, 0.00797413, 60.4209, 0.00483321, -118.406
3866, 64.42500, 1.96656, -15.6838, 14.8027, -11.6993, 18.9747, 170.078, 0.000314453, 66.8964, 0.00799251, 60.3598, 0.00484483, -118.466
3866, 64.43333, 1.97275, -15.7221, 14.8352, -11.7624, 19.0179, 170.015, 0.000315739, 66.8575, 0.00801095, 60.2985, 0.00485649, -118.527
3867, 64.44167, 1.97897, -15.7607, 14.8678, -11.8258, 19.0613, 169.951, 0.000317031, 66.8182, 0.00802946, 60.2368, 0.0048682, -118.588
3867, 64.45000, 1.98521, -15.7995, 14.9005, -11.8894, 19.1048, 169.887, 0.000318331, 66.7786, 0.00804803, 60.1749, 0.00487995, -118.649
3868, 64.45834, 1.99149, -15.8386, 14.9333, -11.9534, 19.1485, 169.823, 0.000319638, 66.7387, 0.00806667, 60.1126, 0.00489175, -118.71
3868, 64.46667, 1.9978, -15.878, 14.9663, -12.0176, 19.1923, 169.758, 0.000320952, 66.6985, 0.00808537, 60.0501, 0.00490359, -118.772
3869, 64.47500, 2.00414, -15.9177, 14.9993, -12.0821, 19.2363, 169.693, 0.000322273, 66.658, 0.00810414, 59.9873, 0.00491547, -118.834
3869, 64.48333, 2.01051, -15.9577, 15.0325, -12.1469, 19.2804, 169.628, 0.000323602, 66.6171, 0.00812296, 59.9242, 0.0049274, -118.897
3870, 64.49167, 2.01691, -15.9979, 15.0657, -12.2121, 19.3247, 169.563, 0.000324938, 66.576, 0.00814186, 59.8608, 0.00493937, -118.959
3870, 64.50000, 2.02334, -16.0385, 15.0991, -12.2775, 19.3692, 169.497, 0.000326282, 66.5345, 0.00816082, 59.797, 0.00495138, -119.022
3871, 64.50833, 2.0298, -16.0793, 15.1326, -12.3432, 19.4138, 169.431, 0.000327633, 66.4927, 0.00817985, 59.733, 0.00496344, -119.085
3871, 64.51667, 2.0363, -16.1205, 15.1662, -12.4092, 19.4586, 169.365, 0.000328992, 66.4505, 0.00819894, 59.6687, 0.00497555, -119.149
3872, 64.52500, 2.04282, -16.1619, 15.2, -12.4756, 19.5036, 169.298, 0.000330358, 66.4081, 0.0082181, 59.6041, 0.0049877, -119.213
3872, 64.53333, 2.04938, -16.2036, 15.2338, -12.5422, 19.5487, 169.231, 0.000331732, 66.3653, 0.00823733, 59.5391, 0.00499989, -119.277
3873, 64.54166, 2.05597, -16.2457, 15.2678, -12.6091, 19.594, 169.164, 0.000333114, 66.3221, 0.00825662, 59.4739, 0.00501213, -119.341
3873, 64.55000, 2.06259, -16.288, 15.3019, -12.6764, 19.6395, 169.096, 0.000334504, 66.2786, 0.00827598, 59.4083, 0.00502441, -119.406
3874, 64.55833, 2.06924, -16.3306, 15.3361, -12.744, 19.6851, 169.029, 0.000335901, 66.2348, 0.0082954, 59.3425, 0.00503674, -119.471
3874, 64.56667, 2.07593, -16.3736, 15.3704, -12.8118, 19.7309, 168.96, 0.000337306, 66.1907, 0.0083149, 59.2763, 0.00504912, -119.536
3875, 64.57500, 2.08264, -16.4168, 15.4048, -12.88, 19.7768, 168.892, 0.000338719, 66.1462, 0.00833446, 59.2098, 0.00506154, -119.602
3875, 64.58334, 2.08939, -16.4604, 15.4394, -12.9485, 19.8229, 168.823, 0.00034014, 66.1013, 0.00835409, 59.143, 0.005074, -119.668
3876, 64.59167, 2.09618, -16.5043, 15.474, -13.0173, 19.8692, 168.754, 0.00034157, 66.0561, 0.00837379, 59.0759, 0.00508652, -119.734
3876, 64.60000, 2.103, -16.5485, 15.5088, -13.0865, 19.9157, 168.685, 0.000343007, 66.0106, 0.00839355, 59.0084, 0.00509908, -119.801
3877, 64.60833, 2.10985, -16.593, 15.5437, -13.1559, 19.9623, 168.615, 0.000344452, 65.9647, 0.00841338, 58.9407, 0.00511168, -119.867
3877, 64.61667, 2.11673, -16.6378, 15.5787, -13.2257, 20.0091, 168.545, 0.000345906, 65.9184, 0.00843329, 58.8726, 0.00512434, -119.935
3878, 64.62500, 2.12365, -16.6829, 15.6139, -13.2958, 20.0561, 168.475, 0.000347367, 65.8718, 0.00845326, 58.8042, 0.00513704, -120.002
3878, 64.63333, 2.1306, -16.7284, 15.6491, -13.3662, 20.1032, 168.404, 0.000348837, 65.8248, 0.0084733, 58.7354, 0.00514979, -120.07
3879, 64.64167, 2.13759, -16.7742, 15.6845, -13.437, 20.1505, 168.333, 0.000350316, 65.7775, 0.00849341, 58.6664, 0.00516258, -120.138
3879, 64.65000, 2.14461, -16.8203, 15.72, -13.5081, 20.198, 168.262, 0.000351803, 65.7298, 0.00851359, 58.597, 0.00517542, -120.207
3880, 64.65833, 2.15167, -16.8667, 15.7557, -13.5795, 20.2456, 168.191, 0.000353298, 65.6817, 0.00853384, 58.5272, 0.00518831, -120.275
3880, 64.66666, 2.15876, -16.9135, 15.7914, -13.6512, 20.2935, 168.119, 0.000354802, 65.6333, 0.00855416, 58.4571, 0.00520125, -120.344
3881, 64.67500, 2.16588, -16.9606, 15.8273, -13.7233, 20.3415, 168.046, 0.000356314, 65.5845, 0.00857455, 58.3867, 0.00521424, -120.414
3881, 64.68333, 2.17304, -17.008, 15.8633, -13.7957, 20.3897, 167.974, 0.000357835, 65.5353, 0.008595, 58.316, 0.00522727, -120.484
3882, 64.69167, 2.18024, -17.0558, 15.8994, -13.8685, 20.438, 167.901, 0.000359365, 65.4857, 0.00861554, 58.2449, 0.00524035, -120.554
3882, 64.70000, 2.18747, -17.1039, 15.9356, -13.9416, 20.4865, 167.828, 0.000360903, 65.4358, 0.00863614, 58.1735, 0.00525349, -120.624
3883, 64.70834, 2.19474, -17.1523, 15.972, -14.0151, 20.5352, 167.754, 0.00036245, 65.3855, 0.00865681, 58.1017, 0.00526667, -120.695
3883, 64.71667, 2.20205, -17.2011, 16.0085, -14.0888, 20.5841, 167.68, 0.000364007, 65.3348, 0.00867756, 58.0296, 0.0052799, -120.766
3884, 64.72500, 2.20939, -17.2503, 16.0451, -14.163, 20.6332, 167.606, 0.000365572, 65.2837, 0.00869837, 57.9572, 0.00529317, -120.837
3884, 64.73333, 2.21676, -17.2998, 16.0818, -14.2375, 20.6824, 167.531, 0.000367146, 65.2322, 0.00871926, 57.8844, 0.0053065, -120.909
3885, 64.74167, 2.22418, -17.3496, 16.1187, -14.3123, 20.7319, 167.456, 0.000368729, 65.1804, 0.00874022, 57.8112, 0.00531988, -120.981
3885, 64.75000, 2.23163, -17.3998, 16.1557, -14.3875, 20.7815, 167.381, 0.000370321, 65.1281, 0.00876126, 57.7377, 0.00533331, -121.054
3886, 64.75833, 2.23912, -17.4503, 16.1928, -14.463, 20.8313, 167.306, 0.000371922, 65.0754, 0.00878236, 57.6638, 0.00534678, -121.127
3886, 64.76667, 2.24664, -17.5012, 16.2301, -14.5389, 20.8812, 167.23, 0.000373533, 65.0224, 0.00880354, 57.5896, 0.00536031, -121.2
3887, 64.77500, 2.2542, -17.5525, 16.2674, -14.6151, 20.9314, 167.153, 0.000375152, 64.9689, 0.00882479, 57.515, 0.00537389, -121.273
3887, 64.78333, 2.2618, -17.6041, 16.3049, -14.6917, 20.9817, 167.077, 0.000376781, 64.9151, 0.00884612, 57.4401, 0.00538752, -121.347
3888, 64.79166, 2.26944, -17.6561, 16.3426, -14.7687, 21.0322, 167, 0.00037842, 64.8608, 0.00886752, 57.3648, 0.0054012, -121.422
3888, 64.80000, 2.27712, -17.7085, 16.3803, -14.846, 21.0829, 166.922, 0.000380068, 64.8061, 0.00888899, 57.2891, 0.00541492, -121.496
3889, 64.80833, 2.28484, -17.7612, 16.4182, -14.9237, 21.1338, 166.844, 0.000381725, 64.751, 0.00891053, 57.2131, 0.0054287, -121.571
3889, 64.81667, 2.29259, -17.8143, 16.4562, -15.0018, 21.1849, 166.766, 0.000383392, 64.6955, 0.00893216, 57.1367, 0.00544254, -121.646
3890, 64.82500, 2.30038, -17.8677, 16.4943, -15.0802, 21.2362, 166.688, 0.000385069, 64.6396, 0.00895385, 57.0599, 0.00545642, -121.722
3890, 64.83334, 2.30822, -17.9216, 16.5326, -15.159, 21.2876, 166.609, 0.000386755, 64.5832, 0.00897562, 56.9827, 0.00547035, -121.798
3891, 64.84167, 2.31609, -17.9758, 16.571, -15.2382, 21.3392, 166.53, 0.000388451, 64.5264, 0.00899747, 56.9052, 0.00548434, -121.874
3891, 64.85000, 2.324, -18.0304, 16.6095, -15.3178, 21.3911, 166.45, 0.000390157, 64.4692, 0.00901938, 56.8273, 0.00549838, -121.951
3892, 64.85833, 2.33195, -18.0853, 16.6482, -15.3977, 21.4431, 166.37, 0.000391873, 64.4116, 0.00904138, 56.749, 0.00551247, -122.028
3892, 64.86667, 2.33994, -18.1407, 16.687, -15.478, 21.4953, 166.29, 0.000393599, 64.3536, 0.00906345, 56.6704, 0.00552661, -122.106
3893, 64.87500, 2.34798, -18.1965, 16.7259, -15.5587, 21.5476, 166.209, 0.000395335, 64.2951, 0.00908559, 56.5913, 0.00554081, -122.184
3893, 64.88333, 2.35605, -18.2526, 16.765, -15.6398, 21.6002, 166.128, 0.000397081, 64.2361, 0.00910781, 56.5119, 0.00555506, -122.262
3894, 64.89167, 2.36416, -18.3091, 16.8042, -15.7212, 21.653, 166.047, 0.000398837, 64.1768, 0.00913011, 56.4321, 0.00556936, -122.341
3894, 64.90000, 2.37232, -18.3661, 16.8435, -15.8031, 21.706, 165.965, 0.000400603, 64.117, 0.00915248, 56.3519, 0.00558371, -122.42
3895, 64.90833, 2.38051, -18.4234, 16.8829, -15.8853, 21.7591, 165.883, 0.00040238, 64.0567, 0.00917493, 56.2713, 0.00559812, -122.499
3895, 64.91666, 2.38875, -18.4811, 16.9225, -15.968, 21.8125, 165.8, 0.000404167, 63.996, 0.00919746, 56.1903, 0.00561258, -122.579
3896, 64.92500, 2.39703, -18.5393, 16.9622, -16.051, 21.866, 165.717, 0.000405964, 63.9348, 0.00922006, 56.109, 0.00562709, -122.659
3896, 64.93333, 2.40535, -18.5978, 17.0021, -16.1344, 21.9197, 165.634, 0.000407772, 63.8732, 0.00924274, 56.0272, 0.00564166, -122.74
3897, 64.94167, 2.41371, -18.6567, 17.0421, -16.2182, 21.9737, 165.55, 0.00040959, 63.8112, 0.0092655, 55.945, 0.00565628, -122.821
3897, 64.95000, 2.42211, -18.7161, 17.0822, -16.3024, 22.0278, 165.466, 0.000411419, 63.7486, 0.00928834, 55.8624, 0.00567096, -122.902
3898, 64.95834, 2.43056, -18.7759, 17.1224, -16.3871, 22.0821, 165.381, 0.000413259, 63.6857, 0.00931125, 55.7794, 0.00568569, -122.984
3898, 64.96667, 2.43905, -18.8361, 17.1628, -16.4721, 22.1366, 165.296, 0.000415109, 63.6222, 0.00933424, 55.6961, 0.00570047, -123.066
3899, 64.97500, 2.44759, -18.8967, 17.2033, -16.5575, 22.1914, 165.211, 0.000416971, 63.5583, 0.00935731, 55.6123, 0.00571531, -123.148
3899, 64.98333, 2.45616, -18.9577, 17.244, -16.6434, 22.2463, 165.125, 0.000418843, 63.4939, 0.00938045, 55.5281, 0.00573021, -123.231
3900, 64.99167, 2.46479, -19.0191, 17.2848, -16.7296, 22.3014, 165.039, 0.000420726, 63.429, 0.00940368, 55.4434, 0.00574516, -123.315
3900, 65.00000, 2.47345, -19.081, 17.3257, -16.8163, 22.3567, 164.952, 0.00042262, 63.3637, 0.00942698, 55.3584, 0.00576016, -123.399
3901, 65.00833, 2.48216, -19.1433, 17.3668, -16.9034, 22.4122, 164.866, 0.000424526, 63.2978, 0.00945036, 55.273, 0.00577522, -123.483
3901, 65.01667, 2.49091, -19.2061, 17.408, -16.9909, 22.4679, 164.778, 0.000426442, 63.2315, 0.00947382, 55.1871, 0.00579033, -123.567
3902, 65.02500, 2.49971, -19.2692, 17.4493, -17.0788, 22.5238, 164.69, 0.00042837, 63.1647, 0.00949736, 55.1008, 0.0058055, -123.652
3902, 65.03333, 2.50855, -19.3328, 17.4908, -17.1671, 22.5799, 164.602, 0.000430309, 63.0974, 0.00952098, 55.0141, 0.00582073, -123.738
3903, 65.04166, 2.51744, -19.3969, 17.5324, -17.2559, 22.6362, 164.513, 0.00043226, 63.0296, 0.00954468, 54.9269, 0.00583601, -123.824
3903, 65.05000, 2.52638, -19.4614, 17.5742, -17.3451, 22.6928, 164.424, 0.000434221, 62.9614, 0.00956846, 54.8394, 0.00585135, -123.91
3904, 65.05833, 2.53535, -19.5263, 17.6161, -17.4347, 22.7495, 164.335, 0.000436195, 62.8926, 0.00959231, 54.7514, 0.00586674, -123.997
3904, 65.06667, 2.54438, -19.5917, 17.6581, -17.5248, 22.8064, 164.245, 0.00043818, 62.8233, 0.00961625, 54.6629, 0.0058822, -124.084
3905, 65.07500, 2.55345, -19.6576, 17.7003, -17.6153, 22.8635, 164.155, 0.000440177, 62.7535, 0.00964027, 54.5741, 0.0058977, -124.171
3905, 65.08334, 2.56257, -19.7239, 17.7426, -17.7062, 22.9209, 164.064, 0.000442185, 62.6832, 0.00966436, 54.4848, 0.00591327, -124.259
3906, 65.09167, 2.57173, -19.7907, 17.785, -17.7976, 22.9784, 163.973, 0.000444206, 62.6124, 0.00968854, 54.395, 0.00592889, -124.348
3906, 65.10000, 2.58094, -19.8579, 17.8276, -17.8894, 23.0361, 163.881, 0.000446238, 62.5411, 0.0097128, 54.3048, 0.00594456, -124.436
3907, 65.10833, 2.5902, -19.9256, 17.8703, -17.9816, 23.0941, 163.789, 0.000448282, 62.4693, 0.00973713, 54.2142, 0.0059603, -124.526
3907, 65.11667, 2.59951, -19.9937, 17.9132, -18.0744, 23.1522, 163.696, 0.000450339, 62.3969, 0.00976155, 54.1231, 0.00597609, -124.615
3908, 65.12500, 2.60886, -20.0623, 17.9562, -18.1675, 23.2106, 163.603, 0.000452407, 62.324, 0.00978605, 54.0316, 0.00599194, -124.706
3908, 65.13333, 2.61826, -20.1314, 17.9993, -18.2611, 23.2691, 163.51, 0.000454487, 62.2506, 0.00981063, 53.9396, 0.00600785, -124.796
3909, 65.14167, 2.62771, -20.201, 18.0426, -18.3551, 23.3279, 163.416, 0.000456581, 62.1766, 0.0098353, 53.8471, 0.00602382, -124.887
3909, 65.15000, 2.63721, -20.2711, 18.086, -18.4497, 23.3869, 163.322, 0.000458686, 62.1022, 0.00986004, 53.7543, 0.00603984, -124.979
3910, 65.15833, 2.64675, -20.3416, 18.1296, -18.5446, 23.4461, 163.227, 0.000460803, 62.0271, 0.00988486, 53.6609, 0.00605592, -125.071
3910, 65.16666, 2.65635, -20.4126, 18.1733, -18.64, 23.5055, 163.132, 0.000462934, 61.9516, 0.00990977, 53.5671, 0.00607206, -125.163
3911, 65.17500, 2.66599, -20.4841, 18.2171, -18.7359, 23.5651, 163.036, 0.000465077, 61.8755, 0.00993475, 53.4728, 0.00608826, -125.256
3911, 65.18333, 2.67569, -20.5561, 18.2611, -18.8323, 23.6249, 162.94, 0.000467232, 61.7988, 0.00995982, 53.3781, 0.00610451, -125.349
3912, 65.19167, 2.68543, -20.6286, 18.3052, -18.9291, 23.685, 162.843, 0.0004694, 61.7216, 0.00998497, 53.2828, 0.00612083, -125.443
3912, 65.20000, 2.69523, -20.7016, 18.3495, -19.0264, 23.7452, 162.746, 0.000471581, 61.6439, 0.0100102, 53.1872, 0.0061372, -125.537
3913, 65.20834, 2.70507, -20.7751, 18.3939, -19.1242, 23.8056, 162.649, 0.000473775, 61.5656, 0.0100355, 53.091, 0.00615363, -125.632
3913, 65.21667, 2.71496, -20.8491, 18.4384, -19.2224, 23.8663, 162.551, 0.000475982, 61.4867, 0.0100609, 52.9944, 0.00617013, -125.727
3914, 65.22500, 2.72491, -20.9236, 18.4831, -19.3211, 23.9272, 162.452, 0.000478202, 61.4072, 0.0100864, 52.8972, 0.00618668, -125.823
3914, 65.23333, 2.73491, -20.9986, 18.528, -19.4203, 23.9883, 162.353, 0.000480435, 61.3272, 0.0101119, 52.7997, 0.00620329, -125.919
3915, 65.24167, 2.74495, -21.0741, 18.5729, -19.52, 24.0496, 162.254, 0.000482682, 61.2466, 0.0101376, 52.7016, 0.00621996, -126.016
3915, 65.25000, 2.75505, -21.1501, 18.618, -19.6202, 24.1111, 162.154, 0.000484942, 61.1655, 0.0101633, 52.603, 0.00623669, -126.113
3916, 65.25833, 2.7652, -21.2267, 18.6633, -19.7208, 24.1728, 162.053, 0.000487215, 61.0838, 0.0101891, 52.5039, 0.00625347, -126.211
3916, 65.26667, 2.77541, -21.3038, 18.7087, -19.822, 24.2347, 161.953, 0.000489501, 61.0014, 0.010215, 52.4044, 0.00627032, -126.309
3917, 65.27500, 2.78566, -21.3814, 18.7542, -19.9236, 24.2969, 161.851, 0.000491801, 60.9185, 0.010241, 52.3044, 0.00628723, -126.407
3917, 65.28333, 2.79597, -21.4595, 18.7999, -20.0257, 24.3593, 161.749, 0.000494115, 60.835, 0.010267, 52.2038, 0.0063042, -126.506
3918, 65.29166, 2.80633, -21.5382, 18.8457, -20.1284, 24.4219, 161.647, 0.000496442, 60.751, 0.0102932, 52.1028, 0.00632123, -126.606
3918, 65.30000, 2.81675, -21.6174, 18.8917, -20.2315, 24.4847, 161.544, 0.000498783, 60.6663, 0.0103194, 52.0012, 0.00633831, -126.706
3919, 65.30833, 2.82721, -21.6971, 18.9378, -20.3352, 24.5477, 161.441, 0.000501138, 60.581, 0.0103457, 51.8992, 0.00635546, -126.806
3919, 65.31667, 2.83774, -21.7774, 18.9841, -20.4393, 24.6109, 161.337, 0.000503508, 60.4951, 0.0103721, 51.7966, 0.00637267, -126.907
3920, 65.32500, 2.84831, -21.8582, 19.0305, -20.544, 24.6743, 161.233, 0.00050589, 60.4086, 0.0103985, 51.6936, 0.00638994, -127.009
3920, 65.33334, 2.85894, -21.9396, 19.077, -20.6491, 24.738, 161.128, 0.000508287, 60.3215, 0.0104251, 51.59, 0.00640727, -127.111
3921, 65.34167, 2.86963, -22.0215, 19.1237, -20.7548, 24.8019, 161.022, 0.000510699, 60.2338, 0.0104517, 51.4859, 0.00642466, -127.214
3921, 65.35000, 2.88037, -22.104, 19.1705, -20.861, 24.866, 160.916, 0.000513124, 60.1455, 0.0104784, 51.3813, 0.00644211, -127.317
3922, 65.35833, 2.89116, -22.1871, 19.2175, -20.9677, 24.9303, 160.81, 0.000515564, 60.0565, 0.0105052, 51.2762, 0.00645962, -127.42
3922, 65.36667, 2.90201, -22.2707, 19.2646, -21.0749, 24.9948, 160.703, 0.000518019, 59.9669, 0.0105321, 51.1705, 0.00647719, -127.525
3923, 65.37500, 2.91291, -22.3549, 19.3118, -21.1827, 25.0596, 160.596, 0.000520488, 59.8767, 0.0105591, 51.0643, 0.00649483, -127.629
3923, 65.38333, 2.92387, -22.4396, 19.3592, -21.291, 25.1245, 160.488, 0.000522971, 59.7859, 0.0105861, 50.9576, 0.00651252, -127.734
3924, 65.39167, 2.93489, -22.5249, 19.4067, -21.3998, 25.1897, 160.379, 0.00052547, 59.6944, 0.0106132, 50.8504, 0.00653028, -127.84
3924, 65.40000, 2.94596, -22.6108, 19.4544, -21.5092, 25.2551, 160.27, 0.000527982, 59.6023, 0.0106404, 50.7426, 0.00654809, -127.946
3925, 65.40833, 2.95709, -22.6973, 19.5022, -21.619, 25.3207, 160.161, 0.00053051, 59.5095, 0.0106677, 50.6343, 0.00656597, -128.053
3925, 65.41666, 2.96828, -22.7844, 19.5502, -21.7295, 25.3865, 160.05, 0.000533053, 59.4161, 0.0106951, 50.5255, 0.00658391, -128.16
3926, 65.42500, 2.97953, -22.872, 19.5983, -21.8404, 25.4526, 159.94, 0.000535611, 59.3221, 0.0107226, 50.4161, 0.00660191, -128.268
3926, 65.43333, 2.99083, -22.9602, 19.6465, -21.9519, 25.5189, 159.829, 0.000538184, 59.2273, 0.0107501, 50.3062, 0.00661997, -128.376
3927, 65.44167, 3.00219, -23.0491, 19.6949, -22.064, 25.5854, 159.717, 0.000540772, 59.132, 0.0107777, 50.1957, 0.00663809, -128.485
3927, 65.45000, 3.0136, -23.1385, 19.7434, -22.1766, 25.6521, 159.605, 0.000543376, 59.0359, 0.0108054, 50.0846, 0.00665627, -128.595
3928, 65.45834, 3.02508, -23.2285, 19.792, -22.2898, 25.719, 159.492, 0.000545994, 58.9392, 0.0108332, 49.9731, 0.00667452, -128.705
3928, 65.46667, 3.03661, -23.3192, 19.8408, -22.4035, 25.7861, 159.378, 0.000548629, 58.8419, 0.0108611, 49.8609, 0.00669283, -128.815
3929, 65.47500, 3.04821, -23.4104, 19.8898, -22.5177, 25.8535, 159.264, 0.000551278, 58.7438, 0.010889, 49.7482, 0.00671119, -128.926
3929, 65.48333, 3.05986, -23.5023, 19.9389, -22.6326, 25.921, 159.15, 0.000553944, 58.6451, 0.0109171, 49.635, 0.00672962, -129.038
3930, 65.49167, 3.07157, -23.5948, 19.9881, -22.748, 25.9888, 159.035, 0.000556625, 58.5457, 0.0109452, 49.5211, 0.00674811, -129.15
3930, 65.50000, 3.08334, -23.6878, 20.0374, -22.8639, 26.0569, 158.919, 0.000559322, 58.4456, 0.0109734, 49.4067, 0.00676667, -129.263
3931, 65.50833, 3.09517, -23.7816, 20.0869, -22.9804, 26.1251, 158.803, 0.000562035, 58.3448, 0.0110016, 49.2918, 0.00678528, -129.377
3931, 65.51667, 3.10706, -23.8759, 20.1366, -23.0975, 26.1935, 158.686, 0.000564764, 58.2433, 0.01103, 49.1762, 0.00680395, -129.49
3932, 65.52500, 3.11901, -23.9709, 20.1863, -23.2152, 26.2622, 158.569, 0.000567508, 58.1412, 0.0110584, 49.0601, 0.00682269, -129.605
3932, 65.53333, 3.13102, -24.0665, 20.2362, -23.3335, 26.3311, 158.451, 0.000570269, 58.0383, 0.0110869, 48.9435, 0.00684149, -129.72
3933, 65.54166, 3.14309, -24.1627, 20.2863, -23.4523, 26.4002, 158.333, 0.000573047, 57.9347, 0.0111155, 48.8262, 0.00686035, -129.836
3933, 65.55000, 3.15523, -24.2596, 20.3365, -23.5717, 26.4695, 158.214, 0.00057584, 57.8304, 0.0111442, 48.7083, 0.00687927, -129.952
3934, 65.55833, 3.16742, -24.3571, 20.3868, -23.6917, 26.539, 158.094, 0.00057865, 57.7254, 0.011173, 48.5899, 0.00689825, -130.069
3934, 65.56667, 3.17968, -24.4553, 20.4372, -23.8123, 26.6088, 157.974, 0.000581476, 57.6197, 0.0112018, 48.4709, 0.0069173, -130.186
3935, 65.57500, 3.19199, -24.5541, 20.4878, -23.9335, 26.6787, 157.853, 0.000584319, 57.5133, 0.0112307, 48.3512, 0.0069364, -130.304
3935, 65.58334, 3.20437, -24.6536, 20.5386, -24.0552, 26.7489, 157.732, 0.000587179, 57.4061, 0.0112597, 48.231, 0.00695556, -130.423
3936, 65.59167, 3.21682, -24.7538, 20.5894, -24.1776, 26.8193, 157.61, 0.000590055, 57.2983, 0.0112888, 48.1102, 0.00697479, -130.542
3936, 65.60000, 3.22932, -24.8546, 20.6404, -24.3006, 26.8899, 157.487, 0.000592948, 57.1896, 0.0113179, 47.9888, 0.00699408, -130.662
3937, 65.60833, 3.24189, -24.9561, 20.6915, -24.4241, 26.9607, 157.364, 0.000595858, 57.0803, 0.0113472, 47.8668, 0.00701343, -130.782
3937, 65.61667, 3.25452, -25.0582, 20.7428, -24.5483, 27.0318, 157.24, 0.000598785, 56.9702, 0.0113765, 47.7442, 0.00703284, -130.903
3938, 65.62500, 3.26721, -25.161, 20.7942, -24.6731, 27.103, 157.116, 0.000601729, 56.8594, 0.0114059, 47.6209, 0.00705231, -131.025
3938, 65.63333, 3.27997, -25.2645, 20.8457, -24.7985, 27.1745, 156.991, 0.000604691, 56.7478, 0.0114353, 47.4971, 0.00707184, -131.147
3939, 65.64167, 3.29279, -25.3687, 20.8974, -24.9245, 27.2462, 156.865, 0.000607669, 56.6354, 0.0114649, 47.3726, 0.00709143, -131.27
3939, 65.65000, 3.30568, -25.4736, 20.9492, -25.0511, 27.3181, 156.739, 0.000610665, 56.5223, 0.0114945, 47.2476, 0.00711109, -131.393
3940, 65.65833, 3.31863, -25.5792, 21.0011, -25.1784, 27.3902, 156.612, 0.000613678, 56.4085, 0.0115242, 47.1219, 0.0071308, -131.517
3940, 65.66666, 3.33164, -25.6854, 21.0531, -25.3062, 27.4625, 156.485, 0.000616709, 56.2939, 0.0115539, 46.9956, 0.00715057, -131.642
3941, 65.67500, 3.34472, -25.7924, 21.1053, -25.4347, 27.535, 156.356, 0.000619757, 56.1785, 0.0115838, 46.8686, 0.00717041, -131.767
3941, 65.68333, 3.35786, -25.9, 21.1576, -25.5638, 27.6078, 156.228, 0.000622823, 56.0623, 0.0116137, 46.741, 0.0071903, -131.893
3942, 65.69167, 3.37107, -26.0084, 21.2101, -25.6936, 27.6807, 156.098, 0.000625907, 55.9454, 0.0116437, 46.6128, 0.00721026, -132.02
3942, 65.70000, 3.38434, -26.1175, 21.2626, -25.824, 27.7539, 155.968, 0.000629008, 55.8277, 0.0116738, 46.484, 0.00723027, -132.147
3943, 65.70834, 3.39768, -26.2273, 21.3153, -25.955, 27.8272, 155.838, 0.000632127, 55.7092, 0.0117039, 46.3545, 0.00725034, -132.275
3943, 65.71667, 3.41109, -26.3378, 21.3681, -26.0867, 27.9008, 155.706, 0.000635265, 55.5899, 0.0117341, 46.2244, 0.00727048, -132.403
3944, 65.72500, 3.42456, -26.449, 21.421, -26.219, 27.9746, 155.575, 0.00063842, 55.4698, 0.0117644, 46.0936, 0.00729067, -132.532
3944, 65.73333, 3.4381, -26.5609, 21.4741, -26.3519, 28.0486, 155.442, 0.000641594, 55.349, 0.0117948, 45.9622, 0.00731092, -132.662
3945, 65.74167, 3.4517, -26.6736, 21.5273, -26.4855, 28.1228, 155.309, 0.000644786, 55.2273, 0.0118252, 45.8302, 0.00733123, -132.792
3945, 65.75000, 3.46537, -26.787, 21.5806, -26.6198, 28.1972, 155.175, 0.000647996, 55.1048, 0.0118557, 45.6975, 0.0073516, -132.923
3946, 65.75833, 3.47911, -26.9012, 21.634, -26.7547, 28.2718, 155.04, 0.000651224, 54.9815, 0.0118863, 45.5641, 0.00737202, -133.055
3946, 65.76667, 3.49291, -27.0161, 21.6875, -26.8902, 28.3466, 154.905, 0.000654471, 54.8574, 0.011917, 45.4301, 0.00739251, -133.187
3947, 65.77500, 3.50678, -27.1317, 21.7412, -27.0264, 28.4216, 154.769, 0.000657737, 54.7325, 0.0119477, 45.2954, 0.00741305, -133.32
3947, 65.78333, 3.52072, -27.2481, 21.7949, -27.1633, 28.4968, 154.633, 0.000661021, 54.6068, 0.0119785, 45.1601, 0.00743365, -133.454
3948, 65.79166, 3.53473, -27.3652, 21.8488, -27.3009, 28.5722, 154.496, 0.000664324, 54.4802, 0.0120094, 45.024, 0.00745431, -133.589
3948, 65.80000, 3.5488, -27.4831, 21.9028, -27.4391, 28.6478, 154.358, 0.000667645, 54.3529, 0.0120403, 44.8874, 0.00747503, -133.724
3949, 65.80833, 3.56295, -27.6018, 21.957, -27.578, 28.7236, 154.219, 0.000670985, 54.2247, 0.0120713, 44.75, 0.0074958, -133.859
3949, 65.81667, 3.57716, -27.7212, 22.0112, -27.7175, 28.7996, 154.08, 0.000674345, 54.0956, 0.0121023, 44.612, 0.00751663, -133.996
3950, 65.82500, 3.59143, -27.8414, 22.0655, -27.8578, 28.8758, 153.94, 0.000677723, 53.9657, 0.0121335, 44.4733, 0.00753752, -134.133
3950, 65.83334, 3.60578, -27.9623, 22.12, -27.9987, 28.9521, 153.8, 0.00068112, 53.835, 0.0121647, 44.3339, 0.00755846, -134.27
3951, 65.84167, 3.6202, -28.084, 22.1745, -28.1403, 29.0287, 153.659, 0.000684537, 53.7034, 0.0121959, 44.1938, 0.00757946, -134.409
3951, 65.85000, 3.63468, -28.2065, 22.2292, -28.2826, 29.1055, 153.517, 0.000687973, 53.571, 0.0122273, 44.0531, 0.00760052, -134.548
3952, 65.85833, 3.64923, -28.3298, 22.284, -28.4255, 29.1824, 153.374, 0.000691428, 53.4377, 0.0122586, 43.9117, 0.00762163, -134.688
3952, 65.86667, 3.66386, -28.4539, 22.3389, -28.5692, 29.2596, 153.231, 0.000694903, 53.3035, 0.0122901, 43.7695, 0.00764279, -134.828
3953, 65.87500, 3.67855, -28.5788, 22.3939, -28.7135, 29.3369, 153.087, 0.000698397, 53.1685, 0.0123216, 43.6267, 0.00766401, -134.969
3953, 65.88333, 3.69331, -28.7044, 22.4489, -28.8586, 29.4144, 152.942, 0.00070191, 53.0326, 0.0123532, 43.4832, 0.00768528, -135.111
3954, 65.89167, 3.70814, -28.8309, 22.5041, -29.0043, 29.4921, 152.797, 0.000705443, 52.8959, 0.0123848, 43.3389, 0.00770661, -135.254
3954, 65.90000, 3.72304, -28.9582, 22.5594, -29.1508, 29.57, 152.651, 0.000708996, 52.7582, 0.0124165, 43.194, 0.00772799, -135.397
3955, 65.90833, 3.73801, -29.0862, 22.6148, -29.2979, 29.6481, 152.504, 0.000712568, 52.6197, 0.0124483, 43.0484, 0.00774943, -135.541
3955, 65.91666, 3.75305, -29.2151, 22.6703, -29.4458, 29.7263, 152.356, 0.00071616, 52.4803, 0.0124801, 42.9021, 0.00777091, -135.686
3956, 65.92500, 3.76816, -29.3448, 22.7259, -29.5944, 29.8047, 152.208, 0.000719772, 52.34, 0.012512, 42.755, 0.00779245, -135.831
3956, 65.93333, 3.78334, -29.4753, 22.7815, -29.7436, 29.8833, 152.059, 0.000723404, 52.1989, 0.0125439, 42.6073, 0.00781404, -135.977
3957, 65.94167, 3.79859, -29.6067, 22.8373, -29.8936, 29.9621, 151.909, 0.000727056, 52.0568, 0.0125759, 42.4588, 0.00783569, -136.124
3957, 65.95000, 3.81391, -29.7388, 22.8931, -30.0443, 30.0411, 151.759, 0.000730728, 51.9138, 0.0126079, 42.3096, 0.00785738, -136.272
3958, 65.95834, 3.8293, -29.8718, 22.9491, -30.1958, 30.1202, 151.608, 0.000734419, 51.77, 0.01264, 42.1597, 0.00787912, -136.42
3958, 65.96667, 3.84476, -30.0056, 23.0051, -30.3479, 30.1994, 151.456, 0.000738132, 51.6252, 0.0126722, 42.0091, 0.00790092, -136.569
3959, 65.97500, 3.86029, -30.1403, 23.0612, -30.5008, 30.2789, 151.304, 0.000741864, 51.4795, 0.0127044, 41.8577, 0.00792276, -136.719
3959, 65.98333, 3.8759, -30.2758, 23.1174, -30.6544, 30.3585, 151.15, 0.000745616, 51.3329, 0.0127366, 41.7056, 0.00794465, -136.869
3960, 65.99167, 3.89157, -30.4121, 23.1737, -30.8088, 30.4383, 150.996, 0.00074939, 51.1854, 0.0127689, 41.5528, 0.00796659, -137.02
3960, 66.00000, 3.90731, -30.5493, 23.23, -30.9638, 30.5182, 150.841, 0.000753183, 51.0369, 0.0128013, 41.3993, 0.00798858, -137.172
3961, 66.00833, 3.92313, -30.6874, 23.2864, -31.1196, 30.5983, 150.686, 0.000756996, 50.8876, 0.0128336, 41.245, 0.00801061, -137.325
3961, 66.01667, 3.93902, -30.8263, 23.3429, -31.2762, 30.6786, 150.53, 0.000760831, 50.7373, 0.0128661, 41.0899, 0.0080327, -137.479
3962, 66.02500, 3.95497, -30.966, 23.3995, -31.4335, 30.759, 150.373, 0.000764686, 50.5861, 0.0128986, 40.9342, 0.00805483, -137.633
3962, 66.03333, 3.971, -31.1067, 23.4562, -31.5915, 30.8395, 150.215, 0.000768561, 50.4339, 0.0129311, 40.7777, 0.008077, -137.788
3963, 66.04166, 3.9871, -31.2482, 23.5129, -31.7503, 30.9202, 150.056, 0.000772457, 50.2808, 0.0129637, 40.6204, 0.00809922, -137.943
3963, 66.05000, 4.00327, -31.3905, 23.5697, -31.9098, 31.0011, 149.897, 0.000776374, 50.1267, 0.0129963, 40.4624, 0.00812148, -138.1
3964, 66.05833, 4.01951, -31.5337, 23.6265, -32.0701, 31.0821, 149.737, 0.000780311, 49.9717, 0.0130289, 40.3037, 0.00814379, -138.257
3964, 66.06667, 4.03582, -31.6779, 23.6834, -32.2311, 31.1632, 149.576, 0.00078427, 49.8158, 0.0130616, 40.1441, 0.00816614, -138.415
3965, 66.07500, 4.0522, -31.8229, 23.7404, -32.3929, 31.2445, 149.415, 0.000788248, 49.6589, 0.0130944, 39.9839, 0.00818854, -138.574
3965, 66.08334, 4.06866, -31.9687, 23.7974, -32.5554, 31.3259, 149.253, 0.000792248, 49.501, 0.0131271, 39.8229, 0.00821097, -138.733
3966, 66.09167, 4.08518, -32.1155, 23.8545, -32.7187, 31.4074, 149.09, 0.000796269, 49.3422, 0.01316, 39.6611, 0.00823345, -138.893
3966, 66.10000, 4.10178, -32.2632, 23.9116, -32.8827, 31.4891, 148.926, 0.000800311, 49.1824, 0.0131928, 39.4985, 0.00825597, -139.054
3967, 66.10833, 4.11844, -32.4117, 23.9688, -33.0476, 31.5709, 148.761, 0.000804373, 49.0216, 0.0132257, 39.3352, 0.00827852, -139.216
3967, 66.11667, 4.13518, -32.5612, 24.026, -33.2132, 31.6528, 148.596, 0.000808457, 48.8599, 0.0132586, 39.1712, 0.00830112, -139.379
3968, 66.12500, 4.15199, -32.7115, 24.0833, -33.3795, 31.7349, 148.43, 0.000812562, 48.6972, 0.0132915, 39.0063, 0.00832375, -139.542
3968, 66.13333, 4.16887, -32.8628, 24.1406, -33.5466, 31.817, 148.263, 0.000816687, 48.5335, 0.0133245, 38.8407, 0.00834642, -139.706
3969, 66.14167, 4.18582, -33.0149, 24.198, -33.7145, 31.8993, 148.095, 0.000820835, 48.3688, 0.0133575, 38.6743, 0.00836913, -139.871
3969, 66.15000, 4.20284, -33.168, 24.2554, -33.8832, 31.9817, 147.927, 0.000825002, 48.2031, 0.0133905, 38.5072, 0.00839187, -140.037
3970, 66.15833, 4.21993, -33.322, 24.3128, -34.0526, 32.0642, 147.757, 0.000829191, 48.0365, 0.0134235, 38.3392, 0.00841465, -140.203
3970, 66.16666, 4.23709, -33.4769, 24.3703, -34.2229, 32.1469, 147.587, 0.000833402, 47.8688, 0.0134566, 38.1705, 0.00843747, -140.371
3971, 66.17500, 4.25433, -33.6328, 24.4278, -34.3939, 32.2296, 147.416, 0.000837633, 47.7002, 0.0134897, 38.001, 0.00846031, -140.539
3971, 66.18333, 4.27163, -33.7895, 24.4853, -34.5657, 32.3124, 147.245, 0.000841886, 47.5306, 0.0135228, 37.8308, 0.00848319, -140.707
3972, 66.19167, 4.289, -33.9472, 24.5428, -34.7382, 32.3953, 147.072, 0.00084616, 47.3599, 0.0135559, 37.6597, 0.0085061, -140.877
3972, 66.20000, 4.30644, -34.1059, 24.6004, -34.9116, 32.4783, 146.899, 0.000850455, 47.1883, 0.013589, 37.4878, 0.00852904, -141.047
3973, 66.20834, 4.32395, -34.2654, 24.6579, -35.0857, 32.5614, 146.725, 0.000854771, 47.0156, 0.0136222, 37.3152, 0.00855201, -141.219
3973, 66.21667, 4.34154, -34.4259, 24.7155, -35.2607, 32.6446, 146.55, 0.000859109, 46.8419, 0.0136553, 37.1418, 0.00857502, -141.391
3974, 66.22500, 4.35919, -34.5874, 24.7731, -35.4364, 32.7278, 146.375, 0.000863468, 46.6673, 0.0136885, 36.9676, 0.00859804, -141.563
3974, 66.23333, 4.37691, -34.7497, 24.8308, -35.6129, 32.8112, 146.198, 0.000867848, 46.4916, 0.0137217, 36.7926, 0.0086211, -141.737
3975, 66.24167, 4.3947, -34.9131, 24.8884, -35.7903, 32.8946, 146.021, 0.00087225, 46.3148, 0.0137549, 36.6167, 0.00864418, -141.912
3975, 66.25000, 4.41256, -35.0773, 24.946, -35.9684, 32.9781, 145.843, 0.000876672, 46.1371, 0.0137881, 36.4402, 0.00866729, -142.087
3976, 66.25833, 4.43048, -35.2426, 25.0036, -36.1473, 33.0616, 145.664, 0.000881116, 45.9583, 0.0138213, 36.2628, 0.00869041, -142.263
3976, 66.26667, 4.44848, -35.4088, 25.0612, -36.327, 33.1452, 145.484, 0.000885582, 45.7785, 0.0138545, 36.0845, 0.00871357, -142.44
3977, 66.27500, 4.46655, -35.5759, 25.1188, -36.5075, 33.2289, 145.304, 0.000890068, 45.5977, 0.0138877, 35.9056, 0.00873674, -142.617
3977, 66.28333, 4.48468, -35.744, 25.1764, -36.6888, 33.3126, 145.123, 0.000894576, 45.4158, 0.0139209, 35.7258, 0.00875994, -142.796
3978, 66.29166, 4.50288, -35.9131, 25.234, -36.8709, 33.3964, 144.941, 0.000899105, 45.2329, 0.0139541, 35.5451, 0.00878315, -142.975
3978, 66.30000, 4.52114, -36.0831, 25.2915, -37.0538, 33.4802, 144.758, 0.000903655, 45.049, 0.0139873, 35.3637, 0.00880639, -143.155
3979, 66.30833, 4.53948, -36.2542, 25.3491, -37.2376, 33.5641, 144.574, 0.000908226, 44.864, 0.0140205, 35.1815, 0.00882964, -143.336
3979, 66.31667, 4.55788, -36.4262, 25.4066, -37.4221, 33.648, 144.389, 0.000912819, 44.6779, 0.0140537, 34.9985, 0.0088529, -143.518
3980, 66.32500, 4.57635, -36.5991, 25.4641, -37.6074, 33.7319, 144.204, 0.000917433, 44.4909, 0.0140868, 34.8147, 0.00887619, -143.701
3980, 66.33334, 4.59488, -36.773, 25.5215, -37.7936, 33.8159, 144.018, 0.000922067, 44.3027, 0.01412, 34.63, 0.00889948, -143.884
3981, 66.34167, 4.61348, -36.948, 25.5789, -37.9806, 33.8999, 143.831, 0.000926723, 44.1135, 0.0141531, 34.4446, 0.00892279, -144.068
3981, 66.35000, 4.63215, -37.1239, 25.6363, -38.1683, 33.9839, 143.643, 0.0009314, 43.9233, 0.0141862, 34.2583, 0.00894611, -144.253
3982, 66.35833, 4.65088, -37.3007, 25.6936, -38.3569, 34.0679, 143.454, 0.000936098, 43.732, 0.0142193, 34.0713, 0.00896944, -144.439
3982, 66.36667, 4.66968, -37.4786, 25.7509, -38.5463, 34.1519, 143.265, 0.000940817, 43.5397, 0.0142524, 33.8834, 0.00899278, -144.626
3983, 66.37500, 4.68854, -37.6575, 25.8081, -38.7365, 34.2359, 143.074, 0.000945557, 43.3463, 0.0142854, 33.6947, 0.00901612, -144.813
3983, 66.38333, 4.70746, -37.8373, 25.8652, -38.9276, 34.32, 142.883, 0.000950318, 43.1518, 0.0143185, 33.5052, 0.00903948, -145.002
3984, 66.39167, 4.72645, -38.0182, 25.9223, -39.1194, 34.404, 142.691, 0.0009551, 42.9562, 0.0143515, 33.3148, 0.00906284, -145.191
3984, 66.40000, 4.7455, -38.2, 25.9794, -39.3121, 34.488, 142.498, 0.000959902, 42.7596, 0.0143844, 33.1237, 0.0090862, -145.381
3985, 66.40833, 4.76461, -38.3828, 26.0363, -39.5056, 34.572, 142.305, 0.000964725, 42.562, 0.0144173, 32.9317, 0.00910956, -145.572
3985, 66.41666, 4.78379, -38.5667, 26.0932, -39.6999, 34.656, 142.11, 0.000969569, 42.3632, 0.0144502, 32.7389, 0.00913293, -145.764
3986, 66.42500, 4.80303, -38.7515, 26.15, -39.895, 34.7399, 141.915, 0.000974433, 42.1634, 0.0144831, 32.5453, 0.00915629, -145.956
3986, 66.43333, 4.82233, -38.9373, 26.2067, -40.0909, 34.8238, 141.719, 0.000979318, 41.9625, 0.0145159, 32.3509, 0.00917965, -146.15
3987, 66.44167, 4.84169, -39.1242, 26.2634, -40.2877, 34.9077, 141.522, 0.000984224, 41.7605, 0.0145487, 32.1557, 0.00920301, -146.344
3987, 66.45000, 4.86111, -39.312, 26.3199, -40.4852, 34.9915, 141.324, 0.00098915, 41.5575, 0.0145814, 31.9596, 0.00922636, -146.539
3988, 66.45834, 4.88059, -39.5009, 26.3764, -40.6836, 35.0753, 141.125, 0.000994096, 41.3534, 0.014614, 31.7628, 0.00924971, -146.735
3988, 66.46667, 4.90013, -39.6908, 26.4328, -40.8828, 35.159, 140.926, 0.000999063, 41.1481, 0.0146467, 31.5651, 0.00927305, -146.931
3989, 66.47500, 4.91973, -39.8817, 26.489, -41.0828, 35.2427, 140.726, 0.00100405, 40.9419, 0.0146792, 31.3666, 0.00929638, -147.129
3989, 66.48333, 4.93939, -40.0735, 26.5451, -41.2837, 35.3263, 140.524, 0.00100906, 40.7345, 0.0147117, 31.1673, 0.0093197, -147.327
3990, 66.49167, 4.95911, -40.2665, 26.6012, -41.4854, 35.4098, 140.322, 0.00101408, 40.526, 0.0147442, 30.9671, 0.009343, -147.527
3990, 66.50000, 4.97888, -40.4604, 26.6571, -41.6878, 35.4933, 140.119, 0.00101913, 40.3165, 0.0147766, 30.7661, 0.0093663, -147.727
3991, 66.50833, 4.99871, -40.6553, 26.7129, -41.8911, 35.5766, 139.916, 0.0010242, 40.1059, 0.0148089, 30.5644, 0.00938957, -147.928
3991, 66.51667, 5.01859, -40.8513, 26.7685, -42.0952, 35.6599, 139.711, 0.00102928, 39.8942, 0.0148412, 30.3618, 0.00941283, -148.129
3992, 66.52500, 5.03853, -41.0482, 26.824, -42.3002, 35.7431, 139.506, 0.00103439, 39.6814, 0.0148733, 30.1584, 0.00943607, -148.332
3992, 66.53333, 5.05852, -41.2462, 26.8794, -42.5059, 35.8261, 139.3, 0.00103951, 39.4675, 0.0149055, 29.9542, 0.00945929, -148.535
3993, 66.54166, 5.07857, -41.4452, 26.9346, -42.7125, 35.9091, 139.093, 0.00104466, 39.2526, 0.0149375, 29.7491, 0.00948249, -148.74
3993, 66.55000, 5.09867, -41.6452, 26.9897, -42.9199, 35.9919, 138.885, 0.00104982, 39.0365, 0.0149695, 29.5433, 0.00950566, -148.945
3994, 66.55833, 5.11882, -41.8463, 27.0447, -43.1281, 36.0747, 138.676, 0.00105501, 38.8194, 0.0150013, 29.3366, 0.00952881, -149.151
3994, 66.56667, 5.13903, -42.0484, 27.0995, -43.3371, 36.1573, 138.467, 0.00106021, 38.6011, 0.0150331, 29.1291, 0.00955193, -149.357
3995, 66.57500, 5.15929, -42.2515, 27.1541, -43.5469, 36.2397, 138.256, 0.00106543, 38.3818, 0.0150648, 28.9208, 0.00957503, -149.565
3995, 66.58334, 5.17959, -42.4556, 27.2085, -43.7575, 36.322, 138.045, 0.00107067, 38.1614, 0.0150965, 28.7117, 0.00959809, -149.773
3996, 66.59167, 5.19995, -42.6607, 27.2628, -43.969, 36.4042, 137.833, 0.00107593, 37.9399, 0.015128, 28.5018, 0.00962112, -149.983
3996, 66.60000, 5.22035, -42.8669, 27.3169, -44.1812, 36.4862, 137.62, 0.0010812, 37.7173, 0.0151594, 28.2911, 0.00964411, -150.193
3997, 66.60833, 5.2408, -43.0741, 27.3708, -44.3943, 36.5681, 137.406, 0.0010865, 37.4936, 0.0151908, 28.0796, 0.00966706, -150.404
3997, 66.61667, 5.2613, -43.2823, 27.4245, -44.6081, 36.6498, 137.192, 0.00109181, 37.2688, 0.015222, 27.8672, 0.00968998, -150.616
3998, 66.62500, 5.28184, -43.4915, 27.478, -44.8228, 36.7313, 136.976, 0.00109714, 37.0429, 0.0152531, 27.6541, 0.00971286, -150.828
3998, 66.63333, 5.30243, -43.7018, 27.5313, -45.0383, 36.8126, 136.76, 0.00110249, 36.816, 0.0152841, 27.4402, 0.0097357, -151.042
3999, 66.64167, 5.32307, -43.9131, 27.5844, -45.2546, 36.8937, 136.543, 0.00110786, 36.5879, 0.015315, 27.2254, 0.00975849, -151.256
3999, 66.65000, 5.34375, -44.1254, 27.6373, -45.4716, 36.9747, 136.325, 0.00111324, 36.3588, 0.0153458, 27.0099, 0.00978124, -151.471
4000, 66.65833, 5.36447, -44.3387, 27.69, -45.6895, 37.0554, 136.107, 0.00111865, 36.1286, 0.0153765, 26.7936, 0.00980394, -151.687
4000, 66.66666, 5.38523, -44.553, 27.7425, -45.9082, 37.1359, 135.887, 0.00112406, 35.8973, 0.0154071, 26.5764, 0.00982659, -151.904
4001, 66.67500, 5.40603, -44.7684, 27.7947, -46.1276, 37.2162, 135.667, 0.0011295, 35.6649, 0.0154375, 26.3585, 0.00984919, -152.121
4001, 66.68333, 5.42687, -44.9848, 27.8467, -46.3478, 37.2963, 135.446, 0.00113495, 35.4314, 0.0154678, 26.1398, 0.00987174, -152.339
4002, 66.69167, 5.44776, -45.2022, 27.8985, -46.5689, 37.3761, 135.224, 0.00114042, 35.1968, 0.015498, 25.9203, 0.00989423, -152.559
4002, 66.70000, 5.46868, -45.4206, 27.95, -46.7907, 37.4557, 135.001, 0.00114591, 34.9612, 0.015528, 25.7001, 0.00991666, -152.779
4003, 66.70834, 5.48963, -45.6401, 28.0012, -47.0133, 37.535, 134.778, 0.00115141, 34.7245, 0.0155579, 25.479, 0.00993903, -152.999
4003, 66.71667, 5.51062, -45.8605, 28.0522, -47.2367, 37.6141, 134.553, 0.00115693, 34.4867, 0.0155877, 25.2572, 0.00996135, -153.221
4004, 66.72500, 5.53165, -46.082, 28.103, -47.4609, 37.693, 134.328, 0.00116246, 34.2478, 0.0156173, 25.0346, 0.00998359, -153.443
4004, 66.73333, 5.55271, -46.3045, 28.1534, -47.6858, 37.7715, 134.102, 0.00116801, 34.0078, 0.0156468, 24.8112, 0.0100058, -153.667
4005, 66.74167, 5.5738, -46.528, 28.2036, -47.9115, 37.8498, 133.875, 0.00117358, 33.7668, 0.0156761, 24.587, 0.0100279, -153.891
4005, 66.75000, 5.59493, -46.7525, 28.2536, -48.138, 37.9278, 133.648, 0.00117916, 33.5247, 0.0157053, 24.3621, 0.0100499, -154.116
4005, 66.75833, 5.61608, -46.978, 28.3032, -48.3653, 38.0055, 133.419, 0.00118475, 33.2815, 0.0157343, 24.1364, 0.0100719, -154.341
4006, 66.76667, 5.63727, -47.2046, 28.3525, -48.5933, 38.0829, 133.19, 0.00119036, 33.0372, 0.0157631, 23.9099, 0.0100938, -154.568
4007, 66.77500, 5.65848, -47.4321, 28.4016, -48.8221, 38.1599, 132.96, 0.00119599, 32.7919, 0.0157918, 23.6827, 0.0101156, -154.795
4007, 66.78333, 5.67972, -47.6607, 28.4503, -49.0516, 38.2367, 132.729, 0.00120163, 32.5455, 0.0158203, 23.4548, 0.0101374, -155.023
4008, 66.79166, 5.70099, -47.8902, 28.4987, -49.2819, 38.3131, 132.498, 0.00120728, 32.2981, 0.0158487, 23.226, 0.010159, -155.252
4008, 66.80000, 5.72228, -48.1208, 28.5468, -49.5129, 38.3892, 132.266, 0.00121295, 32.0496, 0.0158769, 22.9966, 0.0101806, -155.481
4009, 66.80833, 5.74359, -48.3523, 28.5946, -49.7447, 38.465, 132.033, 0.00121863, 31.8, 0.0159049, 22.7664, 0.0102021, -155.712
4009, 66.81667, 5.76493, -48.5849, 28.642, -49.9772, 38.5404, 131.799, 0.00122432, 31.5494, 0.0159327, 22.5354, 0.0102235, -155.943
4010, 66.82500, 5.78629, -48.8184, 28.6892, -50.2104, 38.6154, 131.564, 0.00123003, 31.2977, 0.0159604, 22.3037, 0.0102449, -156.175
4010, 66.83334, 5.80767, -49.0529, 28.7359, -50.4444, 38.6901, 131.329, 0.00123575, 31.045, 0.0159878, 22.0713, 0.0102661, -156.407
4011, 66.84167, 5.82906, -49.2884, 28.7824, -50.6792, 38.7644, 131.092, 0.00124148, 30.7912, 0.0160151, 21.8382, 0.0102872, -156.641
4011, 66.85000, 5.85048, -49.5249, 28.8284, -50.9146, 38.8383, 130.855, 0.00124722, 30.5364, 0.0160422, 21.6043, 0.0103083, -156.875
4012, 66.85833, 5.87191, -49.7624, 28.8742, -51.1507, 38.9118, 130.618, 0.00125298, 30.2805, 0.016069, 21.3698, 0.0103292, -157.11
4012, 66.86667, 5.89335, -50.0008, 28.9195, -51.3876, 38.985, 130.379, 0.00125875, 30.0236, 0.0160957, 21.1344, 0.0103501, -157.346
4013, 66.87500, 5.91481, -50.2403, 28.9645, -51.6252, 39.0577, 130.14, 0.00126453, 29.7657, 0.0161222, 20.8985, 0.0103708, -157.582
4013, 66.88333, 5.93628, -50.4806, 29.0091, -51.8635, 39.13, 129.9, 0.00127032, 29.5068, 0.0161484, 20.6618, 0.0103914, -157.819
4013, 66.89167, 5.95776, -50.722, 29.0533, -52.1025, 39.2018, 129.66, 0.00127612, 29.2468, 0.0161745, 20.4243, 0.010412, -158.057
4014, 66.90000, 5.97925, -50.9644, 29.0972, -52.3422, 39.2733, 129.418, 0.00128193, 28.9858, 0.0162003, 20.1863, 0.0104324, -158.296
4015, 66.90833, 6.00075, -51.2076, 29.1406, -52.5825, 39.3443, 129.176, 0.00128775, 28.7238, 0.0162259, 19.9475, 0.0104527, -158.535
4015, 66.91666, 6.02226, -51.4519, 29.1836, -52.8236, 39.4148, 128.933, 0.00129358, 28.4607, 0.0162513, 19.708, 0.0104729, -158.775
4016, 66.92500, 6.04377, -51.6971, 29.2263, -53.0653, 39.4849, 128.69, 0.00129943, 28.1967, 0.0162765, 19.4679, 0.010493, -159.016
4016, 66.93333, 6.06528, -51.9432, 29.2685, -53.3077, 39.5546, 128.445, 0.00130528, 27.9317, 0.0163014, 19.2271, 0.010513, -159.258
4017, 66.94167, 6.0868, -52.1904, 29.3103, -53.5508, 39.6237, 128.2, 0.00131114, 27.6656, 0.0163262, 18.9856, 0.0105328, -159.5
4017, 66.95000, 6.10832, -52.4384, 29.3516, -53.7946, 39.6924, 127.955, 0.001317, 27.3986, 0.0163506, 18.7435, 0.0105525, -159.743
4018, 66.95834, 6.12984, -52.6874, 29.3926, -54.039, 39.7606, 127.708, 0.00132288, 27.1306, 0.0163749, 18.5007, 0.0105721, -159.987
4018, 66.96667, 6.15136, -52.9373, 29.4331, -54.284, 39.8283, 127.461, 0.00132877, 26.8615, 0.0163989, 18.2572, 0.0105916, -160.231
4019, 66.97500, 6.17287, -53.1881, 29.4731, -54.5297, 39.8954, 127.214, 0.00133466, 26.5915, 0.0164226, 18.0131, 0.0106109, -160.476
4019, 66.98333, 6.19438, -53.4399, 29.5127, -54.7761, 39.9621, 126.965, 0.00134056, 26.3206, 0.0164461, 17.7684, 0.0106302, -160.722
4020, 66.99167, 6.21589, -53.6926, 29.5519, -55.023, 40.0282, 126.716, 0.00134647, 26.0486, 0.0164694, 17.5231, 0.0106492, -160.968
4020, 67.00000, 6.23738, -53.9461, 29.5906, -55.2706, 40.0938, 126.466, 0.00135238, 25.7757, 0.0164923, 17.2771, 0.0106682, -161.215
4021, 67.00833, 6.25887, -54.2006, 29.6288, -55.5188, 40.1589, 126.216, 0.0013583, 25.5019, 0.0165151, 17.0306, 0.010687, -161.463
4021, 67.01667, 6.28034, -54.456, 29.6666, -55.7677, 40.2234, 125.965, 0.00136423, 25.227, 0.0165375, 16.7833, 0.0107056, -161.711
4021, 67.02500, 6.30181, -54.7123, 29.7038, -56.0171, 40.2874, 125.713, 0.00137016, 24.9513, 0.0165597, 16.5356, 0.0107242, -161.96
4022, 67.03333, 6.32326, -54.9695, 29.7406, -56.2671, 40.3507, 125.461, 0.00137609, 24.6746, 0.0165817, 16.2872, 0.0107425, -162.21
4023, 67.04166, 6.34469, -55.2276, 29.7769, -56.5177, 40.4136, 125.208, 0.00138204, 24.3969, 0.0166033, 16.0382, 0.0107608, -162.461
4023, 67.05000, 6.36611, -55.4865, 29.8127, -56.7689, 40.4758, 124.954, 0.00138798, 24.1183, 0.0166247, 15.7886, 0.0107789, -162.711
4024, 67.05833, 6.38751, -55.7464, 29.848, -57.0207, 40.5375, 124.7, 0.00139393, 23.8389, 0.0166458, 15.5385, 0.0107968, -162.963
4024, 67.06667, 6.40889, -56.0071, 29.8828, -57.273, 40.5985, 124.445, 0.00139989, 23.5584, 0.0166667, 15.2878, 0.0108146, -163.215
4025, 67.07500, 6.43025, -56.2686, 29.9171, -57.5259, 40.659, 124.189, 0.00140585, 23.2771, 0.0166872, 15.0366, 0.0108322, -163.468
4025, 67.08334, 6.45159, -56.531, 29.9508, -57.7794, 40.7188, 123.933, 0.00141181, 22.9949, 0.0167075, 14.7848, 0.0108496, -163.722
4026, 67.09167, 6.4729, -56.7943, 29.9841, -58.0334, 40.7781, 123.677, 0.00141777, 22.7117, 0.0167274, 14.5324, 0.0108669, -163.976
4026, 67.10000, 6.49419, -57.0584, 30.0168, -58.2879, 40.8366, 123.419, 0.00142374, 22.4277, 0.0167471, 14.2796, 0.0108841, -164.23
4027, 67.10833, 6.51545, -57.3234, 30.049, -58.543, 40.8946, 123.161, 0.00142971, 22.1428, 0.0167665, 14.0262, 0.0109011, -164.485
4027, 67.11667, 6.53668, -57.5892, 30.0806, -58.7986, 40.9519, 122.903, 0.00143568, 21.857, 0.0167855, 13.7722, 0.0109179, -164.741
4028, 67.12500, 6.55787, -57.8558, 30.1117, -59.0547, 41.0086, 122.644, 0.00144165, 21.5703, 0.0168043, 13.5178, 0.0109345, -164.997
4028, 67.13333, 6.57904, -58.1232, 30.1422, -59.3113, 41.0646, 122.384, 0.00144762, 21.2828, 0.0168227, 13.2629, 0.010951, -165.254
4029, 67.14167, 6.60017, -58.3914, 30.1722, -59.5684, 41.12, 122.124, 0.00145359, 20.9944, 0.0168409, 13.0074, 0.0109673, -165.512
4029, 67.15000, 6.62127, -58.6605, 30.2016, -59.826, 41.1746, 121.864, 0.00145957, 20.7052, 0.0168587, 12.7515, 0.0109834, -165.77
4029, 67.15833, 6.64233, -58.9303, 30.2305, -60.0841, 41.2286, 121.602, 0.00146554, 20.4151, 0.0168762, 12.4951, 0.0109994, -166.028
4030, 67.16666, 6.66335, -59.2009, 30.2588, -60.3427, 41.2819, 121.341, 0.00147151, 20.1242, 0.0168934, 12.2383, 0.0110152, -166.287
4031, 67.17500, 6.68433, -59.4723, 30.2865, -60.6017, 41.3345, 121.078, 0.00147748, 19.8325, 0.0169103, 11.9809, 0.0110308, -166.547
4031, 67.18333, 6.70527, -59.7445, 30.3136, -60.8611, 41.3864, 120.816, 0.00148345, 19.5399, 0.0169269, 11.7232, 0.0110462, -166.807
4032, 67.19167, 6.72617, -60.0175, 30.3401, -61.1211, 41.4376, 120.553, 0.00148942, 19.2466, 0.0169431, 11.465, 0.0110614, -167.068
4032, 67.20000, 6.74701, -60.2912, 30.3661, -61.3814, 41.4881, 120.289, 0.00149538, 18.9524, 0.016959, 11.2063, 0.0110764, -167.329
4033, 67.20834, 6.76782, -60.5656, 30.3914, -61.6422, 41.5379, 120.025, 0.00150134, 18.6574, 0.0169746, 10.9473, 0.0110913, -167.59
4033, 67.21667, 6.78857, -60.8409, 30.4162, -61.9034, 41.5869, 119.76, 0.0015073, 18.3617, 0.0169898, 10.6878, 0.0111059, -167.852
4034, 67.22500, 6.80928, -61.1168, 30.4404, -62.165, 41.6352, 119.495, 0.00151326, 18.0652, 0.0170047, 10.4279, 0.0111204, -168.115
4034, 67.23333, 6.82993, -61.3935, 30.4639, -62.427, 41.6828, 119.229, 0.00151921, 17.7679, 0.0170192, 10.1676, 0.0111347, -168.378
4035, 67.24167, 6.85053, -61.6709, 30.4869, -62.6894, 41.7296, 118.963, 0.00152516, 17.4698, 0.0170335, 9.90696, 0.0111488, -168.641
4035, 67.25000, 6.87108, -61.949, 30.5092, -62.9521, 41.7757, 118.697, 0.0015311, 17.171, 0.0170473, 9.64594, 0.0111627, -168.905
4036, 67.25833, 6.89157, -62.2278, 30.5309, -63.2153, 41.821, 118.43, 0.00153704, 16.8715, 0.0170608, 9.38455, 0.0111764, -169.17
4036, 67.26667, 6.912, -62.5073, 30.552, -63.4788, 41.8655, 118.162, 0.00154297, 16.5712, 0.017074, 9.12277, 0.0111898, -169.434
4037, 67.27500, 6.93237, -62.7875, 30.5724, -63.7426, 41.9093, 117.895, 0.0015489, 16.2702, 0.0170868, 8.86068, 0.0112031, -169.699
4037, 67.28333, 6.95268, -63.0683, 30.5922, -64.0068, 41.9523, 117.626, 0.00155482, 15.9684, 0.0170993, 8.59825, 0.0112162, -169.965
4037, 67.29166, 6.97294, -63.3499, 30.6114, -64.2713, 41.9945, 117.358, 0.00156073, 15.666, 0.0171114, 8.33547, 0.0112291, -170.231
4038, 67.30000, 6.99312, -63.6321, 30.63, -64.5362, 42.0359, 117.089, 0.00156664, 15.3629, 0.0171232, 8.0724, 0.0112417, -170.497
4039, 67.30833, 7.01324, -63.9149, 30.6479, -64.8013, 42.0765, 116.82, 0.00157254, 15.059, 0.0171346, 7.80903, 0.0112542, -170.764
4039, 67.31667, 7.03329, -64.1985, 30.6652, -65.0668, 42.1163, 116.55, 0.00157843, 14.7545, 0.0171456, 7.54533, 0.0112665, -171.031
4040, 67.32500, 7.05328, -64.4826, 30.6818, -65.3325, 42.1553, 116.28, 0.00158431, 14.4493, 0.0171563, 7.28137, 0.0112785, -171.298
4040, 67.33334, 7.07319, -64.7673, 30.6977, -65.5985, 42.1935, 116.009, 0.00159019, 14.1435, 0.0171666, 7.01714, 0.0112903, -171.566
4041, 67.34167, 7.09303, -65.0527, 30.713, -65.8649, 42.2309, 115.739, 0.00159605, 13.837, 0.0171765, 6.75262, 0.0113019, -171.834
4041, 67.35000, 7.1128, -65.3387, 30.7277, -66.1314, 42.2674, 115.468, 0.00160191, 13.5299, 0.0171861, 6.48787, 0.0113133, -172.103
4042, 67.35833, 7.13249, -65.6253, 30.7417, -66.3982, 42.3032, 115.196, 0.00160775, 13.2221, 0.0171953, 6.22289, 0.0113245, -172.372
4042, 67.36667, 7.15211, -65.9125, 30.755, -66.6652, 42.3381, 114.925, 0.00161359, 12.9137, 0.0172041, 5.95763, 0.0113355, -172.641
4043, 67.37500, 7.17165, -66.2003, 30.7677, -66.9325, 42.3722, 114.653, 0.00161942, 12.6047, 0.0172125, 5.69219, 0.0113462, -172.91
4043, 67.38333, 7.19111, -66.4886, 30.7796, -67.2, 42.4054, 114.38, 0.00162523, 12.2951, 0.0172206, 5.42654, 0.0113567, -173.18
4044, 67.39167, 7.2105, -66.7775, 30.791, -67.4677, 42.4378, 114.108, 0.00163103, 11.9848, 0.0172283, 5.16065, 0.011367, -173.45
4044, 67.40000, 7.22979, -67.0669, 30.8016, -67.7355, 42.4693, 113.835, 0.00163682, 11.674, 0.0172356, 4.89461, 0.0113771, -173.72
4045, 67.40833, 7.24901, -67.3569, 30.8116, -68.0036, 42.5, 113.562, 0.0016426, 11.3627, 0.0172425, 4.62839, 0.011387, -173.99
4045, 67.41666, 7.26814, -67.6475, 30.8209, -68.2719, 42.5299, 113.289, 0.00164837, 11.0507, 0.0172491, 4.36197, 0.0113966, -174.261
4045, 67.42500, 7.28718, -67.9385, 30.8295, -68.5403, 42.5588, 113.015, 0.00165412, 10.7382, 0.0172553, 4.09542, 0.011406, -174.532
4046, 67.43333, 7.30614, -68.2301, 30.8374, -68.8088, 42.5869, 112.741, 0.00165986, 10.4252, 0.017261, 3.82873, 0.0114151, -174.803
4047, 67.44167, 7.32501, -68.5222, 30.8447, -69.0775, 42.6142, 112.467, 0.00166559, 10.1116, 0.0172665, 3.56188, 0.0114241, -175.075
4047, 67.45000, 7.34379, -68.8147, 30.8513, -69.3463, 42.6406, 112.193, 0.0016713, 9.79748, 0.0172715, 3.29493, 0.0114328, -175.346
4048, 67.45834, 7.36247, -69.1078, 30.8571, -69.6152, 42.6661, 111.919, 0.00167699, 9.48287, 0.0172761, 3.02787, 0.0114413, -175.618
4048, 67.46667, 7.38107, -69.4013, 30.8623, -69.8843, 42.6907, 111.644, 0.00168268, 9.16772, 0.0172803, 2.76068, 0.0114495, -175.89
4049, 67.47500, 7.39957, -69.6953, 30.8668, -70.1535, 42.7145, 111.37, 0.00168834, 8.85211, 0.0172842, 2.49343, 0.0114575, -176.162
4049, 67.48333, 7.41797, -69.9898, 30.8707, -70.4227, 42.7374, 111.095, 0.001694, 8.53602, 0.0172877, 2.2261, 0.0114653, -176.435
4050, 67.49167, 7.43628, -70.2847, 30.8738, -70.692, 42.7594, 110.82, 0.00169963, 8.21941, 0.0172908, 1.95867, 0.0114729, -176.707
4050, 67.50000, 7.45449, -70.58, 30.8762, -70.9614, 42.7805, 110.544, 0.00170525, 7.90238, 0.0172934, 1.69121, 0.0114802, -176.98
4051, 67.50833, 7.4726, -70.8758, 30.878, -71.2308, 42.8008, 110.269, 0.00171085, 7.58489, 0.0172957, 1.42371, 0.0114873, -177.253
4051, 67.51667, 7.49061, -71.172, 30.879, -71.5002, 42.8201, 109.994, 0.00171644, 7.26692, 0.0172977, 1.15615, 0.0114941, -177.526
4052, 67.52500, 7.50851, -71.4686, 30.8794, -71.7697, 42.8386, 109.718, 0.00172201, 6.94855, 0.0172992, 0.888595, 0.0115007, -177.799
4052, 67.53333, 7.52632, -71.7656, 30.879, -72.0392, 42.8561, 109.443, 0.00172756, 6.62976, 0.0173003, 0.621028, 0.0115071, -178.072
4053, 67.54166, 7.54402, -72.063, 30.878, -72.3088, 42.8728, 109.167, 0.00173309, 6.31052, 0.017301, 0.353429, 0.0115132, -178.345
4053, 67.55000, 7.56161, -72.3607, 30.8763, -72.5783, 42.8886, 108.891, 0.00173861, 5.99092, 0.0173014, 0.0858729, 0.0115191, -178.618
4053, 67.55833, 7.5791, -72.6588, 30.8739, -72.8477, 42.9035, 108.615, 0.0017441, 5.67092, 0.0173013, -0.181661, 0.0115248, -178.892
4054, 67.56667, 7.59649, -72.9574, 30.8708, -73.1172, 42.9174, 108.339, 0.00174958, 5.35051, 0.0173009, -0.449192, 0.0115302, -179.165
4055, 67.57500, 7.61376, -73.2562, 30.867, -73.3867, 42.9305, 108.063, 0.00175504, 5.02976, 0.0173001, -0.716647, 0.0115354, -179.439
4055, 67.58334, 7.63092, -73.5553, 30.8625, -73.656, 42.9427, 107.787, 0.00176047, 4.70864, 0.0172988, -0.984046, 0.0115403, -179.712
4056, 67.59167, 7.64798, -73.8549, 30.8573, -73.9254, 42.954, 107.511, 0.00176589, 4.38714, 0.0172972, -1.25141, 0.011545, -179.986
4056, 67.60000, 7.66492, -74.1547, 30.8514, -74.1946, 42.9644, 107.235, 0.00177129, 4.06534, 0.0172952, -1.51866, 0.0115495, 179.74
4057, 67.60833, 7.68175, -74.4548, 30.8448, -74.4638, 42.9739, 106.959, 0.00177666, 3.7432, 0.0172928, -1.78583, 0.0115537, 179.467
4057, 67.61667, 7.69847, -74.7553, 30.8376, -74.7329, 42.9825, 106.683, 0.00178202, 3.42071, 0.01729, -2.05292, 0.0115577, 179.193
4058, 67.62500, 7.71507, -75.056, 30.8296, -75.0018, 42.9902, 106.407, 0.00178735, 3.09795, 0.0172868, -2.31987, 0.0115615, 178.92
4058, 67.63333, 7.73156, -75.357, 30.821, -75.2707, 42.997, 106.131, 0.00179267, 2.77489, 0.0172833, -2.5867, 0.011565, 178.646
4059, 67.64167, 7.74793, -75.6583, 30.8117, -75.5394, 43.0029, 105.854, 0.00179796, 2.45149, 0.0172793, -2.85342, 0.0115682, 178.372
4059, 67.65000, 7.76418, -75.9598, 30.8017, -75.808, 43.008, 105.579, 0.00180323, 2.12786, 0.017275, -3.11997, 0.0115713, 178.099
4060, 67.65833, 7.78032, -76.2616, 30.791, -76.0765, 43.0121, 105.303, 0.00180847, 1.80396, 0.0172703, -3.38636, 0.0115741, 177.825
4060, 67.66666, 7.79633, -76.5636, 30.7796, -76.3448, 43.0153, 105.027, 0.0018137, 1.47976, 0.0172651, -3.65261, 0.0115766, 177.552
4061, 67.67500, 7.81223, -76.8658, 30.7676, -76.6129, 43.0176, 104.751, 0.0018189, 1.15536, 0.0172596, -3.91865, 0.0115789, 177.279
4061, 67.68333, 7.82801, -77.1683, 30.7548, -76.8808, 43.0191, 104.475, 0.00182408, 0.830711, 0.0172537, -4.18451, 0.011581, 177.005
4061, 67.69167, 7.84366, -77.471, 30.7414, -77.1486, 43.0196, 104.2, 0.00182923, 0.505797, 0.0172475, -4.45019, 0.0115828, 176.732
4062, 67.70000, 7.8592, -77.7739, 30.7273, -77.4161, 43.0193, 103.924, 0.00183436, 0.180704, 0.0172408, -4.71563, 0.0115844, 176.459
4063, 67.70834, 7.87461, -78.077, 30.7126, -77.6834, 43.018, 103.649, 0.00183947, -0.144597, 0.0172338, -4.98085, 0.0115858, 176.186
4063, 67.71667, 7.8899, -78.3802, 30.6972, -77.9505, 43.0159, 103.373, 0.00184455, -0.470135, 0.0172264, -5.24587, 0.0115869, 175.913
4064, 67.72500, 7.90506, -78.6837, 30.6811, -78.2174, 43.0129, 103.098, 0.00184961, -0.795823, 0.0172186, -5.51061, 0.0115878, 175.641
4064, 67.73333, 7.9201, -78.9873, 30.6643, -78.484, 43.009, 102.823, 0.00185464, -1.12169, 0.0172104, -5.7751, 0.0115884, 175.368
4065, 67.74167, 7.93502, -79.291, 30.6469, -78.7504, 43.0043, 102.549, 0.00185965, -1.44776, 0.0172019, -6.03936, 0.0115888, 175.096
4065, 67.75000, 7.94981, -79.5949, 30.6288, -79.0165, 42.9986, 102.274, 0.00186464, -1.77396, 0.0171929, -6.3033, 0.011589, 174.823
4066, 67.75833, 7.96447, -79.899, 30.6101, -79.2823, 42.9921, 101.999, 0.00186959, -2.1003, 0.0171837, -6.56697, 0.0115889, 174.551
4066, 67.76667, 7.979, -80.2032, 30.5907, -79.5478, 42.9847, 101.725, 0.00187453, -2.42682, 0.017174, -6.83036, 0.0115886, 174.279
4066, 67.77500, 7.99341, -80.5074, 30.5707, -79.813, 42.9765, 101.451, 0.00187943, -2.75344, 0.0171639, -7.09342, 0.0115881, 174.008
4067, 67.78333, 8.00769, -80.8118, 30.55, -80.078, 42.9673, 101.177, 0.00188431, -3.08017, 0.0171535, -7.35616, 0.0115873, 173.736
4068, 67.79166, 8.02184, -81.1163, 30.5287, -80.3426, 42.9573, 100.903, 0.00188917, -3.40705, 0.0171428, -7.6186, 0.0115863, 173.465
4068, 67.80000, 8.03587, -81.4209, 30.5067, -80.6069, 42.9465, 100.63, 0.001894, -3.734, 0.0171316, -7.88067, 0.0115851, 173.194
4069, 67.80833, 8.04976, -81.7255, 30.4841, -80.8708, 42.9348, 100.357, 0.0018988, -4.06104, 0.0171201, -8.1424, 0.0115836, 172.923
4069, 67.81667, 8.06353, -82.0303, 30.4608, -81.1344, 42.9223, 100.084, 0.00190357, -4.3882, 0.0171083, -8.4038, 0.0115819, 172.652
4069, 67.82500, 8.07716, -82.3351, 30.437, -81.3976, 42.9089, 99.8108, 0.00190832, -4.71539, 0.0170961, -8.6648, 0.01158, 172.382
4070, 67.83334, 8.09066, -82.6399, 30.4125, -81.6605, 42.8946, 99.5383, 0.00191304, -5.04265, 0.0170835, -8.92542, 0.0115779, 172.112
4071, 67.84167, 8.10404, -82.9449, 30.3873, -81.923, 42.8795, 99.2661, 0.00191774, -5.37, 0.0170706, -9.18568, 0.0115755, 171.842
4071, 67.85000, 8.11728, -83.2498, 30.3616, -82.1851, 42.8636, 98.9941, 0.0019224, -5.69736, 0.0170573, -9.44552, 0.0115729, 171.572
4072, 67.85833, 8.13039, -83.5547, 30.3353, -82.4468, 42.8468, 98.7224, 0.00192704, -6.02476, 0.0170436, -9.70494, 0.0115701, 171.303
4072, 67.86667, 8.14337, -83.8597, 30.3083, -82.7081, 42.8293, 98.451, 0.00193165, -6.35223, 0.0170297, -9.96399, 0.011567, 171.034
4073, 67.87500, 8.15621, -84.1647, 30.2807, -82.969, 42.8108, 98.1799, 0.00193624, -6.67967, 0.0170153, -10.2226, 0.0115637, 170.765
4073, 67.88333, 8.16893, -84.4697, 30.2525, -83.2294, 42.7916, 97.9091, 0.00194079, -7.00713, 0.0170007, -10.4807, 0.0115602, 170.496
4074, 67.89167, 8.18151, -84.7747, 30.2238, -83.4895, 42.7716, 97.6387, 0.00194532, -7.33462, 0.0169857, -10.7384, 0.0115565, 170.228
4074, 67.90000, 8.19396, -85.0797, 30.1944, -83.7491, 42.7507, 97.3685, 0.00194982, -7.66208, 0.0169703, -10.9957, 0.0115526, 169.96
4074, 67.90833, 8.20628, -85.3847, 30.1644, -84.0082, 42.7291, 97.0987, 0.00195429, -7.98951, 0.0169546, -11.2525, 0.0115484, 169.693
4075, 67.91666, 8.21846, -85.6896, 30.1339, -84.2669, 42.7066, 96.8292, 0.00195873, -8.31697, 0.0169386, -11.5088, 0.0115441, 169.426
4076, 67.92500, 8.23051, -85.9945, 30.1028, -84.525, 42.6833, 96.5601, 0.00196315, -8.64435, 0.0169223, -11.7646, 0.0115395, 169.159
4076, 67.93333, 8.24243, -86.2994, 30.0711, -84.7827, 42.6593, 96.2914, 0.00196753, -8.97169, 0.0169056, -12.02, 0.0115347, 168.892
4077, 67.94167, 8.25422, -86.6042, 30.0388, -85.04, 42.6345, 96.023, 0.00197189, -9.29902, 0.0168886, -12.2748, 0.0115297, 168.626
4077, 67.95000, 8.26587, -86.9089, 30.006, -85.2967, 42.6088, 95.755, 0.00197622, -9.62626, 0.0168712, -12.5292, 0.0115244, 168.361
4078, 67.95834, 8.27739, -87.2136, 29.9726, -85.5529, 42.5825, 95.4874, 0.00198051, -9.95343, 0.0168536, -12.783, 0.011519, 168.095
4078, 67.96667, 8.28878, -87.5182, 29.9387, -85.8086, 42.5553, 95.2201, 0.00198478, -10.2806, 0.0168356, -13.0363, 0.0115134, 167.83
4079, 67.97500, 8.30003, -87.8227, 29.9042, -86.0638, 42.5274, 94.9532, 0.00198902, -10.6076, 0.0168173, -13.289, 0.0115075, 167.566
4079, 67.98333, 8.31115, -88.1272, 29.8691, -86.3184, 42.4987, 94.6868, 0.00199323, -10.9345, 0.0167987, -13.5412, 0.0115015, 167.301
4080, 67.99167, 8.32214, -88.4315, 29.8335, -86.5726, 42.4693, 94.4208, 0.00199742, -11.2614, 0.0167798, -13.7929, 0.0114952, 167.038
4080, 68.00000, 8.333, -88.7357, 29.7974, -86.8261, 42.4391, 94.1552, 0.00200157, -11.5881, 0.0167606, -14.044, 0.0114887, 166.774
4081, 68.00833, 8.34372, -89.0398, 29.7608, -87.0791, 42.4082, 93.89, 0.00200569, -11.9148, 0.0167411, -14.2945, 0.0114821, 166.511
4081, 68.01667, 8.35431, -89.3439, 29.7236, -87.3316, 42.3765, 93.6252, 0.00200979, -12.2413, 0.0167213, -14.5445, 0.0114752, 166.249
4082, 68.02500, 8.36476, -89.6477, 29.6859, -87.5835, 42.3442, 93.3609, 0.00201385, -12.5677, 0.0167012, -14.7939, 0.0114681, 165.987
4082, 68.03333, 8.37509, -89.9515, 29.6477, -87.8347, 42.3111, 93.097, 0.00201788, -12.8939, 0.0166807, -15.0426, 0.0114609, 165.725
4082, 68.04166, 8.38528, -90.2551, 29.609, -88.0855, 42.2772, 92.8336, 0.00202189, -13.2201, 0.01666, -15.2908, 0.0114534, 165.464
4083, 68.05000, 8.39534, -90.5585, 29.5697, -88.3356, 42.2427, 92.5707, 0.00202587, -13.5461, 0.016639, -15.5384, 0.0114457, 165.203
4084, 68.05833, 8.40527, -90.8618, 29.53, -88.5851, 42.2075, 92.3082, 0.00202981, -13.8719, 0.0166178, -15.7854, 0.0114379, 164.943
4084, 68.06667, 8.41507, -91.165, 29.4898, -88.834, 42.1716, 92.0462, 0.00203373, -14.1976, 0.0165962, -16.0317, 0.0114299, 164.683
4085, 68.07500, 8.42473, -91.468, 29.4491, -89.0823, 42.135, 91.7846, 0.00203761, -14.523, 0.0165744, -16.2774, 0.0114216, 164.424
4085, 68.08334, 8.43427, -91.7708, 29.4079, -89.3299, 42.0977, 91.5236, 0.00204147, -14.8484, 0.0165522, -16.5225, 0.0114132, 164.165
4086, 68.09167, 8.44367, -92.0734, 29.3663, -89.577, 42.0597, 91.263, 0.0020453, -15.1735, 0.0165299, -16.7669, 0.0114046, 163.907
4086, 68.10000, 8.45294, -92.3759, 29.3241, -89.8234, 42.021, 91.003, 0.0020491, -15.4985, 0.0165072, -17.0107, 0.0113958, 163.649
4087, 68.10833, 8.46209, -92.6781, 29.2815, -90.0691, 41.9817, 90.7434, 0.00205286, -15.8232, 0.0164843, -17.2538, 0.0113869, 163.391
4087, 68.11667, 8.4711, -92.9802, 29.2385, -90.3142, 41.9417, 90.4843, 0.0020566, -16.1478, 0.0164611, -17.4963, 0.0113777, 163.134
4088, 68.12500, 8.47998, -93.2821, 29.195, -90.5587, 41.9011, 90.2258, 0.00206031, -16.4722, 0.0164376, -17.7381, 0.0113684, 162.878
4088, 68.13333, 8.48874, -93.5838, 29.151, -90.8024, 41.8599, 89.9678, 0.00206399, -16.7963, 0.0164139, -17.9791, 0.0113589, 162.622
4089, 68.14167, 8.49736, -93.8852, 29.1066, -91.0455, 41.818, 89.7103, 0.00206764, -17.1203, 0.0163899, -18.2196, 0.0113492, 162.367
4089, 68.15000, 8.50586, -94.1865, 29.0618, -91.288, 41.7754, 89.4534, 0.00207126, -17.444, 0.0163657, -18.4593, 0.0113394, 162.112
4090, 68.15833, 8.51423, -94.4875, 29.0165, -91.5297, 41.7323, 89.197, 0.00207484, -17.7674, 0.0163412, -18.6983, 0.0113293, 161.858
4090, 68.16666, 8.52247, -94.7883, 28.9709, -91.7708, 41.6885, 88.9411, 0.0020784, -18.0907, 0.0163165, -18.9367, 0.0113191, 161.604
4090, 68.17500, 8.53059, -95.0888, 28.9248, -92.0111, 41.6441, 88.6857, 0.00208193, -18.4137, 0.0162916, -19.1743, 0.0113088, 161.351
4091, 68.18333, 8.53858, -95.3891, 28.8782, -92.2508, 41.5991, 88.431, 0.00208544, -18.7364, 0.0162664, -19.4112, 0.0112982, 161.098
4092, 68.19167, 8.54644, -95.6892, 28.8313, -92.4898, 41.5535, 88.1767, 0.00208891, -19.059, 0.016241, -19.6474, 0.0112876, 160.846
4092, 68.20000, 8.55417, -95.989, 28.784, -92.728, 41.5074, 87.9231, 0.00209235, -19.3812, 0.0162153, -19.8828, 0.0112767, 160.594
4093, 68.20834, 8.56178, -96.2886, 28.7363, -92.9655, 41.4606, 87.67, 0.00209576, -19.7032, 0.0161894, -20.1175, 0.0112657, 160.343
4093, 68.21667, 8.56927, -96.5879, 28.6882, -93.2023, 41.4133, 87.4175, 0.00209914, -20.025, 0.0161633, -20.3515, 0.0112545, 160.093
4094, 68.22500, 8.57663, -96.887, 28.6397, -93.4384, 41.3654, 87.1655, 0.0021025, -20.3464, 0.016137, -20.5848, 0.0112432, 159.843
4094, 68.23333, 8.58387, -97.1857, 28.5908, -93.6737, 41.3169, 86.9142, 0.00210582, -20.6676, 0.0161104, -20.8172, 0.0112317, 159.594
4095, 68.24167, 8.59098, -97.4843, 28.5416, -93.9083, 41.2679, 86.6634, 0.00210912, -20.9885, 0.0160836, -21.049, 0.01122, 159.345
4095, 68.25000, 8.59797, -97.7825, 28.492, -94.1422, 41.2183, 86.4132, 0.00211238, -21.3091, 0.0160567, -21.28, 0.0112082, 159.097
4096, 68.25833, 8.60484, -98.0804, 28.442, -94.3753, 41.1682, 86.1636, 0.00211562, -21.6294, 0.0160295, -21.5101, 0.0111963, 158.849
4096, 68.26667, 8.61159, -98.3781, 28.3917, -94.6077, 41.1176, 85.9146, 0.00211883, -21.9495, 0.0160021, -21.7396, 0.0111842, 158.602
4097, 68.27500, 8.61821, -98.6755, 28.341, -94.8392, 41.0664, 85.6662, 0.00212201, -22.2692, 0.0159745, -21.9683, 0.011172, 158.356
4097, 68.28333, 8.62472, -98.9726, 28.29, -95.0701, 41.0148, 85.4184, 0.00212515, -22.5886, 0.0159467, -22.1961, 0.0111596, 158.11
4098, 68.29166, 8.6311, -99.2694, 28.2387, -95.3001, 40.9626, 85.1712, 0.00212828, -22.9078, 0.0159187, -22.4232, 0.0111471, 157.865
4098, 68.30000, 8.63737, -99.5659, 28.187, -95.5294, 40.9099, 84.9246, 0.00213137, -23.2266, 0.0158905, -22.6495, 0.0111344, 157.621
4098, 68.30833, 8.64352, -99.8621, 28.135, -95.7579, 40.8567, 84.6786, 0.00213443, -23.545, 0.0158621, -22.875, 0.0111216, 157.377
4099, 68.31667, 8.64955, -100.158, 28.0827, -95.9856, 40.803, 84.4333, 0.00213747, -23.8632, 0.0158336, -23.0998, 0.0111086, 157.133
4100, 68.32500, 8.65546, -100.454, 28.03, -96.2126, 40.7488, 84.1886, 0.00214047, -24.1811, 0.0158048, -23.3237, 0.0110956, 156.891
4100, 68.33334, 8.66125, -100.749, 27.9771, -96.4387, 40.6942, 83.9445, 0.00214345, -24.4986, 0.0157759, -23.5467, 0.0110824, 156.648
4101, 68.34167, 8.66693, -101.044, 27.9239, -96.6641, 40.639, 83.701, 0.0021464, -24.8158, 0.0157468, -23.769, 0.011069, 156.407
4101, 68.35000, 8.67249, -101.338, 27.8703, -96.8886, 40.5835, 83.4581, 0.00214932, -25.1327, 0.0157176, -23.9905, 0.0110555, 156.166
4102, 68.35833, 8.67794, -101.633, 27.8165, -97.1124, 40.5274, 83.2159, 0.00215222, -25.4492, 0.0156881, -24.2111, 0.0110419, 155.926
4102, 68.36667, 8.68327, -101.927, 27.7624, -97.3353, 40.4709, 82.9743, 0.00215508, -25.7654, 0.0156585, -24.431, 0.0110282, 155.686
4103, 68.37500, 8.68849, -102.22, 27.708, -97.5574, 40.414, 82.7334, 0.00215792, -26.0812, 0.0156287, -24.65, 0.0110144, 155.447
4103, 68.38333, 8.69359, -102.514, 27.6533, -97.7787, 40.3567, 82.4931, 0.00216073, -26.3966, 0.0155988, -24.8681, 0.0110004, 155.209
4104, 68.39167, 8.69859, -102.807, 27.5984, -97.9993, 40.2989, 82.2535, 0.00216351, -26.7118, 0.0155687, -25.0855, 0.0109863, 154.971
4104, 68.40000, 8.70347, -103.099, 27.5432, -98.2189, 40.2407, 82.0145, 0.00216626, -27.0266, 0.0155385, -25.302, 0.0109721, 154.734
4105, 68.40833, 8.70824, -103.391, 27.4878, -98.4378, 40.182, 81.7761, 0.00216899, -27.341, 0.0155081, -25.5176, 0.0109577, 154.498
4105, 68.41666, 8.7129, -103.683, 27.4321, -98.6558, 40.123, 81.5384, 0.00217169, -27.6551, 0.0154776, -25.7324, 0.0109433, 154.262
4106, 68.42500, 8.71745, -103.975, 27.3761, -98.873, 40.0635, 81.3014, 0.00217436, -27.9687, 0.0154469, -25.9464, 0.0109287, 154.027
4106, 68.43333, 8.72189, -104.266, 27.3199, -99.0894, 40.0037, 81.065, 0.00217701, -28.282, 0.0154161, -26.1595, 0.0109141, 153.792
4106, 68.44167, 8.72622, -104.557, 27.2635, -99.3049, 39.9435, 80.8292, 0.00217963, -28.595, 0.0153851, -26.3717, 0.0108993, 153.558
4107, 68.45000, 8.73045, -104.848, 27.2069, -99.5196, 39.8829, 80.5942, 0.00218222, -28.9076, 0.015354, -26.5831, 0.0108844, 153.325
4108, 68.45834, 8.73456, -105.138, 27.15, -99.7334, 39.8219, 80.3598, 0.00218478, -29.2198, 0.0153228, -26.7936, 0.0108694, 153.093
4108, 68.46667, 8.73857, -105.428, 27.0929, -99.9464, 39.7606, 80.126, 0.00218732, -29.5317, 0.0152914, -27.0033, 0.0108543, 152.861
4109, 68.47500, 8.74248, -105.717, 27.0356, -100.159, 39.6989, 79.893, 0.00218983, -29.8431, 0.01526, -27.2121, 0.0108391, 152.63
4109, 68.48333, 8.74628, -106.006, 26.9781, -100.37, 39.6368, 79.6606, 0.00219231, -30.1542, 0.0152284, -27.42, 0.0108238, 152.399
4110, 68.49167, 8.74998, -106.295, 26.9204, -100.58, 39.5744, 79.4288, 0.00219477, -30.4649, 0.0151966, -27.6271, 0.0108084, 152.169
4110, 68.50000, 8.75357, -106.583, 26.8625, -100.79, 39.5117, 79.1977, 0.0021972, -30.7752, 0.0151648, -27.8332, 0.0107929, 151.94
4111, 68.50833, 8.75706, -106.871, 26.8044, -100.999, 39.4486, 78.9673, 0.00219961, -31.0851, 0.0151328, -28.0385, 0.0107773, 151.711
4111, 68.51667, 8.76045, -107.159, 26.7461, -101.207, 39.3852, 78.7376, 0.00220199, -31.3946, 0.0151008, -28.243, 0.0107616, 151.484
4112, 68.52500, 8.76373, -107.446, 26.6876, -101.414, 39.3214, 78.5086, 0.00220434, -31.7037, 0.0150686, -28.4465, 0.0107458, 151.256
4112, 68.53333, 8.76692, -107.733, 26.629, -101.62, 39.2574, 78.2802, 0.00220667, -32.0124, 0.0150363, -28.6491, 0.0107299, 151.03
4113, 68.54166, 8.77, -108.02, 26.5702, -101.825, 39.193, 78.0525, 0.00220897, -32.3208, 0.0150039, -28.8509, 0.010714, 150.804
4113, 68.55000, 8.77299, -108.306, 26.5112, -102.029, 39.1284, 77.8255, 0.00221125, -32.6287, 0.0149715, -29.0517, 0.0106979, 150.579
4114, 68.55833, 8.77588, -108.591, 26.452, -102.233, 39.0634, 77.5992, 0.0022135, -32.9363, 0.0149389, -29.2517, 0.0106818, 150.354
4114, 68.56667, 8.77867, -108.877, 26.3927, -102.436, 38.9981, 77.3735, 0.00221573, -33.2434, 0.0149062, -29.4508, 0.0106656, 150.13
4114, 68.57500, 8.78136, -109.162, 26.3333, -102.637, 38.9326, 77.1485, 0.00221793, -33.5501, 0.0148735, -29.649, 0.0106493, 149.907
4115, 68.58334, 8.78396, -109.446, 26.2737, -102.838, 38.8668, 76.9243, 0.00222011, -33.8565, 0.0148406, -29.8463, 0.0106329, 149.685
4116, 68.59167, 8.78646, -109.731, 26.214, -103.038, 38.8007, 76.7006, 0.00222226, -34.1624, 0.0148077, -30.0427, 0.0106164, 149.463
4116, 68.60000, 8.78886, -110.014, 26.1541, -103.237, 38.7343, 76.4777, 0.00222439, -34.4679, 0.0147747, -30.2381, 0.0105999, 149.242
4117, 68.60833, 8.79118, -110.298, 26.0941, -103.436, 38.6677, 76.2555, 0.00222649, -34.773, 0.0147416, -30.4327, 0.0105832, 149.021
4117, 68.61667, 8.79339, -110.581, 26.0339, -103.633, 38.6008, 76.0339, 0.00222857, -35.0777, 0.0147084, -30.6264, 0.0105665, 148.801
4118, 68.62500, 8.79552, -110.863, 25.9737, -103.829, 38.5337, 75.8131, 0.00223062, -35.382, 0.0146752, -30.8191, 0.0105498, 148.582
4118, 68.63333, 8.79755, -111.146, 25.9133, -104.025, 38.4663, 75.5929, 0.00223265, -35.6859, 0.0146418, -31.011, 0.0105329, 148.364
4119, 68.64167, 8.79949, -111.428, 25.8528, -104.22, 38.3987, 75.3734, 0.00223466, -35.9893, 0.0146085, -31.202, 0.010516, 148.146
4119, 68.65000, 8.80134, -111.709, 25.7922, -104.414, 38.3309, 75.1546, 0.00223664, -36.2924, 0.014575, -31.392, 0.0104991, 147.929
4120, 68.65833, 8.80311, -111.99, 25.7315, -104.607, 38.2628, 74.9365, 0.0022386, -36.595, 0.0145415, -31.5811, 0.010482, 147.712
4120, 68.66666, 8.80478, -112.271, 25.6707, -104.799, 38.1945, 74.7191, 0.00224053, -36.8972, 0.0145079, -31.7693, 0.0104649, 147.497
4121, 68.67500, 8.80636, -112.551, 25.6099, -104.99, 38.126, 74.5023, 0.00224245, -37.199, 0.0144743, -31.9566, 0.0104477, 147.281
4121, 68.68333, 8.80786, -112.831, 25.5489, -105.18, 38.0573, 74.2863, 0.00224433, -37.5003, 0.0144406, -32.143, 0.0104305, 147.067
4122, 68.69167, 8.80927, -113.111, 25.4878, -105.369, 37.9884, 74.0709, 0.0022462, -37.8013, 0.0144068, -32.3284, 0.0104132, 146.853
4122, 68.70000, 8.81059, -113.39, 25.4266, -105.558, 37.9193, 73.8563, 0.00224804, -38.1018, 0.014373, -32.513, 0.0103958, 146.64
4122, 68.70834, 8.81183, -113.668, 25.3654, -105.745, 37.85, 73.6423, 0.00224986, -38.4019, 0.0143392, -32.6966, 0.0103784, 146.428
4123, 68.71667, 8.81298, -113.947, 25.3041, -105.932, 37.7805, 73.429, 0.00225166, -38.7016, 0.0143053, -32.8793, 0.0103609, 146.216
4124, 68.72500, 8.81404, -114.225, 25.2427, -106.118, 37.7108, 73.2164, 0.00225343, -39.0009, 0.0142713, -33.061, 0.0103434, 146.005
4124, 68.73333, 8.81503, -114.502, 25.1813, -106.303, 37.6409, 73.0045, 0.00225518, -39.2997, 0.0142374, -33.2419, 0.0103258, 145.795
4125, 68.74167, 8.81593, -114.779, 25.1198, -106.487, 37.5709, 72.7932, 0.00225691, -39.5981, 0.0142033, -33.4218, 0.0103082, 145.585
4125, 68.75000, 8.81675, -115.056, 25.0582, -106.67, 37.5007, 72.5827, 0.00225862, -39.8961, 0.0141693, -33.6008, 0.0102905, 145.377
4126, 68.75833, 8.81749, -115.332, 24.9966, -106.852, 37.4303, 72.3729, 0.00226031, -40.1937, 0.0141352, -33.7789, 0.0102727, 145.168
4126, 68.76667, 8.81814, -115.608, 24.935, -107.033, 37.3598, 72.1637, 0.00226197, -40.4908, 0.0141011, -33.956, 0.010255, 144.961
4127, 68.77500, 8.81872, -115.884, 24.8733, -107.214, 37.2891, 71.9552, 0.00226361, -40.7875, 0.0140669, -34.1322, 0.0102371, 144.754
4127, 68.78333, 8.81921, -116.159, 24.8115, -107.393, 37.2183, 71.7475, 0.00226523, -41.0838, 0.0140327, -34.3075, 0.0102192, 144.548
4128, 68.79166, 8.81963, -116.434, 24.7497, -107.572, 37.1473, 71.5403, 0.00226683, -41.3797, 0.0139985, -34.4819, 0.0102013, 144.342
4128, 68.80000, 8.81997, -116.708, 24.6879, -107.749, 37.0762, 71.3339, 0.00226841, -41.6751, 0.0139643, -34.6553, 0.0101833, 144.137
4129, 68.80833, 8.82024, -116.982, 24.6261, -107.926, 37.0049, 71.1282, 0.00226996, -41.9701, 0.01393, -34.8278, 0.0101653, 143.933
4129, 68.81667, 8.82042, -117.256, 24.5642, -108.102, 36.9335, 70.9231, 0.0022715, -42.2647, 0.0138957, -34.9994, 0.0101473, 143.729
4130, 68.82500, 8.82053, -117.529, 24.5023, -108.277, 36.862, 70.7188, 0.00227301, -42.5588, 0.0138615, -35.17, 0.0101292, 143.527
4130, 68.83334, 8.82057, -117.801, 24.4404, -108.451, 36.7904, 70.5151, 0.00227451, -42.8526, 0.0138271, -35.3397, 0.0101111, 143.324
4130, 68.84167, 8.82053, -118.074, 24.3785, -108.624, 36.7187, 70.3121, 0.00227598, -43.1459, 0.0137928, -35.5085, 0.0100929, 143.123
4131, 68.85000, 8.82041, -118.346, 24.3165, -108.796, 36.6468, 70.1098, 0.00227743, -43.4387, 0.0137585, -35.6764, 0.0100747, 142.922
4132, 68.85833, 8.82022, -118.617, 24.2546, -108.967, 36.5749, 69.9082, 0.00227886, -43.7312, 0.0137242, -35.8433, 0.0100564, 142.722
4132, 68.86667, 8.81996, -118.888, 24.1926, -109.138, 36.5028, 69.7072, 0.00228028, -44.0232, 0.0136898, -36.0093, 0.0100382, 142.523
4133, 68.87500, 8.81963, -119.159, 24.1306, -109.307, 36.4306, 69.507, 0.00228167, -44.3148, 0.0136555, -36.1743, 0.0100199, 142.324
4133, 68.88333, 8.81923, -119.429, 24.0687, -109.476, 36.3584, 69.3074, 0.00228304, -44.6059, 0.0136211, -36.3384, 0.0100015, 142.126
4134, 68.89167, 8.81875, -119.699, 24.0067, -109.643, 36.286, 69.1085, 0.00228439, -44.8967, 0.0135867, -36.5016, 0.00998315, 141.928
4134, 68.90000, 8.81821, -119.969, 23.9448, -109.81, 36.2136, 68.9103, 0.00228573, -45.187, 0.0135524, -36.6638, 0.00996475, 141.731
4135, 68.90833, 8.81759, -120.238, 23.8829, -109.976, 36.1411, 68.7127, 0.00228704, -45.4768, 0.013518, -36.8251, 0.00994632, 141.535
4135, 68.91666, 8.81691, -120.507, 23.821, -110.141, 36.0685, 68.5158, 0.00228833, -45.7663, 0.0134837, -36.9855, 0.00992787, 141.34
4136, 68.92500, 8.81616, -120.775, 23.7591, -110.305, 35.9958, 68.3196, 0.00228961, -46.0553, 0.0134493, -37.145, 0.00990939, 141.145
4136, 68.93333, 8.81534, -121.043, 23.6972, -110.468, 35.9231, 68.1241, 0.00229086, -46.3439, 0.013415, -37.3035, 0.00989089, 140.951
4137, 68.94167, 8.81445, -121.311, 23.6353, -110.63, 35.8503, 67.9293, 0.0022921, -46.6321, 0.0133807, -37.4611, 0.00987236, 140.757
4137, 68.95000, 8.8135, -121.578, 23.5735, -110.792, 35.7774, 67.7351, 0.00229332, -46.9198, 0.0133464, -37.6177, 0.0098538, 140.565
4138, 68.95834, 8.81248, -121.844, 23.5117, -110.952, 35.7045, 67.5416, 0.00229452, -47.2072, 0.0133121, -37.7734, 0.00983523, 140.373
4138, 68.96667, 8.8114, -122.111, 23.4499, -111.112, 35.6315, 67.3487, 0.0022957, -47.4941, 0.0132778, -37.9282, 0.00981664, 140.181
4138, 68.97500, 8.81025, -122.377, 23.3882, -111.27, 35.5585, 67.1566, 0.00229686, -47.7805, 0.0132435, -38.0821, 0.00979802, 139.99
4139, 68.98333, 8.80904, -122.642, 23.3265, -111.428, 35.4854, 66.9651, 0.002298, -48.0666, 0.0132093, -38.235, 0.00977939, 139.8
4140, 68.99167, 8.80776, -122.908, 23.2649, -111.585, 35.4123, 66.7743, 0.00229913, -48.3522, 0.013175, -38.387, 0.00976074, 139.611
4140, 69.00000, 8.80643, -123.172, 23.2033, -111.741, 35.3391, 66.5841, 0.00230024, -48.6374, 0.0131408, -38.538, 0.00974207, 139.422
4141, 69.00833, 8.80503, -123.437, 23.1418, -111.896, 35.2659, 66.3946, 0.00230133, -48.9222, 0.0131067, -38.6881, 0.00972339, 139.234
4141, 69.01667, 8.80356, -123.701, 23.0803, -112.05, 35.1927, 66.2057, 0.0023024, -49.2065, 0.0130725, -38.8373, 0.00970469, 139.046
4142, 69.02500, 8.80204, -123.964, 23.0188, -112.203, 35.1194, 66.0176, 0.00230345, -49.4905, 0.0130384, -38.9856, 0.00968598, 138.859
4142, 69.03333, 8.80046, -124.228, 22.9574, -112.355, 35.0461, 65.8301, 0.00230449, -49.774, 0.0130043, -39.1329, 0.00966725, 138.673
4143, 69.04166, 8.79881, -124.49, 22.8961, -112.507, 34.9728, 65.6432, 0.00230551, -50.0571, 0.0129702, -39.2793, 0.00964851, 138.487
4143, 69.05000, 8.79711, -124.753, 22.8348, -112.657, 34.8995, 65.457, 0.00230651, -50.3397, 0.0129361, -39.4247, 0.00962977, 138.303
4144, 69.05833, 8.79535, -125.015, 22.7736, -112.807, 34.8262, 65.2715, 0.0023075, -50.622, 0.0129021, -39.5693, 0.00961101, 138.118
4144, 69.06667, 8.79353, -125.277, 22.7125, -112.955, 34.7528, 65.0866, 0.00230846, -50.9039, 0.0128682, -39.7129, 0.00959224, 137.935
4145, 69.07500, 8.79165, -125.538, 22.6514, -113.103, 34.6794, 64.9024, 0.00230941, -51.1853, 0.0128342, -39.8555, 0.00957346, 137.752
4145, 69.08334, 8.78972, -125.799, 22.5904, -113.25, 34.6061, 64.7188, 0.00231035, -51.4662, 0.0128003, -39.9973, 0.00955468, 137.569
4146, 69.09167, 8.78773, -126.059, 22.5295, -113.396, 34.5327, 64.5358, 0.00231127, -51.7469, 0.0127665, -40.1381, 0.00953588, 137.388
4146, 69.10000, 8.78568, -126.319, 22.4686, -113.541, 34.4593, 64.3536, 0.00231217, -52.027, 0.0127326, -40.278, 0.00951708, 137.207
4146, 69.10833, 8.78358, -126.579, 22.4079, -113.685, 34.3859, 64.172, 0.00231305, -52.3068, 0.0126989, -40.4169, 0.00949828, 137.026
4147, 69.11667, 8.78143, -126.839, 22.3472, -113.828, 34.3125, 63.991, 0.00231392, -52.5861, 0.0126651, -40.555, 0.00947947, 136.846
4148, 69.12500, 8.77922, -127.098, 22.2866, -113.971, 34.2392, 63.8106, 0.00231478, -52.865, 0.0126314, -40.6921, 0.00946066, 136.667
4148, 69.13333, 8.77695, -127.356, 22.226, -114.112, 34.1658, 63.631, 0.00231561, -53.1435, 0.0125978, -40.8283, 0.00944184, 136.489
4149, 69.14167, 8.77464, -127.614, 22.1656, -114.253, 34.0925, 63.4519, 0.00231643, -53.4216, 0.0125642, -40.9635, 0.00942303, 136.311
4149, 69.15000, 8.77227, -127.872, 22.1052, -114.393, 34.0191, 63.2735, 0.00231724, -53.6993, 0.0125306, -41.0979, 0.00940421, 136.134
4150, 69.15833, 8.76984, -128.13, 22.045, -114.531, 33.9458, 63.0958, 0.00231803, -53.9766, 0.0124971, -41.2313, 0.00938539, 135.957
4150, 69.16666, 8.76737, -128.387, 21.9848, -114.669, 33.8725, 62.9186, 0.0023188, -54.2535, 0.0124637, -41.3638, 0.00936657, 135.781
4151, 69.17500, 8.76485, -128.643, 21.9248, -114.806, 33.7993, 62.7421, 0.00231956, -54.5299, 0.0124302, -41.4953, 0.00934775, 135.606
4151, 69.18333, 8.76227, -128.9, 21.8648, -114.942, 33.726, 62.5663, 0.0023203, -54.806, 0.0123969, -41.626, 0.00932893, 135.431
4152, 69.19167, 8.75964, -129.156, 21.8049, -115.078, 33.6528, 62.3911, 0.00232103, -55.0817, 0.0123636, -41.7557, 0.00931012, 135.257
4152, 69.20000, 8.75697, -129.411, 21.7452, -115.212, 33.5797, 62.2165, 0.00232175, -55.3569, 0.0123304, -41.8845, 0.0092913, 135.083
4153, 69.20834, 8.75425, -129.667, 21.6855, -115.345, 33.5065, 62.0425, 0.00232244, -55.6317, 0.0122972, -42.0124, 0.0092725, 134.91
4153, 69.21667, 8.75147, -129.921, 21.626, -115.478, 33.4334, 61.8692, 0.00232313, -55.9062, 0.0122641, -42.1394, 0.00925369, 134.738
4154, 69.22500, 8.74865, -130.176, 21.5665, -115.61, 33.3603, 61.6965, 0.0023238, -56.1802, 0.012231, -42.2654, 0.00923489, 134.567
4154, 69.23333, 8.74578, -130.43, 21.5072, -115.74, 33.2873, 61.5245, 0.00232445, -56.4538, 0.012198, -42.3906, 0.0092161, 134.396
4154, 69.24167, 8.74287, -130.684, 21.448, -115.87, 33.2143, 61.353, 0.00232509, -56.7271, 0.012165, -42.5148, 0.00919731, 134.225
4155, 69.25000, 8.73991, -130.937, 21.3889, -115.999, 33.1414, 61.1822, 0.00232572, -56.9999, 0.0121322, -42.6381, 0.00917853, 134.055
4156, 69.25833, 8.7369, -131.19, 21.3299, -116.128, 33.0685, 61.012, 0.00232633, -57.2723, 0.0120993, -42.7605, 0.00915976, 133.886
4156, 69.26667, 8.73385, -131.443, 21.271, -116.255, 32.9957, 60.8424, 0.00232692, -57.5443, 0.0120666, -42.882, 0.00914099, 133.718
4157, 69.27500, 8.73075, -131.695, 21.2122, -116.381, 32.9229, 60.6735, 0.00232751, -57.816, 0.0120339, -43.0025, 0.00912223, 133.55
4157, 69.28333, 8.7276, -131.947, 21.1536, -116.507, 32.8502, 60.5051, 0.00232808, -58.0872, 0.0120013, -43.1222, 0.00910349, 133.382
4158, 69.29166, 8.72442, -132.199, 21.0951, -116.631, 32.7775, 60.3374, 0.00232863, -58.3581, 0.0119687, -43.2409, 0.00908475, 133.216
4158, 69.30000, 8.72119, -132.45, 21.0367, -116.755, 32.7049, 60.1703, 0.00232917, -58.6285, 0.0119362, -43.3588, 0.00906602, 133.05
4159, 69.30833, 8.71791, -132.701, 20.9784, -116.878, 32.6324, 60.0038, 0.0023297, -58.8985, 0.0119038, -43.4757, 0.00904731, 132.884
4159, 69.31667, 8.71459, -132.951, 20.9203, -117, 32.5599, 59.8379, 0.00233022, -59.1682, 0.0118714, -43.5917, 0.0090286, 132.719
4160, 69.32500, 8.71123, -133.201, 20.8623, -117.121, 32.4875, 59.6726, 0.00233072, -59.4375, 0.0118392, -43.7068, 0.00900991, 132.555
4160, 69.33334, 8.70783, -133.451, 20.8044, -117.241, 32.4151, 59.508, 0.00233121, -59.7064, 0.011807, -43.821, 0.00899123, 132.391
4161, 69.34167, 8.70439, -133.701, 20.7466, -117.361, 32.3428, 59.3439, 0.00233168, -59.9749, 0.0117748, -43.9344, 0.00897257, 132.228
4161, 69.35000, 8.7009, -133.95, 20.689, -117.479, 32.2706, 59.1805, 0.00233215, -60.243, 0.0117428, -44.0468, 0.00895391, 132.065
4162, 69.35833, 8.69738, -134.198, 20.6316, -117.597, 32.1985, 59.0176, 0.00233259, -60.5107, 0.0117108, -44.1583, 0.00893528, 131.903
4162, 69.36667, 8.69381, -134.447, 20.5742, -117.714, 32.1264, 58.8553, 0.00233303, -60.7781, 0.0116789, -44.2689, 0.00891665, 131.742
4162, 69.37500, 8.69021, -134.695, 20.517, -117.83, 32.0545, 58.6937, 0.00233346, -61.045, 0.0116471, -44.3786, 0.00889805, 131.581
4163, 69.38333, 8.68657, -134.942, 20.4599, -117.945, 31.9826, 58.5326, 0.00233387, -61.3116, 0.0116153, -44.4874, 0.00887946, 131.421
4164, 69.39167, 8.68288, -135.19, 20.403, -118.059, 31.9107, 58.3721, 0.00233427, -61.5778, 0.0115836, -44.5953, 0.00886088, 131.262
4164, 69.40000, 8.67916, -135.437, 20.3462, -118.172, 31.839, 58.2123, 0.00233465, -61.8436, 0.011552, -44.7023, 0.00884232, 131.103
4165, 69.40833, 8.6754, -135.683, 20.2896, -118.285, 31.7673, 58.053, 0.00233503, -62.109, 0.0115205, -44.8084, 0.00882378, 130.944
4165, 69.41666, 8.6716, -135.93, 20.2331, -118.396, 31.6958, 57.8943, 0.00233539, -62.3741, 0.0114891, -44.9136, 0.00880526, 130.786
4166, 69.42500, 8.66777, -136.176, 20.1768, -118.507, 31.6243, 57.7362, 0.00233574, -62.6387, 0.0114577, -45.0179, 0.00878675, 130.629
4166, 69.43333, 8.6639, -136.421, 20.1206, -118.617, 31.5529, 57.5787, 0.00233608, -62.903, 0.0114265, -45.1214, 0.00876827, 130.472
4167, 69.44167, 8.65999, -136.666, 20.0645, -118.726, 31.4816, 57.4218, 0.0023364, -63.167, 0.0113953, -45.2239, 0.0087498, 130.316
4167, 69.45000, 8.65605, -136.911, 20.0086, -118.834, 31.4104, 57.2655, 0.00233672, -63.4305, 0.0113642, -45.3256, 0.00873135, 130.161
4168, 69.45834, 8.65207, -137.156, 19.9528, -118.941, 31.3392, 57.1097, 0.00233702, -63.6937, 0.0113332, -45.4263, 0.00871292, 130.006
4168, 69.46667, 8.64805, -137.4, 19.8972, -119.048, 31.2682, 56.9545, 0.00233731, -63.9565, 0.0113022, -45.5262, 0.00869451, 129.851
4169, 69.47500, 8.644, -137.644, 19.8418, -119.153, 31.1973, 56.7999, 0.00233759, -64.219, 0.0112714, -45.6252, 0.00867613, 129.697
4169, 69.48333, 8.63992, -137.888, 19.7865, -119.258, 31.1265, 56.6459, 0.00233786, -64.481, 0.0112406, -45.7233, 0.00865776, 129.544
4170, 69.49167, 8.6358, -138.131, 19.7314, -119.362, 31.0557, 56.4925, 0.00233811, -64.7428, 0.0112099, -45.8205, 0.00863942, 129.391
4170, 69.50000, 8.63165, -138.374, 19.6764, -119.465, 30.9851, 56.3396, 0.00233836, -65.0041, 0.0111793, -45.9169, 0.0086211, 129.239
4170, 69.50833, 8.62746, -138.616, 19.6216, -119.567, 30.9146, 56.1873, 0.00233859, -65.2651, 0.0111489, -46.0123, 0.0086028, 129.088
4171, 69.51667, 8.62325, -138.859, 19.5669, -119.668, 30.8441, 56.0356, 0.00233882, -65.5257, 0.0111184, -46.1069, 0.00858452, 128.937
4172, 69.52500, 8.619, -139.101, 19.5124, -119.769, 30.7738, 55.8844, 0.00233903, -65.7859, 0.0110881, -46.2006, 0.00856627, 128.786
4172, 69.53333, 8.61471, -139.342, 19.458, -119.869, 30.7036, 55.7338, 0.00233923, -66.0458, 0.0110579, -46.2934, 0.00854804, 128.636
4173, 69.54166, 8.6104, -139.584, 19.4039, -119.967, 30.6335, 55.5838, 0.00233942, -66.3054, 0.0110278, -46.3854, 0.00852983, 128.487
4173, 69.55000, 8.60605, -139.825, 19.3498, -120.065, 30.5635, 55.4343, 0.00233961, -66.5646, 0.0109977, -46.4765, 0.00851165, 128.338
4174, 69.55833, 8.60168, -140.065, 19.296, -120.163, 30.4936, 55.2854, 0.00233978, -66.8234, 0.0109678, -46.5667, 0.00849349, 128.19
4174, 69.56667, 8.59727, -140.305, 19.2423, -120.259, 30.4238, 55.1371, 0.00233994, -67.0819, 0.0109379, -46.656, 0.00847536, 128.042
4175, 69.57500, 8.59283, -140.545, 19.1888, -120.354, 30.3541, 54.9893, 0.00234008, -67.34, 0.0109081, -46.7445, 0.00845725, 127.895
4175, 69.58334, 8.58836, -140.785, 19.1354, -120.449, 30.2846, 54.8421, 0.00234022, -67.5977, 0.0108785, -46.8321, 0.00843917, 127.749
4176, 69.59167, 8.58387, -141.025, 19.0822, -120.543, 30.2151, 54.6954, 0.00234035, -67.8551, 0.0108489, -46.9188, 0.00842111, 127.603
4176, 69.60000, 8.57934, -141.264, 19.0292, -120.636, 30.1458, 54.5493, 0.00234047, -68.1122, 0.0108194, -47.0047, 0.00840309, 127.457
4177, 69.60833, 8.57479, -141.502, 18.9763, -120.728, 30.0766, 54.4038, 0.00234058, -68.3689, 0.01079, -47.0897, 0.00838508, 127.312
4177, 69.61667, 8.5702, -141.741, 18.9236, -120.819, 30.0075, 54.2588, 0.00234068, -68.6253, 0.0107607, -47.1739, 0.00836711, 127.168
4178, 69.62500, 8.56559, -141.979, 18.8711, -120.91, 29.9386, 54.1143, 0.00234077, -68.8813, 0.0107316, -47.2572, 0.00834916, 127.024
4178, 69.63333, 8.56095, -142.217, 18.8188, -120.999, 29.8697, 53.9704, 0.00234085, -69.137, 0.0107025, -47.3396, 0.00833124, 126.88
4178, 69.64167, 8.55628, -142.454, 18.7666, -121.088, 29.801, 53.827, 0.00234092, -69.3923, 0.0106735, -47.4212, 0.00831334, 126.738
4179, 69.65000, 8.55158, -142.691, 18.7146, -121.176, 29.7324, 53.6842, 0.00234098, -69.6473, 0.0106446, -47.5019, 0.00829548, 126.595
4180, 69.65833, 8.54686, -142.928, 18.6628, -121.263, 29.6639, 53.5419, 0.00234103, -69.902, 0.0106158, -47.5817, 0.00827764, 126.454
4180, 69.66666, 8.54211, -143.165, 18.6111, -121.35, 29.5955, 53.4002, 0.00234107, -70.1563, 0.0105871, -47.6607, 0.00825983, 126.312
4181, 69.67500, 8.53734, -143.401, 18.5597, -121.435, 29.5273, 53.259, 0.0023411, -70.4103, 0.0105585, -47.7389, 0.00824205, 126.172
4181, 69.68333, 8.53254, -143.637, 18.5084, -121.52, 29.4592, 53.1183, 0.00234112, -70.6639, 0.01053, -47.8162, 0.0082243, 126.032
4182, 69.69167, 8.52771, -143.873, 18.4572, -121.604, 29.3912, 52.9782, 0.00234114, -70.9172, 0.0105016, -47.8927, 0.00820658, 125.892
4182, 69.70000, 8.52286, -144.108, 18.4063, -121.687, 29.3233, 52.8386, 0.00234114, -71.1702, 0.0104733, -47.9683, 0.00818889, 125.753
4183, 69.70834, 8.51798, -144.343, 18.3555, -121.769, 29.2556, 52.6995, 0.00234114, -71.4228, 0.0104451, -48.0431, 0.00817122, 125.614
4183, 69.71667, 8.51308, -144.578, 18.3049, -121.851, 29.188, 52.561, 0.00234113, -71.6752, 0.010417, -48.117, 0.00815359, 125.476
4184, 69.72500, 8.50815, -144.813, 18.2545, -121.932, 29.1205, 52.423, 0.0023411, -71.9271, 0.010389, -48.1901, 0.00813599, 125.339
4184, 69.73333, 8.5032, -145.047, 18.2043, -122.012, 29.0531, 52.2855, 0.00234107, -72.1788, 0.0103611, -48.2623, 0.00811842, 125.201
4185, 69.74167, 8.49823, -145.281, 18.1542, -122.091, 28.9859, 52.1486, 0.00234103, -72.4301, 0.0103333, -48.3337, 0.00810088, 125.065
4185, 69.75000, 8.49323, -145.514, 18.1044, -122.169, 28.9188, 52.0121, 0.00234099, -72.6811, 0.0103057, -48.4043, 0.00808337, 124.929
4186, 69.75833, 8.48821, -145.748, 18.0547, -122.246, 28.8519, 51.8762, 0.00234093, -72.9318, 0.0102781, -48.4741, 0.00806589, 124.793
4186, 69.76667, 8.48316, -145.981, 18.0052, -122.323, 28.7851, 51.7409, 0.00234086, -73.1822, 0.0102506, -48.543, 0.00804844, 124.658
4186, 69.77500, 8.4781, -146.214, 17.9559, -122.399, 28.7184, 51.606, 0.00234079, -73.4322, 0.0102232, -48.6111, 0.00803103, 124.524
4187, 69.78333, 8.47301, -146.446, 17.9067, -122.474, 28.6518, 51.4717, 0.00234071, -73.682, 0.010196, -48.6783, 0.00801365, 124.39
4188, 69.79166, 8.46789, -146.678, 17.8578, -122.548, 28.5854, 51.3378, 0.00234062, -73.9314, 0.0101688, -48.7448, 0.00799629, 124.256
4188, 69.80000, 8.46276, -146.91, 17.809, -122.622, 28.5192, 51.2045, 0.00234052, -74.1805, 0.0101418, -48.8104, 0.00797897, 124.123
4189, 69.80833, 8.45761, -147.142, 17.7604, -122.695, 28.453, 51.0717, 0.00234042, -74.4293, 0.0101148, -48.8751, 0.00796169, 123.991
4189, 69.81667, 8.45243, -147.373, 17.712, -122.767, 28.387, 50.9394, 0.0023403, -74.6777, 0.010088, -48.9391, 0.00794443, 123.859
4190, 69.82500, 8.44723, -147.604, 17.6638, -122.838, 28.3211, 50.8076, 0.00234018, -74.9259, 0.0100613, -49.0022, 0.00792721, 123.728
4190, 69.83334, 8.44202, -147.835, 17.6158, -122.908, 28.2554, 50.6763, 0.00234005, -75.1737, 0.0100346, -49.0646, 0.00791002, 123.597
4191, 69.84167, 8.43678, -148.066, 17.5679, -122.978, 28.1898, 50.5456, 0.00233991, -75.4213, 0.0100081, -49.1261, 0.00789287, 123.466
4191, 69.85000, 8.43152, -148.296, 17.5203, -123.046, 28.1244, 50.4153, 0.00233977, -75.6685, 0.0099817, -49.1868, 0.00787575, 123.336
4191, 69.85833, 8.42624, -148.526, 17.4728, -123.114, 28.0591, 50.2855, 0.00233962, -75.9155, 0.0099554, -49.2467, 0.00785866, 123.207
4192, 69.86667, 8.42094, -148.756, 17.4255, -123.182, 27.9939, 50.1563, 0.00233946, -76.1621, 0.0099292, -49.3058, 0.0078416, 123.078
4193, 69.87500, 8.41562, -148.985, 17.3785, -123.248, 27.9289, 50.0275, 0.00233929, -76.4084, 0.00990312, -49.364, 0.00782458, 122.949
4193, 69.88333, 8.41029, -149.214, 17.3316, -123.314, 27.864, 49.8993, 0.00233911, -76.6544, 0.00987715, -49.4215, 0.00780759, 122.821
4194, 69.89167, 8.40493, -149.443, 17.2848, -123.379, 27.7992, 49.7715, 0.00233893, -76.9002, 0.00985128, -49.4782, 0.00779064, 122.693
4194, 69.90000, 8.39956, -149.672, 17.2383, -123.443, 27.7346, 49.6442, 0.00233874, -77.1456, 0.00982552, -49.5341, 0.00777372, 122.566
4194, 69.90833, 8.39417, -149.9, 17.192, -123.506, 27.6702, 49.5174, 0.00233854, -77.3907, 0.00979988, -49.5891, 0.00775684, 122.44
4195, 69.91666, 8.38875, -150.128, 17.1459, -123.569, 27.6059, 49.3911, 0.00233834, -77.6356, 0.00977434, -49.6434, 0.00773998, 122.314
4196, 69.92500, 8.38333, -150.356, 17.0999, -123.631, 27.5417, 49.2653, 0.00233813, -77.8801, 0.00974891, -49.6969, 0.00772317, 122.188
4196, 69.93333, 8.37788, -150.584, 17.0541, -123.692, 27.4777, 49.14, 0.00233791, -78.1244, 0.00972359, -49.7496, 0.00770639, 122.063
4197, 69.94167, 8.37241, -150.811, 17.0086, -123.752, 27.4138, 49.0152, 0.00233769, -78.3684, 0.00969839, -49.8015, 0.00768964, 121.938
4197, 69.95000, 8.36693, -151.038, 16.9632, -123.812, 27.35, 48.8908, 0.00233745, -78.6121, 0.00967329, -49.8526, 0.00767293, 121.814
4198, 69.95834, 8.36144, -151.265, 16.918, -123.871, 27.2865, 48.767, 0.00233722, -78.8555, 0.00964831, -49.9029, 0.00765626, 121.69
4198, 69.96667, 8.35592, -151.492, 16.873, -123.929, 27.223, 48.6436, 0.00233697, -79.0986, 0.00962343, -49.9525, 0.00763962, 121.567
4199, 69.97500, 8.35039, -151.718, 16.8282, -123.986, 27.1597, 48.5207, 0.00233672, -79.3414, 0.00959867, -50.0013, 0.00762301, 121.444
4199, 69.98333, 8.34484, -151.944, 16.7836, -124.043, 27.0966, 48.3983, 0.00233646, -79.584, 0.00957402, -50.0493, 0.00760644, 121.322
4199, 69.99167, 8.33928, -152.17, 16.7392, -124.099, 27.0335, 48.2764, 0.00233619, -79.8262, 0.00954948, -50.0965, 0.00758991, 121.2
4200, 70.00000, 8.3337, -152.396, 16.695, -124.154, 26.9707, 48.1549, 0.00233592, -80.0682, 0.00952506, -50.1429, 0.00757341, 121.079
4201, 70.00833, 8.3281, -152.621, 16.651, -124.208, 26.908, 48.0339, 0.00233565, -80.3099, 0.00950075, -50.1886, 0.00755695, 120.958
4201, 70.01667, 8.32249, -152.847, 16.6071, -124.262, 26.8454, 47.9134, 0.00233536, -80.5514, 0.00947654, -50.2335, 0.00754052, 120.837
4202, 70.02500, 8.31686, -153.071, 16.5635, -124.315, 26.783, 47.7934, 0.00233507, -80.7926, 0.00945246, -50.2776, 0.00752413, 120.717
4202, 70.03333, 8.31122, -153.296, 16.5201, -124.367, 26.7207, 47.6738, 0.00233477, -81.0335, 0.00942848, -50.321, 0.00750777, 120.598
4203, 70.04166, 8.30557, -153.521, 16.4768, -124.418, 26.6586, 47.5547, 0.00233447, -81.2741, 0.00940462, -50.3636, 0.00749146, 120.479
4203, 70.05000, 8.2999, -153.745, 16.4338, -124.469, 26.5966, 47.436, 0.00233416, -81.5145, 0.00938087, -50.4055, 0.00747517, 120.36
4204, 70.05833, 8.29421, -153.969, 16.3909, -124.519, 26.5348, 47.3179, 0.00233385, -81.7545, 0.00935723, -50.4466, 0.00745893, 120.242
4204, 70.06667, 8.28851, -154.192, 16.3482, -124.568, 26.4731, 47.2001, 0.00233352, -81.9944, 0.00933371, -50.487, 0.00744272, 120.124
4205, 70.07500, 8.2828, -154.416, 16.3058, -124.617, 26.4116, 47.0829, 0.0023332, -82.234, 0.0093103, -50.5266, 0.00742655, 120.007
4205, 70.08334, 8.27707, -154.639, 16.2635, -124.665, 26.3502, 46.9661, 0.00233286, -82.4733, 0.00928701, -50.5654, 0.00741041, 119.89
4206, 70.09167, 8.27133, -154.862, 16.2214, -124.712, 26.289, 46.8498, 0.00233252, -82.7123, 0.00926382, -50.6035, 0.00739431, 119.774
4206, 70.10000, 8.26558, -155.085, 16.1795, -124.758, 26.2279, 46.7339, 0.00233218, -82.9511, 0.00924076, -50.6409, 0.00737825, 119.658
4207, 70.10833, 8.25981, -155.308, 16.1379, -124.804, 26.167, 46.6185, 0.00233183, -83.1896, 0.00921781, -50.6775, 0.00736222, 119.542
4207, 70.11667, 8.25403, -155.53, 16.0964, -124.849, 26.1062, 46.5035, 0.00233147, -83.4279, 0.00919497, -50.7134, 0.00734623, 119.427
4207, 70.12500, 8.24824, -155.752, 16.0551, -124.893, 26.0456, 46.389, 0.00233111, -83.6659, 0.00917224, -50.7486, 0.00733028, 119.312
4208, 70.13333, 8.24243, -155.974, 16.014, -124.936, 25.9852, 46.2749, 0.00233074, -83.9037, 0.00914963, -50.783, 0.00731436, 119.198
4209, 70.14167, 8.23661, -156.196, 15.9731, -124.979, 25.9248, 46.1613, 0.00233037, -84.1412, 0.00912714, -50.8167, 0.00729848, 119.085
4209, 70.15000, 8.23078, -156.417, 15.9324, -125.021, 25.8647, 46.0481, 0.00232999, -84.3785, 0.00910476, -50.8497, 0.00728264, 118.971
4210, 70.15833, 8.22494, -156.639, 15.8919, -125.063, 25.8046, 45.9354, 0.00232961, -84.6155, 0.00908249, -50.8819, 0.00726684, 118.858
4210, 70.16666, 8.21908, -156.86, 15.8516, -125.104, 25.7448, 45.8232, 0.00232922, -84.8523, 0.00906034, -50.9134, 0.00725107, 118.746
4211, 70.17500, 8.21321, -157.081, 15.8115, -125.144, 25.6851, 45.7113, 0.00232882, -85.0889, 0.00903831, -50.9442, 0.00723534, 118.634
4211, 70.18333, 8.20734, -157.301, 15.7715, -125.183, 25.6255, 45.5999, 0.00232842, -85.3252, 0.00901639, -50.9743, 0.00721964, 118.522
4212, 70.19167, 8.20144, -157.522, 15.7318, -125.222, 25.5661, 45.489, 0.00232802, -85.5612, 0.00899458, -51.0037, 0.00720399, 118.411
4212, 70.20000, 8.19554, -157.742, 15.6923, -125.26, 25.5068, 45.3785, 0.0023276, -85.7971, 0.00897289, -51.0324, 0.00718837, 118.3
4213, 70.20834, 8.18963, -157.962, 15.653, -125.297, 25.4477, 45.2684, 0.00232719, -86.0326, 0.00895132, -51.0604, 0.00717279, 118.19
4213, 70.21667, 8.18371, -158.182, 15.6139, -125.334, 25.3887, 45.1588, 0.00232677, -86.268, 0.00892986, -51.0877, 0.00715724, 118.08
4214, 70.22500, 8.17777, -158.402, 15.5749, -125.37, 25.3299, 45.0496, 0.00232634, -86.5031, 0.00890852, -51.1142, 0.00714174, 117.971
4214, 70.23333, 8.17183, -158.621, 15.5362, -125.405, 25.2713, 44.9408, 0.00232591, -86.738, 0.00888729, -51.1401, 0.00712627, 117.862
4215, 70.24167, 8.16587, -158.84, 15.4977, -125.44, 25.2128, 44.8325, 0.00232548, -86.9727, 0.00886618, -51.1653, 0.00711084, 117.753
4215, 70.25000, 8.1599, -159.059, 15.4593, -125.474, 25.1544, 44.7246, 0.00232503, -87.2071, 0.00884518, -51.1898, 0.00709544, 117.645
4215, 70.25833, 8.15392, -159.278, 15.4212, -125.507, 25.0962, 44.6171, 0.00232459, -87.4413, 0.0088243, -51.2136, 0.00708009, 117.537
4216, 70.26667, 8.14794, -159.497, 15.3833, -125.54, 25.0382, 44.5101, 0.00232414, -87.6753, 0.00880354, -51.2367, 0.00706477, 117.43
4217, 70.27500, 8.14194, -159.715, 15.3455, -125.572, 24.9803, 44.4035, 0.00232368, -87.9091, 0.00878289, -51.2592, 0.00704949, 117.323
4217, 70.28333, 8.13593, -159.933, 15.308, -125.603, 24.9225, 44.2973, 0.00232322, -88.1426, 0.00876236, -51.281, 0.00703424, 117.216
4218, 70.29166, 8.12992, -160.152, 15.2706, -125.634, 24.8649, 44.1915, 0.00232276, -88.3759, 0.00874194, -51.3021, 0.00701903, 117.11
4218, 70.30000, 8.12389, -160.369, 15.2335, -125.664, 24.8075, 44.0862, 0.00232229, -88.609, 0.00872164, -51.3225, 0.00700387, 117.005
4219, 70.30833, 8.11785, -160.587, 15.1965, -125.693, 24.7502, 43.9812, 0.00232181, -88.8419, 0.00870146, -51.3423, 0.00698874, 116.899
4219, 70.31667, 8.11181, -160.805, 15.1598, -125.722, 24.6931, 43.8767, 0.00232133, -89.0746, 0.00868139, -51.3614, 0.00697364, 116.794
4220, 70.32500, 8.10575, -161.022, 15.1232, -125.75, 24.6361, 43.7726, 0.00232085, -89.3071, 0.00866143, -51.3798, 0.00695859, 116.69
4220, 70.33334, 8.09969, -161.239, 15.0868, -125.777, 24.5793, 43.669, 0.00232036, -89.5393, 0.0086416, -51.3976, 0.00694357, 116.586
4221, 70.34167, 8.09362, -161.456, 15.0507, -125.804, 24.5226, 43.5657, 0.00231987, -89.7714, 0.00862188, -51.4147, 0.00692859, 116.482
4221, 70.35000, 8.08753, -161.673, 15.0147, -125.83, 24.466, 43.4629, 0.00231937, -90.0032, 0.00860228, -51.4312, 0.00691364, 116.379
4222, 70.35833, 8.08144, -161.89, 14.9789, -125.856, 24.4097, 43.3604, 0.00231887, -90.2348, 0.00858279, -51.447, 0.00689874, 116.276
4222, 70.36667, 8.07535, -162.106, 14.9434, -125.881, 24.3534, 43.2584, 0.00231837, -90.4663, 0.00856342, -51.4622, 0.00688387, 116.174
4223, 70.37500, 8.06924, -162.322, 14.908, -125.905, 24.2974, 43.1568, 0.00231786, -90.6975, 0.00854416, -51.4768, 0.00686904, 116.071
4223, 70.38333, 8.06312, -162.539, 14.8728, -125.929, 24.2414, 43.0556, 0.00231734, -90.9285, 0.00852502, -51.4907, 0.00685425, 115.97
4223, 70.39167, 8.057, -162.755, 14.8378, -125.952, 24.1857, 42.9548, 0.00231682, -91.1594, 0.008506, -51.504, 0.00683949, 115.868
4224, 70.40000, 8.05086, -162.97, 14.8031, -125.974, 24.13, 42.8544, 0.0023163, -91.39, 0.00848709, -51.5167, 0.00682477, 115.768
4225, 70.40833, 8.04472, -163.186, 14.7685, -125.996, 24.0746, 42.7544, 0.00231577, -91.6205, 0.0084683, -51.5287, 0.00681009, 115.667
4225, 70.41666, 8.03857, -163.402, 14.7341, -126.018, 24.0192, 42.6549, 0.00231524, -91.8507, 0.00844963, -51.5402, 0.00679545, 115.567
4226, 70.42500, 8.03242, -163.617, 14.6999, -126.038, 23.9641, 42.5557, 0.0023147, -92.0808, 0.00843107, -51.551, 0.00678085, 115.467
4226, 70.43333, 8.02625, -163.832, 14.6659, -126.058, 23.9091, 42.4569, 0.00231416, -92.3107, 0.00841263, -51.5612, 0.00676628, 115.368
4227, 70.44167, 8.02008, -164.047, 14.6321, -126.078, 23.8542, 42.3585, 0.00231362, -92.5404, 0.0083943, -51.5708, 0.00675175, 115.269
4227, 70.45000, 8.0139, -164.262, 14.5985, -126.097, 23.7995, 42.2605, 0.00231307, -92.7699, 0.0083761, -51.5798, 0.00673726, 115.17
4228, 70.45834, 8.00771, -164.476, 14.5651, -126.115, 23.7449, 42.1629, 0.00231252, -92.9992, 0.008358, -51.5882, 0.0067228, 115.072
4228, 70.46667, 8.00152, -164.691, 14.5319, -126.133, 23.6905, 42.0657, 0.00231196, -93.2284, 0.00834003, -51.596, 0.00670838, 114.974
4229, 70.47500, 7.99531, -164.905, 14.4989, -126.15, 23.6362, 41.9689, 0.0023114, -93.4573, 0.00832217, -51.6032, 0.006694, 114.877
4229, 70.48333, 7.9891, -165.12, 14.4661, -126.166, 23.5821, 41.8725, 0.00231084, -93.6861, 0.00830442, -51.6098, 0.00667966, 114.78
4230, 70.49167, 7.98288, -165.334, 14.4334, -126.182, 23.5281, 41.7765, 0.00231027, -93.9147, 0.00828679, -51.6158, 0.00666535, 114.683
4230, 70.50000, 7.97666, -165.548, 14.401, -126.198, 23.4743, 41.6809, 0.0023097, -94.1432, 0.00826928, -51.6213, 0.00665109, 114.587
4231, 70.50833, 7.97043, -165.761, 14.3688, -126.213, 23.4207, 41.5856, 0.00230912, -94.3714, 0.00825188, -51.6261, 0.00663686, 114.491
4231, 70.51667, 7.96419, -165.975, 14.3368, -126.227, 23.3671, 41.4908, 0.00230854, -94.5995, 0.0082346, -51.6304, 0.00662266, 114.395
4231, 70.52500, 7.95794, -166.189, 14.3049, -126.241, 23.3138, 41.3963, 0.00230796, -94.8274, 0.00821743, -51.6342, 0.00660851, 114.3
4232, 70.53333, 7.95169, -166.402, 14.2733, -126.254, 23.2606, 41.3022, 0.00230737, -95.0552, 0.00820039, -51.6374, 0.00659439, 114.205
4233, 70.54166, 7.94543, -166.615, 14.2418, -126.266, 23.2075, 41.2085, 0.00230678, -95.2828, 0.00818345, -51.64, 0.0065803, 114.111
4233, 70.55000, 7.93917, -166.828, 14.2106, -126.278, 23.1546, 41.1152, 0.00230618, -95.5102, 0.00816663, -51.6421, 0.00656626, 114.017
4234, 70.55833, 7.93289, -167.041, 14.1795, -126.29, 23.1018, 41.0223, 0.00230558, -95.7375, 0.00814993, -51.6436, 0.00655225, 113.923
4234, 70.56667, 7.92661, -167.254, 14.1487, -126.301, 23.0492, 40.9297, 0.00230498, -95.9646, 0.00813334, -51.6445, 0.00653828, 113.83
4235, 70.57500, 7.92033, -167.467, 14.118, -126.311, 22.9967, 40.8375, 0.00230437, -96.1916, 0.00811687, -51.645, 0.00652435, 113.737
4235, 70.58334, 7.91403, -167.679, 14.0875, -126.321, 22.9444, 40.7457, 0.00230376, -96.4184, 0.00810051, -51.6449, 0.00651045, 113.644
4236, 70.59167, 7.90773, -167.892, 14.0572, -126.331, 22.8922, 40.6543, 0.00230315, -96.645, 0.00808427, -51.6442, 0.00649659, 113.552
4236, 70.60000, 7.90143, -168.104, 14.0272, -126.34, 22.8402, 40.5633, 0.00230253, -96.8715, 0.00806815, -51.6431, 0.00648277, 113.46
4237, 70.60833, 7.89512, -168.316, 13.9973, -126.348, 22.7883, 40.4726, 0.00230191, -97.0979, 0.00805214, -51.6414, 0.00646898, 113.369
4237, 70.61667, 7.8888, -168.529, 13.9676, -126.356, 22.7365, 40.3823, 0.00230129, -97.3241, 0.00803624, -51.6392, 0.00645523, 113.278
4238, 70.62500, 7.88247, -168.741, 13.9381, -126.363, 22.6849, 40.2923, 0.00230066, -97.5501, 0.00802046, -51.6365, 0.00644152, 113.187
4238, 70.63333, 7.87614, -168.952, 13.9088, -126.37, 22.6335, 40.2028, 0.00230002, -97.776, 0.00800479, -51.6333, 0.00642785, 113.096
4239, 70.64167, 7.86981, -169.164, 13.8796, -126.376, 22.5822, 40.1135, 0.00229939, -98.0018, 0.00798924, -51.6295, 0.00641421, 113.006
4239, 70.65000, 7.86346, -169.376, 13.8507, -126.382, 22.531, 40.0247, 0.00229875, -98.2274, 0.00797381, -51.6253, 0.00640061, 112.917
4239, 70.65833, 7.85711, -169.587, 13.822, -126.388, 22.48, 39.9363, 0.00229811, -98.4529, 0.00795848, -51.6206, 0.00638704, 112.827
4240, 70.66666, 7.85076, -169.799, 13.7935, -126.392, 22.4292, 39.8481, 0.00229746, -98.6783, 0.00794328, -51.6154, 0.00637351, 112.738
4241, 70.67500, 7.84439, -170.01, 13.7651, -126.397, 22.3785, 39.7604, 0.00229681, -98.9035, 0.00792818, -51.6097, 0.00636002, 112.65
4241, 70.68333, 7.83803, -170.221, 13.737, -126.401, 22.3279, 39.673, 0.00229615, -99.1285, 0.0079132, -51.6035, 0.00634656, 112.561
4242, 70.69167, 7.83165, -170.432, 13.709, -126.404, 22.2775, 39.586, 0.0022955, -99.3535, 0.00789834, -51.5969, 0.00633314, 112.473
4242, 70.70000, 7.82527, -170.643, 13.6812, -126.407, 22.2272, 39.4994, 0.00229484, -99.5783, 0.00788359, -51.5898, 0.00631976, 112.386
4243, 70.70834, 7.81889, -170.854, 13.6536, -126.409, 22.1771, 39.4131, 0.00229417, -99.803, 0.00786895, -51.5822, 0.00630641, 112.298
4243, 70.71667, 7.81249, -171.065, 13.6263, -126.411, 22.1271, 39.3271, 0.0022935, -100.028, 0.00785443, -51.5742, 0.0062931, 112.211
4244, 70.72500, 7.8061, -171.276, 13.5991, -126.413, 22.0772, 39.2415, 0.00229283, -100.252, 0.00784002, -51.5657, 0.00627983, 112.125
4244, 70.73333, 7.79969, -171.486, 13.5721, -126.414, 22.0275, 39.1563, 0.00229216, -100.476, 0.00782573, -51.5567, 0.00626659, 112.039
4245, 70.74167, 7.79328, -171.697, 13.5452, -126.415, 21.978, 39.0714, 0.00229148, -100.701, 0.00781154, -51.5473, 0.00625338, 111.953
4245, 70.75000, 7.78686, -171.907, 13.5186, -126.415, 21.9285, 38.9869, 0.00229079, -100.925, 0.00779748, -51.5375, 0.00624022, 111.867
4246, 70.75833, 7.78044, -172.117, 13.4922, -126.415, 21.8793, 38.9027, 0.00229011, -101.149, 0.00778352, -51.5272, 0.00622709, 111.782
4246, 70.76667, 7.77401, -172.328, 13.4659, -126.414, 21.8301, 38.8189, 0.00228942, -101.372, 0.00776968, -51.5166, 0.00621399, 111.697
4247, 70.77500, 7.76758, -172.538, 13.4399, -126.413, 21.7812, 38.7355, 0.00228873, -101.596, 0.00775595, -51.5054, 0.00620093, 111.612
4247, 70.78333, 7.76114, -172.748, 13.414, -126.411, 21.7323, 38.6523, 0.00228803, -101.82, 0.00774233, -51.4939, 0.00618791, 111.528
4247, 70.79166, 7.75469, -172.958, 13.3883, -126.409, 21.6836, 38.5696, 0.00228733, -102.043, 0.00772883, -51.482, 0.00617492, 111.444
4248, 70.80000, 7.74824, -173.168, 13.3628, -126.407, 21.6351, 38.4871, 0.00228663, -102.267, 0.00771544, -51.4696, 0.00616197, 111.361
4249, 70.80833, 7.74179, -173.377, 13.3375, -126.404, 21.5866, 38.405, 0.00228592, -102.49, 0.00770216, -51.4569, 0.00614905, 111.277
4249, 70.81667, 7.73532, -173.587, 13.3124, -126.401, 21.5384, 38.3233, 0.00228521, -102.713, 0.00768899, -51.4437, 0.00613617, 111.195
4250, 70.82500, 7.72885, -173.797, 13.2875, -126.397, 21.4902, 38.2419, 0.00228449, -102.936, 0.00767594, -51.4302, 0.00612332, 111.112
4250, 70.83334, 7.72238, -174.006, 13.2627, -126.393, 21.4422, 38.1609, 0.00228378, -103.159, 0.007663, -51.4162, 0.00611051, 111.03
4251, 70.84167, 7.71589, -174.216, 13.2382, -126.389, 21.3944, 38.0801, 0.00228306, -103.382, 0.00765017, -51.4019, 0.00609774, 110.948
4251, 70.85000, 7.70941, -174.425, 13.2138, -126.384, 21.3467, 37.9998, 0.00228233, -103.605, 0.00763745, -51.3873, 0.006085, 110.866
4252, 70.85833, 7.70291, -174.634, 13.1896, -126.379, 21.2991, 37.9197, 0.0022816, -103.828, 0.00762484, -51.3722, 0.00607229, 110.785
4252, 70.86667, 7.69641, -174.844, 13.1656, -126.373, 21.2516, 37.84, 0.00228087, -104.05, 0.00761234, -51.3568, 0.00605962, 110.704
4253, 70.87500, 7.68991, -175.053, 13.1418, -126.367, 21.2043, 37.7607, 0.00228014, -104.273, 0.00759996, -51.341, 0.00604699, 110.623
4253, 70.88333, 7.68339, -175.262, 13.1182, -126.361, 21.1572, 37.6817, 0.0022794, -104.495, 0.00758769, -51.3249, 0.00603439, 110.543
4254, 70.89167, 7.67688, -175.471, 13.0948, -126.354, 21.1102, 37.603, 0.00227866, -104.718, 0.00757552, -51.3084, 0.00602182, 110.463
4254, 70.90000, 7.67035, -175.68, 13.0715, -126.347, 21.0633, 37.5246, 0.00227791, -104.94, 0.00756347, -51.2916, 0.00600929, 110.383
4255, 70.90833, 7.66382, -175.889, 13.0485, -126.34, 21.0165, 37.4466, 0.00227716, -105.162, 0.00755153, -51.2745, 0.0059968, 110.304
4255, 70.91666, 7.65728, -176.098, 13.0256, -126.332, 20.9699, 37.3689, 0.00227641, -105.384, 0.00753969, -51.257, 0.00598433, 110.225
4255, 70.92500, 7.65074, -176.307, 13.0029, -126.324, 20.9235, 37.2915, 0.00227565, -105.606, 0.00752797, -51.2392, 0.00597191, 110.146
4256, 70.93333, 7.64419, -176.516, 12.9804, -126.315, 20.8771, 37.2145, 0.00227489, -105.828, 0.00751636, -51.2211, 0.00595952, 110.068
4257, 70.94167, 7.63763, -176.724, 12.958, -126.306, 20.8309, 37.1378, 0.00227413, -106.05, 0.00750486, -51.2026, 0.00594716, 109.99
4257, 70.95000, 7.63107, -176.933, 12.9359, -126.297, 20.7849, 37.0614, 0.00227336, -106.272, 0.00749346, -51.1839, 0.00593483, 109.912
4258, 70.95834, 7.6245, -177.142, 12.9139, -126.288, 20.739, 36.9854, 0.00227259, -106.493, 0.00748218, -51.1649, 0.00592255, 109.835
4258, 70.96667, 7.61793, -177.35, 12.8921, -126.278, 20.6932, 36.9096, 0.00227181, -106.715, 0.007471, -51.1455, 0.00591029, 109.758
4259, 70.97500, 7.61135, -177.559, 12.8705, -126.268, 20.6475, 36.8342, 0.00227104, -106.937, 0.00745994, -51.1259, 0.00589807, 109.681
4259, 70.98333, 7.60476, -177.767, 12.8491, -126.258, 20.602, 36.7592, 0.00227025, -107.158, 0.00744898, -51.106, 0.00588588, 109.604
4260, 70.99167, 7.59816, -177.976, 12.8279, -126.247, 20.5566, 36.6844, 0.00226947, -107.38, 0.00743813, -51.0858, 0.00587373, 109.528
4260, 71.00000, 7.59156, -178.184, 12.8068, -126.236, 20.5114, 36.61, 0.00226868, -107.601, 0.00742739, -51.0654, 0.00586161, 109.452
4261, 71.00833, 7.58496, -178.392, 12.7859, -126.225, 20.4663, 36.5359, 0.00226789, -107.822, 0.00741676, -51.0447, 0.00584953, 109.377
4261, 71.01667, 7.57834, -178.601, 12.7652, -126.213, 20.4213, 36.462, 0.00226709, -108.044, 0.00740623, -51.0237, 0.00583748, 109.301
4262, 71.02500, 7.57172, -178.809, 12.7447, -126.201, 20.3765, 36.3886, 0.00226629, -108.265, 0.00739582, -51.0025, 0.00582546, 109.226
4262, 71.03333, 7.56509, -179.017, 12.7244, -126.189, 20.3318, 36.3154, 0.00226549, -108.486, 0.00738551, -50.981, 0.00581347, 109.152
4263, 71.04166, 7.55845, -179.226, 12.7042, -126.177, 20.2872, 36.2426, 0.00226468, -108.707, 0.0073753, -50.9593, 0.00580152, 109.077
4263, 71.05000, 7.55181, -179.434, 12.6842, -126.164, 20.2427, 36.1701, 0.00226387, -108.928, 0.0073652, -50.9374, 0.00578961, 109.003
4263, 71.05833, 7.54516, -179.642, 12.6644, -126.151, 20.1984, 36.0978, 0.00226305, -109.149, 0.00735522, -50.9152, 0.00577772, 108.93
4264, 71.06667, 7.5385, -179.85, 12.6448, -126.138, 20.1542, 36.0259, 0.00226223, -109.37, 0.00734533, -50.8928, 0.00576587, 108.856
4265, 71.07500, 7.53184, 179.942, 12.6253, -126.125, 20.1102, 35.9544, 0.00226141, -109.591, 0.00733555, -50.8702, 0.00575405, 108.783
4265, 71.08334, 7.52517, 179.734, 12.606, -126.111, 20.0663, 35.8831, 0.00226058, -109.812, 0.00732588, -50.8474, 0.00574227, 108.71
4266, 71.09167, 7.51849, 179.526, 12.5869, -126.097, 20.0225, 35.8121, 0.00225975, -110.032, 0.00731632, -50.8243, 0.00573052, 108.637
4266, 71.10000, 7.5118, 179.318, 12.568, -126.083, 19.9788, 35.7415, 0.00225891, -110.253, 0.00730686, -50.8011, 0.0057188, 108.565
4267, 71.10833, 7.50511, 179.11, 12.5493, -126.069, 19.9353, 35.6711, 0.00225808, -110.474, 0.0072975, -50.7777, 0.00570712, 108.493
4267, 71.11667, 7.49841, 178.902, 12.5307, -126.054, 19.8919, 35.6011, 0.00225723, -110.695, 0.00728825, -50.7541, 0.00569546, 108.422
4268, 71.12500, 7.4917, 178.694, 12.5123, -126.039, 19.8487, 35.5314, 0.00225639, -110.915, 0.0072791, -50.7304, 0.00568384, 108.35
4268, 71.13333, 7.48498, 178.486, 12.4941, -126.024, 19.8055, 35.462, 0.00225553, -111.136, 0.00727006, -50.7064, 0.00567226, 108.279
4269, 71.14167, 7.47826, 178.278, 12.476, -126.009, 19.7625, 35.3928, 0.00225468, -111.356, 0.00726112, -50.6823, 0.0056607, 108.208
4269, 71.15000, 7.47152, 178.07, 12.4581, -125.994, 19.7197, 35.324, 0.00225382, -111.577, 0.00725229, -50.6581, 0.00564918, 108.138
4270, 71.15833, 7.46478, 177.862, 12.4404, -125.978, 19.6769, 35.2555, 0.00225296, -111.797, 0.00724356, -50.6336, 0.00563769, 108.068
4270, 71.16666, 7.45803, 177.654, 12.4229, -125.962, 19.6343, 35.1873, 0.00225209, -112.018, 0.00723493, -50.6091, 0.00562623, 107.998
4271, 71.17500, 7.45128, 177.446, 12.4055, -125.947, 19.5918, 35.1194, 0.00225122, -112.238, 0.00722641, -50.5844, 0.00561481, 107.928
4271, 71.18333, 7.44451, 177.239, 12.3883, -125.93, 19.5495, 35.0518, 0.00225034, -112.459, 0.00721799, -50.5595, 0.00560341, 107.859
4271, 71.19167, 7.43774, 177.031, 12.3713, -125.914, 19.5072, 34.9846, 0.00224946, -112.679, 0.00720967, -50.5346, 0.00559205, 107.79
4272, 71.20000, 7.43095, 176.823, 12.3545, -125.898, 19.4651, 34.9176, 0.00224858, -112.899, 0.00720145, -50.5095, 0.00558072, 107.721
4273, 71.20834, 7.42416, 176.615, 12.3378, -125.881, 19.4231, 34.8509, 0.00224769, -113.12, 0.00719334, -50.4843, 0.00556943, 107.652
4273, 71.21667, 7.41736, 176.407, 12.3213, -125.864, 19.3813, 34.7845, 0.0022468, -113.34, 0.00718532, -50.459, 0.00555816, 107.584
4274, 71.22500, 7.41055, 176.199, 12.3049, -125.847, 19.3396, 34.7184, 0.0022459, -113.56, 0.00717741, -50.4336, 0.00554693, 107.516
4274, 71.23333, 7.40374, 175.991, 12.2888, -125.83, 19.298, 34.6526, 0.002245, -113.781, 0.0071696, -50.4081, 0.00553573, 107.449
4275, 71.24167, 7.39691, 175.783, 12.2728, -125.813, 19.2565, 34.5871, 0.00224409, -114.001, 0.00716189, -50.3825, 0.00552456, 107.381
4275, 71.25000, 7.39007, 175.576, 12.2569, -125.796, 19.2151, 34.5219, 0.00224318, -114.221, 0.00715428, -50.3568, 0.00551342, 107.314
4276, 71.25833, 7.38323, 175.368, 12.2412, -125.778, 19.1739, 34.4569, 0.00224227, -114.441, 0.00714677, -50.3311, 0.00550231, 107.247
4276, 71.26667, 7.37637, 175.16, 12.2257, -125.761, 19.1328, 34.3923, 0.00224135, -114.662, 0.00713935, -50.3053, 0.00549123, 107.181
4277, 71.27500, 7.36951, 174.952, 12.2104, -125.743, 19.0918, 34.328, 0.00224043, -114.882, 0.00713204, -50.2794, 0.00548019, 107.115
4277, 71.28333, 7.36264, 174.744, 12.1952, -125.725, 19.051, 34.264, 0.0022395, -115.102, 0.00712483, -50.2534, 0.00546918, 107.049
4278, 71.29166, 7.35575, 174.536, 12.1802, -125.707, 19.0103, 34.2002, 0.00223857, -115.322, 0.00711771, -50.2275, 0.00545819, 106.983
4278, 71.30000, 7.34886, 174.328, 12.1654, -125.689, 18.9697, 34.1367, 0.00223763, -115.543, 0.0071107, -50.2014, 0.00544724, 106.918
4279, 71.30833, 7.34196, 174.12, 12.1507, -125.671, 18.9292, 34.0736, 0.00223669, -115.763, 0.00710378, -50.1754, 0.00543632, 106.852
4279, 71.31667, 7.33504, 173.912, 12.1361, -125.653, 18.8888, 34.0107, 0.00223574, -115.983, 0.00709696, -50.1493, 0.00542543, 106.788
4279, 71.32500, 7.32812, 173.704, 12.1218, -125.635, 18.8486, 33.9481, 0.00223479, -116.203, 0.00709024, -50.1232, 0.00541457, 106.723
4280, 71.33334, 7.32119, 173.496, 12.1076, -125.617, 18.8085, 33.8858, 0.00223383, -116.423, 0.00708361, -50.097, 0.00540374, 106.659
4281, 71.34167, 7.31424, 173.288, 12.0936, -125.598, 18.7685, 33.8238, 0.00223287, -116.644, 0.00707708, -50.0709, 0.00539295, 106.595
4281, 71.35000, 7.30729, 173.08, 12.0797, -125.58, 18.7286, 33.7621, 0.0022319, -116.864, 0.00707065, -50.0447, 0.00538218, 106.531
4282, 71.35833, 7.30032, 172.872, 12.066, -125.561, 18.6888, 33.7006, 0.00223093, -117.084, 0.00706431, -50.0186, 0.00537144, 106.467
4282, 71.36667, 7.29335, 172.664, 12.0524, -125.543, 18.6492, 33.6395, 0.00222996, -117.304, 0.00705807, -49.9925, 0.00536074, 106.404
4283, 71.37500, 7.28636, 172.456, 12.039, -125.524, 18.6097, 33.5786, 0.00222898, -117.525, 0.00705192, -49.9663, 0.00535006, 106.341
4283, 71.38333, 7.27936, 172.248, 12.0258, -125.506, 18.5703, 33.518, 0.00222799, -117.745, 0.00704587, -49.9402, 0.00533942, 106.279
4284, 71.39167, 7.27235, 172.039, 12.0127, -125.487, 18.531, 33.4577, 0.002227, -117.965, 0.00703991, -49.9142, 0.0053288, 106.216
4284, 71.40000, 7.26533, 171.831, 11.9998, -125.468, 18.4919, 33.3977, 0.002226, -118.186, 0.00703405, -49.8881, 0.00531821, 106.154
4285, 71.40833, 7.2583, 171.623, 11.987, -125.45, 18.4529, 33.3379, 0.002225, -118.406, 0.00702828, -49.8621, 0.00530766, 106.092
4285, 71.41666, 7.25126, 171.415, 11.9744, -125.431, 18.414, 33.2785, 0.00222399, -118.626, 0.0070226, -49.8362, 0.00529713, 106.031
4286, 71.42500, 7.2442, 171.206, 11.9619, -125.412, 18.3752, 33.2193, 0.00222298, -118.847, 0.00701702, -49.8103, 0.00528664, 105.969
4286, 71.43333, 7.23713, 170.998, 11.9496, -125.394, 18.3365, 33.1604, 0.00222196, -119.067, 0.00701153, -49.7845, 0.00527617, 105.908
4287, 71.44167, 7.23005, 170.79, 11.9375, -125.375, 18.2979, 33.1018, 0.00222094, -119.287, 0.00700613, -49.7587, 0.00526573, 105.847
4287, 71.45000, 7.22296, 170.581, 11.9255, -125.356, 18.2595, 33.0434, 0.00221991, -119.508, 0.00700082, -49.733, 0.00525533, 105.787
4287, 71.45834, 7.21586, 170.373, 11.9136, -125.338, 18.2212, 32.9854, 0.00221888, -119.728, 0.00699561, -49.7074, 0.00524495, 105.727
4288, 71.46667, 7.20874, 170.164, 11.9019, -125.319, 18.183, 32.9276, 0.00221784, -119.949, 0.00699048, -49.6818, 0.0052346, 105.667
4289, 71.47500, 7.20162, 169.956, 11.8904, -125.301, 18.1449, 32.8701, 0.0022168, -120.169, 0.00698545, -49.6564, 0.00522429, 105.607
4289, 71.48333, 7.19447, 169.747, 11.879, -125.282, 18.1069, 32.8128, 0.00221575, -120.39, 0.00698051, -49.6311, 0.005214, 105.548
4290, 71.49167, 7.18732, 169.538, 11.8678, -125.264, 18.0691, 32.7558, 0.00221469, -120.61, 0.00697565, -49.6058, 0.00520374, 105.488
4290, 71.50000, 7.18015, 169.33, 11.8567, -125.245, 18.0313, 32.6992, 0.00221363, -120.831, 0.00697089, -49.5807, 0.00519351, 105.429
4291, 71.50833, 7.17297, 169.121, 11.8458, -125.227, 17.9937, 32.6427, 0.00221256, -121.052, 0.00696621, -49.5557, 0.0051833, 105.371
4291, 71.51667, 7.16578, 168.912, 11.835, -125.208, 17.9562, 32.5866, 0.00221149, -121.272, 0.00696162, -49.5308, 0.00517313, 105.312
4292, 71.52500, 7.15857, 168.703, 11.8243, -125.19, 17.9188, 32.5307, 0.00221041, -121.493, 0.00695712, -49.5061, 0.00516299, 105.254
4292, 71.53333, 7.15135, 168.494, 11.8138, -125.172, 17.8815, 32.4751, 0.00220933, -121.714, 0.00695271, -49.4815, 0.00515287, 105.196
4293, 71.54166, 7.14411, 168.285, 11.8035, -125.154, 17.8444, 32.4198, 0.00220823, -121.934, 0.00694839, -49.457, 0.00514279, 105.139
4293, 71.55000, 7.13686, 168.076, 11.7933, -125.136, 17.8073, 32.3647, 0.00220714, -122.155, 0.00694415, -49.4327, 0.00513273, 105.081
4294, 71.55833, 7.1296, 167.867, 11.7832, -125.118, 17.7704, 32.3099, 0.00220604, -122.376, 0.00694, -49.4085, 0.0051227, 105.024
4294, 71.56667, 7.12232, 167.658, 11.7733, -125.1, 17.7336, 32.2554, 0.00220493, -122.597, 0.00693593, -49.3845, 0.0051127, 104.967
4295, 71.57500, 7.11503, 167.449, 11.7635, -125.082, 17.6969, 32.2012, 0.00220381, -122.818, 0.00693195, -49.3606, 0.00510273, 104.911
4295, 71.58334, 7.10773, 167.24, 11.7539, -125.065, 17.6603, 32.1472, 0.00220269, -123.039, 0.00692805, -49.337, 0.00509278, 104.854
4295, 71.59167, 7.1004, 167.031, 11.7444, -125.047, 17.6238, 32.0935, 0.00220156, -123.26, 0.00692424, -49.3135, 0.00508287, 104.798
4296, 71.60000, 7.09307, 166.821, 11.735, -125.03, 17.5874, 32.04, 0.00220043, -123.481, 0.00692052, -49.2901, 0.00507298, 104.742
4297, 71.60833, 7.08572, 166.612, 11.7258, -125.013, 17.5512, 31.9868, 0.00219929, -123.702, 0.00691687, -49.267, 0.00506312, 104.687
4297, 71.61667, 7.07835, 166.403, 11.7168, -124.995, 17.515, 31.9339, 0.00219814, -123.923, 0.00691331, -49.2441, 0.00505329, 104.631
4298, 71.62500, 7.07097, 166.193, 11.7078, -124.978, 17.479, 31.8813, 0.00219699, -124.145, 0.00690984, -49.2214, 0.00504349, 104.576
4298, 71.63333, 7.06357, 165.984, 11.699, -124.962, 17.4431, 31.8289, 0.00219583, -124.366, 0.00690644, -49.1989, 0.00503371, 104.521
4299, 71.64167, 7.05616, 165.774, 11.6904, -124.945, 17.4072, 31.7768, 0.00219466, -124.587, 0.00690313, -49.1766, 0.00502397, 104.467
4299, 71.65000, 7.04873, 165.564, 11.6819, -124.928, 17.3715, 31.7249, 0.00219349, -124.809, 0.00689989, -49.1545, 0.00501425, 104.413
4300, 71.65833, 7.04128, 165.354, 11.6735, -124.912, 17.336, 31.6733, 0.00219231, -125.03, 0.00689674, -49.1327, 0.00500456, 104.358
4300, 71.66666, 7.03382, 165.145, 11.6652, -124.896, 17.3005, 31.622, 0.00219112, -125.251, 0.00689367, -49.111, 0.00499489, 104.305
4301, 71.67500, 7.02634, 164.935, 11.6571, -124.88, 17.2651, 31.5709, 0.00218993, -125.473, 0.00689068, -49.0897, 0.00498526, 104.251
4301, 71.68333, 7.01885, 164.725, 11.6491, -124.864, 17.2299, 31.5201, 0.00218873, -125.695, 0.00688777, -49.0685, 0.00497565, 104.198
4302, 71.69167, 7.01134, 164.515, 11.6413, -124.848, 17.1947, 31.4695, 0.00218752, -125.916, 0.00688493, -49.0476, 0.00496607, 104.145
4302, 71.70000, 7.00381, 164.305, 11.6336, -124.832, 17.1597, 31.4193, 0.00218631, -126.138, 0.00688218, -49.027, 0.00495651, 104.092
4303, 71.70834, 6.99626, 164.094, 11.626, -124.817, 17.1247, 31.3692, 0.00218509, -126.36, 0.0068795, -49.0066, 0.00494699, 104.039
4303, 71.71667, 6.9887, 163.884, 11.6185, -124.802, 17.0899, 31.3195, 0.00218386, -126.582, 0.0068769, -48.9865, 0.00493749, 103.987
4303, 71.72500, 6.98112, 163.674, 11.6112, -124.787, 17.0552, 31.2699, 0.00218262, -126.804, 0.00687438, -48.9667, 0.00492801, 103.935
4304, 71.73333, 6.97352, 163.464, 11.604, -124.772, 17.0206, 31.2207, 0.00218138, -127.026, 0.00687193, -48.9471, 0.00491857, 103.883
4305, 71.74167, 6.96591, 163.253, 11.5969, -124.758, 16.9861, 31.1717, 0.00218013, -127.248, 0.00686956, -48.9278, 0.00490915, 103.832
4305, 71.75000, 6.95827, 163.042, 11.59, -124.743, 16.9517, 31.123, 0.00217887, -127.47, 0.00686727, -48.9088, 0.00489976, 103.78
4306, 71.75833, 6.95062, 162.832, 11.5832, -124.729, 16.9174, 31.0745, 0.00217761, -127.692, 0.00686505, -48.8901, 0.0048904, 103.729
4306, 71.76667, 6.94295, 162.621, 11.5765, -124.716, 16.8832, 31.0262, 0.00217633, -127.914, 0.0068629, -48.8717, 0.00488106, 103.678
4307, 71.77500, 6.93526, 162.41, 11.5699, -124.702, 16.8492, 30.9783, 0.00217505, -128.136, 0.00686082, -48.8536, 0.00487175, 103.628
4307, 71.78333, 6.92756, 162.2, 11.5635, -124.689, 16.8152, 30.9306, 0.00217377, -128.359, 0.00685883, -48.8359, 0.00486247, 103.577
4308, 71.79166, 6.91983, 161.989, 11.5572, -124.675, 16.7814, 30.8831, 0.00217247, -128.581, 0.0068569, -48.8184, 0.00485321, 103.527
4308, 71.80000, 6.91209, 161.778, 11.551, -124.663, 16.7476, 30.8359, 0.00217117, -128.804, 0.00685504, -48.8012, 0.00484398, 103.477
4309, 71.80833, 6.90432, 161.567, 11.5449, -124.65, 16.714, 30.789, 0.00216986, -129.026, 0.00685326, -48.7844, 0.00483478, 103.428
4309, 71.81667, 6.89654, 161.355, 11.5389, -124.638, 16.6804, 30.7423, 0.00216854, -129.249, 0.00685155, -48.7679, 0.0048256, 103.378
4310, 71.82500, 6.88874, 161.144, 11.5331, -124.626, 16.647, 30.6958, 0.00216721, -129.472, 0.0068499, -48.7517, 0.00481645, 103.329
4310, 71.83334, 6.88091, 160.933, 11.5274, -124.614, 16.6137, 30.6496, 0.00216588, -129.695, 0.00684833, -48.7359, 0.00480732, 103.28
4311, 71.84167, 6.87307, 160.721, 11.5218, -124.602, 16.5805, 30.6037, 0.00216454, -129.918, 0.00684683, -48.7204, 0.00479822, 103.232
4311, 71.85000, 6.86521, 160.51, 11.5163, -124.591, 16.5473, 30.558, 0.00216318, -130.141, 0.00684539, -48.7053, 0.00478915, 103.183
4311, 71.85833, 6.85732, 160.298, 11.5109, -124.58, 16.5143, 30.5126, 0.00216183, -130.364, 0.00684403, -48.6905, 0.00478011, 103.135
4312, 71.86667, 6.84942, 160.087, 11.5057, -124.569, 16.4814, 30.4674, 0.00216046, -130.587, 0.00684273, -48.6761, 0.00477109, 103.087
4313, 71.87500, 6.84149, 159.875, 11.5006, -124.559, 16.4486, 30.4224, 0.00215908, -130.81, 0.0068415, -48.662, 0.00476209, 103.04
4313, 71.88333, 6.83355, 159.663, 11.4955, -124.549, 16.4159, 30.3777, 0.0021577, -131.033, 0.00684033, -48.6483, 0.00475313, 102.992
4314, 71.89167, 6.82558, 159.451, 11.4906, -124.539, 16.3833, 30.3333, 0.00215631, -131.257, 0.00683924, -48.635, 0.00474418, 102.945
4314, 71.90000, 6.8176, 159.239, 11.4858, -124.529, 16.3508, 30.2891, 0.00215491, -131.48, 0.0068382, -48.6221, 0.00473527, 102.898
4315, 71.90833, 6.80959, 159.027, 11.4811, -124.52, 16.3184, 30.2452, 0.0021535, -131.703, 0.00683723, -48.6095, 0.00472638, 102.852
4315, 71.91666, 6.80156, 158.815, 11.4765, -124.511, 16.2861, 30.2015, 0.00215208, -131.927, 0.00683633, -48.5974, 0.00471751, 102.805
4316, 71.92500, 6.7935, 158.603, 11.4721, -124.503, 16.254, 30.158, 0.00215065, -132.151, 0.00683549, -48.5856, 0.00470868, 102.759
4316, 71.93333, 6.78543, 158.39, 11.4677, -124.495, 16.2219, 30.1148, 0.00214922, -132.375, 0.00683471, -48.5742, 0.00469986, 102.713
4316, 71.94167, 6.77733, 158.178, 11.4635, -124.487, 16.1899, 30.0718, 0.00214777, -132.598, 0.006834, -48.5632, 0.00469108, 102.667
4317, 71.95000, 6.76922, 157.965, 11.4593, -124.479, 16.158, 30.0291, 0.00214632, -132.822, 0.00683335, -48.5526, 0.00468231, 102.622
4318, 71.95834, 6.76108, 157.753, 11.4553, -124.472, 16.1262, 29.9867, 0.00214486, -133.046, 0.00683275, -48.5425, 0.00467358, 102.576
4318, 71.96667, 6.75291, 157.54, 11.4513, -124.465, 16.0946, 29.9444, 0.00214338, -133.27, 0.00683222, -48.5327, 0.00466487, 102.531
4319, 71.97500, 6.74473, 157.327, 11.4475, -124.459, 16.063, 29.9025, 0.0021419, -133.495, 0.00683175, -48.5234, 0.00465618, 102.487
4319, 71.98333, 6.73652, 157.114, 11.4437, -124.452, 16.0315, 29.8607, 0.00214041, -133.719, 0.00683134, -48.5144, 0.00464752, 102.442
4319, 71.99167, 6.72829, 156.901, 11.4401, -124.447, 16.0002, 29.8192, 0.00213892, -133.943, 0.00683099, -48.5059, 0.00463889, 102.398
4320, 72.00000, 6.72003, 156.688, 11.4366, -124.441, 15.9689, 29.778, 0.00213741, -134.168, 0.0068307, -48.4979, 0.00463028, 102.354
4321, 72.00833, 6.71175, 156.475, 11.4331, -124.436, 15.9377, 29.737, 0.00213589, -134.392, 0.00683046, -48.4902, 0.0046217, 102.31
4321, 72.01667, 6.70345, 156.262, 11.4298, -124.431, 15.9066, 29.6962, 0.00213436, -134.617, 0.00683028, -48.483, 0.00461314, 102.266
4322, 72.02500, 6.69512, 156.049, 11.4265, -124.427, 15.8757, 29.6557, 0.00213283, -134.842, 0.00683016, -48.4763, 0.0046046, 102.223
4322, 72.03333, 6.68677, 155.835, 11.4234, -124.423, 15.8448, 29.6154, 0.00213128, -135.066, 0.00683009, -48.47, 0.00459609, 102.18
4323, 72.04166, 6.6784, 155.622, 11.4203, -124.42, 15.814, 29.5754, 0.00212973, -135.291, 0.00683008, -48.4641, 0.00458761, 102.137
4323, 72.05000, 6.67, 155.408, 11.4174, -124.416, 15.7834, 29.5356, 0.00212816, -135.516, 0.00683012, -48.4587, 0.00457915, 102.094
4324, 72.05833, 6.66157, 155.194, 11.4145, -124.414, 15.7528, 29.496, 0.00212659, -135.741, 0.00683022, -48.4537, 0.00457072, 102.052
4324, 72.06667, 6.65313, 154.98, 11.4118, -124.411, 15.7223, 29.4567, 0.002125, -135.966, 0.00683037, -48.4492, 0.00456231, 102.009
4324, 72.07500, 6.64465, 154.767, 11.4091, -124.409, 15.692, 29.4176, 0.00212341, -136.192, 0.00683058, -48.4452, 0.00455392, 101.968
4325, 72.08334, 6.63616, 154.553, 11.4065, -124.408, 15.6617, 29.3788, 0.0021218, -136.417, 0.00683083, -48.4416, 0.00454556, 101.926
4326, 72.09167, 6.62763, 154.339, 11.404, -124.406, 15.6315, 29.3401, 0.00212019, -136.642, 0.00683114, -48.4385, 0.00453723, 101.884
4326, 72.10000, 6.61908, 154.124, 11.4016, -124.406, 15.6014, 29.3018, 0.00211856, -136.868, 0.0068315, -48.4358, 0.00452892, 101.843
4327, 72.10833, 6.61051, 153.91, 11.3993, -124.405, 15.5715, 29.2636, 0.00211693, -137.093, 0.00683191, -48.4337, 0.00452063, 101.802
4327, 72.11667, 6.60191, 153.696, 11.397, -124.405, 15.5416, 29.2257, 0.00211528, -137.319, 0.00683237, -48.432, 0.00451237, 101.761
4328, 72.12500, 6.59328, 153.481, 11.3949, -124.406, 15.5118, 29.1881, 0.00211363, -137.545, 0.00683287, -48.4308, 0.00450414, 101.721
4328, 72.13333, 6.58463, 153.267, 11.3928, -124.407, 15.4821, 29.1506, 0.00211196, -137.771, 0.00683343, -48.4301, 0.00449592, 101.68
4329, 72.14167, 6.57595, 153.052, 11.3908, -124.408, 15.4525, 29.1134, 0.00211029, -137.997, 0.00683403, -48.4298, 0.00448774, 101.64
4329, 72.15000, 6.56725, 152.838, 11.3889, -124.41, 15.423, 29.0765, 0.0021086, -138.223, 0.00683468, -48.4301, 0.00447957, 101.6
4330, 72.15833, 6.55852, 152.623, 11.3871, -124.412, 15.3936, 29.0397, 0.0021069, -138.449, 0.00683538, -48.4309, 0.00447144, 101.561
4330, 72.16666, 6.54976, 152.408, 11.3854, -124.414, 15.3643, 29.0032, 0.0021052, -138.675, 0.00683612, -48.4321, 0.00446332, 101.521
4331, 72.17500, 6.54097, 152.193, 11.3837, -124.417, 15.3351, 28.967, 0.00210348, -138.901, 0.00683691, -48.4338, 0.00445523, 101.482
4331, 72.18333, 6.53216, 151.978, 11.3821, -124.421, 15.306, 28.931, 0.00210175, -139.128, 0.00683775, -48.4361, 0.00444717, 101.443
4332, 72.19167, 6.52332, 151.763, 11.3806, -124.425, 15.277, 28.8952, 0.00210001, -139.354, 0.00683862, -48.4388, 0.00443912, 101.405
4332, 72.20000, 6.51446, 151.548, 11.3792, -124.429, 15.2481, 28.8596, 0.00209826, -139.581, 0.00683954, -48.4421, 0.00443111, 101.366
4332, 72.20834, 6.50556, 151.332, 11.3778, -124.434, 15.2193, 28.8242, 0.0020965, -139.807, 0.0068405, -48.4459, 0.00442311, 101.328
4333, 72.21667, 6.49664, 151.117, 11.3766, -124.439, 15.1906, 28.7891, 0.00209472, -140.034, 0.00684151, -48.4501, 0.00441514, 101.29
4334, 72.22500, 6.48769, 150.901, 11.3754, -124.445, 15.162, 28.7543, 0.00209294, -140.261, 0.00684255, -48.4549, 0.0044072, 101.252
4334, 72.23333, 6.47872, 150.686, 11.3742, -124.451, 15.1334, 28.7196, 0.00209115, -140.488, 0.00684364, -48.4602, 0.00439928, 101.215
4335, 72.24167, 6.46971, 150.47, 11.3732, -124.458, 15.105, 28.6852, 0.00208934, -140.715, 0.00684477, -48.4661, 0.00439138, 101.177
4335, 72.25000, 6.46068, 150.254, 11.3722, -124.465, 15.0767, 28.651, 0.00208752, -140.942, 0.00684593, -48.4724, 0.00438351, 101.14
4336, 72.25833, 6.45161, 150.038, 11.3712, -124.472, 15.0484, 28.617, 0.0020857, -141.169, 0.00684714, -48.4793, 0.00437566, 101.103
4336, 72.26667, 6.44252, 149.823, 11.3704, -124.48, 15.0203, 28.5833, 0.00208386, -141.397, 0.00684838, -48.4867, 0.00436783, 101.067
4337, 72.27500, 6.4334, 149.607, 11.3696, -124.489, 14.9922, 28.5498, 0.00208201, -141.624, 0.00684966, -48.4946, 0.00436003, 101.03
4337, 72.28333, 6.42426, 149.39, 11.3689, -124.498, 14.9643, 28.5165, 0.00208014, -141.851, 0.00685097, -48.503, 0.00435226, 100.994
4338, 72.29166, 6.41508, 149.174, 11.3682, -124.507, 14.9364, 28.4834, 0.00207827, -142.079, 0.00685232, -48.512, 0.0043445, 100.958
4338, 72.30000, 6.40587, 148.958, 11.3676, -124.517, 14.9087, 28.4506, 0.00207638, -142.307, 0.00685371, -48.5215, 0.00433677, 100.922
4339, 72.30833, 6.39664, 148.742, 11.3671, -124.528, 14.881, 28.4179, 0.00207449, -142.534, 0.00685513, -48.5316, 0.00432907, 100.887
4339, 72.31667, 6.38737, 148.525, 11.3666, -124.539, 14.8534, 28.3856, 0.00207258, -142.762, 0.00685659, -48.5421, 0.00432138, 100.851
4340, 72.32500, 6.37808, 148.309, 11.3662, -124.55, 14.8259, 28.3534, 0.00207066, -142.99, 0.00685808, -48.5532, 0.00431373, 100.816
4340, 72.33334, 6.36876, 148.092, 11.3658, -124.562, 14.7985, 28.3214, 0.00206873, -143.218, 0.0068596, -48.5649, 0.00430609, 100.782
4340, 72.34167, 6.3594, 147.875, 11.3656, -124.574, 14.7712, 28.2897, 0.00206678, -143.446, 0.00686115, -48.5771, 0.00429848, 100.747
4341, 72.35000, 6.35002, 147.659, 11.3653, -124.587, 14.744, 28.2582, 0.00206483, -143.674, 0.00686274, -48.5898, 0.00429089, 100.713
4342, 72.35833, 6.3406, 147.442, 11.3651, -124.6, 14.7169, 28.2269, 0.00206286, -143.902, 0.00686435, -48.6031, 0.00428333, 100.678
4342, 72.36667, 6.33116, 147.225, 11.365, -124.614, 14.6899, 28.1958, 0.00206088, -144.131, 0.006866, -48.6169, 0.00427578, 100.644
4343, 72.37500, 6.32168, 147.008, 11.3649, -124.628, 14.663, 28.165, 0.00205889, -144.359, 0.00686767, -48.6313, 0.00426827, 100.611
4343, 72.38333, 6.31218, 146.791, 11.3649, -124.643, 14.6361, 28.1344, 0.00205688, -144.587, 0.00686938, -48.6462, 0.00426077, 100.577
4344, 72.39167, 6.30264, 146.574, 11.365, -124.658, 14.6094, 28.104, 0.00205487, -144.816, 0.00687111, -48.6617, 0.0042533, 100.544
4344, 72.40000, 6.29308, 146.357, 11.365, -124.674, 14.5828, 28.0738, 0.00205284, -145.045, 0.00687287, -48.6777, 0.00424586, 100.511
4345, 72.40833, 6.28348, 146.139, 11.3652, -124.691, 14.5562, 28.0438, 0.0020508, -145.273, 0.00687465, -48.6943, 0.00423843, 100.478
4345, 72.41666, 6.27385, 145.922, 11.3653, -124.707, 14.5297, 28.014, 0.00204874, -145.502, 0.00687646, -48.7114, 0.00423103, 100.445
4346, 72.42500, 6.2642, 145.704, 11.3656, -124.725, 14.5034, 27.9845, 0.00204668, -145.731, 0.0068783, -48.7291, 0.00422365, 100.413
4346, 72.43333, 6.25451, 145.487, 11.3659, -124.742, 14.4771, 27.9551, 0.0020446, -145.96, 0.00688016, -48.7473, 0.0042163, 100.381
4347, 72.44167, 6.24478, 145.269, 11.3662, -124.761, 14.4509, 27.926, 0.00204251, -146.189, 0.00688205, -48.7661, 0.00420897, 100.349
4347, 72.45000, 6.23503, 145.052, 11.3665, -124.78, 14.4248, 27.8971, 0.00204041, -146.418, 0.00688395, -48.7854, 0.00420166, 100.317
4348, 72.45834, 6.22525, 144.834, 11.3669, -124.799, 14.3988, 27.8684, 0.00203829, -146.647, 0.00688588, -48.8053, 0.00419438, 100.286
4348, 72.46667, 6.21543, 144.616, 11.3674, -124.819, 14.3729, 27.8399, 0.00203616, -146.877, 0.00688784, -48.8257, 0.00418712, 100.254
4348, 72.47500, 6.20559, 144.398, 11.3679, -124.839, 14.3471, 27.8117, 0.00203402, -147.106, 0.00688981, -48.8467, 0.00417988, 100.223
4349, 72.48333, 6.19571, 144.181, 11.3684, -124.86, 14.3213, 27.7836, 0.00203187, -147.335, 0.0068918, -48.8683, 0.00417267, 100.193
4350, 72.49167, 6.1858, 143.963, 11.369, -124.881, 14.2957, 27.7558, 0.0020297, -147.565, 0.00689382, -48.8904, 0.00416547, 100.162
4350, 72.50000, 6.17585, 143.745, 11.3696, -124.903, 14.2702, 27.7281, 0.00202752, -147.794, 0.00689585, -48.913, 0.00415831, 100.132
4351, 72.50833, 6.16588, 143.526, 11.3702, -124.925, 14.2447, 27.7007, 0.00202533, -148.024, 0.0068979, -48.9363, 0.00415116, 100.101
4351, 72.51667, 6.15587, 143.308, 11.3709, -124.948, 14.2193, 27.6735, 0.00202313, -148.254, 0.00689997, -48.96, 0.00414404, 100.071
4352, 72.52500, 6.14583, 143.09, 11.3716, -124.972, 14.1941, 27.6465, 0.00202091, -148.483, 0.00690206, -48.9844, 0.00413694, 100.042
4352, 72.53333, 6.13576, 142.872, 11.3724, -124.996, 14.1689, 27.6196, 0.00201868, -148.713, 0.00690416, -49.0093, 0.00412986, 100.012
4353, 72.54166, 6.12566, 142.654, 11.3732, -125.02, 14.1438, 27.593, 0.00201643, -148.943, 0.00690628, -49.0348, 0.00412281, 99.9827
4353, 72.55000, 6.11552, 142.435, 11.374, -125.045, 14.1188, 27.5666, 0.00201418, -149.173, 0.00690842, -49.0608, 0.00411578, 99.9536
4354, 72.55833, 6.10536, 142.217, 11.3748, -125.071, 14.0939, 27.5404, 0.0020119, -149.403, 0.00691057, -49.0873, 0.00410877, 99.9247
4354, 72.56667, 6.09516, 141.998, 11.3757, -125.097, 14.069, 27.5145, 0.00200962, -149.633, 0.00691273, -49.1145, 0.00410179, 99.896
4355, 72.57500, 6.08492, 141.78, 11.3766, -125.123, 14.0443, 27.4887, 0.00200732, -149.863, 0.00691491, -49.1422, 0.00409483, 99.8676
4355, 72.58334, 6.07466, 141.561, 11.3775, -125.15, 14.0197, 27.4631, 0.00200502, -150.093, 0.00691709, -49.1704, 0.00408789, 99.8393
4356, 72.59167, 6.06436, 141.342, 11.3785, -125.178, 13.9951, 27.4377, 0.00200269, -150.324, 0.0069193, -49.1992, 0.00408097, 99.8113
4356, 72.60000, 6.05403, 141.124, 11.3795, -125.206, 13.9706, 27.4125, 0.00200036, -150.554, 0.00692151, -49.2286, 0.00407408, 99.7835
4356, 72.60833, 6.04366, 140.905, 11.3805, -125.234, 13.9463, 27.3875, 0.00199801, -150.784, 0.00692373, -49.2585, 0.00406721, 99.7558
4357, 72.61667, 6.03326, 140.686, 11.3815, -125.264, 13.922, 27.3627, 0.00199564, -151.015, 0.00692596, -49.289, 0.00406036, 99.7284
4358, 72.62500, 6.02283, 140.467, 11.3825, -125.293, 13.8978, 27.3381, 0.00199327, -151.245, 0.0069282, -49.3201, 0.00405354, 99.7012
4358, 72.63333, 6.01237, 140.249, 11.3836, -125.323, 13.8737, 27.3137, 0.00199088, -151.476, 0.00693045, -49.3517, 0.00404674, 99.6743
4359, 72.64167, 6.00187, 140.03, 11.3847, -125.354, 13.8496, 27.2895, 0.00198847, -151.706, 0.00693271, -49.3838, 0.00403996, 99.6475
4359, 72.65000, 5.99134, 139.811, 11.3858, -125.385, 13.8257, 27.2655, 0.00198606, -151.937, 0.00693498, -49.4165, 0.0040332, 99.6209
4360, 72.65833, 5.98078, 139.592, 11.3869, -125.417, 13.8019, 27.2417, 0.00198363, -152.168, 0.00693725, -49.4498, 0.00402647, 99.5946
4360, 72.66666, 5.97018, 139.373, 11.3881, -125.449, 13.7781, 27.2181, 0.00198118, -152.398, 0.00693953, -49.4836, 0.00401976, 99.5684
4361, 72.67500, 5.95956, 139.154, 11.3892, -125.482, 13.7544, 27.1946, 0.00197872, -152.629, 0.00694181, -49.5179, 0.00401307, 99.5425
4361, 72.68333, 5.94889, 138.935, 11.3904, -125.515, 13.7309, 27.1714, 0.00197625, -152.86, 0.0069441, -49.5529, 0.00400641, 99.5168
4362, 72.69167, 5.9382, 138.716, 11.3916, -125.549, 13.7074, 27.1483, 0.00197377, -153.091, 0.00694639, -49.5883, 0.00399976, 99.4912
4362, 72.70000, 5.92747, 138.497, 11.3928, -125.583, 13.684, 27.1255, 0.00197127, -153.322, 0.00694868, -49.6243, 0.00399314, 99.4659
4363, 72.70834, 5.91671, 138.277, 11.394, -125.618, 13.6606, 27.1028, 0.00196876, -153.553, 0.00695098, -49.6609, 0.00398655, 99.4408
4363, 72.71667, 5.90591, 138.058, 11.3952, -125.653, 13.6374, 27.0803, 0.00196623, -153.784, 0.00695328, -49.698, 0.00397997, 99.4159
4364, 72.72500, 5.89508, 137.839, 11.3965, -125.689, 13.6143, 27.058, 0.00196369, -154.015, 0.00695558, -49.7357, 0.00397342, 99.3912
4364, 72.73333, 5.88422, 137.62, 11.3977, -125.725, 13.5912, 27.0359, 0.00196114, -154.246, 0.00695789, -49.7739, 0.00396689, 99.3667
4364, 72.74167, 5.87332, 137.401, 11.3989, -125.762, 13.5682, 27.014, 0.00195857, -154.477, 0.00696019, -49.8126, 0.00396038, 99.3424
4365, 72.75000, 5.86239, 137.181, 11.4002, -125.8, 13.5454, 26.9923, 0.00195599, -154.708, 0.00696249, -49.8519, 0.0039539, 99.3183
4366, 72.75833, 5.85143, 136.962, 11.4015, -125.838, 13.5226, 26.9707, 0.00195339, -154.939, 0.00696479, -49.8918, 0.00394744, 99.2944
4366, 72.76667, 5.84043, 136.743, 11.4027, -125.876, 13.4999, 26.9493, 0.00195079, -155.171, 0.00696709, -49.9322, 0.003941, 99.2707
4367, 72.77500, 5.8294, 136.524, 11.404, -125.915, 13.4772, 26.9281, 0.00194816, -155.402, 0.00696939, -49.9731, 0.00393458, 99.2472
4367, 72.78333, 5.81834, 136.304, 11.4053, -125.954, 13.4547, 26.9071, 0.00194553, -155.633, 0.00697169, -50.0145, 0.00392818, 99.2239
4368, 72.79166, 5.80724, 136.085, 11.4065, -125.994, 13.4323, 26.8863, 0.00194288, -155.864, 0.00697398, -50.0565, 0.00392181, 99.2008
4368, 72.80000, 5.79611, 135.866, 11.4078, -126.035, 13.4099, 26.8656, 0.00194021, -156.096, 0.00697626, -50.0991, 0.00391546, 99.1779
4369, 72.80833, 5.78495, 135.646, 11.4091, -126.076, 13.3876, 26.8451, 0.00193753, -156.327, 0.00697855, -50.1421, 0.00390914, 99.1552
4369, 72.81667, 5.77375, 135.427, 11.4103, -126.117, 13.3654, 26.8248, 0.00193484, -156.558, 0.00698082, -50.1857, 0.00390283, 99.1327
4370, 72.82500, 5.76252, 135.208, 11.4116, -126.159, 13.3433, 26.8047, 0.00193214, -156.79, 0.0069831, -50.2298, 0.00389655, 99.1104
4370, 72.83334, 5.75126, 134.988, 11.4129, -126.201, 13.3213, 26.7847, 0.00192942, -157.021, 0.00698536, -50.2745, 0.00389029, 99.0883
4371, 72.84167, 5.73996, 134.769, 11.4141, -126.244, 13.2994, 26.7649, 0.00192668, -157.252, 0.00698762, -50.3197, 0.00388405, 99.0664
4371, 72.85000, 5.72863, 134.55, 11.4154, -126.288, 13.2775, 26.7453, 0.00192393, -157.484, 0.00698987, -50.3654, 0.00387783, 99.0447
4372, 72.85833, 5.71727, 134.331, 11.4166, -126.332, 13.2558, 26.7259, 0.00192117, -157.715, 0.00699211, -50.4116, 0.00387164, 99.0232
4372, 72.86667, 5.70587, 134.111, 11.4179, -126.376, 13.2341, 26.7066, 0.0019184, -157.947, 0.00699434, -50.4583, 0.00386547, 99.0018
4372, 72.87500, 5.69444, 133.892, 11.4191, -126.421, 13.2125, 26.6875, 0.00191561, -158.178, 0.00699657, -50.5056, 0.00385932, 98.9807
4373, 72.88333, 5.68298, 133.673, 11.4203, -126.467, 13.191, 26.6685, 0.0019128, -158.41, 0.00699878, -50.5534, 0.0038532, 98.9597
4374, 72.89167, 5.67148, 133.453, 11.4215, -126.513, 13.1696, 26.6498, 0.00190998, -158.641, 0.00700098, -50.6017, 0.00384709, 98.939
4374, 72.90000, 5.65996, 133.234, 11.4227, -126.559, 13.1482, 26.6311, 0.00190715, -158.873, 0.00700317, -50.6505, 0.00384101, 98.9184
4375, 72.90833, 5.64839, 133.015, 11.4239, -126.606, 13.127, 26.6127, 0.00190431, -159.104, 0.00700535, -50.6999, 0.00383495, 98.898
4375, 72.91666, 5.6368, 132.796, 11.4251, -126.653, 13.1058, 26.5944, 0.00190145, -159.336, 0.00700752, -50.7497, 0.00382891, 98.8778
4376, 72.92500, 5.62517, 132.577, 11.4263, -126.701, 13.0847, 26.5763, 0.00189857, -159.567, 0.00700967, -50.8, 0.0038229, 98.8578
4376, 72.93333, 5.61351, 132.358, 11.4274, -126.75, 13.0637, 26.5583, 0.00189569, -159.798, 0.00701182, -50.8509, 0.00381691, 98.838
4377, 72.94167, 5.60182, 132.139, 11.4286, -126.798, 13.0428, 26.5405, 0.00189278, -160.03, 0.00701394, -50.9022, 0.00381093, 98.8183
4377, 72.95000, 5.59009, 131.92, 11.4297, -126.848, 13.022, 26.5229, 0.00188987, -160.261, 0.00701605, -50.9541, 0.00380499, 98.7989
4378, 72.95834, 5.57834, 131.701, 11.4308, -126.898, 13.0012, 26.5054, 0.00188694, -160.493, 0.00701815, -51.0065, 0.00379906, 98.7796
4378, 72.96667, 5.56654, 131.482, 11.4319, -126.948, 12.9806, 26.488, 0.00188399, -160.724, 0.00702023, -51.0593, 0.00379315, 98.7605
4379, 72.97500, 5.55472, 131.263, 11.4329, -126.999, 12.96, 26.4708, 0.00188104, -160.956, 0.0070223, -51.1127, 0.00378727, 98.7416
4379, 72.98333, 5.54287, 131.044, 11.434, -127.05, 12.9395, 26.4538, 0.00187807, -161.187, 0.00702435, -51.1665, 0.00378141, 98.7228
4380, 72.99167, 5.53098, 130.825, 11.435, -127.102, 12.9191, 26.4369, 0.00187508, -161.418, 0.00702638, -51.2208, 0.00377557, 98.7043
4380, 73.00000, 5.51906, 130.606, 11.436, -127.154, 12.8987, 26.4202, 0.00187208, -161.65, 0.00702839, -51.2756, 0.00376976, 98.6859
4380, 73.00833, 5.50711, 130.387, 11.437, -127.206, 12.8785, 26.4036, 0.00186907, -161.881, 0.00703039, -51.3309, 0.00376396, 98.6677
4381, 73.01667, 5.49512, 130.169, 11.438, -127.259, 12.8583, 26.3871, 0.00186604, -162.112, 0.00703236, -51.3867, 0.00375819, 98.6497
4382, 73.02500, 5.48311, 129.95, 11.4389, -127.313, 12.8382, 26.3709, 0.001863, -162.344, 0.00703432, -51.443, 0.00375244, 98.6318
4382, 73.03333, 5.47106, 129.731, 11.4398, -127.367, 12.8182, 26.3547, 0.00185994, -162.575, 0.00703626, -51.4997, 0.00374671, 98.6142
4383, 73.04166, 5.45898, 129.513, 11.4407, -127.422, 12.7983, 26.3387, 0.00185687, -162.806, 0.00703818, -51.5569, 0.003741, 98.5966
4383, 73.05000, 5.44687, 129.295, 11.4415, -127.476, 12.7784, 26.3228, 0.00185379, -163.037, 0.00704007, -51.6146, 0.00373532, 98.5793
4384, 73.05833, 5.43473, 129.076, 11.4424, -127.532, 12.7587, 26.3071, 0.0018507, -163.268, 0.00704195, -51.6728, 0.00372966, 98.5622
4384, 73.06667, 5.42256, 128.858, 11.4432, -127.588, 12.739, 26.2915, 0.00184759, -163.499, 0.0070438, -51.7314, 0.00372402, 98.5452
4385, 73.07500, 5.41035, 128.64, 11.4439, -127.644, 12.7194, 26.2761, 0.00184446, -163.731, 0.00704563, -51.7905, 0.0037184, 98.5284
4385, 73.08334, 5.39812, 128.421, 11.4447, -127.701, 12.6999, 26.2608, 0.00184132, -163.962, 0.00704744, -51.85, 0.0037128, 98.5117
4386, 73.09167, 5.38585, 128.203, 11.4454, -127.758, 12.6805, 26.2456, 0.00183817, -164.193, 0.00704922, -51.91, 0.00370722, 98.4952
4386, 73.10000, 5.37356, 127.985, 11.4461, -127.816, 12.6611, 26.2306, 0.00183501, -164.423, 0.00705098, -51.9705, 0.00370167, 98.4789
4387, 73.10833, 5.36123, 127.767, 11.4467, -127.874, 12.6418, 26.2157, 0.00183183, -164.654, 0.00705272, -52.0314, 0.00369614, 98.4628
4387, 73.11667, 5.34887, 127.549, 11.4473, -127.932, 12.6226, 26.2009, 0.00182864, -164.885, 0.00705443, -52.0928, 0.00369063, 98.4468
4388, 73.12500, 5.33648, 127.332, 11.4479, -127.991, 12.6035, 26.1863, 0.00182543, -165.116, 0.00705611, -52.1546, 0.00368514, 98.431
4388, 73.13333, 5.32406, 127.114, 11.4485, -128.051, 12.5845, 26.1718, 0.00182221, -165.347, 0.00705777, -52.2168, 0.00367967, 98.4153
4388, 73.14167, 5.31161, 126.896, 11.449, -128.11, 12.5656, 26.1574, 0.00181898, -165.577, 0.00705941, -52.2795, 0.00367423, 98.3998
4389, 73.15000, 5.29913, 126.679, 11.4495, -128.171, 12.5467, 26.1431, 0.00181573, -165.808, 0.00706101, -52.3427, 0.0036688, 98.3844
4390, 73.15833, 5.28662, 126.462, 11.4499, -128.231, 12.5279, 26.129, 0.00181247, -166.038, 0.00706259, -52.4062, 0.0036634, 98.3693
4390, 73.16666, 5.27409, 126.244, 11.4503, -128.292, 12.5092, 26.115, 0.0018092, -166.269, 0.00706415, -52.4703, 0.00365802, 98.3542
4391, 73.17500, 5.26152, 126.027, 11.4507, -128.354, 12.4905, 26.1011, 0.00180591, -166.499, 0.00706567, -52.5347, 0.00365266, 98.3393
4391, 73.18333, 5.24892, 125.81, 11.451, -128.416, 12.472, 26.0873, 0.00180261, -166.73, 0.00706717, -52.5995, 0.00364732, 98.3246
4392, 73.19167, 5.23629, 125.593, 11.4513, -128.478, 12.4535, 26.0736, 0.0017993, -166.96, 0.00706864, -52.6648, 0.00364201, 98.3101
4392, 73.20000, 5.22364, 125.376, 11.4516, -128.541, 12.4351, 26.0601, 0.00179597, -167.19, 0.00707008, -52.7305, 0.00363671, 98.2956
4393, 73.20834, 5.21095, 125.159, 11.4518, -128.604, 12.4168, 26.0467, 0.00179263, -167.42, 0.00707148, -52.7967, 0.00363144, 98.2814
4393, 73.21667, 5.19824, 124.943, 11.4519, -128.668, 12.3986, 26.0334, 0.00178928, -167.65, 0.00707286, -52.8632, 0.00362619, 98.2673
4394, 73.22500, 5.1855, 124.726, 11.4521, -128.731, 12.3804, 26.0202, 0.00178591, -167.88, 0.00707421, -52.9301, 0.00362096, 98.2533
4394, 73.23333, 5.17273, 124.51, 11.4522, -128.796, 12.3623, 26.0071, 0.00178254, -168.11, 0.00707553, -52.9975, 0.00361575, 98.2395
4395, 73.24167, 5.15993, 124.293, 11.4522, -128.861, 12.3443, 25.9941, 0.00177914, -168.34, 0.00707682, -53.0653, 0.00361056, 98.2258
4395, 73.25000, 5.14711, 124.077, 11.4522, -128.926, 12.3264, 25.9813, 0.00177574, -168.57, 0.00707807, -53.1334, 0.0036054, 98.2123
4396, 73.25833, 5.13425, 123.861, 11.4522, -128.991, 12.3085, 25.9685, 0.00177232, -168.799, 0.0070793, -53.202, 0.00360025, 98.1989
4396, 73.26667, 5.12137, 123.645, 11.4521, -129.057, 12.2908, 25.9559, 0.00176889, -169.029, 0.00708049, -53.271, 0.00359513, 98.1857
4396, 73.27500, 5.10846, 123.43, 11.4519, -129.124, 12.2731, 25.9433, 0.00176544, -169.258, 0.00708165, -53.3403, 0.00359003, 98.1726
4397, 73.28333, 5.09553, 123.214, 11.4518, -129.19, 12.2555, 25.9309, 0.00176199, -169.488, 0.00708277, -53.41, 0.00358494, 98.1596
4398, 73.29166, 5.08256, 122.999, 11.4515, -129.257, 12.2379, 25.9186, 0.00175852, -169.717, 0.00708386, -53.4802, 0.00357988, 98.1468
4398, 73.30000, 5.06957, 122.783, 11.4513, -129.325, 12.2205, 25.9063, 0.00175504, -169.946, 0.00708492, -53.5507, 0.00357484, 98.1341
4399, 73.30833, 5.05656, 122.568, 11.4509, -129.393, 12.2031, 25.8942, 0.00175154, -170.175, 0.00708594, -53.6216, 0.00356983, 98.1216
4399, 73.31667, 5.04351, 122.353, 11.4506, -129.461, 12.1857, 25.8821, 0.00174803, -170.404, 0.00708693, -53.6928, 0.00356483, 98.1091
4400, 73.32500, 5.03044, 122.138, 11.4501, -129.529, 12.1685, 25.8702, 0.00174451, -170.633, 0.00708789, -53.7645, 0.00355985, 98.0969
4400, 73.33334, 5.01735, 121.924, 11.4497, -129.598, 12.1514, 25.8583, 0.00174098, -170.861, 0.00708881, -53.8365, 0.0035549, 98.0847
4401, 73.34167, 5.00423, 121.709, 11.4492, -129.668, 12.1343, 25.8465, 0.00173743, -171.09, 0.00708969, -53.9089, 0.00354997, 98.0727
4401, 73.35000, 4.99108, 121.495, 11.4486, -129.737, 12.1173, 25.8349, 0.00173388, -171.318, 0.00709054, -53.9816, 0.00354505, 98.0608
4402, 73.35833, 4.97791, 121.28, 11.448, -129.807, 12.1003, 25.8233, 0.00173031, -171.547, 0.00709135, -54.0547, 0.00354016, 98.049
4402, 73.36667, 4.96471, 121.066, 11.4473, -129.878, 12.0835, 25.8118, 0.00172672, -171.775, 0.00709213, -54.1282, 0.00353529, 98.0374
4403, 73.37500, 4.95149, 120.852, 11.4466, -129.948, 12.0667, 25.8004, 0.00172313, -172.003, 0.00709287, -54.202, 0.00353044, 98.0259
4403, 73.38333, 4.93824, 120.639, 11.4458, -130.019, 12.05, 25.789, 0.00171952, -172.231, 0.00709357, -54.2761, 0.00352561, 98.0145
4404, 73.39167, 4.92497, 120.425, 11.445, -130.091, 12.0333, 25.7778, 0.0017159, -172.459, 0.00709423, -54.3506, 0.0035208, 98.0032
4404, 73.40000, 4.91168, 120.212, 11.4441, -130.162, 12.0167, 25.7666, 0.00171227, -172.687, 0.00709486, -54.4255, 0.00351601, 97.9921
4404, 73.40833, 4.89836, 119.999, 11.4431, -130.235, 12.0003, 25.7555, 0.00170863, -172.914, 0.00709545, -54.5006, 0.00351124, 97.981
4405, 73.41666, 4.88502, 119.786, 11.4422, -130.307, 11.9838, 25.7445, 0.00170498, -173.142, 0.007096, -54.5762, 0.0035065, 97.9701
4406, 73.42500, 4.87165, 119.573, 11.4411, -130.38, 11.9675, 25.7336, 0.00170131, -173.369, 0.00709651, -54.652, 0.00350177, 97.9593
4406, 73.43333, 4.85826, 119.36, 11.44, -130.453, 11.9512, 25.7228, 0.00169763, -173.596, 0.00709698, -54.7282, 0.00349706, 97.9487
4407, 73.44167, 4.84485, 119.148, 11.4389, -130.526, 11.935, 25.712, 0.00169394, -173.823, 0.00709742, -54.8047, 0.00349238, 97.9381
4407, 73.45000, 4.83141, 118.936, 11.4376, -130.6, 11.9189, 25.7013, 0.00169024, -174.05, 0.00709781, -54.8816, 0.00348771, 97.9276
4408, 73.45834, 4.81795, 118.724, 11.4364, -130.674, 11.9028, 25.6906, 0.00168653, -174.277, 0.00709817, -54.9587, 0.00348307, 97.9173
4408, 73.46667, 4.80447, 118.512, 11.4351, -130.748, 11.8869, 25.6801, 0.0016828, -174.503, 0.00709848, -55.0362, 0.00347845, 97.9071
4409, 73.47500, 4.79097, 118.3, 11.4337, -130.823, 11.8709, 25.6696, 0.00167907, -174.73, 0.00709876, -55.114, 0.00347384, 97.8969
4409, 73.48333, 4.77745, 118.089, 11.4322, -130.898, 11.8551, 25.6591, 0.00167532, -174.956, 0.007099, -55.1921, 0.00346926, 97.8869
4410, 73.49167, 4.7639, 117.878, 11.4307, -130.973, 11.8393, 25.6488, 0.00167156, -175.182, 0.00709919, -55.2705, 0.0034647, 97.877
4410, 73.50000, 4.75033, 117.667, 11.4292, -131.049, 11.8236, 25.6384, 0.00166779, -175.408, 0.00709935, -55.3492, 0.00346015, 97.8672
4411, 73.50833, 4.73674, 117.456, 11.4276, -131.125, 11.808, 25.6282, 0.00166401, -175.634, 0.00709946, -55.4282, 0.00345563, 97.8575
4411, 73.51667, 4.72313, 117.246, 11.4259, -131.201, 11.7925, 25.618, 0.00166022, -175.86, 0.00709953, -55.5075, 0.00345113, 97.8479
4412, 73.52500, 4.7095, 117.036, 11.4242, -131.277, 11.777, 25.6079, 0.00165642, -176.085, 0.00709956, -55.587, 0.00344664, 97.8384
4412, 73.53333, 4.69585, 116.826, 11.4224, -131.354, 11.7616, 25.5978, 0.0016526, -176.31, 0.00709955, -55.6669, 0.00344218, 97.829
4412, 73.54166, 4.68218, 116.616, 11.4205, -131.431, 11.7462, 25.5878, 0.00164878, -176.535, 0.0070995, -55.7471, 0.00343774, 97.8197
4413, 73.55000, 4.66849, 116.406, 11.4186, -131.508, 11.7309, 25.5778, 0.00164494, -176.76, 0.00709941, -55.8275, 0.00343332, 97.8104
4414, 73.55833, 4.65478, 116.197, 11.4166, -131.586, 11.7157, 25.5679, 0.0016411, -176.985, 0.00709927, -55.9082, 0.00342891, 97.8013
4414, 73.56667, 4.64105, 115.988, 11.4146, -131.664, 11.7006, 25.5581, 0.00163724, -177.21, 0.00709909, -55.9892, 0.00342453, 97.7923
4415, 73.57500, 4.62731, 115.779, 11.4125, -131.742, 11.6855, 25.5483, 0.00163337, -177.434, 0.00709887, -56.0705, 0.00342017, 97.7833
4415, 73.58334, 4.61354, 115.57, 11.4103, -131.82, 11.6705, 25.5385, 0.00162949, -177.658, 0.00709861, -56.152, 0.00341582, 97.7745
4416, 73.59167, 4.59975, 115.362, 11.4081, -131.899, 11.6556, 25.5288, 0.00162561, -177.882, 0.0070983, -56.2338, 0.0034115, 97.7657
4416, 73.60000, 4.58595, 115.154, 11.4058, -131.978, 11.6407, 25.5191, 0.00162171, -178.106, 0.00709795, -56.3159, 0.00340719, 97.757
4417, 73.60833, 4.57213, 114.946, 11.4035, -132.057, 11.6259, 25.5095, 0.0016178, -178.33, 0.00709756, -56.3982, 0.00340291, 97.7484
4417, 73.61667, 4.55829, 114.739, 11.4011, -132.137, 11.6112, 25.4999, 0.00161388, -178.553, 0.00709712, -56.4808, 0.00339864, 97.7399
4418, 73.62500, 4.54444, 114.531, 11.3986, -132.216, 11.5965, 25.4904, 0.00160995, -178.777, 0.00709664, -56.5636, 0.0033944, 97.7315
4418, 73.63333, 4.53056, 114.324, 11.3961, -132.296, 11.5819, 25.4808, 0.00160601, -179, 0.00709612, -56.6467, 0.00339017, 97.7231
4419, 73.64167, 4.51667, 114.117, 11.3935, -132.376, 11.5674, 25.4714, 0.00160206, -179.222, 0.00709556, -56.73, 0.00338597, 97.7148
4419, 73.65000, 4.50276, 113.911, 11.3908, -132.457, 11.5529, 25.4619, 0.00159811, -179.445, 0.00709495, -56.8136, 0.00338178, 97.7066
4420, 73.65833, 4.48884, 113.705, 11.3881, -132.538, 11.5385, 25.4525, 0.00159414, -179.668, 0.00709429, -56.8974, 0.00337761, 97.6985
4420, 73.66666, 4.4749, 113.499, 11.3853, -132.619, 11.5242, 25.4432, 0.00159016, -179.89, 0.00709359, -56.9814, 0.00337346, 97.6905
4420, 73.67500, 4.46095, 113.293, 11.3825, -132.7, 11.5099, 25.4338, 0.00158617, 179.888, 0.00709285, -57.0657, 0.00336933, 97.6825
4421, 73.68333, 4.44698, 113.088, 11.3796, -132.781, 11.4957, 25.4245, 0.00158218, 179.666, 0.00709207, -57.1502, 0.00336522, 97.6746
4422, 73.69167, 4.43299, 112.883, 11.3766, -132.863, 11.4816, 25.4153, 0.00157817, 179.445, 0.00709123, -57.2349, 0.00336113, 97.6667
4422, 73.70000, 4.41899, 112.678, 11.3736, -132.945, 11.4675, 25.406, 0.00157416, 179.223, 0.00709036, -57.3199, 0.00335705, 97.659
4423, 73.70834, 4.40498, 112.474, 11.3705, -133.027, 11.4535, 25.3968, 0.00157013, 179.002, 0.00708944, -57.405, 0.003353, 97.6512
4423, 73.71667, 4.39095, 112.269, 11.3673, -133.109, 11.4396, 25.3876, 0.0015661, 178.781, 0.00708848, -57.4904, 0.00334897, 97.6436
4424, 73.72500, 4.3769, 112.066, 11.364, -133.191, 11.4257, 25.3784, 0.00156205, 178.561, 0.00708747, -57.576, 0.00334495, 97.636
4424, 73.73333, 4.36285, 111.862, 11.3607, -133.274, 11.4119, 25.3692, 0.001558, 178.34, 0.00708641, -57.6618, 0.00334095, 97.6285
4425, 73.74167, 4.34878, 111.659, 11.3574, -133.357, 11.3982, 25.3601, 0.00155394, 178.12, 0.00708531, -57.7478, 0.00333697, 97.621
4425, 73.75000, 4.33469, 111.456, 11.354, -133.44, 11.3845, 25.351, 0.00154987, 177.9, 0.00708417, -57.834, 0.00333301, 97.6136
4426, 73.75833, 4.3206, 111.253, 11.3505, -133.524, 11.3708, 25.3419, 0.0015458, 177.68, 0.00708298, -57.9204, 0.00332907, 97.6063
4426, 73.76667, 4.30649, 111.051, 11.3469, -133.607, 11.3573, 25.3328, 0.00154171, 177.46, 0.00708175, -58.007, 0.00332515, 97.599
4427, 73.77500, 4.29236, 110.849, 11.3433, -133.691, 11.3438, 25.3237, 0.00153762, 177.241, 0.00708047, -58.0937, 0.00332124, 97.5918
4427, 73.78333, 4.27823, 110.647, 11.3396, -133.775, 11.3303, 25.3146, 0.00153351, 177.022, 0.00707915, -58.1807, 0.00331736, 97.5846
4428, 73.79166, 4.26408, 110.446, 11.3358, -133.859, 11.317, 25.3056, 0.0015294, 176.803, 0.00707778, -58.2679, 0.00331349, 97.5775
4428, 73.80000, 4.24993, 110.245, 11.332, -133.943, 11.3037, 25.2965, 0.00152528, 176.584, 0.00707636, -58.3552, 0.00330964, 97.5704
4428, 73.80833, 4.23576, 110.044, 11.3281, -134.028, 11.2904, 25.2875, 0.00152115, 176.366, 0.0070749, -58.4427, 0.00330581, 97.5634
4429, 73.81667, 4.22158, 109.844, 11.3241, -134.112, 11.2772, 25.2785, 0.00151702, 176.148, 0.0070734, -58.5304, 0.003302, 97.5564
4430, 73.82500, 4.20739, 109.644, 11.3201, -134.197, 11.2641, 25.2695, 0.00151287, 175.93, 0.00707185, -58.6183, 0.0032982, 97.5494
4430, 73.83334, 4.19319, 109.444, 11.316, -134.282, 11.251, 25.2604, 0.00150872, 175.713, 0.00707025, -58.7063, 0.00329442, 97.5425
4431, 73.84167, 4.17898, 109.245, 11.3119, -134.368, 11.238, 25.2514, 0.00150456, 175.495, 0.00706861, -58.7946, 0.00329066, 97.5357
4431, 73.85000, 4.16476, 109.046, 11.3077, -134.453, 11.225, 25.2424, 0.0015004, 175.278, 0.00706693, -58.8829, 0.00328692, 97.5289
4432, 73.85833, 4.15053, 108.848, 11.3034, -134.538, 11.2122, 25.2334, 0.00149622, 175.061, 0.0070652, -58.9715, 0.0032832, 97.5221
4432, 73.86667, 4.13629, 108.649, 11.299, -134.624, 11.1993, 25.2244, 0.00149204, 174.845, 0.00706342, -59.0602, 0.00327949, 97.5154
4433, 73.87500, 4.12204, 108.452, 11.2946, -134.71, 11.1865, 25.2154, 0.00148785, 174.628, 0.0070616, -59.149, 0.00327581, 97.5087
4433, 73.88333, 4.10779, 108.254, 11.2901, -134.796, 11.1738, 25.2064, 0.00148365, 174.412, 0.00705973, -59.238, 0.00327214, 97.502
4434, 73.89167, 4.09352, 108.057, 11.2856, -134.882, 11.1612, 25.1973, 0.00147945, 174.197, 0.00705782, -59.3271, 0.00326848, 97.4954
4434, 73.90000, 4.07925, 107.86, 11.281, -134.968, 11.1486, 25.1883, 0.00147524, 173.981, 0.00705586, -59.4164, 0.00326485, 97.4888
4435, 73.90833, 4.06497, 107.664, 11.2763, -135.055, 11.136, 25.1793, 0.00147102, 173.766, 0.00705385, -59.5058, 0.00326123, 97.4822
4435, 73.91666, 4.05068, 107.468, 11.2715, -135.142, 11.1235, 25.1702, 0.0014668, 173.551, 0.00705181, -59.5954, 0.00325763, 97.4757
4436, 73.92500, 4.03639, 107.272, 11.2667, -135.228, 11.1111, 25.1612, 0.00146256, 173.336, 0.00704971, -59.6851, 0.00325405, 97.4691
4436, 73.93333, 4.02208, 107.077, 11.2618, -135.315, 11.0988, 25.1521, 0.00145833, 173.122, 0.00704757, -59.7749, 0.00325048, 97.4627
4436, 73.94167, 4.00777, 106.882, 11.2569, -135.402, 11.0864, 25.143, 0.00145408, 172.908, 0.00704539, -59.8649, 0.00324693, 97.4562
4437, 73.95000, 3.99346, 106.688, 11.2519, -135.489, 11.0742, 25.1339, 0.00144983, 172.694, 0.00704316, -59.955, 0.0032434, 97.4498
4438, 73.95834, 3.97914, 106.494, 11.2468, -135.577, 11.062, 25.1248, 0.00144557, 172.481, 0.00704089, -60.0452, 0.00323989, 97.4433
4438, 73.96667, 3.96481, 106.3, 11.2417, -135.664, 11.0498, 25.1157, 0.00144131, 172.267, 0.00703857, -60.1356, 0.00323639, 97.437
4439, 73.97500, 3.95048, 106.107, 11.2365, -135.752, 11.0377, 25.1065, 0.00143703, 172.054, 0.0070362, -60.226, 0.00323291, 97.4306
4439, 73.98333, 3.93614, 105.914, 11.2312, -135.839, 11.0257, 25.0974, 0.00143276, 171.842, 0.00703379, -60.3166, 0.00322944, 97.4242
4440, 73.99167, 3.92179, 105.721, 11.2258, -135.927, 11.0137, 25.0882, 0.00142847, 171.629, 0.00703134, -60.4073, 0.003226, 97.4179
4440, 74.00000, 3.90745, 105.529, 11.2204, -136.015, 11.0018, 25.079, 0.00142418, 171.417, 0.00702884, -60.4981, 0.00322257, 97.4115
4441, 74.00833, 3.8931, 105.338, 11.215, -136.103, 10.9899, 25.0697, 0.00141989, 171.205, 0.00702629, -60.589, 0.00321915, 97.4052
4441, 74.01667, 3.87874, 105.147, 11.2094, -136.191, 10.9781, 25.0605, 0.00141559, 170.994, 0.00702371, -60.68, 0.00321575, 97.3989
4441, 74.02500, 3.86438, 104.956, 11.2038, -136.28, 10.9663, 25.0512, 0.00141128, 170.783, 0.00702107, -60.7711, 0.00321237, 97.3926
4442, 74.03333, 3.85001, 104.765, 11.1982, -136.368, 10.9546, 25.0419, 0.00140697, 170.572, 0.00701839, -60.8623, 0.00320901, 97.3864
4443, 74.04166, 3.83565, 104.576, 11.1925, -136.456, 10.943, 25.0326, 0.00140265, 170.361, 0.00701567, -60.9536, 0.00320566, 97.3801
4443, 74.05000, 3.82128, 104.386, 11.1867, -136.545, 10.9314, 25.0232, 0.00139833, 170.151, 0.00701291, -61.045, 0.00320233, 97.3738
4444, 74.05833, 3.8069, 104.197, 11.1808, -136.634, 10.9198, 25.0138, 0.001394, 169.941, 0.00701009, -61.1365, 0.00319901, 97.3676
4444, 74.06667, 3.79253, 104.008, 11.1749, -136.722, 10.9083, 25.0044, 0.00138966, 169.732, 0.00700724, -61.2281, 0.00319572, 97.3613
4444, 74.07500, 3.77815, 103.82, 11.1689, -136.811, 10.8969, 24.995, 0.00138533, 169.522, 0.00700434, -61.3198, 0.00319243, 97.3551
4445, 74.08334, 3.76377, 103.633, 11.1628, -136.9, 10.8855, 24.9855, 0.00138098, 169.313, 0.0070014, -61.4115, 0.00318916, 97.3488
4446, 74.09167, 3.74939, 103.445, 11.1567, -136.989, 10.8741, 24.976, 0.00137663, 169.104, 0.00699841, -61.5034, 0.00318591, 97.3426
4446, 74.10000, 3.735, 103.258, 11.1506, -137.078, 10.8628, 24.9664, 0.00137228, 168.896, 0.00699538, -61.5953, 0.00318268, 97.3363
4447, 74.10833, 3.72062, 103.072, 11.1443, -137.168, 10.8516, 24.9569, 0.00136792, 168.688, 0.0069923, -61.6872, 0.00317946, 97.3301
4447, 74.11667, 3.70623, 102.886, 11.138, -137.257, 10.8404, 24.9472, 0.00136355, 168.48, 0.00698918, -61.7793, 0.00317625, 97.3238
4448, 74.12500, 3.69185, 102.701, 11.1316, -137.346, 10.8293, 24.9376, 0.00135919, 168.273, 0.00698602, -61.8714, 0.00317307, 97.3175
4448, 74.13333, 3.67746, 102.516, 11.1252, -137.436, 10.8182, 24.9279, 0.00135481, 168.066, 0.00698282, -61.9636, 0.00316989, 97.3113
4449, 74.14167, 3.66307, 102.331, 11.1187, -137.525, 10.8071, 24.9181, 0.00135043, 167.859, 0.00697957, -62.0559, 0.00316673, 97.305
4449, 74.15000, 3.64869, 102.147, 11.1122, -137.615, 10.7961, 24.9084, 0.00134605, 167.653, 0.00697628, -62.1482, 0.00316359, 97.2987
4449, 74.15833, 3.6343, 101.964, 11.1055, -137.704, 10.7852, 24.8986, 0.00134167, 167.447, 0.00697294, -62.2406, 0.00316047, 97.2924
4450, 74.16666, 3.61992, 101.781, 11.0989, -137.794, 10.7743, 24.8887, 0.00133727, 167.241, 0.00696957, -62.333, 0.00315736, 97.2861
4451, 74.17500, 3.60553, 101.598, 11.0921, -137.884, 10.7634, 24.8788, 0.00133288, 167.036, 0.00696615, -62.4255, 0.00315426, 97.2798
4451, 74.18333, 3.59115, 101.416, 11.0853, -137.974, 10.7526, 24.8688, 0.00132848, 166.831, 0.00696268, -62.518, 0.00315118, 97.2735
4452, 74.19167, 3.57677, 101.235, 11.0784, -138.064, 10.7419, 24.8588, 0.00132408, 166.626, 0.00695918, -62.6106, 0.00314811, 97.2671
4452, 74.20000, 3.56239, 101.054, 11.0715, -138.153, 10.7312, 24.8488, 0.00131967, 166.421, 0.00695563, -62.7033, 0.00314506, 97.2608
4453, 74.20834, 3.54801, 100.873, 11.0645, -138.243, 10.7205, 24.8387, 0.00131526, 166.217, 0.00695204, -62.7959, 0.00314203, 97.2544
4453, 74.21667, 3.53363, 100.693, 11.0575, -138.334, 10.7099, 24.8286, 0.00131085, 166.014, 0.00694841, -62.8887, 0.003139, 97.248
4454, 74.22500, 3.51926, 100.513, 11.0504, -138.424, 10.6993, 24.8184, 0.00130643, 165.81, 0.00694473, -62.9814, 0.003136, 97.2416
4454, 74.23333, 3.50488, 100.334, 11.0432, -138.514, 10.6888, 24.8081, 0.00130201, 165.607, 0.00694102, -63.0743, 0.00313301, 97.2351
4455, 74.24167, 3.49051, 100.156, 11.036, -138.604, 10.6784, 24.7979, 0.00129758, 165.405, 0.00693726, -63.1671, 0.00313003, 97.2287
4455, 74.25000, 3.47615, 99.9778, 11.0287, -138.694, 10.6679, 24.7875, 0.00129315, 165.202, 0.00693346, -63.26, 0.00312707, 97.2222
4456, 74.25833, 3.46179, 99.8003, 11.0213, -138.785, 10.6576, 24.7771, 0.00128872, 165.001, 0.00692962, -63.3529, 0.00312412, 97.2157
4456, 74.26667, 3.44743, 99.6233, 11.0139, -138.875, 10.6472, 24.7667, 0.00128429, 164.799, 0.00692574, -63.4458, 0.00312118, 97.2092
4457, 74.27500, 3.43307, 99.4469, 11.0064, -138.965, 10.6369, 24.7562, 0.00127985, 164.598, 0.00692182, -63.5388, 0.00311826, 97.2026
4457, 74.28333, 3.41872, 99.2711, 10.9989, -139.056, 10.6267, 24.7456, 0.00127541, 164.397, 0.00691785, -63.6318, 0.00311536, 97.196
4457, 74.29166, 3.40437, 99.0957, 10.9913, -139.146, 10.6165, 24.735, 0.00127096, 164.196, 0.00691385, -63.7248, 0.00311247, 97.1894
4458, 74.30000, 3.39003, 98.921, 10.9836, -139.236, 10.6063, 24.7243, 0.00126652, 163.996, 0.0069098, -63.8178, 0.00310959, 97.1828
4459, 74.30833, 3.37569, 98.7467, 10.9759, -139.327, 10.5962, 24.7136, 0.00126207, 163.797, 0.00690572, -63.9109, 0.00310673, 97.1761
4459, 74.31667, 3.36136, 98.5731, 10.9682, -139.417, 10.5862, 24.7028, 0.00125761, 163.597, 0.00690159, -64.004, 0.00310388, 97.1694
4460, 74.32500, 3.34703, 98.3999, 10.9603, -139.508, 10.5761, 24.692, 0.00125316, 163.398, 0.00689743, -64.0971, 0.00310104, 97.1627
4460, 74.33334, 3.33271, 98.2274, 10.9525, -139.599, 10.5661, 24.6811, 0.0012487, 163.199, 0.00689322, -64.1902, 0.00309822, 97.1559
4461, 74.34167, 3.31839, 98.0554, 10.9445, -139.689, 10.5562, 24.6701, 0.00124424, 163.001, 0.00688898, -64.2833, 0.00309542, 97.1491
4461, 74.35000, 3.30408, 97.884, 10.9365, -139.78, 10.5463, 24.6591, 0.00123978, 162.803, 0.00688469, -64.3764, 0.00309262, 97.1423
4462, 74.35833, 3.28978, 97.7132, 10.9285, -139.87, 10.5365, 24.648, 0.00123531, 162.606, 0.00688037, -64.4695, 0.00308984, 97.1354
4462, 74.36667, 3.27548, 97.5429, 10.9204, -139.961, 10.5266, 24.6368, 0.00123084, 162.409, 0.006876, -64.5627, 0.00308708, 97.1285
4463, 74.37500, 3.26119, 97.3732, 10.9122, -140.052, 10.5169, 24.6256, 0.00122637, 162.212, 0.0068716, -64.6558, 0.00308432, 97.1216
4463, 74.38333, 3.2469, 97.2042, 10.904, -140.142, 10.5071, 24.6143, 0.0012219, 162.016, 0.00686716, -64.7489, 0.00308158, 97.1146
4464, 74.39167, 3.23262, 97.0357, 10.8957, -140.233, 10.4975, 24.603, 0.00121743, 161.82, 0.00686268, -64.8421, 0.00307886, 97.1075
4464, 74.40000, 3.21835, 96.8678, 10.8873, -140.324, 10.4878, 24.5916, 0.00121295, 161.624, 0.00685816, -64.9352, 0.00307614, 97.1005
4465, 74.40833, 3.20409, 96.7005, 10.879, -140.414, 10.4782, 24.5801, 0.00120847, 161.429, 0.0068536, -65.0283, 0.00307344, 97.0934
4465, 74.41666, 3.18983, 96.5338, 10.8705, -140.505, 10.4686, 24.5685, 0.00120399, 161.234, 0.00684901, -65.1214, 0.00307076, 97.0862
4465, 74.42500, 3.17558, 96.3678, 10.862, -140.596, 10.4591, 24.5569, 0.00119951, 161.039, 0.00684438, -65.2146, 0.00306808, 97.079
4466, 74.43333, 3.16134, 96.2023, 10.8535, -140.686, 10.4496, 24.5452, 0.00119503, 160.845, 0.00683971, -65.3076, 0.00306542, 97.0717
4467, 74.44167, 3.14711, 96.0375, 10.8448, -140.777, 10.4402, 24.5335, 0.00119054, 160.652, 0.006835, -65.4007, 0.00306277, 97.0644
4467, 74.45000, 3.13288, 95.8733, 10.8362, -140.868, 10.4308, 24.5217, 0.00118605, 160.459, 0.00683025, -65.4938, 0.00306014, 97.0571
4468, 74.45834, 3.11867, 95.7098, 10.8275, -140.958, 10.4214, 24.5098, 0.00118157, 160.266, 0.00682547, -65.5869, 0.00305752, 97.0497
4468, 74.46667, 3.10446, 95.5469, 10.8187, -141.049, 10.4121, 24.4978, 0.00117707, 160.073, 0.00682065, -65.6799, 0.00305491, 97.0423
4469, 74.47500, 3.09026, 95.3846, 10.8099, -141.139, 10.4028, 24.4858, 0.00117258, 159.881, 0.00681579, -65.7729, 0.00305231, 97.0348
4469, 74.48333, 3.07607, 95.223, 10.801, -141.23, 10.3936, 24.4737, 0.00116809, 159.69, 0.0068109, -65.8659, 0.00304972, 97.0273
4470, 74.49167, 3.06189, 95.062, 10.7921, -141.321, 10.3843, 24.4615, 0.0011636, 159.498, 0.00680596, -65.9589, 0.00304715, 97.0197
4470, 74.50000, 3.04772, 94.9017, 10.7831, -141.411, 10.3752, 24.4492, 0.0011591, 159.308, 0.006801, -66.0519, 0.00304459, 97.012
4471, 74.50833, 3.03356, 94.7421, 10.7741, -141.502, 10.366, 24.4369, 0.00115461, 159.117, 0.00679599, -66.1448, 0.00304205, 97.0043
4471, 74.51667, 3.01941, 94.5831, 10.765, -141.592, 10.3569, 24.4245, 0.00115011, 158.927, 0.00679096, -66.2377, 0.00303951, 96.9966
4472, 74.52500, 3.00527, 94.4248, 10.7558, -141.683, 10.3479, 24.412, 0.00114561, 158.738, 0.00678588, -66.3306, 0.00303699, 96.9888
4472, 74.53333, 2.99114, 94.2672, 10.7466, -141.773, 10.3389, 24.3995, 0.00114111, 158.548, 0.00678077, -66.4234, 0.00303448, 96.9809
4473, 74.54166, 2.97701, 94.1102, 10.7374, -141.864, 10.3299, 24.3868, 0.00113661, 158.36, 0.00677563, -66.5163, 0.00303198, 96.973
4473, 74.55000, 2.9629, 93.954, 10.7281, -141.954, 10.3209, 24.3741, 0.00113211, 158.171, 0.00677044, -66.609, 0.00302949, 96.965
4473, 74.55833, 2.94881, 93.7985, 10.7188, -142.045, 10.312, 24.3613, 0.00112761, 157.984, 0.00676523, -66.7018, 0.00302702, 96.957
4474, 74.56667, 2.93472, 93.6436, 10.7094, -142.135, 10.3031, 24.3485, 0.00112311, 157.796, 0.00675998, -66.7945, 0.00302455, 96.9489
4475, 74.57500, 2.92064, 93.4895, 10.7, -142.226, 10.2943, 24.3355, 0.0011186, 157.609, 0.00675469, -66.8872, 0.0030221, 96.9407
4475, 74.58334, 2.90657, 93.3361, 10.6905, -142.316, 10.2855, 24.3225, 0.0011141, 157.422, 0.00674937, -66.9798, 0.00301966, 96.9325
4476, 74.59167, 2.89252, 93.1834, 10.6809, -142.406, 10.2767, 24.3094, 0.0011096, 157.236, 0.00674402, -67.0724, 0.00301724, 96.9242
4476, 74.60000, 2.87848, 93.0314, 10.6713, -142.497, 10.268, 24.2962, 0.00110509, 157.05, 0.00673863, -67.1649, 0.00301482, 96.9159
4477, 74.60833, 2.86445, 92.8802, 10.6617, -142.587, 10.2593, 24.283, 0.00110059, 156.865, 0.00673321, -67.2574, 0.00301242, 96.9075
4477, 74.61667, 2.85043, 92.7298, 10.652, -142.677, 10.2506, 24.2696, 0.00109608, 156.68, 0.00672776, -67.3499, 0.00301002, 96.899
4478, 74.62500, 2.83642, 92.58, 10.6423, -142.767, 10.242, 24.2562, 0.00109158, 156.496, 0.00672227, -67.4423, 0.00300764, 96.8905
4478, 74.63333, 2.82242, 92.4311, 10.6325, -142.858, 10.2334, 24.2427, 0.00108707, 156.312, 0.00671675, -67.5347, 0.00300527, 96.8819
4479, 74.64167, 2.80844, 92.2828, 10.6227, -142.948, 10.2248, 24.2291, 0.00108256, 156.128, 0.00671119, -67.627, 0.00300291, 96.8732
4479, 74.65000, 2.79447, 92.1354, 10.6128, -143.038, 10.2163, 24.2154, 0.00107806, 155.945, 0.0067056, -67.7192, 0.00300056, 96.8645
4480, 74.65833, 2.78051, 91.9888, 10.6029, -143.128, 10.2078, 24.2017, 0.00107355, 155.762, 0.00669999, -67.8115, 0.00299823, 96.8557
4480, 74.66666, 2.76657, 91.8429, 10.593, -143.218, 10.1993, 24.1878, 0.00106905, 155.58, 0.00669433, -67.9036, 0.0029959, 96.8469
4481, 74.67500, 2.75264, 91.6978, 10.583, -143.308, 10.1909, 24.1739, 0.00106454, 155.398, 0.00668865, -67.9957, 0.00299358, 96.8379
4481, 74.68333, 2.73872, 91.5535, 10.5729, -143.398, 10.1825, 24.1599, 0.00106003, 155.217, 0.00668293, -68.0878, 0.00299128, 96.8289
4481, 74.69167, 2.72481, 91.41, 10.5628, -143.487, 10.1741, 24.1458, 0.00105553, 155.036, 0.00667718, -68.1798, 0.00298899, 96.8199
4482, 74.70000, 2.71092, 91.2673, 10.5527, -143.577, 10.1658, 24.1317, 0.00105102, 154.856, 0.0066714, -68.2717, 0.00298671, 96.8107
4483, 74.70834, 2.69705, 91.1255, 10.5425, -143.667, 10.1575, 24.1174, 0.00104652, 154.676, 0.00666559, -68.3636, 0.00298443, 96.8015
4483, 74.71667, 2.68318, 90.9844, 10.5322, -143.757, 10.1492, 24.1031, 0.00104201, 154.497, 0.00665975, -68.4554, 0.00298217, 96.7922
4484, 74.72500, 2.66933, 90.8443, 10.522, -143.846, 10.141, 24.0886, 0.0010375, 154.318, 0.00665388, -68.5472, 0.00297992, 96.7829
4484, 74.73333, 2.6555, 90.7049, 10.5116, -143.936, 10.1328, 24.0741, 0.001033, 154.139, 0.00664797, -68.6389, 0.00297768, 96.7735
4485, 74.74167, 2.64167, 90.5664, 10.5013, -144.026, 10.1246, 24.0595, 0.0010285, 153.961, 0.00664203, -68.7305, 0.00297545, 96.764
4485, 74.75000, 2.62787, 90.4288, 10.4909, -144.115, 10.1165, 24.0448, 0.00102399, 153.783, 0.00663607, -68.8221, 0.00297324, 96.7544
4486, 74.75833, 2.61407, 90.2921, 10.4804, -144.204, 10.1083, 24.03, 0.00101949, 153.606, 0.00663007, -68.9136, 0.00297103, 96.7447
4486, 74.76667, 2.60029, 90.1562, 10.4699, -144.294, 10.1003, 24.0152, 0.00101498, 153.43, 0.00662405, -69.005, 0.00296883, 96.735
4487, 74.77500, 2.58653, 90.0212, 10.4594, -144.383, 10.0922, 24.0002, 0.00101048, 153.254, 0.00661799, -69.0964, 0.00296664, 96.7252
4487, 74.78333, 2.57278, 89.8871, 10.4488, -144.472, 10.0842, 23.9852, 0.00100598, 153.078, 0.00661191, -69.1876, 0.00296446, 96.7153
4488, 74.79166, 2.55905, 89.7539, 10.4382, -144.562, 10.0762, 23.97, 0.00100148, 152.903, 0.00660579, -69.2789, 0.0029623, 96.7054
4488, 74.80000, 2.54533, 89.6216, 10.4275, -144.651, 10.0682, 23.9548, 0.000996979, 152.728, 0.00659965, -69.37, 0.00296014, 96.6953
4489, 74.80833, 2.53163, 89.4903, 10.4168, -144.74, 10.0603, 23.9395, 0.00099248, 152.554, 0.00659347, -69.4611, 0.00295799, 96.6852
4489, 74.81667, 2.51794, 89.3598, 10.4061, -144.829, 10.0524, 23.9241, 0.00098798, 152.38, 0.00658727, -69.5521, 0.00295586, 96.675
4489, 74.82500, 2.50427, 89.2304, 10.3953, -144.918, 10.0445, 23.9086, 0.000983482, 152.207, 0.00658104, -69.6431, 0.00295373, 96.6647
4490, 74.83334, 2.49061, 89.1019, 10.3845, -145.007, 10.0367, 23.893, 0.000978985, 152.034, 0.00657478, -69.7339, 0.00295161, 96.6544
4491, 74.84167, 2.47697, 88.9743, 10.3736, -145.095, 10.0289, 23.8773, 0.000974488, 151.862, 0.00656849, -69.8247, 0.0029495, 96.644
4491, 74.85000, 2.46334, 88.8477, 10.3627, -145.184, 10.0211, 23.8616, 0.000969993, 151.69, 0.00656218, -69.9154, 0.0029474, 96.6335
4492, 74.85833, 2.44973, 88.7221, 10.3518, -145.273, 10.0134, 23.8457, 0.000965499, 151.519, 0.00655583, -70.006, 0.00294532, 96.6229
4492, 74.86667, 2.43614, 88.5975, 10.3408, -145.361, 10.0056, 23.8298, 0.000961005, 151.349, 0.00654946, -70.0966, 0.00294324, 96.6122
4493, 74.87500, 2.42256, 88.474, 10.3298, -145.45, 9.99793, 23.8137, 0.000956513, 151.178, 0.00654306, -70.1871, 0.00294117, 96.6014
4493, 74.88333, 2.409, 88.3514, 10.3187, -145.538, 9.99026, 23.7976, 0.000952021, 151.009, 0.00653663, -70.2775, 0.00293911, 96.5906
4494, 74.89167, 2.39546, 88.2299, 10.3076, -145.627, 9.98261, 23.7814, 0.000947531, 150.84, 0.00653018, -70.3678, 0.00293706, 96.5797
4494, 74.90000, 2.38193, 88.1094, 10.2965, -145.715, 9.975, 23.7651, 0.000943042, 150.671, 0.0065237, -70.458, 0.00293502, 96.5686
4495, 74.90833, 2.36842, 87.9899, 10.2853, -145.803, 9.96741, 23.7486, 0.000938554, 150.503, 0.00651719, -70.5481, 0.00293299, 96.5576
4495, 74.91666, 2.35493, 87.8716, 10.2741, -145.891, 9.95985, 23.7321, 0.000934066, 150.336, 0.00651066, -70.6382, 0.00293096, 96.5464
4496, 74.92500, 2.34145, 87.7543, 10.2629, -145.98, 9.95232, 23.7155, 0.000929581, 150.169, 0.0065041, -70.7282, 0.00292895, 96.5351
4496, 74.93333, 2.32799, 87.6381, 10.2516, -146.068, 9.94481, 23.6988, 0.000925097, 150.002, 0.00649751, -70.8181, 0.00292695, 96.5238
4497, 74.94167, 2.31455, 87.523, 10.2403, -146.156, 9.93733, 23.6821, 0.000920613, 149.836, 0.0064909, -70.9079, 0.00292495, 96.5123
4497, 74.95000, 2.30113, 87.409, 10.2289, -146.243, 9.92988, 23.6652, 0.000916132, 149.671, 0.00648426, -70.9976, 0.00292297, 96.5008
4497, 74.95834, 2.28772, 87.2962, 10.2176, -146.331, 9.92246, 23.6482, 0.000911651, 149.506, 0.00647759, -71.0872, 0.00292099, 96.4892
4498, 74.96667, 2.27433, 87.1845, 10.2061, -146.419, 9.91506, 23.6311, 0.000907172, 149.342, 0.0064709, -71.1768, 0.00291902, 96.4775
4499, 74.97500, 2.26096, 87.0739, 10.1947, -146.507, 9.90768, 23.614, 0.000902694, 149.178, 0.00646419, -71.2662, 0.00291706, 96.4657
4499, 74.98333, 2.2476, 86.9646, 10.1832, -146.594, 9.90034, 23.5967, 0.000898218, 149.015, 0.00645745, -71.3556, 0.00291511, 96.4538
4500, 74.99167, 2.23427, 86.8564, 10.1716, -146.682, 9.89301, 23.5793, 0.000893743, 148.853, 0.00645068, -71.4449, 0.00291317, 96.4418
4500, 75.00000, 2.22095, 86.7494, 10.1601, -146.769, 9.88572, 23.5619, 0.00088927, 148.691, 0.00644389, -71.534, 0.00291124, 96.4298
4501, 75.00833, 2.20765, 86.6437, 10.1485, -146.856, 9.87845, 23.5444, 0.000884798, 148.53, 0.00643707, -71.6231, 0.00290932, 96.4176
4501, 75.01667, 2.19437, 86.5392, 10.1369, -146.943, 9.8712, 23.5267, 0.000880327, 148.369, 0.00643023, -71.7121, 0.0029074, 96.4054
4502, 75.02500, 2.1811, 86.4359, 10.1252, -147.031, 9.86398, 23.509, 0.000875859, 148.209, 0.00642337, -71.801, 0.0029055, 96.3931
4502, 75.03333, 2.16786, 86.334, 10.1135, -147.118, 9.85679, 23.4911, 0.000871392, 148.049, 0.00641648, -71.8898, 0.0029036, 96.3807
4503, 75.04166, 2.15463, 86.2332, 10.1018, -147.205, 9.84962, 23.4732, 0.000866926, 147.89, 0.00640957, -71.9785, 0.00290171, 96.3682
4503, 75.05000, 2.14143, 86.1339, 10.09, -147.291, 9.84247, 23.4552, 0.000862462, 147.732, 0.00640263, -72.0672, 0.00289983, 96.3556
4504, 75.05833, 2.12824, 86.0358, 10.0782, -147.378, 9.83535, 23.437, 0.000858, 147.574, 0.00639567, -72.1557, 0.00289796, 96.3429
4504, 75.06667, 2.11507, 85.939, 10.0664, -147.465, 9.82826, 23.4188, 0.000853539, 147.417, 0.00638869, -72.2441, 0.00289609, 96.3301
4505, 75.07500, 2.10192, 85.8437, 10.0545, -147.551, 9.82119, 23.4005, 0.00084908, 147.26, 0.00638168, -72.3324, 0.00289424, 96.3172
4505, 75.08334, 2.08879, 85.7497, 10.0426, -147.638, 9.81414, 23.3821, 0.000844622, 147.104, 0.00637465, -72.4207, 0.00289239, 96.3042
4505, 75.09167, 2.07567, 85.657, 10.0307, -147.724, 9.80712, 23.3636, 0.000840166, 146.949, 0.0063676, -72.5088, 0.00289055, 96.2912
4506, 75.10000, 2.06258, 85.5658, 10.0187, -147.811, 9.80012, 23.3449, 0.000835713, 146.794, 0.00636052, -72.5968, 0.00288872, 96.278
4507, 75.10833, 2.04951, 85.4761, 10.0068, -147.897, 9.79314, 23.3262, 0.000831261, 146.64, 0.00635342, -72.6848, 0.0028869, 96.2647
4507, 75.11667, 2.03646, 85.3878, 9.99473, -147.983, 9.78619, 23.3074, 0.00082681, 146.487, 0.0063463, -72.7726, 0.00288508, 96.2514
4508, 75.12500, 2.02342, 85.301, 9.98269, -148.069, 9.77926, 23.2885, 0.000822361, 146.334, 0.00633916, -72.8603, 0.00288327, 96.2379
4508, 75.13333, 2.01041, 85.2156, 9.97061, -148.155, 9.77235, 23.2695, 0.000817915, 146.182, 0.00633199, -72.948, 0.00288148, 96.2244
4509, 75.14167, 1.99742, 85.1318, 9.9585, -148.241, 9.76547, 23.2504, 0.000813469, 146.03, 0.00632481, -73.0355, 0.00287968, 96.2108
4509, 75.15000, 1.98444, 85.0496, 9.94636, -148.327, 9.75861, 23.2312, 0.000809026, 145.88, 0.0063176, -73.1229, 0.0028779, 96.197
4510, 75.15833, 1.97149, 84.9689, 9.93419, -148.413, 9.75177, 23.2119, 0.000804585, 145.73, 0.00631037, -73.2103, 0.00287613, 96.1832
4510, 75.16666, 1.95856, 84.8898, 9.922, -148.498, 9.74496, 23.1925, 0.000800145, 145.58, 0.00630311, -73.2975, 0.00287436, 96.1693
4511, 75.17500, 1.94565, 84.8123, 9.90977, -148.584, 9.73817, 23.173, 0.000795708, 145.431, 0.00629584, -73.3846, 0.0028726, 96.1552
4511, 75.18333, 1.93276, 84.7364, 9.89752, -148.669, 9.7314, 23.1534, 0.000791272, 145.283, 0.00628854, -73.4716, 0.00287085, 96.1411
4512, 75.19167, 1.91988, 84.6622, 9.88523, -148.754, 9.72465, 23.1337, 0.000786838, 145.136, 0.00628123, -73.5585, 0.0028691, 96.1269
4512, 75.20000, 1.90704, 84.5898, 9.87292, -148.84, 9.71793, 23.1139, 0.000782407, 144.99, 0.00627389, -73.6453, 0.00286737, 96.1126
4513, 75.20834, 1.89421, 84.519, 9.86058, -148.925, 9.71123, 23.094, 0.000777977, 144.844, 0.00626653, -73.732, 0.00286564, 96.0981
4513, 75.21667, 1.8814, 84.4499, 9.84821, -149.01, 9.70455, 23.0739, 0.000773549, 144.699, 0.00625915, -73.8186, 0.00286392, 96.0836
4513, 75.22500, 1.86861, 84.3827, 9.83582, -149.095, 9.69789, 23.0538, 0.000769123, 144.554, 0.00625175, -73.9051, 0.0028622, 96.069
4514, 75.23333, 1.85585, 84.3172, 9.82339, -149.18, 9.69125, 23.0336, 0.000764699, 144.41, 0.00624433, -73.9915, 0.0028605, 96.0543
4515, 75.24167, 1.84311, 84.2536, 9.81094, -149.264, 9.68463, 23.0133, 0.000760276, 144.268, 0.00623689, -74.0778, 0.0028588, 96.0395
4515, 75.25000, 1.83039, 84.1918, 9.79847, -149.349, 9.67804, 22.9929, 0.000755856, 144.125, 0.00622943, -74.164, 0.00285711, 96.0246
4516, 75.25833, 1.81769, 84.132, 9.78596, -149.433, 9.67147, 22.9724, 0.000751439, 143.984, 0.00622195, -74.25, 0.00285542, 96.0095
4516, 75.26667, 1.80501, 84.074, 9.77343, -149.518, 9.66492, 22.9518, 0.000747022, 143.843, 0.00621445, -74.336, 0.00285375, 95.9944
4517, 75.27500, 1.79236, 84.0181, 9.76087, -149.602, 9.65839, 22.9311, 0.000742608, 143.704, 0.00620693, -74.4218, 0.00285208, 95.9792
4517, 75.28333, 1.77973, 83.9641, 9.74829, -149.686, 9.65188, 22.9103, 0.000738196, 143.565, 0.0061994, -74.5075, 0.00285041, 95.9639
4518, 75.29166, 1.76712, 83.9121, 9.73568, -149.771, 9.64539, 22.8893, 0.000733786, 143.426, 0.00619184, -74.5932, 0.00284876, 95.9484
4518, 75.30000, 1.75453, 83.8622, 9.72305, -149.855, 9.63892, 22.8683, 0.000729378, 143.289, 0.00618426, -74.6787, 0.00284711, 95.9329
4519, 75.30833, 1.74197, 83.8144, 9.71039, -149.938, 9.63247, 22.8472, 0.000724973, 143.153, 0.00617666, -74.7641, 0.00284547, 95.9173
4519, 75.31667, 1.72943, 83.7687, 9.6977, -150.022, 9.62605, 22.826, 0.000720568, 143.017, 0.00616905, -74.8494, 0.00284384, 95.9015
4520, 75.32500, 1.71692, 83.7252, 9.68499, -150.106, 9.61964, 22.8046, 0.000716167, 142.882, 0.00616141, -74.9346, 0.00284221, 95.8857
4520, 75.33334, 1.70442, 83.6839, 9.67225, -150.19, 9.61325, 22.7832, 0.000711767, 142.748, 0.00615376, -75.0196, 0.00284059, 95.8698
4521, 75.34167, 1.69195, 83.6448, 9.65949, -150.273, 9.60689, 22.7617, 0.00070737, 142.615, 0.00614609, -75.1046, 0.00283898, 95.8537
4521, 75.35000, 1.67951, 83.608, 9.64671, -150.357, 9.60054, 22.74, 0.000702974, 142.483, 0.0061384, -75.1894, 0.00283737, 95.8376
4521, 75.35833, 1.66709, 83.5736, 9.6339, -150.44, 9.59422, 22.7183, 0.000698581, 142.351, 0.00613069, -75.2742, 0.00283577, 95.8213
4522, 75.36667, 1.65469, 83.5415, 9.62107, -150.523, 9.58791, 22.6965, 0.00069419, 142.221, 0.00612296, -75.3588, 0.00283418, 95.8049
4523, 75.37500, 1.64232, 83.5119, 9.60821, -150.606, 9.58162, 22.6745, 0.000689801, 142.091, 0.00611522, -75.4433, 0.0028326, 95.7885
4523, 75.38333, 1.62997, 83.4847, 9.59533, -150.689, 9.57536, 22.6525, 0.000685414, 141.963, 0.00610745, -75.5277, 0.00283102, 95.7719
4524, 75.39167, 1.61765, 83.4601, 9.58242, -150.772, 9.56911, 22.6303, 0.000681029, 141.835, 0.00609967, -75.6119, 0.00282944, 95.7552
4524, 75.40000, 1.60535, 83.438, 9.5695, -150.855, 9.56288, 22.608, 0.000676646, 141.708, 0.00609187, -75.6961, 0.00282788, 95.7384
4525, 75.40833, 1.59308, 83.4185, 9.55654, -150.938, 9.55667, 22.5857, 0.000672266, 141.583, 0.00608406, -75.7802, 0.00282632, 95.7215
4525, 75.41666, 1.58084, 83.4016, 9.54357, -151.02, 9.55048, 22.5632, 0.000667887, 141.458, 0.00607622, -75.8641, 0.00282477, 95.7046
4526, 75.42500, 1.56862, 83.3875, 9.53057, -151.103, 9.54431, 22.5406, 0.000663511, 141.334, 0.00606837, -75.9479, 0.00282323, 95.6874
4526, 75.43333, 1.55642, 83.3761, 9.51755, -151.185, 9.53816, 22.518, 0.000659137, 141.212, 0.0060605, -76.0316, 0.00282169, 95.6702
4527, 75.44167, 1.54426, 83.3676, 9.50451, -151.267, 9.53203, 22.4952, 0.000654765, 141.09, 0.00605262, -76.1152, 0.00282016, 95.6529
4527, 75.45000, 1.53212, 83.3619, 9.49145, -151.349, 9.52591, 22.4723, 0.000650395, 140.969, 0.00604472, -76.1986, 0.00281863, 95.6355
4528, 75.45834, 1.52, 83.3592, 9.47836, -151.431, 9.51982, 22.4493, 0.000646028, 140.85, 0.0060368, -76.282, 0.00281711, 95.618
4528, 75.46667, 1.50792, 83.3594, 9.46525, -151.513, 9.51374, 22.4262, 0.000641662, 140.731, 0.00602886, -76.3652, 0.0028156, 95.6003
4529, 75.47500, 1.49586, 83.3627, 9.45212, -151.595, 9.50769, 22.403, 0.000637299, 140.614, 0.00602091, -76.4483, 0.00281409, 95.5826
4529, 75.48333, 1.48383, 83.3691, 9.43897, -151.677, 9.50165, 22.3797, 0.000632939, 140.498, 0.00601294, -76.5313, 0.00281259, 95.5647
4529, 75.49167, 1.47183, 83.3787, 9.4258, -151.758, 9.49563, 22.3563, 0.000628579, 140.383, 0.00600495, -76.6142, 0.0028111, 95.5467
4530, 75.50000, 1.45986, 83.3916, 9.4126, -151.84, 9.48962, 22.3327, 0.000624223, 140.269, 0.00599695, -76.697, 0.00280961, 95.5287
4531, 75.50833, 1.44791, 83.4077, 9.39939, -151.921, 9.48364, 22.3091, 0.000619869, 140.156, 0.00598893, -76.7796, 0.00280813, 95.5105
4531, 75.51667, 1.436, 83.4273, 9.38615, -152.002, 9.47767, 22.2854, 0.000615517, 140.045, 0.00598089, -76.8622, 0.00280666, 95.4922
4532, 75.52500, 1.42411, 83.4503, 9.3729, -152.084, 9.47172, 22.2615, 0.000611167, 139.934, 0.00597284, -76.9445, 0.00280519, 95.4738
4532, 75.53333, 1.41226, 83.4768, 9.35962, -152.165, 9.46579, 22.2376, 0.00060682, 139.825, 0.00596478, -77.0268, 0.00280373, 95.4552
4533, 75.54166, 1.40043, 83.5069, 9.34632, -152.246, 9.45988, 22.2135, 0.000602474, 139.718, 0.00595669, -77.109, 0.00280227, 95.4366
4533, 75.55000, 1.38864, 83.5407, 9.333, -152.326, 9.45399, 22.1894, 0.000598131, 139.611, 0.00594859, -77.191, 0.00280082, 95.4179
4534, 75.55833, 1.37688, 83.5783, 9.31966, -152.407, 9.44811, 22.1651, 0.000593791, 139.506, 0.00594048, -77.2729, 0.00279938, 95.399
4534, 75.56667, 1.36515, 83.6197, 9.3063, -152.488, 9.44225, 22.1407, 0.000589452, 139.402, 0.00593235, -77.3548, 0.00279794, 95.38
4535, 75.57500, 1.35345, 83.665, 9.29292, -152.568, 9.43641, 22.1162, 0.000585116, 139.3, 0.0059242, -77.4364, 0.00279651, 95.361
4535, 75.58334, 1.34179, 83.7144, 9.27953, -152.649, 9.43058, 22.0917, 0.000580782, 139.198, 0.00591604, -77.518, 0.00279509, 95.3418
4536, 75.59167, 1.33016, 83.7679, 9.26611, -152.729, 9.42477, 22.0669, 0.00057645, 139.099, 0.00590786, -77.5994, 0.00279367, 95.3225
4536, 75.60000, 1.31856, 83.8255, 9.25267, -152.809, 9.41898, 22.0421, 0.000572121, 139.001, 0.00589967, -77.6807, 0.00279226, 95.303
4537, 75.60833, 1.307, 83.8875, 9.23921, -152.889, 9.41321, 22.0172, 0.000567795, 138.904, 0.00589147, -77.7619, 0.00279085, 95.2835
4537, 75.61667, 1.29547, 83.9538, 9.22574, -152.969, 9.40745, 21.9922, 0.00056347, 138.809, 0.00588324, -77.843, 0.00278945, 95.2639
4537, 75.62500, 1.28397, 84.0246, 9.21224, -153.049, 9.40171, 21.9671, 0.000559148, 138.715, 0.00587501, -77.9239, 0.00278805, 95.2441
4538, 75.63333, 1.27252, 84.1001, 9.19873, -153.128, 9.39599, 21.9418, 0.000554828, 138.623, 0.00586675, -78.0048, 0.00278666, 95.2242
4539, 75.64167, 1.2611, 84.1802, 9.1852, -153.208, 9.39029, 21.9165, 0.00055051, 138.532, 0.00585849, -78.0855, 0.00278528, 95.2042
4539, 75.65000, 1.24971, 84.2651, 9.17165, -153.287, 9.3846, 21.891, 0.000546195, 138.443, 0.00585021, -78.166, 0.0027839, 95.1841
4540, 75.65833, 1.23837, 84.355, 9.15808, -153.367, 9.37893, 21.8654, 0.000541883, 138.356, 0.00584191, -78.2465, 0.00278253, 95.1639
4540, 75.66666, 1.22706, 84.4499, 9.14449, -153.446, 9.37327, 21.8397, 0.000537572, 138.27, 0.0058336, -78.3268, 0.00278116, 95.1436
4541, 75.67500, 1.21579, 84.5499, 9.13088, -153.525, 9.36763, 21.8139, 0.000533265, 138.187, 0.00582527, -78.407, 0.0027798, 95.1231
4541, 75.68333, 1.20456, 84.6553, 9.11726, -153.604, 9.36201, 21.788, 0.00052896, 138.105, 0.00581693, -78.4871, 0.00277845, 95.1026
4542, 75.69167, 1.19338, 84.766, 9.10361, -153.683, 9.3564, 21.762, 0.000524657, 138.024, 0.00580858, -78.567, 0.0027771, 95.0819
4542, 75.70000, 1.18223, 84.8823, 9.08995, -153.762, 9.35081, 21.7359, 0.000520356, 137.946, 0.00580021, -78.6468, 0.00277576, 95.0611
4543, 75.70834, 1.17113, 85.0042, 9.07628, -153.84, 9.34524, 21.7096, 0.000516059, 137.87, 0.00579183, -78.7265, 0.00277442, 95.0402
4543, 75.71667, 1.16006, 85.1319, 9.06258, -153.919, 9.33968, 21.6833, 0.000511763, 137.795, 0.00578343, -78.8061, 0.00277309, 95.0191
4544, 75.72500, 1.14905, 85.2656, 9.04887, -153.997, 9.33414, 21.6568, 0.000507471, 137.723, 0.00577502, -78.8855, 0.00277176, 94.998
4544, 75.73333, 1.13808, 85.4053, 9.03514, -154.075, 9.32862, 21.6302, 0.000503181, 137.652, 0.0057666, -78.9648, 0.00277044, 94.9767
4545, 75.74167, 1.12715, 85.5513, 9.02139, -154.154, 9.32311, 21.6036, 0.000498893, 137.584, 0.00575816, -79.044, 0.00276912, 94.9553
4545, 75.75000, 1.11627, 85.7037, 9.00762, -154.232, 9.31761, 21.5768, 0.000494609, 137.517, 0.00574971, -79.123, 0.00276782, 94.9338
4545, 75.75833, 1.10544, 85.8626, 8.99384, -154.31, 9.31214, 21.5498, 0.000490327, 137.453, 0.00574124, -79.202, 0.00276651, 94.9122
4546, 75.76667, 1.09465, 86.0282, 8.98004, -154.387, 9.30667, 21.5228, 0.000486047, 137.391, 0.00573276, -79.2808, 0.00276521, 94.8904
4547, 75.77500, 1.08392, 86.2007, 8.96622, -154.465, 9.30123, 21.4957, 0.00048177, 137.332, 0.00572427, -79.3594, 0.00276392, 94.8685
4547, 75.78333, 1.07324, 86.3802, 8.95239, -154.543, 9.2958, 21.4684, 0.000477497, 137.274, 0.00571576, -79.438, 0.00276263, 94.8465
4548, 75.79166, 1.0626, 86.567, 8.93854, -154.62, 9.29038, 21.4411, 0.000473225, 137.22, 0.00570724, -79.5164, 0.00276135, 94.8244
4548, 75.80000, 1.05203, 86.7611, 8.92467, -154.697, 9.28498, 21.4136, 0.000468957, 137.167, 0.0056987, -79.5946, 0.00276007, 94.8022
4549, 75.80833, 1.0415, 86.9628, 8.91079, -154.774, 9.2796, 21.386, 0.000464692, 137.117, 0.00569016, -79.6728, 0.0027588, 94.7799
4549, 75.81667, 1.03104, 87.1723, 8.89689, -154.852, 9.27423, 21.3583, 0.000460429, 137.07, 0.0056816, -79.7508, 0.00275753, 94.7574
4550, 75.82500, 1.02063, 87.3897, 8.88298, -154.928, 9.26888, 21.3304, 0.00045617, 137.026, 0.00567302, -79.8287, 0.00275627, 94.7348
4550, 75.83334, 1.01028, 87.6152, 8.86904, -155.005, 9.26354, 21.3025, 0.000451914, 136.984, 0.00566444, -79.9064, 0.00275502, 94.7121
4551, 75.84167, 0.999983, 87.8492, 8.85509, -155.082, 9.25822, 21.2745, 0.00044766, 136.945, 0.00565583, -79.984, 0.00275377, 94.6892
4551, 75.85000, 0.989754, 88.0916, 8.84113, -155.159, 9.25291, 21.2463, 0.00044341, 136.909, 0.00564722, -80.0615, 0.00275252, 94.6663
4552, 75.85833, 0.979587, 88.3429, 8.82715, -155.235, 9.24762, 21.218, 0.000439164, 136.875, 0.0056386, -80.1388, 0.00275128, 94.6432
4552, 75.86667, 0.969483, 88.6031, 8.81316, -155.311, 9.24234, 21.1896, 0.00043492, 136.845, 0.00562995, -80.216, 0.00275005, 94.6199
4553, 75.87500, 0.959448, 88.8725, 8.79914, -155.388, 9.23708, 21.1611, 0.000430679, 136.818, 0.0056213, -80.2931, 0.00274882, 94.5966
4553, 75.88333, 0.94948, 89.1514, 8.78512, -155.464, 9.23183, 21.1324, 0.000426443, 136.795, 0.00561264, -80.37, 0.0027476, 94.5731
4553, 75.89167, 0.939581, 89.44, 8.77107, -155.54, 9.2266, 21.1037, 0.000422209, 136.774, 0.00560396, -80.4468, 0.00274638, 94.5496
4554, 75.90000, 0.929755, 89.7384, 8.75702, -155.615, 9.22138, 21.0748, 0.000417979, 136.757, 0.00559527, -80.5235, 0.00274516, 94.5258
4555, 75.90833, 0.920002, 90.047, 8.74294, -155.691, 9.21618, 21.0458, 0.000413753, 136.744, 0.00558657, -80.6, 0.00274396, 94.502
4555, 75.91666, 0.910324, 90.3659, 8.72885, -155.767, 9.21099, 21.0167, 0.00040953, 136.734, 0.00557785, -80.6764, 0.00274275, 94.478
4556, 75.92500, 0.900725, 90.6955, 8.71475, -155.842, 9.20582, 20.9875, 0.000405311, 136.728, 0.00556912, -80.7527, 0.00274155, 94.4539
4556, 75.93333, 0.891206, 91.036, 8.70063, -155.917, 9.20066, 20.9581, 0.000401096, 136.725, 0.00556038, -80.8288, 0.00274036, 94.4297
4557, 75.94167, 0.881768, 91.3876, 8.68649, -155.992, 9.19551, 20.9287, 0.000396885, 136.727, 0.00555162, -80.9048, 0.00273917, 94.4054
4557, 75.95000, 0.872415, 91.7506, 8.67235, -156.068, 9.19038, 20.8991, 0.000392678, 136.733, 0.00554286, -80.9806, 0.00273799, 94.3809
4558, 75.95834, 0.863149, 92.1252, 8.65818, -156.142, 9.18527, 20.8694, 0.000388475, 136.742, 0.00553408, -81.0563, 0.00273681, 94.3563
4558, 75.96667, 0.853972, 92.5118, 8.644, -156.217, 9.18017, 20.8395, 0.000384276, 136.757, 0.00552529, -81.1319, 0.00273564, 94.3316
4559, 75.97500, 0.844887, 92.9105, 8.62981, -156.292, 9.17508, 20.8096, 0.000380082, 136.775, 0.00551648, -81.2073, 0.00273447, 94.3067
4559, 75.98333, 0.835897, 93.3217, 8.6156, -156.366, 9.17001, 20.7795, 0.000375893, 136.799, 0.00550767, -81.2826, 0.00273331, 94.2817
4560, 75.99167, 0.827004, 93.7456, 8.60137, -156.441, 9.16495, 20.7493, 0.000371708, 136.827, 0.00549884, -81.3577, 0.00273215, 94.2566
4560, 76.00000, 0.818211, 94.1825, 8.58714, -156.515, 9.15991, 20.719, 0.000367528, 136.86, 0.00549, -81.4327, 0.002731, 94.2313
4561, 76.00833, 0.809522, 94.6326, 8.57288, -156.589, 9.15488, 20.6886, 0.000363353, 136.898, 0.00548114, -81.5075, 0.00272985, 94.2059
4561, 76.01667, 0.800938, 95.0964, 8.55861, -156.663, 9.14986, 20.658, 0.000359182, 136.941, 0.00547228, -81.5822, 0.00272871, 94.1804
4561, 76.02500, 0.792464, 95.5738, 8.54433, -156.737, 9.14486, 20.6273, 0.000355018, 136.99, 0.0054634, -81.6568, 0.00272757, 94.1548
4562, 76.03333, 0.784102, 96.0652, 8.53004, -156.811, 9.13987, 20.5965, 0.000350859, 137.045, 0.00545451, -81.7312, 0.00272643, 94.129
4563, 76.04166, 0.775856, 96.5711, 8.51573, -156.884, 9.1349, 20.5656, 0.000346705, 137.105, 0.00544561, -81.8055, 0.0027253, 94.1031
4563, 76.05000, 0.767729, 97.0914, 8.5014, -156.958, 9.12994, 20.5346, 0.000342557, 137.171, 0.0054367, -81.8796, 0.00272418, 94.077
4564, 76.05833, 0.759726, 97.6265, 8.48706, -157.031, 9.12499, 20.5034, 0.000338416, 137.244, 0.00542777, -81.9535, 0.00272306, 94.0509
4564, 76.06667, 0.751847, 98.1767, 8.47271, -157.104, 9.12006, 20.4721, 0.00033428, 137.323, 0.00541884, -82.0274, 0.00272195, 94.0246
4565, 76.07500, 0.7441, 98.7421, 8.45834, -157.177, 9.11514, 20.4407, 0.000330152, 137.408, 0.00540989, -82.1011, 0.00272084, 93.9981
4565, 76.08334, 0.736487, 99.3229, 8.44396, -157.25, 9.11024, 20.4091, 0.00032603, 137.501, 0.00540093, -82.1746, 0.00271973, 93.9715
4566, 76.09167, 0.729011, 99.9195, 8.42956, -157.323, 9.10534, 20.3774, 0.000321914, 137.601, 0.00539195, -82.248, 0.00271863, 93.9448
4566, 76.10000, 0.721677, 100.532, 8.41516, -157.396, 9.10047, 20.3456, 0.000317807, 137.708, 0.00538297, -82.3212, 0.00271754, 93.9179
4566, 76.10833, 0.71449, 101.16, 8.40073, -157.468, 9.0956, 20.3137, 0.000313707, 137.823, 0.00537397, -82.3942, 0.00271645, 93.891
4567, 76.11667, 0.707451, 101.805, 8.3863, -157.54, 9.09075, 20.2816, 0.000309614, 137.946, 0.00536496, -82.4672, 0.00271536, 93.8638
4568, 76.12500, 0.700568, 102.466, 8.37185, -157.613, 9.08591, 20.2495, 0.00030553, 138.077, 0.00535594, -82.5399, 0.00271428, 93.8366
4568, 76.13333, 0.693844, 103.143, 8.35738, -157.685, 9.08109, 20.2171, 0.000301455, 138.217, 0.00534691, -82.6126, 0.00271321, 93.8092
4569, 76.14167, 0.687282, 103.837, 8.3429, -157.756, 9.07628, 20.1847, 0.000297388, 138.366, 0.00533787, -82.685, 0.00271214, 93.7816
4569, 76.15000, 0.680889, 104.547, 8.32841, -157.828, 9.07148, 20.1521, 0.000293331, 138.525, 0.00532881, -82.7573, 0.00271107, 93.7539
4569, 76.15833, 0.674667, 105.274, 8.31391, -157.9, 9.0667, 20.1194, 0.000289283, 138.693, 0.00531974, -82.8295, 0.00271001, 93.7261
4570, 76.16666, 0.668622, 106.018, 8.29939, -157.971, 9.06193, 20.0866, 0.000285246, 138.871, 0.00531067, -82.9015, 0.00270895, 93.6981
4571, 76.17500, 0.662759, 106.778, 8.28485, -158.043, 9.05717, 20.0536, 0.000281219, 139.06, 0.00530158, -82.9733, 0.0027079, 93.67
4571, 76.18333, 0.657082, 107.554, 8.27031, -158.114, 9.05243, 20.0205, 0.000277204, 139.26, 0.00529247, -83.045, 0.00270685, 93.6418
4572, 76.19167, 0.651595, 108.347, 8.25575, -158.185, 9.04769, 19.9873, 0.000273199, 139.471, 0.00528336, -83.1165, 0.0027058, 93.6134
4572, 76.20000, 0.646304, 109.156, 8.24118, -158.256, 9.04298, 19.9539, 0.000269208, 139.694, 0.00527424, -83.1878, 0.00270477, 93.5849
4573, 76.20834, 0.641212, 109.981, 8.22659, -158.326, 9.03827, 19.9205, 0.000265229, 139.93, 0.0052651, -83.259, 0.00270373, 93.5562
4573, 76.21667, 0.636325, 110.821, 8.21199, -158.397, 9.03358, 19.8868, 0.000261263, 140.178, 0.00525595, -83.3301, 0.0027027, 93.5274
4574, 76.22500, 0.631648, 111.677, 8.19738, -158.467, 9.0289, 19.8531, 0.000257311, 140.44, 0.00524679, -83.4009, 0.00270168, 93.4984
4574, 76.23333, 0.627185, 112.548, 8.18275, -158.538, 9.02423, 19.8192, 0.000253375, 140.716, 0.00523762, -83.4716, 0.00270065, 93.4693
4574, 76.24167, 0.622939, 113.434, 8.16811, -158.608, 9.01958, 19.7851, 0.000249453, 141.007, 0.00522844, -83.5422, 0.00269964, 93.4401
4575, 76.25000, 0.618916, 114.334, 8.15346, -158.678, 9.01494, 19.751, 0.000245548, 141.313, 0.00521925, -83.6125, 0.00269863, 93.4107
4576, 76.25833, 0.61512, 115.247, 8.1388, -158.748, 9.01031, 19.7167, 0.000241661, 141.636, 0.00521004, -83.6827, 0.00269762, 93.3811
4576, 76.26667, 0.611554, 116.174, 8.12412, -158.817, 9.0057, 19.6823, 0.000237791, 141.975, 0.00520083, -83.7528, 0.00269662, 93.3514
4577, 76.27500, 0.608224, 117.113, 8.10943, -158.887, 9.00109, 19.6477, 0.00023394, 142.331, 0.0051916, -83.8226, 0.00269562, 93.3216
4577, 76.28333, 0.605132, 118.064, 8.09472, -158.956, 8.9965, 19.613, 0.00023011, 142.706, 0.00518236, -83.8923, 0.00269462, 93.2916
4578, 76.29166, 0.602283, 119.026, 8.08, -159.025, 8.99193, 19.5781, 0.0002263, 143.1, 0.00517311, -83.9618, 0.00269363, 93.2615
4578, 76.30000, 0.599679, 119.999, 8.06528, -159.094, 8.98736, 19.5431, 0.000222513, 143.514, 0.00516385, -84.0312, 0.00269265, 93.2312
4579, 76.30833, 0.597323, 120.981, 8.05053, -159.163, 8.98281, 19.508, 0.000218749, 143.949, 0.00515458, -84.1004, 0.00269167, 93.2008
4579, 76.31667, 0.59522, 121.971, 8.03578, -159.232, 8.97827, 19.4727, 0.00021501, 144.406, 0.00514529, -84.1694, 0.00269069, 93.1702
4580, 76.32500, 0.59337, 122.97, 8.02101, -159.3, 8.97374, 19.4373, 0.000211298, 144.886, 0.005136, -84.2382, 0.00268972, 93.1394
4580, 76.33334, 0.591778, 123.975, 8.00623, -159.369, 8.96923, 19.4018, 0.000207613, 145.39, 0.00512669, -84.3068, 0.00268875, 93.1085
4581, 76.34167, 0.590444, 124.986, 7.99143, -159.437, 8.96472, 19.3661, 0.000203958, 145.92, 0.00511737, -84.3753, 0.00268779, 93.0775
4581, 76.35000, 0.58937, 126.002, 7.97662, -159.505, 8.96023, 19.3303, 0.000200334, 146.475, 0.00510805, -84.4436, 0.00268683, 93.0463
4582, 76.35833, 0.588558, 127.022, 7.9618, -159.573, 8.95576, 19.2943, 0.000196743, 147.058, 0.00509871, -84.5117, 0.00268587, 93.015
4582, 76.36667, 0.588009, 128.045, 7.94697, -159.641, 8.95129, 19.2582, 0.000193187, 147.67, 0.00508936, -84.5796, 0.00268492, 92.9834
4582, 76.37500, 0.587724, 129.069, 7.93212, -159.708, 8.94684, 19.2219, 0.000189668, 148.312, 0.00507999, -84.6473, 0.00268398, 92.9518
4583, 76.38333, 0.587703, 130.094, 7.91727, -159.775, 8.9424, 19.1855, 0.000186188, 148.986, 0.00507062, -84.7149, 0.00268304, 92.92
4584, 76.39167, 0.587946, 131.118, 7.9024, -159.843, 8.93797, 19.149, 0.00018275, 149.693, 0.00506124, -84.7823, 0.0026821, 92.888
4584, 76.40000, 0.588454, 132.141, 7.88751, -159.91, 8.93355, 19.1123, 0.000179356, 150.434, 0.00505184, -84.8494, 0.00268117, 92.8559
4585, 76.40833, 0.589224, 133.161, 7.87262, -159.976, 8.92915, 19.0754, 0.000176009, 151.211, 0.00504243, -84.9164, 0.00268024, 92.8236
4585, 76.41666, 0.590257, 134.178, 7.85771, -160.043, 8.92475, 19.0384, 0.000172712, 152.026, 0.00503302, -84.9832, 0.00267931, 92.7911
4586, 76.42500, 0.591551, 135.19, 7.84279, -160.11, 8.92037, 19.0013, 0.000169468, 152.88, 0.00502359, -85.0498, 0.00267839, 92.7585
4586, 76.43333, 0.593104, 136.196, 7.82785, -160.176, 8.916, 18.964, 0.00016628, 153.775, 0.00501415, -85.1162, 0.00267748, 92.7257
4587, 76.44167, 0.594916, 137.196, 7.81291, -160.242, 8.91165, 18.9266, 0.000163152, 154.713, 0.0050047, -85.1825, 0.00267656, 92.6928
4587, 76.45000, 0.596982, 138.188, 7.79795, -160.308, 8.9073, 18.889, 0.000160087, 155.694, 0.00499524, -85.2485, 0.00267566, 92.6597
4588, 76.45834, 0.599301, 139.171, 7.78298, -160.374, 8.90297, 18.8513, 0.00015709, 156.722, 0.00498576, -85.3143, 0.00267475, 92.6265
4588, 76.46667, 0.601871, 140.145, 7.76799, -160.439, 8.89865, 18.8134, 0.000154164, 157.797, 0.00497628, -85.3799, 0.00267385, 92.593
4589, 76.47500, 0.604687, 141.108, 7.753, -160.505, 8.89434, 18.7753, 0.000151314, 158.921, 0.00496678, -85.4454, 0.00267296, 92.5595
4589, 76.48333, 0.607747, 142.061, 7.73799, -160.57, 8.89004, 18.7371, 0.000148545, 160.095, 0.00495728, -85.5106, 0.00267207, 92.5257
4590, 76.49167, 0.611048, 143.002, 7.72297, -160.635, 8.88575, 18.6988, 0.00014586, 161.322, 0.00494776, -85.5756, 0.00267118, 92.4918
4590, 76.50000, 0.614585, 143.93, 7.70794, -160.7, 8.88148, 18.6603, 0.000143267, 162.601, 0.00493823, -85.6404, 0.0026703, 92.4577
4590, 76.50833, 0.618355, 144.845, 7.69289, -160.764, 8.87721, 18.6216, 0.000140769, 163.934, 0.0049287, -85.705, 0.00266942, 92.4235
4591, 76.51667, 0.622354, 145.747, 7.67784, -160.829, 8.87296, 18.5828, 0.000138372, 165.322, 0.00491915, -85.7694, 0.00266854, 92.389
4592, 76.52500, 0.626578, 146.634, 7.66277, -160.893, 8.86872, 18.5438, 0.000136082, 166.766, 0.00490959, -85.8336, 0.00266767, 92.3545
4592, 76.53333, 0.631021, 147.507, 7.64769, -160.957, 8.86449, 18.5047, 0.000133904, 168.265, 0.00490001, -85.8975, 0.00266681, 92.3197
4593, 76.54166, 0.635682, 148.365, 7.63259, -161.021, 8.86027, 18.4654, 0.000131845, 169.82, 0.00489043, -85.9613, 0.00266594, 92.2848
4593, 76.55000, 0.640553, 149.207, 7.61749, -161.085, 8.85607, 18.426, 0.00012991, 171.43, 0.00488084, -86.0248, 0.00266509, 92.2497
4594, 76.55833, 0.645631, 150.033, 7.60237, -161.148, 8.85187, 18.3864, 0.000128106, 173.093, 0.00487124, -86.0881, 0.00266423, 92.2144
4594, 76.56667, 0.650912, 150.843, 7.58724, -161.211, 8.84769, 18.3466, 0.000126438, 174.809, 0.00486162, -86.1512, 0.00266338, 92.1789
4595, 76.57500, 0.65639, 151.638, 7.5721, -161.274, 8.84352, 18.3067, 0.000124913, 176.574, 0.00485199, -86.2141, 0.00266253, 92.1433
4595, 76.58334, 0.662061, 152.415, 7.55694, -161.337, 8.83936, 18.2666, 0.000123535, 178.387, 0.00484236, -86.2767, 0.00266169, 92.1075
4596, 76.59167, 0.667922, 153.176, 7.54177, -161.4, 8.83521, 18.2264, 0.00012231, -179.755, 0.00483271, -86.3392, 0.00266085, 92.0715
4596, 76.60000, 0.673965, 153.921, 7.5266, -161.462, 8.83107, 18.1859, 0.000121244, -177.858, 0.00482305, -86.4014, 0.00266002, 92.0354
4597, 76.60833, 0.680189, 154.649, 7.51141, -161.525, 8.82694, 18.1454, 0.000120341, -175.924, 0.00481338, -86.4633, 0.00265919, 91.9991
4597, 76.61667, 0.686587, 155.36, 7.4962, -161.587, 8.82282, 18.1046, 0.000119605, -173.96, 0.0048037, -86.525, 0.00265836, 91.9626
4598, 76.62500, 0.693155, 156.054, 7.48099, -161.648, 8.81872, 18.0637, 0.000119039, -171.97, 0.00479401, -86.5865, 0.00265754, 91.9259
4598, 76.63333, 0.699889, 156.732, 7.46576, -161.71, 8.81462, 18.0226, 0.000118647, -169.961, 0.00478431, -86.6478, 0.00265672, 91.889
4598, 76.64167, 0.706785, 157.393, 7.45052, -161.771, 8.81054, 17.9814, 0.00011843, -167.939, 0.0047746, -86.7088, 0.00265591, 91.8519
4599, 76.65000, 0.713838, 158.037, 7.43528, -161.832, 8.80646, 17.94, 0.00011839, -165.911, 0.00476488, -86.7696, 0.0026551, 91.8147
4600, 76.65833, 0.721043, 158.665, 7.42001, -161.893, 8.8024, 17.8984, 0.000118528, -163.882, 0.00475514, -86.8301, 0.00265429, 91.7773
4600, 76.66666, 0.728397, 159.278, 7.40474, -161.954, 8.79835, 17.8566, 0.000118844, -161.86, 0.0047454, -86.8904, 0.00265349, 91.7397
4601, 76.67500, 0.735896, 159.873, 7.38945, -162.014, 8.79431, 17.8147, 0.000119336, -159.851, 0.00473564, -86.9504, 0.00265269, 91.7019
4601, 76.68333, 0.743534, 160.453, 7.37416, -162.075, 8.79028, 17.7726, 0.000120003, -157.862, 0.00472588, -87.0102, 0.00265189, 91.6639
4602, 76.69167, 0.751311, 161.018, 7.35885, -162.135, 8.78626, 17.7303, 0.000120843, -155.897, 0.0047161, -87.0698, 0.0026511, 91.6258
4602, 76.70000, 0.759219, 161.567, 7.34353, -162.194, 8.78225, 17.6879, 0.000121852, -153.964, 0.00470631, -87.129, 0.00265031, 91.5874
4603, 76.70834, 0.767256, 162.1, 7.3282, -162.254, 8.77825, 17.6452, 0.000123027, -152.067, 0.00469652, -87.1881, 0.00264953, 91.5489
4603, 76.71667, 0.77542, 162.619, 7.31285, -162.313, 8.77427, 17.6024, 0.000124364, -150.21, 0.00468671, -87.2468, 0.00264875, 91.5101
4604, 76.72500, 0.783705, 163.123, 7.2975, -162.372, 8.77029, 17.5594, 0.000125858, -148.397, 0.00467689, -87.3053, 0.00264797, 91.4712
4604, 76.73333, 0.792108, 163.612, 7.28213, -162.431, 8.76632, 17.5163, 0.000127503, -146.632, 0.00466706, -87.3635, 0.0026472, 91.4321
4605, 76.74167, 0.800627, 164.087, 7.26675, -162.49, 8.76236, 17.4729, 0.000129296, -144.917, 0.00465722, -87.4215, 0.00264643, 91.3928
4605, 76.75000, 0.809258, 164.548, 7.25136, -162.548, 8.75842, 17.4294, 0.000131229, -143.255, 0.00464737, -87.4792, 0.00264567, 91.3533
4606, 76.75833, 0.817997, 164.995, 7.23596, -162.606, 8.75448, 17.3857, 0.000133298, -141.646, 0.00463751, -87.5366, 0.0026449, 91.3136
4606, 76.76667, 0.826843, 165.429, 7.22054, -162.664, 8.75056, 17.3418, 0.000135497, -140.093, 0.00462764, -87.5938, 0.00264415, 91.2737
4606, 76.77500, 0.835791, 165.85, 7.20512, -162.721, 8.74664, 17.2978, 0.00013782, -138.595, 0.00461776, -87.6506, 0.00264339, 91.2336
4607, 76.78333, 0.844839, 166.257, 7.18968, -162.779, 8.74273, 17.2535, 0.000140261, -137.154, 0.00460786, -87.7072, 0.00264264, 91.1933
4608, 76.79166, 0.853985, 166.652, 7.17424, -162.836, 8.73884, 17.2091, 0.000142815, -135.768, 0.00459796, -87.7635, 0.0026419, 91.1527
4608, 76.80000, 0.863225, 167.035, 7.15878, -162.893, 8.73495, 17.1644, 0.000145477, -134.437, 0.00458805, -87.8195, 0.00264115, 91.112
4609, 76.80833, 0.872557, 167.405, 7.14331, -162.949, 8.73108, 17.1196, 0.000148241, -133.16, 0.00457812, -87.8752, 0.00264041, 91.0711
4609, 76.81667, 0.881979, 167.764, 7.12783, -163.005, 8.72721, 17.0746, 0.000151102, -131.937, 0.00456819, -87.9306, 0.00263968, 91.03
4610, 76.82500, 0.891488, 168.11, 7.11233, -163.061, 8.72336, 17.0294, 0.000154055, -130.766, 0.00455824, -87.9858, 0.00263895, 90.9887
4610, 76.83334, 0.901082, 168.446, 7.09683, -163.117, 8.71951, 16.984, 0.000157095, -129.646, 0.00454829, -88.0406, 0.00263822, 90.9472
4611, 76.84167, 0.910759, 168.77, 7.08132, -163.172, 8.71567, 16.9385, 0.000160219, -128.575, 0.00453832, -88.0951, 0.00263749, 90.9055
4611, 76.85000, 0.920516, 169.084, 7.06579, -163.228, 8.71185, 16.8927, 0.000163421, -127.552, 0.00452835, -88.1493, 0.00263677, 90.8635
4612, 76.85833, 0.930351, 169.386, 7.05025, -163.282, 8.70803, 16.8467, 0.000166697, -126.576, 0.00451836, -88.2032, 0.00263605, 90.8214
4612, 76.86667, 0.940263, 169.679, 7.03471, -163.337, 8.70422, 16.8006, 0.000170045, -125.643, 0.00450837, -88.2568, 0.00263534, 90.779
4613, 76.87500, 0.950249, 169.961, 7.01915, -163.391, 8.70042, 16.7542, 0.00017346, -124.754, 0.00449836, -88.3101, 0.00263463, 90.7364
4613, 76.88333, 0.960308, 170.234, 7.00358, -163.445, 8.69663, 16.7076, 0.000176938, -123.906, 0.00448835, -88.363, 0.00263392, 90.6936
4614, 76.89167, 0.970439, 170.497, 6.988, -163.499, 8.69285, 16.6609, 0.000180477, -123.097, 0.00447832, -88.4157, 0.00263322, 90.6506
4614, 76.90000, 0.980638, 170.75, 6.97241, -163.552, 8.68909, 16.6139, 0.000184073, -122.326, 0.00446828, -88.468, 0.00263252, 90.6074
4614, 76.90833, 0.990904, 170.994, 6.9568, -163.606, 8.68532, 16.5668, 0.000187724, -121.592, 0.00445824, -88.52, 0.00263182, 90.564
4615, 76.91666, 1.00124, 171.229, 6.94119, -163.658, 8.68157, 16.5194, 0.000191428, -120.892, 0.00444818, -88.5716, 0.00263113, 90.5203
4616, 76.92500, 1.01163, 171.455, 6.92557, -163.711, 8.67783, 16.4718, 0.00019518, -120.226, 0.00443811, -88.6229, 0.00263044, 90.4764
4616, 76.93333, 1.02209, 171.673, 6.90993, -163.763, 8.6741, 16.424, 0.00019898, -119.592, 0.00442804, -88.6739, 0.00262975, 90.4323
4617, 76.94167, 1.03262, 171.882, 6.89429, -163.815, 8.67037, 16.3761, 0.000202825, -118.988, 0.00441795, -88.7245, 0.00262907, 90.388
4617, 76.95000, 1.0432, 172.084, 6.87863, -163.867, 8.66666, 16.3279, 0.000206712, -118.414, 0.00440785, -88.7748, 0.00262839, 90.3434
4618, 76.95834, 1.05384, 172.277, 6.86297, -163.918, 8.66295, 16.2795, 0.00021064, -117.867, 0.00439775, -88.8247, 0.00262771, 90.2987
4618, 76.96667, 1.06453, 172.462, 6.84729, -163.969, 8.65925, 16.2309, 0.000214608, -117.347, 0.00438763, -88.8742, 0.00262703, 90.2536
4619, 76.97500, 1.07529, 172.64, 6.83161, -164.019, 8.65556, 16.182, 0.000218613, -116.853, 0.0043775, -88.9234, 0.00262636, 90.2084
4619, 76.98333, 1.0861, 172.81, 6.81591, -164.07, 8.65188, 16.133, 0.000222653, -116.383, 0.00436737, -88.9723, 0.0026257, 90.1629
4620, 76.99167, 1.09696, 172.973, 6.80021, -164.12, 8.64821, 16.0837, 0.000226729, -115.936, 0.00435722, -89.0207, 0.00262503, 90.1172
4620, 77.00000, 1.10787, 173.129, 6.78449, -164.169, 8.64455, 16.0343, 0.000230837, -115.511, 0.00434707, -89.0688, 0.00262437, 90.0713
4621, 77.00833, 1.11884, 173.278, 6.76876, -164.219, 8.64089, 15.9846, 0.000234977, -115.108, 0.0043369, -89.1165, 0.00262372, 90.0252
4621, 77.01667, 1.12986, 173.421, 6.75303, -164.268, 8.63725, 15.9347, 0.000239147, -114.725, 0.00432673, -89.1639, 0.00262306, 89.9787
4622, 77.02500, 1.14093, 173.556, 6.73728, -164.316, 8.63361, 15.8846, 0.000243347, -114.362, 0.00431655, -89.2108, 0.00262241, 89.9321
4622, 77.03333, 1.15204, 173.686, 6.72153, -164.364, 8.62998, 15.8342, 0.000247575, -114.017, 0.00430635, -89.2574, 0.00262176, 89.8852
4622, 77.04166, 1.16321, 173.808, 6.70576, -164.412, 8.62636, 15.7836, 0.00025183, -113.69, 0.00429615, -89.3035, 0.00262112, 89.8381
4623, 77.05000, 1.17442, 173.925, 6.68998, -164.46, 8.62274, 15.7328, 0.000256111, -113.38, 0.00428594, -89.3493, 0.00262048, 89.7907
4624, 77.05833, 1.18568, 174.036, 6.6742, -164.507, 8.61914, 15.6818, 0.000260418, -113.087, 0.00427572, -89.3946, 0.00261984, 89.7431
4624, 77.06667, 1.19699, 174.141, 6.6584, -164.554, 8.61554, 15.6306, 0.000264749, -112.809, 0.00426549, -89.4396, 0.0026192, 89.6953
4625, 77.07500, 1.20833, 174.24, 6.6426, -164.6, 8.61195, 15.5791, 0.000269104, -112.546, 0.00425525, -89.4841, 0.00261857, 89.6472
4625, 77.08334, 1.21973, 174.333, 6.62679, -164.646, 8.60837, 15.5274, 0.000273482, -112.298, 0.004245, -89.5282, 0.00261794, 89.5988
4626, 77.09167, 1.23116, 174.421, 6.61097, -164.692, 8.60479, 15.4754, 0.000277883, -112.063, 0.00423474, -89.5719, 0.00261731, 89.5502
4626, 77.10000, 1.24264, 174.504, 6.59513, -164.737, 8.60122, 15.4232, 0.000282305, -111.842, 0.00422447, -89.6152, 0.00261669, 89.5014
4627, 77.10833, 1.25416, 174.581, 6.57929, -164.782, 8.59766, 15.3708, 0.000286748, -111.634, 0.0042142, -89.658, 0.00261607, 89.4523
4627, 77.11667, 1.26572, 174.653, 6.56344, -164.827, 8.59411, 15.3182, 0.000291212, -111.437, 0.00420391, -89.7004, 0.00261545, 89.4029
4628, 77.12500, 1.27733, 174.72, 6.54759, -164.871, 8.59057, 15.2653, 0.000295696, -111.253, 0.00419362, -89.7423, 0.00261484, 89.3533
4628, 77.13333, 1.28897, 174.783, 6.53172, -164.914, 8.58703, 15.2122, 0.000300199, -111.079, 0.00418332, -89.7838, 0.00261423, 89.3034
4629, 77.14167, 1.30065, 174.84, 6.51584, -164.958, 8.5835, 15.1588, 0.000304721, -110.917, 0.00417301, -89.8249, 0.00261362, 89.2533
4629, 77.15000, 1.31237, 174.893, 6.49996, -165.001, 8.57997, 15.1052, 0.000309262, -110.765, 0.00416269, -89.8655, 0.00261301, 89.2029
4630, 77.15833, 1.32413, 174.941, 6.48407, -165.043, 8.57646, 15.0513, 0.00031382, -110.623, 0.00415236, -89.9056, 0.00261241, 89.1522
4630, 77.16666, 1.33593, 174.984, 6.46817, -165.085, 8.57295, 14.9972, 0.000318397, -110.491, 0.00414203, -89.9452, 0.0026118, 89.1013
4630, 77.17500, 1.34777, 175.023, 6.45226, -165.127, 8.56944, 14.9429, 0.000322991, -110.368, 0.00413168, -89.9844, 0.00261121, 89.0501
4631, 77.18333, 1.35964, 175.058, 6.43634, -165.168, 8.56595, 14.8883, 0.000327602, -110.254, 0.00412133, -90.0231, 0.00261061, 88.9986
4632, 77.19167, 1.37155, 175.089, 6.42042, -165.209, 8.56246, 14.8334, 0.00033223, -110.149, 0.00411097, -90.0613, 0.00261002, 88.9469
4632, 77.20000, 1.38349, 175.115, 6.40449, -165.249, 8.55897, 14.7783, 0.000336874, -110.052, 0.0041006, -90.099, 0.00260943, 88.8949
4633, 77.20834, 1.39547, 175.137, 6.38855, -165.289, 8.5555, 14.723, 0.000341534, -109.963, 0.00409022, -90.1362, 0.00260884, 88.8426
4633, 77.21667, 1.40749, 175.156, 6.3726, -165.328, 8.55202, 14.6673, 0.00034621, -109.882, 0.00407984, -90.1729, 0.00260825, 88.79
4634, 77.22500, 1.41954, 175.17, 6.35664, -165.367, 8.54856, 14.6115, 0.000350901, -109.808, 0.00406945, -90.2091, 0.00260767, 88.7372
4634, 77.23333, 1.43163, 175.181, 6.34068, -165.406, 8.5451, 14.5553, 0.000355607, -109.741, 0.00405905, -90.2448, 0.00260709, 88.6841
4635, 77.24167, 1.44375, 175.188, 6.32471, -165.444, 8.54165, 14.4989, 0.000360329, -109.682, 0.00404864, -90.2799, 0.00260651, 88.6307
4635, 77.25000, 1.4559, 175.191, 6.30874, -165.482, 8.5382, 14.4423, 0.000365066, -109.629, 0.00403822, -90.3145, 0.00260594, 88.577
4636, 77.25833, 1.46809, 175.19, 6.29276, -165.519, 8.53476, 14.3853, 0.000369816, -109.583, 0.0040278, -90.3486, 0.00260536, 88.523
4636, 77.26667, 1.48031, 175.186, 6.27676, -165.555, 8.53132, 14.3281, 0.000374582, -109.544, 0.00401737, -90.3821, 0.00260479, 88.4688
4637, 77.27500, 1.49257, 175.179, 6.26077, -165.591, 8.52789, 14.2707, 0.000379362, -109.51, 0.00400694, -90.4151, 0.00260422, 88.4142
4637, 77.28333, 1.50485, 175.168, 6.24477, -165.627, 8.52446, 14.2129, 0.000384155, -109.483, 0.00399649, -90.4475, 0.00260366, 88.3594
4638, 77.29166, 1.51717, 175.154, 6.22876, -165.662, 8.52104, 14.1549, 0.000388963, -109.461, 0.00398604, -90.4794, 0.00260309, 88.3042
4638, 77.30000, 1.52953, 175.136, 6.21274, -165.697, 8.51762, 14.0967, 0.000393784, -109.444, 0.00397558, -90.5106, 0.00260253, 88.2488
4638, 77.30833, 1.54191, 175.115, 6.19672, -165.731, 8.51421, 14.0381, 0.000398619, -109.433, 0.00396512, -90.5413, 0.00260197, 88.1931
4639, 77.31667, 1.55433, 175.091, 6.1807, -165.764, 8.5108, 13.9793, 0.000403468, -109.428, 0.00395465, -90.5715, 0.00260141, 88.1371
4640, 77.32500, 1.56677, 175.064, 6.16467, -165.798, 8.5074, 13.9201, 0.000408329, -109.427, 0.00394417, -90.601, 0.00260086, 88.0807
4640, 77.33334, 1.57925, 175.034, 6.14863, -165.83, 8.504, 13.8607, 0.000413204, -109.432, 0.00393369, -90.6299, 0.0026003, 88.0241
4641, 77.34167, 1.59176, 175.001, 6.13259, -165.862, 8.50061, 13.8011, 0.000418092, -109.441, 0.0039232, -90.6582, 0.00259975, 87.9672
4641, 77.35000, 1.6043, 174.965, 6.11654, -165.894, 8.49722, 13.7411, 0.000422992, -109.455, 0.00391271, -90.6859, 0.0025992, 87.9099
4642, 77.35833, 1.61687, 174.926, 6.10049, -165.925, 8.49384, 13.6808, 0.000427906, -109.473, 0.00390221, -90.713, 0.00259865, 87.8524
4642, 77.36667, 1.62947, 174.884, 6.08443, -165.955, 8.49045, 13.6203, 0.000432833, -109.496, 0.0038917, -90.7394, 0.00259811, 87.7945
4643, 77.37500, 1.6421, 174.84, 6.06837, -165.985, 8.48707, 13.5594, 0.000437771, -109.523, 0.00388119, -90.7652, 0.00259756, 87.7363
4643, 77.38333, 1.65476, 174.792, 6.05231, -166.014, 8.4837, 13.4983, 0.000442723, -109.554, 0.00387067, -90.7904, 0.00259702, 87.6778
4644, 77.39167, 1.66746, 174.742, 6.03624, -166.043, 8.48033, 13.4369, 0.000447687, -109.589, 0.00386015, -90.8149, 0.00259648, 87.619
4644, 77.40000, 1.68018, 174.689, 6.02017, -166.071, 8.47696, 13.3751, 0.000452664, -109.628, 0.00384962, -90.8387, 0.00259594, 87.5598
4645, 77.40833, 1.69293, 174.634, 6.00409, -166.098, 8.4736, 13.3131, 0.000457652, -109.672, 0.00383909, -90.8619, 0.0025954, 87.5004
4645, 77.41666, 1.70571, 174.576, 5.98801, -166.125, 8.47023, 13.2508, 0.000462654, -109.718, 0.00382855, -90.8844, 0.00259487, 87.4406
4646, 77.42500, 1.71852, 174.515, 5.97193, -166.151, 8.46687, 13.1881, 0.000467667, -109.769, 0.00381801, -90.9062, 0.00259433, 87.3805
4646, 77.43333, 1.73135, 174.452, 5.95585, -166.177, 8.46352, 13.1252, 0.000472692, -109.823, 0.00380746, -90.9273, 0.0025938, 87.32
4646, 77.44167, 1.74422, 174.387, 5.93976, -166.202, 8.46016, 13.0619, 0.00047773, -109.88, 0.00379691, -90.9476, 0.00259327, 87.2592
4647, 77.45000, 1.75712, 174.319, 5.92368, -166.226, 8.45681, 12.9984, 0.000482779, -109.941, 0.00378636, -90.9673, 0.00259273, 87.1981
4648, 77.45834, 1.77004, 174.249, 5.90759, -166.25, 8.45346, 12.9345, 0.000487841, -110.005, 0.0037758, -90.9863, 0.0025922, 87.1367
4648, 77.46667, 1.78299, 174.176, 5.89149, -166.273, 8.45011, 12.8703, 0.000492915, -110.073, 0.00376524, -91.0045, 0.00259168, 87.0749
4649, 77.47500, 1.79598, 174.101, 5.8754, -166.296, 8.44676, 12.8058, 0.000498, -110.143, 0.00375467, -91.0219, 0.00259115, 87.0127
4649, 77.48333, 1.80898, 174.024, 5.85931, -166.318, 8.44342, 12.7409, 0.000503097, -110.217, 0.0037441, -91.0387, 0.00259062, 86.9503
4650, 77.49167, 1.82202, 173.944, 5.84321, -166.339, 8.44007, 12.6758, 0.000508206, -110.294, 0.00373353, -91.0546, 0.0025901, 86.8874
4650, 77.50000, 1.83509, 173.862, 5.82711, -166.359, 8.43673, 12.6103, 0.000513327, -110.373, 0.00372296, -91.0698, 0.00258957, 86.8243
4651, 77.50833, 1.84818, 173.778, 5.81102, -166.379, 8.43338, 12.5445, 0.000518459, -110.456, 0.00371238, -91.0842, 0.00258905, 86.7607
4651, 77.51667, 1.86131, 173.692, 5.79492, -166.398, 8.43004, 12.4783, 0.000523604, -110.541, 0.0037018, -91.0978, 0.00258853, 86.6969
4652, 77.52500, 1.87445, 173.604, 5.77883, -166.417, 8.4267, 12.4119, 0.000528759, -110.629, 0.00369122, -91.1106, 0.00258801, 86.6326
4652, 77.53333, 1.88763, 173.513, 5.76273, -166.434, 8.42336, 12.3451, 0.000533927, -110.72, 0.00368064, -91.1226, 0.00258749, 86.568
4653, 77.54166, 1.90084, 173.421, 5.74664, -166.451, 8.42002, 12.2779, 0.000539106, -110.814, 0.00367006, -91.1338, 0.00258697, 86.5031
4653, 77.55000, 1.91407, 173.326, 5.73054, -166.468, 8.41667, 12.2104, 0.000544297, -110.91, 0.00365947, -91.1441, 0.00258645, 86.4377
4654, 77.55833, 1.92733, 173.23, 5.71445, -166.483, 8.41333, 12.1426, 0.000549499, -111.008, 0.00364889, -91.1536, 0.00258593, 86.372
4654, 77.56667, 1.94062, 173.131, 5.69836, -166.498, 8.40999, 12.0744, 0.000554713, -111.109, 0.0036383, -91.1623, 0.00258541, 86.306
4654, 77.57500, 1.95393, 173.031, 5.68228, -166.512, 8.40664, 12.0059, 0.000559938, -111.213, 0.00362771, -91.17, 0.00258489, 86.2396
4655, 77.58334, 1.96727, 172.928, 5.6662, -166.525, 8.4033, 11.9371, 0.000565175, -111.319, 0.00361713, -91.1769, 0.00258437, 86.1728
4656, 77.59167, 1.98064, 172.824, 5.65011, -166.538, 8.39995, 11.8678, 0.000570424, -111.427, 0.00360654, -91.183, 0.00258385, 86.1056
4656, 77.60000, 1.99404, 172.717, 5.63404, -166.549, 8.3966, 11.7983, 0.000575683, -111.537, 0.00359595, -91.1881, 0.00258334, 86.038
4657, 77.60833, 2.00746, 172.609, 5.61796, -166.56, 8.39325, 11.7284, 0.000580954, -111.65, 0.00358537, -91.1923, 0.00258282, 85.9701
4657, 77.61667, 2.02091, 172.499, 5.60189, -166.57, 8.38989, 11.6581, 0.000586237, -111.765, 0.00357478, -91.1956, 0.0025823, 85.9017
4658, 77.62500, 2.03439, 172.387, 5.58583, -166.58, 8.38654, 11.5874, 0.000591531, -111.883, 0.0035642, -91.1979, 0.00258178, 85.833
4658, 77.63333, 2.04789, 172.273, 5.56977, -166.588, 8.38318, 11.5164, 0.000596836, -112.002, 0.00355361, -91.1993, 0.00258126, 85.7639
4659, 77.64167, 2.06142, 172.157, 5.55372, -166.596, 8.37982, 11.4451, 0.000602153, -112.123, 0.00354303, -91.1998, 0.00258075, 85.6944
4659, 77.65000, 2.07497, 172.04, 5.53767, -166.603, 8.37645, 11.3733, 0.000607481, -112.247, 0.00353245, -91.1992, 0.00258023, 85.6245
4660, 77.65833, 2.08856, 171.921, 5.52163, -166.609, 8.37309, 11.3012, 0.00061282, -112.373, 0.00352188, -91.1977, 0.00257971, 85.5542
4660, 77.66666, 2.10217, 171.8, 5.5056, -166.614, 8.36971, 11.2287, 0.000618171, -112.5, 0.0035113, -91.1952, 0.00257919, 85.4835
4661, 77.67500, 2.1158, 171.677, 5.48957, -166.618, 8.36634, 11.1559, 0.000623533, -112.63, 0.00350074, -91.1917, 0.00257867, 85.4124
4661, 77.68333, 2.12946, 171.553, 5.47355, -166.622, 8.36296, 11.0826, 0.000628906, -112.762, 0.00349017, -91.1872, 0.00257815, 85.3409
4662, 77.69167, 2.14315, 171.427, 5.45754, -166.624, 8.35957, 11.009, 0.000634291, -112.895, 0.00347961, -91.1817, 0.00257762, 85.269
4662, 77.70000, 2.15686, 171.299, 5.44154, -166.626, 8.35618, 10.935, 0.000639687, -113.031, 0.00346905, -91.1751, 0.0025771, 85.1966
4662, 77.70834, 2.1706, 171.17, 5.42554, -166.626, 8.35278, 10.8606, 0.000645094, -113.168, 0.0034585, -91.1674, 0.00257658, 85.1239
4663, 77.71667, 2.18437, 171.039, 5.40956, -166.626, 8.34938, 10.7858, 0.000650513, -113.307, 0.00344795, -91.1587, 0.00257605, 85.0507
4664, 77.72500, 2.19816, 170.906, 5.39359, -166.625, 8.34597, 10.7106, 0.000655942, -113.448, 0.00343741, -91.1489, 0.00257553, 84.9771
4664, 77.73333, 2.21197, 170.772, 5.37763, -166.623, 8.34256, 10.6351, 0.000661383, -113.591, 0.00342687, -91.138, 0.002575, 84.9031
4665, 77.74167, 2.22582, 170.636, 5.36167, -166.62, 8.33914, 10.5591, 0.000666835, -113.735, 0.00341634, -91.1259, 0.00257447, 84.8287
4665, 77.75000, 2.23968, 170.498, 5.34574, -166.616, 8.33571, 10.4827, 0.000672298, -113.882, 0.00340582, -91.1128, 0.00257394, 84.7538
4666, 77.75833, 2.25358, 170.359, 5.32981, -166.611, 8.33227, 10.4059, 0.000677772, -114.03, 0.0033953, -91.0985, 0.00257341, 84.6785
4666, 77.76667, 2.2675, 170.218, 5.3139, -166.605, 8.32883, 10.3288, 0.000683258, -114.179, 0.00338479, -91.083, 0.00257287, 84.6028
4667, 77.77500, 2.28144, 170.076, 5.298, -166.598, 8.32538, 10.2512, 0.000688754, -114.331, 0.00337429, -91.0664, 0.00257234, 84.5266
4667, 77.78333, 2.29541, 169.932, 5.28211, -166.59, 8.32192, 10.1732, 0.000694262, -114.484, 0.0033638, -91.0486, 0.0025718, 84.45
4668, 77.79166, 2.3094, 169.787, 5.26624, -166.581, 8.31845, 10.0947, 0.000699781, -114.639, 0.00335332, -91.0296, 0.00257126, 84.3729
4668, 77.80000, 2.32342, 169.64, 5.25038, -166.571, 8.31497, 10.0159, 0.000705311, -114.795, 0.00334284, -91.0094, 0.00257072, 84.2954
4669, 77.80833, 2.33747, 169.492, 5.23454, -166.56, 8.31149, 9.93665, 0.000710852, -114.953, 0.00333238, -90.988, 0.00257017, 84.2174
4669, 77.81667, 2.35154, 169.342, 5.21872, -166.548, 8.30799, 9.85696, 0.000716404, -115.112, 0.00332193, -90.9653, 0.00256963, 84.139
4670, 77.82500, 2.36563, 169.191, 5.20291, -166.534, 8.30448, 9.77686, 0.000721967, -115.273, 0.00331149, -90.9414, 0.00256908, 84.0601
4670, 77.83334, 2.37975, 169.038, 5.18713, -166.52, 8.30096, 9.69632, 0.000727541, -115.436, 0.00330106, -90.9162, 0.00256853, 83.9807
4670, 77.84167, 2.39389, 168.883, 5.17136, -166.505, 8.29743, 9.61535, 0.000733126, -115.6, 0.00329064, -90.8897, 0.00256797, 83.9009
4671, 77.85000, 2.40806, 168.728, 5.15561, -166.488, 8.29389, 9.53395, 0.000738722, -115.766, 0.00328024, -90.8619, 0.00256741, 83.8207
4672, 77.85833, 2.42225, 168.57, 5.13988, -166.47, 8.29034, 9.45211, 0.000744329, -115.933, 0.00326984, -90.8328, 0.00256685, 83.7399
4672, 77.86667, 2.43647, 168.412, 5.12417, -166.451, 8.28677, 9.36982, 0.000749947, -116.102, 0.00325947, -90.8023, 0.00256629, 83.6587
4673, 77.87500, 2.45071, 168.252, 5.10848, -166.432, 8.2832, 9.2871, 0.000755575, -116.272, 0.0032491, -90.7705, 0.00256572, 83.577
4673, 77.88333, 2.46497, 168.09, 5.09282, -166.41, 8.2796, 9.20393, 0.000761215, -116.444, 0.00323875, -90.7374, 0.00256515, 83.4948
4674, 77.89167, 2.47926, 167.927, 5.07718, -166.388, 8.276, 9.1203, 0.000766865, -116.617, 0.00322842, -90.7028, 0.00256458, 83.4122
4674, 77.90000, 2.49357, 167.763, 5.06156, -166.365, 8.27238, 9.03623, 0.000772526, -116.792, 0.0032181, -90.6668, 0.002564, 83.329
4675, 77.90833, 2.5079, 167.597, 5.04597, -166.34, 8.26875, 8.9517, 0.000778198, -116.968, 0.00320781, -90.6295, 0.00256341, 83.2454
4675, 77.91666, 2.52226, 167.43, 5.0304, -166.314, 8.2651, 8.86671, 0.000783881, -117.145, 0.00319752, -90.5907, 0.00256283, 83.1613
4676, 77.92500, 2.53664, 167.261, 5.01486, -166.287, 8.26143, 8.78126, 0.000789574, -117.324, 0.00318726, -90.5504, 0.00256224, 83.0767
4676, 77.93333, 2.55104, 167.092, 4.99934, -166.258, 8.25775, 8.69535, 0.000795278, -117.504, 0.00317701, -90.5087, 0.00256164, 82.9915
4677, 77.94167, 2.56547, 166.92, 4.98386, -166.229, 8.25406, 8.60896, 0.000800992, -117.686, 0.00316679, -90.4655, 0.00256104, 82.9059
4677, 77.95000, 2.57992, 166.748, 4.9684, -166.198, 8.25034, 8.52211, 0.000806717, -117.869, 0.00315658, -90.4208, 0.00256044, 82.8198
4678, 77.95834, 2.59439, 166.574, 4.95297, -166.166, 8.24661, 8.43478, 0.000812453, -118.053, 0.0031464, -90.3746, 0.00255983, 82.7332
4678, 77.96667, 2.60889, 166.398, 4.93757, -166.132, 8.24286, 8.34697, 0.000818199, -118.239, 0.00313623, -90.3268, 0.00255921, 82.646
4678, 77.97500, 2.62341, 166.221, 4.92221, -166.097, 8.23909, 8.25869, 0.000823955, -118.426, 0.00312609, -90.2775, 0.00255859, 82.5584
4679, 77.98333, 2.63794, 166.043, 4.90688, -166.061, 8.2353, 8.16993, 0.000829722, -118.615, 0.00311598, -90.2267, 0.00255797, 82.4702
4680, 77.99167, 2.65251, 165.864, 4.89158, -166.024, 8.23149, 8.08067, 0.000835499, -118.805, 0.00310588, -90.1742, 0.00255734, 82.3815
4680, 78.00000, 2.66709, 165.683, 4.87631, -165.985, 8.22767, 7.99094, 0.000841287, -118.996, 0.00309581, -90.1202, 0.0025567, 82.2923
4681, 78.00833, 2.68169, 165.501, 4.86108, -165.945, 8.22382, 7.90071, 0.000847084, -119.188, 0.00308577, -90.0645, 0.00255606, 82.2025
4681, 78.01667, 2.69632, 165.318, 4.84589, -165.903, 8.21995, 7.80997, 0.000852892, -119.382, 0.00307575, -90.0072, 0.00255541, 82.1122
4682, 78.02500, 2.71097, 165.133, 4.83073, -165.86, 8.21606, 7.71875, 0.00085871, -119.577, 0.00306576, -89.9482, 0.00255476, 82.0214
4682, 78.03333, 2.72563, 164.947, 4.81562, -165.816, 8.21214, 7.62703, 0.000864538, -119.773, 0.0030558, -89.8876, 0.0025541, 81.93
4683, 78.04166, 2.74032, 164.759, 4.80054, -165.77, 8.20821, 7.5348, 0.000870376, -119.971, 0.00304586, -89.8252, 0.00255343, 81.8381
4683, 78.05000, 2.75503, 164.571, 4.7855, -165.723, 8.20424, 7.44207, 0.000876224, -120.17, 0.00303596, -89.7612, 0.00255276, 81.7457
4684, 78.05833, 2.76976, 164.381, 4.77051, -165.674, 8.20026, 7.34882, 0.000882081, -120.37, 0.00302609, -89.6954, 0.00255207, 81.6527
4684, 78.06667, 2.78451, 164.189, 4.75556, -165.624, 8.19625, 7.25506, 0.000887949, -120.572, 0.00301625, -89.6279, 0.00255138, 81.5592
4685, 78.07500, 2.79927, 163.997, 4.74065, -165.572, 8.19221, 7.16079, 0.000893826, -120.775, 0.00300644, -89.5587, 0.00255069, 81.4651
4685, 78.08334, 2.81406, 163.803, 4.72579, -165.519, 8.18815, 7.066, 0.000899712, -120.979, 0.00299666, -89.4876, 0.00254998, 81.3704
4686, 78.09167, 2.82887, 163.608, 4.71097, -165.464, 8.18406, 6.97068, 0.000905609, -121.184, 0.00298692, -89.4148, 0.00254927, 81.2752
4686, 78.10000, 2.84369, 163.411, 4.6962, -165.408, 8.17994, 6.87484, 0.000911515, -121.391, 0.00297721, -89.3402, 0.00254855, 81.1794
4686, 78.10833, 2.85854, 163.214, 4.68148, -165.35, 8.1758, 6.77848, 0.00091743, -121.599, 0.00296754, -89.2637, 0.00254782, 81.0831
4687, 78.11667, 2.8734, 163.015, 4.66681, -165.291, 8.17163, 6.68158, 0.000923354, -121.808, 0.00295791, -89.1854, 0.00254709, 80.9862
4688, 78.12500, 2.88828, 162.814, 4.6522, -165.23, 8.16742, 6.58415, 0.000929288, -122.018, 0.00294831, -89.1052, 0.00254634, 80.8887
4688, 78.13333, 2.90318, 162.613, 4.63763, -165.168, 8.16319, 6.48619, 0.00093523, -122.23, 0.00293876, -89.0231, 0.00254559, 80.7906
4689, 78.14167, 2.9181, 162.41, 4.62312, -165.104, 8.15893, 6.38767, 0.000941182, -122.443, 0.00292924, -88.9392, 0.00254482, 80.6919
4689, 78.15000, 2.93303, 162.206, 4.60866, -165.038, 8.15463, 6.28863, 0.000947142, -122.657, 0.00291977, -88.8533, 0.00254405, 80.5927
4690, 78.15833, 2.94798, 162, 4.59426, -164.971, 8.1503, 6.18904, 0.000953112, -122.872, 0.00291034, -88.7655, 0.00254327, 80.4929
4690, 78.16666, 2.96294, 161.794, 4.57992, -164.902, 8.14594, 6.08889, 0.00095909, -123.089, 0.00290095, -88.6758, 0.00254248, 80.3925
4691, 78.17500, 2.97792, 161.586, 4.56564, -164.831, 8.14155, 5.9882, 0.000965076, -123.307, 0.00289161, -88.5841, 0.00254167, 80.2915
4691, 78.18333, 2.99292, 161.377, 4.55142, -164.759, 8.13712, 5.88696, 0.000971071, -123.526, 0.00288231, -88.4904, 0.00254086, 80.1899
4691, 78.19167, 3.00793, 161.166, 4.53726, -164.685, 8.13265, 5.78515, 0.000977075, -123.746, 0.00287306, -88.3947, 0.00254004, 80.0877
4692, 78.20000, 3.02296, 160.954, 4.52317, -164.609, 8.12815, 5.68279, 0.000983086, -123.967, 0.00286386, -88.297, 0.0025392, 79.9849
4693, 78.20834, 3.038, 160.741, 4.50914, -164.532, 8.12361, 5.57987, 0.000989105, -124.19, 0.0028547, -88.1973, 0.00253836, 79.8815
4693, 78.21667, 3.05306, 160.527, 4.49517, -164.453, 8.11903, 5.47637, 0.000995133, -124.414, 0.0028456, -88.0956, 0.0025375, 79.7775
4694, 78.22500, 3.06813, 160.312, 4.48128, -164.372, 8.11442, 5.37232, 0.00100117, -124.639, 0.00283655, -87.9918, 0.00253663, 79.6729
4694, 78.23333, 3.08321, 160.095, 4.46745, -164.29, 8.10977, 5.2677, 0.00100721, -124.865, 0.00282756, -87.8859, 0.00253575, 79.5676
4694, 78.24167, 3.09831, 159.877, 4.4537, -164.206, 8.10507, 5.16249, 0.00101326, -125.093, 0.00281861, -87.778, 0.00253486, 79.4618
4695, 78.25000, 3.11341, 159.658, 4.44002, -164.12, 8.10034, 5.05672, 0.00101932, -125.321, 0.00280973, -87.668, 0.00253395, 79.3553
4696, 78.25833, 3.12853, 159.437, 4.42641, -164.032, 8.09556, 4.95037, 0.00102538, -125.551, 0.0028009, -87.5558, 0.00253303, 79.2482
4696, 78.26667, 3.14366, 159.215, 4.41288, -163.942, 8.09074, 4.84343, 0.00103146, -125.782, 0.00279212, -87.4416, 0.0025321, 79.1405
4697, 78.27500, 3.15881, 158.992, 4.39943, -163.851, 8.08588, 4.73591, 0.00103754, -126.015, 0.00278341, -87.3252, 0.00253116, 79.0322
4697, 78.28333, 3.17396, 158.768, 4.38605, -163.758, 8.08097, 4.62782, 0.00104362, -126.248, 0.00277476, -87.2067, 0.0025302, 78.9232
4698, 78.29166, 3.18912, 158.543, 4.37276, -163.663, 8.07602, 4.51912, 0.00104971, -126.483, 0.00276617, -87.086, 0.00252923, 78.8135
4698, 78.30000, 3.20429, 158.316, 4.35955, -163.566, 8.07102, 4.40984, 0.00105581, -126.719, 0.00275765, -86.9632, 0.00252824, 78.7033
4699, 78.30833, 3.21947, 158.088, 4.34643, -163.467, 8.06597, 4.29997, 0.00106192, -126.956, 0.00274919, -86.8381, 0.00252724, 78.5924
4699, 78.31667, 3.23466, 157.859, 4.33339, -163.367, 8.06088, 4.18949, 0.00106803, -127.194, 0.00274079, -86.7109, 0.00252623, 78.4809
4699, 78.32500, 3.24986, 157.628, 4.32044, -163.264, 8.05573, 4.07843, 0.00107415, -127.434, 0.00273247, -86.5816, 0.0025252, 78.3687
4700, 78.33334, 3.26506, 157.396, 4.30757, -163.16, 8.05054, 3.96677, 0.00108027, -127.675, 0.00272421, -86.45, 0.00252415, 78.2559
4701, 78.34167, 3.28027, 157.163, 4.2948, -163.054, 8.04529, 3.85449, 0.0010864, -127.916, 0.00271602, -86.3162, 0.00252309, 78.1424
4701, 78.35000, 3.29549, 156.929, 4.28213, -162.946, 8.04, 3.74163, 0.00109253, -128.16, 0.00270791, -86.1802, 0.00252201, 78.0282
4702, 78.35833, 3.31071, 156.694, 4.26955, -162.836, 8.03465, 3.62815, 0.00109867, -128.404, 0.00269987, -86.042, 0.00252092, 77.9135
4702, 78.36667, 3.32594, 156.457, 4.25707, -162.725, 8.02925, 3.51406, 0.00110481, -128.649, 0.00269191, -85.9015, 0.00251981, 77.798
4703, 78.37500, 3.34117, 156.219, 4.24468, -162.611, 8.02379, 3.39937, 0.00111096, -128.896, 0.00268402, -85.7589, 0.00251868, 77.6819
4703, 78.38333, 3.3564, 155.98, 4.2324, -162.496, 8.01827, 3.28407, 0.00111711, -129.144, 0.00267621, -85.614, 0.00251753, 77.5651
4704, 78.39167, 3.37164, 155.739, 4.22022, -162.378, 8.0127, 3.16814, 0.00112327, -129.393, 0.00266849, -85.4669, 0.00251637, 77.4477
4704, 78.40000, 3.38688, 155.498, 4.20814, -162.259, 8.00707, 3.0516, 0.00112942, -129.643, 0.00266084, -85.3175, 0.00251519, 77.3296
4705, 78.40833, 3.40212, 155.255, 4.19618, -162.138, 8.00139, 2.93446, 0.00113559, -129.895, 0.00265328, -85.1659, 0.00251399, 77.2109
4705, 78.41666, 3.41736, 155.01, 4.18432, -162.015, 7.99564, 2.81668, 0.00114176, -130.147, 0.0026458, -85.0121, 0.00251277, 77.0914
4706, 78.42500, 3.4326, 154.765, 4.17257, -161.889, 7.98983, 2.69829, 0.00114793, -130.401, 0.0026384, -84.856, 0.00251153, 76.9713
4706, 78.43333, 3.44784, 154.518, 4.16093, -161.763, 7.98396, 2.57928, 0.0011541, -130.656, 0.0026311, -84.6978, 0.00251028, 76.8505
4707, 78.44167, 3.46308, 154.27, 4.14941, -161.634, 7.97803, 2.45963, 0.00116027, -130.912, 0.00262389, -84.5373, 0.002509, 76.7291
4707, 78.45000, 3.47832, 154.021, 4.13801, -161.503, 7.97203, 2.33938, 0.00116645, -131.17, 0.00261676, -84.3745, 0.0025077, 76.6069
4707, 78.45834, 3.49355, 153.771, 4.12672, -161.37, 7.96597, 2.2185, 0.00117263, -131.428, 0.00260973, -84.2096, 0.00250639, 76.4841
4708, 78.46667, 3.50878, 153.519, 4.11556, -161.236, 7.95984, 2.09697, 0.00117881, -131.688, 0.0026028, -84.0424, 0.00250505, 76.3606
4709, 78.47500, 3.52401, 153.266, 4.10452, -161.099, 7.95364, 1.97484, 0.001185, -131.949, 0.00259596, -83.8731, 0.00250369, 76.2365
4709, 78.48333, 3.53923, 153.012, 4.0936, -160.961, 7.94737, 1.85207, 0.00119118, -132.211, 0.00258922, -83.7016, 0.00250231, 76.1116
4710, 78.49167, 3.55444, 152.757, 4.08281, -160.821, 7.94104, 1.72866, 0.00119737, -132.474, 0.00258257, -83.5279, 0.00250091, 75.986
4710, 78.50000, 3.56964, 152.5, 4.07215, -160.678, 7.93463, 1.60464, 0.00120355, -132.739, 0.00257603, -83.352, 0.00249948, 75.8598
4711, 78.50833, 3.58484, 152.242, 4.06162, -160.534, 7.92815, 1.47998, 0.00120974, -133.004, 0.00256959, -83.174, 0.00249803, 75.7329
4711, 78.51667, 3.60003, 151.983, 4.05123, -160.388, 7.9216, 1.35468, 0.00121592, -133.271, 0.00256326, -82.9939, 0.00249656, 75.6053
4712, 78.52500, 3.61521, 151.723, 4.04097, -160.241, 7.91497, 1.22876, 0.00122211, -133.539, 0.00255703, -82.8116, 0.00249507, 75.477
4712, 78.53333, 3.63037, 151.461, 4.03085, -160.091, 7.90827, 1.1022, 0.00122829, -133.809, 0.00255091, -82.6273, 0.00249355, 75.348
4713, 78.54166, 3.64553, 151.199, 4.02087, -159.94, 7.90149, 0.975002, 0.00123448, -134.079, 0.00254491, -82.4408, 0.002492, 75.2183
4713, 78.55000, 3.66067, 150.934, 4.01103, -159.786, 7.89463, 0.847183, 0.00124066, -134.351, 0.00253901, -82.2523, 0.00249044, 75.088
4714, 78.55833, 3.67579, 150.669, 4.00133, -159.631, 7.88769, 0.718731, 0.00124684, -134.623, 0.00253322, -82.0618, 0.00248884, 74.9569
4714, 78.56667, 3.69091, 150.403, 3.99178, -159.474, 7.88068, 0.589631, 0.00125302, -134.897, 0.00252755, -81.8693, 0.00248722, 74.8251
4715, 78.57500, 3.706, 150.135, 3.98238, -159.316, 7.87358, 0.459913, 0.0012592, -135.173, 0.002522, -81.6747, 0.00248558, 74.6927
4715, 78.58334, 3.72108, 149.866, 3.97313, -159.155, 7.8664, 0.329562, 0.00126537, -135.449, 0.00251656, -81.4783, 0.00248391, 74.5596
4715, 78.59167, 3.73614, 149.596, 3.96403, -158.993, 7.85913, 0.198564, 0.00127154, -135.726, 0.00251125, -81.2799, 0.00248221, 74.4257
4716, 78.60000, 3.75118, 149.324, 3.95509, -158.829, 7.85178, 0.0669504, 0.0012777, -136.005, 0.00250605, -81.0796, 0.00248048, 74.2912
4717, 78.60833, 3.7662, 149.051, 3.94631, -158.663, 7.84434, -0.0652942, 0.00128386, -136.285, 0.00250098, -80.8774, 0.00247873, 74.156
4717, 78.61667, 3.7812, 148.777, 3.93768, -158.496, 7.83682, -0.198185, 0.00129002, -136.566, 0.00249603, -80.6734, 0.00247695, 74.0201
4718, 78.62500, 3.79618, 148.502, 3.92921, -158.327, 7.8292, -0.331688, 0.00129617, -136.848, 0.00249121, -80.4676, 0.00247514, 73.8835
4718, 78.63333, 3.81113, 148.226, 3.92091, -158.156, 7.8215, -0.465819, 0.00130232, -137.132, 0.00248652, -80.2601, 0.0024733, 73.7462
4719, 78.64167, 3.82606, 147.948, 3.91277, -157.984, 7.8137, -0.600593, 0.00130846, -137.416, 0.00248195, -80.0508, 0.00247143, 73.6082
4719, 78.65000, 3.84096, 147.669, 3.9048, -157.81, 7.80581, -0.735976, 0.0013146, -137.702, 0.00247752, -79.8399, 0.00246954, 73.4696
4720, 78.65833, 3.85583, 147.389, 3.897, -157.635, 7.79783, -0.871982, 0.00132072, -137.989, 0.00247322, -79.6274, 0.00246761, 73.3302
4720, 78.66666, 3.87068, 147.108, 3.88936, -157.458, 7.78975, -1.00863, 0.00132685, -138.277, 0.00246905, -79.4132, 0.00246565, 73.1902
4721, 78.67500, 3.88549, 146.825, 3.88191, -157.28, 7.78157, -1.14587, 0.00133296, -138.567, 0.00246502, -79.1976, 0.00246366, 73.0494
4721, 78.68333, 3.90027, 146.541, 3.87462, -157.1, 7.7733, -1.28374, 0.00133906, -138.857, 0.00246112, -78.9804, 0.00246164, 72.908
4722, 78.69167, 3.91502, 146.256, 3.86752, -156.919, 7.76493, -1.42224, 0.00134516, -139.149, 0.00245736, -78.7618, 0.00245958, 72.7659
4722, 78.70000, 3.92974, 145.97, 3.86059, -156.736, 7.75646, -1.56133, 0.00135125, -139.442, 0.00245375, -78.5418, 0.0024575, 72.6232
4723, 78.70834, 3.94442, 145.683, 3.85384, -156.552, 7.74788, -1.70104, 0.00135732, -139.736, 0.00245027, -78.3205, 0.00245538, 72.4797
4723, 78.71667, 3.95906, 145.394, 3.84728, -156.367, 7.7392, -1.84136, 0.00136339, -140.031, 0.00244694, -78.0979, 0.00245323, 72.3356
4723, 78.72500, 3.97367, 145.104, 3.8409, -156.18, 7.73042, -1.98228, 0.00136945, -140.327, 0.00244375, -77.8741, 0.00245104, 72.1908
4724, 78.73333, 3.98824, 144.813, 3.8347, -155.992, 7.72153, -2.1238, 0.0013755, -140.625, 0.0024407, -77.6491, 0.00244882, 72.0453
4725, 78.74167, 4.00276, 144.52, 3.82869, -155.803, 7.71254, -2.26593, 0.00138153, -140.923, 0.0024378, -77.423, 0.00244657, 71.8992
4725, 78.75000, 4.01725, 144.227, 3.82288, -155.613, 7.70343, -2.40865, 0.00138755, -141.223, 0.00243505, -77.1959, 0.00244428, 71.7524
4726, 78.75833, 4.03168, 143.932, 3.81725, -155.422, 7.69422, -2.55195, 0.00139356, -141.524, 0.00243245, -76.9678, 0.00244195, 71.6049
4726, 78.76667, 4.04608, 143.636, 3.81182, -155.23, 7.6849, -2.69586, 0.00139956, -141.826, 0.00242999, -76.7387, 0.00243959, 71.4568
4727, 78.77500, 4.06043, 143.339, 3.80658, -155.037, 7.67546, -2.84033, 0.00140554, -142.129, 0.00242769, -76.5089, 0.00243719, 71.3081
4727, 78.78333, 4.07472, 143.041, 3.80153, -154.842, 7.66591, -2.98538, 0.00141151, -142.434, 0.00242554, -76.2783, 0.00243476, 71.1586
4728, 78.79166, 4.08897, 142.741, 3.79668, -154.647, 7.65625, -3.13103, 0.00141746, -142.739, 0.00242354, -76.0469, 0.00243229, 71.0086
4728, 78.80000, 4.10317, 142.44, 3.79203, -154.451, 7.64647, -3.27722, 0.0014234, -143.046, 0.00242169, -75.8149, 0.00242978, 70.8578
4729, 78.80833, 4.11731, 142.138, 3.78759, -154.254, 7.63657, -3.42399, 0.00142932, -143.354, 0.00242, -75.5824, 0.00242723, 70.7065
4729, 78.81667, 4.13141, 141.835, 3.78334, -154.057, 7.62656, -3.57132, 0.00143523, -143.663, 0.00241847, -75.3493, 0.00242464, 70.5545
4730, 78.82500, 4.14544, 141.531, 3.77929, -153.859, 7.61642, -3.7192, 0.00144112, -143.973, 0.00241709, -75.1159, 0.00242202, 70.4019
4730, 78.83334, 4.15941, 141.225, 3.77545, -153.66, 7.60617, -3.86762, 0.00144699, -144.284, 0.00241586, -74.8821, 0.00241935, 70.2487
4731, 78.84167, 4.17333, 140.919, 3.77181, -153.46, 7.59579, -4.0166, 0.00145284, -144.597, 0.0024148, -74.648, 0.00241665, 70.0948
4731, 78.85000, 4.18719, 140.611, 3.76838, -153.26, 7.58529, -4.1661, 0.00145867, -144.91, 0.00241389, -74.4138, 0.0024139, 69.9404
4731, 78.85833, 4.20098, 140.302, 3.76515, -153.06, 7.57467, -4.31614, 0.00146448, -145.225, 0.00241314, -74.1795, 0.00241112, 69.7853
4732, 78.86667, 4.21471, 139.992, 3.76213, -152.859, 7.56391, -4.46671, 0.00147027, -145.54, 0.00241255, -73.9451, 0.00240829, 69.6296
4733, 78.87500, 4.22837, 139.68, 3.75932, -152.658, 7.55304, -4.61778, 0.00147605, -145.857, 0.00241212, -73.7107, 0.00240542, 69.4733
4733, 78.88333, 4.24197, 139.368, 3.75672, -152.457, 7.54203, -4.76936, 0.0014818, -146.175, 0.00241184, -73.4765, 0.00240251, 69.3165
4734, 78.89167, 4.25549, 139.054, 3.75432, -152.255, 7.5309, -4.92147, 0.00148752, -146.494, 0.00241173, -73.2425, 0.00239956, 69.159
4734, 78.90000, 4.26895, 138.739, 3.75214, -152.053, 7.51963, -5.07404, 0.00149323, -146.814, 0.00241178, -73.0088, 0.00239656, 69.001
4735, 78.90833, 4.28233, 138.423, 3.75017, -151.851, 7.50824, -5.22711, 0.00149891, -147.135, 0.00241199, -72.7755, 0.00239352, 68.8425
4735, 78.91666, 4.29563, 138.106, 3.74841, -151.649, 7.49671, -5.38067, 0.00150456, -147.458, 0.00241236, -72.5426, 0.00239044, 68.6833
4736, 78.92500, 4.30886, 137.788, 3.74686, -151.448, 7.48505, -5.53469, 0.0015102, -147.781, 0.00241288, -72.3103, 0.00238731, 68.5236
4736, 78.93333, 4.32201, 137.469, 3.74552, -151.246, 7.47325, -5.68916, 0.0015158, -148.106, 0.00241357, -72.0787, 0.00238414, 68.3634
4737, 78.94167, 4.33508, 137.149, 3.74439, -151.045, 7.46132, -5.84411, 0.00152138, -148.431, 0.00241442, -71.8477, 0.00238092, 68.2026
4737, 78.95000, 4.34807, 136.827, 3.74347, -150.843, 7.44925, -5.99949, 0.00152693, -148.758, 0.00241543, -71.6175, 0.00237766, 68.0413
4738, 78.95834, 4.36098, 136.505, 3.74277, -150.642, 7.43704, -6.15529, 0.00153246, -149.085, 0.0024166, -71.3882, 0.00237435, 67.8795
4738, 78.96667, 4.3738, 136.181, 3.74228, -150.442, 7.42469, -6.31155, 0.00153796, -149.414, 0.00241792, -71.1598, 0.002371, 67.7172
4739, 78.97500, 4.38653, 135.856, 3.742, -150.242, 7.41221, -6.46819, 0.00154342, -149.743, 0.00241941, -70.9325, 0.0023676, 67.5543
4739, 78.98333, 4.39917, 135.53, 3.74193, -150.042, 7.39958, -6.62525, 0.00154886, -150.074, 0.00242105, -70.7063, 0.00236415, 67.391
4739, 78.99167, 4.41173, 135.203, 3.74207, -149.843, 7.38681, -6.78271, 0.00155427, -150.406, 0.00242285, -70.4813, 0.00236066, 67.2272
4740, 79.00000, 4.42418, 134.876, 3.74243, -149.645, 7.3739, -6.94054, 0.00155964, -150.738, 0.00242481, -70.2576, 0.00235712, 67.063
4741, 79.00833, 4.43655, 134.547, 3.74299, -149.447, 7.36085, -7.09874, 0.00156499, -151.072, 0.00242693, -70.0353, 0.00235353, 66.8982
4741, 79.01667, 4.44881, 134.216, 3.74376, -149.251, 7.34765, -7.25732, 0.0015703, -151.407, 0.0024292, -69.8144, 0.00234989, 66.733
4742, 79.02500, 4.46098, 133.885, 3.74474, -149.055, 7.33431, -7.41623, 0.00157558, -151.742, 0.00243162, -69.595, 0.0023462, 66.5674
4742, 79.03333, 4.47305, 133.553, 3.74593, -148.86, 7.32082, -7.57548, 0.00158082, -152.079, 0.0024342, -69.3773, 0.00234247, 66.4014
4743, 79.04166, 4.48502, 133.22, 3.74732, -148.666, 7.30718, -7.73507, 0.00158603, -152.417, 0.00243693, -69.1612, 0.00233868, 66.2349
4743, 79.05000, 4.49688, 132.886, 3.74893, -148.473, 7.2934, -7.89495, 0.0015912, -152.755, 0.00243981, -68.9469, 0.00233485, 66.0681
4744, 79.05833, 4.50863, 132.551, 3.75073, -148.281, 7.27947, -8.05513, 0.00159634, -153.095, 0.00244285, -68.7344, 0.00233097, 65.9009
4744, 79.06667, 4.52028, 132.215, 3.75274, -148.091, 7.26539, -8.21562, 0.00160144, -153.435, 0.00244603, -68.5238, 0.00232704, 65.7332
4745, 79.07500, 4.53181, 131.878, 3.75495, -147.902, 7.25116, -8.37636, 0.0016065, -153.777, 0.00244936, -68.3152, 0.00232306, 65.5652
4745, 79.08334, 4.54324, 131.54, 3.75736, -147.714, 7.23678, -8.53736, 0.00161152, -154.119, 0.00245283, -68.1087, 0.00231902, 65.3969
4746, 79.09167, 4.55455, 131.201, 3.75998, -147.527, 7.22225, -8.69862, 0.00161651, -154.462, 0.00245645, -67.9042, 0.00231494, 65.2282
4746, 79.10000, 4.56574, 130.861, 3.76279, -147.342, 7.20757, -8.8601, 0.00162145, -154.806, 0.00246022, -67.702, 0.00231081, 65.0592
4747, 79.10833, 4.57682, 130.52, 3.76579, -147.159, 7.19274, -9.02179, 0.00162636, -155.151, 0.00246412, -67.502, 0.00230662, 64.8899
4747, 79.11667, 4.58778, 130.178, 3.76899, -146.977, 7.17776, -9.18369, 0.00163122, -155.497, 0.00246817, -67.3043, 0.00230238, 64.7203
4747, 79.12500, 4.59862, 129.836, 3.77239, -146.797, 7.16262, -9.34577, 0.00163604, -155.844, 0.00247236, -67.109, 0.0022981, 64.5504
4748, 79.13333, 4.60933, 129.492, 3.77597, -146.618, 7.14733, -9.50801, 0.00164081, -156.192, 0.00247668, -66.9162, 0.00229376, 64.3802
4749, 79.14167, 4.61992, 129.148, 3.77974, -146.442, 7.13189, -9.67043, 0.00164555, -156.54, 0.00248114, -66.7258, 0.00228936, 64.2098
4749, 79.15000, 4.63038, 128.802, 3.7837, -146.267, 7.11629, -9.83296, 0.00165024, -156.889, 0.00248573, -66.5381, 0.00228492, 64.0391
4750, 79.15833, 4.64071, 128.456, 3.78784, -146.094, 7.10055, -9.99562, 0.00165488, -157.24, 0.00249045, -66.3529, 0.00228043, 63.8683
4750, 79.16666, 4.65092, 128.109, 3.79217, -145.923, 7.08464, -10.1584, 0.00165948, -157.59, 0.0024953, -66.1704, 0.00227588, 63.6972
4751, 79.17500, 4.66098, 127.761, 3.79667, -145.754, 7.06859, -10.3212, 0.00166403, -157.942, 0.00250027, -65.9906, 0.00227128, 63.5259
4751, 79.18333, 4.67092, 127.413, 3.80136, -145.587, 7.05238, -10.4842, 0.00166853, -158.295, 0.00250538, -65.8136, 0.00226662, 63.3545
4752, 79.19167, 4.68072, 127.063, 3.80621, -145.422, 7.03601, -10.6471, 0.00167299, -158.648, 0.0025106, -65.6395, 0.00226192, 63.1829
4752, 79.20000, 4.69038, 126.713, 3.81124, -145.259, 7.01949, -10.8101, 0.00167739, -159.002, 0.00251594, -65.4681, 0.00225716, 63.0112
4753, 79.20834, 4.6999, 126.362, 3.81644, -145.098, 7.00282, -10.9732, 0.00168175, -159.356, 0.00252141, -65.2998, 0.00225235, 62.8394
4753, 79.21667, 4.70928, 126.01, 3.82181, -144.94, 6.98599, -11.1362, 0.00168606, -159.712, 0.00252699, -65.1343, 0.00224749, 62.6674
4754, 79.22500, 4.71852, 125.657, 3.82734, -144.784, 6.96901, -11.2992, 0.00169031, -160.068, 0.00253268, -64.9718, 0.00224257, 62.4954
4754, 79.23333, 4.72761, 125.304, 3.83303, -144.63, 6.95188, -11.4621, 0.00169452, -160.425, 0.00253848, -64.8124, 0.0022376, 62.3233
4755, 79.24167, 4.73656, 124.95, 3.83888, -144.479, 6.93459, -11.625, 0.00169867, -160.782, 0.00254439, -64.656, 0.00223258, 62.1512
4755, 79.25000, 4.74535, 124.595, 3.84488, -144.33, 6.91714, -11.7878, 0.00170277, -161.14, 0.00255041, -64.5028, 0.00222751, 61.979
4755, 79.25833, 4.754, 124.24, 3.85103, -144.183, 6.89955, -11.9506, 0.00170681, -161.499, 0.00255653, -64.3527, 0.00222238, 61.8068
4756, 79.26667, 4.7625, 123.884, 3.85734, -144.039, 6.8818, -12.1132, 0.0017108, -161.859, 0.00256276, -64.2057, 0.0022172, 61.6347
4757, 79.27500, 4.77084, 123.527, 3.86379, -143.898, 6.8639, -12.2756, 0.00171474, -162.219, 0.00256908, -64.0619, 0.00221197, 61.4626
4757, 79.28333, 4.77903, 123.17, 3.87038, -143.759, 6.84585, -12.4379, 0.00171862, -162.579, 0.00257549, -63.9213, 0.00220668, 61.2905
4758, 79.29166, 4.78706, 122.812, 3.87711, -143.623, 6.82765, -12.6, 0.00172245, -162.94, 0.002582, -63.784, 0.00220135, 61.1185
4758, 79.30000, 4.79493, 122.454, 3.88398, -143.489, 6.8093, -12.7619, 0.00172621, -163.302, 0.0025886, -63.6499, 0.00219596, 60.9466
4759, 79.30833, 4.80265, 122.094, 3.89098, -143.358, 6.7908, -12.9236, 0.00172992, -163.664, 0.00259529, -63.5191, 0.00219052, 60.7748
4759, 79.31667, 4.8102, 121.735, 3.8981, -143.23, 6.77214, -13.085, 0.00173357, -164.027, 0.00260206, -63.3916, 0.00218502, 60.6031
4760, 79.32500, 4.81759, 121.374, 3.90536, -143.104, 6.75334, -13.2462, 0.00173717, -164.391, 0.00260891, -63.2673, 0.00217948, 60.4316
4760, 79.33334, 4.82482, 121.014, 3.91273, -142.981, 6.7344, -13.407, 0.0017407, -164.754, 0.00261584, -63.1464, 0.00217388, 60.2603
4761, 79.34167, 4.83188, 120.652, 3.92022, -142.861, 6.7153, -13.5676, 0.00174417, -165.119, 0.00262285, -63.0289, 0.00216823, 60.0892
4761, 79.35000, 4.83878, 120.291, 3.92783, -142.744, 6.69606, -13.7278, 0.00174759, -165.483, 0.00262994, -62.9146, 0.00216253, 59.9183
4762, 79.35833, 4.84551, 119.928, 3.93555, -142.629, 6.67668, -13.8876, 0.00175094, -165.849, 0.00263709, -62.8037, 0.00215679, 59.7477
4762, 79.36667, 4.85207, 119.566, 3.94337, -142.517, 6.65715, -14.0471, 0.00175423, -166.214, 0.00264431, -62.6962, 0.00215098, 59.5773
4763, 79.37500, 4.85846, 119.203, 3.9513, -142.408, 6.63748, -14.2062, 0.00175746, -166.58, 0.00265159, -62.5919, 0.00214513, 59.4072
4763, 79.38333, 4.86468, 118.839, 3.95933, -142.302, 6.61767, -14.3648, 0.00176063, -166.947, 0.00265894, -62.4911, 0.00213923, 59.2374
4763, 79.39167, 4.87072, 118.475, 3.96745, -142.199, 6.59771, -14.523, 0.00176373, -167.313, 0.00266635, -62.3936, 0.00213328, 59.068
4764, 79.40000, 4.87659, 118.111, 3.97567, -142.098, 6.57762, -14.6806, 0.00176677, -167.68, 0.00267381, -62.2994, 0.00212728, 58.8989
4765, 79.40833, 4.88229, 117.746, 3.98397, -142, 6.55739, -14.8378, 0.00176974, -168.048, 0.00268132, -62.2086, 0.00212123, 58.7302
4765, 79.41666, 4.88781, 117.381, 3.99236, -141.906, 6.53702, -14.9945, 0.00177265, -168.415, 0.00268889, -62.1211, 0.00211514, 58.5619
4766, 79.42500, 4.89315, 117.016, 4.00082, -141.814, 6.51652, -15.1506, 0.0017755, -168.783, 0.0026965, -62.0369, 0.00210899, 58.3941
4766, 79.43333, 4.89832, 116.65, 4.00937, -141.725, 6.49589, -15.3061, 0.00177828, -169.152, 0.00270416, -61.9561, 0.0021028, 58.2267
4767, 79.44167, 4.90331, 116.284, 4.01799, -141.638, 6.47512, -15.461, 0.00178099, -169.52, 0.00271186, -61.8786, 0.00209655, 58.0598
4767, 79.45000, 4.90812, 115.918, 4.02667, -141.555, 6.45423, -15.6153, 0.00178364, -169.889, 0.00271959, -61.8043, 0.00209027, 57.8934
4768, 79.45834, 4.91274, 115.551, 4.03542, -141.475, 6.4332, -15.769, 0.00178622, -170.258, 0.00272737, -61.7334, 0.00208393, 57.7275
4768, 79.46667, 4.91719, 115.185, 4.04424, -141.397, 6.41205, -15.9219, 0.00178874, -170.627, 0.00273517, -61.6657, 0.00207755, 57.5622
4769, 79.47500, 4.92145, 114.818, 4.05311, -141.322, 6.39077, -16.0742, 0.00179118, -170.996, 0.00274301, -61.6012, 0.00207113, 57.3974
4769, 79.48333, 4.92553, 114.451, 4.06203, -141.251, 6.36937, -16.2257, 0.00179356, -171.366, 0.00275087, -61.54, 0.00206466, 57.2333
4770, 79.49167, 4.92943, 114.084, 4.071, -141.181, 6.34785, -16.3765, 0.00179587, -171.735, 0.00275876, -61.482, 0.00205814, 57.0698
4770, 79.50000, 4.93315, 113.716, 4.08002, -141.115, 6.32621, -16.5265, 0.00179812, -172.105, 0.00276666, -61.4271, 0.00205158, 56.9069
4771, 79.50833, 4.93667, 113.349, 4.08908, -141.052, 6.30445, -16.6757, 0.00180029, -172.474, 0.00277459, -61.3755, 0.00204498, 56.7448
4771, 79.51667, 4.94002, 112.981, 4.09818, -140.991, 6.28257, -16.824, 0.00180239, -172.844, 0.00278253, -61.327, 0.00203834, 56.5833
4771, 79.52500, 4.94318, 112.614, 4.10731, -140.934, 6.26059, -16.9715, 0.00180443, -173.214, 0.00279049, -61.2816, 0.00203165, 56.4226
4772, 79.53333, 4.94615, 112.246, 4.11648, -140.879, 6.23849, -17.1181, 0.0018064, -173.584, 0.00279845, -61.2393, 0.00202492, 56.2626
4773, 79.54166, 4.94894, 111.879, 4.12567, -140.827, 6.21628, -17.2638, 0.00180829, -173.954, 0.00280643, -61.2, 0.00201815, 56.1034
4773, 79.55000, 4.95154, 111.511, 4.13488, -140.777, 6.19396, -17.4086, 0.00181012, -174.323, 0.0028144, -61.1639, 0.00201134, 55.945
4774, 79.55833, 4.95395, 111.143, 4.14412, -140.73, 6.17154, -17.5524, 0.00181188, -174.693, 0.00282238, -61.1307, 0.00200449, 55.7875
4774, 79.56667, 4.95618, 110.776, 4.15337, -140.686, 6.14902, -17.6952, 0.00181357, -175.063, 0.00283036, -61.1005, 0.00199761, 55.6308
4775, 79.57500, 4.95822, 110.408, 4.16263, -140.645, 6.1264, -17.8369, 0.00181518, -175.432, 0.00283834, -61.0732, 0.00199068, 55.475
4775, 79.58334, 4.96007, 110.041, 4.1719, -140.607, 6.10368, -17.9777, 0.00181673, -175.802, 0.00284631, -61.0489, 0.00198372, 55.3201
4776, 79.59167, 4.96173, 109.673, 4.18117, -140.571, 6.08086, -18.1174, 0.0018182, -176.171, 0.00285427, -61.0274, 0.00197672, 55.1662
4776, 79.60000, 4.96321, 109.306, 4.19045, -140.537, 6.05795, -18.2559, 0.00181961, -176.54, 0.00286222, -61.0089, 0.00196969, 55.0132
4777, 79.60833, 4.9645, 108.939, 4.19972, -140.507, 6.03496, -18.3934, 0.00182094, -176.909, 0.00287015, -60.9931, 0.00196262, 54.8612
4777, 79.61667, 4.9656, 108.572, 4.20899, -140.479, 6.01187, -18.5297, 0.00182221, -177.278, 0.00287808, -60.9801, 0.00195551, 54.7102
4778, 79.62500, 4.96652, 108.205, 4.21825, -140.453, 5.9887, -18.6648, 0.0018234, -177.646, 0.00288598, -60.9699, 0.00194837, 54.5603
4778, 79.63333, 4.96725, 107.839, 4.2275, -140.43, 5.96544, -18.7988, 0.00182452, -178.015, 0.00289386, -60.9624, 0.0019412, 54.4114
4779, 79.64167, 4.96779, 107.472, 4.23673, -140.41, 5.94211, -18.9315, 0.00182557, -178.383, 0.00290172, -60.9576, 0.001934, 54.2637
4779, 79.65000, 4.96815, 107.106, 4.24595, -140.392, 5.9187, -19.0629, 0.00182656, -178.75, 0.00290955, -60.9554, 0.00192677, 54.117
4779, 79.65833, 4.96832, 106.741, 4.25514, -140.376, 5.89522, -19.1931, 0.00182747, -179.118, 0.00291736, -60.9559, 0.0019195, 53.9715
4780, 79.66666, 4.9683, 106.375, 4.26431, -140.363, 5.87166, -19.322, 0.00182831, -179.485, 0.00292514, -60.9589, 0.00191221, 53.8272
4781, 79.67500, 4.9681, 106.01, 4.27344, -140.353, 5.84803, -19.4495, 0.00182908, -179.852, 0.00293288, -60.9644, 0.00190489, 53.6841
4781, 79.68333, 4.96772, 105.645, 4.28255, -140.344, 5.82434, -19.5757, 0.00182977, 179.782, 0.00294059, -60.9725, 0.00189754, 53.5422
4782, 79.69167, 4.96715, 105.281, 4.29162, -140.338, 5.80059, -19.7005, 0.0018304, 179.416, 0.00294826, -60.983, 0.00189017, 53.4015
4782, 79.70000, 4.9664, 104.916, 4.30066, -140.335, 5.77677, -19.8239, 0.00183096, 179.05, 0.0029559, -60.9959, 0.00188277, 53.2621
4783, 79.70834, 4.96546, 104.553, 4.30965, -140.333, 5.7529, -19.9458, 0.00183145, 178.685, 0.00296349, -61.0112, 0.00187534, 53.124
4783, 79.71667, 4.96435, 104.189, 4.3186, -140.334, 5.72898, -20.0663, 0.00183187, 178.32, 0.00297104, -61.0289, 0.00186789, 52.9872
4784, 79.72500, 4.96305, 103.827, 4.32751, -140.337, 5.705, -20.1854, 0.00183222, 177.956, 0.00297855, -61.0488, 0.00186042, 52.8518
4784, 79.73333, 4.96157, 103.464, 4.33637, -140.343, 5.68098, -20.3029, 0.0018325, 177.592, 0.00298601, -61.071, 0.00185292, 52.7178
4785, 79.74167, 4.95992, 103.102, 4.34517, -140.35, 5.6569, -20.4189, 0.00183271, 177.229, 0.00299343, -61.0955, 0.00184541, 52.5851
4785, 79.75000, 4.95808, 102.741, 4.35392, -140.36, 5.63279, -20.5333, 0.00183285, 176.866, 0.00300079, -61.1221, 0.00183787, 52.4539
4786, 79.75833, 4.95607, 102.38, 4.36262, -140.371, 5.60864, -20.6461, 0.00183293, 176.504, 0.0030081, -61.1509, 0.00183031, 52.3241
4786, 79.76667, 4.95388, 102.02, 4.37125, -140.385, 5.58445, -20.7574, 0.00183293, 176.143, 0.00301536, -61.1818, 0.00182274, 52.1958
4787, 79.77500, 4.95151, 101.66, 4.37983, -140.401, 5.56023, -20.867, 0.00183287, 175.782, 0.00302256, -61.2147, 0.00181515, 52.069
4787, 79.78333, 4.94897, 101.301, 4.38834, -140.418, 5.53598, -20.975, 0.00183274, 175.421, 0.0030297, -61.2497, 0.00180754, 51.9437
4787, 79.79166, 4.94625, 100.942, 4.39678, -140.438, 5.5117, -21.0813, 0.00183255, 175.061, 0.00303679, -61.2866, 0.00179992, 51.8199
4788, 79.80000, 4.94337, 100.584, 4.40516, -140.46, 5.4874, -21.1859, 0.00183228, 174.702, 0.00304382, -61.3255, 0.00179228, 51.6977
4789, 79.80833, 4.94031, 100.227, 4.41346, -140.483, 5.46307, -21.2887, 0.00183195, 174.344, 0.00305079, -61.3664, 0.00178463, 51.5771
4789, 79.81667, 4.93708, 99.8705, 4.4217, -140.508, 5.43873, -21.3899, 0.00183156, 173.986, 0.00305769, -61.409, 0.00177696, 51.4581
4790, 79.82500, 4.93368, 99.5145, 4.42985, -140.536, 5.41437, -21.4893, 0.00183109, 173.629, 0.00306453, -61.4535, 0.00176929, 51.3407
4790, 79.83334, 4.93012, 99.1593, 4.43793, -140.565, 5.39001, -21.5869, 0.00183057, 173.273, 0.0030713, -61.4998, 0.0017616, 51.225
4791, 79.84167, 4.92639, 98.8047, 4.44593, -140.595, 5.36563, -21.6826, 0.00182998, 172.917, 0.00307801, -61.5479, 0.00175391, 51.111
4791, 79.85000, 4.9225, 98.4509, 4.45386, -140.628, 5.34125, -21.7766, 0.00182932, 172.562, 0.00308465, -61.5977, 0.00174621, 50.9986
4792, 79.85833, 4.91844, 98.0979, 4.46169, -140.662, 5.31686, -21.8687, 0.0018286, 172.208, 0.00309122, -61.6491, 0.00173849, 50.888
4792, 79.86667, 4.91422, 97.7455, 4.46945, -140.697, 5.29248, -21.9589, 0.00182782, 171.855, 0.00309772, -61.7021, 0.00173078, 50.7791
4793, 79.87500, 4.90984, 97.394, 4.47712, -140.735, 5.2681, -22.0473, 0.00182697, 171.503, 0.00310415, -61.7568, 0.00172305, 50.672
4793, 79.88333, 4.9053, 97.0434, 4.4847, -140.773, 5.24373, -22.1337, 0.00182606, 171.151, 0.0031105, -61.813, 0.00171533, 50.5667
4794, 79.89167, 4.9006, 96.6934, 4.49219, -140.814, 5.21936, -22.2182, 0.00182509, 170.8, 0.00311678, -61.8707, 0.00170759, 50.4631
4794, 79.90000, 4.89575, 96.3444, 4.49959, -140.856, 5.19501, -22.3008, 0.00182406, 170.451, 0.00312299, -61.9299, 0.00169986, 50.3614
4795, 79.90833, 4.89075, 95.9962, 4.5069, -140.899, 5.17068, -22.3814, 0.00182296, 170.102, 0.00312912, -61.9906, 0.00169212, 50.2615
4795, 79.91666, 4.88559, 95.6489, 4.51411, -140.944, 5.14636, -22.46, 0.00182181, 169.754, 0.00313518, -62.0526, 0.00168439, 50.1635
4795, 79.92500, 4.88028, 95.3025, 4.52123, -140.99, 5.12207, -22.5366, 0.0018206, 169.406, 0.00314115, -62.1161, 0.00167665, 50.0674
4796, 79.93333, 4.87482, 94.9569, 4.52826, -141.038, 5.0978, -22.6112, 0.00181933, 169.06, 0.00314705, -62.1808, 0.00166892, 49.9732
4797, 79.94167, 4.86922, 94.6123, 4.53518, -141.087, 5.07356, -22.6837, 0.00181799, 168.715, 0.00315287, -62.2469, 0.00166118, 49.8808
4797, 79.95000, 4.86347, 94.2686, 4.54201, -141.137, 5.04935, -22.7542, 0.00181661, 168.37, 0.00315861, -62.3142, 0.00165345, 49.7904
4798, 79.95834, 4.85757, 93.9259, 4.54874, -141.188, 5.02517, -22.8226, 0.00181516, 168.027, 0.00316427, -62.3827, 0.00164573, 49.702
4798, 79.96667, 4.85154, 93.5841, 4.55537, -141.241, 5.00103, -22.889, 0.00181366, 167.685, 0.00316985, -62.4524, 0.00163801, 49.6156
4799, 79.97500, 4.84536, 93.2433, 4.5619, -141.295, 4.97694, -22.9532, 0.0018121, 167.343, 0.00317535, -62.5233, 0.0016303, 49.5311
4799, 79.98333, 4.83905, 92.9035, 4.56832, -141.35, 4.95288, -23.0153, 0.00181049, 167.003, 0.00318077, -62.5953, 0.00162259, 49.4486
4800, 79.99167, 4.8326, 92.5647, 4.57464, -141.406, 4.92887, -23.0753, 0.00180882, 166.664, 0.0031861, -62.6684, 0.00161489, 49.3682
4800, 80.00000, 4.82601, 92.2269, 4.58086, -141.464, 4.9049, -23.1331, 0.00180709, 166.325, 0.00319135, -62.7425, 0.0016072, 49.2897
4801, 80.00833, 4.81929, 91.8901, 4.58698, -141.522, 4.88099, -23.1888, 0.00180532, 165.988, 0.00319652, -62.8176, 0.00159952, 49.2134
4801, 80.01667, 4.81244, 91.5544, 4.59298, -141.582, 4.85713, -23.2423, 0.00180349, 165.652, 0.00320161, -62.8938, 0.00159185, 49.1391
4802, 80.02500, 4.80546, 91.2197, 4.59888, -141.642, 4.83333, -23.2936, 0.00180161, 165.317, 0.00320661, -62.9709, 0.00158419, 49.0668
4802, 80.03333, 4.79836, 90.8862, 4.60468, -141.704, 4.80959, -23.3427, 0.00179967, 164.983, 0.00321152, -63.0489, 0.00157655, 48.9967
4803, 80.04166, 4.79113, 90.5536, 4.61037, -141.766, 4.78591, -23.3896, 0.00179769, 164.65, 0.00321635, -63.1278, 0.00156892, 48.9287
4803, 80.05000, 4.78377, 90.2222, 4.61595, -141.83, 4.76229, -23.4342, 0.00179566, 164.318, 0.0032211, -63.2075, 0.0015613, 48.8628
4803, 80.05833, 4.7763, 89.8919, 4.62142, -141.894, 4.73875, -23.4767, 0.00179357, 163.988, 0.00322576, -63.2881, 0.0015537, 48.799
4804, 80.06667, 4.76871, 89.5627, 4.62678, -141.959, 4.71526, -23.5169, 0.00179144, 163.658, 0.00323033, -63.3695, 0.00154611, 48.7374
4805, 80.07500, 4.76099, 89.2347, 4.63204, -142.025, 4.69186, -23.5548, 0.00178926, 163.33, 0.00323482, -63.4516, 0.00153854, 48.6779
4805, 80.08334, 4.75317, 88.9077, 4.63718, -142.092, 4.66853, -23.5905, 0.00178704, 163.003, 0.00323923, -63.5345, 0.00153099, 48.6206
4806, 80.09167, 4.74523, 88.5819, 4.64222, -142.16, 4.64527, -23.6239, 0.00178476, 162.676, 0.00324355, -63.618, 0.00152345, 48.5655
4806, 80.10000, 4.73718, 88.2573, 4.64715, -142.228, 4.6221, -23.655, 0.00178244, 162.352, 0.00324778, -63.7023, 0.00151594, 48.5126
4807, 80.10833, 4.72902, 87.9339, 4.65197, -142.297, 4.599, -23.6838, 0.00178008, 162.028, 0.00325193, -63.7872, 0.00150845, 48.4619
4807, 80.11667, 4.72075, 87.6116, 4.65667, -142.367, 4.57599, -23.7103, 0.00177767, 161.706, 0.00325599, -63.8727, 0.00150097, 48.4134
4808, 80.12500, 4.71238, 87.2905, 4.66127, -142.437, 4.55307, -23.7345, 0.00177522, 161.384, 0.00325997, -63.9589, 0.00149352, 48.3671
4808, 80.13333, 4.7039, 86.9706, 4.66576, -142.508, 4.53024, -23.7564, 0.00177272, 161.064, 0.00326386, -64.0456, 0.00148609, 48.323
4809, 80.14167, 4.69532, 86.6519, 4.67014, -142.58, 4.5075, -23.776, 0.00177018, 160.745, 0.00326766, -64.1328, 0.00147869, 48.2812
4809, 80.15000, 4.68664, 86.3344, 4.67441, -142.653, 4.48485, -23.7933, 0.00176761, 160.428, 0.00327138, -64.2205, 0.00147131, 48.2416
4810, 80.15833, 4.67787, 86.0182, 4.67857, -142.726, 4.4623, -23.8082, 0.00176499, 160.112, 0.00327502, -64.3088, 0.00146395, 48.2043
4810, 80.16666, 4.669, 85.7031, 4.68262, -142.799, 4.43985, -23.8208, 0.00176233, 159.797, 0.00327857, -64.3975, 0.00145662, 48.1693
4811, 80.17500, 4.66004, 85.3894, 4.68656, -142.873, 4.41749, -23.8311, 0.00175963, 159.483, 0.00328203, -64.4866, 0.00144931, 48.1365
4811, 80.18333, 4.65098, 85.0768, 4.69039, -142.948, 4.39524, -23.839, 0.00175689, 159.17, 0.00328541, -64.5762, 0.00144204, 48.106
4811, 80.19167, 4.64184, 84.7655, 4.69411, -143.023, 4.37309, -23.8446, 0.00175411, 158.859, 0.00328871, -64.6661, 0.00143479, 48.0778
4812, 80.20000, 4.63261, 84.4555, 4.69773, -143.098, 4.35105, -23.8478, 0.0017513, 158.549, 0.00329192, -64.7564, 0.00142756, 48.0518
4813, 80.20834, 4.62329, 84.1467, 4.70124, -143.174, 4.32912, -23.8487, 0.00174845, 158.24, 0.00329505, -64.8471, 0.00142037, 48.0282
4813, 80.21667, 4.61389, 83.8392, 4.70463, -143.25, 4.30729, -23.8472, 0.00174557, 157.933, 0.0032981, -64.9381, 0.00141321, 48.0068
4814, 80.22500, 4.60441, 83.533, 4.70793, -143.327, 4.28558, -23.8434, 0.00174265, 157.627, 0.00330106, -65.0294, 0.00140607, 47.9878
4814, 80.23333, 4.59485, 83.228, 4.71111, -143.404, 4.26398, -23.8372, 0.00173969, 157.322, 0.00330394, -65.1209, 0.00139897, 47.971
4815, 80.24167, 4.58521, 82.9243, 4.71419, -143.481, 4.24249, -23.8287, 0.00173671, 157.019, 0.00330674, -65.2127, 0.0013919, 47.9566
4815, 80.25000, 4.5755, 82.622, 4.71716, -143.559, 4.22113, -23.8178, 0.00173368, 156.716, 0.00330946, -65.3048, 0.00138486, 47.9445
4816, 80.25833, 4.56571, 82.3209, 4.72003, -143.637, 4.19988, -23.8046, 0.00173063, 156.416, 0.0033121, -65.397, 0.00137785, 47.9347
4816, 80.26667, 4.55585, 82.0211, 4.72279, -143.715, 4.17875, -23.789, 0.00172755, 156.116, 0.00331465, -65.4895, 0.00137088, 47.9272
4816, 80.27500, 4.54592, 81.7227, 4.72544, -143.794, 4.15774, -23.7711, 0.00172443, 155.818, 0.00331713, -65.5821, 0.00136394, 47.922
4817, 80.28333, 4.53592, 81.4255, 4.728, -143.873, 4.13686, -23.7509, 0.00172129, 155.521, 0.00331952, -65.6749, 0.00135704, 47.9191
4818, 80.29166, 4.52585, 81.1297, 4.73045, -143.952, 4.11609, -23.7283, 0.00171812, 155.225, 0.00332184, -65.7679, 0.00135017, 47.9186
4818, 80.30000, 4.51572, 80.8352, 4.73279, -144.031, 4.09546, -23.7034, 0.00171491, 154.931, 0.00332408, -65.8609, 0.00134333, 47.9203
4819, 80.30833, 4.50553, 80.542, 4.73504, -144.111, 4.07495, -23.6761, 0.00171168, 154.638, 0.00332624, -65.9541, 0.00133653, 47.9244
4819, 80.31667, 4.49528, 80.2501, 4.73718, -144.19, 4.05458, -23.6465, 0.00170842, 154.347, 0.00332832, -66.0473, 0.00132977, 47.9308
4819, 80.32500, 4.48497, 79.9595, 4.73922, -144.27, 4.03433, -23.6146, 0.00170514, 154.057, 0.00333032, -66.1406, 0.00132305, 47.9395
4820, 80.33334, 4.4746, 79.6703, 4.74117, -144.35, 4.01421, -23.5804, 0.00170183, 153.768, 0.00333225, -66.234, 0.00131636, 47.9505
4821, 80.34167, 4.46418, 79.3824, 4.74301, -144.43, 3.99423, -23.5439, 0.0016985, 153.48, 0.0033341, -66.3274, 0.00130971, 47.9639
4821, 80.35000, 4.4537, 79.0959, 4.74475, -144.51, 3.97438, -23.5051, 0.00169514, 153.194, 0.00333588, -66.4208, 0.00130309, 47.9795
4822, 80.35833, 4.44317, 78.8107, 4.7464, -144.59, 3.95466, -23.464, 0.00169175, 152.909, 0.00333758, -66.5142, 0.00129652, 47.9975
4822, 80.36667, 4.43259, 78.5268, 4.74795, -144.671, 3.93508, -23.4206, 0.00168835, 152.626, 0.00333921, -66.6076, 0.00128999, 48.0177
4823, 80.37500, 4.42197, 78.2443, 4.7494, -144.751, 3.91564, -23.3749, 0.00168492, 152.344, 0.00334076, -66.701, 0.00128349, 48.0403
4823, 80.38333, 4.41129, 77.9631, 4.75076, -144.832, 3.89633, -23.327, 0.00168146, 152.063, 0.00334224, -66.7943, 0.00127704, 48.0651
4824, 80.39167, 4.40057, 77.6832, 4.75203, -144.912, 3.87717, -23.2768, 0.00167799, 151.784, 0.00334365, -66.8875, 0.00127062, 48.0922
4824, 80.40000, 4.38981, 77.4047, 4.7532, -144.993, 3.85814, -23.2243, 0.0016745, 151.506, 0.00334499, -66.9807, 0.00126425, 48.1216
4824, 80.40833, 4.37901, 77.1276, 4.75427, -145.073, 3.83926, -23.1697, 0.00167098, 151.229, 0.00334626, -67.0738, 0.00125791, 48.1533
4825, 80.41666, 4.36816, 76.8517, 4.75526, -145.154, 3.82051, -23.1128, 0.00166745, 150.954, 0.00334745, -67.1669, 0.00125162, 48.1872
4826, 80.42500, 4.35728, 76.5773, 4.75615, -145.234, 3.80191, -23.0536, 0.0016639, 150.68, 0.00334858, -67.2598, 0.00124537, 48.2234
4826, 80.43333, 4.34636, 76.3042, 4.75695, -145.315, 3.78345, -22.9923, 0.00166033, 150.408, 0.00334964, -67.3525, 0.00123916, 48.2619
4827, 80.44167, 4.33541, 76.0323, 4.75767, -145.395, 3.76514, -22.9288, 0.00165674, 150.137, 0.00335063, -67.4452, 0.00123299, 48.3026
4827, 80.45000, 4.32442, 75.7619, 4.75829, -145.475, 3.74697, -22.8632, 0.00165314, 149.867, 0.00335155, -67.5377, 0.00122687, 48.3455
4828, 80.45834, 4.3134, 75.4929, 4.75883, -145.556, 3.72894, -22.7953, 0.00164952, 149.599, 0.00335241, -67.63, 0.00122079, 48.3907
4828, 80.46667, 4.30235, 75.2251, 4.75928, -145.636, 3.71106, -22.7253, 0.00164588, 149.331, 0.0033532, -67.7222, 0.00121475, 48.4381
4829, 80.47500, 4.29127, 74.9587, 4.75964, -145.716, 3.69333, -22.6532, 0.00164223, 149.066, 0.00335392, -67.8142, 0.00120875, 48.4877
4829, 80.48333, 4.28016, 74.6937, 4.75992, -145.796, 3.67574, -22.579, 0.00163856, 148.802, 0.00335458, -67.906, 0.0012028, 48.5395
4830, 80.49167, 4.26903, 74.4299, 4.76012, -145.876, 3.6583, -22.5027, 0.00163488, 148.539, 0.00335518, -67.9976, 0.00119689, 48.5935
4830, 80.50000, 4.25787, 74.1676, 4.76023, -145.955, 3.64101, -22.4243, 0.00163119, 148.277, 0.00335571, -68.089, 0.00119103, 48.6496
4831, 80.50833, 4.24668, 73.9065, 4.76026, -146.035, 3.62386, -22.3438, 0.00162748, 148.017, 0.00335618, -68.1801, 0.00118521, 48.708
4831, 80.51667, 4.23548, 73.6468, 4.76021, -146.115, 3.60686, -22.2612, 0.00162376, 147.758, 0.00335659, -68.2711, 0.00117943, 48.7685
4832, 80.52500, 4.22425, 73.3885, 4.76007, -146.194, 3.59002, -22.1766, 0.00162003, 147.5, 0.00335694, -68.3618, 0.0011737, 48.8311
4832, 80.53333, 4.21301, 73.1315, 4.75986, -146.273, 3.57332, -22.0901, 0.00161628, 147.244, 0.00335722, -68.4522, 0.00116801, 48.8959
4832, 80.54166, 4.20175, 72.8757, 4.75957, -146.352, 3.55677, -22.0015, 0.00161253, 146.989, 0.00335745, -68.5424, 0.00116237, 48.9628
4833, 80.55000, 4.19047, 72.6214, 4.7592, -146.431, 3.54037, -21.9109, 0.00160876, 146.736, 0.00335762, -68.6323, 0.00115678, 49.0318
4834, 80.55833, 4.17917, 72.3684, 4.75876, -146.509, 3.52412, -21.8184, 0.00160499, 146.484, 0.00335773, -68.722, 0.00115122, 49.1028
4834, 80.56667, 4.16786, 72.1166, 4.75824, -146.588, 3.50801, -21.7239, 0.0016012, 146.233, 0.00335778, -68.8114, 0.00114572, 49.176
4835, 80.57500, 4.15654, 71.8663, 4.75765, -146.666, 3.49206, -21.6275, 0.00159741, 145.983, 0.00335778, -68.9004, 0.00114025, 49.2512
4835, 80.58334, 4.14521, 71.6172, 4.75698, -146.744, 3.47626, -21.5292, 0.00159361, 145.735, 0.00335772, -68.9892, 0.00113484, 49.3285
4836, 80.59167, 4.13386, 71.3695, 4.75624, -146.822, 3.46061, -21.429, 0.0015898, 145.488, 0.0033576, -69.0777, 0.00112947, 49.4078
4836, 80.60000, 4.12251, 71.123, 4.75542, -146.899, 3.4451, -21.3269, 0.00158598, 145.243, 0.00335743, -69.1659, 0.00112414, 49.4892
4837, 80.60833, 4.11115, 70.8779, 4.75454, -146.977, 3.42975, -21.223, 0.00158216, 144.999, 0.00335721, -69.2537, 0.00111886, 49.5725
4837, 80.61667, 4.09978, 70.6341, 4.75359, -147.054, 3.41455, -21.1173, 0.00157832, 144.756, 0.00335694, -69.3413, 0.00111363, 49.6578
4838, 80.62500, 4.08841, 70.3916, 4.75256, -147.13, 3.3995, -21.0098, 0.00157449, 144.515, 0.00335661, -69.4285, 0.00110844, 49.7451
4838, 80.63333, 4.07703, 70.1504, 4.75147, -147.207, 3.38459, -20.9005, 0.00157064, 144.274, 0.00335623, -69.5154, 0.0011033, 49.8344
4839, 80.64167, 4.06565, 69.9105, 4.75031, -147.283, 3.36984, -20.7895, 0.00156679, 144.036, 0.0033558, -69.6019, 0.0010982, 49.9255
4839, 80.65000, 4.05426, 69.6719, 4.74909, -147.359, 3.35523, -20.6768, 0.00156294, 143.798, 0.00335532, -69.6881, 0.00109315, 50.0186
4840, 80.65833, 4.04288, 69.4346, 4.7478, -147.435, 3.34078, -20.5623, 0.00155908, 143.562, 0.00335478, -69.7739, 0.00108815, 50.1136
4840, 80.66666, 4.03149, 69.1985, 4.74645, -147.511, 3.32647, -20.4461, 0.00155522, 143.327, 0.00335421, -69.8594, 0.00108319, 50.2105
4840, 80.67500, 4.0201, 68.9638, 4.74503, -147.586, 3.31231, -20.3283, 0.00155136, 143.093, 0.00335358, -69.9445, 0.00107828, 50.3092
4841, 80.68333, 4.00872, 68.7304, 4.74355, -147.661, 3.2983, -20.2089, 0.00154749, 142.861, 0.0033529, -70.0293, 0.00107341, 50.4098
4842, 80.69167, 3.99733, 68.4982, 4.74201, -147.735, 3.28443, -20.0878, 0.00154362, 142.63, 0.00335218, -70.1137, 0.00106859, 50.5122
4842, 80.70000, 3.98596, 68.2672, 4.74041, -147.81, 3.27072, -19.9652, 0.00153974, 142.4, 0.00335141, -70.1977, 0.00106381, 50.6164
4843, 80.70834, 3.97458, 68.0376, 4.73874, -147.884, 3.25715, -19.841, 0.00153586, 142.172, 0.0033506, -70.2813, 0.00105908, 50.7224
4843, 80.71667, 3.96321, 67.8092, 4.73702, -147.957, 3.24373, -19.7153, 0.00153199, 141.945, 0.00334974, -70.3646, 0.0010544, 50.8302
4844, 80.72500, 3.95185, 67.5821, 4.73524, -148.031, 3.23045, -19.588, 0.00152811, 141.719, 0.00334884, -70.4474, 0.00104976, 50.9397
4844, 80.73333, 3.94049, 67.3562, 4.73341, -148.104, 3.21733, -19.4593, 0.00152423, 141.494, 0.0033479, -70.5299, 0.00104516, 51.0509
4845, 80.74167, 3.92914, 67.1316, 4.73152, -148.176, 3.20434, -19.3291, 0.00152034, 141.271, 0.00334691, -70.612, 0.00104062, 51.1639
4845, 80.75000, 3.9178, 66.9082, 4.72957, -148.249, 3.1915, -19.1975, 0.00151646, 141.048, 0.00334588, -70.6937, 0.00103611, 51.2785
4846, 80.75833, 3.90648, 66.6861, 4.72757, -148.321, 3.17881, -19.0645, 0.00151258, 140.828, 0.00334481, -70.7749, 0.00103166, 51.3947
4846, 80.76667, 3.89516, 66.4652, 4.72551, -148.393, 3.16625, -18.9301, 0.0015087, 140.608, 0.0033437, -70.8558, 0.00102724, 51.5126
4847, 80.77500, 3.88385, 66.2455, 4.7234, -148.464, 3.15385, -18.7943, 0.00150482, 140.39, 0.00334255, -70.9363, 0.00102288, 51.6321
4847, 80.78333, 3.87255, 66.0271, 4.72124, -148.535, 3.14158, -18.6572, 0.00150094, 140.173, 0.00334136, -71.0164, 0.00101856, 51.7532
4848, 80.79166, 3.86127, 65.8099, 4.71903, -148.606, 3.12946, -18.5188, 0.00149706, 139.957, 0.00334013, -71.096, 0.00101428, 51.8759
4848, 80.80000, 3.85, 65.5939, 4.71677, -148.676, 3.11748, -18.3792, 0.00149318, 139.742, 0.00333886, -71.1753, 0.00101005, 52.0001
4848, 80.80833, 3.83874, 65.3791, 4.71446, -148.746, 3.10564, -18.2383, 0.00148931, 139.529, 0.00333755, -71.2541, 0.00100586, 52.1259
4849, 80.81667, 3.8275, 65.1655, 4.7121, -148.816, 3.09393, -18.0962, 0.00148543, 139.316, 0.00333621, -71.3326, 0.00100171, 52.2531
4850, 80.82500, 3.81627, 64.9531, 4.70969, -148.885, 3.08237, -17.9529, 0.00148156, 139.105, 0.00333483, -71.4106, 0.000997615, 52.3819
4850, 80.83334, 3.80507, 64.742, 4.70724, -148.954, 3.07095, -17.8084, 0.00147769, 138.896, 0.00333342, -71.4881, 0.00099356, 52.512
4851, 80.84167, 3.79387, 64.5319, 4.70474, -149.023, 3.05966, -17.6628, 0.00147383, 138.687, 0.00333197, -71.5653, 0.000989549, 52.6437
4851, 80.85000, 3.7827, 64.3232, 4.7022, -149.091, 3.04852, -17.516, 0.00146996, 138.48, 0.00333049, -71.642, 0.000985582, 52.7767
4852, 80.85833, 3.77154, 64.1155, 4.69961, -149.159, 3.03751, -17.3682, 0.00146611, 138.273, 0.00332897, -71.7183, 0.000981659, 52.911
4852, 80.86667, 3.7604, 63.9091, 4.69697, -149.227, 3.02663, -17.2194, 0.00146225, 138.068, 0.00332742, -71.7942, 0.000977779, 53.0468
4853, 80.87500, 3.74928, 63.7038, 4.6943, -149.294, 3.01589, -17.0695, 0.0014584, 137.865, 0.00332584, -71.8697, 0.000973943, 53.1839
4853, 80.88333, 3.73819, 63.4997, 4.69158, -149.361, 3.00528, -16.9186, 0.00145455, 137.662, 0.00332423, -71.9447, 0.000970149, 53.3223
4854, 80.89167, 3.72711, 63.2967, 4.68882, -149.427, 2.99481, -16.7667, 0.00145071, 137.46, 0.00332258, -72.0193, 0.000966398, 53.462
4854, 80.90000, 3.71605, 63.0949, 4.68602, -149.493, 2.98447, -16.6139, 0.00144687, 137.26, 0.00332091, -72.0935, 0.000962691, 53.6029
4855, 80.90833, 3.70501, 62.8943, 4.68318, -149.559, 2.97426, -16.4602, 0.00144304, 137.061, 0.0033192, -72.1672, 0.000959026, 53.7451
4855, 80.91666, 3.694, 62.6948, 4.6803, -149.625, 2.96418, -16.3056, 0.00143921, 136.863, 0.00331746, -72.2406, 0.000955403, 53.8885
4856, 80.92500, 3.68301, 62.4964, 4.67738, -149.69, 2.95423, -16.1502, 0.00143539, 136.666, 0.0033157, -72.3134, 0.000951822, 54.033
4856, 80.93333, 3.67204, 62.2992, 4.67443, -149.754, 2.94441, -15.9939, 0.00143157, 136.471, 0.0033139, -72.3859, 0.000948283, 54.1787
4856, 80.94167, 3.6611, 62.1031, 4.67144, -149.818, 2.93472, -15.8367, 0.00142776, 136.276, 0.00331208, -72.4579, 0.000944786, 54.3256
4857, 80.95000, 3.65018, 61.9081, 4.66841, -149.882, 2.92516, -15.6789, 0.00142396, 136.083, 0.00331023, -72.5295, 0.00094133, 54.4735
4858, 80.95834, 3.63928, 61.7142, 4.66534, -149.946, 2.91572, -15.5202, 0.00142016, 135.89, 0.00330835, -72.6006, 0.000937916, 54.6226
4858, 80.96667, 3.62841, 61.5214, 4.66224, -150.009, 2.90641, -15.3609, 0.00141637, 135.699, 0.00330645, -72.6713, 0.000934542, 54.7727
4859, 80.97500, 3.61757, 61.3298, 4.65911, -150.072, 2.89722, -15.2008, 0.00141258, 135.509, 0.00330452, -72.7416, 0.000931209, 54.9238
4859, 80.98333, 3.60675, 61.1392, 4.65594, -150.134, 2.88816, -15.0401, 0.0014088, 135.32, 0.00330256, -72.8115, 0.000927917, 55.076
4860, 80.99167, 3.59595, 60.9497, 4.65275, -150.196, 2.87921, -14.8787, 0.00140503, 135.132, 0.00330058, -72.8809, 0.000924665, 55.2291
4860, 81.00000, 3.58519, 60.7614, 4.64951, -150.258, 2.87039, -14.7167, 0.00140126, 134.946, 0.00329858, -72.9499, 0.000921454, 55.3832
4861, 81.00833, 3.57445, 60.5741, 4.64625, -150.319, 2.8617, -14.5542, 0.00139751, 134.76, 0.00329655, -73.0184, 0.000918282, 55.5382
4861, 81.01667, 3.56373, 60.3878, 4.64296, -150.38, 2.85311, -14.391, 0.00139376, 134.575, 0.00329449, -73.0865, 0.000915149, 55.6941
4862, 81.02500, 3.55305, 60.2027, 4.63963, -150.44, 2.84465, -14.2274, 0.00139001, 134.392, 0.00329242, -73.1542, 0.000912056, 55.8509
4862, 81.03333, 3.54239, 60.0186, 4.63628, -150.5, 2.83631, -14.0632, 0.00138628, 134.209, 0.00329032, -73.2214, 0.000909001, 56.0085
4863, 81.04166, 3.53176, 59.8355, 4.6329, -150.56, 2.82808, -13.8985, 0.00138255, 134.028, 0.0032882, -73.2883, 0.000905986, 56.167
4863, 81.05000, 3.52117, 59.6536, 4.62949, -150.62, 2.81997, -13.7334, 0.00137883, 133.848, 0.00328606, -73.3547, 0.000903009, 56.3263
4864, 81.05833, 3.5106, 59.4727, 4.62605, -150.679, 2.81197, -13.5679, 0.00137512, 133.669, 0.00328389, -73.4206, 0.00090007, 56.4863
4864, 81.06667, 3.50005, 59.2927, 4.62258, -150.737, 2.80409, -13.4019, 0.00137142, 133.491, 0.00328171, -73.4862, 0.000897169, 56.6471
4864, 81.07500, 3.48954, 59.1139, 4.61909, -150.795, 2.79632, -13.2356, 0.00136772, 133.313, 0.0032795, -73.5513, 0.000894306, 56.8086
4865, 81.08334, 3.47906, 58.9361, 4.61557, -150.853, 2.78866, -13.0689, 0.00136404, 133.137, 0.00327728, -73.6159, 0.00089148, 56.9709
4866, 81.09167, 3.46861, 58.7593, 4.61202, -150.911, 2.78111, -12.9018, 0.00136036, 132.962, 0.00327503, -73.6802, 0.000888691, 57.1338
4866, 81.10000, 3.45819, 58.5835, 4.60846, -150.968, 2.77367, -12.7345, 0.00135669, 132.788, 0.00327277, -73.744, 0.000885939, 57.2973
4867, 81.10833, 3.4478, 58.4087, 4.60486, -151.025, 2.76634, -12.5669, 0.00135303, 132.615, 0.00327049, -73.8074, 0.000883224, 57.4615
4867, 81.11667, 3.43744, 58.235, 4.60125, -151.081, 2.75912, -12.399, 0.00134938, 132.443, 0.00326819, -73.8704, 0.000880545, 57.6263
4868, 81.12500, 3.42711, 58.0622, 4.59761, -151.137, 2.752, -12.2309, 0.00134574, 132.272, 0.00326587, -73.9329, 0.000877902, 57.7917
4868, 81.13333, 3.41682, 57.8904, 4.59394, -151.193, 2.74499, -12.0626, 0.00134211, 132.103, 0.00326353, -73.9951, 0.000875294, 57.9576
4869, 81.14167, 3.40655, 57.7197, 4.59026, -151.248, 2.73808, -11.8941, 0.00133848, 131.934, 0.00326118, -74.0568, 0.000872722, 58.124
4869, 81.15000, 3.39632, 57.5499, 4.58655, -151.303, 2.73128, -11.7254, 0.00133487, 131.766, 0.00325881, -74.1181, 0.000870185, 58.291
4870, 81.15833, 3.38612, 57.3811, 4.58282, -151.357, 2.72458, -11.5566, 0.00133127, 131.599, 0.00325643, -74.1789, 0.000867683, 58.4584
4870, 81.16666, 3.37595, 57.2132, 4.57908, -151.412, 2.71798, -11.3877, 0.00132767, 131.433, 0.00325403, -74.2394, 0.000865215, 58.6263
4871, 81.17500, 3.36581, 57.0464, 4.57531, -151.465, 2.71148, -11.2187, 0.00132409, 131.268, 0.00325161, -74.2995, 0.000862782, 58.7946
4871, 81.18333, 3.35571, 56.8805, 4.57152, -151.519, 2.70508, -11.0496, 0.00132051, 131.104, 0.00324918, -74.3591, 0.000860383, 58.9633
4872, 81.19167, 3.34564, 56.7155, 4.56771, -151.572, 2.69877, -10.8804, 0.00131695, 130.941, 0.00324673, -74.4183, 0.000858016, 59.1324
4872, 81.20000, 3.3356, 56.5515, 4.56389, -151.625, 2.69257, -10.7112, 0.0013134, 130.779, 0.00324427, -74.4771, 0.000855684, 59.3019
4872, 81.20834, 3.3256, 56.3884, 4.56004, -151.677, 2.68646, -10.5421, 0.00130985, 130.617, 0.00324179, -74.5355, 0.000853385, 59.4717
4873, 81.21667, 3.31563, 56.2263, 4.55618, -151.729, 2.68044, -10.3729, 0.00130632, 130.457, 0.0032393, -74.5935, 0.000851118, 59.6418
4874, 81.22500, 3.30569, 56.0651, 4.5523, -151.78, 2.67452, -10.2037, 0.00130279, 130.298, 0.0032368, -74.6511, 0.000848883, 59.8122
4874, 81.23333, 3.29578, 55.9049, 4.54841, -151.832, 2.66869, -10.0346, 0.00129928, 130.14, 0.00323429, -74.7083, 0.000846681, 59.9829
4875, 81.24167, 3.28591, 55.7455, 4.5445, -151.883, 2.66295, -9.86561, 0.00129578, 129.982, 0.00323176, -74.7651, 0.000844511, 60.1539
4875, 81.25000, 3.27608, 55.5871, 4.54057, -151.933, 2.65731, -9.69669, 0.00129228, 129.826, 0.00322922, -74.8214, 0.000842372, 60.325
4876, 81.25833, 3.26627, 55.4296, 4.53662, -151.983, 2.65175, -9.52788, 0.0012888, 129.67, 0.00322666, -74.8774, 0.000840264, 60.4964
4876, 81.26667, 3.2565, 55.273, 4.53267, -152.033, 2.64628, -9.35918, 0.00128533, 129.516, 0.0032241, -74.933, 0.000838187, 60.6679
4877, 81.27500, 3.24677, 55.1173, 4.52869, -152.083, 2.6409, -9.19066, 0.00128187, 129.362, 0.00322152, -74.9882, 0.000836141, 60.8396
4877, 81.28333, 3.23707, 54.9625, 4.52471, -152.132, 2.63561, -9.02229, 0.00127842, 129.209, 0.00321894, -75.0429, 0.000834126, 61.0115
4878, 81.29166, 3.2274, 54.8086, 4.52071, -152.181, 2.6304, -8.8541, 0.00127498, 129.057, 0.00321634, -75.0974, 0.00083214, 61.1834
4878, 81.30000, 3.21777, 54.6556, 4.51669, -152.229, 2.62527, -8.68613, 0.00127155, 128.906, 0.00321373, -75.1514, 0.000830184, 61.3555
4879, 81.30833, 3.20817, 54.5034, 4.51267, -152.277, 2.62023, -8.51838, 0.00126813, 128.756, 0.00321111, -75.205, 0.000828257, 61.5276
4879, 81.31667, 3.19861, 54.3521, 4.50863, -152.325, 2.61527, -8.35085, 0.00126472, 128.607, 0.00320848, -75.2582, 0.000826359, 61.6998
4880, 81.32500, 3.18908, 54.2017, 4.50457, -152.372, 2.6104, -8.18359, 0.00126133, 128.459, 0.00320585, -75.311, 0.00082449, 61.8721
4880, 81.33334, 3.17958, 54.0522, 4.50051, -152.419, 2.6056, -8.0166, 0.00125794, 128.311, 0.0032032, -75.3635, 0.00082265, 62.0443
4880, 81.34167, 3.17012, 53.9035, 4.49643, -152.466, 2.60088, -7.84988, 0.00125457, 128.164, 0.00320054, -75.4156, 0.000820838, 62.2166
4881, 81.35000, 3.1607, 53.7557, 4.49235, -152.512, 2.59624, -7.68349, 0.0012512, 128.019, 0.00319788, -75.4673, 0.000819054, 62.3888
4882, 81.35833, 3.15131, 53.6087, 4.48825, -152.559, 2.59168, -7.51741, 0.00124785, 127.874, 0.0031952, -75.5186, 0.000817297, 62.561
4882, 81.36667, 3.14195, 53.4625, 4.48414, -152.604, 2.5872, -7.35164, 0.00124451, 127.73, 0.00319252, -75.5695, 0.000815568, 62.7332
4883, 81.37500, 3.13263, 53.3172, 4.48003, -152.65, 2.58279, -7.18625, 0.00124118, 127.587, 0.00318983, -75.6201, 0.000813865, 62.9052
4883, 81.38333, 3.12335, 53.1727, 4.4759, -152.695, 2.57845, -7.02122, 0.00123786, 127.444, 0.00318713, -75.6703, 0.00081219, 63.0772
4884, 81.39167, 3.1141, 53.029, 4.47176, -152.739, 2.57419, -6.85654, 0.00123456, 127.303, 0.00318442, -75.7201, 0.00081054, 63.249
4884, 81.40000, 3.10488, 52.8862, 4.46762, -152.784, 2.57, -6.69228, 0.00123126, 127.162, 0.00318171, -75.7696, 0.000808917, 63.4207
4885, 81.40833, 3.0957, 52.7442, 4.46346, -152.828, 2.56589, -6.52842, 0.00122797, 127.022, 0.00317899, -75.8186, 0.00080732, 63.5923
4885, 81.41666, 3.08655, 52.603, 4.4593, -152.872, 2.56184, -6.36496, 0.0012247, 126.883, 0.00317626, -75.8674, 0.000805748, 63.7637
4886, 81.42500, 3.07744, 52.4626, 4.45513, -152.915, 2.55786, -6.20195, 0.00122144, 126.745, 0.00317353, -75.9157, 0.000804201, 63.935
4886, 81.43333, 3.06837, 52.323, 4.45095, -152.958, 2.55396, -6.03938, 0.00121819, 126.607, 0.00317079, -75.9637, 0.00080268, 64.106
4887, 81.44167, 3.05932, 52.1841, 4.44676, -153.001, 2.55012, -5.87724, 0.00121495, 126.471, 0.00316805, -76.0114, 0.000801183, 64.2768
4887, 81.45000, 3.05032, 52.0461, 4.44257, -153.043, 2.54634, -5.7156, 0.00121172, 126.335, 0.00316529, -76.0587, 0.00079971, 64.4474
4888, 81.45834, 3.04134, 51.9089, 4.43837, -153.085, 2.54264, -5.55443, 0.0012085, 126.2, 0.00316254, -76.1056, 0.000798261, 64.6178
4888, 81.46667, 3.03241, 51.7724, 4.43416, -153.127, 2.53899, -5.39373, 0.00120529, 126.065, 0.00315977, -76.1522, 0.000796836, 64.7879
4888, 81.47500, 3.02351, 51.6367, 4.42995, -153.169, 2.53542, -5.23355, 0.0012021, 125.932, 0.003157, -76.1984, 0.000795435, 64.9577
4889, 81.48333, 3.01464, 51.5018, 4.42573, -153.21, 2.5319, -5.07389, 0.00119892, 125.799, 0.00315423, -76.2443, 0.000794057, 65.1272
4890, 81.49167, 3.00581, 51.3677, 4.4215, -153.251, 2.52845, -4.91473, 0.00119574, 125.667, 0.00315145, -76.2898, 0.000792701, 65.2965
4890, 81.50000, 2.99701, 51.2343, 4.41727, -153.291, 2.52506, -4.75611, 0.00119258, 125.536, 0.00314867, -76.335, 0.000791369, 65.4654
4891, 81.50833, 2.98825, 51.1017, 4.41304, -153.332, 2.52173, -4.59804, 0.00118943, 125.406, 0.00314588, -76.3798, 0.000790059, 65.6339
4891, 81.51667, 2.97952, 50.9698, 4.4088, -153.371, 2.51846, -4.4405, 0.0011863, 125.276, 0.00314309, -76.4243, 0.00078877, 65.8022
4892, 81.52500, 2.97082, 50.8386, 4.40455, -153.411, 2.51525, -4.28355, 0.00118317, 125.147, 0.0031403, -76.4685, 0.000787504, 65.97
4892, 81.53333, 2.96217, 50.7083, 4.4003, -153.45, 2.51209, -4.12715, 0.00118006, 125.019, 0.0031375, -76.5123, 0.000786259, 66.1375
4893, 81.54166, 2.95354, 50.5786, 4.39605, -153.489, 2.509, -3.97132, 0.00117695, 124.892, 0.00313469, -76.5558, 0.000785036, 66.3047
4893, 81.55000, 2.94495, 50.4497, 4.39179, -153.528, 2.50596, -3.8161, 0.00117386, 124.765, 0.00313189, -76.5989, 0.000783833, 66.4714
4894, 81.55833, 2.9364, 50.3215, 4.38753, -153.567, 2.50297, -3.66146, 0.00117078, 124.639, 0.00312908, -76.6418, 0.000782651, 66.6377
4894, 81.56667, 2.92787, 50.194, 4.38326, -153.605, 2.50004, -3.50741, 0.00116771, 124.514, 0.00312626, -76.6843, 0.00078149, 66.8036
4895, 81.57500, 2.91939, 50.0672, 4.37899, -153.643, 2.49717, -3.35399, 0.00116465, 124.389, 0.00312345, -76.7264, 0.000780348, 66.9691
4895, 81.58334, 2.91094, 49.9412, 4.37472, -153.68, 2.49434, -3.20119, 0.00116161, 124.266, 0.00312063, -76.7683, 0.000779227, 67.1341
4896, 81.59167, 2.90252, 49.8158, 4.37045, -153.718, 2.49157, -3.04899, 0.00115857, 124.143, 0.00311781, -76.8098, 0.000778125, 67.2987
4896, 81.60000, 2.89414, 49.6912, 4.36617, -153.755, 2.48885, -2.89743, 0.00115555, 124.02, 0.00311498, -76.851, 0.000777043, 67.4628
4896, 81.60833, 2.88579, 49.5672, 4.36189, -153.791, 2.48618, -2.74652, 0.00115253, 123.899, 0.00311216, -76.8919, 0.00077598, 67.6264
4897, 81.61667, 2.87747, 49.444, 4.35761, -153.828, 2.48357, -2.59622, 0.00114953, 123.778, 0.00310933, -76.9325, 0.000774936, 67.7896
4898, 81.62500, 2.86919, 49.3214, 4.35332, -153.864, 2.481, -2.4466, 0.00114654, 123.657, 0.0031065, -76.9727, 0.00077391, 67.9523
4898, 81.63333, 2.86094, 49.1996, 4.34904, -153.9, 2.47848, -2.29762, 0.00114357, 123.538, 0.00310367, -77.0127, 0.000772903, 68.1144
4899, 81.64167, 2.85273, 49.0784, 4.34475, -153.935, 2.476, -2.14929, 0.0011406, 123.419, 0.00310083, -77.0523, 0.000771914, 68.2761
4899, 81.65000, 2.84455, 48.9579, 4.34046, -153.971, 2.47358, -2.00164, 0.00113764, 123.301, 0.003098, -77.0916, 0.000770943, 68.4372
4900, 81.65833, 2.8364, 48.838, 4.33617, -154.006, 2.47119, -1.85467, 0.0011347, 123.183, 0.00309516, -77.1306, 0.000769989, 68.5978
4900, 81.66666, 2.82829, 48.7189, 4.33188, -154.04, 2.46886, -1.70834, 0.00113176, 123.067, 0.00309232, -77.1693, 0.000769053, 68.7578
4901, 81.67500, 2.82021, 48.6003, 4.32759, -154.075, 2.46657, -1.56272, 0.00112884, 122.95, 0.00308948, -77.2077, 0.000768134, 68.9173
4901, 81.68333, 2.81217, 48.4825, 4.3233, -154.109, 2.46432, -1.41777, 0.00112593, 122.835, 0.00308664, -77.2458, 0.000767232, 69.0763
4902, 81.69167, 2.80415, 48.3653, 4.31901, -154.143, 2.46212, -1.2735, 0.00112303, 122.72, 0.0030838, -77.2837, 0.000766346, 69.2347
4902, 81.70000, 2.79618, 48.2488, 4.31471, -154.177, 2.45996, -1.12993, 0.00112014, 122.606, 0.00308096, -77.3212, 0.000765477, 69.3925
4903, 81.70834, 2.78823, 48.1329, 4.31042, -154.21, 2.45784, -0.987055, 0.00111727, 122.492, 0.00307812, -77.3584, 0.000764624, 69.5497
4903, 81.71667, 2.78032, 48.0176, 4.30613, -154.243, 2.45576, -0.844861, 0.0011144, 122.38, 0.00307527, -77.3953, 0.000763787, 69.7064
4904, 81.72500, 2.77244, 47.903, 4.30183, -154.276, 2.45372, -0.703386, 0.00111155, 122.267, 0.00307243, -77.4319, 0.000762966, 69.8625
4904, 81.73333, 2.76459, 47.789, 4.29754, -154.309, 2.45173, -0.562613, 0.0011087, 122.156, 0.00306959, -77.4683, 0.00076216, 70.0179
4904, 81.74167, 2.75678, 47.6756, 4.29325, -154.341, 2.44977, -0.42253, 0.00110587, 122.045, 0.00306674, -77.5043, 0.00076137, 70.1728
4905, 81.75000, 2.749, 47.5629, 4.28896, -154.373, 2.44785, -0.283173, 0.00110305, 121.935, 0.0030639, -77.5401, 0.000760595, 70.3271
4906, 81.75833, 2.74125, 47.4508, 4.28467, -154.405, 2.44597, -0.144526, 0.00110024, 121.825, 0.00306105, -77.5756, 0.000759834, 70.4807
4906, 81.76667, 2.73354, 47.3393, 4.28038, -154.437, 2.44412, -0.00657666, 0.00109744, 121.716, 0.00305821, -77.6108, 0.000759088, 70.6337
4907, 81.77500, 2.72585, 47.2284, 4.27609, -154.468, 2.44231, 0.130641, 0.00109465, 121.607, 0.00305537, -77.6458, 0.000758357, 70.7861
4907, 81.78333, 2.7182, 47.1182, 4.2718, -154.499, 2.44054, 0.267142, 0.00109187, 121.5, 0.00305252, -77.6804, 0.000757639, 70.9379
4908, 81.79166, 2.71058, 47.0085, 4.26752, -154.53, 2.4388, 0.402941, 0.0010891, 121.392, 0.00304968, -77.7148, 0.000756936, 71.089
4908, 81.80000, 2.703, 46.8994, 4.26323, -154.56, 2.4371, 0.538003, 0.00108635, 121.286, 0.00304684, -77.7489, 0.000756247, 71.2395
4909, 81.80833, 2.69544, 46.791, 4.25895, -154.591, 2.43543, 0.672343, 0.0010836, 121.18, 0.003044, -77.7827, 0.000755571, 71.3893
4909, 81.81667, 2.68792, 46.6831, 4.25467, -154.621, 2.4338, 0.805977, 0.00108087, 121.074, 0.00304116, -77.8163, 0.000754908, 71.5385
4910, 81.82500, 2.68043, 46.5758, 4.25039, -154.651, 2.4322, 0.938872, 0.00107815, 120.97, 0.00303832, -77.8496, 0.000754258, 71.687
4910, 81.83334, 2.67297, 46.4691, 4.24611, -154.68, 2.43063, 1.07104, 0.00107543, 120.865, 0.00303548, -77.8826, 0.000753622, 71.8349
4911, 81.84167, 2.66555, 46.363, 4.24184, -154.71, 2.42909, 1.2025, 0.00107273, 120.762, 0.00303264, -77.9154, 0.000752998, 71.9821
4911, 81.85000, 2.65815, 46.2575, 4.23757, -154.739, 2.42758, 1.33322, 0.00107004, 120.659, 0.00302981, -77.9479, 0.000752387, 72.1287
4912, 81.85833, 2.65079, 46.1525, 4.2333, -154.768, 2.42611, 1.46321, 0.00106736, 120.556, 0.00302697, -77.9801, 0.000751788, 72.2746
4912, 81.86667, 2.64345, 46.0481, 4.22903, -154.797, 2.42466, 1.5925, 0.00106469, 120.454, 0.00302414, -78.0121, 0.000751201, 72.4198
4912, 81.87500, 2.63615, 45.9443, 4.22477, -154.825, 2.42325, 1.72104, 0.00106203, 120.353, 0.00302131, -78.0438, 0.000750626, 72.5643
4913, 81.88333, 2.62888, 45.841, 4.2205, -154.853, 2.42186, 1.84885, 0.00105938, 120.252, 0.00301848, -78.0753, 0.000750063, 72.7081
4914, 81.89167, 2.62164, 45.7383, 4.21625, -154.881, 2.4205, 1.97596, 0.00105674, 120.152, 0.00301565, -78.1065, 0.000749512, 72.8513
4914, 81.90000, 2.61444, 45.6362, 4.21199, -154.909, 2.41917, 2.10232, 0.00105412, 120.052, 0.00301282, -78.1375, 0.000748972, 72.9938
4915, 81.90833, 2.60726, 45.5346, 4.20774, -154.937, 2.41787, 2.22796, 0.0010515, 119.953, 0.00300999, -78.1682, 0.000748443, 73.1356
4915, 81.91666, 2.60011, 45.4336, 4.20349, -154.964, 2.41659, 2.35289, 0.00104889, 119.855, 0.00300717, -78.1987, 0.000747925, 73.2767
4916, 81.92500, 2.59299, 45.3331, 4.19924, -154.991, 2.41535, 2.47707, 0.0010463, 119.757, 0.00300435, -78.2289, 0.000747418, 73.4172
4916, 81.93333, 2.58591, 45.2331, 4.195, -155.018, 2.41412, 2.60054, 0.00104371, 119.659, 0.00300153, -78.2589, 0.000746922, 73.5569
4917, 81.94167, 2.57885, 45.1337, 4.19076, -155.045, 2.41293, 2.7233, 0.00104114, 119.562, 0.00299871, -78.2886, 0.000746436, 73.696
4917, 81.95000, 2.57183, 45.0348, 4.18652, -155.071, 2.41175, 2.84532, 0.00103857, 119.466, 0.0029959, -78.3181, 0.000745961, 73.8343
4918, 81.95834, 2.56483, 44.9364, 4.18229, -155.097, 2.41061, 2.96662, 0.00103602, 119.37, 0.00299309, -78.3474, 0.000745496, 73.972
4918, 81.96667, 2.55787, 44.8386, 4.17806, -155.123, 2.40948, 3.08722, 0.00103348, 119.275, 0.00299027, -78.3764, 0.000745041, 74.1089
4919, 81.97500, 2.55093, 44.7413, 4.17384, -155.149, 2.40838, 3.20708, 0.00103094, 119.18, 0.00298747, -78.4052, 0.000744595, 74.2452
4919, 81.98333, 2.54402, 44.6445, 4.16961, -155.175, 2.40731, 3.32623, 0.00102842, 119.086, 0.00298466, -78.4337, 0.00074416, 74.3808
4920, 81.99167, 2.53715, 44.5483, 4.1654, -155.2, 2.40625, 3.44467, 0.00102591, 118.992, 0.00298186, -78.4621, 0.000743734, 74.5156
4920, 82.00000, 2.5303, 44.4525, 4.16118, -155.225, 2.40522, 3.56239, 0.0010234, 118.899, 0.00297906, -78.4902, 0.000743317, 74.6498
4920, 82.00833, 2.52348, 44.3573, 4.15698, -155.25, 2.40421, 3.6794, 0.00102091, 118.807, 0.00297626, -78.518, 0.000742909, 74.7833
4921, 82.01667, 2.51669, 44.2625, 4.15277, -155.275, 2.40322, 3.79571, 0.00101843, 118.714, 0.00297346, -78.5457, 0.000742511, 74.916
4922, 82.02500, 2.50994, 44.1683, 4.14857, -155.3, 2.40225, 3.9113, 0.00101595, 118.623, 0.00297067, -78.5731, 0.000742121, 75.0481
4922, 82.03333, 2.50321, 44.0746, 4.14438, -155.324, 2.40131, 4.02619, 0.00101349, 118.532, 0.00296788, -78.6003, 0.00074174, 75.1795
4923, 82.04166, 2.4965, 43.9813, 4.14018, -155.348, 2.40038, 4.14038, 0.00101104, 118.441, 0.00296509, -78.6272, 0.000741368, 75.3101
4923, 82.05000, 2.48983, 43.8886, 4.136, -155.372, 2.39948, 4.25386, 0.0010086, 118.351, 0.00296231, -78.654, 0.000741004, 75.4401
4924, 82.05833, 2.48319, 43.7964, 4.13182, -155.396, 2.39859, 4.36664, 0.00100616, 118.261, 0.00295953, -78.6805, 0.000740649, 75.5694
4924, 82.06667, 2.47657, 43.7046, 4.12764, -155.42, 2.39772, 4.47873, 0.00100374, 118.172, 0.00295675, -78.7068, 0.000740301, 75.698
4925, 82.07500, 2.46999, 43.6133, 4.12347, -155.443, 2.39687, 4.59012, 0.00100133, 118.083, 0.00295397, -78.7329, 0.000739962, 75.8258
4925, 82.08334, 2.46343, 43.5225, 4.1193, -155.466, 2.39604, 4.70081, 0.000998922, 117.995, 0.0029512, -78.7588, 0.00073963, 75.953
4926, 82.09167, 2.4569, 43.4322, 4.11513, -155.489, 2.39523, 4.81082, 0.000996528, 117.908, 0.00294843, -78.7844, 0.000739306, 76.0795
4926, 82.10000, 2.4504, 43.3424, 4.11098, -155.512, 2.39443, 4.92013, 0.000994144, 117.82, 0.00294567, -78.8099, 0.00073899, 76.2052
4927, 82.10833, 2.44392, 43.253, 4.10682, -155.535, 2.39365, 5.02876, 0.00099177, 117.734, 0.0029429, -78.8351, 0.000738681, 76.3303
4927, 82.11667, 2.43747, 43.1641, 4.10268, -155.557, 2.39289, 5.13672, 0.000989405, 117.647, 0.00294014, -78.8602, 0.00073838, 76.4547
4928, 82.12500, 2.43106, 43.0757, 4.09853, -155.579, 2.39215, 5.24398, 0.00098705, 117.561, 0.00293739, -78.885, 0.000738085, 76.5784
4928, 82.13333, 2.42466, 42.9877, 4.0944, -155.602, 2.39142, 5.35057, 0.000984704, 117.476, 0.00293463, -78.9096, 0.000737798, 76.7014
4928, 82.14167, 2.4183, 42.9002, 4.09026, -155.623, 2.3907, 5.45649, 0.000982368, 117.391, 0.00293188, -78.9341, 0.000737518, 76.8237
4929, 82.15000, 2.41196, 42.8131, 4.08614, -155.645, 2.39001, 5.56173, 0.000980042, 117.307, 0.00292914, -78.9583, 0.000737244, 76.9453
4930, 82.15833, 2.40565, 42.7265, 4.08201, -155.667, 2.38932, 5.6663, 0.000977725, 117.223, 0.0029264, -78.9823, 0.000736977, 77.0662
4930, 82.16666, 2.39937, 42.6404, 4.0779, -155.688, 2.38866, 5.77022, 0.000975417, 117.139, 0.00292366, -79.0061, 0.000736717, 77.1865
4931, 82.17500, 2.39312, 42.5547, 4.07379, -155.709, 2.388, 5.87346, 0.000973119, 117.056, 0.00292092, -79.0298, 0.000736463, 77.306
4931, 82.18333, 2.38689, 42.4694, 4.06968, -155.73, 2.38736, 5.97604, 0.00097083, 116.974, 0.00291819, -79.0532, 0.000736216, 77.4249
4932, 82.19167, 2.38069, 42.3846, 4.06558, -155.751, 2.38674, 6.07797, 0.00096855, 116.892, 0.00291546, -79.0764, 0.000735974, 77.5431
4932, 82.20000, 2.37451, 42.3002, 4.06148, -155.772, 2.38613, 6.17924, 0.00096628, 116.81, 0.00291274, -79.0995, 0.000735739, 77.6606
4933, 82.20834, 2.36836, 42.2163, 4.0574, -155.792, 2.38553, 6.27986, 0.000964019, 116.729, 0.00291002, -79.1223, 0.00073551, 77.7774
4933, 82.21667, 2.36224, 42.1328, 4.05331, -155.812, 2.38494, 6.37984, 0.000961767, 116.648, 0.0029073, -79.145, 0.000735286, 77.8936
4934, 82.22500, 2.35615, 42.0497, 4.04923, -155.833, 2.38437, 6.47916, 0.000959524, 116.567, 0.00290459, -79.1675, 0.000735069, 78.0091
4934, 82.23333, 2.35008, 41.9671, 4.04516, -155.853, 2.38381, 6.57784, 0.000957291, 116.487, 0.00290188, -79.1898, 0.000734857, 78.1239
4935, 82.24167, 2.34403, 41.8848, 4.0411, -155.872, 2.38326, 6.6759, 0.000955066, 116.408, 0.00289917, -79.2119, 0.00073465, 78.238
4935, 82.25000, 2.33802, 41.8031, 4.03704, -155.892, 2.38272, 6.7733, 0.000952851, 116.329, 0.00289647, -79.2338, 0.000734449, 78.3515
4936, 82.25833, 2.33202, 41.7217, 4.03298, -155.912, 2.3822, 6.87008, 0.000950644, 116.25, 0.00289377, -79.2555, 0.000734253, 78.4643
4936, 82.26667, 2.32606, 41.6407, 4.02893, -155.931, 2.38168, 6.96623, 0.000948447, 116.172, 0.00289108, -79.2771, 0.000734062, 78.5764
4936, 82.27500, 2.32012, 41.5602, 4.02489, -155.95, 2.38118, 7.06175, 0.000946258, 116.094, 0.00288839, -79.2985, 0.000733877, 78.6879
4937, 82.28333, 2.3142, 41.48, 4.02085, -155.969, 2.38069, 7.15665, 0.000944078, 116.017, 0.0028857, -79.3197, 0.000733696, 78.7987
4938, 82.29166, 2.30831, 41.4003, 4.01682, -155.988, 2.38021, 7.25094, 0.000941908, 115.94, 0.00288302, -79.3407, 0.000733521, 78.9089
4938, 82.30000, 2.30245, 41.321, 4.0128, -156.006, 2.37974, 7.3446, 0.000939746, 115.863, 0.00288034, -79.3615, 0.00073335, 79.0183
4939, 82.30833, 2.29661, 41.2421, 4.00878, -156.025, 2.37928, 7.43765, 0.000937592, 115.787, 0.00287767, -79.3822, 0.000733184, 79.1272
4939, 82.31667, 2.29079, 41.1636, 4.00476, -156.043, 2.37882, 7.5301, 0.000935448, 115.711, 0.002875, -79.4027, 0.000733023, 79.2354
4940, 82.32500, 2.285, 41.0855, 4.00076, -156.062, 2.37838, 7.62194, 0.000933312, 115.636, 0.00287233, -79.423, 0.000732866, 79.343
4940, 82.33334, 2.27924, 41.0078, 3.99676, -156.08, 2.37795, 7.71317, 0.000931185, 115.561, 0.00286967, -79.4432, 0.000732713, 79.4499
4941, 82.34167, 2.2735, 40.9304, 3.99276, -156.098, 2.37752, 7.80381, 0.000929066, 115.486, 0.00286701, -79.4632, 0.000732565, 79.5561
4941, 82.35000, 2.26778, 40.8535, 3.98877, -156.115, 2.37711, 7.89385, 0.000926957, 115.412, 0.00286436, -79.483, 0.000732421, 79.6618
4941, 82.35833, 2.26209, 40.777, 3.98479, -156.133, 2.3767, 7.9833, 0.000924855, 115.338, 0.00286171, -79.5027, 0.000732281, 79.7668
4942, 82.36667, 2.25642, 40.7008, 3.98081, -156.15, 2.3763, 8.07217, 0.000922762, 115.265, 0.00285906, -79.5222, 0.000732146, 79.8711
4943, 82.37500, 2.25078, 40.625, 3.97684, -156.168, 2.37592, 8.16044, 0.000920678, 115.192, 0.00285642, -79.5415, 0.000732014, 79.9749
4943, 82.38333, 2.24516, 40.5497, 3.97288, -156.185, 2.37553, 8.24813, 0.000918602, 115.119, 0.00285378, -79.5607, 0.000731886, 80.078
4944, 82.39167, 2.23956, 40.4746, 3.96892, -156.202, 2.37516, 8.33525, 0.000916535, 115.047, 0.00285115, -79.5797, 0.000731762, 80.1805
4944, 82.40000, 2.23399, 40.4, 3.96497, -156.219, 2.37479, 8.42179, 0.000914476, 114.975, 0.00284852, -79.5985, 0.000731642, 80.2823
4944, 82.40833, 2.22845, 40.3257, 3.96103, -156.235, 2.37443, 8.50776, 0.000912425, 114.903, 0.0028459, -79.6172, 0.000731525, 80.3835
4945, 82.41666, 2.22292, 40.2519, 3.95709, -156.252, 2.37408, 8.59317, 0.000910382, 114.832, 0.00284328, -79.6357, 0.000731412, 80.4842
4946, 82.42500, 2.21742, 40.1783, 3.95316, -156.268, 2.37373, 8.678, 0.000908348, 114.761, 0.00284066, -79.6541, 0.000731303, 80.5842
4946, 82.43333, 2.21194, 40.1052, 3.94923, -156.285, 2.3734, 8.76228, 0.000906322, 114.691, 0.00283805, -79.6723, 0.000731197, 80.6836
4947, 82.44167, 2.20649, 40.0324, 3.94531, -156.301, 2.37306, 8.846, 0.000904304, 114.621, 0.00283544, -79.6903, 0.000731094, 80.7824
4947, 82.45000, 2.20106, 39.96, 3.9414, -156.317, 2.37274, 8.92917, 0.000902295, 114.551, 0.00283284, -79.7083, 0.000730995, 80.8806
4948, 82.45834, 2.19565, 39.8879, 3.93749, -156.333, 2.37242, 9.01178, 0.000900293, 114.482, 0.00283024, -79.726, 0.000730898, 80.9781
4948, 82.46667, 2.19027, 39.8162, 3.93359, -156.349, 2.37211, 9.09386, 0.0008983, 114.413, 0.00282765, -79.7436, 0.000730805, 81.0751
4949, 82.47500, 2.1849, 39.7449, 3.9297, -156.364, 2.3718, 9.17538, 0.000896314, 114.344, 0.00282506, -79.7611, 0.000730715, 81.1715
4949, 82.48333, 2.17956, 39.6739, 3.92581, -156.38, 2.3715, 9.25636, 0.000894337, 114.276, 0.00282247, -79.7784, 0.000730628, 81.2673
4949, 82.49167, 2.17425, 39.6032, 3.92193, -156.395, 2.3712, 9.33682, 0.000892367, 114.208, 0.00281989, -79.7955, 0.000730544, 81.3626
4950, 82.50000, 2.16895, 39.5329, 3.91805, -156.41, 2.37091, 9.41673, 0.000890406, 114.141, 0.00281732, -79.8125, 0.000730463, 81.4572
4951, 82.50833, 2.16368, 39.463, 3.91418, -156.426, 2.37062, 9.49612, 0.000888452, 114.074, 0.00281474, -79.8294, 0.000730384, 81.5512
4951, 82.51667, 2.15843, 39.3934, 3.91032, -156.44, 2.37034, 9.57499, 0.000886506, 114.007, 0.00281218, -79.8461, 0.000730308, 81.6447
4952, 82.52500, 2.1532, 39.3241, 3.90647, -156.455, 2.37006, 9.65332, 0.000884569, 113.94, 0.00280961, -79.8627, 0.000730235, 81.7376
4952, 82.53333, 2.148, 39.2552, 3.90262, -156.47, 2.36979, 9.73114, 0.000882638, 113.874, 0.00280705, -79.8792, 0.000730165, 81.8299
4953, 82.54166, 2.14281, 39.1866, 3.89878, -156.485, 2.36953, 9.80845, 0.000880716, 113.808, 0.0028045, -79.8955, 0.000730097, 81.9217
4953, 82.55000, 2.13765, 39.1184, 3.89494, -156.499, 2.36926, 9.88524, 0.000878801, 113.743, 0.00280195, -79.9116, 0.000730031, 82.0129
4954, 82.55833, 2.13251, 39.0505, 3.89111, -156.513, 2.369, 9.96152, 0.000876894, 113.678, 0.0027994, -79.9276, 0.000729968, 82.1035
4954, 82.56667, 2.12739, 38.9829, 3.88729, -156.528, 2.36875, 10.0373, 0.000874995, 113.613, 0.00279686, -79.9435, 0.000729907, 82.1936
4955, 82.57500, 2.1223, 38.9156, 3.88347, -156.542, 2.3685, 10.1126, 0.000873103, 113.548, 0.00279433, -79.9593, 0.000729849, 82.2831
4955, 82.58334, 2.11722, 38.8487, 3.87967, -156.556, 2.36825, 10.1874, 0.000871219, 113.484, 0.00279179, -79.9749, 0.000729792, 82.372
4956, 82.59167, 2.11217, 38.7821, 3.87586, -156.57, 2.36801, 10.2616, 0.000869342, 113.421, 0.00278927, -79.9904, 0.000729738, 82.4604
4956, 82.60000, 2.10713, 38.7158, 3.87207, -156.583, 2.36777, 10.3354, 0.000867473, 113.357, 0.00278674, -80.0057, 0.000729686, 82.5483
4957, 82.60833, 2.10212, 38.6499, 3.86828, -156.597, 2.36753, 10.4087, 0.000865611, 113.294, 0.00278422, -80.0209, 0.000729636, 82.6356
4957, 82.61667, 2.09713, 38.5842, 3.86449, -156.611, 2.3673, 10.4816, 0.000863757, 113.231, 0.00278171, -80.036, 0.000729588, 82.7224
4957, 82.62500, 2.09216, 38.5189, 3.86072, -156.624, 2.36707, 10.5539, 0.00086191, 113.169, 0.0027792, -80.051, 0.000729542, 82.8086
4958, 82.63333, 2.08721, 38.4539, 3.85695, -156.637, 2.36684, 10.6257, 0.000860071, 113.106, 0.00277669, -80.0658, 0.000729498, 82.8943
4959, 82.64167, 2.08228, 38.3892, 3.85318, -156.65, 2.36662, 10.6971, 0.000858238, 113.044, 0.00277419, -80.0805, 0.000729456, 82.9795
4959, 82.65000, 2.07737, 38.3249, 3.84943, -156.663, 2.3664, 10.768, 0.000856414, 112.983, 0.0027717, -80.0951, 0.000729416, 83.0641
4960, 82.65833, 2.07249, 38.2608, 3.84568, -156.676, 2.36618, 10.8385, 0.000854596, 112.922, 0.0027692, -80.1095, 0.000729377, 83.1483
4960, 82.66666, 2.06762, 38.197, 3.84193, -156.689, 2.36596, 10.9085, 0.000852786, 112.861, 0.00276672, -80.1238, 0.00072934, 83.2319
4961, 82.67500, 2.06277, 38.1336, 3.8382, -156.702, 2.36575, 10.978, 0.000850982, 112.8, 0.00276423, -80.138, 0.000729304, 83.3149
4961, 82.68333, 2.05795, 38.0705, 3.83447, -156.715, 2.36554, 11.047, 0.000849186, 112.74, 0.00276176, -80.1521, 0.000729271, 83.3975
4962, 82.69167, 2.05314, 38.0076, 3.83074, -156.727, 2.36533, 11.1156, 0.000847397, 112.68, 0.00275928, -80.1661, 0.000729238, 83.4796
4962, 82.70000, 2.04835, 37.9451, 3.82702, -156.739, 2.36512, 11.1838, 0.000845616, 112.62, 0.00275681, -80.1799, 0.000729208, 83.5611
4963, 82.70834, 2.04358, 37.8828, 3.82331, -156.752, 2.36492, 11.2515, 0.000843841, 112.561, 0.00275435, -80.1936, 0.000729179, 83.6422
4963, 82.71667, 2.03884, 37.8209, 3.81961, -156.764, 2.36471, 11.3187, 0.000842073, 112.501, 0.00275189, -80.2072, 0.000729151, 83.7227
4964, 82.72500, 2.03411, 37.7592, 3.81591, -156.776, 2.36451, 11.3855, 0.000840312, 112.443, 0.00274943, -80.2207, 0.000729124, 83.8027
4964, 82.73333, 2.0294, 37.6979, 3.81222, -156.788, 2.36431, 11.4519, 0.000838559, 112.384, 0.00274698, -80.234, 0.000729099, 83.8823
4965, 82.74167, 2.02471, 37.6368, 3.80853, -156.8, 2.36411, 11.5178, 0.000836812, 112.326, 0.00274453, -80.2473, 0.000729075, 83.9613
4965, 82.75000, 2.02004, 37.576, 3.80486, -156.812, 2.36392, 11.5833, 0.000835072, 112.268, 0.00274209, -80.2604, 0.000729053, 84.0399
4965, 82.75833, 2.01539, 37.5155, 3.80119, -156.823, 2.36372, 11.6484, 0.000833339, 112.21, 0.00273965, -80.2734, 0.000729032, 84.118
4966, 82.76667, 2.01076, 37.4553, 3.79752, -156.835, 2.36353, 11.713, 0.000831612, 112.153, 0.00273722, -80.2863, 0.000729011, 84.1956
4967, 82.77500, 2.00615, 37.3954, 3.79386, -156.846, 2.36333, 11.7773, 0.000829893, 112.096, 0.00273479, -80.2991, 0.000728992, 84.2727
4967, 82.78333, 2.00156, 37.3358, 3.79021, -156.858, 2.36314, 11.8411, 0.00082818, 112.039, 0.00273236, -80.3117, 0.000728974, 84.3493
4968, 82.79166, 1.99699, 37.2764, 3.78656, -156.869, 2.36295, 11.9044, 0.000826474, 111.982, 0.00272994, -80.3243, 0.000728957, 84.4255
4968, 82.80000, 1.99243, 37.2173, 3.78293, -156.88, 2.36276, 11.9674, 0.000824775, 111.926, 0.00272753, -80.3368, 0.000728941, 84.5012
4969, 82.80833, 1.98789, 37.1585, 3.77929, -156.891, 2.36257, 12.03, 0.000823083, 111.87, 0.00272512, -80.3491, 0.000728926, 84.5764
4969, 82.81667, 1.98338, 37.1, 3.77567, -156.902, 2.36238, 12.0921, 0.000821396, 111.815, 0.00272271, -80.3613, 0.000728912, 84.6512
4970, 82.82500, 1.97888, 37.0417, 3.77205, -156.913, 2.3622, 12.1538, 0.000819717, 111.759, 0.00272031, -80.3735, 0.000728899, 84.7255
4970, 82.83334, 1.9744, 36.9838, 3.76844, -156.924, 2.36201, 12.2152, 0.000818044, 111.704, 0.00271791, -80.3855, 0.000728887, 84.7993
4971, 82.84167, 1.96993, 36.926, 3.76483, -156.934, 2.36182, 12.2761, 0.000816378, 111.649, 0.00271552, -80.3974, 0.000728876, 84.8727
4971, 82.85000, 1.96549, 36.8686, 3.76123, -156.945, 2.36164, 12.3366, 0.000814718, 111.595, 0.00271313, -80.4092, 0.000728865, 84.9456
4972, 82.85833, 1.96106, 36.8114, 3.75764, -156.955, 2.36145, 12.3968, 0.000813065, 111.54, 0.00271074, -80.4209, 0.000728855, 85.0181
4972, 82.86667, 1.95666, 36.7545, 3.75405, -156.966, 2.36127, 12.4565, 0.000811418, 111.486, 0.00270836, -80.4325, 0.000728846, 85.0901
4973, 82.87500, 1.95227, 36.6979, 3.75047, -156.976, 2.36108, 12.5159, 0.000809778, 111.432, 0.00270599, -80.444, 0.000728838, 85.1617
4973, 82.88333, 1.9479, 36.6415, 3.7469, -156.986, 2.36089, 12.5749, 0.000808144, 111.379, 0.00270362, -80.4554, 0.00072883, 85.2329
4973, 82.89167, 1.94354, 36.5854, 3.74333, -156.996, 2.36071, 12.6335, 0.000806516, 111.326, 0.00270125, -80.4667, 0.000728823, 85.3036
4974, 82.90000, 1.9392, 36.5295, 3.73977, -157.006, 2.36052, 12.6917, 0.000804895, 111.273, 0.00269889, -80.4779, 0.000728817, 85.3739
4975, 82.90833, 1.93489, 36.4739, 3.73621, -157.016, 2.36034, 12.7495, 0.00080328, 111.22, 0.00269653, -80.489, 0.000728811, 85.4437
4975, 82.91666, 1.93058, 36.4186, 3.73267, -157.026, 2.36015, 12.807, 0.000801671, 111.167, 0.00269418, -80.5, 0.000728805, 85.5132
4976, 82.92500, 1.9263, 36.3635, 3.72912, -157.036, 2.35997, 12.8641, 0.000800069, 111.115, 0.00269183, -80.5109, 0.0007288, 85.5822
4976, 82.93333, 1.92203, 36.3086, 3.72559, -157.046, 2.35978, 12.9208, 0.000798472, 111.063, 0.00268948, -80.5217, 0.000728796, 85.6507
4977, 82.94167, 1.91778, 36.254, 3.72206, -157.055, 2.3596, 12.9772, 0.000796882, 111.011, 0.00268714, -80.5324, 0.000728792, 85.7189
4977, 82.95000, 1.91355, 36.1997, 3.71854, -157.065, 2.35941, 13.0332, 0.000795298, 110.96, 0.00268481, -80.543, 0.000728789, 85.7867
4978, 82.95834, 1.90934, 36.1456, 3.71502, -157.074, 2.35922, 13.0888, 0.00079372, 110.909, 0.00268248, -80.5535, 0.000728786, 85.854
4978, 82.96667, 1.90514, 36.0918, 3.71151, -157.084, 2.35904, 13.1441, 0.000792148, 110.858, 0.00268015, -80.5639, 0.000728783, 85.9209
4979, 82.97500, 1.90096, 36.0382, 3.70801, -157.093, 2.35885, 13.199, 0.000790583, 110.807, 0.00267783, -80.5742, 0.000728781, 85.9874
4979, 82.98333, 1.89679, 35.9848, 3.70451, -157.102, 2.35866, 13.2536, 0.000789023, 110.757, 0.00267551, -80.5845, 0.000728779, 86.0535
4980, 82.99167, 1.89265, 35.9317, 3.70102, -157.111, 2.35847, 13.3078, 0.000787469, 110.706, 0.0026732, -80.5946, 0.000728777, 86.1192
4980, 83.00000, 1.88852, 35.8788, 3.69754, -157.12, 2.35828, 13.3617, 0.000785922, 110.656, 0.00267089, -80.6047, 0.000728776, 86.1845
4981, 83.00833, 1.8844, 35.8262, 3.69406, -157.129, 2.35809, 13.4152, 0.00078438, 110.607, 0.00266858, -80.6146, 0.000728775, 86.2494
4981, 83.01667, 1.8803, 35.7738, 3.69059, -157.138, 2.3579, 13.4684, 0.000782844, 110.557, 0.00266628, -80.6245, 0.000728774, 86.3139
4981, 83.02500, 1.87622, 35.7217, 3.68712, -157.147, 2.35771, 13.5212, 0.000781314, 110.508, 0.00266398, -80.6343, 0.000728773, 86.378
4982, 83.03333, 1.87216, 35.6697, 3.68366, -157.156, 2.35751, 13.5737, 0.00077979, 110.459, 0.00266169, -80.644, 0.000728773, 86.4417
4983, 83.04166, 1.86811, 35.6181, 3.68021, -157.164, 2.35732, 13.6259, 0.000778272, 110.41, 0.0026594, -80.6536, 0.000728773, 86.5051
4983, 83.05000, 1.86408, 35.5666, 3.67676, -157.173, 2.35712, 13.6777, 0.000776759, 110.361, 0.00265712, -80.6631, 0.000728772, 86.5681
4984, 83.05833, 1.86006, 35.5154, 3.67332, -157.181, 2.35693, 13.7292, 0.000775252, 110.313, 0.00265484, -80.6725, 0.000728772, 86.6306
4984, 83.06667, 1.85606, 35.4644, 3.66989, -157.19, 2.35673, 13.7804, 0.000773751, 110.265, 0.00265257, -80.6819, 0.000728772, 86.6928
4985, 83.07500, 1.85208, 35.4136, 3.66646, -157.198, 2.35653, 13.8313, 0.000772256, 110.217, 0.00265029, -80.6911, 0.000728773, 86.7547
4985, 83.08334, 1.84811, 35.3631, 3.66304, -157.206, 2.35633, 13.8818, 0.000770767, 110.169, 0.00264803, -80.7003, 0.000728773, 86.8161
4986, 83.09167, 1.84415, 35.3128, 3.65963, -157.214, 2.35613, 13.932, 0.000769283, 110.122, 0.00264577, -80.7094, 0.000728773, 86.8772
4986, 83.10000, 1.84022, 35.2627, 3.65622, -157.223, 2.35593, 13.9819, 0.000767804, 110.075, 0.00264351, -80.7184, 0.000728773, 86.9379
4987, 83.10833, 1.8363, 35.2128, 3.65281, -157.231, 2.35573, 14.0315, 0.000766332, 110.028, 0.00264126, -80.7273, 0.000728774, 86.9982
4987, 83.11667, 1.83239, 35.1632, 3.64942, -157.238, 2.35552, 14.0808, 0.000764865, 109.981, 0.00263901, -80.7362, 0.000728774, 87.0582
4988, 83.12500, 1.8285, 35.1138, 3.64603, -157.246, 2.35531, 14.1298, 0.000763403, 109.934, 0.00263676, -80.745, 0.000728774, 87.1179
4988, 83.13333, 1.82462, 35.0646, 3.64264, -157.254, 2.35511, 14.1784, 0.000761947, 109.888, 0.00263452, -80.7536, 0.000728774, 87.1771
4989, 83.14167, 1.82076, 35.0156, 3.63926, -157.262, 2.3549, 14.2268, 0.000760497, 109.842, 0.00263228, -80.7622, 0.000728774, 87.2361
4989, 83.15000, 1.81692, 34.9668, 3.63589, -157.27, 2.35469, 14.2748, 0.000759052, 109.796, 0.00263005, -80.7708, 0.000728774, 87.2946
4989, 83.15833, 1.81309, 34.9183, 3.63253, -157.277, 2.35448, 14.3225, 0.000757612, 109.75, 0.00262782, -80.7792, 0.000728774, 87.3528
4990, 83.16666, 1.80928, 34.8699, 3.62916, -157.285, 2.35426, 14.37, 0.000756178, 109.705, 0.0026256, -80.7876, 0.000728774, 87.4107
4991, 83.17500, 1.80548, 34.8218, 3.62581, -157.292, 2.35405, 14.4171, 0.000754749, 109.66, 0.00262338, -80.7959, 0.000728774, 87.4682
4991, 83.18333, 1.80169, 34.7739, 3.62246, -157.3, 2.35383, 14.464, 0.000753326, 109.615, 0.00262116, -80.8041, 0.000728773, 87.5254
4992, 83.19167, 1.79792, 34.7262, 3.61912, -157.307, 2.35361, 14.5105, 0.000751908, 109.57, 0.00261895, -80.8122, 0.000728772, 87.5822
4992, 83.20000, 1.79417, 34.6787, 3.61579, -157.314, 2.35339, 14.5568, 0.000750495, 109.525, 0.00261674, -80.8203, 0.000728771, 87.6387
4993, 83.20834, 1.79043, 34.6314, 3.61246, -157.321, 2.35317, 14.6028, 0.000749088, 109.481, 0.00261454, -80.8283, 0.00072877, 87.6949
4993, 83.21667, 1.7867, 34.5844, 3.60913, -157.329, 2.35295, 14.6485, 0.000747685, 109.437, 0.00261234, -80.8362, 0.000728769, 87.7507
4994, 83.22500, 1.78299, 34.5375, 3.60581, -157.336, 2.35272, 14.6939, 0.000746288, 109.393, 0.00261015, -80.844, 0.000728768, 87.8062
4994, 83.23333, 1.77929, 34.4908, 3.6025, -157.343, 2.35249, 14.739, 0.000744897, 109.349, 0.00260795, -80.8518, 0.000728766, 87.8614
4995, 83.24167, 1.77561, 34.4444, 3.5992, -157.35, 2.35226, 14.7839, 0.00074351, 109.305, 0.00260577, -80.8595, 0.000728764, 87.9163
4995, 83.25000, 1.77194, 34.3981, 3.5959, -157.356, 2.35203, 14.8285, 0.000742129, 109.262, 0.00260358, -80.8671, 0.000728761, 87.9708
4996, 83.25833, 1.76829, 34.352, 3.5926, -157.363, 2.3518, 14.8727, 0.000740753, 109.219, 0.00260141, -80.8747, 0.000728759, 88.025
4996, 83.26667, 1.76465, 34.3062, 3.58931, -157.37, 2.35157, 14.9168, 0.000739382, 109.176, 0.00259923, -80.8821, 0.000728756, 88.0789
4997, 83.27500, 1.76103, 34.2605, 3.58603, -157.377, 2.35133, 14.9605, 0.000738016, 109.133, 0.00259706, -80.8895, 0.000728753, 88.1325
4997, 83.28333, 1.75742, 34.2151, 3.58276, -157.383, 2.35109, 15.004, 0.000736655, 109.091, 0.00259489, -80.8969, 0.000728749, 88.1857
4997, 83.29166, 1.75382, 34.1698, 3.57948, -157.39, 2.35085, 15.0472, 0.000735299, 109.048, 0.00259273, -80.9042, 0.000728745, 88.2387
4998, 83.30000, 1.75024, 34.1247, 3.57622, -157.396, 2.35061, 15.0902, 0.000733948, 109.006, 0.00259057, -80.9114, 0.000728741, 88.2913
4999, 83.30833, 1.74667, 34.0798, 3.57296, -157.403, 2.35036, 15.1329, 0.000732602, 108.964, 0.00258842, -80.9185, 0.000728736, 88.3436
4999, 83.31667, 1.74311, 34.0351, 3.56971, -157.409, 2.35012, 15.1753, 0.000731261, 108.922, 0.00258627, -80.9256, 0.000728731, 88.3957
5000, 83.32500, 1.73957, 33.9907, 3.56646, -157.416, 2.34987, 15.2175, 0.000729925, 108.881, 0.00258412, -80.9325, 0.000728726, 88.4474
5000, 83.33334, 1.73604, 33.9464, 3.56322, -157.422, 2.34962, 15.2594, 0.000728594, 108.839, 0.00258198, -80.9395, 0.00072872, 88.4988
5001, 83.34167, 1.73253, 33.9022, 3.55998, -157.428, 2.34936, 15.301, 0.000727268, 108.798, 0.00257984, -80.9463, 0.000728714, 88.5499
5001, 83.35000, 1.72903, 33.8583, 3.55675, -157.434, 2.34911, 15.3425, 0.000725947, 108.757, 0.00257771, -80.9531, 0.000728707, 88.6008
5002, 83.35833, 1.72554, 33.8146, 3.55353, -157.44, 2.34885, 15.3836, 0.000724631, 108.716, 0.00257558, -80.9599, 0.0007287, 88.6513
5002, 83.36667, 1.72206, 33.771, 3.55031, -157.446, 2.34859, 15.4245, 0.000723319, 108.676, 0.00257345, -80.9665, 0.000728693, 88.7015
5003, 83.37500, 1.7186, 33.7276, 3.5471, -157.452, 2.34833, 15.4652, 0.000722012, 108.635, 0.00257133, -80.9732, 0.000728685, 88.7515
5003, 83.38333, 1.71516, 33.6845, 3.54389, -157.458, 2.34807, 15.5056, 0.00072071, 108.595, 0.00256921, -80.9797, 0.000728676, 88.8011
5004, 83.39167, 1.71172, 33.6415, 3.54069, -157.464, 2.3478, 15.5457, 0.000719413, 108.555, 0.00256709, -80.9862, 0.000728667, 88.8505
5004, 83.40000, 1.7083, 33.5986, 3.5375, -157.47, 2.34753, 15.5857, 0.000718121, 108.515, 0.00256498, -80.9926, 0.000728658, 88.8996
5005, 83.40833, 1.70489, 33.556, 3.53431, -157.476, 2.34726, 15.6253, 0.000716833, 108.475, 0.00256288, -80.9989, 0.000728648, 88.9484
5005, 83.41666, 1.7015, 33.5135, 3.53112, -157.481, 2.34699, 15.6648, 0.00071555, 108.436, 0.00256077, -81.0052, 0.000728638, 88.9969
5005, 83.42500, 1.69811, 33.4713, 3.52794, -157.487, 2.34671, 15.704, 0.000714272, 108.396, 0.00255867, -81.0115, 0.000728627, 89.0452
5006, 83.43333, 1.69474, 33.4292, 3.52477, -157.493, 2.34644, 15.743, 0.000712998, 108.357, 0.00255658, -81.0176, 0.000728615, 89.0932
5007, 83.44167, 1.69139, 33.3872, 3.5216, -157.498, 2.34616, 15.7817, 0.000711729, 108.318, 0.00255449, -81.0237, 0.000728603, 89.1409
5007, 83.45000, 1.68804, 33.3455, 3.51844, -157.504, 2.34587, 15.8202, 0.000710465, 108.279, 0.0025524, -81.0298, 0.000728591, 89.1883
5008, 83.45834, 1.68471, 33.3039, 3.51528, -157.509, 2.34559, 15.8585, 0.000709205, 108.24, 0.00255031, -81.0358, 0.000728578, 89.2355
5008, 83.46667, 1.68139, 33.2625, 3.51213, -157.515, 2.3453, 15.8965, 0.000707949, 108.202, 0.00254823, -81.0417, 0.000728564, 89.2823
5009, 83.47500, 1.67809, 33.2213, 3.50899, -157.52, 2.34501, 15.9344, 0.000706699, 108.164, 0.00254616, -81.0476, 0.00072855, 89.329
5009, 83.48333, 1.67479, 33.1802, 3.50585, -157.525, 2.34472, 15.972, 0.000705452, 108.125, 0.00254409, -81.0534, 0.000728536, 89.3753
5010, 83.49167, 1.67151, 33.1394, 3.50271, -157.531, 2.34443, 16.0093, 0.000704211, 108.087, 0.00254202, -81.0591, 0.00072852, 89.4214
5010, 83.50000, 1.66824, 33.0987, 3.49959, -157.536, 2.34413, 16.0465, 0.000702973, 108.05, 0.00253995, -81.0648, 0.000728505, 89.4673
5011, 83.50833, 1.66499, 33.0581, 3.49646, -157.541, 2.34383, 16.0834, 0.000701741, 108.012, 0.00253789, -81.0705, 0.000728488, 89.5128
5011, 83.51667, 1.66174, 33.0177, 3.49335, -157.546, 2.34353, 16.1201, 0.000700512, 107.975, 0.00253583, -81.0761, 0.000728471, 89.5582
5012, 83.52500, 1.65851, 32.9775, 3.49023, -157.551, 2.34323, 16.1566, 0.000699288, 107.937, 0.00253378, -81.0816, 0.000728454, 89.6032
5012, 83.53333, 1.65529, 32.9375, 3.48713, -157.556, 2.34292, 16.1929, 0.000698069, 107.9, 0.00253173, -81.0871, 0.000728435, 89.6481
5013, 83.54166, 1.65208, 32.8976, 3.48402, -157.561, 2.34262, 16.229, 0.000696853, 107.863, 0.00252968, -81.0925, 0.000728417, 89.6926
5013, 83.55000, 1.64889, 32.8579, 3.48093, -157.566, 2.3423, 16.2649, 0.000695642, 107.826, 0.00252764, -81.0979, 0.000728397, 89.7369
5013, 83.55833, 1.6457, 32.8183, 3.47784, -157.571, 2.34199, 16.3005, 0.000694436, 107.79, 0.0025256, -81.1032, 0.000728377, 89.781
5014, 83.56667, 1.64253, 32.779, 3.47475, -157.576, 2.34168, 16.3359, 0.000693234, 107.753, 0.00252357, -81.1084, 0.000728356, 89.8248
5015, 83.57500, 1.63937, 32.7397, 3.47167, -157.58, 2.34136, 16.3712, 0.000692036, 107.717, 0.00252154, -81.1136, 0.000728335, 89.8684
5015, 83.58334, 1.63622, 32.7007, 3.4686, -157.585, 2.34104, 16.4062, 0.000690842, 107.681, 0.00251951, -81.1188, 0.000728313, 89.9117
5016, 83.59167, 1.63309, 32.6618, 3.46553, -157.59, 2.34071, 16.441, 0.000689653, 107.645, 0.00251748, -81.1239, 0.00072829, 89.9548
5016, 83.60000, 1.62996, 32.623, 3.46247, -157.594, 2.34039, 16.4757, 0.000688468, 107.609, 0.00251546, -81.1289, 0.000728267, 89.9977
5017, 83.60833, 1.62685, 32.5844, 3.45941, -157.599, 2.34006, 16.5101, 0.000687287, 107.573, 0.00251345, -81.1339, 0.000728243, 90.0403
5017, 83.61667, 1.62375, 32.546, 3.45635, -157.603, 2.33973, 16.5443, 0.00068611, 107.538, 0.00251143, -81.1389, 0.000728218, 90.0827
5018, 83.62500, 1.62066, 32.5077, 3.45331, -157.608, 2.3394, 16.5783, 0.000684937, 107.502, 0.00250943, -81.1438, 0.000728193, 90.1248
5018, 83.63333, 1.61758, 32.4696, 3.45026, -157.612, 2.33906, 16.6121, 0.000683769, 107.467, 0.00250742, -81.1486, 0.000728167, 90.1667
5019, 83.64167, 1.61451, 32.4316, 3.44722, -157.617, 2.33872, 16.6458, 0.000682604, 107.432, 0.00250542, -81.1534, 0.000728141, 90.2084
5019, 83.65000, 1.61145, 32.3938, 3.44419, -157.621, 2.33838, 16.6792, 0.000681444, 107.397, 0.00250342, -81.1581, 0.000728113, 90.2499
5020, 83.65833, 1.60841, 32.3562, 3.44117, -157.625, 2.33804, 16.7125, 0.000680288, 107.362, 0.00250142, -81.1628, 0.000728085, 90.2911
5020, 83.66666, 1.60537, 32.3187, 3.43814, -157.63, 2.33769, 16.7455, 0.000679136, 107.328, 0.00249943, -81.1675, 0.000728057, 90.3321
5021, 83.67500, 1.60235, 32.2813, 3.43513, -157.634, 2.33734, 16.7784, 0.000677988, 107.293, 0.00249744, -81.1721, 0.000728027, 90.3729
5021, 83.68333, 1.59934, 32.2441, 3.43211, -157.638, 2.33699, 16.811, 0.000676844, 107.259, 0.00249546, -81.1766, 0.000727997, 90.4134
5021, 83.69167, 1.59634, 32.2071, 3.42911, -157.642, 2.33664, 16.8435, 0.000675704, 107.225, 0.00249348, -81.1811, 0.000727966, 90.4538
5022, 83.70000, 1.59335, 32.1702, 3.42611, -157.646, 2.33628, 16.8758, 0.000674568, 107.191, 0.0024915, -81.1856, 0.000727935, 90.4939
5023, 83.70834, 1.59037, 32.1334, 3.42311, -157.65, 2.33592, 16.908, 0.000673436, 107.157, 0.00248953, -81.19, 0.000727902, 90.5338
5023, 83.71667, 1.5874, 32.0968, 3.42012, -157.654, 2.33556, 16.9399, 0.000672308, 107.123, 0.00248756, -81.1944, 0.00072787, 90.5735
5024, 83.72500, 1.58445, 32.0603, 3.41713, -157.658, 2.3352, 16.9716, 0.000671184, 107.09, 0.00248559, -81.1987, 0.000727836, 90.6129
5024, 83.73333, 1.5815, 32.024, 3.41415, -157.662, 2.33483, 17.0032, 0.000670064, 107.056, 0.00248363, -81.2029, 0.000727801, 90.6522
5025, 83.74167, 1.57857, 31.9878, 3.41118, -157.666, 2.33446, 17.0346, 0.000668948, 107.023, 0.00248167, -81.2072, 0.000727766, 90.6912
5025, 83.75000, 1.57564, 31.9518, 3.4082, -157.67, 2.33409, 17.0658, 0.000667835, 106.99, 0.00247971, -81.2113, 0.000727731, 90.7301
5026, 83.75833, 1.57273, 31.9159, 3.40524, -157.674, 2.33372, 17.0969, 0.000666727, 106.957, 0.00247776, -81.2155, 0.000727694, 90.7687
5026, 83.76667, 1.56982, 31.8802, 3.40228, -157.678, 2.33334, 17.1277, 0.000665622, 106.924, 0.00247581, -81.2195, 0.000727657, 90.8071
5027, 83.77500, 1.56693, 31.8446, 3.39932, -157.682, 2.33296, 17.1584, 0.000664521, 106.891, 0.00247386, -81.2236, 0.000727619, 90.8453
5027, 83.78333, 1.56405, 31.8091, 3.39637, -157.685, 2.33258, 17.189, 0.000663424, 106.859, 0.00247192, -81.2276, 0.00072758, 90.8833
5028, 83.79166, 1.56118, 31.7738, 3.39342, -157.689, 2.3322, 17.2193, 0.000662331, 106.826, 0.00246998, -81.2315, 0.00072754, 90.9211
5028, 83.80000, 1.55832, 31.7386, 3.39048, -157.693, 2.33181, 17.2495, 0.000661242, 106.794, 0.00246804, -81.2355, 0.0007275, 90.9587
5029, 83.80833, 1.55547, 31.7036, 3.38755, -157.696, 2.33142, 17.2795, 0.000660156, 106.762, 0.00246611, -81.2393, 0.000727459, 90.9961
5029, 83.81667, 1.55262, 31.6687, 3.38461, -157.7, 2.33103, 17.3093, 0.000659074, 106.73, 0.00246418, -81.2431, 0.000727417, 91.0333
5029, 83.82500, 1.54979, 31.6339, 3.38169, -157.703, 2.33063, 17.339, 0.000657996, 106.698, 0.00246225, -81.2469, 0.000727375, 91.0703
5030, 83.83334, 1.54697, 31.5993, 3.37877, -157.707, 2.33024, 17.3685, 0.000656921, 106.666, 0.00246033, -81.2507, 0.000727331, 91.1071
5031, 83.84167, 1.54416, 31.5648, 3.37585, -157.71, 2.32984, 17.3979, 0.000655851, 106.635, 0.00245841, -81.2544, 0.000727287, 91.1438
5031, 83.85000, 1.54136, 31.5304, 3.37294, -157.714, 2.32943, 17.4271, 0.000654784, 106.603, 0.00245649, -81.258, 0.000727243, 91.1802
5032, 83.85833, 1.53857, 31.4962, 3.37003, -157.717, 2.32903, 17.4561, 0.00065372, 106.572, 0.00245458, -81.2616, 0.000727197, 91.2164
5032, 83.86667, 1.53579, 31.4621, 3.36713, -157.72, 2.32862, 17.485, 0.00065266, 106.541, 0.00245267, -81.2652, 0.000727151, 91.2525
5033, 83.87500, 1.53302, 31.4281, 3.36423, -157.724, 2.32821, 17.5137, 0.000651604, 106.51, 0.00245077, -81.2688, 0.000727104, 91.2883
5033, 83.88333, 1.53026, 31.3943, 3.36134, -157.727, 2.3278, 17.5422, 0.000650552, 106.479, 0.00244886, -81.2722, 0.000727056, 91.324
5034, 83.89167, 1.52751, 31.3606, 3.35845, -157.73, 2.32738, 17.5706, 0.000649502, 106.448, 0.00244696, -81.2757, 0.000727007, 91.3595
5034, 83.90000, 1.52477, 31.327, 3.35557, -157.733, 2.32697, 17.5988, 0.000648457, 106.417, 0.00244507, -81.2791, 0.000726958, 91.3947
5035, 83.90833, 1.52204, 31.2936, 3.35269, -157.737, 2.32655, 17.6269, 0.000647415, 106.387, 0.00244317, -81.2825, 0.000726908, 91.4299
5035, 83.91666, 1.51932, 31.2603, 3.34981, -157.74, 2.32612, 17.6548, 0.000646377, 106.356, 0.00244128, -81.2858, 0.000726857, 91.4648
5036, 83.92500, 1.51661, 31.2271, 3.34694, -157.743, 2.3257, 17.6826, 0.000645342, 106.326, 0.0024394, -81.2891, 0.000726805, 91.4995
5036, 83.93333, 1.51391, 31.194, 3.34408, -157.746, 2.32527, 17.7102, 0.000644311, 106.296, 0.00243751, -81.2924, 0.000726752, 91.5341
5037, 83.94167, 1.51121, 31.1611, 3.34122, -157.749, 2.32484, 17.7377, 0.000643283, 106.266, 0.00243563, -81.2956, 0.000726699, 91.5685
5037, 83.95000, 1.50853, 31.1283, 3.33837, -157.752, 2.32441, 17.765, 0.000642259, 106.236, 0.00243376, -81.2988, 0.000726645, 91.6027
5037, 83.95834, 1.50586, 31.0956, 3.33552, -157.755, 2.32397, 17.7922, 0.000641238, 106.206, 0.00243188, -81.3019, 0.00072659, 91.6367
5038, 83.96667, 1.5032, 31.0631, 3.33267, -157.758, 2.32353, 17.8192, 0.00064022, 106.177, 0.00243001, -81.3051, 0.000726535, 91.6706
5039, 83.97500, 1.50054, 31.0306, 3.32983, -157.761, 2.32309, 17.8461, 0.000639206, 106.147, 0.00242814, -81.3081, 0.000726478, 91.7043
5039, 83.98333, 1.4979, 30.9983, 3.32699, -157.764, 2.32265, 17.8728, 0.000638196, 106.118, 0.00242628, -81.3112, 0.000726421, 91.7378
5040, 83.99167, 1.49526, 30.9662, 3.32416, -157.767, 2.3222, 17.8994, 0.000637189, 106.088, 0.00242442, -81.3142, 0.000726363, 91.7711
5040, 84.00000, 1.49263, 30.9341, 3.32133, -157.769, 2.32175, 17.9259, 0.000636185, 106.059, 0.00242256, -81.3171, 0.000726304, 91.8043
5041, 84.00833, 1.49002, 30.9022, 3.31851, -157.772, 2.3213, 17.9522, 0.000635185, 106.03, 0.00242071, -81.3201, 0.000726245, 91.8373
5041, 84.01667, 1.48741, 30.8703, 3.31569, -157.775, 2.32085, 17.9784, 0.000634188, 106.001, 0.00241885, -81.323, 0.000726185, 91.8701
5042, 84.02500, 1.48481, 30.8387, 3.31288, -157.778, 2.32039, 18.0044, 0.000633194, 105.973, 0.002417, -81.3258, 0.000726123, 91.9028
5042, 84.03333, 1.48222, 30.8071, 3.31007, -157.78, 2.31993, 18.0303, 0.000632203, 105.944, 0.00241516, -81.3286, 0.000726062, 91.9353
5043, 84.04166, 1.47964, 30.7756, 3.30726, -157.783, 2.31947, 18.056, 0.000631216, 105.915, 0.00241332, -81.3314, 0.000725999, 91.9676
5043, 84.05000, 1.47707, 30.7443, 3.30446, -157.786, 2.31901, 18.0816, 0.000630233, 105.887, 0.00241148, -81.3342, 0.000725936, 91.9998
5044, 84.05833, 1.47451, 30.7131, 3.30167, -157.788, 2.31854, 18.1071, 0.000629252, 105.859, 0.00240964, -81.3369, 0.000725871, 92.0318
5044, 84.06667, 1.47195, 30.682, 3.29888, -157.791, 2.31807, 18.1324, 0.000628275, 105.83, 0.00240781, -81.3396, 0.000725806, 92.0637
5045, 84.07500, 1.46941, 30.651, 3.29609, -157.793, 2.3176, 18.1576, 0.000627301, 105.802, 0.00240598, -81.3422, 0.00072574, 92.0953
5045, 84.08334, 1.46687, 30.6201, 3.29331, -157.796, 2.31713, 18.1827, 0.00062633, 105.774, 0.00240415, -81.3449, 0.000725674, 92.1269
5045, 84.09167, 1.46434, 30.5894, 3.29053, -157.798, 2.31665, 18.2077, 0.000625362, 105.746, 0.00240232, -81.3474, 0.000725606, 92.1582
5046, 84.10000, 1.46183, 30.5587, 3.28776, -157.801, 2.31617, 18.2325, 0.000624398, 105.719, 0.0024005, -81.35, 0.000725538, 92.1895
5047, 84.10833, 1.45932, 30.5282, 3.28499, -157.803, 2.31569, 18.2571, 0.000623437, 105.691, 0.00239869, -81.3525, 0.000725469, 92.2205
5047, 84.11667, 1.45681, 30.4978, 3.28222, -157.806, 2.31521, 18.2817, 0.000622479, 105.664, 0.00239687, -81.355, 0.0007254, 92.2514
5048, 84.12500, 1.45432, 30.4675, 3.27946, -157.808, 2.31472, 18.3061, 0.000621524, 105.636, 0.00239506, -81.3575, 0.000725329, 92.2822
5048, 84.13333, 1.45184, 30.4373, 3.2767, -157.81, 2.31423, 18.3304, 0.000620572, 105.609, 0.00239325, -81.3599, 0.000725258, 92.3128
5049, 84.14167, 1.44936, 30.4072, 3.27395, -157.813, 2.31374, 18.3546, 0.000619624, 105.582, 0.00239144, -81.3623, 0.000725186, 92.3432
5049, 84.15000, 1.4469, 30.3773, 3.27121, -157.815, 2.31325, 18.3786, 0.000618678, 105.555, 0.00238964, -81.3646, 0.000725113, 92.3735
5050, 84.15833, 1.44444, 30.3474, 3.26846, -157.817, 2.31275, 18.4025, 0.000617736, 105.528, 0.00238784, -81.367, 0.000725039, 92.4037
5050, 84.16666, 1.44199, 30.3177, 3.26572, -157.82, 2.31225, 18.4263, 0.000616797, 105.501, 0.00238604, -81.3692, 0.000724964, 92.4337
5051, 84.17500, 1.43955, 30.288, 3.26299, -157.822, 2.31175, 18.45, 0.000615861, 105.474, 0.00238425, -81.3715, 0.000724889, 92.4635
5051, 84.18333, 1.43711, 30.2585, 3.26026, -157.824, 2.31125, 18.4735, 0.000614928, 105.447, 0.00238245, -81.3737, 0.000724813, 92.4932
5052, 84.19167, 1.43469, 30.2291, 3.25753, -157.826, 2.31074, 18.4969, 0.000613997, 105.421, 0.00238066, -81.376, 0.000724736, 92.5228
5052, 84.20000, 1.43227, 30.1998, 3.25481, -157.828, 2.31024, 18.5202, 0.000613071, 105.395, 0.00237888, -81.3781, 0.000724659, 92.5522
5053, 84.20834, 1.42987, 30.1706, 3.25209, -157.831, 2.30972, 18.5434, 0.000612147, 105.368, 0.0023771, -81.3803, 0.00072458, 92.5815
5053, 84.21667, 1.42747, 30.1415, 3.24938, -157.833, 2.30921, 18.5665, 0.000611225, 105.342, 0.00237532, -81.3824, 0.000724501, 92.6106
5053, 84.22500, 1.42507, 30.1125, 3.24667, -157.835, 2.3087, 18.5894, 0.000610307, 105.316, 0.00237354, -81.3845, 0.000724421, 92.6396
5054, 84.23333, 1.42269, 30.0836, 3.24397, -157.837, 2.30818, 18.6122, 0.000609393, 105.29, 0.00237176, -81.3865, 0.00072434, 92.6685
5055, 84.24167, 1.42031, 30.0549, 3.24126, -157.839, 2.30766, 18.635, 0.00060848, 105.264, 0.00236999, -81.3886, 0.000724259, 92.6972
5055, 84.25000, 1.41795, 30.0262, 3.23857, -157.841, 2.30713, 18.6576, 0.000607571, 105.238, 0.00236822, -81.3906, 0.000724176, 92.7257
5056, 84.25833, 1.41559, 29.9976, 3.23588, -157.843, 2.30661, 18.68, 0.000606665, 105.213, 0.00236646, -81.3925, 0.000724093, 92.7542
5056, 84.26667, 1.41324, 29.9692, 3.23319, -157.845, 2.30608, 18.7024, 0.000605762, 105.187, 0.00236469, -81.3945, 0.000724009, 92.7825
5057, 84.27500, 1.41089, 29.9408, 3.2305, -157.847, 2.30555, 18.7246, 0.000604862, 105.162, 0.00236293, -81.3964, 0.000723925, 92.8106
5057, 84.28333, 1.40856, 29.9126, 3.22782, -157.848, 2.30502, 18.7468, 0.000603964, 105.136, 0.00236118, -81.3983, 0.000723839, 92.8387
5058, 84.29166, 1.40623, 29.8844, 3.22515, -157.85, 2.30448, 18.7688, 0.00060307, 105.111, 0.00235942, -81.4001, 0.000723753, 92.8666
5058, 84.30000, 1.40391, 29.8563, 3.22247, -157.852, 2.30395, 18.7907, 0.000602178, 105.086, 0.00235767, -81.402, 0.000723666, 92.8943
5059, 84.30833, 1.4016, 29.8284, 3.21981, -157.854, 2.30341, 18.8125, 0.000601289, 105.061, 0.00235592, -81.4038, 0.000723578, 92.922
5059, 84.31667, 1.39929, 29.8005, 3.21714, -157.856, 2.30287, 18.8342, 0.000600403, 105.036, 0.00235417, -81.4055, 0.00072349, 92.9495
5060, 84.32500, 1.397, 29.7728, 3.21448, -157.858, 2.30232, 18.8558, 0.00059952, 105.011, 0.00235243, -81.4073, 0.0007234, 92.9768
5060, 84.33334, 1.39471, 29.7451, 3.21183, -157.859, 2.30178, 18.8773, 0.00059864, 104.986, 0.00235069, -81.409, 0.00072331, 93.0041
5061, 84.34167, 1.39243, 29.7176, 3.20917, -157.861, 2.30123, 18.8986, 0.000597763, 104.961, 0.00234895, -81.4107, 0.000723219, 93.0312
5061, 84.35000, 1.39016, 29.6901, 3.20653, -157.863, 2.30067, 18.9199, 0.000596888, 104.937, 0.00234721, -81.4124, 0.000723128, 93.0581
5061, 84.35833, 1.38789, 29.6628, 3.20388, -157.865, 2.30012, 18.9411, 0.000596016, 104.912, 0.00234548, -81.414, 0.000723035, 93.085
5062, 84.36667, 1.38563, 29.6355, 3.20124, -157.866, 2.29957, 18.9621, 0.000595147, 104.888, 0.00234375, -81.4156, 0.000722942, 93.1117
5063, 84.37500, 1.38338, 29.6083, 3.19861, -157.868, 2.29901, 18.983, 0.000594281, 104.864, 0.00234202, -81.4172, 0.000722848, 93.1383
5063, 84.38333, 1.38114, 29.5813, 3.19598, -157.87, 2.29845, 19.0039, 0.000593417, 104.84, 0.0023403, -81.4188, 0.000722753, 93.1648
5064, 84.39167, 1.3789, 29.5543, 3.19335, -157.871, 2.29788, 19.0246, 0.000592556, 104.815, 0.00233858, -81.4203, 0.000722658, 93.1912
5064, 84.40000, 1.37667, 29.5274, 3.19072, -157.873, 2.29732, 19.0453, 0.000591698, 104.791, 0.00233686, -81.4218, 0.000722561, 93.2174
5065, 84.40833, 1.37445, 29.5006, 3.1881, -157.874, 2.29675, 19.0658, 0.000590843, 104.768, 0.00233514, -81.4233, 0.000722464, 93.2435
5065, 84.41666, 1.37224, 29.4739, 3.18549, -157.876, 2.29618, 19.0862, 0.00058999, 104.744, 0.00233343, -81.4248, 0.000722367, 93.2695
5066, 84.42500, 1.37003, 29.4473, 3.18287, -157.877, 2.29561, 19.1066, 0.00058914, 104.72, 0.00233172, -81.4262, 0.000722268, 93.2954
5066, 84.43333, 1.36784, 29.4208, 3.18027, -157.879, 2.29504, 19.1268, 0.000588293, 104.696, 0.00233001, -81.4276, 0.000722169, 93.3211
5066, 84.44167, 1.36564, 29.3944, 3.17766, -157.88, 2.29446, 19.1469, 0.000587448, 104.673, 0.0023283, -81.429, 0.000722068, 93.3467
5067, 84.45000, 1.36346, 29.3681, 3.17506, -157.882, 2.29388, 19.167, 0.000586606, 104.649, 0.0023266, -81.4304, 0.000721968, 93.3723
5068, 84.45834, 1.36128, 29.3419, 3.17246, -157.883, 2.2933, 19.1869, 0.000585767, 104.626, 0.0023249, -81.4317, 0.000721866, 93.3976
5068, 84.46667, 1.35911, 29.3158, 3.16987, -157.885, 2.29272, 19.2067, 0.00058493, 104.603, 0.0023232, -81.4331, 0.000721764, 93.4229
5069, 84.47500, 1.35695, 29.2897, 3.16728, -157.886, 2.29213, 19.2265, 0.000584096, 104.58, 0.0023215, -81.4344, 0.000721661, 93.4481
5069, 84.48333, 1.3548, 29.2638, 3.1647, -157.887, 2.29154, 19.2461, 0.000583265, 104.557, 0.00231981, -81.4356, 0.000721557, 93.4731
5069, 84.49167, 1.35265, 29.2379, 3.16211, -157.889, 2.29095, 19.2657, 0.000582436, 104.534, 0.00231812, -81.4369, 0.000721452, 93.4981
5070, 84.50000, 1.35051, 29.2122, 3.15954, -157.89, 2.29036, 19.2851, 0.00058161, 104.511, 0.00231643, -81.4381, 0.000721347, 93.5229
5071, 84.50833, 1.34837, 29.1865, 3.15696, -157.891, 2.28977, 19.3045, 0.000580786, 104.488, 0.00231474, -81.4393, 0.00072124, 93.5476
5071, 84.51667, 1.34624, 29.1609, 3.15439, -157.893, 2.28917, 19.3238, 0.000579965, 104.465, 0.00231306, -81.4405, 0.000721134, 93.5722
5072, 84.52500, 1.34412, 29.1354, 3.15182, -157.894, 2.28857, 19.3429, 0.000579147, 104.443, 0.00231138, -81.4416, 0.000721026, 93.5967
5072, 84.53333, 1.34201, 29.11, 3.14926, -157.895, 2.28797, 19.362, 0.000578331, 104.42, 0.0023097, -81.4428, 0.000720918, 93.621
5073, 84.54166, 1.3399, 29.0846, 3.1467, -157.897, 2.28737, 19.381, 0.000577517, 104.398, 0.00230803, -81.4439, 0.000720808, 93.6453
5073, 84.55000, 1.3378, 29.0594, 3.14415, -157.898, 2.28676, 19.3999, 0.000576706, 104.375, 0.00230635, -81.445, 0.000720699, 93.6695
5074, 84.55833, 1.33571, 29.0342, 3.14159, -157.899, 2.28616, 19.4187, 0.000575898, 104.353, 0.00230468, -81.446, 0.000720588, 93.6935
5074, 84.56667, 1.33362, 29.0092, 3.13905, -157.9, 2.28555, 19.4375, 0.000575092, 104.331, 0.00230302, -81.4471, 0.000720477, 93.7175
5074, 84.57500, 1.33155, 28.9842, 3.1365, -157.901, 2.28494, 19.4561, 0.000574288, 104.309, 0.00230135, -81.4481, 0.000720365, 93.7413
5075, 84.58334, 1.32947, 28.9593, 3.13396, -157.903, 2.28432, 19.4746, 0.000573487, 104.287, 0.00229969, -81.4491, 0.000720252, 93.765
5076, 84.59167, 1.32741, 28.9345, 3.13142, -157.904, 2.28371, 19.4931, 0.000572689, 104.265, 0.00229803, -81.4501, 0.000720138, 93.7886
5076, 84.60000, 1.32535, 28.9098, 3.12889, -157.905, 2.28309, 19.5115, 0.000571893, 104.243, 0.00229637, -81.451, 0.000720024, 93.8121
5077, 84.60833, 1.3233, 28.8851, 3.12636, -157.906, 2.28247, 19.5297, 0.000571099, 104.221, 0.00229471, -81.452, 0.000719909, 93.8356
5077, 84.61667, 1.32125, 28.8606, 3.12383, -157.907, 2.28185, 19.5479, 0.000570308, 104.199, 0.00229306, -81.4529, 0.000719793, 93.8589
5078, 84.62500, 1.31921, 28.8361, 3.12131, -157.908, 2.28122, 19.566, 0.000569519, 104.178, 0.00229141, -81.4538, 0.000719677, 93.8821
5078, 84.63333, 1.31718, 28.8117, 3.11879, -157.909, 2.28059, 19.5841, 0.000568733, 104.156, 0.00228976, -81.4547, 0.000719559, 93.9052
5079, 84.64167, 1.31515, 28.7874, 3.11628, -157.91, 2.27997, 19.602, 0.000567949, 104.135, 0.00228812, -81.4555, 0.000719441, 93.9282
5079, 84.65000, 1.31313, 28.7632, 3.11376, -157.911, 2.27934, 19.6199, 0.000567168, 104.113, 0.00228647, -81.4564, 0.000719323, 93.9511
5080, 84.65833, 1.31112, 28.739, 3.11126, -157.912, 2.2787, 19.6376, 0.000566389, 104.092, 0.00228483, -81.4572, 0.000719203, 93.9739
5080, 84.66666, 1.30911, 28.7149, 3.10875, -157.913, 2.27807, 19.6553, 0.000565612, 104.071, 0.00228319, -81.458, 0.000719083, 93.9966
5081, 84.67500, 1.30711, 28.691, 3.10625, -157.914, 2.27743, 19.6729, 0.000564837, 104.05, 0.00228156, -81.4588, 0.000718962, 94.0192
5081, 84.68333, 1.30512, 28.6671, 3.10375, -157.915, 2.27679, 19.6905, 0.000564065, 104.029, 0.00227992, -81.4595, 0.000718841, 94.0417
5082, 84.69167, 1.30313, 28.6432, 3.10126, -157.916, 2.27615, 19.7079, 0.000563296, 104.008, 0.00227829, -81.4603, 0.000718719, 94.0641
5082, 84.70000, 1.30115, 28.6195, 3.09877, -157.917, 2.27551, 19.7253, 0.000562528, 103.987, 0.00227666, -81.461, 0.000718596, 94.0864
5082, 84.70834, 1.29917, 28.5958, 3.09628, -157.918, 2.27486, 19.7425, 0.000561763, 103.966, 0.00227503, -81.4617, 0.000718472, 94.1086
5083, 84.71667, 1.29721, 28.5722, 3.0938, -157.919, 2.27422, 19.7598, 0.000561001, 103.945, 0.00227341, -81.4623, 0.000718348, 94.1307
5084, 84.72500, 1.29524, 28.5487, 3.09132, -157.92, 2.27357, 19.7769, 0.00056024, 103.925, 0.00227179, -81.463, 0.000718223, 94.1528
5084, 84.73333, 1.29329, 28.5253, 3.08884, -157.92, 2.27292, 19.7939, 0.000559482, 103.904, 0.00227017, -81.4636, 0.000718097, 94.1747
5085, 84.74167, 1.29134, 28.502, 3.08636, -157.921, 2.27226, 19.8109, 0.000558726, 103.884, 0.00226855, -81.4643, 0.00071797, 94.1965
5085, 84.75000, 1.28939, 28.4787, 3.08389, -157.922, 2.27161, 19.8278, 0.000557973, 103.863, 0.00226694, -81.4649, 0.000717843, 94.2183
5086, 84.75833, 1.28746, 28.4555, 3.08143, -157.923, 2.27095, 19.8446, 0.000557222, 103.843, 0.00226532, -81.4655, 0.000717715, 94.2399
5086, 84.76667, 1.28553, 28.4324, 3.07896, -157.924, 2.27029, 19.8613, 0.000556473, 103.823, 0.00226371, -81.466, 0.000717587, 94.2615
5087, 84.77500, 1.2836, 28.4093, 3.0765, -157.924, 2.26963, 19.878, 0.000555726, 103.803, 0.0022621, -81.4666, 0.000717457, 94.2829
5087, 84.78333, 1.28168, 28.3864, 3.07405, -157.925, 2.26897, 19.8946, 0.000554982, 103.782, 0.0022605, -81.4671, 0.000717327, 94.3043
5088, 84.79166, 1.27977, 28.3635, 3.07159, -157.926, 2.2683, 19.9111, 0.000554239, 103.762, 0.00225889, -81.4676, 0.000717197, 94.3256
5088, 84.80000, 1.27786, 28.3407, 3.06915, -157.927, 2.26764, 19.9275, 0.000553499, 103.742, 0.00225729, -81.4681, 0.000717065, 94.3468
5089, 84.80833, 1.27596, 28.3179, 3.0667, -157.927, 2.26697, 19.9439, 0.000552761, 103.723, 0.00225569, -81.4686, 0.000716933, 94.3679
5089, 84.81667, 1.27407, 28.2953, 3.06426, -157.928, 2.2663, 19.9602, 0.000552026, 103.703, 0.0022541, -81.469, 0.0007168, 94.3889
5090, 84.82500, 1.27218, 28.2727, 3.06182, -157.929, 2.26562, 19.9764, 0.000551292, 103.683, 0.0022525, -81.4695, 0.000716667, 94.4098
5090, 84.83334, 1.27029, 28.2502, 3.05938, -157.929, 2.26495, 19.9925, 0.000550561, 103.663, 0.00225091, -81.4699, 0.000716533, 94.4307
5090, 84.84167, 1.26842, 28.2277, 3.05695, -157.93, 2.26427, 20.0086, 0.000549832, 103.644, 0.00224932, -81.4703, 0.000716398, 94.4514
5091, 84.85000, 1.26654, 28.2053, 3.05452, -157.931, 2.2636, 20.0246, 0.000549105, 103.624, 0.00224773, -81.4707, 0.000716262, 94.4721
5092, 84.85833, 1.26468, 28.183, 3.05209, -157.931, 2.26292, 20.0405, 0.00054838, 103.605, 0.00224615, -81.4711, 0.000716126, 94.4927
5092, 84.86667, 1.26282, 28.1608, 3.04967, -157.932, 2.26223, 20.0564, 0.000547658, 103.585, 0.00224456, -81.4714, 0.000715989, 94.5131
5093, 84.87500, 1.26097, 28.1387, 3.04725, -157.933, 2.26155, 20.0721, 0.000546937, 103.566, 0.00224298, -81.4718, 0.000715852, 94.5336
5093, 84.88333, 1.25912, 28.1166, 3.04483, -157.933, 2.26086, 20.0878, 0.000546219, 103.547, 0.0022414, -81.4721, 0.000715714, 94.5539
5094, 84.89167, 1.25727, 28.0946, 3.04242, -157.934, 2.26017, 20.1035, 0.000545503, 103.528, 0.00223983, -81.4724, 0.000715575, 94.5741
5094, 84.90000, 1.25544, 28.0726, 3.04001, -157.934, 2.25949, 20.1191, 0.000544789, 103.509, 0.00223825, -81.4727, 0.000715435, 94.5943
5095, 84.90833, 1.25361, 28.0508, 3.0376, -157.935, 2.25879, 20.1346, 0.000544077, 103.49, 0.00223668, -81.4729, 0.000715295, 94.6143
5095, 84.91666, 1.25178, 28.029, 3.0352, -157.935, 2.2581, 20.15, 0.000543367, 103.471, 0.00223511, -81.4732, 0.000715154, 94.6343
5096, 84.92500, 1.24996, 28.0072, 3.0328, -157.936, 2.25741, 20.1654, 0.000542659, 103.452, 0.00223354, -81.4734, 0.000715013, 94.6543
5096, 84.93333, 1.24815, 27.9856, 3.0304, -157.936, 2.25671, 20.1807, 0.000541953, 103.433, 0.00223197, -81.4737, 0.00071487, 94.6741
5097, 84.94167, 1.24634, 27.964, 3.028, -157.937, 2.25601, 20.1959, 0.000541249, 103.414, 0.00223041, -81.4739, 0.000714728, 94.6938
5097, 84.95000, 1.24454, 27.9425, 3.02561, -157.937, 2.25531, 20.2111, 0.000540548, 103.396, 0.00222885, -81.4741, 0.000714584, 94.7135
5098, 84.95834, 1.24274, 27.921, 3.02323, -157.938, 2.25461, 20.2262, 0.000539848, 103.377, 0.00222729, -81.4742, 0.00071444, 94.7331
5098, 84.96667, 1.24095, 27.8996, 3.02084, -157.938, 2.2539, 20.2412, 0.000539151, 103.358, 0.00222573, -81.4744, 0.000714295, 94.7526
5098, 84.97500, 1.23916, 27.8783, 3.01846, -157.939, 2.2532, 20.2562, 0.000538455, 103.34, 0.00222418, -81.4745, 0.00071415, 94.772
5099, 84.98333, 1.23738, 27.8571, 3.01608, -157.939, 2.25249, 20.2711, 0.000537762, 103.322, 0.00222262, -81.4747, 0.000714003, 94.7914
5100, 84.99167, 1.23561, 27.8359, 3.01371, -157.94, 2.25178, 20.2859, 0.00053707, 103.303, 0.00222107, -81.4748, 0.000713857, 94.8107
5100, 85.00000, 1.23384, 27.8148, 3.01134, -157.94, 2.25107, 20.3007, 0.000536381, 103.285, 0.00221952, -81.4749, 0.000713709, 94.8298
5101, 85.00833, 1.23207, 27.7937, 3.00897, -157.94, 2.25035, 20.3154, 0.000535694, 103.267, 0.00221798, -81.475, 0.000713561, 94.849
5101, 85.01667, 1.23031, 27.7727, 3.0066, -157.941, 2.24964, 20.3301, 0.000535008, 103.249, 0.00221643, -81.475, 0.000713412, 94.868
5102, 85.02500, 1.22856, 27.7518, 3.00424, -157.941, 2.24892, 20.3446, 0.000534325, 103.23, 0.00221489, -81.4751, 0.000713263, 94.887
5102, 85.03333, 1.22681, 27.731, 3.00188, -157.941, 2.2482, 20.3592, 0.000533643, 103.212, 0.00221335, -81.4751, 0.000713113, 94.9059
5103, 85.04166, 1.22507, 27.7102, 2.99952, -157.942, 2.24748, 20.3736, 0.000532964, 103.195, 0.00221181, -81.4752, 0.000712962, 94.9247
5103, 85.05000, 1.22333, 27.6895, 2.99717, -157.942, 2.24676, 20.388, 0.000532286, 103.177, 0.00221027, -81.4752, 0.000712811, 94.9434
5104, 85.05833, 1.2216, 27.6688, 2.99482, -157.942, 2.24604, 20.4024, 0.000531611, 103.159, 0.00220874, -81.4752, 0.000712659, 94.9621
5104, 85.06667, 1.21987, 27.6482, 2.99247, -157.943, 2.24531, 20.4166, 0.000530937, 103.141, 0.0022072, -81.4751, 0.000712506, 94.9807
5105, 85.07500, 1.21815, 27.6277, 2.99013, -157.943, 2.24458, 20.4308, 0.000530266, 103.123, 0.00220567, -81.4751, 0.000712353, 94.9992
5105, 85.08334, 1.21643, 27.6073, 2.98779, -157.943, 2.24386, 20.445, 0.000529596, 103.106, 0.00220415, -81.4751, 0.000712199, 95.0177
5106, 85.09167, 1.21472, 27.5869, 2.98545, -157.944, 2.24313, 20.4591, 0.000528928, 103.088, 0.00220262, -81.475, 0.000712045, 95.036
5106, 85.10000, 1.21302, 27.5665, 2.98311, -157.944, 2.24239, 20.4731, 0.000528262, 103.071, 0.00220109, -81.4749, 0.00071189, 95.0544
5106, 85.10833, 1.21132, 27.5463, 2.98078, -157.944, 2.24166, 20.4871, 0.000527598, 103.053, 0.00219957, -81.4748, 0.000711734, 95.0726
5107, 85.11667, 1.20962, 27.5261, 2.97845, -157.944, 2.24092, 20.501, 0.000526936, 103.036, 0.00219805, -81.4747, 0.000711578, 95.0908
5108, 85.12500, 1.20793, 27.5059, 2.97612, -157.945, 2.24019, 20.5149, 0.000526276, 103.019, 0.00219653, -81.4746, 0.000711421, 95.1088
5108, 85.13333, 1.20624, 27.4858, 2.9738, -157.945, 2.23945, 20.5287, 0.000525618, 103.001, 0.00219502, -81.4745, 0.000711264, 95.1269
5109, 85.14167, 1.20456, 27.4658, 2.97148, -157.945, 2.23871, 20.5424, 0.000524961, 102.984, 0.0021935, -81.4743, 0.000711105, 95.1448
5109, 85.15000, 1.20289, 27.4459, 2.96916, -157.945, 2.23796, 20.5561, 0.000524306, 102.967, 0.00219199, -81.4742, 0.000710947, 95.1627
5110, 85.15833, 1.20122, 27.426, 2.96685, -157.945, 2.23722, 20.5697, 0.000523654, 102.95, 0.00219048, -81.474, 0.000710787, 95.1805
5110, 85.16666, 1.19955, 27.4061, 2.96454, -157.946, 2.23647, 20.5833, 0.000523003, 102.933, 0.00218897, -81.4738, 0.000710627, 95.1983
5111, 85.17500, 1.19789, 27.3864, 2.96223, -157.946, 2.23573, 20.5968, 0.000522354, 102.916, 0.00218746, -81.4736, 0.000710467, 95.216
5111, 85.18333, 1.19624, 27.3667, 2.95992, -157.946, 2.23498, 20.6103, 0.000521707, 102.899, 0.00218596, -81.4734, 0.000710306, 95.2336
5112, 85.19167, 1.19459, 27.347, 2.95762, -157.946, 2.23423, 20.6237, 0.000521061, 102.882, 0.00218446, -81.4732, 0.000710144, 95.2511
5112, 85.20000, 1.19294, 27.3274, 2.95532, -157.946, 2.23348, 20.637, 0.000520418, 102.866, 0.00218296, -81.473, 0.000709981, 95.2686
5113, 85.20834, 1.1913, 27.3079, 2.95302, -157.946, 2.23272, 20.6503, 0.000519776, 102.849, 0.00218146, -81.4727, 0.000709818, 95.286
5113, 85.21667, 1.18967, 27.2884, 2.95073, -157.946, 2.23197, 20.6636, 0.000519136, 102.832, 0.00217996, -81.4725, 0.000709655, 95.3033
5114, 85.22500, 1.18803, 27.269, 2.94844, -157.946, 2.23121, 20.6768, 0.000518498, 102.816, 0.00217847, -81.4722, 0.000709491, 95.3206
5114, 85.23333, 1.18641, 27.2496, 2.94615, -157.947, 2.23045, 20.6899, 0.000517862, 102.799, 0.00217697, -81.4719, 0.000709326, 95.3378
5114, 85.24167, 1.18479, 27.2304, 2.94387, -157.947, 2.22969, 20.703, 0.000517227, 102.783, 0.00217548, -81.4716, 0.00070916, 95.355
5115, 85.25000, 1.18317, 27.2111, 2.94158, -157.947, 2.22893, 20.716, 0.000516595, 102.766, 0.00217399, -81.4713, 0.000708994, 95.3721
5116, 85.25833, 1.18156, 27.1919, 2.9393, -157.947, 2.22817, 20.729, 0.000515964, 102.75, 0.00217251, -81.471, 0.000708828, 95.3891
5116, 85.26667, 1.17995, 27.1728, 2.93703, -157.947, 2.2274, 20.7419, 0.000515335, 102.734, 0.00217102, -81.4706, 0.000708661, 95.406
5117, 85.27500, 1.17835, 27.1538, 2.93475, -157.947, 2.22664, 20.7548, 0.000514707, 102.717, 0.00216954, -81.4703, 0.000708493, 95.4229
5117, 85.28333, 1.17675, 27.1348, 2.93248, -157.947, 2.22587, 20.7676, 0.000514082, 102.701, 0.00216805, -81.4699, 0.000708325, 95.4398
5118, 85.29166, 1.17516, 27.1158, 2.93021, -157.947, 2.2251, 20.7803, 0.000513458, 102.685, 0.00216657, -81.4696, 0.000708156, 95.4565
5118, 85.30000, 1.17357, 27.0969, 2.92795, -157.947, 2.22433, 20.793, 0.000512836, 102.669, 0.0021651, -81.4692, 0.000707986, 95.4733
5119, 85.30833, 1.17199, 27.0781, 2.92569, -157.947, 2.22356, 20.8057, 0.000512215, 102.653, 0.00216362, -81.4688, 0.000707816, 95.4899
5119, 85.31667, 1.17041, 27.0593, 2.92343, -157.947, 2.22278, 20.8183, 0.000511596, 102.637, 0.00216215, -81.4684, 0.000707646, 95.5065
5120, 85.32500, 1.16884, 27.0406, 2.92117, -157.947, 2.22201, 20.8309, 0.000510979, 102.621, 0.00216067, -81.4679, 0.000707475, 95.523
5120, 85.33334, 1.16727, 27.0219, 2.91891, -157.947, 2.22123, 20.8434, 0.000510364, 102.605, 0.0021592, -81.4675, 0.000707303, 95.5395
5121, 85.34167, 1.1657, 27.0033, 2.91666, -157.947, 2.22045, 20.8558, 0.000509751, 102.589, 0.00215773, -81.4671, 0.00070713, 95.5559
5121, 85.35000, 1.16414, 26.9847, 2.91441, -157.947, 2.21967, 20.8682, 0.000509139, 102.574, 0.00215627, -81.4666, 0.000706958, 95.5722
5122, 85.35833, 1.16259, 26.9662, 2.91217, -157.947, 2.21889, 20.8806, 0.000508529, 102.558, 0.0021548, -81.4662, 0.000706784, 95.5885
5122, 85.36667, 1.16104, 26.9478, 2.90992, -157.947, 2.21811, 20.8929, 0.00050792, 102.542, 0.00215334, -81.4657, 0.00070661, 95.6047
5122, 85.37500, 1.15949, 26.9294, 2.90768, -157.947, 2.21733, 20.9052, 0.000507313, 102.527, 0.00215188, -81.4652, 0.000706436, 95.6209
5123, 85.38333, 1.15795, 26.9111, 2.90545, -157.946, 2.21654, 20.9174, 0.000506708, 102.511, 0.00215042, -81.4647, 0.00070626, 95.637
5124, 85.39167, 1.15641, 26.8928, 2.90321, -157.946, 2.21575, 20.9296, 0.000506105, 102.496, 0.00214896, -81.4642, 0.000706085, 95.653
5124, 85.40000, 1.15488, 26.8746, 2.90098, -157.946, 2.21496, 20.9417, 0.000505503, 102.48, 0.0021475, -81.4637, 0.000705908, 95.669
5125, 85.40833, 1.15335, 26.8564, 2.89875, -157.946, 2.21417, 20.9537, 0.000504903, 102.465, 0.00214605, -81.4631, 0.000705732, 95.685
5125, 85.41666, 1.15183, 26.8383, 2.89652, -157.946, 2.21338, 20.9658, 0.000504304, 102.45, 0.0021446, -81.4626, 0.000705554, 95.7008
5126, 85.42500, 1.15031, 26.8202, 2.8943, -157.946, 2.21259, 20.9777, 0.000503707, 102.434, 0.00214315, -81.462, 0.000705376, 95.7167
5126, 85.43333, 1.14879, 26.8022, 2.89208, -157.946, 2.2118, 20.9897, 0.000503112, 102.419, 0.0021417, -81.4615, 0.000705198, 95.7324
5127, 85.44167, 1.14728, 26.7842, 2.88986, -157.946, 2.211, 21.0015, 0.000502519, 102.404, 0.00214025, -81.4609, 0.000705019, 95.7481
5127, 85.45000, 1.14578, 26.7663, 2.88764, -157.945, 2.2102, 21.0134, 0.000501927, 102.389, 0.00213881, -81.4603, 0.000704839, 95.7638
5128, 85.45834, 1.14427, 26.7484, 2.88543, -157.945, 2.2094, 21.0252, 0.000501336, 102.374, 0.00213736, -81.4597, 0.000704659, 95.7794
5128, 85.46667, 1.14278, 26.7306, 2.88321, -157.945, 2.2086, 21.0369, 0.000500748, 102.359, 0.00213592, -81.4591, 0.000704479, 95.7949
5129, 85.47500, 1.14128, 26.7129, 2.88101, -157.945, 2.2078, 21.0486, 0.00050016, 102.344, 0.00213448, -81.4585, 0.000704298, 95.8104
5129, 85.48333, 1.1398, 26.6952, 2.8788, -157.945, 2.207, 21.0603, 0.000499575, 102.329, 0.00213304, -81.4579, 0.000704116, 95.8258
5130, 85.49167, 1.13831, 26.6775, 2.8766, -157.945, 2.2062, 21.0719, 0.000498991, 102.314, 0.00213161, -81.4572, 0.000703934, 95.8412
5130, 85.50000, 1.13683, 26.6599, 2.8744, -157.944, 2.20539, 21.0834, 0.000498409, 102.3, 0.00213017, -81.4566, 0.000703751, 95.8565
5130, 85.50833, 1.13535, 26.6424, 2.8722, -157.944, 2.20458, 21.095, 0.000497828, 102.285, 0.00212874, -81.4559, 0.000703567, 95.8718
5131, 85.51667, 1.13388, 26.6249, 2.87, -157.944, 2.20378, 21.1064, 0.000497248, 102.27, 0.00212731, -81.4553, 0.000703384, 95.887
5132, 85.52500, 1.13241, 26.6074, 2.86781, -157.944, 2.20297, 21.1179, 0.000496671, 102.255, 0.00212588, -81.4546, 0.000703199, 95.9022
5132, 85.53333, 1.13095, 26.59, 2.86562, -157.943, 2.20215, 21.1293, 0.000496095, 102.241, 0.00212445, -81.4539, 0.000703014, 95.9173
5133, 85.54166, 1.12949, 26.5727, 2.86343, -157.943, 2.20134, 21.1406, 0.00049552, 102.226, 0.00212302, -81.4532, 0.000702829, 95.9323
5133, 85.55000, 1.12804, 26.5554, 2.86125, -157.943, 2.20053, 21.1519, 0.000494947, 102.212, 0.0021216, -81.4525, 0.000702643, 95.9473
5134, 85.55833, 1.12659, 26.5381, 2.85906, -157.943, 2.19971, 21.1632, 0.000494376, 102.197, 0.00212017, -81.4518, 0.000702457, 95.9623
5134, 85.56667, 1.12514, 26.5209, 2.85688, -157.942, 2.1989, 21.1744, 0.000493806, 102.183, 0.00211875, -81.451, 0.00070227, 95.9772
5135, 85.57500, 1.1237, 26.5038, 2.85471, -157.942, 2.19808, 21.1856, 0.000493238, 102.169, 0.00211733, -81.4503, 0.000702082, 95.992
5135, 85.58334, 1.12226, 26.4867, 2.85253, -157.942, 2.19726, 21.1967, 0.000492671, 102.154, 0.00211592, -81.4496, 0.000701894, 96.0068
5136, 85.59167, 1.12082, 26.4696, 2.85036, -157.941, 2.19644, 21.2078, 0.000492105, 102.14, 0.0021145, -81.4488, 0.000701706, 96.0216
5136, 85.60000, 1.11939, 26.4526, 2.84819, -157.941, 2.19562, 21.2188, 0.000491542, 102.126, 0.00211309, -81.448, 0.000701517, 96.0363
5137, 85.60833, 1.11797, 26.4357, 2.84602, -157.941, 2.1948, 21.2299, 0.000490979, 102.112, 0.00211167, -81.4473, 0.000701327, 96.0509
5137, 85.61667, 1.11654, 26.4188, 2.84386, -157.941, 2.19397, 21.2408, 0.000490418, 102.098, 0.00211026, -81.4465, 0.000701137, 96.0655
5138, 85.62500, 1.11513, 26.4019, 2.8417, -157.94, 2.19315, 21.2517, 0.000489859, 102.084, 0.00210885, -81.4457, 0.000700947, 96.0801
5138, 85.63333, 1.11371, 26.3851, 2.83954, -157.94, 2.19232, 21.2626, 0.000489301, 102.07, 0.00210744, -81.4449, 0.000700756, 96.0946
5138, 85.64167, 1.1123, 26.3683, 2.83738, -157.94, 2.19149, 21.2735, 0.000488745, 102.056, 0.00210604, -81.4441, 0.000700564, 96.1091
5139, 85.65000, 1.1109, 26.3516, 2.83522, -157.939, 2.19066, 21.2843, 0.00048819, 102.042, 0.00210463, -81.4433, 0.000700372, 96.1235
5140, 85.65833, 1.10949, 26.3349, 2.83307, -157.939, 2.18983, 21.2951, 0.000487637, 102.028, 0.00210323, -81.4424, 0.000700179, 96.1378
5140, 85.66666, 1.1081, 26.3183, 2.83092, -157.938, 2.189, 21.3058, 0.000487085, 102.014, 0.00210183, -81.4416, 0.000699986, 96.1521
5141, 85.67500, 1.1067, 26.3017, 2.82877, -157.938, 2.18817, 21.3165, 0.000486535, 102, 0.00210043, -81.4407, 0.000699793, 96.1664
5141, 85.68333, 1.10531, 26.2852, 2.82663, -157.938, 2.18734, 21.3271, 0.000485986, 101.986, 0.00209903, -81.4399, 0.000699599, 96.1806
5142, 85.69167, 1.10392, 26.2687, 2.82449, -157.937, 2.1865, 21.3377, 0.000485438, 101.973, 0.00209763, -81.439, 0.000699404, 96.1948
5142, 85.70000, 1.10254, 26.2523, 2.82235, -157.937, 2.18566, 21.3483, 0.000484892, 101.959, 0.00209624, -81.4381, 0.000699209, 96.2089
5143, 85.70834, 1.10116, 26.2359, 2.82021, -157.937, 2.18483, 21.3588, 0.000484347, 101.945, 0.00209485, -81.4373, 0.000699014, 96.223
5143, 85.71667, 1.09979, 26.2196, 2.81807, -157.936, 2.18399, 21.3693, 0.000483804, 101.932, 0.00209345, -81.4364, 0.000698818, 96.237
5144, 85.72500, 1.09842, 26.2033, 2.81594, -157.936, 2.18315, 21.3798, 0.000483262, 101.918, 0.00209206, -81.4355, 0.000698621, 96.251
5144, 85.73333, 1.09705, 26.187, 2.81381, -157.935, 2.1823, 21.3902, 0.000482722, 101.905, 0.00209068, -81.4346, 0.000698424, 96.2649
5145, 85.74167, 1.09569, 26.1708, 2.81168, -157.935, 2.18146, 21.4006, 0.000482183, 101.892, 0.00208929, -81.4336, 0.000698227, 96.2788
5145, 85.75000, 1.09433, 26.1546, 2.80956, -157.934, 2.18062, 21.4109, 0.000481646, 101.878, 0.0020879, -81.4327, 0.000698029, 96.2926
5146, 85.75833, 1.09297, 26.1385, 2.80743, -157.934, 2.17977, 21.4212, 0.000481109, 101.865, 0.00208652, -81.4318, 0.000697831, 96.3064
5146, 85.76667, 1.09162, 26.1224, 2.80531, -157.934, 2.17893, 21.4315, 0.000480575, 101.852, 0.00208514, -81.4308, 0.000697632, 96.3202
5146, 85.77500, 1.09027, 26.1064, 2.80319, -157.933, 2.17808, 21.4417, 0.000480041, 101.838, 0.00208376, -81.4299, 0.000697432, 96.3339
5147, 85.78333, 1.08893, 26.0904, 2.80108, -157.933, 2.17723, 21.4519, 0.00047951, 101.825, 0.00208238, -81.4289, 0.000697232, 96.3475
5148, 85.79166, 1.08759, 26.0745, 2.79896, -157.932, 2.17638, 21.4621, 0.000478979, 101.812, 0.002081, -81.428, 0.000697032, 96.3612
5148, 85.80000, 1.08625, 26.0586, 2.79685, -157.932, 2.17553, 21.4722, 0.00047845, 101.799, 0.00207962, -81.427, 0.000696831, 96.3747
5149, 85.80833, 1.08492, 26.0427, 2.79474, -157.931, 2.17468, 21.4823, 0.000477922, 101.786, 0.00207825, -81.426, 0.00069663, 96.3883
5149, 85.81667, 1.08359, 26.0269, 2.79264, -157.931, 2.17383, 21.4924, 0.000477396, 101.773, 0.00207688, -81.425, 0.000696428, 96.4018
5150, 85.82500, 1.08226, 26.0111, 2.79053, -157.93, 2.17297, 21.5024, 0.000476871, 101.76, 0.0020755, -81.424, 0.000696226, 96.4152
5150, 85.83334, 1.08094, 25.9954, 2.78843, -157.93, 2.17212, 21.5124, 0.000476347, 101.747, 0.00207413, -81.423, 0.000696024, 96.4286
5151, 85.84167, 1.07962, 25.9797, 2.78633, -157.929, 2.17126, 21.5223, 0.000475825, 101.734, 0.00207277, -81.422, 0.000695821, 96.442
5151, 85.85000, 1.0783, 25.9641, 2.78423, -157.929, 2.1704, 21.5322, 0.000475304, 101.721, 0.0020714, -81.421, 0.000695617, 96.4553
5152, 85.85833, 1.07699, 25.9485, 2.78214, -157.928, 2.16954, 21.5421, 0.000474784, 101.708, 0.00207003, -81.4199, 0.000695413, 96.4686
5152, 85.86667, 1.07569, 25.9329, 2.78005, -157.928, 2.16868, 21.5519, 0.000474266, 101.695, 0.00206867, -81.4189, 0.000695209, 96.4818
5153, 85.87500, 1.07438, 25.9174, 2.77796, -157.927, 2.16782, 21.5617, 0.000473749, 101.683, 0.00206731, -81.4178, 0.000695004, 96.495
5153, 85.88333, 1.07308, 25.9019, 2.77587, -157.927, 2.16696, 21.5715, 0.000473234, 101.67, 0.00206595, -81.4168, 0.000694798, 96.5082
5154, 85.89167, 1.07178, 25.8865, 2.77378, -157.926, 2.1661, 21.5813, 0.000472719, 101.657, 0.00206459, -81.4157, 0.000694593, 96.5213
5154, 85.90000, 1.07049, 25.8711, 2.7717, -157.926, 2.16523, 21.591, 0.000472207, 101.645, 0.00206323, -81.4147, 0.000694386, 96.5343
5154, 85.90833, 1.0692, 25.8557, 2.76962, -157.925, 2.16437, 21.6006, 0.000471695, 101.632, 0.00206187, -81.4136, 0.00069418, 96.5474
5155, 85.91666, 1.06791, 25.8404, 2.76754, -157.924, 2.1635, 21.6103, 0.000471185, 101.62, 0.00206052, -81.4125, 0.000693973, 96.5604
5156, 85.92500, 1.06663, 25.8252, 2.76546, -157.924, 2.16263, 21.6199, 0.000470676, 101.607, 0.00205917, -81.4114, 0.000693765, 96.5733
5156, 85.93333, 1.06535, 25.8099, 2.76339, -157.923, 2.16176, 21.6295, 0.000470168, 101.595, 0.00205781, -81.4103, 0.000693557, 96.5862
5157, 85.94167, 1.06408, 25.7947, 2.76131, -157.923, 2.16089, 21.639, 0.000469662, 101.582, 0.00205646, -81.4092, 0.000693348, 96.5991
5157, 85.95000, 1.0628, 25.7796, 2.75924, -157.922, 2.16002, 21.6485, 0.000469157, 101.57, 0.00205511, -81.4081, 0.00069314, 96.6119
5158, 85.95834, 1.06154, 25.7645, 2.75718, -157.922, 2.15915, 21.658, 0.000468653, 101.558, 0.00205377, -81.407, 0.00069293, 96.6247
5158, 85.96667, 1.06027, 25.7494, 2.75511, -157.921, 2.15828, 21.6674, 0.00046815, 101.545, 0.00205242, -81.4058, 0.00069272, 96.6375
5159, 85.97500, 1.05901, 25.7344, 2.75305, -157.92, 2.1574, 21.6768, 0.000467649, 101.533, 0.00205108, -81.4047, 0.00069251, 96.6502
5159, 85.98333, 1.05775, 25.7194, 2.75099, -157.92, 2.15653, 21.6862, 0.000467149, 101.521, 0.00204973, -81.4035, 0.0006923, 96.6629
5160, 85.99167, 1.05649, 25.7045, 2.74893, -157.919, 2.15565, 21.6956, 0.00046665, 101.509, 0.00204839, -81.4024, 0.000692088, 96.6755
5160, 86.00000, 1.05524, 25.6896, 2.74687, -157.918, 2.15478, 21.7049, 0.000466153, 101.497, 0.00204705, -81.4012, 0.000691877, 96.6881
5161, 86.00833, 1.05399, 25.6747, 2.74482, -157.918, 2.1539, 21.7142, 0.000465657, 101.484, 0.00204571, -81.4001, 0.000691665, 96.7006
5161, 86.01667, 1.05275, 25.6599, 2.74276, -157.917, 2.15302, 21.7234, 0.000465162, 101.472, 0.00204437, -81.3989, 0.000691453, 96.7132
5162, 86.02500, 1.05151, 25.6451, 2.74072, -157.917, 2.15214, 21.7326, 0.000464668, 101.46, 0.00204304, -81.3977, 0.00069124, 96.7257
5162, 86.03333, 1.05027, 25.6303, 2.73867, -157.916, 2.15126, 21.7418, 0.000464176, 101.448, 0.0020417, -81.3965, 0.000691027, 96.7381
5162, 86.04166, 1.04903, 25.6156, 2.73662, -157.915, 2.15037, 21.751, 0.000463685, 101.436, 0.00204037, -81.3953, 0.000690813, 96.7505
5163, 86.05000, 1.0478, 25.601, 2.73458, -157.915, 2.14949, 21.7601, 0.000463195, 101.425, 0.00203904, -81.3941, 0.000690599, 96.7629
5164, 86.05833, 1.04657, 25.5863, 2.73254, -157.914, 2.14861, 21.7692, 0.000462706, 101.413, 0.00203771, -81.3929, 0.000690384, 96.7752
5164, 86.06667, 1.04535, 25.5717, 2.7305, -157.913, 2.14772, 21.7783, 0.000462219, 101.401, 0.00203638, -81.3917, 0.00069017, 96.7875
5165, 86.07500, 1.04413, 25.5572, 2.72846, -157.913, 2.14684, 21.7873, 0.000461733, 101.389, 0.00203505, -81.3905, 0.000689954, 96.7998
5165, 86.08334, 1.04291, 25.5427, 2.72643, -157.912, 2.14595, 21.7964, 0.000461248, 101.377, 0.00203373, -81.3893, 0.000689738, 96.812
5166, 86.09167, 1.04169, 25.5282, 2.72439, -157.911, 2.14506, 21.8053, 0.000460764, 101.366, 0.0020324, -81.388, 0.000689522, 96.8242
5166, 86.10000, 1.04048, 25.5137, 2.72236, -157.911, 2.14417, 21.8143, 0.000460282, 101.354, 0.00203108, -81.3868, 0.000689306, 96.8363
5167, 86.10833, 1.03927, 25.4993, 2.72033, -157.91, 2.14328, 21.8232, 0.0004598, 101.342, 0.00202976, -81.3855, 0.000689089, 96.8485
5167, 86.11667, 1.03807, 25.485, 2.71831, -157.909, 2.14239, 21.8321, 0.00045932, 101.331, 0.00202844, -81.3843, 0.000688871, 96.8605
5168, 86.12500, 1.03687, 25.4706, 2.71628, -157.909, 2.1415, 21.841, 0.000458841, 101.319, 0.00202712, -81.383, 0.000688654, 96.8726
5168, 86.13333, 1.03567, 25.4563, 2.71426, -157.908, 2.14061, 21.8498, 0.000458363, 101.308, 0.0020258, -81.3818, 0.000688436, 96.8846
5169, 86.14167, 1.03447, 25.4421, 2.71224, -157.907, 2.13971, 21.8586, 0.000457887, 101.296, 0.00202448, -81.3805, 0.000688217, 96.8966
5169, 86.15000, 1.03328, 25.4279, 2.71022, -157.906, 2.13882, 21.8674, 0.000457412, 101.285, 0.00202317, -81.3792, 0.000687998, 96.9085
5170, 86.15833, 1.03209, 25.4137, 2.70821, -157.906, 2.13792, 21.8762, 0.000456937, 101.273, 0.00202185, -81.3779, 0.000687779, 96.9204
5170, 86.16666, 1.0309, 25.3995, 2.70619, -157.905, 2.13702, 21.8849, 0.000456464, 101.262, 0.00202054, -81.3766, 0.000687559, 96.9323
5170, 86.17500, 1.02972, 25.3854, 2.70418, -157.904, 2.13613, 21.8936, 0.000455993, 101.251, 0.00201923, -81.3753, 0.000687339, 96.9442
5171, 86.18333, 1.02854, 25.3713, 2.70217, -157.903, 2.13523, 21.9022, 0.000455522, 101.239, 0.00201792, -81.374, 0.000687118, 96.956
5172, 86.19167, 1.02736, 25.3573, 2.70017, -157.903, 2.13433, 21.9109, 0.000455052, 101.228, 0.00201661, -81.3727, 0.000686897, 96.9677
5172, 86.20000, 1.02619, 25.3433, 2.69816, -157.902, 2.13343, 21.9195, 0.000454584, 101.217, 0.00201531, -81.3714, 0.000686676, 96.9795
5173, 86.20834, 1.02502, 25.3293, 2.69616, -157.901, 2.13253, 21.9281, 0.000454117, 101.205, 0.002014, -81.3701, 0.000686454, 96.9912
5173, 86.21667, 1.02385, 25.3154, 2.69416, -157.9, 2.13163, 21.9366, 0.000453651, 101.194, 0.0020127, -81.3687, 0.000686232, 97.0029
5174, 86.22500, 1.02269, 25.3015, 2.69216, -157.9, 2.13072, 21.9452, 0.000453186, 101.183, 0.00201139, -81.3674, 0.000686009, 97.0145
5174, 86.23333, 1.02153, 25.2876, 2.69016, -157.899, 2.12982, 21.9537, 0.000452723, 101.172, 0.00201009, -81.3661, 0.000685786, 97.0261
5175, 86.24167, 1.02037, 25.2738, 2.68817, -157.898, 2.12891, 21.9621, 0.00045226, 101.161, 0.00200879, -81.3647, 0.000685563, 97.0377
5175, 86.25000, 1.01921, 25.26, 2.68617, -157.897, 2.12801, 21.9706, 0.000451799, 101.15, 0.00200749, -81.3633, 0.00068534, 97.0492
5176, 86.25833, 1.01806, 25.2463, 2.68418, -157.897, 2.1271, 21.979, 0.000451338, 101.139, 0.0020062, -81.362, 0.000685115, 97.0607
5176, 86.26667, 1.01691, 25.2325, 2.68219, -157.896, 2.12619, 21.9874, 0.000450879, 101.128, 0.0020049, -81.3606, 0.000684891, 97.0722
5177, 86.27500, 1.01577, 25.2188, 2.68021, -157.895, 2.12528, 21.9958, 0.000450421, 101.117, 0.0020036, -81.3593, 0.000684666, 97.0837
5177, 86.28333, 1.01462, 25.2052, 2.67822, -157.894, 2.12438, 22.0041, 0.000449964, 101.106, 0.00200231, -81.3579, 0.000684441, 97.0951
5178, 86.29166, 1.01348, 25.1916, 2.67624, -157.893, 2.12347, 22.0125, 0.000449508, 101.095, 0.00200102, -81.3565, 0.000684215, 97.1065
5178, 86.30000, 1.01235, 25.178, 2.67426, -157.893, 2.12255, 22.0207, 0.000449054, 101.085, 0.00199973, -81.3551, 0.000683989, 97.1178
5178, 86.30833, 1.01121, 25.1644, 2.67228, -157.892, 2.12164, 22.029, 0.0004486, 101.074, 0.00199844, -81.3537, 0.000683763, 97.1291
5179, 86.31667, 1.01008, 25.1509, 2.6703, -157.891, 2.12073, 22.0373, 0.000448148, 101.063, 0.00199715, -81.3523, 0.000683536, 97.1404
5180, 86.32500, 1.00895, 25.1374, 2.66833, -157.89, 2.11982, 22.0455, 0.000447697, 101.052, 0.00199586, -81.3509, 0.000683309, 97.1517
5180, 86.33334, 1.00783, 25.124, 2.66635, -157.889, 2.1189, 22.0537, 0.000447246, 101.042, 0.00199458, -81.3495, 0.000683082, 97.1629
5181, 86.34167, 1.0067, 25.1106, 2.66438, -157.888, 2.11799, 22.0618, 0.000446797, 101.031, 0.00199329, -81.3481, 0.000682854, 97.1741
5181, 86.35000, 1.00559, 25.0972, 2.66242, -157.888, 2.11707, 22.07, 0.000446349, 101.02, 0.00199201, -81.3466, 0.000682626, 97.1853
5182, 86.35833, 1.00447, 25.0838, 2.66045, -157.887, 2.11615, 22.0781, 0.000445902, 101.01, 0.00199073, -81.3452, 0.000682397, 97.1964
5182, 86.36667, 1.00336, 25.0705, 2.65848, -157.886, 2.11524, 22.0862, 0.000445456, 100.999, 0.00198945, -81.3438, 0.000682169, 97.2075
5183, 86.37500, 1.00224, 25.0572, 2.65652, -157.885, 2.11432, 22.0943, 0.000445012, 100.989, 0.00198817, -81.3423, 0.000681939, 97.2186
5183, 86.38333, 1.00114, 25.044, 2.65456, -157.884, 2.1134, 22.1023, 0.000444568, 100.978, 0.00198689, -81.3409, 0.00068171, 97.2296
5184, 86.39167, 1.00003, 25.0308, 2.6526, -157.883, 2.11248, 22.1103, 0.000444125, 100.968, 0.00198561, -81.3394, 0.00068148, 97.2407
5184, 86.40000, 0.99893, 25.0176, 2.65064, -157.883, 2.11156, 22.1183, 0.000443684, 100.957, 0.00198433, -81.338, 0.000681249, 97.2516
5185, 86.40833, 0.997831, 25.0044, 2.64869, -157.882, 2.11064, 22.1263, 0.000443243, 100.947, 0.00198306, -81.3365, 0.000681019, 97.2626
5185, 86.41666, 0.996734, 24.9913, 2.64673, -157.881, 2.10971, 22.1342, 0.000442804, 100.936, 0.00198179, -81.335, 0.000680788, 97.2735
5186, 86.42500, 0.995641, 24.9782, 2.64478, -157.88, 2.10879, 22.1422, 0.000442365, 100.926, 0.00198052, -81.3335, 0.000680556, 97.2844
5186, 86.43333, 0.99455, 24.9651, 2.64283, -157.879, 2.10787, 22.1501, 0.000441928, 100.916, 0.00197924, -81.3321, 0.000680324, 97.2953
5186, 86.44167, 0.993462, 24.9521, 2.64089, -157.878, 2.10694, 22.1579, 0.000441492, 100.905, 0.00197797, -81.3306, 0.000680092, 97.3062
5187, 86.45000, 0.992377, 24.9391, 2.63894, -157.877, 2.10601, 22.1658, 0.000441056, 100.895, 0.00197671, -81.3291, 0.00067986, 97.317
5188, 86.45834, 0.991295, 24.9262, 2.637, -157.876, 2.10509, 22.1736, 0.000440622, 100.885, 0.00197544, -81.3276, 0.000679627, 97.3278
5188, 86.46667, 0.990215, 24.9132, 2.63506, -157.875, 2.10416, 22.1814, 0.000440189, 100.875, 0.00197417, -81.3261, 0.000679394, 97.3385
5189, 86.47500, 0.989139, 24.9003, 2.63312, -157.875, 2.10323, 22.1892, 0.000439757, 100.865, 0.00197291, -81.3246, 0.00067916, 97.3492
5189, 86.48333, 0.988065, 24.8875, 2.63118, -157.874, 2.1023, 22.197, 0.000439326, 100.855, 0.00197165, -81.3231, 0.000678926, 97.3599
5190, 86.49167, 0.986993, 24.8746, 2.62924, -157.873, 2.10137, 22.2047, 0.000438896, 100.844, 0.00197038, -81.3215, 0.000678692, 97.3706
5190, 86.50000, 0.985925, 24.8618, 2.62731, -157.872, 2.10044, 22.2124, 0.000438467, 100.834, 0.00196912, -81.32, 0.000678458, 97.3813
5191, 86.50833, 0.984859, 24.849, 2.62538, -157.871, 2.09951, 22.2201, 0.000438039, 100.824, 0.00196786, -81.3185, 0.000678223, 97.3919
5191, 86.51667, 0.983796, 24.8363, 2.62345, -157.87, 2.09858, 22.2278, 0.000437612, 100.814, 0.0019666, -81.317, 0.000677988, 97.4025
5191, 86.52500, 0.982736, 24.8236, 2.62152, -157.869, 2.09765, 22.2354, 0.000437186, 100.804, 0.00196535, -81.3154, 0.000677752, 97.413
5192, 86.53333, 0.981679, 24.8109, 2.61959, -157.868, 2.09671, 22.2431, 0.000436761, 100.794, 0.00196409, -81.3139, 0.000677516, 97.4236
5193, 86.54166, 0.980624, 24.7982, 2.61767, -157.867, 2.09578, 22.2507, 0.000436337, 100.785, 0.00196284, -81.3123, 0.00067728, 97.4341
5193, 86.55000, 0.979572, 24.7856, 2.61574, -157.866, 2.09485, 22.2583, 0.000435914, 100.775, 0.00196158, -81.3108, 0.000677043, 97.4446
5194, 86.55833, 0.978522, 24.773, 2.61382, -157.865, 2.09391, 22.2658, 0.000435492, 100.765, 0.00196033, -81.3092, 0.000676806, 97.455
5194, 86.56667, 0.977475, 24.7605, 2.6119, -157.864, 2.09297, 22.2734, 0.000435071, 100.755, 0.00195908, -81.3076, 0.000676569, 97.4655
5194, 86.57500, 0.976431, 24.7479, 2.60999, -157.863, 2.09204, 22.2809, 0.000434652, 100.745, 0.00195783, -81.3061, 0.000676332, 97.4759
5195, 86.58334, 0.97539, 24.7354, 2.60807, -157.862, 2.0911, 22.2884, 0.000434233, 100.735, 0.00195658, -81.3045, 0.000676094, 97.4863
5196, 86.59167, 0.974351, 24.723, 2.60616, -157.861, 2.09016, 22.2958, 0.000433815, 100.726, 0.00195533, -81.3029, 0.000675856, 97.4966
5196, 86.60000, 0.973315, 24.7105, 2.60425, -157.861, 2.08922, 22.3033, 0.000433398, 100.716, 0.00195408, -81.3013, 0.000675617, 97.5069
5197, 86.60833, 0.972281, 24.6981, 2.60234, -157.86, 2.08828, 22.3107, 0.000432982, 100.706, 0.00195284, -81.2997, 0.000675378, 97.5173
5197, 86.61667, 0.97125, 24.6857, 2.60043, -157.859, 2.08734, 22.3181, 0.000432567, 100.697, 0.00195159, -81.2981, 0.000675139, 97.5275
5198, 86.62500, 0.970222, 24.6734, 2.59852, -157.858, 2.0864, 22.3255, 0.000432153, 100.687, 0.00195035, -81.2966, 0.000674899, 97.5378
5198, 86.63333, 0.969196, 24.661, 2.59662, -157.857, 2.08546, 22.3329, 0.00043174, 100.677, 0.00194911, -81.2949, 0.00067466, 97.548
5199, 86.64167, 0.968173, 24.6487, 2.59472, -157.856, 2.08452, 22.3403, 0.000431328, 100.668, 0.00194787, -81.2933, 0.000674419, 97.5582
5199, 86.65000, 0.967152, 24.6365, 2.59282, -157.855, 2.08357, 22.3476, 0.000430917, 100.658, 0.00194663, -81.2917, 0.000674179, 97.5684
5199, 86.65833, 0.966134, 24.6242, 2.59092, -157.854, 2.08263, 22.3549, 0.000430506, 100.649, 0.00194539, -81.2901, 0.000673938, 97.5785
5200, 86.66666, 0.965119, 24.612, 2.58902, -157.853, 2.08168, 22.3622, 0.000430097, 100.639, 0.00194415, -81.2885, 0.000673697, 97.5887
5201, 86.67500, 0.964106, 24.5998, 2.58712, -157.852, 2.08074, 22.3695, 0.000429689, 100.63, 0.00194292, -81.2869, 0.000673456, 97.5988
5201, 86.68333, 0.963095, 24.5877, 2.58523, -157.851, 2.07979, 22.3767, 0.000429282, 100.621, 0.00194168, -81.2852, 0.000673214, 97.6088
5202, 86.69167, 0.962088, 24.5756, 2.58334, -157.85, 2.07885, 22.3839, 0.000428875, 100.611, 0.00194045, -81.2836, 0.000672972, 97.6189
5202, 86.70000, 0.961082, 24.5635, 2.58145, -157.849, 2.0779, 22.3911, 0.00042847, 100.602, 0.00193922, -81.2819, 0.00067273, 97.6289
5203, 86.70834, 0.96008, 24.5514, 2.57956, -157.848, 2.07695, 22.3983, 0.000428066, 100.593, 0.00193798, -81.2803, 0.000672487, 97.6389
5203, 86.71667, 0.959079, 24.5393, 2.57767, -157.847, 2.076, 22.4055, 0.000427662, 100.583, 0.00193675, -81.2786, 0.000672244, 97.6489
5204, 86.72500, 0.958082, 24.5273, 2.57579, -157.846, 2.07505, 22.4127, 0.00042726, 100.574, 0.00193552, -81.277, 0.000672001, 97.6589
5204, 86.73333, 0.957086, 24.5153, 2.57391, -157.845, 2.0741, 22.4198, 0.000426858, 100.565, 0.0019343, -81.2753, 0.000671757, 97.6688
5205, 86.74167, 0.956094, 24.5034, 2.57203, -157.844, 2.07315, 22.4269, 0.000426457, 100.555, 0.00193307, -81.2737, 0.000671513, 97.6787
5205, 86.75000, 0.955103, 24.4915, 2.57015, -157.842, 2.0722, 22.434, 0.000426058, 100.546, 0.00193184, -81.272, 0.000671269, 97.6886
5206, 86.75833, 0.954116, 24.4796, 2.56827, -157.841, 2.07125, 22.4411, 0.000425659, 100.537, 0.00193062, -81.2703, 0.000671024, 97.6984
5206, 86.76667, 0.95313, 24.4677, 2.56639, -157.84, 2.0703, 22.4481, 0.000425261, 100.528, 0.00192939, -81.2686, 0.000670779, 97.7083
5207, 86.77500, 0.952147, 24.4558, 2.56452, -157.839, 2.06934, 22.4552, 0.000424864, 100.519, 0.00192817, -81.267, 0.000670534, 97.7181
5207, 86.78333, 0.951167, 24.444, 2.56265, -157.838, 2.06839, 22.4622, 0.000424468, 100.51, 0.00192695, -81.2653, 0.000670289, 97.7279
5207, 86.79166, 0.950189, 24.4322, 2.56078, -157.837, 2.06743, 22.4692, 0.000424073, 100.501, 0.00192573, -81.2636, 0.000670043, 97.7377
5208, 86.80000, 0.949213, 24.4205, 2.55891, -157.836, 2.06648, 22.4762, 0.000423679, 100.492, 0.00192451, -81.2619, 0.000669797, 97.7474
5209, 86.80833, 0.94824, 24.4087, 2.55704, -157.835, 2.06552, 22.4831, 0.000423285, 100.483, 0.00192329, -81.2602, 0.000669551, 97.7571
5209, 86.81667, 0.947269, 24.397, 2.55517, -157.834, 2.06457, 22.4901, 0.000422893, 100.474, 0.00192207, -81.2585, 0.000669304, 97.7668
5210, 86.82500, 0.946301, 24.3853, 2.55331, -157.833, 2.06361, 22.497, 0.000422501, 100.465, 0.00192086, -81.2568, 0.000669057, 97.7765
5210, 86.83334, 0.945335, 24.3737, 2.55145, -157.832, 2.06265, 22.5039, 0.000422111, 100.456, 0.00191964, -81.255, 0.00066881, 97.7862
5211, 86.84167, 0.944372, 24.362, 2.54959, -157.831, 2.06169, 22.5108, 0.000421721, 100.447, 0.00191843, -81.2533, 0.000668563, 97.7958
5211, 86.85000, 0.943411, 24.3504, 2.54773, -157.83, 2.06074, 22.5176, 0.000421332, 100.438, 0.00191722, -81.2516, 0.000668315, 97.8054
5212, 86.85833, 0.942452, 24.3388, 2.54587, -157.829, 2.05978, 22.5245, 0.000420944, 100.429, 0.001916, -81.2499, 0.000668067, 97.815
5212, 86.86667, 0.941495, 24.3273, 2.54402, -157.828, 2.05882, 22.5313, 0.000420557, 100.42, 0.00191479, -81.2481, 0.000667818, 97.8246
5213, 86.87500, 0.940541, 24.3157, 2.54216, -157.827, 2.05786, 22.5382, 0.000420171, 100.412, 0.00191358, -81.2464, 0.00066757, 97.8341
5213, 86.88333, 0.93959, 24.3042, 2.54031, -157.825, 2.05689, 22.545, 0.000419786, 100.403, 0.00191238, -81.2447, 0.000667321, 97.8437
5214, 86.89167, 0.93864, 24.2928, 2.53846, -157.824, 2.05593, 22.5517, 0.000419401, 100.394, 0.00191117, -81.2429, 0.000667072, 97.8532
5214, 86.90000, 0.937693, 24.2813, 2.53661, -157.823, 2.05497, 22.5585, 0.000419018, 100.385, 0.00190996, -81.2412, 0.000666822, 97.8626
5215, 86.90833, 0.936749, 24.2699, 2.53477, -157.822, 2.05401, 22.5652, 0.000418635, 100.377, 0.00190876, -81.2394, 0.000666572, 97.8721
5215, 86.91666, 0.935806, 24.2585, 2.53292, -157.821, 2.05304, 22.572, 0.000418253, 100.368, 0.00190755, -81.2376, 0.000666322, 97.8815
5215, 86.92500, 0.934866, 24.2471, 2.53108, -157.82, 2.05208, 22.5787, 0.000417872, 100.359, 0.00190635, -81.2359, 0.000666072, 97.891
5216, 86.93333, 0.933928, 24.2358, 2.52924, -157.819, 2.05112, 22.5854, 0.000417492, 100.351, 0.00190515, -81.2341, 0.000665821, 97.9004
5217, 86.94167, 0.932993, 24.2244, 2.5274, -157.818, 2.05015, 22.5921, 0.000417113, 100.342, 0.00190395, -81.2324, 0.00066557, 97.9097
5217, 86.95000, 0.93206, 24.2131, 2.52556, -157.817, 2.04919, 22.5987, 0.000416735, 100.334, 0.00190275, -81.2306, 0.000665319, 97.9191
5218, 86.95834, 0.931129, 24.2019, 2.52372, -157.815, 2.04822, 22.6054, 0.000416357, 100.325, 0.00190155, -81.2288, 0.000665068, 97.9284
5218, 86.96667, 0.9302, 24.1906, 2.52189, -157.814, 2.04725, 22.612, 0.000415981, 100.316, 0.00190035, -81.227, 0.000664816, 97.9378
5219, 86.97500, 0.929274, 24.1794, 2.52006, -157.813, 2.04628, 22.6186, 0.000415605, 100.308, 0.00189915, -81.2252, 0.000664564, 97.9471
5219, 86.98333, 0.92835, 24.1682, 2.51822, -157.812, 2.04532, 22.6252, 0.00041523, 100.299, 0.00189796, -81.2234, 0.000664312, 97.9563
5220, 86.99167, 0.927428, 24.157, 2.51639, -157.811, 2.04435, 22.6318, 0.000414856, 100.291, 0.00189676, -81.2216, 0.000664059, 97.9656
5220, 87.00000, 0.926508, 24.1459, 2.51456, -157.81, 2.04338, 22.6383, 0.000414483, 100.283, 0.00189557, -81.2198, 0.000663806, 97.9748
5221, 87.00833, 0.925591, 24.1347, 2.51274, -157.809, 2.04241, 22.6449, 0.00041411, 100.274, 0.00189437, -81.218, 0.000663553, 97.984
5221, 87.01667, 0.924676, 24.1236, 2.51091, -157.807, 2.04144, 22.6514, 0.000413739, 100.266, 0.00189318, -81.2162, 0.0006633, 97.9932
5222, 87.02500, 0.923763, 24.1126, 2.50909, -157.806, 2.04047, 22.6579, 0.000413368, 100.257, 0.00189199, -81.2144, 0.000663046, 98.0024
5222, 87.03333, 0.922852, 24.1015, 2.50727, -157.805, 2.0395, 22.6644, 0.000412998, 100.249, 0.0018908, -81.2126, 0.000662792, 98.0116
5223, 87.04166, 0.921944, 24.0905, 2.50545, -157.804, 2.03853, 22.6709, 0.000412629, 100.241, 0.00188961, -81.2108, 0.000662538, 98.0207
5223, 87.05000, 0.921038, 24.0795, 2.50363, -157.803, 2.03755, 22.6774, 0.000412261, 100.233, 0.00188843, -81.209, 0.000662284, 98.0298
5223, 87.05833, 0.920134, 24.0685, 2.50181, -157.802, 2.03658, 22.6838, 0.000411894, 100.224, 0.00188724, -81.2071, 0.000662029, 98.0389
5224, 87.06667, 0.919232, 24.0575, 2.5, -157.8, 2.03561, 22.6903, 0.000411527, 100.216, 0.00188605, -81.2053, 0.000661774, 98.048
5225, 87.07500, 0.918332, 24.0466, 2.49818, -157.799, 2.03463, 22.6967, 0.000411161, 100.208, 0.00188487, -81.2035, 0.000661519, 98.0571
5225, 87.08334, 0.917435, 24.0357, 2.49637, -157.798, 2.03366, 22.7031, 0.000410796, 100.2, 0.00188369, -81.2016, 0.000661263, 98.0661
5226, 87.09167, 0.916539, 24.0248, 2.49456, -157.797, 2.03269, 22.7095, 0.000410432, 100.192, 0.0018825, -81.1998, 0.000661008, 98.0751
5226, 87.10000, 0.915646, 24.014, 2.49275, -157.796, 2.03171, 22.7159, 0.000410069, 100.183, 0.00188132, -81.1979, 0.000660752, 98.0841
5227, 87.10833, 0.914755, 24.0031, 2.49094, -157.795, 2.03073, 22.7222, 0.000409706, 100.175, 0.00188014, -81.1961, 0.000660495, 98.0931
5227, 87.11667, 0.913866, 23.9923, 2.48914, -157.793, 2.02976, 22.7286, 0.000409345, 100.167, 0.00187896, -81.1942, 0.000660239, 98.1021
5228, 87.12500, 0.912979, 23.9815, 2.48733, -157.792, 2.02878, 22.7349, 0.000408984, 100.159, 0.00187778, -81.1924, 0.000659982, 98.111
5228, 87.13333, 0.912095, 23.9707, 2.48553, -157.791, 2.0278, 22.7412, 0.000408624, 100.151, 0.00187661, -81.1905, 0.000659725, 98.1199
5229, 87.14167, 0.911212, 23.96, 2.48373, -157.79, 2.02683, 22.7475, 0.000408264, 100.143, 0.00187543, -81.1886, 0.000659468, 98.1289
5229, 87.15000, 0.910332, 23.9493, 2.48193, -157.789, 2.02585, 22.7538, 0.000407906, 100.135, 0.00187425, -81.1868, 0.00065921, 98.1377
5230, 87.15833, 0.909453, 23.9386, 2.48013, -157.787, 2.02487, 22.76, 0.000407548, 100.127, 0.00187308, -81.1849, 0.000658952, 98.1466
5230, 87.16666, 0.908577, 23.9279, 2.47834, -157.786, 2.02389, 22.7663, 0.000407191, 100.119, 0.0018719, -81.183, 0.000658694, 98.1555
5231, 87.17500, 0.907703, 23.9172, 2.47654, -157.785, 2.02291, 22.7725, 0.000406835, 100.111, 0.00187073, -81.1811, 0.000658436, 98.1643
5231, 87.18333, 0.906831, 23.9066, 2.47475, -157.784, 2.02193, 22.7788, 0.00040648, 100.103, 0.00186956, -81.1793, 0.000658177, 98.1731
5231, 87.19167, 0.905961, 23.896, 2.47296, -157.783, 2.02095, 22.785, 0.000406125, 100.095, 0.00186839, -81.1774, 0.000657919, 98.1819
5232, 87.20000, 0.905093, 23.8854, 2.47117, -157.781, 2.01997, 22.7912, 0.000405771, 100.088, 0.00186722, -81.1755, 0.00065766, 98.1907
5233, 87.20834, 0.904228, 23.8749, 2.46938, -157.78, 2.01899, 22.7973, 0.000405419, 100.08, 0.00186605, -81.1736, 0.0006574, 98.1995
5233, 87.21667, 0.903364, 23.8643, 2.46759, -157.779, 2.018, 22.8035, 0.000405066, 100.072, 0.00186488, -81.1717, 0.000657141, 98.2082
5234, 87.22500, 0.902502, 23.8538, 2.46581, -157.778, 2.01702, 22.8097, 0.000404715, 100.064, 0.00186372, -81.1698, 0.000656881, 98.217
5234, 87.23333, 0.901643, 23.8433, 2.46402, -157.776, 2.01604, 22.8158, 0.000404364, 100.056, 0.00186255, -81.1679, 0.000656621, 98.2257
5235, 87.24167, 0.900785, 23.8328, 2.46224, -157.775, 2.01506, 22.8219, 0.000404014, 100.049, 0.00186139, -81.1659, 0.000656361, 98.2344
5235, 87.25000, 0.89993, 23.8224, 2.46046, -157.774, 2.01407, 22.828, 0.000403665, 100.041, 0.00186022, -81.164, 0.0006561, 98.2431
5236, 87.25833, 0.899076, 23.8119, 2.45868, -157.773, 2.01309, 22.8341, 0.000403317, 100.033, 0.00185906, -81.1621, 0.00065584, 98.2517
5236, 87.26667, 0.898225, 23.8015, 2.4569, -157.771, 2.0121, 22.8402, 0.000402969, 100.025, 0.0018579, -81.1602, 0.000655579, 98.2604
5237, 87.27500, 0.897376, 23.7911, 2.45512, -157.77, 2.01112, 22.8463, 0.000402622, 100.018, 0.00185674, -81.1583, 0.000655317, 98.269
5237, 87.28333, 0.896528, 23.7808, 2.45335, -157.769, 2.01013, 22.8523, 0.000402276, 100.01, 0.00185558, -81.1563, 0.000655056, 98.2776
5238, 87.29166, 0.895683, 23.7704, 2.45158, -157.768, 2.00915, 22.8584, 0.000401931, 100.002, 0.00185442, -81.1544, 0.000654794, 98.2862
5238, 87.30000, 0.894839, 23.7601, 2.4498, -157.766, 2.00816, 22.8644, 0.000401586, 99.9949, 0.00185326, -81.1525, 0.000654532, 98.2948
5239, 87.30833, 0.893998, 23.7498, 2.44803, -157.765, 2.00717, 22.8704, 0.000401242, 99.9873, 0.0018521, -81.1505, 0.00065427, 98.3033
5239, 87.31667, 0.893159, 23.7395, 2.44627, -157.764, 2.00619, 22.8764, 0.000400899, 99.9797, 0.00185094, -81.1486, 0.000654008, 98.3119
5239, 87.32500, 0.892321, 23.7293, 2.4445, -157.763, 2.0052, 22.8824, 0.000400557, 99.9722, 0.00184979, -81.1466, 0.000653745, 98.3204
5240, 87.33334, 0.891486, 23.719, 2.44273, -157.761, 2.00421, 22.8884, 0.000400215, 99.9647, 0.00184863, -81.1447, 0.000653482, 98.3289
5241, 87.34167, 0.890652, 23.7088, 2.44097, -157.76, 2.00322, 22.8944, 0.000399875, 99.9572, 0.00184748, -81.1427, 0.000653219, 98.3374
5241, 87.35000, 0.889821, 23.6986, 2.43921, -157.759, 2.00223, 22.9003, 0.000399535, 99.9497, 0.00184633, -81.1408, 0.000652956, 98.3459
5242, 87.35833, 0.888991, 23.6884, 2.43744, -157.758, 2.00124, 22.9062, 0.000399195, 99.9422, 0.00184518, -81.1388, 0.000652692, 98.3544
5242, 87.36667, 0.888164, 23.6783, 2.43569, -157.756, 2.00025, 22.9122, 0.000398857, 99.9348, 0.00184403, -81.1368, 0.000652429, 98.3628
5243, 87.37500, 0.887338, 23.6682, 2.43393, -157.755, 1.99926, 22.9181, 0.000398519, 99.9274, 0.00184288, -81.1349, 0.000652165, 98.3713
5243, 87.38333, 0.886514, 23.658, 2.43217, -157.754, 1.99827, 22.924, 0.000398181, 99.92, 0.00184173, -81.1329, 0.0006519, 98.3797
5244, 87.39167, 0.885692, 23.6479, 2.43041, -157.752, 1.99728, 22.9299, 0.000397845, 99.9126, 0.00184058, -81.1309, 0.000651636, 98.3881
5244, 87.40000, 0.884873, 23.6379, 2.42866, -157.751, 1.99629, 22.9357, 0.000397509, 99.9053, 0.00183943, -81.1289, 0.000651371, 98.3965
5245, 87.40833, 0.884055, 23.6278, 2.42691, -157.75, 1.9953, 22.9416, 0.000397174, 99.8979, 0.00183829, -81.1269, 0.000651106, 98.4048
5245, 87.41666, 0.883239, 23.6178, 2.42516, -157.749, 1.9943, 22.9474, 0.00039684, 99.8906, 0.00183714, -81.125, 0.000650841, 98.4132
5246, 87.42500, 0.882425, 23.6078, 2.42341, -157.747, 1.99331, 22.9533, 0.000396506, 99.8833, 0.001836, -81.123, 0.000650576, 98.4215
5246, 87.43333, 0.881612, 23.5978, 2.42166, -157.746, 1.99232, 22.9591, 0.000396174, 99.8761, 0.00183485, -81.121, 0.00065031, 98.4299
5247, 87.44167, 0.880802, 23.5878, 2.41991, -157.745, 1.99132, 22.9649, 0.000395841, 99.8688, 0.00183371, -81.119, 0.000650045, 98.4382
5247, 87.45000, 0.879994, 23.5779, 2.41817, -157.743, 1.99033, 22.9707, 0.00039551, 99.8616, 0.00183257, -81.117, 0.000649779, 98.4465
5247, 87.45834, 0.879187, 23.568, 2.41643, -157.742, 1.98934, 22.9765, 0.000395179, 99.8544, 0.00183143, -81.115, 0.000649512, 98.4547
5248, 87.46667, 0.878382, 23.558, 2.41468, -157.741, 1.98834, 22.9823, 0.000394849, 99.8472, 0.00183029, -81.113, 0.000649246, 98.463
5249, 87.47500, 0.87758, 23.5482, 2.41294, -157.739, 1.98735, 22.988, 0.00039452, 99.84, 0.00182915, -81.111, 0.000648979, 98.4713
5249, 87.48333, 0.876779, 23.5383, 2.4112, -157.738, 1.98635, 22.9938, 0.000394192, 99.8329, 0.00182801, -81.1089, 0.000648712, 98.4795
5250, 87.49167, 0.87598, 23.5284, 2.40947, -157.737, 1.98536, 22.9995, 0.000393864, 99.8257, 0.00182687, -81.1069, 0.000648445, 98.4877
5250, 87.50000, 0.875182, 23.5186, 2.40773, -157.735, 1.98436, 23.0052, 0.000393536, 99.8186, 0.00182574, -81.1049, 0.000648178, 98.4959
5251, 87.50833, 0.874387, 23.5088, 2.40599, -157.734, 1.98336, 23.0109, 0.00039321, 99.8115, 0.0018246, -81.1029, 0.00064791, 98.5041
5251, 87.51667, 0.873594, 23.499, 2.40426, -157.733, 1.98237, 23.0166, 0.000392884, 99.8044, 0.00182347, -81.1008, 0.000647643, 98.5123
5252, 87.52500, 0.872802, 23.4892, 2.40253, -157.731, 1.98137, 23.0223, 0.000392559, 99.7974, 0.00182233, -81.0988, 0.000647375, 98.5204
5252, 87.53333, 0.872012, 23.4795, 2.4008, -157.73, 1.98037, 23.028, 0.000392235, 99.7904, 0.0018212, -81.0968, 0.000647107, 98.5286
5253, 87.54166, 0.871224, 23.4698, 2.39907, -157.729, 1.97937, 23.0337, 0.000391911, 99.7833, 0.00182007, -81.0947, 0.000646838, 98.5367
5253, 87.55000, 0.870438, 23.46, 2.39734, -157.727, 1.97837, 23.0393, 0.000391588, 99.7763, 0.00181894, -81.0927, 0.00064657, 98.5448
5254, 87.55833, 0.869654, 23.4503, 2.39562, -157.726, 1.97738, 23.045, 0.000391266, 99.7694, 0.00181781, -81.0907, 0.000646301, 98.5529
5254, 87.56667, 0.868871, 23.4407, 2.39389, -157.725, 1.97638, 23.0506, 0.000390944, 99.7624, 0.00181668, -81.0886, 0.000646032, 98.561
5255, 87.57500, 0.86809, 23.431, 2.39217, -157.723, 1.97538, 23.0562, 0.000390623, 99.7555, 0.00181555, -81.0866, 0.000645763, 98.5691
5255, 87.58334, 0.867311, 23.4214, 2.39044, -157.722, 1.97438, 23.0618, 0.000390303, 99.7485, 0.00181442, -81.0845, 0.000645493, 98.5772
5255, 87.59167, 0.866534, 23.4118, 2.38872, -157.721, 1.97338, 23.0674, 0.000389983, 99.7416, 0.0018133, -81.0824, 0.000645224, 98.5852
5256, 87.60000, 0.865759, 23.4022, 2.387, -157.719, 1.97238, 23.073, 0.000389664, 99.7348, 0.00181217, -81.0804, 0.000644954, 98.5933
5257, 87.60833, 0.864985, 23.3926, 2.38529, -157.718, 1.97138, 23.0786, 0.000389346, 99.7279, 0.00181105, -81.0783, 0.000644684, 98.6013
5257, 87.61667, 0.864214, 23.383, 2.38357, -157.716, 1.97037, 23.0842, 0.000389028, 99.721, 0.00180992, -81.0762, 0.000644414, 98.6093
5258, 87.62500, 0.863444, 23.3735, 2.38186, -157.715, 1.96937, 23.0897, 0.000388711, 99.7142, 0.0018088, -81.0742, 0.000644143, 98.6173
5258, 87.63333, 0.862675, 23.364, 2.38014, -157.714, 1.96837, 23.0953, 0.000388395, 99.7074, 0.00180768, -81.0721, 0.000643872, 98.6253
5259, 87.64167, 0.861909, 23.3544, 2.37843, -157.712, 1.96737, 23.1008, 0.00038808, 99.7006, 0.00180656, -81.07, 0.000643602, 98.6332
5259, 87.65000, 0.861144, 23.345, 2.37672, -157.711, 1.96637, 23.1063, 0.000387765, 99.6938, 0.00180544, -81.0679, 0.000643331, 98.6412
5260, 87.65833, 0.860381, 23.3355, 2.37501, -157.71, 1.96536, 23.1118, 0.00038745, 99.6871, 0.00180432, -81.0659, 0.000643059, 98.6491
5260, 87.66666, 0.85962, 23.326, 2.3733, -157.708, 1.96436, 23.1173, 0.000387137, 99.6804, 0.0018032, -81.0638, 0.000642788, 98.657
5261, 87.67500, 0.858861, 23.3166, 2.37159, -157.707, 1.96336, 23.1228, 0.000386824, 99.6736, 0.00180208, -81.0617, 0.000642516, 98.665
5261, 87.68333, 0.858103, 23.3072, 2.36989, -157.705, 1.96235, 23.1283, 0.000386512, 99.6669, 0.00180096, -81.0596, 0.000642245, 98.6729
5262, 87.69167, 0.857347, 23.2978, 2.36818, -157.704, 1.96135, 23.1338, 0.0003862, 99.6603, 0.00179984, -81.0575, 0.000641972, 98.6807
5262, 87.70000, 0.856593, 23.2884, 2.36648, -157.703, 1.96034, 23.1392, 0.000385889, 99.6536, 0.00179873, -81.0554, 0.0006417, 98.6886
5263, 87.70834, 0.85584, 23.2791, 2.36478, -157.701, 1.95934, 23.1447, 0.000385579, 99.647, 0.00179761, -81.0533, 0.000641428, 98.6965
5263, 87.71667, 0.855089, 23.2697, 2.36308, -157.7, 1.95833, 23.1501, 0.000385269, 99.6403, 0.0017965, -81.0512, 0.000641155, 98.7043
5263, 87.72500, 0.85434, 23.2604, 2.36138, -157.698, 1.95733, 23.1555, 0.00038496, 99.6337, 0.00179539, -81.0491, 0.000640883, 98.7122
5264, 87.73333, 0.853593, 23.2511, 2.35968, -157.697, 1.95632, 23.161, 0.000384652, 99.6271, 0.00179428, -81.047, 0.00064061, 98.72
5265, 87.74167, 0.852847, 23.2418, 2.35799, -157.695, 1.95532, 23.1664, 0.000384344, 99.6206, 0.00179316, -81.0448, 0.000640336, 98.7278
5265, 87.75000, 0.852103, 23.2325, 2.35629, -157.694, 1.95431, 23.1718, 0.000384037, 99.614, 0.00179205, -81.0427, 0.000640063, 98.7356
5266, 87.75833, 0.85136, 23.2233, 2.3546, -157.693, 1.9533, 23.1771, 0.00038373, 99.6075, 0.00179094, -81.0406, 0.000639789, 98.7434
5266, 87.76667, 0.85062, 23.214, 2.35291, -157.691, 1.9523, 23.1825, 0.000383424, 99.6009, 0.00178984, -81.0385, 0.000639516, 98.7512
5267, 87.77500, 0.849881, 23.2048, 2.35122, -157.69, 1.95129, 23.1879, 0.000383119, 99.5944, 0.00178873, -81.0363, 0.000639242, 98.7589
5267, 87.78333, 0.849144, 23.1956, 2.34953, -157.688, 1.95028, 23.1932, 0.000382815, 99.588, 0.00178762, -81.0342, 0.000638968, 98.7667
5268, 87.79166, 0.848408, 23.1864, 2.34784, -157.687, 1.94927, 23.1986, 0.000382511, 99.5815, 0.00178651, -81.0321, 0.000638693, 98.7744
5268, 87.80000, 0.847674, 23.1773, 2.34615, -157.685, 1.94827, 23.2039, 0.000382207, 99.575, 0.00178541, -81.0299, 0.000638419, 98.7821
5269, 87.80833, 0.846942, 23.1681, 2.34447, -157.684, 1.94726, 23.2093, 0.000381905, 99.5686, 0.0017843, -81.0278, 0.000638144, 98.7899
5269, 87.81667, 0.846211, 23.159, 2.34279, -157.683, 1.94625, 23.2146, 0.000381603, 99.5622, 0.0017832, -81.0257, 0.000637869, 98.7976
5270, 87.82500, 0.845482, 23.1499, 2.3411, -157.681, 1.94524, 23.2199, 0.000381301, 99.5558, 0.0017821, -81.0235, 0.000637594, 98.8052
5270, 87.83334, 0.844755, 23.1408, 2.33942, -157.68, 1.94423, 23.2252, 0.000381001, 99.5494, 0.00178099, -81.0213, 0.000637319, 98.8129
5271, 87.84167, 0.844029, 23.1317, 2.33774, -157.678, 1.94322, 23.2305, 0.0003807, 99.543, 0.00177989, -81.0192, 0.000637044, 98.8206
5271, 87.85000, 0.843305, 23.1226, 2.33606, -157.677, 1.94221, 23.2358, 0.000380401, 99.5367, 0.00177879, -81.017, 0.000636768, 98.8282
5271, 87.85833, 0.842582, 23.1136, 2.33439, -157.675, 1.9412, 23.241, 0.000380102, 99.5303, 0.00177769, -81.0149, 0.000636492, 98.8359
5272, 87.86667, 0.841862, 23.1045, 2.33271, -157.674, 1.94019, 23.2463, 0.000379804, 99.524, 0.00177659, -81.0127, 0.000636216, 98.8435
5273, 87.87500, 0.841142, 23.0955, 2.33104, -157.672, 1.93918, 23.2515, 0.000379506, 99.5177, 0.00177549, -81.0106, 0.00063594, 98.8511
5273, 87.88333, 0.840425, 23.0865, 2.32936, -157.671, 1.93817, 23.2568, 0.000379209, 99.5115, 0.0017744, -81.0084, 0.000635664, 98.8587
5274, 87.89167, 0.839709, 23.0775, 2.32769, -157.67, 1.93716, 23.262, 0.000378912, 99.5052, 0.0017733, -81.0062, 0.000635387, 98.8663
5274, 87.90000, 0.838995, 23.0686, 2.32602, -157.668, 1.93615, 23.2672, 0.000378616, 99.4989, 0.0017722, -81.004, 0.000635111, 98.8739
5275, 87.90833, 0.838282, 23.0596, 2.32435, -157.667, 1.93513, 23.2724, 0.000378321, 99.4927, 0.00177111, -81.0019, 0.000634834, 98.8815
5275, 87.91666, 0.837571, 23.0507, 2.32268, -157.665, 1.93412, 23.2777, 0.000378026, 99.4865, 0.00177002, -80.9997, 0.000634557, 98.8891
5276, 87.92500, 0.836861, 23.0418, 2.32102, -157.664, 1.93311, 23.2828, 0.000377732, 99.4803, 0.00176892, -80.9975, 0.00063428, 98.8966
5276, 87.93333, 0.836153, 23.0329, 2.31935, -157.662, 1.9321, 23.288, 0.000377439, 99.4741, 0.00176783, -80.9953, 0.000634002, 98.9041
5277, 87.94167, 0.835447, 23.024, 2.31769, -157.661, 1.93108, 23.2932, 0.000377146, 99.4679, 0.00176674, -80.9931, 0.000633725, 98.9117
5277, 87.95000, 0.834742, 23.0151, 2.31602, -157.659, 1.93007, 23.2984, 0.000376854, 99.4618, 0.00176565, -80.9909, 0.000633447, 98.9192
5278, 87.95834, 0.834039, 23.0063, 2.31436, -157.658, 1.92906, 23.3035, 0.000376562, 99.4557, 0.00176456, -80.9887, 0.000633169, 98.9267
5278, 87.96667, 0.833337, 22.9975, 2.3127, -157.656, 1.92804, 23.3087, 0.000376271, 99.4495, 0.00176347, -80.9865, 0.000632891, 98.9342
5279, 87.97500, 0.832637, 22.9886, 2.31104, -157.655, 1.92703, 23.3138, 0.000375981, 99.4434, 0.00176238, -80.9843, 0.000632613, 98.9417
5279, 87.98333, 0.831938, 22.9798, 2.30938, -157.653, 1.92602, 23.319, 0.000375691, 99.4374, 0.00176129, -80.9821, 0.000632334, 98.9492
5279, 87.99167, 0.831241, 22.9711, 2.30773, -157.652, 1.925, 23.3241, 0.000375401, 99.4313, 0.0017602, -80.9799, 0.000632056, 98.9566
5280, 88.00000, 0.830546, 22.9623, 2.30607, -157.65, 1.92399, 23.3292, 0.000375113, 99.4252, 0.00175912, -80.9777, 0.000631777, 98.9641
5281, 88.00833, 0.829852, 22.9535, 2.30442, -157.649, 1.92297, 23.3343, 0.000374824, 99.4192, 0.00175803, -80.9755, 0.000631498, 98.9715
5281, 88.01667, 0.82916, 22.9448, 2.30277, -157.647, 1.92196, 23.3394, 0.000374537, 99.4132, 0.00175694, -80.9732, 0.000631219, 98.9789
5282, 88.02500, 0.828469, 22.9361, 2.30111, -157.646, 1.92094, 23.3445, 0.00037425, 99.4072, 0.00175586, -80.971, 0.00063094, 98.9864
5282, 88.03333, 0.82778, 22.9274, 2.29946, -157.644, 1.91993, 23.3496, 0.000373964, 99.4012, 0.00175478, -80.9688, 0.00063066, 98.9938
5283, 88.04166, 0.827092, 22.9187, 2.29782, -157.643, 1.91891, 23.3547, 0.000373678, 99.3952, 0.00175369, -80.9666, 0.000630381, 99.0012
5283, 88.05000, 0.826406, 22.91, 2.29617, -157.641, 1.91789, 23.3597, 0.000373393, 99.3892, 0.00175261, -80.9643, 0.000630101, 99.0086
5284, 88.05833, 0.825721, 22.9013, 2.29452, -157.64, 1.91688, 23.3648, 0.000373108, 99.3833, 0.00175153, -80.9621, 0.000629821, 99.0159
5284, 88.06667, 0.825038, 22.8927, 2.29288, -157.638, 1.91586, 23.3698, 0.000372824, 99.3774, 0.00175045, -80.9599, 0.000629541, 99.0233
5285, 88.07500, 0.824356, 22.884, 2.29123, -157.637, 1.91484, 23.3749, 0.00037254, 99.3715, 0.00174937, -80.9576, 0.000629261, 99.0307
5285, 88.08334, 0.823676, 22.8754, 2.28959, -157.635, 1.91383, 23.3799, 0.000372257, 99.3656, 0.00174829, -80.9554, 0.00062898, 99.038
5286, 88.09167, 0.822998, 22.8668, 2.28795, -157.633, 1.91281, 23.3849, 0.000371975, 99.3597, 0.00174721, -80.9531, 0.0006287, 99.0454
5286, 88.10000, 0.82232, 22.8582, 2.28631, -157.632, 1.91179, 23.39, 0.000371693, 99.3538, 0.00174614, -80.9509, 0.000628419, 99.0527
5287, 88.10833, 0.821645, 22.8497, 2.28467, -157.63, 1.91078, 23.395, 0.000371412, 99.348, 0.00174506, -80.9486, 0.000628138, 99.06
5287, 88.11667, 0.820971, 22.8411, 2.28303, -157.629, 1.90976, 23.4, 0.000371131, 99.3421, 0.00174398, -80.9464, 0.000627857, 99.0673
5287, 88.12500, 0.820298, 22.8326, 2.2814, -157.627, 1.90874, 23.405, 0.000370851, 99.3363, 0.00174291, -80.9441, 0.000627576, 99.0746
5288, 88.13333, 0.819627, 22.8241, 2.27976, -157.626, 1.90772, 23.41, 0.000370572, 99.3305, 0.00174184, -80.9419, 0.000627294, 99.0819
5289, 88.14167, 0.818957, 22.8155, 2.27813, -157.624, 1.9067, 23.4149, 0.000370293, 99.3247, 0.00174076, -80.9396, 0.000627013, 99.0892
5289, 88.15000, 0.818289, 22.807, 2.27649, -157.623, 1.90568, 23.4199, 0.000370014, 99.3189, 0.00173969, -80.9373, 0.000626731, 99.0965
5290, 88.15833, 0.817622, 22.7986, 2.27486, -157.621, 1.90467, 23.4249, 0.000369737, 99.3132, 0.00173862, -80.9351, 0.000626449, 99.1037
5290, 88.16666, 0.816957, 22.7901, 2.27323, -157.62, 1.90365, 23.4298, 0.000369459, 99.3074, 0.00173755, -80.9328, 0.000626167, 99.111
5291, 88.17500, 0.816293, 22.7816, 2.2716, -157.618, 1.90263, 23.4348, 0.000369183, 99.3017, 0.00173647, -80.9305, 0.000625885, 99.1182
5291, 88.18333, 0.815631, 22.7732, 2.26997, -157.616, 1.90161, 23.4397, 0.000368906, 99.296, 0.0017354, -80.9282, 0.000625603, 99.1254
5292, 88.19167, 0.81497, 22.7648, 2.26835, -157.615, 1.90059, 23.4446, 0.000368631, 99.2903, 0.00173434, -80.926, 0.00062532, 99.1327
5292, 88.20000, 0.81431, 22.7564, 2.26672, -157.613, 1.89957, 23.4496, 0.000368356, 99.2846, 0.00173327, -80.9237, 0.000625038, 99.1399
5293, 88.20834, 0.813652, 22.748, 2.2651, -157.612, 1.89855, 23.4545, 0.000368081, 99.2789, 0.0017322, -80.9214, 0.000624755, 99.1471
5293, 88.21667, 0.812996, 22.7396, 2.26348, -157.61, 1.89753, 23.4594, 0.000367807, 99.2732, 0.00173113, -80.9191, 0.000624472, 99.1543
5294, 88.22500, 0.81234, 22.7312, 2.26185, -157.609, 1.89651, 23.4643, 0.000367534, 99.2676, 0.00173007, -80.9168, 0.000624189, 99.1614
5294, 88.23333, 0.811687, 22.7229, 2.26023, -157.607, 1.89549, 23.4692, 0.000367261, 99.262, 0.001729, -80.9145, 0.000623906, 99.1686
5295, 88.24167, 0.811034, 22.7146, 2.25861, -157.605, 1.89446, 23.4741, 0.000366988, 99.2564, 0.00172794, -80.9122, 0.000623622, 99.1758
5295, 88.25000, 0.810384, 22.7062, 2.257, -157.604, 1.89344, 23.4789, 0.000366717, 99.2508, 0.00172687, -80.9099, 0.000623339, 99.1829
5295, 88.25833, 0.809734, 22.6979, 2.25538, -157.602, 1.89242, 23.4838, 0.000366445, 99.2452, 0.00172581, -80.9076, 0.000623055, 99.1901
5296, 88.26667, 0.809086, 22.6896, 2.25376, -157.601, 1.8914, 23.4887, 0.000366175, 99.2396, 0.00172475, -80.9053, 0.000622771, 99.1972
5297, 88.27500, 0.808439, 22.6814, 2.25215, -157.599, 1.89038, 23.4935, 0.000365904, 99.234, 0.00172368, -80.903, 0.000622487, 99.2044
5297, 88.28333, 0.807794, 22.6731, 2.25054, -157.597, 1.88936, 23.4984, 0.000365635, 99.2285, 0.00172262, -80.9007, 0.000622203, 99.2115
5298, 88.29166, 0.80715, 22.6648, 2.24892, -157.596, 1.88834, 23.5032, 0.000365366, 99.223, 0.00172156, -80.8984, 0.000621919, 99.2186
5298, 88.30000, 0.806508, 22.6566, 2.24731, -157.594, 1.88731, 23.5081, 0.000365097, 99.2174, 0.0017205, -80.896, 0.000621634, 99.2257
5299, 88.30833, 0.805867, 22.6484, 2.2457, -157.593, 1.88629, 23.5129, 0.000364829, 99.2119, 0.00171944, -80.8937, 0.00062135, 99.2328
5299, 88.31667, 0.805227, 22.6402, 2.24409, -157.591, 1.88527, 23.5177, 0.000364561, 99.2065, 0.00171839, -80.8914, 0.000621065, 99.2399
5300, 88.32500, 0.804589, 22.632, 2.24249, -157.589, 1.88425, 23.5225, 0.000364294, 99.201, 0.00171733, -80.8891, 0.00062078, 99.247
5300, 88.33334, 0.803952, 22.6238, 2.24088, -157.588, 1.88322, 23.5273, 0.000364028, 99.1955, 0.00171627, -80.8867, 0.000620495, 99.254
5301, 88.34167, 0.803317, 22.6156, 2.23927, -157.586, 1.8822, 23.5321, 0.000363762, 99.1901, 0.00171521, -80.8844, 0.00062021, 99.2611
5301, 88.35000, 0.802683, 22.6075, 2.23767, -157.585, 1.88118, 23.5369, 0.000363496, 99.1846, 0.00171416, -80.8821, 0.000619925, 99.2681
5302, 88.35833, 0.80205, 22.5993, 2.23607, -157.583, 1.88015, 23.5417, 0.000363232, 99.1792, 0.0017131, -80.8797, 0.000619639, 99.2752
5302, 88.36667, 0.801419, 22.5912, 2.23447, -157.581, 1.87913, 23.5465, 0.000362967, 99.1738, 0.00171205, -80.8774, 0.000619354, 99.2822
5303, 88.37500, 0.800789, 22.5831, 2.23287, -157.58, 1.8781, 23.5513, 0.000362703, 99.1684, 0.001711, -80.875, 0.000619068, 99.2892
5303, 88.38333, 0.80016, 22.575, 2.23127, -157.578, 1.87708, 23.5561, 0.00036244, 99.1631, 0.00170994, -80.8727, 0.000618782, 99.2963
5303, 88.39167, 0.799533, 22.5669, 2.22967, -157.576, 1.87606, 23.5608, 0.000362177, 99.1577, 0.00170889, -80.8703, 0.000618496, 99.3033
5304, 88.40000, 0.798907, 22.5588, 2.22807, -157.575, 1.87503, 23.5656, 0.000361915, 99.1523, 0.00170784, -80.868, 0.00061821, 99.3103
5305, 88.40833, 0.798283, 22.5507, 2.22648, -157.573, 1.87401, 23.5703, 0.000361653, 99.147, 0.00170679, -80.8656, 0.000617924, 99.3173
5305, 88.41666, 0.797659, 22.5427, 2.22488, -157.572, 1.87298, 23.5751, 0.000361392, 99.1417, 0.00170574, -80.8633, 0.000617637, 99.3243
5306, 88.42500, 0.797037, 22.5347, 2.22329, -157.57, 1.87196, 23.5798, 0.000361131, 99.1364, 0.00170469, -80.8609, 0.000617351, 99.3312
5306, 88.43333, 0.796417, 22.5266, 2.2217, -157.568, 1.87093, 23.5845, 0.000360871, 99.1311, 0.00170364, -80.8586, 0.000617064, 99.3382
5307, 88.44167, 0.795798, 22.5186, 2.22011, -157.567, 1.86991, 23.5892, 0.000360611, 99.1258, 0.0017026, -80.8562, 0.000616777, 99.3452
5307, 88.45000, 0.79518, 22.5106, 2.21852, -157.565, 1.86888, 23.594, 0.000360352, 99.1205, 0.00170155, -80.8538, 0.00061649, 99.3521
5308, 88.45834, 0.794563, 22.5026, 2.21693, -157.563, 1.86786, 23.5987, 0.000360093, 99.1153, 0.0017005, -80.8514, 0.000616203, 99.3591
5308, 88.46667, 0.793948, 22.4947, 2.21534, -157.562, 1.86683, 23.6034, 0.000359835, 99.11, 0.00169946, -80.8491, 0.000615916, 99.366
5309, 88.47500, 0.793334, 22.4867, 2.21375, -157.56, 1.86581, 23.6081, 0.000359577, 99.1048, 0.00169841, -80.8467, 0.000615628, 99.3729
5309, 88.48333, 0.792722, 22.4788, 2.21217, -157.558, 1.86478, 23.6128, 0.00035932, 99.0996, 0.00169737, -80.8443, 0.000615341, 99.3799
5310, 88.49167, 0.792111, 22.4708, 2.21058, -157.557, 1.86375, 23.6174, 0.000359063, 99.0944, 0.00169632, -80.8419, 0.000615053, 99.3868
5310, 88.50000, 0.791501, 22.4629, 2.209, -157.555, 1.86273, 23.6221, 0.000358807, 99.0892, 0.00169528, -80.8395, 0.000614765, 99.3937
5311, 88.50833, 0.790892, 22.455, 2.20742, -157.553, 1.8617, 23.6268, 0.000358551, 99.084, 0.00169424, -80.8371, 0.000614478, 99.4006
5311, 88.51667, 0.790285, 22.4471, 2.20584, -157.552, 1.86068, 23.6315, 0.000358296, 99.0788, 0.0016932, -80.8347, 0.000614189, 99.4075
5311, 88.52500, 0.789679, 22.4392, 2.20426, -157.55, 1.85965, 23.6361, 0.000358041, 99.0737, 0.00169215, -80.8323, 0.000613901, 99.4144
5312, 88.53333, 0.789074, 22.4314, 2.20268, -157.548, 1.85862, 23.6408, 0.000357786, 99.0685, 0.00169111, -80.8299, 0.000613613, 99.4212
5313, 88.54166, 0.78847, 22.4235, 2.2011, -157.547, 1.8576, 23.6454, 0.000357533, 99.0634, 0.00169007, -80.8275, 0.000613325, 99.4281
5313, 88.55000, 0.787868, 22.4156, 2.19953, -157.545, 1.85657, 23.6501, 0.000357279, 99.0583, 0.00168904, -80.8251, 0.000613036, 99.435
5314, 88.55833, 0.787268, 22.4078, 2.19795, -157.543, 1.85554, 23.6547, 0.000357027, 99.0532, 0.001688, -80.8227, 0.000612747, 99.4418
5314, 88.56667, 0.786668, 22.4, 2.19638, -157.541, 1.85451, 23.6593, 0.000356774, 99.0481, 0.00168696, -80.8203, 0.000612458, 99.4487
5315, 88.57500, 0.78607, 22.3922, 2.1948, -157.54, 1.85349, 23.664, 0.000356522, 99.043, 0.00168592, -80.8179, 0.000612169, 99.4555
5315, 88.58334, 0.785473, 22.3844, 2.19323, -157.538, 1.85246, 23.6686, 0.000356271, 99.038, 0.00168489, -80.8155, 0.00061188, 99.4623
5316, 88.59167, 0.784877, 22.3766, 2.19166, -157.536, 1.85143, 23.6732, 0.00035602, 99.0329, 0.00168385, -80.8131, 0.000611591, 99.4692
5316, 88.60000, 0.784282, 22.3688, 2.19009, -157.535, 1.8504, 23.6778, 0.00035577, 99.0279, 0.00168282, -80.8106, 0.000611302, 99.476
5316, 88.60833, 0.783689, 22.3611, 2.18852, -157.533, 1.84938, 23.6824, 0.00035552, 99.0228, 0.00168178, -80.8082, 0.000611012, 99.4828
5317, 88.61667, 0.783097, 22.3533, 2.18695, -157.531, 1.84835, 23.687, 0.000355271, 99.0178, 0.00168075, -80.8058, 0.000610723, 99.4896
5318, 88.62500, 0.782507, 22.3456, 2.18539, -157.53, 1.84732, 23.6916, 0.000355022, 99.0128, 0.00167972, -80.8034, 0.000610433, 99.4964
5318, 88.63333, 0.781917, 22.3379, 2.18382, -157.528, 1.84629, 23.6962, 0.000354773, 99.0078, 0.00167868, -80.8009, 0.000610143, 99.5032
5319, 88.64167, 0.781329, 22.3302, 2.18226, -157.526, 1.84526, 23.7007, 0.000354525, 99.0029, 0.00167765, -80.7985, 0.000609853, 99.51
5319, 88.65000, 0.780742, 22.3225, 2.1807, -157.524, 1.84423, 23.7053, 0.000354278, 98.9979, 0.00167662, -80.7961, 0.000609563, 99.5167
5319, 88.65833, 0.780156, 22.3148, 2.17913, -157.523, 1.84321, 23.7099, 0.000354031, 98.9929, 0.00167559, -80.7936, 0.000609273, 99.5235
5320, 88.66666, 0.779572, 22.3071, 2.17757, -157.521, 1.84218, 23.7145, 0.000353784, 98.988, 0.00167456, -80.7912, 0.000608982, 99.5303
5321, 88.67500, 0.778989, 22.2994, 2.17601, -157.519, 1.84115, 23.719, 0.000353538, 98.9831, 0.00167353, -80.7887, 0.000608692, 99.537
5321, 88.68333, 0.778407, 22.2918, 2.17446, -157.517, 1.84012, 23.7236, 0.000353293, 98.9782, 0.0016725, -80.7863, 0.000608401, 99.5438
5322, 88.69167, 0.777826, 22.2841, 2.1729, -157.516, 1.83909, 23.7281, 0.000353047, 98.9733, 0.00167147, -80.7838, 0.00060811, 99.5505
5322, 88.70000, 0.777246, 22.2765, 2.17134, -157.514, 1.83806, 23.7326, 0.000352803, 98.9684, 0.00167045, -80.7813, 0.000607819, 99.5573
5323, 88.70834, 0.776668, 22.2689, 2.16979, -157.512, 1.83703, 23.7372, 0.000352559, 98.9635, 0.00166942, -80.7789, 0.000607528, 99.564
5323, 88.71667, 0.776091, 22.2613, 2.16823, -157.511, 1.836, 23.7417, 0.000352315, 98.9586, 0.0016684, -80.7764, 0.000607237, 99.5707
5324, 88.72500, 0.775515, 22.2537, 2.16668, -157.509, 1.83497, 23.7462, 0.000352072, 98.9538, 0.00166737, -80.774, 0.000606946, 99.5774
5324, 88.73333, 0.77494, 22.2461, 2.16513, -157.507, 1.83394, 23.7508, 0.000351829, 98.9489, 0.00166635, -80.7715, 0.000606655, 99.5841
5324, 88.74167, 0.774367, 22.2385, 2.16358, -157.505, 1.83291, 23.7553, 0.000351586, 98.9441, 0.00166532, -80.769, 0.000606363, 99.5908
5325, 88.75000, 0.773795, 22.231, 2.16203, -157.504, 1.83188, 23.7598, 0.000351345, 98.9392, 0.0016643, -80.7666, 0.000606072, 99.5975
5326, 88.75833, 0.773224, 22.2234, 2.16048, -157.502, 1.83085, 23.7643, 0.000351103, 98.9344, 0.00166328, -80.7641, 0.00060578, 99.6042
5326, 88.76667, 0.772654, 22.2159, 2.15893, -157.5, 1.82982, 23.7688, 0.000350862, 98.9296, 0.00166225, -80.7616, 0.000605488, 99.6109
5327, 88.77500, 0.772085, 22.2083, 2.15738, -157.498, 1.82879, 23.7733, 0.000350622, 98.9249, 0.00166123, -80.7591, 0.000605196, 99.6176
5327, 88.78333, 0.771518, 22.2008, 2.15584, -157.496, 1.82776, 23.7778, 0.000350382, 98.9201, 0.00166021, -80.7566, 0.000604904, 99.6242
5328, 88.79166, 0.770952, 22.1933, 2.15429, -157.495, 1.82673, 23.7822, 0.000350142, 98.9153, 0.00165919, -80.7541, 0.000604612, 99.6309
5328, 88.80000, 0.770387, 22.1858, 2.15275, -157.493, 1.8257, 23.7867, 0.000349903, 98.9106, 0.00165817, -80.7516, 0.00060432, 99.6376
5329, 88.80833, 0.769823, 22.1783, 2.15121, -157.491, 1.82467, 23.7912, 0.000349664, 98.9058, 0.00165715, -80.7492, 0.000604027, 99.6442
5329, 88.81667, 0.76926, 22.1709, 2.14967, -157.489, 1.82364, 23.7957, 0.000349426, 98.9011, 0.00165613, -80.7467, 0.000603735, 99.6509
5330, 88.82500, 0.768699, 22.1634, 2.14813, -157.488, 1.82261, 23.8001, 0.000349188, 98.8964, 0.00165512, -80.7442, 0.000603442, 99.6575
5330, 88.83334, 0.768138, 22.156, 2.14659, -157.486, 1.82158, 23.8046, 0.000348951, 98.8917, 0.0016541, -80.7417, 0.000603149, 99.6641
5331, 88.84167, 0.767579, 22.1485, 2.14505, -157.484, 1.82055, 23.809, 0.000348714, 98.887, 0.00165308, -80.7392, 0.000602857, 99.6708
5331, 88.85000, 0.767021, 22.1411, 2.14351, -157.482, 1.81951, 23.8135, 0.000348478, 98.8823, 0.00165207, -80.7366, 0.000602564, 99.6774
5332, 88.85833, 0.766464, 22.1337, 2.14198, -157.48, 1.81848, 23.8179, 0.000348242, 98.8776, 0.00165105, -80.7341, 0.000602271, 99.684
5332, 88.86667, 0.765909, 22.1263, 2.14044, -157.479, 1.81745, 23.8224, 0.000348006, 98.8729, 0.00165004, -80.7316, 0.000601977, 99.6906
5332, 88.87500, 0.765354, 22.1189, 2.13891, -157.477, 1.81642, 23.8268, 0.000347771, 98.8683, 0.00164902, -80.7291, 0.000601684, 99.6972
5333, 88.88333, 0.764801, 22.1115, 2.13737, -157.475, 1.81539, 23.8312, 0.000347536, 98.8637, 0.00164801, -80.7266, 0.000601391, 99.7038
5334, 88.89167, 0.764249, 22.1041, 2.13584, -157.473, 1.81436, 23.8357, 0.000347302, 98.859, 0.001647, -80.7241, 0.000601097, 99.7104
5334, 88.90000, 0.763698, 22.0967, 2.13431, -157.471, 1.81333, 23.8401, 0.000347068, 98.8544, 0.00164599, -80.7215, 0.000600803, 99.717
5335, 88.90833, 0.763148, 22.0894, 2.13278, -157.47, 1.81229, 23.8445, 0.000346835, 98.8498, 0.00164497, -80.719, 0.00060051, 99.7236
5335, 88.91666, 0.762599, 22.082, 2.13125, -157.468, 1.81126, 23.8489, 0.000346602, 98.8452, 0.00164396, -80.7165, 0.000600216, 99.7301
5336, 88.92500, 0.762052, 22.0747, 2.12973, -157.466, 1.81023, 23.8533, 0.00034637, 98.8406, 0.00164295, -80.714, 0.000599922, 99.7367
5336, 88.93333, 0.761505, 22.0674, 2.1282, -157.464, 1.8092, 23.8577, 0.000346138, 98.8361, 0.00164194, -80.7114, 0.000599628, 99.7433
5337, 88.94167, 0.76096, 22.0601, 2.12667, -157.462, 1.80817, 23.8621, 0.000345906, 98.8315, 0.00164094, -80.7089, 0.000599333, 99.7498
5337, 88.95000, 0.760416, 22.0528, 2.12515, -157.461, 1.80713, 23.8665, 0.000345675, 98.8269, 0.00163993, -80.7063, 0.000599039, 99.7564
5338, 88.95834, 0.759873, 22.0455, 2.12363, -157.459, 1.8061, 23.8709, 0.000345444, 98.8224, 0.00163892, -80.7038, 0.000598745, 99.7629
5338, 88.96667, 0.759331, 22.0382, 2.1221, -157.457, 1.80507, 23.8753, 0.000345214, 98.8179, 0.00163791, -80.7012, 0.00059845, 99.7695
5339, 88.97500, 0.75879, 22.0309, 2.12058, -157.455, 1.80404, 23.8797, 0.000344984, 98.8133, 0.00163691, -80.6987, 0.000598155, 99.776
5339, 88.98333, 0.75825, 22.0237, 2.11906, -157.453, 1.80301, 23.8841, 0.000344754, 98.8088, 0.0016359, -80.6961, 0.000597861, 99.7825
5340, 88.99167, 0.757712, 22.0164, 2.11754, -157.451, 1.80197, 23.8884, 0.000344525, 98.8043, 0.00163489, -80.6936, 0.000597566, 99.7891
5340, 89.00000, 0.757174, 22.0092, 2.11602, -157.45, 1.80094, 23.8928, 0.000344297, 98.7999, 0.00163389, -80.691, 0.000597271, 99.7956
5340, 89.00833, 0.756638, 22.0019, 2.11451, -157.448, 1.79991, 23.8972, 0.000344069, 98.7954, 0.00163289, -80.6885, 0.000596976, 99.8021
5341, 89.01667, 0.756103, 21.9947, 2.11299, -157.446, 1.79888, 23.9015, 0.000343841, 98.7909, 0.00163188, -80.6859, 0.000596681, 99.8086
5342, 89.02500, 0.755569, 21.9875, 2.11147, -157.444, 1.79784, 23.9059, 0.000343614, 98.7865, 0.00163088, -80.6833, 0.000596385, 99.8151
5342, 89.03333, 0.755036, 21.9803, 2.10996, -157.442, 1.79681, 23.9102, 0.000343387, 98.782, 0.00162988, -80.6808, 0.00059609, 99.8216
5343, 89.04166, 0.754504, 21.9731, 2.10845, -157.44, 1.79578, 23.9146, 0.00034316, 98.7776, 0.00162887, -80.6782, 0.000595795, 99.8281
5343, 89.05000, 0.753973, 21.9659, 2.10693, -157.438, 1.79474, 23.9189, 0.000342934, 98.7731, 0.00162787, -80.6756, 0.000595499, 99.8346
5344, 89.05833, 0.753443, 21.9588, 2.10542, -157.437, 1.79371, 23.9232, 0.000342709, 98.7687, 0.00162687, -80.673, 0.000595203, 99.8411
5344, 89.06667, 0.752915, 21.9516, 2.10391, -157.435, 1.79268, 23.9276, 0.000342483, 98.7643, 0.00162587, -80.6704, 0.000594907, 99.8476
5345, 89.07500, 0.752387, 21.9444, 2.1024, -157.433, 1.79164, 23.9319, 0.000342259, 98.7599, 0.00162487, -80.6679, 0.000594612, 99.854
5345, 89.08334, 0.751861, 21.9373, 2.1009, -157.431, 1.79061, 23.9362, 0.000342034, 98.7556, 0.00162387, -80.6653, 0.000594316, 99.8605
5346, 89.09167, 0.751335, 21.9302, 2.09939, -157.429, 1.78958, 23.9406, 0.00034181, 98.7512, 0.00162288, -80.6627, 0.000594019, 99.867
5346, 89.10000, 0.750811, 21.923, 2.09788, -157.427, 1.78854, 23.9449, 0.000341587, 98.7468, 0.00162188, -80.6601, 0.000593723, 99.8734
5347, 89.10833, 0.750288, 21.9159, 2.09638, -157.425, 1.78751, 23.9492, 0.000341364, 98.7425, 0.00162088, -80.6575, 0.000593427, 99.8799
5347, 89.11667, 0.749766, 21.9088, 2.09487, -157.423, 1.78648, 23.9535, 0.000341141, 98.7381, 0.00161988, -80.6549, 0.00059313, 99.8863
5348, 89.12500, 0.749245, 21.9017, 2.09337, -157.422, 1.78544, 23.9578, 0.000340919, 98.7338, 0.00161889, -80.6523, 0.000592834, 99.8928
5348, 89.13333, 0.748725, 21.8946, 2.09187, -157.42, 1.78441, 23.9621, 0.000340697, 98.7295, 0.00161789, -80.6497, 0.000592537, 99.8992
5348, 89.14167, 0.748206, 21.8876, 2.09037, -157.418, 1.78338, 23.9664, 0.000340475, 98.7252, 0.0016169, -80.6471, 0.000592241, 99.9056
5349, 89.15000, 0.747688, 21.8805, 2.08887, -157.416, 1.78234, 23.9707, 0.000340254, 98.7208, 0.0016159, -80.6445, 0.000591944, 99.9121
5350, 89.15833, 0.747171, 21.8734, 2.08737, -157.414, 1.78131, 23.975, 0.000340034, 98.7166, 0.00161491, -80.6419, 0.000591647, 99.9185
5350, 89.16666, 0.746656, 21.8664, 2.08587, -157.412, 1.78028, 23.9793, 0.000339813, 98.7123, 0.00161392, -80.6393, 0.00059135, 99.9249
5351, 89.17500, 0.746141, 21.8594, 2.08437, -157.41, 1.77924, 23.9836, 0.000339594, 98.708, 0.00161293, -80.6366, 0.000591053, 99.9313
5351, 89.18333, 0.745628, 21.8523, 2.08288, -157.408, 1.77821, 23.9878, 0.000339374, 98.7037, 0.00161193, -80.634, 0.000590756, 99.9377
5352, 89.19167, 0.745115, 21.8453, 2.08138, -157.406, 1.77717, 23.9921, 0.000339155, 98.6995, 0.00161094, -80.6314, 0.000590458, 99.9441
5352, 89.20000, 0.744604, 21.8383, 2.07989, -157.404, 1.77614, 23.9964, 0.000338936, 98.6952, 0.00160995, -80.6288, 0.000590161, 99.9505
5353, 89.20834, 0.744093, 21.8313, 2.07839, -157.403, 1.77511, 24.0007, 0.000338718, 98.691, 0.00160896, -80.6261, 0.000589863, 99.9569
5353, 89.21667, 0.743584, 21.8243, 2.0769, -157.401, 1.77407, 24.0049, 0.0003385, 98.6868, 0.00160797, -80.6235, 0.000589566, 99.9633
5354, 89.22500, 0.743075, 21.8173, 2.07541, -157.399, 1.77304, 24.0092, 0.000338283, 98.6826, 0.00160698, -80.6209, 0.000589268, 99.9697
5354, 89.23333, 0.742568, 21.8103, 2.07392, -157.397, 1.772, 24.0134, 0.000338066, 98.6784, 0.00160599, -80.6182, 0.00058897, 99.9761
5355, 89.24167, 0.742062, 21.8034, 2.07243, -157.395, 1.77097, 24.0177, 0.000337849, 98.6742, 0.00160501, -80.6156, 0.000588672, 99.9825
5355, 89.25000, 0.741556, 21.7964, 2.07094, -157.393, 1.76994, 24.0219, 0.000337633, 98.67, 0.00160402, -80.6129, 0.000588375, 99.9888
5356, 89.25833, 0.741052, 21.7895, 2.06945, -157.391, 1.7689, 24.0262, 0.000337417, 98.6658, 0.00160303, -80.6103, 0.000588076, 99.9952
5356, 89.26667, 0.740549, 21.7825, 2.06797, -157.389, 1.76787, 24.0304, 0.000337202, 98.6616, 0.00160205, -80.6076, 0.000587778, 100.002
5356, 89.27500, 0.740047, 21.7756, 2.06648, -157.387, 1.76683, 24.0347, 0.000336987, 98.6575, 0.00160106, -80.605, 0.00058748, 100.008
5357, 89.28333, 0.739546, 21.7687, 2.065, -157.385, 1.7658, 24.0389, 0.000336772, 98.6533, 0.00160008, -80.6023, 0.000587182, 100.014
5358, 89.29166, 0.739046, 21.7617, 2.06351, -157.383, 1.76476, 24.0431, 0.000336558, 98.6492, 0.00159909, -80.5997, 0.000586883, 100.021
5358, 89.30000, 0.738547, 21.7548, 2.06203, -157.381, 1.76373, 24.0474, 0.000336344, 98.6451, 0.00159811, -80.597, 0.000586585, 100.027
5359, 89.30833, 0.738048, 21.7479, 2.06055, -157.379, 1.76269, 24.0516, 0.00033613, 98.6409, 0.00159712, -80.5943, 0.000586286, 100.033
5359, 89.31667, 0.737551, 21.7411, 2.05907, -157.377, 1.76166, 24.0558, 0.000335917, 98.6368, 0.00159614, -80.5917, 0.000585987, 100.04
5360, 89.32500, 0.737055, 21.7342, 2.05759, -157.375, 1.76063, 24.06, 0.000335705, 98.6327, 0.00159516, -80.589, 0.000585689, 100.046
5360, 89.33334, 0.73656, 21.7273, 2.05611, -157.373, 1.75959, 24.0643, 0.000335492, 98.6286, 0.00159418, -80.5863, 0.00058539, 100.052
5361, 89.34167, 0.736066, 21.7204, 2.05463, -157.371, 1.75856, 24.0685, 0.00033528, 98.6245, 0.0015932, -80.5836, 0.000585091, 100.059
5361, 89.35000, 0.735573, 21.7136, 2.05316, -157.369, 1.75752, 24.0727, 0.000335069, 98.6205, 0.00159222, -80.581, 0.000584792, 100.065
5362, 89.35833, 0.735081, 21.7067, 2.05168, -157.368, 1.75649, 24.0769, 0.000334857, 98.6164, 0.00159124, -80.5783, 0.000584492, 100.071
5362, 89.36667, 0.73459, 21.6999, 2.0502, -157.366, 1.75545, 24.0811, 0.000334647, 98.6123, 0.00159026, -80.5756, 0.000584193, 100.078
5363, 89.37500, 0.7341, 21.6931, 2.04873, -157.364, 1.75442, 24.0853, 0.000334436, 98.6083, 0.00158928, -80.5729, 0.000583894, 100.084
5363, 89.38333, 0.733611, 21.6863, 2.04726, -157.362, 1.75338, 24.0895, 0.000334226, 98.6043, 0.0015883, -80.5702, 0.000583594, 100.09
5364, 89.39167, 0.733123, 21.6794, 2.04579, -157.36, 1.75235, 24.0937, 0.000334017, 98.6002, 0.00158732, -80.5675, 0.000583295, 100.097
5364, 89.40000, 0.732636, 21.6726, 2.04431, -157.358, 1.75131, 24.0979, 0.000333807, 98.5962, 0.00158634, -80.5648, 0.000582995, 100.103
5364, 89.40833, 0.73215, 21.6658, 2.04284, -157.356, 1.75028, 24.1021, 0.000333598, 98.5922, 0.00158537, -80.5621, 0.000582695, 100.109
5365, 89.41666, 0.731665, 21.659, 2.04138, -157.354, 1.74924, 24.1063, 0.00033339, 98.5882, 0.00158439, -80.5594, 0.000582396, 100.115
5366, 89.42500, 0.731181, 21.6523, 2.03991, -157.352, 1.74821, 24.1104, 0.000333182, 98.5842, 0.00158342, -80.5567, 0.000582096, 100.122
5366, 89.43333, 0.730697, 21.6455, 2.03844, -157.35, 1.74717, 24.1146, 0.000332974, 98.5802, 0.00158244, -80.554, 0.000581796, 100.128
5367, 89.44167, 0.730215, 21.6387, 2.03697, -157.348, 1.74614, 24.1188, 0.000332767, 98.5762, 0.00158147, -80.5513, 0.000581496, 100.134
5367, 89.45000, 0.729734, 21.632, 2.03551, -157.346, 1.7451, 24.123, 0.00033256, 98.5723, 0.00158049, -80.5486, 0.000581196, 100.141
5368, 89.45834, 0.729254, 21.6252, 2.03404, -157.344, 1.74407, 24.1271, 0.000332353, 98.5683, 0.00157952, -80.5459, 0.000580895, 100.147
5368, 89.46667, 0.728774, 21.6185, 2.03258, -157.342, 1.74303, 24.1313, 0.000332147, 98.5644, 0.00157855, -80.5432, 0.000580595, 100.153
5369, 89.47500, 0.728296, 21.6118, 2.03112, -157.34, 1.742, 24.1355, 0.000331941, 98.5604, 0.00157757, -80.5404, 0.000580295, 100.159
5369, 89.48333, 0.727819, 21.605, 2.02966, -157.338, 1.74096, 24.1396, 0.000331735, 98.5565, 0.0015766, -80.5377, 0.000579994, 100.166
5370, 89.49167, 0.727342, 21.5983, 2.02819, -157.336, 1.73993, 24.1438, 0.00033153, 98.5526, 0.00157563, -80.535, 0.000579694, 100.172
5370, 89.50000, 0.726867, 21.5916, 2.02674, -157.333, 1.73889, 24.1479, 0.000331326, 98.5487, 0.00157466, -80.5322, 0.000579393, 100.178
5371, 89.50833, 0.726393, 21.5849, 2.02528, -157.331, 1.73786, 24.1521, 0.000331121, 98.5447, 0.00157369, -80.5295, 0.000579092, 100.184
5371, 89.51667, 0.725919, 21.5782, 2.02382, -157.329, 1.73682, 24.1562, 0.000330917, 98.5408, 0.00157272, -80.5268, 0.000578791, 100.191
5372, 89.52500, 0.725447, 21.5715, 2.02236, -157.327, 1.73579, 24.1604, 0.000330713, 98.537, 0.00157175, -80.524, 0.00057849, 100.197
5372, 89.53333, 0.724975, 21.5649, 2.02091, -157.325, 1.73475, 24.1645, 0.00033051, 98.5331, 0.00157078, -80.5213, 0.000578189, 100.203
5372, 89.54166, 0.724504, 21.5582, 2.01945, -157.323, 1.73372, 24.1687, 0.000330307, 98.5292, 0.00156981, -80.5185, 0.000577888, 100.209
5373, 89.55000, 0.724035, 21.5515, 2.018, -157.321, 1.73268, 24.1728, 0.000330105, 98.5253, 0.00156885, -80.5158, 0.000577587, 100.216
5374, 89.55833, 0.723566, 21.5449, 2.01654, -157.319, 1.73165, 24.1769, 0.000329902, 98.5215, 0.00156788, -80.513, 0.000577286, 100.222
5374, 89.56667, 0.723098, 21.5382, 2.01509, -157.317, 1.73061, 24.1811, 0.000329701, 98.5176, 0.00156691, -80.5103, 0.000576985, 100.228
5375, 89.57500, 0.722631, 21.5316, 2.01364, -157.315, 1.72958, 24.1852, 0.000329499, 98.5138, 0.00156595, -80.5075, 0.000576683, 100.234
5375, 89.58334, 0.722165, 21.5249, 2.01219, -157.313, 1.72854, 24.1893, 0.000329298, 98.51, 0.00156498, -80.5048, 0.000576382, 100.241
5376, 89.59167, 0.7217, 21.5183, 2.01074, -157.311, 1.72751, 24.1935, 0.000329097, 98.5061, 0.00156402, -80.502, 0.00057608, 100.247
5376, 89.60000, 0.721236, 21.5117, 2.00929, -157.309, 1.72647, 24.1976, 0.000328897, 98.5023, 0.00156305, -80.4992, 0.000575778, 100.253
5377, 89.60833, 0.720773, 21.5051, 2.00784, -157.307, 1.72544, 24.2017, 0.000328697, 98.4985, 0.00156209, -80.4965, 0.000575477, 100.259
5377, 89.61667, 0.720311, 21.4985, 2.00639, -157.305, 1.7244, 24.2058, 0.000328497, 98.4947, 0.00156112, -80.4937, 0.000575175, 100.265
5378, 89.62500, 0.719849, 21.4919, 2.00495, -157.303, 1.72337, 24.2099, 0.000328298, 98.4909, 0.00156016, -80.4909, 0.000574873, 100.272
5378, 89.63333, 0.719389, 21.4853, 2.0035, -157.301, 1.72233, 24.214, 0.000328099, 98.4872, 0.0015592, -80.4881, 0.000574571, 100.278
5379, 89.64167, 0.718929, 21.4787, 2.00206, -157.299, 1.7213, 24.2182, 0.0003279, 98.4834, 0.00155824, -80.4854, 0.000574269, 100.284
5379, 89.65000, 0.718471, 21.4721, 2.00062, -157.296, 1.72026, 24.2223, 0.000327702, 98.4796, 0.00155728, -80.4826, 0.000573967, 100.29
5380, 89.65833, 0.718013, 21.4656, 1.99917, -157.294, 1.71923, 24.2264, 0.000327504, 98.4759, 0.00155631, -80.4798, 0.000573664, 100.296
5380, 89.66666, 0.717556, 21.459, 1.99773, -157.292, 1.71819, 24.2305, 0.000327306, 98.4721, 0.00155535, -80.477, 0.000573362, 100.303
5380, 89.67500, 0.717101, 21.4525, 1.99629, -157.29, 1.71716, 24.2346, 0.000327109, 98.4684, 0.00155439, -80.4742, 0.00057306, 100.309
5381, 89.68333, 0.716646, 21.4459, 1.99485, -157.288, 1.71612, 24.2387, 0.000326912, 98.4646, 0.00155343, -80.4714, 0.000572757, 100.315
5382, 89.69167, 0.716192, 21.4394, 1.99341, -157.286, 1.71508, 24.2428, 0.000326716, 98.4609, 0.00155248, -80.4686, 0.000572455, 100.321
5382, 89.70000, 0.715739, 21.4328, 1.99197, -157.284, 1.71405, 24.2469, 0.00032652, 98.4572, 0.00155152, -80.4658, 0.000572152, 100.327
5383, 89.70834, 0.715286, 21.4263, 1.99054, -157.282, 1.71301, 24.2509, 0.000326324, 98.4535, 0.00155056, -80.463, 0.00057185, 100.334
5383, 89.71667, 0.714835, 21.4198, 1.9891, -157.28, 1.71198, 24.255, 0.000326128, 98.4498, 0.0015496, -80.4602, 0.000571547, 100.34
5384, 89.72500, 0.714385, 21.4133, 1.98767, -157.278, 1.71094, 24.2591, 0.000325933, 98.4461, 0.00154865, -80.4574, 0.000571244, 100.346
5384, 89.73333, 0.713935, 21.4068, 1.98623, -157.275, 1.70991, 24.2632, 0.000325738, 98.4424, 0.00154769, -80.4546, 0.000570941, 100.352
5385, 89.74167, 0.713487, 21.4003, 1.9848, -157.273, 1.70887, 24.2673, 0.000325544, 98.4387, 0.00154673, -80.4517, 0.000570638, 100.358
5385, 89.75000, 0.713039, 21.3938, 1.98337, -157.271, 1.70784, 24.2714, 0.00032535, 98.435, 0.00154578, -80.4489, 0.000570335, 100.364
5386, 89.75833, 0.712592, 21.3873, 1.98193, -157.269, 1.7068, 24.2754, 0.000325156, 98.4314, 0.00154482, -80.4461, 0.000570032, 100.371
5386, 89.76667, 0.712146, 21.3808, 1.9805, -157.267, 1.70577, 24.2795, 0.000324963, 98.4277, 0.00154387, -80.4433, 0.000569729, 100.377
5387, 89.77500, 0.711701, 21.3744, 1.97907, -157.265, 1.70473, 24.2836, 0.00032477, 98.4241, 0.00154292, -80.4404, 0.000569425, 100.383
5387, 89.78333, 0.711257, 21.3679, 1.97764, -157.263, 1.7037, 24.2877, 0.000324577, 98.4204, 0.00154196, -80.4376, 0.000569122, 100.389
5388, 89.79166, 0.710814, 21.3614, 1.97622, -157.261, 1.70266, 24.2917, 0.000324385, 98.4168, 0.00154101, -80.4348, 0.000568818, 100.395
5388, 89.80000, 0.710371, 21.355, 1.97479, -157.258, 1.70163, 24.2958, 0.000324192, 98.4132, 0.00154006, -80.4319, 0.000568515, 100.401
5388, 89.80833, 0.70993, 21.3485, 1.97336, -157.256, 1.70059, 24.2999, 0.000324001, 98.4095, 0.00153911, -80.4291, 0.000568211, 100.407
5389, 89.81667, 0.709489, 21.3421, 1.97194, -157.254, 1.69956, 24.3039, 0.000323809, 98.4059, 0.00153816, -80.4262, 0.000567908, 100.414
5390, 89.82500, 0.709049, 21.3357, 1.97051, -157.252, 1.69852, 24.308, 0.000323618, 98.4023, 0.0015372, -80.4234, 0.000567604, 100.42
5390, 89.83334, 0.70861, 21.3293, 1.96909, -157.25, 1.69749, 24.312, 0.000323428, 98.3987, 0.00153625, -80.4205, 0.0005673, 100.426
5391, 89.84167, 0.708172, 21.3228, 1.96767, -157.248, 1.69645, 24.3161, 0.000323237, 98.3951, 0.0015353, -80.4177, 0.000566996, 100.432
5391, 89.85000, 0.707735, 21.3164, 1.96624, -157.246, 1.69542, 24.3201, 0.000323047, 98.3916, 0.00153436, -80.4148, 0.000566692, 100.438
5392, 89.85833, 0.707299, 21.31, 1.96482, -157.243, 1.69438, 24.3242, 0.000322858, 98.388, 0.00153341, -80.412, 0.000566388, 100.444
5392, 89.86667, 0.706863, 21.3036, 1.9634, -157.241, 1.69335, 24.3282, 0.000322668, 98.3844, 0.00153246, -80.4091, 0.000566084, 100.45
5393, 89.87500, 0.706428, 21.2972, 1.96198, -157.239, 1.69231, 24.3323, 0.000322479, 98.3809, 0.00153151, -80.4063, 0.00056578, 100.456
5393, 89.88333, 0.705995, 21.2908, 1.96056, -157.237, 1.69128, 24.3363, 0.000322291, 98.3773, 0.00153056, -80.4034, 0.000565476, 100.463
5394, 89.89167, 0.705562, 21.2845, 1.95915, -157.235, 1.69024, 24.3404, 0.000322102, 98.3738, 0.00152962, -80.4005, 0.000565171, 100.469
5394, 89.90000, 0.70513, 21.2781, 1.95773, -157.232, 1.68921, 24.3444, 0.000321914, 98.3702, 0.00152867, -80.3976, 0.000564867, 100.475
5395, 89.90833, 0.704699, 21.2717, 1.95631, -157.23, 1.68817, 24.3485, 0.000321727, 98.3667, 0.00152772, -80.3948, 0.000564562, 100.481
5395, 89.91666, 0.704268, 21.2653, 1.9549, -157.228, 1.68714, 24.3525, 0.000321539, 98.3632, 0.00152678, -80.3919, 0.000564258, 100.487
5396, 89.92500, 0.703839, 21.259, 1.95348, -157.226, 1.6861, 24.3565, 0.000321352, 98.3596, 0.00152583, -80.389, 0.000563953, 100.493
5396, 89.93333, 0.70341, 21.2526, 1.95207, -157.224, 1.68507, 24.3606, 0.000321165, 98.3561, 0.00152489, -80.3861, 0.000563649, 100.499
5396, 89.94167, 0.702982, 21.2463, 1.95066, -157.221, 1.68403, 24.3646, 0.000320979, 98.3526, 0.00152395, -80.3832, 0.000563344, 100.505
5397, 89.95000, 0.702555, 21.24, 1.94925, -157.219, 1.683, 24.3686, 0.000320793, 98.3491, 0.001523, -80.3803, 0.000563039, 100.512
5398, 89.95834, 0.702129, 21.2336, 1.94784, -157.217, 1.68196, 24.3727, 0.000320607, 98.3456, 0.00152206, -80.3774, 0.000562734, 100.518
5398, 89.96667, 0.701704, 21.2273, 1.94643, -157.215, 1.68093, 24.3767, 0.000320422, 98.3422, 0.00152112, -80.3745, 0.000562429, 100.524
5399, 89.97500, 0.701279, 21.221, 1.94502, -157.213, 1.67989, 24.3807, 0.000320237, 98.3387, 0.00152018, -80.3716, 0.000562124, 100.53
5399, 89.98333, 0.700856, 21.2147, 1.94361, -157.21, 1.67886, 24.3847, 0.000320052, 98.3352, 0.00151923, -80.3687, 0.000561819, 100.536
5400, 89.99167, 0.700433, 21.2083, 1.9422, -157.208, 1.67782, 24.3888, 0.000319868, 98.3318, 0.00151829, -80.3658, 0.000561514, 100.542
5400, 90.00000, 0.700011, 21.202, 1.94079, -157.206, 1.67679, 24.3928, 0.000319683, 98.3283, 0.00151735, -80.3629, 0.000561209, 100.548
5401, 90.00833, 0.69959, 21.1957, 1.93939, -157.204, 1.67575, 24.3968, 0.0003195, 98.3249, 0.00151641, -80.36, 0.000560903, 100.554
5401, 90.01667, 0.69917, 21.1895, 1.93798, -157.202, 1.67472, 24.4008, 0.000319316, 98.3214, 0.00151547, -80.357, 0.000560598, 100.56
5402, 90.02500, 0.69875, 21.1832, 1.93658, -157.199, 1.67369, 24.4048, 0.000319133, 98.318, 0.00151453, -80.3541, 0.000560293, 100.566
5402, 90.03333, 0.698331, 21.1769, 1.93518, -157.197, 1.67265, 24.4088, 0.00031895, 98.3146, 0.0015136, -80.3512, 0.000559987, 100.572
5403, 90.04166, 0.697914, 21.1706, 1.93377, -157.195, 1.67162, 24.4129, 0.000318768, 98.3111, 0.00151266, -80.3483, 0.000559681, 100.579
5403, 90.05000, 0.697497, 21.1643, 1.93237, -157.193, 1.67058, 24.4169, 0.000318585, 98.3077, 0.00151172, -80.3453, 0.000559376, 100.585
5404, 90.05833, 0.69708, 21.1581, 1.93097, -157.19, 1.66955, 24.4209, 0.000318404, 98.3043, 0.00151078, -80.3424, 0.00055907, 100.591
5404, 90.06667, 0.696665, 21.1518, 1.92957, -157.188, 1.66851, 24.4249, 0.000318222, 98.3009, 0.00150985, -80.3395, 0.000558764, 100.597
5404, 90.07500, 0.69625, 21.1456, 1.92817, -157.186, 1.66748, 24.4289, 0.000318041, 98.2975, 0.00150891, -80.3365, 0.000558458, 100.603
5405, 90.08334, 0.695837, 21.1393, 1.92678, -157.184, 1.66644, 24.4329, 0.00031786, 98.2941, 0.00150798, -80.3336, 0.000558153, 100.609
5406, 90.09167, 0.695424, 21.1331, 1.92538, -157.181, 1.66541, 24.4369, 0.000317679, 98.2907, 0.00150704, -80.3306, 0.000557847, 100.615
5406, 90.10000, 0.695011, 21.1268, 1.92398, -157.179, 1.66438, 24.4409, 0.000317499, 98.2874, 0.0015061, -80.3277, 0.000557541, 100.621
5407, 90.10833, 0.6946, 21.1206, 1.92259, -157.177, 1.66334, 24.4449, 0.000317319, 98.284, 0.00150517, -80.3247, 0.000557234, 100.627
5407, 90.11667, 0.694189, 21.1144, 1.92119, -157.174, 1.66231, 24.4489, 0.000317139, 98.2806, 0.00150424, -80.3218, 0.000556928, 100.633
5408, 90.12500, 0.69378, 21.1082, 1.9198, -157.172, 1.66127, 24.4529, 0.00031696, 98.2773, 0.0015033, -80.3188, 0.000556622, 100.639
5408, 90.13333, 0.693371, 21.1019, 1.9184, -157.17, 1.66024, 24.4569, 0.000316781, 98.2739, 0.00150237, -80.3159, 0.000556316, 100.645
5409, 90.14167, 0.692963, 21.0957, 1.91701, -157.168, 1.6592, 24.4609, 0.000316602, 98.2706, 0.00150144, -80.3129, 0.000556009, 100.651
5409, 90.15000, 0.692555, 21.0895, 1.91562, -157.165, 1.65817, 24.4649, 0.000316424, 98.2673, 0.00150051, -80.3099, 0.000555703, 100.657
5410, 90.15833, 0.692149, 21.0833, 1.91423, -157.163, 1.65714, 24.4689, 0.000316245, 98.2639, 0.00149957, -80.307, 0.000555396, 100.663
5410, 90.16666, 0.691743, 21.0771, 1.91284, -157.161, 1.6561, 24.4729, 0.000316068, 98.2606, 0.00149864, -80.304, 0.00055509, 100.67
5411, 90.17500, 0.691338, 21.0709, 1.91145, -157.158, 1.65507, 24.4768, 0.00031589, 98.2573, 0.00149771, -80.301, 0.000554783, 100.676
5411, 90.18333, 0.690934, 21.0647, 1.91006, -157.156, 1.65403, 24.4808, 0.000315713, 98.254, 0.00149678, -80.298, 0.000554477, 100.682
5412, 90.19167, 0.69053, 21.0586, 1.90868, -157.154, 1.653, 24.4848, 0.000315536, 98.2507, 0.00149585, -80.295, 0.00055417, 100.688
5412, 90.20000, 0.690128, 21.0524, 1.90729, -157.152, 1.65197, 24.4888, 0.000315359, 98.2474, 0.00149492, -80.292, 0.000553863, 100.694
5412, 90.20834, 0.689726, 21.0462, 1.9059, -157.149, 1.65093, 24.4928, 0.000315183, 98.2441, 0.001494, -80.2891, 0.000553556, 100.7
5413, 90.21667, 0.689325, 21.0401, 1.90452, -157.147, 1.6499, 24.4968, 0.000315007, 98.2408, 0.00149307, -80.2861, 0.000553249, 100.706
5414, 90.22500, 0.688924, 21.0339, 1.90313, -157.145, 1.64886, 24.5007, 0.000314831, 98.2375, 0.00149214, -80.2831, 0.000552942, 100.712
5414, 90.23333, 0.688525, 21.0277, 1.90175, -157.142, 1.64783, 24.5047, 0.000314656, 98.2342, 0.00149121, -80.2801, 0.000552635, 100.718
5415, 90.24167, 0.688126, 21.0216, 1.90037, -157.14, 1.6468, 24.5087, 0.000314481, 98.231, 0.00149028, -80.2771, 0.000552328, 100.724
5415, 90.25000, 0.687728, 21.0154, 1.89899, -157.138, 1.64576, 24.5127, 0.000314306, 98.2277, 0.00148936, -80.274, 0.000552021, 100.73
5416, 90.25833, 0.687331, 21.0093, 1.89761, -157.135, 1.64473, 24.5167, 0.000314132, 98.2244, 0.00148843, -80.271, 0.000551714, 100.736
5416, 90.26667, 0.686935, 21.0032, 1.89623, -157.133, 1.6437, 24.5206, 0.000313957, 98.2212, 0.00148751, -80.268, 0.000551406, 100.742
5417, 90.27500, 0.686539, 20.997, 1.89485, -157.131, 1.64266, 24.5246, 0.000313784, 98.2179, 0.00148658, -80.265, 0.000551099, 100.748
5417, 90.28333, 0.686144, 20.9909, 1.89347, -157.128, 1.64163, 24.5286, 0.00031361, 98.2147, 0.00148566, -80.262, 0.000550791, 100.754
5418, 90.29166, 0.68575, 20.9848, 1.89209, -157.126, 1.6406, 24.5325, 0.000313437, 98.2115, 0.00148473, -80.259, 0.000550484, 100.76
5418, 90.30000, 0.685356, 20.9787, 1.89071, -157.124, 1.63956, 24.5365, 0.000313264, 98.2083, 0.00148381, -80.2559, 0.000550176, 100.766
5419, 90.30833, 0.684964, 20.9726, 1.88934, -157.121, 1.63853, 24.5405, 0.000313091, 98.205, 0.00148289, -80.2529, 0.000549869, 100.772
5419, 90.31667, 0.684572, 20.9664, 1.88796, -157.119, 1.6375, 24.5444, 0.000312919, 98.2018, 0.00148196, -80.2499, 0.000549561, 100.778
5420, 90.32500, 0.684181, 20.9603, 1.88659, -157.116, 1.63646, 24.5484, 0.000312746, 98.1986, 0.00148104, -80.2468, 0.000549253, 100.784
5420, 90.33334, 0.683791, 20.9542, 1.88522, -157.114, 1.63543, 24.5524, 0.000312575, 98.1954, 0.00148012, -80.2438, 0.000548946, 100.79
5420, 90.34167, 0.683401, 20.9481, 1.88384, -157.112, 1.6344, 24.5563, 0.000312403, 98.1922, 0.0014792, -80.2408, 0.000548638, 100.796
5421, 90.35000, 0.683012, 20.9421, 1.88247, -157.109, 1.63336, 24.5603, 0.000312232, 98.189, 0.00147828, -80.2377, 0.00054833, 100.802
5422, 90.35833, 0.682624, 20.936, 1.8811, -157.107, 1.63233, 24.5643, 0.000312061, 98.1858, 0.00147736, -80.2347, 0.000548022, 100.808
5422, 90.36667, 0.682237, 20.9299, 1.87973, -157.105, 1.6313, 24.5682, 0.00031189, 98.1826, 0.00147644, -80.2316, 0.000547714, 100.814
5423, 90.37500, 0.68185, 20.9238, 1.87836, -157.102, 1.63026, 24.5722, 0.00031172, 98.1795, 0.00147552, -80.2286, 0.000547406, 100.821
5423, 90.38333, 0.681464, 20.9177, 1.87699, -157.1, 1.62923, 24.5761, 0.00031155, 98.1763, 0.0014746, -80.2255, 0.000547098, 100.827
5424, 90.39167, 0.681079, 20.9117, 1.87562, -157.097, 1.6282, 24.5801, 0.00031138, 98.1731, 0.00147368, -80.2224, 0.000546789, 100.833
5424, 90.40000, 0.680695, 20.9056, 1.87426, -157.095, 1.62717, 24.5841, 0.000311211, 98.17, 0.00147276, -80.2194, 0.000546481, 100.839
5425, 90.40833, 0.680311, 20.8995, 1.87289, -157.093, 1.62613, 24.588, 0.000311042, 98.1668, 0.00147184, -80.2163, 0.000546173, 100.845
5425, 90.41666, 0.679928, 20.8935, 1.87152, -157.09, 1.6251, 24.592, 0.000310873, 98.1637, 0.00147092, -80.2132, 0.000545864, 100.851
5426, 90.42500, 0.679546, 20.8874, 1.87016, -157.088, 1.62407, 24.5959, 0.000310704, 98.1605, 0.00147001, -80.2102, 0.000545556, 100.857
5426, 90.43333, 0.679165, 20.8814, 1.8688, -157.085, 1.62303, 24.5999, 0.000310536, 98.1574, 0.00146909, -80.2071, 0.000545247, 100.863
5427, 90.44167, 0.678784, 20.8753, 1.86743, -157.083, 1.622, 24.6038, 0.000310368, 98.1543, 0.00146817, -80.204, 0.000544939, 100.869
5427, 90.45000, 0.678404, 20.8693, 1.86607, -157.08, 1.62097, 24.6078, 0.0003102, 98.1511, 0.00146726, -80.2009, 0.00054463, 100.875
5428, 90.45834, 0.678025, 20.8633, 1.86471, -157.078, 1.61994, 24.6117, 0.000310032, 98.148, 0.00146634, -80.1978, 0.000544322, 100.881
5428, 90.46667, 0.677647, 20.8572, 1.86335, -157.076, 1.6189, 24.6157, 0.000309865, 98.1449, 0.00146543, -80.1947, 0.000544013, 100.887
5428, 90.47500, 0.677269, 20.8512, 1.86199, -157.073, 1.61787, 24.6196, 0.000309698, 98.1418, 0.00146451, -80.1916, 0.000543704, 100.893
5429, 90.48333, 0.676892, 20.8452, 1.86063, -157.071, 1.61684, 24.6236, 0.000309532, 98.1387, 0.0014636, -80.1885, 0.000543395, 100.899
5430, 90.49167, 0.676516, 20.8392, 1.85927, -157.068, 1.61581, 24.6275, 0.000309365, 98.1356, 0.00146269, -80.1854, 0.000543086, 100.905
5430, 90.50000, 0.67614, 20.8331, 1.85791, -157.066, 1.61478, 24.6315, 0.000309199, 98.1325, 0.00146177, -80.1823, 0.000542777, 100.911
5431, 90.50833, 0.675765, 20.8271, 1.85656, -157.063, 1.61374, 24.6354, 0.000309034, 98.1294, 0.00146086, -80.1792, 0.000542468, 100.917
5431, 90.51667, 0.675391, 20.8211, 1.8552, -157.061, 1.61271, 24.6394, 0.000308868, 98.1263, 0.00145995, -80.1761, 0.000542159, 100.923
5432, 90.52500, 0.675018, 20.8151, 1.85384, -157.059, 1.61168, 24.6433, 0.000308703, 98.1232, 0.00145904, -80.173, 0.00054185, 100.929
5432, 90.53333, 0.674645, 20.8091, 1.85249, -157.056, 1.61065, 24.6473, 0.000308538, 98.1202, 0.00145812, -80.1699, 0.000541541, 100.935
5433, 90.54166, 0.674273, 20.8031, 1.85114, -157.054, 1.60962, 24.6512, 0.000308373, 98.1171, 0.00145721, -80.1667, 0.000541232, 100.941
5433, 90.55000, 0.673902, 20.7971, 1.84978, -157.051, 1.60858, 24.6551, 0.000308209, 98.114, 0.0014563, -80.1636, 0.000540923, 100.947
5434, 90.55833, 0.673531, 20.7911, 1.84843, -157.049, 1.60755, 24.6591, 0.000308045, 98.111, 0.00145539, -80.1605, 0.000540613, 100.953
5434, 90.56667, 0.673161, 20.7851, 1.84708, -157.046, 1.60652, 24.663, 0.000307881, 98.1079, 0.00145448, -80.1574, 0.000540304, 100.959
5435, 90.57500, 0.672792, 20.7792, 1.84573, -157.044, 1.60549, 24.667, 0.000307718, 98.1049, 0.00145357, -80.1542, 0.000539994, 100.965
5435, 90.58334, 0.672424, 20.7732, 1.84438, -157.041, 1.60446, 24.6709, 0.000307554, 98.1018, 0.00145266, -80.1511, 0.000539685, 100.971
5436, 90.59167, 0.672056, 20.7672, 1.84303, -157.039, 1.60343, 24.6748, 0.000307391, 98.0988, 0.00145176, -80.1479, 0.000539375, 100.977
5436, 90.60000, 0.671689, 20.7612, 1.84168, -157.036, 1.60239, 24.6788, 0.000307229, 98.0958, 0.00145085, -80.1448, 0.000539066, 100.983
5436, 90.60833, 0.671323, 20.7553, 1.84033, -157.034, 1.60136, 24.6827, 0.000307066, 98.0927, 0.00144994, -80.1416, 0.000538756, 100.989
5437, 90.61667, 0.670957, 20.7493, 1.83899, -157.031, 1.60033, 24.6867, 0.000306904, 98.0897, 0.00144903, -80.1385, 0.000538446, 100.995
5438, 90.62500, 0.670592, 20.7433, 1.83764, -157.029, 1.5993, 24.6906, 0.000306742, 98.0867, 0.00144813, -80.1353, 0.000538137, 101.001
5438, 90.63333, 0.670228, 20.7374, 1.83629, -157.026, 1.59827, 24.6945, 0.000306581, 98.0837, 0.00144722, -80.1322, 0.000537827, 101.007
5439, 90.64167, 0.669864, 20.7314, 1.83495, -157.024, 1.59724, 24.6985, 0.000306419, 98.0807, 0.00144631, -80.129, 0.000537517, 101.013
5439, 90.65000, 0.669501, 20.7255, 1.83361, -157.021, 1.59621, 24.7024, 0.000306258, 98.0777, 0.00144541, -80.1258, 0.000537207, 101.019
5440, 90.65833, 0.669139, 20.7195, 1.83226, -157.019, 1.59517, 24.7063, 0.000306097, 98.0747, 0.0014445, -80.1227, 0.000536897, 101.025
5440, 90.66666, 0.668778, 20.7136, 1.83092, -157.016, 1.59414, 24.7103, 0.000305937, 98.0717, 0.0014436, -80.1195, 0.000536587, 101.031
5441, 90.67500, 0.668417, 20.7076, 1.82958, -157.014, 1.59311, 24.7142, 0.000305777, 98.0687, 0.00144269, -80.1163, 0.000536277, 101.037
5441, 90.68333, 0.668057, 20.7017, 1.82824, -157.011, 1.59208, 24.7181, 0.000305617, 98.0657, 0.00144179, -80.1131, 0.000535967, 101.043
5441, 90.69167, 0.667697, 20.6958, 1.8269, -157.009, 1.59105, 24.7221, 0.000305457, 98.0627, 0.00144089, -80.11, 0.000535656, 101.049
5442, 90.70000, 0.667339, 20.6898, 1.82556, -157.006, 1.59002, 24.726, 0.000305297, 98.0597, 0.00143998, -80.1068, 0.000535346, 101.055
5443, 90.70834, 0.666981, 20.6839, 1.82422, -157.003, 1.58899, 24.7299, 0.000305138, 98.0568, 0.00143908, -80.1036, 0.000535036, 101.061
5443, 90.71667, 0.666623, 20.678, 1.82288, -157.001, 1.58796, 24.7339, 0.000304979, 98.0538, 0.00143818, -80.1004, 0.000534725, 101.067
5444, 90.72500, 0.666267, 20.672, 1.82155, -156.998, 1.58693, 24.7378, 0.000304821, 98.0508, 0.00143728, -80.0972, 0.000534415, 101.073
5444, 90.73333, 0.665911, 20.6661, 1.82021, -156.996, 1.5859, 24.7417, 0.000304662, 98.0479, 0.00143638, -80.094, 0.000534105, 101.079
5444, 90.74167, 0.665555, 20.6602, 1.81887, -156.993, 1.58487, 24.7457, 0.000304504, 98.0449, 0.00143548, -80.0908, 0.000533794, 101.085
5445, 90.75000, 0.665201, 20.6543, 1.81754, -156.991, 1.58384, 24.7496, 0.000304346, 98.042, 0.00143458, -80.0876, 0.000533484, 101.091
5446, 90.75833, 0.664847, 20.6484, 1.81621, -156.988, 1.58281, 24.7535, 0.000304189, 98.039, 0.00143368, -80.0844, 0.000533173, 101.097
5446, 90.76667, 0.664494, 20.6425, 1.81487, -156.986, 1.58178, 24.7575, 0.000304032, 98.0361, 0.00143278, -80.0812, 0.000532862, 101.103
5447, 90.77500, 0.664141, 20.6366, 1.81354, -156.983, 1.58075, 24.7614, 0.000303875, 98.0332, 0.00143188, -80.0779, 0.000532552, 101.109
5447, 90.78333, 0.663789, 20.6307, 1.81221, -156.98, 1.57972, 24.7653, 0.000303718, 98.0302, 0.00143098, -80.0747, 0.000532241, 101.115
5448, 90.79166, 0.663438, 20.6248, 1.81088, -156.978, 1.57869, 24.7692, 0.000303561, 98.0273, 0.00143008, -80.0715, 0.00053193, 101.121
5448, 90.80000, 0.663087, 20.6189, 1.80955, -156.975, 1.57766, 24.7732, 0.000303405, 98.0244, 0.00142918, -80.0683, 0.000531619, 101.127
5449, 90.80833, 0.662737, 20.613, 1.80822, -156.973, 1.57663, 24.7771, 0.000303249, 98.0215, 0.00142828, -80.065, 0.000531308, 101.133
5449, 90.81667, 0.662388, 20.6071, 1.80689, -156.97, 1.5756, 24.781, 0.000303093, 98.0185, 0.00142739, -80.0618, 0.000530997, 101.139
5449, 90.82500, 0.662039, 20.6012, 1.80556, -156.967, 1.57457, 24.7849, 0.000302938, 98.0156, 0.00142649, -80.0586, 0.000530686, 101.145
5450, 90.83334, 0.661691, 20.5953, 1.80423, -156.965, 1.57354, 24.7889, 0.000302783, 98.0127, 0.00142559, -80.0553, 0.000530375, 101.151
5451, 90.84167, 0.661344, 20.5894, 1.80291, -156.962, 1.57251, 24.7928, 0.000302628, 98.0098, 0.0014247, -80.0521, 0.000530064, 101.157
5451, 90.85000, 0.660997, 20.5835, 1.80158, -156.96, 1.57148, 24.7967, 0.000302473, 98.0069, 0.0014238, -80.0488, 0.000529753, 101.163
5452, 90.85833, 0.660651, 20.5777, 1.80026, -156.957, 1.57045, 24.8006, 0.000302318, 98.004, 0.00142291, -80.0456, 0.000529442, 101.169
5452, 90.86667, 0.660306, 20.5718, 1.79893, -156.954, 1.56942, 24.8046, 0.000302164, 98.0012, 0.00142201, -80.0423, 0.000529131, 101.175
5453, 90.87500, 0.659961, 20.5659, 1.79761, -156.952, 1.56839, 24.8085, 0.00030201, 97.9983, 0.00142112, -80.039, 0.000528819, 101.181
5453, 90.88333, 0.659617, 20.56, 1.79629, -156.949, 1.56736, 24.8124, 0.000301857, 97.9954, 0.00142022, -80.0358, 0.000528508, 101.187
5454, 90.89167, 0.659274, 20.5542, 1.79496, -156.946, 1.56633, 24.8164, 0.000301703, 97.9925, 0.00141933, -80.0325, 0.000528196, 101.193
5454, 90.90000, 0.658931, 20.5483, 1.79364, -156.944, 1.5653, 24.8203, 0.00030155, 97.9896, 0.00141844, -80.0292, 0.000527885, 101.199
5455, 90.90833, 0.658589, 20.5424, 1.79232, -156.941, 1.56427, 24.8242, 0.000301397, 97.9868, 0.00141754, -80.026, 0.000527574, 101.205
5455, 90.91666, 0.658247, 20.5366, 1.791, -156.939, 1.56324, 24.8281, 0.000301245, 97.9839, 0.00141665, -80.0227, 0.000527262, 101.211
5456, 90.92500, 0.657907, 20.5307, 1.78968, -156.936, 1.56221, 24.8321, 0.000301092, 97.981, 0.00141576, -80.0194, 0.00052695, 101.217
5456, 90.93333, 0.657566, 20.5249, 1.78836, -156.933, 1.56118, 24.836, 0.00030094, 97.9782, 0.00141487, -80.0161, 0.000526639, 101.223
5457, 90.94167, 0.657227, 20.519, 1.78705, -156.931, 1.56016, 24.8399, 0.000300788, 97.9753, 0.00141398, -80.0128, 0.000526327, 101.229
5457, 90.95000, 0.656888, 20.5132, 1.78573, -156.928, 1.55913, 24.8438, 0.000300637, 97.9725, 0.00141309, -80.0095, 0.000526015, 101.235
5457, 90.95834, 0.65655, 20.5073, 1.78441, -156.925, 1.5581, 24.8477, 0.000300485, 97.9697, 0.00141219, -80.0062, 0.000525703, 101.241
5458, 90.96667, 0.656212, 20.5015, 1.7831, -156.923, 1.55707, 24.8517, 0.000300334, 97.9668, 0.0014113, -80.0029, 0.000525392, 101.247
5459, 90.97500, 0.655875, 20.4956, 1.78178, -156.92, 1.55604, 24.8556, 0.000300183, 97.964, 0.00141042, -79.9996, 0.00052508, 101.253
5459, 90.98333, 0.655539, 20.4898, 1.78047, -156.917, 1.55501, 24.8595, 0.000300033, 97.9611, 0.00140953, -79.9963, 0.000524768, 101.259
5460, 90.99167, 0.655203, 20.4839, 1.77916, -156.914, 1.55398, 24.8634, 0.000299882, 97.9583, 0.00140864, -79.993, 0.000524456, 101.265
5460, 91.00000, 0.654868, 20.4781, 1.77784, -156.912, 1.55296, 24.8674, 0.000299732, 97.9555, 0.00140775, -79.9897, 0.000524144, 101.271
5461, 91.00833, 0.654534, 20.4722, 1.77653, -156.909, 1.55193, 24.8713, 0.000299582, 97.9527, 0.00140686, -79.9864, 0.000523832, 101.277
5461, 91.01667, 0.6542, 20.4664, 1.77522, -156.906, 1.5509, 24.8752, 0.000299433, 97.9498, 0.00140597, -79.9831, 0.00052352, 101.283
5462, 91.02500, 0.653867, 20.4606, 1.77391, -156.904, 1.54987, 24.8791, 0.000299283, 97.947, 0.00140509, -79.9797, 0.000523207, 101.289
5462, 91.03333, 0.653534, 20.4547, 1.7726, -156.901, 1.54884, 24.8831, 0.000299134, 97.9442, 0.0014042, -79.9764, 0.000522895, 101.295
5463, 91.04166, 0.653202, 20.4489, 1.77129, -156.898, 1.54782, 24.887, 0.000298985, 97.9414, 0.00140331, -79.9731, 0.000522583, 101.301
5463, 91.05000, 0.652871, 20.4431, 1.76998, -156.896, 1.54679, 24.8909, 0.000298837, 97.9386, 0.00140243, -79.9697, 0.000522271, 101.307
5464, 91.05833, 0.65254, 20.4373, 1.76867, -156.893, 1.54576, 24.8948, 0.000298688, 97.9358, 0.00140154, -79.9664, 0.000521958, 101.313
5464, 91.06667, 0.65221, 20.4314, 1.76737, -156.89, 1.54473, 24.8988, 0.00029854, 97.933, 0.00140066, -79.9631, 0.000521646, 101.319
5465, 91.07500, 0.651881, 20.4256, 1.76606, -156.887, 1.5437, 24.9027, 0.000298392, 97.9302, 0.00139977, -79.9597, 0.000521333, 101.325
5465, 91.08334, 0.651552, 20.4198, 1.76476, -156.885, 1.54268, 24.9066, 0.000298245, 97.9274, 0.00139889, -79.9564, 0.000521021, 101.331
5465, 91.09167, 0.651224, 20.414, 1.76345, -156.882, 1.54165, 24.9105, 0.000298097, 97.9246, 0.001398, -79.953, 0.000520708, 101.337
5466, 91.10000, 0.650896, 20.4081, 1.76215, -156.879, 1.54062, 24.9145, 0.00029795, 97.9219, 0.00139712, -79.9496, 0.000520396, 101.343
5467, 91.10833, 0.650569, 20.4023, 1.76084, -156.876, 1.53959, 24.9184, 0.000297803, 97.9191, 0.00139623, -79.9463, 0.000520083, 101.349
5467, 91.11667, 0.650243, 20.3965, 1.75954, -156.874, 1.53857, 24.9223, 0.000297656, 97.9163, 0.00139535, -79.9429, 0.000519771, 101.355
5468, 91.12500, 0.649917, 20.3907, 1.75824, -156.871, 1.53754, 24.9262, 0.00029751, 97.9135, 0.00139447, -79.9395, 0.000519458, 101.361
5468, 91.13333, 0.649592, 20.3849, 1.75694, -156.868, 1.53651, 24.9302, 0.000297364, 97.9108, 0.00139359, -79.9362, 0.000519145, 101.367
5469, 91.14167, 0.649267, 20.3791, 1.75564, -156.865, 1.53549, 24.9341, 0.000297218, 97.908, 0.0013927, -79.9328, 0.000518832, 101.373
5469, 91.15000, 0.648944, 20.3733, 1.75434, -156.863, 1.53446, 24.938, 0.000297072, 97.9052, 0.00139182, -79.9294, 0.000518519, 101.379
5470, 91.15833, 0.64862, 20.3675, 1.75304, -156.86, 1.53343, 24.9419, 0.000296927, 97.9025, 0.00139094, -79.926, 0.000518207, 101.385
5470, 91.16666, 0.648298, 20.3617, 1.75174, -156.857, 1.53241, 24.9459, 0.000296781, 97.8997, 0.00139006, -79.9226, 0.000517894, 101.391
5471, 91.17500, 0.647976, 20.3559, 1.75044, -156.854, 1.53138, 24.9498, 0.000296636, 97.897, 0.00138918, -79.9192, 0.000517581, 101.397
5471, 91.18333, 0.647654, 20.3501, 1.74915, -156.851, 1.53035, 24.9537, 0.000296492, 97.8942, 0.0013883, -79.9158, 0.000517268, 101.403
5472, 91.19167, 0.647333, 20.3443, 1.74785, -156.849, 1.52933, 24.9576, 0.000296347, 97.8915, 0.00138742, -79.9125, 0.000516954, 101.409
5472, 91.20000, 0.647013, 20.3385, 1.74655, -156.846, 1.5283, 24.9616, 0.000296203, 97.8887, 0.00138654, -79.909, 0.000516641, 101.415
5473, 91.20834, 0.646693, 20.3327, 1.74526, -156.843, 1.52727, 24.9655, 0.000296059, 97.886, 0.00138566, -79.9056, 0.000516328, 101.421
5473, 91.21667, 0.646374, 20.3269, 1.74397, -156.84, 1.52625, 24.9694, 0.000295915, 97.8833, 0.00138478, -79.9022, 0.000516015, 101.427
5473, 91.22500, 0.646056, 20.3211, 1.74267, -156.837, 1.52522, 24.9734, 0.000295771, 97.8805, 0.00138391, -79.8988, 0.000515702, 101.433
5474, 91.23333, 0.645738, 20.3153, 1.74138, -156.835, 1.52419, 24.9773, 0.000295628, 97.8778, 0.00138303, -79.8954, 0.000515388, 101.439
5475, 91.24167, 0.64542, 20.3095, 1.74009, -156.832, 1.52317, 24.9812, 0.000295485, 97.8751, 0.00138215, -79.892, 0.000515075, 101.445
5475, 91.25000, 0.645104, 20.3037, 1.7388, -156.829, 1.52214, 24.9851, 0.000295342, 97.8723, 0.00138128, -79.8885, 0.000514762, 101.451
5476, 91.25833, 0.644787, 20.2979, 1.73751, -156.826, 1.52112, 24.9891, 0.0002952, 97.8696, 0.0013804, -79.8851, 0.000514448, 101.457
5476, 91.26667, 0.644472, 20.2921, 1.73622, -156.823, 1.52009, 24.993, 0.000295057, 97.8669, 0.00137952, -79.8817, 0.000514135, 101.463
5477, 91.27500, 0.644157, 20.2863, 1.73493, -156.821, 1.51906, 24.9969, 0.000294915, 97.8642, 0.00137865, -79.8782, 0.000513821, 101.469
5477, 91.28333, 0.643843, 20.2805, 1.73364, -156.818, 1.51804, 25.0009, 0.000294773, 97.8615, 0.00137777, -79.8748, 0.000513508, 101.475
5478, 91.29166, 0.643529, 20.2747, 1.73235, -156.815, 1.51701, 25.0048, 0.000294631, 97.8588, 0.0013769, -79.8714, 0.000513194, 101.481
5478, 91.30000, 0.643216, 20.2689, 1.73106, -156.812, 1.51599, 25.0087, 0.00029449, 97.8561, 0.00137602, -79.8679, 0.000512881, 101.487
5479, 91.30833, 0.642903, 20.2632, 1.72978, -156.809, 1.51496, 25.0127, 0.000294349, 97.8534, 0.00137515, -79.8645, 0.000512567, 101.493
5479, 91.31667, 0.642591, 20.2574, 1.72849, -156.806, 1.51394, 25.0166, 0.000294208, 97.8507, 0.00137427, -79.861, 0.000512253, 101.499
5480, 91.32500, 0.64228, 20.2516, 1.72721, -156.803, 1.51291, 25.0205, 0.000294067, 97.848, 0.0013734, -79.8575, 0.000511939, 101.505
5480, 91.33334, 0.641969, 20.2458, 1.72592, -156.801, 1.51189, 25.0245, 0.000293927, 97.8453, 0.00137253, -79.8541, 0.000511626, 101.511
5481, 91.34167, 0.641658, 20.24, 1.72464, -156.798, 1.51086, 25.0284, 0.000293786, 97.8426, 0.00137165, -79.8506, 0.000511312, 101.517
5481, 91.35000, 0.641349, 20.2343, 1.72335, -156.795, 1.50984, 25.0323, 0.000293646, 97.8399, 0.00137078, -79.8471, 0.000510998, 101.523
5481, 91.35833, 0.64104, 20.2285, 1.72207, -156.792, 1.50881, 25.0363, 0.000293506, 97.8372, 0.00136991, -79.8437, 0.000510684, 101.529
5482, 91.36667, 0.640731, 20.2227, 1.72079, -156.789, 1.50779, 25.0402, 0.000293367, 97.8345, 0.00136904, -79.8402, 0.00051037, 101.535
5483, 91.37500, 0.640423, 20.2169, 1.71951, -156.786, 1.50676, 25.0441, 0.000293227, 97.8318, 0.00136817, -79.8367, 0.000510056, 101.541
5483, 91.38333, 0.640116, 20.2111, 1.71823, -156.783, 1.50574, 25.0481, 0.000293088, 97.8291, 0.00136729, -79.8332, 0.000509742, 101.547
5484, 91.39167, 0.639809, 20.2054, 1.71695, -156.78, 1.50471, 25.052, 0.000292949, 97.8265, 0.00136642, -79.8297, 0.000509428, 101.553
5484, 91.40000, 0.639503, 20.1996, 1.71567, -156.777, 1.50369, 25.0559, 0.000292811, 97.8238, 0.00136555, -79.8262, 0.000509113, 101.56
5485, 91.40833, 0.639197, 20.1938, 1.71439, -156.774, 1.50266, 25.0599, 0.000292672, 97.8211, 0.00136468, -79.8227, 0.000508799, 101.566
5485, 91.41666, 0.638892, 20.188, 1.71311, -156.772, 1.50164, 25.0638, 0.000292534, 97.8185, 0.00136381, -79.8192, 0.000508485, 101.572
5486, 91.42500, 0.638587, 20.1823, 1.71184, -156.769, 1.50061, 25.0678, 0.000292396, 97.8158, 0.00136295, -79.8157, 0.000508171, 101.578
5486, 91.43333, 0.638283, 20.1765, 1.71056, -156.766, 1.49959, 25.0717, 0.000292258, 97.8131, 0.00136208, -79.8122, 0.000507856, 101.584
5487, 91.44167, 0.63798, 20.1707, 1.70929, -156.763, 1.49857, 25.0756, 0.000292121, 97.8105, 0.00136121, -79.8087, 0.000507542, 101.59
5487, 91.45000, 0.637677, 20.1649, 1.70801, -156.76, 1.49754, 25.0796, 0.000291983, 97.8078, 0.00136034, -79.8052, 0.000507228, 101.596
5488, 91.45834, 0.637375, 20.1592, 1.70674, -156.757, 1.49652, 25.0835, 0.000291846, 97.8051, 0.00135947, -79.8016, 0.000506913, 101.602
5488, 91.46667, 0.637073, 20.1534, 1.70546, -156.754, 1.49549, 25.0875, 0.000291709, 97.8025, 0.0013586, -79.7981, 0.000506599, 101.608
5489, 91.47500, 0.636772, 20.1476, 1.70419, -156.751, 1.49447, 25.0914, 0.000291573, 97.7998, 0.00135774, -79.7946, 0.000506284, 101.614
5489, 91.48333, 0.636471, 20.1418, 1.70292, -156.748, 1.49345, 25.0953, 0.000291436, 97.7972, 0.00135687, -79.791, 0.00050597, 101.62
5489, 91.49167, 0.636171, 20.1361, 1.70165, -156.745, 1.49242, 25.0993, 0.0002913, 97.7945, 0.001356, -79.7875, 0.000505655, 101.626
5490, 91.50000, 0.635872, 20.1303, 1.70038, -156.742, 1.4914, 25.1032, 0.000291164, 97.7919, 0.00135514, -79.784, 0.00050534, 101.632
5491, 91.50833, 0.635573, 20.1245, 1.69911, -156.739, 1.49038, 25.1072, 0.000291028, 97.7893, 0.00135427, -79.7804, 0.000505026, 101.638
5491, 91.51667, 0.635274, 20.1187, 1.69784, -156.736, 1.48935, 25.1111, 0.000290893, 97.7866, 0.00135341, -79.7769, 0.000504711, 101.644
5492, 91.52500, 0.634976, 20.113, 1.69657, -156.733, 1.48833, 25.1151, 0.000290757, 97.784, 0.00135254, -79.7733, 0.000504396, 101.65
5492, 91.53333, 0.634679, 20.1072, 1.6953, -156.73, 1.48731, 25.119, 0.000290622, 97.7813, 0.00135168, -79.7697, 0.000504081, 101.656
5493, 91.54166, 0.634382, 20.1014, 1.69403, -156.727, 1.48628, 25.123, 0.000290487, 97.7787, 0.00135081, -79.7662, 0.000503767, 101.662
5493, 91.55000, 0.634086, 20.0957, 1.69277, -156.724, 1.48526, 25.1269, 0.000290353, 97.7761, 0.00134995, -79.7626, 0.000503452, 101.668
5494, 91.55833, 0.63379, 20.0899, 1.6915, -156.721, 1.48424, 25.1308, 0.000290218, 97.7734, 0.00134909, -79.759, 0.000503137, 101.674
5494, 91.56667, 0.633495, 20.0841, 1.69023, -156.718, 1.48321, 25.1348, 0.000290084, 97.7708, 0.00134822, -79.7555, 0.000502822, 101.681
5495, 91.57500, 0.633201, 20.0783, 1.68897, -156.715, 1.48219, 25.1387, 0.00028995, 97.7682, 0.00134736, -79.7519, 0.000502507, 101.687
5495, 91.58334, 0.632907, 20.0726, 1.68771, -156.712, 1.48117, 25.1427, 0.000289816, 97.7656, 0.0013465, -79.7483, 0.000502192, 101.693
5496, 91.59167, 0.632613, 20.0668, 1.68644, -156.709, 1.48015, 25.1466, 0.000289683, 97.7629, 0.00134564, -79.7447, 0.000501877, 101.699
5496, 91.60000, 0.63232, 20.061, 1.68518, -156.706, 1.47912, 25.1506, 0.000289549, 97.7603, 0.00134478, -79.7411, 0.000501562, 101.705
5497, 91.60833, 0.632028, 20.0553, 1.68392, -156.703, 1.4781, 25.1546, 0.000289416, 97.7577, 0.00134391, -79.7375, 0.000501246, 101.711
5497, 91.61667, 0.631736, 20.0495, 1.68266, -156.7, 1.47708, 25.1585, 0.000289283, 97.7551, 0.00134305, -79.7339, 0.000500931, 101.717
5497, 91.62500, 0.631445, 20.0437, 1.6814, -156.697, 1.47606, 25.1625, 0.000289151, 97.7525, 0.00134219, -79.7303, 0.000500616, 101.723
5498, 91.63333, 0.631154, 20.0379, 1.68014, -156.694, 1.47503, 25.1664, 0.000289018, 97.7499, 0.00134133, -79.7267, 0.000500301, 101.729
5499, 91.64167, 0.630864, 20.0322, 1.67888, -156.691, 1.47401, 25.1704, 0.000288886, 97.7473, 0.00134047, -79.7231, 0.000499985, 101.735
5499, 91.65000, 0.630574, 20.0264, 1.67762, -156.688, 1.47299, 25.1743, 0.000288754, 97.7447, 0.00133961, -79.7195, 0.00049967, 101.741
5500, 91.65833, 0.630285, 20.0206, 1.67636, -156.685, 1.47197, 25.1783, 0.000288622, 97.742, 0.00133875, -79.7159, 0.000499355, 101.747
5500, 91.66666, 0.629996, 20.0148, 1.6751, -156.682, 1.47095, 25.1822, 0.00028849, 97.7394, 0.0013379, -79.7122, 0.000499039, 101.753
5501, 91.67500, 0.629708, 20.0091, 1.67385, -156.679, 1.46992, 25.1862, 0.000288359, 97.7368, 0.00133704, -79.7086, 0.000498724, 101.76
5501, 91.68333, 0.629421, 20.0033, 1.67259, -156.676, 1.4689, 25.1902, 0.000288228, 97.7342, 0.00133618, -79.705, 0.000498408, 101.766
5502, 91.69167, 0.629134, 19.9975, 1.67133, -156.673, 1.46788, 25.1941, 0.000288097, 97.7316, 0.00133532, -79.7013, 0.000498093, 101.772
5502, 91.70000, 0.628847, 19.9917, 1.67008, -156.669, 1.46686, 25.1981, 0.000287966, 97.729, 0.00133446, -79.6977, 0.000497777, 101.778
5503, 91.70834, 0.628561, 19.986, 1.66882, -156.666, 1.46584, 25.2021, 0.000287835, 97.7264, 0.00133361, -79.6941, 0.000497461, 101.784
5503, 91.71667, 0.628276, 19.9802, 1.66757, -156.663, 1.46482, 25.206, 0.000287705, 97.7239, 0.00133275, -79.6904, 0.000497146, 101.79
5504, 91.72500, 0.627991, 19.9744, 1.66632, -156.66, 1.4638, 25.21, 0.000287575, 97.7213, 0.00133189, -79.6868, 0.00049683, 101.796
5504, 91.73333, 0.627706, 19.9686, 1.66507, -156.657, 1.46277, 25.2139, 0.000287445, 97.7187, 0.00133104, -79.6831, 0.000496514, 101.802
5505, 91.74167, 0.627422, 19.9629, 1.66381, -156.654, 1.46175, 25.2179, 0.000287315, 97.7161, 0.00133018, -79.6794, 0.000496198, 101.808
5505, 91.75000, 0.627139, 19.9571, 1.66256, -156.651, 1.46073, 25.2219, 0.000287186, 97.7135, 0.00132933, -79.6758, 0.000495883, 101.814
5505, 91.75833, 0.626856, 19.9513, 1.66131, -156.648, 1.45971, 25.2259, 0.000287056, 97.7109, 0.00132847, -79.6721, 0.000495567, 101.82
5506, 91.76667, 0.626574, 19.9455, 1.66006, -156.645, 1.45869, 25.2298, 0.000286927, 97.7083, 0.00132762, -79.6684, 0.000495251, 101.827
5507, 91.77500, 0.626292, 19.9397, 1.65881, -156.641, 1.45767, 25.2338, 0.000286798, 97.7057, 0.00132676, -79.6647, 0.000494935, 101.833
5507, 91.78333, 0.626011, 19.934, 1.65757, -156.638, 1.45665, 25.2378, 0.00028667, 97.7032, 0.00132591, -79.6611, 0.000494619, 101.839
5508, 91.79166, 0.62573, 19.9282, 1.65632, -156.635, 1.45563, 25.2417, 0.000286541, 97.7006, 0.00132505, -79.6574, 0.000494303, 101.845
5508, 91.80000, 0.62545, 19.9224, 1.65507, -156.632, 1.45461, 25.2457, 0.000286413, 97.698, 0.0013242, -79.6537, 0.000493987, 101.851
5509, 91.80833, 0.62517, 19.9166, 1.65383, -156.629, 1.45359, 25.2497, 0.000286285, 97.6954, 0.00132335, -79.65, 0.000493671, 101.857
5509, 91.81667, 0.624891, 19.9108, 1.65258, -156.626, 1.45257, 25.2537, 0.000286157, 97.6928, 0.0013225, -79.6463, 0.000493355, 101.863
5510, 91.82500, 0.624612, 19.905, 1.65133, -156.623, 1.45155, 25.2576, 0.00028603, 97.6903, 0.00132164, -79.6426, 0.000493038, 101.869
5510, 91.83334, 0.624334, 19.8992, 1.65009, -156.619, 1.45053, 25.2616, 0.000285902, 97.6877, 0.00132079, -79.6389, 0.000492722, 101.875
5511, 91.84167, 0.624056, 19.8934, 1.64885, -156.616, 1.44951, 25.2656, 0.000285775, 97.6851, 0.00131994, -79.6352, 0.000492406, 101.882
5511, 91.85000, 0.623779, 19.8877, 1.6476, -156.613, 1.44849, 25.2696, 0.000285648, 97.6826, 0.00131909, -79.6315, 0.00049209, 101.888
5512, 91.85833, 0.623502, 19.8819, 1.64636, -156.61, 1.44747, 25.2736, 0.000285521, 97.68, 0.00131824, -79.6277, 0.000491773, 101.894
5512, 91.86667, 0.623226, 19.8761, 1.64512, -156.607, 1.44645, 25.2775, 0.000285395, 97.6774, 0.00131739, -79.624, 0.000491457, 101.9
5513, 91.87500, 0.62295, 19.8703, 1.64388, -156.603, 1.44543, 25.2815, 0.000285268, 97.6749, 0.00131654, -79.6203, 0.00049114, 101.906
5513, 91.88333, 0.622675, 19.8645, 1.64264, -156.6, 1.44441, 25.2855, 0.000285142, 97.6723, 0.00131569, -79.6165, 0.000490824, 101.912
5513, 91.89167, 0.622401, 19.8587, 1.6414, -156.597, 1.44339, 25.2895, 0.000285016, 97.6697, 0.00131484, -79.6128, 0.000490508, 101.918
5514, 91.90000, 0.622127, 19.8529, 1.64016, -156.594, 1.44237, 25.2935, 0.00028489, 97.6672, 0.00131399, -79.6091, 0.000490191, 101.924
5515, 91.90833, 0.621853, 19.8471, 1.63892, -156.591, 1.44135, 25.2975, 0.000284765, 97.6646, 0.00131314, -79.6053, 0.000489875, 101.931
5515, 91.91666, 0.62158, 19.8413, 1.63768, -156.587, 1.44033, 25.3014, 0.000284639, 97.662, 0.00131229, -79.6016, 0.000489558, 101.937
5516, 91.92500, 0.621307, 19.8355, 1.63644, -156.584, 1.43931, 25.3054, 0.000284514, 97.6595, 0.00131144, -79.5978, 0.000489241, 101.943
5516, 91.93333, 0.621035, 19.8297, 1.63521, -156.581, 1.43829, 25.3094, 0.000284389, 97.6569, 0.00131059, -79.5941, 0.000488925, 101.949
5517, 91.94167, 0.620763, 19.8239, 1.63397, -156.578, 1.43727, 25.3134, 0.000284264, 97.6544, 0.00130975, -79.5903, 0.000488608, 101.955
5517, 91.95000, 0.620492, 19.8181, 1.63274, -156.574, 1.43625, 25.3174, 0.00028414, 97.6518, 0.0013089, -79.5865, 0.000488291, 101.961
5518, 91.95834, 0.620221, 19.8123, 1.6315, -156.571, 1.43524, 25.3214, 0.000284015, 97.6492, 0.00130805, -79.5827, 0.000487974, 101.968
5518, 91.96667, 0.619951, 19.8065, 1.63027, -156.568, 1.43422, 25.3254, 0.000283891, 97.6467, 0.00130721, -79.579, 0.000487658, 101.974
5519, 91.97500, 0.619682, 19.8007, 1.62903, -156.565, 1.4332, 25.3294, 0.000283767, 97.6441, 0.00130636, -79.5752, 0.000487341, 101.98
5519, 91.98333, 0.619412, 19.7948, 1.6278, -156.561, 1.43218, 25.3334, 0.000283643, 97.6416, 0.00130551, -79.5714, 0.000487024, 101.986
5520, 91.99167, 0.619144, 19.789, 1.62657, -156.558, 1.43116, 25.3374, 0.00028352, 97.639, 0.00130467, -79.5676, 0.000486707, 101.992
5520, 92.00000, 0.618876, 19.7832, 1.62534, -156.555, 1.43014, 25.3414, 0.000283396, 97.6365, 0.00130382, -79.5638, 0.00048639, 101.998
5521, 92.00833, 0.618608, 19.7774, 1.62411, -156.552, 1.42912, 25.3454, 0.000283273, 97.6339, 0.00130298, -79.56, 0.000486073, 102.004
5521, 92.01667, 0.618341, 19.7716, 1.62288, -156.548, 1.42811, 25.3494, 0.00028315, 97.6314, 0.00130213, -79.5562, 0.000485756, 102.011
5521, 92.02500, 0.618074, 19.7658, 1.62165, -156.545, 1.42709, 25.3534, 0.000283028, 97.6288, 0.00130129, -79.5524, 0.000485439, 102.017
5522, 92.03333, 0.617808, 19.7599, 1.62042, -156.542, 1.42607, 25.3574, 0.000282905, 97.6263, 0.00130045, -79.5486, 0.000485122, 102.023
5523, 92.04166, 0.617542, 19.7541, 1.61919, -156.538, 1.42505, 25.3614, 0.000282783, 97.6237, 0.0012996, -79.5448, 0.000484805, 102.029
5523, 92.05000, 0.617277, 19.7483, 1.61796, -156.535, 1.42403, 25.3654, 0.00028266, 97.6212, 0.00129876, -79.541, 0.000484487, 102.035
5524, 92.05833, 0.617012, 19.7425, 1.61673, -156.532, 1.42302, 25.3694, 0.000282538, 97.6186, 0.00129792, -79.5371, 0.00048417, 102.042
5524, 92.06667, 0.616748, 19.7366, 1.61551, -156.529, 1.422, 25.3734, 0.000282417, 97.6161, 0.00129707, -79.5333, 0.000483853, 102.048
5525, 92.07500, 0.616484, 19.7308, 1.61428, -156.525, 1.42098, 25.3774, 0.000282295, 97.6135, 0.00129623, -79.5295, 0.000483536, 102.054
5525, 92.08334, 0.61622, 19.725, 1.61306, -156.522, 1.41996, 25.3815, 0.000282174, 97.611, 0.00129539, -79.5256, 0.000483218, 102.06
5526, 92.09167, 0.615957, 19.7191, 1.61183, -156.519, 1.41895, 25.3855, 0.000282052, 97.6084, 0.00129455, -79.5218, 0.000482901, 102.066
5526, 92.10000, 0.615695, 19.7133, 1.61061, -156.515, 1.41793, 25.3895, 0.000281931, 97.6059, 0.00129371, -79.5179, 0.000482584, 102.072
5527, 92.10833, 0.615433, 19.7075, 1.60938, -156.512, 1.41691, 25.3935, 0.000281811, 97.6034, 0.00129286, -79.5141, 0.000482266, 102.079
5527, 92.11667, 0.615172, 19.7016, 1.60816, -156.508, 1.4159, 25.3975, 0.00028169, 97.6008, 0.00129202, -79.5102, 0.000481949, 102.085
5528, 92.12500, 0.614911, 19.6958, 1.60694, -156.505, 1.41488, 25.4015, 0.00028157, 97.5983, 0.00129118, -79.5064, 0.000481631, 102.091
5528, 92.13333, 0.61465, 19.6899, 1.60572, -156.502, 1.41386, 25.4056, 0.000281449, 97.5957, 0.00129034, -79.5025, 0.000481314, 102.097
5529, 92.14167, 0.61439, 19.6841, 1.6045, -156.498, 1.41284, 25.4096, 0.000281329, 97.5932, 0.0012895, -79.4986, 0.000480996, 102.103
5529, 92.15000, 0.614131, 19.6782, 1.60327, -156.495, 1.41183, 25.4136, 0.00028121, 97.5906, 0.00128866, -79.4948, 0.000480678, 102.11
5529, 92.15833, 0.613872, 19.6724, 1.60206, -156.492, 1.41081, 25.4176, 0.00028109, 97.5881, 0.00128783, -79.4909, 0.000480361, 102.116
5530, 92.16666, 0.613613, 19.6665, 1.60084, -156.488, 1.40979, 25.4217, 0.00028097, 97.5856, 0.00128699, -79.487, 0.000480043, 102.122
5531, 92.17500, 0.613355, 19.6607, 1.59962, -156.485, 1.40878, 25.4257, 0.000280851, 97.583, 0.00128615, -79.4831, 0.000479725, 102.128
5531, 92.18333, 0.613097, 19.6548, 1.5984, -156.481, 1.40776, 25.4297, 0.000280732, 97.5805, 0.00128531, -79.4792, 0.000479408, 102.134
5532, 92.19167, 0.61284, 19.649, 1.59718, -156.478, 1.40674, 25.4337, 0.000280613, 97.5779, 0.00128447, -79.4753, 0.00047909, 102.141
5532, 92.20000, 0.612583, 19.6431, 1.59597, -156.475, 1.40573, 25.4378, 0.000280494, 97.5754, 0.00128364, -79.4714, 0.000478772, 102.147
5533, 92.20834, 0.612327, 19.6372, 1.59475, -156.471, 1.40471, 25.4418, 0.000280376, 97.5729, 0.0012828, -79.4675, 0.000478454, 102.153
5533, 92.21667, 0.612071, 19.6314, 1.59353, -156.468, 1.4037, 25.4458, 0.000280258, 97.5703, 0.00128196, -79.4636, 0.000478136, 102.159
5534, 92.22500, 0.611816, 19.6255, 1.59232, -156.464, 1.40268, 25.4499, 0.00028014, 97.5678, 0.00128113, -79.4597, 0.000477818, 102.166
5534, 92.23333, 0.611561, 19.6196, 1.59111, -156.461, 1.40166, 25.4539, 0.000280022, 97.5652, 0.00128029, -79.4558, 0.0004775, 102.172
5535, 92.24167, 0.611307, 19.6137, 1.58989, -156.458, 1.40065, 25.458, 0.000279904, 97.5627, 0.00127945, -79.4518, 0.000477182, 102.178
5535, 92.25000, 0.611053, 19.6079, 1.58868, -156.454, 1.39963, 25.462, 0.000279786, 97.5602, 0.00127862, -79.4479, 0.000476864, 102.184
5536, 92.25833, 0.610799, 19.602, 1.58747, -156.451, 1.39862, 25.466, 0.000279669, 97.5576, 0.00127778, -79.444, 0.000476546, 102.191
5536, 92.26667, 0.610546, 19.5961, 1.58625, -156.447, 1.3976, 25.4701, 0.000279552, 97.5551, 0.00127695, -79.44, 0.000476228, 102.197
5537, 92.27500, 0.610294, 19.5902, 1.58504, -156.444, 1.39659, 25.4741, 0.000279435, 97.5525, 0.00127611, -79.4361, 0.00047591, 102.203
5537, 92.28333, 0.610042, 19.5843, 1.58383, -156.44, 1.39557, 25.4782, 0.000279318, 97.55, 0.00127528, -79.4321, 0.000475592, 102.209
5537, 92.29166, 0.60979, 19.5784, 1.58262, -156.437, 1.39456, 25.4822, 0.000279201, 97.5475, 0.00127444, -79.4282, 0.000475273, 102.216
5538, 92.30000, 0.609539, 19.5725, 1.58141, -156.433, 1.39354, 25.4863, 0.000279085, 97.5449, 0.00127361, -79.4242, 0.000474955, 102.222
5539, 92.30833, 0.609288, 19.5666, 1.58021, -156.43, 1.39253, 25.4903, 0.000278969, 97.5424, 0.00127278, -79.4203, 0.000474637, 102.228
5539, 92.31667, 0.609038, 19.5607, 1.579, -156.426, 1.39151, 25.4944, 0.000278853, 97.5398, 0.00127195, -79.4163, 0.000474319, 102.234
5540, 92.32500, 0.608788, 19.5548, 1.57779, -156.423, 1.3905, 25.4984, 0.000278737, 97.5373, 0.00127111, -79.4123, 0.000474, 102.241
5540, 92.33334, 0.608539, 19.5489, 1.57658, -156.419, 1.38948, 25.5025, 0.000278621, 97.5348, 0.00127028, -79.4083, 0.000473682, 102.247
5541, 92.34167, 0.60829, 19.543, 1.57538, -156.416, 1.38847, 25.5065, 0.000278506, 97.5322, 0.00126945, -79.4044, 0.000473363, 102.253
5541, 92.35000, 0.608041, 19.5371, 1.57417, -156.412, 1.38745, 25.5106, 0.00027839, 97.5297, 0.00126862, -79.4004, 0.000473045, 102.259
5542, 92.35833, 0.607793, 19.5312, 1.57297, -156.409, 1.38644, 25.5147, 0.000278275, 97.5271, 0.00126779, -79.3964, 0.000472726, 102.266
5542, 92.36667, 0.607545, 19.5253, 1.57176, -156.405, 1.38542, 25.5187, 0.00027816, 97.5246, 0.00126695, -79.3924, 0.000472408, 102.272
5543, 92.37500, 0.607298, 19.5194, 1.57056, -156.402, 1.38441, 25.5228, 0.000278045, 97.5221, 0.00126612, -79.3884, 0.000472089, 102.278
5543, 92.38333, 0.607052, 19.5134, 1.56935, -156.398, 1.38339, 25.5268, 0.000277931, 97.5195, 0.00126529, -79.3844, 0.000471771, 102.285
5544, 92.39167, 0.606805, 19.5075, 1.56815, -156.395, 1.38238, 25.5309, 0.000277816, 97.517, 0.00126446, -79.3804, 0.000471452, 102.291
5544, 92.40000, 0.60656, 19.5016, 1.56695, -156.391, 1.38136, 25.535, 0.000277702, 97.5144, 0.00126363, -79.3764, 0.000471133, 102.297
5545, 92.40833, 0.606314, 19.4956, 1.56575, -156.388, 1.38035, 25.5391, 0.000277588, 97.5119, 0.0012628, -79.3723, 0.000470815, 102.303
5545, 92.41666, 0.606069, 19.4897, 1.56455, -156.384, 1.37934, 25.5431, 0.000277474, 97.5093, 0.00126197, -79.3683, 0.000470496, 102.31
5545, 92.42500, 0.605825, 19.4838, 1.56335, -156.38, 1.37832, 25.5472, 0.000277361, 97.5068, 0.00126115, -79.3643, 0.000470177, 102.316
5546, 92.43333, 0.605581, 19.4778, 1.56215, -156.377, 1.37731, 25.5513, 0.000277247, 97.5043, 0.00126032, -79.3603, 0.000469858, 102.322
5547, 92.44167, 0.605337, 19.4719, 1.56095, -156.373, 1.37629, 25.5553, 0.000277134, 97.5017, 0.00125949, -79.3562, 0.000469539, 102.329
5547, 92.45000, 0.605094, 19.4659, 1.55975, -156.37, 1.37528, 25.5594, 0.000277021, 97.4992, 0.00125866, -79.3522, 0.000469221, 102.335
5548, 92.45834, 0.604851, 19.46, 1.55855, -156.366, 1.37427, 25.5635, 0.000276908, 97.4966, 0.00125783, -79.3481, 0.000468902, 102.341
5548, 92.46667, 0.604609, 19.454, 1.55736, -156.363, 1.37325, 25.5676, 0.000276795, 97.4941, 0.00125701, -79.3441, 0.000468583, 102.348
5549, 92.47500, 0.604367, 19.448, 1.55616, -156.359, 1.37224, 25.5717, 0.000276683, 97.4915, 0.00125618, -79.34, 0.000468264, 102.354
5549, 92.48333, 0.604126, 19.4421, 1.55496, -156.355, 1.37123, 25.5758, 0.00027657, 97.489, 0.00125535, -79.336, 0.000467945, 102.36
5550, 92.49167, 0.603885, 19.4361, 1.55377, -156.352, 1.37021, 25.5798, 0.000276458, 97.4864, 0.00125453, -79.3319, 0.000467626, 102.367
5550, 92.50000, 0.603644, 19.4301, 1.55257, -156.348, 1.3692, 25.5839, 0.000276346, 97.4839, 0.0012537, -79.3278, 0.000467306, 102.373
5551, 92.50833, 0.603404, 19.4242, 1.55138, -156.344, 1.36819, 25.588, 0.000276234, 97.4813, 0.00125287, -79.3237, 0.000466987, 102.379
5551, 92.51667, 0.603164, 19.4182, 1.55019, -156.341, 1.36717, 25.5921, 0.000276122, 97.4788, 0.00125205, -79.3197, 0.000466668, 102.386
5552, 92.52500, 0.602925, 19.4122, 1.54899, -156.337, 1.36616, 25.5962, 0.000276011, 97.4762, 0.00125122, -79.3156, 0.000466349, 102.392
5552, 92.53333, 0.602686, 19.4062, 1.5478, -156.334, 1.36515, 25.6003, 0.0002759, 97.4737, 0.0012504, -79.3115, 0.00046603, 102.398
5553, 92.54166, 0.602448, 19.4002, 1.54661, -156.33, 1.36414, 25.6044, 0.000275788, 97.4711, 0.00124957, -79.3074, 0.00046571, 102.405
5553, 92.55000, 0.60221, 19.3942, 1.54542, -156.326, 1.36312, 25.6085, 0.000275677, 97.4686, 0.00124875, -79.3033, 0.000465391, 102.411
5553, 92.55833, 0.601972, 19.3882, 1.54423, -156.323, 1.36211, 25.6126, 0.000275567, 97.466, 0.00124793, -79.2992, 0.000465072, 102.417
5554, 92.56667, 0.601735, 19.3822, 1.54304, -156.319, 1.3611, 25.6167, 0.000275456, 97.4634, 0.0012471, -79.2951, 0.000464752, 102.424
5555, 92.57500, 0.601499, 19.3762, 1.54185, -156.315, 1.36009, 25.6208, 0.000275346, 97.4609, 0.00124628, -79.291, 0.000464433, 102.43
5555, 92.58334, 0.601262, 19.3702, 1.54066, -156.312, 1.35907, 25.6249, 0.000275235, 97.4583, 0.00124546, -79.2868, 0.000464114, 102.436
5556, 92.59167, 0.601026, 19.3642, 1.53947, -156.308, 1.35806, 25.629, 0.000275125, 97.4558, 0.00124463, -79.2827, 0.000463794, 102.443
5556, 92.60000, 0.600791, 19.3582, 1.53828, -156.304, 1.35705, 25.6331, 0.000275015, 97.4532, 0.00124381, -79.2786, 0.000463475, 102.449
5557, 92.60833, 0.600556, 19.3522, 1.53709, -156.3, 1.35604, 25.6372, 0.000274906, 97.4506, 0.00124299, -79.2744, 0.000463155, 102.455
5557, 92.61667, 0.600321, 19.3462, 1.53591, -156.297, 1.35503, 25.6414, 0.000274796, 97.4481, 0.00124217, -79.2703, 0.000462835, 102.462
5558, 92.62500, 0.600087, 19.3401, 1.53472, -156.293, 1.35401, 25.6455, 0.000274687, 97.4455, 0.00124134, -79.2662, 0.000462516, 102.468
5558, 92.63333, 0.599854, 19.3341, 1.53354, -156.289, 1.353, 25.6496, 0.000274577, 97.443, 0.00124052, -79.262, 0.000462196, 102.475
5559, 92.64167, 0.59962, 19.3281, 1.53235, -156.286, 1.35199, 25.6537, 0.000274468, 97.4404, 0.0012397, -79.2579, 0.000461876, 102.481
5559, 92.65000, 0.599387, 19.322, 1.53117, -156.282, 1.35098, 25.6578, 0.00027436, 97.4378, 0.00123888, -79.2537, 0.000461557, 102.487
5560, 92.65833, 0.599155, 19.316, 1.52998, -156.278, 1.34997, 25.662, 0.000274251, 97.4353, 0.00123806, -79.2495, 0.000461237, 102.494
5560, 92.66666, 0.598923, 19.3099, 1.5288, -156.274, 1.34896, 25.6661, 0.000274142, 97.4327, 0.00123724, -79.2454, 0.000460917, 102.5
5561, 92.67500, 0.598691, 19.3039, 1.52762, -156.271, 1.34794, 25.6702, 0.000274034, 97.4301, 0.00123642, -79.2412, 0.000460597, 102.507
5561, 92.68333, 0.59846, 19.2978, 1.52644, -156.267, 1.34693, 25.6743, 0.000273926, 97.4275, 0.0012356, -79.237, 0.000460277, 102.513
5561, 92.69167, 0.598229, 19.2917, 1.52526, -156.263, 1.34592, 25.6785, 0.000273818, 97.425, 0.00123478, -79.2328, 0.000459957, 102.519
5562, 92.70000, 0.597999, 19.2857, 1.52408, -156.259, 1.34491, 25.6826, 0.00027371, 97.4224, 0.00123396, -79.2286, 0.000459638, 102.526
5563, 92.70834, 0.597769, 19.2796, 1.5229, -156.256, 1.3439, 25.6867, 0.000273602, 97.4198, 0.00123315, -79.2244, 0.000459318, 102.532
5563, 92.71667, 0.597539, 19.2735, 1.52172, -156.252, 1.34289, 25.6909, 0.000273495, 97.4172, 0.00123233, -79.2202, 0.000458998, 102.539
5564, 92.72500, 0.59731, 19.2674, 1.52054, -156.248, 1.34188, 25.695, 0.000273388, 97.4147, 0.00123151, -79.216, 0.000458678, 102.545
5564, 92.73333, 0.597081, 19.2614, 1.51936, -156.244, 1.34087, 25.6992, 0.00027328, 97.4121, 0.00123069, -79.2118, 0.000458357, 102.551
5565, 92.74167, 0.596853, 19.2553, 1.51818, -156.24, 1.33986, 25.7033, 0.000273174, 97.4095, 0.00122987, -79.2076, 0.000458037, 102.558
5565, 92.75000, 0.596625, 19.2492, 1.517, -156.237, 1.33885, 25.7074, 0.000273067, 97.4069, 0.00122906, -79.2034, 0.000457717, 102.564
5566, 92.75833, 0.596397, 19.2431, 1.51583, -156.233, 1.33783, 25.7116, 0.00027296, 97.4043, 0.00122824, -79.1991, 0.000457397, 102.571
5566, 92.76667, 0.59617, 19.237, 1.51465, -156.229, 1.33682, 25.7157, 0.000272854, 97.4017, 0.00122742, -79.1949, 0.000457077, 102.577
5566, 92.77500, 0.595943, 19.2309, 1.51348, -156.225, 1.33581, 25.7199, 0.000272747, 97.3991, 0.00122661, -79.1907, 0.000456757, 102.584
5567, 92.78333, 0.595717, 19.2248, 1.5123, -156.221, 1.3348, 25.724, 0.000272641, 97.3966, 0.00122579, -79.1864, 0.000456436, 102.59
5568, 92.79166, 0.595491, 19.2186, 1.51113, -156.217, 1.33379, 25.7282, 0.000272535, 97.394, 0.00122498, -79.1822, 0.000456116, 102.597
5568, 92.80000, 0.595265, 19.2125, 1.50995, -156.214, 1.33278, 25.7324, 0.00027243, 97.3914, 0.00122416, -79.1779, 0.000455796, 102.603
5569, 92.80833, 0.59504, 19.2064, 1.50878, -156.21, 1.33177, 25.7365, 0.000272324, 97.3888, 0.00122335, -79.1737, 0.000455475, 102.609
5569, 92.81667, 0.594816, 19.2002, 1.50761, -156.206, 1.33076, 25.7407, 0.000272218, 97.3862, 0.00122253, -79.1694, 0.000455155, 102.616
5569, 92.82500, 0.594591, 19.1941, 1.50644, -156.202, 1.32975, 25.7448, 0.000272113, 97.3836, 0.00122172, -79.1652, 0.000454834, 102.622
5570, 92.83334, 0.594367, 19.188, 1.50527, -156.198, 1.32874, 25.749, 0.000272008, 97.381, 0.0012209, -79.1609, 0.000454514, 102.629
5571, 92.84167, 0.594144, 19.1818, 1.5041, -156.194, 1.32773, 25.7532, 0.000271903, 97.3784, 0.00122009, -79.1566, 0.000454193, 102.635
5571, 92.85000, 0.593921, 19.1757, 1.50293, -156.19, 1.32672, 25.7573, 0.000271798, 97.3758, 0.00121928, -79.1523, 0.000453873, 102.642
5572, 92.85833, 0.593698, 19.1695, 1.50176, -156.186, 1.32571, 25.7615, 0.000271694, 97.3732, 0.00121846, -79.148, 0.000453552, 102.648
5572, 92.86667, 0.593475, 19.1633, 1.50059, -156.183, 1.3247, 25.7657, 0.000271589, 97.3705, 0.00121765, -79.1437, 0.000453231, 102.655
5573, 92.87500, 0.593253, 19.1572, 1.49942, -156.179, 1.3237, 25.7699, 0.000271485, 97.3679, 0.00121684, -79.1394, 0.000452911, 102.661
5573, 92.88333, 0.593032, 19.151, 1.49825, -156.175, 1.32269, 25.774, 0.000271381, 97.3653, 0.00121603, -79.1351, 0.00045259, 102.668
5574, 92.89167, 0.592811, 19.1448, 1.49708, -156.171, 1.32168, 25.7782, 0.000271277, 97.3627, 0.00121521, -79.1308, 0.000452269, 102.674
5574, 92.90000, 0.59259, 19.1386, 1.49592, -156.167, 1.32067, 25.7824, 0.000271173, 97.3601, 0.0012144, -79.1265, 0.000451949, 102.681
5574, 92.90833, 0.59237, 19.1325, 1.49475, -156.163, 1.31966, 25.7866, 0.00027107, 97.3575, 0.00121359, -79.1222, 0.000451628, 102.687
5575, 92.91666, 0.59215, 19.1263, 1.49358, -156.159, 1.31865, 25.7908, 0.000270966, 97.3549, 0.00121278, -79.1179, 0.000451307, 102.694
5576, 92.92500, 0.59193, 19.1201, 1.49242, -156.155, 1.31764, 25.795, 0.000270863, 97.3522, 0.00121197, -79.1135, 0.000450986, 102.7
5576, 92.93333, 0.591711, 19.1139, 1.49126, -156.151, 1.31663, 25.7991, 0.00027076, 97.3496, 0.00121116, -79.1092, 0.000450665, 102.707
5577, 92.94167, 0.591492, 19.1077, 1.49009, -156.147, 1.31562, 25.8033, 0.000270657, 97.347, 0.00121035, -79.1049, 0.000450344, 102.713
5577, 92.95000, 0.591273, 19.1014, 1.48893, -156.143, 1.31461, 25.8075, 0.000270554, 97.3443, 0.00120954, -79.1005, 0.000450023, 102.72
5578, 92.95834, 0.591055, 19.0952, 1.48777, -156.139, 1.31361, 25.8117, 0.000270451, 97.3417, 0.00120873, -79.0962, 0.000449702, 102.726
5578, 92.96667, 0.590838, 19.089, 1.4866, -156.135, 1.3126, 25.8159, 0.000270349, 97.3391, 0.00120792, -79.0918, 0.000449381, 102.733
5579, 92.97500, 0.59062, 19.0828, 1.48544, -156.131, 1.31159, 25.8201, 0.000270247, 97.3364, 0.00120711, -79.0874, 0.00044906, 102.74
5579, 92.98333, 0.590403, 19.0765, 1.48428, -156.127, 1.31058, 25.8243, 0.000270144, 97.3338, 0.0012063, -79.0831, 0.000448739, 102.746
5580, 92.99167, 0.590187, 19.0703, 1.48312, -156.123, 1.30957, 25.8285, 0.000270043, 97.3312, 0.00120549, -79.0787, 0.000448418, 102.753
5580, 93.00000, 0.589971, 19.064, 1.48196, -156.119, 1.30856, 25.8327, 0.000269941, 97.3285, 0.00120468, -79.0743, 0.000448097, 102.759
5581, 93.00833, 0.589755, 19.0578, 1.4808, -156.115, 1.30755, 25.837, 0.000269839, 97.3259, 0.00120388, -79.0699, 0.000447775, 102.766
5581, 93.01667, 0.58954, 19.0515, 1.47964, -156.111, 1.30655, 25.8412, 0.000269738, 97.3232, 0.00120307, -79.0656, 0.000447454, 102.772
5582, 93.02500, 0.589325, 19.0452, 1.47849, -156.107, 1.30554, 25.8454, 0.000269636, 97.3206, 0.00120226, -79.0612, 0.000447133, 102.779
5582, 93.03333, 0.58911, 19.039, 1.47733, -156.103, 1.30453, 25.8496, 0.000269535, 97.3179, 0.00120145, -79.0568, 0.000446811, 102.785
5582, 93.04166, 0.588896, 19.0327, 1.47617, -156.099, 1.30352, 25.8538, 0.000269434, 97.3153, 0.00120065, -79.0524, 0.00044649, 102.792
5583, 93.05000, 0.588682, 19.0264, 1.47501, -156.095, 1.30252, 25.858, 0.000269333, 97.3126, 0.00119984, -79.048, 0.000446169, 102.799
5584, 93.05833, 0.588468, 19.0201, 1.47386, -156.091, 1.30151, 25.8623, 0.000269233, 97.3099, 0.00119903, -79.0435, 0.000445847, 102.805
5584, 93.06667, 0.588255, 19.0138, 1.4727, -156.087, 1.3005, 25.8665, 0.000269132, 97.3073, 0.00119823, -79.0391, 0.000445526, 102.812
5585, 93.07500, 0.588043, 19.0075, 1.47155, -156.083, 1.29949, 25.8707, 0.000269032, 97.3046, 0.00119742, -79.0347, 0.000445204, 102.818
5585, 93.08334, 0.58783, 19.0012, 1.47039, -156.079, 1.29848, 25.875, 0.000268931, 97.3019, 0.00119662, -79.0303, 0.000444883, 102.825
5586, 93.09167, 0.587618, 18.9949, 1.46924, -156.075, 1.29748, 25.8792, 0.000268831, 97.2993, 0.00119581, -79.0258, 0.000444561, 102.832
5586, 93.10000, 0.587407, 18.9886, 1.46809, -156.071, 1.29647, 25.8834, 0.000268731, 97.2966, 0.00119501, -79.0214, 0.00044424, 102.838
5587, 93.10833, 0.587195, 18.9823, 1.46694, -156.067, 1.29546, 25.8877, 0.000268632, 97.2939, 0.0011942, -79.0169, 0.000443918, 102.845
5587, 93.11667, 0.586984, 18.9759, 1.46578, -156.062, 1.29446, 25.8919, 0.000268532, 97.2912, 0.0011934, -79.0125, 0.000443596, 102.851
5588, 93.12500, 0.586774, 18.9696, 1.46463, -156.058, 1.29345, 25.8961, 0.000268433, 97.2886, 0.0011926, -79.008, 0.000443275, 102.858
5588, 93.13333, 0.586564, 18.9632, 1.46348, -156.054, 1.29244, 25.9004, 0.000268334, 97.2859, 0.00119179, -79.0035, 0.000442953, 102.865
5589, 93.14167, 0.586354, 18.9569, 1.46233, -156.05, 1.29143, 25.9046, 0.000268234, 97.2832, 0.00119099, -78.9991, 0.000442631, 102.871
5589, 93.15000, 0.586145, 18.9505, 1.46118, -156.046, 1.29043, 25.9089, 0.000268135, 97.2805, 0.00119019, -78.9946, 0.000442309, 102.878
5590, 93.15833, 0.585935, 18.9442, 1.46003, -156.042, 1.28942, 25.9131, 0.000268037, 97.2778, 0.00118938, -78.9901, 0.000441987, 102.885
5590, 93.16666, 0.585727, 18.9378, 1.45888, -156.038, 1.28841, 25.9174, 0.000267938, 97.2751, 0.00118858, -78.9856, 0.000441665, 102.891
5590, 93.17500, 0.585518, 18.9314, 1.45774, -156.033, 1.28741, 25.9217, 0.00026784, 97.2724, 0.00118778, -78.9811, 0.000441343, 102.898
5591, 93.18333, 0.585311, 18.925, 1.45659, -156.029, 1.2864, 25.9259, 0.000267741, 97.2697, 0.00118698, -78.9766, 0.000441022, 102.904
5592, 93.19167, 0.585103, 18.9187, 1.45544, -156.025, 1.28539, 25.9302, 0.000267643, 97.267, 0.00118617, -78.9721, 0.000440699, 102.911
5592, 93.20000, 0.584896, 18.9123, 1.4543, -156.021, 1.28439, 25.9344, 0.000267545, 97.2643, 0.00118537, -78.9676, 0.000440377, 102.918
5593, 93.20834, 0.584689, 18.9059, 1.45315, -156.017, 1.28338, 25.9387, 0.000267447, 97.2616, 0.00118457, -78.9631, 0.000440055, 102.924
5593, 93.21667, 0.584482, 18.8994, 1.45201, -156.013, 1.28237, 25.943, 0.00026735, 97.2588, 0.00118377, -78.9586, 0.000439733, 102.931
5594, 93.22500, 0.584276, 18.893, 1.45086, -156.008, 1.28137, 25.9473, 0.000267252, 97.2561, 0.00118297, -78.9541, 0.000439411, 102.938
5594, 93.23333, 0.58407, 18.8866, 1.44972, -156.004, 1.28036, 25.9515, 0.000267155, 97.2534, 0.00118217, -78.9495, 0.000439089, 102.944
5595, 93.24167, 0.583865, 18.8802, 1.44857, -156, 1.27936, 25.9558, 0.000267057, 97.2507, 0.00118137, -78.945, 0.000438767, 102.951
5595, 93.25000, 0.58366, 18.8737, 1.44743, -155.996, 1.27835, 25.9601, 0.00026696, 97.2479, 0.00118057, -78.9405, 0.000438444, 102.958
5596, 93.25833, 0.583455, 18.8673, 1.44629, -155.992, 1.27734, 25.9644, 0.000266863, 97.2452, 0.00117977, -78.9359, 0.000438122, 102.965
5596, 93.26667, 0.583251, 18.8608, 1.44515, -155.987, 1.27634, 25.9687, 0.000266767, 97.2425, 0.00117897, -78.9314, 0.0004378, 102.971
5597, 93.27500, 0.583047, 18.8544, 1.444, -155.983, 1.27533, 25.9729, 0.00026667, 97.2397, 0.00117817, -78.9268, 0.000437478, 102.978
5597, 93.28333, 0.582843, 18.8479, 1.44286, -155.979, 1.27433, 25.9772, 0.000266574, 97.237, 0.00117738, -78.9222, 0.000437155, 102.985
5598, 93.29166, 0.58264, 18.8415, 1.44172, -155.975, 1.27332, 25.9815, 0.000266477, 97.2342, 0.00117658, -78.9177, 0.000436833, 102.991
5598, 93.30000, 0.582437, 18.835, 1.44058, -155.97, 1.27231, 25.9858, 0.000266381, 97.2315, 0.00117578, -78.9131, 0.00043651, 102.998
5598, 93.30833, 0.582235, 18.8285, 1.43945, -155.966, 1.27131, 25.9901, 0.000266285, 97.2287, 0.00117498, -78.9085, 0.000436188, 103.005
5599, 93.31667, 0.582032, 18.822, 1.43831, -155.962, 1.2703, 25.9944, 0.000266189, 97.226, 0.00117418, -78.9039, 0.000435865, 103.012
5600, 93.32500, 0.58183, 18.8155, 1.43717, -155.957, 1.2693, 25.9987, 0.000266094, 97.2232, 0.00117339, -78.8993, 0.000435543, 103.018
5600, 93.33334, 0.581629, 18.809, 1.43603, -155.953, 1.26829, 26.003, 0.000265998, 97.2205, 0.00117259, -78.8947, 0.00043522, 103.025
5601, 93.34167, 0.581428, 18.8025, 1.4349, -155.949, 1.26729, 26.0073, 0.000265903, 97.2177, 0.00117179, -78.8901, 0.000434897, 103.032
5601, 93.35000, 0.581227, 18.796, 1.43376, -155.945, 1.26628, 26.0116, 0.000265807, 97.2149, 0.001171, -78.8855, 0.000434575, 103.039
5602, 93.35833, 0.581026, 18.7894, 1.43262, -155.94, 1.26528, 26.016, 0.000265712, 97.2122, 0.0011702, -78.8809, 0.000434252, 103.045
5602, 93.36667, 0.580826, 18.7829, 1.43149, -155.936, 1.26427, 26.0203, 0.000265617, 97.2094, 0.0011694, -78.8763, 0.000433929, 103.052
5603, 93.37500, 0.580626, 18.7764, 1.43035, -155.932, 1.26327, 26.0246, 0.000265523, 97.2066, 0.00116861, -78.8717, 0.000433606, 103.059
5603, 93.38333, 0.580427, 18.7698, 1.42922, -155.927, 1.26226, 26.0289, 0.000265428, 97.2038, 0.00116781, -78.867, 0.000433284, 103.066
5604, 93.39167, 0.580228, 18.7633, 1.42809, -155.923, 1.26126, 26.0332, 0.000265334, 97.201, 0.00116702, -78.8624, 0.000432961, 103.072
5604, 93.40000, 0.580029, 18.7567, 1.42695, -155.919, 1.26025, 26.0376, 0.000265239, 97.1982, 0.00116622, -78.8577, 0.000432638, 103.079
5605, 93.40833, 0.579831, 18.7501, 1.42582, -155.914, 1.25925, 26.0419, 0.000265145, 97.1954, 0.00116543, -78.8531, 0.000432315, 103.086
5605, 93.41666, 0.579633, 18.7435, 1.42469, -155.91, 1.25824, 26.0462, 0.000265051, 97.1926, 0.00116464, -78.8484, 0.000431992, 103.093
5606, 93.42500, 0.579435, 18.737, 1.42356, -155.905, 1.25724, 26.0506, 0.000264957, 97.1898, 0.00116384, -78.8438, 0.000431669, 103.099
5606, 93.43333, 0.579238, 18.7304, 1.42243, -155.901, 1.25623, 26.0549, 0.000264863, 97.187, 0.00116305, -78.8391, 0.000431346, 103.106
5606, 93.44167, 0.579041, 18.7238, 1.4213, -155.897, 1.25523, 26.0592, 0.00026477, 97.1842, 0.00116226, -78.8344, 0.000431023, 103.113
5607, 93.45000, 0.578844, 18.7171, 1.42017, -155.892, 1.25422, 26.0636, 0.000264676, 97.1814, 0.00116146, -78.8298, 0.0004307, 103.12
5608, 93.45834, 0.578647, 18.7105, 1.41904, -155.888, 1.25322, 26.0679, 0.000264583, 97.1786, 0.00116067, -78.8251, 0.000430377, 103.127
5608, 93.46667, 0.578451, 18.7039, 1.41791, -155.883, 1.25222, 26.0723, 0.00026449, 97.1757, 0.00115988, -78.8204, 0.000430053, 103.134
5609, 93.47500, 0.578256, 18.6973, 1.41678, -155.879, 1.25121, 26.0766, 0.000264397, 97.1729, 0.00115909, -78.8157, 0.00042973, 103.14
5609, 93.48333, 0.57806, 18.6906, 1.41565, -155.875, 1.25021, 26.081, 0.000264304, 97.1701, 0.00115829, -78.811, 0.000429407, 103.147
5610, 93.49167, 0.577865, 18.684, 1.41453, -155.87, 1.2492, 26.0853, 0.000264211, 97.1672, 0.0011575, -78.8063, 0.000429084, 103.154
5610, 93.50000, 0.577671, 18.6773, 1.4134, -155.866, 1.2482, 26.0897, 0.000264119, 97.1644, 0.00115671, -78.8015, 0.00042876, 103.161
5611, 93.50833, 0.577476, 18.6707, 1.41228, -155.861, 1.24719, 26.0941, 0.000264026, 97.1615, 0.00115592, -78.7968, 0.000428437, 103.168
5611, 93.51667, 0.577282, 18.664, 1.41115, -155.857, 1.24619, 26.0984, 0.000263934, 97.1587, 0.00115513, -78.7921, 0.000428113, 103.175
5612, 93.52500, 0.577089, 18.6573, 1.41003, -155.852, 1.24519, 26.1028, 0.000263842, 97.1558, 0.00115434, -78.7874, 0.00042779, 103.181
5612, 93.53333, 0.576895, 18.6506, 1.4089, -155.848, 1.24418, 26.1072, 0.00026375, 97.153, 0.00115355, -78.7826, 0.000427467, 103.188
5613, 93.54166, 0.576702, 18.6439, 1.40778, -155.843, 1.24318, 26.1115, 0.000263658, 97.1501, 0.00115276, -78.7779, 0.000427143, 103.195
5613, 93.55000, 0.57651, 18.6372, 1.40666, -155.839, 1.24217, 26.1159, 0.000263566, 97.1472, 0.00115197, -78.7731, 0.000426819, 103.202
5614, 93.55833, 0.576317, 18.6305, 1.40553, -155.834, 1.24117, 26.1203, 0.000263475, 97.1444, 0.00115118, -78.7684, 0.000426496, 103.209
5614, 93.56667, 0.576125, 18.6238, 1.40441, -155.83, 1.24017, 26.1247, 0.000263383, 97.1415, 0.00115039, -78.7636, 0.000426172, 103.216
5614, 93.57500, 0.575934, 18.617, 1.40329, -155.825, 1.23916, 26.129, 0.000263292, 97.1386, 0.0011496, -78.7589, 0.000425849, 103.223
5615, 93.58334, 0.575742, 18.6103, 1.40217, -155.821, 1.23816, 26.1334, 0.000263201, 97.1357, 0.00114881, -78.7541, 0.000425525, 103.23
5616, 93.59167, 0.575551, 18.6036, 1.40105, -155.816, 1.23716, 26.1378, 0.00026311, 97.1328, 0.00114802, -78.7493, 0.000425201, 103.236
5616, 93.60000, 0.57536, 18.5968, 1.39993, -155.812, 1.23615, 26.1422, 0.000263019, 97.1299, 0.00114724, -78.7445, 0.000424877, 103.243
5617, 93.60833, 0.57517, 18.59, 1.39881, -155.807, 1.23515, 26.1466, 0.000262929, 97.127, 0.00114645, -78.7397, 0.000424554, 103.25
5617, 93.61667, 0.57498, 18.5833, 1.39769, -155.803, 1.23415, 26.151, 0.000262838, 97.1241, 0.00114566, -78.7349, 0.00042423, 103.257
5618, 93.62500, 0.57479, 18.5765, 1.39657, -155.798, 1.23314, 26.1554, 0.000262748, 97.1212, 0.00114487, -78.7301, 0.000423906, 103.264
5618, 93.63333, 0.574601, 18.5697, 1.39546, -155.794, 1.23214, 26.1598, 0.000262658, 97.1183, 0.00114409, -78.7253, 0.000423582, 103.271
5619, 93.64167, 0.574412, 18.5629, 1.39434, -155.789, 1.23114, 26.1642, 0.000262567, 97.1154, 0.0011433, -78.7205, 0.000423258, 103.278
5619, 93.65000, 0.574223, 18.5561, 1.39322, -155.784, 1.23013, 26.1686, 0.000262477, 97.1125, 0.00114251, -78.7157, 0.000422934, 103.285
5620, 93.65833, 0.574035, 18.5493, 1.39211, -155.78, 1.22913, 26.1731, 0.000262388, 97.1095, 0.00114173, -78.7108, 0.00042261, 103.292
5620, 93.66666, 0.573846, 18.5425, 1.39099, -155.775, 1.22813, 26.1775, 0.000262298, 97.1066, 0.00114094, -78.706, 0.000422286, 103.299
5621, 93.67500, 0.573659, 18.5356, 1.38988, -155.771, 1.22713, 26.1819, 0.000262208, 97.1037, 0.00114016, -78.7012, 0.000421962, 103.306
5621, 93.68333, 0.573471, 18.5288, 1.38876, -155.766, 1.22612, 26.1863, 0.000262119, 97.1007, 0.00113937, -78.6963, 0.000421638, 103.313
5622, 93.69167, 0.573284, 18.5219, 1.38765, -155.761, 1.22512, 26.1907, 0.00026203, 97.0978, 0.00113859, -78.6915, 0.000421313, 103.32
5622, 93.70000, 0.573097, 18.5151, 1.38653, -155.757, 1.22412, 26.1952, 0.000261941, 97.0948, 0.0011378, -78.6866, 0.000420989, 103.327
5622, 93.70834, 0.57291, 18.5082, 1.38542, -155.752, 1.22312, 26.1996, 0.000261852, 97.0919, 0.00113702, -78.6817, 0.000420665, 103.334
5623, 93.71667, 0.572724, 18.5013, 1.38431, -155.747, 1.22211, 26.204, 0.000261763, 97.0889, 0.00113623, -78.6769, 0.00042034, 103.341
5624, 93.72500, 0.572538, 18.4944, 1.3832, -155.743, 1.22111, 26.2085, 0.000261674, 97.0859, 0.00113545, -78.672, 0.000420016, 103.348
5624, 93.73333, 0.572353, 18.4875, 1.38209, -155.738, 1.22011, 26.2129, 0.000261586, 97.0829, 0.00113466, -78.6671, 0.000419692, 103.355
5625, 93.74167, 0.572167, 18.4806, 1.38098, -155.733, 1.21911, 26.2174, 0.000261497, 97.08, 0.00113388, -78.6622, 0.000419367, 103.362
5625, 93.75000, 0.571982, 18.4737, 1.37987, -155.729, 1.2181, 26.2218, 0.000261409, 97.077, 0.0011331, -78.6573, 0.000419043, 103.369
5626, 93.75833, 0.571798, 18.4668, 1.37876, -155.724, 1.2171, 26.2263, 0.000261321, 97.074, 0.00113231, -78.6524, 0.000418718, 103.376
5626, 93.76667, 0.571613, 18.4599, 1.37765, -155.719, 1.2161, 26.2307, 0.000261233, 97.071, 0.00113153, -78.6475, 0.000418394, 103.383
5627, 93.77500, 0.571429, 18.4529, 1.37654, -155.715, 1.2151, 26.2352, 0.000261145, 97.068, 0.00113075, -78.6426, 0.000418069, 103.39
5627, 93.78333, 0.571246, 18.446, 1.37543, -155.71, 1.21409, 26.2396, 0.000261057, 97.065, 0.00112997, -78.6377, 0.000417745, 103.397
5628, 93.79166, 0.571062, 18.439, 1.37433, -155.705, 1.21309, 26.2441, 0.00026097, 97.062, 0.00112919, -78.6328, 0.00041742, 103.404
5628, 93.80000, 0.570879, 18.4321, 1.37322, -155.701, 1.21209, 26.2486, 0.000260882, 97.059, 0.0011284, -78.6278, 0.000417095, 103.411
5629, 93.80833, 0.570696, 18.4251, 1.37211, -155.696, 1.21109, 26.253, 0.000260795, 97.0559, 0.00112762, -78.6229, 0.000416771, 103.418
5629, 93.81667, 0.570514, 18.4181, 1.37101, -155.691, 1.21009, 26.2575, 0.000260708, 97.0529, 0.00112684, -78.6179, 0.000416446, 103.425
5630, 93.82500, 0.570332, 18.4111, 1.3699, -155.686, 1.20908, 26.262, 0.000260621, 97.0499, 0.00112606, -78.613, 0.000416121, 103.432
5630, 93.83334, 0.57015, 18.4041, 1.3688, -155.682, 1.20808, 26.2665, 0.000260534, 97.0468, 0.00112528, -78.608, 0.000415796, 103.439
5630, 93.84167, 0.569968, 18.3971, 1.36769, -155.677, 1.20708, 26.2709, 0.000260447, 97.0438, 0.0011245, -78.6031, 0.000415471, 103.446
5631, 93.85000, 0.569787, 18.39, 1.36659, -155.672, 1.20608, 26.2754, 0.000260361, 97.0407, 0.00112372, -78.5981, 0.000415146, 103.453
5632, 93.85833, 0.569606, 18.383, 1.36549, -155.667, 1.20508, 26.2799, 0.000260274, 97.0377, 0.00112294, -78.5931, 0.000414821, 103.46
5632, 93.86667, 0.569425, 18.376, 1.36438, -155.662, 1.20408, 26.2844, 0.000260188, 97.0346, 0.00112216, -78.5881, 0.000414496, 103.467
5633, 93.87500, 0.569245, 18.3689, 1.36328, -155.658, 1.20307, 26.2889, 0.000260102, 97.0316, 0.00112138, -78.5832, 0.000414171, 103.474
5633, 93.88333, 0.569065, 18.3618, 1.36218, -155.653, 1.20207, 26.2934, 0.000260016, 97.0285, 0.0011206, -78.5782, 0.000413846, 103.482
5634, 93.89167, 0.568885, 18.3548, 1.36108, -155.648, 1.20107, 26.2979, 0.00025993, 97.0254, 0.00111982, -78.5732, 0.000413521, 103.489
5634, 93.90000, 0.568705, 18.3477, 1.35998, -155.643, 1.20007, 26.3024, 0.000259844, 97.0223, 0.00111905, -78.5682, 0.000413196, 103.496
5635, 93.90833, 0.568526, 18.3406, 1.35888, -155.638, 1.19907, 26.3069, 0.000259758, 97.0192, 0.00111827, -78.5631, 0.000412871, 103.503
5635, 93.91666, 0.568347, 18.3335, 1.35778, -155.633, 1.19807, 26.3114, 0.000259673, 97.0161, 0.00111749, -78.5581, 0.000412546, 103.51
5636, 93.92500, 0.568169, 18.3264, 1.35668, -155.629, 1.19707, 26.3159, 0.000259587, 97.013, 0.00111671, -78.5531, 0.00041222, 103.517
5636, 93.93333, 0.56799, 18.3192, 1.35558, -155.624, 1.19606, 26.3205, 0.000259502, 97.0099, 0.00111594, -78.5481, 0.000411895, 103.524
5637, 93.94167, 0.567813, 18.3121, 1.35449, -155.619, 1.19506, 26.325, 0.000259417, 97.0068, 0.00111516, -78.543, 0.00041157, 103.531
5637, 93.95000, 0.567635, 18.305, 1.35339, -155.614, 1.19406, 26.3295, 0.000259332, 97.0037, 0.00111438, -78.538, 0.000411244, 103.539
5638, 93.95834, 0.567457, 18.2978, 1.35229, -155.609, 1.19306, 26.334, 0.000259247, 97.0006, 0.0011136, -78.5329, 0.000410919, 103.546
5638, 93.96667, 0.56728, 18.2906, 1.3512, -155.604, 1.19206, 26.3386, 0.000259163, 96.9974, 0.00111283, -78.5279, 0.000410593, 103.553
5638, 93.97500, 0.567103, 18.2835, 1.3501, -155.599, 1.19106, 26.3431, 0.000259078, 96.9943, 0.00111205, -78.5228, 0.000410268, 103.56
5639, 93.98333, 0.566927, 18.2763, 1.34901, -155.594, 1.19006, 26.3476, 0.000258994, 96.9912, 0.00111128, -78.5177, 0.000409942, 103.567
5640, 93.99167, 0.566751, 18.2691, 1.34791, -155.59, 1.18906, 26.3522, 0.000258909, 96.988, 0.0011105, -78.5126, 0.000409617, 103.575
5640, 94.00000, 0.566575, 18.2619, 1.34682, -155.585, 1.18806, 26.3567, 0.000258825, 96.9849, 0.00110973, -78.5076, 0.000409291, 103.582
5641, 94.00833, 0.566399, 18.2546, 1.34573, -155.58, 1.18705, 26.3613, 0.000258741, 96.9817, 0.00110895, -78.5025, 0.000408965, 103.589
5641, 94.01667, 0.566224, 18.2474, 1.34463, -155.575, 1.18605, 26.3658, 0.000258657, 96.9785, 0.00110818, -78.4974, 0.00040864, 103.596
5642, 94.02500, 0.566049, 18.2402, 1.34354, -155.57, 1.18505, 26.3704, 0.000258573, 96.9753, 0.0011074, -78.4923, 0.000408314, 103.603
5642, 94.03333, 0.565874, 18.2329, 1.34245, -155.565, 1.18405, 26.3749, 0.00025849, 96.9722, 0.00110663, -78.4872, 0.000407988, 103.611
5643, 94.04166, 0.565699, 18.2257, 1.34136, -155.56, 1.18305, 26.3795, 0.000258406, 96.969, 0.00110585, -78.482, 0.000407662, 103.618
5643, 94.05000, 0.565525, 18.2184, 1.34027, -155.555, 1.18205, 26.3841, 0.000258323, 96.9658, 0.00110508, -78.4769, 0.000407336, 103.625
5644, 94.05833, 0.565351, 18.2111, 1.33918, -155.55, 1.18105, 26.3886, 0.000258239, 96.9626, 0.00110431, -78.4718, 0.00040701, 103.632
5644, 94.06667, 0.565178, 18.2038, 1.33809, -155.545, 1.18005, 26.3932, 0.000258156, 96.9594, 0.00110353, -78.4667, 0.000406684, 103.64
5645, 94.07500, 0.565004, 18.1965, 1.337, -155.54, 1.17905, 26.3978, 0.000258073, 96.9562, 0.00110276, -78.4615, 0.000406358, 103.647
5645, 94.08334, 0.564831, 18.1892, 1.33591, -155.535, 1.17805, 26.4024, 0.000257991, 96.9529, 0.00110199, -78.4564, 0.000406032, 103.654
5646, 94.09167, 0.564658, 18.1819, 1.33482, -155.53, 1.17705, 26.4069, 0.000257908, 96.9497, 0.00110122, -78.4512, 0.000405706, 103.661
5646, 94.10000, 0.564486, 18.1746, 1.33373, -155.525, 1.17605, 26.4115, 0.000257825, 96.9465, 0.00110044, -78.4461, 0.00040538, 103.669
5646, 94.10833, 0.564314, 18.1672, 1.33265, -155.52, 1.17505, 26.4161, 0.000257743, 96.9432, 0.00109967, -78.4409, 0.000405054, 103.676
5647, 94.11667, 0.564142, 18.1599, 1.33156, -155.515, 1.17405, 26.4207, 0.00025766, 96.94, 0.0010989, -78.4357, 0.000404728, 103.683
5648, 94.12500, 0.56397, 18.1525, 1.33047, -155.51, 1.17305, 26.4253, 0.000257578, 96.9367, 0.00109813, -78.4305, 0.000404402, 103.69
5648, 94.13333, 0.563799, 18.1451, 1.32939, -155.505, 1.17205, 26.4299, 0.000257496, 96.9335, 0.00109736, -78.4253, 0.000404075, 103.698
5649, 94.14167, 0.563627, 18.1377, 1.3283, -155.499, 1.17105, 26.4345, 0.000257414, 96.9302, 0.00109659, -78.4201, 0.000403749, 103.705
5649, 94.15000, 0.563457, 18.1303, 1.32722, -155.494, 1.17005, 26.4391, 0.000257332, 96.9269, 0.00109582, -78.4149, 0.000403423, 103.712
5650, 94.15833, 0.563286, 18.1229, 1.32614, -155.489, 1.16905, 26.4437, 0.000257251, 96.9236, 0.00109505, -78.4097, 0.000403096, 103.72
5650, 94.16666, 0.563116, 18.1155, 1.32505, -155.484, 1.16804, 26.4483, 0.000257169, 96.9203, 0.00109428, -78.4045, 0.00040277, 103.727
5651, 94.17500, 0.562946, 18.108, 1.32397, -155.479, 1.16704, 26.453, 0.000257088, 96.917, 0.00109351, -78.3993, 0.000402443, 103.734
5651, 94.18333, 0.562776, 18.1006, 1.32289, -155.474, 1.16604, 26.4576, 0.000257006, 96.9137, 0.00109274, -78.3941, 0.000402117, 103.742
5652, 94.19167, 0.562607, 18.0931, 1.32181, -155.469, 1.16504, 26.4622, 0.000256925, 96.9104, 0.00109197, -78.3888, 0.00040179, 103.749
5652, 94.20000, 0.562437, 18.0857, 1.32073, -155.464, 1.16404, 26.4668, 0.000256844, 96.9071, 0.0010912, -78.3836, 0.000401464, 103.756
5653, 94.20834, 0.562268, 18.0782, 1.31965, -155.459, 1.16304, 26.4715, 0.000256763, 96.9038, 0.00109043, -78.3783, 0.000401137, 103.764
5653, 94.21667, 0.5621, 18.0707, 1.31857, -155.453, 1.16204, 26.4761, 0.000256682, 96.9005, 0.00108966, -78.3731, 0.00040081, 103.771
5654, 94.22500, 0.561931, 18.0632, 1.31749, -155.448, 1.16104, 26.4808, 0.000256602, 96.8971, 0.0010889, -78.3678, 0.000400483, 103.779
5654, 94.23333, 0.561763, 18.0557, 1.31641, -155.443, 1.16004, 26.4854, 0.000256521, 96.8938, 0.00108813, -78.3626, 0.000400157, 103.786
5654, 94.24167, 0.561595, 18.0481, 1.31533, -155.438, 1.15904, 26.4901, 0.000256441, 96.8904, 0.00108736, -78.3573, 0.00039983, 103.793
5655, 94.25000, 0.561428, 18.0406, 1.31425, -155.433, 1.15805, 26.4947, 0.000256361, 96.8871, 0.00108659, -78.352, 0.000399503, 103.801
5656, 94.25833, 0.561261, 18.0331, 1.31317, -155.428, 1.15705, 26.4994, 0.00025628, 96.8837, 0.00108583, -78.3467, 0.000399176, 103.808
5656, 94.26667, 0.561094, 18.0255, 1.3121, -155.422, 1.15605, 26.504, 0.0002562, 96.8803, 0.00108506, -78.3414, 0.000398849, 103.816
5657, 94.27500, 0.560927, 18.0179, 1.31102, -155.417, 1.15505, 26.5087, 0.00025612, 96.8769, 0.00108429, -78.3361, 0.000398522, 103.823
5657, 94.28333, 0.56076, 18.0103, 1.30994, -155.412, 1.15405, 26.5134, 0.000256041, 96.8735, 0.00108353, -78.3308, 0.000398195, 103.83
5658, 94.29166, 0.560594, 18.0027, 1.30887, -155.407, 1.15305, 26.518, 0.000255961, 96.8701, 0.00108276, -78.3255, 0.000397868, 103.838
5658, 94.30000, 0.560428, 17.9951, 1.30779, -155.401, 1.15205, 26.5227, 0.000255881, 96.8667, 0.00108199, -78.3202, 0.000397541, 103.845
5659, 94.30833, 0.560263, 17.9875, 1.30672, -155.396, 1.15105, 26.5274, 0.000255802, 96.8633, 0.00108123, -78.3149, 0.000397214, 103.853
5659, 94.31667, 0.560097, 17.9799, 1.30565, -155.391, 1.15005, 26.5321, 0.000255723, 96.8599, 0.00108046, -78.3095, 0.000396886, 103.86
5660, 94.32500, 0.559932, 17.9722, 1.30457, -155.386, 1.14905, 26.5368, 0.000255644, 96.8565, 0.0010797, -78.3042, 0.000396559, 103.868
5660, 94.33334, 0.559767, 17.9646, 1.3035, -155.38, 1.14805, 26.5414, 0.000255565, 96.853, 0.00107893, -78.2988, 0.000396232, 103.875
5661, 94.34167, 0.559602, 17.9569, 1.30243, -155.375, 1.14705, 26.5461, 0.000255486, 96.8496, 0.00107817, -78.2935, 0.000395904, 103.883
5661, 94.35000, 0.559438, 17.9492, 1.30136, -155.37, 1.14605, 26.5508, 0.000255407, 96.8461, 0.00107741, -78.2881, 0.000395577, 103.89
5662, 94.35833, 0.559274, 17.9415, 1.30029, -155.364, 1.14505, 26.5555, 0.000255328, 96.8427, 0.00107664, -78.2828, 0.00039525, 103.898
5662, 94.36667, 0.55911, 17.9338, 1.29922, -155.359, 1.14405, 26.5602, 0.00025525, 96.8392, 0.00107588, -78.2774, 0.000394922, 103.905
5662, 94.37500, 0.558946, 17.9261, 1.29815, -155.354, 1.14305, 26.565, 0.000255171, 96.8357, 0.00107512, -78.272, 0.000394595, 103.913
5663, 94.38333, 0.558783, 17.9184, 1.29708, -155.348, 1.14205, 26.5697, 0.000255093, 96.8322, 0.00107435, -78.2666, 0.000394267, 103.92
5664, 94.39167, 0.55862, 17.9106, 1.29601, -155.343, 1.14105, 26.5744, 0.000255015, 96.8287, 0.00107359, -78.2612, 0.000393939, 103.928
5664, 94.40000, 0.558457, 17.9028, 1.29494, -155.338, 1.14005, 26.5791, 0.000254937, 96.8252, 0.00107283, -78.2558, 0.000393612, 103.935
5665, 94.40833, 0.558294, 17.8951, 1.29387, -155.332, 1.13905, 26.5838, 0.000254859, 96.8217, 0.00107206, -78.2504, 0.000393284, 103.943
5665, 94.41666, 0.558132, 17.8873, 1.2928, -155.327, 1.13805, 26.5886, 0.000254781, 96.8182, 0.0010713, -78.245, 0.000392956, 103.95
5666, 94.42500, 0.55797, 17.8795, 1.29174, -155.322, 1.13705, 26.5933, 0.000254703, 96.8147, 0.00107054, -78.2396, 0.000392628, 103.958
5666, 94.43333, 0.557808, 17.8717, 1.29067, -155.316, 1.13606, 26.598, 0.000254626, 96.8111, 0.00106978, -78.2341, 0.000392301, 103.966
5667, 94.44167, 0.557647, 17.8639, 1.2896, -155.311, 1.13506, 26.6028, 0.000254548, 96.8076, 0.00106902, -78.2287, 0.000391973, 103.973
5667, 94.45000, 0.557485, 17.856, 1.28854, -155.305, 1.13406, 26.6075, 0.000254471, 96.804, 0.00106826, -78.2233, 0.000391645, 103.981
5668, 94.45834, 0.557324, 17.8482, 1.28747, -155.3, 1.13306, 26.6123, 0.000254394, 96.8005, 0.0010675, -78.2178, 0.000391317, 103.988
5668, 94.46667, 0.557163, 17.8403, 1.28641, -155.295, 1.13206, 26.617, 0.000254317, 96.7969, 0.00106673, -78.2123, 0.000390989, 103.996
5669, 94.47500, 0.557003, 17.8325, 1.28535, -155.289, 1.13106, 26.6218, 0.00025424, 96.7933, 0.00106597, -78.2069, 0.000390661, 104.004
5669, 94.48333, 0.556842, 17.8246, 1.28428, -155.284, 1.13006, 26.6266, 0.000254163, 96.7898, 0.00106521, -78.2014, 0.000390333, 104.011
5670, 94.49167, 0.556682, 17.8167, 1.28322, -155.278, 1.12906, 26.6313, 0.000254086, 96.7862, 0.00106445, -78.1959, 0.000390004, 104.019
5670, 94.50000, 0.556522, 17.8088, 1.28216, -155.273, 1.12806, 26.6361, 0.00025401, 96.7826, 0.0010637, -78.1904, 0.000389676, 104.026
5670, 94.50833, 0.556363, 17.8008, 1.2811, -155.267, 1.12706, 26.6409, 0.000253933, 96.779, 0.00106294, -78.1849, 0.000389348, 104.034
5671, 94.51667, 0.556203, 17.7929, 1.28004, -155.262, 1.12606, 26.6457, 0.000253857, 96.7753, 0.00106218, -78.1795, 0.00038902, 104.042
5672, 94.52500, 0.556044, 17.7849, 1.27898, -155.256, 1.12506, 26.6505, 0.000253781, 96.7717, 0.00106142, -78.1739, 0.000388691, 104.049
5672, 94.53333, 0.555885, 17.777, 1.27792, -155.251, 1.12407, 26.6552, 0.000253705, 96.7681, 0.00106066, -78.1684, 0.000388363, 104.057
5673, 94.54166, 0.555727, 17.769, 1.27686, -155.245, 1.12307, 26.66, 0.000253629, 96.7644, 0.0010599, -78.1629, 0.000388035, 104.065
5673, 94.55000, 0.555569, 17.761, 1.2758, -155.24, 1.12207, 26.6648, 0.000253553, 96.7608, 0.00105914, -78.1574, 0.000387706, 104.072
5674, 94.55833, 0.55541, 17.753, 1.27474, -155.234, 1.12107, 26.6696, 0.000253477, 96.7571, 0.00105839, -78.1518, 0.000387378, 104.08
5674, 94.56667, 0.555252, 17.745, 1.27368, -155.229, 1.12007, 26.6744, 0.000253401, 96.7534, 0.00105763, -78.1463, 0.000387049, 104.088
5675, 94.57500, 0.555095, 17.737, 1.27262, -155.223, 1.11907, 26.6793, 0.000253326, 96.7498, 0.00105687, -78.1408, 0.00038672, 104.095
5675, 94.58334, 0.554937, 17.7289, 1.27157, -155.218, 1.11807, 26.6841, 0.00025325, 96.7461, 0.00105611, -78.1352, 0.000386392, 104.103
5676, 94.59167, 0.55478, 17.7208, 1.27051, -155.212, 1.11707, 26.6889, 0.000253175, 96.7424, 0.00105536, -78.1296, 0.000386063, 104.111
5676, 94.60000, 0.554623, 17.7128, 1.26946, -155.207, 1.11607, 26.6937, 0.0002531, 96.7387, 0.0010546, -78.1241, 0.000385734, 104.119
5677, 94.60833, 0.554467, 17.7047, 1.2684, -155.201, 1.11507, 26.6985, 0.000253025, 96.7349, 0.00105385, -78.1185, 0.000385405, 104.126
5677, 94.61667, 0.55431, 17.6966, 1.26735, -155.195, 1.11408, 26.7034, 0.00025295, 96.7312, 0.00105309, -78.1129, 0.000385077, 104.134
5678, 94.62500, 0.554154, 17.6885, 1.26629, -155.19, 1.11308, 26.7082, 0.000252875, 96.7275, 0.00105233, -78.1073, 0.000384748, 104.142
5678, 94.63333, 0.553998, 17.6803, 1.26524, -155.184, 1.11208, 26.7131, 0.0002528, 96.7237, 0.00105158, -78.1017, 0.000384419, 104.15
5678, 94.64167, 0.553842, 17.6722, 1.26418, -155.179, 1.11108, 26.7179, 0.000252726, 96.72, 0.00105082, -78.0961, 0.00038409, 104.157
5679, 94.65000, 0.553687, 17.664, 1.26313, -155.173, 1.11008, 26.7228, 0.000252651, 96.7162, 0.00105007, -78.0905, 0.000383761, 104.165
5680, 94.65833, 0.553531, 17.6559, 1.26208, -155.167, 1.10908, 26.7276, 0.000252577, 96.7125, 0.00104931, -78.0849, 0.000383432, 104.173
5680, 94.66666, 0.553376, 17.6477, 1.26103, -155.162, 1.10808, 26.7325, 0.000252503, 96.7087, 0.00104856, -78.0793, 0.000383103, 104.181
5681, 94.67500, 0.553222, 17.6395, 1.25998, -155.156, 1.10708, 26.7373, 0.000252429, 96.7049, 0.00104781, -78.0736, 0.000382773, 104.189
5681, 94.68333, 0.553067, 17.6313, 1.25893, -155.15, 1.10608, 26.7422, 0.000252355, 96.7011, 0.00104705, -78.068, 0.000382444, 104.196
5682, 94.69167, 0.552913, 17.6231, 1.25788, -155.145, 1.10508, 26.7471, 0.000252281, 96.6973, 0.0010463, -78.0623, 0.000382115, 104.204
5682, 94.70000, 0.552758, 17.6148, 1.25683, -155.139, 1.10409, 26.752, 0.000252207, 96.6935, 0.00104554, -78.0567, 0.000381786, 104.212
5683, 94.70834, 0.552604, 17.6066, 1.25578, -155.133, 1.10309, 26.7568, 0.000252133, 96.6896, 0.00104479, -78.051, 0.000381456, 104.22
5683, 94.71667, 0.552451, 17.5983, 1.25473, -155.127, 1.10209, 26.7617, 0.00025206, 96.6858, 0.00104404, -78.0454, 0.000381127, 104.228
5684, 94.72500, 0.552297, 17.59, 1.25368, -155.122, 1.10109, 26.7666, 0.000251986, 96.6819, 0.00104329, -78.0397, 0.000380797, 104.236
5684, 94.73333, 0.552144, 17.5817, 1.25263, -155.116, 1.10009, 26.7715, 0.000251913, 96.6781, 0.00104253, -78.034, 0.000380468, 104.244
5685, 94.74167, 0.551991, 17.5734, 1.25159, -155.11, 1.09909, 26.7764, 0.00025184, 96.6742, 0.00104178, -78.0283, 0.000380138, 104.251
5685, 94.75000, 0.551838, 17.5651, 1.25054, -155.105, 1.09809, 26.7813, 0.000251767, 96.6703, 0.00104103, -78.0226, 0.000379809, 104.259
5686, 94.75833, 0.551686, 17.5567, 1.2495, -155.099, 1.09709, 26.7862, 0.000251694, 96.6664, 0.00104028, -78.0169, 0.000379479, 104.267
5686, 94.76667, 0.551533, 17.5484, 1.24845, -155.093, 1.09609, 26.7912, 0.000251621, 96.6625, 0.00103953, -78.0112, 0.000379149, 104.275
5686, 94.77500, 0.551381, 17.54, 1.24741, -155.087, 1.0951, 26.7961, 0.000251548, 96.6586, 0.00103878, -78.0055, 0.00037882, 104.283
5687, 94.78333, 0.55123, 17.5316, 1.24636, -155.081, 1.0941, 26.801, 0.000251476, 96.6547, 0.00103803, -77.9998, 0.00037849, 104.291
5688, 94.79166, 0.551078, 17.5232, 1.24532, -155.076, 1.0931, 26.8059, 0.000251403, 96.6508, 0.00103728, -77.994, 0.00037816, 104.299
5688, 94.80000, 0.550926, 17.5148, 1.24427, -155.07, 1.0921, 26.8109, 0.000251331, 96.6469, 0.00103652, -77.9883, 0.00037783, 104.307
5689, 94.80833, 0.550775, 17.5064, 1.24323, -155.064, 1.0911, 26.8158, 0.000251258, 96.6429, 0.00103577, -77.9825, 0.0003775, 104.315
5689, 94.81667, 0.550624, 17.4979, 1.24219, -155.058, 1.0901, 26.8207, 0.000251186, 96.639, 0.00103503, -77.9768, 0.00037717, 104.323
5690, 94.82500, 0.550473, 17.4895, 1.24115, -155.052, 1.0891, 26.8257, 0.000251114, 96.635, 0.00103428, -77.971, 0.00037684, 104.331
5690, 94.83334, 0.550323, 17.481, 1.24011, -155.046, 1.0881, 26.8307, 0.000251042, 96.631, 0.00103353, -77.9652, 0.00037651, 104.339
5691, 94.84167, 0.550172, 17.4725, 1.23907, -155.041, 1.0871, 26.8356, 0.00025097, 96.627, 0.00103278, -77.9595, 0.00037618, 104.347
5691, 94.85000, 0.550022, 17.464, 1.23803, -155.035, 1.08611, 26.8406, 0.000250899, 96.623, 0.00103203, -77.9537, 0.000375849, 104.355
5691, 94.85833, 0.549872, 17.4555, 1.23699, -155.029, 1.08511, 26.8455, 0.000250827, 96.619, 0.00103128, -77.9479, 0.000375519, 104.363
5692, 94.86667, 0.549723, 17.4469, 1.23595, -155.023, 1.08411, 26.8505, 0.000250755, 96.615, 0.00103053, -77.9421, 0.000375189, 104.371
5693, 94.87500, 0.549573, 17.4384, 1.23491, -155.017, 1.08311, 26.8555, 0.000250684, 96.611, 0.00102978, -77.9363, 0.000374859, 104.379
5693, 94.88333, 0.549424, 17.4298, 1.23387, -155.011, 1.08211, 26.8605, 0.000250613, 96.6069, 0.00102904, -77.9305, 0.000374528, 104.387
5694, 94.89167, 0.549275, 17.4212, 1.23283, -155.005, 1.08111, 26.8655, 0.000250542, 96.6029, 0.00102829, -77.9247, 0.000374198, 104.395
5694, 94.90000, 0.549126, 17.4126, 1.2318, -154.999, 1.08011, 26.8705, 0.000250471, 96.5988, 0.00102754, -77.9188, 0.000373867, 104.403
5694, 94.90833, 0.548977, 17.404, 1.23076, -154.993, 1.07911, 26.8755, 0.0002504, 96.5947, 0.0010268, -77.913, 0.000373537, 104.411
5695, 94.91666, 0.548829, 17.3954, 1.22972, -154.987, 1.07811, 26.8805, 0.000250329, 96.5906, 0.00102605, -77.9072, 0.000373206, 104.419
5696, 94.92500, 0.548681, 17.3868, 1.22869, -154.982, 1.07712, 26.8855, 0.000250258, 96.5866, 0.0010253, -77.9013, 0.000372875, 104.427
5696, 94.93333, 0.548533, 17.3781, 1.22765, -154.976, 1.07612, 26.8905, 0.000250187, 96.5825, 0.00102456, -77.8954, 0.000372545, 104.435
5697, 94.94167, 0.548385, 17.3694, 1.22662, -154.97, 1.07512, 26.8955, 0.000250117, 96.5783, 0.00102381, -77.8896, 0.000372214, 104.443
5697, 94.95000, 0.548237, 17.3607, 1.22559, -154.964, 1.07412, 26.9005, 0.000250046, 96.5742, 0.00102306, -77.8837, 0.000371883, 104.452
5698, 94.95834, 0.54809, 17.352, 1.22455, -154.958, 1.07312, 26.9056, 0.000249976, 96.5701, 0.00102232, -77.8778, 0.000371552, 104.46
5698, 94.96667, 0.547943, 17.3433, 1.22352, -154.952, 1.07212, 26.9106, 0.000249906, 96.5659, 0.00102157, -77.8719, 0.000371221, 104.468
5699, 94.97500, 0.547796, 17.3346, 1.22249, -154.946, 1.07112, 26.9156, 0.000249836, 96.5618, 0.00102083, -77.8661, 0.00037089, 104.476
5699, 94.98333, 0.547649, 17.3258, 1.22146, -154.94, 1.07012, 26.9207, 0.000249766, 96.5576, 0.00102008, -77.8602, 0.000370559, 104.484
5699, 94.99167, 0.547502, 17.317, 1.22043, -154.934, 1.06912, 26.9257, 0.000249696, 96.5534, 0.00101934, -77.8542, 0.000370228, 104.492
5700, 95.00000, 0.547356, 17.3083, 1.21939, -154.927, 1.06812, 26.9308, 0.000249626, 96.5492, 0.0010186, -77.8483, 0.000369897, 104.5
5701, 95.00833, 0.54721, 17.2995, 1.21836, -154.921, 1.06712, 26.9359, 0.000249556, 96.545, 0.00101785, -77.8424, 0.000369566, 104.509
5701, 95.01667, 0.547064, 17.2906, 1.21734, -154.915, 1.06613, 26.9409, 0.000249487, 96.5408, 0.00101711, -77.8365, 0.000369235, 104.517
5702, 95.02500, 0.546918, 17.2818, 1.21631, -154.909, 1.06513, 26.946, 0.000249417, 96.5366, 0.00101637, -77.8305, 0.000368903, 104.525
5702, 95.03333, 0.546772, 17.2729, 1.21528, -154.903, 1.06413, 26.9511, 0.000249348, 96.5323, 0.00101562, -77.8246, 0.000368572, 104.533
5703, 95.04166, 0.546627, 17.2641, 1.21425, -154.897, 1.06313, 26.9562, 0.000249279, 96.5281, 0.00101488, -77.8186, 0.000368241, 104.542
5703, 95.05000, 0.546482, 17.2552, 1.21322, -154.891, 1.06213, 26.9613, 0.00024921, 96.5238, 0.00101414, -77.8127, 0.000367909, 104.55
5704, 95.05833, 0.546337, 17.2463, 1.2122, -154.885, 1.06113, 26.9663, 0.000249141, 96.5195, 0.0010134, -77.8067, 0.000367578, 104.558
5704, 95.06667, 0.546192, 17.2374, 1.21117, -154.879, 1.06013, 26.9714, 0.000249072, 96.5153, 0.00101265, -77.8007, 0.000367246, 104.566
5705, 95.07500, 0.546047, 17.2284, 1.21014, -154.873, 1.05913, 26.9765, 0.000249003, 96.511, 0.00101191, -77.7948, 0.000366914, 104.575
5705, 95.08334, 0.545903, 17.2195, 1.20912, -154.866, 1.05813, 26.9817, 0.000248934, 96.5067, 0.00101117, -77.7888, 0.000366583, 104.583
5706, 95.09167, 0.545759, 17.2105, 1.20809, -154.86, 1.05713, 26.9868, 0.000248866, 96.5023, 0.00101043, -77.7828, 0.000366251, 104.591
5706, 95.10000, 0.545615, 17.2015, 1.20707, -154.854, 1.05613, 26.9919, 0.000248797, 96.498, 0.00100969, -77.7768, 0.000365919, 104.599
5707, 95.10833, 0.545471, 17.1926, 1.20604, -154.848, 1.05513, 26.997, 0.000248729, 96.4937, 0.00100895, -77.7708, 0.000365588, 104.608
5707, 95.11667, 0.545327, 17.1835, 1.20502, -154.842, 1.05413, 27.0022, 0.000248661, 96.4893, 0.00100821, -77.7647, 0.000365256, 104.616
5707, 95.12500, 0.545184, 17.1745, 1.204, -154.836, 1.05313, 27.0073, 0.000248592, 96.4849, 0.00100747, -77.7587, 0.000364924, 104.624
5708, 95.13333, 0.545041, 17.1655, 1.20298, -154.829, 1.05213, 27.0124, 0.000248524, 96.4806, 0.00100673, -77.7527, 0.000364592, 104.633
5709, 95.14167, 0.544898, 17.1564, 1.20196, -154.823, 1.05114, 27.0176, 0.000248456, 96.4762, 0.00100599, -77.7466, 0.00036426, 104.641
5709, 95.15000, 0.544755, 17.1473, 1.20093, -154.817, 1.05014, 27.0227, 0.000248388, 96.4718, 0.00100525, -77.7406, 0.000363928, 104.649
5710, 95.15833, 0.544612, 17.1382, 1.19991, -154.811, 1.04914, 27.0279, 0.000248321, 96.4674, 0.00100451, -77.7345, 0.000363595, 104.658
5710, 95.16666, 0.54447, 17.1291, 1.19889, -154.804, 1.04814, 27.0331, 0.000248253, 96.4629, 0.00100377, -77.7285, 0.000363263, 104.666
5711, 95.17500, 0.544327, 17.1199, 1.19787, -154.798, 1.04714, 27.0382, 0.000248185, 96.4585, 0.00100303, -77.7224, 0.000362931, 104.675
5711, 95.18333, 0.544185, 17.1108, 1.19685, -154.792, 1.04614, 27.0434, 0.000248118, 96.454, 0.00100229, -77.7163, 0.000362599, 104.683
5712, 95.19167, 0.544043, 17.1016, 1.19584, -154.786, 1.04514, 27.0486, 0.000248051, 96.4496, 0.00100155, -77.7102, 0.000362266, 104.691
5712, 95.20000, 0.543901, 17.0924, 1.19482, -154.779, 1.04414, 27.0538, 0.000247983, 96.4451, 0.00100082, -77.7041, 0.000361934, 104.7
5713, 95.20834, 0.54376, 17.0832, 1.1938, -154.773, 1.04314, 27.059, 0.000247916, 96.4406, 0.00100008, -77.698, 0.000361601, 104.708
5713, 95.21667, 0.543618, 17.074, 1.19278, -154.767, 1.04214, 27.0642, 0.000247849, 96.4361, 0.000999342, -77.6919, 0.000361269, 104.717
5714, 95.22500, 0.543477, 17.0648, 1.19177, -154.76, 1.04114, 27.0694, 0.000247782, 96.4316, 0.000998604, -77.6858, 0.000360936, 104.725
5714, 95.23333, 0.543336, 17.0555, 1.19075, -154.754, 1.04014, 27.0746, 0.000247715, 96.4271, 0.000997868, -77.6797, 0.000360604, 104.734
5715, 95.24167, 0.543195, 17.0462, 1.18974, -154.748, 1.03914, 27.0798, 0.000247649, 96.4226, 0.000997131, -77.6735, 0.000360271, 104.742
5715, 95.25000, 0.543055, 17.0369, 1.18872, -154.741, 1.03814, 27.0851, 0.000247582, 96.418, 0.000996395, -77.6674, 0.000359938, 104.751
5715, 95.25833, 0.542914, 17.0276, 1.18771, -154.735, 1.03714, 27.0903, 0.000247515, 96.4134, 0.000995659, -77.6613, 0.000359605, 104.759
5716, 95.26667, 0.542774, 17.0183, 1.18669, -154.729, 1.03614, 27.0955, 0.000247449, 96.4089, 0.000994923, -77.6551, 0.000359272, 104.768
5717, 95.27500, 0.542634, 17.009, 1.18568, -154.722, 1.03514, 27.1008, 0.000247383, 96.4043, 0.000994187, -77.6489, 0.000358939, 104.776
5717, 95.28333, 0.542494, 16.9996, 1.18467, -154.716, 1.03414, 27.106, 0.000247316, 96.3997, 0.000993452, -77.6428, 0.000358606, 104.785
5718, 95.29166, 0.542354, 16.9902, 1.18366, -154.709, 1.03314, 27.1113, 0.00024725, 96.3951, 0.000992717, -77.6366, 0.000358273, 104.793
5718, 95.30000, 0.542214, 16.9808, 1.18264, -154.703, 1.03214, 27.1166, 0.000247184, 96.3904, 0.000991982, -77.6304, 0.00035794, 104.802
5719, 95.30833, 0.542075, 16.9714, 1.18163, -154.697, 1.03114, 27.1218, 0.000247118, 96.3858, 0.000991248, -77.6242, 0.000357607, 104.811
5719, 95.31667, 0.541936, 16.962, 1.18062, -154.69, 1.03014, 27.1271, 0.000247052, 96.3811, 0.000990513, -77.618, 0.000357274, 104.819
5720, 95.32500, 0.541797, 16.9525, 1.17961, -154.684, 1.02914, 27.1324, 0.000246987, 96.3765, 0.000989779, -77.6118, 0.000356941, 104.828
5720, 95.33334, 0.541658, 16.9431, 1.1786, -154.677, 1.02814, 27.1377, 0.000246921, 96.3718, 0.000989046, -77.6056, 0.000356607, 104.836
5721, 95.34167, 0.541519, 16.9336, 1.17759, -154.671, 1.02714, 27.143, 0.000246856, 96.3671, 0.000988312, -77.5994, 0.000356274, 104.845
5721, 95.35000, 0.54138, 16.9241, 1.17658, -154.664, 1.02614, 27.1483, 0.00024679, 96.3624, 0.000987579, -77.5931, 0.00035594, 104.854
5722, 95.35833, 0.541242, 16.9145, 1.17558, -154.658, 1.02514, 27.1536, 0.000246725, 96.3577, 0.000986846, -77.5869, 0.000355607, 104.862
5722, 95.36667, 0.541104, 16.905, 1.17457, -154.651, 1.02414, 27.1589, 0.000246659, 96.353, 0.000986113, -77.5807, 0.000355273, 104.871
5723, 95.37500, 0.540965, 16.8954, 1.17356, -154.645, 1.02314, 27.1642, 0.000246594, 96.3482, 0.000985381, -77.5744, 0.00035494, 104.88
5723, 95.38333, 0.540828, 16.8858, 1.17256, -154.638, 1.02214, 27.1695, 0.000246529, 96.3435, 0.000984649, -77.5682, 0.000354606, 104.888
5723, 95.39167, 0.54069, 16.8762, 1.17155, -154.632, 1.02114, 27.1749, 0.000246464, 96.3387, 0.000983917, -77.5619, 0.000354272, 104.897
5724, 95.40000, 0.540552, 16.8666, 1.17054, -154.625, 1.02013, 27.1802, 0.000246399, 96.3339, 0.000983185, -77.5556, 0.000353938, 104.906
5725, 95.40833, 0.540415, 16.857, 1.16954, -154.619, 1.01913, 27.1856, 0.000246335, 96.3291, 0.000982454, -77.5493, 0.000353605, 104.914
5725, 95.41666, 0.540277, 16.8473, 1.16854, -154.612, 1.01813, 27.1909, 0.00024627, 96.3243, 0.000981722, -77.543, 0.000353271, 104.923
5726, 95.42500, 0.54014, 16.8377, 1.16753, -154.605, 1.01713, 27.1963, 0.000246205, 96.3195, 0.000980992, -77.5367, 0.000352937, 104.932
5726, 95.43333, 0.540003, 16.828, 1.16653, -154.599, 1.01613, 27.2016, 0.000246141, 96.3146, 0.000980261, -77.5304, 0.000352603, 104.941
5727, 95.44167, 0.539867, 16.8183, 1.16553, -154.592, 1.01513, 27.207, 0.000246077, 96.3098, 0.000979531, -77.5241, 0.000352268, 104.949
5727, 95.45000, 0.53973, 16.8085, 1.16452, -154.586, 1.01413, 27.2124, 0.000246012, 96.3049, 0.000978801, -77.5178, 0.000351934, 104.958
5728, 95.45834, 0.539594, 16.7988, 1.16352, -154.579, 1.01313, 27.2178, 0.000245948, 96.3, 0.000978071, -77.5115, 0.0003516, 104.967
5728, 95.46667, 0.539457, 16.789, 1.16252, -154.572, 1.01213, 27.2232, 0.000245884, 96.2951, 0.000977341, -77.5051, 0.000351266, 104.976
5729, 95.47500, 0.539321, 16.7792, 1.16152, -154.566, 1.01113, 27.2286, 0.00024582, 96.2902, 0.000976612, -77.4988, 0.000350931, 104.985
5729, 95.48333, 0.539185, 16.7694, 1.16052, -154.559, 1.01013, 27.234, 0.000245756, 96.2853, 0.000975883, -77.4924, 0.000350597, 104.993
5730, 95.49167, 0.539049, 16.7596, 1.15952, -154.552, 1.00912, 27.2394, 0.000245692, 96.2804, 0.000975154, -77.4861, 0.000350263, 105.002
5730, 95.50000, 0.538914, 16.7497, 1.15852, -154.546, 1.00812, 27.2448, 0.000245629, 96.2754, 0.000974425, -77.4797, 0.000349928, 105.011
5731, 95.50833, 0.538778, 16.7399, 1.15752, -154.539, 1.00712, 27.2502, 0.000245565, 96.2705, 0.000973697, -77.4733, 0.000349593, 105.02
5731, 95.51667, 0.538643, 16.73, 1.15653, -154.532, 1.00612, 27.2557, 0.000245501, 96.2655, 0.000972969, -77.467, 0.000349259, 105.029
5731, 95.52500, 0.538507, 16.7201, 1.15553, -154.526, 1.00512, 27.2611, 0.000245438, 96.2605, 0.000972241, -77.4606, 0.000348924, 105.038
5732, 95.53333, 0.538372, 16.7102, 1.15453, -154.519, 1.00412, 27.2666, 0.000245375, 96.2555, 0.000971514, -77.4542, 0.000348589, 105.047
5733, 95.54166, 0.538237, 16.7002, 1.15354, -154.512, 1.00312, 27.272, 0.000245311, 96.2505, 0.000970786, -77.4478, 0.000348254, 105.056
5733, 95.55000, 0.538103, 16.6903, 1.15254, -154.505, 1.00211, 27.2775, 0.000245248, 96.2454, 0.00097006, -77.4414, 0.000347919, 105.065
5734, 95.55833, 0.537968, 16.6803, 1.15154, -154.499, 1.00111, 27.283, 0.000245185, 96.2404, 0.000969333, -77.4349, 0.000347584, 105.074
5734, 95.56667, 0.537833, 16.6703, 1.15055, -154.492, 1.00011, 27.2884, 0.000245122, 96.2353, 0.000968606, -77.4285, 0.000347249, 105.082
5735, 95.57500, 0.537699, 16.6603, 1.14956, -154.485, 0.999109, 27.2939, 0.000245059, 96.2302, 0.00096788, -77.4221, 0.000346914, 105.091
5735, 95.58334, 0.537565, 16.6502, 1.14856, -154.478, 0.998107, 27.2994, 0.000244997, 96.2251, 0.000967154, -77.4156, 0.000346579, 105.1
5736, 95.59167, 0.537431, 16.6402, 1.14757, -154.472, 0.997105, 27.3049, 0.000244934, 96.22, 0.000966428, -77.4092, 0.000346244, 105.109
5736, 95.60000, 0.537297, 16.6301, 1.14658, -154.465, 0.996103, 27.3104, 0.000244871, 96.2149, 0.000965703, -77.4027, 0.000345909, 105.118
5737, 95.60833, 0.537163, 16.62, 1.14558, -154.458, 0.995101, 27.3159, 0.000244809, 96.2098, 0.000964978, -77.3962, 0.000345573, 105.127
5737, 95.61667, 0.53703, 16.6099, 1.14459, -154.451, 0.994099, 27.3215, 0.000244746, 96.2046, 0.000964253, -77.3898, 0.000345238, 105.137
5738, 95.62500, 0.536896, 16.5997, 1.1436, -154.444, 0.993097, 27.327, 0.000244684, 96.1994, 0.000963528, -77.3833, 0.000344902, 105.146
5738, 95.63333, 0.536763, 16.5896, 1.14261, -154.438, 0.992095, 27.3325, 0.000244622, 96.1943, 0.000962804, -77.3768, 0.000344567, 105.155
5739, 95.64167, 0.53663, 16.5794, 1.14162, -154.431, 0.991093, 27.3381, 0.00024456, 96.1891, 0.00096208, -77.3703, 0.000344231, 105.164
5739, 95.65000, 0.536497, 16.5692, 1.14063, -154.424, 0.99009, 27.3436, 0.000244498, 96.1838, 0.000961356, -77.3638, 0.000343896, 105.173
5739, 95.65833, 0.536364, 16.559, 1.13964, -154.417, 0.989088, 27.3492, 0.000244436, 96.1786, 0.000960632, -77.3573, 0.00034356, 105.182
5740, 95.66666, 0.536231, 16.5487, 1.13865, -154.41, 0.988085, 27.3547, 0.000244374, 96.1734, 0.000959909, -77.3508, 0.000343224, 105.191
5741, 95.67500, 0.536098, 16.5385, 1.13767, -154.403, 0.987083, 27.3603, 0.000244312, 96.1681, 0.000959186, -77.3442, 0.000342888, 105.2
5741, 95.68333, 0.535966, 16.5282, 1.13668, -154.396, 0.98608, 27.3659, 0.00024425, 96.1628, 0.000958463, -77.3377, 0.000342552, 105.209
5742, 95.69167, 0.535833, 16.5179, 1.13569, -154.389, 0.985077, 27.3715, 0.000244189, 96.1575, 0.000957741, -77.3312, 0.000342216, 105.219
5742, 95.70000, 0.535701, 16.5076, 1.13471, -154.382, 0.984074, 27.3771, 0.000244127, 96.1522, 0.000957018, -77.3246, 0.00034188, 105.228
5743, 95.70834, 0.535569, 16.4972, 1.13372, -154.375, 0.983072, 27.3827, 0.000244066, 96.1469, 0.000956296, -77.3181, 0.000341544, 105.237
5743, 95.71667, 0.535437, 16.4868, 1.13274, -154.368, 0.982068, 27.3883, 0.000244004, 96.1416, 0.000955575, -77.3115, 0.000341208, 105.246
5744, 95.72500, 0.535305, 16.4765, 1.13175, -154.362, 0.981065, 27.3939, 0.000243943, 96.1362, 0.000954853, -77.3049, 0.000340872, 105.255
5744, 95.73333, 0.535173, 16.4661, 1.13077, -154.355, 0.980062, 27.3996, 0.000243882, 96.1309, 0.000954132, -77.2983, 0.000340535, 105.265
5745, 95.74167, 0.535042, 16.4556, 1.12978, -154.348, 0.979059, 27.4052, 0.000243821, 96.1255, 0.000953411, -77.2918, 0.000340199, 105.274
5745, 95.75000, 0.53491, 16.4452, 1.1288, -154.341, 0.978056, 27.4108, 0.00024376, 96.1201, 0.00095269, -77.2852, 0.000339862, 105.283
5746, 95.75833, 0.534779, 16.4347, 1.12782, -154.334, 0.977053, 27.4165, 0.000243699, 96.1147, 0.00095197, -77.2786, 0.000339526, 105.292
5746, 95.76667, 0.534648, 16.4242, 1.12684, -154.327, 0.976049, 27.4221, 0.000243638, 96.1093, 0.00095125, -77.2719, 0.000339189, 105.302
5747, 95.77500, 0.534517, 16.4137, 1.12585, -154.32, 0.975046, 27.4278, 0.000243577, 96.1038, 0.00095053, -77.2653, 0.000338853, 105.311
5747, 95.78333, 0.534386, 16.4032, 1.12487, -154.312, 0.974042, 27.4335, 0.000243517, 96.0983, 0.00094981, -77.2587, 0.000338516, 105.32
5747, 95.79166, 0.534255, 16.3926, 1.12389, -154.305, 0.973038, 27.4392, 0.000243456, 96.0929, 0.000949091, -77.2521, 0.000338179, 105.33
5748, 95.80000, 0.534124, 16.3821, 1.12291, -154.298, 0.972035, 27.4449, 0.000243396, 96.0874, 0.000948372, -77.2454, 0.000337842, 105.339
5749, 95.80833, 0.533994, 16.3715, 1.12193, -154.291, 0.971031, 27.4506, 0.000243335, 96.0819, 0.000947653, -77.2388, 0.000337505, 105.348
5749, 95.81667, 0.533863, 16.3608, 1.12096, -154.284, 0.970027, 27.4563, 0.000243275, 96.0763, 0.000946934, -77.2321, 0.000337168, 105.358
5750, 95.82500, 0.533733, 16.3502, 1.11998, -154.277, 0.969023, 27.462, 0.000243215, 96.0708, 0.000946216, -77.2255, 0.000336831, 105.367
5750, 95.83334, 0.533603, 16.3395, 1.119, -154.27, 0.968019, 27.4677, 0.000243155, 96.0652, 0.000945498, -77.2188, 0.000336494, 105.376
5751, 95.84167, 0.533473, 16.3289, 1.11802, -154.263, 0.967014, 27.4735, 0.000243095, 96.0597, 0.00094478, -77.2121, 0.000336157, 105.386
5751, 95.85000, 0.533343, 16.3182, 1.11705, -154.256, 0.96601, 27.4792, 0.000243035, 96.0541, 0.000944062, -77.2054, 0.00033582, 105.395
5752, 95.85833, 0.533213, 16.3074, 1.11607, -154.249, 0.965006, 27.485, 0.000242975, 96.0485, 0.000943345, -77.1987, 0.000335482, 105.405
5752, 95.86667, 0.533083, 16.2967, 1.1151, -154.242, 0.964001, 27.4907, 0.000242915, 96.0428, 0.000942628, -77.192, 0.000335145, 105.414
5753, 95.87500, 0.532954, 16.2859, 1.11412, -154.234, 0.962997, 27.4965, 0.000242855, 96.0372, 0.000941911, -77.1853, 0.000334808, 105.424
5753, 95.88333, 0.532824, 16.2751, 1.11315, -154.227, 0.961992, 27.5023, 0.000242796, 96.0316, 0.000941195, -77.1786, 0.00033447, 105.433
5754, 95.89167, 0.532695, 16.2643, 1.11217, -154.22, 0.960988, 27.5081, 0.000242736, 96.0259, 0.000940479, -77.1719, 0.000334132, 105.443
5754, 95.90000, 0.532565, 16.2535, 1.1112, -154.213, 0.959983, 27.5139, 0.000242677, 96.0202, 0.000939763, -77.1651, 0.000333795, 105.452
5755, 95.90833, 0.532436, 16.2426, 1.11023, -154.206, 0.958978, 27.5197, 0.000242617, 96.0145, 0.000939047, -77.1584, 0.000333457, 105.462
5755, 95.91666, 0.532307, 16.2318, 1.10925, -154.198, 0.957973, 27.5255, 0.000242558, 96.0088, 0.000938332, -77.1516, 0.000333119, 105.471
5755, 95.92500, 0.532178, 16.2209, 1.10828, -154.191, 0.956968, 27.5313, 0.000242499, 96.003, 0.000937617, -77.1449, 0.000332781, 105.481
5756, 95.93333, 0.532049, 16.2099, 1.10731, -154.184, 0.955963, 27.5371, 0.00024244, 95.9973, 0.000936902, -77.1381, 0.000332443, 105.491
5757, 95.94167, 0.53192, 16.199, 1.10634, -154.177, 0.954957, 27.543, 0.000242381, 95.9915, 0.000936187, -77.1314, 0.000332105, 105.5
5757, 95.95000, 0.531792, 16.188, 1.10537, -154.169, 0.953952, 27.5488, 0.000242322, 95.9857, 0.000935473, -77.1246, 0.000331767, 105.51
5758, 95.95834, 0.531663, 16.177, 1.1044, -154.162, 0.952946, 27.5547, 0.000242263, 95.9799, 0.000934759, -77.1178, 0.000331429, 105.52
5758, 95.96667, 0.531535, 16.166, 1.10343, -154.155, 0.951941, 27.5606, 0.000242204, 95.9741, 0.000934045, -77.111, 0.000331091, 105.529
5759, 95.97500, 0.531407, 16.155, 1.10246, -154.148, 0.950935, 27.5664, 0.000242145, 95.9682, 0.000933331, -77.1042, 0.000330752, 105.539
5759, 95.98333, 0.531278, 16.1439, 1.1015, -154.14, 0.949929, 27.5723, 0.000242087, 95.9624, 0.000932618, -77.0974, 0.000330414, 105.549
5760, 95.99167, 0.53115, 16.1329, 1.10053, -154.133, 0.948923, 27.5782, 0.000242028, 95.9565, 0.000931905, -77.0906, 0.000330075, 105.558
5760, 96.00000, 0.531022, 16.1218, 1.09956, -154.126, 0.947917, 27.5841, 0.00024197, 95.9506, 0.000931192, -77.0837, 0.000329737, 105.568
5761, 96.00833, 0.530894, 16.1106, 1.0986, -154.118, 0.946911, 27.59, 0.000241911, 95.9447, 0.00093048, -77.0769, 0.000329398, 105.578
5761, 96.01667, 0.530766, 16.0995, 1.09763, -154.111, 0.945905, 27.596, 0.000241853, 95.9388, 0.000929767, -77.0701, 0.00032906, 105.587
5762, 96.02500, 0.530639, 16.0883, 1.09666, -154.104, 0.944899, 27.6019, 0.000241795, 95.9328, 0.000929056, -77.0632, 0.000328721, 105.597
5762, 96.03333, 0.530511, 16.0771, 1.0957, -154.096, 0.943892, 27.6078, 0.000241737, 95.9268, 0.000928344, -77.0564, 0.000328382, 105.607
5763, 96.04166, 0.530384, 16.0659, 1.09474, -154.089, 0.942886, 27.6138, 0.000241679, 95.9209, 0.000927632, -77.0495, 0.000328043, 105.617
5763, 96.05000, 0.530256, 16.0547, 1.09377, -154.082, 0.941879, 27.6198, 0.000241621, 95.9149, 0.000926921, -77.0426, 0.000327704, 105.627
5763, 96.05833, 0.530129, 16.0434, 1.09281, -154.074, 0.940873, 27.6257, 0.000241563, 95.9088, 0.00092621, -77.0358, 0.000327365, 105.637
5764, 96.06667, 0.530002, 16.0321, 1.09185, -154.067, 0.939866, 27.6317, 0.000241505, 95.9028, 0.0009255, -77.0289, 0.000327026, 105.646
5765, 96.07500, 0.529875, 16.0208, 1.09088, -154.059, 0.938859, 27.6377, 0.000241447, 95.8968, 0.00092479, -77.022, 0.000326687, 105.656
5765, 96.08334, 0.529747, 16.0095, 1.08992, -154.052, 0.937852, 27.6437, 0.000241389, 95.8907, 0.000924079, -77.0151, 0.000326348, 105.666
5766, 96.09167, 0.52962, 15.9981, 1.08896, -154.044, 0.936844, 27.6497, 0.000241332, 95.8846, 0.00092337, -77.0082, 0.000326008, 105.676
5766, 96.10000, 0.529494, 15.9868, 1.088, -154.037, 0.935837, 27.6558, 0.000241274, 95.8785, 0.00092266, -77.0013, 0.000325669, 105.686
5767, 96.10833, 0.529367, 15.9754, 1.08704, -154.03, 0.93483, 27.6618, 0.000241217, 95.8724, 0.000921951, -76.9944, 0.000325329, 105.696
5767, 96.11667, 0.52924, 15.9639, 1.08608, -154.022, 0.933822, 27.6678, 0.00024116, 95.8662, 0.000921242, -76.9874, 0.00032499, 105.706
5768, 96.12500, 0.529114, 15.9525, 1.08512, -154.015, 0.932815, 27.6739, 0.000241102, 95.8601, 0.000920533, -76.9805, 0.00032465, 105.716
5768, 96.13333, 0.528987, 15.941, 1.08417, -154.007, 0.931807, 27.6799, 0.000241045, 95.8539, 0.000919825, -76.9735, 0.00032431, 105.726
5769, 96.14167, 0.528861, 15.9295, 1.08321, -154, 0.930799, 27.686, 0.000240988, 95.8477, 0.000919116, -76.9666, 0.000323971, 105.736
5769, 96.15000, 0.528734, 15.918, 1.08225, -153.992, 0.929791, 27.6921, 0.000240931, 95.8415, 0.000918409, -76.9596, 0.000323631, 105.746
5770, 96.15833, 0.528608, 15.9065, 1.0813, -153.985, 0.928783, 27.6982, 0.000240874, 95.8352, 0.000917701, -76.9527, 0.000323291, 105.756
5770, 96.16666, 0.528482, 15.8949, 1.08034, -153.977, 0.927775, 27.7043, 0.000240817, 95.829, 0.000916994, -76.9457, 0.000322951, 105.766
5771, 96.17500, 0.528356, 15.8833, 1.07938, -153.969, 0.926766, 27.7104, 0.00024076, 95.8227, 0.000916286, -76.9387, 0.000322611, 105.776
5771, 96.18333, 0.52823, 15.8717, 1.07843, -153.962, 0.925758, 27.7166, 0.000240703, 95.8164, 0.00091558, -76.9317, 0.00032227, 105.786
5772, 96.19167, 0.528104, 15.8601, 1.07748, -153.954, 0.924749, 27.7227, 0.000240647, 95.8101, 0.000914873, -76.9247, 0.00032193, 105.796
5772, 96.20000, 0.527978, 15.8484, 1.07652, -153.947, 0.923741, 27.7288, 0.00024059, 95.8038, 0.000914167, -76.9177, 0.00032159, 105.806
5773, 96.20834, 0.527852, 15.8367, 1.07557, -153.939, 0.922732, 27.735, 0.000240533, 95.7974, 0.000913461, -76.9107, 0.00032125, 105.817
5773, 96.21667, 0.527726, 15.825, 1.07462, -153.932, 0.921723, 27.7412, 0.000240477, 95.791, 0.000912755, -76.9037, 0.000320909, 105.827
5774, 96.22500, 0.527601, 15.8133, 1.07366, -153.924, 0.920714, 27.7473, 0.000240421, 95.7847, 0.00091205, -76.8967, 0.000320568, 105.837
5774, 96.23333, 0.527475, 15.8015, 1.07271, -153.916, 0.919705, 27.7535, 0.000240364, 95.7783, 0.000911344, -76.8896, 0.000320228, 105.847
5775, 96.24167, 0.52735, 15.7897, 1.07176, -153.909, 0.918695, 27.7597, 0.000240308, 95.7718, 0.000910639, -76.8826, 0.000319887, 105.857
5775, 96.25000, 0.527224, 15.7779, 1.07081, -153.901, 0.917686, 27.766, 0.000240252, 95.7654, 0.000909935, -76.8756, 0.000319546, 105.868
5776, 96.25833, 0.527099, 15.7661, 1.06986, -153.893, 0.916676, 27.7722, 0.000240196, 95.7589, 0.00090923, -76.8685, 0.000319205, 105.878
5776, 96.26667, 0.526974, 15.7543, 1.06891, -153.886, 0.915666, 27.7784, 0.00024014, 95.7524, 0.000908526, -76.8615, 0.000318864, 105.888
5777, 96.27500, 0.526848, 15.7424, 1.06796, -153.878, 0.914656, 27.7847, 0.000240084, 95.7459, 0.000907822, -76.8544, 0.000318523, 105.899
5777, 96.28333, 0.526723, 15.7305, 1.06702, -153.87, 0.913647, 27.7909, 0.000240028, 95.7394, 0.000907119, -76.8473, 0.000318182, 105.909
5778, 96.29166, 0.526598, 15.7185, 1.06607, -153.863, 0.912636, 27.7972, 0.000239972, 95.7329, 0.000906416, -76.8402, 0.000317841, 105.919
5778, 96.30000, 0.526473, 15.7066, 1.06512, -153.855, 0.911626, 27.8035, 0.000239916, 95.7263, 0.000905713, -76.8331, 0.0003175, 105.93
5779, 96.30833, 0.526348, 15.6946, 1.06417, -153.847, 0.910616, 27.8098, 0.000239861, 95.7197, 0.00090501, -76.826, 0.000317159, 105.94
5779, 96.31667, 0.526223, 15.6826, 1.06323, -153.839, 0.909605, 27.8161, 0.000239805, 95.7132, 0.000904307, -76.8189, 0.000316817, 105.95
5780, 96.32500, 0.526098, 15.6706, 1.06228, -153.832, 0.908594, 27.8224, 0.000239749, 95.7065, 0.000903605, -76.8118, 0.000316476, 105.961
5780, 96.33334, 0.525974, 15.6585, 1.06134, -153.824, 0.907584, 27.8287, 0.000239694, 95.6999, 0.000902903, -76.8047, 0.000316134, 105.971
5781, 96.34167, 0.525849, 15.6465, 1.06039, -153.816, 0.906573, 27.8351, 0.000239639, 95.6932, 0.000902202, -76.7976, 0.000315792, 105.982
5781, 96.35000, 0.525724, 15.6344, 1.05945, -153.808, 0.905562, 27.8414, 0.000239583, 95.6866, 0.0009015, -76.7904, 0.000315451, 105.992
5782, 96.35833, 0.5256, 15.6222, 1.05851, -153.801, 0.90455, 27.8478, 0.000239528, 95.6799, 0.000900799, -76.7833, 0.000315109, 106.003
5782, 96.36667, 0.525475, 15.6101, 1.05756, -153.793, 0.903539, 27.8542, 0.000239473, 95.6731, 0.000900098, -76.7761, 0.000314767, 106.013
5783, 96.37500, 0.525351, 15.5979, 1.05662, -153.785, 0.902528, 27.8605, 0.000239418, 95.6664, 0.000899398, -76.769, 0.000314425, 106.024
5783, 96.38333, 0.525226, 15.5857, 1.05568, -153.777, 0.901516, 27.8669, 0.000239363, 95.6596, 0.000898697, -76.7618, 0.000314083, 106.034
5784, 96.39167, 0.525102, 15.5735, 1.05474, -153.769, 0.900504, 27.8734, 0.000239308, 95.6529, 0.000897997, -76.7547, 0.000313741, 106.045
5784, 96.40000, 0.524978, 15.5612, 1.0538, -153.762, 0.899492, 27.8798, 0.000239253, 95.6461, 0.000897298, -76.7475, 0.000313398, 106.056
5785, 96.40833, 0.524853, 15.5489, 1.05286, -153.754, 0.89848, 27.8862, 0.000239198, 95.6393, 0.000896598, -76.7403, 0.000313056, 106.066
5785, 96.41666, 0.524729, 15.5366, 1.05192, -153.746, 0.897468, 27.8927, 0.000239143, 95.6324, 0.000895899, -76.7331, 0.000312714, 106.077
5786, 96.42500, 0.524605, 15.5243, 1.05098, -153.738, 0.896455, 27.8991, 0.000239088, 95.6255, 0.0008952, -76.7259, 0.000312371, 106.087
5786, 96.43333, 0.524481, 15.5119, 1.05004, -153.73, 0.895443, 27.9056, 0.000239034, 95.6187, 0.000894502, -76.7187, 0.000312029, 106.098
5787, 96.44167, 0.524357, 15.4996, 1.04911, -153.722, 0.89443, 27.9121, 0.000238979, 95.6118, 0.000893803, -76.7115, 0.000311686, 106.109
5787, 96.45000, 0.524233, 15.4872, 1.04817, -153.714, 0.893417, 27.9186, 0.000238925, 95.6049, 0.000893105, -76.7043, 0.000311343, 106.12
5788, 96.45834, 0.524109, 15.4747, 1.04723, -153.706, 0.892404, 27.9251, 0.00023887, 95.5979, 0.000892407, -76.6971, 0.000311, 106.13
5788, 96.46667, 0.523985, 15.4623, 1.0463, -153.699, 0.891391, 27.9316, 0.000238816, 95.5909, 0.00089171, -76.6898, 0.000310657, 106.141
5789, 96.47500, 0.523861, 15.4498, 1.04536, -153.691, 0.890378, 27.9382, 0.000238761, 95.584, 0.000891013, -76.6826, 0.000310314, 106.152
5789, 96.48333, 0.523737, 15.4373, 1.04443, -153.683, 0.889364, 27.9447, 0.000238707, 95.577, 0.000890316, -76.6753, 0.000309971, 106.163
5790, 96.49167, 0.523614, 15.4247, 1.04349, -153.675, 0.888351, 27.9513, 0.000238653, 95.5699, 0.000889619, -76.6681, 0.000309628, 106.174
5790, 96.50000, 0.52349, 15.4122, 1.04256, -153.667, 0.887337, 27.9579, 0.000238599, 95.5629, 0.000888922, -76.6608, 0.000309285, 106.184
5791, 96.50833, 0.523366, 15.3996, 1.04162, -153.659, 0.886323, 27.9645, 0.000238545, 95.5558, 0.000888226, -76.6536, 0.000308942, 106.195
5791, 96.51667, 0.523243, 15.387, 1.04069, -153.651, 0.885309, 27.9711, 0.000238491, 95.5487, 0.000887531, -76.6463, 0.000308598, 106.206
5792, 96.52500, 0.523119, 15.3743, 1.03976, -153.643, 0.884295, 27.9777, 0.000238437, 95.5416, 0.000886835, -76.639, 0.000308255, 106.217
5792, 96.53333, 0.522995, 15.3617, 1.03883, -153.635, 0.88328, 27.9843, 0.000238383, 95.5345, 0.00088614, -76.6317, 0.000307911, 106.228
5793, 96.54166, 0.522872, 15.349, 1.0379, -153.627, 0.882266, 27.991, 0.000238329, 95.5273, 0.000885445, -76.6244, 0.000307568, 106.239
5793, 96.55000, 0.522748, 15.3362, 1.03697, -153.619, 0.881251, 27.9976, 0.000238275, 95.5202, 0.00088475, -76.6171, 0.000307224, 106.25
5794, 96.55833, 0.522625, 15.3235, 1.03604, -153.611, 0.880236, 28.0043, 0.000238222, 95.513, 0.000884056, -76.6098, 0.00030688, 106.261
5794, 96.56667, 0.522501, 15.3107, 1.03511, -153.603, 0.879221, 28.011, 0.000238168, 95.5058, 0.000883361, -76.6025, 0.000306536, 106.272
5795, 96.57500, 0.522378, 15.2979, 1.03418, -153.595, 0.878206, 28.0177, 0.000238115, 95.4985, 0.000882667, -76.5952, 0.000306192, 106.283
5795, 96.58334, 0.522254, 15.2851, 1.03325, -153.587, 0.87719, 28.0244, 0.000238061, 95.4913, 0.000881974, -76.5879, 0.000305848, 106.294
5796, 96.59167, 0.522131, 15.2722, 1.03232, -153.579, 0.876175, 28.0312, 0.000238008, 95.484, 0.00088128, -76.5805, 0.000305504, 106.305
5796, 96.60000, 0.522008, 15.2594, 1.0314, -153.57, 0.875159, 28.0379, 0.000237954, 95.4767, 0.000880587, -76.5732, 0.000305159, 106.316
5797, 96.60833, 0.521884, 15.2464, 1.03047, -153.562, 0.874143, 28.0447, 0.000237901, 95.4693, 0.000879895, -76.5658, 0.000304815, 106.327
5797, 96.61667, 0.521761, 15.2335, 1.02955, -153.554, 0.873127, 28.0514, 0.000237848, 95.462, 0.000879202, -76.5585, 0.000304471, 106.339
5798, 96.62500, 0.521638, 15.2205, 1.02862, -153.546, 0.872111, 28.0582, 0.000237795, 95.4546, 0.00087851, -76.5511, 0.000304126, 106.35
5798, 96.63333, 0.521515, 15.2076, 1.0277, -153.538, 0.871094, 28.065, 0.000237741, 95.4472, 0.000877818, -76.5437, 0.000303781, 106.361
5799, 96.64167, 0.521391, 15.1945, 1.02677, -153.53, 0.870078, 28.0719, 0.000237688, 95.4398, 0.000877126, -76.5364, 0.000303437, 106.372
5799, 96.65000, 0.521268, 15.1815, 1.02585, -153.522, 0.869061, 28.0787, 0.000237635, 95.4324, 0.000876435, -76.529, 0.000303092, 106.384
5800, 96.65833, 0.521145, 15.1684, 1.02492, -153.514, 0.868044, 28.0855, 0.000237582, 95.4249, 0.000875744, -76.5216, 0.000302747, 106.395
5800, 96.66666, 0.521022, 15.1553, 1.024, -153.505, 0.867027, 28.0924, 0.000237529, 95.4174, 0.000875053, -76.5142, 0.000302402, 106.406
5801, 96.67500, 0.520899, 15.1422, 1.02308, -153.497, 0.86601, 28.0993, 0.000237477, 95.41, 0.000874363, -76.5068, 0.000302057, 106.418
5801, 96.68333, 0.520776, 15.1291, 1.02216, -153.489, 0.864992, 28.1062, 0.000237424, 95.4024, 0.000873672, -76.4994, 0.000301712, 106.429
5802, 96.69167, 0.520652, 15.1159, 1.02124, -153.481, 0.863975, 28.1131, 0.000237371, 95.3949, 0.000872982, -76.492, 0.000301367, 106.44
5802, 96.70000, 0.520529, 15.1027, 1.02032, -153.473, 0.862957, 28.12, 0.000237318, 95.3873, 0.000872293, -76.4846, 0.000301021, 106.452
5803, 96.70834, 0.520406, 15.0894, 1.0194, -153.464, 0.861939, 28.127, 0.000237266, 95.3797, 0.000871603, -76.4771, 0.000300676, 106.463
5803, 96.71667, 0.520283, 15.0762, 1.01848, -153.456, 0.86092, 28.1339, 0.000237213, 95.3721, 0.000870914, -76.4697, 0.00030033, 106.475
5804, 96.72500, 0.52016, 15.0629, 1.01756, -153.448, 0.859902, 28.1409, 0.000237161, 95.3645, 0.000870225, -76.4623, 0.000299985, 106.486
5804, 96.73333, 0.520037, 15.0496, 1.01664, -153.44, 0.858884, 28.1479, 0.000237108, 95.3568, 0.000869537, -76.4548, 0.000299639, 106.498
5805, 96.74167, 0.519914, 15.0362, 1.01573, -153.432, 0.857865, 28.1549, 0.000237056, 95.3491, 0.000868849, -76.4474, 0.000299293, 106.509
5805, 96.75000, 0.519791, 15.0229, 1.01481, -153.423, 0.856846, 28.1619, 0.000237004, 95.3414, 0.000868161, -76.4399, 0.000298947, 106.521
5806, 96.75833, 0.519668, 15.0095, 1.01389, -153.415, 0.855827, 28.1689, 0.000236951, 95.3337, 0.000867473, -76.4324, 0.000298601, 106.532
5806, 96.76667, 0.519545, 14.996, 1.01298, -153.407, 0.854807, 28.176, 0.000236899, 95.3259, 0.000866785, -76.425, 0.000298255, 106.544
5807, 96.77500, 0.519422, 14.9826, 1.01206, -153.398, 0.853788, 28.1831, 0.000236847, 95.3182, 0.000866098, -76.4175, 0.000297909, 106.555
5807, 96.78333, 0.519299, 14.9691, 1.01115, -153.39, 0.852768, 28.1901, 0.000236795, 95.3104, 0.000865412, -76.41, 0.000297563, 106.567
5808, 96.79166, 0.519176, 14.9556, 1.01023, -153.382, 0.851748, 28.1972, 0.000236743, 95.3025, 0.000864725, -76.4025, 0.000297216, 106.579
5808, 96.80000, 0.519053, 14.942, 1.00932, -153.373, 0.850728, 28.2044, 0.000236691, 95.2947, 0.000864039, -76.395, 0.00029687, 106.59
5809, 96.80833, 0.51893, 14.9285, 1.00841, -153.365, 0.849708, 28.2115, 0.000236639, 95.2868, 0.000863353, -76.3875, 0.000296523, 106.602
5809, 96.81667, 0.518807, 14.9149, 1.0075, -153.357, 0.848687, 28.2186, 0.000236587, 95.2789, 0.000862667, -76.38, 0.000296177, 106.614
5810, 96.82500, 0.518684, 14.9012, 1.00659, -153.348, 0.847667, 28.2258, 0.000236535, 95.271, 0.000861982, -76.3725, 0.00029583, 106.626
5810, 96.83334, 0.518561, 14.8876, 1.00567, -153.34, 0.846646, 28.233, 0.000236483, 95.2631, 0.000861297, -76.365, 0.000295483, 106.638
5811, 96.84167, 0.518437, 14.8739, 1.00476, -153.332, 0.845625, 28.2402, 0.000236431, 95.2551, 0.000860612, -76.3575, 0.000295136, 106.649
5811, 96.85000, 0.518314, 14.8602, 1.00385, -153.323, 0.844604, 28.2474, 0.00023638, 95.2471, 0.000859927, -76.3499, 0.000294789, 106.661
5812, 96.85833, 0.518191, 14.8465, 1.00294, -153.315, 0.843582, 28.2547, 0.000236328, 95.2391, 0.000859243, -76.3424, 0.000294442, 106.673
5812, 96.86667, 0.518068, 14.8327, 1.00204, -153.307, 0.84256, 28.2619, 0.000236277, 95.2311, 0.000858559, -76.3349, 0.000294095, 106.685
5813, 96.87500, 0.517945, 14.8189, 1.00113, -153.298, 0.841539, 28.2692, 0.000236225, 95.223, 0.000857875, -76.3273, 0.000293748, 106.697
5813, 96.88333, 0.517822, 14.8051, 1.00022, -153.29, 0.840517, 28.2765, 0.000236173, 95.2149, 0.000857192, -76.3198, 0.0002934, 106.709
5814, 96.89167, 0.517699, 14.7912, 0.999314, -153.281, 0.839494, 28.2838, 0.000236122, 95.2068, 0.000856509, -76.3122, 0.000293053, 106.721
5814, 96.90000, 0.517576, 14.7773, 0.998407, -153.273, 0.838472, 28.2911, 0.000236071, 95.1987, 0.000855826, -76.3046, 0.000292705, 106.733
5815, 96.90833, 0.517453, 14.7634, 0.997502, -153.265, 0.837449, 28.2985, 0.000236019, 95.1905, 0.000855143, -76.2971, 0.000292358, 106.745
5815, 96.91666, 0.517329, 14.7495, 0.996596, -153.256, 0.836426, 28.3058, 0.000235968, 95.1824, 0.000854461, -76.2895, 0.00029201, 106.757
5816, 96.92500, 0.517206, 14.7355, 0.995692, -153.248, 0.835403, 28.3132, 0.000235917, 95.1742, 0.000853779, -76.2819, 0.000291662, 106.769
5816, 96.93333, 0.517083, 14.7215, 0.994788, -153.239, 0.83438, 28.3206, 0.000235866, 95.1659, 0.000853098, -76.2743, 0.000291314, 106.781
5817, 96.94167, 0.51696, 14.7075, 0.993884, -153.231, 0.833356, 28.328, 0.000235814, 95.1577, 0.000852416, -76.2667, 0.000290966, 106.794
5817, 96.95000, 0.516837, 14.6934, 0.992981, -153.222, 0.832332, 28.3355, 0.000235763, 95.1494, 0.000851735, -76.2591, 0.000290618, 106.806
5818, 96.95834, 0.516713, 14.6793, 0.992079, -153.214, 0.831309, 28.3429, 0.000235712, 95.1411, 0.000851054, -76.2515, 0.00029027, 106.818
5818, 96.96667, 0.51659, 14.6652, 0.991177, -153.205, 0.830284, 28.3504, 0.000235661, 95.1328, 0.000850374, -76.2439, 0.000289921, 106.83
5819, 96.97500, 0.516467, 14.6511, 0.990276, -153.197, 0.82926, 28.3579, 0.00023561, 95.1244, 0.000849694, -76.2363, 0.000289573, 106.843
5819, 96.98333, 0.516343, 14.6369, 0.989376, -153.188, 0.828235, 28.3654, 0.000235559, 95.1161, 0.000849014, -76.2287, 0.000289224, 106.855
5820, 96.99167, 0.51622, 14.6227, 0.988476, -153.18, 0.827211, 28.3729, 0.000235509, 95.1077, 0.000848334, -76.221, 0.000288876, 106.867
5820, 97.00000, 0.516096, 14.6085, 0.987577, -153.171, 0.826186, 28.3805, 0.000235458, 95.0992, 0.000847655, -76.2134, 0.000288527, 106.88
5821, 97.00833, 0.515973, 14.5942, 0.986678, -153.163, 0.82516, 28.3881, 0.000235407, 95.0908, 0.000846976, -76.2057, 0.000288178, 106.892
5821, 97.01667, 0.515849, 14.5799, 0.98578, -153.154, 0.824135, 28.3957, 0.000235356, 95.0823, 0.000846297, -76.1981, 0.000287829, 106.904
5822, 97.02500, 0.515726, 14.5656, 0.984882, -153.145, 0.823109, 28.4033, 0.000235305, 95.0738, 0.000845618, -76.1905, 0.00028748, 106.917
5822, 97.03333, 0.515602, 14.5512, 0.983985, -153.137, 0.822083, 28.4109, 0.000235255, 95.0653, 0.00084494, -76.1828, 0.000287131, 106.929
5823, 97.04166, 0.515479, 14.5369, 0.983089, -153.128, 0.821057, 28.4186, 0.000235204, 95.0567, 0.000844262, -76.1751, 0.000286782, 106.942
5823, 97.05000, 0.515355, 14.5224, 0.982193, -153.12, 0.820031, 28.4262, 0.000235154, 95.0481, 0.000843585, -76.1675, 0.000286432, 106.955
5824, 97.05833, 0.515231, 14.508, 0.981298, -153.111, 0.819004, 28.4339, 0.000235103, 95.0395, 0.000842907, -76.1598, 0.000286083, 106.967
5824, 97.06667, 0.515108, 14.4935, 0.980403, -153.102, 0.817977, 28.4417, 0.000235053, 95.0309, 0.00084223, -76.1521, 0.000285733, 106.98
5825, 97.07500, 0.514984, 14.479, 0.979509, -153.094, 0.81695, 28.4494, 0.000235002, 95.0223, 0.000841554, -76.1445, 0.000285384, 106.992
5825, 97.08334, 0.51486, 14.4645, 0.978615, -153.085, 0.815923, 28.4571, 0.000234952, 95.0136, 0.000840877, -76.1368, 0.000285034, 107.005
5826, 97.09167, 0.514736, 14.4499, 0.977722, -153.077, 0.814896, 28.4649, 0.000234902, 95.0049, 0.000840201, -76.1291, 0.000284684, 107.018
5826, 97.10000, 0.514612, 14.4354, 0.97683, -153.068, 0.813868, 28.4727, 0.000234851, 94.9961, 0.000839525, -76.1214, 0.000284334, 107.03
5827, 97.10833, 0.514489, 14.4207, 0.975938, -153.059, 0.81284, 28.4805, 0.000234801, 94.9874, 0.00083885, -76.1137, 0.000283984, 107.043
5827, 97.11667, 0.514365, 14.4061, 0.975047, -153.051, 0.811812, 28.4884, 0.000234751, 94.9786, 0.000838175, -76.106, 0.000283634, 107.056
5828, 97.12500, 0.514241, 14.3914, 0.974157, -153.042, 0.810783, 28.4962, 0.000234701, 94.9698, 0.0008375, -76.0983, 0.000283284, 107.069
5828, 97.13333, 0.514116, 14.3767, 0.973267, -153.033, 0.809755, 28.5041, 0.00023465, 94.961, 0.000836825, -76.0906, 0.000282933, 107.082
5829, 97.14167, 0.513992, 14.3619, 0.972377, -153.025, 0.808726, 28.512, 0.0002346, 94.9521, 0.000836151, -76.0828, 0.000282583, 107.095
5829, 97.15000, 0.513868, 14.3472, 0.971489, -153.016, 0.807697, 28.52, 0.00023455, 94.9432, 0.000835477, -76.0751, 0.000282232, 107.108
5830, 97.15833, 0.513744, 14.3324, 0.9706, -153.007, 0.806667, 28.5279, 0.0002345, 94.9343, 0.000834803, -76.0674, 0.000281882, 107.121
5830, 97.16666, 0.51362, 14.3175, 0.969713, -152.999, 0.805637, 28.5359, 0.00023445, 94.9254, 0.000834129, -76.0597, 0.000281531, 107.134
5831, 97.17500, 0.513495, 14.3027, 0.968826, -152.99, 0.804608, 28.5439, 0.0002344, 94.9164, 0.000833456, -76.0519, 0.00028118, 107.147
5831, 97.18333, 0.513371, 14.2878, 0.967939, -152.981, 0.803578, 28.5519, 0.00023435, 94.9074, 0.000832783, -76.0442, 0.000280829, 107.16
5832, 97.19167, 0.513246, 14.2728, 0.967053, -152.972, 0.802547, 28.5599, 0.0002343, 94.8984, 0.000832111, -76.0364, 0.000280478, 107.173
5832, 97.20000, 0.513122, 14.2579, 0.966168, -152.964, 0.801517, 28.568, 0.000234251, 94.8894, 0.000831438, -76.0287, 0.000280127, 107.186
5833, 97.20834, 0.512997, 14.2429, 0.965284, -152.955, 0.800486, 28.5761, 0.000234201, 94.8803, 0.000830766, -76.0209, 0.000279775, 107.199
5833, 97.21667, 0.512872, 14.2279, 0.9644, -152.946, 0.799455, 28.5842, 0.000234151, 94.8712, 0.000830095, -76.0132, 0.000279424, 107.212
5834, 97.22500, 0.512748, 14.2128, 0.963516, -152.938, 0.798423, 28.5924, 0.000234101, 94.8621, 0.000829423, -76.0054, 0.000279072, 107.225
5834, 97.23333, 0.512623, 14.1978, 0.962633, -152.929, 0.797392, 28.6005, 0.000234052, 94.8529, 0.000828752, -75.9976, 0.000278721, 107.239
5835, 97.24167, 0.512498, 14.1826, 0.961751, -152.92, 0.79636, 28.6087, 0.000234002, 94.8437, 0.000828081, -75.9899, 0.000278369, 107.252
5835, 97.25000, 0.512373, 14.1675, 0.960869, -152.911, 0.795328, 28.6169, 0.000233952, 94.8345, 0.000827411, -75.9821, 0.000278017, 107.265
5836, 97.25833, 0.512248, 14.1523, 0.959988, -152.902, 0.794296, 28.6251, 0.000233903, 94.8253, 0.000826741, -75.9743, 0.000277665, 107.279
5836, 97.26667, 0.512123, 14.1371, 0.959108, -152.894, 0.793263, 28.6334, 0.000233853, 94.816, 0.000826071, -75.9665, 0.000277313, 107.292
5837, 97.27500, 0.511998, 14.1219, 0.958228, -152.885, 0.79223, 28.6417, 0.000233804, 94.8067, 0.000825401, -75.9587, 0.000276961, 107.306
5837, 97.28333, 0.511872, 14.1066, 0.957349, -152.876, 0.791197, 28.65, 0.000233754, 94.7974, 0.000824732, -75.9509, 0.000276609, 107.319
5838, 97.29166, 0.511747, 14.0913, 0.95647, -152.867, 0.790164, 28.6583, 0.000233705, 94.7881, 0.000824063, -75.9431, 0.000276257, 107.333
5838, 97.30000, 0.511622, 14.076, 0.955592, -152.858, 0.78913, 28.6667, 0.000233655, 94.7787, 0.000823394, -75.9353, 0.000275904, 107.346
5839, 97.30833, 0.511496, 14.0606, 0.954714, -152.85, 0.788096, 28.675, 0.000233606, 94.7693, 0.000822726, -75.9275, 0.000275552, 107.36
5839, 97.31667, 0.511371, 14.0452, 0.953838, -152.841, 0.787062, 28.6834, 0.000233556, 94.7599, 0.000822058, -75.9197, 0.000275199, 107.373
5840, 97.32500, 0.511245, 14.0298, 0.952961, -152.832, 0.786028, 28.6919, 0.000233507, 94.7505, 0.00082139, -75.9119, 0.000274846, 107.387
5840, 97.33334, 0.511119, 14.0144, 0.952086, -152.823, 0.784993, 28.7003, 0.000233458, 94.741, 0.000820722, -75.9041, 0.000274493, 107.401
5841, 97.34167, 0.510993, 13.9989, 0.95121, -152.814, 0.783958, 28.7088, 0.000233409, 94.7315, 0.000820055, -75.8963, 0.00027414, 107.414
5841, 97.35000, 0.510867, 13.9833, 0.950336, -152.805, 0.782923, 28.7173, 0.000233359, 94.7219, 0.000819388, -75.8885, 0.000273787, 107.428
5842, 97.35833, 0.510741, 13.9678, 0.949462, -152.797, 0.781888, 28.7259, 0.00023331, 94.7124, 0.000818722, -75.8806, 0.000273434, 107.442
5842, 97.36667, 0.510615, 13.9522, 0.948589, -152.788, 0.780852, 28.7344, 0.000233261, 94.7028, 0.000818055, -75.8728, 0.00027308, 107.456
5843, 97.37500, 0.510489, 13.9366, 0.947716, -152.779, 0.779816, 28.743, 0.000233212, 94.6932, 0.000817389, -75.865, 0.000272727, 107.47
5843, 97.38333, 0.510363, 13.9209, 0.946844, -152.77, 0.77878, 28.7516, 0.000233163, 94.6835, 0.000816724, -75.8571, 0.000272373, 107.484
5844, 97.39167, 0.510236, 13.9053, 0.945973, -152.761, 0.777743, 28.7603, 0.000233114, 94.6739, 0.000816058, -75.8493, 0.00027202, 107.498
5844, 97.40000, 0.51011, 13.8896, 0.945102, -152.752, 0.776707, 28.7689, 0.000233064, 94.6641, 0.000815393, -75.8415, 0.000271666, 107.512
5845, 97.40833, 0.509983, 13.8738, 0.944232, -152.743, 0.77567, 28.7776, 0.000233015, 94.6544, 0.000814728, -75.8336, 0.000271312, 107.526
5845, 97.41666, 0.509857, 13.858, 0.943362, -152.734, 0.774632, 28.7863, 0.000232966, 94.6447, 0.000814064, -75.8258, 0.000270958, 107.54
5846, 97.42500, 0.50973, 13.8422, 0.942493, -152.725, 0.773595, 28.7951, 0.000232917, 94.6349, 0.000813399, -75.8179, 0.000270604, 107.554
5846, 97.43333, 0.509603, 13.8264, 0.941624, -152.716, 0.772557, 28.8039, 0.000232868, 94.6251, 0.000812736, -75.8101, 0.00027025, 107.568
5847, 97.44167, 0.509476, 13.8105, 0.940756, -152.708, 0.771519, 28.8127, 0.000232819, 94.6152, 0.000812072, -75.8022, 0.000269896, 107.582
5847, 97.45000, 0.509349, 13.7946, 0.939889, -152.699, 0.77048, 28.8215, 0.000232771, 94.6053, 0.000811409, -75.7943, 0.000269541, 107.596
5848, 97.45834, 0.509222, 13.7787, 0.939023, -152.69, 0.769442, 28.8304, 0.000232722, 94.5954, 0.000810746, -75.7865, 0.000269187, 107.611
5848, 97.46667, 0.509094, 13.7627, 0.938156, -152.681, 0.768403, 28.8393, 0.000232673, 94.5855, 0.000810083, -75.7786, 0.000268832, 107.625
5849, 97.47500, 0.508967, 13.7467, 0.937291, -152.672, 0.767363, 28.8482, 0.000232624, 94.5755, 0.000809421, -75.7707, 0.000268477, 107.639
5849, 97.48333, 0.50884, 13.7307, 0.936426, -152.663, 0.766324, 28.8572, 0.000232575, 94.5656, 0.000808759, -75.7629, 0.000268122, 107.654
5850, 97.49167, 0.508712, 13.7146, 0.935562, -152.654, 0.765284, 28.8661, 0.000232526, 94.5555, 0.000808097, -75.755, 0.000267767, 107.668
5850, 97.50000, 0.508584, 13.6985, 0.934698, -152.645, 0.764244, 28.8752, 0.000232478, 94.5455, 0.000807435, -75.7471, 0.000267412, 107.683
5851, 97.50833, 0.508456, 13.6824, 0.933835, -152.636, 0.763204, 28.8842, 0.000232429, 94.5354, 0.000806774, -75.7392, 0.000267057, 107.697
5851, 97.51667, 0.508328, 13.6662, 0.932973, -152.627, 0.762163, 28.8933, 0.00023238, 94.5253, 0.000806113, -75.7313, 0.000266701, 107.712
5852, 97.52500, 0.5082, 13.65, 0.932111, -152.618, 0.761122, 28.9024, 0.000232331, 94.5152, 0.000805453, -75.7235, 0.000266346, 107.726
5852, 97.53333, 0.508072, 13.6338, 0.93125, -152.609, 0.760081, 28.9115, 0.000232283, 94.505, 0.000804792, -75.7156, 0.00026599, 107.741
5853, 97.54166, 0.507944, 13.6175, 0.930389, -152.6, 0.759039, 28.9207, 0.000232234, 94.4948, 0.000804132, -75.7077, 0.000265635, 107.756
5853, 97.55000, 0.507815, 13.6012, 0.929529, -152.591, 0.757998, 28.9299, 0.000232185, 94.4846, 0.000803473, -75.6998, 0.000265279, 107.77
5854, 97.55833, 0.507686, 13.5849, 0.92867, -152.582, 0.756955, 28.9391, 0.000232137, 94.4744, 0.000802814, -75.6919, 0.000264923, 107.785
5854, 97.56667, 0.507558, 13.5686, 0.927811, -152.573, 0.755913, 28.9484, 0.000232088, 94.4641, 0.000802154, -75.684, 0.000264567, 107.8
5855, 97.57500, 0.507429, 13.5522, 0.926953, -152.564, 0.75487, 28.9576, 0.00023204, 94.4538, 0.000801496, -75.6761, 0.000264211, 107.815
5855, 97.58334, 0.5073, 13.5357, 0.926096, -152.555, 0.753827, 28.967, 0.000231991, 94.4434, 0.000800837, -75.6682, 0.000263855, 107.83
5856, 97.59167, 0.507171, 13.5193, 0.925239, -152.546, 0.752784, 28.9763, 0.000231942, 94.4331, 0.000800179, -75.6603, 0.000263498, 107.845
5856, 97.60000, 0.507042, 13.5028, 0.924382, -152.537, 0.751741, 28.9857, 0.000231894, 94.4227, 0.000799521, -75.6524, 0.000263142, 107.86
5857, 97.60833, 0.506912, 13.4863, 0.923527, -152.528, 0.750697, 28.9951, 0.000231845, 94.4122, 0.000798864, -75.6445, 0.000262785, 107.875
5857, 97.61667, 0.506783, 13.4697, 0.922672, -152.519, 0.749652, 29.0046, 0.000231797, 94.4018, 0.000798207, -75.6366, 0.000262428, 107.89
5858, 97.62500, 0.506653, 13.4531, 0.921817, -152.51, 0.748608, 29.0141, 0.000231748, 94.3913, 0.00079755, -75.6287, 0.000262072, 107.905
5858, 97.63333, 0.506523, 13.4365, 0.920963, -152.501, 0.747563, 29.0236, 0.0002317, 94.3808, 0.000796893, -75.6208, 0.000261715, 107.92
5859, 97.64167, 0.506393, 13.4198, 0.92011, -152.492, 0.746518, 29.0331, 0.000231651, 94.3702, 0.000796237, -75.6129, 0.000261358, 107.935
5859, 97.65000, 0.506263, 13.4031, 0.919257, -152.483, 0.745473, 29.0427, 0.000231603, 94.3596, 0.000795581, -75.6049, 0.000261, 107.95
5860, 97.65833, 0.506133, 13.3864, 0.918405, -152.474, 0.744427, 29.0523, 0.000231555, 94.349, 0.000794925, -75.597, 0.000260643, 107.966
5860, 97.66666, 0.506002, 13.3697, 0.917554, -152.465, 0.743381, 29.062, 0.000231506, 94.3384, 0.00079427, -75.5891, 0.000260286, 107.981
5861, 97.67500, 0.505872, 13.3529, 0.916703, -152.456, 0.742335, 29.0717, 0.000231458, 94.3277, 0.000793615, -75.5812, 0.000259928, 107.996
5861, 97.68333, 0.505741, 13.3361, 0.915853, -152.447, 0.741288, 29.0814, 0.000231409, 94.317, 0.00079296, -75.5733, 0.00025957, 108.012
5862, 97.69167, 0.50561, 13.3192, 0.915003, -152.438, 0.740241, 29.0912, 0.000231361, 94.3063, 0.000792306, -75.5654, 0.000259213, 108.027
5862, 97.70000, 0.505479, 13.3023, 0.914155, -152.429, 0.739194, 29.101, 0.000231313, 94.2955, 0.000791652, -75.5575, 0.000258855, 108.043
5863, 97.70834, 0.505348, 13.2854, 0.913306, -152.419, 0.738147, 29.1108, 0.000231264, 94.2847, 0.000790998, -75.5495, 0.000258497, 108.059
5863, 97.71667, 0.505217, 13.2684, 0.912458, -152.41, 0.737099, 29.1207, 0.000231216, 94.2739, 0.000790344, -75.5416, 0.000258139, 108.074
5864, 97.72500, 0.505086, 13.2514, 0.911611, -152.401, 0.736051, 29.1306, 0.000231168, 94.263, 0.000789691, -75.5337, 0.00025778, 108.09
5864, 97.73333, 0.504954, 13.2344, 0.910765, -152.392, 0.735002, 29.1405, 0.000231119, 94.2522, 0.000789038, -75.5258, 0.000257422, 108.106
5865, 97.74167, 0.504822, 13.2173, 0.909919, -152.383, 0.733953, 29.1505, 0.000231071, 94.2412, 0.000788386, -75.5179, 0.000257063, 108.121
5865, 97.75000, 0.50469, 13.2003, 0.909074, -152.374, 0.732904, 29.1605, 0.000231023, 94.2303, 0.000787734, -75.5099, 0.000256705, 108.137
5866, 97.75833, 0.504558, 13.1831, 0.908229, -152.365, 0.731855, 29.1706, 0.000230974, 94.2193, 0.000787082, -75.502, 0.000256346, 108.153
5866, 97.76667, 0.504426, 13.166, 0.907385, -152.356, 0.730805, 29.1806, 0.000230926, 94.2083, 0.00078643, -75.4941, 0.000255987, 108.169
5867, 97.77500, 0.504293, 13.1488, 0.906542, -152.347, 0.729755, 29.1908, 0.000230878, 94.1973, 0.000785779, -75.4862, 0.000255628, 108.185
5867, 97.78333, 0.504161, 13.1315, 0.905699, -152.338, 0.728705, 29.2009, 0.000230829, 94.1862, 0.000785128, -75.4782, 0.000255269, 108.201
5868, 97.79166, 0.504028, 13.1143, 0.904857, -152.329, 0.727654, 29.2111, 0.000230781, 94.1751, 0.000784477, -75.4703, 0.00025491, 108.217
5868, 97.80000, 0.503895, 13.097, 0.904015, -152.32, 0.726603, 29.2214, 0.000230733, 94.1639, 0.000783827, -75.4624, 0.000254551, 108.233
5869, 97.80833, 0.503762, 13.0797, 0.903174, -152.311, 0.725552, 29.2317, 0.000230685, 94.1528, 0.000783177, -75.4545, 0.000254191, 108.249
5869, 97.81667, 0.503629, 13.0623, 0.902334, -152.301, 0.7245, 29.242, 0.000230636, 94.1416, 0.000782527, -75.4465, 0.000253831, 108.266
5870, 97.82500, 0.503495, 13.0449, 0.901494, -152.292, 0.723448, 29.2523, 0.000230588, 94.1303, 0.000781877, -75.4386, 0.000253472, 108.282
5870, 97.83334, 0.503362, 13.0275, 0.900655, -152.283, 0.722396, 29.2627, 0.00023054, 94.1191, 0.000781228, -75.4307, 0.000253112, 108.298
5871, 97.84167, 0.503228, 13.01, 0.899817, -152.274, 0.721343, 29.2732, 0.000230492, 94.1078, 0.000780579, -75.4228, 0.000252752, 108.315
5871, 97.85000, 0.503094, 12.9925, 0.898979, -152.265, 0.72029, 29.2837, 0.000230444, 94.0965, 0.000779931, -75.4149, 0.000252392, 108.331
5872, 97.85833, 0.502959, 12.975, 0.898142, -152.256, 0.719237, 29.2942, 0.000230395, 94.0851, 0.000779283, -75.4069, 0.000252032, 108.348
5872, 97.86667, 0.502825, 12.9574, 0.897305, -152.247, 0.718184, 29.3048, 0.000230347, 94.0737, 0.000778635, -75.399, 0.000251671, 108.364
5873, 97.87500, 0.50269, 12.9398, 0.896469, -152.238, 0.71713, 29.3154, 0.000230299, 94.0623, 0.000777987, -75.3911, 0.000251311, 108.381
5873, 97.88333, 0.502556, 12.9221, 0.895634, -152.229, 0.716075, 29.326, 0.000230251, 94.0508, 0.00077734, -75.3832, 0.00025095, 108.398
5874, 97.89167, 0.502421, 12.9045, 0.894799, -152.219, 0.715021, 29.3367, 0.000230202, 94.0394, 0.000776693, -75.3753, 0.00025059, 108.414
5874, 97.90000, 0.502286, 12.8868, 0.893965, -152.21, 0.713966, 29.3474, 0.000230154, 94.0278, 0.000776046, -75.3674, 0.000250229, 108.431
5875, 97.90833, 0.50215, 12.869, 0.893132, -152.201, 0.712911, 29.3582, 0.000230106, 94.0163, 0.0007754, -75.3594, 0.000249868, 108.448
5875, 97.91666, 0.502015, 12.8512, 0.892299, -152.192, 0.711855, 29.369, 0.000230058, 94.0047, 0.000774754, -75.3515, 0.000249507, 108.465
5876, 97.92500, 0.501879, 12.8334, 0.891467, -152.183, 0.710799, 29.3799, 0.00023001, 93.9931, 0.000774108, -75.3436, 0.000249146, 108.482
5876, 97.93333, 0.501743, 12.8156, 0.890635, -152.174, 0.709743, 29.3908, 0.000229961, 93.9814, 0.000773463, -75.3357, 0.000248784, 108.499
5877, 97.94167, 0.501607, 12.7977, 0.889804, -152.165, 0.708686, 29.4017, 0.000229913, 93.9698, 0.000772818, -75.3278, 0.000248423, 108.516
5877, 97.95000, 0.501471, 12.7798, 0.888974, -152.156, 0.707629, 29.4127, 0.000229865, 93.958, 0.000772173, -75.3199, 0.000248061, 108.533
5878, 97.95834, 0.501334, 12.7618, 0.888144, -152.147, 0.706572, 29.4238, 0.000229817, 93.9463, 0.000771528, -75.312, 0.0002477, 108.55
5878, 97.96667, 0.501197, 12.7439, 0.887315, -152.138, 0.705514, 29.4348, 0.000229768, 93.9345, 0.000770884, -75.3041, 0.000247338, 108.567
5879, 97.97500, 0.50106, 12.7258, 0.886486, -152.128, 0.704456, 29.446, 0.00022972, 93.9227, 0.00077024, -75.2962, 0.000246976, 108.585
5879, 97.98333, 0.500923, 12.7078, 0.885659, -152.119, 0.703398, 29.4571, 0.000229672, 93.9109, 0.000769597, -75.2883, 0.000246614, 108.602
5880, 97.99167, 0.500786, 12.6897, 0.884831, -152.11, 0.702339, 29.4684, 0.000229624, 93.899, 0.000768954, -75.2804, 0.000246252, 108.619
5880, 98.00000, 0.500648, 12.6716, 0.884005, -152.101, 0.70128, 29.4796, 0.000229575, 93.8871, 0.000768311, -75.2725, 0.000245889, 108.637
5881, 98.00833, 0.50051, 12.6534, 0.883179, -152.092, 0.700221, 29.4909, 0.000229527, 93.8751, 0.000767668, -75.2646, 0.000245527, 108.654
5881, 98.01667, 0.500372, 12.6352, 0.882353, -152.083, 0.699161, 29.5023, 0.000229479, 93.8632, 0.000767026, -75.2567, 0.000245164, 108.672
5882, 98.02500, 0.500234, 12.617, 0.881529, -152.074, 0.698101, 29.5137, 0.000229431, 93.8511, 0.000766384, -75.2488, 0.000244802, 108.69
5882, 98.03333, 0.500095, 12.5988, 0.880705, -152.065, 0.697041, 29.5252, 0.000229382, 93.8391, 0.000765742, -75.2409, 0.000244439, 108.707
5883, 98.04166, 0.499957, 12.5805, 0.879881, -152.056, 0.69598, 29.5367, 0.000229334, 93.827, 0.000765101, -75.233, 0.000244076, 108.725
5883, 98.05000, 0.499818, 12.5621, 0.879058, -152.047, 0.694919, 29.5482, 0.000229286, 93.8149, 0.00076446, -75.2252, 0.000243713, 108.743
5884, 98.05833, 0.499679, 12.5438, 0.878236, -152.037, 0.693857, 29.5598, 0.000229237, 93.8028, 0.000763819, -75.2173, 0.00024335, 108.761
5884, 98.06667, 0.499539, 12.5254, 0.877414, -152.028, 0.692795, 29.5715, 0.000229189, 93.7906, 0.000763179, -75.2094, 0.000242986, 108.779
5885, 98.07500, 0.4994, 12.5069, 0.876593, -152.019, 0.691733, 29.5832, 0.000229141, 93.7784, 0.000762539, -75.2015, 0.000242623, 108.797
5885, 98.08334, 0.49926, 12.4885, 0.875773, -152.01, 0.690671, 29.5949, 0.000229092, 93.7661, 0.000761899, -75.1937, 0.000242259, 108.815
5886, 98.09167, 0.49912, 12.47, 0.874953, -152.001, 0.689608, 29.6067, 0.000229044, 93.7539, 0.00076126, -75.1858, 0.000241895, 108.833
5886, 98.10000, 0.498979, 12.4514, 0.874134, -151.992, 0.688544, 29.6186, 0.000228996, 93.7415, 0.000760621, -75.1779, 0.000241532, 108.851
5887, 98.10833, 0.498839, 12.4328, 0.873316, -151.983, 0.687481, 29.6305, 0.000228947, 93.7292, 0.000759982, -75.1701, 0.000241168, 108.87
5887, 98.11667, 0.498698, 12.4142, 0.872498, -151.974, 0.686417, 29.6425, 0.000228899, 93.7168, 0.000759343, -75.1622, 0.000240803, 108.888
5888, 98.12500, 0.498557, 12.3956, 0.871681, -151.965, 0.685353, 29.6545, 0.000228851, 93.7044, 0.000758705, -75.1544, 0.000240439, 108.907
5888, 98.13333, 0.498415, 12.3769, 0.870864, -151.956, 0.684288, 29.6665, 0.000228802, 93.692, 0.000758067, -75.1465, 0.000240075, 108.925
5889, 98.14167, 0.498274, 12.3582, 0.870048, -151.947, 0.683223, 29.6786, 0.000228754, 93.6795, 0.00075743, -75.1387, 0.00023971, 108.944
5889, 98.15000, 0.498132, 12.3394, 0.869233, -151.938, 0.682157, 29.6908, 0.000228705, 93.667, 0.000756792, -75.1309, 0.000239346, 108.962
5890, 98.15833, 0.49799, 12.3207, 0.868418, -151.928, 0.681092, 29.703, 0.000228657, 93.6544, 0.000756156, -75.123, 0.000238981, 108.981
5890, 98.16666, 0.497848, 12.3018, 0.867604, -151.919, 0.680025, 29.7153, 0.000228608, 93.6418, 0.000755519, -75.1152, 0.000238616, 109
5891, 98.17500, 0.497705, 12.283, 0.866791, -151.91, 0.678959, 29.7277, 0.00022856, 93.6292, 0.000754883, -75.1074, 0.000238251, 109.018
5891, 98.18333, 0.497562, 12.2641, 0.865978, -151.901, 0.677892, 29.74, 0.000228511, 93.6166, 0.000754247, -75.0995, 0.000237886, 109.037
5892, 98.19167, 0.497419, 12.2452, 0.865166, -151.892, 0.676825, 29.7525, 0.000228463, 93.6039, 0.000753611, -75.0917, 0.000237521, 109.056
5892, 98.20000, 0.497276, 12.2262, 0.864354, -151.883, 0.675757, 29.765, 0.000228414, 93.5911, 0.000752976, -75.0839, 0.000237155, 109.075
5893, 98.20834, 0.497133, 12.2072, 0.863543, -151.874, 0.674689, 29.7775, 0.000228366, 93.5784, 0.000752341, -75.0761, 0.00023679, 109.094
5893, 98.21667, 0.496989, 12.1882, 0.862733, -151.865, 0.673621, 29.7902, 0.000228317, 93.5656, 0.000751706, -75.0683, 0.000236424, 109.114
5894, 98.22500, 0.496845, 12.1691, 0.861923, -151.856, 0.672552, 29.8028, 0.000228268, 93.5528, 0.000751072, -75.0605, 0.000236058, 109.133
5894, 98.23333, 0.4967, 12.15, 0.861114, -151.847, 0.671483, 29.8155, 0.00022822, 93.5399, 0.000750438, -75.0527, 0.000235692, 109.152
5895, 98.24167, 0.496556, 12.1309, 0.860306, -151.838, 0.670413, 29.8283, 0.000228171, 93.527, 0.000749804, -75.0449, 0.000235326, 109.172
5895, 98.25000, 0.496411, 12.1117, 0.859498, -151.829, 0.669344, 29.8412, 0.000228123, 93.5141, 0.00074917, -75.0372, 0.00023496, 109.191
5896, 98.25833, 0.496265, 12.0925, 0.858691, -151.82, 0.668274, 29.8541, 0.000228074, 93.5011, 0.000748537, -75.0294, 0.000234594, 109.211
5896, 98.26667, 0.49612, 12.0733, 0.857884, -151.811, 0.667203, 29.8671, 0.000228025, 93.4881, 0.000747904, -75.0216, 0.000234227, 109.23
5897, 98.27500, 0.495974, 12.054, 0.857079, -151.802, 0.666132, 29.8801, 0.000227976, 93.4751, 0.000747272, -75.0139, 0.000233861, 109.25
5897, 98.28333, 0.495828, 12.0347, 0.856273, -151.793, 0.665061, 29.8932, 0.000227928, 93.462, 0.00074664, -75.0061, 0.000233494, 109.27
5898, 98.29166, 0.495682, 12.0153, 0.855469, -151.784, 0.663989, 29.9063, 0.000227879, 93.4489, 0.000746008, -74.9984, 0.000233127, 109.29
5898, 98.30000, 0.495535, 11.9959, 0.854665, -151.775, 0.662917, 29.9195, 0.00022783, 93.4358, 0.000745376, -74.9906, 0.00023276, 109.309
5899, 98.30833, 0.495388, 11.9765, 0.853861, -151.766, 0.661844, 29.9328, 0.000227781, 93.4226, 0.000744745, -74.9829, 0.000232393, 109.329
5899, 98.31667, 0.495241, 11.9571, 0.853059, -151.757, 0.660771, 29.9461, 0.000227732, 93.4094, 0.000744114, -74.9751, 0.000232026, 109.349
5900, 98.32500, 0.495094, 11.9376, 0.852257, -151.748, 0.659698, 29.9595, 0.000227683, 93.3961, 0.000743484, -74.9674, 0.000231659, 109.37
5900, 98.33334, 0.494946, 11.918, 0.851455, -151.739, 0.658625, 29.973, 0.000227634, 93.3828, 0.000742853, -74.9597, 0.000231291, 109.39
5901, 98.34167, 0.494798, 11.8985, 0.850654, -151.73, 0.657551, 29.9865, 0.000227586, 93.3695, 0.000742223, -74.952, 0.000230924, 109.41
5901, 98.35000, 0.49465, 11.8789, 0.849854, -151.721, 0.656476, 30.0001, 0.000227537, 93.3562, 0.000741594, -74.9443, 0.000230556, 109.431
5902, 98.35833, 0.494501, 11.8593, 0.849055, -151.712, 0.655401, 30.0137, 0.000227488, 93.3428, 0.000740964, -74.9366, 0.000230188, 109.451
5902, 98.36667, 0.494352, 11.8396, 0.848256, -151.703, 0.654326, 30.0275, 0.000227438, 93.3294, 0.000740335, -74.9289, 0.00022982, 109.472
5903, 98.37500, 0.494203, 11.8199, 0.847457, -151.695, 0.653251, 30.0412, 0.000227389, 93.3159, 0.000739707, -74.9212, 0.000229452, 109.492
5903, 98.38333, 0.494053, 11.8002, 0.84666, -151.686, 0.652175, 30.0551, 0.00022734, 93.3024, 0.000739078, -74.9136, 0.000229083, 109.513
5904, 98.39167, 0.493904, 11.7804, 0.845862, -151.677, 0.651098, 30.069, 0.000227291, 93.2889, 0.00073845, -74.9059, 0.000228715, 109.534
5904, 98.40000, 0.493753, 11.7606, 0.845066, -151.668, 0.650022, 30.083, 0.000227242, 93.2753, 0.000737822, -74.8982, 0.000228346, 109.555
5905, 98.40833, 0.493603, 11.7407, 0.84427, -151.659, 0.648945, 30.0971, 0.000227193, 93.2617, 0.000737195, -74.8906, 0.000227978, 109.575
5905, 98.41666, 0.493452, 11.7209, 0.843475, -151.65, 0.647867, 30.1112, 0.000227144, 93.248, 0.000736568, -74.8829, 0.000227609, 109.597
5906, 98.42500, 0.493301, 11.7009, 0.842681, -151.641, 0.646789, 30.1254, 0.000227094, 93.2344, 0.000735941, -74.8753, 0.00022724, 109.618
5906, 98.43333, 0.49315, 11.681, 0.841887, -151.632, 0.645711, 30.1396, 0.000227045, 93.2207, 0.000735314, -74.8677, 0.000226871, 109.639
5907, 98.44167, 0.492998, 11.661, 0.841093, -151.623, 0.644632, 30.154, 0.000226996, 93.2069, 0.000734688, -74.8601, 0.000226502, 109.66
5907, 98.45000, 0.492846, 11.641, 0.840301, -151.615, 0.643553, 30.1684, 0.000226946, 93.1931, 0.000734062, -74.8525, 0.000226132, 109.682
5908, 98.45834, 0.492694, 11.6209, 0.839509, -151.606, 0.642474, 30.1829, 0.000226897, 93.1793, 0.000733437, -74.8449, 0.000225763, 109.703
5908, 98.46667, 0.492541, 11.6009, 0.838717, -151.597, 0.641394, 30.1974, 0.000226847, 93.1654, 0.000732811, -74.8373, 0.000225393, 109.725
5909, 98.47500, 0.492388, 11.5807, 0.837927, -151.588, 0.640314, 30.212, 0.000226798, 93.1516, 0.000732187, -74.8297, 0.000225023, 109.746
5909, 98.48333, 0.492235, 11.5606, 0.837136, -151.579, 0.639233, 30.2267, 0.000226748, 93.1376, 0.000731562, -74.8221, 0.000224654, 109.768
5910, 98.49167, 0.492081, 11.5404, 0.836347, -151.571, 0.638152, 30.2415, 0.000226699, 93.1236, 0.000730938, -74.8146, 0.000224284, 109.79
5910, 98.50000, 0.491927, 11.5201, 0.835558, -151.562, 0.637071, 30.2564, 0.000226649, 93.1096, 0.000730314, -74.807, 0.000223913, 109.812
5911, 98.50833, 0.491773, 11.4999, 0.83477, -151.553, 0.635989, 30.2713, 0.0002266, 93.0956, 0.00072969, -74.7995, 0.000223543, 109.834
5911, 98.51667, 0.491618, 11.4796, 0.833982, -151.544, 0.634907, 30.2863, 0.00022655, 93.0815, 0.000729066, -74.7919, 0.000223173, 109.856
5912, 98.52500, 0.491463, 11.4592, 0.833195, -151.536, 0.633824, 30.3013, 0.0002265, 93.0674, 0.000728443, -74.7844, 0.000222802, 109.878
5912, 98.53333, 0.491308, 11.4389, 0.832409, -151.527, 0.632741, 30.3165, 0.00022645, 93.0533, 0.000727821, -74.7769, 0.000222431, 109.9
5913, 98.54166, 0.491152, 11.4185, 0.831623, -151.518, 0.631658, 30.3317, 0.000226401, 93.0391, 0.000727198, -74.7694, 0.000222061, 109.923
5913, 98.55000, 0.490996, 11.398, 0.830838, -151.509, 0.630574, 30.347, 0.000226351, 93.0248, 0.000726576, -74.7619, 0.00022169, 109.945
5914, 98.55833, 0.49084, 11.3775, 0.830054, -151.501, 0.62949, 30.3624, 0.000226301, 93.0106, 0.000725954, -74.7544, 0.000221319, 109.968
5914, 98.56667, 0.490683, 11.357, 0.82927, -151.492, 0.628405, 30.3779, 0.000226251, 92.9963, 0.000725333, -74.747, 0.000220947, 109.99
5915, 98.57500, 0.490526, 11.3365, 0.828487, -151.483, 0.62732, 30.3934, 0.000226201, 92.9819, 0.000724712, -74.7395, 0.000220576, 110.013
5915, 98.58334, 0.490369, 11.3159, 0.827704, -151.475, 0.626235, 30.4091, 0.000226151, 92.9676, 0.000724091, -74.732, 0.000220205, 110.036
5916, 98.59167, 0.490211, 11.2953, 0.826922, -151.466, 0.625149, 30.4248, 0.000226101, 92.9532, 0.00072347, -74.7246, 0.000219833, 110.059
5916, 98.60000, 0.490053, 11.2746, 0.826141, -151.457, 0.624063, 30.4406, 0.000226051, 92.9387, 0.00072285, -74.7172, 0.000219461, 110.082
5917, 98.60833, 0.489894, 11.2539, 0.82536, -151.449, 0.622976, 30.4564, 0.000226, 92.9242, 0.00072223, -74.7098, 0.000219089, 110.105
5917, 98.61667, 0.489735, 11.2332, 0.82458, -151.44, 0.621889, 30.4724, 0.00022595, 92.9097, 0.000721611, -74.7024, 0.000218717, 110.128
5918, 98.62500, 0.489576, 11.2125, 0.8238, -151.431, 0.620802, 30.4884, 0.0002259, 92.8952, 0.000720991, -74.695, 0.000218345, 110.151
5918, 98.63333, 0.489417, 11.1917, 0.823022, -151.423, 0.619714, 30.5046, 0.00022585, 92.8806, 0.000720372, -74.6876, 0.000217973, 110.175
5919, 98.64167, 0.489257, 11.1708, 0.822243, -151.414, 0.618626, 30.5208, 0.000225799, 92.8659, 0.000719754, -74.6802, 0.0002176, 110.198
5919, 98.65000, 0.489096, 11.15, 0.821466, -151.406, 0.617537, 30.5371, 0.000225749, 92.8513, 0.000719135, -74.6729, 0.000217228, 110.222
5920, 98.65833, 0.488936, 11.1291, 0.820689, -151.397, 0.616448, 30.5535, 0.000225698, 92.8365, 0.000718517, -74.6656, 0.000216855, 110.246
5920, 98.66666, 0.488775, 11.1081, 0.819913, -151.389, 0.615359, 30.5699, 0.000225648, 92.8218, 0.000717899, -74.6582, 0.000216482, 110.27
5921, 98.67500, 0.488613, 11.0872, 0.819137, -151.38, 0.614269, 30.5865, 0.000225597, 92.807, 0.000717282, -74.6509, 0.000216109, 110.294
5921, 98.68333, 0.488451, 11.0662, 0.818362, -151.372, 0.613179, 30.6032, 0.000225547, 92.7922, 0.000716665, -74.6436, 0.000215736, 110.318
5922, 98.69167, 0.488289, 11.0451, 0.817587, -151.363, 0.612088, 30.6199, 0.000225496, 92.7773, 0.000716048, -74.6363, 0.000215363, 110.342
5922, 98.70000, 0.488127, 11.0241, 0.816814, -151.355, 0.610997, 30.6367, 0.000225445, 92.7624, 0.000715432, -74.6291, 0.00021499, 110.366
5923, 98.70834, 0.487964, 11.0029, 0.81604, -151.346, 0.609906, 30.6537, 0.000225394, 92.7475, 0.000714815, -74.6218, 0.000214616, 110.39
5923, 98.71667, 0.4878, 10.9818, 0.815268, -151.338, 0.608814, 30.6707, 0.000225343, 92.7325, 0.000714199, -74.6145, 0.000214242, 110.415
5924, 98.72500, 0.487637, 10.9606, 0.814496, -151.329, 0.607722, 30.6878, 0.000225293, 92.7175, 0.000713584, -74.6073, 0.000213869, 110.439
5924, 98.73333, 0.487472, 10.9394, 0.813725, -151.321, 0.606629, 30.705, 0.000225242, 92.7025, 0.000712969, -74.6001, 0.000213495, 110.464
5925, 98.74167, 0.487308, 10.9182, 0.812954, -151.313, 0.605536, 30.7223, 0.00022519, 92.6874, 0.000712354, -74.5929, 0.000213121, 110.489
5925, 98.75000, 0.487143, 10.8969, 0.812184, -151.304, 0.604442, 30.7397, 0.000225139, 92.6723, 0.000711739, -74.5857, 0.000212747, 110.514
5926, 98.75833, 0.486978, 10.8756, 0.811414, -151.296, 0.603348, 30.7572, 0.000225088, 92.6571, 0.000711125, -74.5785, 0.000212372, 110.539
5926, 98.76667, 0.486812, 10.8542, 0.810646, -151.288, 0.602254, 30.7748, 0.000225037, 92.6419, 0.000710511, -74.5714, 0.000211998, 110.564
5927, 98.77500, 0.486646, 10.8328, 0.809877, -151.279, 0.601159, 30.7925, 0.000224986, 92.6267, 0.000709897, -74.5642, 0.000211623, 110.589
5927, 98.78333, 0.486479, 10.8114, 0.80911, -151.271, 0.600064, 30.8103, 0.000224934, 92.6114, 0.000709283, -74.5571, 0.000211249, 110.615
5928, 98.79166, 0.486312, 10.79, 0.808343, -151.263, 0.598969, 30.8281, 0.000224883, 92.5961, 0.00070867, -74.55, 0.000210874, 110.64
5928, 98.80000, 0.486145, 10.7685, 0.807576, -151.254, 0.597873, 30.8461, 0.000224831, 92.5807, 0.000708057, -74.5429, 0.000210499, 110.666
5929, 98.80833, 0.485977, 10.747, 0.806811, -151.246, 0.596776, 30.8642, 0.00022478, 92.5653, 0.000707445, -74.5358, 0.000210124, 110.691
5929, 98.81667, 0.485809, 10.7254, 0.806046, -151.238, 0.59568, 30.8824, 0.000224728, 92.5499, 0.000706833, -74.5287, 0.000209749, 110.717
5930, 98.82500, 0.48564, 10.7038, 0.805281, -151.23, 0.594582, 30.9007, 0.000224677, 92.5344, 0.000706221, -74.5217, 0.000209373, 110.743
5930, 98.83334, 0.485471, 10.6822, 0.804517, -151.222, 0.593485, 30.9191, 0.000224625, 92.5189, 0.000705609, -74.5147, 0.000208998, 110.769
5931, 98.84167, 0.485302, 10.6605, 0.803754, -151.213, 0.592387, 30.9376, 0.000224573, 92.5034, 0.000704998, -74.5076, 0.000208622, 110.795
5931, 98.85000, 0.485132, 10.6388, 0.802991, -151.205, 0.591289, 30.9562, 0.000224521, 92.4878, 0.000704387, -74.5006, 0.000208246, 110.822
5932, 98.85833, 0.484962, 10.6171, 0.802229, -151.197, 0.59019, 30.9749, 0.000224469, 92.4722, 0.000703776, -74.4937, 0.000207871, 110.848
5932, 98.86667, 0.484791, 10.5953, 0.801468, -151.189, 0.58909, 30.9937, 0.000224417, 92.4565, 0.000703166, -74.4867, 0.000207494, 110.875
5933, 98.87500, 0.48462, 10.5735, 0.800707, -151.181, 0.587991, 31.0127, 0.000224365, 92.4408, 0.000702556, -74.4797, 0.000207118, 110.901
5933, 98.88333, 0.484448, 10.5517, 0.799947, -151.173, 0.586891, 31.0317, 0.000224313, 92.4251, 0.000701946, -74.4728, 0.000206742, 110.928
5934, 98.89167, 0.484276, 10.5299, 0.799187, -151.165, 0.58579, 31.0509, 0.000224261, 92.4093, 0.000701337, -74.4659, 0.000206366, 110.955
5934, 98.90000, 0.484104, 10.508, 0.798429, -151.157, 0.584689, 31.0701, 0.000224208, 92.3935, 0.000700727, -74.459, 0.000205989, 110.982
5935, 98.90833, 0.483931, 10.486, 0.79767, -151.149, 0.583588, 31.0895, 0.000224156, 92.3776, 0.000700119, -74.4521, 0.000205612, 111.009
5935, 98.91666, 0.483758, 10.4641, 0.796912, -151.141, 0.582486, 31.109, 0.000224104, 92.3617, 0.00069951, -74.4453, 0.000205236, 111.037
5936, 98.92500, 0.483584, 10.4421, 0.796155, -151.133, 0.581384, 31.1286, 0.000224051, 92.3458, 0.000698902, -74.4384, 0.000204859, 111.064
5936, 98.93333, 0.48341, 10.42, 0.795399, -151.125, 0.580282, 31.1483, 0.000223999, 92.3298, 0.000698294, -74.4316, 0.000204482, 111.092
5937, 98.94167, 0.483235, 10.398, 0.794643, -151.117, 0.579179, 31.1681, 0.000223946, 92.3138, 0.000697686, -74.4248, 0.000204104, 111.12
5937, 98.95000, 0.48306, 10.3759, 0.793888, -151.109, 0.578076, 31.1881, 0.000223893, 92.2978, 0.000697079, -74.418, 0.000203727, 111.147
5938, 98.95834, 0.482884, 10.3537, 0.793133, -151.101, 0.576972, 31.2081, 0.00022384, 92.2817, 0.000696472, -74.4113, 0.00020335, 111.175
5938, 98.96667, 0.482708, 10.3316, 0.792379, -151.093, 0.575868, 31.2283, 0.000223787, 92.2656, 0.000695865, -74.4045, 0.000202972, 111.203
5939, 98.97500, 0.482532, 10.3094, 0.791626, -151.086, 0.574763, 31.2486, 0.000223734, 92.2494, 0.000695258, -74.3978, 0.000202594, 111.232
5939, 98.98333, 0.482355, 10.2871, 0.790873, -151.078, 0.573658, 31.2691, 0.000223681, 92.2332, 0.000694652, -74.3911, 0.000202217, 111.26
5940, 98.99167, 0.482177, 10.2649, 0.790121, -151.07, 0.572553, 31.2896, 0.000223628, 92.217, 0.000694046, -74.3844, 0.000201839, 111.289
5940, 99.00000, 0.481999, 10.2426, 0.789369, -151.062, 0.571447, 31.3103, 0.000223575, 92.2007, 0.000693441, -74.3777, 0.000201461, 111.317
5941, 99.00833, 0.481821, 10.2202, 0.788618, -151.055, 0.570341, 31.3311, 0.000223522, 92.1844, 0.000692835, -74.3711, 0.000201082, 111.346
5941, 99.01667, 0.481642, 10.1979, 0.787868, -151.047, 0.569234, 31.352, 0.000223468, 92.168, 0.00069223, -74.3645, 0.000200704, 111.375
5942, 99.02500, 0.481463, 10.1755, 0.787118, -151.039, 0.568127, 31.373, 0.000223415, 92.1516, 0.000691626, -74.3579, 0.000200326, 111.404
5942, 99.03333, 0.481283, 10.1531, 0.786369, -151.032, 0.56702, 31.3942, 0.000223361, 92.1352, 0.000691021, -74.3513, 0.000199947, 111.433
5943, 99.04166, 0.481103, 10.1306, 0.78562, -151.024, 0.565912, 31.4155, 0.000223308, 92.1187, 0.000690417, -74.3447, 0.000199568, 111.463
5943, 99.05000, 0.480922, 10.1081, 0.784872, -151.016, 0.564804, 31.4369, 0.000223254, 92.1022, 0.000689813, -74.3382, 0.000199189, 111.492
5944, 99.05833, 0.480741, 10.0856, 0.784125, -151.009, 0.563695, 31.4585, 0.0002232, 92.0856, 0.00068921, -74.3317, 0.00019881, 111.522
5944, 99.06667, 0.480559, 10.063, 0.783378, -151.001, 0.562586, 31.4802, 0.000223146, 92.069, 0.000688607, -74.3252, 0.000198431, 111.552
5945, 99.07500, 0.480377, 10.0404, 0.782632, -150.994, 0.561477, 31.502, 0.000223092, 92.0524, 0.000688004, -74.3187, 0.000198052, 111.582
5945, 99.08334, 0.480194, 10.0178, 0.781886, -150.986, 0.560367, 31.524, 0.000223038, 92.0357, 0.000687401, -74.3123, 0.000197673, 111.612
5946, 99.09167, 0.480011, 9.99512, 0.781141, -150.979, 0.559257, 31.5461, 0.000222984, 92.019, 0.000686799, -74.3058, 0.000197293, 111.642
5946, 99.10000, 0.479828, 9.97243, 0.780397, -150.971, 0.558146, 31.5683, 0.00022293, 92.0022, 0.000686197, -74.2995, 0.000196914, 111.672
5947, 99.10833, 0.479644, 9.94971, 0.779653, -150.964, 0.557035, 31.5907, 0.000222875, 91.9855, 0.000685595, -74.2931, 0.000196534, 111.703
5947, 99.11667, 0.479459, 9.92696, 0.77891, -150.957, 0.555923, 31.6132, 0.000222821, 91.9686, 0.000684993, -74.2867, 0.000196154, 111.734
5948, 99.12500, 0.479274, 9.90417, 0.778167, -150.949, 0.554812, 31.6358, 0.000222766, 91.9518, 0.000684392, -74.2804, 0.000195774, 111.765
5948, 99.13333, 0.479088, 9.88135, 0.777425, -150.942, 0.553699, 31.6586, 0.000222712, 91.9348, 0.000683791, -74.2741, 0.000195394, 111.796
5949, 99.14167, 0.478902, 9.8585, 0.776684, -150.935, 0.552587, 31.6815, 0.000222657, 91.9179, 0.000683191, -74.2678, 0.000195014, 111.827
5949, 99.15000, 0.478715, 9.83562, 0.775943, -150.928, 0.551474, 31.7046, 0.000222602, 91.9009, 0.00068259, -74.2615, 0.000194634, 111.858
5950, 99.15833, 0.478528, 9.81271, 0.775203, -150.92, 0.55036, 31.7278, 0.000222547, 91.8839, 0.00068199, -74.2553, 0.000194253, 111.89
5950, 99.16666, 0.47834, 9.78976, 0.774463, -150.913, 0.549246, 31.7512, 0.000222492, 91.8668, 0.00068139, -74.2491, 0.000193872, 111.921
5951, 99.17500, 0.478152, 9.76678, 0.773724, -150.906, 0.548132, 31.7747, 0.000222437, 91.8497, 0.000680791, -74.2429, 0.000193492, 111.953
5951, 99.18333, 0.477963, 9.74378, 0.772986, -150.899, 0.547017, 31.7983, 0.000222382, 91.8326, 0.000680192, -74.2368, 0.000193111, 111.985
5952, 99.19167, 0.477774, 9.72073, 0.772248, -150.892, 0.545902, 31.8221, 0.000222327, 91.8154, 0.000679593, -74.2306, 0.00019273, 112.017
5952, 99.20000, 0.477584, 9.69766, 0.771511, -150.885, 0.544787, 31.8461, 0.000222271, 91.7981, 0.000678994, -74.2245, 0.000192349, 112.05
5953, 99.20834, 0.477394, 9.67456, 0.770774, -150.878, 0.543671, 31.8702, 0.000222216, 91.7809, 0.000678396, -74.2184, 0.000191968, 112.082
5953, 99.21667, 0.477203, 9.65143, 0.770038, -150.871, 0.542555, 31.8945, 0.00022216, 91.7636, 0.000677798, -74.2124, 0.000191587, 112.115
5954, 99.22500, 0.477012, 9.62827, 0.769303, -150.864, 0.541438, 31.9189, 0.000222104, 91.7462, 0.0006772, -74.2064, 0.000191205, 112.148
5954, 99.23333, 0.47682, 9.60507, 0.768568, -150.857, 0.540321, 31.9435, 0.000222049, 91.7288, 0.000676602, -74.2004, 0.000190824, 112.181
5955, 99.24167, 0.476628, 9.58185, 0.767833, -150.85, 0.539204, 31.9682, 0.000221993, 91.7114, 0.000676005, -74.1944, 0.000190442, 112.214
5955, 99.25000, 0.476435, 9.55859, 0.7671, -150.843, 0.538086, 31.9931, 0.000221937, 91.694, 0.000675408, -74.1885, 0.00019006, 112.247
5956, 99.25833, 0.476241, 9.53531, 0.766366, -150.836, 0.536968, 32.0182, 0.000221881, 91.6765, 0.000674811, -74.1825, 0.000189678, 112.281
5956, 99.26667, 0.476047, 9.51199, 0.765634, -150.829, 0.535849, 32.0434, 0.000221824, 91.6589, 0.000674215, -74.1766, 0.000189296, 112.315
5957, 99.27500, 0.475853, 9.48864, 0.764902, -150.823, 0.53473, 32.0688, 0.000221768, 91.6413, 0.000673619, -74.1708, 0.000188914, 112.348
5957, 99.28333, 0.475657, 9.46527, 0.76417, -150.816, 0.533611, 32.0943, 0.000221712, 91.6237, 0.000673023, -74.165, 0.000188532, 112.383
5958, 99.29166, 0.475462, 9.44186, 0.763439, -150.809, 0.532491, 32.12, 0.000221655, 91.606, 0.000672427, -74.1591, 0.00018815, 112.417
5958, 99.30000, 0.475266, 9.41842, 0.762709, -150.803, 0.531371, 32.1459, 0.000221598, 91.5883, 0.000671832, -74.1534, 0.000187767, 112.451
5959, 99.30833, 0.475069, 9.39496, 0.76198, -150.796, 0.530251, 32.172, 0.000221542, 91.5706, 0.000671237, -74.1476, 0.000187385, 112.486
5959, 99.31667, 0.474871, 9.37146, 0.76125, -150.789, 0.52913, 32.1982, 0.000221485, 91.5528, 0.000670642, -74.1419, 0.000187002, 112.521
5960, 99.32500, 0.474673, 9.34794, 0.760522, -150.783, 0.528009, 32.2246, 0.000221428, 91.535, 0.000670048, -74.1362, 0.000186619, 112.556
5960, 99.33334, 0.474475, 9.32438, 0.759794, -150.776, 0.526887, 32.2511, 0.000221371, 91.5171, 0.000669454, -74.1306, 0.000186236, 112.591
5961, 99.34167, 0.474276, 9.3008, 0.759066, -150.77, 0.525765, 32.2779, 0.000221313, 91.4992, 0.00066886, -74.1249, 0.000185853, 112.626
5961, 99.35000, 0.474076, 9.27718, 0.75834, -150.764, 0.524642, 32.3048, 0.000221256, 91.4813, 0.000668266, -74.1193, 0.00018547, 112.662
5962, 99.35833, 0.473876, 9.25354, 0.757613, -150.757, 0.52352, 32.3319, 0.000221199, 91.4633, 0.000667672, -74.1138, 0.000185087, 112.698
5962, 99.36667, 0.473675, 9.22987, 0.756888, -150.751, 0.522397, 32.3592, 0.000221141, 91.4453, 0.000667079, -74.1083, 0.000184704, 112.734
5963, 99.37500, 0.473474, 9.20617, 0.756162, -150.745, 0.521273, 32.3866, 0.000221083, 91.4272, 0.000666486, -74.1027, 0.00018432, 112.77
5963, 99.38333, 0.473272, 9.18244, 0.755438, -150.738, 0.520149, 32.4143, 0.000221025, 91.4091, 0.000665894, -74.0973, 0.000183937, 112.806
5964, 99.39167, 0.47307, 9.15868, 0.754714, -150.732, 0.519025, 32.4421, 0.000220968, 91.391, 0.000665301, -74.0918, 0.000183553, 112.843
5964, 99.40000, 0.472867, 9.1349, 0.75399, -150.726, 0.5179, 32.4701, 0.00022091, 91.3728, 0.000664709, -74.0864, 0.000183169, 112.879
5965, 99.40833, 0.472663, 9.11108, 0.753267, -150.72, 0.516776, 32.4983, 0.000220851, 91.3546, 0.000664117, -74.0811, 0.000182785, 112.916
5965, 99.41666, 0.472459, 9.08724, 0.752545, -150.714, 0.51565, 32.5267, 0.000220793, 91.3364, 0.000663526, -74.0757, 0.000182401, 112.954
5966, 99.42500, 0.472254, 9.06337, 0.751823, -150.708, 0.514525, 32.5553, 0.000220735, 91.3181, 0.000662935, -74.0704, 0.000182017, 112.991
5966, 99.43333, 0.472049, 9.03947, 0.751102, -150.701, 0.513399, 32.5841, 0.000220676, 91.2997, 0.000662343, -74.0651, 0.000181633, 113.029
5967, 99.44167, 0.471843, 9.01555, 0.750381, -150.696, 0.512272, 32.613, 0.000220618, 91.2813, 0.000661753, -74.0599, 0.000181249, 113.066
5967, 99.45000, 0.471636, 8.99159, 0.749661, -150.69, 0.511145, 32.6422, 0.000220559, 91.2629, 0.000661162, -74.0547, 0.000180865, 113.104
5968, 99.45834, 0.471429, 8.96762, 0.748942, -150.684, 0.510018, 32.6716, 0.0002205, 91.2445, 0.000660572, -74.0495, 0.00018048, 113.143
5968, 99.46667, 0.471221, 8.94361, 0.748223, -150.678, 0.508891, 32.7011, 0.000220441, 91.226, 0.000659982, -74.0444, 0.000180096, 113.181
5969, 99.47500, 0.471013, 8.91957, 0.747504, -150.672, 0.507763, 32.7309, 0.000220382, 91.2074, 0.000659392, -74.0393, 0.000179711, 113.22
5969, 99.48333, 0.470804, 8.89551, 0.746786, -150.666, 0.506635, 32.7609, 0.000220322, 91.1889, 0.000658802, -74.0342, 0.000179326, 113.259
5970, 99.49167, 0.470594, 8.87142, 0.746069, -150.661, 0.505506, 32.7911, 0.000220263, 91.1703, 0.000658213, -74.0292, 0.000178941, 113.298
5970, 99.50000, 0.470384, 8.84731, 0.745352, -150.655, 0.504378, 32.8214, 0.000220203, 91.1516, 0.000657624, -74.0242, 0.000178556, 113.337
5971, 99.50833, 0.470173, 8.82316, 0.744636, -150.649, 0.503248, 32.852, 0.000220144, 91.1329, 0.000657035, -74.0192, 0.000178171, 113.376
5971, 99.51667, 0.469961, 8.799, 0.74392, -150.644, 0.502119, 32.8829, 0.000220084, 91.1142, 0.000656447, -74.0143, 0.000177786, 113.416
5972, 99.52500, 0.469749, 8.7748, 0.743205, -150.638, 0.500989, 32.9139, 0.000220024, 91.0954, 0.000655858, -74.0094, 0.000177401, 113.456
5972, 99.53333, 0.469537, 8.75058, 0.74249, -150.633, 0.499859, 32.9451, 0.000219964, 91.0766, 0.00065527, -74.0045, 0.000177016, 113.496
5973, 99.54166, 0.469323, 8.72633, 0.741776, -150.627, 0.498728, 32.9766, 0.000219904, 91.0577, 0.000654683, -73.9997, 0.00017663, 113.537
5973, 99.55000, 0.469109, 8.70206, 0.741062, -150.622, 0.497598, 33.0082, 0.000219843, 91.0388, 0.000654095, -73.9949, 0.000176245, 113.578
5974, 99.55833, 0.468895, 8.67777, 0.740349, -150.616, 0.496466, 33.0401, 0.000219783, 91.0199, 0.000653508, -73.9902, 0.000175859, 113.619
5974, 99.56667, 0.46868, 8.65344, 0.739637, -150.611, 0.495335, 33.0722, 0.000219722, 91.0009, 0.000652921, -73.9855, 0.000175474, 113.66
5975, 99.57500, 0.468464, 8.6291, 0.738925, -150.606, 0.494203, 33.1046, 0.000219662, 90.9819, 0.000652334, -73.9808, 0.000175088, 113.701
5975, 99.58334, 0.468247, 8.60472, 0.738213, -150.601, 0.493071, 33.1372, 0.000219601, 90.9629, 0.000651747, -73.9762, 0.000174702, 113.743
5976, 99.59167, 0.46803, 8.58032, 0.737502, -150.596, 0.491938, 33.17, 0.00021954, 90.9438, 0.000651161, -73.9716, 0.000174316, 113.785
5976, 99.60000, 0.467812, 8.5559, 0.736792, -150.59, 0.490806, 33.203, 0.000219479, 90.9247, 0.000650575, -73.967, 0.00017393, 113.827
5977, 99.60833, 0.467594, 8.53146, 0.736082, -150.585, 0.489673, 33.2362, 0.000219417, 90.9055, 0.000649989, -73.9625, 0.000173544, 113.869
5977, 99.61667, 0.467375, 8.50698, 0.735372, -150.58, 0.488539, 33.2697, 0.000219356, 90.8863, 0.000649403, -73.9581, 0.000173158, 113.912
5978, 99.62500, 0.467155, 8.48249, 0.734664, -150.575, 0.487406, 33.3035, 0.000219294, 90.8671, 0.000648818, -73.9536, 0.000172771, 113.955
5978, 99.63333, 0.466935, 8.45797, 0.733955, -150.571, 0.486272, 33.3375, 0.000219233, 90.8478, 0.000648233, -73.9492, 0.000172385, 113.998
5979, 99.64167, 0.466714, 8.43343, 0.733247, -150.566, 0.485137, 33.3717, 0.000219171, 90.8284, 0.000647648, -73.9449, 0.000171999, 114.041
5979, 99.65000, 0.466492, 8.40886, 0.73254, -150.561, 0.484003, 33.4061, 0.000219109, 90.8091, 0.000647063, -73.9406, 0.000171612, 114.085
5980, 99.65833, 0.46627, 8.38427, 0.731833, -150.556, 0.482868, 33.4409, 0.000219047, 90.7897, 0.000646478, -73.9363, 0.000171226, 114.129
5980, 99.66666, 0.466047, 8.35966, 0.731127, -150.551, 0.481733, 33.4758, 0.000218984, 90.7702, 0.000645894, -73.9321, 0.000170839, 114.173
5981, 99.67500, 0.465823, 8.33502, 0.730421, -150.547, 0.480597, 33.511, 0.000218922, 90.7508, 0.00064531, -73.9279, 0.000170452, 114.217
5981, 99.68333, 0.465599, 8.31037, 0.729716, -150.542, 0.479461, 33.5465, 0.000218859, 90.7312, 0.000644726, -73.9238, 0.000170066, 114.262
5982, 99.69167, 0.465374, 8.28568, 0.729011, -150.538, 0.478325, 33.5822, 0.000218796, 90.7117, 0.000644143, -73.9197, 0.000169679, 114.307
5982, 99.70000, 0.465148, 8.26098, 0.728307, -150.533, 0.477189, 33.6182, 0.000218734, 90.6921, 0.000643559, -73.9156, 0.000169292, 114.352
5983, 99.70834, 0.464922, 8.23625, 0.727603, -150.529, 0.476053, 33.6544, 0.00021867, 90.6724, 0.000642976, -73.9116, 0.000168905, 114.398
5983, 99.71667, 0.464695, 8.2115, 0.7269, -150.524, 0.474916, 33.6909, 0.000218607, 90.6528, 0.000642393, -73.9076, 0.000168518, 114.444
5984, 99.72500, 0.464467, 8.18674, 0.726197, -150.52, 0.473778, 33.7277, 0.000218544, 90.633, 0.000641811, -73.9037, 0.000168131, 114.49
5984, 99.73333, 0.464239, 8.16195, 0.725495, -150.516, 0.472641, 33.7647, 0.00021848, 90.6133, 0.000641228, -73.8998, 0.000167743, 114.536
5985, 99.74167, 0.46401, 8.13713, 0.724793, -150.512, 0.471503, 33.802, 0.000218417, 90.5935, 0.000640646, -73.896, 0.000167356, 114.583
5985, 99.75000, 0.46378, 8.1123, 0.724092, -150.508, 0.470366, 33.8396, 0.000218353, 90.5737, 0.000640064, -73.8922, 0.000166969, 114.629
5986, 99.75833, 0.463549, 8.08745, 0.723391, -150.504, 0.469227, 33.8775, 0.000218289, 90.5538, 0.000639482, -73.8884, 0.000166582, 114.677
5986, 99.76667, 0.463318, 8.06257, 0.72269, -150.499, 0.468089, 33.9156, 0.000218225, 90.5339, 0.0006389, -73.8847, 0.000166194, 114.724
5987, 99.77500, 0.463086, 8.03768, 0.721991, -150.496, 0.46695, 33.954, 0.000218161, 90.5139, 0.000638319, -73.8811, 0.000165807, 114.772
5987, 99.78333, 0.462854, 8.01276, 0.721291, -150.492, 0.465811, 33.9927, 0.000218096, 90.494, 0.000637738, -73.8775, 0.000165419, 114.82
5988, 99.79166, 0.462621, 7.98782, 0.720592, -150.488, 0.464672, 34.0317, 0.000218031, 90.4739, 0.000637156, -73.8739, 0.000165031, 114.868
5988, 99.80000, 0.462387, 7.96287, 0.719894, -150.484, 0.463533, 34.0709, 0.000217967, 90.4539, 0.000636576, -73.8704, 0.000164644, 114.917
5989, 99.80833, 0.462152, 7.9379, 0.719196, -150.48, 0.462393, 34.1105, 0.000217902, 90.4338, 0.000635995, -73.8669, 0.000164256, 114.966
5989, 99.81667, 0.461917, 7.9129, 0.718499, -150.477, 0.461253, 34.1504, 0.000217837, 90.4136, 0.000635415, -73.8635, 0.000163868, 115.015
5990, 99.82500, 0.461681, 7.88789, 0.717802, -150.473, 0.460113, 34.1905, 0.000217771, 90.3934, 0.000634834, -73.8601, 0.000163481, 115.065
5990, 99.83334, 0.461444, 7.86286, 0.717105, -150.469, 0.458973, 34.231, 0.000217706, 90.3732, 0.000634254, -73.8568, 0.000163093, 115.115
5991, 99.84167, 0.461207, 7.8378, 0.716409, -150.466, 0.457833, 34.2717, 0.00021764, 90.353, 0.000633675, -73.8535, 0.000162705, 115.165
5991, 99.85000, 0.460968, 7.81274, 0.715714, -150.463, 0.456692, 34.3128, 0.000217575, 90.3327, 0.000633095, -73.8503, 0.000162317, 115.216
5992, 99.85833, 0.460729, 7.78765, 0.715019, -150.459, 0.455551, 34.3541, 0.000217509, 90.3123, 0.000632516, -73.8471, 0.000161929, 115.266
5992, 99.86667, 0.46049, 7.76254, 0.714324, -150.456, 0.45441, 34.3958, 0.000217443, 90.292, 0.000631936, -73.844, 0.000161541, 115.318
5993, 99.87500, 0.460249, 7.73742, 0.71363, -150.453, 0.453269, 34.4378, 0.000217376, 90.2716, 0.000631357, -73.8409, 0.000161153, 115.369
5993, 99.88333, 0.460008, 7.71228, 0.712936, -150.45, 0.452127, 34.4801, 0.00021731, 90.2511, 0.000630778, -73.8379, 0.000160765, 115.421
5994, 99.89167, 0.459767, 7.68712, 0.712243, -150.446, 0.450986, 34.5227, 0.000217243, 90.2306, 0.0006302, -73.8349, 0.000160377, 115.473
5994, 99.90000, 0.459524, 7.66195, 0.71155, -150.443, 0.449844, 34.5657, 0.000217177, 90.2101, 0.000629621, -73.832, 0.000159989, 115.525
5995, 99.90833, 0.459281, 7.63676, 0.710858, -150.44, 0.448702, 34.6089, 0.00021711, 90.1896, 0.000629043, -73.8291, 0.000159601, 115.578
5995, 99.91666, 0.459037, 7.61155, 0.710166, -150.438, 0.44756, 34.6525, 0.000217042, 90.169, 0.000628465, -73.8262, 0.000159212, 115.631
5996, 99.92500, 0.458792, 7.58633, 0.709474, -150.435, 0.446417, 34.6965, 0.000216975, 90.1483, 0.000627887, -73.8235, 0.000158824, 115.685
5996, 99.93333, 0.458546, 7.56109, 0.708783, -150.432, 0.445275, 34.7407, 0.000216908, 90.1276, 0.000627309, -73.8208, 0.000158436, 115.739
5997, 99.94167, 0.4583, 7.53584, 0.708093, -150.429, 0.444132, 34.7854, 0.00021684, 90.1069, 0.000626731, -73.8181, 0.000158048, 115.793
5997, 99.95000, 0.458053, 7.51057, 0.707403, -150.427, 0.442989, 34.8303, 0.000216772, 90.0862, 0.000626154, -73.8155, 0.000157659, 115.847
5998, 99.95834, 0.457805, 7.48529, 0.706713, -150.424, 0.441846, 34.8756, 0.000216704, 90.0654, 0.000625577, -73.8129, 0.000157271, 115.902
5998, 99.96667, 0.457557, 7.45999, 0.706024, -150.422, 0.440703, 34.9212, 0.000216636, 90.0446, 0.000625, -73.8104, 0.000156883, 115.958
5999, 99.97500, 0.457308, 7.43467, 0.705335, -150.419, 0.43956, 34.9672, 0.000216568, 90.0237, 0.000624423, -73.808, 0.000156494, 116.013
5999, 99.98333, 0.457058, 7.40935, 0.704646, -150.417, 0.438417, 35.0136, 0.000216499, 90.0028, 0.000623846, -73.8056, 0.000156106, 116.069
6000, 99.99167, 0.456807, 7.38401, 0.703958, -150.415, 0.437273, 35.0603, 0.00021643, 89.9819, 0.00062327, -73.8032, 0.000155718, 116.125
6000, 100.00000, 0.456555, 7.35865, 0.703271, -150.412, 0.43613, 35.1073, 0.000216361, 89.9609, 0.000622693, -73.8009, 0.000155329, 116.182
