Freq, Harmonic, V1, VAngle1, V2, VAngle2, V3, VAngle3, I1, IAngle1, I2, IAngle2, I3, IAngle3
60, 1.00000, 14647.5, -2.47279, 14510.4, -122.862, 14552.1, 117.779, 35.4034, -10.2651, 36.6662, -128.32, 36.8806, 116.527
60, 1.00833, 12776.7, -1.56911, 13305.2, -123.183, 13357.4, 118.352, 68.5852, -27.1435, 71.1457, -144.969, 69.8661, 100.312
61, 1.01667, 1.12898, 41.6103, 30.7253, -25.3928, 31.7568, 154.878, 0.00888669, -40.1786, 0.917119, 117.065, 0.919919, -63.0212
62, 1.02500, 1.13699, 41.346, 30.8335, -25.2168, 31.8694, 155.059, 0.00890755, -39.9934, 0.917505, 117.018, 0.920317, -63.0684
62, 1.03333, 1.14503, 41.0836, 30.9423, -25.042, 31.9827, 155.237, 0.00892843, -39.8096, 0.917894, 116.971, 0.920719, -63.1154
63, 1.04167, 1.15308, 40.8229, 31.0518, -24.8686, 32.0968, 155.415, 0.00894933, -39.627, 0.918286, 116.924, 0.921124, -63.1624
63, 1.05000, 1.16116, 40.564, 31.162, -24.6965, 32.2116, 155.591, 0.00897026, -39.4456, 0.918682, 116.878, 0.921533, -63.2093
63, 1.05833, 1.16927, 40.3069, 31.2728, -24.5257, 32.327, 155.766, 0.00899121, -39.2653, 0.919081, 116.831, 0.921946, -63.2561
64, 1.06667, 1.17739, 40.0513, 31.3844, -24.3561, 32.4432, 155.94, 0.00901218, -39.0861, 0.919484, 116.785, 0.922362, -63.3029
65, 1.07500, 1.18554, 39.7974, 31.4965, -24.1879, 32.5601, 156.112, 0.00903317, -38.908, 0.91989, 116.738, 0.922782, -63.3496
65, 1.08333, 1.19371, 39.5451, 31.6094, -24.021, 32.6777, 156.283, 0.00905418, -38.7309, 0.920299, 116.692, 0.923205, -63.3963
66, 1.09167, 1.20191, 39.2944, 31.7229, -23.8553, 32.796, 156.453, 0.00907522, -38.5548, 0.920713, 116.645, 0.923633, -63.4429
66, 1.10000, 1.21013, 39.0452, 31.8371, -23.691, 32.915, 156.621, 0.00909627, -38.3796, 0.921129, 116.599, 0.924064, -63.4894
66, 1.10833, 1.21837, 38.7974, 31.9519, -23.528, 33.0347, 156.788, 0.00911735, -38.2052, 0.92155, 116.553, 0.924499, -63.5359
67, 1.11667, 1.22663, 38.5511, 32.0674, -23.3662, 33.1551, 156.954, 0.00913846, -38.0317, 0.921973, 116.506, 0.924937, -63.5824
68, 1.12500, 1.23492, 38.3062, 32.1836, -23.2057, 33.2762, 157.118, 0.00915959, -37.859, 0.922401, 116.46, 0.92538, -63.6289
68, 1.13333, 1.24322, 38.0627, 32.3004, -23.0466, 33.398, 157.282, 0.00918074, -37.687, 0.922832, 116.414, 0.925826, -63.6753
69, 1.14167, 1.25156, 37.8206, 32.4179, -22.8886, 33.5204, 157.443, 0.00920193, -37.5158, 0.923266, 116.368, 0.926276, -63.7217
69, 1.15000, 1.25991, 37.5797, 32.536, -22.732, 33.6436, 157.604, 0.00922313, -37.3452, 0.923705, 116.321, 0.92673, -63.768
69, 1.15833, 1.26828, 37.3402, 32.6548, -22.5767, 33.7675, 157.763, 0.00924437, -37.1752, 0.924147, 116.275, 0.927188, -63.8144
70, 1.16667, 1.27668, 37.1018, 32.7742, -22.4226, 33.892, 157.922, 0.00926564, -37.0059, 0.924592, 116.229, 0.92765, -63.8607
71, 1.17500, 1.2851, 36.8647, 32.8943, -22.2698, 34.0172, 158.078, 0.00928694, -36.8371, 0.925042, 116.183, 0.928116, -63.907
71, 1.18333, 1.29355, 36.6288, 33.015, -22.1182, 34.1432, 158.234, 0.00930828, -36.6688, 0.925494, 116.137, 0.928585, -63.9533
72, 1.19167, 1.30201, 36.394, 33.1363, -21.9679, 34.2698, 158.388, 0.00932965, -36.501, 0.925951, 116.091, 0.929059, -63.9996
72, 1.20000, 1.3105, 36.1604, 33.2583, -21.8189, 34.397, 158.541, 0.00935106, -36.3336, 0.926412, 116.045, 0.929537, -64.0459
72, 1.20833, 1.31901, 35.9279, 33.381, -21.6711, 34.525, 158.693, 0.0093725, -36.1667, 0.926876, 115.999, 0.930018, -64.0922
73, 1.21667, 1.32754, 35.6964, 33.5043, -21.5246, 34.6537, 158.844, 0.00939399, -36.0001, 0.927344, 115.953, 0.930504, -64.1385
74, 1.22500, 1.33609, 35.4659, 33.6282, -21.3793, 34.783, 158.993, 0.00941552, -35.8339, 0.927816, 115.906, 0.930994, -64.1848
74, 1.23333, 1.34467, 35.2365, 33.7528, -21.2353, 34.913, 159.141, 0.0094371, -35.668, 0.928291, 115.86, 0.931487, -64.2311
75, 1.24167, 1.35327, 35.008, 33.878, -21.0925, 35.0437, 159.288, 0.00945873, -35.5024, 0.92877, 115.814, 0.931985, -64.2774
75, 1.25000, 1.36189, 34.7805, 34.0038, -20.9509, 35.1751, 159.433, 0.0094804, -35.337, 0.929254, 115.768, 0.932487, -64.3237
75, 1.25833, 1.37053, 34.554, 34.1303, -20.8106, 35.3071, 159.578, 0.00950213, -35.1719, 0.929741, 115.722, 0.932993, -64.3701
76, 1.26667, 1.3792, 34.3283, 34.2574, -20.6714, 35.4398, 159.721, 0.00952392, -35.0069, 0.930232, 115.676, 0.933503, -64.4164
77, 1.27500, 1.38789, 34.1035, 34.3852, -20.5335, 35.5732, 159.863, 0.00954576, -34.8421, 0.930726, 115.629, 0.934017, -64.4628
77, 1.28333, 1.39659, 33.8796, 34.5135, -20.3969, 35.7073, 160.003, 0.00956767, -34.6775, 0.931225, 115.583, 0.934536, -64.5092
78, 1.29167, 1.40533, 33.6564, 34.6426, -20.2614, 35.8421, 160.143, 0.00958965, -34.5129, 0.931728, 115.537, 0.935059, -64.5557
78, 1.30000, 1.41408, 33.4341, 34.7722, -20.1271, 35.9775, 160.281, 0.00961168, -34.3485, 0.932234, 115.49, 0.935585, -64.6022
78, 1.30833, 1.42286, 33.2125, 34.9025, -19.9941, 36.1136, 160.418, 0.0096338, -34.184, 0.932745, 115.444, 0.936116, -64.6487
79, 1.31667, 1.43166, 32.9917, 35.0334, -19.8622, 36.2503, 160.554, 0.00965599, -34.0196, 0.933259, 115.398, 0.936652, -64.6952
80, 1.32500, 1.44047, 32.7716, 35.1649, -19.7316, 36.3878, 160.689, 0.00967825, -33.8553, 0.933778, 115.351, 0.937191, -64.7418
80, 1.33333, 1.44932, 32.5523, 35.2971, -19.6021, 36.5259, 160.822, 0.0097006, -33.6909, 0.9343, 115.305, 0.937735, -64.7885
81, 1.34167, 1.45818, 32.3335, 35.4299, -19.4738, 36.6647, 160.955, 0.00972304, -33.5264, 0.934827, 115.258, 0.938284, -64.8351
81, 1.35000, 1.46707, 32.1155, 35.5633, -19.3467, 36.8041, 161.086, 0.00974556, -33.3619, 0.935357, 115.211, 0.938836, -64.8819
81, 1.35833, 1.47598, 31.8981, 35.6974, -19.2208, 36.9442, 161.216, 0.00976818, -33.1973, 0.935892, 115.165, 0.939393, -64.9286
82, 1.36667, 1.48491, 31.6812, 35.832, -19.096, 37.085, 161.345, 0.0097909, -33.0325, 0.93643, 115.118, 0.939954, -64.9755
83, 1.37500, 1.49386, 31.465, 35.9673, -18.9725, 37.2265, 161.472, 0.00981372, -32.8677, 0.936973, 115.071, 0.94052, -65.0223
83, 1.38333, 1.50284, 31.2494, 36.1033, -18.85, 37.3686, 161.599, 0.00983664, -32.7026, 0.93752, 115.024, 0.94109, -65.0693
84, 1.39167, 1.51184, 31.0342, 36.2398, -18.7288, 37.5115, 161.724, 0.00985968, -32.5374, 0.938071, 114.978, 0.941664, -65.1163
84, 1.40000, 1.52085, 30.8196, 36.377, -18.6087, 37.6549, 161.848, 0.00988283, -32.372, 0.938626, 114.931, 0.942243, -65.1634
84, 1.40833, 1.5299, 30.6055, 36.5148, -18.4897, 37.7991, 161.972, 0.0099061, -32.2064, 0.939185, 114.884, 0.942827, -65.2105
85, 1.41667, 1.53896, 30.3919, 36.6532, -18.3719, 37.9439, 162.094, 0.0099295, -32.0406, 0.939748, 114.836, 0.943415, -65.2577
86, 1.42500, 1.54805, 30.1787, 36.7923, -18.2552, 38.0894, 162.214, 0.00995303, -31.8745, 0.940316, 114.789, 0.944007, -65.3049
86, 1.43333, 1.55715, 29.966, 36.9319, -18.1397, 38.2355, 162.334, 0.00997669, -31.7081, 0.940888, 114.742, 0.944604, -65.3523
87, 1.44167, 1.56629, 29.7537, 37.0723, -18.0253, 38.3824, 162.453, 0.0100005, -31.5414, 0.941464, 114.695, 0.945205, -65.3997
87, 1.45000, 1.57544, 29.5417, 37.2132, -17.912, 38.5299, 162.57, 0.0100244, -31.3745, 0.942044, 114.647, 0.945811, -65.4472
87, 1.45833, 1.58461, 29.3302, 37.3547, -17.7999, 38.6781, 162.686, 0.0100485, -31.2072, 0.942628, 114.6, 0.946422, -65.4947
88, 1.46667, 1.59381, 29.119, 37.4969, -17.6888, 38.827, 162.802, 0.0100728, -31.0396, 0.943217, 114.552, 0.947037, -65.5424
89, 1.47500, 1.60303, 28.9081, 37.6397, -17.5789, 38.9765, 162.916, 0.0100972, -30.8716, 0.94381, 114.504, 0.947657, -65.5901
89, 1.48333, 1.61227, 28.6976, 37.7831, -17.4701, 39.1267, 163.029, 0.0101218, -30.7033, 0.944407, 114.457, 0.948282, -65.6379
90, 1.49167, 1.62153, 28.4873, 37.9272, -17.3624, 39.2776, 163.141, 0.0101465, -30.5346, 0.945009, 114.409, 0.948911, -65.6858
90, 1.50000, 1.63082, 28.2774, 38.0718, -17.2557, 39.4291, 163.252, 0.0101715, -30.3656, 0.945614, 114.361, 0.949545, -65.7338
90, 1.50833, 1.64012, 28.0677, 38.2171, -17.1502, 39.5813, 163.361, 0.0101966, -30.1961, 0.946225, 114.313, 0.950184, -65.7819
91, 1.51667, 1.64945, 27.8582, 38.363, -17.0458, 39.7343, 163.47, 0.0102219, -30.0262, 0.946839, 114.265, 0.950827, -65.8301
92, 1.52500, 1.6588, 27.649, 38.5096, -16.9425, 39.8878, 163.578, 0.0102474, -29.8559, 0.947458, 114.216, 0.951475, -65.8784
92, 1.53333, 1.66817, 27.44, 38.6567, -16.8402, 40.0421, 163.684, 0.0102731, -29.6852, 0.948082, 114.168, 0.952128, -65.9268
93, 1.54167, 1.67757, 27.2311, 38.8045, -16.739, 40.197, 163.79, 0.010299, -29.5141, 0.94871, 114.12, 0.952786, -65.9753
93, 1.55000, 1.68699, 27.0224, 38.953, -16.6389, 40.3527, 163.894, 0.0103251, -29.3425, 0.949342, 114.071, 0.953448, -66.0239
93, 1.55833, 1.69642, 26.8139, 39.102, -16.5399, 40.509, 163.998, 0.0103515, -29.1705, 0.949979, 114.022, 0.954116, -66.0726
94, 1.56667, 1.70588, 26.6055, 39.2517, -16.4419, 40.666, 164.1, 0.0103781, -28.998, 0.95062, 113.974, 0.954788, -66.1214
94, 1.57500, 1.71536, 26.3972, 39.402, -16.345, 40.8236, 164.201, 0.0104049, -28.8251, 0.951266, 113.925, 0.955466, -66.1703
95, 1.58333, 1.72487, 26.1891, 39.5529, -16.2491, 40.982, 164.302, 0.010432, -28.6517, 0.951916, 113.876, 0.956148, -66.2193
96, 1.59167, 1.73439, 25.9809, 39.7045, -16.1543, 41.141, 164.401, 0.0104593, -28.4779, 0.95257, 113.827, 0.956835, -66.2684
96, 1.60000, 1.74394, 25.7729, 39.8566, -16.0606, 41.3008, 164.499, 0.0104868, -28.3036, 0.95323, 113.777, 0.957527, -66.3177
96, 1.60833, 1.75351, 25.5649, 40.0094, -15.9679, 41.4612, 164.596, 0.0105147, -28.1288, 0.953893, 113.728, 0.958224, -66.3671
97, 1.61667, 1.76309, 25.357, 40.1629, -15.8762, 41.6223, 164.693, 0.0105428, -27.9535, 0.954562, 113.678, 0.958926, -66.4166
98, 1.62500, 1.7727, 25.149, 40.317, -15.7855, 41.7841, 164.788, 0.0105712, -27.7778, 0.955235, 113.629, 0.959633, -66.4662
98, 1.63333, 1.78234, 24.9411, 40.4716, -15.6959, 41.9466, 164.882, 0.0105999, -27.6016, 0.955912, 113.579, 0.960346, -66.516
99, 1.64167, 1.79199, 24.7331, 40.627, -15.6073, 42.1098, 164.975, 0.0106288, -27.4249, 0.956595, 113.529, 0.961063, -66.5659
99, 1.65000, 1.80166, 24.5252, 40.783, -15.5198, 42.2737, 165.067, 0.0106581, -27.2477, 0.957281, 113.479, 0.961785, -66.6159
99, 1.65833, 1.81135, 24.3171, 40.9395, -15.4333, 42.4383, 165.158, 0.0106877, -27.0701, 0.957973, 113.429, 0.962513, -66.666
100, 1.66667, 1.82107, 24.109, 41.0968, -15.3477, 42.6036, 165.249, 0.0107176, -26.892, 0.958669, 113.378, 0.963246, -66.7163
101, 1.67500, 1.83081, 23.9008, 41.2547, -15.2632, 42.7695, 165.338, 0.0107479, -26.7135, 0.95937, 113.328, 0.963984, -66.7667
101, 1.68333, 1.84056, 23.6926, 41.4132, -15.1797, 42.9362, 165.426, 0.0107785, -26.5345, 0.960076, 113.277, 0.964727, -66.8173
102, 1.69167, 1.85034, 23.4842, 41.5723, -15.0972, 43.1036, 165.513, 0.0108094, -26.355, 0.960786, 113.227, 0.965476, -66.868
102, 1.70000, 1.86013, 23.2756, 41.7321, -15.0157, 43.2717, 165.599, 0.0108407, -26.1751, 0.961501, 113.176, 0.966229, -66.9188
102, 1.70833, 1.86995, 23.067, 41.8925, -14.9352, 43.4406, 165.685, 0.0108723, -25.9948, 0.962221, 113.125, 0.966988, -66.9698
103, 1.71667, 1.87979, 22.8582, 42.0536, -14.8557, 43.6101, 165.769, 0.0109043, -25.8141, 0.962946, 113.073, 0.967753, -67.021
104, 1.72500, 1.88964, 22.6492, 42.2152, -14.7772, 43.7803, 165.852, 0.0109368, -25.6329, 0.963675, 113.022, 0.968522, -67.0723
104, 1.73333, 1.89952, 22.44, 42.3776, -14.6997, 43.9513, 165.935, 0.0109695, -25.4514, 0.96441, 112.97, 0.969297, -67.1237
105, 1.74167, 1.90941, 22.2306, 42.5406, -14.6231, 44.123, 166.016, 0.0110027, -25.2694, 0.965149, 112.919, 0.970078, -67.1753
105, 1.75000, 1.91933, 22.021, 42.7042, -14.5476, 44.2954, 166.097, 0.0110363, -25.0871, 0.965893, 112.867, 0.970864, -67.2271
105, 1.75833, 1.92926, 21.8112, 42.8684, -14.473, 44.4685, 166.176, 0.0110704, -24.9044, 0.966642, 112.815, 0.971655, -67.279
106, 1.76667, 1.93921, 21.6011, 43.0334, -14.3994, 44.6423, 166.255, 0.0111048, -24.7213, 0.967395, 112.763, 0.972452, -67.3311
107, 1.77500, 1.94918, 21.3907, 43.1989, -14.3267, 44.8169, 166.332, 0.0111397, -24.5379, 0.968154, 112.71, 0.973254, -67.3833
107, 1.78333, 1.95917, 21.1801, 43.3651, -14.255, 44.9922, 166.409, 0.0111751, -24.3542, 0.968918, 112.658, 0.974062, -67.4357
108, 1.79167, 1.96918, 20.9692, 43.532, -14.1843, 45.1682, 166.485, 0.0112109, -24.1702, 0.969686, 112.605, 0.974876, -67.4883
108, 1.80000, 1.9792, 20.758, 43.6995, -14.1145, 45.345, 166.56, 0.0112471, -23.9859, 0.97046, 112.552, 0.975695, -67.541
108, 1.80833, 1.98924, 20.5465, 43.8676, -14.0457, 45.5225, 166.634, 0.0112839, -23.8013, 0.971238, 112.499, 0.97652, -67.594
109, 1.81667, 1.9993, 20.3347, 44.0364, -13.9779, 45.7008, 166.707, 0.0113211, -23.6165, 0.972022, 112.446, 0.97735, -67.6471
109, 1.82500, 2.00938, 20.1225, 44.2059, -13.911, 45.8797, 166.779, 0.0113589, -23.4315, 0.972811, 112.392, 0.978186, -67.7004
110, 1.83333, 2.01947, 19.9099, 44.376, -13.845, 46.0595, 166.85, 0.0113971, -23.2463, 0.973604, 112.339, 0.979028, -67.7538
111, 1.84167, 2.02958, 19.697, 44.5468, -13.78, 46.24, 166.92, 0.0114359, -23.0609, 0.974403, 112.285, 0.979875, -67.8075
111, 1.85000, 2.0397, 19.4837, 44.7182, -13.7159, 46.4212, 166.99, 0.0114752, -22.8753, 0.975207, 112.231, 0.980729, -67.8613
111, 1.85833, 2.04984, 19.27, 44.8903, -13.6528, 46.6032, 167.058, 0.011515, -22.6896, 0.976016, 112.177, 0.981588, -67.9153
112, 1.86667, 2.06, 19.0559, 45.063, -13.5906, 46.786, 167.126, 0.0115554, -22.5038, 0.97683, 112.122, 0.982453, -67.9695
113, 1.87500, 2.07017, 18.8414, 45.2365, -13.5293, 46.9695, 167.192, 0.0115964, -22.318, 0.977649, 112.068, 0.983324, -68.0239
113, 1.88333, 2.08035, 18.6264, 45.4105, -13.469, 47.1538, 167.258, 0.0116379, -22.1321, 0.978473, 112.013, 0.9842, -68.0785
114, 1.89167, 2.09055, 18.411, 45.5853, -13.4096, 47.3389, 167.323, 0.0116801, -21.9462, 0.979302, 111.958, 0.985083, -68.1333
114, 1.90000, 2.10076, 18.1952, 45.7607, -13.3511, 47.5247, 167.387, 0.0117228, -21.7603, 0.980137, 111.903, 0.985972, -68.1883
114, 1.90833, 2.11099, 17.9788, 45.9367, -13.2935, 47.7113, 167.45, 0.0117661, -21.5744, 0.980977, 111.847, 0.986866, -68.2435
115, 1.91667, 2.12123, 17.762, 46.1135, -13.2369, 47.8987, 167.512, 0.01181, -21.3887, 0.981822, 111.792, 0.987767, -68.2989
116, 1.92500, 2.13148, 17.5447, 46.2909, -13.1811, 48.0868, 167.574, 0.0118546, -21.203, 0.982672, 111.736, 0.988674, -68.3545
116, 1.93333, 2.14174, 17.3269, 46.4689, -13.1263, 48.2758, 167.634, 0.0118998, -21.0175, 0.983528, 111.68, 0.989586, -68.4103
117, 1.94167, 2.15201, 17.1086, 46.6477, -13.0724, 48.4655, 167.694, 0.0119457, -20.8322, 0.984389, 111.624, 0.990505, -68.4663
117, 1.95000, 2.1623, 16.8897, 46.8271, -13.0194, 48.6561, 167.752, 0.0119923, -20.6471, 0.985255, 111.567, 0.99143, -68.5226
117, 1.95833, 2.17259, 16.6703, 47.0072, -12.9673, 48.8474, 167.81, 0.0120395, -20.4623, 0.986126, 111.51, 0.992361, -68.579
118, 1.96667, 2.18289, 16.4504, 47.188, -12.9161, 49.0396, 167.867, 0.0120874, -20.2778, 0.987003, 111.454, 0.993299, -68.6357
119, 1.97500, 2.19321, 16.2299, 47.3694, -12.8658, 49.2325, 167.923, 0.012136, -20.0936, 0.987885, 111.396, 0.994243, -68.6926
119, 1.98333, 2.20353, 16.0088, 47.5516, -12.8164, 49.4263, 167.979, 0.0121853, -19.9098, 0.988773, 111.339, 0.995193, -68.7497
120, 1.99167, 2.21385, 15.7872, 47.7344, -12.7679, 49.6209, 168.033, 0.0122353, -19.7264, 0.989666, 111.281, 0.996149, -68.8071
120, 2.00000, 2.22419, 15.5649, 47.9179, -12.7203, 49.8162, 168.087, 0.0122861, -19.5435, 0.990564, 111.224, 0.997112, -68.8646
120, 2.00833, 2.23453, 15.3421, 48.102, -12.6735, 50.0125, 168.139, 0.0123376, -19.3612, 0.991468, 111.166, 0.998081, -68.9225
121, 2.01667, 2.24488, 15.1187, 48.2869, -12.6277, 50.2095, 168.191, 0.0123899, -19.1793, 0.992377, 111.107, 0.999056, -68.9805
122, 2.02500, 2.25523, 14.8946, 48.4725, -12.5828, 50.4074, 168.242, 0.0124429, -18.9981, 0.993292, 111.049, 1.00004, -69.0388
122, 2.03333, 2.26559, 14.6699, 48.6587, -12.5387, 50.6061, 168.292, 0.0124967, -18.8175, 0.994212, 110.99, 1.00103, -69.0973
123, 2.04167, 2.27595, 14.4446, 48.8456, -12.4955, 50.8057, 168.342, 0.0125513, -18.6376, 0.995138, 110.931, 1.00202, -69.1561
123, 2.05000, 2.28631, 14.2187, 49.0333, -12.4533, 51.0061, 168.39, 0.0126067, -18.4584, 0.996069, 110.872, 1.00302, -69.2151
123, 2.05833, 2.29667, 13.9921, 49.2216, -12.4118, 51.2073, 168.438, 0.0126629, -18.2801, 0.997005, 110.812, 1.00403, -69.2744
124, 2.06667, 2.30704, 13.7648, 49.4106, -12.3713, 51.4095, 168.484, 0.01272, -18.1025, 0.997948, 110.752, 1.00505, -69.3339
125, 2.07500, 2.3174, 13.5369, 49.6003, -12.3316, 51.6124, 168.53, 0.0127779, -17.9259, 0.998895, 110.692, 1.00607, -69.3937
125, 2.08333, 2.32777, 13.3083, 49.7907, -12.2928, 51.8162, 168.575, 0.0128366, -17.7502, 0.999849, 110.632, 1.0071, -69.4537
126, 2.09167, 2.33813, 13.079, 49.9818, -12.2549, 52.021, 168.62, 0.0128962, -17.5755, 1.00081, 110.571, 1.00813, -69.514
126, 2.10000, 2.34849, 12.8491, 50.1736, -12.2179, 52.2266, 168.663, 0.0129566, -17.4019, 1.00177, 110.511, 1.00917, -69.5746
126, 2.10833, 2.35885, 12.6185, 50.3661, -12.1817, 52.433, 168.706, 0.0130179, -17.2294, 1.00274, 110.449, 1.01022, -69.6354
127, 2.11667, 2.3692, 12.3871, 50.5593, -12.1464, 52.6404, 168.747, 0.0130802, -17.058, 1.00372, 110.388, 1.01128, -69.6965
128, 2.12500, 2.37955, 12.1551, 50.7532, -12.1119, 52.8486, 168.788, 0.0131433, -16.8878, 1.0047, 110.326, 1.01234, -69.7578
128, 2.13333, 2.38988, 11.9224, 50.9479, -12.0783, 53.0578, 168.828, 0.0132073, -16.7189, 1.00569, 110.265, 1.01341, -69.8195
129, 2.14167, 2.40022, 11.689, 51.1432, -12.0456, 53.2679, 168.868, 0.0132722, -16.5513, 1.00668, 110.202, 1.01449, -69.8814
129, 2.15000, 2.41054, 11.4548, 51.3392, -12.0137, 53.4788, 168.906, 0.0133381, -16.3851, 1.00768, 110.14, 1.01557, -69.9436
129, 2.15833, 2.42085, 11.22, 51.536, -11.9827, 53.6907, 168.944, 0.0134049, -16.2204, 1.00868, 110.077, 1.01666, -70.0061
130, 2.16667, 2.43115, 10.9844, 51.7335, -11.9525, 53.9035, 168.98, 0.0134727, -16.0571, 1.00969, 110.014, 1.01776, -70.0689
131, 2.17500, 2.44144, 10.7482, 51.9316, -11.9232, 54.1172, 169.016, 0.0135414, -15.8953, 1.01071, 109.951, 1.01886, -70.1319
131, 2.18333, 2.45172, 10.5112, 52.1305, -11.8947, 54.3319, 169.051, 0.0136111, -15.7352, 1.01173, 109.887, 1.01998, -70.1953
132, 2.19167, 2.46198, 10.2735, 52.3301, -11.8671, 54.5475, 169.086, 0.0136817, -15.5768, 1.01276, 109.823, 1.0211, -70.259
132, 2.20000, 2.47222, 10.0351, 52.5305, -11.8403, 54.764, 169.119, 0.0137534, -15.42, 1.01379, 109.759, 1.02222, -70.3229
132, 2.20833, 2.48245, 9.79596, 52.7315, -11.8144, 54.9815, 169.152, 0.013826, -15.2651, 1.01483, 109.695, 1.02336, -70.3872
133, 2.21667, 2.49266, 9.55611, 52.9333, -11.7893, 55.2, 169.184, 0.0138996, -15.1119, 1.01588, 109.63, 1.0245, -70.4518
134, 2.22500, 2.50284, 9.31557, 53.1358, -11.7651, 55.4194, 169.215, 0.0139742, -14.9607, 1.01693, 109.565, 1.02565, -70.5167
134, 2.23333, 2.51301, 9.07433, 53.339, -11.7417, 55.6398, 169.245, 0.0140499, -14.8115, 1.01798, 109.5, 1.0268, -70.5819
135, 2.24167, 2.52315, 8.83236, 53.5429, -11.7191, 55.8612, 169.274, 0.0141265, -14.6642, 1.01905, 109.434, 1.02797, -70.6474
135, 2.25000, 2.53327, 8.58972, 53.7476, -11.6974, 56.0835, 169.303, 0.0142042, -14.519, 1.02012, 109.368, 1.02914, -70.7132
135, 2.25833, 2.54336, 8.34639, 53.953, -11.6765, 56.3069, 169.33, 0.0142829, -14.3759, 1.02119, 109.302, 1.03032, -70.7794
136, 2.26667, 2.55343, 8.10235, 54.1591, -11.6564, 56.5312, 169.357, 0.0143627, -14.235, 1.02227, 109.235, 1.03151, -70.8459
137, 2.27500, 2.56346, 7.85765, 54.366, -11.6372, 56.7566, 169.383, 0.0144434, -14.0964, 1.02336, 109.168, 1.0327, -70.9128
137, 2.28333, 2.57347, 7.61229, 54.5735, -11.6188, 56.9829, 169.408, 0.0145253, -13.9601, 1.02445, 109.101, 1.0339, -70.9799
138, 2.29167, 2.58344, 7.36623, 54.7819, -11.6013, 57.2103, 169.433, 0.0146082, -13.8261, 1.02555, 109.033, 1.03511, -71.0474
138, 2.30000, 2.59338, 7.11956, 54.9909, -11.5845, 57.4387, 169.456, 0.0146921, -13.6945, 1.02665, 108.965, 1.03633, -71.1153
138, 2.30833, 2.60328, 6.87224, 55.2007, -11.5686, 57.6681, 169.479, 0.0147771, -13.5654, 1.02776, 108.897, 1.03756, -71.1835
139, 2.31667, 2.61315, 6.62426, 55.4112, -11.5535, 57.8986, 169.501, 0.0148631, -13.4388, 1.02888, 108.829, 1.03879, -71.2521
140, 2.32500, 2.62298, 6.3757, 55.6225, -11.5392, 58.1302, 169.522, 0.0149502, -13.3148, 1.03, 108.76, 1.04003, -71.321
140, 2.33333, 2.63277, 6.12654, 55.8345, -11.5258, 58.3627, 169.542, 0.0150384, -13.1934, 1.03113, 108.69, 1.04128, -71.3903
141, 2.34167, 2.64251, 5.87676, 56.0473, -11.5131, 58.5964, 169.561, 0.0151276, -13.0747, 1.03227, 108.621, 1.04254, -71.4599
141, 2.35000, 2.65221, 5.62644, 56.2608, -11.5013, 58.8311, 169.58, 0.0152179, -12.9587, 1.03341, 108.551, 1.0438, -71.5299
141, 2.35833, 2.66187, 5.37557, 56.475, -11.4903, 59.0669, 169.597, 0.0153092, -12.8455, 1.03456, 108.481, 1.04508, -71.6003
142, 2.36667, 2.67148, 5.12413, 56.69, -11.4801, 59.3038, 169.614, 0.0154016, -12.7351, 1.03571, 108.41, 1.04636, -71.6711
143, 2.37500, 2.68104, 4.87221, 56.9057, -11.4707, 59.5418, 169.63, 0.0154951, -12.6276, 1.03687, 108.339, 1.04765, -71.7422
143, 2.38333, 2.69055, 4.6198, 57.1222, -11.4621, 59.7808, 169.645, 0.0155896, -12.523, 1.03804, 108.268, 1.04895, -71.8138
144, 2.39167, 2.70001, 4.36689, 57.3394, -11.4544, 60.021, 169.66, 0.0156852, -12.4213, 1.03921, 108.196, 1.05026, -71.8857
144, 2.40000, 2.70941, 4.11356, 57.5574, -11.4474, 60.2623, 169.673, 0.0157818, -12.3227, 1.04039, 108.124, 1.05157, -71.9581
144, 2.40833, 2.71876, 3.85981, 57.7761, -11.4412, 60.5047, 169.686, 0.0158795, -12.2272, 1.04157, 108.052, 1.0529, -72.0308
145, 2.41667, 2.72805, 3.60563, 57.9957, -11.4358, 60.7483, 169.697, 0.0159782, -12.1347, 1.04276, 107.979, 1.05423, -72.1039
146, 2.42500, 2.73728, 3.35112, 58.2159, -11.4313, 60.993, 169.708, 0.0160779, -12.0453, 1.04396, 107.906, 1.05557, -72.1775
146, 2.43333, 2.74645, 3.09627, 58.4369, -11.4275, 61.2389, 169.718, 0.0161786, -11.9591, 1.04516, 107.833, 1.05692, -72.2514
147, 2.44167, 2.75555, 2.84108, 58.6587, -11.4245, 61.4859, 169.727, 0.0162804, -11.8761, 1.04637, 107.759, 1.05828, -72.3258
147, 2.45000, 2.76459, 2.58565, 58.8812, -11.4223, 61.734, 169.736, 0.0163832, -11.7964, 1.04759, 107.685, 1.05965, -72.4006
147, 2.45833, 2.77357, 2.32997, 59.1045, -11.4209, 61.9834, 169.743, 0.016487, -11.7199, 1.04881, 107.61, 1.06102, -72.4759
148, 2.46667, 2.78247, 2.07406, 59.3286, -11.4203, 62.2339, 169.75, 0.0165917, -11.6467, 1.05004, 107.536, 1.06241, -72.5515
149, 2.47500, 2.79131, 1.81801, 59.5534, -11.4205, 62.4856, 169.755, 0.0166975, -11.5768, 1.05128, 107.46, 1.0638, -72.6276
149, 2.48333, 2.80008, 1.56184, 59.779, -11.4214, 62.7385, 169.76, 0.0168042, -11.5103, 1.05252, 107.385, 1.0652, -72.7042
150, 2.49167, 2.80877, 1.30553, 60.0054, -11.4231, 62.9926, 169.764, 0.0169118, -11.4471, 1.05377, 107.309, 1.06661, -72.7812
150, 2.50000, 2.81739, 1.04922, 60.2325, -11.4256, 63.2479, 169.767, 0.0170204, -11.3873, 1.05502, 107.232, 1.06803, -72.8587
150, 2.50833, 2.82593, 0.79289, 60.4604, -11.4289, 63.5044, 169.769, 0.0171299, -11.3309, 1.05628, 107.155, 1.06946, -72.9366
151, 2.51667, 2.8344, 0.536571, 60.6892, -11.4329, 63.7622, 169.77, 0.0172403, -11.278, 1.05755, 107.078, 1.0709, -73.015
152, 2.52500, 2.84279, 0.280368, 60.9186, -11.4378, 64.0212, 169.77, 0.0173516, -11.2284, 1.05882, 107.001, 1.07234, -73.0939
152, 2.53333, 2.85109, 0.0242959, 61.1489, -11.4434, 64.2814, 169.769, 0.0174638, -11.1824, 1.06011, 106.923, 1.0738, -73.1732
153, 2.54167, 2.85932, -0.231625, 61.38, -11.4497, 64.543, 169.768, 0.0175769, -11.1397, 1.06139, 106.844, 1.07527, -73.2531
153, 2.55000, 2.86747, -0.487284, 61.6118, -11.4568, 64.8057, 169.765, 0.0176907, -11.1005, 1.06269, 106.765, 1.07674, -73.3334
153, 2.55833, 2.87553, -0.742659, 61.8444, -11.4647, 65.0697, 169.762, 0.0178054, -11.0648, 1.06399, 106.686, 1.07822, -73.4142
154, 2.56667, 2.88351, -0.997726, 62.0779, -11.4733, 65.335, 169.758, 0.0179209, -11.0325, 1.0653, 106.607, 1.07972, -73.4956
155, 2.57500, 2.8914, -1.25237, 62.3121, -11.4827, 65.6016, 169.752, 0.0180372, -11.0036, 1.06661, 106.527, 1.08122, -73.5774
155, 2.58333, 2.89921, -1.50656, 62.5471, -11.4928, 65.8694, 169.746, 0.0181542, -10.9782, 1.06793, 106.446, 1.08273, -73.6597
156, 2.59167, 2.90693, -1.76028, 62.783, -11.5037, 66.1386, 169.739, 0.0182719, -10.9562, 1.06926, 106.365, 1.08425, -73.7426
156, 2.60000, 2.91457, -2.0134, 63.0196, -11.5153, 66.409, 169.731, 0.0183904, -10.9376, 1.07059, 106.284, 1.08578, -73.826
156, 2.60833, 2.92211, -2.26589, 63.2571, -11.5277, 66.6808, 169.721, 0.0185095, -10.9224, 1.07194, 106.202, 1.08732, -73.9099
157, 2.61667, 2.92958, -2.51772, 63.4954, -11.5408, 66.9539, 169.711, 0.0186293, -10.9106, 1.07328, 106.12, 1.08887, -73.9944
158, 2.62500, 2.93695, -2.76877, 63.7345, -11.5547, 67.2283, 169.7, 0.0187497, -10.9021, 1.07464, 106.038, 1.09043, -74.0794
158, 2.63333, 2.94424, -3.01901, 63.9744, -11.5693, 67.504, 169.688, 0.0188707, -10.8969, 1.076, 105.955, 1.09199, -74.165
159, 2.64167, 2.95144, -3.26839, 64.2152, -11.5846, 67.781, 169.675, 0.0189923, -10.895, 1.07737, 105.872, 1.09357, -74.2511
159, 2.65000, 2.95855, -3.51679, 64.4568, -11.6006, 68.0594, 169.661, 0.0191144, -10.8964, 1.07875, 105.788, 1.09516, -74.3378
159, 2.65833, 2.96558, -3.76419, 64.6992, -11.6174, 68.3391, 169.646, 0.0192371, -10.9009, 1.08013, 105.704, 1.09675, -74.425
160, 2.66667, 2.97252, -4.01052, 64.9425, -11.6349, 68.6203, 169.63, 0.0193602, -10.9087, 1.08152, 105.619, 1.09836, -74.5129
161, 2.67500, 2.97938, -4.25568, 65.1866, -11.6532, 68.9027, 169.613, 0.0194838, -10.9195, 1.08292, 105.534, 1.09998, -74.6013
161, 2.68333, 2.98615, -4.49963, 65.4316, -11.6721, 69.1865, 169.595, 0.0196078, -10.9335, 1.08432, 105.448, 1.1016, -74.6903
162, 2.69167, 2.99284, -4.74231, 65.6775, -11.6918, 69.4717, 169.576, 0.0197323, -10.9504, 1.08574, 105.362, 1.10324, -74.7799
162, 2.70000, 2.99946, -4.98362, 65.9243, -11.7122, 69.7582, 169.556, 0.0198571, -10.9704, 1.08716, 105.276, 1.10488, -74.8701
162, 2.70833, 3.00599, -5.2235, 66.1719, -11.7333, 70.0461, 169.535, 0.0199822, -10.9932, 1.08858, 105.189, 1.10654, -74.9609
163, 2.71667, 3.01245, -5.46191, 66.4204, -11.7552, 70.3355, 169.513, 0.0201077, -11.0189, 1.09002, 105.102, 1.1082, -75.0524
164, 2.72500, 3.01883, -5.69874, 66.6698, -11.7777, 70.6261, 169.489, 0.0202334, -11.0473, 1.09146, 105.014, 1.10987, -75.1444
164, 2.73333, 3.02514, -5.93394, 66.9201, -11.801, 70.9182, 169.465, 0.0203594, -11.0785, 1.09291, 104.926, 1.11156, -75.2371
165, 2.74167, 3.03138, -6.16747, 67.1713, -11.8249, 71.2117, 169.44, 0.0204856, -11.1123, 1.09437, 104.837, 1.11325, -75.3304
165, 2.75000, 3.03755, -6.39921, 67.4234, -11.8496, 71.5065, 169.413, 0.020612, -11.1487, 1.09583, 104.748, 1.11495, -75.4244
165, 2.75833, 3.04366, -6.62913, 67.6765, -11.875, 71.8028, 169.386, 0.0207386, -11.1875, 1.0973, 104.658, 1.11666, -75.519
166, 2.76667, 3.04971, -6.85718, 67.9305, -11.9011, 72.1005, 169.357, 0.0208652, -11.2287, 1.09878, 104.568, 1.11839, -75.6143
167, 2.77500, 3.05571, -7.08326, 68.1854, -11.9279, 72.3995, 169.328, 0.020992, -11.2723, 1.10027, 104.477, 1.12012, -75.7103
167, 2.78333, 3.06165, -7.30733, 68.4412, -11.9554, 72.7, 169.297, 0.0211189, -11.3181, 1.10176, 104.386, 1.12186, -75.8069
168, 2.79167, 3.06754, -7.52935, 68.6981, -11.9836, 73.0019, 169.265, 0.0212458, -11.366, 1.10327, 104.294, 1.12361, -75.9042
168, 2.80000, 3.07339, -7.74922, 68.9559, -12.0125, 73.3051, 169.232, 0.0213727, -11.4159, 1.10478, 104.202, 1.12537, -76.0022
168, 2.80833, 3.0792, -7.96691, 69.2147, -12.0421, 73.6098, 169.198, 0.0214996, -11.4678, 1.1063, 104.11, 1.12714, -76.1008
169, 2.81667, 3.08497, -8.1824, 69.4745, -12.0724, 73.9159, 169.163, 0.0216264, -11.5215, 1.10782, 104.017, 1.12892, -76.2002
170, 2.82500, 3.09071, -8.39558, 69.7353, -12.1035, 74.2234, 169.127, 0.0217532, -11.577, 1.10936, 103.923, 1.13072, -76.3003
170, 2.83333, 3.09643, -8.60645, 69.9971, -12.1352, 74.5323, 169.089, 0.02188, -11.6341, 1.1109, 103.829, 1.13251, -76.4011
171, 2.84167, 3.10214, -8.81497, 70.2599, -12.1677, 74.8427, 169.051, 0.0220066, -11.6927, 1.11245, 103.734, 1.13432, -76.5026
171, 2.85000, 3.10782, -9.02107, 70.5238, -12.2008, 75.1544, 169.011, 0.0221331, -11.7528, 1.11401, 103.639, 1.13614, -76.6048
171, 2.85833, 3.1135, -9.22473, 70.7887, -12.2347, 75.4676, 168.97, 0.0222594, -11.8141, 1.11558, 103.543, 1.13797, -76.7078
172, 2.86667, 3.11919, -9.42596, 71.0547, -12.2693, 75.7822, 168.928, 0.0223856, -11.8767, 1.11716, 103.447, 1.13981, -76.8115
173, 2.87500, 3.12487, -9.62467, 71.3217, -12.3046, 76.0981, 168.885, 0.0225116, -11.9404, 1.11875, 103.351, 1.14166, -76.9159
173, 2.88333, 3.13057, -9.82087, 71.5898, -12.3406, 76.4155, 168.841, 0.0226374, -12.005, 1.12034, 103.253, 1.14352, -77.0211
174, 2.89167, 3.13629, -10.0146, 71.8591, -12.3774, 76.7343, 168.795, 0.022763, -12.0705, 1.12194, 103.155, 1.14538, -77.1271
174, 2.90000, 3.14203, -10.2057, 72.1294, -12.4149, 77.0545, 168.749, 0.0228884, -12.1367, 1.12355, 103.057, 1.14726, -77.2338
174, 2.90833, 3.14781, -10.3943, 72.4008, -12.4531, 77.3761, 168.701, 0.0230135, -12.2036, 1.12517, 102.958, 1.14915, -77.3413
175, 2.91667, 3.15363, -10.5804, 72.6734, -12.492, 77.6992, 168.652, 0.0231385, -12.2709, 1.1268, 102.859, 1.15104, -77.4496
176, 2.92500, 3.1595, -10.764, 72.9472, -12.5317, 78.0236, 168.602, 0.0232632, -12.3387, 1.12844, 102.758, 1.15295, -77.5586
176, 2.93333, 3.16542, -10.945, 73.2221, -12.5721, 78.3494, 168.55, 0.0233876, -12.4068, 1.13009, 102.658, 1.15486, -77.6685
177, 2.94167, 3.17141, -11.1235, 73.4982, -12.6133, 78.6767, 168.498, 0.0235118, -12.475, 1.13174, 102.557, 1.15678, -77.7791
177, 2.95000, 3.17747, -11.2995, 73.7754, -12.6552, 79.0053, 168.444, 0.0236358, -12.5432, 1.13341, 102.455, 1.15872, -77.8905
177, 2.95833, 3.18361, -11.4731, 74.0538, -12.6979, 79.3353, 168.389, 0.0237595, -12.6114, 1.13508, 102.352, 1.16066, -78.0028
178, 2.96667, 3.18984, -11.6443, 74.3335, -12.7413, 79.6667, 168.333, 0.023883, -12.6794, 1.13676, 102.249, 1.16261, -78.1159
179, 2.97500, 3.19617, -11.8131, 74.6144, -12.7856, 79.9995, 168.275, 0.0240063, -12.7471, 1.13845, 102.146, 1.16457, -78.2298
179, 2.98333, 3.2026, -11.9796, 74.8966, -12.8306, 80.3337, 168.217, 0.0241293, -12.8144, 1.14016, 102.041, 1.16654, -78.3445
180, 2.99167, 3.20914, -12.1438, 75.18, -12.8763, 80.6693, 168.157, 0.0242522, -12.8812, 1.14187, 101.936, 1.16852, -78.46
180, 3.00000, 3.2158, -12.3059, 75.4646, -12.9229, 81.0062, 168.096, 0.0243749, -12.9474, 1.14359, 101.831, 1.17051, -78.5764
180, 3.00833, 3.2226, -12.4657, 75.7506, -12.9703, 81.3445, 168.034, 0.0244975, -13.0128, 1.14532, 101.725, 1.1725, -78.6936
181, 3.01667, 3.22953, -12.6236, 76.0378, -13.0185, 81.6842, 167.971, 0.0246199, -13.0774, 1.14706, 101.618, 1.17451, -78.8117
182, 3.02500, 3.2366, -12.7794, 76.3264, -13.0674, 82.0253, 167.906, 0.0247422, -13.1411, 1.14881, 101.51, 1.17653, -78.9307
182, 3.03333, 3.24383, -12.9334, 76.6162, -13.1173, 82.3677, 167.84, 0.0248644, -13.2037, 1.15056, 101.402, 1.17855, -79.0505
183, 3.04167, 3.25122, -13.0855, 76.9074, -13.1679, 82.7116, 167.773, 0.0249866, -13.2653, 1.15233, 101.293, 1.18058, -79.1712
183, 3.05000, 3.25878, -13.236, 77.1999, -13.2194, 83.0567, 167.705, 0.0251087, -13.3256, 1.15411, 101.184, 1.18263, -79.2927
183, 3.05833, 3.26651, -13.3849, 77.4938, -13.2718, 83.4033, 167.635, 0.0252309, -13.3846, 1.1559, 101.074, 1.18468, -79.4151
184, 3.06667, 3.27443, -13.5322, 77.7891, -13.325, 83.7512, 167.565, 0.0253531, -13.4422, 1.1577, 100.963, 1.18674, -79.5384
185, 3.07500, 3.28255, -13.6782, 78.0857, -13.379, 84.1004, 167.493, 0.0254754, -13.4984, 1.1595, 100.851, 1.1888, -79.6627
185, 3.08333, 3.29086, -13.823, 78.3838, -13.434, 84.451, 167.419, 0.0255979, -13.553, 1.16132, 100.739, 1.19088, -79.7878
186, 3.09167, 3.29938, -13.9666, 78.6832, -13.4898, 84.803, 167.345, 0.0257205, -13.6061, 1.16315, 100.626, 1.19297, -79.9138
186, 3.10000, 3.30811, -14.1093, 78.9841, -13.5466, 85.1563, 167.269, 0.0258434, -13.6574, 1.16498, 100.512, 1.19506, -80.0407
186, 3.10833, 3.31706, -14.251, 79.2863, -13.6042, 85.511, 167.192, 0.0259665, -13.707, 1.16683, 100.397, 1.19716, -80.1685
187, 3.11667, 3.32624, -14.3921, 79.5901, -13.6628, 85.867, 167.114, 0.02609, -13.7549, 1.16869, 100.282, 1.19928, -80.2973
188, 3.12500, 3.33565, -14.5326, 79.8952, -13.7223, 86.2244, 167.035, 0.0262139, -13.8009, 1.17055, 100.166, 1.2014, -80.427
188, 3.13333, 3.3453, -14.6726, 80.2018, -13.7828, 86.583, 166.954, 0.0263382, -13.845, 1.17243, 100.049, 1.20352, -80.5576
189, 3.14167, 3.3552, -14.8124, 80.5099, -13.8442, 86.9431, 166.872, 0.026463, -13.8871, 1.17432, 99.9317, 1.20566, -80.6892
189, 3.15000, 3.36534, -14.952, 80.8194, -13.9066, 87.3045, 166.789, 0.0265884, -13.9273, 1.17621, 99.8134, 1.20781, -80.8217
189, 3.15833, 3.37574, -15.0916, 81.1305, -13.9699, 87.6671, 166.705, 0.0267144, -13.9656, 1.17812, 99.6942, 1.20996, -80.9552
190, 3.16667, 3.3864, -15.2314, 81.443, -14.0343, 88.0312, 166.619, 0.0268412, -14.0018, 1.18004, 99.5742, 1.21212, -81.0896
191, 3.17500, 3.39732, -15.3715, 81.757, -14.0997, 88.3966, 166.532, 0.0269686, -14.0359, 1.18196, 99.4534, 1.21429, -81.225
191, 3.18333, 3.40852, -15.5121, 82.0725, -14.166, 88.7633, 166.444, 0.0270969, -14.068, 1.1839, 99.3317, 1.21647, -81.3614
192, 3.19167, 3.41998, -15.6534, 82.3896, -14.2334, 89.1313, 166.355, 0.0272262, -14.0981, 1.18585, 99.2092, 1.21866, -81.4988
192, 3.20000, 3.43173, -15.7954, 82.7081, -14.3019, 89.5007, 166.264, 0.0273563, -14.1261, 1.1878, 99.0859, 1.22085, -81.6371
192, 3.20833, 3.44375, -15.9384, 83.0282, -14.3713, 89.8713, 166.172, 0.0274876, -14.152, 1.18977, 98.9617, 1.22305, -81.7764
193, 3.21667, 3.45605, -16.0825, 83.3498, -14.4419, 90.2434, 166.079, 0.0276199, -14.1759, 1.19175, 98.8366, 1.22526, -81.9168
194, 3.22500, 3.46864, -16.2279, 83.673, -14.5135, 90.6167, 165.985, 0.0277535, -14.1978, 1.19373, 98.7107, 1.22748, -82.0581
194, 3.23333, 3.48152, -16.3747, 83.9976, -14.5862, 90.9914, 165.889, 0.0278883, -14.2176, 1.19573, 98.5838, 1.22971, -82.2005
195, 3.24167, 3.49469, -16.5231, 84.3239, -14.66, 91.3674, 165.792, 0.0280245, -14.2355, 1.19774, 98.4561, 1.23194, -82.3439
195, 3.25000, 3.50815, -16.6732, 84.6517, -14.735, 91.7447, 165.694, 0.0281621, -14.2514, 1.19975, 98.3274, 1.23419, -82.4883
195, 3.25833, 3.5219, -16.8252, 84.981, -14.811, 92.1233, 165.594, 0.0283013, -14.2655, 1.20178, 98.1979, 1.23644, -82.6337
196, 3.26667, 3.53595, -16.9792, 85.3119, -14.8882, 92.5033, 165.493, 0.028442, -14.2776, 1.20382, 98.0674, 1.23869, -82.7802
197, 3.27500, 3.5503, -17.1354, 85.6443, -14.9665, 92.8846, 165.391, 0.0285844, -14.288, 1.20586, 97.9359, 1.24096, -82.9277
197, 3.28333, 3.56494, -17.294, 85.9783, -15.046, 93.2672, 165.288, 0.0287286, -14.2965, 1.20792, 97.8036, 1.24323, -83.0763
198, 3.29167, 3.57988, -17.455, 86.3139, -15.1266, 93.6511, 165.183, 0.0288746, -14.3034, 1.20998, 97.6702, 1.24551, -83.226
198, 3.30000, 3.59512, -17.6186, 86.6511, -15.2085, 94.0364, 165.077, 0.0290225, -14.3087, 1.21206, 97.5359, 1.2478, -83.3767
198, 3.30833, 3.61065, -17.7849, 86.9898, -15.2915, 94.4229, 164.97, 0.0291724, -14.3123, 1.21414, 97.4006, 1.2501, -83.5285
199, 3.31667, 3.62648, -17.9541, 87.3301, -15.3758, 94.8108, 164.861, 0.0293245, -14.3145, 1.21623, 97.2643, 1.2524, -83.6814
200, 3.32500, 3.64261, -18.1263, 87.6719, -15.4612, 95.2, 164.752, 0.0294786, -14.3153, 1.21834, 97.127, 1.25471, -83.8354
200, 3.33333, 3.65903, -18.3017, 88.0153, -15.5479, 95.5905, 164.64, 0.0296351, -14.3147, 1.22045, 96.9887, 1.25703, -83.9905
201, 3.34167, 3.67574, -18.4802, 88.3602, -15.6359, 95.9823, 164.528, 0.0297939, -14.313, 1.22257, 96.8493, 1.25935, -84.1467
201, 3.35000, 3.69275, -18.6622, 88.7067, -15.7251, 96.3754, 164.414, 0.0299551, -14.31, 1.2247, 96.709, 1.26169, -84.3041
201, 3.35833, 3.71005, -18.8476, 89.0548, -15.8155, 96.7698, 164.299, 0.0301188, -14.306, 1.22684, 96.5676, 1.26402, -84.4625
202, 3.36667, 3.72764, -19.0365, 89.4045, -15.9073, 97.1656, 164.182, 0.030285, -14.3011, 1.22899, 96.4251, 1.26637, -84.6221
203, 3.37500, 3.74552, -19.2292, 89.7557, -16.0003, 97.5626, 164.065, 0.030454, -14.2953, 1.23114, 96.2815, 1.26872, -84.7829
203, 3.38333, 3.76368, -19.4256, 90.1084, -16.0946, 97.961, 163.946, 0.0306257, -14.2888, 1.23331, 96.1369, 1.27108, -84.9448
204, 3.39167, 3.78213, -19.6259, 90.4627, -16.1903, 98.3606, 163.825, 0.0308002, -14.2817, 1.23549, 95.9912, 1.27345, -85.1079
204, 3.40000, 3.80086, -19.8302, 90.8185, -16.2872, 98.7616, 163.703, 0.0309776, -14.274, 1.23767, 95.8445, 1.27582, -85.2721
204, 3.40833, 3.81986, -20.0385, 91.1759, -16.3855, 99.1638, 163.58, 0.031158, -14.266, 1.23986, 95.6966, 1.2782, -85.4376
205, 3.41667, 3.83915, -20.251, 91.5348, -16.4852, 99.5674, 163.455, 0.0313415, -14.2576, 1.24206, 95.5475, 1.28058, -85.6042
206, 3.42500, 3.8587, -20.4677, 91.8952, -16.5862, 99.9722, 163.329, 0.0315281, -14.2491, 1.24427, 95.3974, 1.28298, -85.7721
206, 3.43333, 3.87853, -20.6886, 92.2572, -16.6886, 100.378, 163.202, 0.0317179, -14.2406, 1.24649, 95.2461, 1.28537, -85.9411
207, 3.44167, 3.89863, -20.914, 92.6207, -16.7923, 100.786, 163.073, 0.0319111, -14.2322, 1.24871, 95.0937, 1.28778, -86.1114
207, 3.45000, 3.91899, -21.1438, 92.9857, -16.8975, 101.194, 162.943, 0.0321075, -14.224, 1.25094, 94.9401, 1.29019, -86.2829
207, 3.45833, 3.93961, -21.378, 93.3521, -17.004, 101.604, 162.812, 0.0323075, -14.2161, 1.25318, 94.7854, 1.2926, -86.4556
208, 3.46667, 3.96049, -21.6169, 93.7201, -17.112, 102.015, 162.679, 0.0325109, -14.2087, 1.25543, 94.6295, 1.29502, -86.6296
209, 3.47500, 3.98162, -21.8603, 94.0896, -17.2214, 102.428, 162.544, 0.0327179, -14.2019, 1.25769, 94.4723, 1.29745, -86.8049
209, 3.48333, 4.003, -22.1084, 94.4605, -17.3322, 102.841, 162.408, 0.0329286, -14.1959, 1.25995, 94.314, 1.29988, -86.9814
210, 3.49167, 4.02463, -22.3613, 94.8329, -17.4444, 103.256, 162.271, 0.033143, -14.1907, 1.26222, 94.1545, 1.30232, -87.1592
210, 3.50000, 4.04651, -22.6189, 95.2068, -17.5581, 103.673, 162.132, 0.0333611, -14.1865, 1.2645, 93.9938, 1.30476, -87.3383
210, 3.50833, 4.06862, -22.8813, 95.5821, -17.6733, 104.09, 161.992, 0.0335831, -14.1834, 1.26678, 93.8318, 1.30721, -87.5187
211, 3.51667, 4.09098, -23.1486, 95.9589, -17.79, 104.509, 161.851, 0.0338091, -14.1817, 1.26907, 93.6686, 1.30966, -87.7004
212, 3.52500, 4.11356, -23.4207, 96.337, -17.9081, 104.928, 161.708, 0.034039, -14.1813, 1.27137, 93.5041, 1.31211, -87.8835
212, 3.53333, 4.13637, -23.6978, 96.7166, -18.0277, 105.349, 161.563, 0.034273, -14.1824, 1.27367, 93.3384, 1.31458, -88.0678
213, 3.54167, 4.15942, -23.9799, 97.0976, -18.1489, 105.772, 161.417, 0.034511, -14.1852, 1.27598, 93.1714, 1.31704, -88.2536
213, 3.55000, 4.18268, -24.2669, 97.4799, -18.2715, 106.195, 161.269, 0.0347533, -14.1898, 1.2783, 93.0031, 1.31951, -88.4406
213, 3.55833, 4.20615, -24.5589, 97.8637, -18.3957, 106.619, 161.12, 0.0349997, -14.1963, 1.28062, 92.8335, 1.32198, -88.6291
214, 3.56667, 4.22985, -24.856, 98.2488, -18.5214, 107.045, 160.97, 0.0352504, -14.2048, 1.28294, 92.6626, 1.32446, -88.8189
215, 3.57500, 4.25375, -25.1582, 98.6352, -18.6486, 107.472, 160.818, 0.0355055, -14.2155, 1.28528, 92.4904, 1.32694, -89.0101
215, 3.58333, 4.27786, -25.4654, 99.023, -18.7775, 107.9, 160.664, 0.0357649, -14.2286, 1.28761, 92.3169, 1.32942, -89.2027
216, 3.59167, 4.30217, -25.7778, 99.4121, -18.9078, 108.329, 160.509, 0.0360288, -14.244, 1.28996, 92.142, 1.33191, -89.3967
216, 3.60000, 4.32668, -26.0953, 99.8025, -19.0398, 108.759, 160.352, 0.0362971, -14.262, 1.2923, 91.9659, 1.33439, -89.5921
216, 3.60833, 4.35138, -26.4179, 100.194, -19.1733, 109.19, 160.194, 0.03657, -14.2827, 1.29466, 91.7883, 1.33688, -89.789
217, 3.61667, 4.37628, -26.7458, 100.587, -19.3085, 109.623, 160.034, 0.0368475, -14.3061, 1.29701, 91.6094, 1.33938, -89.9873
217, 3.62500, 4.40136, -27.0787, 100.981, -19.4452, 110.056, 159.873, 0.0371295, -14.3324, 1.29937, 91.4291, 1.34187, -90.1871
218, 3.63333, 4.42662, -27.4168, 101.377, -19.5835, 110.49, 159.709, 0.0374163, -14.3618, 1.30174, 91.2474, 1.34437, -90.3883
219, 3.64167, 4.45207, -27.7602, 101.773, -19.7235, 110.926, 159.545, 0.0377078, -14.3943, 1.3041, 91.0643, 1.34687, -90.591
219, 3.65000, 4.47768, -28.1088, 102.171, -19.8651, 111.362, 159.379, 0.038004, -14.43, 1.30648, 90.8799, 1.34937, -90.7952
219, 3.65833, 4.50347, -28.4625, 102.57, -20.0083, 111.799, 159.211, 0.038305, -14.4691, 1.30885, 90.694, 1.35187, -91.0009
220, 3.66667, 4.52942, -28.8215, 102.97, -20.1532, 112.238, 159.041, 0.0386109, -14.5117, 1.31123, 90.5066, 1.35437, -91.2081
221, 3.67500, 4.55554, -29.1857, 103.371, -20.2998, 112.677, 158.87, 0.0389216, -14.5577, 1.31361, 90.3179, 1.35687, -91.4168
221, 3.68333, 4.58182, -29.5552, 103.774, -20.448, 113.117, 158.697, 0.0392373, -14.6075, 1.31599, 90.1277, 1.35937, -91.627
222, 3.69167, 4.60825, -29.9299, 104.177, -20.5979, 113.558, 158.523, 0.0395579, -14.661, 1.31837, 89.936, 1.36187, -91.8388
222, 3.70000, 4.63483, -30.3098, 104.582, -20.7495, 113.999, 158.346, 0.0398834, -14.7184, 1.32076, 89.7429, 1.36437, -92.0521
222, 3.70833, 4.66156, -30.695, 104.987, -20.9027, 114.442, 158.169, 0.0402139, -14.7797, 1.32314, 89.5483, 1.36687, -92.267
223, 3.71667, 4.68843, -31.0854, 105.394, -21.0577, 114.885, 157.989, 0.0405495, -14.845, 1.32553, 89.3522, 1.36936, -92.4835
224, 3.72500, 4.71544, -31.4811, 105.801, -21.2144, 115.329, 157.808, 0.0408902, -14.9145, 1.32792, 89.1546, 1.37186, -92.7016
224, 3.73333, 4.74258, -31.882, 106.209, -21.3729, 115.774, 157.625, 0.0412359, -14.9882, 1.33031, 88.9555, 1.37435, -92.9212
225, 3.74167, 4.76986, -32.2883, 106.619, -21.533, 116.22, 157.44, 0.0415867, -15.0662, 1.33269, 88.7549, 1.37684, -93.1425
225, 3.75000, 4.79726, -32.6997, 107.029, -21.6949, 116.666, 157.254, 0.0419427, -15.1485, 1.33508, 88.5527, 1.37933, -93.3654
225, 3.75833, 4.82479, -33.1164, 107.44, -21.8586, 117.113, 157.065, 0.0423038, -15.2353, 1.33747, 88.3491, 1.38181, -93.5899
226, 3.76667, 4.85244, -33.5384, 107.852, -22.024, 117.56, 156.876, 0.0426701, -15.3266, 1.33986, 88.1438, 1.38429, -93.8161
227, 3.77500, 4.8802, -33.9657, 108.265, -22.1911, 118.008, 156.684, 0.0430416, -15.4226, 1.34224, 87.937, 1.38677, -94.0439
227, 3.78333, 4.90807, -34.3982, 108.678, -22.3601, 118.457, 156.49, 0.0434183, -15.5231, 1.34463, 87.7287, 1.38924, -94.2733
228, 3.79167, 4.93604, -34.836, 109.092, -22.5308, 118.906, 156.295, 0.0438002, -15.6285, 1.34701, 87.5188, 1.39171, -94.5045
228, 3.80000, 4.96412, -35.279, 109.507, -22.7033, 119.355, 156.098, 0.0441874, -15.7386, 1.34939, 87.3073, 1.39417, -94.7373
228, 3.80833, 4.9923, -35.7273, 109.923, -22.8777, 119.805, 155.899, 0.0445797, -15.8536, 1.35176, 87.0942, 1.39663, -94.9718
229, 3.81667, 5.02058, -36.1809, 110.339, -23.0538, 120.255, 155.698, 0.0449774, -15.9735, 1.35413, 86.8795, 1.39907, -95.208
230, 3.82500, 5.04894, -36.6397, 110.756, -23.2317, 120.705, 155.496, 0.0453804, -16.0984, 1.3565, 86.6632, 1.40152, -95.446
230, 3.83333, 5.07738, -37.1037, 111.173, -23.4115, 121.156, 155.292, 0.0457886, -16.2283, 1.35887, 86.4452, 1.40395, -95.6856
231, 3.84167, 5.10592, -37.5731, 111.591, -23.5931, 121.607, 155.085, 0.0462021, -16.3632, 1.36123, 86.2257, 1.40638, -95.927
231, 3.85000, 5.13452, -38.0478, 112.009, -23.7765, 122.058, 154.877, 0.0466208, -16.5034, 1.36358, 86.0045, 1.40879, -96.1701
231, 3.85833, 5.1632, -38.5276, 112.428, -23.9618, 122.509, 154.667, 0.0470449, -16.6486, 1.36593, 85.7816, 1.4112, -96.415
232, 3.86667, 5.19195, -39.0128, 112.847, -24.149, 122.96, 154.456, 0.0474743, -16.7992, 1.36828, 85.5571, 1.4136, -96.6616
233, 3.87500, 5.22076, -39.5032, 113.266, -24.338, 123.412, 154.242, 0.0479089, -16.955, 1.37061, 85.331, 1.41599, -96.91
233, 3.88333, 5.24964, -39.9989, 113.686, -24.5288, 123.863, 154.026, 0.0483488, -17.116, 1.37294, 85.1031, 1.41837, -97.1602
234, 3.89167, 5.27857, -40.4999, 114.106, -24.7216, 124.314, 153.809, 0.048794, -17.2825, 1.37526, 84.8736, 1.42073, -97.4122
234, 3.90000, 5.30754, -41.0061, 114.526, -24.9162, 124.765, 153.59, 0.0492444, -17.4543, 1.37758, 84.6424, 1.42309, -97.6659
234, 3.90833, 5.33657, -41.5176, 114.946, -25.1127, 125.216, 153.368, 0.0497002, -17.6315, 1.37988, 84.4095, 1.42543, -97.9215
235, 3.91667, 5.36563, -42.0344, 115.367, -25.3111, 125.667, 153.145, 0.0501612, -17.8142, 1.38218, 84.1749, 1.42776, -98.1789
236, 3.92500, 5.39474, -42.5564, 115.787, -25.5114, 126.117, 152.92, 0.0506273, -18.0023, 1.38447, 83.9386, 1.43007, -98.4381
236, 3.93333, 5.42387, -43.0837, 116.208, -25.7136, 126.567, 152.693, 0.0510987, -18.196, 1.38675, 83.7006, 1.43237, -98.6991
237, 3.94167, 5.45303, -43.6163, 116.628, -25.9178, 127.016, 152.464, 0.0515754, -18.3951, 1.38901, 83.4608, 1.43466, -98.962
237, 3.95000, 5.48221, -44.1542, 117.048, -26.1238, 127.465, 152.233, 0.0520572, -18.5999, 1.39127, 83.2193, 1.43693, -99.2267
237, 3.95833, 5.51141, -44.6973, 117.468, -26.3318, 127.913, 152, 0.0525442, -18.8101, 1.39351, 82.9761, 1.43918, -99.4932
238, 3.96667, 5.54063, -45.2457, 117.888, -26.5417, 128.361, 151.765, 0.0530363, -19.026, 1.39574, 82.7311, 1.44142, -99.7616
238, 3.97500, 5.56985, -45.7994, 118.308, -26.7535, 128.808, 151.529, 0.0535336, -19.2475, 1.39796, 82.4844, 1.44364, -100.032
239, 3.98333, 5.59907, -46.3583, 118.727, -26.9673, 129.254, 151.29, 0.0540359, -19.4747, 1.40016, 82.2359, 1.44584, -100.304
240, 3.99167, 5.62829, -46.9226, 119.146, -27.183, 129.699, 151.049, 0.0545433, -19.7075, 1.40236, 81.9857, 1.44802, -100.578
240, 4.00000, 5.6575, -47.4921, 119.564, -27.4007, 130.143, 150.806, 0.0550557, -19.9459, 1.40453, 81.7337, 1.45018, -100.854
240, 4.00833, 5.6867, -48.0669, 119.982, -27.6203, 130.586, 150.562, 0.0555731, -20.19, 1.40669, 81.4799, 1.45232, -101.132
241, 4.01667, 5.71588, -48.647, 120.399, -27.8418, 131.028, 150.315, 0.0560955, -20.4398, 1.40883, 81.2243, 1.45444, -101.411
242, 4.02500, 5.74503, -49.2323, 120.816, -28.0653, 131.469, 150.066, 0.0566227, -20.6952, 1.41096, 80.967, 1.45653, -101.693
242, 4.03333, 5.77415, -49.8229, 121.232, -28.2908, 131.909, 149.816, 0.0571549, -20.9564, 1.41307, 80.7079, 1.4586, -101.976
243, 4.04167, 5.80324, -50.4189, 121.647, -28.5183, 132.347, 149.563, 0.0576919, -21.2232, 1.41516, 80.447, 1.46065, -102.262
243, 4.05000, 5.83228, -51.0201, 122.061, -28.7477, 132.784, 149.308, 0.0582336, -21.4958, 1.41724, 80.1843, 1.46268, -102.549
243, 4.05833, 5.86128, -51.6265, 122.475, -28.9791, 133.22, 149.051, 0.0587801, -21.7741, 1.41929, 79.9198, 1.46467, -102.838
244, 4.06667, 5.89023, -52.2383, 122.887, -29.2125, 133.653, 148.793, 0.0593313, -22.0581, 1.42132, 79.6534, 1.46665, -103.129
245, 4.07500, 5.91911, -52.8553, 123.298, -29.4478, 134.085, 148.532, 0.0598871, -22.3477, 1.42333, 79.3853, 1.46859, -103.422
245, 4.08333, 5.94793, -53.4777, 123.708, -29.6851, 134.516, 148.269, 0.0604475, -22.6431, 1.42532, 79.1154, 1.47051, -103.717
246, 4.09167, 5.97668, -54.1053, 124.117, -29.9244, 134.944, 148.004, 0.0610124, -22.9442, 1.42729, 78.8437, 1.4724, -104.014
246, 4.10000, 6.00535, -54.7382, 124.524, -30.1656, 135.37, 147.738, 0.0615818, -23.251, 1.42924, 78.5702, 1.47425, -104.312
246, 4.10833, 6.03394, -55.3763, 124.93, -30.4088, 135.795, 147.469, 0.0621555, -23.5635, 1.43116, 78.2948, 1.47608, -104.613
247, 4.11667, 6.06244, -56.0198, 125.335, -30.654, 136.217, 147.198, 0.0627336, -23.8817, 1.43305, 78.0177, 1.47788, -104.915
248, 4.12500, 6.09084, -56.6685, 125.738, -30.9012, 136.637, 146.925, 0.0633158, -24.2055, 1.43492, 77.7387, 1.47964, -105.22
248, 4.13333, 6.11914, -57.3225, 126.139, -31.1503, 137.054, 146.65, 0.0639023, -24.535, 1.43677, 77.4579, 1.48137, -105.526
249, 4.14167, 6.14733, -57.9818, 126.539, -31.4015, 137.469, 146.374, 0.0644928, -24.8703, 1.43858, 77.1753, 1.48306, -105.834
249, 4.15000, 6.1754, -58.6464, 126.937, -31.6545, 137.882, 146.095, 0.0650874, -25.2111, 1.44037, 76.8909, 1.48472, -106.145
249, 4.15833, 6.20335, -59.3162, 127.333, -31.9096, 138.292, 145.814, 0.0656858, -25.5575, 1.44214, 76.6048, 1.48635, -106.457
250, 4.16667, 6.23117, -59.9913, 127.727, -32.1666, 138.699, 145.531, 0.0662882, -25.9097, 1.44387, 76.3167, 1.48794, -106.771
251, 4.17500, 6.25885, -60.6716, 128.119, -32.4256, 139.103, 145.246, 0.0668942, -26.2674, 1.44557, 76.0269, 1.48948, -107.086
251, 4.18333, 6.28639, -61.3572, 128.509, -32.6865, 139.504, 144.96, 0.0675039, -26.6306, 1.44724, 75.7353, 1.49099, -107.404
252, 4.19167, 6.31378, -62.0481, 128.896, -32.9494, 139.902, 144.671, 0.0681173, -26.9995, 1.44888, 75.4419, 1.49246, -107.724
252, 4.20000, 6.34102, -62.7441, 129.281, -33.2142, 140.297, 144.38, 0.068734, -27.3739, 1.45048, 75.1467, 1.49389, -108.045
252, 4.20833, 6.36808, -63.4454, 129.664, -33.4809, 140.688, 144.087, 0.069354, -27.7539, 1.45205, 74.8497, 1.49528, -108.369
253, 4.21667, 6.39498, -64.152, 130.044, -33.7497, 141.076, 143.793, 0.0699774, -28.1394, 1.45359, 74.5509, 1.49662, -108.694
254, 4.22500, 6.4217, -64.8638, 130.422, -34.0203, 141.461, 143.496, 0.0706039, -28.5304, 1.45509, 74.2504, 1.49792, -109.021
254, 4.23333, 6.44823, -65.5808, 130.797, -34.2928, 141.842, 143.197, 0.0712334, -28.9268, 1.45656, 73.948, 1.49918, -109.35
255, 4.24167, 6.47457, -66.303, 131.169, -34.5673, 142.219, 142.897, 0.0718658, -29.3287, 1.45799, 73.6439, 1.50039, -109.681
255, 4.25000, 6.5007, -67.0304, 131.538, -34.8436, 142.592, 142.595, 0.072501, -29.736, 1.45938, 73.3381, 1.50155, -110.013
255, 4.25833, 6.52663, -67.763, 131.904, -35.1219, 142.961, 142.29, 0.0731389, -30.1487, 1.46073, 73.0305, 1.50266, -110.348
256, 4.26667, 6.55234, -68.5008, 132.267, -35.4021, 143.326, 141.984, 0.0737793, -30.5669, 1.46204, 72.7211, 1.50373, -110.684
257, 4.27500, 6.57783, -69.2437, 132.627, -35.6841, 143.687, 141.676, 0.0744221, -30.9903, 1.46332, 72.41, 1.50475, -111.022
257, 4.28333, 6.60309, -69.9918, 132.983, -35.968, 144.043, 141.366, 0.0750672, -31.419, 1.46455, 72.0972, 1.50571, -111.362
258, 4.29167, 6.62811, -70.745, 133.337, -36.2537, 144.395, 141.054, 0.0757145, -31.8531, 1.46574, 71.7826, 1.50663, -111.703
258, 4.30000, 6.65289, -71.5034, 133.686, -36.5413, 144.742, 140.74, 0.0763637, -32.2923, 1.46688, 71.4664, 1.50749, -112.047
258, 4.30833, 6.67741, -72.2668, 134.032, -36.8307, 145.085, 140.425, 0.0770148, -32.7368, 1.46798, 71.1485, 1.50829, -112.392
259, 4.31667, 6.70167, -73.0354, 134.374, -37.122, 145.422, 140.107, 0.0776676, -33.1865, 1.46904, 70.8288, 1.50905, -112.738
260, 4.32500, 6.72566, -73.809, 134.712, -37.415, 145.755, 139.788, 0.0783219, -33.6413, 1.47005, 70.5075, 1.50974, -113.087
260, 4.33333, 6.74937, -74.5877, 135.047, -37.7099, 146.083, 139.467, 0.0789777, -34.1013, 1.47102, 70.1846, 1.51038, -113.437
261, 4.34167, 6.7728, -75.3715, 135.377, -38.0065, 146.405, 139.145, 0.0796347, -34.5663, 1.47193, 69.86, 1.51097, -113.789
261, 4.35000, 6.79594, -76.1603, 135.704, -38.3049, 146.722, 138.82, 0.0802928, -35.0364, 1.4728, 69.5338, 1.51149, -114.142
261, 4.35833, 6.81878, -76.954, 136.025, -38.605, 147.034, 138.494, 0.0809518, -35.5114, 1.47362, 69.2059, 1.51196, -114.498
262, 4.36667, 6.84132, -77.7528, 136.343, -38.9068, 147.34, 138.166, 0.0816116, -35.9915, 1.47439, 68.8765, 1.51236, -114.854
263, 4.37500, 6.86353, -78.5565, 136.656, -39.2104, 147.64, 137.837, 0.0822719, -36.4764, 1.47511, 68.5455, 1.51271, -115.213
263, 4.38333, 6.88543, -79.3651, 136.965, -39.5156, 147.934, 137.505, 0.0829327, -36.9663, 1.47578, 68.2129, 1.51299, -115.573
264, 4.39167, 6.907, -80.1787, 137.269, -39.8225, 148.223, 137.172, 0.0835937, -37.461, 1.4764, 67.8787, 1.51321, -115.934
264, 4.40000, 6.92823, -80.9972, 137.568, -40.1311, 148.505, 136.838, 0.0842548, -37.9604, 1.47696, 67.5431, 1.51336, -116.297
264, 4.40833, 6.94912, -81.8204, 137.862, -40.4413, 148.782, 136.502, 0.0849157, -38.4646, 1.47746, 67.2059, 1.51345, -116.661
265, 4.41667, 6.96965, -82.6486, 138.152, -40.7531, 149.052, 136.164, 0.0855764, -38.9736, 1.47792, 66.8672, 1.51347, -117.027
265, 4.42500, 6.98983, -83.4816, 138.436, -41.0665, 149.315, 135.825, 0.0862365, -39.4871, 1.47831, 66.5271, 1.51343, -117.395
266, 4.43333, 7.00964, -84.3192, 138.715, -41.3815, 149.572, 135.484, 0.0868959, -40.0052, 1.47866, 66.1855, 1.51332, -117.764
267, 4.44167, 7.02908, -85.1618, 138.989, -41.6981, 149.823, 135.142, 0.0875546, -40.528, 1.47894, 65.8425, 1.51315, -118.134
267, 4.45000, 7.04814, -86.0089, 139.257, -42.0161, 150.067, 134.799, 0.088212, -41.0552, 1.47916, 65.4981, 1.5129, -118.505
267, 4.45833, 7.06681, -86.8607, 139.52, -42.3356, 150.303, 134.454, 0.0888683, -41.5869, 1.47933, 65.1523, 1.51258, -118.878
268, 4.46667, 7.08509, -87.7172, 139.777, -42.6567, 150.533, 134.107, 0.0895231, -42.123, 1.47944, 64.8051, 1.5122, -119.253
269, 4.47500, 7.10297, -88.5783, 140.029, -42.9791, 150.756, 133.759, 0.0901762, -42.6634, 1.47948, 64.4566, 1.51174, -119.628
269, 4.48333, 7.12044, -89.4439, 140.275, -43.303, 150.972, 133.41, 0.0908274, -43.2081, 1.47947, 64.1068, 1.51121, -120.005
270, 4.49167, 7.1375, -90.3141, 140.515, -43.6283, 151.18, 133.06, 0.0914766, -43.7571, 1.4794, 63.7556, 1.51061, -120.383
270, 4.50000, 7.15414, -91.1888, 140.748, -43.9549, 151.381, 132.708, 0.0921235, -44.3103, 1.47926, 63.4033, 1.50994, -120.762
270, 4.50833, 7.17035, -92.0679, 140.976, -44.2829, 151.574, 132.355, 0.0927679, -44.8675, 1.47906, 63.0497, 1.50919, -121.142
271, 4.51667, 7.18614, -92.9514, 141.198, -44.6123, 151.76, 132.001, 0.0934097, -45.4289, 1.47879, 62.6949, 1.50837, -121.524
272, 4.52500, 7.20148, -93.8393, 141.414, -44.9428, 151.938, 131.645, 0.0940484, -45.9942, 1.47847, 62.3389, 1.50747, -121.906
272, 4.53333, 7.21638, -94.7315, 141.623, -45.2746, 152.109, 131.289, 0.0946841, -46.5634, 1.47807, 61.9818, 1.5065, -122.29
273, 4.54167, 7.23084, -95.628, 141.826, -45.6077, 152.271, 130.931, 0.0953165, -47.1366, 1.47762, 61.6235, 1.50546, -122.675
273, 4.55000, 7.24484, -96.5287, 142.022, -45.942, 152.426, 130.572, 0.0959453, -47.7136, 1.47709, 61.2642, 1.50433, -123.06
273, 4.55833, 7.25838, -97.4335, 142.211, -46.2774, 152.572, 130.213, 0.0965703, -48.2943, 1.4765, 60.9038, 1.50313, -123.447
274, 4.56667, 7.27146, -98.3426, 142.394, -46.6139, 152.711, 129.852, 0.0971914, -48.8788, 1.47585, 60.5423, 1.50185, -123.834
275, 4.57500, 7.28406, -99.2557, 142.571, -46.9515, 152.841, 129.49, 0.0978083, -49.4668, 1.47512, 60.1799, 1.5005, -124.222
275, 4.58333, 7.2962, -100.173, 142.74, -47.2902, 152.963, 129.128, 0.0984207, -50.0584, 1.47433, 59.8166, 1.49907, -124.612
276, 4.59167, 7.30786, -101.094, 142.902, -47.63, 153.076, 128.764, 0.0990286, -50.6535, 1.47347, 59.4522, 1.49756, -125.001
276, 4.60000, 7.31903, -102.019, 143.058, -47.9706, 153.182, 128.4, 0.0996317, -51.252, 1.47254, 59.087, 1.49597, -125.392
276, 4.60833, 7.32972, -102.948, 143.206, -48.3123, 153.278, 128.035, 0.10023, -51.8539, 1.47155, 58.7209, 1.4943, -125.783
277, 4.61667, 7.33993, -103.881, 143.348, -48.6549, 153.366, 127.669, 0.100822, -52.4591, 1.47048, 58.3539, 1.49256, -126.175
278, 4.62500, 7.34964, -104.817, 143.482, -48.9984, 153.446, 127.303, 0.10141, -53.0674, 1.46935, 57.9862, 1.49073, -126.568
278, 4.63333, 7.35885, -105.757, 143.609, -49.3427, 153.517, 126.936, 0.101991, -53.6789, 1.46814, 57.6178, 1.48883, -126.961
279, 4.64167, 7.36757, -106.701, 143.728, -49.6879, 153.579, 126.568, 0.102567, -54.2936, 1.46687, 57.2485, 1.48684, -127.355
279, 4.65000, 7.37578, -107.648, 143.84, -50.0338, 153.632, 126.2, 0.103136, -54.9112, 1.46552, 56.8786, 1.48478, -127.749
279, 4.65833, 7.38349, -108.599, 143.945, -50.3804, 153.677, 125.831, 0.1037, -55.5317, 1.4641, 56.5081, 1.48264, -128.144
280, 4.66667, 7.3907, -109.553, 144.042, -50.7278, 153.713, 125.461, 0.104257, -56.1551, 1.46262, 56.1368, 1.48042, -128.539
281, 4.67500, 7.3974, -110.511, 144.132, -51.0758, 153.739, 125.091, 0.104807, -56.7812, 1.46106, 55.7651, 1.47812, -128.934
281, 4.68333, 7.40359, -111.472, 144.214, -51.4244, 153.757, 124.721, 0.10535, -57.4101, 1.45943, 55.3928, 1.47574, -129.33
282, 4.69167, 7.40927, -112.436, 144.289, -51.7737, 153.766, 124.351, 0.105886, -58.0416, 1.45773, 55.0199, 1.47328, -129.726
282, 4.70000, 7.41444, -113.404, 144.356, -52.1235, 153.766, 123.98, 0.106414, -58.6756, 1.45597, 54.6466, 1.47074, -130.122
282, 4.70833, 7.4191, -114.374, 144.415, -52.4737, 153.757, 123.609, 0.106936, -59.3121, 1.45412, 54.2729, 1.46813, -130.519
283, 4.71667, 7.42325, -115.348, 144.467, -52.8245, 153.739, 123.237, 0.107449, -59.951, 1.45221, 53.8987, 1.46544, -130.915
284, 4.72500, 7.42688, -116.324, 144.511, -53.1757, 153.712, 122.866, 0.107955, -60.5922, 1.45023, 53.5243, 1.46266, -131.312
284, 4.73333, 7.43001, -117.304, 144.547, -53.5273, 153.676, 122.494, 0.108452, -61.2357, 1.44818, 53.1495, 1.45981, -131.708
285, 4.74167, 7.43262, -118.286, 144.575, -53.8792, 153.631, 122.122, 0.108942, -61.8813, 1.44605, 52.7743, 1.45689, -132.105
285, 4.75000, 7.43472, -119.271, 144.596, -54.2315, 153.577, 121.75, 0.109423, -62.529, 1.44386, 52.399, 1.45389, -132.502
285, 4.75833, 7.43631, -120.258, 144.608, -54.5839, 153.514, 121.379, 0.109895, -63.1787, 1.4416, 52.0235, 1.45081, -132.898
286, 4.76667, 7.4374, -121.249, 144.613, -54.9367, 153.442, 121.007, 0.110359, -63.8304, 1.43926, 51.6478, 1.44765, -133.295
287, 4.77500, 7.43798, -122.242, 144.61, -55.2896, 153.361, 120.635, 0.110813, -64.4838, 1.43686, 51.272, 1.44442, -133.691
287, 4.78333, 7.43805, -123.237, 144.599, -55.6427, 153.271, 120.264, 0.111259, -65.139, 1.43438, 50.8961, 1.44111, -134.087
288, 4.79167, 7.43762, -124.235, 144.58, -55.9959, 153.171, 119.892, 0.111695, -65.796, 1.43184, 50.5201, 1.43773, -134.483
288, 4.80000, 7.43669, -125.234, 144.553, -56.3491, 153.063, 119.521, 0.112122, -66.4545, 1.42923, 50.1442, 1.43428, -134.878
288, 4.80833, 7.43527, -126.237, 144.519, -56.7024, 152.947, 119.151, 0.112539, -67.1145, 1.42654, 49.7683, 1.43075, -135.273
289, 4.81667, 7.43335, -127.241, 144.476, -57.0556, 152.821, 118.78, 0.112947, -67.776, 1.42379, 49.3924, 1.42716, -135.667
290, 4.82500, 7.43094, -128.247, 144.426, -57.4088, 152.686, 118.41, 0.113345, -68.4388, 1.42098, 49.0167, 1.42349, -136.062
290, 4.83333, 7.42804, -129.255, 144.368, -57.7619, 152.543, 118.04, 0.113733, -69.1029, 1.41809, 48.6411, 1.41975, -136.455
291, 4.84167, 7.42466, -130.266, 144.302, -58.1149, 152.391, 117.671, 0.114111, -69.7682, 1.41514, 48.2657, 1.41593, -136.848
291, 4.85000, 7.42081, -131.278, 144.228, -58.4677, 152.23, 117.303, 0.114479, -70.4346, 1.41212, 47.8906, 1.41206, -137.241
291, 4.85833, 7.41648, -132.291, 144.147, -58.8202, 152.06, 116.934, 0.114836, -71.102, 1.40904, 47.5157, 1.40811, -137.632
292, 4.86667, 7.41168, -133.307, 144.058, -59.1726, 151.882, 116.567, 0.115183, -71.7705, 1.40589, 47.1411, 1.40409, -138.023
293, 4.87500, 7.40641, -134.324, 143.961, -59.5245, 151.696, 116.2, 0.11552, -72.4397, 1.40268, 46.7669, 1.40001, -138.414
293, 4.88333, 7.40069, -135.342, 143.856, -59.8762, 151.501, 115.834, 0.115846, -73.1097, 1.3994, 46.3931, 1.39586, -138.803
294, 4.89167, 7.39451, -136.362, 143.744, -60.2275, 151.297, 115.469, 0.116161, -73.7806, 1.39606, 46.0196, 1.39165, -139.192
294, 4.90000, 7.38789, -137.383, 143.624, -60.5784, 151.086, 115.104, 0.116466, -74.452, 1.39266, 45.6467, 1.38738, -139.58
294, 4.90833, 7.38082, -138.405, 143.496, -60.9288, 150.866, 114.74, 0.116759, -75.1239, 1.38919, 45.2743, 1.38304, -139.967
295, 4.91667, 7.37331, -139.428, 143.361, -61.2788, 150.638, 114.377, 0.117042, -75.7964, 1.38567, 44.9023, 1.37864, -140.353
296, 4.92500, 7.36538, -140.453, 143.219, -61.6282, 150.401, 114.015, 0.117314, -76.4692, 1.38208, 44.531, 1.37418, -140.738
296, 4.93333, 7.35703, -141.478, 143.069, -61.977, 150.157, 113.654, 0.117575, -77.1423, 1.37843, 44.1603, 1.36966, -141.122
297, 4.94167, 7.34826, -142.505, 142.912, -62.3253, 149.905, 113.294, 0.117824, -77.8157, 1.37472, 43.7902, 1.36509, -141.505
297, 4.95000, 7.33908, -143.532, 142.747, -62.6728, 149.645, 112.935, 0.118063, -78.4893, 1.37096, 43.4208, 1.36046, -141.887
297, 4.95833, 7.3295, -144.559, 142.575, -63.0197, 149.378, 112.577, 0.11829, -79.1628, 1.36714, 43.0521, 1.35577, -142.268
298, 4.96667, 7.31952, -145.588, 142.396, -63.3659, 149.103, 112.22, 0.118506, -79.8365, 1.36326, 42.6842, 1.35102, -142.647
299, 4.97500, 7.30916, -146.617, 142.21, -63.7114, 148.82, 111.864, 0.118711, -80.5101, 1.35933, 42.3171, 1.34623, -143.025
299, 4.98333, 7.29841, -147.646, 142.017, -64.056, 148.53, 111.51, 0.118904, -81.1835, 1.35534, 41.9508, 1.34138, -143.402
300, 4.99167, 7.2873, -148.675, 141.817, -64.3999, 148.233, 111.156, 0.119086, -81.8567, 1.3513, 41.5853, 1.33648, -143.778
300, 5.00000, 7.27582, -149.705, 141.61, -64.7428, 147.928, 110.804, 0.119257, -82.5296, 1.3472, 41.2208, 1.33153, -144.152
300, 5.00833, 7.26399, -150.735, 141.396, -65.0849, 147.617, 110.454, 0.119417, -83.2021, 1.34305, 40.8572, 1.32653, -144.525
301, 5.01667, 7.25181, -151.766, 141.175, -65.4261, 147.298, 110.104, 0.119565, -83.8743, 1.33885, 40.4945, 1.32149, -144.897
302, 5.02500, 7.2393, -152.796, 140.947, -65.7662, 146.973, 109.756, 0.119702, -84.5458, 1.33461, 40.1328, 1.3164, -145.267
302, 5.03333, 7.22645, -153.826, 140.713, -66.1054, 146.641, 109.409, 0.119828, -85.2168, 1.33031, 39.7722, 1.31126, -145.635
303, 5.04167, 7.21328, -154.856, 140.473, -66.4436, 146.302, 109.064, 0.119943, -85.8872, 1.32596, 39.4126, 1.30608, -146.002
303, 5.05000, 7.19979, -155.885, 140.226, -66.7808, 145.957, 108.72, 0.120046, -86.5568, 1.32157, 39.0541, 1.30086, -146.368
303, 5.05833, 7.18601, -156.914, 139.972, -67.1168, 145.605, 108.378, 0.120138, -87.2256, 1.31713, 38.6967, 1.2956, -146.732
304, 5.06667, 7.17192, -157.943, 139.713, -67.4517, 145.248, 108.037, 0.120219, -87.8937, 1.31265, 38.3405, 1.2903, -147.094
305, 5.07500, 7.15756, -158.971, 139.447, -67.7855, 144.884, 107.698, 0.120289, -88.5607, 1.30812, 37.9854, 1.28496, -147.455
305, 5.08333, 7.14291, -159.999, 139.175, -68.1181, 144.514, 107.36, 0.120348, -89.2268, 1.30355, 37.6316, 1.27959, -147.814
306, 5.09167, 7.12799, -161.026, 138.897, -68.4495, 144.138, 107.024, 0.120396, -89.8918, 1.29893, 37.279, 1.27418, -148.171
306, 5.10000, 7.11282, -162.052, 138.613, -68.7796, 143.756, 106.69, 0.120432, -90.5557, 1.29428, 36.9276, 1.26873, -148.527
306, 5.10833, 7.09739, -163.077, 138.323, -69.1085, 143.369, 106.357, 0.120458, -91.2184, 1.28959, 36.5776, 1.26326, -148.881
307, 5.11667, 7.08172, -164.102, 138.028, -69.4361, 142.976, 106.026, 0.120473, -91.8799, 1.28485, 36.2288, 1.25775, -149.233
308, 5.12500, 7.06582, -165.125, 137.727, -69.7624, 142.578, 105.697, 0.120478, -92.54, 1.28008, 35.8814, 1.25221, -149.583
308, 5.13333, 7.04969, -166.147, 137.42, -70.0874, 142.175, 105.369, 0.120472, -93.1987, 1.27528, 35.5354, 1.24664, -149.932
309, 5.14167, 7.03335, -167.168, 137.108, -70.411, 141.767, 105.044, 0.120455, -93.8562, 1.27043, 35.1907, 1.24104, -150.278
309, 5.15000, 7.0168, -168.188, 136.791, -70.7332, 141.353, 104.72, 0.120427, -94.512, 1.26555, 34.8475, 1.23542, -150.623
309, 5.15833, 7.00006, -169.206, 136.468, -71.0539, 140.935, 104.397, 0.12039, -95.1663, 1.26064, 34.5057, 1.22977, -150.966
310, 5.16667, 6.98313, -170.223, 136.141, -71.3733, 140.512, 104.077, 0.120342, -95.8191, 1.2557, 34.1654, 1.2241, -151.307
311, 5.17500, 6.96601, -171.238, 135.808, -71.6912, 140.085, 103.759, 0.120283, -96.4701, 1.25072, 33.8265, 1.21841, -151.646
311, 5.18333, 6.94873, -172.251, 135.47, -72.0075, 139.653, 103.442, 0.120215, -97.1195, 1.24572, 33.4892, 1.21269, -151.983
312, 5.19167, 6.93128, -173.263, 135.128, -72.3224, 139.216, 103.127, 0.120137, -97.7671, 1.24068, 33.1534, 1.20696, -152.318
312, 5.20000, 6.91369, -174.274, 134.781, -72.6358, 138.776, 102.815, 0.120049, -98.4129, 1.23562, 32.8192, 1.2012, -152.651
312, 5.20833, 6.89594, -175.282, 134.429, -72.9476, 138.331, 102.504, 0.119951, -99.0568, 1.23053, 32.4865, 1.19543, -152.982
313, 5.21667, 6.87806, -176.288, 134.072, -73.2579, 137.883, 102.195, 0.119843, -99.6989, 1.22541, 32.1554, 1.18964, -153.311
314, 5.22500, 6.86005, -177.292, 133.712, -73.5665, 137.43, 101.888, 0.119726, -100.339, 1.22027, 31.826, 1.18384, -153.638
314, 5.23333, 6.84193, -178.295, 133.347, -73.8736, 136.974, 101.583, 0.1196, -100.977, 1.21511, 31.4981, 1.17802, -153.962
315, 5.24167, 6.82369, -179.295, 132.977, -74.179, 136.515, 101.28, 0.119464, -101.613, 1.20992, 31.1719, 1.17219, -154.285
315, 5.25000, 6.80535, 179.707, 132.604, -74.4828, 136.052, 100.979, 0.119319, -102.247, 1.20471, 30.8474, 1.16635, -154.606
315, 5.25833, 6.78691, 178.712, 132.227, -74.7849, 135.586, 100.68, 0.119166, -102.879, 1.19948, 30.5245, 1.1605, -154.925
316, 5.26667, 6.76838, 177.719, 131.845, -75.0854, 135.116, 100.383, 0.119003, -103.508, 1.19423, 30.2034, 1.15464, -155.241
317, 5.27500, 6.74978, 176.728, 131.46, -75.3841, 134.644, 100.088, 0.118832, -104.136, 1.18896, 29.8839, 1.14877, -155.555
317, 5.28333, 6.7311, 175.74, 131.071, -75.6812, 134.168, 99.7957, 0.118652, -104.761, 1.18367, 29.5662, 1.14289, -155.868
318, 5.29167, 6.71236, 174.754, 130.679, -75.9765, 133.69, 99.5049, 0.118463, -105.383, 1.17837, 29.2502, 1.13701, -156.178
318, 5.30000, 6.69356, 173.771, 130.283, -76.2701, 133.209, 99.2163, 0.118267, -106.004, 1.17304, 28.936, 1.13112, -156.485
318, 5.30833, 6.67472, 172.791, 129.884, -76.562, 132.725, 98.9298, 0.118062, -106.622, 1.16771, 28.6236, 1.12523, -156.791
319, 5.31667, 6.65582, 171.814, 129.481, -76.8521, 132.239, 98.6454, 0.117849, -107.238, 1.16236, 28.3129, 1.11933, -157.095
320, 5.32500, 6.6369, 170.84, 129.076, -77.1404, 131.751, 98.363, 0.117629, -107.851, 1.157, 28.0041, 1.11344, -157.396
320, 5.33333, 6.61794, 169.868, 128.667, -77.4269, 131.26, 98.0828, 0.1174, -108.461, 1.15162, 27.697, 1.10754, -157.695
321, 5.34167, 6.59896, 168.9, 128.255, -77.7117, 130.767, 97.8047, 0.117164, -109.07, 1.14624, 27.3918, 1.10164, -157.992
321, 5.35000, 6.57997, 167.934, 127.84, -77.9946, 130.273, 97.5287, 0.116921, -109.675, 1.14084, 27.0884, 1.09574, -158.287
321, 5.35833, 6.56097, 166.972, 127.423, -78.2758, 129.776, 97.2549, 0.116671, -110.278, 1.13544, 26.7868, 1.08985, -158.58
322, 5.36667, 6.54196, 166.013, 127.003, -78.5551, 129.277, 96.9832, 0.116413, -110.879, 1.13002, 26.4871, 1.08395, -158.87
323, 5.37500, 6.52296, 165.057, 126.58, -78.8325, 128.777, 96.7136, 0.116149, -111.477, 1.1246, 26.1892, 1.07806, -159.158
323, 5.38333, 6.50396, 164.104, 126.155, -79.1081, 128.276, 96.4462, 0.115877, -112.072, 1.11917, 25.8932, 1.07218, -159.444
324, 5.39167, 6.48498, 163.155, 125.727, -79.3819, 127.772, 96.1809, 0.1156, -112.664, 1.11374, 25.5991, 1.0663, -159.728
324, 5.40000, 6.46602, 162.21, 125.297, -79.6538, 127.268, 95.9178, 0.115315, -113.254, 1.1083, 25.3069, 1.06042, -160.009
324, 5.40833, 6.44709, 161.267, 124.865, -79.9238, 126.762, 95.6568, 0.115025, -113.841, 1.10286, 25.0165, 1.05456, -160.288
325, 5.41667, 6.42818, 160.329, 124.43, -80.192, 126.255, 95.398, 0.114728, -114.425, 1.09741, 24.728, 1.0487, -160.565
326, 5.42500, 6.40932, 159.394, 123.994, -80.4583, 125.746, 95.1413, 0.114425, -115.006, 1.09196, 24.4415, 1.04285, -160.84
326, 5.43333, 6.39049, 158.462, 123.555, -80.7226, 125.237, 94.8868, 0.114116, -115.585, 1.08651, 24.1569, 1.03701, -161.113
327, 5.44167, 6.37171, 157.534, 123.115, -80.9852, 124.727, 94.6344, 0.113802, -116.161, 1.08106, 23.8741, 1.03118, -161.383
327, 5.45000, 6.35298, 156.61, 122.673, -81.2458, 124.216, 94.3842, 0.113482, -116.734, 1.07561, 23.5934, 1.02536, -161.651
327, 5.45833, 6.33431, 155.69, 122.229, -81.5044, 123.704, 94.1361, 0.113157, -117.304, 1.07015, 23.3145, 1.01955, -161.917
328, 5.46667, 6.31569, 154.774, 121.784, -81.7613, 123.192, 93.8902, 0.112826, -117.871, 1.0647, 23.0375, 1.01375, -162.181
329, 5.47500, 6.29714, 153.861, 121.337, -82.0161, 122.679, 93.6464, 0.112491, -118.435, 1.05926, 22.7625, 1.00797, -162.442
329, 5.48333, 6.27866, 152.953, 120.889, -82.2691, 122.166, 93.4048, 0.11215, -118.997, 1.05381, 22.4895, 1.0022, -162.701
330, 5.49167, 6.26024, 152.048, 120.439, -82.5202, 121.652, 93.1652, 0.111805, -119.555, 1.04837, 22.2183, 0.996438, -162.958
330, 5.50000, 6.24191, 151.148, 119.988, -82.7693, 121.138, 92.9279, 0.111455, -120.111, 1.04293, 21.9491, 0.990696, -163.213
330, 5.50833, 6.22365, 150.252, 119.536, -83.0165, 120.624, 92.6927, 0.111101, -120.663, 1.0375, 21.6819, 0.984969, -163.466
331, 5.51667, 6.20548, 149.359, 119.082, -83.2618, 120.109, 92.4596, 0.110742, -121.213, 1.03207, 21.4166, 0.979258, -163.716
332, 5.52500, 6.18739, 148.471, 118.628, -83.5052, 119.595, 92.2286, 0.110379, -121.76, 1.02665, 21.1532, 0.973563, -163.964
332, 5.53333, 6.16939, 147.587, 118.173, -83.7466, 119.08, 91.9998, 0.110012, -122.303, 1.02123, 20.8918, 0.967885, -164.21
333, 5.54167, 6.15148, 146.707, 117.716, -83.9862, 118.566, 91.7731, 0.109641, -122.844, 1.01582, 20.6323, 0.962224, -164.454
333, 5.55000, 6.13367, 145.832, 117.259, -84.2238, 118.052, 91.5485, 0.109266, -123.382, 1.01042, 20.3748, 0.956582, -164.696
333, 5.55833, 6.11595, 144.961, 116.801, -84.4594, 117.537, 91.326, 0.108888, -123.916, 1.00503, 20.1193, 0.950957, -164.935
334, 5.56667, 6.09834, 144.094, 116.343, -84.6932, 117.023, 91.1056, 0.108506, -124.448, 0.999649, 19.8657, 0.945351, -165.172
335, 5.57500, 6.08082, 143.231, 115.883, -84.925, 116.51, 90.8873, 0.108121, -124.977, 0.994276, 19.614, 0.939765, -165.408
335, 5.58333, 6.06342, 142.373, 115.424, -85.1549, 115.997, 90.6711, 0.107732, -125.502, 0.988913, 19.3643, 0.934198, -165.64
336, 5.59167, 6.04612, 141.52, 114.963, -85.3829, 115.484, 90.4569, 0.107341, -126.025, 0.98356, 19.1165, 0.928651, -165.871
336, 5.60000, 6.02893, 140.67, 114.503, -85.609, 114.972, 90.2449, 0.106946, -126.544, 0.978219, 18.8707, 0.923125, -166.1
336, 5.60833, 6.01185, 139.826, 114.041, -85.8331, 114.46, 90.0349, 0.106549, -127.061, 0.97289, 18.6269, 0.91762, -166.326
337, 5.61667, 5.99488, 138.986, 113.58, -86.0554, 113.949, 89.8269, 0.106149, -127.574, 0.967572, 18.3849, 0.912135, -166.551
338, 5.62500, 5.97803, 138.15, 113.118, -86.2757, 113.439, 89.6211, 0.105747, -128.084, 0.962267, 18.145, 0.906673, -166.773
338, 5.63333, 5.9613, 137.319, 112.657, -86.4941, 112.929, 89.4172, 0.105342, -128.592, 0.956975, 17.9069, 0.901232, -166.993
339, 5.64167, 5.94469, 136.492, 112.195, -86.7106, 112.421, 89.2154, 0.104934, -129.096, 0.951696, 17.6708, 0.895813, -167.211
339, 5.65000, 5.92819, 135.67, 111.733, -86.9252, 111.913, 89.0157, 0.104525, -129.597, 0.946432, 17.4366, 0.890417, -167.427
339, 5.65833, 5.91182, 134.853, 111.271, -87.1379, 111.406, 88.8179, 0.104113, -130.095, 0.941182, 17.2044, 0.885044, -167.641
340, 5.66667, 5.89557, 134.04, 110.809, -87.3487, 110.9, 88.6222, 0.103699, -130.59, 0.935946, 16.974, 0.879693, -167.853
341, 5.67500, 5.87944, 133.232, 110.347, -87.5576, 110.394, 88.4285, 0.103284, -131.083, 0.930726, 16.7456, 0.874367, -168.063
341, 5.68333, 5.86344, 132.429, 109.885, -87.7646, 109.89, 88.2367, 0.102866, -131.572, 0.925522, 16.5191, 0.869064, -168.27
342, 5.69167, 5.84756, 131.63, 109.423, -87.9697, 109.387, 88.047, 0.102447, -132.058, 0.920332, 16.2945, 0.863784, -168.476
342, 5.70000, 5.83181, 130.837, 108.962, -88.173, 108.885, 87.8592, 0.102027, -132.541, 0.91516, 16.0719, 0.858529, -168.679
342, 5.70833, 5.81619, 130.047, 108.501, -88.3743, 108.384, 87.6734, 0.101605, -133.021, 0.910004, 15.8511, 0.853298, -168.881
343, 5.71667, 5.80069, 129.263, 108.041, -88.5738, 107.885, 87.4895, 0.101182, -133.497, 0.904865, 15.6323, 0.848091, -169.08
344, 5.72500, 5.78532, 128.483, 107.58, -88.7715, 107.386, 87.3076, 0.100757, -133.971, 0.899743, 15.4153, 0.842909, -169.278
344, 5.73333, 5.77009, 127.708, 107.12, -88.9672, 106.889, 87.1277, 0.100332, -134.442, 0.894639, 15.2002, 0.837753, -169.473
345, 5.74167, 5.75498, 126.938, 106.661, -89.1612, 106.393, 86.9496, 0.0999053, -134.91, 0.889553, 14.987, 0.83262, -169.667
345, 5.75000, 5.74, 126.173, 106.202, -89.3532, 105.899, 86.7735, 0.0994778, -135.375, 0.884485, 14.7757, 0.827514, -169.858
345, 5.75833, 5.72515, 125.412, 105.744, -89.5434, 105.405, 86.5993, 0.0990494, -135.837, 0.879435, 14.5663, 0.822432, -170.048
346, 5.76667, 5.71043, 124.656, 105.286, -89.7318, 104.914, 86.427, 0.0986203, -136.296, 0.874404, 14.3587, 0.817376, -170.235
347, 5.77500, 5.69584, 123.905, 104.829, -89.9183, 104.423, 86.2566, 0.0981905, -136.752, 0.869392, 14.153, 0.812346, -170.421
347, 5.78333, 5.68139, 123.159, 104.373, -90.1031, 103.934, 86.0881, 0.0977602, -137.205, 0.8644, 13.9492, 0.807342, -170.605
348, 5.79167, 5.66706, 122.417, 103.918, -90.286, 103.447, 85.9214, 0.0973293, -137.655, 0.859426, 13.7471, 0.802362, -170.786
348, 5.80000, 5.65286, 121.681, 103.463, -90.467, 102.961, 85.7566, 0.0968981, -138.102, 0.854473, 13.547, 0.79741, -170.966
348, 5.80833, 5.6388, 120.949, 103.009, -90.6463, 102.476, 85.5937, 0.0964666, -138.546, 0.849539, 13.3487, 0.792483, -171.144
349, 5.81667, 5.62486, 120.222, 102.556, -90.8238, 101.993, 85.4325, 0.0960348, -138.987, 0.844625, 13.1522, 0.787582, -171.32
350, 5.82500, 5.61106, 119.5, 102.103, -90.9994, 101.512, 85.2733, 0.0956028, -139.425, 0.839732, 12.9575, 0.782708, -171.494
350, 5.83333, 5.59738, 118.782, 101.652, -91.1733, 101.032, 85.1158, 0.0951708, -139.86, 0.83486, 12.7647, 0.77786, -171.666
351, 5.84167, 5.58384, 118.07, 101.201, -91.3454, 100.554, 84.9601, 0.0947387, -140.293, 0.830007, 12.5736, 0.773037, -171.837
351, 5.85000, 5.57042, 117.362, 100.752, -91.5157, 100.078, 84.8063, 0.0943068, -140.722, 0.825176, 12.3844, 0.768242, -172.005
351, 5.85833, 5.55714, 116.659, 100.303, -91.6843, 99.603, 84.6542, 0.093875, -141.149, 0.820367, 12.197, 0.763472, -172.172
352, 5.86667, 5.54398, 115.961, 99.8557, -91.8511, 99.1299, 84.5039, 0.0934433, -141.573, 0.815577, 12.0113, 0.758729, -172.337
353, 5.87500, 5.53095, 115.267, 99.4092, -92.0161, 98.6584, 84.3554, 0.0930119, -141.994, 0.81081, 11.8275, 0.754013, -172.5
353, 5.88333, 5.51805, 114.579, 98.9638, -92.1794, 98.1887, 84.2086, 0.0925809, -142.412, 0.806064, 11.6454, 0.749323, -172.661
354, 5.89167, 5.50528, 113.895, 98.5194, -92.341, 97.7206, 84.0636, 0.0921502, -142.827, 0.801339, 11.4651, 0.744659, -172.82
354, 5.90000, 5.49263, 113.216, 98.0763, -92.5008, 97.2544, 83.9203, 0.0917201, -143.239, 0.796637, 11.2866, 0.740022, -172.978
354, 5.90833, 5.48011, 112.541, 97.6342, -92.6589, 96.7899, 83.7787, 0.0912904, -143.649, 0.791956, 11.1098, 0.735412, -173.133
355, 5.91667, 5.46771, 111.872, 97.1933, -92.8153, 96.3271, 83.6389, 0.0908613, -144.056, 0.787297, 10.9347, 0.730828, -173.287
356, 5.92500, 5.45544, 111.207, 96.7537, -92.97, 95.8661, 83.5007, 0.0904328, -144.46, 0.78266, 10.7614, 0.72627, -173.44
356, 5.93333, 5.4433, 110.547, 96.3152, -93.1229, 95.407, 83.3643, 0.0900051, -144.861, 0.778045, 10.5898, 0.721739, -173.59
357, 5.94167, 5.43127, 109.891, 95.878, -93.2742, 94.9496, 83.2295, 0.089578, -145.26, 0.773453, 10.42, 0.717234, -173.739
357, 5.95000, 5.41937, 109.241, 95.442, -93.4238, 94.494, 83.0964, 0.0891518, -145.655, 0.768883, 10.2518, 0.712756, -173.886
357, 5.95833, 5.4076, 108.595, 95.0073, -93.5717, 94.0403, 82.965, 0.0887264, -146.048, 0.764335, 10.0854, 0.708304, -174.031
358, 5.96667, 5.39594, 107.953, 94.5739, -93.7179, 93.5884, 82.8352, 0.0883019, -146.439, 0.759809, 9.92067, 0.703878, -174.175
359, 5.97500, 5.3844, 107.317, 94.1419, -93.8625, 93.1383, 82.7071, 0.0878784, -146.826, 0.755307, 9.75764, 0.699479, -174.317
359, 5.98333, 5.37299, 106.685, 93.7111, -94.0054, 92.6902, 82.5806, 0.0874558, -147.211, 0.750827, 9.5963, 0.695106, -174.457
360, 5.99167, 5.36169, 106.057, 93.2817, -94.1467, 92.2438, 82.4557, 0.0870342, -147.593, 0.746369, 9.43662, 0.690758, -174.595
360, 6.00000, 5.35051, 105.435, 92.8537, -94.2863, 91.7993, 82.3325, 0.0866137, -147.973, 0.741934, 9.27862, 0.686438, -174.732
360, 6.00833, 5.33945, 104.817, 92.4271, -94.4243, 91.3567, 82.2109, 0.0861944, -148.35, 0.737523, 9.12229, 0.682143, -174.867
361, 6.01667, 5.32851, 104.203, 92.0018, -94.5607, 90.916, 82.0908, 0.0857761, -148.724, 0.733133, 8.9676, 0.677874, -175.001
362, 6.02500, 5.31768, 103.594, 91.5779, -94.6954, 90.4771, 81.9724, 0.0853591, -149.096, 0.728767, 8.81457, 0.673631, -175.132
362, 6.03333, 5.30697, 102.99, 91.1555, -94.8285, 90.0402, 81.8555, 0.0849433, -149.465, 0.724423, 8.66318, 0.669414, -175.263
363, 6.04167, 5.29636, 102.39, 90.7345, -94.9601, 89.6051, 81.7401, 0.0845287, -149.832, 0.720102, 8.51341, 0.665223, -175.391
363, 6.05000, 5.28588, 101.795, 90.315, -95.09, 89.1719, 81.6264, 0.0841155, -150.195, 0.715804, 8.36527, 0.661057, -175.518
363, 6.05833, 5.2755, 101.204, 89.897, -95.2183, 88.7407, 81.5142, 0.0837036, -150.557, 0.711529, 8.21876, 0.656918, -175.644
364, 6.06667, 5.26524, 100.617, 89.4803, -95.3451, 88.3112, 81.4035, 0.083293, -150.916, 0.707276, 8.07383, 0.652803, -175.767
365, 6.07500, 5.25509, 100.036, 89.0652, -95.4703, 87.8838, 81.2943, 0.0828838, -151.272, 0.703047, 7.93052, 0.648714, -175.889
365, 6.08333, 5.24504, 99.4581, 88.6516, -95.5939, 87.4582, 81.1867, 0.0824761, -151.626, 0.69884, 7.7888, 0.644651, -176.01
366, 6.09167, 5.23511, 98.885, 88.2395, -95.716, 87.0345, 81.0806, 0.0820697, -151.977, 0.694656, 7.64865, 0.640612, -176.129
366, 6.10000, 5.22528, 98.3164, 87.8289, -95.8365, 86.6128, 80.976, 0.0816649, -152.326, 0.690495, 7.5101, 0.636599, -176.247
366, 6.10833, 5.21556, 97.7522, 87.4198, -95.9555, 86.193, 80.8729, 0.0812616, -152.673, 0.686357, 7.37311, 0.632611, -176.363
367, 6.11667, 5.20594, 97.1923, 87.0122, -96.0729, 85.775, 80.7712, 0.0808598, -153.017, 0.682241, 7.23767, 0.628648, -176.477
368, 6.12500, 5.19643, 96.6368, 86.6062, -96.1889, 85.359, 80.6711, 0.0804595, -153.358, 0.678149, 7.10381, 0.62471, -176.59
368, 6.13333, 5.18703, 96.0856, 86.2017, -96.3033, 84.9449, 80.5724, 0.0800609, -153.697, 0.674079, 6.97148, 0.620797, -176.701
369, 6.14167, 5.17772, 95.5386, 85.7988, -96.4161, 84.5326, 80.4751, 0.0796637, -154.034, 0.670031, 6.84068, 0.616908, -176.811
369, 6.15000, 5.16852, 94.996, 85.3974, -96.5275, 84.1223, 80.3793, 0.0792683, -154.368, 0.666007, 6.71143, 0.613043, -176.919
369, 6.15833, 5.15942, 94.4576, 84.9976, -96.6374, 83.7139, 80.285, 0.0788745, -154.7, 0.662005, 6.5837, 0.609204, -177.026
370, 6.16667, 5.15042, 93.9234, 84.5993, -96.7458, 83.3073, 80.1921, 0.0784823, -155.03, 0.658025, 6.45747, 0.605388, -177.131
371, 6.17500, 5.14152, 93.3934, 84.2027, -96.8527, 82.9027, 80.1006, 0.0780918, -155.357, 0.654068, 6.33277, 0.601597, -177.235
371, 6.18333, 5.13272, 92.8676, 83.8076, -96.9581, 82.5, 80.0105, 0.077703, -155.682, 0.650134, 6.20957, 0.59783, -177.338
372, 6.19167, 5.12402, 92.3459, 83.4141, -97.0621, 82.0992, 79.9218, 0.0773158, -156.005, 0.646222, 6.08785, 0.594087, -177.439
372, 6.20000, 5.11541, 91.8284, 83.0221, -97.1646, 81.7002, 79.8345, 0.0769305, -156.325, 0.642332, 5.96763, 0.590367, -177.538
372, 6.20833, 5.1069, 91.3151, 82.6318, -97.2656, 81.3032, 79.7487, 0.0765468, -156.643, 0.638465, 5.84889, 0.586672, -177.636
373, 6.21667, 5.09848, 90.8057, 82.243, -97.3652, 80.908, 79.6642, 0.0761649, -156.959, 0.63462, 5.7316, 0.583, -177.733
374, 6.22500, 5.09016, 90.3004, 81.8559, -97.4634, 80.5147, 79.581, 0.0757848, -157.273, 0.630797, 5.6158, 0.579351, -177.828
374, 6.23333, 5.08193, 89.7992, 81.4704, -97.5601, 80.1233, 79.4993, 0.0754064, -157.584, 0.626997, 5.50145, 0.575727, -177.922
375, 6.24167, 5.07379, 89.302, 81.0864, -97.6554, 79.7337, 79.4189, 0.0750298, -157.894, 0.623218, 5.38855, 0.572125, -178.014
375, 6.25000, 5.06575, 88.8087, 80.704, -97.7493, 79.346, 79.3399, 0.074655, -158.201, 0.619461, 5.2771, 0.568546, -178.105
375, 6.25833, 5.05779, 88.3195, 80.3233, -97.8418, 78.9602, 79.2622, 0.0742821, -158.505, 0.615727, 5.16708, 0.564991, -178.194
376, 6.26667, 5.04992, 87.8341, 79.9441, -97.9328, 78.5762, 79.1858, 0.0739109, -158.808, 0.612014, 5.05848, 0.561458, -178.282
377, 6.27500, 5.04215, 87.3527, 79.5666, -98.0225, 78.1941, 79.1108, 0.0735416, -159.109, 0.608323, 4.95132, 0.557948, -178.369
377, 6.28333, 5.03446, 86.8751, 79.1906, -98.1108, 77.8139, 79.0371, 0.0731741, -159.407, 0.604654, 4.84558, 0.55446, -178.454
378, 6.29167, 5.02685, 86.4014, 78.8163, -98.1976, 77.4354, 78.9647, 0.0728084, -159.703, 0.601006, 4.74123, 0.550995, -178.538
378, 6.30000, 5.01934, 85.9316, 78.4436, -98.2831, 77.0589, 78.8936, 0.0724446, -159.998, 0.59738, 4.6383, 0.547553, -178.621
378, 6.30833, 5.01191, 85.4655, 78.0724, -98.3673, 76.6841, 78.8238, 0.0720826, -160.29, 0.593776, 4.53676, 0.544133, -178.702
379, 6.31667, 5.00456, 85.0032, 77.7029, -98.45, 76.3111, 78.7553, 0.0717225, -160.58, 0.590192, 4.4366, 0.540734, -178.782
380, 6.32500, 4.9973, 84.5447, 77.335, -98.5314, 75.94, 78.6881, 0.0713642, -160.868, 0.58663, 4.33784, 0.537358, -178.861
380, 6.33333, 4.99012, 84.0899, 76.9687, -98.6115, 75.5707, 78.6222, 0.0710079, -161.154, 0.58309, 4.24045, 0.534004, -178.938
381, 6.34167, 4.98302, 83.6388, 76.6039, -98.6902, 75.2032, 78.5576, 0.0706533, -161.438, 0.57957, 4.14442, 0.530671, -179.014
381, 6.35000, 4.976, 83.1914, 76.2408, -98.7675, 74.8375, 78.4942, 0.0703007, -161.719, 0.576072, 4.04977, 0.527361, -179.089
381, 6.35833, 4.96907, 82.7476, 75.8793, -98.8435, 74.4736, 78.4321, 0.0699499, -161.999, 0.572594, 3.95647, 0.524071, -179.162
382, 6.36667, 4.96221, 82.3075, 75.5194, -98.9182, 74.1115, 78.3713, 0.069601, -162.277, 0.569137, 3.86452, 0.520803, -179.234
383, 6.37500, 4.95543, 81.8709, 75.1611, -98.9916, 73.7511, 78.3117, 0.069254, -162.553, 0.565701, 3.77392, 0.517556, -179.304
383, 6.38333, 4.94874, 81.438, 74.8043, -99.0636, 73.3925, 78.2533, 0.0689089, -162.827, 0.562286, 3.68466, 0.51433, -179.374
384, 6.39167, 4.94211, 81.0086, 74.4492, -99.1343, 73.0357, 78.1962, 0.0685657, -163.099, 0.558891, 3.59672, 0.511125, -179.442
384, 6.40000, 4.93557, 80.5827, 74.0956, -99.2038, 72.6807, 78.1403, 0.0682243, -163.37, 0.555517, 3.51012, 0.507941, -179.508
384, 6.40833, 4.9291, 80.1603, 73.7437, -99.2719, 72.3274, 78.0857, 0.0678849, -163.638, 0.552164, 3.42484, 0.504778, -179.574
385, 6.41667, 4.92271, 79.7413, 73.3932, -99.3387, 71.9758, 78.0323, 0.0675472, -163.904, 0.54883, 3.34086, 0.501634, -179.638
386, 6.42500, 4.91639, 79.3259, 73.0444, -99.4042, 71.626, 77.98, 0.0672116, -164.169, 0.545517, 3.25821, 0.498512, -179.701
386, 6.43333, 4.91014, 78.9138, 72.6972, -99.4685, 71.2779, 77.929, 0.0668777, -164.431, 0.542224, 3.17686, 0.49541, -179.763
387, 6.44167, 4.90397, 78.5051, 72.3515, -99.5314, 70.9315, 77.8792, 0.0665458, -164.692, 0.538951, 3.09679, 0.492328, -179.823
387, 6.45000, 4.89787, 78.0999, 72.0075, -99.5931, 70.5868, 77.8306, 0.0662157, -164.951, 0.535698, 3.01803, 0.489266, -179.882
387, 6.45833, 4.89184, 77.6979, 71.6649, -99.6535, 70.2439, 77.7832, 0.0658875, -165.208, 0.532465, 2.94056, 0.486224, -179.94
388, 6.46667, 4.88589, 77.2993, 71.3239, -99.7127, 69.9026, 77.737, 0.0655612, -165.463, 0.529251, 2.86436, 0.483201, -179.997
389, 6.47500, 4.88, 76.9039, 70.9845, -99.7706, 69.5631, 77.692, 0.0652367, -165.717, 0.526057, 2.78944, 0.480199, 179.948
389, 6.48333, 4.87418, 76.5119, 70.6467, -99.8272, 69.2252, 77.6481, 0.0649142, -165.969, 0.522882, 2.7158, 0.477216, 179.894
390, 6.49167, 4.86843, 76.123, 70.3104, -99.8826, 68.889, 77.6055, 0.0645934, -166.219, 0.519727, 2.64342, 0.474252, 179.841
390, 6.50000, 4.86276, 75.7374, 69.9756, -99.9367, 68.5544, 77.5639, 0.0642746, -166.467, 0.516591, 2.5723, 0.471307, 179.789
390, 6.50833, 4.85714, 75.355, 69.6424, -99.9896, 68.2216, 77.5236, 0.0639576, -166.713, 0.513475, 2.50244, 0.468382, 179.738
391, 6.51667, 4.8516, 74.9757, 69.3107, -100.041, 67.8903, 77.4844, 0.0636424, -166.958, 0.510377, 2.43382, 0.465475, 179.689
392, 6.52500, 4.84612, 74.5996, 68.9806, -100.092, 67.5608, 77.4464, 0.0633291, -167.201, 0.507298, 2.36646, 0.462588, 179.641
392, 6.53333, 4.84071, 74.2266, 68.6519, -100.141, 67.2328, 77.4095, 0.0630176, -167.443, 0.504239, 2.30034, 0.459719, 179.594
393, 6.54167, 4.83536, 73.8566, 68.3248, -100.189, 66.9065, 77.3738, 0.062708, -167.682, 0.501198, 2.23544, 0.456869, 179.548
393, 6.55000, 4.83008, 73.4898, 67.9992, -100.236, 66.5818, 77.3392, 0.0624002, -167.92, 0.498176, 2.17179, 0.454037, 179.504
393, 6.55833, 4.82486, 73.126, 67.6752, -100.281, 66.2587, 77.3058, 0.0620942, -168.157, 0.495172, 2.10936, 0.451224, 179.461
394, 6.56667, 4.81971, 72.7652, 67.3526, -100.326, 65.9372, 77.2734, 0.06179, -168.391, 0.492187, 2.04815, 0.448429, 179.419
395, 6.57500, 4.81461, 72.4074, 67.0315, -100.369, 65.6173, 77.2423, 0.0614877, -168.624, 0.48922, 1.98817, 0.445652, 179.378
395, 6.58333, 4.80959, 72.0526, 66.712, -100.411, 65.2991, 77.2122, 0.0611872, -168.856, 0.486272, 1.92939, 0.442893, 179.338
396, 6.59167, 4.80462, 71.7007, 66.3939, -100.451, 64.9823, 77.1833, 0.0608885, -169.086, 0.483341, 1.87182, 0.440152, 179.3
396, 6.60000, 4.79971, 71.3517, 66.0773, -100.491, 64.6672, 77.1555, 0.0605915, -169.314, 0.480429, 1.81547, 0.437429, 179.262
396, 6.60833, 4.79486, 71.0057, 65.7622, -100.529, 64.3536, 77.1288, 0.0602964, -169.54, 0.477535, 1.76031, 0.434723, 179.226
397, 6.61667, 4.79008, 70.6625, 65.4485, -100.566, 64.0416, 77.1032, 0.060003, -169.765, 0.474658, 1.70635, 0.432035, 179.191
398, 6.62500, 4.78535, 70.3221, 65.1364, -100.602, 63.7311, 77.0787, 0.0597115, -169.989, 0.471799, 1.65358, 0.429364, 179.157
398, 6.63333, 4.78068, 69.9846, 64.8257, -100.637, 63.4222, 77.0553, 0.0594217, -170.211, 0.468958, 1.60201, 0.426711, 179.124
399, 6.64167, 4.77608, 69.6499, 64.5164, -100.671, 63.1148, 77.0331, 0.0591336, -170.431, 0.466135, 1.55161, 0.424074, 179.093
399, 6.65000, 4.77152, 69.3179, 64.2086, -100.703, 62.8089, 77.0119, 0.0588473, -170.65, 0.463329, 1.5024, 0.421455, 179.062
399, 6.65833, 4.76703, 68.9888, 63.9023, -100.735, 62.5046, 76.9918, 0.0585628, -170.868, 0.46054, 1.45437, 0.418853, 179.033
400, 6.66667, 4.76259, 68.6623, 63.5974, -100.765, 62.2017, 76.9729, 0.0582799, -171.084, 0.457768, 1.40751, 0.416267, 179.005
401, 6.67500, 4.75821, 68.3386, 63.294, -100.794, 61.9004, 76.955, 0.0579989, -171.298, 0.455014, 1.36182, 0.413699, 178.978
401, 6.68333, 4.75389, 68.0175, 62.9919, -100.821, 61.6005, 76.9382, 0.0577195, -171.511, 0.452276, 1.3173, 0.411147, 178.952
402, 6.69167, 4.74962, 67.6991, 62.6913, -100.848, 61.3021, 76.9225, 0.0574418, -171.722, 0.449556, 1.27394, 0.408611, 178.928
402, 6.70000, 4.74541, 67.3834, 62.3921, -100.874, 61.0052, 76.9078, 0.0571659, -171.932, 0.446852, 1.23175, 0.406091, 178.904
402, 6.70833, 4.74125, 67.0703, 62.0944, -100.898, 60.7098, 76.8943, 0.0568917, -172.141, 0.444165, 1.19071, 0.403588, 178.882
403, 6.71667, 4.73714, 66.7597, 61.798, -100.921, 60.4158, 76.8818, 0.0566191, -172.348, 0.441495, 1.15082, 0.401101, 178.861
404, 6.72500, 4.73309, 66.4518, 61.5031, -100.943, 60.1233, 76.8704, 0.0563483, -172.554, 0.438841, 1.11209, 0.39863, 178.841
404, 6.73333, 4.72909, 66.1464, 61.2095, -100.964, 59.8323, 76.8601, 0.0560791, -172.758, 0.436203, 1.0745, 0.396175, 178.822
405, 6.74167, 4.72515, 65.8435, 60.9173, -100.984, 59.5426, 76.8508, 0.0558116, -172.961, 0.433582, 1.03806, 0.393735, 178.804
405, 6.75000, 4.72125, 65.5431, 60.6265, -101.002, 59.2545, 76.8426, 0.0555457, -173.163, 0.430977, 1.00276, 0.391312, 178.787
405, 6.75833, 4.71741, 65.2453, 60.3371, -101.02, 58.9677, 76.8355, 0.0552815, -173.363, 0.428389, 0.968602, 0.388904, 178.772
406, 6.76667, 4.71362, 64.9498, 60.0491, -101.036, 58.6823, 76.8294, 0.0550189, -173.562, 0.425815, 0.935577, 0.386511, 178.757
407, 6.77500, 4.70988, 64.6569, 59.7624, -101.051, 58.3984, 76.8244, 0.054758, -173.759, 0.423259, 0.903689, 0.384134, 178.744
407, 6.78333, 4.70619, 64.3664, 59.4771, -101.066, 58.1158, 76.8205, 0.0544987, -173.955, 0.420718, 0.872932, 0.381772, 178.731
408, 6.79167, 4.70255, 64.0782, 59.1931, -101.079, 57.8347, 76.8176, 0.054241, -174.15, 0.418192, 0.843301, 0.379425, 178.72
408, 6.80000, 4.69896, 63.7925, 58.9105, -101.09, 57.5549, 76.8158, 0.0539849, -174.344, 0.415682, 0.8148, 0.377093, 178.71
408, 6.80833, 4.69542, 63.5091, 58.6292, -101.101, 57.2765, 76.815, 0.0537304, -174.536, 0.413188, 0.787423, 0.374776, 178.701
409, 6.81667, 4.69193, 63.228, 58.3493, -101.111, 56.9994, 76.8153, 0.0534774, -174.727, 0.410709, 0.761164, 0.372474, 178.694
410, 6.82500, 4.68849, 62.9493, 58.0707, -101.119, 56.7238, 76.8166, 0.0532261, -174.916, 0.408246, 0.736029, 0.370187, 178.687
410, 6.83333, 4.6851, 62.6729, 57.7934, -101.127, 56.4495, 76.819, 0.0529764, -175.105, 0.405797, 0.712011, 0.367914, 178.682
411, 6.84167, 4.68175, 62.3987, 57.5174, -101.133, 56.1765, 76.8225, 0.0527281, -175.292, 0.403364, 0.689105, 0.365656, 178.677
411, 6.85000, 4.67845, 62.1268, 57.2428, -101.138, 55.9049, 76.827, 0.0524815, -175.477, 0.400946, 0.667316, 0.363412, 178.674
411, 6.85833, 4.6752, 61.8572, 56.9695, -101.142, 55.6346, 76.8325, 0.0522364, -175.662, 0.398543, 0.646638, 0.361183, 178.672
412, 6.86667, 4.67199, 61.5898, 56.6974, -101.145, 55.3656, 76.8391, 0.0519928, -175.845, 0.396154, 0.627067, 0.358967, 178.67
413, 6.87500, 4.66883, 61.3246, 56.4267, -101.147, 55.098, 76.8467, 0.0517507, -176.027, 0.393781, 0.608607, 0.356766, 178.67
413, 6.88333, 4.66572, 61.0616, 56.1572, -101.147, 54.8316, 76.8554, 0.0515102, -176.208, 0.391422, 0.591253, 0.35458, 178.672
414, 6.89167, 4.66265, 60.8007, 55.889, -101.147, 54.5666, 76.8651, 0.0512712, -176.387, 0.389077, 0.575002, 0.352406, 178.674
414, 6.90000, 4.65963, 60.5419, 55.6221, -101.145, 54.3029, 76.8758, 0.0510336, -176.566, 0.386747, 0.559856, 0.350247, 178.677
414, 6.90833, 4.65665, 60.2854, 55.3565, -101.143, 54.0404, 76.8876, 0.0507976, -176.743, 0.384432, 0.545812, 0.348102, 178.681
415, 6.91667, 4.65371, 60.0308, 55.0921, -101.139, 53.7792, 76.9005, 0.050563, -176.919, 0.38213, 0.532866, 0.34597, 178.687
416, 6.92500, 4.65082, 59.7785, 54.8291, -101.134, 53.5194, 76.9144, 0.0503299, -177.094, 0.379843, 0.521021, 0.343851, 178.694
416, 6.93333, 4.64798, 59.5281, 54.5672, -101.128, 53.2607, 76.9293, 0.0500983, -177.268, 0.37757, 0.510274, 0.341747, 178.701
417, 6.94167, 4.64517, 59.2798, 54.3066, -101.121, 53.0034, 76.9453, 0.0498681, -177.44, 0.375311, 0.500622, 0.339655, 178.71
417, 6.95000, 4.64241, 59.0336, 54.0472, -101.113, 52.7473, 76.9623, 0.0496393, -177.612, 0.373066, 0.492067, 0.337577, 178.72
417, 6.95833, 4.6397, 58.7894, 53.7891, -101.104, 52.4924, 76.9803, 0.049412, -177.782, 0.370835, 0.484606, 0.335512, 178.731
418, 6.96667, 4.63702, 58.5471, 53.5322, -101.093, 52.2388, 76.9994, 0.0491861, -177.951, 0.368617, 0.478238, 0.33346, 178.743
418, 6.97500, 4.63439, 58.3069, 53.2766, -101.082, 51.9864, 77.0196, 0.0489617, -178.119, 0.366413, 0.472963, 0.331421, 178.756
419, 6.98333, 4.6318, 58.0686, 53.0221, -101.069, 51.7353, 77.0407, 0.0487386, -178.286, 0.364223, 0.46878, 0.329395, 178.771
420, 6.99167, 4.62925, 57.8322, 52.7688, -101.056, 51.4854, 77.063, 0.0485169, -178.451, 0.362046, 0.465688, 0.327382, 178.786
420, 7.00000, 4.62675, 57.5978, 52.5168, -101.041, 51.2367, 77.0862, 0.0482966, -178.616, 0.359883, 0.463687, 0.325381, 178.803
420, 7.00833, 4.62428, 57.3653, 52.266, -101.025, 50.9892, 77.1105, 0.0480777, -178.78, 0.357732, 0.462776, 0.323394, 178.82
421, 7.01667, 4.62185, 57.1347, 52.0164, -101.008, 50.7428, 77.1358, 0.0478602, -178.942, 0.355595, 0.462954, 0.321418, 178.839
422, 7.02500, 4.61947, 56.906, 51.7679, -100.99, 50.4978, 77.1622, 0.047644, -179.104, 0.353472, 0.464222, 0.319456, 178.859
422, 7.03333, 4.61712, 56.6791, 51.5207, -100.971, 50.2538, 77.1897, 0.0474292, -179.264, 0.351361, 0.466577, 0.317505, 178.88
423, 7.04167, 4.61482, 56.4541, 51.2746, -100.951, 50.0111, 77.2181, 0.0472157, -179.423, 0.349263, 0.470022, 0.315567, 178.902
423, 7.05000, 4.61255, 56.2309, 51.0297, -100.929, 49.7696, 77.2476, 0.0470036, -179.582, 0.347178, 0.474554, 0.313642, 178.925
423, 7.05833, 4.61032, 56.0095, 50.786, -100.907, 49.5292, 77.2782, 0.0467927, -179.739, 0.345106, 0.480174, 0.311728, 178.95
424, 7.06667, 4.60813, 55.7899, 50.5434, -100.883, 49.29, 77.3098, 0.0465832, -179.895, 0.343047, 0.486883, 0.309827, 178.975
425, 7.07500, 4.60598, 55.5721, 50.302, -100.859, 49.0519, 77.3425, 0.046375, 179.95, 0.341, 0.494679, 0.307937, 179.002
425, 7.08333, 4.60387, 55.356, 50.0617, -100.833, 48.815, 77.3762, 0.0461681, 179.796, 0.338966, 0.503563, 0.30606, 179.029
426, 7.09167, 4.6018, 55.1417, 49.8226, -100.806, 48.5793, 77.4109, 0.0459625, 179.642, 0.336945, 0.513537, 0.304194, 179.058
426, 7.10000, 4.59977, 54.9291, 49.5847, -100.778, 48.3447, 77.4467, 0.0457582, 179.49, 0.334935, 0.524597, 0.30234, 179.088
426, 7.10833, 4.59777, 54.7183, 49.3478, -100.749, 48.1112, 77.4836, 0.0455551, 179.339, 0.332939, 0.536747, 0.300498, 179.119
427, 7.11667, 4.59581, 54.5091, 49.1121, -100.719, 47.8788, 77.5215, 0.0453533, 179.189, 0.330954, 0.549986, 0.298667, 179.151
428, 7.12500, 4.59388, 54.3016, 48.8776, -100.688, 47.6476, 77.5604, 0.0451528, 179.04, 0.328981, 0.564314, 0.296848, 179.184
428, 7.13333, 4.592, 54.0958, 48.6441, -100.655, 47.4175, 77.6004, 0.0449535, 178.892, 0.327021, 0.579731, 0.29504, 179.219
429, 7.14167, 4.59015, 53.8917, 48.4118, -100.622, 47.1885, 77.6415, 0.0447554, 178.744, 0.325073, 0.596242, 0.293243, 179.254
429, 7.15000, 4.58833, 53.6892, 48.1806, -100.587, 46.9607, 77.6837, 0.0445586, 178.598, 0.323136, 0.613841, 0.291459, 179.291
429, 7.15833, 4.58656, 53.4883, 47.9505, -100.551, 46.7339, 77.7268, 0.044363, 178.453, 0.321212, 0.632532, 0.289685, 179.329
430, 7.16667, 4.58482, 53.289, 47.7214, -100.515, 46.5082, 77.7711, 0.0441686, 178.308, 0.319299, 0.652318, 0.287922, 179.367
431, 7.17500, 4.58311, 53.0914, 47.4935, -100.477, 46.2836, 77.8164, 0.0439754, 178.165, 0.317398, 0.673196, 0.28617, 179.407
431, 7.18333, 4.58144, 52.8953, 47.2667, -100.438, 46.0601, 77.8628, 0.0437834, 178.022, 0.315508, 0.695168, 0.28443, 179.449
432, 7.19167, 4.5798, 52.7007, 47.0409, -100.397, 45.8377, 77.9103, 0.0435926, 177.88, 0.31363, 0.718238, 0.2827, 179.491
432, 7.20000, 4.5782, 52.5078, 46.8163, -100.356, 45.6163, 77.9588, 0.043403, 177.74, 0.311764, 0.742402, 0.280982, 179.534
432, 7.20833, 4.57664, 52.3164, 46.5927, -100.314, 45.396, 78.0084, 0.0432145, 177.6, 0.309909, 0.767663, 0.279274, 179.579
433, 7.21667, 4.57511, 52.1264, 46.3702, -100.27, 45.1768, 78.0591, 0.0430272, 177.461, 0.308066, 0.794027, 0.277576, 179.625
434, 7.22500, 4.57361, 51.9381, 46.1488, -100.225, 44.9587, 78.1108, 0.0428411, 177.323, 0.306233, 0.821488, 0.27589, 179.671
434, 7.23333, 4.57214, 51.7512, 45.9284, -100.18, 44.7416, 78.1636, 0.0426561, 177.186, 0.304412, 0.85005, 0.274214, 179.719
435, 7.24167, 4.57072, 51.5658, 45.7091, -100.133, 44.5255, 78.2176, 0.0424722, 177.05, 0.302602, 0.879719, 0.272548, 179.769
435, 7.25000, 4.56932, 51.3819, 45.4908, -100.085, 44.3105, 78.2726, 0.0422895, 176.914, 0.300804, 0.910489, 0.270893, 179.819
435, 7.25833, 4.56796, 51.1994, 45.2736, -100.036, 44.0965, 78.3286, 0.0421079, 176.78, 0.299016, 0.942366, 0.269249, 179.87
436, 7.26667, 4.56663, 51.0184, 45.0574, -99.9852, 43.8836, 78.3858, 0.0419274, 176.646, 0.297239, 0.975353, 0.267615, 179.923
437, 7.27500, 4.56533, 50.8388, 44.8423, -99.9338, 43.6717, 78.4441, 0.041748, 176.513, 0.295473, 1.00945, 0.265991, 179.977
437, 7.28333, 4.56407, 50.6606, 44.6283, -99.8812, 43.4608, 78.5034, 0.0415697, 176.381, 0.293718, 1.04465, 0.264377, -179.968
438, 7.29167, 4.56284, 50.4838, 44.4152, -99.8275, 43.2509, 78.5639, 0.0413925, 176.25, 0.291973, 1.08097, 0.262773, -179.912
438, 7.30000, 4.56164, 50.3085, 44.2032, -99.7726, 43.0421, 78.6255, 0.0412164, 176.12, 0.290239, 1.11841, 0.26118, -179.855
438, 7.30833, 4.56047, 50.1345, 43.9922, -99.7166, 42.8343, 78.6881, 0.0410413, 175.99, 0.288516, 1.15696, 0.259596, -179.796
439, 7.31667, 4.55934, 49.9619, 43.7822, -99.6594, 42.6274, 78.7519, 0.0408673, 175.862, 0.286803, 1.19663, 0.258023, -179.737
439, 7.32500, 4.55823, 49.7906, 43.5732, -99.6011, 42.4216, 78.8168, 0.0406944, 175.734, 0.285101, 1.23742, 0.256459, -179.676
440, 7.33333, 4.55716, 49.6207, 43.3652, -99.5416, 42.2168, 78.8828, 0.0405226, 175.607, 0.28341, 1.27933, 0.254905, -179.614
441, 7.34167, 4.55612, 49.4521, 43.1583, -99.481, 42.013, 78.9499, 0.0403517, 175.481, 0.281728, 1.32238, 0.253361, -179.55
441, 7.35000, 4.55511, 49.2849, 42.9523, -99.4192, 41.8101, 79.0181, 0.040182, 175.355, 0.280057, 1.36654, 0.251827, -179.486
441, 7.35833, 4.55413, 49.119, 42.7474, -99.3562, 41.6083, 79.0875, 0.0400132, 175.231, 0.278396, 1.41184, 0.250302, -179.42
442, 7.36667, 4.55318, 48.9543, 42.5434, -99.2921, 41.4074, 79.158, 0.0398455, 175.107, 0.276745, 1.45828, 0.248787, -179.354
443, 7.37500, 4.55227, 48.791, 42.3405, -99.2268, 41.2075, 79.2296, 0.0396788, 174.984, 0.275105, 1.50584, 0.247281, -179.285
443, 7.38333, 4.55138, 48.6289, 42.1385, -99.1604, 41.0086, 79.3023, 0.0395131, 174.862, 0.273474, 1.55455, 0.245785, -179.216
444, 7.39167, 4.55052, 48.4681, 41.9375, -99.0927, 40.8106, 79.3762, 0.0393484, 174.74, 0.271853, 1.6044, 0.244299, -179.146
444, 7.40000, 4.5497, 48.3085, 41.7375, -99.0239, 40.6136, 79.4513, 0.0391846, 174.62, 0.270243, 1.65538, 0.242822, -179.074
444, 7.40833, 4.5489, 48.1502, 41.5384, -98.9539, 40.4176, 79.5274, 0.0390219, 174.5, 0.268642, 1.70752, 0.241354, -179.001
445, 7.41667, 4.54813, 47.9931, 41.3404, -98.8827, 40.2225, 79.6048, 0.0388602, 174.38, 0.267051, 1.76081, 0.239895, -178.927
446, 7.42500, 4.5474, 47.8372, 41.1433, -98.8103, 40.0284, 79.6833, 0.0386994, 174.262, 0.26547, 1.81524, 0.238446, -178.852
446, 7.43333, 4.54669, 47.6825, 40.9472, -98.7368, 39.8352, 79.7629, 0.0385396, 174.144, 0.263898, 1.87083, 0.237005, -178.775
447, 7.44167, 4.54601, 47.5291, 40.752, -98.662, 39.643, 79.8437, 0.0383807, 174.027, 0.262336, 1.92759, 0.235574, -178.697
447, 7.45000, 4.54536, 47.3768, 40.5578, -98.586, 39.4517, 79.9257, 0.0382228, 173.911, 0.260784, 1.9855, 0.234152, -178.618
447, 7.45833, 4.54474, 47.2257, 40.3645, -98.5089, 39.2614, 80.0088, 0.0380659, 173.796, 0.259241, 2.04457, 0.232739, -178.538
448, 7.46667, 4.54414, 47.0757, 40.1722, -98.4305, 39.0719, 80.0931, 0.0379098, 173.681, 0.257708, 2.10482, 0.231335, -178.456
449, 7.47500, 4.54358, 46.9269, 39.9808, -98.3509, 38.8835, 80.1786, 0.0377548, 173.567, 0.256184, 2.16624, 0.229939, -178.373
449, 7.48333, 4.54304, 46.7793, 39.7904, -98.2701, 38.6959, 80.2653, 0.0376006, 173.454, 0.25467, 2.22883, 0.228553, -178.289
450, 7.49167, 4.54254, 46.6328, 39.6009, -98.188, 38.5093, 80.3532, 0.0374473, 173.341, 0.253164, 2.2926, 0.227175, -178.204
450, 7.50000, 4.54206, 46.4874, 39.4124, -98.1048, 38.3236, 80.4423, 0.037295, 173.229, 0.251668, 2.35755, 0.225806, -178.117
450, 7.50833, 4.5416, 46.3431, 39.2248, -98.0203, 38.1388, 80.5325, 0.0371436, 173.118, 0.250182, 2.42368, 0.224446, -178.029
451, 7.51667, 4.54118, 46.2, 39.0381, -97.9346, 37.9549, 80.624, 0.036993, 173.007, 0.248704, 2.49101, 0.223095, -177.94
452, 7.52500, 4.54078, 46.0579, 38.8524, -97.8476, 37.7719, 80.7167, 0.0368434, 172.897, 0.247236, 2.55953, 0.221752, -177.849
452, 7.53333, 4.54041, 45.9169, 38.6676, -97.7594, 37.5899, 80.8105, 0.0366946, 172.788, 0.245776, 2.62924, 0.220418, -177.757
453, 7.54167, 4.54007, 45.777, 38.4837, -97.67, 37.4087, 80.9057, 0.0365467, 172.68, 0.244326, 2.70016, 0.219092, -177.664
453, 7.55000, 4.53976, 45.6382, 38.3007, -97.5793, 37.2284, 81.002, 0.0363997, 172.572, 0.242884, 2.77228, 0.217775, -177.57
453, 7.55833, 4.53947, 45.5004, 38.1186, -97.4874, 37.0491, 81.0995, 0.0362536, 172.465, 0.241452, 2.8456, 0.216466, -177.474
454, 7.56667, 4.53921, 45.3636, 37.9375, -97.3941, 36.8706, 81.1983, 0.0361083, 172.359, 0.240028, 2.92015, 0.215165, -177.377
455, 7.57500, 4.53897, 45.2279, 37.7573, -97.2997, 36.693, 81.2984, 0.0359639, 172.253, 0.238613, 2.99591, 0.213873, -177.279
455, 7.58333, 4.53876, 45.0933, 37.5779, -97.2039, 36.5164, 81.3996, 0.0358203, 172.148, 0.237207, 3.07288, 0.212589, -177.179
456, 7.59167, 4.53858, 44.9596, 37.3995, -97.1069, 36.3406, 81.5022, 0.0356775, 172.043, 0.23581, 3.15109, 0.211313, -177.078
456, 7.60000, 4.53842, 44.827, 37.222, -97.0086, 36.1657, 81.6059, 0.0355356, 171.939, 0.234421, 3.23052, 0.210046, -176.976
456, 7.60833, 4.53829, 44.6953, 37.0454, -96.909, 35.9916, 81.711, 0.0353945, 171.836, 0.233041, 3.31118, 0.208787, -176.872
457, 7.61667, 4.53819, 44.5646, 36.8697, -96.8082, 35.8185, 81.8173, 0.0352543, 171.734, 0.231669, 3.39309, 0.207536, -176.767
458, 7.62500, 4.53811, 44.435, 36.6948, -96.706, 35.6462, 81.9249, 0.0351148, 171.632, 0.230306, 3.47623, 0.206293, -176.66
458, 7.63333, 4.53806, 44.3063, 36.5209, -96.6025, 35.4748, 82.0337, 0.0349762, 171.53, 0.228952, 3.56062, 0.205058, -176.553
459, 7.64167, 4.53803, 44.1786, 36.3479, -96.4978, 35.3043, 82.1439, 0.0348383, 171.43, 0.227605, 3.64628, 0.20383, -176.443
459, 7.65000, 4.53803, 44.0518, 36.1757, -96.3917, 35.1346, 82.2553, 0.0347013, 171.33, 0.226268, 3.73318, 0.202611, -176.333
459, 7.65833, 4.53805, 43.926, 36.0045, -96.2843, 34.9658, 82.368, 0.0345651, 171.23, 0.224938, 3.82133, 0.2014, -176.221
460, 7.66667, 4.5381, 43.8011, 35.8341, -96.1756, 34.7979, 82.482, 0.0344296, 171.132, 0.223617, 3.91077, 0.200197, -176.108
461, 7.67500, 4.53817, 43.6771, 35.6646, -96.0656, 34.6308, 82.5974, 0.034295, 171.033, 0.222304, 4.00147, 0.199002, -175.993
461, 7.68333, 4.53827, 43.5541, 35.4959, -95.9542, 34.4646, 82.714, 0.0341611, 170.936, 0.221, 4.09344, 0.197814, -175.877
462, 7.69167, 4.53839, 43.432, 35.3282, -95.8415, 34.2993, 82.832, 0.0340279, 170.839, 0.219703, 4.1867, 0.196634, -175.759
462, 7.70000, 4.53854, 43.3108, 35.1613, -95.7275, 34.1348, 82.9512, 0.0338956, 170.742, 0.218415, 4.28124, 0.195462, -175.64
462, 7.70833, 4.53871, 43.1905, 34.9953, -95.6121, 33.9711, 83.0718, 0.033764, 170.647, 0.217135, 4.37707, 0.194298, -175.52
463, 7.71667, 4.5389, 43.0711, 34.8302, -95.4953, 33.8083, 83.1938, 0.0336331, 170.552, 0.215863, 4.4742, 0.193141, -175.398
464, 7.72500, 4.53912, 42.9525, 34.6659, -95.3772, 33.6464, 83.3171, 0.0335031, 170.457, 0.214599, 4.57262, 0.191992, -175.275
464, 7.73333, 4.53937, 42.8349, 34.5025, -95.2578, 33.4853, 83.4417, 0.0333737, 170.363, 0.213342, 4.67235, 0.190851, -175.15
465, 7.74167, 4.53963, 42.7181, 34.34, -95.1369, 33.325, 83.5677, 0.0332451, 170.27, 0.212094, 4.77341, 0.189717, -175.024
465, 7.75000, 4.53992, 42.6022, 34.1783, -95.0147, 33.1656, 83.6951, 0.0331172, 170.177, 0.210854, 4.87576, 0.18859, -174.897
465, 7.75833, 4.54024, 42.4871, 34.0176, -94.8912, 33.0071, 83.8238, 0.0329901, 170.084, 0.209622, 4.97944, 0.187472, -174.768
466, 7.76667, 4.54058, 42.3729, 33.8576, -94.7662, 32.8493, 83.9539, 0.0328636, 169.993, 0.208397, 5.08446, 0.18636, -174.637
467, 7.77500, 4.54094, 42.2595, 33.6985, -94.6398, 32.6924, 84.0854, 0.0327379, 169.902, 0.20718, 5.1908, 0.185256, -174.506
467, 7.78333, 4.54132, 42.1469, 33.5403, -94.5121, 32.5364, 84.2183, 0.0326129, 169.811, 0.205971, 5.29848, 0.184159, -174.372
468, 7.79167, 4.54173, 42.0352, 33.3829, -94.3829, 32.3811, 84.3526, 0.0324886, 169.721, 0.204769, 5.40751, 0.18307, -174.237
468, 7.80000, 4.54216, 41.9243, 33.2264, -94.2523, 32.2268, 84.4882, 0.032365, 169.631, 0.203576, 5.51788, 0.181988, -174.101
468, 7.80833, 4.54262, 41.8141, 33.0707, -94.1203, 32.0732, 84.6253, 0.0322421, 169.542, 0.20239, 5.62961, 0.180914, -173.963
469, 7.81667, 4.54309, 41.7048, 32.9159, -93.9869, 31.9205, 84.7638, 0.0321199, 169.454, 0.201211, 5.7427, 0.179846, -173.824
470, 7.82500, 4.54359, 41.5963, 32.7619, -93.8521, 31.7686, 84.9037, 0.0319984, 169.366, 0.20004, 5.85716, 0.178786, -173.683
470, 7.83333, 4.54411, 41.4886, 32.6088, -93.7158, 31.6175, 85.0451, 0.0318776, 169.279, 0.198877, 5.97298, 0.177733, -173.541
471, 7.84167, 4.54466, 41.3816, 32.4565, -93.578, 31.4673, 85.1878, 0.0317574, 169.192, 0.197721, 6.09019, 0.176687, -173.397
471, 7.85000, 4.54522, 41.2755, 32.3051, -93.4389, 31.3178, 85.3321, 0.0316379, 169.106, 0.196573, 6.20878, 0.175649, -173.251
471, 7.85833, 4.54581, 41.1701, 32.1545, -93.2983, 31.1692, 85.4777, 0.0315191, 169.02, 0.195432, 6.32875, 0.174617, -173.104
472, 7.86667, 4.54642, 41.0654, 32.0048, -93.1562, 31.0215, 85.6248, 0.0314009, 168.935, 0.194298, 6.45013, 0.173593, -172.956
472, 7.87500, 4.54706, 40.9615, 31.8559, -93.0126, 30.8745, 85.7734, 0.0312834, 168.851, 0.193172, 6.5729, 0.172575, -172.806
473, 7.88333, 4.54771, 40.8584, 31.7078, -92.8676, 30.7284, 85.9235, 0.0311666, 168.766, 0.192053, 6.69707, 0.171565, -172.654
474, 7.89167, 4.54839, 40.756, 31.5606, -92.7211, 30.5831, 86.075, 0.0310504, 168.683, 0.190942, 6.82267, 0.170561, -172.501
474, 7.90000, 4.54909, 40.6543, 31.4142, -92.5732, 30.4386, 86.228, 0.0309348, 168.6, 0.189837, 6.94968, 0.169565, -172.346
474, 7.90833, 4.54981, 40.5534, 31.2687, -92.4237, 30.2949, 86.3825, 0.0308199, 168.517, 0.18874, 7.07811, 0.168576, -172.19
475, 7.91667, 4.55055, 40.4531, 31.1239, -92.2728, 30.152, 86.5385, 0.0307056, 168.435, 0.187651, 7.20798, 0.167593, -172.032
476, 7.92500, 4.55131, 40.3536, 30.9801, -92.1203, 30.01, 86.696, 0.030592, 168.354, 0.186568, 7.33928, 0.166618, -171.872
476, 7.93333, 4.55209, 40.2548, 30.837, -91.9664, 29.8688, 86.855, 0.0304789, 168.272, 0.185492, 7.47202, 0.165649, -171.711
477, 7.94167, 4.5529, 40.1567, 30.6948, -91.8109, 29.7283, 87.0156, 0.0303665, 168.192, 0.184424, 7.60622, 0.164687, -171.549
477, 7.95000, 4.55373, 40.0593, 30.5535, -91.6539, 29.5887, 87.1776, 0.0302547, 168.112, 0.183363, 7.74187, 0.163732, -171.384
477, 7.95833, 4.55457, 39.9626, 30.4129, -91.4954, 29.4499, 87.3412, 0.0301436, 168.032, 0.182309, 7.87897, 0.162784, -171.218
478, 7.96667, 4.55544, 39.8666, 30.2732, -91.3353, 29.3119, 87.5064, 0.030033, 167.953, 0.181261, 8.01755, 0.161842, -171.051
479, 7.97500, 4.55633, 39.7713, 30.1343, -91.1737, 29.1748, 87.673, 0.029923, 167.875, 0.180221, 8.1576, 0.160908, -170.882
479, 7.98333, 4.55724, 39.6766, 29.9963, -91.0106, 29.0384, 87.8412, 0.0298137, 167.796, 0.179188, 8.29912, 0.15998, -170.711
480, 7.99167, 4.55817, 39.5826, 29.8591, -90.8459, 28.9029, 88.011, 0.0297049, 167.719, 0.178162, 8.44214, 0.159058, -170.538
480, 8.00000, 4.55912, 39.4892, 29.7227, -90.6797, 28.7681, 88.1824, 0.0295967, 167.642, 0.177143, 8.58664, 0.158144, -170.364
480, 8.00833, 4.56009, 39.3966, 29.5872, -90.5119, 28.6342, 88.3553, 0.0294891, 167.565, 0.17613, 8.73263, 0.157236, -170.188
481, 8.01667, 4.56108, 39.3045, 29.4524, -90.3425, 28.5011, 88.5298, 0.0293821, 167.489, 0.175125, 8.88015, 0.156335, -170.011
482, 8.02500, 4.56209, 39.2131, 29.3186, -90.1716, 28.3688, 88.7059, 0.0292757, 167.413, 0.174126, 9.02915, 0.15544, -169.832
482, 8.03333, 4.56312, 39.1224, 29.1855, -89.9991, 28.2373, 88.8836, 0.0291698, 167.338, 0.173134, 9.17967, 0.154552, -169.651
483, 8.04167, 4.56417, 39.0322, 29.0533, -89.825, 28.1066, 89.0629, 0.0290645, 167.263, 0.172149, 9.33173, 0.153671, -169.469
483, 8.05000, 4.56524, 38.9427, 28.9219, -89.6493, 27.9767, 89.2437, 0.0289598, 167.189, 0.171171, 9.4853, 0.152796, -169.284
483, 8.05833, 4.56633, 38.8539, 28.7913, -89.472, 27.8476, 89.4262, 0.0288557, 167.115, 0.170199, 9.64041, 0.151927, -169.099
484, 8.06667, 4.56744, 38.7656, 28.6615, -89.2931, 27.7194, 89.6104, 0.0287521, 167.041, 0.169234, 9.79707, 0.151065, -168.911
485, 8.07500, 4.56857, 38.6779, 28.5326, -89.1126, 27.5919, 89.7961, 0.028649, 166.968, 0.168276, 9.95525, 0.15021, -168.722
485, 8.08333, 4.56972, 38.5909, 28.4045, -88.9305, 27.4653, 89.9835, 0.0285466, 166.896, 0.167325, 10.115, 0.149361, -168.531
486, 8.09167, 4.57089, 38.5045, 28.2773, -88.7468, 27.3394, 90.1725, 0.0284446, 166.824, 0.16638, 10.2763, 0.148519, -168.338
486, 8.10000, 4.57208, 38.4186, 28.1509, -88.5614, 27.2144, 90.3631, 0.0283432, 166.752, 0.165442, 10.4392, 0.147683, -168.144
486, 8.10833, 4.57328, 38.3334, 28.0253, -88.3744, 27.0902, 90.5554, 0.0282424, 166.681, 0.16451, 10.6036, 0.146853, -167.948
487, 8.11667, 4.57451, 38.2487, 27.9005, -88.1858, 26.9668, 90.7494, 0.028142, 166.61, 0.163585, 10.7696, 0.14603, -167.75
488, 8.12500, 4.57576, 38.1646, 27.7765, -87.9956, 26.8442, 90.945, 0.0280422, 166.54, 0.162667, 10.9372, 0.145213, -167.55
488, 8.13333, 4.57702, 38.0811, 27.6534, -87.8037, 26.7224, 91.1423, 0.027943, 166.47, 0.161755, 11.1064, 0.144403, -167.349
489, 8.14167, 4.5783, 37.9981, 27.5311, -87.6101, 26.6014, 91.3413, 0.0278442, 166.401, 0.16085, 11.2771, 0.143599, -167.146
489, 8.15000, 4.57961, 37.9157, 27.4097, -87.415, 26.4812, 91.542, 0.027746, 166.332, 0.159951, 11.4495, 0.142801, -166.941
489, 8.15833, 4.58093, 37.8339, 27.2891, -87.2181, 26.3619, 91.7443, 0.0276483, 166.263, 0.159059, 11.6234, 0.14201, -166.735
490, 8.16667, 4.58227, 37.7527, 27.1693, -87.0196, 26.2433, 91.9483, 0.0275511, 166.195, 0.158173, 11.799, 0.141224, -166.526
491, 8.17500, 4.58362, 37.6719, 27.0503, -86.8194, 26.1256, 92.154, 0.0274545, 166.127, 0.157293, 11.9762, 0.140446, -166.316
491, 8.18333, 4.585, 37.5918, 26.9322, -86.6176, 26.0086, 92.3615, 0.0273583, 166.06, 0.15642, 12.155, 0.139673, -166.104
492, 8.19167, 4.58639, 37.5121, 26.8149, -86.414, 25.8925, 92.5706, 0.0272626, 165.993, 0.155553, 12.3354, 0.138907, -165.891
492, 8.20000, 4.58781, 37.433, 26.6984, -86.2088, 25.7772, 92.7815, 0.0271675, 165.926, 0.154693, 12.5175, 0.138147, -165.675
492, 8.20833, 4.58924, 37.3545, 26.5828, -86.002, 25.6627, 92.994, 0.0270728, 165.86, 0.153839, 12.7012, 0.137393, -165.458
493, 8.21667, 4.59069, 37.2765, 26.468, -85.7934, 25.5491, 93.2083, 0.0269786, 165.795, 0.152992, 12.8865, 0.136645, -165.239
493, 8.22500, 4.59215, 37.199, 26.354, -85.5831, 25.4362, 93.4243, 0.026885, 165.729, 0.152151, 13.0735, 0.135904, -165.018
494, 8.23333, 4.59364, 37.122, 26.2409, -85.3712, 25.3242, 93.6421, 0.0267918, 165.665, 0.151316, 13.2621, 0.135169, -164.796
495, 8.24167, 4.59514, 37.0455, 26.1286, -85.1575, 25.2129, 93.8616, 0.026699, 165.6, 0.150487, 13.4524, 0.13444, -164.572
495, 8.25000, 4.59666, 36.9695, 26.0171, -84.9422, 25.1025, 94.0828, 0.0266068, 165.536, 0.149665, 13.6443, 0.133717, -164.346
495, 8.25833, 4.5982, 36.8941, 25.9065, -84.7251, 24.993, 94.3057, 0.0265151, 165.472, 0.148849, 13.8379, 0.133, -164.118
496, 8.26667, 4.59976, 36.8191, 25.7967, -84.5064, 24.8842, 94.5305, 0.0264238, 165.409, 0.148039, 14.0331, 0.132289, -163.888
497, 8.27500, 4.60133, 36.7446, 25.6878, -84.2859, 24.7763, 94.7569, 0.026333, 165.346, 0.147235, 14.23, 0.131585, -163.656
497, 8.28333, 4.60292, 36.6707, 25.5797, -84.0637, 24.6691, 94.9851, 0.0262426, 165.284, 0.146438, 14.4286, 0.130886, -163.423
498, 8.29167, 4.60453, 36.5972, 25.4724, -83.8398, 24.5628, 95.2151, 0.0261527, 165.222, 0.145647, 14.6289, 0.130194, -163.188
498, 8.30000, 4.60616, 36.5242, 25.366, -83.6143, 24.4574, 95.4468, 0.0260633, 165.16, 0.144862, 14.8309, 0.129507, -162.951
498, 8.30833, 4.6078, 36.4517, 25.2604, -83.3869, 24.3527, 95.6803, 0.0259744, 165.099, 0.144083, 15.0345, 0.128827, -162.713
499, 8.31667, 4.60946, 36.3796, 25.1557, -83.1579, 24.2489, 95.9156, 0.0258858, 165.038, 0.14331, 15.2398, 0.128153, -162.472
500, 8.32500, 4.61114, 36.3081, 25.0518, -82.9271, 24.1459, 96.1526, 0.0257978, 164.978, 0.142543, 15.4468, 0.127485, -162.23
500, 8.33333, 4.61283, 36.237, 24.9488, -82.6947, 24.0437, 96.3914, 0.0257102, 164.918, 0.141783, 15.6556, 0.126823, -161.986
501, 8.34167, 4.61455, 36.1663, 24.8466, -82.4605, 23.9424, 96.632, 0.025623, 164.858, 0.141028, 15.866, 0.126167, -161.74
501, 8.35000, 4.61627, 36.0961, 24.7452, -82.2246, 23.8419, 96.8743, 0.0255363, 164.798, 0.14028, 16.0781, 0.125516, -161.492
501, 8.35833, 4.61802, 36.0264, 24.6447, -81.987, 23.7422, 97.1184, 0.02545, 164.74, 0.139538, 16.2919, 0.124872, -161.243
502, 8.36667, 4.61978, 35.9571, 24.5451, -81.7476, 23.6433, 97.3644, 0.0253641, 164.681, 0.138802, 16.5074, 0.124234, -160.991
503, 8.37500, 4.62156, 35.8883, 24.4463, -81.5065, 23.5453, 97.612, 0.0252787, 164.623, 0.138072, 16.7247, 0.123602, -160.738
503, 8.38333, 4.62336, 35.82, 24.3483, -81.2637, 23.4481, 97.8615, 0.0251938, 164.565, 0.137347, 16.9436, 0.122976, -160.484
504, 8.39167, 4.62517, 35.752, 24.2512, -81.0192, 23.3518, 98.1127, 0.0251092, 164.507, 0.136629, 17.1642, 0.122355, -160.227
504, 8.40000, 4.627, 35.6845, 24.155, -80.773, 23.2563, 98.3657, 0.0250251, 164.45, 0.135917, 17.3866, 0.121741, -159.969
504, 8.40833, 4.62884, 35.6175, 24.0596, -80.525, 23.1616, 98.6205, 0.0249414, 164.393, 0.135211, 17.6107, 0.121132, -159.708
505, 8.41667, 4.6307, 35.5508, 23.9651, -80.2753, 23.0678, 98.8771, 0.0248581, 164.337, 0.134511, 17.8365, 0.12053, -159.446
506, 8.42500, 4.63258, 35.4846, 23.8714, -80.024, 22.9748, 99.1354, 0.0247752, 164.281, 0.133817, 18.064, 0.119933, -159.183
506, 8.43333, 4.63447, 35.4188, 23.7786, -79.7709, 22.8827, 99.3955, 0.0246927, 164.225, 0.133129, 18.2932, 0.119342, -158.917
507, 8.44167, 4.63638, 35.3535, 23.6867, -79.5161, 22.7914, 99.6574, 0.0246107, 164.17, 0.132446, 18.5241, 0.118757, -158.65
507, 8.45000, 4.63831, 35.2885, 23.5956, -79.2596, 22.701, 99.921, 0.024529, 164.115, 0.13177, 18.7568, 0.118178, -158.381
507, 8.45833, 4.64025, 35.224, 23.5054, -79.0014, 22.6114, 100.186, 0.0244478, 164.06, 0.131099, 18.9911, 0.117605, -158.11
508, 8.46667, 4.64221, 35.1598, 23.416, -78.7415, 22.5226, 100.454, 0.024367, 164.006, 0.130435, 19.2273, 0.117038, -157.837
509, 8.47500, 4.64418, 35.0961, 23.3276, -78.4799, 22.4347, 100.723, 0.0242865, 163.952, 0.129776, 19.465, 0.116476, -157.563
509, 8.48333, 4.64617, 35.0328, 23.2399, -78.2166, 22.3477, 100.993, 0.0242065, 163.899, 0.129123, 19.7046, 0.11592, -157.287
510, 8.49167, 4.64818, 34.9699, 23.1532, -77.9516, 22.2615, 101.266, 0.0241269, 163.846, 0.128476, 19.9458, 0.11537, -157.009
510, 8.50000, 4.6502, 34.9073, 23.0673, -77.6849, 22.1762, 101.54, 0.0240476, 163.793, 0.127835, 20.1887, 0.114826, -156.73
510, 8.50833, 4.65223, 34.8452, 22.9823, -77.4166, 22.0917, 101.816, 0.0239688, 163.74, 0.1272, 20.4334, 0.114288, -156.448
511, 8.51667, 4.65428, 34.7834, 22.8982, -77.1466, 22.0081, 102.094, 0.0238903, 163.688, 0.126571, 20.6798, 0.113755, -156.165
512, 8.52500, 4.65635, 34.7221, 22.8149, -76.8749, 21.9253, 102.373, 0.0238122, 163.636, 0.125947, 20.9278, 0.113229, -155.881
512, 8.53333, 4.65843, 34.6611, 22.7325, -76.6016, 21.8434, 102.654, 0.0237345, 163.585, 0.125329, 21.1776, 0.112708, -155.595
513, 8.54167, 4.66053, 34.6005, 22.651, -76.3266, 21.7624, 102.937, 0.0236572, 163.534, 0.124717, 21.4291, 0.112192, -155.307
513, 8.55000, 4.66265, 34.5403, 22.5704, -76.05, 21.6822, 103.222, 0.0235802, 163.483, 0.124111, 21.6822, 0.111683, -155.017
514, 8.55833, 4.66478, 34.4804, 22.4906, -75.7718, 21.6029, 103.508, 0.0235037, 163.432, 0.123511, 21.9371, 0.111179, -154.726
514, 8.56667, 4.66692, 34.4209, 22.4117, -75.4919, 21.5245, 103.796, 0.0234275, 163.382, 0.122916, 22.1936, 0.110681, -154.433
514, 8.57500, 4.66908, 34.3618, 22.3338, -75.2104, 21.4469, 104.086, 0.0233516, 163.332, 0.122327, 22.4519, 0.110188, -154.138
515, 8.58333, 4.67125, 34.303, 22.2567, -74.9273, 21.3702, 104.377, 0.0232762, 163.283, 0.121744, 22.7118, 0.109702, -153.842
516, 8.59167, 4.67344, 34.2446, 22.1804, -74.6425, 21.2944, 104.67, 0.0232011, 163.234, 0.121167, 22.9734, 0.10922, -153.544
516, 8.60000, 4.67565, 34.1866, 22.1051, -74.3563, 21.2194, 104.965, 0.0231263, 163.185, 0.120595, 23.2366, 0.108745, -153.245
517, 8.60833, 4.67786, 34.1289, 22.0307, -74.0684, 21.1454, 105.261, 0.023052, 163.136, 0.120029, 23.5015, 0.108275, -152.944
517, 8.61667, 4.6801, 34.0716, 21.9571, -73.7789, 21.0722, 105.559, 0.0229779, 163.088, 0.119469, 23.7681, 0.107811, -152.641
518, 8.62500, 4.68235, 34.0146, 21.8844, -73.4879, 20.9998, 105.859, 0.0229043, 163.04, 0.118914, 24.0363, 0.107353, -152.337
518, 8.63333, 4.68461, 33.9579, 21.8126, -73.1954, 20.9284, 106.16, 0.022831, 162.993, 0.118365, 24.3062, 0.1069, -152.032
518, 8.64167, 4.68689, 33.9016, 21.7418, -72.9013, 20.8578, 106.463, 0.022758, 162.945, 0.117822, 24.5777, 0.106453, -151.725
519, 8.65000, 4.68918, 33.8457, 21.6718, -72.6057, 20.7881, 106.768, 0.0226854, 162.899, 0.117284, 24.8508, 0.106011, -151.416
520, 8.65833, 4.69149, 33.79, 21.6027, -72.3086, 20.7193, 107.074, 0.0226131, 162.852, 0.116752, 25.1255, 0.105575, -151.106
520, 8.66667, 4.69381, 33.7348, 21.5345, -72.0099, 20.6514, 107.381, 0.0225412, 162.806, 0.116226, 25.4019, 0.105145, -150.794
521, 8.67500, 4.69614, 33.6798, 21.4672, -71.7099, 20.5844, 107.691, 0.0224696, 162.76, 0.115705, 25.6798, 0.10472, -150.481
521, 8.68333, 4.69849, 33.6252, 21.4007, -71.4083, 20.5182, 108.001, 0.0223984, 162.714, 0.11519, 25.9594, 0.1043, -150.167
522, 8.69167, 4.70086, 33.5709, 21.3352, -71.1053, 20.453, 108.314, 0.0223275, 162.669, 0.114681, 26.2405, 0.103886, -149.851
522, 8.70000, 4.70324, 33.5169, 21.2706, -70.8008, 20.3886, 108.628, 0.0222569, 162.624, 0.114177, 26.5232, 0.103478, -149.534
522, 8.70833, 4.70563, 33.4632, 21.2069, -70.495, 20.3251, 108.943, 0.0221867, 162.579, 0.113679, 26.8074, 0.103075, -149.215
523, 8.71667, 4.70804, 33.4099, 21.1441, -70.1877, 20.2625, 109.26, 0.0221168, 162.535, 0.113186, 27.0933, 0.102678, -148.895
524, 8.72500, 4.71046, 33.3568, 21.0822, -69.879, 20.2009, 109.578, 0.0220472, 162.49, 0.112699, 27.3806, 0.102286, -148.574
524, 8.73333, 4.71289, 33.3041, 21.0212, -69.569, 20.1401, 109.898, 0.021978, 162.447, 0.112217, 27.6694, 0.1019, -148.251
525, 8.74167, 4.71534, 33.2517, 20.9611, -69.2576, 20.0801, 110.219, 0.0219091, 162.403, 0.111741, 27.9598, 0.101519, -147.927
525, 8.75000, 4.71781, 33.1996, 20.9019, -68.9448, 20.0211, 110.542, 0.0218405, 162.36, 0.111271, 28.2517, 0.101143, -147.602
526, 8.75833, 4.72028, 33.1478, 20.8436, -68.6308, 19.963, 110.865, 0.0217722, 162.317, 0.110806, 28.5451, 0.100773, -147.276
526, 8.76667, 4.72278, 33.0963, 20.7862, -68.3154, 19.9058, 111.191, 0.0217042, 162.274, 0.110346, 28.8399, 0.100409, -146.948
527, 8.77500, 4.72528, 33.0452, 20.7297, -67.9988, 19.8495, 111.518, 0.0216366, 162.232, 0.109892, 29.1362, 0.100049, -146.619
527, 8.78333, 4.7278, 32.9943, 20.6742, -67.6809, 19.7941, 111.846, 0.0215693, 162.19, 0.109443, 29.4339, 0.0996956, -146.289
528, 8.79167, 4.73033, 32.9437, 20.6195, -67.3618, 19.7395, 112.175, 0.0215023, 162.148, 0.109, 29.7331, 0.099347, -145.958
528, 8.80000, 4.73288, 32.8934, 20.5658, -67.0415, 19.6859, 112.506, 0.0214356, 162.107, 0.108563, 30.0337, 0.0990039, -145.626
529, 8.80833, 4.73544, 32.8433, 20.5129, -66.7199, 19.6332, 112.838, 0.0213692, 162.066, 0.108131, 30.3356, 0.0986661, -145.293
529, 8.81667, 4.73801, 32.7936, 20.461, -66.3972, 19.5814, 113.171, 0.0213031, 162.025, 0.107704, 30.639, 0.0983335, -144.958
530, 8.82500, 4.7406, 32.7442, 20.41, -66.0733, 19.5305, 113.505, 0.0212373, 161.984, 0.107283, 30.9437, 0.0980063, -144.623
530, 8.83333, 4.7432, 32.695, 20.3598, -65.7484, 19.4805, 113.841, 0.0211719, 161.944, 0.106867, 31.2498, 0.0976844, -144.286
531, 8.84167, 4.74581, 32.6461, 20.3106, -65.4222, 19.4313, 114.178, 0.0211067, 161.904, 0.106456, 31.5572, 0.0973677, -143.949
531, 8.85000, 4.74844, 32.5975, 20.2623, -65.095, 19.3831, 114.516, 0.0210418, 161.865, 0.106051, 31.8658, 0.0970563, -143.611
532, 8.85833, 4.75108, 32.5492, 20.215, -64.7668, 19.3358, 114.855, 0.0209772, 161.825, 0.105651, 32.1758, 0.0967501, -143.271
532, 8.86667, 4.75373, 32.5012, 20.1685, -64.4375, 19.2894, 115.195, 0.020913, 161.786, 0.105257, 32.4871, 0.0964491, -142.931
533, 8.87500, 4.7564, 32.4534, 20.1229, -64.1072, 19.2439, 115.536, 0.020849, 161.747, 0.104868, 32.7996, 0.0961533, -142.59
533, 8.88333, 4.75908, 32.4059, 20.0783, -63.7759, 19.1993, 115.879, 0.0207853, 161.709, 0.104484, 33.1133, 0.0958627, -142.248
534, 8.89167, 4.76177, 32.3586, 20.0345, -63.4437, 19.1556, 116.222, 0.0207219, 161.67, 0.104106, 33.4282, 0.0955772, -141.905
534, 8.90000, 4.76447, 32.3117, 19.9917, -63.1105, 19.1129, 116.566, 0.0206588, 161.632, 0.103733, 33.7443, 0.0952968, -141.562
535, 8.90833, 4.76719, 32.2649, 19.9498, -62.7764, 19.071, 116.912, 0.0205959, 161.595, 0.103365, 34.0616, 0.0950216, -141.218
535, 8.91667, 4.76992, 32.2185, 19.9087, -62.4414, 19.03, 117.258, 0.0205334, 161.557, 0.103002, 34.3801, 0.0947514, -140.873
536, 8.92500, 4.77267, 32.1723, 19.8686, -62.1056, 18.9899, 117.605, 0.0204711, 161.52, 0.102645, 34.6996, 0.0944863, -140.527
536, 8.93333, 4.77543, 32.1264, 19.8294, -61.769, 18.9507, 117.953, 0.0204092, 161.483, 0.102293, 35.0202, 0.0942263, -140.181
537, 8.94167, 4.7782, 32.0807, 19.7911, -61.4315, 18.9125, 118.302, 0.0203475, 161.447, 0.101946, 35.342, 0.0939713, -139.834
537, 8.95000, 4.78098, 32.0352, 19.7537, -61.0933, 18.8751, 118.652, 0.020286, 161.41, 0.101605, 35.6648, 0.0937213, -139.486
538, 8.95833, 4.78378, 31.9901, 19.7173, -60.7543, 18.8386, 119.002, 0.0202249, 161.374, 0.101268, 35.9885, 0.0934763, -139.138
538, 8.96667, 4.78658, 31.9451, 19.6817, -60.4146, 18.8031, 119.354, 0.020164, 161.339, 0.100937, 36.3134, 0.0932362, -138.79
539, 8.97500, 4.78941, 31.9004, 19.647, -60.0742, 18.7684, 119.706, 0.0201034, 161.303, 0.100611, 36.6391, 0.0930011, -138.44
539, 8.98333, 4.79224, 31.856, 19.6132, -59.7332, 18.7346, 120.059, 0.0200431, 161.268, 0.10029, 36.9659, 0.0927709, -138.091
539, 8.99167, 4.79509, 31.8118, 19.5804, -59.3915, 18.7017, 120.412, 0.0199831, 161.233, 0.0999741, 37.2935, 0.0925456, -137.741
540, 9.00000, 4.79795, 31.7678, 19.5484, -59.0493, 18.6698, 120.766, 0.0199233, 161.198, 0.0996635, 37.6221, 0.0923251, -137.39
541, 9.00833, 4.80082, 31.7241, 19.5173, -58.7064, 18.6387, 121.121, 0.0198638, 161.164, 0.0993579, 37.9515, 0.0921095, -137.04
541, 9.01667, 4.8037, 31.6806, 19.4872, -58.363, 18.6085, 121.476, 0.0198045, 161.13, 0.0990574, 38.2818, 0.0918987, -136.689
542, 9.02500, 4.8066, 31.6374, 19.4579, -58.0192, 18.5792, 121.832, 0.0197455, 161.096, 0.0987619, 38.6129, 0.0916927, -136.337
542, 9.03333, 4.80951, 31.5944, 19.4295, -57.6748, 18.5508, 122.189, 0.0196868, 161.062, 0.0984715, 38.9448, 0.0914915, -135.986
543, 9.04167, 4.81243, 31.5516, 19.402, -57.33, 18.5233, 122.546, 0.0196283, 161.029, 0.0981861, 39.2775, 0.091295, -135.634
543, 9.05000, 4.81536, 31.509, 19.3754, -56.9848, 18.4967, 122.903, 0.0195701, 160.996, 0.0979057, 39.6109, 0.0911032, -135.282
543, 9.05833, 4.81831, 31.4667, 19.3497, -56.6392, 18.4709, 123.261, 0.0195121, 160.963, 0.0976304, 39.9449, 0.0909161, -134.93
544, 9.06667, 4.82126, 31.4246, 19.3249, -56.2932, 18.4461, 123.619, 0.0194544, 160.93, 0.0973599, 40.2798, 0.0907337, -134.577
545, 9.07500, 4.82423, 31.3827, 19.301, -55.9469, 18.4221, 123.977, 0.019397, 160.898, 0.0970944, 40.6152, 0.0905559, -134.225
545, 9.08333, 4.82722, 31.3411, 19.278, -55.6004, 18.399, 124.336, 0.0193398, 160.866, 0.0968338, 40.9512, 0.0903828, -133.872
546, 9.09167, 4.83021, 31.2996, 19.2558, -55.2535, 18.3768, 124.695, 0.0192829, 160.834, 0.0965782, 41.2879, 0.0902141, -133.52
546, 9.10000, 4.83322, 31.2584, 19.2345, -54.9065, 18.3555, 125.054, 0.0192262, 160.802, 0.0963274, 41.6251, 0.0900501, -133.167
547, 9.10833, 4.83623, 31.2174, 19.2141, -54.5592, 18.335, 125.414, 0.0191697, 160.771, 0.0960815, 41.9628, 0.0898906, -132.815
547, 9.11667, 4.83926, 31.1766, 19.1946, -54.2117, 18.3154, 125.774, 0.0191135, 160.74, 0.0958403, 42.3011, 0.0897355, -132.462
547, 9.12500, 4.84231, 31.136, 19.176, -53.8642, 18.2967, 126.134, 0.0190576, 160.709, 0.0956041, 42.6398, 0.089585, -132.11
548, 9.13333, 4.84536, 31.0956, 19.1582, -53.5165, 18.2789, 126.494, 0.0190019, 160.679, 0.0953726, 42.979, 0.0894388, -131.758
549, 9.14167, 4.84843, 31.0555, 19.1413, -53.1688, 18.2619, 126.854, 0.0189464, 160.648, 0.0951459, 43.3186, 0.0892971, -131.406
549, 9.15000, 4.8515, 31.0155, 19.1252, -52.821, 18.2458, 127.214, 0.0188912, 160.618, 0.0949239, 43.6586, 0.0891598, -131.054
550, 9.15833, 4.85459, 30.9758, 19.11, -52.4732, 18.2305, 127.574, 0.0188362, 160.588, 0.0947067, 43.9989, 0.0890268, -130.703
550, 9.16667, 4.8577, 30.9362, 19.0957, -52.1255, 18.2161, 127.934, 0.0187814, 160.559, 0.0944941, 44.3395, 0.0888981, -130.352
551, 9.17500, 4.86081, 30.8969, 19.0823, -51.7778, 18.2026, 128.294, 0.0187269, 160.53, 0.0942863, 44.6805, 0.0887737, -130.001
551, 9.18333, 4.86393, 30.8578, 19.0697, -51.4302, 18.1899, 128.654, 0.0186726, 160.501, 0.0940831, 45.0216, 0.0886535, -129.65
552, 9.19167, 4.86707, 30.8188, 19.0579, -51.0826, 18.1781, 129.014, 0.0186186, 160.472, 0.0938845, 45.3631, 0.0885376, -129.3
552, 9.20000, 4.87022, 30.7801, 19.047, -50.7353, 18.1671, 129.374, 0.0185648, 160.443, 0.0936905, 45.7047, 0.0884258, -128.95
553, 9.20833, 4.87338, 30.7416, 19.0369, -50.3882, 18.1569, 129.734, 0.0185112, 160.415, 0.0935011, 46.0464, 0.0883183, -128.601
553, 9.21667, 4.87655, 30.7032, 19.0277, -50.0412, 18.1476, 130.093, 0.0184578, 160.387, 0.0933162, 46.3884, 0.0882148, -128.252
554, 9.22500, 4.87973, 30.6651, 19.0193, -49.6945, 18.1391, 130.452, 0.0184047, 160.359, 0.0931359, 46.7303, 0.0881154, -127.904
554, 9.23333, 4.88292, 30.6271, 19.0118, -49.3481, 18.1315, 130.811, 0.0183518, 160.332, 0.0929601, 47.0724, 0.0880202, -127.556
555, 9.24167, 4.88613, 30.5893, 19.005, -49.0019, 18.1246, 131.169, 0.0182991, 160.304, 0.0927887, 47.4146, 0.0879289, -127.209
555, 9.25000, 4.88935, 30.5517, 18.9992, -48.6561, 18.1186, 131.527, 0.0182467, 160.277, 0.0926219, 47.7567, 0.0878416, -126.862
556, 9.25833, 4.89257, 30.5143, 18.9941, -48.3107, 18.1135, 131.885, 0.0181945, 160.25, 0.0924594, 48.0988, 0.0877583, -126.516
556, 9.26667, 4.89581, 30.4771, 18.9898, -47.9656, 18.1091, 132.243, 0.0181425, 160.224, 0.0923013, 48.4408, 0.0876789, -126.171
557, 9.27500, 4.89906, 30.4401, 18.9864, -47.621, 18.1056, 132.599, 0.0180907, 160.197, 0.0921476, 48.7828, 0.0876034, -125.826
557, 9.28333, 4.90232, 30.4033, 18.9838, -47.2769, 18.1028, 132.956, 0.0180391, 160.171, 0.0919982, 49.1246, 0.0875318, -125.482
558, 9.29167, 4.9056, 30.3666, 18.982, -46.9332, 18.1009, 133.312, 0.0179878, 160.145, 0.0918531, 49.4664, 0.087464, -125.139
558, 9.30000, 4.90888, 30.3301, 18.981, -46.59, 18.0998, 133.667, 0.0179367, 160.12, 0.0917123, 49.8079, 0.0874, -124.796
559, 9.30833, 4.91218, 30.2938, 18.9808, -46.2474, 18.0994, 134.022, 0.0178857, 160.094, 0.0915758, 50.1492, 0.0873398, -124.455
559, 9.31667, 4.91548, 30.2577, 18.9814, -45.9053, 18.0999, 134.376, 0.017835, 160.069, 0.0914435, 50.4903, 0.0872832, -124.114
560, 9.32500, 4.9188, 30.2217, 18.9828, -45.5639, 18.1012, 134.73, 0.0177846, 160.044, 0.0913153, 50.8311, 0.0872304, -123.774
560, 9.33333, 4.92213, 30.1859, 18.9849, -45.2231, 18.1032, 135.082, 0.0177343, 160.02, 0.0911914, 51.1716, 0.0871812, -123.435
561, 9.34167, 4.92547, 30.1503, 18.9879, -44.8829, 18.106, 135.435, 0.0176842, 159.995, 0.0910716, 51.5118, 0.0871357, -123.096
561, 9.35000, 4.92882, 30.1149, 18.9916, -44.5434, 18.1096, 135.786, 0.0176344, 159.971, 0.0909558, 51.8516, 0.0870937, -122.759
562, 9.35833, 4.93218, 30.0796, 18.9961, -44.2046, 18.114, 136.137, 0.0175847, 159.947, 0.0908442, 52.191, 0.0870553, -122.423
562, 9.36667, 4.93556, 30.0445, 19.0014, -43.8665, 18.1191, 136.487, 0.0175353, 159.923, 0.0907366, 52.53, 0.0870204, -122.087
563, 9.37500, 4.93894, 30.0096, 19.0075, -43.5292, 18.125, 136.836, 0.017486, 159.9, 0.090633, 52.8686, 0.086989, -121.753
563, 9.38333, 4.94233, 29.9749, 19.0143, -43.1927, 18.1316, 137.184, 0.017437, 159.876, 0.0905334, 53.2067, 0.086961, -121.42
564, 9.39167, 4.94574, 29.9403, 19.0218, -42.857, 18.139, 137.532, 0.0173882, 159.853, 0.0904378, 53.5443, 0.0869365, -121.087
564, 9.40000, 4.94915, 29.9058, 19.0301, -42.5221, 18.1472, 137.878, 0.0173396, 159.83, 0.090346, 53.8813, 0.0869153, -120.756
564, 9.40833, 4.95258, 29.8716, 19.0392, -42.1881, 18.1561, 138.224, 0.0172911, 159.808, 0.0902582, 54.2178, 0.0868975, -120.426
565, 9.41667, 4.95602, 29.8374, 19.049, -41.8549, 18.1657, 138.569, 0.0172429, 159.785, 0.0901742, 54.5537, 0.0868829, -120.097
566, 9.42500, 4.95947, 29.8035, 19.0596, -41.5227, 18.1761, 138.912, 0.0171949, 159.763, 0.0900941, 54.889, 0.0868717, -119.769
566, 9.43333, 4.96293, 29.7697, 19.0708, -41.1914, 18.1871, 139.255, 0.0171471, 159.741, 0.0900177, 55.2237, 0.0868637, -119.442
567, 9.44167, 4.9664, 29.7361, 19.0828, -40.861, 18.1989, 139.597, 0.0170994, 159.72, 0.0899451, 55.5577, 0.0868588, -119.117
567, 9.45000, 4.96988, 29.7026, 19.0955, -40.5316, 18.2115, 139.938, 0.017052, 159.698, 0.0898762, 55.891, 0.0868572, -118.792
568, 9.45833, 4.97337, 29.6693, 19.109, -40.2033, 18.2247, 140.277, 0.0170047, 159.677, 0.0898111, 56.2235, 0.0868586, -118.469
568, 9.46667, 4.97687, 29.6361, 19.1231, -39.8759, 18.2387, 140.616, 0.0169577, 159.656, 0.0897496, 56.5554, 0.0868632, -118.147
568, 9.47500, 4.98038, 29.6031, 19.138, -39.5495, 18.2533, 140.953, 0.0169108, 159.635, 0.0896917, 56.8864, 0.0868708, -117.827
569, 9.48333, 4.9839, 29.5702, 19.1536, -39.2243, 18.2686, 141.29, 0.0168642, 159.615, 0.0896374, 57.2167, 0.0868815, -117.507
570, 9.49167, 4.98743, 29.5375, 19.1698, -38.9, 18.2847, 141.625, 0.0168177, 159.594, 0.0895867, 57.5461, 0.0868951, -117.189
570, 9.50000, 4.99098, 29.5049, 19.1868, -38.5769, 18.3014, 141.959, 0.0167714, 159.574, 0.0895395, 57.8747, 0.0869117, -116.873
571, 9.50833, 4.99453, 29.4725, 19.2044, -38.2549, 18.3188, 142.292, 0.0167253, 159.554, 0.0894959, 58.2024, 0.0869312, -116.557
571, 9.51667, 4.9981, 29.4402, 19.2227, -37.934, 18.3369, 142.624, 0.0166794, 159.535, 0.0894556, 58.5293, 0.0869536, -116.243
572, 9.52500, 5.00167, 29.4081, 19.2417, -37.6143, 18.3556, 142.954, 0.0166337, 159.515, 0.0894189, 58.8552, 0.0869788, -115.93
572, 9.53333, 5.00526, 29.3761, 19.2614, -37.2958, 18.375, 143.283, 0.0165882, 159.496, 0.0893855, 59.1802, 0.0870069, -115.619
572, 9.54167, 5.00885, 29.3442, 19.2817, -36.9784, 18.3951, 143.611, 0.0165428, 159.477, 0.0893555, 59.5042, 0.0870377, -115.309
573, 9.55000, 5.01246, 29.3125, 19.3027, -36.6623, 18.4158, 143.938, 0.0164976, 159.458, 0.0893288, 59.8273, 0.0870713, -115
574, 9.55833, 5.01607, 29.281, 19.3243, -36.3474, 18.4372, 144.263, 0.0164526, 159.439, 0.0893055, 60.1493, 0.0871076, -114.693
574, 9.56667, 5.0197, 29.2496, 19.3466, -36.0336, 18.4592, 144.587, 0.0164078, 159.421, 0.0892854, 60.4704, 0.0871466, -114.387
575, 9.57500, 5.02333, 29.2183, 19.3696, -35.7212, 18.4819, 144.91, 0.0163632, 159.403, 0.0892685, 60.7904, 0.0871882, -114.082
575, 9.58333, 5.02698, 29.1871, 19.3931, -35.41, 18.5051, 145.231, 0.0163187, 159.385, 0.0892549, 61.1093, 0.0872324, -113.779
576, 9.59167, 5.03064, 29.1561, 19.4173, -35.1001, 18.529, 145.551, 0.0162745, 159.367, 0.0892444, 61.4272, 0.0872792, -113.478
576, 9.60000, 5.0343, 29.1252, 19.4422, -34.7915, 18.5536, 145.87, 0.0162304, 159.35, 0.089237, 61.7439, 0.0873285, -113.178
577, 9.60833, 5.03798, 29.0945, 19.4676, -34.4842, 18.5787, 146.187, 0.0161865, 159.333, 0.0892328, 62.0596, 0.0873804, -112.879
577, 9.61667, 5.04167, 29.0639, 19.4937, -34.1782, 18.6045, 146.503, 0.0161427, 159.316, 0.0892316, 62.3741, 0.0874347, -112.582
578, 9.62500, 5.04536, 29.0334, 19.5204, -33.8735, 18.6308, 146.818, 0.0160991, 159.299, 0.0892334, 62.6875, 0.0874915, -112.286
578, 9.63333, 5.04907, 29.0031, 19.5477, -33.5702, 18.6578, 147.131, 0.0160557, 159.282, 0.0892382, 62.9996, 0.0875506, -111.992
579, 9.64167, 5.05279, 28.9729, 19.5756, -33.2682, 18.6853, 147.442, 0.0160125, 159.266, 0.0892461, 63.3107, 0.0876122, -111.699
579, 9.65000, 5.05651, 28.9428, 19.6041, -32.9676, 18.7134, 147.752, 0.0159695, 159.25, 0.0892568, 63.6205, 0.0876761, -111.408
580, 9.65833, 5.06025, 28.9128, 19.6332, -32.6684, 18.7422, 148.061, 0.0159266, 159.234, 0.0892705, 63.9291, 0.0877423, -111.119
580, 9.66667, 5.064, 28.883, 19.6628, -32.3706, 18.7714, 148.368, 0.0158839, 159.218, 0.089287, 64.2365, 0.0878107, -110.83
581, 9.67500, 5.06776, 28.8533, 19.6931, -32.0742, 18.8013, 148.674, 0.0158413, 159.202, 0.0893063, 64.5426, 0.0878815, -110.544
581, 9.68333, 5.07152, 28.8237, 19.7239, -31.7791, 18.8317, 148.978, 0.0157989, 159.187, 0.0893285, 64.8474, 0.0879544, -110.259
582, 9.69167, 5.0753, 28.7942, 19.7553, -31.4855, 18.8627, 149.281, 0.0157567, 159.172, 0.0893534, 65.151, 0.0880295, -109.975
582, 9.70000, 5.07908, 28.7649, 19.7872, -31.1933, 18.8942, 149.582, 0.0157147, 159.157, 0.089381, 65.4533, 0.0881068, -109.693
583, 9.70833, 5.08288, 28.7357, 19.8197, -30.9025, 18.9263, 149.882, 0.0156728, 159.142, 0.0894114, 65.7543, 0.0881862, -109.413
583, 9.71667, 5.08669, 28.7066, 19.8528, -30.6132, 18.959, 150.18, 0.0156311, 159.128, 0.0894444, 66.054, 0.0882676, -109.134
584, 9.72500, 5.0905, 28.6776, 19.8864, -30.3253, 18.9921, 150.477, 0.0155895, 159.113, 0.0894801, 66.3524, 0.0883512, -108.857
584, 9.73333, 5.09433, 28.6488, 19.9205, -30.0389, 19.0258, 150.772, 0.0155481, 159.099, 0.0895183, 66.6494, 0.0884367, -108.581
585, 9.74167, 5.09816, 28.6201, 19.9552, -29.7539, 19.06, 151.066, 0.0155069, 159.086, 0.0895592, 66.9452, 0.0885243, -108.307
585, 9.75000, 5.10201, 28.5914, 19.9904, -29.4704, 19.0948, 151.358, 0.0154658, 159.072, 0.0896025, 67.2395, 0.0886138, -108.034
586, 9.75833, 5.10586, 28.5629, 20.0261, -29.1883, 19.13, 151.648, 0.0154249, 159.058, 0.0896484, 67.5324, 0.0887052, -107.763
586, 9.76667, 5.10973, 28.5346, 20.0624, -28.9077, 19.1658, 151.937, 0.0153842, 159.045, 0.0896968, 67.8241, 0.0887986, -107.494
587, 9.77500, 5.1136, 28.5063, 20.0992, -28.6287, 19.2021, 152.224, 0.0153436, 159.032, 0.0897476, 68.1143, 0.0888938, -107.226
587, 9.78333, 5.11748, 28.4781, 20.1364, -28.3511, 19.2388, 152.51, 0.0153031, 159.019, 0.0898008, 68.4031, 0.0889909, -106.959
588, 9.79167, 5.12138, 28.4501, 20.1742, -28.0749, 19.2761, 152.795, 0.0152628, 159.007, 0.0898564, 68.6906, 0.0890898, -106.695
588, 9.80000, 5.12528, 28.4222, 20.2125, -27.8003, 19.3139, 153.077, 0.0152227, 158.994, 0.0899144, 68.9766, 0.0891905, -106.432
589, 9.80833, 5.12919, 28.3944, 20.2513, -27.5272, 19.3521, 153.358, 0.0151827, 158.982, 0.0899746, 69.2612, 0.089293, -106.17
589, 9.81667, 5.13311, 28.3666, 20.2905, -27.2555, 19.3908, 153.638, 0.0151429, 158.97, 0.0900372, 69.5444, 0.0893972, -105.91
590, 9.82500, 5.13705, 28.339, 20.3303, -26.9854, 19.43, 153.916, 0.0151033, 158.958, 0.090102, 69.8261, 0.0895031, -105.651
590, 9.83333, 5.14099, 28.3116, 20.3705, -26.7167, 19.4696, 154.192, 0.0150638, 158.947, 0.0901691, 70.1064, 0.0896106, -105.395
591, 9.84167, 5.14494, 28.2842, 20.4112, -26.4496, 19.5098, 154.467, 0.0150244, 158.936, 0.0902383, 70.3853, 0.0897199, -105.139
591, 9.85000, 5.1489, 28.2569, 20.4524, -26.1839, 19.5503, 154.74, 0.0149852, 158.924, 0.0903097, 70.6628, 0.0898307, -104.885
592, 9.85833, 5.15286, 28.2297, 20.494, -25.9198, 19.5913, 155.012, 0.0149461, 158.913, 0.0903832, 70.9387, 0.0899432, -104.633
592, 9.86667, 5.15684, 28.2027, 20.5361, -25.6572, 19.6328, 155.282, 0.0149072, 158.903, 0.0904589, 71.2133, 0.0900572, -104.383
593, 9.87500, 5.16083, 28.1757, 20.5787, -25.3961, 19.6747, 155.55, 0.0148685, 158.892, 0.0905366, 71.4864, 0.0901727, -104.134
593, 9.88333, 5.16483, 28.1489, 20.6216, -25.1365, 19.7171, 155.817, 0.0148298, 158.882, 0.0906164, 71.7579, 0.0902898, -103.886
594, 9.89167, 5.16884, 28.1221, 20.6651, -24.8783, 19.7599, 156.082, 0.0147914, 158.872, 0.0906982, 72.0281, 0.0904084, -103.64
594, 9.90000, 5.17285, 28.0955, 20.709, -24.6218, 19.8031, 156.346, 0.0147531, 158.862, 0.0907819, 72.2968, 0.0905284, -103.396
595, 9.90833, 5.17688, 28.0689, 20.7533, -24.3667, 19.8467, 156.608, 0.0147149, 158.852, 0.0908677, 72.5639, 0.0906499, -103.153
595, 9.91667, 5.18091, 28.0425, 20.798, -24.1131, 19.8907, 156.868, 0.0146768, 158.843, 0.0909553, 72.8297, 0.0907728, -102.912
596, 9.92500, 5.18495, 28.0161, 20.8432, -23.861, 19.9352, 157.127, 0.014639, 158.833, 0.0910449, 73.0939, 0.090897, -102.672
596, 9.93333, 5.18901, 27.9899, 20.8887, -23.6104, 19.98, 157.385, 0.0146012, 158.824, 0.0911363, 73.3567, 0.0910227, -102.434
597, 9.94167, 5.19307, 27.9637, 20.9347, -23.3613, 20.0253, 157.64, 0.0145636, 158.815, 0.0912296, 73.618, 0.0911497, -102.197
597, 9.95000, 5.19714, 27.9377, 20.9811, -23.1138, 20.071, 157.895, 0.0145262, 158.806, 0.0913247, 73.8778, 0.091278, -101.962
598, 9.95833, 5.20122, 27.9117, 21.028, -22.8677, 20.117, 158.147, 0.0144888, 158.798, 0.0914216, 74.1361, 0.0914075, -101.728
598, 9.96667, 5.20531, 27.8858, 21.0752, -22.6231, 20.1635, 158.398, 0.0144517, 158.79, 0.0915203, 74.3929, 0.0915384, -101.496
599, 9.97500, 5.20941, 27.8601, 21.1228, -22.38, 20.2103, 158.648, 0.0144146, 158.781, 0.0916207, 74.6483, 0.0916705, -101.266
599, 9.98333, 5.21352, 27.8344, 21.1708, -22.1384, 20.2575, 158.896, 0.0143777, 158.774, 0.0917228, 74.9021, 0.0918038, -101.037
600, 9.99167, 5.21764, 27.8088, 21.2192, -21.8983, 20.3051, 159.142, 0.0143409, 158.766, 0.0918266, 75.1545, 0.0919384, -100.809
600, 10.00000, 5.22176, 27.7833, 21.2679, -21.6597, 20.353, 159.387, 0.0143043, 158.758, 0.091932, 75.4054, 0.0920741, -100.583
601, 10.00833, 5.2259, 27.7579, 21.3171, -21.4225, 20.4013, 159.63, 0.0142678, 158.751, 0.0920391, 75.6548, 0.092211, -100.358
601, 10.01667, 5.23004, 27.7326, 21.3666, -21.1868, 20.45, 159.872, 0.0142315, 158.744, 0.0921478, 75.9027, 0.092349, -100.135
602, 10.02500, 5.2342, 27.7074, 21.4165, -20.9526, 20.499, 160.112, 0.0141953, 158.737, 0.092258, 76.1492, 0.0924881, -99.9139
602, 10.03333, 5.23836, 27.6823, 21.4667, -20.7199, 20.5484, 160.351, 0.0141592, 158.73, 0.0923698, 76.3941, 0.0926283, -99.6938
603, 10.04167, 5.24253, 27.6573, 21.5173, -20.4886, 20.5982, 160.588, 0.0141232, 158.724, 0.0924832, 76.6376, 0.0927696, -99.4752
603, 10.05000, 5.24671, 27.6323, 21.5683, -20.2588, 20.6482, 160.823, 0.0140874, 158.717, 0.092598, 76.8797, 0.0929119, -99.258
604, 10.05833, 5.2509, 27.6075, 21.6196, -20.0305, 20.6986, 161.057, 0.0140517, 158.711, 0.0927143, 77.1202, 0.0930552, -99.0423
604, 10.06667, 5.2551, 27.5827, 21.6713, -19.8035, 20.7494, 161.29, 0.0140162, 158.705, 0.0928321, 77.3593, 0.0931996, -98.8281
605, 10.07500, 5.25931, 27.5581, 21.7233, -19.5781, 20.8005, 161.521, 0.0139808, 158.7, 0.0929513, 77.5969, 0.0933449, -98.6153
605, 10.08333, 5.26352, 27.5335, 21.7757, -19.3541, 20.8518, 161.75, 0.0139455, 158.694, 0.0930719, 77.833, 0.0934913, -98.404
606, 10.09167, 5.26775, 27.5089, 21.8284, -19.1315, 20.9036, 161.978, 0.0139103, 158.689, 0.0931939, 78.0677, 0.0936385, -98.194
606, 10.10000, 5.27198, 27.4845, 21.8814, -18.9103, 20.9556, 162.205, 0.0138753, 158.684, 0.0933172, 78.3009, 0.0937867, -97.9856
607, 10.10833, 5.27622, 27.4602, 21.9347, -18.6906, 21.008, 162.43, 0.0138404, 158.679, 0.0934419, 78.5327, 0.0939358, -97.7785
607, 10.11667, 5.28048, 27.4359, 21.9884, -18.4723, 21.0606, 162.654, 0.0138056, 158.674, 0.0935679, 78.763, 0.0940858, -97.5728
608, 10.12500, 5.28474, 27.4118, 22.0424, -18.2554, 21.1136, 162.876, 0.013771, 158.67, 0.0936952, 78.9919, 0.0942367, -97.3686
608, 10.13333, 5.28901, 27.3877, 22.0967, -18.0399, 21.1669, 163.096, 0.0137364, 158.665, 0.0938237, 79.2193, 0.0943884, -97.1657
609, 10.14167, 5.29329, 27.3637, 22.1513, -17.8258, 21.2204, 163.315, 0.0137021, 158.661, 0.0939535, 79.4454, 0.0945409, -96.9643
609, 10.15000, 5.29757, 27.3397, 22.2062, -17.6131, 21.2743, 163.533, 0.0136678, 158.657, 0.0940845, 79.6699, 0.0946943, -96.7642
610, 10.15833, 5.30187, 27.3159, 22.2615, -17.4018, 21.3285, 163.749, 0.0136336, 158.653, 0.0942168, 79.893, 0.0948484, -96.5655
610, 10.16667, 5.30617, 27.2921, 22.317, -17.1919, 21.3829, 163.964, 0.0135996, 158.65, 0.0943502, 80.1148, 0.0950034, -96.3681
611, 10.17500, 5.31049, 27.2684, 22.3728, -16.9833, 21.4376, 164.178, 0.0135657, 158.647, 0.0944847, 80.335, 0.0951591, -96.1722
611, 10.18333, 5.31481, 27.2448, 22.4289, -16.7762, 21.4926, 164.39, 0.013532, 158.643, 0.0946204, 80.5539, 0.0953155, -95.9776
612, 10.19167, 5.31914, 27.2213, 22.4853, -16.5703, 21.5479, 164.6, 0.0134983, 158.64, 0.0947572, 80.7714, 0.0954727, -95.7843
612, 10.20000, 5.32348, 27.1978, 22.542, -16.3659, 21.6035, 164.809, 0.0134648, 158.638, 0.0948951, 80.9874, 0.0956306, -95.5923
613, 10.20833, 5.32783, 27.1745, 22.599, -16.1628, 21.6593, 165.017, 0.0134314, 158.635, 0.0950341, 81.2021, 0.0957892, -95.4017
613, 10.21667, 5.33219, 27.1512, 22.6563, -15.961, 21.7154, 165.223, 0.0133981, 158.633, 0.0951741, 81.4154, 0.0959485, -95.2124
614, 10.22500, 5.33655, 27.1279, 22.7138, -15.7606, 21.7717, 165.428, 0.0133649, 158.631, 0.0953151, 81.6273, 0.0961084, -95.0245
614, 10.23333, 5.34093, 27.1048, 22.7716, -15.5615, 21.8283, 165.632, 0.0133319, 158.629, 0.0954572, 81.8377, 0.096269, -94.8378
615, 10.24167, 5.34531, 27.0817, 22.8297, -15.3637, 21.8852, 165.834, 0.013299, 158.627, 0.0956003, 82.0469, 0.0964302, -94.6524
615, 10.25000, 5.3497, 27.0587, 22.888, -15.1673, 21.9423, 166.035, 0.0132662, 158.625, 0.0957443, 82.2546, 0.0965921, -94.4683
616, 10.25833, 5.3541, 27.0358, 22.9466, -14.9722, 21.9996, 166.234, 0.0132335, 158.624, 0.0958893, 82.461, 0.0967545, -94.2855
616, 10.26667, 5.35851, 27.0129, 23.0055, -14.7783, 22.0572, 166.432, 0.0132009, 158.623, 0.0960353, 82.6661, 0.0969175, -94.104
617, 10.27500, 5.36293, 26.9901, 23.0646, -14.5858, 22.1151, 166.629, 0.0131684, 158.622, 0.0961821, 82.8698, 0.0970811, -93.9237
617, 10.28333, 5.36735, 26.9674, 23.124, -14.3945, 22.1731, 166.825, 0.0131361, 158.621, 0.0963299, 83.0721, 0.0972453, -93.7447
618, 10.29167, 5.37179, 26.9448, 23.1836, -14.2045, 22.2315, 167.019, 0.0131039, 158.62, 0.0964785, 83.2731, 0.09741, -93.5669
618, 10.30000, 5.37623, 26.9222, 23.2434, -14.0158, 22.29, 167.212, 0.0130718, 158.62, 0.096628, 83.4728, 0.0975752, -93.3904
619, 10.30833, 5.38068, 26.8997, 23.3035, -13.8284, 22.3488, 167.403, 0.0130398, 158.619, 0.0967784, 83.6711, 0.097741, -93.2151
619, 10.31667, 5.38514, 26.8773, 23.3639, -13.6422, 22.4078, 167.593, 0.0130079, 158.619, 0.0969296, 83.8682, 0.0979072, -93.041
620, 10.32500, 5.38961, 26.8549, 23.4245, -13.4573, 22.467, 167.782, 0.0129761, 158.62, 0.0970815, 84.0639, 0.098074, -92.8682
620, 10.33333, 5.39409, 26.8326, 23.4853, -13.2736, 22.5264, 167.97, 0.0129445, 158.62, 0.0972343, 84.2583, 0.0982412, -92.6966
621, 10.34167, 5.39858, 26.8104, 23.5463, -13.0911, 22.5861, 168.156, 0.0129129, 158.62, 0.0973879, 84.4514, 0.0984088, -92.5261
621, 10.35000, 5.40307, 26.7882, 23.6076, -12.9099, 22.646, 168.341, 0.0128815, 158.621, 0.0975422, 84.6433, 0.098577, -92.3569
622, 10.35833, 5.40757, 26.7661, 23.6691, -12.7299, 22.706, 168.525, 0.0128502, 158.622, 0.0976973, 84.8338, 0.0987455, -92.1888
622, 10.36667, 5.41209, 26.7441, 23.7308, -12.5511, 22.7663, 168.707, 0.012819, 158.623, 0.0978531, 85.0231, 0.0989145, -92.0219
623, 10.37500, 5.4166, 26.7221, 23.7927, -12.3735, 22.8268, 168.889, 0.0127879, 158.624, 0.0980096, 85.2111, 0.0990839, -91.8562
623, 10.38333, 5.42113, 26.7002, 23.8549, -12.1972, 22.8875, 169.069, 0.0127569, 158.626, 0.0981668, 85.3978, 0.0992537, -91.6916
624, 10.39167, 5.42567, 26.6784, 23.9172, -12.0219, 22.9484, 169.248, 0.012726, 158.628, 0.0983248, 85.5833, 0.0994239, -91.5282
624, 10.40000, 5.43021, 26.6566, 23.9798, -11.8479, 23.0095, 169.425, 0.0126952, 158.63, 0.0984833, 85.7676, 0.0995944, -91.3659
625, 10.40833, 5.43477, 26.6349, 24.0426, -11.6751, 23.0708, 169.602, 0.0126646, 158.632, 0.0986425, 85.9505, 0.0997653, -91.2048
625, 10.41667, 5.43933, 26.6133, 24.1056, -11.5034, 23.1322, 169.777, 0.012634, 158.634, 0.0988024, 86.1323, 0.0999366, -91.0448
626, 10.42500, 5.4439, 26.5917, 24.1688, -11.3329, 23.1939, 169.951, 0.0126036, 158.636, 0.0989629, 86.3129, 0.100108, -90.8859
626, 10.43333, 5.44848, 26.5702, 24.2322, -11.1636, 23.2557, 170.124, 0.0125732, 158.639, 0.0991239, 86.4922, 0.10028, -90.7281
627, 10.44167, 5.45306, 26.5487, 24.2957, -10.9953, 23.3178, 170.295, 0.012543, 158.642, 0.0992856, 86.6703, 0.100452, -90.5714
627, 10.45000, 5.45766, 26.5273, 24.3595, -10.8283, 23.38, 170.466, 0.0125129, 158.645, 0.0994479, 86.8472, 0.100625, -90.4158
628, 10.45833, 5.46226, 26.506, 24.4235, -10.6623, 23.4424, 170.635, 0.0124829, 158.648, 0.0996107, 87.0229, 0.100798, -90.2613
628, 10.46667, 5.46687, 26.4847, 24.4877, -10.4975, 23.5049, 170.803, 0.0124529, 158.652, 0.0997741, 87.1975, 0.100971, -90.1079
629, 10.47500, 5.47149, 26.4635, 24.552, -10.3338, 23.5677, 170.97, 0.0124231, 158.655, 0.099938, 87.3708, 0.101144, -89.9556
629, 10.48333, 5.47612, 26.4424, 24.6165, -10.1712, 23.6306, 171.136, 0.0123934, 158.659, 0.100102, 87.543, 0.101318, -89.8043
630, 10.49167, 5.48076, 26.4213, 24.6813, -10.0097, 23.6936, 171.301, 0.0123638, 158.663, 0.100267, 87.714, 0.101492, -89.654
630, 10.50000, 5.4854, 26.4002, 24.7462, -9.84927, 23.7569, 171.464, 0.0123343, 158.667, 0.100433, 87.8838, 0.101666, -89.5049
631, 10.50833, 5.49006, 26.3793, 24.8112, -9.68995, 23.8203, 171.627, 0.0123049, 158.672, 0.100599, 88.0525, 0.101841, -89.3567
631, 10.51667, 5.49472, 26.3584, 24.8765, -9.53168, 23.8838, 171.788, 0.0122756, 158.676, 0.100765, 88.2201, 0.102015, -89.2096
632, 10.52500, 5.49939, 26.3375, 24.9419, -9.37451, 23.9476, 171.948, 0.0122464, 158.681, 0.100932, 88.3865, 0.10219, -89.0635
632, 10.53333, 5.50406, 26.3167, 25.0075, -9.21839, 24.0114, 172.108, 0.0122173, 158.686, 0.101099, 88.5518, 0.102365, -88.9184
633, 10.54167, 5.50875, 26.2959, 25.0733, -9.06331, 24.0755, 172.266, 0.0121883, 158.691, 0.101267, 88.716, 0.102541, -88.7744
633, 10.55000, 5.51344, 26.2752, 25.1392, -8.9093, 24.1397, 172.423, 0.0121594, 158.697, 0.101435, 88.879, 0.102716, -88.6313
634, 10.55833, 5.51815, 26.2546, 25.2053, -8.75633, 24.204, 172.579, 0.0121306, 158.702, 0.101604, 89.0409, 0.102892, -88.4892
634, 10.56667, 5.52286, 26.234, 25.2715, -8.60437, 24.2685, 172.734, 0.0121019, 158.708, 0.101773, 89.2018, 0.103068, -88.3481
635, 10.57500, 5.52758, 26.2135, 25.3379, -8.45345, 24.3331, 172.887, 0.0120733, 158.714, 0.101942, 89.3616, 0.103243, -88.208
635, 10.58333, 5.5323, 26.193, 25.4045, -8.30355, 24.3979, 173.04, 0.0120448, 158.72, 0.102112, 89.5202, 0.10342, -88.0689
636, 10.59167, 5.53704, 26.1726, 25.4712, -8.15464, 24.4628, 173.192, 0.0120164, 158.726, 0.102282, 89.6778, 0.103596, -87.9307
636, 10.60000, 5.54178, 26.1522, 25.5381, -8.00675, 24.5279, 173.343, 0.0119881, 158.733, 0.102452, 89.8344, 0.103772, -87.7935
637, 10.60833, 5.54653, 26.1319, 25.6052, -7.85986, 24.593, 173.492, 0.0119599, 158.739, 0.102623, 89.9898, 0.103949, -87.6572
637, 10.61667, 5.55129, 26.1117, 25.6723, -7.71394, 24.6584, 173.641, 0.0119318, 158.746, 0.102794, 90.1443, 0.104126, -87.5219
638, 10.62500, 5.55606, 26.0915, 25.7397, -7.56902, 24.7238, 173.789, 0.0119038, 158.753, 0.102966, 90.2976, 0.104302, -87.3875
638, 10.63333, 5.56083, 26.0713, 25.8071, -7.42507, 24.7894, 173.936, 0.0118759, 158.761, 0.103138, 90.4499, 0.104479, -87.2541
639, 10.64167, 5.56562, 26.0512, 25.8748, -7.28207, 24.8551, 174.081, 0.0118481, 158.768, 0.10331, 90.6012, 0.104656, -87.1215
639, 10.65000, 5.57041, 26.0311, 25.9425, -7.14004, 24.921, 174.226, 0.0118203, 158.776, 0.103482, 90.7515, 0.104833, -86.9899
640, 10.65833, 5.57521, 26.0111, 26.0104, -6.99897, 24.987, 174.37, 0.0117927, 158.784, 0.103655, 90.9008, 0.10501, -86.8591
640, 10.66667, 5.58002, 25.9912, 26.0785, -6.85883, 25.0531, 174.513, 0.0117652, 158.792, 0.103828, 91.049, 0.105188, -86.7293
641, 10.67500, 5.58483, 25.9713, 26.1466, -6.71964, 25.1193, 174.654, 0.0117377, 158.8, 0.104001, 91.1963, 0.105365, -86.6003
641, 10.68333, 5.58966, 25.9514, 26.2149, -6.58139, 25.1856, 174.795, 0.0117104, 158.808, 0.104174, 91.3425, 0.105542, -86.4723
642, 10.69167, 5.59449, 25.9316, 26.2834, -6.44404, 25.2521, 174.935, 0.0116831, 158.817, 0.104348, 91.4878, 0.10572, -86.3451
642, 10.70000, 5.59933, 25.9118, 26.3519, -6.30763, 25.3187, 175.074, 0.0116559, 158.826, 0.104522, 91.6321, 0.105897, -86.2188
643, 10.70833, 5.60418, 25.8921, 26.4206, -6.17213, 25.3854, 175.212, 0.0116289, 158.835, 0.104696, 91.7754, 0.106075, -86.0934
643, 10.71667, 5.60903, 25.8725, 26.4895, -6.03751, 25.4522, 175.349, 0.0116019, 158.844, 0.10487, 91.9177, 0.106252, -85.9688
644, 10.72500, 5.6139, 25.8529, 26.5584, -5.90381, 25.5191, 175.486, 0.011575, 158.854, 0.105045, 92.0591, 0.10643, -85.845
644, 10.73333, 5.61877, 25.8333, 26.6275, -5.771, 25.5861, 175.621, 0.0115482, 158.863, 0.10522, 92.1995, 0.106607, -85.7221
645, 10.74167, 5.62365, 25.8138, 26.6967, -5.63906, 25.6533, 175.755, 0.0115215, 158.873, 0.105395, 92.339, 0.106785, -85.6001
645, 10.75000, 5.62854, 25.7943, 26.766, -5.50801, 25.7205, 175.889, 0.0114949, 158.883, 0.10557, 92.4775, 0.106963, -85.4788
646, 10.75833, 5.63343, 25.7749, 26.8355, -5.37783, 25.7879, 176.022, 0.0114683, 158.893, 0.105745, 92.6151, 0.10714, -85.3584
646, 10.76667, 5.63834, 25.7555, 26.905, -5.2485, 25.8553, 176.153, 0.0114419, 158.903, 0.105921, 92.7518, 0.107318, -85.2388
647, 10.77500, 5.64325, 25.7362, 26.9747, -5.12004, 25.9229, 176.284, 0.0114155, 158.914, 0.106096, 92.8876, 0.107496, -85.12
647, 10.78333, 5.64817, 25.7169, 27.0445, -4.99243, 25.9905, 176.414, 0.0113893, 158.925, 0.106272, 93.0225, 0.107673, -85.0021
648, 10.79167, 5.6531, 25.6976, 27.1144, -4.86565, 26.0583, 176.543, 0.0113631, 158.936, 0.106448, 93.1564, 0.107851, -84.8849
648, 10.80000, 5.65804, 25.6784, 27.1844, -4.73973, 26.1262, 176.672, 0.011337, 158.947, 0.106624, 93.2895, 0.108028, -84.7685
649, 10.80833, 5.66298, 25.6593, 27.2545, -4.61463, 26.1941, 176.799, 0.011311, 158.958, 0.1068, 93.4216, 0.108206, -84.6529
649, 10.81667, 5.66793, 25.6401, 27.3248, -4.49035, 26.2622, 176.926, 0.0112851, 158.97, 0.106977, 93.5529, 0.108383, -84.5381
650, 10.82500, 5.67289, 25.6211, 27.3951, -4.3669, 26.3303, 177.051, 0.0112593, 158.981, 0.107153, 93.6833, 0.108561, -84.424
650, 10.83333, 5.67786, 25.602, 27.4655, -4.24426, 26.3985, 177.176, 0.0112335, 158.993, 0.10733, 93.8129, 0.108738, -84.3107
651, 10.84167, 5.68284, 25.583, 27.5361, -4.12242, 26.4669, 177.301, 0.0112079, 159.005, 0.107506, 93.9415, 0.108916, -84.1982
651, 10.85000, 5.68782, 25.5641, 27.6068, -4.00139, 26.5353, 177.424, 0.0111823, 159.018, 0.107683, 94.0693, 0.109093, -84.0864
652, 10.85833, 5.69281, 25.5452, 27.6775, -3.88115, 26.6038, 177.546, 0.0111568, 159.03, 0.10786, 94.1963, 0.10927, -83.9754
652, 10.86667, 5.69781, 25.5263, 27.7484, -3.76169, 26.6724, 177.668, 0.0111314, 159.043, 0.108037, 94.3224, 0.109447, -83.8651
653, 10.87500, 5.70282, 25.5075, 27.8193, -3.64302, 26.741, 177.789, 0.0111061, 159.056, 0.108214, 94.4477, 0.109624, -83.7556
653, 10.88333, 5.70783, 25.4887, 27.8904, -3.52513, 26.8098, 177.909, 0.0110809, 159.069, 0.108391, 94.5721, 0.109801, -83.6467
654, 10.89167, 5.71285, 25.47, 27.9615, -3.40799, 26.8787, 178.028, 0.0110557, 159.082, 0.108568, 94.6958, 0.109978, -83.5386
654, 10.90000, 5.71789, 25.4513, 28.0328, -3.29163, 26.9476, 178.147, 0.0110307, 159.096, 0.108745, 94.8186, 0.110155, -83.4313
655, 10.90833, 5.72292, 25.4326, 28.1041, -3.17603, 27.0166, 178.265, 0.0110057, 159.109, 0.108922, 94.9406, 0.110332, -83.3246
655, 10.91667, 5.72797, 25.414, 28.1755, -3.06117, 27.0857, 178.382, 0.0109808, 159.123, 0.109099, 95.0617, 0.110509, -83.2186
656, 10.92500, 5.73303, 25.3954, 28.247, -2.94707, 27.1548, 178.498, 0.010956, 159.137, 0.109276, 95.1821, 0.110685, -83.1134
656, 10.93333, 5.73809, 25.3769, 28.3186, -2.83371, 27.2241, 178.613, 0.0109312, 159.151, 0.109453, 95.3017, 0.110862, -83.0088
657, 10.94167, 5.74316, 25.3584, 28.3904, -2.72107, 27.2934, 178.728, 0.0109066, 159.166, 0.109631, 95.4205, 0.111038, -82.905
657, 10.95000, 5.74824, 25.3399, 28.4621, -2.60917, 27.3628, 178.842, 0.010882, 159.18, 0.109808, 95.5385, 0.111214, -82.8018
658, 10.95833, 5.75332, 25.3215, 28.534, -2.498, 27.4322, 178.956, 0.0108575, 159.195, 0.109985, 95.6558, 0.11139, -82.6993
658, 10.96667, 5.75842, 25.3031, 28.606, -2.38753, 27.5018, 179.068, 0.0108331, 159.21, 0.110163, 95.7723, 0.111566, -82.5974
659, 10.97500, 5.76352, 25.2848, 28.678, -2.27779, 27.5714, 179.18, 0.0108088, 159.225, 0.11034, 95.888, 0.111742, -82.4963
659, 10.98333, 5.76863, 25.2665, 28.7501, -2.16875, 27.641, 179.291, 0.0107845, 159.241, 0.110517, 96.0029, 0.111918, -82.3958
660, 10.99167, 5.77374, 25.2482, 28.8223, -2.0604, 27.7108, 179.401, 0.0107604, 159.256, 0.110694, 96.1171, 0.112094, -82.2959
660, 11.00000, 5.77887, 25.2299, 28.8946, -1.95276, 27.7806, 179.511, 0.0107363, 159.272, 0.110872, 96.2306, 0.112269, -82.1967
661, 11.00833, 5.784, 25.2117, 28.967, -1.84581, 27.8505, 179.62, 0.0107123, 159.288, 0.111049, 96.3433, 0.112444, -82.0982
661, 11.01667, 5.78914, 25.1936, 29.0395, -1.73954, 27.9204, 179.728, 0.0106884, 159.304, 0.111226, 96.4553, 0.11262, -82.0003
662, 11.02500, 5.79429, 25.1754, 29.112, -1.63395, 27.9904, 179.836, 0.0106645, 159.321, 0.111403, 96.5665, 0.112795, -81.903
662, 11.03333, 5.79945, 25.1573, 29.1846, -1.52904, 28.0605, 179.943, 0.0106407, 159.337, 0.11158, 96.677, 0.11297, -81.8064
663, 11.04167, 5.80461, 25.1393, 29.2573, -1.42479, 28.1307, -179.951, 0.010617, 159.354, 0.111758, 96.7868, 0.113144, -81.7104
663, 11.05000, 5.80978, 25.1213, 29.33, -1.32121, 28.2008, -179.845, 0.0105934, 159.371, 0.111935, 96.8959, 0.113319, -81.615
664, 11.05833, 5.81496, 25.1033, 29.4028, -1.2183, 28.2711, -179.74, 0.0105699, 159.388, 0.112112, 97.0043, 0.113493, -81.5202
664, 11.06667, 5.82015, 25.0853, 29.4757, -1.11602, 28.3414, -179.636, 0.0105464, 159.406, 0.112288, 97.112, 0.113668, -81.4261
665, 11.07500, 5.82534, 25.0674, 29.5487, -1.01441, 28.4118, -179.532, 0.010523, 159.423, 0.112465, 97.219, 0.113842, -81.3325
665, 11.08333, 5.83054, 25.0495, 29.6217, -0.913436, 28.4822, -179.429, 0.0104997, 159.441, 0.112642, 97.3253, 0.114016, -81.2396
666, 11.09167, 5.83576, 25.0316, 29.6949, -0.813092, 28.5527, -179.327, 0.0104765, 159.459, 0.112819, 97.4309, 0.11419, -81.1472
666, 11.10000, 5.84097, 25.0138, 29.768, -0.713394, 28.6233, -179.225, 0.0104533, 159.477, 0.112995, 97.5359, 0.114363, -81.0555
667, 11.10833, 5.8462, 24.996, 29.8413, -0.614324, 28.6939, -179.124, 0.0104303, 159.496, 0.113172, 97.6401, 0.114537, -80.9643
667, 11.11667, 5.85143, 24.9783, 29.9146, -0.515867, 28.7645, -179.024, 0.0104072, 159.514, 0.113348, 97.7437, 0.11471, -80.8737
668, 11.12500, 5.85667, 24.9605, 29.988, -0.418042, 28.8353, -178.924, 0.0103843, 159.533, 0.113525, 97.8466, 0.114883, -80.7837
668, 11.13333, 5.86192, 24.9428, 30.0614, -0.32083, 28.906, -178.825, 0.0103615, 159.552, 0.113701, 97.9489, 0.115056, -80.6943
669, 11.14167, 5.86718, 24.9252, 30.1349, -0.224216, 28.9768, -178.727, 0.0103387, 159.571, 0.113877, 98.0505, 0.115228, -80.6054
669, 11.15000, 5.87244, 24.9076, 30.2085, -0.128219, 29.0477, -178.629, 0.010316, 159.59, 0.114053, 98.1515, 0.115401, -80.5171
670, 11.15833, 5.87772, 24.89, 30.2822, -0.0328226, 29.1186, -178.531, 0.0102933, 159.61, 0.114229, 98.2518, 0.115573, -80.4294
670, 11.16667, 5.883, 24.8724, 30.3559, 0.06199, 29.1896, -178.435, 0.0102708, 159.63, 0.114405, 98.3515, 0.115745, -80.3422
671, 11.17500, 5.88828, 24.8549, 30.4296, 0.1562, 29.2606, -178.339, 0.0102483, 159.65, 0.114581, 98.4506, 0.115917, -80.2556
671, 11.18333, 5.89358, 24.8374, 30.5034, 0.249824, 29.3317, -178.243, 0.0102259, 159.67, 0.114757, 98.549, 0.116089, -80.1695
672, 11.19167, 5.89888, 24.8199, 30.5773, 0.342877, 29.4028, -178.148, 0.0102035, 159.69, 0.114932, 98.6468, 0.11626, -80.0839
672, 11.20000, 5.90419, 24.8024, 30.6513, 0.435341, 29.4739, -178.054, 0.0101813, 159.711, 0.115108, 98.744, 0.116432, -79.9989
673, 11.20833, 5.90951, 24.785, 30.7253, 0.527233, 29.5451, -177.96, 0.0101591, 159.731, 0.115283, 98.8406, 0.116603, -79.9145
673, 11.21667, 5.91484, 24.7676, 30.7993, 0.618567, 29.6164, -177.867, 0.0101369, 159.752, 0.115458, 98.9365, 0.116774, -79.8305
674, 11.22500, 5.92017, 24.7503, 30.8734, 0.709326, 29.6877, -177.774, 0.0101149, 159.774, 0.115633, 99.0319, 0.116944, -79.7471
674, 11.23333, 5.92551, 24.733, 30.9476, 0.799525, 29.759, -177.682, 0.0100929, 159.795, 0.115808, 99.1267, 0.117115, -79.6642
675, 11.24167, 5.93086, 24.7157, 31.0218, 0.889179, 29.8304, -177.591, 0.010071, 159.816, 0.115983, 99.2208, 0.117285, -79.5818
675, 11.25000, 5.93622, 24.6984, 31.0961, 0.978271, 29.9018, -177.5, 0.0100492, 159.838, 0.116157, 99.3144, 0.117455, -79.5
676, 11.25833, 5.94158, 24.6811, 31.1704, 1.06682, 29.9733, -177.409, 0.0100274, 159.86, 0.116332, 99.4074, 0.117625, -79.4186
676, 11.26667, 5.94696, 24.6639, 31.2448, 1.15483, 30.0448, -177.319, 0.0100057, 159.882, 0.116506, 99.4998, 0.117794, -79.3378
677, 11.27500, 5.95234, 24.6467, 31.3193, 1.24229, 30.1163, -177.23, 0.00998405, 159.905, 0.11668, 99.5916, 0.117964, -79.2574
677, 11.28333, 5.95772, 24.6296, 31.3938, 1.32922, 30.1879, -177.141, 0.00996249, 159.927, 0.116854, 99.6829, 0.118133, -79.1776
678, 11.29167, 5.96312, 24.6125, 31.4683, 1.41563, 30.2595, -177.053, 0.009941, 159.95, 0.117028, 99.7736, 0.118302, -79.0982
678, 11.30000, 5.96852, 24.5954, 31.5429, 1.50151, 30.3312, -176.966, 0.00991958, 159.973, 0.117202, 99.8637, 0.11847, -79.0193
679, 11.30833, 5.97393, 24.5783, 31.6175, 1.58686, 30.4029, -176.878, 0.00989823, 159.996, 0.117375, 99.9533, 0.118639, -78.941
679, 11.31667, 5.97935, 24.5612, 31.6922, 1.6717, 30.4746, -176.792, 0.00987694, 160.019, 0.117549, 100.042, 0.118807, -78.8631
680, 11.32500, 5.98478, 24.5442, 31.767, 1.75602, 30.5464, -176.706, 0.00985573, 160.043, 0.117722, 100.131, 0.118975, -78.7856
680, 11.33333, 5.99021, 24.5272, 31.8417, 1.83982, 30.6181, -176.62, 0.00983458, 160.067, 0.117895, 100.219, 0.119143, -78.7087
681, 11.34167, 5.99565, 24.5103, 31.9166, 1.92313, 30.69, -176.535, 0.0098135, 160.091, 0.118068, 100.306, 0.11931, -78.6322
681, 11.35000, 6.0011, 24.4933, 31.9915, 2.00593, 30.7619, -176.45, 0.00979249, 160.115, 0.11824, 100.393, 0.119477, -78.5562
682, 11.35833, 6.00656, 24.4764, 32.0664, 2.08823, 30.8338, -176.366, 0.00977155, 160.139, 0.118413, 100.479, 0.119644, -78.4807
682, 11.36667, 6.01202, 24.4595, 32.1414, 2.17005, 30.9057, -176.283, 0.00975067, 160.164, 0.118585, 100.565, 0.119811, -78.4056
683, 11.37500, 6.01749, 24.4426, 32.2164, 2.25136, 30.9777, -176.199, 0.00972987, 160.189, 0.118757, 100.65, 0.119978, -78.3309
683, 11.38333, 6.02297, 24.4258, 32.2914, 2.33219, 31.0497, -176.117, 0.00970913, 160.214, 0.118929, 100.735, 0.120144, -78.2568
684, 11.39167, 6.02846, 24.409, 32.3665, 2.41254, 31.1217, -176.035, 0.00968845, 160.239, 0.119101, 100.819, 0.12031, -78.183
684, 11.40000, 6.03395, 24.3922, 32.4417, 2.4924, 31.1938, -175.953, 0.00966784, 160.264, 0.119272, 100.903, 0.120476, -78.1097
685, 11.40833, 6.03945, 24.3754, 32.5169, 2.57178, 31.2658, -175.872, 0.0096473, 160.29, 0.119444, 100.986, 0.120641, -78.0369
685, 11.41667, 6.04497, 24.3587, 32.5921, 2.65071, 31.338, -175.791, 0.00962682, 160.316, 0.119615, 101.069, 0.120806, -77.9645
686, 11.42500, 6.05048, 24.342, 32.6674, 2.72915, 31.4101, -175.711, 0.00960641, 160.342, 0.119786, 101.151, 0.120971, -77.8925
686, 11.43333, 6.05601, 24.3253, 32.7427, 2.80713, 31.4823, -175.631, 0.00958606, 160.368, 0.119957, 101.233, 0.121136, -77.821
687, 11.44167, 6.06154, 24.3086, 32.818, 2.88465, 31.5545, -175.552, 0.00956578, 160.394, 0.120127, 101.314, 0.1213, -77.7499
687, 11.45000, 6.06708, 24.292, 32.8934, 2.96171, 31.6267, -175.473, 0.00954557, 160.421, 0.120298, 101.395, 0.121465, -77.6792
688, 11.45833, 6.07263, 24.2753, 32.9689, 3.03831, 31.699, -175.395, 0.00952542, 160.448, 0.120468, 101.475, 0.121629, -77.609
688, 11.46667, 6.07819, 24.2587, 33.0443, 3.11447, 31.7713, -175.317, 0.00950533, 160.475, 0.120638, 101.555, 0.121792, -77.5391
689, 11.47500, 6.08375, 24.2422, 33.1198, 3.19017, 31.8436, -175.239, 0.00948531, 160.502, 0.120807, 101.634, 0.121956, -77.4697
689, 11.48333, 6.08932, 24.2256, 33.1954, 3.26542, 31.9159, -175.162, 0.00946535, 160.53, 0.120977, 101.713, 0.122119, -77.4007
690, 11.49167, 6.0949, 24.2091, 33.271, 3.34025, 31.9883, -175.086, 0.00944545, 160.557, 0.121146, 101.791, 0.122282, -77.3321
690, 11.50000, 6.10048, 24.1926, 33.3466, 3.41462, 32.0607, -175.01, 0.00942562, 160.585, 0.121315, 101.869, 0.122444, -77.2639
691, 11.50833, 6.10608, 24.1761, 33.4223, 3.48856, 32.1331, -174.934, 0.00940586, 160.613, 0.121484, 101.946, 0.122607, -77.1961
691, 11.51667, 6.11168, 24.1596, 33.498, 3.56208, 32.2056, -174.859, 0.00938615, 160.642, 0.121653, 102.023, 0.122769, -77.1287
692, 11.52500, 6.11729, 24.1432, 33.5737, 3.63516, 32.278, -174.784, 0.00936651, 160.67, 0.121821, 102.1, 0.122931, -77.0617
692, 11.53333, 6.1229, 24.1267, 33.6494, 3.70781, 32.3505, -174.709, 0.00934693, 160.699, 0.121989, 102.176, 0.123092, -76.9951
693, 11.54167, 6.12853, 24.1103, 33.7253, 3.78005, 32.423, -174.635, 0.00932742, 160.728, 0.122157, 102.251, 0.123253, -76.9289
693, 11.55000, 6.13416, 24.0939, 33.8011, 3.85186, 32.4955, -174.562, 0.00930797, 160.757, 0.122325, 102.326, 0.123414, -76.8631
694, 11.55833, 6.1398, 24.0776, 33.877, 3.92326, 32.5681, -174.489, 0.00928858, 160.786, 0.122493, 102.401, 0.123575, -76.7976
694, 11.56667, 6.14545, 24.0612, 33.9529, 3.99425, 32.6407, -174.416, 0.00926925, 160.816, 0.12266, 102.475, 0.123736, -76.7326
695, 11.57500, 6.1511, 24.0449, 34.0288, 4.06482, 32.7133, -174.344, 0.00924998, 160.845, 0.122827, 102.549, 0.123896, -76.6679
695, 11.58333, 6.15676, 24.0286, 34.1048, 4.13499, 32.7859, -174.272, 0.00923077, 160.875, 0.122994, 102.622, 0.124056, -76.6036
696, 11.59167, 6.16244, 24.0124, 34.1808, 4.20476, 32.8585, -174.2, 0.00921163, 160.906, 0.123161, 102.695, 0.124215, -76.5397
696, 11.60000, 6.16811, 23.9961, 34.2568, 4.27412, 32.9312, -174.129, 0.00919255, 160.936, 0.123327, 102.768, 0.124375, -76.4761
697, 11.60833, 6.1738, 23.9799, 34.3329, 4.34309, 33.0038, -174.059, 0.00917353, 160.967, 0.123493, 102.84, 0.124534, -76.4129
697, 11.61667, 6.17949, 23.9636, 34.409, 4.41166, 33.0765, -173.988, 0.00915456, 160.997, 0.123659, 102.912, 0.124692, -76.3501
698, 11.62500, 6.18519, 23.9474, 34.4851, 4.47984, 33.1493, -173.918, 0.00913566, 161.028, 0.123825, 102.983, 0.124851, -76.2876
698, 11.63333, 6.1909, 23.9313, 34.5612, 4.54763, 33.222, -173.849, 0.00911682, 161.06, 0.12399, 103.054, 0.125009, -76.2255
699, 11.64167, 6.19661, 23.9151, 34.6374, 4.61504, 33.2947, -173.78, 0.00909804, 161.091, 0.124155, 103.124, 0.125167, -76.1638
699, 11.65000, 6.20234, 23.899, 34.7136, 4.68206, 33.3675, -173.711, 0.00907933, 161.123, 0.12432, 103.194, 0.125325, -76.1024
700, 11.65833, 6.20807, 23.8828, 34.7899, 4.74869, 33.4403, -173.643, 0.00906067, 161.155, 0.124485, 103.264, 0.125482, -76.0414
700, 11.66667, 6.21381, 23.8667, 34.8661, 4.81496, 33.5131, -173.574, 0.00904206, 161.187, 0.124649, 103.333, 0.125639, -75.9807
701, 11.67500, 6.21955, 23.8506, 34.9425, 4.88084, 33.5859, -173.507, 0.00902352, 161.219, 0.124813, 103.402, 0.125796, -75.9203
701, 11.68333, 6.22531, 23.8346, 35.0188, 4.94636, 33.6587, -173.44, 0.00900504, 161.251, 0.124977, 103.47, 0.125953, -75.8603
702, 11.69167, 6.23107, 23.8185, 35.0951, 5.01151, 33.7316, -173.373, 0.00898662, 161.284, 0.125141, 103.538, 0.126109, -75.8007
702, 11.70000, 6.23684, 23.8025, 35.1715, 5.07628, 33.8044, -173.306, 0.00896826, 161.317, 0.125304, 103.606, 0.126265, -75.7414
703, 11.70833, 6.24261, 23.7865, 35.2479, 5.14069, 33.8773, -173.24, 0.00894995, 161.35, 0.125468, 103.673, 0.12642, -75.6824
703, 11.71667, 6.2484, 23.7705, 35.3244, 5.20475, 33.9502, -173.174, 0.0089317, 161.384, 0.12563, 103.74, 0.126576, -75.6237
704, 11.72500, 6.25419, 23.7545, 35.4008, 5.26844, 34.0231, -173.109, 0.00891352, 161.417, 0.125793, 103.807, 0.126731, -75.5654
704, 11.73333, 6.25999, 23.7385, 35.4773, 5.33177, 34.096, -173.044, 0.00889539, 161.451, 0.125956, 103.873, 0.126886, -75.5074
705, 11.74167, 6.2658, 23.7226, 35.5539, 5.39476, 34.169, -172.979, 0.00887731, 161.485, 0.126118, 103.939, 0.12704, -75.4498
705, 11.75000, 6.27161, 23.7067, 35.6304, 5.45739, 34.2419, -172.915, 0.0088593, 161.519, 0.12628, 104.004, 0.127194, -75.3924
706, 11.75833, 6.27743, 23.6908, 35.707, 5.51967, 34.3149, -172.851, 0.00884135, 161.554, 0.126441, 104.069, 0.127348, -75.3354
706, 11.76667, 6.28326, 23.6749, 35.7836, 5.58161, 34.3879, -172.787, 0.00882345, 161.588, 0.126603, 104.134, 0.127502, -75.2787
707, 11.77500, 6.2891, 23.659, 35.8602, 5.6432, 34.4608, -172.724, 0.0088056, 161.623, 0.126764, 104.198, 0.127655, -75.2223
707, 11.78333, 6.29494, 23.6431, 35.9368, 5.70444, 34.5338, -172.661, 0.00878782, 161.658, 0.126925, 104.262, 0.127808, -75.1663
708, 11.79167, 6.3008, 23.6273, 36.0135, 5.76536, 34.6069, -172.598, 0.00877009, 161.694, 0.127085, 104.325, 0.127961, -75.1105
708, 11.80000, 6.30666, 23.6115, 36.0902, 5.82593, 34.6799, -172.536, 0.00875242, 161.729, 0.127246, 104.388, 0.128114, -75.0551
709, 11.80833, 6.31253, 23.5956, 36.1669, 5.88617, 34.7529, -172.474, 0.00873481, 161.765, 0.127406, 104.451, 0.128266, -74.9999
709, 11.81667, 6.3184, 23.5798, 36.2436, 5.94609, 34.826, -172.412, 0.00871725, 161.801, 0.127566, 104.514, 0.128418, -74.9451
710, 11.82500, 6.32428, 23.5641, 36.3204, 6.00567, 34.899, -172.351, 0.00869975, 161.837, 0.127725, 104.576, 0.128569, -74.8906
710, 11.83333, 6.33017, 23.5483, 36.3972, 6.06492, 34.9721, -172.29, 0.0086823, 161.874, 0.127884, 104.638, 0.128721, -74.8363
711, 11.84167, 6.33607, 23.5325, 36.474, 6.12385, 35.0452, -172.229, 0.00866491, 161.91, 0.128043, 104.699, 0.128872, -74.7824
711, 11.85000, 6.34198, 23.5168, 36.5508, 6.18245, 35.1183, -172.169, 0.00864758, 161.947, 0.128202, 104.76, 0.129022, -74.7288
712, 11.85833, 6.34789, 23.5011, 36.6277, 6.24074, 35.1914, -172.109, 0.00863031, 161.984, 0.128361, 104.821, 0.129173, -74.6754
712, 11.86667, 6.35381, 23.4854, 36.7046, 6.29871, 35.2645, -172.049, 0.00861308, 162.021, 0.128519, 104.882, 0.129323, -74.6224
713, 11.87500, 6.35974, 23.4697, 36.7815, 6.35636, 35.3376, -171.99, 0.00859592, 162.059, 0.128677, 104.942, 0.129473, -74.5696
713, 11.88333, 6.36568, 23.454, 36.8584, 6.4137, 35.4107, -171.931, 0.00857881, 162.097, 0.128835, 105.001, 0.129622, -74.5172
714, 11.89167, 6.37162, 23.4383, 36.9353, 6.47073, 35.4839, -171.872, 0.00856175, 162.135, 0.128992, 105.061, 0.129772, -74.465
714, 11.90000, 6.37758, 23.4227, 37.0123, 6.52745, 35.557, -171.813, 0.00854475, 162.173, 0.129149, 105.12, 0.12992, -74.4131
715, 11.90833, 6.38353, 23.4071, 37.0892, 6.58386, 35.6302, -171.755, 0.0085278, 162.211, 0.129306, 105.179, 0.130069, -74.3615
715, 11.91667, 6.3895, 23.3914, 37.1663, 6.63998, 35.7034, -171.697, 0.00851091, 162.25, 0.129463, 105.237, 0.130217, -74.3101
716, 11.92500, 6.39548, 23.3758, 37.2433, 6.69578, 35.7765, -171.64, 0.00849407, 162.289, 0.129619, 105.295, 0.130365, -74.2591
716, 11.93333, 6.40146, 23.3602, 37.3203, 6.75129, 35.8497, -171.583, 0.00847729, 162.328, 0.129775, 105.353, 0.130513, -74.2083
717, 11.94167, 6.40745, 23.3447, 37.3974, 6.8065, 35.9229, -171.526, 0.00846056, 162.367, 0.129931, 105.411, 0.130661, -74.1578
717, 11.95000, 6.41345, 23.3291, 37.4745, 6.86141, 35.9961, -171.469, 0.00844388, 162.406, 0.130086, 105.468, 0.130808, -74.1076
718, 11.95833, 6.41945, 23.3135, 37.5516, 6.91602, 36.0693, -171.413, 0.00842726, 162.446, 0.130242, 105.525, 0.130955, -74.0576
718, 11.96667, 6.42547, 23.298, 37.6287, 6.97035, 36.1425, -171.357, 0.00841069, 162.486, 0.130397, 105.581, 0.131101, -74.0079
719, 11.97500, 6.43149, 23.2825, 37.7058, 7.02439, 36.2157, -171.301, 0.00839418, 162.526, 0.130551, 105.638, 0.131248, -73.9585
719, 11.98333, 6.43751, 23.267, 37.783, 7.07813, 36.289, -171.245, 0.00837772, 162.567, 0.130706, 105.694, 0.131394, -73.9093
720, 11.99167, 6.44355, 23.2515, 37.8602, 7.1316, 36.3622, -171.19, 0.00836131, 162.607, 0.13086, 105.749, 0.131539, -73.8604
720, 12.00000, 6.44959, 23.236, 37.9374, 7.18478, 36.4354, -171.135, 0.00834495, 162.648, 0.131014, 105.805, 0.131685, -73.8117
721, 12.00833, 6.45564, 23.2205, 38.0146, 7.23767, 36.5087, -171.081, 0.00832865, 162.689, 0.131167, 105.86, 0.13183, -73.7634
721, 12.01667, 6.4617, 23.205, 38.0918, 7.29029, 36.5819, -171.026, 0.0083124, 162.73, 0.131321, 105.915, 0.131975, -73.7152
722, 12.02500, 6.46777, 23.1896, 38.1691, 7.34263, 36.6552, -170.972, 0.00829621, 162.772, 0.131474, 105.969, 0.132119, -73.6674
722, 12.03333, 6.47384, 23.1742, 38.2463, 7.39469, 36.7285, -170.918, 0.00828006, 162.814, 0.131627, 106.023, 0.132263, -73.6197
723, 12.04167, 6.47993, 23.1587, 38.3236, 7.44648, 36.8017, -170.865, 0.00826397, 162.856, 0.131779, 106.077, 0.132407, -73.5724
723, 12.05000, 6.48602, 23.1433, 38.4009, 7.49799, 36.875, -170.811, 0.00824793, 162.898, 0.131931, 106.131, 0.132551, -73.5253
724, 12.05833, 6.49211, 23.1279, 38.4782, 7.54923, 36.9483, -170.758, 0.00823195, 162.94, 0.132083, 106.184, 0.132694, -73.4784
724, 12.06667, 6.49822, 23.1125, 38.5556, 7.60021, 37.0216, -170.706, 0.00821601, 162.983, 0.132235, 106.237, 0.132837, -73.4318
725, 12.07500, 6.50433, 23.0971, 38.6329, 7.65092, 37.0949, -170.653, 0.00820013, 163.026, 0.132386, 106.29, 0.13298, -73.3854
725, 12.08333, 6.51045, 23.0818, 38.7103, 7.70136, 37.1682, -170.601, 0.0081843, 163.069, 0.132537, 106.343, 0.133122, -73.3393
726, 12.09167, 6.51658, 23.0664, 38.7877, 7.75155, 37.2415, -170.549, 0.00816852, 163.112, 0.132688, 106.395, 0.133264, -73.2934
726, 12.10000, 6.52272, 23.0511, 38.8651, 7.80147, 37.3148, -170.497, 0.00815279, 163.156, 0.132839, 106.447, 0.133406, -73.2477
727, 12.10833, 6.52886, 23.0357, 38.9425, 7.85112, 37.3881, -170.446, 0.00813712, 163.2, 0.132989, 106.499, 0.133548, -73.2023
727, 12.11667, 6.53501, 23.0204, 39.02, 7.90053, 37.4614, -170.395, 0.00812149, 163.244, 0.133139, 106.55, 0.133689, -73.1571
728, 12.12500, 6.54117, 23.0051, 39.0974, 7.94967, 37.5347, -170.344, 0.00810592, 163.288, 0.133288, 106.601, 0.13383, -73.1122
728, 12.13333, 6.54733, 22.9898, 39.1749, 7.99856, 37.6081, -170.293, 0.0080904, 163.332, 0.133438, 106.652, 0.13397, -73.0675
729, 12.14167, 6.55351, 22.9745, 39.2524, 8.0472, 37.6814, -170.243, 0.00807492, 163.377, 0.133587, 106.703, 0.134111, -73.023
729, 12.15000, 6.55969, 22.9592, 39.3299, 8.09559, 37.7547, -170.193, 0.0080595, 163.422, 0.133736, 106.753, 0.134251, -72.9787
730, 12.15833, 6.56588, 22.9439, 39.4074, 8.14373, 37.8281, -170.143, 0.00804413, 163.467, 0.133884, 106.803, 0.13439, -72.9347
730, 12.16667, 6.57208, 22.9287, 39.4849, 8.19162, 37.9014, -170.093, 0.00802881, 163.513, 0.134033, 106.853, 0.13453, -72.8909
731, 12.17500, 6.57828, 22.9134, 39.5625, 8.23926, 37.9747, -170.044, 0.00801354, 163.558, 0.134181, 106.903, 0.134669, -72.8473
731, 12.18333, 6.5845, 22.8982, 39.64, 8.28666, 38.0481, -169.994, 0.00799832, 163.604, 0.134328, 106.952, 0.134808, -72.804
732, 12.19167, 6.59072, 22.8829, 39.7176, 8.33382, 38.1214, -169.945, 0.00798315, 163.65, 0.134476, 107.001, 0.134946, -72.7608
732, 12.20000, 6.59694, 22.8677, 39.7952, 8.38074, 38.1948, -169.897, 0.00796803, 163.697, 0.134623, 107.05, 0.135085, -72.7179
733, 12.20833, 6.60318, 22.8525, 39.8728, 8.42741, 38.2681, -169.848, 0.00795297, 163.743, 0.13477, 107.099, 0.135223, -72.6753
733, 12.21667, 6.60942, 22.8373, 39.9505, 8.47386, 38.3415, -169.8, 0.00793795, 163.79, 0.134916, 107.147, 0.13536, -72.6328
734, 12.22500, 6.61567, 22.8221, 40.0281, 8.52006, 38.4149, -169.752, 0.00792298, 163.837, 0.135063, 107.195, 0.135498, -72.5905
734, 12.23333, 6.62193, 22.8069, 40.1058, 8.56602, 38.4882, -169.704, 0.00790806, 163.884, 0.135209, 107.243, 0.135635, -72.5485
735, 12.24167, 6.6282, 22.7917, 40.1834, 8.61176, 38.5616, -169.657, 0.00789319, 163.932, 0.135355, 107.29, 0.135772, -72.5067
735, 12.25000, 6.63448, 22.7766, 40.2611, 8.65726, 38.635, -169.609, 0.00787837, 163.98, 0.1355, 107.338, 0.135908, -72.4651
736, 12.25833, 6.64076, 22.7614, 40.3388, 8.70254, 38.7083, -169.562, 0.0078636, 164.028, 0.135645, 107.385, 0.136044, -72.4237
736, 12.26667, 6.64705, 22.7462, 40.4165, 8.74758, 38.7817, -169.515, 0.00784887, 164.076, 0.13579, 107.432, 0.13618, -72.3825
737, 12.27500, 6.65335, 22.7311, 40.4942, 8.7924, 38.8551, -169.469, 0.0078342, 164.124, 0.135935, 107.478, 0.136316, -72.3415
737, 12.28333, 6.65965, 22.716, 40.572, 8.83699, 38.9285, -169.422, 0.00781958, 164.173, 0.136079, 107.525, 0.136451, -72.3007
738, 12.29167, 6.66597, 22.7008, 40.6497, 8.88136, 39.0018, -169.376, 0.007805, 164.222, 0.136223, 107.571, 0.136586, -72.2601
738, 12.30000, 6.67229, 22.6857, 40.7275, 8.9255, 39.0752, -169.33, 0.00779047, 164.271, 0.136367, 107.617, 0.136721, -72.2197
739, 12.30833, 6.67861, 22.6706, 40.8053, 8.96943, 39.1486, -169.285, 0.00777599, 164.32, 0.13651, 107.663, 0.136855, -72.1796
739, 12.31667, 6.68495, 22.6555, 40.8831, 9.01313, 39.222, -169.239, 0.00776156, 164.37, 0.136653, 107.708, 0.136989, -72.1396
740, 12.32500, 6.6913, 22.6404, 40.9609, 9.05662, 39.2954, -169.194, 0.00774718, 164.42, 0.136796, 107.753, 0.137123, -72.0998
740, 12.33333, 6.69765, 22.6253, 41.0387, 9.09989, 39.3687, -169.149, 0.00773285, 164.47, 0.136939, 107.798, 0.137257, -72.0602
741, 12.34167, 6.70401, 22.6103, 41.1165, 9.14294, 39.4421, -169.104, 0.00771857, 164.52, 0.137081, 107.843, 0.13739, -72.0209
741, 12.35000, 6.71038, 22.5952, 41.1944, 9.18578, 39.5155, -169.059, 0.00770433, 164.571, 0.137223, 107.888, 0.137523, -71.9817
742, 12.35833, 6.71675, 22.5801, 41.2722, 9.22841, 39.5889, -169.015, 0.00769014, 164.622, 0.137365, 107.932, 0.137655, -71.9427
742, 12.36667, 6.72314, 22.5651, 41.3501, 9.27083, 39.6623, -168.97, 0.007676, 164.673, 0.137507, 107.976, 0.137788, -71.9039
743, 12.37500, 6.72953, 22.55, 41.428, 9.31303, 39.7357, -168.926, 0.00766191, 164.724, 0.137648, 108.02, 0.13792, -71.8653
743, 12.38333, 6.73593, 22.535, 41.5059, 9.35503, 39.8091, -168.883, 0.00764787, 164.775, 0.137789, 108.064, 0.138052, -71.8269
744, 12.39167, 6.74233, 22.5199, 41.5838, 9.39682, 39.8825, -168.839, 0.00763387, 164.827, 0.13793, 108.107, 0.138183, -71.7887
744, 12.40000, 6.74875, 22.5049, 41.6617, 9.4384, 39.9559, -168.796, 0.00761992, 164.879, 0.13807, 108.151, 0.138314, -71.7506
745, 12.40833, 6.75517, 22.4899, 41.7397, 9.47978, 40.0293, -168.752, 0.00760602, 164.932, 0.13821, 108.194, 0.138445, -71.7128
745, 12.41667, 6.7616, 22.4749, 41.8176, 9.52096, 40.1026, -168.709, 0.00759216, 164.984, 0.13835, 108.236, 0.138576, -71.6751
746, 12.42500, 6.76804, 22.4599, 41.8956, 9.56193, 40.176, -168.666, 0.00757836, 165.037, 0.138489, 108.279, 0.138706, -71.6376
746, 12.43333, 6.77448, 22.4449, 41.9736, 9.6027, 40.2494, -168.624, 0.0075646, 165.09, 0.138629, 108.322, 0.138836, -71.6003
747, 12.44167, 6.78094, 22.4299, 42.0516, 9.64328, 40.3228, -168.581, 0.00755088, 165.143, 0.138768, 108.364, 0.138966, -71.5632
747, 12.45000, 6.7874, 22.4149, 42.1296, 9.68365, 40.3962, -168.539, 0.00753722, 165.196, 0.138906, 108.406, 0.139095, -71.5263
748, 12.45833, 6.79387, 22.3999, 42.2076, 9.72383, 40.4696, -168.497, 0.0075236, 165.25, 0.139045, 108.448, 0.139224, -71.4895
748, 12.46667, 6.80035, 22.385, 42.2856, 9.76382, 40.543, -168.455, 0.00751003, 165.304, 0.139183, 108.489, 0.139353, -71.4529
749, 12.47500, 6.80683, 22.37, 42.3636, 9.80361, 40.6164, -168.414, 0.0074965, 165.358, 0.139321, 108.531, 0.139482, -71.4165
749, 12.48333, 6.81333, 22.355, 42.4417, 9.8432, 40.6898, -168.372, 0.00748302, 165.413, 0.139458, 108.572, 0.13961, -71.3803
750, 12.49167, 6.81983, 22.3401, 42.5198, 9.88261, 40.7632, -168.331, 0.00746959, 165.467, 0.139595, 108.613, 0.139738, -71.3442
750, 12.50000, 6.82634, 22.3251, 42.5978, 9.92182, 40.8366, -168.29, 0.00745621, 165.522, 0.139732, 108.654, 0.139866, -71.3083
751, 12.50833, 6.83285, 22.3102, 42.6759, 9.96084, 40.91, -168.249, 0.00744287, 165.577, 0.139869, 108.694, 0.139993, -71.2726
751, 12.51667, 6.83938, 22.2952, 42.754, 9.99968, 40.9834, -168.208, 0.00742957, 165.633, 0.140006, 108.735, 0.14012, -71.2371
752, 12.52500, 6.84591, 22.2803, 42.8321, 10.0383, 41.0568, -168.168, 0.00741633, 165.688, 0.140142, 108.775, 0.140247, -71.2017
752, 12.53333, 6.85245, 22.2654, 42.9102, 10.0768, 41.1302, -168.127, 0.00740313, 165.744, 0.140278, 108.815, 0.140374, -71.1665
753, 12.54167, 6.859, 22.2505, 42.9884, 10.1151, 41.2036, -168.087, 0.00738997, 165.8, 0.140413, 108.855, 0.1405, -71.1315
753, 12.55000, 6.86555, 22.2355, 43.0665, 10.1532, 41.277, -168.047, 0.00737687, 165.857, 0.140548, 108.895, 0.140626, -71.0966
754, 12.55833, 6.87212, 22.2206, 43.1447, 10.1911, 41.3503, -168.008, 0.00736381, 165.913, 0.140684, 108.934, 0.140752, -71.0619
754, 12.56667, 6.87869, 22.2057, 43.2229, 10.2288, 41.4237, -167.968, 0.00735079, 165.97, 0.140818, 108.973, 0.140877, -71.0274
755, 12.57500, 6.88527, 22.1908, 43.301, 10.2663, 41.4971, -167.929, 0.00733782, 166.027, 0.140953, 109.012, 0.141002, -70.993
755, 12.58333, 6.89186, 22.1759, 43.3792, 10.3037, 41.5705, -167.889, 0.0073249, 166.085, 0.141087, 109.051, 0.141127, -70.9588
756, 12.59167, 6.89846, 22.161, 43.4574, 10.3409, 41.6439, -167.85, 0.00731202, 166.142, 0.141221, 109.09, 0.141252, -70.9248
756, 12.60000, 6.90506, 22.1461, 43.5356, 10.3779, 41.7173, -167.811, 0.00729918, 166.2, 0.141354, 109.129, 0.141376, -70.8909
757, 12.60833, 6.91167, 22.1313, 43.6139, 10.4148, 41.7907, -167.773, 0.0072864, 166.258, 0.141488, 109.167, 0.1415, -70.8572
757, 12.61667, 6.91829, 22.1164, 43.6921, 10.4514, 41.8641, -167.734, 0.00727365, 166.317, 0.141621, 109.205, 0.141624, -70.8236
758, 12.62500, 6.92492, 22.1015, 43.7704, 10.4879, 41.9375, -167.696, 0.00726096, 166.375, 0.141754, 109.243, 0.141747, -70.7902
758, 12.63333, 6.93155, 22.0866, 43.8486, 10.5242, 42.0108, -167.657, 0.00724831, 166.434, 0.141886, 109.281, 0.14187, -70.7569
759, 12.64167, 6.9382, 22.0718, 43.9269, 10.5604, 42.0842, -167.619, 0.0072357, 166.493, 0.142018, 109.319, 0.141993, -70.7238
759, 12.65000, 6.94485, 22.0569, 44.0052, 10.5964, 42.1576, -167.581, 0.00722314, 166.552, 0.14215, 109.356, 0.142115, -70.6909
760, 12.65833, 6.95151, 22.0421, 44.0835, 10.6322, 42.231, -167.544, 0.00721062, 166.612, 0.142282, 109.393, 0.142238, -70.6581
760, 12.66667, 6.95818, 22.0272, 44.1618, 10.6678, 42.3044, -167.506, 0.00719815, 166.672, 0.142414, 109.431, 0.14236, -70.6255
761, 12.67500, 6.96485, 22.0124, 44.2401, 10.7033, 42.3778, -167.469, 0.00718573, 166.732, 0.142545, 109.468, 0.142481, -70.593
761, 12.68333, 6.97154, 21.9975, 44.3184, 10.7386, 42.4511, -167.432, 0.00717335, 166.792, 0.142676, 109.504, 0.142603, -70.5607
762, 12.69167, 6.97823, 21.9827, 44.3968, 10.7737, 42.5245, -167.395, 0.00716101, 166.853, 0.142806, 109.541, 0.142724, -70.5285
762, 12.70000, 6.98493, 21.9678, 44.4751, 10.8087, 42.5979, -167.358, 0.00714872, 166.914, 0.142936, 109.577, 0.142845, -70.4964
763, 12.70833, 6.99163, 21.953, 44.5535, 10.8435, 42.6713, -167.321, 0.00713647, 166.975, 0.143067, 109.614, 0.142966, -70.4645
763, 12.71667, 6.99835, 21.9382, 44.6319, 10.8782, 42.7446, -167.284, 0.00712427, 167.036, 0.143196, 109.65, 0.143086, -70.4328
764, 12.72500, 7.00507, 21.9233, 44.7102, 10.9127, 42.818, -167.248, 0.00711211, 167.098, 0.143326, 109.686, 0.143206, -70.4012
764, 12.73333, 7.0118, 21.9085, 44.7886, 10.947, 42.8914, -167.212, 0.0071, 167.159, 0.143455, 109.722, 0.143326, -70.3698
765, 12.74167, 7.01854, 21.8937, 44.8671, 10.9812, 42.9648, -167.176, 0.00708793, 167.221, 0.143584, 109.757, 0.143445, -70.3384
765, 12.75000, 7.02529, 21.8789, 44.9455, 11.0152, 43.0381, -167.14, 0.00707591, 167.284, 0.143713, 109.793, 0.143564, -70.3073
766, 12.75833, 7.03205, 21.8641, 45.0239, 11.049, 43.1115, -167.104, 0.00706393, 167.346, 0.143841, 109.828, 0.143683, -70.2763
766, 12.76667, 7.03881, 21.8493, 45.1023, 11.0827, 43.1849, -167.068, 0.007052, 167.409, 0.143969, 109.863, 0.143802, -70.2454
767, 12.77500, 7.04558, 21.8345, 45.1808, 11.1163, 43.2582, -167.033, 0.00704011, 167.472, 0.144097, 109.898, 0.14392, -70.2146
767, 12.78333, 7.05236, 21.8197, 45.2593, 11.1496, 43.3316, -166.997, 0.00702826, 167.535, 0.144225, 109.933, 0.144038, -70.184
768, 12.79167, 7.05915, 21.8048, 45.3377, 11.1829, 43.405, -166.962, 0.00701646, 167.599, 0.144352, 109.968, 0.144156, -70.1536
768, 12.80000, 7.06595, 21.7901, 45.4162, 11.216, 43.4783, -166.927, 0.0070047, 167.663, 0.144479, 110.002, 0.144274, -70.1232
769, 12.80833, 7.07275, 21.7753, 45.4947, 11.2489, 43.5517, -166.892, 0.00699299, 167.727, 0.144606, 110.036, 0.144391, -70.0931
769, 12.81667, 7.07956, 21.7605, 45.5732, 11.2817, 43.625, -166.858, 0.00698131, 167.791, 0.144732, 110.071, 0.144508, -70.063
770, 12.82500, 7.08638, 21.7457, 45.6517, 11.3143, 43.6984, -166.823, 0.00696969, 167.856, 0.144858, 110.105, 0.144625, -70.0331
770, 12.83333, 7.09321, 21.7309, 45.7303, 11.3468, 43.7717, -166.789, 0.00695811, 167.921, 0.144984, 110.139, 0.144741, -70.0033
771, 12.84167, 7.10005, 21.7161, 45.8088, 11.3791, 43.8451, -166.754, 0.00694657, 167.986, 0.14511, 110.172, 0.144857, -69.9737
771, 12.85000, 7.10689, 21.7013, 45.8874, 11.4113, 43.9184, -166.72, 0.00693507, 168.051, 0.145235, 110.206, 0.144973, -69.9442
772, 12.85833, 7.11375, 21.6865, 45.9659, 11.4433, 43.9918, -166.686, 0.00692362, 168.117, 0.14536, 110.239, 0.145089, -69.9148
772, 12.86667, 7.12061, 21.6717, 46.0445, 11.4752, 44.0651, -166.652, 0.00691221, 168.183, 0.145485, 110.273, 0.145204, -69.8855
773, 12.87500, 7.12748, 21.657, 46.1231, 11.5069, 44.1385, -166.619, 0.00690085, 168.249, 0.14561, 110.306, 0.145319, -69.8564
773, 12.88333, 7.13436, 21.6422, 46.2017, 11.5385, 44.2118, -166.585, 0.00688953, 168.315, 0.145734, 110.339, 0.145434, -69.8274
774, 12.89167, 7.14124, 21.6274, 46.2803, 11.57, 44.2852, -166.552, 0.00687825, 168.382, 0.145858, 110.372, 0.145549, -69.7986
774, 12.90000, 7.14813, 21.6126, 46.3589, 11.6013, 44.3585, -166.518, 0.00686702, 168.448, 0.145982, 110.404, 0.145663, -69.7698
775, 12.90833, 7.15504, 21.5979, 46.4375, 11.6325, 44.4319, -166.485, 0.00685583, 168.516, 0.146106, 110.437, 0.145777, -69.7412
775, 12.91667, 7.16195, 21.5831, 46.5162, 11.6635, 44.5052, -166.452, 0.00684468, 168.583, 0.146229, 110.469, 0.145891, -69.7128
776, 12.92500, 7.16886, 21.5683, 46.5948, 11.6944, 44.5785, -166.419, 0.00683358, 168.651, 0.146352, 110.502, 0.146004, -69.6844
776, 12.93333, 7.17579, 21.5536, 46.6735, 11.7252, 44.6519, -166.386, 0.00682252, 168.718, 0.146474, 110.534, 0.146117, -69.6562
777, 12.94167, 7.18273, 21.5388, 46.7522, 11.7558, 44.7252, -166.354, 0.00681151, 168.787, 0.146597, 110.566, 0.14623, -69.6281
777, 12.95000, 7.18967, 21.5241, 46.8309, 11.7862, 44.7985, -166.321, 0.00680053, 168.855, 0.146719, 110.598, 0.146343, -69.6001
778, 12.95833, 7.19662, 21.5093, 46.9096, 11.8166, 44.8719, -166.289, 0.0067896, 168.924, 0.146841, 110.63, 0.146455, -69.5722
778, 12.96667, 7.20358, 21.4945, 46.9883, 11.8468, 44.9452, -166.257, 0.00677872, 168.992, 0.146963, 110.661, 0.146567, -69.5445
779, 12.97500, 7.21055, 21.4798, 47.067, 11.8769, 45.0185, -166.225, 0.00676787, 169.062, 0.147084, 110.693, 0.146679, -69.5169
779, 12.98333, 7.21752, 21.465, 47.1457, 11.9068, 45.0919, -166.193, 0.00675707, 169.131, 0.147205, 110.724, 0.146791, -69.4894
780, 12.99167, 7.22451, 21.4503, 47.2245, 11.9366, 45.1652, -166.161, 0.00674631, 169.201, 0.147326, 110.755, 0.146902, -69.462
780, 13.00000, 7.2315, 21.4355, 47.3032, 11.9663, 45.2385, -166.129, 0.0067356, 169.27, 0.147447, 110.786, 0.147013, -69.4348
781, 13.00833, 7.2385, 21.4207, 47.382, 11.9958, 45.3118, -166.098, 0.00672493, 169.341, 0.147567, 110.817, 0.147124, -69.4077
781, 13.01667, 7.24551, 21.406, 47.4608, 12.0252, 45.3851, -166.066, 0.0067143, 169.411, 0.147687, 110.848, 0.147234, -69.3806
782, 13.02500, 7.25252, 21.3912, 47.5395, 12.0545, 45.4585, -166.035, 0.00670371, 169.482, 0.147807, 110.878, 0.147345, -69.3537
782, 13.03333, 7.25955, 21.3765, 47.6183, 12.0836, 45.5318, -166.004, 0.00669317, 169.553, 0.147926, 110.909, 0.147455, -69.327
783, 13.04167, 7.26658, 21.3617, 47.6971, 12.1126, 45.6051, -165.973, 0.00668267, 169.624, 0.148046, 110.939, 0.147564, -69.3003
783, 13.05000, 7.27362, 21.347, 47.776, 12.1415, 45.6784, -165.942, 0.00667221, 169.695, 0.148165, 110.97, 0.147674, -69.2737
784, 13.05833, 7.28067, 21.3322, 47.8548, 12.1703, 45.7517, -165.911, 0.0066618, 169.767, 0.148283, 111, 0.147783, -69.2473
784, 13.06667, 7.28773, 21.3175, 47.9336, 12.1989, 45.825, -165.88, 0.00665143, 169.839, 0.148402, 111.03, 0.147892, -69.221
785, 13.07500, 7.2948, 21.3027, 48.0125, 12.2274, 45.8983, -165.85, 0.0066411, 169.911, 0.14852, 111.06, 0.148001, -69.1948
785, 13.08333, 7.30187, 21.288, 48.0914, 12.2558, 45.9716, -165.82, 0.00663081, 169.984, 0.148638, 111.089, 0.148109, -69.1687
786, 13.09167, 7.30896, 21.2732, 48.1702, 12.2841, 46.0449, -165.789, 0.00662057, 170.056, 0.148756, 111.119, 0.148217, -69.1427
786, 13.10000, 7.31605, 21.2585, 48.2491, 12.3122, 46.1182, -165.759, 0.00661036, 170.129, 0.148873, 111.148, 0.148325, -69.1168
787, 13.10833, 7.32315, 21.2437, 48.328, 12.3402, 46.1915, -165.729, 0.00660021, 170.202, 0.14899, 111.178, 0.148433, -69.0911
787, 13.11667, 7.33026, 21.229, 48.4069, 12.3681, 46.2648, -165.699, 0.00659009, 170.276, 0.149107, 111.207, 0.14854, -69.0654
788, 13.12500, 7.33738, 21.2142, 48.4859, 12.3958, 46.3381, -165.669, 0.00658002, 170.35, 0.149224, 111.236, 0.148647, -69.0399
788, 13.13333, 7.3445, 21.1995, 48.5648, 12.4235, 46.4114, -165.64, 0.00656998, 170.424, 0.14934, 111.265, 0.148754, -69.0144
789, 13.14167, 7.35163, 21.1847, 48.6437, 12.451, 46.4847, -165.61, 0.00655999, 170.498, 0.149457, 111.294, 0.148861, -68.9891
789, 13.15000, 7.35878, 21.17, 48.7227, 12.4784, 46.558, -165.58, 0.00655005, 170.572, 0.149573, 111.323, 0.148967, -68.9639
790, 13.15833, 7.36593, 21.1552, 48.8017, 12.5057, 46.6313, -165.551, 0.00654014, 170.647, 0.149688, 111.351, 0.149073, -68.9388
790, 13.16667, 7.37309, 21.1405, 48.8806, 12.5329, 46.7046, -165.522, 0.00653028, 170.722, 0.149804, 111.38, 0.149179, -68.9138
791, 13.17500, 7.38025, 21.1257, 48.9596, 12.5599, 46.7779, -165.493, 0.00652046, 170.797, 0.149919, 111.408, 0.149284, -68.8889
791, 13.18333, 7.38743, 21.111, 49.0386, 12.5868, 46.8512, -165.464, 0.00651069, 170.873, 0.150034, 111.437, 0.14939, -68.8641
792, 13.19167, 7.39461, 21.0962, 49.1176, 12.6136, 46.9245, -165.435, 0.00650095, 170.949, 0.150148, 111.465, 0.149495, -68.8394
792, 13.20000, 7.4018, 21.0815, 49.1967, 12.6403, 46.9978, -165.406, 0.00649126, 171.025, 0.150263, 111.493, 0.1496, -68.8148
793, 13.20833, 7.40901, 21.0667, 49.2757, 12.6669, 47.071, -165.377, 0.00648161, 171.101, 0.150377, 111.521, 0.149704, -68.7903
793, 13.21667, 7.41621, 21.0519, 49.3548, 12.6934, 47.1443, -165.349, 0.006472, 171.177, 0.15049, 111.549, 0.149808, -68.7659
794, 13.22500, 7.42343, 21.0372, 49.4338, 12.7197, 47.2176, -165.32, 0.00646243, 171.254, 0.150604, 111.576, 0.149912, -68.7416
794, 13.23333, 7.43066, 21.0224, 49.5129, 12.746, 47.2909, -165.292, 0.00645291, 171.331, 0.150717, 111.604, 0.150016, -68.7174
795, 13.24167, 7.43789, 21.0077, 49.592, 12.7721, 47.3642, -165.264, 0.00644343, 171.409, 0.15083, 111.631, 0.15012, -68.6934
795, 13.25000, 7.44514, 20.9929, 49.6711, 12.7981, 47.4374, -165.236, 0.00643399, 171.486, 0.150943, 111.659, 0.150223, -68.6694
796, 13.25833, 7.45239, 20.9782, 49.7502, 12.824, 47.5107, -165.208, 0.00642459, 171.564, 0.151056, 111.686, 0.150326, -68.6455
796, 13.26667, 7.45965, 20.9634, 49.8293, 12.8498, 47.584, -165.18, 0.00641523, 171.642, 0.151168, 111.713, 0.150429, -68.6217
797, 13.27500, 7.46692, 20.9486, 49.9084, 12.8755, 47.6573, -165.152, 0.00640592, 171.72, 0.15128, 111.74, 0.150531, -68.598
797, 13.28333, 7.47419, 20.9339, 49.9876, 12.901, 47.7305, -165.124, 0.00639665, 171.799, 0.151392, 111.767, 0.150633, -68.5745
798, 13.29167, 7.48148, 20.9191, 50.0667, 12.9265, 47.8038, -165.097, 0.00638742, 171.878, 0.151504, 111.794, 0.150735, -68.551
798, 13.30000, 7.48878, 20.9043, 50.1459, 12.9519, 47.8771, -165.069, 0.00637823, 171.957, 0.151615, 111.821, 0.150837, -68.5276
799, 13.30833, 7.49608, 20.8896, 50.2251, 12.9771, 47.9503, -165.042, 0.00636909, 172.036, 0.151726, 111.847, 0.150939, -68.5043
799, 13.31667, 7.50339, 20.8748, 50.3043, 13.0022, 48.0236, -165.015, 0.00635998, 172.116, 0.151837, 111.874, 0.15104, -68.4811
800, 13.32500, 7.51071, 20.86, 50.3835, 13.0273, 48.0969, -164.988, 0.00635092, 172.195, 0.151948, 111.9, 0.151141, -68.458
800, 13.33333, 7.51804, 20.8452, 50.4627, 13.0522, 48.1701, -164.961, 0.0063419, 172.275, 0.152058, 111.926, 0.151242, -68.435
801, 13.34167, 7.52538, 20.8305, 50.5419, 13.077, 48.2434, -164.934, 0.00633293, 172.356, 0.152168, 111.953, 0.151342, -68.412
801, 13.35000, 7.53272, 20.8157, 50.6212, 13.1017, 48.3167, -164.907, 0.00632399, 172.436, 0.152278, 111.979, 0.151442, -68.3892
802, 13.35833, 7.54008, 20.8009, 50.7004, 13.1263, 48.3899, -164.88, 0.0063151, 172.517, 0.152387, 112.005, 0.151542, -68.3665
802, 13.36667, 7.54744, 20.7861, 50.7797, 13.1508, 48.4632, -164.853, 0.00630625, 172.598, 0.152497, 112.031, 0.151642, -68.3439
803, 13.37500, 7.55481, 20.7713, 50.859, 13.1752, 48.5364, -164.827, 0.00629744, 172.68, 0.152606, 112.056, 0.151742, -68.3213
803, 13.38333, 7.56219, 20.7566, 50.9383, 13.1995, 48.6097, -164.8, 0.00628867, 172.761, 0.152715, 112.082, 0.151841, -68.2989
804, 13.39167, 7.56958, 20.7418, 51.0176, 13.2237, 48.683, -164.774, 0.00627994, 172.843, 0.152823, 112.108, 0.15194, -68.2765
804, 13.40000, 7.57698, 20.727, 51.0969, 13.2478, 48.7562, -164.748, 0.00627126, 172.925, 0.152932, 112.133, 0.152039, -68.2542
805, 13.40833, 7.58438, 20.7122, 51.1762, 13.2718, 48.8295, -164.722, 0.00626262, 173.008, 0.15304, 112.158, 0.152137, -68.2321
805, 13.41667, 7.5918, 20.6974, 51.2556, 13.2957, 48.9027, -164.696, 0.00625401, 173.09, 0.153148, 112.184, 0.152236, -68.21
806, 13.42500, 7.59922, 20.6826, 51.3349, 13.3195, 48.976, -164.67, 0.00624546, 173.173, 0.153255, 112.209, 0.152334, -68.188
806, 13.43333, 7.60665, 20.6678, 51.4143, 13.3432, 49.0492, -164.644, 0.00623694, 173.256, 0.153363, 112.234, 0.152432, -68.166
807, 13.44167, 7.6141, 20.653, 51.4937, 13.3668, 49.1225, -164.618, 0.00622846, 173.339, 0.15347, 112.259, 0.152529, -68.1442
807, 13.45000, 7.62155, 20.6382, 51.5731, 13.3903, 49.1957, -164.592, 0.00622003, 173.423, 0.153577, 112.284, 0.152626, -68.1225
807, 13.45833, 7.629, 20.6234, 51.6525, 13.4136, 49.269, -164.567, 0.00621164, 173.507, 0.153683, 112.308, 0.152724, -68.1008
808, 13.46667, 7.63647, 20.6086, 51.7319, 13.4369, 49.3422, -164.541, 0.00620329, 173.591, 0.15379, 112.333, 0.15282, -68.0793
809, 13.47500, 7.64395, 20.5938, 51.8113, 13.4601, 49.4155, -164.516, 0.00619498, 173.675, 0.153896, 112.358, 0.152917, -68.0578
809, 13.48333, 7.65143, 20.579, 51.8908, 13.4832, 49.4887, -164.491, 0.00618672, 173.76, 0.154002, 112.382, 0.153013, -68.0364
810, 13.49167, 7.65893, 20.5642, 51.9702, 13.5063, 49.562, -164.466, 0.00617849, 173.845, 0.154107, 112.406, 0.153109, -68.0151
810, 13.50000, 7.66643, 20.5493, 52.0497, 13.5292, 49.6352, -164.441, 0.00617031, 173.93, 0.154213, 112.431, 0.153205, -67.9938
811, 13.50833, 7.67394, 20.5345, 52.1292, 13.552, 49.7085, -164.416, 0.00616217, 174.015, 0.154318, 112.455, 0.153301, -67.9727
811, 13.51667, 7.68146, 20.5197, 52.2087, 13.5747, 49.7817, -164.391, 0.00615407, 174.101, 0.154423, 112.479, 0.153396, -67.9516
812, 13.52500, 7.68899, 20.5049, 52.2882, 13.5973, 49.855, -164.366, 0.00614601, 174.187, 0.154528, 112.503, 0.153491, -67.9307
812, 13.53333, 7.69652, 20.49, 52.3677, 13.6199, 49.9282, -164.341, 0.00613799, 174.273, 0.154632, 112.527, 0.153586, -67.9098
813, 13.54167, 7.70407, 20.4752, 52.4472, 13.6423, 50.0014, -164.316, 0.00613002, 174.359, 0.154736, 112.551, 0.153681, -67.889
813, 13.55000, 7.71162, 20.4604, 52.5268, 13.6646, 50.0747, -164.292, 0.00612209, 174.446, 0.15484, 112.575, 0.153775, -67.8682
814, 13.55833, 7.71919, 20.4455, 52.6063, 13.6869, 50.1479, -164.267, 0.0061142, 174.532, 0.154944, 112.598, 0.15387, -67.8476
814, 13.56667, 7.72676, 20.4307, 52.6859, 13.7091, 50.2212, -164.243, 0.00610635, 174.619, 0.155048, 112.622, 0.153964, -67.827
815, 13.57500, 7.73434, 20.4158, 52.7655, 13.7311, 50.2944, -164.219, 0.00609854, 174.707, 0.155151, 112.645, 0.154057, -67.8065
815, 13.58333, 7.74193, 20.401, 52.8451, 13.7531, 50.3677, -164.195, 0.00609078, 174.794, 0.155254, 112.669, 0.154151, -67.7861
816, 13.59167, 7.74953, 20.3861, 52.9247, 13.775, 50.4409, -164.17, 0.00608305, 174.882, 0.155357, 112.692, 0.154244, -67.7658
816, 13.60000, 7.75714, 20.3713, 53.0044, 13.7968, 50.5141, -164.146, 0.00607537, 174.97, 0.155459, 112.715, 0.154337, -67.7456
816, 13.60833, 7.76476, 20.3564, 53.084, 13.8185, 50.5874, -164.122, 0.00606773, 175.058, 0.155562, 112.738, 0.15443, -67.7254
817, 13.61667, 7.77238, 20.3415, 53.1637, 13.8401, 50.6606, -164.099, 0.00606013, 175.147, 0.155664, 112.761, 0.154523, -67.7053
818, 13.62500, 7.78002, 20.3267, 53.2433, 13.8617, 50.7339, -164.075, 0.00605257, 175.236, 0.155766, 112.784, 0.154615, -67.6853
818, 13.63333, 7.78766, 20.3118, 53.323, 13.8831, 50.8071, -164.051, 0.00604506, 175.325, 0.155867, 112.807, 0.154707, -67.6654
819, 13.64167, 7.79531, 20.2969, 53.4027, 13.9045, 50.8804, -164.028, 0.00603758, 175.414, 0.155969, 112.83, 0.154799, -67.6455
819, 13.65000, 7.80297, 20.282, 53.4824, 13.9257, 50.9536, -164.004, 0.00603015, 175.503, 0.15607, 112.852, 0.15489, -67.6257
820, 13.65833, 7.81065, 20.2672, 53.5622, 13.9469, 51.0268, -163.981, 0.00602276, 175.593, 0.156171, 112.875, 0.154982, -67.606
820, 13.66667, 7.81833, 20.2523, 53.6419, 13.968, 51.1001, -163.957, 0.00601541, 175.683, 0.156271, 112.897, 0.155073, -67.5864
821, 13.67500, 7.82601, 20.2374, 53.7217, 13.989, 51.1733, -163.934, 0.00600811, 175.773, 0.156372, 112.92, 0.155164, -67.5669
821, 13.68333, 7.83371, 20.2225, 53.8014, 14.0099, 51.2465, -163.911, 0.00600084, 175.864, 0.156472, 112.942, 0.155255, -67.5474
822, 13.69167, 7.84142, 20.2076, 53.8812, 14.0308, 51.3198, -163.888, 0.00599362, 175.954, 0.156572, 112.964, 0.155345, -67.528
822, 13.70000, 7.84913, 20.1927, 53.961, 14.0515, 51.393, -163.865, 0.00598644, 176.045, 0.156672, 112.987, 0.155435, -67.5087
823, 13.70833, 7.85686, 20.1778, 54.0408, 14.0722, 51.4663, -163.842, 0.0059793, 176.137, 0.156772, 113.009, 0.155525, -67.4894
823, 13.71667, 7.86459, 20.1629, 54.1206, 14.0928, 51.5395, -163.819, 0.0059722, 176.228, 0.156871, 113.031, 0.155615, -67.4702
824, 13.72500, 7.87233, 20.148, 54.2005, 14.1133, 51.6128, -163.796, 0.00596514, 176.32, 0.15697, 113.053, 0.155705, -67.4511
824, 13.73333, 7.88008, 20.133, 54.2803, 14.1337, 51.686, -163.774, 0.00595813, 176.411, 0.157069, 113.074, 0.155794, -67.4321
824, 13.74167, 7.88785, 20.1181, 54.3602, 14.1541, 51.7592, -163.751, 0.00595116, 176.503, 0.157167, 113.096, 0.155883, -67.4131
825, 13.75000, 7.89561, 20.1032, 54.4401, 14.1743, 51.8325, -163.728, 0.00594422, 176.596, 0.157266, 113.118, 0.155972, -67.3942
826, 13.75833, 7.90339, 20.0883, 54.52, 14.1945, 51.9057, -163.706, 0.00593734, 176.688, 0.157364, 113.14, 0.156061, -67.3754
826, 13.76667, 7.91118, 20.0733, 54.5999, 14.2146, 51.979, -163.684, 0.00593049, 176.781, 0.157462, 113.161, 0.156149, -67.3567
827, 13.77500, 7.91898, 20.0584, 54.6798, 14.2346, 52.0522, -163.661, 0.00592368, 176.874, 0.15756, 113.183, 0.156237, -67.338
827, 13.78333, 7.92678, 20.0434, 54.7598, 14.2545, 52.1255, -163.639, 0.00591692, 176.967, 0.157657, 113.204, 0.156325, -67.3194
828, 13.79167, 7.9346, 20.0285, 54.8397, 14.2744, 52.1987, -163.617, 0.0059102, 177.061, 0.157754, 113.225, 0.156413, -67.3009
828, 13.80000, 7.94242, 20.0135, 54.9197, 14.2942, 52.2719, -163.595, 0.00590352, 177.155, 0.157851, 113.246, 0.1565, -67.2824
829, 13.80833, 7.95026, 19.9986, 54.9997, 14.3139, 52.3452, -163.573, 0.00589688, 177.249, 0.157948, 113.268, 0.156588, -67.264
829, 13.81667, 7.9581, 19.9836, 55.0797, 14.3335, 52.4184, -163.551, 0.00589028, 177.343, 0.158045, 113.289, 0.156675, -67.2457
830, 13.82500, 7.96595, 19.9686, 55.1597, 14.353, 52.4917, -163.529, 0.00588372, 177.437, 0.158141, 113.31, 0.156762, -67.2274
830, 13.83333, 7.97381, 19.9536, 55.2397, 14.3725, 52.5649, -163.507, 0.00587721, 177.532, 0.158237, 113.33, 0.156848, -67.2092
831, 13.84167, 7.98168, 19.9387, 55.3198, 14.3918, 52.6382, -163.486, 0.00587074, 177.627, 0.158333, 113.351, 0.156935, -67.1911
831, 13.85000, 7.98956, 19.9237, 55.3998, 14.4111, 52.7114, -163.464, 0.00586431, 177.722, 0.158429, 113.372, 0.157021, -67.173
832, 13.85833, 7.99745, 19.9087, 55.4799, 14.4304, 52.7847, -163.443, 0.00585792, 177.817, 0.158524, 113.393, 0.157107, -67.1551
832, 13.86667, 8.00535, 19.8937, 55.56, 14.4495, 52.8579, -163.421, 0.00585158, 177.912, 0.15862, 113.413, 0.157192, -67.1371
832, 13.87500, 8.01326, 19.8787, 55.6401, 14.4686, 52.9312, -163.4, 0.00584527, 178.008, 0.158715, 113.434, 0.157278, -67.1193
833, 13.88333, 8.02117, 19.8637, 55.7202, 14.4876, 53.0044, -163.378, 0.00583901, 178.104, 0.158809, 113.454, 0.157363, -67.1015
834, 13.89167, 8.0291, 19.8487, 55.8004, 14.5065, 53.0777, -163.357, 0.00583279, 178.2, 0.158904, 113.475, 0.157448, -67.0838
834, 13.90000, 8.03703, 19.8337, 55.8805, 14.5253, 53.151, -163.336, 0.00582661, 178.297, 0.158998, 113.495, 0.157533, -67.0661
835, 13.90833, 8.04498, 19.8186, 55.9607, 14.5441, 53.2242, -163.315, 0.00582048, 178.393, 0.159092, 113.515, 0.157618, -67.0485
835, 13.91667, 8.05293, 19.8036, 56.0409, 14.5628, 53.2975, -163.294, 0.00581438, 178.49, 0.159186, 113.536, 0.157702, -67.031
836, 13.92500, 8.06089, 19.7886, 56.1211, 14.5814, 53.3707, -163.273, 0.00580833, 178.587, 0.15928, 113.556, 0.157786, -67.0135
836, 13.93333, 8.06886, 19.7735, 56.2013, 14.6, 53.444, -163.252, 0.00580232, 178.685, 0.159373, 113.576, 0.15787, -66.9961
837, 13.94167, 8.07685, 19.7585, 56.2816, 14.6185, 53.5173, -163.231, 0.00579635, 178.782, 0.159467, 113.596, 0.157954, -66.9788
837, 13.95000, 8.08484, 19.7435, 56.3618, 14.6369, 53.5905, -163.21, 0.00579042, 178.88, 0.15956, 113.616, 0.158038, -66.9615
838, 13.95833, 8.09284, 19.7284, 56.4421, 14.6552, 53.6638, -163.19, 0.00578454, 178.978, 0.159652, 113.635, 0.158121, -66.9443
838, 13.96667, 8.10085, 19.7133, 56.5223, 14.6734, 53.737, -163.169, 0.00577869, 179.076, 0.159745, 113.655, 0.158204, -66.9272
839, 13.97500, 8.10887, 19.6983, 56.6026, 14.6916, 53.8103, -163.149, 0.00577289, 179.174, 0.159837, 113.675, 0.158287, -66.9101
839, 13.98333, 8.11689, 19.6832, 56.683, 14.7097, 53.8836, -163.128, 0.00576713, 179.273, 0.15993, 113.694, 0.158369, -66.8931
840, 13.99167, 8.12493, 19.6681, 56.7633, 14.7278, 53.9569, -163.108, 0.00576142, 179.372, 0.160022, 113.714, 0.158452, -66.8761
840, 14.00000, 8.13298, 19.653, 56.8436, 14.7457, 54.0301, -163.087, 0.00575574, 179.471, 0.160113, 113.733, 0.158534, -66.8592
841, 14.00833, 8.14104, 19.6379, 56.924, 14.7636, 54.1034, -163.067, 0.00575011, 179.57, 0.160205, 113.753, 0.158616, -66.8424
841, 14.01667, 8.1491, 19.6229, 57.0044, 14.7815, 54.1767, -163.047, 0.00574452, 179.669, 0.160296, 113.772, 0.158698, -66.8256
841, 14.02500, 8.15718, 19.6078, 57.0848, 14.7992, 54.25, -163.027, 0.00573897, 179.769, 0.160387, 113.791, 0.15878, -66.8089
842, 14.03333, 8.16526, 19.5926, 57.1652, 14.8169, 54.3232, -163.007, 0.00573346, 179.869, 0.160478, 113.811, 0.158861, -66.7922
843, 14.04167, 8.17336, 19.5775, 57.2456, 14.8345, 54.3965, -162.987, 0.005728, 179.969, 0.160569, 113.83, 0.158942, -66.7756
843, 14.05000, 8.18146, 19.5624, 57.326, 14.8521, 54.4698, -162.967, 0.00572258, -179.931, 0.160659, 113.849, 0.159023, -66.7591
844, 14.05833, 8.18957, 19.5473, 57.4065, 14.8696, 54.5431, -162.947, 0.0057172, -179.831, 0.160749, 113.868, 0.159104, -66.7426
844, 14.06667, 8.1977, 19.5322, 57.487, 14.887, 54.6164, -162.927, 0.00571186, -179.73, 0.160839, 113.887, 0.159184, -66.7262
845, 14.07500, 8.20583, 19.517, 57.5675, 14.9043, 54.6896, -162.907, 0.00570656, -179.629, 0.160929, 113.906, 0.159265, -66.7099
845, 14.08333, 8.21397, 19.5019, 57.648, 14.9216, 54.7629, -162.888, 0.00570131, -179.528, 0.161019, 113.925, 0.159345, -66.6936
846, 14.09167, 8.22212, 19.4867, 57.7285, 14.9388, 54.8362, -162.868, 0.0056961, -179.427, 0.161108, 113.943, 0.159425, -66.6773
846, 14.10000, 8.23028, 19.4716, 57.8091, 14.956, 54.9095, -162.848, 0.00569093, -179.326, 0.161197, 113.962, 0.159504, -66.6611
847, 14.10833, 8.23845, 19.4564, 57.8896, 14.973, 54.9828, -162.829, 0.0056858, -179.224, 0.161286, 113.981, 0.159584, -66.645
847, 14.11667, 8.24663, 19.4412, 57.9702, 14.99, 55.0561, -162.809, 0.00568071, -179.122, 0.161375, 113.999, 0.159663, -66.6289
848, 14.12500, 8.25482, 19.4261, 58.0508, 15.007, 55.1294, -162.79, 0.00567567, -179.02, 0.161463, 114.018, 0.159742, -66.6129
848, 14.13333, 8.26302, 19.4109, 58.1314, 15.0239, 55.2027, -162.771, 0.00567067, -178.918, 0.161552, 114.036, 0.159821, -66.597
849, 14.14167, 8.27123, 19.3957, 58.2121, 15.0407, 55.276, -162.752, 0.00566571, -178.816, 0.16164, 114.055, 0.1599, -66.5811
849, 14.15000, 8.27945, 19.3805, 58.2927, 15.0574, 55.3493, -162.732, 0.0056608, -178.713, 0.161727, 114.073, 0.159978, -66.5652
849, 14.15833, 8.28768, 19.3653, 58.3734, 15.0741, 55.4226, -162.713, 0.00565592, -178.61, 0.161815, 114.091, 0.160056, -66.5495
850, 14.16667, 8.29591, 19.3501, 58.4541, 15.0907, 55.496, -162.694, 0.00565109, -178.507, 0.161903, 114.109, 0.160134, -66.5337
851, 14.17500, 8.30416, 19.3349, 58.5348, 15.1073, 55.5693, -162.675, 0.0056463, -178.404, 0.16199, 114.127, 0.160212, -66.5181
851, 14.18333, 8.31242, 19.3196, 58.6155, 15.1238, 55.6426, -162.656, 0.00564155, -178.301, 0.162077, 114.146, 0.16029, -66.5024
852, 14.19167, 8.32069, 19.3044, 58.6962, 15.1402, 55.7159, -162.637, 0.00563685, -178.197, 0.162164, 114.164, 0.160367, -66.4869
852, 14.20000, 8.32896, 19.2892, 58.777, 15.1565, 55.7892, -162.619, 0.00563219, -178.094, 0.16225, 114.182, 0.160444, -66.4714
853, 14.20833, 8.33725, 19.2739, 58.8577, 15.1728, 55.8626, -162.6, 0.00562757, -177.99, 0.162337, 114.199, 0.160521, -66.4559
853, 14.21667, 8.34554, 19.2587, 58.9385, 15.1891, 55.9359, -162.581, 0.00562299, -177.886, 0.162423, 114.217, 0.160598, -66.4405
854, 14.22500, 8.35385, 19.2434, 59.0193, 15.2052, 56.0092, -162.563, 0.00561846, -177.781, 0.162509, 114.235, 0.160675, -66.4252
854, 14.23333, 8.36217, 19.2281, 59.1002, 15.2214, 56.0825, -162.544, 0.00561396, -177.677, 0.162595, 114.253, 0.160751, -66.4099
855, 14.24167, 8.37049, 19.2129, 59.181, 15.2374, 56.1559, -162.526, 0.00560951, -177.572, 0.16268, 114.27, 0.160827, -66.3946
855, 14.25000, 8.37883, 19.1976, 59.2619, 15.2534, 56.2292, -162.507, 0.0056051, -177.467, 0.162766, 114.288, 0.160903, -66.3794
856, 14.25833, 8.38717, 19.1823, 59.3427, 15.2693, 56.3026, -162.489, 0.00560074, -177.363, 0.162851, 114.306, 0.160979, -66.3643
856, 14.26667, 8.39553, 19.167, 59.4236, 15.2852, 56.3759, -162.47, 0.00559642, -177.257, 0.162936, 114.323, 0.161054, -66.3492
857, 14.27500, 8.40389, 19.1517, 59.5046, 15.301, 56.4493, -162.452, 0.00559214, -177.152, 0.163021, 114.34, 0.16113, -66.3342
857, 14.28333, 8.41226, 19.1364, 59.5855, 15.3167, 56.5226, -162.434, 0.0055879, -177.047, 0.163105, 114.358, 0.161205, -66.3192
857, 14.29167, 8.42065, 19.1211, 59.6665, 15.3324, 56.596, -162.416, 0.0055837, -176.941, 0.16319, 114.375, 0.16128, -66.3043
858, 14.30000, 8.42904, 19.1058, 59.7474, 15.348, 56.6693, -162.398, 0.00557955, -176.835, 0.163274, 114.392, 0.161355, -66.2894
859, 14.30833, 8.43745, 19.0904, 59.8284, 15.3636, 56.7427, -162.38, 0.00557544, -176.729, 0.163358, 114.41, 0.161429, -66.2746
859, 14.31667, 8.44586, 19.0751, 59.9094, 15.3791, 56.816, -162.362, 0.00557137, -176.623, 0.163442, 114.427, 0.161503, -66.2598
860, 14.32500, 8.45428, 19.0597, 59.9905, 15.3945, 56.8894, -162.344, 0.00556735, -176.517, 0.163525, 114.444, 0.161578, -66.2451
860, 14.33333, 8.46272, 19.0444, 60.0715, 15.4099, 56.9628, -162.326, 0.00556336, -176.41, 0.163608, 114.461, 0.161651, -66.2304
861, 14.34167, 8.47116, 19.029, 60.1526, 15.4252, 57.0362, -162.308, 0.00555942, -176.304, 0.163692, 114.478, 0.161725, -66.2158
861, 14.35000, 8.47962, 19.0137, 60.2337, 15.4405, 57.1095, -162.29, 0.00555553, -176.197, 0.163775, 114.495, 0.161799, -66.2012
862, 14.35833, 8.48808, 18.9983, 60.3148, 15.4557, 57.1829, -162.272, 0.00555167, -176.09, 0.163857, 114.512, 0.161872, -66.1867
862, 14.36667, 8.49655, 18.9829, 60.3959, 15.4708, 57.2563, -162.255, 0.00554786, -175.983, 0.16394, 114.528, 0.161945, -66.1722
863, 14.37500, 8.50504, 18.9675, 60.477, 15.4859, 57.3297, -162.237, 0.00554409, -175.875, 0.164022, 114.545, 0.162018, -66.1578
863, 14.38333, 8.51353, 18.9521, 60.5582, 15.501, 57.4031, -162.22, 0.00554036, -175.768, 0.164104, 114.562, 0.162091, -66.1434
864, 14.39167, 8.52203, 18.9367, 60.6394, 15.5159, 57.4765, -162.202, 0.00553668, -175.66, 0.164186, 114.579, 0.162164, -66.1291
864, 14.40000, 8.53055, 18.9213, 60.7206, 15.5308, 57.5499, -162.185, 0.00553304, -175.553, 0.164268, 114.595, 0.162236, -66.1148
865, 14.40833, 8.53907, 18.9059, 60.8018, 15.5457, 57.6233, -162.167, 0.00552944, -175.445, 0.16435, 114.612, 0.162308, -66.1006
865, 14.41667, 8.5476, 18.8904, 60.883, 15.5605, 57.6967, -162.15, 0.00552588, -175.337, 0.164431, 114.628, 0.16238, -66.0864
866, 14.42500, 8.55615, 18.875, 60.9643, 15.5753, 57.7701, -162.133, 0.00552237, -175.229, 0.164512, 114.645, 0.162452, -66.0723
866, 14.43333, 8.5647, 18.8595, 61.0456, 15.5899, 57.8435, -162.115, 0.0055189, -175.12, 0.164593, 114.661, 0.162523, -66.0582
866, 14.44167, 8.57327, 18.8441, 61.1269, 15.6046, 57.9169, -162.098, 0.00551547, -175.012, 0.164674, 114.677, 0.162595, -66.0441
867, 14.45000, 8.58184, 18.8286, 61.2082, 15.6192, 57.9904, -162.081, 0.00551209, -174.903, 0.164754, 114.694, 0.162666, -66.0302
868, 14.45833, 8.59042, 18.8131, 61.2895, 15.6337, 58.0638, -162.064, 0.00550875, -174.794, 0.164835, 114.71, 0.162737, -66.0162
868, 14.46667, 8.59902, 18.7977, 61.3709, 15.6482, 58.1372, -162.047, 0.00550545, -174.686, 0.164915, 114.726, 0.162808, -66.0023
869, 14.47500, 8.60762, 18.7822, 61.4523, 15.6626, 58.2106, -162.03, 0.00550219, -174.577, 0.164995, 114.742, 0.162878, -65.9885
869, 14.48333, 8.61624, 18.7667, 61.5337, 15.6769, 58.2841, -162.013, 0.00549898, -174.467, 0.165075, 114.758, 0.162949, -65.9747
870, 14.49167, 8.62486, 18.7512, 61.6151, 15.6912, 58.3575, -161.996, 0.00549581, -174.358, 0.165154, 114.774, 0.163019, -65.9609
870, 14.50000, 8.6335, 18.7357, 61.6965, 15.7055, 58.431, -161.979, 0.00549268, -174.249, 0.165234, 114.79, 0.163089, -65.9472
871, 14.50833, 8.64214, 18.7201, 61.778, 15.7197, 58.5044, -161.963, 0.00548959, -174.139, 0.165313, 114.806, 0.163159, -65.9335
871, 14.51667, 8.6508, 18.7046, 61.8595, 15.7338, 58.5779, -161.946, 0.00548655, -174.029, 0.165392, 114.822, 0.163228, -65.9199
872, 14.52500, 8.65946, 18.6891, 61.941, 15.7479, 58.6513, -161.929, 0.00548355, -173.92, 0.165471, 114.838, 0.163298, -65.9063
872, 14.53333, 8.66814, 18.6735, 62.0225, 15.762, 58.7248, -161.913, 0.0054806, -173.81, 0.165549, 114.854, 0.163367, -65.8928
873, 14.54167, 8.67682, 18.658, 62.104, 15.7759, 58.7983, -161.896, 0.00547768, -173.7, 0.165628, 114.87, 0.163436, -65.8793
873, 14.55000, 8.68552, 18.6424, 62.1856, 15.7899, 58.8718, -161.88, 0.00547481, -173.589, 0.165706, 114.885, 0.163505, -65.8658
874, 14.55833, 8.69423, 18.6268, 62.2672, 15.8037, 58.9452, -161.863, 0.00547199, -173.479, 0.165784, 114.901, 0.163574, -65.8524
874, 14.56667, 8.70294, 18.6112, 62.3488, 15.8176, 59.0187, -161.847, 0.0054692, -173.369, 0.165862, 114.916, 0.163642, -65.8391
874, 14.57500, 8.71167, 18.5956, 62.4304, 15.8313, 59.0922, -161.83, 0.00546646, -173.258, 0.16594, 114.932, 0.16371, -65.8258
875, 14.58333, 8.72041, 18.58, 62.512, 15.8451, 59.1657, -161.814, 0.00546376, -173.147, 0.166017, 114.948, 0.163778, -65.8125
876, 14.59167, 8.72916, 18.5644, 62.5937, 15.8587, 59.2392, -161.798, 0.00546111, -173.037, 0.166094, 114.963, 0.163846, -65.7993
876, 14.60000, 8.73791, 18.5488, 62.6754, 15.8724, 59.3127, -161.781, 0.0054585, -172.926, 0.166171, 114.978, 0.163914, -65.7861
877, 14.60833, 8.74668, 18.5332, 62.7571, 15.8859, 59.3862, -161.765, 0.00545593, -172.815, 0.166248, 114.994, 0.163982, -65.773
877, 14.61667, 8.75546, 18.5175, 62.8388, 15.8994, 59.4597, -161.749, 0.0054534, -172.704, 0.166325, 115.009, 0.164049, -65.7599
878, 14.62500, 8.76425, 18.5019, 62.9206, 15.9129, 59.5332, -161.733, 0.00545092, -172.592, 0.166402, 115.024, 0.164116, -65.7468
878, 14.63333, 8.77305, 18.4862, 63.0024, 15.9263, 59.6068, -161.717, 0.00544848, -172.481, 0.166478, 115.04, 0.164183, -65.7338
879, 14.64167, 8.78186, 18.4706, 63.0842, 15.9397, 59.6803, -161.701, 0.00544608, -172.37, 0.166554, 115.055, 0.16425, -65.7208
879, 14.65000, 8.79068, 18.4549, 63.166, 15.953, 59.7538, -161.685, 0.00544373, -172.258, 0.16663, 115.07, 0.164317, -65.7079
880, 14.65833, 8.79951, 18.4392, 63.2478, 15.9663, 59.8274, -161.669, 0.00544142, -172.146, 0.166706, 115.085, 0.164383, -65.695
880, 14.66667, 8.80836, 18.4235, 63.3297, 15.9795, 59.9009, -161.653, 0.00543915, -172.035, 0.166781, 115.1, 0.164449, -65.6822
881, 14.67500, 8.81721, 18.4078, 63.4115, 15.9926, 59.9745, -161.637, 0.00543692, -171.923, 0.166857, 115.115, 0.164515, -65.6694
881, 14.68333, 8.82607, 18.3921, 63.4934, 16.0057, 60.048, -161.622, 0.00543474, -171.811, 0.166932, 115.13, 0.164581, -65.6566
882, 14.69167, 8.83495, 18.3764, 63.5754, 16.0188, 60.1216, -161.606, 0.0054326, -171.699, 0.167007, 115.145, 0.164647, -65.6439
882, 14.70000, 8.84383, 18.3607, 63.6573, 16.0318, 60.1952, -161.59, 0.00543051, -171.587, 0.167082, 115.16, 0.164712, -65.6312
882, 14.70833, 8.85272, 18.3449, 63.7393, 16.0448, 60.2687, -161.575, 0.00542846, -171.474, 0.167156, 115.175, 0.164778, -65.6186
883, 14.71667, 8.86163, 18.3292, 63.8213, 16.0577, 60.3423, -161.559, 0.00542645, -171.362, 0.167231, 115.189, 0.164843, -65.606
884, 14.72500, 8.87054, 18.3134, 63.9033, 16.0706, 60.4159, -161.544, 0.00542448, -171.25, 0.167305, 115.204, 0.164908, -65.5934
884, 14.73333, 8.87947, 18.2977, 63.9853, 16.0834, 60.4895, -161.528, 0.00542256, -171.137, 0.167379, 115.219, 0.164972, -65.5809
885, 14.74167, 8.88841, 18.2819, 64.0674, 16.0962, 60.5631, -161.513, 0.00542068, -171.025, 0.167453, 115.233, 0.165037, -65.5684
885, 14.75000, 8.89736, 18.2661, 64.1494, 16.1089, 60.6367, -161.497, 0.00541885, -170.912, 0.167527, 115.248, 0.165101, -65.556
886, 14.75833, 8.90631, 18.2503, 64.2315, 16.1216, 60.7103, -161.482, 0.00541705, -170.799, 0.1676, 115.263, 0.165166, -65.5436
886, 14.76667, 8.91528, 18.2345, 64.3137, 16.1342, 60.7839, -161.467, 0.00541531, -170.687, 0.167674, 115.277, 0.16523, -65.5313
887, 14.77500, 8.92426, 18.2187, 64.3958, 16.1468, 60.8575, -161.451, 0.0054136, -170.574, 0.167747, 115.292, 0.165293, -65.5189
887, 14.78333, 8.93325, 18.2029, 64.478, 16.1593, 60.9311, -161.436, 0.00541194, -170.461, 0.16782, 115.306, 0.165357, -65.5067
888, 14.79167, 8.94225, 18.187, 64.5602, 16.1718, 61.0048, -161.421, 0.00541032, -170.348, 0.167893, 115.32, 0.165421, -65.4944
888, 14.80000, 8.95126, 18.1712, 64.6424, 16.1843, 61.0784, -161.406, 0.00540874, -170.235, 0.167965, 115.335, 0.165484, -65.4822
889, 14.80833, 8.96029, 18.1553, 64.7246, 16.1967, 61.152, -161.391, 0.00540721, -170.121, 0.168038, 115.349, 0.165547, -65.47
889, 14.81667, 8.96932, 18.1395, 64.8069, 16.209, 61.2257, -161.376, 0.00540572, -170.008, 0.16811, 115.363, 0.16561, -65.4579
890, 14.82500, 8.97836, 18.1236, 64.8892, 16.2213, 61.2993, -161.361, 0.00540427, -169.895, 0.168182, 115.377, 0.165673, -65.4458
890, 14.83333, 8.98742, 18.1077, 64.9715, 16.2336, 61.373, -161.346, 0.00540287, -169.782, 0.168254, 115.392, 0.165735, -65.4338
891, 14.84167, 8.99648, 18.0918, 65.0538, 16.2458, 61.4467, -161.331, 0.00540151, -169.668, 0.168326, 115.406, 0.165798, -65.4218
891, 14.85000, 9.00556, 18.0759, 65.1362, 16.258, 61.5203, -161.316, 0.00540019, -169.555, 0.168397, 115.42, 0.16586, -65.4098
891, 14.85833, 9.01465, 18.06, 65.2185, 16.2701, 61.594, -161.301, 0.00539892, -169.441, 0.168468, 115.434, 0.165922, -65.3979
892, 14.86667, 9.02375, 18.044, 65.3009, 16.2822, 61.6677, -161.286, 0.00539769, -169.327, 0.16854, 115.448, 0.165984, -65.386
893, 14.87500, 9.03286, 18.0281, 65.3834, 16.2942, 61.7414, -161.271, 0.0053965, -169.214, 0.168611, 115.462, 0.166045, -65.3741
893, 14.88333, 9.04197, 18.0122, 65.4658, 16.3062, 61.8151, -161.257, 0.00539536, -169.1, 0.168681, 115.476, 0.166107, -65.3623
894, 14.89167, 9.05111, 17.9962, 65.5483, 16.3181, 61.8888, -161.242, 0.00539426, -168.986, 0.168752, 115.49, 0.166168, -65.3505
894, 14.90000, 9.06025, 17.9802, 65.6308, 16.33, 61.9625, -161.227, 0.0053932, -168.873, 0.168823, 115.504, 0.166229, -65.3387
895, 14.90833, 9.0694, 17.9643, 65.7133, 16.3419, 62.0362, -161.213, 0.00539219, -168.759, 0.168893, 115.517, 0.16629, -65.327
895, 14.91667, 9.07856, 17.9483, 65.7958, 16.3537, 62.11, -161.198, 0.00539122, -168.645, 0.168963, 115.531, 0.166351, -65.3153
896, 14.92500, 9.08774, 17.9323, 65.8784, 16.3654, 62.1837, -161.184, 0.00539029, -168.531, 0.169033, 115.545, 0.166412, -65.3037
896, 14.93333, 9.09692, 17.9163, 65.961, 16.3772, 62.2575, -161.169, 0.00538941, -168.417, 0.169103, 115.559, 0.166472, -65.2921
897, 14.94167, 9.10612, 17.9003, 66.0436, 16.3888, 62.3312, -161.155, 0.00538857, -168.303, 0.169172, 115.572, 0.166533, -65.2805
897, 14.95000, 9.11533, 17.8842, 66.1262, 16.4005, 62.405, -161.14, 0.00538777, -168.189, 0.169242, 115.586, 0.166593, -65.269
898, 14.95833, 9.12455, 17.8682, 66.2089, 16.4121, 62.4787, -161.126, 0.00538702, -168.075, 0.169311, 115.6, 0.166653, -65.2575
898, 14.96667, 9.13378, 17.8521, 66.2916, 16.4236, 62.5525, -161.112, 0.00538631, -167.961, 0.16938, 115.613, 0.166712, -65.246
899, 14.97500, 9.14302, 17.8361, 66.3743, 16.4351, 62.6263, -161.097, 0.00538564, -167.846, 0.169449, 115.627, 0.166772, -65.2346
899, 14.98333, 9.15227, 17.82, 66.457, 16.4466, 62.7, -161.083, 0.00538502, -167.732, 0.169517, 115.64, 0.166831, -65.2232
899, 14.99167, 9.16153, 17.8039, 66.5398, 16.458, 62.7738, -161.069, 0.00538444, -167.618, 0.169586, 115.654, 0.166891, -65.2118
900, 15.00000, 9.1708, 17.7878, 66.6226, 16.4694, 62.8476, -161.055, 0.0053839, -167.504, 0.169654, 115.667, 0.16695, -65.2005
901, 15.00833, 9.18009, 17.7717, 66.7054, 16.4807, 62.9214, -161.041, 0.00538341, -167.39, 0.169722, 115.68, 0.167009, -65.1892
901, 15.01667, 9.18939, 17.7556, 66.7882, 16.492, 62.9953, -161.027, 0.00538296, -167.275, 0.16979, 115.694, 0.167067, -65.178
902, 15.02500, 9.19869, 17.7395, 66.8711, 16.5032, 63.0691, -161.013, 0.00538255, -167.161, 0.169858, 115.707, 0.167126, -65.1667
902, 15.03333, 9.20801, 17.7233, 66.9539, 16.5144, 63.1429, -160.999, 0.00538219, -167.047, 0.169926, 115.72, 0.167184, -65.1556
903, 15.04167, 9.21734, 17.7072, 67.0369, 16.5256, 63.2167, -160.985, 0.00538187, -166.932, 0.169993, 115.733, 0.167242, -65.1444
903, 15.05000, 9.22668, 17.691, 67.1198, 16.5367, 63.2906, -160.971, 0.00538159, -166.818, 0.17006, 115.747, 0.1673, -65.1333
904, 15.05833, 9.23604, 17.6749, 67.2027, 16.5478, 63.3644, -160.957, 0.00538136, -166.704, 0.170128, 115.76, 0.167358, -65.1222
904, 15.06667, 9.2454, 17.6587, 67.2857, 16.5589, 63.4383, -160.943, 0.00538117, -166.589, 0.170195, 115.773, 0.167416, -65.1111
905, 15.07500, 9.25477, 17.6425, 67.3687, 16.5699, 63.5122, -160.929, 0.00538102, -166.475, 0.170261, 115.786, 0.167473, -65.1001
905, 15.08333, 9.26416, 17.6263, 67.4518, 16.5808, 63.586, -160.915, 0.00538092, -166.361, 0.170328, 115.799, 0.167531, -65.0891
906, 15.09167, 9.27356, 17.6101, 67.5348, 16.5917, 63.6599, -160.902, 0.00538086, -166.246, 0.170394, 115.812, 0.167588, -65.0782
906, 15.10000, 9.28297, 17.5938, 67.6179, 16.6026, 63.7338, -160.888, 0.00538084, -166.132, 0.170461, 115.825, 0.167645, -65.0673
907, 15.10833, 9.29239, 17.5776, 67.701, 16.6135, 63.8077, -160.874, 0.00538087, -166.017, 0.170527, 115.838, 0.167702, -65.0564
907, 15.11667, 9.30182, 17.5614, 67.7842, 16.6243, 63.8816, -160.861, 0.00538094, -165.903, 0.170593, 115.851, 0.167758, -65.0455
907, 15.12500, 9.31126, 17.5451, 67.8673, 16.635, 63.9555, -160.847, 0.00538106, -165.789, 0.170658, 115.864, 0.167815, -65.0347
908, 15.13333, 9.32071, 17.5288, 67.9505, 16.6457, 64.0294, -160.833, 0.00538121, -165.674, 0.170724, 115.876, 0.167871, -65.0239
909, 15.14167, 9.33018, 17.5125, 68.0337, 16.6564, 64.1034, -160.82, 0.00538141, -165.56, 0.170789, 115.889, 0.167927, -65.0131
909, 15.15000, 9.33966, 17.4963, 68.117, 16.6671, 64.1773, -160.806, 0.00538166, -165.446, 0.170855, 115.902, 0.167983, -65.0024
910, 15.15833, 9.34915, 17.4799, 68.2002, 16.6777, 64.2513, -160.793, 0.00538194, -165.331, 0.17092, 115.915, 0.168039, -64.9917
910, 15.16667, 9.35865, 17.4636, 68.2835, 16.6882, 64.3252, -160.779, 0.00538227, -165.217, 0.170984, 115.927, 0.168095, -64.9811
911, 15.17500, 9.36816, 17.4473, 68.3668, 16.6987, 64.3992, -160.766, 0.00538265, -165.103, 0.171049, 115.94, 0.16815, -64.9704
911, 15.18333, 9.37768, 17.431, 68.4502, 16.7092, 64.4732, -160.753, 0.00538306, -164.988, 0.171114, 115.953, 0.168205, -64.9598
912, 15.19167, 9.38722, 17.4146, 68.5335, 16.7197, 64.5471, -160.739, 0.00538352, -164.874, 0.171178, 115.965, 0.168261, -64.9493
912, 15.20000, 9.39676, 17.3982, 68.6169, 16.7301, 64.6211, -160.726, 0.00538403, -164.76, 0.171242, 115.978, 0.168316, -64.9387
913, 15.20833, 9.40632, 17.3819, 68.7004, 16.7404, 64.6951, -160.713, 0.00538457, -164.646, 0.171306, 115.99, 0.16837, -64.9282
913, 15.21667, 9.41589, 17.3655, 68.7838, 16.7508, 64.7691, -160.7, 0.00538516, -164.531, 0.17137, 116.003, 0.168425, -64.9177
914, 15.22500, 9.42547, 17.3491, 68.8673, 16.761, 64.8432, -160.686, 0.0053858, -164.417, 0.171434, 116.015, 0.16848, -64.9073
914, 15.23333, 9.43506, 17.3327, 68.9508, 16.7713, 64.9172, -160.673, 0.00538647, -164.303, 0.171498, 116.028, 0.168534, -64.8969
915, 15.24167, 9.44466, 17.3162, 69.0343, 16.7815, 64.9912, -160.66, 0.00538719, -164.189, 0.171561, 116.04, 0.168588, -64.8865
915, 15.25000, 9.45428, 17.2998, 69.1179, 16.7917, 65.0653, -160.647, 0.00538796, -164.075, 0.171624, 116.053, 0.168642, -64.8761
916, 15.25833, 9.46391, 17.2834, 69.2015, 16.8018, 65.1393, -160.634, 0.00538876, -163.961, 0.171687, 116.065, 0.168696, -64.8658
916, 15.26667, 9.47355, 17.2669, 69.2851, 16.8119, 65.2134, -160.621, 0.00538961, -163.847, 0.17175, 116.077, 0.168749, -64.8555
916, 15.27500, 9.4832, 17.2504, 69.3687, 16.822, 65.2874, -160.608, 0.00539051, -163.733, 0.171813, 116.089, 0.168803, -64.8453
917, 15.28333, 9.49286, 17.234, 69.4524, 16.832, 65.3615, -160.595, 0.00539144, -163.619, 0.171875, 116.102, 0.168856, -64.835
918, 15.29167, 9.50253, 17.2175, 69.5361, 16.842, 65.4356, -160.582, 0.00539242, -163.505, 0.171938, 116.114, 0.168909, -64.8248
918, 15.30000, 9.51222, 17.2009, 69.6198, 16.8519, 65.5097, -160.569, 0.00539344, -163.391, 0.172, 116.126, 0.168962, -64.8147
919, 15.30833, 9.52191, 17.1844, 69.7035, 16.8619, 65.5838, -160.557, 0.00539451, -163.278, 0.172062, 116.138, 0.169015, -64.8045
919, 15.31667, 9.53162, 17.1679, 69.7873, 16.8717, 65.6579, -160.544, 0.00539562, -163.164, 0.172124, 116.15, 0.169068, -64.7944
920, 15.32500, 9.54134, 17.1514, 69.8711, 16.8816, 65.732, -160.531, 0.00539677, -163.05, 0.172186, 116.162, 0.16912, -64.7843
920, 15.33333, 9.55108, 17.1348, 69.9549, 16.8914, 65.8062, -160.518, 0.00539796, -162.937, 0.172247, 116.174, 0.169173, -64.7743
921, 15.34167, 9.56082, 17.1182, 70.0388, 16.9011, 65.8803, -160.506, 0.0053992, -162.823, 0.172309, 116.186, 0.169225, -64.7642
921, 15.35000, 9.57058, 17.1016, 70.1227, 16.9109, 65.9545, -160.493, 0.00540048, -162.709, 0.17237, 116.198, 0.169277, -64.7542
922, 15.35833, 9.58035, 17.0851, 70.2066, 16.9206, 66.0286, -160.48, 0.00540181, -162.596, 0.172431, 116.21, 0.169329, -64.7443
922, 15.36667, 9.59013, 17.0684, 70.2905, 16.9302, 66.1028, -160.468, 0.00540318, -162.483, 0.172492, 116.222, 0.169381, -64.7343
923, 15.37500, 9.59992, 17.0518, 70.3745, 16.9398, 66.177, -160.455, 0.00540459, -162.369, 0.172553, 116.234, 0.169432, -64.7244
923, 15.38333, 9.60972, 17.0352, 70.4585, 16.9494, 66.2512, -160.442, 0.00540604, -162.256, 0.172613, 116.246, 0.169484, -64.7145
924, 15.39167, 9.61954, 17.0186, 70.5425, 16.959, 66.3254, -160.43, 0.00540754, -162.143, 0.172674, 116.258, 0.169535, -64.7047
924, 15.40000, 9.62937, 17.0019, 70.6266, 16.9685, 66.3996, -160.417, 0.00540908, -162.03, 0.172734, 116.27, 0.169586, -64.6948
924, 15.40833, 9.63921, 16.9852, 70.7107, 16.978, 66.4738, -160.405, 0.00541066, -161.917, 0.172794, 116.281, 0.169637, -64.685
925, 15.41667, 9.64906, 16.9685, 70.7948, 16.9874, 66.548, -160.393, 0.00541228, -161.804, 0.172854, 116.293, 0.169687, -64.6753
926, 15.42500, 9.65892, 16.9519, 70.8789, 16.9968, 66.6223, -160.38, 0.00541395, -161.691, 0.172914, 116.305, 0.169738, -64.6655
926, 15.43333, 9.6688, 16.9352, 70.9631, 17.0062, 66.6965, -160.368, 0.00541566, -161.578, 0.172974, 116.317, 0.169788, -64.6558
927, 15.44167, 9.67869, 16.9184, 71.0473, 17.0155, 66.7708, -160.355, 0.00541742, -161.465, 0.173033, 116.328, 0.169839, -64.6461
927, 15.45000, 9.68859, 16.9017, 71.1315, 17.0248, 66.8451, -160.343, 0.00541922, -161.352, 0.173092, 116.34, 0.169889, -64.6364
928, 15.45833, 9.6985, 16.885, 71.2157, 17.0341, 66.9193, -160.331, 0.00542106, -161.24, 0.173152, 116.352, 0.169939, -64.6268
928, 15.46667, 9.70842, 16.8682, 71.3, 17.0433, 66.9936, -160.319, 0.00542294, -161.127, 0.173211, 116.363, 0.169989, -64.6172
929, 15.47500, 9.71836, 16.8514, 71.3843, 17.0525, 67.0679, -160.306, 0.00542487, -161.015, 0.173269, 116.375, 0.170038, -64.6076
929, 15.48333, 9.72831, 16.8346, 71.4687, 17.0617, 67.1423, -160.294, 0.00542684, -160.902, 0.173328, 116.386, 0.170088, -64.5981
930, 15.49167, 9.73827, 16.8178, 71.5531, 17.0708, 67.2166, -160.282, 0.00542885, -160.79, 0.173387, 116.398, 0.170137, -64.5885
930, 15.50000, 9.74824, 16.801, 71.6375, 17.0799, 67.2909, -160.27, 0.0054309, -160.678, 0.173445, 116.409, 0.170186, -64.579
931, 15.50833, 9.75823, 16.7842, 71.7219, 17.089, 67.3653, -160.258, 0.005433, -160.566, 0.173503, 116.421, 0.170235, -64.5695
931, 15.51667, 9.76823, 16.7674, 71.8063, 17.098, 67.4396, -160.246, 0.00543514, -160.454, 0.173561, 116.432, 0.170284, -64.5601
932, 15.52500, 9.77824, 16.7505, 71.8908, 17.107, 67.514, -160.234, 0.00543733, -160.342, 0.173619, 116.443, 0.170333, -64.5507
932, 15.53333, 9.78826, 16.7337, 71.9753, 17.116, 67.5883, -160.222, 0.00543955, -160.23, 0.173677, 116.455, 0.170381, -64.5413
932, 15.54167, 9.79829, 16.7168, 72.0599, 17.1249, 67.6627, -160.21, 0.00544182, -160.119, 0.173734, 116.466, 0.17043, -64.5319
933, 15.55000, 9.80834, 16.6999, 72.1445, 17.1338, 67.7371, -160.198, 0.00544413, -160.007, 0.173792, 116.477, 0.170478, -64.5226
934, 15.55833, 9.8184, 16.683, 72.2291, 17.1427, 67.8115, -160.186, 0.00544649, -159.895, 0.173849, 116.489, 0.170526, -64.5133
934, 15.56667, 9.82847, 16.6661, 72.3137, 17.1515, 67.886, -160.174, 0.00544889, -159.784, 0.173906, 116.5, 0.170574, -64.504
935, 15.57500, 9.83855, 16.6491, 72.3984, 17.1603, 67.9604, -160.162, 0.00545133, -159.673, 0.173963, 116.511, 0.170622, -64.4947
935, 15.58333, 9.84865, 16.6322, 72.4831, 17.1691, 68.0348, -160.15, 0.00545381, -159.562, 0.17402, 116.522, 0.170669, -64.4855
936, 15.59167, 9.85876, 16.6152, 72.5678, 17.1778, 68.1093, -160.139, 0.00545633, -159.451, 0.174077, 116.533, 0.170717, -64.4762
936, 15.60000, 9.86888, 16.5983, 72.6525, 17.1865, 68.1837, -160.127, 0.0054589, -159.34, 0.174133, 116.544, 0.170764, -64.467
937, 15.60833, 9.87901, 16.5813, 72.7373, 17.1952, 68.2582, -160.115, 0.00546151, -159.229, 0.174189, 116.556, 0.170811, -64.4579
937, 15.61667, 9.88916, 16.5643, 72.8222, 17.2038, 68.3327, -160.103, 0.00546417, -159.118, 0.174246, 116.567, 0.170858, -64.4487
938, 15.62500, 9.89931, 16.5473, 72.907, 17.2124, 68.4072, -160.092, 0.00546686, -159.007, 0.174302, 116.578, 0.170905, -64.4396
938, 15.63333, 9.90948, 16.5303, 72.9919, 17.221, 68.4817, -160.08, 0.0054696, -158.897, 0.174358, 116.589, 0.170952, -64.4305
939, 15.64167, 9.91967, 16.5132, 73.0768, 17.2295, 68.5562, -160.068, 0.00547238, -158.787, 0.174413, 116.6, 0.170998, -64.4215
939, 15.65000, 9.92986, 16.4962, 73.1617, 17.238, 68.6308, -160.057, 0.0054752, -158.676, 0.174469, 116.611, 0.171045, -64.4124
940, 15.65833, 9.94007, 16.4791, 73.2467, 17.2465, 68.7053, -160.045, 0.00547807, -158.566, 0.174524, 116.622, 0.171091, -64.4034
940, 15.66667, 9.95029, 16.462, 73.3317, 17.2549, 68.7799, -160.034, 0.00548098, -158.456, 0.174579, 116.633, 0.171137, -64.3944
941, 15.67500, 9.96053, 16.4449, 73.4167, 17.2633, 68.8544, -160.022, 0.00548393, -158.346, 0.174635, 116.643, 0.171183, -64.3855
941, 15.68333, 9.97077, 16.4278, 73.5018, 17.2717, 68.929, -160.011, 0.00548692, -158.237, 0.17469, 116.654, 0.171229, -64.3765
941, 15.69167, 9.98103, 16.4107, 73.5869, 17.2801, 69.0036, -159.999, 0.00548996, -158.127, 0.174744, 116.665, 0.171274, -64.3676
942, 15.70000, 9.9913, 16.3936, 73.672, 17.2884, 69.0782, -159.988, 0.00549304, -158.018, 0.174799, 116.676, 0.17132, -64.3587
943, 15.70833, 10.0016, 16.3764, 73.7571, 17.2967, 69.1528, -159.976, 0.00549616, -157.908, 0.174853, 116.687, 0.171365, -64.3498
943, 15.71667, 10.0119, 16.3593, 73.8423, 17.3049, 69.2274, -159.965, 0.00549932, -157.799, 0.174908, 116.698, 0.17141, -64.341
944, 15.72500, 10.0222, 16.3421, 73.9276, 17.3131, 69.3021, -159.954, 0.00550252, -157.69, 0.174962, 116.708, 0.171455, -64.3322
944, 15.73333, 10.0325, 16.3249, 74.0128, 17.3213, 69.3767, -159.942, 0.00550577, -157.581, 0.175016, 116.719, 0.1715, -64.3234
945, 15.74167, 10.0429, 16.3077, 74.0981, 17.3295, 69.4514, -159.931, 0.00550906, -157.472, 0.17507, 116.73, 0.171545, -64.3146
945, 15.75000, 10.0532, 16.2905, 74.1834, 17.3376, 69.526, -159.92, 0.00551239, -157.364, 0.175124, 116.74, 0.171589, -64.3058
946, 15.75833, 10.0636, 16.2732, 74.2687, 17.3457, 69.6007, -159.908, 0.00551577, -157.255, 0.175177, 116.751, 0.171634, -64.2971
946, 15.76667, 10.0739, 16.256, 74.3541, 17.3538, 69.6754, -159.897, 0.00551918, -157.147, 0.175231, 116.762, 0.171678, -64.2884
947, 15.77500, 10.0843, 16.2387, 74.4395, 17.3618, 69.7501, -159.886, 0.00552264, -157.038, 0.175284, 116.772, 0.171722, -64.2797
947, 15.78333, 10.0947, 16.2215, 74.525, 17.3698, 69.8248, -159.875, 0.00552614, -156.93, 0.175337, 116.783, 0.171766, -64.2711
948, 15.79167, 10.1051, 16.2042, 74.6104, 17.3778, 69.8996, -159.864, 0.00552968, -156.822, 0.17539, 116.793, 0.17181, -64.2624
948, 15.80000, 10.1156, 16.1869, 74.6959, 17.3857, 69.9743, -159.853, 0.00553327, -156.715, 0.175443, 116.804, 0.171854, -64.2538
949, 15.80833, 10.126, 16.1695, 74.7815, 17.3936, 70.0491, -159.841, 0.0055369, -156.607, 0.175496, 116.815, 0.171897, -64.2452
949, 15.81667, 10.1364, 16.1522, 74.8671, 17.4015, 70.1239, -159.83, 0.00554057, -156.5, 0.175548, 116.825, 0.171941, -64.2366
949, 15.82500, 10.1469, 16.1349, 74.9527, 17.4094, 70.1986, -159.819, 0.00554428, -156.392, 0.175601, 116.835, 0.171984, -64.2281
950, 15.83333, 10.1574, 16.1175, 75.0383, 17.4172, 70.2734, -159.808, 0.00554803, -156.285, 0.175653, 116.846, 0.172027, -64.2196
951, 15.84167, 10.1679, 16.1001, 75.124, 17.425, 70.3482, -159.797, 0.00555182, -156.178, 0.175705, 116.856, 0.17207, -64.2111
951, 15.85000, 10.1784, 16.0827, 75.2096, 17.4328, 70.4231, -159.786, 0.00555566, -156.071, 0.175757, 116.867, 0.172113, -64.2026
952, 15.85833, 10.1889, 16.0653, 75.2954, 17.4405, 70.4979, -159.775, 0.00555954, -155.965, 0.175809, 116.877, 0.172155, -64.1942
952, 15.86667, 10.1994, 16.0479, 75.3811, 17.4482, 70.5727, -159.765, 0.00556346, -155.858, 0.17586, 116.887, 0.172198, -64.1857
953, 15.87500, 10.21, 16.0305, 75.4669, 17.4559, 70.6476, -159.754, 0.00556742, -155.752, 0.175912, 116.898, 0.17224, -64.1773
953, 15.88333, 10.2205, 16.013, 75.5528, 17.4635, 70.7225, -159.743, 0.00557143, -155.646, 0.175963, 116.908, 0.172282, -64.1689
954, 15.89167, 10.2311, 15.9956, 75.6386, 17.4712, 70.7974, -159.732, 0.00557547, -155.54, 0.176015, 116.918, 0.172324, -64.1605
954, 15.90000, 10.2417, 15.9781, 75.7245, 17.4788, 70.8723, -159.721, 0.00557956, -155.434, 0.176066, 116.929, 0.172366, -64.1522
955, 15.90833, 10.2523, 15.9606, 75.8105, 17.4863, 70.9472, -159.71, 0.00558369, -155.328, 0.176117, 116.939, 0.172408, -64.1439
955, 15.91667, 10.2629, 15.9431, 75.8964, 17.4939, 71.0221, -159.7, 0.00558786, -155.223, 0.176167, 116.949, 0.17245, -64.1356
956, 15.92500, 10.2735, 15.9255, 75.9824, 17.5014, 71.097, -159.689, 0.00559207, -155.117, 0.176218, 116.959, 0.172491, -64.1273
956, 15.93333, 10.2841, 15.908, 76.0684, 17.5088, 71.172, -159.678, 0.00559633, -155.012, 0.176268, 116.969, 0.172532, -64.119
957, 15.94167, 10.2948, 15.8904, 76.1545, 17.5163, 71.2469, -159.667, 0.00560062, -154.907, 0.176319, 116.979, 0.172574, -64.1108
957, 15.95000, 10.3054, 15.8729, 76.2406, 17.5237, 71.3219, -159.657, 0.00560496, -154.802, 0.176369, 116.99, 0.172615, -64.1026
957, 15.95833, 10.3161, 15.8553, 76.3267, 17.5311, 71.3969, -159.646, 0.00560934, -154.698, 0.176419, 117, 0.172656, -64.0944
958, 15.96667, 10.3268, 15.8377, 76.4129, 17.5384, 71.4719, -159.635, 0.00561376, -154.593, 0.176469, 117.01, 0.172696, -64.0862
959, 15.97500, 10.3375, 15.8201, 76.4991, 17.5458, 71.5469, -159.625, 0.00561822, -154.489, 0.176519, 117.02, 0.172737, -64.0781
959, 15.98333, 10.3482, 15.8024, 76.5853, 17.5531, 71.622, -159.614, 0.00562273, -154.385, 0.176568, 117.03, 0.172777, -64.0699
960, 15.99167, 10.3589, 15.7848, 76.6716, 17.5604, 71.697, -159.604, 0.00562727, -154.281, 0.176618, 117.04, 0.172818, -64.0618
960, 16.00000, 10.3697, 15.7671, 76.7579, 17.5676, 71.7721, -159.593, 0.00563186, -154.177, 0.176667, 117.05, 0.172858, -64.0537
961, 16.00833, 10.3804, 15.7495, 76.8442, 17.5748, 71.8471, -159.583, 0.00563649, -154.074, 0.176716, 117.06, 0.172898, -64.0457
961, 16.01667, 10.3912, 15.7318, 76.9306, 17.582, 71.9222, -159.572, 0.00564116, -153.97, 0.176765, 117.07, 0.172938, -64.0376
962, 16.02500, 10.402, 15.7141, 77.017, 17.5892, 71.9973, -159.562, 0.00564587, -153.867, 0.176814, 117.08, 0.172978, -64.0296
962, 16.03333, 10.4128, 15.6963, 77.1034, 17.5963, 72.0724, -159.551, 0.00565062, -153.764, 0.176863, 117.09, 0.173017, -64.0216
963, 16.04167, 10.4236, 15.6786, 77.1899, 17.6034, 72.1476, -159.541, 0.00565542, -153.661, 0.176912, 117.1, 0.173057, -64.0136
963, 16.05000, 10.4344, 15.6608, 77.2764, 17.6105, 72.2227, -159.53, 0.00566025, -153.559, 0.17696, 117.109, 0.173096, -64.0056
964, 16.05833, 10.4452, 15.6431, 77.3629, 17.6176, 72.2979, -159.52, 0.00566513, -153.456, 0.177008, 117.119, 0.173135, -63.9977
964, 16.06667, 10.4561, 15.6253, 77.4495, 17.6246, 72.373, -159.51, 0.00567004, -153.354, 0.177057, 117.129, 0.173174, -63.9897
965, 16.07500, 10.467, 15.6075, 77.5361, 17.6316, 72.4482, -159.499, 0.005675, -153.252, 0.177105, 117.139, 0.173213, -63.9818
965, 16.08333, 10.4778, 15.5897, 77.6228, 17.6386, 72.5234, -159.489, 0.00568, -153.15, 0.177153, 117.149, 0.173252, -63.9739
966, 16.09167, 10.4887, 15.5718, 77.7095, 17.6455, 72.5986, -159.479, 0.00568504, -153.049, 0.1772, 117.158, 0.173291, -63.9661
966, 16.10000, 10.4996, 15.554, 77.7962, 17.6524, 72.6738, -159.469, 0.00569012, -152.947, 0.177248, 117.168, 0.173329, -63.9582
966, 16.10833, 10.5106, 15.5361, 77.8829, 17.6593, 72.7491, -159.458, 0.00569525, -152.846, 0.177295, 117.178, 0.173367, -63.9504
967, 16.11667, 10.5215, 15.5182, 77.9697, 17.6662, 72.8243, -159.448, 0.00570041, -152.745, 0.177343, 117.188, 0.173406, -63.9426
968, 16.12500, 10.5324, 15.5004, 78.0565, 17.673, 72.8996, -159.438, 0.00570562, -152.644, 0.17739, 117.197, 0.173444, -63.9348
968, 16.13333, 10.5434, 15.4824, 78.1434, 17.6799, 72.9749, -159.428, 0.00571086, -152.544, 0.177437, 117.207, 0.173482, -63.927
969, 16.14167, 10.5544, 15.4645, 78.2303, 17.6866, 73.0502, -159.418, 0.00571615, -152.443, 0.177484, 117.217, 0.173519, -63.9193
969, 16.15000, 10.5653, 15.4466, 78.3172, 17.6934, 73.1255, -159.407, 0.00572148, -152.343, 0.177531, 117.226, 0.173557, -63.9115
970, 16.15833, 10.5763, 15.4286, 78.4042, 17.7001, 73.2008, -159.397, 0.00572685, -152.243, 0.177577, 117.236, 0.173595, -63.9038
970, 16.16667, 10.5874, 15.4106, 78.4912, 17.7068, 73.2762, -159.387, 0.00573225, -152.143, 0.177624, 117.245, 0.173632, -63.8961
971, 16.17500, 10.5984, 15.3926, 78.5782, 17.7135, 73.3515, -159.377, 0.0057377, -152.044, 0.17767, 117.255, 0.173669, -63.8885
971, 16.18333, 10.6094, 15.3746, 78.6653, 17.7202, 73.4269, -159.367, 0.0057432, -151.944, 0.177716, 117.264, 0.173706, -63.8808
972, 16.19167, 10.6205, 15.3566, 78.7524, 17.7268, 73.5023, -159.357, 0.00574873, -151.845, 0.177763, 117.274, 0.173743, -63.8732
972, 16.20000, 10.6316, 15.3386, 78.8395, 17.7334, 73.5777, -159.347, 0.0057543, -151.746, 0.177809, 117.284, 0.17378, -63.8656
973, 16.20833, 10.6426, 15.3205, 78.9267, 17.74, 73.6531, -159.337, 0.00575991, -151.648, 0.177854, 117.293, 0.173817, -63.858
973, 16.21667, 10.6537, 15.3024, 79.0139, 17.7465, 73.7285, -159.327, 0.00576557, -151.549, 0.1779, 117.302, 0.173853, -63.8504
974, 16.22500, 10.6649, 15.2844, 79.1012, 17.7531, 73.804, -159.317, 0.00577126, -151.451, 0.177946, 117.312, 0.17389, -63.8428
974, 16.23333, 10.676, 15.2662, 79.1884, 17.7596, 73.8794, -159.307, 0.005777, -151.353, 0.177991, 117.321, 0.173926, -63.8353
974, 16.24167, 10.6871, 15.2481, 79.2758, 17.766, 73.9549, -159.298, 0.00578277, -151.255, 0.178036, 117.331, 0.173962, -63.8278
975, 16.25000, 10.6983, 15.23, 79.3631, 17.7725, 74.0304, -159.288, 0.00578859, -151.157, 0.178081, 117.34, 0.173998, -63.8203
976, 16.25833, 10.7094, 15.2118, 79.4505, 17.7789, 74.1059, -159.278, 0.00579445, -151.06, 0.178126, 117.35, 0.174034, -63.8128
976, 16.26667, 10.7206, 15.1937, 79.538, 17.7853, 74.1815, -159.268, 0.00580034, -150.962, 0.178171, 117.359, 0.17407, -63.8053
977, 16.27500, 10.7318, 15.1755, 79.6254, 17.7917, 74.257, -159.258, 0.00580628, -150.865, 0.178216, 117.368, 0.174105, -63.7978
977, 16.28333, 10.743, 15.1573, 79.7129, 17.798, 74.3325, -159.248, 0.00581226, -150.769, 0.17826, 117.378, 0.174141, -63.7904
978, 16.29167, 10.7543, 15.139, 79.8005, 17.8043, 74.4081, -159.239, 0.00581828, -150.672, 0.178305, 117.387, 0.174176, -63.783
978, 16.30000, 10.7655, 15.1208, 79.8881, 17.8106, 74.4837, -159.229, 0.00582434, -150.576, 0.178349, 117.396, 0.174211, -63.7756
979, 16.30833, 10.7768, 15.1026, 79.9757, 17.8169, 74.5593, -159.219, 0.00583044, -150.48, 0.178393, 117.405, 0.174246, -63.7682
979, 16.31667, 10.788, 15.0843, 80.0633, 17.8232, 74.6349, -159.209, 0.00583658, -150.384, 0.178437, 117.415, 0.174281, -63.7609
980, 16.32500, 10.7993, 15.066, 80.151, 17.8294, 74.7106, -159.2, 0.00584276, -150.288, 0.178481, 117.424, 0.174316, -63.7535
980, 16.33333, 10.8106, 15.0477, 80.2388, 17.8356, 74.7862, -159.19, 0.00584898, -150.193, 0.178525, 117.433, 0.17435, -63.7462
981, 16.34167, 10.8219, 15.0294, 80.3265, 17.8417, 74.8619, -159.18, 0.00585524, -150.098, 0.178569, 117.442, 0.174385, -63.7389
981, 16.35000, 10.8332, 15.011, 80.4143, 17.8479, 74.9376, -159.171, 0.00586154, -150.003, 0.178612, 117.451, 0.174419, -63.7316
982, 16.35833, 10.8446, 14.9927, 80.5022, 17.854, 75.0132, -159.161, 0.00586788, -149.908, 0.178655, 117.461, 0.174453, -63.7243
982, 16.36667, 10.8559, 14.9743, 80.5901, 17.8601, 75.089, -159.152, 0.00587426, -149.813, 0.178699, 117.47, 0.174488, -63.7171
982, 16.37500, 10.8673, 14.9559, 80.678, 17.8662, 75.1647, -159.142, 0.00588068, -149.719, 0.178742, 117.479, 0.174521, -63.7098
983, 16.38333, 10.8787, 14.9375, 80.7659, 17.8722, 75.2404, -159.132, 0.00588714, -149.625, 0.178785, 117.488, 0.174555, -63.7026
984, 16.39167, 10.8901, 14.9191, 80.8539, 17.8783, 75.3162, -159.123, 0.00589364, -149.531, 0.178827, 117.497, 0.174589, -63.6954
984, 16.40000, 10.9015, 14.9006, 80.942, 17.8843, 75.392, -159.113, 0.00590018, -149.438, 0.17887, 117.506, 0.174623, -63.6882
985, 16.40833, 10.9129, 14.8822, 81.03, 17.8902, 75.4678, -159.104, 0.00590676, -149.344, 0.178913, 117.515, 0.174656, -63.681
985, 16.41667, 10.9244, 14.8637, 81.1182, 17.8962, 75.5436, -159.094, 0.00591339, -149.251, 0.178955, 117.524, 0.174689, -63.6739
986, 16.42500, 10.9358, 14.8452, 81.2063, 17.9021, 75.6194, -159.085, 0.00592005, -149.158, 0.178997, 117.533, 0.174722, -63.6668
986, 16.43333, 10.9473, 14.8267, 81.2945, 17.908, 75.6952, -159.076, 0.00592675, -149.065, 0.17904, 117.542, 0.174755, -63.6596
987, 16.44167, 10.9588, 14.8082, 81.3827, 17.9139, 75.7711, -159.066, 0.00593349, -148.973, 0.179082, 117.551, 0.174788, -63.6525
987, 16.45000, 10.9703, 14.7896, 81.471, 17.9197, 75.847, -159.057, 0.00594027, -148.881, 0.179123, 117.56, 0.174821, -63.6454
988, 16.45833, 10.9818, 14.7711, 81.5593, 17.9256, 75.9229, -159.047, 0.00594709, -148.789, 0.179165, 117.569, 0.174854, -63.6384
988, 16.46667, 10.9933, 14.7525, 81.6476, 17.9314, 75.9988, -159.038, 0.00595395, -148.697, 0.179207, 117.578, 0.174886, -63.6313
989, 16.47500, 11.0049, 14.7339, 81.736, 17.9372, 76.0747, -159.029, 0.00596085, -148.606, 0.179248, 117.587, 0.174919, -63.6243
989, 16.48333, 11.0164, 14.7153, 81.8244, 17.9429, 76.1507, -159.019, 0.00596779, -148.514, 0.17929, 117.596, 0.174951, -63.6173
990, 16.49167, 11.028, 14.6966, 81.9129, 17.9487, 76.2266, -159.01, 0.00597477, -148.423, 0.179331, 117.605, 0.174983, -63.6103
990, 16.50000, 11.0396, 14.678, 82.0014, 17.9544, 76.3026, -159.001, 0.00598179, -148.333, 0.179372, 117.614, 0.175015, -63.6033
991, 16.50833, 11.0512, 14.6593, 82.0899, 17.9601, 76.3786, -158.992, 0.00598885, -148.242, 0.179413, 117.623, 0.175047, -63.5963
991, 16.51667, 11.0628, 14.6406, 82.1785, 17.9657, 76.4546, -158.982, 0.00599595, -148.152, 0.179454, 117.631, 0.175078, -63.5894
991, 16.52500, 11.0744, 14.6219, 82.2671, 17.9714, 76.5306, -158.973, 0.00600308, -148.062, 0.179494, 117.64, 0.17511, -63.5824
992, 16.53333, 11.0861, 14.6032, 82.3558, 17.977, 76.6067, -158.964, 0.00601026, -147.972, 0.179535, 117.649, 0.175141, -63.5755
993, 16.54167, 11.0978, 14.5845, 82.4445, 17.9826, 76.6827, -158.955, 0.00601748, -147.883, 0.179575, 117.658, 0.175173, -63.5686
993, 16.55000, 11.1094, 14.5657, 82.5332, 17.9882, 76.7588, -158.945, 0.00602474, -147.793, 0.179616, 117.667, 0.175204, -63.5617
994, 16.55833, 11.1211, 14.5469, 82.622, 17.9937, 76.8349, -158.936, 0.00603203, -147.704, 0.179656, 117.675, 0.175235, -63.5548
994, 16.56667, 11.1328, 14.5281, 82.7108, 17.9992, 76.911, -158.927, 0.00603937, -147.615, 0.179696, 117.684, 0.175266, -63.548
995, 16.57500, 11.1446, 14.5093, 82.7996, 18.0048, 76.9871, -158.918, 0.00604674, -147.527, 0.179736, 117.693, 0.175297, -63.5411
995, 16.58333, 11.1563, 14.4905, 82.8885, 18.0102, 77.0633, -158.909, 0.00605416, -147.438, 0.179776, 117.702, 0.175327, -63.5343
996, 16.59167, 11.1681, 14.4716, 82.9775, 18.0157, 77.1395, -158.9, 0.00606161, -147.35, 0.179815, 117.71, 0.175358, -63.5275
996, 16.60000, 11.1798, 14.4528, 83.0664, 18.0211, 77.2156, -158.891, 0.0060691, -147.263, 0.179855, 117.719, 0.175388, -63.5207
997, 16.60833, 11.1916, 14.4339, 83.1554, 18.0265, 77.2918, -158.882, 0.00607664, -147.175, 0.179894, 117.728, 0.175418, -63.5139
997, 16.61667, 11.2034, 14.415, 83.2445, 18.0319, 77.3681, -158.873, 0.00608421, -147.088, 0.179933, 117.736, 0.175449, -63.5071
998, 16.62500, 11.2152, 14.3961, 83.3336, 18.0373, 77.4443, -158.864, 0.00609182, -147.001, 0.179972, 117.745, 0.175479, -63.5004
998, 16.63333, 11.227, 14.3771, 83.4227, 18.0426, 77.5206, -158.855, 0.00609947, -146.914, 0.180012, 117.754, 0.175508, -63.4936
999, 16.64167, 11.2389, 14.3582, 83.5119, 18.048, 77.5968, -158.846, 0.00610716, -146.827, 0.18005, 117.762, 0.175538, -63.4869
999, 16.65000, 11.2508, 14.3392, 83.6011, 18.0533, 77.6731, -158.837, 0.00611489, -146.741, 0.180089, 117.771, 0.175568, -63.4802
999, 16.65833, 11.2626, 14.3202, 83.6904, 18.0585, 77.7494, -158.828, 0.00612265, -146.655, 0.180128, 117.779, 0.175597, -63.4735
1000, 16.66667, 11.2745, 14.3012, 83.7797, 18.0638, 77.8258, -158.819, 0.00613046, -146.569, 0.180166, 117.788, 0.175627, -63.4669
1001, 16.67500, 11.2864, 14.2822, 83.869, 18.069, 77.9021, -158.81, 0.00613831, -146.483, 0.180205, 117.797, 0.175656, -63.4602
1001, 16.68333, 11.2983, 14.2631, 83.9584, 18.0743, 77.9785, -158.801, 0.00614619, -146.398, 0.180243, 117.805, 0.175685, -63.4536
1002, 16.69167, 11.3103, 14.244, 84.0478, 18.0794, 78.0548, -158.792, 0.00615412, -146.313, 0.180281, 117.814, 0.175714, -63.4469
1002, 16.70000, 11.3222, 14.2249, 84.1373, 18.0846, 78.1312, -158.783, 0.00616208, -146.228, 0.180319, 117.822, 0.175743, -63.4403
1003, 16.70833, 11.3342, 14.2058, 84.2268, 18.0898, 78.2077, -158.774, 0.00617008, -146.143, 0.180357, 117.831, 0.175772, -63.4337
1003, 16.71667, 11.3462, 14.1867, 84.3164, 18.0949, 78.2841, -158.766, 0.00617812, -146.059, 0.180394, 117.839, 0.1758, -63.4271
1004, 16.72500, 11.3582, 14.1676, 84.4059, 18.1, 78.3606, -158.757, 0.0061862, -145.975, 0.180432, 117.848, 0.175829, -63.4206
1004, 16.73333, 11.3702, 14.1484, 84.4956, 18.1051, 78.437, -158.748, 0.00619432, -145.891, 0.18047, 117.856, 0.175857, -63.414
1005, 16.74167, 11.3822, 14.1292, 84.5852, 18.1101, 78.5135, -158.739, 0.00620248, -145.808, 0.180507, 117.864, 0.175885, -63.4075
1005, 16.75000, 11.3943, 14.11, 84.6749, 18.1152, 78.59, -158.73, 0.00621068, -145.724, 0.180544, 117.873, 0.175913, -63.4009
1006, 16.75833, 11.4063, 14.0908, 84.7647, 18.1202, 78.6666, -158.722, 0.00621891, -145.641, 0.180581, 117.881, 0.175941, -63.3944
1006, 16.76667, 11.4184, 14.0716, 84.8545, 18.1252, 78.7431, -158.713, 0.00622719, -145.558, 0.180618, 117.89, 0.175969, -63.3879
1007, 16.77500, 11.4305, 14.0523, 84.9443, 18.1301, 78.8197, -158.704, 0.0062355, -145.476, 0.180655, 117.898, 0.175997, -63.3814
1007, 16.78333, 11.4426, 14.033, 85.0342, 18.1351, 78.8963, -158.696, 0.00624385, -145.394, 0.180692, 117.906, 0.176024, -63.375
1007, 16.79167, 11.4547, 14.0137, 85.1241, 18.14, 78.9729, -158.687, 0.00625224, -145.312, 0.180728, 117.915, 0.176052, -63.3685
1008, 16.80000, 11.4669, 13.9944, 85.2141, 18.1449, 79.0495, -158.678, 0.00626067, -145.23, 0.180765, 117.923, 0.176079, -63.3621
1009, 16.80833, 11.479, 13.9751, 85.3041, 18.1498, 79.1261, -158.67, 0.00626914, -145.148, 0.180801, 117.931, 0.176106, -63.3556
1009, 16.81667, 11.4912, 13.9557, 85.3942, 18.1547, 79.2028, -158.661, 0.00627765, -145.067, 0.180837, 117.94, 0.176133, -63.3492
1010, 16.82500, 11.5034, 13.9364, 85.4843, 18.1595, 79.2795, -158.652, 0.0062862, -144.986, 0.180873, 117.948, 0.17616, -63.3428
1010, 16.83333, 11.5156, 13.917, 85.5744, 18.1643, 79.3562, -158.644, 0.00629478, -144.905, 0.180909, 117.956, 0.176187, -63.3365
1011, 16.84167, 11.5278, 13.8976, 85.6646, 18.1691, 79.4329, -158.635, 0.0063034, -144.825, 0.180945, 117.965, 0.176214, -63.3301
1011, 16.85000, 11.5401, 13.8781, 85.7548, 18.1739, 79.5096, -158.627, 0.00631207, -144.744, 0.180981, 117.973, 0.176241, -63.3237
1012, 16.85833, 11.5523, 13.8587, 85.845, 18.1787, 79.5864, -158.618, 0.00632077, -144.664, 0.181016, 117.981, 0.176267, -63.3174
1012, 16.86667, 11.5646, 13.8392, 85.9354, 18.1834, 79.6632, -158.609, 0.00632951, -144.585, 0.181052, 117.989, 0.176293, -63.3111
1013, 16.87500, 11.5769, 13.8197, 86.0257, 18.1881, 79.7399, -158.601, 0.00633828, -144.505, 0.181087, 117.998, 0.17632, -63.3047
1013, 16.88333, 11.5892, 13.8002, 86.1161, 18.1928, 79.8168, -158.592, 0.0063471, -144.426, 0.181122, 118.006, 0.176346, -63.2984
1014, 16.89167, 11.6015, 13.7807, 86.2065, 18.1975, 79.8936, -158.584, 0.00635595, -144.347, 0.181157, 118.014, 0.176372, -63.2921
1014, 16.90000, 11.6138, 13.7612, 86.297, 18.2022, 79.9704, -158.575, 0.00636485, -144.268, 0.181192, 118.022, 0.176397, -63.2859
1015, 16.90833, 11.6262, 13.7416, 86.3875, 18.2068, 80.0473, -158.567, 0.00637378, -144.19, 0.181227, 118.03, 0.176423, -63.2796
1015, 16.91667, 11.6385, 13.722, 86.4781, 18.2114, 80.1242, -158.559, 0.00638275, -144.112, 0.181262, 118.039, 0.176449, -63.2734
1016, 16.92500, 11.6509, 13.7024, 86.5687, 18.216, 80.2011, -158.55, 0.00639176, -144.034, 0.181297, 118.047, 0.176474, -63.2671
1016, 16.93333, 11.6633, 13.6828, 86.6594, 18.2206, 80.2781, -158.542, 0.0064008, -143.956, 0.181331, 118.055, 0.1765, -63.2609
1016, 16.94167, 11.6757, 13.6631, 86.7501, 18.2251, 80.355, -158.533, 0.00640989, -143.879, 0.181365, 118.063, 0.176525, -63.2547
1017, 16.95000, 11.6881, 13.6435, 86.8408, 18.2296, 80.432, -158.525, 0.00641901, -143.801, 0.1814, 118.071, 0.17655, -63.2485
1018, 16.95833, 11.7006, 13.6238, 86.9316, 18.2342, 80.509, -158.517, 0.00642818, -143.725, 0.181434, 118.079, 0.176575, -63.2423
1018, 16.96667, 11.7131, 13.6041, 87.0224, 18.2386, 80.586, -158.508, 0.00643738, -143.648, 0.181468, 118.087, 0.1766, -63.2361
1019, 16.97500, 11.7255, 13.5843, 87.1133, 18.2431, 80.663, -158.5, 0.00644662, -143.572, 0.181502, 118.095, 0.176624, -63.23
1019, 16.98333, 11.738, 13.5646, 87.2042, 18.2476, 80.7401, -158.492, 0.00645589, -143.495, 0.181535, 118.103, 0.176649, -63.2238
1020, 16.99167, 11.7505, 13.5448, 87.2952, 18.252, 80.8172, -158.483, 0.00646521, -143.42, 0.181569, 118.111, 0.176674, -63.2177
1020, 17.00000, 11.7631, 13.525, 87.3862, 18.2564, 80.8942, -158.475, 0.00647456, -143.344, 0.181602, 118.119, 0.176698, -63.2116
1021, 17.00833, 11.7756, 13.5052, 87.4772, 18.2608, 80.9714, -158.467, 0.00648395, -143.269, 0.181636, 118.127, 0.176722, -63.2055
1021, 17.01667, 11.7882, 13.4854, 87.5683, 18.2652, 81.0485, -158.458, 0.00649339, -143.193, 0.181669, 118.135, 0.176746, -63.1994
1022, 17.02500, 11.8007, 13.4656, 87.6595, 18.2695, 81.1256, -158.45, 0.00650285, -143.119, 0.181702, 118.143, 0.17677, -63.1933
1022, 17.03333, 11.8133, 13.4457, 87.7507, 18.2738, 81.2028, -158.442, 0.00651236, -143.044, 0.181735, 118.151, 0.176794, -63.1873
1023, 17.04167, 11.8259, 13.4258, 87.8419, 18.2781, 81.28, -158.434, 0.00652191, -142.97, 0.181768, 118.159, 0.176818, -63.1812
1023, 17.05000, 11.8386, 13.4059, 87.9332, 18.2824, 81.3572, -158.425, 0.00653149, -142.896, 0.181801, 118.167, 0.176842, -63.1752
1024, 17.05833, 11.8512, 13.386, 88.0245, 18.2867, 81.4345, -158.417, 0.00654111, -142.822, 0.181833, 118.175, 0.176865, -63.1691
1024, 17.06667, 11.8639, 13.366, 88.1159, 18.291, 81.5117, -158.409, 0.00655077, -142.748, 0.181866, 118.183, 0.176888, -63.1631
1025, 17.07500, 11.8766, 13.3461, 88.2073, 18.2952, 81.589, -158.401, 0.00656047, -142.675, 0.181898, 118.191, 0.176912, -63.1571
1025, 17.08333, 11.8892, 13.3261, 88.2987, 18.2994, 81.6663, -158.393, 0.00657021, -142.602, 0.181931, 118.199, 0.176935, -63.1511
1026, 17.09167, 11.902, 13.306, 88.3902, 18.3036, 81.7436, -158.385, 0.00657998, -142.529, 0.181963, 118.207, 0.176958, -63.1451
1026, 17.10000, 11.9147, 13.286, 88.4818, 18.3078, 81.821, -158.376, 0.00658979, -142.457, 0.181995, 118.215, 0.176981, -63.1392
1027, 17.10833, 11.9274, 13.266, 88.5734, 18.3119, 81.8983, -158.368, 0.00659964, -142.385, 0.182027, 118.223, 0.177004, -63.1332
1027, 17.11667, 11.9402, 13.2459, 88.665, 18.316, 81.9757, -158.36, 0.00660953, -142.313, 0.182058, 118.231, 0.177026, -63.1273
1028, 17.12500, 11.953, 13.2258, 88.7567, 18.3201, 82.0531, -158.352, 0.00661946, -142.241, 0.18209, 118.238, 0.177049, -63.1213
1028, 17.13333, 11.9658, 13.2057, 88.8484, 18.3242, 82.1305, -158.344, 0.00662942, -142.17, 0.182122, 118.246, 0.177071, -63.1154
1029, 17.14167, 11.9786, 13.1855, 88.9402, 18.3283, 82.208, -158.336, 0.00663942, -142.098, 0.182153, 118.254, 0.177093, -63.1095
1029, 17.15000, 11.9914, 13.1654, 89.032, 18.3324, 82.2854, -158.328, 0.00664947, -142.027, 0.182184, 118.262, 0.177116, -63.1036
1030, 17.15833, 12.0042, 13.1452, 89.1239, 18.3364, 82.3629, -158.32, 0.00665954, -141.957, 0.182216, 118.27, 0.177138, -63.0977
1030, 17.16667, 12.0171, 13.125, 89.2158, 18.3404, 82.4405, -158.312, 0.00666966, -141.886, 0.182247, 118.278, 0.17716, -63.0919
1031, 17.17500, 12.03, 13.1048, 89.3078, 18.3444, 82.518, -158.304, 0.00667982, -141.816, 0.182278, 118.285, 0.177182, -63.086
1031, 17.18333, 12.0429, 13.0846, 89.3998, 18.3484, 82.5955, -158.296, 0.00669001, -141.746, 0.182308, 118.293, 0.177203, -63.0802
1032, 17.19167, 12.0558, 13.0643, 89.4918, 18.3523, 82.6731, -158.288, 0.00670024, -141.677, 0.182339, 118.301, 0.177225, -63.0743
1032, 17.20000, 12.0687, 13.044, 89.5839, 18.3563, 82.7507, -158.28, 0.00671051, -141.607, 0.18237, 118.309, 0.177246, -63.0685
1033, 17.20833, 12.0817, 13.0237, 89.6761, 18.3602, 82.8283, -158.272, 0.00672081, -141.538, 0.1824, 118.316, 0.177268, -63.0627
1033, 17.21667, 12.0946, 13.0034, 89.7683, 18.3641, 82.906, -158.264, 0.00673116, -141.469, 0.182431, 118.324, 0.177289, -63.0569
1034, 17.22500, 12.1076, 12.983, 89.8605, 18.368, 82.9836, -158.256, 0.00674154, -141.401, 0.182461, 118.332, 0.17731, -63.0511
1034, 17.23333, 12.1206, 12.9627, 89.9528, 18.3718, 83.0613, -158.248, 0.00675196, -141.332, 0.182491, 118.34, 0.177331, -63.0453
1035, 17.24167, 12.1336, 12.9423, 90.0451, 18.3757, 83.139, -158.24, 0.00676242, -141.264, 0.182521, 118.347, 0.177352, -63.0396
1035, 17.25000, 12.1467, 12.9219, 90.1375, 18.3795, 83.2167, -158.232, 0.00677292, -141.196, 0.182551, 118.355, 0.177373, -63.0338
1036, 17.25833, 12.1597, 12.9014, 90.2299, 18.3833, 83.2945, -158.225, 0.00678345, -141.129, 0.182581, 118.363, 0.177393, -63.0281
1036, 17.26667, 12.1728, 12.881, 90.3224, 18.3871, 83.3723, -158.217, 0.00679402, -141.061, 0.18261, 118.37, 0.177414, -63.0224
1037, 17.27500, 12.1859, 12.8605, 90.4149, 18.3909, 83.4501, -158.209, 0.00680463, -140.994, 0.18264, 118.378, 0.177434, -63.0166
1037, 17.28333, 12.199, 12.84, 90.5075, 18.3946, 83.5279, -158.201, 0.00681528, -140.928, 0.182669, 118.386, 0.177455, -63.0109
1038, 17.29167, 12.2121, 12.8195, 90.6001, 18.3983, 83.6057, -158.193, 0.00682597, -140.861, 0.182699, 118.393, 0.177475, -63.0052
1038, 17.30000, 12.2253, 12.7989, 90.6928, 18.402, 83.6836, -158.185, 0.00683669, -140.795, 0.182728, 118.401, 0.177495, -62.9995
1039, 17.30833, 12.2384, 12.7784, 90.7855, 18.4057, 83.7615, -158.178, 0.00684745, -140.729, 0.182757, 118.409, 0.177515, -62.9939
1039, 17.31667, 12.2516, 12.7578, 90.8783, 18.4094, 83.8394, -158.17, 0.00685825, -140.663, 0.182786, 118.416, 0.177534, -62.9882
1040, 17.32500, 12.2648, 12.7372, 90.9711, 18.4131, 83.9173, -158.162, 0.00686909, -140.597, 0.182815, 118.424, 0.177554, -62.9826
1040, 17.33333, 12.278, 12.7165, 91.0639, 18.4167, 83.9952, -158.154, 0.00687997, -140.532, 0.182843, 118.431, 0.177574, -62.9769
1041, 17.34167, 12.2912, 12.6959, 91.1569, 18.4203, 84.0732, -158.146, 0.00689088, -140.467, 0.182872, 118.439, 0.177593, -62.9713
1041, 17.35000, 12.3045, 12.6752, 91.2498, 18.4239, 84.1512, -158.139, 0.00690183, -140.402, 0.182901, 118.447, 0.177613, -62.9657
1042, 17.35833, 12.3177, 12.6545, 91.3428, 18.4275, 84.2292, -158.131, 0.00691282, -140.338, 0.182929, 118.454, 0.177632, -62.9601
1042, 17.36667, 12.331, 12.6338, 91.4359, 18.4311, 84.3073, -158.123, 0.00692385, -140.274, 0.182957, 118.462, 0.177651, -62.9545
1043, 17.37500, 12.3443, 12.6131, 91.529, 18.4346, 84.3853, -158.116, 0.00693491, -140.21, 0.182985, 118.469, 0.17767, -62.9489
1043, 17.38333, 12.3576, 12.5923, 91.6221, 18.4381, 84.4634, -158.108, 0.00694601, -140.146, 0.183013, 118.477, 0.177689, -62.9433
1044, 17.39167, 12.371, 12.5715, 91.7153, 18.4416, 84.5415, -158.1, 0.00695716, -140.083, 0.183041, 118.484, 0.177708, -62.9377
1044, 17.40000, 12.3843, 12.5507, 91.8086, 18.4451, 84.6197, -158.093, 0.00696833, -140.019, 0.183069, 118.492, 0.177726, -62.9322
1045, 17.40833, 12.3977, 12.5299, 91.9018, 18.4486, 84.6978, -158.085, 0.00697955, -139.956, 0.183097, 118.499, 0.177745, -62.9266
1045, 17.41667, 12.4111, 12.509, 91.9952, 18.4521, 84.776, -158.077, 0.0069908, -139.894, 0.183124, 118.507, 0.177763, -62.9211
1046, 17.42500, 12.4245, 12.4881, 92.0886, 18.4555, 84.8542, -158.07, 0.0070021, -139.831, 0.183152, 118.514, 0.177782, -62.9156
1046, 17.43333, 12.4379, 12.4672, 92.182, 18.4589, 84.9324, -158.062, 0.00701343, -139.769, 0.183179, 118.522, 0.1778, -62.9101
1047, 17.44167, 12.4513, 12.4463, 92.2755, 18.4623, 85.0107, -158.054, 0.00702479, -139.707, 0.183206, 118.529, 0.177818, -62.9046
1047, 17.45000, 12.4648, 12.4254, 92.3691, 18.4657, 85.0889, -158.047, 0.0070362, -139.646, 0.183233, 118.537, 0.177836, -62.8991
1048, 17.45833, 12.4783, 12.4044, 92.4627, 18.4691, 85.1672, -158.039, 0.00704764, -139.584, 0.18326, 118.544, 0.177854, -62.8936
1048, 17.46667, 12.4918, 12.3834, 92.5563, 18.4724, 85.2456, -158.032, 0.00705912, -139.523, 0.183287, 118.552, 0.177871, -62.8881
1049, 17.47500, 12.5053, 12.3624, 92.65, 18.4757, 85.3239, -158.024, 0.00707064, -139.462, 0.183314, 118.559, 0.177889, -62.8827
1049, 17.48333, 12.5188, 12.3414, 92.7437, 18.479, 85.4023, -158.017, 0.0070822, -139.401, 0.183341, 118.566, 0.177906, -62.8772
1050, 17.49167, 12.5324, 12.3203, 92.8375, 18.4823, 85.4807, -158.009, 0.00709379, -139.341, 0.183367, 118.574, 0.177924, -62.8718
1050, 17.50000, 12.5459, 12.2993, 92.9314, 18.4856, 85.5591, -158.001, 0.00710543, -139.281, 0.183394, 118.581, 0.177941, -62.8663
1051, 17.50833, 12.5595, 12.2782, 93.0253, 18.4889, 85.6375, -157.994, 0.0071171, -139.221, 0.18342, 118.589, 0.177958, -62.8609
1051, 17.51667, 12.5731, 12.257, 93.1192, 18.4921, 85.716, -157.986, 0.0071288, -139.161, 0.183446, 118.596, 0.177975, -62.8555
1052, 17.52500, 12.5868, 12.2359, 93.2132, 18.4953, 85.7945, -157.979, 0.00714055, -139.102, 0.183472, 118.603, 0.177992, -62.8501
1052, 17.53333, 12.6004, 12.2147, 93.3072, 18.4985, 85.873, -157.971, 0.00715233, -139.043, 0.183498, 118.611, 0.178009, -62.8447
1053, 17.54167, 12.6141, 12.1935, 93.4013, 18.5017, 85.9515, -157.964, 0.00716416, -138.984, 0.183524, 118.618, 0.178026, -62.8393
1053, 17.55000, 12.6277, 12.1723, 93.4955, 18.5049, 86.0301, -157.957, 0.00717602, -138.925, 0.18355, 118.625, 0.178042, -62.834
1054, 17.55833, 12.6414, 12.1511, 93.5897, 18.508, 86.1086, -157.949, 0.00718791, -138.867, 0.183575, 118.633, 0.178059, -62.8286
1054, 17.56667, 12.6552, 12.1298, 93.6839, 18.5112, 86.1872, -157.942, 0.00719985, -138.808, 0.183601, 118.64, 0.178075, -62.8233
1055, 17.57500, 12.6689, 12.1085, 93.7782, 18.5143, 86.2659, -157.934, 0.00721182, -138.751, 0.183626, 118.647, 0.178091, -62.8179
1055, 17.58333, 12.6826, 12.0872, 93.8725, 18.5174, 86.3445, -157.927, 0.00722383, -138.693, 0.183652, 118.655, 0.178108, -62.8126
1056, 17.59167, 12.6964, 12.0659, 93.9669, 18.5205, 86.4232, -157.919, 0.00723588, -138.636, 0.183677, 118.662, 0.178124, -62.8073
1056, 17.60000, 12.7102, 12.0445, 94.0614, 18.5235, 86.5019, -157.912, 0.00724797, -138.578, 0.183702, 118.669, 0.178139, -62.802
1057, 17.60833, 12.724, 12.0231, 94.1559, 18.5266, 86.5806, -157.905, 0.00726009, -138.521, 0.183727, 118.677, 0.178155, -62.7967
1057, 17.61667, 12.7379, 12.0017, 94.2504, 18.5296, 86.6594, -157.897, 0.00727226, -138.465, 0.183752, 118.684, 0.178171, -62.7914
1058, 17.62500, 12.7517, 11.9803, 94.345, 18.5326, 86.7382, -157.89, 0.00728446, -138.408, 0.183776, 118.691, 0.178186, -62.7861
1058, 17.63333, 12.7656, 11.9588, 94.4397, 18.5356, 86.817, -157.883, 0.0072967, -138.352, 0.183801, 118.698, 0.178202, -62.7808
1059, 17.64167, 12.7795, 11.9374, 94.5344, 18.5386, 86.8958, -157.875, 0.00730897, -138.296, 0.183825, 118.706, 0.178217, -62.7756
1059, 17.65000, 12.7934, 11.9159, 94.6292, 18.5415, 86.9746, -157.868, 0.00732129, -138.241, 0.18385, 118.713, 0.178232, -62.7703
1060, 17.65833, 12.8073, 11.8943, 94.724, 18.5445, 87.0535, -157.861, 0.00733364, -138.185, 0.183874, 118.72, 0.178248, -62.7651
1060, 17.66667, 12.8212, 11.8728, 94.8188, 18.5474, 87.1324, -157.853, 0.00734603, -138.13, 0.183898, 118.727, 0.178263, -62.7598
1061, 17.67500, 12.8352, 11.8512, 94.9137, 18.5503, 87.2113, -157.846, 0.00735846, -138.075, 0.183922, 118.735, 0.178277, -62.7546
1061, 17.68333, 12.8492, 11.8296, 95.0087, 18.5532, 87.2903, -157.839, 0.00737093, -138.02, 0.183946, 118.742, 0.178292, -62.7494
1062, 17.69167, 12.8632, 11.808, 95.1037, 18.5561, 87.3693, -157.831, 0.00738343, -137.966, 0.18397, 118.749, 0.178307, -62.7442
1062, 17.70000, 12.8772, 11.7863, 95.1988, 18.559, 87.4483, -157.824, 0.00739597, -137.912, 0.183994, 118.756, 0.178321, -62.739
1063, 17.70833, 12.8912, 11.7647, 95.2939, 18.5618, 87.5273, -157.817, 0.00740855, -137.858, 0.184017, 118.763, 0.178336, -62.7338
1063, 17.71667, 12.9053, 11.743, 95.3891, 18.5646, 87.6064, -157.81, 0.00742117, -137.804, 0.184041, 118.771, 0.17835, -62.7286
1063, 17.72500, 12.9194, 11.7213, 95.4843, 18.5674, 87.6854, -157.802, 0.00743383, -137.751, 0.184064, 118.778, 0.178364, -62.7235
1064, 17.73333, 12.9334, 11.6995, 95.5796, 18.5702, 87.7645, -157.795, 0.00744652, -137.698, 0.184088, 118.785, 0.178379, -62.7183
1065, 17.74167, 12.9476, 11.6778, 95.6749, 18.573, 87.8437, -157.788, 0.00745926, -137.645, 0.184111, 118.792, 0.178393, -62.7132
1065, 17.75000, 12.9617, 11.656, 95.7703, 18.5757, 87.9228, -157.781, 0.00747203, -137.592, 0.184134, 118.799, 0.178406, -62.708
1065, 17.75833, 12.9758, 11.6342, 95.8657, 18.5785, 88.002, -157.774, 0.00748483, -137.539, 0.184157, 118.807, 0.17842, -62.7029
1066, 17.76667, 12.99, 11.6123, 95.9612, 18.5812, 88.0812, -157.766, 0.00749768, -137.487, 0.18418, 118.814, 0.178434, -62.6978
1067, 17.77500, 13.0042, 11.5905, 96.0568, 18.5839, 88.1604, -157.759, 0.00751057, -137.435, 0.184202, 118.821, 0.178447, -62.6927
1067, 17.78333, 13.0184, 11.5686, 96.1524, 18.5866, 88.2397, -157.752, 0.00752349, -137.383, 0.184225, 118.828, 0.178461, -62.6875
1067, 17.79167, 13.0327, 11.5467, 96.248, 18.5893, 88.319, -157.745, 0.00753645, -137.332, 0.184247, 118.835, 0.178474, -62.6825
1068, 17.80000, 13.0469, 11.5247, 96.3437, 18.5919, 88.3983, -157.738, 0.00754945, -137.281, 0.18427, 118.842, 0.178487, -62.6774
1069, 17.80833, 13.0612, 11.5028, 96.4395, 18.5946, 88.4776, -157.731, 0.00756249, -137.23, 0.184292, 118.849, 0.178501, -62.6723
1069, 17.81667, 13.0755, 11.4808, 96.5353, 18.5972, 88.557, -157.724, 0.00757557, -137.179, 0.184314, 118.856, 0.178514, -62.6672
1069, 17.82500, 13.0898, 11.4588, 96.6312, 18.5998, 88.6364, -157.716, 0.00758868, -137.128, 0.184336, 118.863, 0.178526, -62.6622
1070, 17.83333, 13.1041, 11.4367, 96.7271, 18.6024, 88.7158, -157.709, 0.00760183, -137.078, 0.184358, 118.871, 0.178539, -62.6571
1071, 17.84167, 13.1184, 11.4147, 96.8231, 18.605, 88.7952, -157.702, 0.00761502, -137.028, 0.18438, 118.878, 0.178552, -62.6521
1071, 17.85000, 13.1328, 11.3926, 96.9191, 18.6075, 88.8747, -157.695, 0.00762825, -136.978, 0.184402, 118.885, 0.178564, -62.647
1071, 17.85833, 13.1472, 11.3705, 97.0152, 18.6101, 88.9542, -157.688, 0.00764152, -136.928, 0.184423, 118.892, 0.178577, -62.642
1072, 17.86667, 13.1616, 11.3483, 97.1113, 18.6126, 89.0337, -157.681, 0.00765483, -136.879, 0.184445, 118.899, 0.178589, -62.637
1073, 17.87500, 13.176, 11.3262, 97.2075, 18.6151, 89.1132, -157.674, 0.00766817, -136.83, 0.184466, 118.906, 0.178601, -62.632
1073, 17.88333, 13.1905, 11.304, 97.3037, 18.6176, 89.1928, -157.667, 0.00768155, -136.781, 0.184488, 118.913, 0.178613, -62.627
1073, 17.89167, 13.205, 11.2818, 97.4, 18.6201, 89.2724, -157.66, 0.00769497, -136.732, 0.184509, 118.92, 0.178625, -62.622
1074, 17.90000, 13.2194, 11.2595, 97.4964, 18.6225, 89.352, -157.653, 0.00770843, -136.684, 0.18453, 118.927, 0.178637, -62.617
1075, 17.90833, 13.2339, 11.2373, 97.5928, 18.625, 89.4317, -157.646, 0.00772193, -136.636, 0.184551, 118.934, 0.178649, -62.612
1075, 17.91667, 13.2485, 11.215, 97.6893, 18.6274, 89.5114, -157.639, 0.00773546, -136.588, 0.184572, 118.941, 0.178661, -62.6071
1075, 17.92500, 13.263, 11.1927, 97.7858, 18.6298, 89.591, -157.632, 0.00774904, -136.54, 0.184592, 118.948, 0.178672, -62.6021
1076, 17.93333, 13.2776, 11.1703, 97.8823, 18.6322, 89.6708, -157.625, 0.00776265, -136.493, 0.184613, 118.955, 0.178684, -62.5971
1077, 17.94167, 13.2922, 11.148, 97.979, 18.6346, 89.7505, -157.618, 0.0077763, -136.446, 0.184634, 118.962, 0.178695, -62.5922
1077, 17.95000, 13.3068, 11.1256, 98.0757, 18.6369, 89.8303, -157.611, 0.00778999, -136.399, 0.184654, 118.969, 0.178706, -62.5873
1077, 17.95833, 13.3214, 11.1032, 98.1724, 18.6393, 89.9101, -157.604, 0.00780372, -136.352, 0.184674, 118.976, 0.178718, -62.5823
1078, 17.96667, 13.3361, 11.0807, 98.2692, 18.6416, 89.99, -157.597, 0.00781749, -136.305, 0.184695, 118.983, 0.178729, -62.5774
1079, 17.97500, 13.3507, 11.0582, 98.366, 18.6439, 90.0698, -157.59, 0.00783129, -136.259, 0.184715, 118.99, 0.178739, -62.5725
1079, 17.98333, 13.3654, 11.0357, 98.4629, 18.6462, 90.1497, -157.583, 0.00784514, -136.213, 0.184735, 118.997, 0.17875, -62.5676
1079, 17.99167, 13.3801, 11.0132, 98.5599, 18.6485, 90.2297, -157.576, 0.00785902, -136.167, 0.184755, 119.004, 0.178761, -62.5627
1080, 18.00000, 13.3948, 10.9907, 98.6569, 18.6508, 90.3096, -157.569, 0.00787294, -136.122, 0.184774, 119.011, 0.178772, -62.5578
1081, 18.00833, 13.4096, 10.9681, 98.754, 18.653, 90.3896, -157.562, 0.0078869, -136.076, 0.184794, 119.018, 0.178782, -62.553
1081, 18.01667, 13.4244, 10.9455, 98.8511, 18.6553, 90.4696, -157.555, 0.0079009, -136.031, 0.184814, 119.025, 0.178792, -62.5481
1081, 18.02500, 13.4392, 10.9229, 98.9483, 18.6575, 90.5496, -157.549, 0.00791494, -135.986, 0.184833, 119.032, 0.178803, -62.5432
1082, 18.03333, 13.454, 10.9002, 99.0455, 18.6597, 90.6297, -157.542, 0.00792901, -135.942, 0.184852, 119.038, 0.178813, -62.5384
1083, 18.04167, 13.4688, 10.8776, 99.1428, 18.6619, 90.7098, -157.535, 0.00794313, -135.897, 0.184872, 119.045, 0.178823, -62.5335
1083, 18.05000, 13.4837, 10.8549, 99.2402, 18.664, 90.7899, -157.528, 0.00795728, -135.853, 0.184891, 119.052, 0.178833, -62.5287
1083, 18.05833, 13.4985, 10.8321, 99.3376, 18.6662, 90.87, -157.521, 0.00797147, -135.809, 0.18491, 119.059, 0.178843, -62.5239
1084, 18.06667, 13.5134, 10.8094, 99.4351, 18.6683, 90.9502, -157.514, 0.0079857, -135.765, 0.184929, 119.066, 0.178852, -62.5191
1085, 18.07500, 13.5283, 10.7866, 99.5326, 18.6704, 91.0304, -157.507, 0.00799997, -135.722, 0.184948, 119.073, 0.178862, -62.5142
1085, 18.08333, 13.5433, 10.7638, 99.6302, 18.6725, 91.1106, -157.501, 0.00801428, -135.678, 0.184966, 119.08, 0.178871, -62.5094
1085, 18.09167, 13.5582, 10.7409, 99.7278, 18.6746, 91.1909, -157.494, 0.00802863, -135.635, 0.184985, 119.087, 0.178881, -62.5046
1086, 18.10000, 13.5732, 10.7181, 99.8255, 18.6767, 91.2711, -157.487, 0.00804302, -135.593, 0.185003, 119.094, 0.17889, -62.4998
1087, 18.10833, 13.5882, 10.6952, 99.9232, 18.6788, 91.3514, -157.48, 0.00805744, -135.55, 0.185022, 119.101, 0.178899, -62.4951
1087, 18.11667, 13.6032, 10.6723, 100.021, 18.6808, 91.4318, -157.473, 0.00807191, -135.508, 0.18504, 119.107, 0.178908, -62.4903
1087, 18.12500, 13.6183, 10.6493, 100.119, 18.6828, 91.5122, -157.467, 0.00808641, -135.465, 0.185058, 119.114, 0.178917, -62.4855
1088, 18.13333, 13.6333, 10.6264, 100.217, 18.6849, 91.5925, -157.46, 0.00810095, -135.423, 0.185076, 119.121, 0.178926, -62.4808
1089, 18.14167, 13.6484, 10.6034, 100.315, 18.6869, 91.673, -157.453, 0.00811554, -135.382, 0.185094, 119.128, 0.178935, -62.476
1089, 18.15000, 13.6635, 10.5804, 100.413, 18.6888, 91.7534, -157.446, 0.00813016, -135.34, 0.185112, 119.135, 0.178944, -62.4713
1089, 18.15833, 13.6786, 10.5573, 100.511, 18.6908, 91.8339, -157.439, 0.00814482, -135.299, 0.18513, 119.142, 0.178952, -62.4665
1090, 18.16667, 13.6938, 10.5342, 100.609, 18.6928, 91.9144, -157.433, 0.00815952, -135.258, 0.185147, 119.148, 0.178961, -62.4618
1091, 18.17500, 13.7089, 10.5111, 100.707, 18.6947, 91.9949, -157.426, 0.00817426, -135.217, 0.185165, 119.155, 0.178969, -62.4571
1091, 18.18333, 13.7241, 10.488, 100.806, 18.6966, 92.0755, -157.419, 0.00818904, -135.177, 0.185182, 119.162, 0.178977, -62.4524
1091, 18.19167, 13.7393, 10.4648, 100.904, 18.6985, 92.1561, -157.413, 0.00820385, -135.136, 0.1852, 119.169, 0.178985, -62.4477
1092, 18.20000, 13.7546, 10.4416, 101.002, 18.7004, 92.2367, -157.406, 0.00821871, -135.096, 0.185217, 119.176, 0.178993, -62.443
1093, 18.20833, 13.7698, 10.4184, 101.101, 18.7023, 92.3174, -157.399, 0.00823361, -135.056, 0.185234, 119.183, 0.179001, -62.4383
1093, 18.21667, 13.7851, 10.3952, 101.199, 18.7041, 92.3981, -157.392, 0.00824854, -135.017, 0.185251, 119.189, 0.179009, -62.4336
1093, 18.22500, 13.8004, 10.3719, 101.298, 18.706, 92.4788, -157.386, 0.00826352, -134.977, 0.185268, 119.196, 0.179017, -62.4289
1094, 18.23333, 13.8157, 10.3486, 101.396, 18.7078, 92.5595, -157.379, 0.00827853, -134.938, 0.185285, 119.203, 0.179024, -62.4242
1095, 18.24167, 13.831, 10.3253, 101.495, 18.7096, 92.6403, -157.372, 0.00829359, -134.899, 0.185301, 119.21, 0.179032, -62.4196
1095, 18.25000, 13.8464, 10.302, 101.594, 18.7114, 92.7211, -157.366, 0.00830868, -134.86, 0.185318, 119.216, 0.179039, -62.4149
1095, 18.25833, 13.8618, 10.2786, 101.693, 18.7132, 92.8019, -157.359, 0.00832381, -134.821, 0.185335, 119.223, 0.179046, -62.4103
1096, 18.26667, 13.8772, 10.2552, 101.792, 18.715, 92.8828, -157.352, 0.00833899, -134.783, 0.185351, 119.23, 0.179053, -62.4056
1097, 18.27500, 13.8926, 10.2317, 101.89, 18.7167, 92.9637, -157.346, 0.0083542, -134.745, 0.185367, 119.237, 0.17906, -62.401
1097, 18.28333, 13.908, 10.2083, 101.989, 18.7184, 93.0446, -157.339, 0.00836945, -134.707, 0.185383, 119.244, 0.179067, -62.3963
1098, 18.29167, 13.9235, 10.1848, 102.088, 18.7202, 93.1255, -157.332, 0.00838474, -134.669, 0.185399, 119.25, 0.179074, -62.3917
1098, 18.30000, 13.939, 10.1613, 102.188, 18.7219, 93.2065, -157.326, 0.00840007, -134.632, 0.185415, 119.257, 0.179081, -62.3871
1099, 18.30833, 13.9545, 10.1377, 102.287, 18.7236, 93.2875, -157.319, 0.00841544, -134.595, 0.185431, 119.264, 0.179087, -62.3825
1099, 18.31667, 13.97, 10.1142, 102.386, 18.7252, 93.3686, -157.313, 0.00843086, -134.558, 0.185447, 119.271, 0.179094, -62.3779
1100, 18.32500, 13.9856, 10.0906, 102.485, 18.7269, 93.4496, -157.306, 0.00844631, -134.521, 0.185463, 119.277, 0.1791, -62.3733
1100, 18.33333, 14.0011, 10.0669, 102.584, 18.7285, 93.5307, -157.299, 0.0084618, -134.484, 0.185478, 119.284, 0.179107, -62.3687
1101, 18.34167, 14.0167, 10.0433, 102.684, 18.7302, 93.6118, -157.293, 0.00847733, -134.448, 0.185494, 119.291, 0.179113, -62.3641
1101, 18.35000, 14.0324, 10.0196, 102.783, 18.7318, 93.693, -157.286, 0.0084929, -134.412, 0.185509, 119.297, 0.179119, -62.3596
1102, 18.35833, 14.048, 9.99587, 102.883, 18.7334, 93.7742, -157.28, 0.00850851, -134.376, 0.185524, 119.304, 0.179125, -62.355
1102, 18.36667, 14.0637, 9.97212, 102.982, 18.735, 93.8554, -157.273, 0.00852416, -134.34, 0.185539, 119.311, 0.179131, -62.3504
1103, 18.37500, 14.0793, 9.94835, 103.082, 18.7365, 93.9366, -157.267, 0.00853985, -134.304, 0.185554, 119.318, 0.179137, -62.3459
1103, 18.38333, 14.0951, 9.92455, 103.182, 18.7381, 94.0179, -157.26, 0.00855559, -134.269, 0.185569, 119.324, 0.179142, -62.3413
1104, 18.39167, 14.1108, 9.90072, 103.282, 18.7396, 94.0992, -157.254, 0.00857136, -134.234, 0.185584, 119.331, 0.179148, -62.3368
1104, 18.40000, 14.1265, 9.87686, 103.381, 18.7412, 94.1806, -157.247, 0.00858717, -134.199, 0.185599, 119.338, 0.179153, -62.3323
1105, 18.40833, 14.1423, 9.85298, 103.481, 18.7427, 94.2619, -157.24, 0.00860302, -134.164, 0.185613, 119.344, 0.179159, -62.3277
1105, 18.41667, 14.1581, 9.82906, 103.581, 18.7442, 94.3433, -157.234, 0.00861892, -134.13, 0.185628, 119.351, 0.179164, -62.3232
1106, 18.42500, 14.1739, 9.80512, 103.681, 18.7456, 94.4248, -157.227, 0.00863485, -134.095, 0.185642, 119.358, 0.179169, -62.3187
1106, 18.43333, 14.1898, 9.78115, 103.781, 18.7471, 94.5062, -157.221, 0.00865082, -134.061, 0.185657, 119.364, 0.179174, -62.3142
1107, 18.44167, 14.2056, 9.75714, 103.881, 18.7486, 94.5877, -157.214, 0.00866684, -134.028, 0.185671, 119.371, 0.179179, -62.3097
1107, 18.45000, 14.2215, 9.73311, 103.981, 18.75, 94.6692, -157.208, 0.00868289, -133.994, 0.185685, 119.378, 0.179184, -62.3052
1108, 18.45833, 14.2374, 9.70905, 104.082, 18.7514, 94.7508, -157.201, 0.00869898, -133.961, 0.185699, 119.384, 0.179189, -62.3007
1108, 18.46667, 14.2534, 9.68496, 104.182, 18.7528, 94.8324, -157.195, 0.00871512, -133.927, 0.185713, 119.391, 0.179193, -62.2962
1109, 18.47500, 14.2693, 9.66085, 104.282, 18.7542, 94.914, -157.188, 0.0087313, -133.894, 0.185726, 119.398, 0.179198, -62.2918
1109, 18.48333, 14.2853, 9.6367, 104.383, 18.7556, 94.9956, -157.182, 0.00874751, -133.862, 0.18574, 119.404, 0.179202, -62.2873
1110, 18.49167, 14.3013, 9.61252, 104.483, 18.7569, 95.0773, -157.176, 0.00876377, -133.829, 0.185754, 119.411, 0.179206, -62.2828
1110, 18.50000, 14.3173, 9.58832, 104.584, 18.7583, 95.159, -157.169, 0.00878007, -133.797, 0.185767, 119.418, 0.179211, -62.2784
1111, 18.50833, 14.3333, 9.56408, 104.684, 18.7596, 95.2408, -157.163, 0.00879641, -133.764, 0.185781, 119.424, 0.179215, -62.2739
1111, 18.51667, 14.3494, 9.53982, 104.785, 18.7609, 95.3225, -157.156, 0.00881279, -133.732, 0.185794, 119.431, 0.179219, -62.2695
1112, 18.52500, 14.3655, 9.51552, 104.886, 18.7622, 95.4043, -157.15, 0.00882921, -133.701, 0.185807, 119.438, 0.179223, -62.265
1112, 18.53333, 14.3816, 9.4912, 104.987, 18.7635, 95.4862, -157.143, 0.00884567, -133.669, 0.18582, 119.444, 0.179226, -62.2606
1113, 18.54167, 14.3978, 9.46684, 105.088, 18.7648, 95.568, -157.137, 0.00886217, -133.638, 0.185833, 119.451, 0.17923, -62.2562
1113, 18.55000, 14.4139, 9.44246, 105.188, 18.7661, 95.6499, -157.131, 0.00887872, -133.607, 0.185846, 119.457, 0.179234, -62.2518
1114, 18.55833, 14.4301, 9.41805, 105.289, 18.7673, 95.7319, -157.124, 0.0088953, -133.576, 0.185859, 119.464, 0.179237, -62.2473
1114, 18.56667, 14.4463, 9.3936, 105.391, 18.7685, 95.8138, -157.118, 0.00891193, -133.545, 0.185871, 119.471, 0.179241, -62.2429
1115, 18.57500, 14.4625, 9.36913, 105.492, 18.7697, 95.8958, -157.111, 0.0089286, -133.514, 0.185884, 119.477, 0.179244, -62.2385
1115, 18.58333, 14.4788, 9.34463, 105.593, 18.7709, 95.9778, -157.105, 0.0089453, -133.484, 0.185896, 119.484, 0.179247, -62.2341
1116, 18.59167, 14.495, 9.32009, 105.694, 18.7721, 96.0599, -157.099, 0.00896206, -133.454, 0.185909, 119.49, 0.17925, -62.2298
1116, 18.60000, 14.5113, 9.29553, 105.795, 18.7733, 96.142, -157.092, 0.00897885, -133.424, 0.185921, 119.497, 0.179253, -62.2254
1117, 18.60833, 14.5277, 9.27094, 105.897, 18.7745, 96.2241, -157.086, 0.00899568, -133.394, 0.185933, 119.504, 0.179256, -62.221
1117, 18.61667, 14.544, 9.24631, 105.998, 18.7756, 96.3063, -157.079, 0.00901255, -133.365, 0.185945, 119.51, 0.179259, -62.2166
1118, 18.62500, 14.5604, 9.22166, 106.1, 18.7767, 96.3885, -157.073, 0.00902947, -133.336, 0.185957, 119.517, 0.179261, -62.2123
1118, 18.63333, 14.5768, 9.19698, 106.201, 18.7778, 96.4707, -157.067, 0.00904643, -133.306, 0.185969, 119.523, 0.179264, -62.2079
1119, 18.64167, 14.5932, 9.17226, 106.303, 18.7789, 96.5529, -157.06, 0.00906343, -133.278, 0.18598, 119.53, 0.179266, -62.2036
1119, 18.65000, 14.6096, 9.14752, 106.404, 18.78, 96.6352, -157.054, 0.00908047, -133.249, 0.185992, 119.537, 0.179269, -62.1992
1120, 18.65833, 14.6261, 9.12274, 106.506, 18.7811, 96.7175, -157.048, 0.00909755, -133.22, 0.186004, 119.543, 0.179271, -62.1949
1120, 18.66667, 14.6426, 9.09793, 106.608, 18.7821, 96.7999, -157.041, 0.00911468, -133.192, 0.186015, 119.55, 0.179273, -62.1905
1121, 18.67500, 14.6591, 9.0731, 106.71, 18.7832, 96.8823, -157.035, 0.00913184, -133.164, 0.186026, 119.556, 0.179275, -62.1862
1121, 18.68333, 14.6756, 9.04823, 106.812, 18.7842, 96.9647, -157.029, 0.00914905, -133.136, 0.186038, 119.563, 0.179277, -62.1819
1122, 18.69167, 14.6922, 9.02333, 106.914, 18.7852, 97.0471, -157.023, 0.0091663, -133.108, 0.186049, 119.569, 0.179279, -62.1776
1122, 18.70000, 14.7087, 8.9984, 107.016, 18.7862, 97.1296, -157.016, 0.00918359, -133.081, 0.18606, 119.576, 0.17928, -62.1732
1123, 18.70833, 14.7253, 8.97344, 107.118, 18.7872, 97.2121, -157.01, 0.00920093, -133.054, 0.186071, 119.583, 0.179282, -62.1689
1123, 18.71667, 14.742, 8.94845, 107.22, 18.7882, 97.2947, -157.004, 0.0092183, -133.026, 0.186081, 119.589, 0.179284, -62.1646
1124, 18.72500, 14.7586, 8.92342, 107.323, 18.7891, 97.3772, -156.997, 0.00923572, -133, 0.186092, 119.596, 0.179285, -62.1603
1124, 18.73333, 14.7753, 8.89837, 107.425, 18.7901, 97.4599, -156.991, 0.00925318, -132.973, 0.186103, 119.602, 0.179286, -62.1561
1125, 18.74167, 14.792, 8.87329, 107.527, 18.791, 97.5425, -156.985, 0.00927069, -132.946, 0.186113, 119.609, 0.179288, -62.1518
1125, 18.75000, 14.8087, 8.84817, 107.63, 18.7919, 97.6252, -156.979, 0.00928823, -132.92, 0.186124, 119.615, 0.179289, -62.1475
1126, 18.75833, 14.8255, 8.82302, 107.732, 18.7928, 97.7079, -156.972, 0.00930582, -132.894, 0.186134, 119.622, 0.17929, -62.1432
1126, 18.76667, 14.8422, 8.79784, 107.835, 18.7937, 97.7906, -156.966, 0.00932345, -132.868, 0.186144, 119.628, 0.179291, -62.1389
1127, 18.77500, 14.859, 8.77263, 107.937, 18.7946, 97.8734, -156.96, 0.00934112, -132.842, 0.186154, 119.635, 0.179291, -62.1347
1127, 18.78333, 14.8759, 8.74739, 108.04, 18.7954, 97.9562, -156.954, 0.00935884, -132.817, 0.186164, 119.641, 0.179292, -62.1304
1128, 18.79167, 14.8927, 8.72212, 108.143, 18.7963, 98.0391, -156.947, 0.0093766, -132.791, 0.186174, 119.648, 0.179293, -62.1262
1128, 18.80000, 14.9096, 8.69681, 108.246, 18.7971, 98.122, -156.941, 0.0093944, -132.766, 0.186184, 119.654, 0.179293, -62.1219
1129, 18.80833, 14.9265, 8.67148, 108.349, 18.7979, 98.2049, -156.935, 0.00941224, -132.741, 0.186194, 119.661, 0.179294, -62.1177
1129, 18.81667, 14.9434, 8.64611, 108.452, 18.7987, 98.2878, -156.929, 0.00943013, -132.716, 0.186203, 119.667, 0.179294, -62.1135
1130, 18.82500, 14.9603, 8.62071, 108.555, 18.7995, 98.3708, -156.922, 0.00944806, -132.692, 0.186213, 119.674, 0.179294, -62.1092
1130, 18.83333, 14.9773, 8.59528, 108.658, 18.8002, 98.4538, -156.916, 0.00946603, -132.667, 0.186222, 119.68, 0.179294, -62.105
1131, 18.84167, 14.9943, 8.56981, 108.761, 18.801, 98.5369, -156.91, 0.00948405, -132.643, 0.186232, 119.687, 0.179294, -62.1008
1131, 18.85000, 15.0113, 8.54432, 108.864, 18.8017, 98.62, -156.904, 0.00950211, -132.619, 0.186241, 119.693, 0.179294, -62.0966
1132, 18.85833, 15.0283, 8.51879, 108.968, 18.8025, 98.7031, -156.898, 0.00952021, -132.595, 0.18625, 119.7, 0.179294, -62.0924
1132, 18.86667, 15.0454, 8.49323, 109.071, 18.8032, 98.7863, -156.891, 0.00953836, -132.572, 0.186259, 119.706, 0.179293, -62.0882
1133, 18.87500, 15.0625, 8.46764, 109.174, 18.8039, 98.8694, -156.885, 0.00955654, -132.548, 0.186268, 119.713, 0.179293, -62.084
1133, 18.88333, 15.0796, 8.44201, 109.278, 18.8046, 98.9527, -156.879, 0.00957478, -132.525, 0.186277, 119.719, 0.179292, -62.0798
1134, 18.89167, 15.0967, 8.41635, 109.382, 18.8052, 99.0359, -156.873, 0.00959305, -132.502, 0.186285, 119.726, 0.179292, -62.0756
1134, 18.90000, 15.1139, 8.39066, 109.485, 18.8059, 99.1192, -156.867, 0.00961137, -132.479, 0.186294, 119.732, 0.179291, -62.0714
1135, 18.90833, 15.1311, 8.36494, 109.589, 18.8065, 99.2025, -156.861, 0.00962973, -132.457, 0.186302, 119.739, 0.17929, -62.0672
1135, 18.91667, 15.1483, 8.33919, 109.693, 18.8072, 99.2859, -156.854, 0.00964814, -132.434, 0.186311, 119.745, 0.179289, -62.063
1136, 18.92500, 15.1655, 8.3134, 109.797, 18.8078, 99.3693, -156.848, 0.00966659, -132.412, 0.186319, 119.752, 0.179288, -62.0589
1136, 18.93333, 15.1828, 8.28758, 109.901, 18.8084, 99.4527, -156.842, 0.00968508, -132.39, 0.186327, 119.758, 0.179287, -62.0547
1137, 18.94167, 15.2001, 8.26173, 110.005, 18.809, 99.5362, -156.836, 0.00970362, -132.368, 0.186335, 119.765, 0.179286, -62.0505
1137, 18.95000, 15.2174, 8.23584, 110.109, 18.8095, 99.6197, -156.83, 0.0097222, -132.346, 0.186343, 119.771, 0.179285, -62.0464
1138, 18.95833, 15.2347, 8.20992, 110.213, 18.8101, 99.7032, -156.824, 0.00974083, -132.325, 0.186351, 119.778, 0.179283, -62.0422
1138, 18.96667, 15.2521, 8.18397, 110.317, 18.8107, 99.7868, -156.818, 0.0097595, -132.303, 0.186359, 119.784, 0.179282, -62.0381
1139, 18.97500, 15.2695, 8.15799, 110.421, 18.8112, 99.8704, -156.812, 0.00977821, -132.282, 0.186367, 119.791, 0.17928, -62.034
1139, 18.98333, 15.2869, 8.13197, 110.525, 18.8117, 99.9541, -156.805, 0.00979697, -132.261, 0.186374, 119.797, 0.179278, -62.0298
1140, 18.99167, 15.3043, 8.10592, 110.63, 18.8122, 100.038, -156.799, 0.00981577, -132.24, 0.186382, 119.804, 0.179276, -62.0257
1140, 19.00000, 15.3218, 8.07983, 110.734, 18.8127, 100.121, -156.793, 0.00983462, -132.22, 0.186389, 119.81, 0.179274, -62.0216
1141, 19.00833, 15.3393, 8.05372, 110.839, 18.8132, 100.205, -156.787, 0.00985351, -132.199, 0.186397, 119.817, 0.179272, -62.0175
1141, 19.01667, 15.3568, 8.02757, 110.943, 18.8136, 100.289, -156.781, 0.00987244, -132.179, 0.186404, 119.823, 0.17927, -62.0133
1142, 19.02500, 15.3743, 8.00138, 111.048, 18.8141, 100.373, -156.775, 0.00989142, -132.159, 0.186411, 119.829, 0.179268, -62.0092
1142, 19.03333, 15.3919, 7.97517, 111.153, 18.8145, 100.457, -156.769, 0.00991044, -132.139, 0.186418, 119.836, 0.179266, -62.0051
1143, 19.04167, 15.4095, 7.94891, 111.258, 18.8149, 100.541, -156.763, 0.00992952, -132.119, 0.186425, 119.842, 0.179263, -62.001
1143, 19.05000, 15.4271, 7.92263, 111.363, 18.8153, 100.625, -156.757, 0.00994863, -132.1, 0.186432, 119.849, 0.179261, -61.9969
1144, 19.05833, 15.4448, 7.89631, 111.468, 18.8157, 100.708, -156.751, 0.00996779, -132.08, 0.186438, 119.855, 0.179258, -61.9929
1144, 19.06667, 15.4624, 7.86996, 111.573, 18.8161, 100.792, -156.745, 0.00998699, -132.061, 0.186445, 119.862, 0.179255, -61.9888
1145, 19.07500, 15.4801, 7.84357, 111.678, 18.8165, 100.877, -156.739, 0.0100062, -132.042, 0.186451, 119.868, 0.179252, -61.9847
1145, 19.08333, 15.4978, 7.81715, 111.783, 18.8168, 100.961, -156.732, 0.0100255, -132.024, 0.186458, 119.875, 0.179249, -61.9806
1146, 19.09167, 15.5156, 7.7907, 111.888, 18.8172, 101.045, -156.726, 0.0100449, -132.005, 0.186464, 119.881, 0.179246, -61.9765
1146, 19.10000, 15.5334, 7.76421, 111.993, 18.8175, 101.129, -156.72, 0.0100643, -131.987, 0.18647, 119.887, 0.179243, -61.9725
1147, 19.10833, 15.5512, 7.73769, 112.099, 18.8178, 101.213, -156.714, 0.0100837, -131.968, 0.186476, 119.894, 0.17924, -61.9684
1147, 19.11667, 15.569, 7.71113, 112.204, 18.8181, 101.297, -156.708, 0.0101032, -131.95, 0.186483, 119.9, 0.179237, -61.9643
1148, 19.12500, 15.5868, 7.68454, 112.31, 18.8184, 101.382, -156.702, 0.0101227, -131.932, 0.186488, 119.907, 0.179233, -61.9603
1148, 19.13333, 15.6047, 7.65792, 112.415, 18.8187, 101.466, -156.696, 0.0101422, -131.915, 0.186494, 119.913, 0.17923, -61.9562
1149, 19.14167, 15.6226, 7.63126, 112.521, 18.8189, 101.55, -156.69, 0.0101619, -131.897, 0.1865, 119.92, 0.179226, -61.9522
1149, 19.15000, 15.6405, 7.60456, 112.627, 18.8192, 101.635, -156.684, 0.0101815, -131.88, 0.186506, 119.926, 0.179222, -61.9482
1150, 19.15833, 15.6585, 7.57784, 112.732, 18.8194, 101.719, -156.678, 0.0102012, -131.863, 0.186511, 119.933, 0.179218, -61.9441
1150, 19.16667, 15.6765, 7.55107, 112.838, 18.8196, 101.803, -156.672, 0.010221, -131.846, 0.186517, 119.939, 0.179214, -61.9401
1151, 19.17500, 15.6945, 7.52427, 112.944, 18.8198, 101.888, -156.666, 0.0102408, -131.829, 0.186522, 119.945, 0.17921, -61.9361
1151, 19.18333, 15.7125, 7.49744, 113.05, 18.82, 101.972, -156.66, 0.0102606, -131.812, 0.186527, 119.952, 0.179206, -61.932
1152, 19.19167, 15.7306, 7.47057, 113.156, 18.8202, 102.057, -156.654, 0.0102805, -131.796, 0.186532, 119.958, 0.179202, -61.928
1152, 19.20000, 15.7487, 7.44367, 113.262, 18.8203, 102.142, -156.648, 0.0103004, -131.779, 0.186537, 119.965, 0.179198, -61.924
1153, 19.20833, 15.7668, 7.41674, 113.369, 18.8205, 102.226, -156.642, 0.0103204, -131.763, 0.186542, 119.971, 0.179193, -61.92
1153, 19.21667, 15.7849, 7.38976, 113.475, 18.8206, 102.311, -156.636, 0.0103404, -131.747, 0.186547, 119.978, 0.179189, -61.916
1154, 19.22500, 15.8031, 7.36275, 113.581, 18.8207, 102.396, -156.63, 0.0103605, -131.732, 0.186552, 119.984, 0.179184, -61.912
1154, 19.23333, 15.8213, 7.33571, 113.688, 18.8208, 102.48, -156.624, 0.0103806, -131.716, 0.186556, 119.99, 0.179179, -61.908
1155, 19.24167, 15.8395, 7.30863, 113.794, 18.8209, 102.565, -156.618, 0.0104008, -131.701, 0.186561, 119.997, 0.179174, -61.904
1155, 19.25000, 15.8578, 7.28152, 113.901, 18.821, 102.65, -156.612, 0.010421, -131.685, 0.186565, 120.003, 0.179169, -61.9
1156, 19.25833, 15.876, 7.25437, 114.007, 18.8211, 102.735, -156.606, 0.0104412, -131.67, 0.18657, 120.01, 0.179164, -61.896
1156, 19.26667, 15.8943, 7.22719, 114.114, 18.8211, 102.82, -156.6, 0.0104615, -131.655, 0.186574, 120.016, 0.179159, -61.892
1157, 19.27500, 15.9127, 7.19997, 114.221, 18.8211, 102.905, -156.594, 0.0104819, -131.641, 0.186578, 120.022, 0.179154, -61.8881
1157, 19.28333, 15.931, 7.17271, 114.328, 18.8212, 102.989, -156.588, 0.0105023, -131.626, 0.186582, 120.029, 0.179149, -61.8841
1158, 19.29167, 15.9494, 7.14542, 114.435, 18.8212, 103.075, -156.582, 0.0105227, -131.612, 0.186586, 120.035, 0.179143, -61.8801
1158, 19.30000, 15.9678, 7.11809, 114.542, 18.8212, 103.16, -156.577, 0.0105432, -131.598, 0.18659, 120.042, 0.179137, -61.8762
1159, 19.30833, 15.9862, 7.09073, 114.649, 18.8212, 103.245, -156.571, 0.0105638, -131.584, 0.186594, 120.048, 0.179132, -61.8722
1159, 19.31667, 16.0047, 7.06333, 114.756, 18.8211, 103.33, -156.565, 0.0105843, -131.57, 0.186597, 120.054, 0.179126, -61.8683
1160, 19.32500, 16.0232, 7.0359, 114.863, 18.8211, 103.415, -156.559, 0.010605, -131.556, 0.186601, 120.061, 0.17912, -61.8643
1160, 19.33333, 16.0417, 7.00843, 114.97, 18.821, 103.5, -156.553, 0.0106257, -131.542, 0.186604, 120.067, 0.179114, -61.8604
1161, 19.34167, 16.0603, 6.98092, 115.078, 18.821, 103.585, -156.547, 0.0106464, -131.529, 0.186608, 120.074, 0.179108, -61.8564
1161, 19.35000, 16.0788, 6.95338, 115.185, 18.8209, 103.671, -156.541, 0.0106672, -131.516, 0.186611, 120.08, 0.179102, -61.8525
1162, 19.35833, 16.0974, 6.9258, 115.293, 18.8208, 103.756, -156.535, 0.010688, -131.503, 0.186614, 120.086, 0.179096, -61.8485
1162, 19.36667, 16.1161, 6.89818, 115.4, 18.8207, 103.841, -156.529, 0.0107089, -131.49, 0.186617, 120.093, 0.179089, -61.8446
1163, 19.37500, 16.1347, 6.87053, 115.508, 18.8205, 103.927, -156.523, 0.0107298, -131.477, 0.18662, 120.099, 0.179083, -61.8407
1163, 19.38333, 16.1534, 6.84284, 115.616, 18.8204, 104.012, -156.517, 0.0107507, -131.465, 0.186623, 120.106, 0.179076, -61.8367
1164, 19.39167, 16.1721, 6.81512, 115.723, 18.8202, 104.098, -156.511, 0.0107718, -131.453, 0.186626, 120.112, 0.17907, -61.8328
1164, 19.40000, 16.1909, 6.78735, 115.831, 18.8201, 104.183, -156.505, 0.0107928, -131.441, 0.186629, 120.119, 0.179063, -61.8289
1165, 19.40833, 16.2096, 6.75956, 115.939, 18.8199, 104.269, -156.5, 0.0108139, -131.429, 0.186631, 120.125, 0.179056, -61.825
1165, 19.41667, 16.2284, 6.73172, 116.047, 18.8197, 104.354, -156.494, 0.0108351, -131.417, 0.186634, 120.131, 0.179049, -61.8211
1166, 19.42500, 16.2472, 6.70385, 116.155, 18.8195, 104.44, -156.488, 0.0108563, -131.405, 0.186636, 120.138, 0.179042, -61.8172
1166, 19.43333, 16.2661, 6.67594, 116.264, 18.8193, 104.526, -156.482, 0.0108776, -131.394, 0.186638, 120.144, 0.179035, -61.8133
1167, 19.44167, 16.285, 6.64799, 116.372, 18.819, 104.611, -156.476, 0.0108989, -131.382, 0.186641, 120.151, 0.179028, -61.8094
1167, 19.45000, 16.3039, 6.62001, 116.48, 18.8188, 104.697, -156.47, 0.0109202, -131.371, 0.186643, 120.157, 0.17902, -61.8055
1168, 19.45833, 16.3228, 6.59199, 116.589, 18.8185, 104.783, -156.464, 0.0109416, -131.36, 0.186645, 120.163, 0.179013, -61.8016
1168, 19.46667, 16.3418, 6.56393, 116.697, 18.8183, 104.869, -156.458, 0.0109631, -131.349, 0.186647, 120.17, 0.179006, -61.7977
1169, 19.47500, 16.3608, 6.53583, 116.806, 18.818, 104.955, -156.453, 0.0109846, -131.339, 0.186648, 120.176, 0.178998, -61.7938
1169, 19.48333, 16.3798, 6.5077, 116.914, 18.8177, 105.04, -156.447, 0.0110061, -131.328, 0.18665, 120.183, 0.17899, -61.7899
1170, 19.49167, 16.3988, 6.47953, 117.023, 18.8174, 105.126, -156.441, 0.0110277, -131.318, 0.186652, 120.189, 0.178982, -61.7861
1170, 19.50000, 16.4179, 6.45132, 117.132, 18.817, 105.212, -156.435, 0.0110494, -131.308, 0.186653, 120.195, 0.178974, -61.7822
1171, 19.50833, 16.437, 6.42308, 117.241, 18.8167, 105.298, -156.429, 0.0110711, -131.298, 0.186655, 120.202, 0.178966, -61.7783
1171, 19.51667, 16.4561, 6.39479, 117.35, 18.8163, 105.384, -156.423, 0.0110928, -131.288, 0.186656, 120.208, 0.178958, -61.7745
1172, 19.52500, 16.4753, 6.36647, 117.459, 18.816, 105.471, -156.417, 0.0111146, -131.278, 0.186657, 120.214, 0.17895, -61.7706
1172, 19.53333, 16.4945, 6.33811, 117.568, 18.8156, 105.557, -156.412, 0.0111365, -131.269, 0.186658, 120.221, 0.178942, -61.7667
1173, 19.54167, 16.5137, 6.30971, 117.677, 18.8152, 105.643, -156.406, 0.0111584, -131.259, 0.186659, 120.227, 0.178933, -61.7629
1173, 19.55000, 16.5329, 6.28128, 117.786, 18.8148, 105.729, -156.4, 0.0111803, -131.25, 0.18666, 120.234, 0.178925, -61.759
1174, 19.55833, 16.5522, 6.25281, 117.895, 18.8144, 105.815, -156.394, 0.0112023, -131.241, 0.186661, 120.24, 0.178916, -61.7552
1174, 19.56667, 16.5715, 6.22429, 118.005, 18.8139, 105.902, -156.388, 0.0112244, -131.232, 0.186662, 120.246, 0.178907, -61.7513
1175, 19.57500, 16.5909, 6.19574, 118.114, 18.8135, 105.988, -156.382, 0.0112465, -131.224, 0.186662, 120.253, 0.178898, -61.7475
1175, 19.58333, 16.6102, 6.16716, 118.224, 18.813, 106.075, -156.377, 0.0112686, -131.215, 0.186663, 120.259, 0.178889, -61.7437
1176, 19.59167, 16.6296, 6.13853, 118.333, 18.8126, 106.161, -156.371, 0.0112908, -131.207, 0.186663, 120.266, 0.17888, -61.7398
1176, 19.60000, 16.649, 6.10986, 118.443, 18.8121, 106.247, -156.365, 0.011313, -131.199, 0.186664, 120.272, 0.178871, -61.736
1177, 19.60833, 16.6685, 6.08116, 118.553, 18.8116, 106.334, -156.359, 0.0113353, -131.19, 0.186664, 120.278, 0.178862, -61.7322
1177, 19.61667, 16.688, 6.05242, 118.663, 18.8111, 106.421, -156.353, 0.0113577, -131.183, 0.186664, 120.285, 0.178853, -61.7283
1178, 19.62500, 16.7075, 6.02363, 118.773, 18.8105, 106.507, -156.347, 0.0113801, -131.175, 0.186664, 120.291, 0.178843, -61.7245
1178, 19.63333, 16.727, 5.99482, 118.883, 18.81, 106.594, -156.342, 0.0114025, -131.167, 0.186664, 120.298, 0.178834, -61.7207
1179, 19.64167, 16.7466, 5.96595, 118.993, 18.8094, 106.68, -156.336, 0.011425, -131.16, 0.186664, 120.304, 0.178824, -61.7169
1179, 19.65000, 16.7662, 5.93706, 119.103, 18.8089, 106.767, -156.33, 0.0114476, -131.153, 0.186664, 120.31, 0.178815, -61.7131
1180, 19.65833, 16.7858, 5.90812, 119.213, 18.8083, 106.854, -156.324, 0.0114702, -131.146, 0.186664, 120.317, 0.178805, -61.7093
1180, 19.66667, 16.8054, 5.87914, 119.323, 18.8077, 106.941, -156.318, 0.0114929, -131.139, 0.186663, 120.323, 0.178795, -61.7055
1181, 19.67500, 16.8251, 5.85013, 119.434, 18.8071, 107.028, -156.313, 0.0115156, -131.132, 0.186663, 120.33, 0.178785, -61.7017
1181, 19.68333, 16.8448, 5.82107, 119.544, 18.8065, 107.115, -156.307, 0.0115383, -131.125, 0.186662, 120.336, 0.178775, -61.6979
1182, 19.69167, 16.8646, 5.79198, 119.655, 18.8058, 107.202, -156.301, 0.0115611, -131.119, 0.186661, 120.342, 0.178764, -61.6941
1182, 19.70000, 16.8843, 5.76284, 119.765, 18.8052, 107.288, -156.295, 0.011584, -131.113, 0.18666, 120.349, 0.178754, -61.6903
1183, 19.70833, 16.9041, 5.73367, 119.876, 18.8045, 107.376, -156.289, 0.0116069, -131.106, 0.18666, 120.355, 0.178744, -61.6865
1183, 19.71667, 16.924, 5.70446, 119.987, 18.8039, 107.463, -156.284, 0.0116299, -131.1, 0.186659, 120.362, 0.178733, -61.6827
1184, 19.72500, 16.9438, 5.6752, 120.098, 18.8032, 107.55, -156.278, 0.0116529, -131.095, 0.186657, 120.368, 0.178723, -61.6789
1184, 19.73333, 16.9637, 5.64591, 120.209, 18.8025, 107.637, -156.272, 0.0116759, -131.089, 0.186656, 120.374, 0.178712, -61.6751
1185, 19.74167, 16.9836, 5.61658, 120.32, 18.8018, 107.724, -156.266, 0.0116991, -131.083, 0.186655, 120.381, 0.178701, -61.6714
1185, 19.75000, 17.0036, 5.5872, 120.431, 18.801, 107.811, -156.261, 0.0117222, -131.078, 0.186654, 120.387, 0.17869, -61.6676
1186, 19.75833, 17.0236, 5.55779, 120.542, 18.8003, 107.899, -156.255, 0.0117455, -131.073, 0.186652, 120.394, 0.178679, -61.6638
1186, 19.76667, 17.0436, 5.52834, 120.653, 18.7996, 107.986, -156.249, 0.0117687, -131.068, 0.18665, 120.4, 0.178668, -61.66
1187, 19.77500, 17.0636, 5.49885, 120.764, 18.7988, 108.073, -156.243, 0.0117921, -131.063, 0.186649, 120.407, 0.178657, -61.6563
1187, 19.78333, 17.0837, 5.46931, 120.876, 18.798, 108.161, -156.237, 0.0118155, -131.058, 0.186647, 120.413, 0.178646, -61.6525
1188, 19.79167, 17.1038, 5.43974, 120.987, 18.7972, 108.248, -156.232, 0.0118389, -131.054, 0.186645, 120.419, 0.178634, -61.6487
1188, 19.80000, 17.1239, 5.41012, 121.099, 18.7964, 108.336, -156.226, 0.0118624, -131.049, 0.186643, 120.426, 0.178623, -61.645
1188, 19.80833, 17.1441, 5.38047, 121.211, 18.7956, 108.423, -156.22, 0.0118859, -131.045, 0.186641, 120.432, 0.178611, -61.6412
1189, 19.81667, 17.1643, 5.35077, 121.322, 18.7948, 108.511, -156.214, 0.0119095, -131.041, 0.186639, 120.439, 0.178599, -61.6375
1190, 19.82500, 17.1845, 5.32104, 121.434, 18.7939, 108.598, -156.209, 0.0119332, -131.037, 0.186637, 120.445, 0.178588, -61.6337
1190, 19.83333, 17.2048, 5.29126, 121.546, 18.7931, 108.686, -156.203, 0.0119569, -131.033, 0.186634, 120.451, 0.178576, -61.63
1190, 19.84167, 17.225, 5.26144, 121.658, 18.7922, 108.774, -156.197, 0.0119806, -131.029, 0.186632, 120.458, 0.178564, -61.6262
1191, 19.85000, 17.2453, 5.23158, 121.77, 18.7913, 108.862, -156.191, 0.0120044, -131.026, 0.186629, 120.464, 0.178552, -61.6225
1192, 19.85833, 17.2657, 5.20168, 121.882, 18.7904, 108.949, -156.186, 0.0120283, -131.023, 0.186627, 120.471, 0.178539, -61.6188
1192, 19.86667, 17.2861, 5.17174, 121.994, 18.7895, 109.037, -156.18, 0.0120522, -131.019, 0.186624, 120.477, 0.178527, -61.615
1192, 19.87500, 17.3065, 5.14176, 122.107, 18.7886, 109.125, -156.174, 0.0120762, -131.016, 0.186621, 120.483, 0.178515, -61.6113
1193, 19.88333, 17.3269, 5.11173, 122.219, 18.7876, 109.213, -156.168, 0.0121002, -131.013, 0.186618, 120.49, 0.178502, -61.6076
1194, 19.89167, 17.3474, 5.08167, 122.331, 18.7867, 109.301, -156.163, 0.0121243, -131.011, 0.186615, 120.496, 0.17849, -61.6038
1194, 19.90000, 17.3679, 5.05156, 122.444, 18.7857, 109.389, -156.157, 0.0121484, -131.008, 0.186612, 120.503, 0.178477, -61.6001
1194, 19.90833, 17.3884, 5.02141, 122.557, 18.7847, 109.477, -156.151, 0.0121726, -131.006, 0.186609, 120.509, 0.178464, -61.5964
1195, 19.91667, 17.409, 4.99122, 122.669, 18.7837, 109.565, -156.146, 0.0121968, -131.003, 0.186605, 120.516, 0.178451, -61.5927
1196, 19.92500, 17.4296, 4.96099, 122.782, 18.7827, 109.653, -156.14, 0.0122211, -131.001, 0.186602, 120.522, 0.178438, -61.589
1196, 19.93333, 17.4502, 4.93072, 122.895, 18.7817, 109.742, -156.134, 0.0122455, -130.999, 0.186599, 120.528, 0.178425, -61.5853
1196, 19.94167, 17.4708, 4.9004, 123.008, 18.7807, 109.83, -156.128, 0.0122699, -130.998, 0.186595, 120.535, 0.178412, -61.5815
1197, 19.95000, 17.4915, 4.87004, 123.121, 18.7797, 109.918, -156.123, 0.0122944, -130.996, 0.186591, 120.541, 0.178399, -61.5778
1198, 19.95833, 17.5122, 4.83964, 123.234, 18.7786, 110.007, -156.117, 0.0123189, -130.994, 0.186587, 120.548, 0.178386, -61.5741
1198, 19.96667, 17.533, 4.8092, 123.347, 18.7775, 110.095, -156.111, 0.0123434, -130.993, 0.186584, 120.554, 0.178372, -61.5704
1198, 19.97500, 17.5538, 4.77871, 123.46, 18.7764, 110.183, -156.105, 0.0123681, -130.992, 0.18658, 120.561, 0.178359, -61.5667
1199, 19.98333, 17.5746, 4.74819, 123.574, 18.7754, 110.272, -156.1, 0.0123927, -130.991, 0.186576, 120.567, 0.178345, -61.563
1200, 19.99167, 17.5954, 4.71762, 123.687, 18.7742, 110.36, -156.094, 0.0124175, -130.99, 0.186571, 120.574, 0.178331, -61.5593
1200, 20.00000, 17.6163, 4.68701, 123.801, 18.7731, 110.449, -156.088, 0.0124423, -130.989, 0.186567, 120.58, 0.178317, -61.5556
1200, 20.00833, 17.6372, 4.65635, 123.914, 18.772, 110.538, -156.083, 0.0124671, -130.988, 0.186563, 120.586, 0.178303, -61.5519
1201, 20.01667, 17.6581, 4.62565, 124.028, 18.7708, 110.626, -156.077, 0.012492, -130.988, 0.186558, 120.593, 0.178289, -61.5483
1202, 20.02500, 17.6791, 4.59491, 124.142, 18.7697, 110.715, -156.071, 0.012517, -130.987, 0.186554, 120.599, 0.178275, -61.5446
1202, 20.03333, 17.7001, 4.56413, 124.256, 18.7685, 110.804, -156.066, 0.012542, -130.987, 0.186549, 120.606, 0.178261, -61.5409
1202, 20.04167, 17.7211, 4.5333, 124.37, 18.7673, 110.892, -156.06, 0.0125671, -130.987, 0.186544, 120.612, 0.178247, -61.5372
1203, 20.05000, 17.7422, 4.50244, 124.484, 18.7661, 110.981, -156.054, 0.0125922, -130.987, 0.186539, 120.619, 0.178232, -61.5335
1204, 20.05833, 17.7633, 4.47153, 124.598, 18.7649, 111.07, -156.048, 0.0126174, -130.988, 0.186534, 120.625, 0.178218, -61.5299
1204, 20.06667, 17.7844, 4.44057, 124.712, 18.7637, 111.159, -156.043, 0.0126426, -130.988, 0.186529, 120.632, 0.178203, -61.5262
1204, 20.07500, 17.8056, 4.40957, 124.826, 18.7624, 111.248, -156.037, 0.0126679, -130.989, 0.186524, 120.638, 0.178188, -61.5225
1205, 20.08333, 17.8268, 4.37853, 124.94, 18.7612, 111.337, -156.031, 0.0126933, -130.989, 0.186519, 120.644, 0.178173, -61.5188
1206, 20.09167, 17.848, 4.34744, 125.055, 18.7599, 111.426, -156.026, 0.0127187, -130.99, 0.186514, 120.651, 0.178159, -61.5152
1206, 20.10000, 17.8693, 4.31631, 125.169, 18.7586, 111.515, -156.02, 0.0127442, -130.991, 0.186508, 120.657, 0.178143, -61.5115
1206, 20.10833, 17.8906, 4.28514, 125.284, 18.7573, 111.605, -156.014, 0.0127697, -130.992, 0.186503, 120.664, 0.178128, -61.5078
1207, 20.11667, 17.9119, 4.25392, 125.399, 18.756, 111.694, -156.009, 0.0127953, -130.994, 0.186497, 120.67, 0.178113, -61.5042
1208, 20.12500, 17.9332, 4.22266, 125.513, 18.7547, 111.783, -156.003, 0.0128209, -130.995, 0.186491, 120.677, 0.178098, -61.5005
1208, 20.13333, 17.9546, 4.19136, 125.628, 18.7534, 111.872, -155.997, 0.0128466, -130.997, 0.186486, 120.683, 0.178082, -61.4969
1208, 20.14167, 17.976, 4.16001, 125.743, 18.752, 111.962, -155.992, 0.0128724, -130.998, 0.18648, 120.69, 0.178067, -61.4932
1209, 20.15000, 17.9975, 4.12861, 125.858, 18.7507, 112.051, -155.986, 0.0128982, -131, 0.186474, 120.696, 0.178051, -61.4896
1210, 20.15833, 18.019, 4.09718, 125.973, 18.7493, 112.141, -155.98, 0.0129241, -131.002, 0.186468, 120.703, 0.178036, -61.4859
1210, 20.16667, 18.0405, 4.06569, 126.089, 18.7479, 112.23, -155.974, 0.01295, -131.004, 0.186461, 120.709, 0.17802, -61.4823
1210, 20.17500, 18.0621, 4.03417, 126.204, 18.7465, 112.32, -155.969, 0.012976, -131.007, 0.186455, 120.716, 0.178004, -61.4786
1211, 20.18333, 18.0836, 4.0026, 126.319, 18.7451, 112.409, -155.963, 0.0130021, -131.009, 0.186449, 120.722, 0.177988, -61.475
1212, 20.19167, 18.1053, 3.97098, 126.435, 18.7437, 112.499, -155.957, 0.0130282, -131.012, 0.186442, 120.729, 0.177972, -61.4713
1212, 20.20000, 18.1269, 3.93932, 126.55, 18.7422, 112.589, -155.952, 0.0130543, -131.014, 0.186436, 120.735, 0.177955, -61.4677
1212, 20.20833, 18.1486, 3.90762, 126.666, 18.7408, 112.678, -155.946, 0.0130805, -131.017, 0.186429, 120.742, 0.177939, -61.464
1213, 20.21667, 18.1703, 3.87586, 126.781, 18.7393, 112.768, -155.94, 0.0131068, -131.02, 0.186422, 120.748, 0.177923, -61.4604
1214, 20.22500, 18.1921, 3.84407, 126.897, 18.7378, 112.858, -155.935, 0.0131332, -131.023, 0.186415, 120.755, 0.177906, -61.4568
1214, 20.23333, 18.2138, 3.81223, 127.013, 18.7364, 112.948, -155.929, 0.0131596, -131.027, 0.186408, 120.761, 0.17789, -61.4531
1214, 20.24167, 18.2357, 3.78034, 127.129, 18.7349, 113.038, -155.923, 0.013186, -131.03, 0.186401, 120.768, 0.177873, -61.4495
1215, 20.25000, 18.2575, 3.74842, 127.245, 18.7333, 113.128, -155.918, 0.0132126, -131.034, 0.186394, 120.774, 0.177856, -61.4459
1216, 20.25833, 18.2794, 3.71644, 127.361, 18.7318, 113.218, -155.912, 0.0132391, -131.037, 0.186387, 120.781, 0.177839, -61.4423
1216, 20.26667, 18.3013, 3.68442, 127.478, 18.7303, 113.308, -155.906, 0.0132658, -131.041, 0.18638, 120.787, 0.177822, -61.4386
1216, 20.27500, 18.3233, 3.65235, 127.594, 18.7287, 113.398, -155.901, 0.0132925, -131.045, 0.186372, 120.794, 0.177805, -61.435
1217, 20.28333, 18.3452, 3.62024, 127.71, 18.7271, 113.488, -155.895, 0.0133192, -131.049, 0.186365, 120.8, 0.177788, -61.4314
1218, 20.29167, 18.3673, 3.58808, 127.827, 18.7256, 113.579, -155.889, 0.0133461, -131.054, 0.186357, 120.807, 0.177771, -61.4278
1218, 20.30000, 18.3893, 3.55588, 127.943, 18.724, 113.669, -155.884, 0.0133729, -131.058, 0.186349, 120.813, 0.177753, -61.4242
1218, 20.30833, 18.4114, 3.52363, 128.06, 18.7223, 113.759, -155.878, 0.0133999, -131.063, 0.186341, 120.82, 0.177736, -61.4205
1219, 20.31667, 18.4335, 3.49133, 128.177, 18.7207, 113.85, -155.872, 0.0134269, -131.067, 0.186333, 120.826, 0.177718, -61.4169
1220, 20.32500, 18.4557, 3.45899, 128.293, 18.7191, 113.94, -155.867, 0.0134539, -131.072, 0.186325, 120.833, 0.177701, -61.4133
1220, 20.33333, 18.4779, 3.4266, 128.41, 18.7174, 114.03, -155.861, 0.0134811, -131.077, 0.186317, 120.839, 0.177683, -61.4097
1220, 20.34167, 18.5001, 3.39416, 128.527, 18.7158, 114.121, -155.855, 0.0135083, -131.082, 0.186309, 120.846, 0.177665, -61.4061
1221, 20.35000, 18.5223, 3.36168, 128.644, 18.7141, 114.212, -155.85, 0.0135355, -131.088, 0.186301, 120.852, 0.177647, -61.4025
1222, 20.35833, 18.5446, 3.32916, 128.762, 18.7124, 114.302, -155.844, 0.0135628, -131.093, 0.186292, 120.859, 0.177629, -61.3989
1222, 20.36667, 18.5669, 3.29658, 128.879, 18.7107, 114.393, -155.838, 0.0135902, -131.099, 0.186284, 120.865, 0.177611, -61.3953
1223, 20.37500, 18.5893, 3.26396, 128.996, 18.709, 114.484, -155.833, 0.0136176, -131.104, 0.186275, 120.872, 0.177592, -61.3917
1223, 20.38333, 18.6117, 3.23129, 129.114, 18.7073, 114.574, -155.827, 0.0136451, -131.11, 0.186267, 120.878, 0.177574, -61.3881
1224, 20.39167, 18.6341, 3.19858, 129.231, 18.7055, 114.665, -155.822, 0.0136726, -131.116, 0.186258, 120.885, 0.177556, -61.3845
1224, 20.40000, 18.6566, 3.16582, 129.349, 18.7038, 114.756, -155.816, 0.0137003, -131.122, 0.186249, 120.892, 0.177537, -61.3809
1225, 20.40833, 18.6791, 3.13301, 129.467, 18.702, 114.847, -155.81, 0.0137279, -131.129, 0.18624, 120.898, 0.177518, -61.3773
1225, 20.41667, 18.7016, 3.10015, 129.584, 18.7002, 114.938, -155.805, 0.0137557, -131.135, 0.186231, 120.905, 0.1775, -61.3737
1226, 20.42500, 18.7242, 3.06725, 129.702, 18.6984, 115.029, -155.799, 0.0137835, -131.141, 0.186222, 120.911, 0.177481, -61.3701
1226, 20.43333, 18.7468, 3.0343, 129.82, 18.6966, 115.12, -155.793, 0.0138113, -131.148, 0.186212, 120.918, 0.177462, -61.3665
1227, 20.44167, 18.7694, 3.0013, 129.938, 18.6948, 115.211, -155.788, 0.0138393, -131.155, 0.186203, 120.924, 0.177443, -61.3629
1227, 20.45000, 18.7921, 2.96825, 130.056, 18.693, 115.302, -155.782, 0.0138672, -131.162, 0.186194, 120.931, 0.177423, -61.3593
1228, 20.45833, 18.8148, 2.93516, 130.175, 18.6911, 115.394, -155.776, 0.0138953, -131.169, 0.186184, 120.938, 0.177404, -61.3558
1228, 20.46667, 18.8375, 2.90201, 130.293, 18.6893, 115.485, -155.771, 0.0139234, -131.176, 0.186174, 120.944, 0.177385, -61.3522
1229, 20.47500, 18.8603, 2.86883, 130.411, 18.6874, 115.576, -155.765, 0.0139516, -131.184, 0.186165, 120.951, 0.177365, -61.3486
1229, 20.48333, 18.8831, 2.83559, 130.53, 18.6855, 115.668, -155.759, 0.0139798, -131.191, 0.186155, 120.957, 0.177346, -61.345
1230, 20.49167, 18.906, 2.8023, 130.649, 18.6836, 115.759, -155.754, 0.0140081, -131.199, 0.186145, 120.964, 0.177326, -61.3414
1230, 20.50000, 18.9288, 2.76897, 130.767, 18.6817, 115.851, -155.748, 0.0140365, -131.206, 0.186135, 120.97, 0.177306, -61.3378
1231, 20.50833, 18.9518, 2.73559, 130.886, 18.6798, 115.942, -155.742, 0.0140649, -131.214, 0.186125, 120.977, 0.177287, -61.3343
1231, 20.51667, 18.9747, 2.70216, 131.005, 18.6778, 116.034, -155.737, 0.0140934, -131.222, 0.186115, 120.984, 0.177267, -61.3307
1232, 20.52500, 18.9977, 2.66868, 131.124, 18.6759, 116.125, -155.731, 0.014122, -131.231, 0.186104, 120.99, 0.177247, -61.3271
1232, 20.53333, 19.0207, 2.63515, 131.243, 18.6739, 116.217, -155.726, 0.0141506, -131.239, 0.186094, 120.997, 0.177226, -61.3235
1233, 20.54167, 19.0438, 2.60157, 131.362, 18.6719, 116.309, -155.72, 0.0141793, -131.247, 0.186083, 121.003, 0.177206, -61.32
1233, 20.55000, 19.0669, 2.56795, 131.481, 18.6699, 116.401, -155.714, 0.0142081, -131.256, 0.186073, 121.01, 0.177186, -61.3164
1234, 20.55833, 19.09, 2.53428, 131.601, 18.6679, 116.493, -155.709, 0.0142369, -131.265, 0.186062, 121.017, 0.177165, -61.3128
1234, 20.56667, 19.1132, 2.50055, 131.72, 18.6659, 116.585, -155.703, 0.0142658, -131.274, 0.186051, 121.023, 0.177145, -61.3093
1235, 20.57500, 19.1364, 2.46678, 131.84, 18.6639, 116.677, -155.697, 0.0142947, -131.283, 0.18604, 121.03, 0.177124, -61.3057
1235, 20.58333, 19.1596, 2.43296, 131.959, 18.6618, 116.769, -155.692, 0.0143237, -131.292, 0.186029, 121.037, 0.177104, -61.3021
1236, 20.59167, 19.1829, 2.39909, 132.079, 18.6598, 116.861, -155.686, 0.0143528, -131.301, 0.186018, 121.043, 0.177083, -61.2986
1236, 20.60000, 19.2062, 2.36517, 132.199, 18.6577, 116.953, -155.68, 0.0143819, -131.31, 0.186007, 121.05, 0.177062, -61.295
1237, 20.60833, 19.2295, 2.3312, 132.318, 18.6556, 117.045, -155.675, 0.0144111, -131.32, 0.185996, 121.056, 0.177041, -61.2914
1237, 20.61667, 19.2529, 2.29718, 132.438, 18.6535, 117.137, -155.669, 0.0144404, -131.33, 0.185984, 121.063, 0.17702, -61.2879
1238, 20.62500, 19.2763, 2.26311, 132.558, 18.6514, 117.229, -155.663, 0.0144698, -131.339, 0.185973, 121.07, 0.176998, -61.2843
1238, 20.63333, 19.2998, 2.229, 132.679, 18.6493, 117.322, -155.658, 0.0144992, -131.349, 0.185961, 121.076, 0.176977, -61.2808
1239, 20.64167, 19.3232, 2.19483, 132.799, 18.6472, 117.414, -155.652, 0.0145286, -131.359, 0.18595, 121.083, 0.176956, -61.2772
1239, 20.65000, 19.3468, 2.16061, 132.919, 18.645, 117.507, -155.647, 0.0145582, -131.37, 0.185938, 121.09, 0.176934, -61.2736
1240, 20.65833, 19.3703, 2.12634, 133.04, 18.6429, 117.599, -155.641, 0.0145878, -131.38, 0.185926, 121.096, 0.176913, -61.2701
1240, 20.66667, 19.3939, 2.09202, 133.16, 18.6407, 117.692, -155.635, 0.0146175, -131.39, 0.185914, 121.103, 0.176891, -61.2665
1241, 20.67500, 19.4176, 2.05765, 133.281, 18.6385, 117.784, -155.63, 0.0146472, -131.401, 0.185902, 121.11, 0.176869, -61.263
1241, 20.68333, 19.4412, 2.02323, 133.401, 18.6363, 117.877, -155.624, 0.014677, -131.412, 0.18589, 121.116, 0.176847, -61.2594
1242, 20.69167, 19.4649, 1.98876, 133.522, 18.6341, 117.97, -155.618, 0.0147069, -131.423, 0.185878, 121.123, 0.176825, -61.2559
1242, 20.70000, 19.4887, 1.95424, 133.643, 18.6318, 118.063, -155.613, 0.0147368, -131.434, 0.185865, 121.13, 0.176803, -61.2523
1243, 20.70833, 19.5125, 1.91967, 133.764, 18.6296, 118.155, -155.607, 0.0147668, -131.445, 0.185853, 121.136, 0.176781, -61.2488
1243, 20.71667, 19.5363, 1.88505, 133.885, 18.6273, 118.248, -155.601, 0.0147969, -131.456, 0.18584, 121.143, 0.176758, -61.2452
1244, 20.72500, 19.5601, 1.85037, 134.006, 18.6251, 118.341, -155.596, 0.014827, -131.468, 0.185828, 121.15, 0.176736, -61.2417
1244, 20.73333, 19.584, 1.81565, 134.128, 18.6228, 118.434, -155.59, 0.0148573, -131.479, 0.185815, 121.156, 0.176713, -61.2381
1245, 20.74167, 19.608, 1.78087, 134.249, 18.6205, 118.527, -155.584, 0.0148875, -131.491, 0.185802, 121.163, 0.176691, -61.2346
1245, 20.75000, 19.6319, 1.74605, 134.37, 18.6182, 118.62, -155.579, 0.0149179, -131.503, 0.185789, 121.17, 0.176668, -61.231
1246, 20.75833, 19.6559, 1.71117, 134.492, 18.6158, 118.714, -155.573, 0.0149483, -131.515, 0.185776, 121.177, 0.176645, -61.2275
1246, 20.76667, 19.68, 1.67624, 134.614, 18.6135, 118.807, -155.568, 0.0149788, -131.527, 0.185763, 121.183, 0.176622, -61.224
1247, 20.77500, 19.7041, 1.64126, 134.735, 18.6112, 118.9, -155.562, 0.0150093, -131.539, 0.18575, 121.19, 0.176599, -61.2204
1247, 20.78333, 19.7282, 1.60623, 134.857, 18.6088, 118.993, -155.556, 0.01504, -131.551, 0.185737, 121.197, 0.176576, -61.2169
1248, 20.79167, 19.7523, 1.57114, 134.979, 18.6064, 119.087, -155.551, 0.0150707, -131.564, 0.185723, 121.203, 0.176553, -61.2133
1248, 20.80000, 19.7765, 1.536, 135.101, 18.604, 119.18, -155.545, 0.0151014, -131.576, 0.18571, 121.21, 0.17653, -61.2098
1249, 20.80833, 19.8007, 1.50081, 135.223, 18.6016, 119.274, -155.539, 0.0151322, -131.589, 0.185696, 121.217, 0.176506, -61.2063
1249, 20.81667, 19.825, 1.46557, 135.345, 18.5992, 119.367, -155.534, 0.0151631, -131.602, 0.185682, 121.224, 0.176483, -61.2027
1250, 20.82500, 19.8493, 1.43028, 135.468, 18.5968, 119.461, -155.528, 0.0151941, -131.615, 0.185669, 121.23, 0.176459, -61.1992
1250, 20.83333, 19.8736, 1.39493, 135.59, 18.5943, 119.555, -155.522, 0.0152251, -131.628, 0.185655, 121.237, 0.176436, -61.1956
1251, 20.84167, 19.898, 1.35953, 135.713, 18.5919, 119.648, -155.517, 0.0152563, -131.641, 0.185641, 121.244, 0.176412, -61.1921
1251, 20.85000, 19.9224, 1.32408, 135.835, 18.5894, 119.742, -155.511, 0.0152874, -131.655, 0.185627, 121.251, 0.176388, -61.1886
1252, 20.85833, 19.9469, 1.28858, 135.958, 18.5869, 119.836, -155.505, 0.0153187, -131.668, 0.185613, 121.257, 0.176364, -61.185
1252, 20.86667, 19.9714, 1.25302, 136.081, 18.5844, 119.93, -155.5, 0.01535, -131.682, 0.185598, 121.264, 0.17634, -61.1815
1253, 20.87500, 19.9959, 1.21741, 136.204, 18.5819, 120.024, -155.494, 0.0153814, -131.696, 0.185584, 121.271, 0.176316, -61.178
1253, 20.88333, 20.0205, 1.18175, 136.327, 18.5794, 120.118, -155.488, 0.0154129, -131.71, 0.185569, 121.278, 0.176291, -61.1744
1254, 20.89167, 20.0451, 1.14603, 136.45, 18.5769, 120.212, -155.483, 0.0154444, -131.724, 0.185555, 121.285, 0.176267, -61.1709
1254, 20.90000, 20.0697, 1.11027, 136.573, 18.5743, 120.306, -155.477, 0.015476, -131.738, 0.18554, 121.291, 0.176242, -61.1674
1255, 20.90833, 20.0944, 1.07445, 136.696, 18.5717, 120.4, -155.471, 0.0155077, -131.752, 0.185526, 121.298, 0.176218, -61.1638
1255, 20.91667, 20.1191, 1.03857, 136.819, 18.5692, 120.494, -155.466, 0.0155394, -131.767, 0.185511, 121.305, 0.176193, -61.1603
1256, 20.92500, 20.1439, 1.00264, 136.943, 18.5666, 120.589, -155.46, 0.0155712, -131.781, 0.185496, 121.312, 0.176168, -61.1568
1256, 20.93333, 20.1687, 0.96666, 137.066, 18.564, 120.683, -155.455, 0.0156031, -131.796, 0.185481, 121.319, 0.176143, -61.1533
1257, 20.94167, 20.1935, 0.93062, 137.19, 18.5614, 120.778, -155.449, 0.0156351, -131.811, 0.185466, 121.325, 0.176118, -61.1497
1257, 20.95000, 20.2184, 0.894531, 137.314, 18.5587, 120.872, -155.443, 0.0156671, -131.826, 0.18545, 121.332, 0.176093, -61.1462
1258, 20.95833, 20.2433, 0.858388, 137.438, 18.5561, 120.967, -155.438, 0.0156992, -131.841, 0.185435, 121.339, 0.176068, -61.1427
1258, 20.96667, 20.2683, 0.822186, 137.562, 18.5534, 121.061, -155.432, 0.0157314, -131.856, 0.18542, 121.346, 0.176043, -61.1391
1259, 20.97500, 20.2933, 0.785935, 137.686, 18.5508, 121.156, -155.426, 0.0157637, -131.871, 0.185404, 121.353, 0.176017, -61.1356
1259, 20.98333, 20.3183, 0.749629, 137.81, 18.5481, 121.251, -155.421, 0.015796, -131.887, 0.185388, 121.36, 0.175992, -61.1321
1260, 20.99167, 20.3434, 0.713264, 137.934, 18.5454, 121.345, -155.415, 0.0158284, -131.902, 0.185373, 121.366, 0.175966, -61.1286
1260, 21.00000, 20.3685, 0.67685, 138.058, 18.5427, 121.44, -155.409, 0.0158609, -131.918, 0.185357, 121.373, 0.175941, -61.125
1261, 21.00833, 20.3936, 0.64038, 138.183, 18.5399, 121.535, -155.404, 0.0158934, -131.934, 0.185341, 121.38, 0.175915, -61.1215
1261, 21.01667, 20.4188, 0.603851, 138.307, 18.5372, 121.63, -155.398, 0.015926, -131.95, 0.185325, 121.387, 0.175889, -61.118
1262, 21.02500, 20.4441, 0.567272, 138.432, 18.5345, 121.725, -155.392, 0.0159587, -131.966, 0.185309, 121.394, 0.175863, -61.1145
1262, 21.03333, 20.4693, 0.530638, 138.557, 18.5317, 121.82, -155.387, 0.0159915, -131.982, 0.185293, 121.401, 0.175837, -61.1109
1263, 21.04167, 20.4946, 0.493944, 138.681, 18.5289, 121.915, -155.381, 0.0160243, -131.999, 0.185276, 121.408, 0.175811, -61.1074
1263, 21.05000, 20.52, 0.457199, 138.806, 18.5261, 122.01, -155.375, 0.0160572, -132.015, 0.18526, 121.414, 0.175784, -61.1039
1264, 21.05833, 20.5454, 0.420399, 138.931, 18.5233, 122.106, -155.37, 0.0160902, -132.032, 0.185243, 121.421, 0.175758, -61.1004
1264, 21.06667, 20.5708, 0.383539, 139.056, 18.5205, 122.201, -155.364, 0.0161233, -132.049, 0.185227, 121.428, 0.175731, -61.0968
1265, 21.07500, 20.5963, 0.346627, 139.182, 18.5177, 122.296, -155.358, 0.0161564, -132.066, 0.18521, 121.435, 0.175705, -61.0933
1265, 21.08333, 20.6218, 0.30966, 139.307, 18.5148, 122.392, -155.353, 0.0161896, -132.083, 0.185193, 121.442, 0.175678, -61.0898
1266, 21.09167, 20.6473, 0.272633, 139.432, 18.512, 122.487, -155.347, 0.0162229, -132.1, 0.185177, 121.449, 0.175651, -61.0863
1266, 21.10000, 20.6729, 0.235554, 139.558, 18.5091, 122.583, -155.341, 0.0162563, -132.117, 0.18516, 121.456, 0.175625, -61.0827
1267, 21.10833, 20.6985, 0.198419, 139.683, 18.5062, 122.678, -155.336, 0.0162897, -132.134, 0.185142, 121.463, 0.175598, -61.0792
1267, 21.11667, 20.7242, 0.161224, 139.809, 18.5033, 122.774, -155.33, 0.0163232, -132.152, 0.185125, 121.47, 0.17557, -61.0757
1268, 21.12500, 20.7499, 0.123976, 139.935, 18.5004, 122.87, -155.324, 0.0163568, -132.17, 0.185108, 121.477, 0.175543, -61.0722
1268, 21.13333, 20.7756, 0.0866725, 140.061, 18.4975, 122.966, -155.319, 0.0163905, -132.187, 0.185091, 121.484, 0.175516, -61.0687
1269, 21.14167, 20.8014, 0.0493076, 140.187, 18.4945, 123.062, -155.313, 0.0164242, -132.205, 0.185073, 121.49, 0.175489, -61.0651
1269, 21.15000, 20.8272, 0.0118906, 140.313, 18.4916, 123.157, -155.307, 0.0164581, -132.223, 0.185056, 121.497, 0.175461, -61.0616
1270, 21.15833, 20.8531, -0.0255832, 140.439, 18.4886, 123.253, -155.302, 0.016492, -132.241, 0.185038, 121.504, 0.175433, -61.0581
1270, 21.16667, 20.879, -0.0631185, 140.565, 18.4856, 123.349, -155.296, 0.0165259, -132.26, 0.18502, 121.511, 0.175406, -61.0546
1271, 21.17500, 20.905, -0.100706, 140.692, 18.4826, 123.446, -155.29, 0.01656, -132.278, 0.185002, 121.518, 0.175378, -61.0511
1271, 21.18333, 20.931, -0.138351, 140.818, 18.4796, 123.542, -155.285, 0.0165941, -132.297, 0.184984, 121.525, 0.17535, -61.0475
1272, 21.19167, 20.957, -0.176058, 140.945, 18.4766, 123.638, -155.279, 0.0166283, -132.315, 0.184966, 121.532, 0.175322, -61.044
1272, 21.20000, 20.983, -0.213817, 141.072, 18.4735, 123.734, -155.273, 0.0166626, -132.334, 0.184948, 121.539, 0.175294, -61.0405
1273, 21.20833, 21.0092, -0.251634, 141.199, 18.4705, 123.831, -155.267, 0.016697, -132.353, 0.18493, 121.546, 0.175266, -61.037
1273, 21.21667, 21.0353, -0.289513, 141.325, 18.4674, 123.927, -155.262, 0.0167314, -132.372, 0.184912, 121.553, 0.175237, -61.0334
1274, 21.22500, 21.0615, -0.327446, 141.452, 18.4644, 124.024, -155.256, 0.0167659, -132.391, 0.184893, 121.56, 0.175209, -61.0299
1274, 21.23333, 21.0877, -0.365436, 141.58, 18.4613, 124.12, -155.25, 0.0168005, -132.411, 0.184875, 121.567, 0.175181, -61.0264
1275, 21.24167, 21.114, -0.403489, 141.707, 18.4582, 124.217, -155.245, 0.0168352, -132.43, 0.184856, 121.574, 0.175152, -61.0229
1275, 21.25000, 21.1403, -0.441595, 141.834, 18.455, 124.313, -155.239, 0.0168699, -132.45, 0.184837, 121.581, 0.175123, -61.0194
1276, 21.25833, 21.1667, -0.479759, 141.962, 18.4519, 124.41, -155.233, 0.0169048, -132.469, 0.184818, 121.588, 0.175094, -61.0158
1276, 21.26667, 21.1931, -0.517987, 142.089, 18.4488, 124.507, -155.228, 0.0169397, -132.489, 0.184799, 121.595, 0.175066, -61.0123
1277, 21.27500, 21.2195, -0.556268, 142.217, 18.4456, 124.604, -155.222, 0.0169747, -132.509, 0.18478, 121.602, 0.175037, -61.0088
1277, 21.28333, 21.246, -0.594608, 142.344, 18.4424, 124.701, -155.216, 0.0170097, -132.529, 0.184761, 121.609, 0.175007, -61.0053
1278, 21.29167, 21.2725, -0.633011, 142.472, 18.4393, 124.798, -155.211, 0.0170449, -132.549, 0.184742, 121.617, 0.174978, -61.0017
1278, 21.30000, 21.2991, -0.671468, 142.6, 18.4361, 124.895, -155.205, 0.0170801, -132.57, 0.184723, 121.624, 0.174949, -60.9982
1279, 21.30833, 21.3257, -0.709984, 142.728, 18.4328, 124.992, -155.199, 0.0171154, -132.59, 0.184703, 121.631, 0.17492, -60.9947
1279, 21.31667, 21.3523, -0.748564, 142.856, 18.4296, 125.089, -155.193, 0.0171508, -132.611, 0.184684, 121.638, 0.17489, -60.9912
1280, 21.32500, 21.379, -0.787199, 142.985, 18.4264, 125.186, -155.188, 0.0171863, -132.632, 0.184664, 121.645, 0.17486, -60.9876
1280, 21.33333, 21.4057, -0.825892, 143.113, 18.4231, 125.284, -155.182, 0.0172218, -132.652, 0.184644, 121.652, 0.174831, -60.9841
1281, 21.34167, 21.4325, -0.86465, 143.241, 18.4199, 125.381, -155.176, 0.0172575, -132.673, 0.184625, 121.659, 0.174801, -60.9806
1281, 21.35000, 21.4593, -0.903463, 143.37, 18.4166, 125.479, -155.171, 0.0172932, -132.694, 0.184605, 121.666, 0.174771, -60.9771
1282, 21.35833, 21.4862, -0.942335, 143.499, 18.4133, 125.576, -155.165, 0.017329, -132.716, 0.184585, 121.673, 0.174741, -60.9735
1282, 21.36667, 21.5131, -0.981272, 143.627, 18.41, 125.674, -155.159, 0.0173649, -132.737, 0.184565, 121.68, 0.174711, -60.97
1283, 21.37500, 21.54, -1.02026, 143.756, 18.4066, 125.771, -155.153, 0.0174008, -132.758, 0.184544, 121.687, 0.174681, -60.9665
1283, 21.38333, 21.567, -1.05932, 143.885, 18.4033, 125.869, -155.148, 0.0174369, -132.78, 0.184524, 121.695, 0.17465, -60.963
1284, 21.39167, 21.594, -1.09843, 144.014, 18.4, 125.967, -155.142, 0.017473, -132.802, 0.184504, 121.702, 0.17462, -60.9594
1284, 21.40000, 21.6211, -1.13761, 144.143, 18.3966, 126.065, -155.136, 0.0175092, -132.823, 0.184483, 121.709, 0.174589, -60.9559
1285, 21.40833, 21.6482, -1.17684, 144.273, 18.3932, 126.163, -155.131, 0.0175455, -132.845, 0.184463, 121.716, 0.174559, -60.9524
1285, 21.41667, 21.6753, -1.21614, 144.402, 18.3898, 126.261, -155.125, 0.0175818, -132.868, 0.184442, 121.723, 0.174528, -60.9489
1286, 21.42500, 21.7025, -1.25549, 144.531, 18.3864, 126.359, -155.119, 0.0176183, -132.89, 0.184421, 121.73, 0.174497, -60.9453
1286, 21.43333, 21.7298, -1.29491, 144.661, 18.383, 126.457, -155.113, 0.0176548, -132.912, 0.1844, 121.737, 0.174466, -60.9418
1287, 21.44167, 21.757, -1.33439, 144.791, 18.3796, 126.555, -155.108, 0.0176914, -132.934, 0.184379, 121.745, 0.174435, -60.9383
1287, 21.45000, 21.7844, -1.37392, 144.921, 18.3761, 126.653, -155.102, 0.0177281, -132.957, 0.184358, 121.752, 0.174404, -60.9347
1288, 21.45833, 21.8117, -1.41352, 145.05, 18.3727, 126.751, -155.096, 0.0177649, -132.98, 0.184337, 121.759, 0.174373, -60.9312
1288, 21.46667, 21.8391, -1.45319, 145.18, 18.3692, 126.85, -155.09, 0.0178018, -133.003, 0.184316, 121.766, 0.174341, -60.9277
1289, 21.47500, 21.8666, -1.49291, 145.311, 18.3657, 126.948, -155.085, 0.0178387, -133.026, 0.184294, 121.773, 0.17431, -60.9242
1289, 21.48333, 21.8941, -1.53269, 145.441, 18.3622, 127.047, -155.079, 0.0178758, -133.049, 0.184273, 121.781, 0.174278, -60.9206
1290, 21.49167, 21.9216, -1.57254, 145.571, 18.3587, 127.145, -155.073, 0.0179129, -133.072, 0.184251, 121.788, 0.174247, -60.9171
1290, 21.50000, 21.9492, -1.61245, 145.702, 18.3552, 127.244, -155.067, 0.0179501, -133.095, 0.184229, 121.795, 0.174215, -60.9136
1291, 21.50833, 21.9768, -1.65241, 145.832, 18.3516, 127.343, -155.062, 0.0179874, -133.119, 0.184208, 121.802, 0.174183, -60.91
1291, 21.51667, 22.0045, -1.69245, 145.963, 18.3481, 127.441, -155.056, 0.0180248, -133.142, 0.184186, 121.809, 0.174151, -60.9065
1292, 21.52500, 22.0322, -1.73254, 146.093, 18.3445, 127.54, -155.05, 0.0180622, -133.166, 0.184164, 121.817, 0.174119, -60.9029
1292, 21.53333, 22.0599, -1.77269, 146.224, 18.3409, 127.639, -155.044, 0.0180998, -133.19, 0.184142, 121.824, 0.174087, -60.8994
1293, 21.54167, 22.0877, -1.81292, 146.355, 18.3373, 127.738, -155.039, 0.0181374, -133.214, 0.18412, 121.831, 0.174055, -60.8959
1293, 21.55000, 22.1156, -1.8532, 146.486, 18.3337, 127.837, -155.033, 0.0181751, -133.238, 0.184097, 121.838, 0.174022, -60.8923
1294, 21.55833, 22.1435, -1.89354, 146.618, 18.3301, 127.936, -155.027, 0.0182129, -133.262, 0.184075, 121.846, 0.17399, -60.8888
1294, 21.56667, 22.1714, -1.93395, 146.749, 18.3264, 128.036, -155.021, 0.0182508, -133.286, 0.184052, 121.853, 0.173957, -60.8853
1295, 21.57500, 22.1994, -1.97442, 146.88, 18.3228, 128.135, -155.016, 0.0182888, -133.311, 0.18403, 121.86, 0.173925, -60.8817
1295, 21.58333, 22.2274, -2.01495, 147.012, 18.3191, 128.234, -155.01, 0.0183268, -133.335, 0.184007, 121.868, 0.173892, -60.8782
1296, 21.59167, 22.2554, -2.05555, 147.143, 18.3154, 128.334, -155.004, 0.018365, -133.36, 0.183984, 121.875, 0.173859, -60.8746
1296, 21.60000, 22.2835, -2.0962, 147.275, 18.3117, 128.433, -154.998, 0.0184032, -133.385, 0.183962, 121.882, 0.173826, -60.8711
1297, 21.60833, 22.3117, -2.13692, 147.407, 18.308, 128.533, -154.993, 0.0184416, -133.41, 0.183939, 121.89, 0.173793, -60.8675
1297, 21.61667, 22.3399, -2.17771, 147.539, 18.3043, 128.632, -154.987, 0.01848, -133.435, 0.183915, 121.897, 0.17376, -60.864
1298, 21.62500, 22.3681, -2.21856, 147.671, 18.3005, 128.732, -154.981, 0.0185185, -133.46, 0.183892, 121.904, 0.173726, -60.8605
1298, 21.63333, 22.3964, -2.25947, 147.803, 18.2968, 128.832, -154.975, 0.0185571, -133.485, 0.183869, 121.912, 0.173693, -60.8569
1299, 21.64167, 22.4247, -2.30046, 147.935, 18.293, 128.932, -154.97, 0.0185957, -133.511, 0.183846, 121.919, 0.17366, -60.8534
1299, 21.65000, 22.4531, -2.3415, 148.067, 18.2893, 129.032, -154.964, 0.0186345, -133.536, 0.183822, 121.926, 0.173626, -60.8498
1300, 21.65833, 22.4815, -2.3826, 148.2, 18.2855, 129.131, -154.958, 0.0186733, -133.562, 0.183799, 121.934, 0.173592, -60.8463
1300, 21.66667, 22.5099, -2.42377, 148.332, 18.2816, 129.232, -154.952, 0.0187123, -133.588, 0.183775, 121.941, 0.173558, -60.8427
1301, 21.67500, 22.5384, -2.46501, 148.465, 18.2778, 129.332, -154.946, 0.0187513, -133.614, 0.183751, 121.948, 0.173525, -60.8392
1301, 21.68333, 22.567, -2.50631, 148.598, 18.274, 129.432, -154.941, 0.0187904, -133.64, 0.183727, 121.956, 0.173491, -60.8356
1302, 21.69167, 22.5956, -2.54767, 148.731, 18.2701, 129.532, -154.935, 0.0188297, -133.666, 0.183703, 121.963, 0.173456, -60.8321
1302, 21.70000, 22.6242, -2.5891, 148.864, 18.2663, 129.632, -154.929, 0.0188689, -133.692, 0.183679, 121.971, 0.173422, -60.8285
1303, 21.70833, 22.6529, -2.6306, 148.997, 18.2624, 129.733, -154.923, 0.0189083, -133.719, 0.183655, 121.978, 0.173388, -60.8249
1303, 21.71667, 22.6816, -2.67216, 149.13, 18.2585, 129.833, -154.917, 0.0189478, -133.745, 0.183631, 121.985, 0.173353, -60.8214
1304, 21.72500, 22.7104, -2.71378, 149.264, 18.2546, 129.934, -154.912, 0.0189874, -133.772, 0.183606, 121.993, 0.173319, -60.8178
1304, 21.73333, 22.7392, -2.75547, 149.397, 18.2507, 130.034, -154.906, 0.019027, -133.799, 0.183582, 122, 0.173284, -60.8143
1305, 21.74167, 22.768, -2.79723, 149.53, 18.2467, 130.135, -154.9, 0.0190668, -133.826, 0.183557, 122.008, 0.17325, -60.8107
1305, 21.75000, 22.7969, -2.83905, 149.664, 18.2428, 130.236, -154.894, 0.0191066, -133.853, 0.183533, 122.015, 0.173215, -60.8072
1306, 21.75833, 22.8259, -2.88094, 149.798, 18.2388, 130.337, -154.888, 0.0191466, -133.88, 0.183508, 122.023, 0.17318, -60.8036
1306, 21.76667, 22.8549, -2.92289, 149.932, 18.2349, 130.438, -154.883, 0.0191866, -133.907, 0.183483, 122.03, 0.173145, -60.8
1307, 21.77500, 22.8839, -2.96491, 150.066, 18.2309, 130.539, -154.877, 0.0192267, -133.935, 0.183458, 122.038, 0.17311, -60.7965
1307, 21.78333, 22.913, -3.007, 150.2, 18.2269, 130.64, -154.871, 0.0192669, -133.962, 0.183433, 122.045, 0.173074, -60.7929
1308, 21.79167, 22.9422, -3.04915, 150.334, 18.2228, 130.741, -154.865, 0.0193072, -133.99, 0.183408, 122.053, 0.173039, -60.7893
1308, 21.80000, 22.9713, -3.09137, 150.468, 18.2188, 130.842, -154.859, 0.0193476, -134.018, 0.183382, 122.06, 0.173003, -60.7858
1309, 21.80833, 23.0005, -3.13366, 150.603, 18.2148, 130.943, -154.853, 0.0193881, -134.046, 0.183357, 122.068, 0.172968, -60.7822
1309, 21.81667, 23.0298, -3.17601, 150.737, 18.2107, 131.045, -154.848, 0.0194287, -134.074, 0.183332, 122.075, 0.172932, -60.7786
1310, 21.82500, 23.0591, -3.21843, 150.872, 18.2066, 131.146, -154.842, 0.0194693, -134.102, 0.183306, 122.083, 0.172896, -60.775
1310, 21.83333, 23.0885, -3.26091, 151.007, 18.2025, 131.248, -154.836, 0.0195101, -134.13, 0.18328, 122.09, 0.172861, -60.7715
1311, 21.84167, 23.1179, -3.30347, 151.142, 18.1984, 131.349, -154.83, 0.019551, -134.158, 0.183255, 122.098, 0.172825, -60.7679
1311, 21.85000, 23.1473, -3.34609, 151.277, 18.1943, 131.451, -154.824, 0.0195919, -134.187, 0.183229, 122.105, 0.172789, -60.7643
1312, 21.85833, 23.1768, -3.38878, 151.412, 18.1902, 131.553, -154.818, 0.019633, -134.216, 0.183203, 122.113, 0.172752, -60.7607
1312, 21.86667, 23.2064, -3.43154, 151.547, 18.186, 131.655, -154.813, 0.0196741, -134.244, 0.183177, 122.121, 0.172716, -60.7572
1313, 21.87500, 23.236, -3.47436, 151.682, 18.1819, 131.756, -154.807, 0.0197153, -134.273, 0.18315, 122.128, 0.17268, -60.7536
1313, 21.88333, 23.2656, -3.51725, 151.818, 18.1777, 131.858, -154.801, 0.0197567, -134.302, 0.183124, 122.136, 0.172643, -60.75
1313, 21.89167, 23.2953, -3.56022, 151.953, 18.1735, 131.96, -154.795, 0.0197981, -134.331, 0.183098, 122.143, 0.172606, -60.7464
1314, 21.90000, 23.325, -3.60324, 152.089, 18.1693, 132.063, -154.789, 0.0198396, -134.361, 0.183071, 122.151, 0.17257, -60.7428
1315, 21.90833, 23.3548, -3.64634, 152.225, 18.1651, 132.165, -154.783, 0.0198812, -134.39, 0.183045, 122.159, 0.172533, -60.7392
1315, 21.91667, 23.3846, -3.68951, 152.36, 18.1609, 132.267, -154.777, 0.0199229, -134.42, 0.183018, 122.166, 0.172496, -60.7356
1315, 21.92500, 23.4145, -3.73274, 152.496, 18.1566, 132.369, -154.772, 0.0199647, -134.449, 0.182991, 122.174, 0.172459, -60.7321
1316, 21.93333, 23.4444, -3.77604, 152.633, 18.1523, 132.472, -154.766, 0.0200066, -134.479, 0.182964, 122.181, 0.172422, -60.7285
1317, 21.94167, 23.4744, -3.81941, 152.769, 18.1481, 132.574, -154.76, 0.0200486, -134.509, 0.182937, 122.189, 0.172385, -60.7249
1317, 21.95000, 23.5044, -3.86285, 152.905, 18.1438, 132.677, -154.754, 0.0200907, -134.539, 0.18291, 122.197, 0.172347, -60.7213
1317, 21.95833, 23.5344, -3.90636, 153.041, 18.1395, 132.78, -154.748, 0.0201329, -134.569, 0.182883, 122.204, 0.17231, -60.7177
1318, 21.96667, 23.5645, -3.94994, 153.178, 18.1352, 132.882, -154.742, 0.0201752, -134.599, 0.182856, 122.212, 0.172272, -60.7141
1319, 21.97500, 23.5947, -3.99359, 153.315, 18.1308, 132.985, -154.736, 0.0202176, -134.63, 0.182828, 122.22, 0.172235, -60.7105
1319, 21.98333, 23.6249, -4.03731, 153.451, 18.1265, 133.088, -154.73, 0.0202601, -134.66, 0.182801, 122.228, 0.172197, -60.7069
1319, 21.99167, 23.6551, -4.0811, 153.588, 18.1221, 133.191, -154.725, 0.0203026, -134.691, 0.182773, 122.235, 0.172159, -60.7033
1320, 22.00000, 23.6854, -4.12495, 153.725, 18.1177, 133.294, -154.719, 0.0203453, -134.721, 0.182745, 122.243, 0.172121, -60.6997
1321, 22.00833, 23.7157, -4.16888, 153.862, 18.1134, 133.397, -154.713, 0.0203881, -134.752, 0.182718, 122.251, 0.172083, -60.6961
1321, 22.01667, 23.7461, -4.21288, 154, 18.1089, 133.5, -154.707, 0.020431, -134.783, 0.18269, 122.258, 0.172045, -60.6925
1321, 22.02500, 23.7766, -4.25695, 154.137, 18.1045, 133.604, -154.701, 0.0204739, -134.814, 0.182662, 122.266, 0.172006, -60.6888
1322, 22.03333, 23.807, -4.30108, 154.274, 18.1001, 133.707, -154.695, 0.020517, -134.846, 0.182634, 122.274, 0.171968, -60.6852
1323, 22.04167, 23.8376, -4.3453, 154.412, 18.0957, 133.81, -154.689, 0.0205602, -134.877, 0.182605, 122.282, 0.171929, -60.6816
1323, 22.05000, 23.8681, -4.38958, 154.55, 18.0912, 133.914, -154.683, 0.0206035, -134.908, 0.182577, 122.29, 0.171891, -60.678
1323, 22.05833, 23.8988, -4.43392, 154.688, 18.0867, 134.018, -154.677, 0.0206468, -134.94, 0.182549, 122.297, 0.171852, -60.6744
1324, 22.06667, 23.9294, -4.47835, 154.825, 18.0822, 134.121, -154.671, 0.0206903, -134.972, 0.18252, 122.305, 0.171813, -60.6708
1325, 22.07500, 23.9602, -4.52284, 154.963, 18.0777, 134.225, -154.666, 0.0207339, -135.004, 0.182491, 122.313, 0.171774, -60.6671
1325, 22.08333, 23.9909, -4.5674, 155.102, 18.0732, 134.329, -154.66, 0.0207775, -135.036, 0.182463, 122.321, 0.171735, -60.6635
1325, 22.09167, 24.0217, -4.61204, 155.24, 18.0687, 134.433, -154.654, 0.0208213, -135.068, 0.182434, 122.329, 0.171696, -60.6599
1326, 22.10000, 24.0526, -4.65675, 155.378, 18.0641, 134.537, -154.648, 0.0208652, -135.1, 0.182405, 122.336, 0.171657, -60.6563
1327, 22.10833, 24.0835, -4.70153, 155.517, 18.0596, 134.641, -154.642, 0.0209091, -135.132, 0.182376, 122.344, 0.171617, -60.6526
1327, 22.11667, 24.1145, -4.74638, 155.655, 18.055, 134.745, -154.636, 0.0209532, -135.165, 0.182347, 122.352, 0.171578, -60.649
1327, 22.12500, 24.1455, -4.7913, 155.794, 18.0504, 134.849, -154.63, 0.0209974, -135.197, 0.182317, 122.36, 0.171538, -60.6454
1328, 22.13333, 24.1765, -4.8363, 155.933, 18.0458, 134.954, -154.624, 0.0210417, -135.23, 0.182288, 122.368, 0.171499, -60.6417
1329, 22.14167, 24.2076, -4.88137, 156.072, 18.0412, 135.058, -154.618, 0.021086, -135.263, 0.182259, 122.376, 0.171459, -60.6381
1329, 22.15000, 24.2388, -4.9265, 156.211, 18.0365, 135.163, -154.612, 0.0211305, -135.296, 0.182229, 122.384, 0.171419, -60.6344
1329, 22.15833, 24.27, -4.97172, 156.35, 18.0319, 135.267, -154.606, 0.0211751, -135.329, 0.182199, 122.392, 0.171379, -60.6308
1330, 22.16667, 24.3012, -5.017, 156.489, 18.0272, 135.372, -154.6, 0.0212198, -135.362, 0.18217, 122.4, 0.171339, -60.6272
1331, 22.17500, 24.3325, -5.06236, 156.629, 18.0225, 135.477, -154.594, 0.0212646, -135.395, 0.18214, 122.407, 0.171299, -60.6235
1331, 22.18333, 24.3639, -5.10779, 156.768, 18.0178, 135.581, -154.588, 0.0213095, -135.429, 0.18211, 122.415, 0.171258, -60.6199
1331, 22.19167, 24.3953, -5.1533, 156.908, 18.0131, 135.686, -154.582, 0.0213544, -135.462, 0.18208, 122.423, 0.171218, -60.6162
1332, 22.20000, 24.4267, -5.19887, 157.048, 18.0084, 135.791, -154.576, 0.0213995, -135.496, 0.18205, 122.431, 0.171177, -60.6126
1333, 22.20833, 24.4582, -5.24452, 157.188, 18.0037, 135.896, -154.57, 0.0214447, -135.53, 0.182019, 122.439, 0.171137, -60.6089
1333, 22.21667, 24.4897, -5.29025, 157.328, 17.9989, 136.002, -154.564, 0.0214901, -135.564, 0.181989, 122.447, 0.171096, -60.6053
1333, 22.22500, 24.5213, -5.33605, 157.468, 17.9942, 136.107, -154.558, 0.0215355, -135.598, 0.181958, 122.455, 0.171055, -60.6016
1334, 22.23333, 24.5529, -5.38192, 157.608, 17.9894, 136.212, -154.553, 0.021581, -135.632, 0.181928, 122.463, 0.171014, -60.5979
1335, 22.24167, 24.5846, -5.42787, 157.748, 17.9846, 136.318, -154.547, 0.0216266, -135.666, 0.181897, 122.471, 0.170973, -60.5943
1335, 22.25000, 24.6164, -5.47389, 157.889, 17.9798, 136.423, -154.541, 0.0216723, -135.701, 0.181866, 122.479, 0.170932, -60.5906
1335, 22.25833, 24.6482, -5.51998, 158.029, 17.9749, 136.529, -154.535, 0.0217181, -135.735, 0.181835, 122.487, 0.170891, -60.5869
1336, 22.26667, 24.68, -5.56616, 158.17, 17.9701, 136.634, -154.529, 0.0217641, -135.77, 0.181804, 122.495, 0.170849, -60.5833
1337, 22.27500, 24.7119, -5.6124, 158.311, 17.9652, 136.74, -154.523, 0.0218101, -135.805, 0.181773, 122.503, 0.170808, -60.5796
1337, 22.28333, 24.7438, -5.65872, 158.452, 17.9604, 136.846, -154.517, 0.0218563, -135.84, 0.181742, 122.512, 0.170766, -60.5759
1337, 22.29167, 24.7758, -5.70511, 158.593, 17.9555, 136.952, -154.511, 0.0219025, -135.875, 0.181711, 122.52, 0.170724, -60.5722
1338, 22.30000, 24.8078, -5.75158, 158.734, 17.9506, 137.058, -154.505, 0.0219489, -135.91, 0.181679, 122.528, 0.170682, -60.5685
1339, 22.30833, 24.8399, -5.79812, 158.875, 17.9457, 137.164, -154.499, 0.0219953, -135.945, 0.181648, 122.536, 0.170641, -60.5649
1339, 22.31667, 24.872, -5.84475, 159.017, 17.9408, 137.27, -154.493, 0.0220419, -135.981, 0.181616, 122.544, 0.170598, -60.5612
1339, 22.32500, 24.9042, -5.89144, 159.158, 17.9358, 137.376, -154.487, 0.0220886, -136.016, 0.181584, 122.552, 0.170556, -60.5575
1340, 22.33333, 24.9364, -5.93821, 159.3, 17.9309, 137.483, -154.481, 0.0221354, -136.052, 0.181553, 122.56, 0.170514, -60.5538
1341, 22.34167, 24.9687, -5.98506, 159.441, 17.9259, 137.589, -154.475, 0.0221823, -136.088, 0.181521, 122.568, 0.170472, -60.5501
1341, 22.35000, 25.001, -6.03198, 159.583, 17.9209, 137.696, -154.469, 0.0222293, -136.123, 0.181489, 122.577, 0.170429, -60.5464
1341, 22.35833, 25.0334, -6.07898, 159.725, 17.9159, 137.802, -154.462, 0.0222764, -136.159, 0.181456, 122.585, 0.170387, -60.5427
1342, 22.36667, 25.0658, -6.12606, 159.867, 17.9109, 137.909, -154.456, 0.0223236, -136.196, 0.181424, 122.593, 0.170344, -60.539
1343, 22.37500, 25.0983, -6.17321, 160.01, 17.9059, 138.016, -154.45, 0.022371, -136.232, 0.181392, 122.601, 0.170301, -60.5353
1343, 22.38333, 25.1309, -6.22044, 160.152, 17.9008, 138.123, -154.444, 0.0224184, -136.268, 0.181359, 122.609, 0.170258, -60.5316
1343, 22.39167, 25.1634, -6.26775, 160.294, 17.8957, 138.23, -154.438, 0.0224659, -136.305, 0.181327, 122.617, 0.170215, -60.5279
1344, 22.40000, 25.1961, -6.31513, 160.437, 17.8907, 138.337, -154.432, 0.0225136, -136.341, 0.181294, 122.626, 0.170172, -60.5242
1345, 22.40833, 25.2287, -6.36259, 160.58, 17.8856, 138.444, -154.426, 0.0225614, -136.378, 0.181261, 122.634, 0.170129, -60.5204
1345, 22.41667, 25.2615, -6.41013, 160.723, 17.8805, 138.551, -154.42, 0.0226093, -136.415, 0.181228, 122.642, 0.170085, -60.5167
1345, 22.42500, 25.2943, -6.45774, 160.865, 17.8754, 138.659, -154.414, 0.0226572, -136.452, 0.181195, 122.65, 0.170042, -60.513
1346, 22.43333, 25.3271, -6.50543, 161.009, 17.8702, 138.766, -154.408, 0.0227053, -136.489, 0.181162, 122.659, 0.169998, -60.5093
1347, 22.44167, 25.36, -6.5532, 161.152, 17.8651, 138.874, -154.402, 0.0227536, -136.527, 0.181129, 122.667, 0.169955, -60.5056
1347, 22.45000, 25.3929, -6.60105, 161.295, 17.8599, 138.981, -154.396, 0.0228019, -136.564, 0.181096, 122.675, 0.169911, -60.5018
1348, 22.45833, 25.4259, -6.64897, 161.438, 17.8547, 139.089, -154.39, 0.0228503, -136.601, 0.181062, 122.684, 0.169867, -60.4981
1348, 22.46667, 25.4589, -6.69698, 161.582, 17.8495, 139.197, -154.384, 0.0228989, -136.639, 0.181029, 122.692, 0.169823, -60.4944
1349, 22.47500, 25.492, -6.74506, 161.726, 17.8443, 139.305, -154.378, 0.0229475, -136.677, 0.180995, 122.7, 0.169779, -60.4906
1349, 22.48333, 25.5251, -6.79322, 161.869, 17.8391, 139.413, -154.372, 0.0229963, -136.715, 0.180961, 122.709, 0.169734, -60.4869
1350, 22.49167, 25.5583, -6.84146, 162.013, 17.8339, 139.521, -154.366, 0.0230452, -136.753, 0.180928, 122.717, 0.16969, -60.4831
1350, 22.50000, 25.5915, -6.88978, 162.157, 17.8286, 139.629, -154.36, 0.0230942, -136.791, 0.180894, 122.725, 0.169646, -60.4794
1351, 22.50833, 25.6248, -6.93817, 162.301, 17.8234, 139.737, -154.353, 0.0231433, -136.829, 0.18086, 122.734, 0.169601, -60.4756
1351, 22.51667, 25.6582, -6.98665, 162.446, 17.8181, 139.845, -154.347, 0.0231925, -136.868, 0.180825, 122.742, 0.169556, -60.4719
1352, 22.52500, 25.6916, -7.0352, 162.59, 17.8128, 139.954, -154.341, 0.0232418, -136.906, 0.180791, 122.751, 0.169512, -60.4681
1352, 22.53333, 25.725, -7.08384, 162.735, 17.8075, 140.062, -154.335, 0.0232913, -136.945, 0.180757, 122.759, 0.169467, -60.4644
1353, 22.54167, 25.7585, -7.13256, 162.879, 17.8021, 140.171, -154.329, 0.0233409, -136.983, 0.180722, 122.767, 0.169422, -60.4606
1353, 22.55000, 25.792, -7.18135, 163.024, 17.7968, 140.28, -154.323, 0.0233905, -137.022, 0.180688, 122.776, 0.169377, -60.4568
1354, 22.55833, 25.8256, -7.23022, 163.169, 17.7914, 140.388, -154.317, 0.0234403, -137.061, 0.180653, 122.784, 0.169331, -60.4531
1354, 22.56667, 25.8593, -7.27918, 163.314, 17.7861, 140.497, -154.311, 0.0234902, -137.1, 0.180618, 122.793, 0.169286, -60.4493
1355, 22.57500, 25.893, -7.32821, 163.459, 17.7807, 140.606, -154.305, 0.0235403, -137.14, 0.180583, 122.801, 0.169241, -60.4455
1355, 22.58333, 25.9267, -7.37732, 163.604, 17.7753, 140.715, -154.298, 0.0235904, -137.179, 0.180548, 122.81, 0.169195, -60.4417
1356, 22.59167, 25.9605, -7.42652, 163.75, 17.7699, 140.825, -154.292, 0.0236406, -137.219, 0.180513, 122.818, 0.169149, -60.438
1356, 22.60000, 25.9944, -7.47579, 163.895, 17.7644, 140.934, -154.286, 0.023691, -137.258, 0.180478, 122.827, 0.169103, -60.4342
1357, 22.60833, 26.0283, -7.52515, 164.041, 17.759, 141.043, -154.28, 0.0237415, -137.298, 0.180443, 122.835, 0.169058, -60.4304
1357, 22.61667, 26.0622, -7.57459, 164.186, 17.7535, 141.153, -154.274, 0.0237921, -137.338, 0.180407, 122.844, 0.169012, -60.4266
1358, 22.62500, 26.0962, -7.6241, 164.332, 17.748, 141.262, -154.268, 0.0238428, -137.378, 0.180372, 122.852, 0.168965, -60.4228
1358, 22.63333, 26.1303, -7.6737, 164.478, 17.7425, 141.372, -154.262, 0.0238937, -137.418, 0.180336, 122.861, 0.168919, -60.419
1359, 22.64167, 26.1644, -7.72338, 164.624, 17.737, 141.482, -154.256, 0.0239446, -137.458, 0.1803, 122.87, 0.168873, -60.4152
1359, 22.65000, 26.1985, -7.77314, 164.771, 17.7315, 141.591, -154.249, 0.0239957, -137.498, 0.180264, 122.878, 0.168826, -60.4114
1360, 22.65833, 26.2328, -7.82299, 164.917, 17.726, 141.701, -154.243, 0.0240469, -137.539, 0.180228, 122.887, 0.16878, -60.4076
1360, 22.66667, 26.267, -7.87292, 165.063, 17.7204, 141.811, -154.237, 0.0240982, -137.58, 0.180192, 122.895, 0.168733, -60.4038
1361, 22.67500, 26.3013, -7.92292, 165.21, 17.7149, 141.922, -154.231, 0.0241496, -137.62, 0.180156, 122.904, 0.168686, -60.4
1361, 22.68333, 26.3357, -7.97301, 165.357, 17.7093, 142.032, -154.225, 0.0242012, -137.661, 0.18012, 122.913, 0.168639, -60.3961
1362, 22.69167, 26.3701, -8.02319, 165.503, 17.7037, 142.142, -154.219, 0.0242528, -137.702, 0.180083, 122.921, 0.168592, -60.3923
1362, 22.70000, 26.4046, -8.07344, 165.65, 17.6981, 142.253, -154.212, 0.0243046, -137.743, 0.180047, 122.93, 0.168545, -60.3885
1363, 22.70833, 26.4391, -8.12378, 165.797, 17.6924, 142.363, -154.206, 0.0243565, -137.785, 0.18001, 122.939, 0.168498, -60.3847
1363, 22.71667, 26.4737, -8.1742, 165.945, 17.6868, 142.474, -154.2, 0.0244085, -137.826, 0.179973, 122.947, 0.168451, -60.3808
1364, 22.72500, 26.5083, -8.2247, 166.092, 17.6811, 142.584, -154.194, 0.0244607, -137.867, 0.179936, 122.956, 0.168403, -60.377
1364, 22.73333, 26.543, -8.27529, 166.239, 17.6755, 142.695, -154.188, 0.0245129, -137.909, 0.1799, 122.965, 0.168356, -60.3732
1365, 22.74167, 26.5778, -8.32596, 166.387, 17.6698, 142.806, -154.182, 0.0245653, -137.951, 0.179862, 122.974, 0.168308, -60.3693
1365, 22.75000, 26.6125, -8.37672, 166.535, 17.6641, 142.917, -154.175, 0.0246178, -137.993, 0.179825, 122.982, 0.16826, -60.3655
1366, 22.75833, 26.6474, -8.42755, 166.683, 17.6584, 143.028, -154.169, 0.0246705, -138.035, 0.179788, 122.991, 0.168212, -60.3616
1366, 22.76667, 26.6823, -8.47848, 166.831, 17.6526, 143.14, -154.163, 0.0247232, -138.077, 0.179751, 123, 0.168164, -60.3578
1367, 22.77500, 26.7172, -8.52948, 166.979, 17.6469, 143.251, -154.157, 0.0247761, -138.119, 0.179713, 123.009, 0.168116, -60.3539
1367, 22.78333, 26.7522, -8.58057, 167.127, 17.6411, 143.362, -154.151, 0.0248291, -138.161, 0.179676, 123.017, 0.168068, -60.35
1368, 22.79167, 26.7873, -8.63174, 167.275, 17.6353, 143.474, -154.144, 0.0248822, -138.204, 0.179638, 123.026, 0.168019, -60.3462
1368, 22.80000, 26.8224, -8.683, 167.424, 17.6295, 143.585, -154.138, 0.0249354, -138.246, 0.1796, 123.035, 0.167971, -60.3423
1369, 22.80833, 26.8575, -8.73434, 167.572, 17.6237, 143.697, -154.132, 0.0249888, -138.289, 0.179562, 123.044, 0.167922, -60.3384
1369, 22.81667, 26.8927, -8.78577, 167.721, 17.6179, 143.809, -154.126, 0.0250423, -138.332, 0.179524, 123.053, 0.167873, -60.3345
1370, 22.82500, 26.928, -8.83728, 167.87, 17.6121, 143.921, -154.119, 0.0250959, -138.375, 0.179486, 123.062, 0.167825, -60.3307
1370, 22.83333, 26.9633, -8.88888, 168.019, 17.6062, 144.033, -154.113, 0.0251496, -138.418, 0.179448, 123.071, 0.167776, -60.3268
1371, 22.84167, 26.9987, -8.94057, 168.168, 17.6003, 144.145, -154.107, 0.0252035, -138.461, 0.179409, 123.079, 0.167727, -60.3229
1371, 22.85000, 27.0341, -8.99233, 168.317, 17.5945, 144.257, -154.101, 0.0252574, -138.505, 0.179371, 123.088, 0.167677, -60.319
1372, 22.85833, 27.0696, -9.04418, 168.466, 17.5886, 144.37, -154.094, 0.0253115, -138.548, 0.179332, 123.097, 0.167628, -60.3151
1372, 22.86667, 27.1051, -9.09613, 168.616, 17.5826, 144.482, -154.088, 0.0253658, -138.592, 0.179293, 123.106, 0.167579, -60.3112
1373, 22.87500, 27.1407, -9.14815, 168.765, 17.5767, 144.595, -154.082, 0.0254201, -138.636, 0.179255, 123.115, 0.167529, -60.3073
1373, 22.88333, 27.1763, -9.20026, 168.915, 17.5708, 144.707, -154.076, 0.0254746, -138.679, 0.179216, 123.124, 0.16748, -60.3034
1374, 22.89167, 27.212, -9.25246, 169.065, 17.5648, 144.82, -154.069, 0.0255292, -138.723, 0.179177, 123.133, 0.16743, -60.2995
1374, 22.90000, 27.2477, -9.30475, 169.215, 17.5588, 144.933, -154.063, 0.0255839, -138.768, 0.179137, 123.142, 0.16738, -60.2955
1375, 22.90833, 27.2835, -9.35712, 169.365, 17.5528, 145.046, -154.057, 0.0256388, -138.812, 0.179098, 123.151, 0.16733, -60.2916
1375, 22.91667, 27.3194, -9.40958, 169.515, 17.5468, 145.159, -154.051, 0.0256938, -138.856, 0.179059, 123.16, 0.16728, -60.2877
1376, 22.92500, 27.3553, -9.46212, 169.665, 17.5408, 145.272, -154.044, 0.0257489, -138.901, 0.179019, 123.169, 0.16723, -60.2838
1376, 22.93333, 27.3912, -9.51475, 169.816, 17.5348, 145.385, -154.038, 0.0258041, -138.945, 0.17898, 123.178, 0.167179, -60.2798
1377, 22.94167, 27.4272, -9.56747, 169.966, 17.5287, 145.499, -154.032, 0.0258595, -138.99, 0.17894, 123.187, 0.167129, -60.2759
1377, 22.95000, 27.4633, -9.62028, 170.117, 17.5226, 145.612, -154.026, 0.025915, -139.035, 0.1789, 123.197, 0.167078, -60.2719
1378, 22.95833, 27.4994, -9.67317, 170.268, 17.5166, 145.726, -154.019, 0.0259706, -139.08, 0.17886, 123.206, 0.167028, -60.268
1378, 22.96667, 27.5356, -9.72615, 170.419, 17.5105, 145.84, -154.013, 0.0260263, -139.125, 0.17882, 123.215, 0.166977, -60.264
1379, 22.97500, 27.5718, -9.77922, 170.57, 17.5044, 145.953, -154.007, 0.0260822, -139.17, 0.17878, 123.224, 0.166926, -60.2601
1379, 22.98333, 27.6081, -9.83238, 170.721, 17.4982, 146.067, -154, 0.0261382, -139.216, 0.17874, 123.233, 0.166875, -60.2561
1380, 22.99167, 27.6444, -9.88563, 170.872, 17.4921, 146.181, -153.994, 0.0261943, -139.261, 0.1787, 123.242, 0.166824, -60.2522
1380, 23.00000, 27.6808, -9.93896, 171.024, 17.4859, 146.295, -153.988, 0.0262506, -139.307, 0.178659, 123.251, 0.166772, -60.2482
1381, 23.00833, 27.7172, -9.99238, 171.175, 17.4797, 146.41, -153.981, 0.026307, -139.353, 0.178619, 123.261, 0.166721, -60.2442
1381, 23.01667, 27.7537, -10.0459, 171.327, 17.4736, 146.524, -153.975, 0.0263635, -139.399, 0.178578, 123.27, 0.16667, -60.2402
1382, 23.02500, 27.7902, -10.0995, 171.479, 17.4673, 146.638, -153.969, 0.0264202, -139.445, 0.178537, 123.279, 0.166618, -60.2362
1382, 23.03333, 27.8268, -10.1532, 171.631, 17.4611, 146.753, -153.963, 0.026477, -139.491, 0.178496, 123.288, 0.166566, -60.2323
1383, 23.04167, 27.8635, -10.207, 171.783, 17.4549, 146.868, -153.956, 0.0265339, -139.537, 0.178455, 123.298, 0.166514, -60.2283
1383, 23.05000, 27.9002, -10.2608, 171.935, 17.4486, 146.982, -153.95, 0.0265909, -139.583, 0.178414, 123.307, 0.166462, -60.2243
1384, 23.05833, 27.937, -10.3148, 172.088, 17.4424, 147.097, -153.944, 0.0266481, -139.63, 0.178373, 123.316, 0.16641, -60.2203
1384, 23.06667, 27.9738, -10.3688, 172.24, 17.4361, 147.212, -153.937, 0.0267054, -139.677, 0.178331, 123.325, 0.166358, -60.2163
1385, 23.07500, 28.0106, -10.423, 172.393, 17.4298, 147.327, -153.931, 0.0267628, -139.723, 0.17829, 123.335, 0.166306, -60.2122
1385, 23.08333, 28.0476, -10.4772, 172.546, 17.4235, 147.443, -153.925, 0.0268204, -139.77, 0.178248, 123.344, 0.166254, -60.2082
1386, 23.09167, 28.0845, -10.5315, 172.698, 17.4171, 147.558, -153.918, 0.0268781, -139.817, 0.178206, 123.353, 0.166201, -60.2042
1386, 23.10000, 28.1216, -10.5859, 172.851, 17.4108, 147.673, -153.912, 0.026936, -139.865, 0.178165, 123.363, 0.166148, -60.2002
1387, 23.10833, 28.1586, -10.6404, 173.005, 17.4044, 147.789, -153.905, 0.0269939, -139.912, 0.178123, 123.372, 0.166096, -60.1961
1387, 23.11667, 28.1958, -10.695, 173.158, 17.3981, 147.905, -153.899, 0.027052, -139.959, 0.178081, 123.382, 0.166043, -60.1921
1388, 23.12500, 28.233, -10.7497, 173.311, 17.3917, 148.02, -153.893, 0.0271103, -140.007, 0.178038, 123.391, 0.16599, -60.1881
1388, 23.13333, 28.2702, -10.8045, 173.465, 17.3853, 148.136, -153.886, 0.0271686, -140.054, 0.177996, 123.4, 0.165937, -60.184
1389, 23.14167, 28.3075, -10.8593, 173.618, 17.3789, 148.252, -153.88, 0.0272271, -140.102, 0.177954, 123.41, 0.165883, -60.18
1389, 23.15000, 28.3449, -10.9143, 173.772, 17.3724, 148.368, -153.874, 0.0272858, -140.15, 0.177911, 123.419, 0.16583, -60.1759
1390, 23.15833, 28.3823, -10.9693, 173.926, 17.366, 148.485, -153.867, 0.0273446, -140.198, 0.177869, 123.429, 0.165776, -60.1719
1390, 23.16667, 28.4198, -11.0245, 174.08, 17.3595, 148.601, -153.861, 0.0274035, -140.246, 0.177826, 123.438, 0.165723, -60.1678
1391, 23.17500, 28.4573, -11.0797, 174.234, 17.353, 148.717, -153.854, 0.0274625, -140.295, 0.177783, 123.448, 0.165669, -60.1637
1391, 23.18333, 28.4949, -11.135, 174.388, 17.3465, 148.834, -153.848, 0.0275217, -140.343, 0.17774, 123.457, 0.165615, -60.1596
1392, 23.19167, 28.5325, -11.1904, 174.543, 17.34, 148.951, -153.842, 0.027581, -140.392, 0.177697, 123.467, 0.165561, -60.1556
1392, 23.20000, 28.5702, -11.2459, 174.697, 17.3335, 149.067, -153.835, 0.0276405, -140.441, 0.177654, 123.476, 0.165507, -60.1515
1393, 23.20833, 28.6079, -11.3015, 174.852, 17.3269, 149.184, -153.829, 0.0277001, -140.489, 0.177611, 123.486, 0.165453, -60.1474
1393, 23.21667, 28.6457, -11.3572, 175.007, 17.3204, 149.301, -153.823, 0.0277598, -140.538, 0.177567, 123.496, 0.165399, -60.1433
1394, 23.22500, 28.6835, -11.413, 175.162, 17.3138, 149.419, -153.816, 0.0278197, -140.587, 0.177524, 123.505, 0.165344, -60.1392
1394, 23.23333, 28.7214, -11.4689, 175.317, 17.3072, 149.536, -153.81, 0.0278797, -140.637, 0.17748, 123.515, 0.16529, -60.1351
1395, 23.24167, 28.7594, -11.5248, 175.472, 17.3006, 149.653, -153.803, 0.0279398, -140.686, 0.177436, 123.524, 0.165235, -60.131
1395, 23.25000, 28.7974, -11.5809, 175.627, 17.294, 149.771, -153.797, 0.0280001, -140.735, 0.177392, 123.534, 0.16518, -60.1269
1396, 23.25833, 28.8355, -11.637, 175.783, 17.2873, 149.888, -153.79, 0.0280605, -140.785, 0.177348, 123.544, 0.165125, -60.1227
1396, 23.26667, 28.8736, -11.6933, 175.939, 17.2807, 150.006, -153.784, 0.028121, -140.835, 0.177304, 123.554, 0.16507, -60.1186
1397, 23.27500, 28.9118, -11.7496, 176.094, 17.274, 150.124, -153.778, 0.0281817, -140.885, 0.17726, 123.563, 0.165015, -60.1145
1397, 23.28333, 28.95, -11.8061, 176.25, 17.2673, 150.242, -153.771, 0.0282426, -140.935, 0.177216, 123.573, 0.16496, -60.1103
1398, 23.29167, 28.9883, -11.8626, 176.406, 17.2606, 150.36, -153.765, 0.0283035, -140.985, 0.177171, 123.583, 0.164905, -60.1062
1398, 23.30000, 29.0266, -11.9192, 176.562, 17.2539, 150.478, -153.758, 0.0283647, -141.035, 0.177127, 123.592, 0.164849, -60.102
1399, 23.30833, 29.065, -11.976, 176.718, 17.2472, 150.596, -153.752, 0.0284259, -141.085, 0.177082, 123.602, 0.164793, -60.0979
1399, 23.31667, 29.1035, -12.0328, 176.875, 17.2405, 150.715, -153.745, 0.0284873, -141.136, 0.177037, 123.612, 0.164738, -60.0937
1400, 23.32500, 29.142, -12.0897, 177.031, 17.2337, 150.833, -153.739, 0.0285488, -141.187, 0.176992, 123.622, 0.164682, -60.0896
1400, 23.33333, 29.1805, -12.1467, 177.188, 17.2269, 150.952, -153.732, 0.0286105, -141.237, 0.176947, 123.632, 0.164626, -60.0854
1401, 23.34167, 29.2191, -12.2038, 177.345, 17.2201, 151.071, -153.726, 0.0286723, -141.288, 0.176902, 123.642, 0.16457, -60.0812
1401, 23.35000, 29.2578, -12.261, 177.502, 17.2133, 151.19, -153.72, 0.0287343, -141.339, 0.176857, 123.651, 0.164513, -60.077
1402, 23.35833, 29.2965, -12.3183, 177.659, 17.2065, 151.309, -153.713, 0.0287964, -141.39, 0.176812, 123.661, 0.164457, -60.0728
1402, 23.36667, 29.3353, -12.3757, 177.816, 17.1997, 151.428, -153.707, 0.0288586, -141.442, 0.176766, 123.671, 0.164401, -60.0686
1403, 23.37500, 29.3742, -12.4331, 177.973, 17.1928, 151.547, -153.7, 0.028921, -141.493, 0.176721, 123.681, 0.164344, -60.0644
1403, 23.38333, 29.413, -12.4907, 178.131, 17.1859, 151.667, -153.694, 0.0289835, -141.545, 0.176675, 123.691, 0.164287, -60.0602
1404, 23.39167, 29.452, -12.5484, 178.288, 17.1791, 151.786, -153.687, 0.0290462, -141.596, 0.176629, 123.701, 0.16423, -60.056
1404, 23.40000, 29.491, -12.6062, 178.446, 17.1722, 151.906, -153.681, 0.029109, -141.648, 0.176583, 123.711, 0.164173, -60.0518
1405, 23.40833, 29.53, -12.664, 178.604, 17.1652, 152.026, -153.674, 0.029172, -141.7, 0.176537, 123.721, 0.164116, -60.0476
1405, 23.41667, 29.5691, -12.722, 178.762, 17.1583, 152.146, -153.668, 0.0292351, -141.752, 0.176491, 123.731, 0.164059, -60.0433
1406, 23.42500, 29.6083, -12.7801, 178.92, 17.1514, 152.266, -153.661, 0.0292983, -141.804, 0.176445, 123.741, 0.164002, -60.0391
1406, 23.43333, 29.6475, -12.8382, 179.078, 17.1444, 152.386, -153.655, 0.0293617, -141.857, 0.176398, 123.751, 0.163944, -60.0349
1407, 23.44167, 29.6868, -12.8965, 179.236, 17.1374, 152.506, -153.648, 0.0294252, -141.909, 0.176352, 123.761, 0.163887, -60.0306
1407, 23.45000, 29.7261, -12.9548, 179.395, 17.1304, 152.627, -153.642, 0.0294889, -141.962, 0.176305, 123.771, 0.163829, -60.0264
1408, 23.45833, 29.7655, -13.0133, 179.553, 17.1234, 152.747, -153.635, 0.0295527, -142.014, 0.176258, 123.781, 0.163771, -60.0221
1408, 23.46667, 29.805, -13.0718, 179.712, 17.1164, 152.868, -153.629, 0.0296167, -142.067, 0.176211, 123.791, 0.163713, -60.0178
1409, 23.47500, 29.8445, -13.1305, 179.871, 17.1094, 152.988, -153.622, 0.0296808, -142.12, 0.176164, 123.802, 0.163655, -60.0136
1409, 23.48333, 29.884, -13.1892, 180.03, 17.1023, 153.109, -153.616, 0.0297451, -142.173, 0.176117, 123.812, 0.163597, -60.0093
1410, 23.49167, 29.9236, -13.2481, 180.189, 17.0952, 153.23, -153.609, 0.0298095, -142.227, 0.17607, 123.822, 0.163539, -60.005
1410, 23.50000, 29.9633, -13.307, 180.348, 17.0882, 153.352, -153.603, 0.029874, -142.28, 0.176023, 123.832, 0.16348, -60.0007
1411, 23.50833, 30.003, -13.366, 180.508, 17.0811, 153.473, -153.596, 0.0299387, -142.334, 0.175975, 123.842, 0.163422, -59.9964
1411, 23.51667, 30.0428, -13.4252, 180.667, 17.0739, 153.594, -153.59, 0.0300036, -142.387, 0.175927, 123.853, 0.163363, -59.9921
1412, 23.52500, 30.0826, -13.4844, 180.827, 17.0668, 153.716, -153.583, 0.0300686, -142.441, 0.17588, 123.863, 0.163304, -59.9878
1412, 23.53333, 30.1225, -13.5437, 180.987, 17.0597, 153.837, -153.577, 0.0301337, -142.495, 0.175832, 123.873, 0.163245, -59.9835
1413, 23.54167, 30.1624, -13.6032, 181.147, 17.0525, 153.959, -153.57, 0.030199, -142.549, 0.175784, 123.883, 0.163186, -59.9791
1413, 23.55000, 30.2024, -13.6627, 181.307, 17.0453, 154.081, -153.564, 0.0302645, -142.603, 0.175736, 123.894, 0.163127, -59.9748
1414, 23.55833, 30.2424, -13.7224, 181.467, 17.0381, 154.203, -153.557, 0.0303301, -142.657, 0.175688, 123.904, 0.163068, -59.9705
1414, 23.56667, 30.2825, -13.7821, 181.627, 17.0309, 154.325, -153.55, 0.0303958, -142.712, 0.175639, 123.914, 0.163009, -59.9661
1415, 23.57500, 30.3227, -13.8419, 181.788, 17.0237, 154.448, -153.544, 0.0304617, -142.766, 0.175591, 123.925, 0.162949, -59.9618
1415, 23.58333, 30.3629, -13.9019, 181.948, 17.0165, 154.57, -153.537, 0.0305277, -142.821, 0.175542, 123.935, 0.162889, -59.9574
1416, 23.59167, 30.4032, -13.9619, 182.109, 17.0092, 154.693, -153.531, 0.0305939, -142.876, 0.175494, 123.946, 0.162829, -59.9531
1416, 23.60000, 30.4435, -14.022, 182.27, 17.0019, 154.815, -153.524, 0.0306603, -142.931, 0.175445, 123.956, 0.16277, -59.9487
1417, 23.60833, 30.4839, -14.0823, 182.431, 16.9946, 154.938, -153.518, 0.0307268, -142.986, 0.175396, 123.966, 0.16271, -59.9443
1417, 23.61667, 30.5243, -14.1426, 182.592, 16.9873, 155.061, -153.511, 0.0307934, -143.041, 0.175347, 123.977, 0.162649, -59.9399
1418, 23.62500, 30.5648, -14.203, 182.753, 16.98, 155.184, -153.504, 0.0308602, -143.096, 0.175298, 123.987, 0.162589, -59.9356
1418, 23.63333, 30.6054, -14.2636, 182.915, 16.9727, 155.308, -153.498, 0.0309271, -143.152, 0.175249, 123.998, 0.162529, -59.9312
1419, 23.64167, 30.646, -14.3242, 183.076, 16.9653, 155.431, -153.491, 0.0309942, -143.208, 0.175199, 124.008, 0.162468, -59.9268
1419, 23.65000, 30.6866, -14.3849, 183.238, 16.958, 155.554, -153.485, 0.0310615, -143.263, 0.17515, 124.019, 0.162407, -59.9223
1420, 23.65833, 30.7273, -14.4458, 183.4, 16.9506, 155.678, -153.478, 0.0311289, -143.319, 0.1751, 124.03, 0.162347, -59.9179
1420, 23.66667, 30.7681, -14.5067, 183.562, 16.9432, 155.802, -153.472, 0.0311964, -143.375, 0.17505, 124.04, 0.162286, -59.9135
1421, 23.67500, 30.8089, -14.5678, 183.724, 16.9358, 155.926, -153.465, 0.0312641, -143.431, 0.175001, 124.051, 0.162225, -59.9091
1421, 23.68333, 30.8498, -14.6289, 183.886, 16.9284, 156.05, -153.458, 0.031332, -143.488, 0.174951, 124.061, 0.162163, -59.9046
1422, 23.69167, 30.8907, -14.6902, 184.048, 16.9209, 156.174, -153.452, 0.0314, -143.544, 0.1749, 124.072, 0.162102, -59.9002
1422, 23.70000, 30.9317, -14.7515, 184.211, 16.9135, 156.298, -153.445, 0.0314682, -143.601, 0.17485, 124.083, 0.162041, -59.8957
1423, 23.70833, 30.9727, -14.813, 184.373, 16.906, 156.423, -153.439, 0.0315365, -143.657, 0.1748, 124.093, 0.161979, -59.8913
1423, 23.71667, 31.0138, -14.8745, 184.536, 16.8985, 156.547, -153.432, 0.031605, -143.714, 0.174749, 124.104, 0.161918, -59.8868
1424, 23.72500, 31.055, -14.9362, 184.699, 16.891, 156.672, -153.425, 0.0316736, -143.771, 0.174699, 124.115, 0.161856, -59.8823
1424, 23.73333, 31.0962, -14.998, 184.862, 16.8835, 156.797, -153.419, 0.0317424, -143.828, 0.174648, 124.126, 0.161794, -59.8778
1425, 23.74167, 31.1374, -15.0598, 185.025, 16.876, 156.922, -153.412, 0.0318114, -143.885, 0.174597, 124.136, 0.161732, -59.8734
1425, 23.75000, 31.1788, -15.1218, 185.189, 16.8684, 157.047, -153.406, 0.0318804, -143.943, 0.174546, 124.147, 0.16167, -59.8689
1426, 23.75833, 31.2201, -15.1839, 185.352, 16.8609, 157.172, -153.399, 0.0319497, -144, 0.174495, 124.158, 0.161607, -59.8644
1426, 23.76667, 31.2616, -15.246, 185.516, 16.8533, 157.298, -153.392, 0.0320191, -144.058, 0.174444, 124.169, 0.161545, -59.8598
1427, 23.77500, 31.303, -15.3083, 185.679, 16.8457, 157.423, -153.386, 0.0320887, -144.116, 0.174393, 124.18, 0.161482, -59.8553
1427, 23.78333, 31.3446, -15.3707, 185.843, 16.8381, 157.549, -153.379, 0.0321584, -144.173, 0.174341, 124.19, 0.16142, -59.8508
1428, 23.79167, 31.3862, -15.4332, 186.007, 16.8305, 157.675, -153.372, 0.0322283, -144.231, 0.17429, 124.201, 0.161357, -59.8463
1428, 23.80000, 31.4278, -15.4958, 186.171, 16.8228, 157.801, -153.366, 0.0322983, -144.29, 0.174238, 124.212, 0.161294, -59.8417
1429, 23.80833, 31.4695, -15.5585, 186.335, 16.8152, 157.927, -153.359, 0.0323685, -144.348, 0.174186, 124.223, 0.161231, -59.8372
1429, 23.81667, 31.5113, -15.6213, 186.5, 16.8075, 158.053, -153.353, 0.0324389, -144.406, 0.174134, 124.234, 0.161167, -59.8326
1430, 23.82500, 31.5531, -15.6842, 186.664, 16.7998, 158.179, -153.346, 0.0325094, -144.465, 0.174082, 124.245, 0.161104, -59.828
1430, 23.83333, 31.5949, -15.7472, 186.829, 16.7921, 158.306, -153.339, 0.03258, -144.524, 0.17403, 124.256, 0.161041, -59.8235
1431, 23.84167, 31.6368, -15.8103, 186.994, 16.7844, 158.433, -153.333, 0.0326509, -144.582, 0.173978, 124.267, 0.160977, -59.8189
1431, 23.85000, 31.6788, -15.8736, 187.159, 16.7767, 158.559, -153.326, 0.0327219, -144.641, 0.173925, 124.278, 0.160913, -59.8143
1432, 23.85833, 31.7208, -15.9369, 187.324, 16.7689, 158.686, -153.319, 0.032793, -144.7, 0.173873, 124.289, 0.160849, -59.8097
1432, 23.86667, 31.7629, -16.0003, 187.489, 16.7612, 158.814, -153.313, 0.0328643, -144.76, 0.17382, 124.3, 0.160785, -59.8051
1433, 23.87500, 31.8051, -16.0639, 187.654, 16.7534, 158.941, -153.306, 0.0329358, -144.819, 0.173767, 124.312, 0.160721, -59.8005
1433, 23.88333, 31.8473, -16.1275, 187.82, 16.7456, 159.068, -153.299, 0.0330074, -144.879, 0.173714, 124.323, 0.160657, -59.7959
1434, 23.89167, 31.8895, -16.1913, 187.985, 16.7378, 159.196, -153.293, 0.0330792, -144.938, 0.173661, 124.334, 0.160593, -59.7912
1434, 23.90000, 31.9318, -16.2551, 188.151, 16.73, 159.323, -153.286, 0.0331512, -144.998, 0.173608, 124.345, 0.160528, -59.7866
1435, 23.90833, 31.9742, -16.3191, 188.317, 16.7221, 159.451, -153.279, 0.0332233, -145.058, 0.173555, 124.356, 0.160464, -59.782
1435, 23.91667, 32.0166, -16.3832, 188.483, 16.7143, 159.579, -153.273, 0.0332955, -145.118, 0.173501, 124.368, 0.160399, -59.7773
1436, 23.92500, 32.059, -16.4473, 188.649, 16.7064, 159.707, -153.266, 0.033368, -145.178, 0.173448, 124.379, 0.160334, -59.7727
1436, 23.93333, 32.1016, -16.5116, 188.815, 16.6985, 159.836, -153.259, 0.0334406, -145.238, 0.173394, 124.39, 0.160269, -59.768
1437, 23.94167, 32.1441, -16.576, 188.982, 16.6906, 159.964, -153.253, 0.0335133, -145.299, 0.17334, 124.401, 0.160204, -59.7633
1437, 23.95000, 32.1868, -16.6405, 189.148, 16.6827, 160.093, -153.246, 0.0335862, -145.359, 0.173286, 124.413, 0.160139, -59.7586
1438, 23.95833, 32.2294, -16.7051, 189.315, 16.6748, 160.221, -153.239, 0.0336593, -145.42, 0.173232, 124.424, 0.160073, -59.7539
1438, 23.96667, 32.2722, -16.7698, 189.482, 16.6668, 160.35, -153.233, 0.0337326, -145.481, 0.173178, 124.435, 0.160008, -59.7492
1438, 23.97500, 32.315, -16.8347, 189.649, 16.6589, 160.479, -153.226, 0.033806, -145.542, 0.173124, 124.447, 0.159942, -59.7445
1439, 23.98333, 32.3578, -16.8996, 189.816, 16.6509, 160.608, -153.219, 0.0338796, -145.603, 0.173069, 124.458, 0.159876, -59.7398
1440, 23.99167, 32.4007, -16.9646, 189.983, 16.6429, 160.738, -153.213, 0.0339533, -145.664, 0.173015, 124.47, 0.15981, -59.7351
1440, 24.00000, 32.4437, -17.0298, 190.15, 16.6349, 160.867, -153.206, 0.0340272, -145.726, 0.17296, 124.481, 0.159744, -59.7303
1440, 24.00833, 32.4867, -17.095, 190.318, 16.6269, 160.997, -153.199, 0.0341013, -145.787, 0.172905, 124.493, 0.159678, -59.7256
1441, 24.01667, 32.5297, -17.1604, 190.485, 16.6188, 161.126, -153.193, 0.0341755, -145.849, 0.17285, 124.504, 0.159612, -59.7208
1442, 24.02500, 32.5729, -17.2259, 190.653, 16.6108, 161.256, -153.186, 0.0342499, -145.911, 0.172795, 124.516, 0.159545, -59.7161
1442, 24.03333, 32.616, -17.2914, 190.821, 16.6027, 161.386, -153.179, 0.0343244, -145.973, 0.17274, 124.527, 0.159479, -59.7113
1443, 24.04167, 32.6592, -17.3571, 190.989, 16.5946, 161.517, -153.172, 0.0343992, -146.035, 0.172685, 124.539, 0.159412, -59.7065
1443, 24.05000, 32.7025, -17.4229, 191.157, 16.5866, 161.647, -153.166, 0.0344741, -146.097, 0.172629, 124.55, 0.159345, -59.7017
1444, 24.05833, 32.7458, -17.4888, 191.326, 16.5784, 161.777, -153.159, 0.0345491, -146.159, 0.172574, 124.562, 0.159278, -59.6969
1444, 24.06667, 32.7892, -17.5549, 191.494, 16.5703, 161.908, -153.152, 0.0346244, -146.222, 0.172518, 124.574, 0.159211, -59.6921
1445, 24.07500, 32.8327, -17.621, 191.663, 16.5622, 162.039, -153.146, 0.0346998, -146.285, 0.172462, 124.585, 0.159144, -59.6873
1445, 24.08333, 32.8762, -17.6872, 191.831, 16.554, 162.17, -153.139, 0.0347753, -146.347, 0.172406, 124.597, 0.159076, -59.6825
1446, 24.09167, 32.9197, -17.7536, 192, 16.5459, 162.301, -153.132, 0.034851, -146.41, 0.17235, 124.609, 0.159009, -59.6777
1446, 24.10000, 32.9633, -17.82, 192.169, 16.5377, 162.432, -153.126, 0.0349269, -146.473, 0.172294, 124.62, 0.158941, -59.6728
1447, 24.10833, 33.007, -17.8866, 192.338, 16.5295, 162.564, -153.119, 0.035003, -146.536, 0.172238, 124.632, 0.158873, -59.668
1447, 24.11667, 33.0507, -17.9533, 192.508, 16.5213, 162.695, -153.112, 0.0350792, -146.6, 0.172181, 124.644, 0.158805, -59.6631
1448, 24.12500, 33.0944, -18.0201, 192.677, 16.513, 162.827, -153.105, 0.0351556, -146.663, 0.172125, 124.656, 0.158737, -59.6582
1448, 24.13333, 33.1382, -18.087, 192.847, 16.5048, 162.959, -153.099, 0.0352322, -146.727, 0.172068, 124.668, 0.158669, -59.6534
1449, 24.14167, 33.1821, -18.154, 193.016, 16.4965, 163.091, -153.092, 0.0353089, -146.791, 0.172011, 124.68, 0.158601, -59.6485
1449, 24.15000, 33.226, -18.2211, 193.186, 16.4882, 163.223, -153.085, 0.0353858, -146.854, 0.171954, 124.691, 0.158532, -59.6436
1450, 24.15833, 33.27, -18.2883, 193.356, 16.48, 163.356, -153.079, 0.0354629, -146.918, 0.171897, 124.703, 0.158464, -59.6387
1450, 24.16667, 33.314, -18.3557, 193.526, 16.4717, 163.488, -153.072, 0.0355402, -146.983, 0.17184, 124.715, 0.158395, -59.6337
1451, 24.17500, 33.3581, -18.4231, 193.696, 16.4633, 163.621, -153.065, 0.0356176, -147.047, 0.171782, 124.727, 0.158326, -59.6288
1451, 24.18333, 33.4022, -18.4907, 193.867, 16.455, 163.754, -153.058, 0.0356952, -147.111, 0.171725, 124.739, 0.158257, -59.6239
1452, 24.19167, 33.4464, -18.5584, 194.037, 16.4467, 163.887, -153.052, 0.0357729, -147.176, 0.171667, 124.751, 0.158188, -59.6189
1452, 24.20000, 33.4906, -18.6262, 194.208, 16.4383, 164.02, -153.045, 0.0358508, -147.241, 0.171609, 124.763, 0.158119, -59.614
1453, 24.20833, 33.5349, -18.6941, 194.379, 16.4299, 164.153, -153.038, 0.0359289, -147.305, 0.171551, 124.775, 0.158049, -59.609
1453, 24.21667, 33.5793, -18.7621, 194.55, 16.4215, 164.287, -153.032, 0.0360072, -147.37, 0.171493, 124.787, 0.15798, -59.604
1454, 24.22500, 33.6237, -18.8302, 194.721, 16.4131, 164.421, -153.025, 0.0360857, -147.435, 0.171435, 124.8, 0.15791, -59.599
1454, 24.23333, 33.6681, -18.8985, 194.892, 16.4047, 164.554, -153.018, 0.0361643, -147.501, 0.171377, 124.812, 0.15784, -59.5941
1455, 24.24167, 33.7126, -18.9668, 195.063, 16.3963, 164.688, -153.011, 0.0362431, -147.566, 0.171319, 124.824, 0.15777, -59.589
1455, 24.25000, 33.7571, -19.0353, 195.235, 16.3878, 164.823, -153.005, 0.036322, -147.632, 0.17126, 124.836, 0.1577, -59.584
1456, 24.25833, 33.8017, -19.1039, 195.407, 16.3794, 164.957, -152.998, 0.0364011, -147.697, 0.171201, 124.848, 0.15763, -59.579
1456, 24.26667, 33.8464, -19.1726, 195.578, 16.3709, 165.091, -152.991, 0.0364805, -147.763, 0.171143, 124.861, 0.15756, -59.574
1457, 24.27500, 33.8911, -19.2414, 195.75, 16.3624, 165.226, -152.984, 0.0365599, -147.829, 0.171084, 124.873, 0.157489, -59.5689
1457, 24.28333, 33.9359, -19.3103, 195.922, 16.3539, 165.361, -152.978, 0.0366396, -147.895, 0.171025, 124.885, 0.157419, -59.5639
1458, 24.29167, 33.9807, -19.3793, 196.094, 16.3453, 165.496, -152.971, 0.0367194, -147.961, 0.170965, 124.898, 0.157348, -59.5588
1458, 24.30000, 34.0255, -19.4485, 196.267, 16.3368, 165.631, -152.964, 0.0367994, -148.028, 0.170906, 124.91, 0.157277, -59.5537
1459, 24.30833, 34.0704, -19.5178, 196.439, 16.3283, 165.766, -152.957, 0.0368796, -148.094, 0.170847, 124.922, 0.157206, -59.5486
1459, 24.31667, 34.1154, -19.5871, 196.612, 16.3197, 165.902, -152.951, 0.0369599, -148.161, 0.170787, 124.935, 0.157135, -59.5435
1460, 24.32500, 34.1604, -19.6566, 196.785, 16.3111, 166.037, -152.944, 0.0370404, -148.228, 0.170727, 124.947, 0.157063, -59.5384
1460, 24.33333, 34.2055, -19.7262, 196.957, 16.3025, 166.173, -152.937, 0.0371211, -148.295, 0.170667, 124.96, 0.156992, -59.5333
1461, 24.34167, 34.2506, -19.7959, 197.13, 16.2939, 166.309, -152.931, 0.037202, -148.362, 0.170607, 124.972, 0.15692, -59.5282
1461, 24.35000, 34.2958, -19.8658, 197.304, 16.2853, 166.445, -152.924, 0.0372831, -148.429, 0.170547, 124.985, 0.156849, -59.523
1462, 24.35833, 34.341, -19.9357, 197.477, 16.2766, 166.582, -152.917, 0.0373643, -148.496, 0.170487, 124.997, 0.156777, -59.5179
1462, 24.36667, 34.3863, -20.0058, 197.65, 16.268, 166.718, -152.91, 0.0374457, -148.564, 0.170427, 125.01, 0.156705, -59.5127
1463, 24.37500, 34.4316, -20.076, 197.824, 16.2593, 166.855, -152.904, 0.0375273, -148.631, 0.170366, 125.022, 0.156633, -59.5076
1463, 24.38333, 34.477, -20.1463, 197.998, 16.2506, 166.992, -152.897, 0.037609, -148.699, 0.170305, 125.035, 0.15656, -59.5024
1464, 24.39167, 34.5224, -20.2167, 198.171, 16.242, 167.129, -152.89, 0.0376909, -148.767, 0.170245, 125.048, 0.156488, -59.4972
1464, 24.40000, 34.5679, -20.2872, 198.345, 16.2332, 167.266, -152.883, 0.037773, -148.835, 0.170184, 125.06, 0.156415, -59.492
1465, 24.40833, 34.6134, -20.3578, 198.52, 16.2245, 167.403, -152.877, 0.0378553, -148.903, 0.170123, 125.073, 0.156343, -59.4868
1465, 24.41667, 34.659, -20.4286, 198.694, 16.2158, 167.541, -152.87, 0.0379378, -148.972, 0.170061, 125.086, 0.15627, -59.4815
1466, 24.42500, 34.7046, -20.4995, 198.868, 16.207, 167.678, -152.863, 0.0380204, -149.04, 0.17, 125.099, 0.156197, -59.4763
1466, 24.43333, 34.7503, -20.5705, 199.043, 16.1983, 167.816, -152.856, 0.0381032, -149.109, 0.169939, 125.111, 0.156124, -59.4711
1467, 24.44167, 34.796, -20.6416, 199.217, 16.1895, 167.954, -152.85, 0.0381862, -149.177, 0.169877, 125.124, 0.15605, -59.4658
1467, 24.45000, 34.8418, -20.7128, 199.392, 16.1807, 168.092, -152.843, 0.0382694, -149.246, 0.169815, 125.137, 0.155977, -59.4605
1468, 24.45833, 34.8876, -20.7841, 199.567, 16.1719, 168.231, -152.836, 0.0383528, -149.315, 0.169753, 125.15, 0.155904, -59.4552
1468, 24.46667, 34.9335, -20.8556, 199.742, 16.1631, 168.369, -152.829, 0.0384363, -149.384, 0.169691, 125.163, 0.15583, -59.45
1469, 24.47500, 34.9794, -20.9271, 199.918, 16.1542, 168.508, -152.823, 0.03852, -149.454, 0.169629, 125.176, 0.155756, -59.4446
1469, 24.48333, 35.0254, -20.9988, 200.093, 16.1454, 168.647, -152.816, 0.0386039, -149.523, 0.169567, 125.189, 0.155682, -59.4393
1470, 24.49167, 35.0714, -21.0706, 200.268, 16.1365, 168.786, -152.809, 0.038688, -149.593, 0.169505, 125.202, 0.155608, -59.434
1470, 24.50000, 35.1175, -21.1426, 200.444, 16.1276, 168.925, -152.803, 0.0387722, -149.662, 0.169442, 125.215, 0.155534, -59.4287
1471, 24.50833, 35.1636, -21.2146, 200.62, 16.1187, 169.065, -152.796, 0.0388566, -149.732, 0.169379, 125.228, 0.155459, -59.4233
1471, 24.51667, 35.2098, -21.2868, 200.796, 16.1098, 169.204, -152.789, 0.0389413, -149.802, 0.169317, 125.241, 0.155385, -59.4179
1472, 24.52500, 35.256, -21.359, 200.972, 16.1009, 169.344, -152.782, 0.0390261, -149.873, 0.169254, 125.254, 0.15531, -59.4126
1472, 24.53333, 35.3023, -21.4314, 201.148, 16.092, 169.484, -152.776, 0.039111, -149.943, 0.169191, 125.267, 0.155235, -59.4072
1473, 24.54167, 35.3486, -21.5039, 201.324, 16.083, 169.624, -152.769, 0.0391962, -150.013, 0.169127, 125.28, 0.15516, -59.4018
1473, 24.55000, 35.3949, -21.5766, 201.501, 16.0741, 169.765, -152.762, 0.0392815, -150.084, 0.169064, 125.294, 0.155085, -59.3964
1474, 24.55833, 35.4414, -21.6493, 201.678, 16.0651, 169.905, -152.755, 0.039367, -150.155, 0.169, 125.307, 0.15501, -59.391
1474, 24.56667, 35.4878, -21.7222, 201.854, 16.0561, 170.046, -152.749, 0.0394527, -150.225, 0.168937, 125.32, 0.154935, -59.3855
1475, 24.57500, 35.5343, -21.7952, 202.031, 16.0471, 170.187, -152.742, 0.0395386, -150.296, 0.168873, 125.333, 0.154859, -59.3801
1475, 24.58333, 35.5809, -21.8683, 202.208, 16.0381, 170.328, -152.735, 0.0396247, -150.368, 0.168809, 125.347, 0.154784, -59.3746
1476, 24.59167, 35.6275, -21.9415, 202.385, 16.0291, 170.469, -152.729, 0.0397109, -150.439, 0.168745, 125.36, 0.154708, -59.3691
1476, 24.60000, 35.6742, -22.0148, 202.563, 16.02, 170.61, -152.722, 0.0397973, -150.51, 0.168681, 125.374, 0.154632, -59.3637
1477, 24.60833, 35.7209, -22.0883, 202.74, 16.011, 170.752, -152.715, 0.0398839, -150.582, 0.168617, 125.387, 0.154556, -59.3582
1477, 24.61667, 35.7676, -22.1618, 202.918, 16.0019, 170.894, -152.708, 0.0399707, -150.654, 0.168552, 125.4, 0.15448, -59.3527
1478, 24.62500, 35.8144, -22.2355, 203.096, 15.9928, 171.036, -152.702, 0.0400577, -150.725, 0.168487, 125.414, 0.154403, -59.3471
1478, 24.63333, 35.8612, -22.3094, 203.274, 15.9837, 171.178, -152.695, 0.0401449, -150.797, 0.168423, 125.427, 0.154327, -59.3416
1479, 24.64167, 35.9081, -22.3833, 203.452, 15.9746, 171.32, -152.688, 0.0402322, -150.87, 0.168358, 125.441, 0.15425, -59.3361
1479, 24.65000, 35.9551, -22.4573, 203.63, 15.9655, 171.463, -152.682, 0.0403197, -150.942, 0.168293, 125.455, 0.154173, -59.3305
1480, 24.65833, 36.0021, -22.5315, 203.808, 15.9564, 171.605, -152.675, 0.0404075, -151.014, 0.168228, 125.468, 0.154096, -59.3249
1480, 24.66667, 36.0491, -22.6058, 203.987, 15.9472, 171.748, -152.668, 0.0404954, -151.087, 0.168162, 125.482, 0.154019, -59.3193
1481, 24.67500, 36.0962, -22.6802, 204.165, 15.9381, 171.891, -152.661, 0.0405834, -151.16, 0.168097, 125.496, 0.153942, -59.3137
1481, 24.68333, 36.1433, -22.7548, 204.344, 15.9289, 172.035, -152.655, 0.0406717, -151.232, 0.168031, 125.509, 0.153865, -59.3081
1482, 24.69167, 36.1905, -22.8294, 204.523, 15.9197, 172.178, -152.648, 0.0407602, -151.305, 0.167966, 125.523, 0.153787, -59.3025
1482, 24.70000, 36.2377, -22.9042, 204.702, 15.9105, 172.322, -152.641, 0.0408488, -151.379, 0.1679, 125.537, 0.153709, -59.2969
1483, 24.70833, 36.2849, -22.9791, 204.881, 15.9013, 172.466, -152.635, 0.0409376, -151.452, 0.167834, 125.551, 0.153632, -59.2912
1483, 24.71667, 36.3323, -23.0541, 205.06, 15.8921, 172.61, -152.628, 0.0410266, -151.525, 0.167768, 125.564, 0.153554, -59.2856
1484, 24.72500, 36.3796, -23.1292, 205.24, 15.8828, 172.754, -152.621, 0.0411158, -151.599, 0.167701, 125.578, 0.153475, -59.2799
1484, 24.73333, 36.427, -23.2045, 205.419, 15.8736, 172.898, -152.615, 0.0412052, -151.672, 0.167635, 125.592, 0.153397, -59.2742
1485, 24.74167, 36.4745, -23.2799, 205.599, 15.8643, 173.043, -152.608, 0.0412947, -151.746, 0.167568, 125.606, 0.153319, -59.2685
1485, 24.75000, 36.5219, -23.3553, 205.779, 15.855, 173.188, -152.601, 0.0413845, -151.82, 0.167502, 125.62, 0.15324, -59.2628
1486, 24.75833, 36.5695, -23.431, 205.959, 15.8458, 173.333, -152.594, 0.0414744, -151.894, 0.167435, 125.634, 0.153162, -59.257
1486, 24.76667, 36.6171, -23.5067, 206.139, 15.8364, 173.478, -152.588, 0.0415646, -151.969, 0.167368, 125.648, 0.153083, -59.2513
1487, 24.77500, 36.6647, -23.5826, 206.319, 15.8271, 173.623, -152.581, 0.0416549, -152.043, 0.167301, 125.662, 0.153004, -59.2455
1487, 24.78333, 36.7123, -23.6585, 206.5, 15.8178, 173.769, -152.574, 0.0417454, -152.118, 0.167233, 125.676, 0.152925, -59.2398
1488, 24.79167, 36.7601, -23.7346, 206.68, 15.8085, 173.914, -152.568, 0.041836, -152.192, 0.167166, 125.69, 0.152845, -59.234
1488, 24.80000, 36.8078, -23.8109, 206.861, 15.7991, 174.06, -152.561, 0.0419269, -152.267, 0.167098, 125.705, 0.152766, -59.2282
1489, 24.80833, 36.8556, -23.8872, 207.042, 15.7897, 174.207, -152.554, 0.042018, -152.342, 0.167031, 125.719, 0.152686, -59.2224
1489, 24.81667, 36.9035, -23.9637, 207.223, 15.7804, 174.353, -152.548, 0.0421092, -152.417, 0.166963, 125.733, 0.152607, -59.2166
1490, 24.82500, 36.9513, -24.0403, 207.404, 15.771, 174.499, -152.541, 0.0422007, -152.493, 0.166895, 125.747, 0.152527, -59.2107
1490, 24.83333, 36.9993, -24.117, 207.585, 15.7616, 174.646, -152.534, 0.0422923, -152.568, 0.166827, 125.762, 0.152447, -59.2049
1491, 24.84167, 37.0472, -24.1938, 207.766, 15.7522, 174.793, -152.528, 0.0423841, -152.644, 0.166758, 125.776, 0.152367, -59.199
1491, 24.85000, 37.0953, -24.2708, 207.948, 15.7427, 174.94, -152.521, 0.0424761, -152.719, 0.16669, 125.79, 0.152286, -59.1931
1492, 24.85833, 37.1433, -24.3478, 208.13, 15.7333, 175.087, -152.514, 0.0425683, -152.795, 0.166621, 125.805, 0.152206, -59.1872
1492, 24.86667, 37.1914, -24.4251, 208.312, 15.7238, 175.235, -152.508, 0.0426607, -152.871, 0.166553, 125.819, 0.152125, -59.1813
1493, 24.87500, 37.2396, -24.5024, 208.494, 15.7144, 175.383, -152.501, 0.0427532, -152.947, 0.166484, 125.834, 0.152044, -59.1754
1493, 24.88333, 37.2878, -24.5798, 208.676, 15.7049, 175.531, -152.495, 0.042846, -153.024, 0.166415, 125.848, 0.151964, -59.1694
1494, 24.89167, 37.336, -24.6574, 208.858, 15.6954, 175.679, -152.488, 0.0429389, -153.1, 0.166346, 125.863, 0.151882, -59.1635
1494, 24.90000, 37.3843, -24.7351, 209.04, 15.6859, 175.827, -152.481, 0.0430321, -153.177, 0.166276, 125.877, 0.151801, -59.1575
1495, 24.90833, 37.4326, -24.8129, 209.223, 15.6764, 175.976, -152.475, 0.0431254, -153.253, 0.166207, 125.892, 0.15172, -59.1515
1495, 24.91667, 37.4809, -24.8908, 209.406, 15.6669, 176.124, -152.468, 0.0432189, -153.33, 0.166137, 125.907, 0.151638, -59.1455
1496, 24.92500, 37.5293, -24.9689, 209.588, 15.6573, 176.273, -152.461, 0.0433126, -153.407, 0.166068, 125.921, 0.151557, -59.1395
1496, 24.93333, 37.5777, -25.0471, 209.771, 15.6478, 176.422, -152.455, 0.0434065, -153.484, 0.165998, 125.936, 0.151475, -59.1335
1497, 24.94167, 37.6262, -25.1254, 209.954, 15.6382, 176.572, -152.448, 0.0435006, -153.562, 0.165928, 125.951, 0.151393, -59.1274
1497, 24.95000, 37.6747, -25.2038, 210.138, 15.6287, 176.721, -152.442, 0.0435949, -153.639, 0.165858, 125.966, 0.151311, -59.1214
1498, 24.95833, 37.7233, -25.2824, 210.321, 15.6191, 176.871, -152.435, 0.0436894, -153.717, 0.165787, 125.98, 0.151229, -59.1153
1498, 24.96667, 37.7719, -25.361, 210.505, 15.6095, 177.021, -152.428, 0.043784, -153.794, 0.165717, 125.995, 0.151146, -59.1092
1499, 24.97500, 37.8205, -25.4398, 210.688, 15.5999, 177.171, -152.422, 0.0438789, -153.872, 0.165646, 126.01, 0.151064, -59.1031
1499, 24.98333, 37.8692, -25.5188, 210.872, 15.5903, 177.321, -152.415, 0.0439739, -153.95, 0.165575, 126.025, 0.150981, -59.097
1500, 24.99167, 37.9179, -25.5978, 211.056, 15.5806, 177.472, -152.409, 0.0440691, -154.029, 0.165504, 126.04, 0.150898, -59.0908
1500, 25.00000, 37.9667, -25.677, 211.24, 15.571, 177.623, -152.402, 0.0441646, -154.107, 0.165433, 126.055, 0.150815, -59.0847
1501, 25.00833, 38.0155, -25.7563, 211.424, 15.5613, 177.774, -152.396, 0.0442602, -154.185, 0.165362, 126.07, 0.150732, -59.0785
1501, 25.01667, 38.0643, -25.8357, 211.609, 15.5517, 177.925, -152.389, 0.044356, -154.264, 0.165291, 126.085, 0.150649, -59.0723
1502, 25.02500, 38.1132, -25.9152, 211.793, 15.542, 178.076, -152.382, 0.044452, -154.343, 0.165219, 126.1, 0.150565, -59.0661
1502, 25.03333, 38.1621, -25.9949, 211.978, 15.5323, 178.228, -152.376, 0.0445482, -154.421, 0.165148, 126.116, 0.150482, -59.0599
1503, 25.04167, 38.2111, -26.0747, 212.163, 15.5226, 178.379, -152.369, 0.0446446, -154.501, 0.165076, 126.131, 0.150398, -59.0537
1503, 25.05000, 38.26, -26.1546, 212.348, 15.5129, 178.531, -152.363, 0.0447411, -154.58, 0.165004, 126.146, 0.150314, -59.0474
1504, 25.05833, 38.3091, -26.2346, 212.533, 15.5032, 178.684, -152.356, 0.0448379, -154.659, 0.164932, 126.161, 0.15023, -59.0412
1504, 25.06667, 38.3581, -26.3148, 212.718, 15.4934, 178.836, -152.35, 0.0449349, -154.738, 0.16486, 126.177, 0.150146, -59.0349
1505, 25.07500, 38.4072, -26.3951, 212.903, 15.4837, 178.989, -152.343, 0.045032, -154.818, 0.164787, 126.192, 0.150061, -59.0286
1505, 25.08333, 38.4564, -26.4755, 213.089, 15.474, 179.142, -152.337, 0.0451294, -154.898, 0.164715, 126.207, 0.149977, -59.0223
1506, 25.09167, 38.5056, -26.5561, 213.275, 15.4642, 179.295, -152.33, 0.0452269, -154.978, 0.164642, 126.223, 0.149892, -59.016
1506, 25.10000, 38.5548, -26.6367, 213.46, 15.4544, 179.448, -152.324, 0.0453246, -155.058, 0.164569, 126.238, 0.149807, -59.0096
1507, 25.10833, 38.604, -26.7175, 213.646, 15.4446, 179.601, -152.317, 0.0454226, -155.138, 0.164496, 126.254, 0.149722, -59.0033
1507, 25.11667, 38.6533, -26.7984, 213.832, 15.4348, 179.755, -152.311, 0.0455207, -155.218, 0.164423, 126.269, 0.149637, -58.9969
1508, 25.12500, 38.7026, -26.8795, 214.019, 15.425, 179.909, -152.304, 0.045619, -155.299, 0.16435, 126.285, 0.149552, -58.9905
1508, 25.13333, 38.752, -26.9606, 214.205, 15.4152, 180.063, -152.298, 0.0457175, -155.379, 0.164276, 126.301, 0.149466, -58.9841
1509, 25.14167, 38.8014, -27.0419, 214.391, 15.4054, 180.217, -152.291, 0.0458162, -155.46, 0.164203, 126.316, 0.149381, -58.9776
1509, 25.15000, 38.8508, -27.1233, 214.578, 15.3955, 180.372, -152.285, 0.0459151, -155.541, 0.164129, 126.332, 0.149295, -58.9712
1510, 25.15833, 38.9002, -27.2049, 214.765, 15.3857, 180.527, -152.278, 0.0460142, -155.622, 0.164055, 126.348, 0.149209, -58.9647
1510, 25.16667, 38.9497, -27.2865, 214.952, 15.3758, 180.682, -152.272, 0.0461134, -155.703, 0.163981, 126.363, 0.149123, -58.9582
1511, 25.17500, 38.9993, -27.3683, 215.139, 15.366, 180.837, -152.265, 0.0462129, -155.785, 0.163907, 126.379, 0.149037, -58.9517
1511, 25.18333, 39.0488, -27.4502, 215.326, 15.3561, 180.992, -152.259, 0.0463126, -155.866, 0.163832, 126.395, 0.14895, -58.9452
1512, 25.19167, 39.0984, -27.5323, 215.514, 15.3462, 181.148, -152.252, 0.0464124, -155.948, 0.163758, 126.411, 0.148864, -58.9387
1512, 25.20000, 39.1481, -27.6144, 215.701, 15.3363, 181.304, -152.246, 0.0465125, -156.029, 0.163683, 126.427, 0.148777, -58.9321
1513, 25.20833, 39.1977, -27.6967, 215.889, 15.3264, 181.46, -152.239, 0.0466127, -156.111, 0.163609, 126.443, 0.14869, -58.9256
1513, 25.21667, 39.2474, -27.7792, 216.077, 15.3165, 181.616, -152.233, 0.0467132, -156.193, 0.163534, 126.459, 0.148603, -58.919
1514, 25.22500, 39.2972, -27.8617, 216.264, 15.3066, 181.773, -152.227, 0.0468138, -156.276, 0.163458, 126.475, 0.148516, -58.9124
1514, 25.23333, 39.3469, -27.9444, 216.453, 15.2966, 181.929, -152.22, 0.0469147, -156.358, 0.163383, 126.491, 0.148429, -58.9058
1515, 25.24167, 39.3967, -28.0272, 216.641, 15.2867, 182.086, -152.214, 0.0470157, -156.44, 0.163308, 126.507, 0.148341, -58.8991
1515, 25.25000, 39.4466, -28.1101, 216.829, 15.2767, 182.244, -152.207, 0.0471169, -156.523, 0.163232, 126.524, 0.148253, -58.8925
1516, 25.25833, 39.4964, -28.1931, 217.018, 15.2667, 182.401, -152.201, 0.0472183, -156.606, 0.163156, 126.54, 0.148166, -58.8858
1516, 25.26667, 39.5463, -28.2763, 217.206, 15.2568, 182.559, -152.195, 0.0473199, -156.689, 0.16308, 126.556, 0.148078, -58.8791
1517, 25.27500, 39.5962, -28.3596, 217.395, 15.2468, 182.716, -152.188, 0.0474217, -156.772, 0.163004, 126.573, 0.14799, -58.8724
1517, 25.28333, 39.6462, -28.443, 217.584, 15.2368, 182.874, -152.182, 0.0475237, -156.855, 0.162928, 126.589, 0.147901, -58.8657
1518, 25.29167, 39.6962, -28.5266, 217.773, 15.2268, 183.033, -152.176, 0.047626, -156.938, 0.162852, 126.605, 0.147813, -58.8589
1518, 25.30000, 39.7462, -28.6103, 217.962, 15.2168, 183.191, -152.169, 0.0477283, -157.022, 0.162775, 126.622, 0.147724, -58.8521
1519, 25.30833, 39.7963, -28.6941, 218.152, 15.2067, 183.35, -152.163, 0.0478309, -157.106, 0.162699, 126.638, 0.147636, -58.8453
1519, 25.31667, 39.8463, -28.778, 218.341, 15.1967, 183.509, -152.157, 0.0479337, -157.189, 0.162622, 126.655, 0.147547, -58.8385
1520, 25.32500, 39.8964, -28.8621, 218.531, 15.1867, 183.668, -152.15, 0.0480367, -157.273, 0.162545, 126.671, 0.147458, -58.8317
1520, 25.33333, 39.9466, -28.9462, 218.721, 15.1766, 183.828, -152.144, 0.0481399, -157.357, 0.162468, 126.688, 0.147368, -58.8249
1521, 25.34167, 39.9967, -29.0306, 218.911, 15.1666, 183.987, -152.138, 0.0482432, -157.442, 0.162391, 126.705, 0.147279, -58.818
1521, 25.35000, 40.0469, -29.115, 219.101, 15.1565, 184.147, -152.131, 0.0483468, -157.526, 0.162313, 126.721, 0.147189, -58.8111
1522, 25.35833, 40.0972, -29.1995, 219.291, 15.1464, 184.307, -152.125, 0.0484506, -157.61, 0.162235, 126.738, 0.1471, -58.8042
1522, 25.36667, 40.1474, -29.2842, 219.482, 15.1363, 184.468, -152.119, 0.0485545, -157.695, 0.162158, 126.755, 0.14701, -58.7973
1523, 25.37500, 40.1977, -29.3691, 219.672, 15.1262, 184.628, -152.112, 0.0486587, -157.78, 0.16208, 126.772, 0.14692, -58.7904
1523, 25.38333, 40.248, -29.454, 219.863, 15.1161, 184.789, -152.106, 0.048763, -157.865, 0.162002, 126.789, 0.14683, -58.7834
1524, 25.39167, 40.2983, -29.5391, 220.054, 15.106, 184.95, -152.1, 0.0488676, -157.95, 0.161923, 126.806, 0.146739, -58.7764
1524, 25.40000, 40.3487, -29.6243, 220.245, 15.0959, 185.111, -152.094, 0.0489723, -158.035, 0.161845, 126.823, 0.146649, -58.7694
1525, 25.40833, 40.3991, -29.7096, 220.436, 15.0858, 185.273, -152.087, 0.0490772, -158.121, 0.161766, 126.84, 0.146558, -58.7624
1525, 25.41667, 40.4495, -29.795, 220.627, 15.0756, 185.434, -152.081, 0.0491824, -158.206, 0.161688, 126.857, 0.146467, -58.7554
1526, 25.42500, 40.4999, -29.8806, 220.818, 15.0655, 185.596, -152.075, 0.0492877, -158.292, 0.161609, 126.874, 0.146376, -58.7483
1526, 25.43333, 40.5504, -29.9663, 221.01, 15.0553, 185.758, -152.069, 0.0493932, -158.378, 0.16153, 126.891, 0.146285, -58.7412
1527, 25.44167, 40.6009, -30.0521, 221.202, 15.0452, 185.921, -152.063, 0.0494989, -158.464, 0.161451, 126.908, 0.146194, -58.7341
1527, 25.45000, 40.6514, -30.1381, 221.394, 15.035, 186.083, -152.056, 0.0496048, -158.55, 0.161371, 126.926, 0.146102, -58.727
1528, 25.45833, 40.702, -30.2242, 221.586, 15.0248, 186.246, -152.05, 0.0497109, -158.636, 0.161292, 126.943, 0.146011, -58.7199
1528, 25.46667, 40.7525, -30.3104, 221.778, 15.0147, 186.409, -152.044, 0.0498173, -158.722, 0.161212, 126.96, 0.145919, -58.7127
1529, 25.47500, 40.8031, -30.3967, 221.97, 15.0045, 186.573, -152.038, 0.0499238, -158.809, 0.161132, 126.978, 0.145827, -58.7055
1529, 25.48333, 40.8537, -30.4832, 222.162, 14.9943, 186.736, -152.032, 0.0500305, -158.895, 0.161052, 126.995, 0.145735, -58.6983
1530, 25.49167, 40.9044, -30.5698, 222.355, 14.9841, 186.9, -152.026, 0.0501374, -158.982, 0.160972, 127.013, 0.145643, -58.6911
1530, 25.50000, 40.955, -30.6565, 222.548, 14.9738, 187.064, -152.019, 0.0502444, -159.069, 0.160892, 127.03, 0.14555, -58.6839
1531, 25.50833, 41.0057, -30.7433, 222.741, 14.9636, 187.228, -152.013, 0.0503517, -159.156, 0.160811, 127.048, 0.145457, -58.6766
1531, 25.51667, 41.0564, -30.8303, 222.934, 14.9534, 187.393, -152.007, 0.0504592, -159.244, 0.160731, 127.065, 0.145365, -58.6693
1532, 25.52500, 41.1071, -30.9174, 223.127, 14.9432, 187.558, -152.001, 0.0505669, -159.331, 0.16065, 127.083, 0.145272, -58.662
1532, 25.53333, 41.1579, -31.0046, 223.32, 14.9329, 187.723, -151.995, 0.0506747, -159.419, 0.160569, 127.101, 0.145179, -58.6547
1533, 25.54167, 41.2087, -31.092, 223.514, 14.9227, 187.888, -151.989, 0.0507828, -159.506, 0.160488, 127.119, 0.145085, -58.6473
1533, 25.55000, 41.2595, -31.1794, 223.707, 14.9124, 188.053, -151.983, 0.0508911, -159.594, 0.160407, 127.137, 0.144992, -58.6399
1534, 25.55833, 41.3103, -31.267, 223.901, 14.9021, 188.219, -151.977, 0.0509995, -159.682, 0.160325, 127.154, 0.144898, -58.6326
1534, 25.56667, 41.3611, -31.3548, 224.095, 14.8919, 188.385, -151.971, 0.0511082, -159.77, 0.160244, 127.172, 0.144805, -58.6251
1535, 25.57500, 41.412, -31.4426, 224.289, 14.8816, 188.551, -151.965, 0.0512171, -159.858, 0.160162, 127.19, 0.144711, -58.6177
1535, 25.58333, 41.4628, -31.5306, 224.483, 14.8713, 188.718, -151.959, 0.0513261, -159.947, 0.16008, 127.208, 0.144617, -58.6102
1536, 25.59167, 41.5137, -31.6187, 224.677, 14.861, 188.884, -151.953, 0.0514354, -160.035, 0.159998, 127.226, 0.144522, -58.6028
1536, 25.60000, 41.5646, -31.707, 224.872, 14.8507, 189.051, -151.947, 0.0515448, -160.124, 0.159915, 127.245, 0.144428, -58.5953
1537, 25.60833, 41.6156, -31.7953, 225.067, 14.8404, 189.218, -151.941, 0.0516544, -160.213, 0.159833, 127.263, 0.144333, -58.5877
1537, 25.61667, 41.6665, -31.8838, 225.261, 14.8301, 189.386, -151.935, 0.0517643, -160.302, 0.15975, 127.281, 0.144239, -58.5802
1538, 25.62500, 41.7175, -31.9724, 225.456, 14.8198, 189.554, -151.929, 0.0518743, -160.391, 0.159668, 127.299, 0.144144, -58.5726
1538, 25.63333, 41.7685, -32.0612, 225.651, 14.8095, 189.721, -151.923, 0.0519845, -160.48, 0.159585, 127.318, 0.144049, -58.565
1539, 25.64167, 41.8195, -32.15, 225.847, 14.7991, 189.89, -151.917, 0.0520949, -160.57, 0.159502, 127.336, 0.143953, -58.5574
1539, 25.65000, 41.8705, -32.239, 226.042, 14.7888, 190.058, -151.911, 0.0522055, -160.659, 0.159418, 127.355, 0.143858, -58.5498
1540, 25.65833, 41.9216, -32.3282, 226.238, 14.7784, 190.227, -151.905, 0.0523163, -160.749, 0.159335, 127.373, 0.143762, -58.5421
1540, 25.66667, 41.9726, -32.4174, 226.433, 14.7681, 190.395, -151.899, 0.0524274, -160.839, 0.159251, 127.392, 0.143666, -58.5344
1541, 25.67500, 42.0237, -32.5068, 226.629, 14.7577, 190.565, -151.893, 0.0525385, -160.929, 0.159168, 127.41, 0.143571, -58.5267
1541, 25.68333, 42.0748, -32.5963, 226.825, 14.7474, 190.734, -151.887, 0.0526499, -161.019, 0.159084, 127.429, 0.143474, -58.519
1542, 25.69167, 42.1259, -32.6859, 227.021, 14.737, 190.904, -151.882, 0.0527615, -161.109, 0.159, 127.448, 0.143378, -58.5112
1542, 25.70000, 42.177, -32.7757, 227.217, 14.7267, 191.073, -151.876, 0.0528733, -161.199, 0.158915, 127.466, 0.143282, -58.5034
1543, 25.70833, 42.2281, -32.8656, 227.414, 14.7163, 191.243, -151.87, 0.0529853, -161.29, 0.158831, 127.485, 0.143185, -58.4956
1543, 25.71667, 42.2793, -32.9556, 227.611, 14.7059, 191.414, -151.864, 0.0530975, -161.381, 0.158746, 127.504, 0.143088, -58.4878
1544, 25.72500, 42.3304, -33.0457, 227.807, 14.6955, 191.584, -151.858, 0.0532098, -161.471, 0.158662, 127.523, 0.142991, -58.48
1544, 25.73333, 42.3816, -33.136, 228.004, 14.6851, 191.755, -151.853, 0.0533224, -161.562, 0.158577, 127.542, 0.142894, -58.4721
1545, 25.74167, 42.4328, -33.2264, 228.201, 14.6747, 191.926, -151.847, 0.0534352, -161.654, 0.158492, 127.561, 0.142797, -58.4642
1545, 25.75000, 42.484, -33.3169, 228.398, 14.6643, 192.098, -151.841, 0.0535481, -161.745, 0.158406, 127.58, 0.1427, -58.4563
1546, 25.75833, 42.5352, -33.4075, 228.596, 14.6539, 192.269, -151.835, 0.0536613, -161.836, 0.158321, 127.599, 0.142602, -58.4483
1546, 25.76667, 42.5864, -33.4983, 228.793, 14.6435, 192.441, -151.829, 0.0537746, -161.928, 0.158235, 127.618, 0.142504, -58.4403
1547, 25.77500, 42.6377, -33.5892, 228.991, 14.6331, 192.613, -151.824, 0.0538881, -162.019, 0.15815, 127.638, 0.142406, -58.4324
1547, 25.78333, 42.6889, -33.6802, 229.189, 14.6227, 192.786, -151.818, 0.0540019, -162.111, 0.158064, 127.657, 0.142308, -58.4243
1548, 25.79167, 42.7402, -33.7713, 229.387, 14.6122, 192.958, -151.812, 0.0541158, -162.203, 0.157977, 127.676, 0.14221, -58.4163
1548, 25.80000, 42.7914, -33.8626, 229.585, 14.6018, 193.131, -151.807, 0.0542299, -162.295, 0.157891, 127.696, 0.142111, -58.4082
1549, 25.80833, 42.8427, -33.954, 229.783, 14.5914, 193.304, -151.801, 0.0543442, -162.388, 0.157805, 127.715, 0.142013, -58.4001
1549, 25.81667, 42.894, -34.0455, 229.981, 14.5809, 193.478, -151.795, 0.0544588, -162.48, 0.157718, 127.735, 0.141914, -58.392
1550, 25.82500, 42.9453, -34.1372, 230.18, 14.5705, 193.651, -151.79, 0.0545735, -162.572, 0.157631, 127.754, 0.141815, -58.3838
1550, 25.83333, 42.9966, -34.2289, 230.378, 14.5601, 193.825, -151.784, 0.0546883, -162.665, 0.157544, 127.774, 0.141716, -58.3757
1551, 25.84167, 43.0479, -34.3209, 230.577, 14.5496, 193.999, -151.778, 0.0548034, -162.758, 0.157457, 127.794, 0.141617, -58.3675
1551, 25.85000, 43.0992, -34.4129, 230.776, 14.5392, 194.174, -151.773, 0.0549187, -162.851, 0.15737, 127.813, 0.141517, -58.3593
1552, 25.85833, 43.1506, -34.505, 230.975, 14.5287, 194.348, -151.767, 0.0550342, -162.944, 0.157282, 127.833, 0.141417, -58.351
1552, 25.86667, 43.2019, -34.5973, 231.175, 14.5182, 194.523, -151.762, 0.0551499, -163.037, 0.157195, 127.853, 0.141318, -58.3427
1553, 25.87500, 43.2532, -34.6897, 231.374, 14.5078, 194.698, -151.756, 0.0552657, -163.131, 0.157107, 127.873, 0.141218, -58.3344
1553, 25.88333, 43.3046, -34.7822, 231.574, 14.4973, 194.874, -151.751, 0.0553818, -163.224, 0.157019, 127.893, 0.141117, -58.3261
1554, 25.89167, 43.356, -34.8749, 231.774, 14.4868, 195.049, -151.745, 0.055498, -163.318, 0.156931, 127.913, 0.141017, -58.3177
1554, 25.90000, 43.4073, -34.9677, 231.974, 14.4764, 195.225, -151.74, 0.0556145, -163.411, 0.156843, 127.933, 0.140917, -58.3094
1555, 25.90833, 43.4587, -35.0606, 232.174, 14.4659, 195.402, -151.734, 0.0557311, -163.505, 0.156754, 127.953, 0.140816, -58.301
1555, 25.91667, 43.5101, -35.1536, 232.374, 14.4554, 195.578, -151.729, 0.0558479, -163.599, 0.156665, 127.974, 0.140715, -58.2925
1556, 25.92500, 43.5614, -35.2467, 232.574, 14.4449, 195.755, -151.723, 0.055965, -163.694, 0.156576, 127.994, 0.140614, -58.2841
1556, 25.93333, 43.6128, -35.34, 232.775, 14.4344, 195.932, -151.718, 0.0560822, -163.788, 0.156487, 128.014, 0.140513, -58.2756
1557, 25.94167, 43.6642, -35.4334, 232.976, 14.4239, 196.109, -151.712, 0.0561996, -163.883, 0.156398, 128.035, 0.140411, -58.2671
1557, 25.95000, 43.7156, -35.527, 233.176, 14.4135, 196.286, -151.707, 0.0563172, -163.977, 0.156309, 128.055, 0.14031, -58.2585
1558, 25.95833, 43.767, -35.6206, 233.377, 14.403, 196.464, -151.702, 0.0564349, -164.072, 0.156219, 128.076, 0.140208, -58.2499
1558, 25.96667, 43.8184, -35.7144, 233.579, 14.3925, 196.642, -151.696, 0.0565529, -164.167, 0.15613, 128.096, 0.140106, -58.2413
1559, 25.97500, 43.8697, -35.8083, 233.78, 14.382, 196.821, -151.691, 0.0566711, -164.262, 0.15604, 128.117, 0.140004, -58.2327
1559, 25.98333, 43.9211, -35.9023, 233.981, 14.3715, 196.999, -151.686, 0.0567895, -164.357, 0.15595, 128.138, 0.139902, -58.2241
1560, 25.99167, 43.9725, -35.9965, 234.183, 14.361, 197.178, -151.68, 0.056908, -164.452, 0.155859, 128.158, 0.139799, -58.2154
1560, 26.00000, 44.0239, -36.0907, 234.385, 14.3505, 197.357, -151.675, 0.0570267, -164.548, 0.155769, 128.179, 0.139697, -58.2067
1561, 26.00833, 44.0753, -36.1851, 234.587, 14.3399, 197.536, -151.67, 0.0571457, -164.643, 0.155678, 128.2, 0.139594, -58.1979
1561, 26.01667, 44.1267, -36.2797, 234.789, 14.3294, 197.716, -151.664, 0.0572648, -164.739, 0.155587, 128.221, 0.139491, -58.1892
1562, 26.02500, 44.1781, -36.3743, 234.991, 14.3189, 197.896, -151.659, 0.0573841, -164.835, 0.155497, 128.242, 0.139388, -58.1804
1562, 26.03333, 44.2295, -36.4691, 235.194, 14.3084, 198.076, -151.654, 0.0575036, -164.931, 0.155405, 128.263, 0.139285, -58.1716
1563, 26.04167, 44.2809, -36.564, 235.396, 14.2979, 198.256, -151.649, 0.0576233, -165.027, 0.155314, 128.284, 0.139181, -58.1627
1563, 26.05000, 44.3323, -36.659, 235.599, 14.2874, 198.437, -151.643, 0.0577432, -165.123, 0.155223, 128.306, 0.139077, -58.1538
1564, 26.05833, 44.3837, -36.7541, 235.802, 14.2769, 198.618, -151.638, 0.0578633, -165.22, 0.155131, 128.327, 0.138974, -58.1449
1564, 26.06667, 44.4351, -36.8494, 236.005, 14.2663, 198.799, -151.633, 0.0579835, -165.316, 0.155039, 128.348, 0.13887, -58.136
1565, 26.07500, 44.4864, -36.9448, 236.208, 14.2558, 198.98, -151.628, 0.058104, -165.413, 0.154947, 128.37, 0.138765, -58.127
1565, 26.08333, 44.5378, -37.0403, 236.412, 14.2453, 199.162, -151.623, 0.0582246, -165.51, 0.154855, 128.391, 0.138661, -58.118
1566, 26.09167, 44.5892, -37.1359, 236.615, 14.2348, 199.344, -151.618, 0.0583454, -165.607, 0.154762, 128.413, 0.138556, -58.109
1566, 26.10000, 44.6406, -37.2317, 236.819, 14.2243, 199.526, -151.613, 0.0584665, -165.704, 0.15467, 128.434, 0.138452, -58.0999
1567, 26.10833, 44.6919, -37.3275, 237.023, 14.2137, 199.709, -151.608, 0.0585877, -165.801, 0.154577, 128.456, 0.138347, -58.0908
1567, 26.11667, 44.7433, -37.4235, 237.227, 14.2032, 199.892, -151.603, 0.0587091, -165.899, 0.154484, 128.478, 0.138242, -58.0817
1568, 26.12500, 44.7946, -37.5197, 237.431, 14.1927, 200.075, -151.598, 0.0588306, -165.996, 0.154391, 128.5, 0.138136, -58.0726
1568, 26.13333, 44.846, -37.6159, 237.635, 14.1822, 200.258, -151.593, 0.0589524, -166.094, 0.154298, 128.522, 0.138031, -58.0634
1569, 26.14167, 44.8973, -37.7123, 237.84, 14.1716, 200.442, -151.588, 0.0590744, -166.192, 0.154204, 128.544, 0.137925, -58.0542
1569, 26.15000, 44.9487, -37.8088, 238.045, 14.1611, 200.626, -151.583, 0.0591965, -166.289, 0.154111, 128.566, 0.137819, -58.0449
1570, 26.15833, 45, -37.9054, 238.249, 14.1506, 200.81, -151.578, 0.0593188, -166.387, 0.154017, 128.588, 0.137713, -58.0357
1570, 26.16667, 45.0513, -38.0021, 238.454, 14.1401, 200.994, -151.573, 0.0594414, -166.486, 0.153923, 128.61, 0.137607, -58.0264
1571, 26.17500, 45.1026, -38.099, 238.66, 14.1296, 201.179, -151.568, 0.059564, -166.584, 0.153829, 128.632, 0.137501, -58.017
1571, 26.18333, 45.1539, -38.1959, 238.865, 14.119, 201.364, -151.563, 0.0596869, -166.682, 0.153734, 128.654, 0.137394, -58.0077
1572, 26.19167, 45.2052, -38.293, 239.07, 14.1085, 201.549, -151.558, 0.05981, -166.781, 0.15364, 128.677, 0.137288, -57.9983
1572, 26.20000, 45.2565, -38.3902, 239.276, 14.098, 201.734, -151.553, 0.0599333, -166.88, 0.153545, 128.699, 0.137181, -57.9888
1573, 26.20833, 45.3077, -38.4876, 239.482, 14.0875, 201.92, -151.548, 0.0600567, -166.979, 0.15345, 128.722, 0.137074, -57.9794
1573, 26.21667, 45.359, -38.5851, 239.688, 14.0769, 202.106, -151.544, 0.0601803, -167.078, 0.153355, 128.744, 0.136966, -57.9699
1574, 26.22500, 45.4102, -38.6826, 239.894, 14.0664, 202.293, -151.539, 0.0603042, -167.177, 0.15326, 128.767, 0.136859, -57.9604
1574, 26.23333, 45.4614, -38.7803, 240.1, 14.0559, 202.479, -151.534, 0.0604282, -167.276, 0.153164, 128.79, 0.136751, -57.9508
1575, 26.24167, 45.5127, -38.8782, 240.307, 14.0454, 202.666, -151.529, 0.0605523, -167.375, 0.153069, 128.812, 0.136644, -57.9412
1575, 26.25000, 45.5639, -38.9761, 240.514, 14.0349, 202.853, -151.524, 0.0606767, -167.475, 0.152973, 128.835, 0.136536, -57.9316
1576, 26.25833, 45.6151, -39.0742, 240.72, 14.0243, 203.04, -151.52, 0.0608013, -167.575, 0.152877, 128.858, 0.136428, -57.9219
1576, 26.26667, 45.6662, -39.1723, 240.927, 14.0138, 203.228, -151.515, 0.060926, -167.674, 0.15278, 128.881, 0.136319, -57.9123
1577, 26.27500, 45.7174, -39.2706, 241.135, 14.0033, 203.416, -151.51, 0.0610509, -167.774, 0.152684, 128.904, 0.136211, -57.9025
1577, 26.28333, 45.7686, -39.3691, 241.342, 13.9928, 203.604, -151.506, 0.061176, -167.874, 0.152588, 128.928, 0.136102, -57.8928
1578, 26.29167, 45.8197, -39.4676, 241.549, 13.9823, 203.793, -151.501, 0.0613013, -167.974, 0.152491, 128.951, 0.135993, -57.883
1578, 26.30000, 45.8708, -39.5663, 241.757, 13.9718, 203.982, -151.497, 0.0614268, -168.075, 0.152394, 128.974, 0.135884, -57.8732
1579, 26.30833, 45.9219, -39.665, 241.965, 13.9613, 204.171, -151.492, 0.0615524, -168.175, 0.152297, 128.998, 0.135775, -57.8633
1579, 26.31667, 45.973, -39.7639, 242.173, 13.9508, 204.36, -151.487, 0.0616783, -168.276, 0.152199, 129.021, 0.135665, -57.8534
1580, 26.32500, 46.0241, -39.863, 242.381, 13.9403, 204.55, -151.483, 0.0618043, -168.377, 0.152102, 129.045, 0.135556, -57.8435
1580, 26.33333, 46.0751, -39.9621, 242.59, 13.9298, 204.74, -151.478, 0.0619305, -168.477, 0.152004, 129.068, 0.135446, -57.8335
1581, 26.34167, 46.1261, -40.0613, 242.798, 13.9193, 204.93, -151.474, 0.0620568, -168.578, 0.151906, 129.092, 0.135336, -57.8236
1581, 26.35000, 46.1771, -40.1607, 243.007, 13.9088, 205.12, -151.469, 0.0621834, -168.679, 0.151808, 129.116, 0.135226, -57.8135
1582, 26.35833, 46.2281, -40.2602, 243.216, 13.8983, 205.311, -151.465, 0.0623101, -168.781, 0.15171, 129.14, 0.135115, -57.8035
1582, 26.36667, 46.2791, -40.3598, 243.425, 13.8878, 205.502, -151.46, 0.062437, -168.882, 0.151612, 129.163, 0.135005, -57.7934
1583, 26.37500, 46.3301, -40.4595, 243.634, 13.8773, 205.693, -151.456, 0.0625641, -168.984, 0.151513, 129.187, 0.134894, -57.7832
1583, 26.38333, 46.381, -40.5594, 243.843, 13.8668, 205.885, -151.452, 0.0626914, -169.085, 0.151414, 129.212, 0.134783, -57.7731
1584, 26.39167, 46.4319, -40.6593, 244.053, 13.8563, 206.077, -151.447, 0.0628189, -169.187, 0.151315, 129.236, 0.134672, -57.7629
1584, 26.40000, 46.4828, -40.7594, 244.263, 13.8459, 206.269, -151.443, 0.0629465, -169.289, 0.151216, 129.26, 0.134561, -57.7526
1585, 26.40833, 46.5337, -40.8596, 244.473, 13.8354, 206.461, -151.439, 0.0630743, -169.391, 0.151117, 129.284, 0.134449, -57.7424
1585, 26.41667, 46.5845, -40.9599, 244.683, 13.8249, 206.654, -151.434, 0.0632023, -169.493, 0.151017, 129.309, 0.134337, -57.732
1586, 26.42500, 46.6353, -41.0603, 244.893, 13.8144, 206.847, -151.43, 0.0633305, -169.595, 0.150917, 129.333, 0.134226, -57.7217
1586, 26.43333, 46.6861, -41.1609, 245.103, 13.804, 207.04, -151.426, 0.0634588, -169.698, 0.150817, 129.358, 0.134114, -57.7113
1587, 26.44167, 46.7369, -41.2616, 245.314, 13.7935, 207.234, -151.422, 0.0635873, -169.8, 0.150717, 129.382, 0.134001, -57.7009
1587, 26.45000, 46.7877, -41.3623, 245.525, 13.7831, 207.427, -151.417, 0.063716, -169.903, 0.150617, 129.407, 0.133889, -57.6904
1588, 26.45833, 46.8384, -41.4632, 245.736, 13.7726, 207.621, -151.413, 0.0638449, -170.006, 0.150516, 129.432, 0.133776, -57.68
1588, 26.46667, 46.8891, -41.5642, 245.947, 13.7622, 207.816, -151.409, 0.063974, -170.108, 0.150416, 129.457, 0.133664, -57.6694
1589, 26.47500, 46.9397, -41.6653, 246.158, 13.7517, 208.01, -151.405, 0.0641032, -170.211, 0.150315, 129.482, 0.133551, -57.6589
1589, 26.48333, 46.9904, -41.7666, 246.37, 13.7413, 208.205, -151.401, 0.0642326, -170.315, 0.150214, 129.507, 0.133437, -57.6483
1590, 26.49167, 47.041, -41.8679, 246.582, 13.7308, 208.401, -151.397, 0.0643622, -170.418, 0.150112, 129.532, 0.133324, -57.6376
1590, 26.50000, 47.0916, -41.9694, 246.794, 13.7204, 208.596, -151.393, 0.0644919, -170.521, 0.150011, 129.557, 0.133211, -57.6269
1591, 26.50833, 47.1422, -42.071, 247.006, 13.71, 208.792, -151.389, 0.0646218, -170.625, 0.149909, 129.583, 0.133097, -57.6162
1591, 26.51667, 47.1927, -42.1727, 247.218, 13.6996, 208.988, -151.385, 0.0647519, -170.728, 0.149807, 129.608, 0.132983, -57.6055
1592, 26.52500, 47.2432, -42.2745, 247.43, 13.6891, 209.184, -151.381, 0.0648822, -170.832, 0.149705, 129.633, 0.132869, -57.5947
1592, 26.53333, 47.2937, -42.3764, 247.643, 13.6787, 209.381, -151.377, 0.0650127, -170.936, 0.149603, 129.659, 0.132754, -57.5838
1593, 26.54167, 47.3441, -42.4784, 247.856, 13.6683, 209.578, -151.373, 0.0651433, -171.04, 0.149501, 129.685, 0.13264, -57.573
1593, 26.55000, 47.3945, -42.5806, 248.069, 13.6579, 209.775, -151.369, 0.0652741, -171.144, 0.149398, 129.71, 0.132525, -57.562
1594, 26.55833, 47.4449, -42.6828, 248.282, 13.6475, 209.973, -151.365, 0.065405, -171.249, 0.149295, 129.736, 0.13241, -57.5511
1594, 26.56667, 47.4953, -42.7852, 248.495, 13.6371, 210.17, -151.361, 0.0655362, -171.353, 0.149192, 129.762, 0.132295, -57.5401
1595, 26.57500, 47.5456, -42.8877, 248.709, 13.6267, 210.368, -151.357, 0.0656675, -171.458, 0.149089, 129.788, 0.13218, -57.5291
1595, 26.58333, 47.5959, -42.9903, 248.923, 13.6164, 210.567, -151.354, 0.065799, -171.562, 0.148986, 129.814, 0.132065, -57.518
1596, 26.59167, 47.6461, -43.093, 249.137, 13.606, 210.765, -151.35, 0.0659306, -171.667, 0.148882, 129.84, 0.131949, -57.5069
1596, 26.60000, 47.6963, -43.1958, 249.351, 13.5956, 210.964, -151.346, 0.0660624, -171.772, 0.148778, 129.867, 0.131833, -57.4958
1597, 26.60833, 47.7465, -43.2987, 249.565, 13.5853, 211.163, -151.342, 0.0661944, -171.877, 0.148674, 129.893, 0.131717, -57.4846
1597, 26.61667, 47.7967, -43.4018, 249.779, 13.5749, 211.363, -151.339, 0.0663266, -171.982, 0.14857, 129.92, 0.131601, -57.4733
1598, 26.62500, 47.8468, -43.5049, 249.994, 13.5645, 211.563, -151.335, 0.0664589, -172.087, 0.148466, 129.946, 0.131485, -57.4621
1598, 26.63333, 47.8969, -43.6082, 250.209, 13.5542, 211.763, -151.331, 0.0665914, -172.193, 0.148361, 129.973, 0.131368, -57.4507
1599, 26.64167, 47.9469, -43.7116, 250.424, 13.5439, 211.963, -151.328, 0.0667241, -172.298, 0.148257, 129.999, 0.131251, -57.4394
1599, 26.65000, 47.9969, -43.815, 250.639, 13.5335, 212.164, -151.324, 0.0668569, -172.404, 0.148152, 130.026, 0.131134, -57.428
1600, 26.65833, 48.0469, -43.9186, 250.855, 13.5232, 212.365, -151.32, 0.0669899, -172.509, 0.148047, 130.053, 0.131017, -57.4166
1600, 26.66667, 48.0968, -44.0223, 251.07, 13.5129, 212.566, -151.317, 0.0671231, -172.615, 0.147941, 130.08, 0.1309, -57.4051
1601, 26.67500, 48.1467, -44.1262, 251.286, 13.5026, 212.767, -151.313, 0.0672564, -172.721, 0.147836, 130.107, 0.130782, -57.3936
1601, 26.68333, 48.1966, -44.2301, 251.502, 13.4923, 212.969, -151.31, 0.0673899, -172.827, 0.14773, 130.134, 0.130664, -57.382
1602, 26.69167, 48.2464, -44.3341, 251.719, 13.482, 213.171, -151.306, 0.0675236, -172.934, 0.147624, 130.162, 0.130546, -57.3704
1602, 26.70000, 48.2962, -44.4382, 251.935, 13.4717, 213.373, -151.303, 0.0676574, -173.04, 0.147518, 130.189, 0.130428, -57.3587
1603, 26.70833, 48.3459, -44.5425, 252.152, 13.4614, 213.576, -151.3, 0.0677914, -173.146, 0.147412, 130.217, 0.13031, -57.3471
1603, 26.71667, 48.3956, -44.6469, 252.368, 13.4511, 213.779, -151.296, 0.0679256, -173.253, 0.147305, 130.244, 0.130191, -57.3353
1604, 26.72500, 48.4453, -44.7513, 252.585, 13.4409, 213.982, -151.293, 0.0680599, -173.36, 0.147198, 130.272, 0.130073, -57.3235
1604, 26.73333, 48.4949, -44.8559, 252.803, 13.4306, 214.186, -151.289, 0.0681944, -173.466, 0.147091, 130.3, 0.129954, -57.3117
1605, 26.74167, 48.5444, -44.9606, 253.02, 13.4203, 214.389, -151.286, 0.068329, -173.573, 0.146984, 130.328, 0.129835, -57.2999
1605, 26.75000, 48.594, -45.0653, 253.238, 13.4101, 214.594, -151.283, 0.0684639, -173.68, 0.146877, 130.356, 0.129715, -57.2879
1606, 26.75833, 48.6434, -45.1702, 253.456, 13.3999, 214.798, -151.28, 0.0685988, -173.788, 0.14677, 130.384, 0.129596, -57.276
1606, 26.76667, 48.6929, -45.2752, 253.674, 13.3896, 215.003, -151.276, 0.068734, -173.895, 0.146662, 130.412, 0.129476, -57.264
1607, 26.77500, 48.7423, -45.3803, 253.892, 13.3794, 215.207, -151.273, 0.0688693, -174.002, 0.146554, 130.44, 0.129356, -57.252
1607, 26.78333, 48.7916, -45.4855, 254.11, 13.3692, 215.413, -151.27, 0.0690047, -174.11, 0.146446, 130.468, 0.129236, -57.2399
1608, 26.79167, 48.8409, -45.5908, 254.329, 13.359, 215.618, -151.267, 0.0691404, -174.217, 0.146338, 130.497, 0.129116, -57.2277
1608, 26.80000, 48.8902, -45.6963, 254.548, 13.3488, 215.824, -151.264, 0.0692762, -174.325, 0.146229, 130.526, 0.128995, -57.2156
1609, 26.80833, 48.9394, -45.8018, 254.767, 13.3386, 216.03, -151.261, 0.0694121, -174.433, 0.14612, 130.554, 0.128875, -57.2033
1609, 26.81667, 48.9886, -45.9074, 254.986, 13.3284, 216.237, -151.258, 0.0695482, -174.541, 0.146011, 130.583, 0.128754, -57.1911
1610, 26.82500, 49.0377, -46.0131, 255.206, 13.3183, 216.443, -151.255, 0.0696845, -174.649, 0.145902, 130.612, 0.128633, -57.1787
1610, 26.83333, 49.0868, -46.119, 255.425, 13.3081, 216.65, -151.252, 0.0698209, -174.757, 0.145793, 130.641, 0.128511, -57.1664
1611, 26.84167, 49.1358, -46.2249, 255.645, 13.298, 216.857, -151.249, 0.0699575, -174.865, 0.145684, 130.67, 0.12839, -57.154
1611, 26.85000, 49.1847, -46.331, 255.865, 13.2878, 217.065, -151.246, 0.0700942, -174.974, 0.145574, 130.699, 0.128268, -57.1415
1612, 26.85833, 49.2337, -46.4371, 256.086, 13.2777, 217.273, -151.243, 0.0702311, -175.082, 0.145464, 130.728, 0.128146, -57.129
1612, 26.86667, 49.2825, -46.5433, 256.306, 13.2676, 217.481, -151.24, 0.0703682, -175.191, 0.145354, 130.758, 0.128024, -57.1165
1613, 26.87500, 49.3314, -46.6497, 256.527, 13.2575, 217.689, -151.237, 0.0705054, -175.3, 0.145244, 130.787, 0.127902, -57.1039
1613, 26.88333, 49.3801, -46.7561, 256.748, 13.2473, 217.898, -151.234, 0.0706427, -175.409, 0.145133, 130.817, 0.127779, -57.0912
1614, 26.89167, 49.4289, -46.8627, 256.969, 13.2373, 218.107, -151.231, 0.0707803, -175.518, 0.145022, 130.847, 0.127657, -57.0785
1614, 26.90000, 49.4775, -46.9693, 257.19, 13.2272, 218.316, -151.229, 0.0709179, -175.627, 0.144911, 130.877, 0.127534, -57.0658
1615, 26.90833, 49.5261, -47.0761, 257.412, 13.2171, 218.526, -151.226, 0.0710558, -175.736, 0.1448, 130.907, 0.127411, -57.053
1615, 26.91667, 49.5747, -47.183, 257.634, 13.207, 218.736, -151.223, 0.0711938, -175.845, 0.144689, 130.937, 0.127288, -57.0402
1616, 26.92500, 49.6232, -47.2899, 257.856, 13.197, 218.946, -151.22, 0.0713319, -175.955, 0.144578, 130.967, 0.127164, -57.0273
1616, 26.93333, 49.6717, -47.397, 258.078, 13.1869, 219.156, -151.218, 0.0714702, -176.064, 0.144466, 130.997, 0.12704, -57.0143
1617, 26.94167, 49.7201, -47.5041, 258.3, 13.1769, 219.367, -151.215, 0.0716086, -176.174, 0.144354, 131.028, 0.126917, -57.0014
1617, 26.95000, 49.7684, -47.6114, 258.523, 13.1669, 219.578, -151.212, 0.0717472, -176.283, 0.144242, 131.058, 0.126792, -56.9883
1618, 26.95833, 49.8167, -47.7187, 258.746, 13.1569, 219.79, -151.21, 0.071886, -176.393, 0.14413, 131.089, 0.126668, -56.9752
1618, 26.96667, 49.8649, -47.8262, 258.969, 13.1469, 220.001, -151.207, 0.0720249, -176.503, 0.144017, 131.119, 0.126544, -56.9621
1619, 26.97500, 49.9131, -47.9337, 259.193, 13.1369, 220.213, -151.205, 0.0721639, -176.613, 0.143904, 131.15, 0.126419, -56.9489
1619, 26.98333, 49.9612, -48.0414, 259.416, 13.1269, 220.425, -151.202, 0.0723031, -176.723, 0.143791, 131.181, 0.126294, -56.9357
1620, 26.99167, 50.0093, -48.1491, 259.64, 13.1169, 220.638, -151.2, 0.0724425, -176.834, 0.143678, 131.212, 0.126169, -56.9224
1620, 27.00000, 50.0573, -48.2569, 259.864, 13.1069, 220.851, -151.197, 0.072582, -176.944, 0.143565, 131.244, 0.126044, -56.909
1621, 27.00833, 50.1052, -48.3649, 260.088, 13.097, 221.064, -151.195, 0.0727216, -177.055, 0.143451, 131.275, 0.125918, -56.8957
1621, 27.01667, 50.1531, -48.4729, 260.313, 13.0871, 221.277, -151.193, 0.0728614, -177.165, 0.143338, 131.306, 0.125793, -56.8822
1622, 27.02500, 50.201, -48.5811, 260.537, 13.0771, 221.491, -151.19, 0.0730014, -177.276, 0.143224, 131.338, 0.125667, -56.8687
1622, 27.03333, 50.2487, -48.6893, 260.762, 13.0672, 221.705, -151.188, 0.0731414, -177.387, 0.14311, 131.37, 0.125541, -56.8552
1623, 27.04167, 50.2964, -48.7976, 260.988, 13.0573, 221.919, -151.186, 0.0732817, -177.497, 0.142995, 131.401, 0.125414, -56.8416
1623, 27.05000, 50.3441, -48.906, 261.213, 13.0474, 222.133, -151.184, 0.0734221, -177.608, 0.142881, 131.433, 0.125288, -56.8279
1624, 27.05833, 50.3917, -49.0145, 261.439, 13.0375, 222.348, -151.181, 0.0735626, -177.72, 0.142766, 131.465, 0.125161, -56.8142
1624, 27.06667, 50.4392, -49.1231, 261.665, 13.0277, 222.563, -151.179, 0.0737033, -177.831, 0.142651, 131.497, 0.125034, -56.8004
1625, 27.07500, 50.4866, -49.2318, 261.891, 13.0178, 222.779, -151.177, 0.0738441, -177.942, 0.142536, 131.53, 0.124907, -56.7866
1625, 27.08333, 50.534, -49.3406, 262.117, 13.008, 222.994, -151.175, 0.0739851, -178.053, 0.14242, 131.562, 0.12478, -56.7728
1626, 27.09167, 50.5814, -49.4495, 262.344, 12.9981, 223.21, -151.173, 0.0741262, -178.165, 0.142305, 131.595, 0.124652, -56.7588
1626, 27.10000, 50.6286, -49.5585, 262.57, 12.9883, 223.427, -151.171, 0.0742674, -178.277, 0.142189, 131.627, 0.124524, -56.7449
1627, 27.10833, 50.6758, -49.6676, 262.798, 12.9785, 223.643, -151.169, 0.0744088, -178.388, 0.142073, 131.66, 0.124396, -56.7308
1627, 27.11667, 50.723, -49.7767, 263.025, 12.9687, 223.86, -151.167, 0.0745504, -178.5, 0.141957, 131.693, 0.124268, -56.7167
1628, 27.12500, 50.7701, -49.886, 263.252, 12.9589, 224.077, -151.165, 0.0746921, -178.612, 0.141841, 131.726, 0.12414, -56.7026
1628, 27.13333, 50.8171, -49.9953, 263.48, 12.9492, 224.295, -151.163, 0.0748339, -178.724, 0.141724, 131.759, 0.124011, -56.6884
1629, 27.14167, 50.864, -50.1048, 263.708, 12.9394, 224.512, -151.161, 0.0749759, -178.836, 0.141607, 131.792, 0.123883, -56.6742
1629, 27.15000, 50.9109, -50.2143, 263.937, 12.9297, 224.73, -151.159, 0.075118, -178.948, 0.14149, 131.826, 0.123754, -56.6598
1630, 27.15833, 50.9577, -50.3239, 264.165, 12.9199, 224.949, -151.157, 0.0752602, -179.061, 0.141373, 131.859, 0.123624, -56.6455
1630, 27.16667, 51.0044, -50.4336, 264.394, 12.9102, 225.167, -151.155, 0.0754026, -179.173, 0.141255, 131.893, 0.123495, -56.6311
1631, 27.17500, 51.0511, -50.5434, 264.623, 12.9005, 225.386, -151.154, 0.0755451, -179.286, 0.141138, 131.927, 0.123365, -56.6166
1631, 27.18333, 51.0977, -50.6533, 264.852, 12.8908, 225.605, -151.152, 0.0756878, -179.398, 0.14102, 131.961, 0.123236, -56.602
1632, 27.19167, 51.1442, -50.7633, 265.082, 12.8811, 225.825, -151.15, 0.0758306, -179.511, 0.140902, 131.995, 0.123106, -56.5874
1632, 27.20000, 51.1907, -50.8733, 265.311, 12.8715, 226.045, -151.148, 0.0759736, -179.624, 0.140784, 132.029, 0.122975, -56.5728
1633, 27.20833, 51.2371, -50.9835, 265.542, 12.8618, 226.265, -151.147, 0.0761166, -179.736, 0.140665, 132.063, 0.122845, -56.5581
1633, 27.21667, 51.2834, -51.0937, 265.772, 12.8522, 226.485, -151.145, 0.0762599, -179.849, 0.140547, 132.098, 0.122714, -56.5433
1634, 27.22500, 51.3297, -51.204, 266.002, 12.8425, 226.706, -151.144, 0.0764032, -179.962, 0.140428, 132.132, 0.122583, -56.5285
1634, 27.23333, 51.3758, -51.3145, 266.233, 12.8329, 226.927, -151.142, 0.0765467, 179.924, 0.140309, 132.167, 0.122452, -56.5136
1635, 27.24167, 51.422, -51.425, 266.464, 12.8233, 227.148, -151.14, 0.0766903, 179.811, 0.140189, 132.202, 0.122321, -56.4986
1635, 27.25000, 51.468, -51.5355, 266.696, 12.8137, 227.37, -151.139, 0.0768341, 179.698, 0.14007, 132.237, 0.122189, -56.4836
1636, 27.25833, 51.5139, -51.6462, 266.927, 12.8042, 227.591, -151.137, 0.076978, 179.584, 0.13995, 132.272, 0.122058, -56.4685
1636, 27.26667, 51.5598, -51.757, 267.159, 12.7946, 227.813, -151.136, 0.077122, 179.471, 0.13983, 132.308, 0.121926, -56.4534
1637, 27.27500, 51.6057, -51.8678, 267.391, 12.7851, 228.036, -151.135, 0.0772662, 179.357, 0.13971, 132.343, 0.121794, -56.4382
1637, 27.28333, 51.6514, -51.9787, 267.623, 12.7755, 228.259, -151.133, 0.0774105, 179.243, 0.13959, 132.379, 0.121661, -56.423
1638, 27.29167, 51.6971, -52.0897, 267.856, 12.766, 228.482, -151.132, 0.0775549, 179.13, 0.139469, 132.414, 0.121529, -56.4077
1638, 27.30000, 51.7426, -52.2008, 268.089, 12.7565, 228.705, -151.131, 0.0776995, 179.016, 0.139349, 132.45, 0.121396, -56.3923
1639, 27.30833, 51.7882, -52.312, 268.322, 12.747, 228.928, -151.129, 0.0778441, 178.902, 0.139228, 132.486, 0.121263, -56.3768
1639, 27.31667, 51.8336, -52.4233, 268.556, 12.7375, 229.152, -151.128, 0.077989, 178.788, 0.139107, 132.522, 0.12113, -56.3613
1640, 27.32500, 51.879, -52.5346, 268.789, 12.7281, 229.376, -151.127, 0.0781339, 178.674, 0.138985, 132.559, 0.120997, -56.3458
1640, 27.33333, 51.9242, -52.646, 269.023, 12.7186, 229.601, -151.126, 0.078279, 178.559, 0.138864, 132.595, 0.120863, -56.3302
1641, 27.34167, 51.9695, -52.7575, 269.258, 12.7092, 229.826, -151.124, 0.0784242, 178.445, 0.138742, 132.632, 0.120729, -56.3145
1641, 27.35000, 52.0146, -52.8691, 269.492, 12.6998, 230.051, -151.123, 0.0785696, 178.33, 0.13862, 132.668, 0.120595, -56.2987
1642, 27.35833, 52.0596, -52.9808, 269.727, 12.6904, 230.276, -151.122, 0.078715, 178.216, 0.138498, 132.705, 0.120461, -56.2829
1642, 27.36667, 52.1046, -53.0925, 269.962, 12.681, 230.501, -151.121, 0.0788606, 178.101, 0.138376, 132.742, 0.120326, -56.267
1643, 27.37500, 52.1495, -53.2043, 270.197, 12.6716, 230.727, -151.12, 0.0790064, 177.987, 0.138253, 132.779, 0.120192, -56.2511
1643, 27.38333, 52.1943, -53.3162, 270.433, 12.6623, 230.953, -151.119, 0.0791522, 177.872, 0.13813, 132.817, 0.120057, -56.235
1644, 27.39167, 52.239, -53.4282, 270.669, 12.6529, 231.18, -151.118, 0.0792982, 177.757, 0.138007, 132.854, 0.119922, -56.219
1644, 27.40000, 52.2837, -53.5403, 270.905, 12.6436, 231.407, -151.117, 0.0794443, 177.642, 0.137884, 132.892, 0.119786, -56.2028
1645, 27.40833, 52.3283, -53.6524, 271.142, 12.6343, 231.634, -151.116, 0.0795905, 177.527, 0.137761, 132.93, 0.119651, -56.1866
1645, 27.41667, 52.3728, -53.7646, 271.378, 12.625, 231.861, -151.116, 0.0797369, 177.412, 0.137637, 132.968, 0.119515, -56.1703
1646, 27.42500, 52.4172, -53.8769, 271.615, 12.6157, 232.089, -151.115, 0.0798834, 177.297, 0.137513, 133.006, 0.119379, -56.154
1646, 27.43333, 52.4615, -53.9893, 271.853, 12.6064, 232.317, -151.114, 0.08003, 177.181, 0.137389, 133.044, 0.119243, -56.1376
1647, 27.44167, 52.5057, -54.1017, 272.09, 12.5972, 232.545, -151.113, 0.0801767, 177.066, 0.137265, 133.082, 0.119107, -56.1211
1647, 27.45000, 52.5499, -54.2143, 272.328, 12.5879, 232.773, -151.112, 0.0803236, 176.951, 0.13714, 133.121, 0.11897, -56.1045
1648, 27.45833, 52.594, -54.3268, 272.567, 12.5787, 233.002, -151.112, 0.0804705, 176.835, 0.137016, 133.16, 0.118833, -56.0879
1648, 27.46667, 52.638, -54.4395, 272.805, 12.5695, 233.231, -151.111, 0.0806177, 176.72, 0.136891, 133.199, 0.118696, -56.0712
1649, 27.47500, 52.6819, -54.5523, 273.044, 12.5603, 233.461, -151.11, 0.0807649, 176.604, 0.136766, 133.238, 0.118559, -56.0545
1649, 27.48333, 52.7257, -54.6651, 273.283, 12.5511, 233.69, -151.11, 0.0809122, 176.488, 0.136641, 133.277, 0.118421, -56.0376
1650, 27.49167, 52.7694, -54.778, 273.522, 12.542, 233.92, -151.109, 0.0810597, 176.372, 0.136515, 133.316, 0.118284, -56.0207
1650, 27.50000, 52.8131, -54.8909, 273.762, 12.5328, 234.15, -151.109, 0.0812073, 176.256, 0.136389, 133.356, 0.118146, -56.0038
1651, 27.50833, 52.8566, -55.004, 274.002, 12.5237, 234.381, -151.108, 0.081355, 176.14, 0.136263, 133.395, 0.118008, -55.9867
1651, 27.51667, 52.9001, -55.1171, 274.242, 12.5146, 234.612, -151.108, 0.0815028, 176.024, 0.136137, 133.435, 0.117869, -55.9696
1652, 27.52500, 52.9435, -55.2303, 274.483, 12.5055, 234.843, -151.107, 0.0816508, 175.908, 0.136011, 133.475, 0.117731, -55.9525
1652, 27.53333, 52.9868, -55.3435, 274.724, 12.4964, 235.074, -151.107, 0.0817988, 175.792, 0.135885, 133.516, 0.117592, -55.9352
1653, 27.54167, 53.03, -55.4569, 274.965, 12.4873, 235.306, -151.106, 0.081947, 175.676, 0.135758, 133.556, 0.117453, -55.9179
1653, 27.55000, 53.0732, -55.5703, 275.207, 12.4783, 235.538, -151.106, 0.0820953, 175.559, 0.135631, 133.596, 0.117314, -55.9005
1654, 27.55833, 53.1162, -55.6837, 275.449, 12.4693, 235.77, -151.106, 0.0822437, 175.443, 0.135504, 133.637, 0.117174, -55.883
1654, 27.56667, 53.1592, -55.7973, 275.691, 12.4602, 236.002, -151.105, 0.0823923, 175.326, 0.135376, 133.678, 0.117035, -55.8655
1655, 27.57500, 53.202, -55.9109, 275.933, 12.4512, 236.235, -151.105, 0.0825409, 175.21, 0.135249, 133.719, 0.116895, -55.8478
1655, 27.58333, 53.2448, -56.0245, 276.176, 12.4423, 236.468, -151.105, 0.0826897, 175.093, 0.135121, 133.76, 0.116755, -55.8302
1656, 27.59167, 53.2875, -56.1383, 276.419, 12.4333, 236.702, -151.105, 0.0828386, 174.976, 0.134993, 133.802, 0.116614, -55.8124
1656, 27.60000, 53.3301, -56.2521, 276.663, 12.4243, 236.935, -151.105, 0.0829876, 174.859, 0.134865, 133.843, 0.116474, -55.7945
1657, 27.60833, 53.3726, -56.366, 276.906, 12.4154, 237.169, -151.105, 0.0831367, 174.742, 0.134737, 133.885, 0.116333, -55.7766
1657, 27.61667, 53.415, -56.4799, 277.15, 12.4065, 237.404, -151.104, 0.0832859, 174.625, 0.134608, 133.927, 0.116192, -55.7586
1658, 27.62500, 53.4573, -56.5939, 277.395, 12.3976, 237.638, -151.104, 0.0834353, 174.508, 0.134479, 133.969, 0.116051, -55.7406
1658, 27.63333, 53.4995, -56.708, 277.639, 12.3887, 237.873, -151.104, 0.0835847, 174.391, 0.13435, 134.012, 0.115909, -55.7224
1659, 27.64167, 53.5417, -56.8221, 277.885, 12.3798, 238.108, -151.104, 0.0837343, 174.274, 0.134221, 134.054, 0.115767, -55.7042
1659, 27.65000, 53.5837, -56.9363, 278.13, 12.3709, 238.343, -151.104, 0.083884, 174.157, 0.134092, 134.097, 0.115626, -55.6859
1660, 27.65833, 53.6257, -57.0506, 278.376, 12.3621, 238.579, -151.104, 0.0840338, 174.039, 0.133962, 134.14, 0.115483, -55.6675
1660, 27.66667, 53.6675, -57.165, 278.622, 12.3533, 238.815, -151.105, 0.0841837, 173.922, 0.133832, 134.183, 0.115341, -55.649
1661, 27.67500, 53.7093, -57.2794, 278.868, 12.3445, 239.051, -151.105, 0.0843337, 173.805, 0.133702, 134.226, 0.115199, -55.6305
1661, 27.68333, 53.751, -57.3938, 279.115, 12.3357, 239.288, -151.105, 0.0844838, 173.687, 0.133572, 134.269, 0.115056, -55.6119
1662, 27.69167, 53.7925, -57.5083, 279.362, 12.3269, 239.525, -151.105, 0.0846341, 173.569, 0.133442, 134.313, 0.114913, -55.5932
1662, 27.70000, 53.834, -57.6229, 279.609, 12.3182, 239.762, -151.105, 0.0847844, 173.452, 0.133311, 134.357, 0.11477, -55.5744
1663, 27.70833, 53.8754, -57.7376, 279.857, 12.3094, 239.999, -151.106, 0.0849349, 173.334, 0.13318, 134.401, 0.114626, -55.5555
1663, 27.71667, 53.9167, -57.8523, 280.105, 12.3007, 240.237, -151.106, 0.0850855, 173.216, 0.133049, 134.445, 0.114482, -55.5366
1664, 27.72500, 53.9579, -57.9671, 280.353, 12.292, 240.475, -151.106, 0.0852361, 173.098, 0.132918, 134.489, 0.114338, -55.5176
1664, 27.73333, 53.999, -58.0819, 280.602, 12.2833, 240.713, -151.107, 0.0853869, 172.98, 0.132787, 134.534, 0.114194, -55.4985
1665, 27.74167, 54.04, -58.1968, 280.851, 12.2746, 240.951, -151.107, 0.0855378, 172.863, 0.132655, 134.578, 0.11405, -55.4793
1665, 27.75000, 54.0809, -58.3117, 281.1, 12.266, 241.19, -151.107, 0.0856888, 172.744, 0.132523, 134.623, 0.113905, -55.46
1666, 27.75833, 54.1217, -58.4267, 281.35, 12.2573, 241.429, -151.108, 0.0858399, 172.626, 0.132391, 134.669, 0.113761, -55.4406
1666, 27.76667, 54.1625, -58.5418, 281.6, 12.2487, 241.669, -151.108, 0.0859912, 172.508, 0.132259, 134.714, 0.113616, -55.4212
1667, 27.77500, 54.2031, -58.6569, 281.851, 12.2401, 241.908, -151.109, 0.0861425, 172.39, 0.132127, 134.759, 0.11347, -55.4017
1667, 27.78333, 54.2436, -58.7721, 282.102, 12.2315, 242.148, -151.109, 0.0862939, 172.272, 0.131994, 134.805, 0.113325, -55.3821
1668, 27.79167, 54.284, -58.8874, 282.353, 12.2229, 242.389, -151.11, 0.0864455, 172.153, 0.131861, 134.851, 0.113179, -55.3624
1668, 27.80000, 54.3243, -59.0027, 282.604, 12.2144, 242.629, -151.111, 0.0865971, 172.035, 0.131728, 134.897, 0.113033, -55.3426
1669, 27.80833, 54.3646, -59.118, 282.856, 12.2058, 242.87, -151.111, 0.0867489, 171.916, 0.131595, 134.944, 0.112887, -55.3227
1669, 27.81667, 54.4047, -59.2334, 283.109, 12.1973, 243.111, -151.112, 0.0869007, 171.798, 0.131462, 134.99, 0.11274, -55.3027
1670, 27.82500, 54.4447, -59.3489, 283.361, 12.1888, 243.352, -151.113, 0.0870527, 171.679, 0.131328, 135.037, 0.112594, -55.2827
1670, 27.83333, 54.4847, -59.4644, 283.614, 12.1803, 243.594, -151.113, 0.0872047, 171.56, 0.131194, 135.084, 0.112447, -55.2626
1671, 27.84167, 54.5245, -59.58, 283.868, 12.1718, 243.836, -151.114, 0.0873569, 171.442, 0.13106, 135.131, 0.1123, -55.2423
1671, 27.85000, 54.5642, -59.6956, 284.121, 12.1634, 244.078, -151.115, 0.0875092, 171.323, 0.130926, 135.179, 0.112153, -55.222
1672, 27.85833, 54.6038, -59.8113, 284.375, 12.1549, 244.32, -151.116, 0.0876615, 171.204, 0.130792, 135.226, 0.112005, -55.2016
1672, 27.86667, 54.6434, -59.9271, 284.63, 12.1465, 244.563, -151.117, 0.087814, 171.085, 0.130657, 135.274, 0.111857, -55.1811
1673, 27.87500, 54.6828, -60.0429, 284.885, 12.1381, 244.806, -151.118, 0.0879666, 170.966, 0.130522, 135.322, 0.111709, -55.1606
1673, 27.88333, 54.7221, -60.1587, 285.14, 12.1297, 245.049, -151.119, 0.0881193, 170.847, 0.130387, 135.37, 0.111561, -55.1399
1674, 27.89167, 54.7614, -60.2746, 285.396, 12.1213, 245.293, -151.12, 0.0882721, 170.728, 0.130252, 135.419, 0.111412, -55.1191
1674, 27.90000, 54.8005, -60.3905, 285.652, 12.113, 245.537, -151.121, 0.088425, 170.609, 0.130116, 135.468, 0.111264, -55.0983
1675, 27.90833, 54.8395, -60.5065, 285.908, 12.1046, 245.781, -151.122, 0.0885779, 170.49, 0.129981, 135.517, 0.111115, -55.0773
1675, 27.91667, 54.8784, -60.6226, 286.165, 12.0963, 246.025, -151.123, 0.088731, 170.371, 0.129845, 135.566, 0.110966, -55.0563
1676, 27.92500, 54.9172, -60.7387, 286.422, 12.088, 246.27, -151.124, 0.0888842, 170.251, 0.129709, 135.615, 0.110816, -55.0351
1676, 27.93333, 54.9559, -60.8548, 286.679, 12.0797, 246.515, -151.125, 0.0890375, 170.132, 0.129573, 135.665, 0.110667, -55.0139
1677, 27.94167, 54.9946, -60.971, 286.937, 12.0715, 246.76, -151.126, 0.0891909, 170.013, 0.129437, 135.715, 0.110517, -54.9926
1677, 27.95000, 55.0331, -61.0872, 287.196, 12.0632, 247.006, -151.127, 0.0893444, 169.893, 0.1293, 135.765, 0.110367, -54.9711
1678, 27.95833, 55.0715, -61.2035, 287.454, 12.055, 247.252, -151.128, 0.089498, 169.774, 0.129163, 135.815, 0.110216, -54.9496
1678, 27.96667, 55.1098, -61.3199, 287.713, 12.0467, 247.498, -151.13, 0.0896517, 169.654, 0.129026, 135.865, 0.110066, -54.928
1679, 27.97500, 55.148, -61.4362, 287.973, 12.0385, 247.744, -151.131, 0.0898055, 169.535, 0.128889, 135.916, 0.109915, -54.9063
1679, 27.98333, 55.1861, -61.5527, 288.233, 12.0303, 247.991, -151.132, 0.0899593, 169.415, 0.128752, 135.967, 0.109764, -54.8845
1680, 27.99167, 55.2241, -61.6692, 288.493, 12.0222, 248.238, -151.134, 0.0901133, 169.295, 0.128614, 136.018, 0.109612, -54.8625
1680, 28.00000, 55.2619, -61.7857, 288.754, 12.014, 248.485, -151.135, 0.0902674, 169.176, 0.128477, 136.07, 0.109461, -54.8405
1681, 28.00833, 55.2997, -61.9022, 289.015, 12.0059, 248.733, -151.136, 0.0904216, 169.056, 0.128339, 136.121, 0.109309, -54.8184
1681, 28.01667, 55.3374, -62.0188, 289.276, 11.9977, 248.98, -151.138, 0.0905759, 168.936, 0.128201, 136.173, 0.109157, -54.7962
1682, 28.02500, 55.375, -62.1355, 289.538, 11.9896, 249.228, -151.139, 0.0907302, 168.816, 0.128062, 136.226, 0.109005, -54.7739
1682, 28.03333, 55.4124, -62.2522, 289.801, 11.9815, 249.477, -151.141, 0.0908847, 168.696, 0.127924, 136.278, 0.108853, -54.7515
1683, 28.04167, 55.4498, -62.3689, 290.063, 11.9735, 249.725, -151.142, 0.0910393, 168.576, 0.127785, 136.331, 0.1087, -54.729
1683, 28.05000, 55.487, -62.4857, 290.327, 11.9654, 249.974, -151.144, 0.0911939, 168.456, 0.127646, 136.383, 0.108547, -54.7063
1684, 28.05833, 55.5242, -62.6025, 290.59, 11.9574, 250.223, -151.145, 0.0913487, 168.336, 0.127507, 136.437, 0.108394, -54.6836
1684, 28.06667, 55.5612, -62.7194, 290.854, 11.9493, 250.473, -151.147, 0.0915035, 168.216, 0.127368, 136.49, 0.10824, -54.6608
1685, 28.07500, 55.5982, -62.8363, 291.119, 11.9413, 250.722, -151.149, 0.0916585, 168.096, 0.127229, 136.544, 0.108087, -54.6378
1685, 28.08333, 55.635, -62.9533, 291.384, 11.9333, 250.972, -151.15, 0.0918135, 167.976, 0.127089, 136.598, 0.107933, -54.6148
1686, 28.09167, 55.6717, -63.0703, 291.649, 11.9253, 251.223, -151.152, 0.0919687, 167.855, 0.126949, 136.652, 0.107779, -54.5917
1686, 28.10000, 55.7084, -63.1873, 291.914, 11.9174, 251.473, -151.154, 0.0921239, 167.735, 0.12681, 136.706, 0.107624, -54.5684
1687, 28.10833, 55.7449, -63.3043, 292.181, 11.9094, 251.724, -151.156, 0.0922792, 167.615, 0.126669, 136.761, 0.10747, -54.545
1687, 28.11667, 55.7813, -63.4215, 292.447, 11.9015, 251.975, -151.157, 0.0924347, 167.495, 0.126529, 136.816, 0.107315, -54.5216
1688, 28.12500, 55.8176, -63.5386, 292.714, 11.8936, 252.226, -151.159, 0.0925902, 167.374, 0.126389, 136.871, 0.10716, -54.498
1688, 28.13333, 55.8537, -63.6558, 292.982, 11.8857, 252.478, -151.161, 0.0927458, 167.254, 0.126248, 136.926, 0.107004, -54.4743
1689, 28.14167, 55.8898, -63.773, 293.25, 11.8778, 252.73, -151.163, 0.0929015, 167.133, 0.126107, 136.982, 0.106849, -54.4505
1689, 28.15000, 55.9258, -63.8903, 293.518, 11.8699, 252.982, -151.165, 0.0930573, 167.013, 0.125966, 137.038, 0.106693, -54.4266
1690, 28.15833, 55.9617, -64.0076, 293.787, 11.8621, 253.234, -151.167, 0.0932132, 166.892, 0.125825, 137.094, 0.106537, -54.4026
1690, 28.16667, 55.9974, -64.1249, 294.056, 11.8542, 253.487, -151.169, 0.0933692, 166.772, 0.125683, 137.151, 0.106381, -54.3784
1691, 28.17500, 56.0331, -64.2423, 294.326, 11.8464, 253.74, -151.171, 0.0935253, 166.651, 0.125542, 137.208, 0.106224, -54.3542
1691, 28.18333, 56.0686, -64.3596, 294.596, 11.8386, 253.993, -151.173, 0.0936815, 166.53, 0.1254, 137.265, 0.106067, -54.3298
1692, 28.19167, 56.1041, -64.4771, 294.866, 11.8308, 254.247, -151.175, 0.0938378, 166.41, 0.125258, 137.322, 0.10591, -54.3054
1692, 28.20000, 56.1394, -64.5946, 295.137, 11.8231, 254.501, -151.177, 0.0939941, 166.289, 0.125116, 137.379, 0.105753, -54.2808
1693, 28.20833, 56.1746, -64.7121, 295.409, 11.8153, 254.755, -151.179, 0.0941506, 166.168, 0.124974, 137.437, 0.105596, -54.2561
1693, 28.21667, 56.2097, -64.8296, 295.681, 11.8076, 255.009, -151.181, 0.0943071, 166.047, 0.124832, 137.495, 0.105438, -54.2312
1694, 28.22500, 56.2447, -64.9472, 295.953, 11.7998, 255.264, -151.183, 0.0944638, 165.926, 0.124689, 137.554, 0.10528, -54.2063
1694, 28.23333, 56.2796, -65.0648, 296.226, 11.7921, 255.519, -151.186, 0.0946205, 165.806, 0.124546, 137.613, 0.105122, -54.1812
1695, 28.24167, 56.3144, -65.1824, 296.499, 11.7844, 255.774, -151.188, 0.0947773, 165.685, 0.124403, 137.672, 0.104963, -54.156
1695, 28.25000, 56.3491, -65.3001, 296.773, 11.7767, 256.029, -151.19, 0.0949342, 165.564, 0.12426, 137.731, 0.104804, -54.1307
1696, 28.25833, 56.3836, -65.4178, 297.047, 11.7691, 256.285, -151.192, 0.0950913, 165.443, 0.124117, 137.79, 0.104645, -54.1053
1696, 28.26667, 56.4181, -65.5355, 297.322, 11.7614, 256.541, -151.195, 0.0952484, 165.322, 0.123973, 137.85, 0.104486, -54.0798
1697, 28.27500, 56.4524, -65.6533, 297.597, 11.7538, 256.797, -151.197, 0.0954056, 165.201, 0.12383, 137.91, 0.104327, -54.0541
1697, 28.28333, 56.4867, -65.771, 297.873, 11.7461, 257.054, -151.199, 0.0955628, 165.08, 0.123686, 137.971, 0.104167, -54.0283
1698, 28.29167, 56.5208, -65.8889, 298.149, 11.7385, 257.311, -151.202, 0.0957202, 164.959, 0.123542, 138.032, 0.104007, -54.0024
1698, 28.30000, 56.5548, -66.0067, 298.426, 11.7309, 257.568, -151.204, 0.0958777, 164.837, 0.123398, 138.093, 0.103847, -53.9764
1699, 28.30833, 56.5887, -66.1246, 298.703, 11.7234, 257.825, -151.207, 0.0960353, 164.716, 0.123254, 138.154, 0.103687, -53.9502
1699, 28.31667, 56.6225, -66.2425, 298.98, 11.7158, 258.083, -151.209, 0.0961929, 164.595, 0.123109, 138.216, 0.103526, -53.924
1700, 28.32500, 56.6562, -66.3604, 299.258, 11.7082, 258.341, -151.212, 0.0963507, 164.474, 0.122965, 138.278, 0.103365, -53.8975
1700, 28.33333, 56.6898, -66.4783, 299.537, 11.7007, 258.599, -151.214, 0.0965085, 164.353, 0.12282, 138.34, 0.103204, -53.871
1701, 28.34167, 56.7232, -66.5963, 299.816, 11.6932, 258.857, -151.217, 0.0966664, 164.231, 0.122675, 138.402, 0.103042, -53.8443
1701, 28.35000, 56.7566, -66.7143, 300.096, 11.6857, 259.116, -151.219, 0.0968245, 164.11, 0.12253, 138.465, 0.102881, -53.8175
1702, 28.35833, 56.7898, -66.8324, 300.376, 11.6782, 259.375, -151.222, 0.0969826, 163.989, 0.122385, 138.528, 0.102719, -53.7906
1702, 28.36667, 56.823, -66.9504, 300.656, 11.6707, 259.634, -151.225, 0.0971408, 163.867, 0.122239, 138.592, 0.102556, -53.7635
1703, 28.37500, 56.856, -67.0685, 300.937, 11.6632, 259.893, -151.227, 0.0972991, 163.746, 0.122094, 138.656, 0.102394, -53.7363
1703, 28.38333, 56.8889, -67.1866, 301.219, 11.6558, 260.153, -151.23, 0.0974574, 163.625, 0.121948, 138.72, 0.102231, -53.709
1704, 28.39167, 56.9217, -67.3048, 301.501, 11.6483, 260.413, -151.233, 0.0976159, 163.503, 0.121802, 138.784, 0.102068, -53.6816
1704, 28.40000, 56.9544, -67.4229, 301.783, 11.6409, 260.674, -151.236, 0.0977745, 163.382, 0.121657, 138.849, 0.101905, -53.654
1705, 28.40833, 56.987, -67.5411, 302.066, 11.6335, 260.934, -151.238, 0.0979332, 163.26, 0.12151, 138.914, 0.101742, -53.6262
1705, 28.41667, 57.0195, -67.6593, 302.35, 11.6261, 261.195, -151.241, 0.0980919, 163.139, 0.121364, 138.979, 0.101578, -53.5984
1706, 28.42500, 57.0519, -67.7775, 302.634, 11.6187, 261.456, -151.244, 0.0982508, 163.017, 0.121218, 139.045, 0.101414, -53.5704
1706, 28.43333, 57.0841, -67.8957, 302.919, 11.6113, 261.717, -151.247, 0.0984097, 162.896, 0.121071, 139.111, 0.10125, -53.5422
1707, 28.44167, 57.1163, -68.014, 303.204, 11.604, 261.979, -151.25, 0.0985687, 162.774, 0.120924, 139.178, 0.101086, -53.5139
1707, 28.45000, 57.1483, -68.1323, 303.49, 11.5966, 262.241, -151.253, 0.0987278, 162.653, 0.120778, 139.244, 0.100921, -53.4855
1708, 28.45833, 57.1802, -68.2506, 303.776, 11.5893, 262.503, -151.256, 0.098887, 162.531, 0.120631, 139.311, 0.100756, -53.457
1708, 28.46667, 57.2121, -68.3689, 304.063, 11.5819, 262.766, -151.258, 0.0990464, 162.409, 0.120484, 139.379, 0.100591, -53.4282
1709, 28.47500, 57.2438, -68.4873, 304.35, 11.5746, 263.028, -151.261, 0.0992057, 162.288, 0.120336, 139.446, 0.100425, -53.3994
1709, 28.48333, 57.2754, -68.6056, 304.638, 11.5673, 263.291, -151.264, 0.0993652, 162.166, 0.120189, 139.514, 0.10026, -53.3704
1710, 28.49167, 57.3069, -68.724, 304.926, 11.56, 263.555, -151.268, 0.0995248, 162.045, 0.120041, 139.583, 0.100094, -53.3413
1710, 28.50000, 57.3382, -68.8424, 305.215, 11.5528, 263.818, -151.271, 0.0996845, 161.923, 0.119894, 139.652, 0.0999275, -53.312
1711, 28.50833, 57.3695, -68.9608, 305.504, 11.5455, 264.082, -151.274, 0.0998442, 161.801, 0.119746, 139.721, 0.099761, -53.2825
1711, 28.51667, 57.4007, -69.0793, 305.794, 11.5383, 264.346, -151.277, 0.100004, 161.679, 0.119598, 139.79, 0.0995943, -53.2529
1712, 28.52500, 57.4317, -69.1977, 306.085, 11.531, 264.61, -151.28, 0.100164, 161.558, 0.11945, 139.86, 0.0994273, -53.2232
1712, 28.53333, 57.4626, -69.3162, 306.376, 11.5238, 264.875, -151.283, 0.100324, 161.436, 0.119302, 139.93, 0.0992601, -53.1933
1713, 28.54167, 57.4935, -69.4347, 306.667, 11.5166, 265.14, -151.286, 0.100484, 161.314, 0.119153, 140.001, 0.0990926, -53.1633
1713, 28.55000, 57.5242, -69.5532, 306.959, 11.5094, 265.405, -151.29, 0.100644, 161.192, 0.119005, 140.072, 0.0989249, -53.1331
1714, 28.55833, 57.5548, -69.6717, 307.252, 11.5022, 265.67, -151.293, 0.100805, 161.071, 0.118857, 140.143, 0.0987569, -53.1028
1714, 28.56667, 57.5853, -69.7902, 307.545, 11.495, 265.936, -151.296, 0.100965, 160.949, 0.118708, 140.214, 0.0985886, -53.0723
1715, 28.57500, 57.6157, -69.9088, 307.839, 11.4878, 266.202, -151.299, 0.101126, 160.827, 0.118559, 140.286, 0.0984201, -53.0416
1715, 28.58333, 57.646, -70.0273, 308.133, 11.4807, 266.468, -151.303, 0.101286, 160.705, 0.11841, 140.359, 0.0982514, -53.0108
1716, 28.59167, 57.6761, -70.1459, 308.428, 11.4735, 266.734, -151.306, 0.101447, 160.583, 0.118261, 140.431, 0.0980823, -52.9799
1716, 28.60000, 57.7062, -70.2645, 308.724, 11.4664, 267.001, -151.309, 0.101608, 160.461, 0.118112, 140.505, 0.097913, -52.9487
1717, 28.60833, 57.7362, -70.3831, 309.02, 11.4592, 267.268, -151.313, 0.101769, 160.339, 0.117963, 140.578, 0.0977435, -52.9174
1717, 28.61667, 57.766, -70.5017, 309.317, 11.4521, 267.535, -151.316, 0.10193, 160.218, 0.117813, 140.652, 0.0975737, -52.886
1718, 28.62500, 57.7957, -70.6203, 309.614, 11.445, 267.803, -151.319, 0.102091, 160.096, 0.117664, 140.726, 0.0974037, -52.8544
1718, 28.63333, 57.8254, -70.739, 309.912, 11.4379, 268.071, -151.323, 0.102252, 159.974, 0.117514, 140.801, 0.0972333, -52.8226
1719, 28.64167, 57.8549, -70.8576, 310.21, 11.4308, 268.339, -151.326, 0.102413, 159.852, 0.117365, 140.876, 0.0970628, -52.7907
1719, 28.65000, 57.8843, -70.9763, 310.509, 11.4237, 268.607, -151.33, 0.102574, 159.73, 0.117215, 140.951, 0.0968919, -52.7586
1720, 28.65833, 57.9136, -71.0949, 310.808, 11.4167, 268.876, -151.333, 0.102736, 159.608, 0.117065, 141.027, 0.0967208, -52.7263
1720, 28.66667, 57.9428, -71.2136, 311.109, 11.4096, 269.144, -151.337, 0.102897, 159.486, 0.116915, 141.103, 0.0965495, -52.6939
1721, 28.67500, 57.9719, -71.3323, 311.409, 11.4026, 269.414, -151.34, 0.103059, 159.364, 0.116765, 141.179, 0.0963779, -52.6612
1721, 28.68333, 58.0008, -71.451, 311.711, 11.3955, 269.683, -151.344, 0.103221, 159.242, 0.116615, 141.256, 0.096206, -52.6285
1722, 28.69167, 58.0297, -71.5697, 312.012, 11.3885, 269.953, -151.348, 0.103383, 159.12, 0.116464, 141.334, 0.0960338, -52.5955
1722, 28.70000, 58.0584, -71.6884, 312.315, 11.3815, 270.222, -151.351, 0.103545, 158.998, 0.116314, 141.412, 0.0958614, -52.5624
1723, 28.70833, 58.0871, -71.8071, 312.618, 11.3745, 270.493, -151.355, 0.103707, 158.876, 0.116163, 141.49, 0.0956888, -52.5291
1723, 28.71667, 58.1156, -71.9259, 312.922, 11.3674, 270.763, -151.359, 0.103869, 158.754, 0.116013, 141.568, 0.0955158, -52.4956
1724, 28.72500, 58.1441, -72.0446, 313.226, 11.3604, 271.034, -151.362, 0.104031, 158.632, 0.115862, 141.647, 0.0953427, -52.4619
1724, 28.73333, 58.1724, -72.1633, 313.531, 11.3535, 271.305, -151.366, 0.104193, 158.51, 0.115712, 141.727, 0.0951692, -52.4281
1725, 28.74167, 58.2006, -72.2821, 313.836, 11.3465, 271.576, -151.37, 0.104356, 158.388, 0.115561, 141.807, 0.0949955, -52.3941
1725, 28.75000, 58.2287, -72.4008, 314.143, 11.3395, 271.847, -151.374, 0.104518, 158.266, 0.11541, 141.887, 0.0948215, -52.3599
1726, 28.75833, 58.2567, -72.5196, 314.449, 11.3325, 272.119, -151.377, 0.104681, 158.144, 0.115259, 141.967, 0.0946473, -52.3255
1726, 28.76667, 58.2846, -72.6384, 314.757, 11.3256, 272.391, -151.381, 0.104843, 158.022, 0.115108, 142.048, 0.0944728, -52.2909
1727, 28.77500, 58.3124, -72.7571, 315.065, 11.3186, 272.664, -151.385, 0.105006, 157.9, 0.114957, 142.13, 0.094298, -52.2562
1727, 28.78333, 58.3401, -72.8759, 315.373, 11.3117, 272.936, -151.389, 0.105169, 157.778, 0.114805, 142.212, 0.094123, -52.2213
1728, 28.79167, 58.3677, -72.9947, 315.682, 11.3047, 273.209, -151.393, 0.105332, 157.656, 0.114654, 142.294, 0.0939477, -52.1861
1728, 28.80000, 58.3952, -73.1135, 315.992, 11.2978, 273.482, -151.396, 0.105495, 157.534, 0.114503, 142.377, 0.0937721, -52.1508
1729, 28.80833, 58.4225, -73.2323, 316.303, 11.2909, 273.755, -151.4, 0.105659, 157.412, 0.114352, 142.46, 0.0935963, -52.1153
1729, 28.81667, 58.4498, -73.3511, 316.614, 11.284, 274.029, -151.404, 0.105822, 157.29, 0.1142, 142.544, 0.0934202, -52.0796
1730, 28.82500, 58.4769, -73.4699, 316.926, 11.2771, 274.303, -151.408, 0.105985, 157.168, 0.114049, 142.628, 0.0932438, -52.0437
1730, 28.83333, 58.504, -73.5887, 317.238, 11.2702, 274.577, -151.412, 0.106149, 157.046, 0.113897, 142.713, 0.0930672, -52.0076
1731, 28.84167, 58.5309, -73.7075, 317.551, 11.2633, 274.851, -151.416, 0.106312, 156.924, 0.113745, 142.798, 0.0928903, -51.9713
1731, 28.85000, 58.5578, -73.8263, 317.865, 11.2564, 275.126, -151.42, 0.106476, 156.802, 0.113594, 142.883, 0.0927131, -51.9348
1732, 28.85833, 58.5845, -73.9451, 318.179, 11.2495, 275.401, -151.424, 0.10664, 156.68, 0.113442, 142.969, 0.0925357, -51.8981
1732, 28.86667, 58.6111, -74.0639, 318.494, 11.2426, 275.676, -151.428, 0.106804, 156.558, 0.11329, 143.056, 0.092358, -51.8612
1733, 28.87500, 58.6376, -74.1827, 318.81, 11.2357, 275.952, -151.432, 0.106968, 156.436, 0.113138, 143.143, 0.09218, -51.8242
1733, 28.88333, 58.6641, -74.3015, 319.126, 11.2289, 276.227, -151.436, 0.107132, 156.314, 0.112987, 143.23, 0.0920018, -51.7869
1734, 28.89167, 58.6904, -74.4203, 319.443, 11.222, 276.503, -151.44, 0.107296, 156.192, 0.112835, 143.318, 0.0918233, -51.7493
1734, 28.90000, 58.7166, -74.5391, 319.76, 11.2151, 276.78, -151.444, 0.107461, 156.07, 0.112683, 143.406, 0.0916445, -51.7116
1735, 28.90833, 58.7427, -74.6579, 320.079, 11.2083, 277.056, -151.449, 0.107625, 155.948, 0.112531, 143.495, 0.0914655, -51.6737
1735, 28.91667, 58.7687, -74.7767, 320.398, 11.2014, 277.333, -151.453, 0.10779, 155.826, 0.112379, 143.584, 0.0912862, -51.6356
1736, 28.92500, 58.7946, -74.8955, 320.717, 11.1946, 277.61, -151.457, 0.107954, 155.704, 0.112227, 143.674, 0.0911066, -51.5972
1736, 28.93333, 58.8204, -75.0143, 321.038, 11.1877, 277.888, -151.461, 0.108119, 155.582, 0.112075, 143.764, 0.0909267, -51.5587
1737, 28.94167, 58.8461, -75.1331, 321.359, 11.1809, 278.165, -151.465, 0.108284, 155.46, 0.111923, 143.854, 0.0907466, -51.5199
1737, 28.95000, 58.8717, -75.2519, 321.68, 11.174, 278.443, -151.469, 0.108449, 155.338, 0.111771, 143.946, 0.0905662, -51.4809
1738, 28.95833, 58.8972, -75.3707, 322.002, 11.1672, 278.721, -151.474, 0.108614, 155.216, 0.111619, 144.037, 0.0903856, -51.4417
1738, 28.96667, 58.9226, -75.4895, 322.325, 11.1604, 279, -151.478, 0.108779, 155.094, 0.111466, 144.129, 0.0902046, -51.4022
1739, 28.97500, 58.9479, -75.6083, 322.649, 11.1536, 279.278, -151.482, 0.108945, 154.972, 0.111314, 144.222, 0.0900234, -51.3625
1739, 28.98333, 58.9731, -75.7271, 322.973, 11.1467, 279.557, -151.486, 0.10911, 154.85, 0.111162, 144.315, 0.089842, -51.3226
1740, 28.99167, 58.9981, -75.8459, 323.299, 11.1399, 279.836, -151.491, 0.109276, 154.728, 0.11101, 144.409, 0.0896602, -51.2825
1740, 29.00000, 59.0231, -75.9647, 323.624, 11.1331, 280.116, -151.495, 0.109441, 154.606, 0.110858, 144.503, 0.0894782, -51.2422
1741, 29.00833, 59.048, -76.0834, 323.951, 11.1263, 280.396, -151.499, 0.109607, 154.484, 0.110706, 144.598, 0.0892959, -51.2016
1741, 29.01667, 59.0728, -76.2022, 324.278, 11.1195, 280.676, -151.504, 0.109773, 154.362, 0.110554, 144.693, 0.0891133, -51.1608
1742, 29.02500, 59.0975, -76.321, 324.606, 11.1126, 280.956, -151.508, 0.109939, 154.24, 0.110402, 144.788, 0.0889305, -51.1197
1742, 29.03333, 59.1221, -76.4397, 324.934, 11.1058, 281.236, -151.512, 0.110105, 154.118, 0.11025, 144.885, 0.0887474, -51.0784
1743, 29.04167, 59.1465, -76.5585, 325.263, 11.099, 281.517, -151.517, 0.110271, 153.996, 0.110097, 144.981, 0.088564, -51.0369
1743, 29.05000, 59.1709, -76.6772, 325.593, 11.0922, 281.798, -151.521, 0.110438, 153.874, 0.109945, 145.079, 0.0883804, -50.9951
1744, 29.05833, 59.1952, -76.796, 325.924, 11.0854, 282.08, -151.526, 0.110604, 153.753, 0.109793, 145.176, 0.0881964, -50.9531
1744, 29.06667, 59.2194, -76.9147, 326.255, 11.0786, 282.361, -151.53, 0.110771, 153.631, 0.109641, 145.275, 0.0880122, -50.9109
1745, 29.07500, 59.2435, -77.0334, 326.588, 11.0718, 282.643, -151.535, 0.110937, 153.509, 0.109489, 145.374, 0.0878277, -50.8684
1745, 29.08333, 59.2675, -77.1522, 326.92, 11.065, 282.925, -151.539, 0.111104, 153.387, 0.109338, 145.473, 0.087643, -50.8256
1746, 29.09167, 59.2914, -77.2709, 327.254, 11.0582, 283.208, -151.544, 0.111271, 153.265, 0.109186, 145.573, 0.087458, -50.7826
1746, 29.10000, 59.3152, -77.3896, 327.588, 11.0514, 283.49, -151.548, 0.111438, 153.143, 0.109034, 145.674, 0.0872727, -50.7393
1747, 29.10833, 59.3389, -77.5083, 327.923, 11.0446, 283.773, -151.553, 0.111605, 153.021, 0.108882, 145.775, 0.0870871, -50.6958
1747, 29.11667, 59.3625, -77.627, 328.259, 11.0378, 284.057, -151.557, 0.111772, 152.9, 0.10873, 145.876, 0.0869012, -50.6521
1748, 29.12500, 59.386, -77.7457, 328.595, 11.0309, 284.34, -151.562, 0.11194, 152.778, 0.108578, 145.978, 0.0867151, -50.608
1748, 29.13333, 59.4094, -77.8643, 328.933, 11.0241, 284.624, -151.566, 0.112107, 152.656, 0.108427, 146.081, 0.0865287, -50.5637
1749, 29.14167, 59.4327, -77.983, 329.271, 11.0173, 284.908, -151.571, 0.112275, 152.534, 0.108275, 146.184, 0.086342, -50.5192
1749, 29.15000, 59.4559, -78.1017, 329.609, 11.0105, 285.192, -151.575, 0.112443, 152.413, 0.108124, 146.288, 0.0861551, -50.4743
1750, 29.15833, 59.479, -78.2203, 329.949, 11.0037, 285.477, -151.58, 0.112611, 152.291, 0.107972, 146.393, 0.0859679, -50.4293
1750, 29.16667, 59.5021, -78.339, 330.289, 10.9969, 285.762, -151.584, 0.112779, 152.169, 0.107821, 146.498, 0.0857803, -50.3839
1751, 29.17500, 59.525, -78.4576, 330.63, 10.9901, 286.047, -151.589, 0.112947, 152.047, 0.10767, 146.603, 0.0855926, -50.3382
1751, 29.18333, 59.5478, -78.5762, 330.972, 10.9832, 286.332, -151.594, 0.113115, 151.926, 0.107518, 146.709, 0.0854045, -50.2923
1752, 29.19167, 59.5706, -78.6948, 331.314, 10.9764, 286.618, -151.598, 0.113284, 151.804, 0.107367, 146.816, 0.0852161, -50.2461
1752, 29.20000, 59.5932, -78.8134, 331.657, 10.9696, 286.904, -151.603, 0.113452, 151.682, 0.107216, 146.923, 0.0850275, -50.1997
1753, 29.20833, 59.6158, -78.932, 332.001, 10.9628, 287.19, -151.608, 0.113621, 151.561, 0.107065, 147.031, 0.0848387, -50.1529
1753, 29.21667, 59.6383, -79.0506, 332.346, 10.9559, 287.477, -151.612, 0.11379, 151.439, 0.106914, 147.14, 0.0846495, -50.1059
1754, 29.22500, 59.6606, -79.1692, 332.692, 10.9491, 287.763, -151.617, 0.113959, 151.317, 0.106764, 147.249, 0.08446, -50.0585
1754, 29.23333, 59.6829, -79.2877, 333.038, 10.9423, 288.051, -151.622, 0.114128, 151.196, 0.106613, 147.359, 0.0842703, -50.0109
1755, 29.24167, 59.7051, -79.4063, 333.385, 10.9354, 288.338, -151.626, 0.114297, 151.074, 0.106462, 147.469, 0.0840803, -49.963
1755, 29.25000, 59.7272, -79.5248, 333.733, 10.9286, 288.625, -151.631, 0.114466, 150.953, 0.106312, 147.58, 0.08389, -49.9148
1756, 29.25833, 59.7492, -79.6433, 334.081, 10.9217, 288.913, -151.636, 0.114636, 150.831, 0.106162, 147.692, 0.0836995, -49.8663
1756, 29.26667, 59.7711, -79.7618, 334.431, 10.9149, 289.201, -151.641, 0.114805, 150.71, 0.106011, 147.804, 0.0835086, -49.8174
1757, 29.27500, 59.7929, -79.8803, 334.781, 10.908, 289.49, -151.645, 0.114975, 150.588, 0.105861, 147.917, 0.0833175, -49.7683
1757, 29.28333, 59.8147, -79.9988, 335.132, 10.9011, 289.779, -151.65, 0.115145, 150.467, 0.105711, 148.03, 0.0831261, -49.7189
1758, 29.29167, 59.8363, -80.1173, 335.484, 10.8943, 290.068, -151.655, 0.115315, 150.345, 0.105562, 148.144, 0.0829344, -49.6692
1758, 29.30000, 59.8579, -80.2358, 335.837, 10.8874, 290.357, -151.66, 0.115485, 150.224, 0.105412, 148.259, 0.0827425, -49.6191
1759, 29.30833, 59.8794, -80.3542, 336.19, 10.8805, 290.646, -151.664, 0.115655, 150.102, 0.105263, 148.374, 0.0825503, -49.5687
1759, 29.31667, 59.9007, -80.4726, 336.544, 10.8736, 290.936, -151.669, 0.115826, 149.981, 0.105113, 148.49, 0.0823577, -49.5181
1760, 29.32500, 59.922, -80.591, 336.899, 10.8667, 291.226, -151.674, 0.115996, 149.859, 0.104964, 148.607, 0.082165, -49.4671
1760, 29.33333, 59.9432, -80.7094, 337.255, 10.8598, 291.516, -151.679, 0.116167, 149.738, 0.104815, 148.724, 0.0819719, -49.4157
1761, 29.34167, 59.9644, -80.8278, 337.612, 10.8529, 291.807, -151.684, 0.116338, 149.617, 0.104666, 148.842, 0.0817785, -49.3641
1761, 29.35000, 59.9854, -80.9462, 337.969, 10.846, 292.098, -151.688, 0.116509, 149.495, 0.104518, 148.96, 0.0815849, -49.3121
1762, 29.35833, 60.0063, -81.0646, 338.327, 10.8391, 292.389, -151.693, 0.11668, 149.374, 0.104369, 149.08, 0.081391, -49.2598
1762, 29.36667, 60.0272, -81.1829, 338.686, 10.8322, 292.681, -151.698, 0.116851, 149.253, 0.104221, 149.2, 0.0811968, -49.2071
1763, 29.37500, 60.048, -81.3013, 339.046, 10.8252, 292.972, -151.703, 0.117023, 149.132, 0.104073, 149.32, 0.0810024, -49.1541
1763, 29.38333, 60.0687, -81.4196, 339.407, 10.8183, 293.264, -151.708, 0.117194, 149.01, 0.103925, 149.441, 0.0808076, -49.1008
1764, 29.39167, 60.0893, -81.5379, 339.768, 10.8113, 293.557, -151.713, 0.117366, 148.889, 0.103777, 149.563, 0.0806126, -49.0471
1764, 29.40000, 60.1098, -81.6562, 340.131, 10.8044, 293.849, -151.718, 0.117538, 148.768, 0.10363, 149.686, 0.0804173, -48.9931
1765, 29.40833, 60.1302, -81.7744, 340.494, 10.7974, 294.142, -151.723, 0.11771, 148.647, 0.103482, 149.809, 0.0802217, -48.9387
1765, 29.41667, 60.1506, -81.8927, 340.858, 10.7904, 294.435, -151.727, 0.117882, 148.526, 0.103335, 149.933, 0.0800258, -48.8839
1766, 29.42500, 60.1709, -82.0109, 341.223, 10.7834, 294.729, -151.732, 0.118055, 148.404, 0.103188, 150.058, 0.0798297, -48.8288
1766, 29.43333, 60.191, -82.1291, 341.589, 10.7764, 295.023, -151.737, 0.118227, 148.283, 0.103042, 150.183, 0.0796333, -48.7734
1767, 29.44167, 60.2112, -82.2474, 341.955, 10.7694, 295.317, -151.742, 0.1184, 148.162, 0.102895, 150.309, 0.0794366, -48.7175
1767, 29.45000, 60.2312, -82.3655, 342.323, 10.7624, 295.611, -151.747, 0.118573, 148.041, 0.102749, 150.436, 0.0792396, -48.6613
1768, 29.45833, 60.2511, -82.4837, 342.691, 10.7554, 295.905, -151.752, 0.118746, 147.92, 0.102603, 150.563, 0.0790423, -48.6048
1768, 29.46667, 60.271, -82.6019, 343.06, 10.7483, 296.2, -151.757, 0.118919, 147.799, 0.102458, 150.691, 0.0788448, -48.5478
1769, 29.47500, 60.2908, -82.72, 343.43, 10.7413, 296.495, -151.762, 0.119092, 147.678, 0.102312, 150.82, 0.078647, -48.4905
1769, 29.48333, 60.3105, -82.8381, 343.801, 10.7342, 296.791, -151.767, 0.119265, 147.557, 0.102167, 150.95, 0.0784489, -48.4328
1770, 29.49167, 60.3301, -82.9562, 344.173, 10.7271, 297.087, -151.772, 0.119439, 147.436, 0.102022, 151.08, 0.0782505, -48.3746
1770, 29.50000, 60.3496, -83.0743, 344.545, 10.7201, 297.383, -151.777, 0.119613, 147.315, 0.101878, 151.211, 0.0780518, -48.3162
1771, 29.50833, 60.3691, -83.1924, 344.919, 10.713, 297.679, -151.782, 0.119787, 147.194, 0.101734, 151.343, 0.0778529, -48.2573
1771, 29.51667, 60.3885, -83.3105, 345.293, 10.7058, 297.975, -151.787, 0.119961, 147.073, 0.10159, 151.475, 0.0776537, -48.198
1772, 29.52500, 60.4078, -83.4285, 345.668, 10.6987, 298.272, -151.792, 0.120135, 146.953, 0.101446, 151.609, 0.0774542, -48.1383
1772, 29.53333, 60.427, -83.5465, 346.044, 10.6916, 298.569, -151.797, 0.12031, 146.832, 0.101303, 151.742, 0.0772544, -48.0782
1773, 29.54167, 60.4462, -83.6645, 346.421, 10.6844, 298.867, -151.802, 0.120484, 146.711, 0.10116, 151.877, 0.0770543, -48.0177
1773, 29.55000, 60.4653, -83.7825, 346.799, 10.6773, 299.165, -151.807, 0.120659, 146.59, 0.101017, 152.013, 0.076854, -47.9567
1774, 29.55833, 60.4843, -83.9005, 347.178, 10.6701, 299.463, -151.812, 0.120834, 146.47, 0.100875, 152.149, 0.0766534, -47.8954
1774, 29.56667, 60.5032, -84.0184, 347.558, 10.6629, 299.761, -151.817, 0.121009, 146.349, 0.100732, 152.286, 0.0764525, -47.8336
1775, 29.57500, 60.5221, -84.1364, 347.938, 10.6557, 300.06, -151.822, 0.121184, 146.228, 0.100591, 152.424, 0.0762513, -47.7714
1775, 29.58333, 60.5408, -84.2543, 348.32, 10.6485, 300.358, -151.827, 0.12136, 146.107, 0.100449, 152.562, 0.0760499, -47.7088
1776, 29.59167, 60.5596, -84.3722, 348.702, 10.6413, 300.658, -151.832, 0.121535, 145.987, 0.100308, 152.701, 0.0758482, -47.6457
1776, 29.60000, 60.5782, -84.49, 349.085, 10.634, 300.957, -151.837, 0.121711, 145.866, 0.100168, 152.841, 0.0756462, -47.5822
1777, 29.60833, 60.5967, -84.6079, 349.469, 10.6268, 301.257, -151.842, 0.121887, 145.746, 0.100027, 152.982, 0.0754439, -47.5182
1777, 29.61667, 60.6152, -84.7257, 349.854, 10.6195, 301.557, -151.847, 0.122063, 145.625, 0.0998875, 153.124, 0.0752413, -47.4538
1778, 29.62500, 60.6337, -84.8436, 350.24, 10.6122, 301.857, -151.852, 0.12224, 145.505, 0.099748, 153.266, 0.0750385, -47.3889
1778, 29.63333, 60.652, -84.9613, 350.627, 10.6049, 302.158, -151.857, 0.122416, 145.384, 0.0996088, 153.409, 0.0748354, -47.3236
1779, 29.64167, 60.6703, -85.0791, 351.015, 10.5976, 302.459, -151.862, 0.122593, 145.264, 0.0994701, 153.553, 0.074632, -47.2578
1779, 29.65000, 60.6885, -85.1969, 351.404, 10.5902, 302.76, -151.867, 0.12277, 145.143, 0.0993318, 153.698, 0.0744284, -47.1916
1780, 29.65833, 60.7066, -85.3146, 351.794, 10.5829, 303.062, -151.872, 0.122947, 145.023, 0.0991939, 153.843, 0.0742244, -47.1248
1780, 29.66667, 60.7247, -85.4324, 352.184, 10.5755, 303.364, -151.877, 0.123124, 144.902, 0.0990564, 153.99, 0.0740202, -47.0576
1781, 29.67500, 60.7427, -85.5501, 352.576, 10.5681, 303.666, -151.882, 0.123302, 144.782, 0.0989193, 154.137, 0.0738157, -46.9899
1781, 29.68333, 60.7606, -85.6678, 352.968, 10.5607, 303.968, -151.887, 0.12348, 144.662, 0.0987827, 154.285, 0.073611, -46.9217
1782, 29.69167, 60.7785, -85.7854, 353.362, 10.5533, 304.271, -151.892, 0.123657, 144.541, 0.0986465, 154.434, 0.0734059, -46.853
1782, 29.70000, 60.7962, -85.9031, 353.756, 10.5458, 304.574, -151.897, 0.123836, 144.421, 0.0985108, 154.583, 0.0732006, -46.7839
1783, 29.70833, 60.814, -86.0207, 354.151, 10.5384, 304.877, -151.902, 0.124014, 144.301, 0.0983756, 154.734, 0.072995, -46.7142
1783, 29.71667, 60.8316, -86.1383, 354.548, 10.5309, 305.181, -151.907, 0.124192, 144.181, 0.0982408, 154.885, 0.0727892, -46.644
1784, 29.72500, 60.8492, -86.2559, 354.945, 10.5234, 305.485, -151.913, 0.124371, 144.06, 0.0981065, 155.037, 0.072583, -46.5732
1784, 29.73333, 60.8667, -86.3735, 355.343, 10.5159, 305.789, -151.918, 0.12455, 143.94, 0.0979727, 155.19, 0.0723767, -46.502
1785, 29.74167, 60.8842, -86.491, 355.742, 10.5084, 306.094, -151.923, 0.124729, 143.82, 0.0978394, 155.343, 0.07217, -46.4302
1785, 29.75000, 60.9016, -86.6086, 356.142, 10.5008, 306.399, -151.928, 0.124908, 143.7, 0.0977066, 155.498, 0.071963, -46.358
1786, 29.75833, 60.9189, -86.7261, 356.543, 10.4932, 306.704, -151.933, 0.125087, 143.58, 0.0975743, 155.653, 0.0717558, -46.2851
1786, 29.76667, 60.9362, -86.8436, 356.945, 10.4856, 307.01, -151.938, 0.125267, 143.46, 0.0974425, 155.81, 0.0715483, -46.2117
1787, 29.77500, 60.9534, -86.961, 357.348, 10.478, 307.315, -151.943, 0.125447, 143.34, 0.0973113, 155.967, 0.0713406, -46.1378
1787, 29.78333, 60.9706, -87.0785, 357.752, 10.4704, 307.621, -151.948, 0.125627, 143.22, 0.0971806, 156.125, 0.0711326, -46.0633
1788, 29.79167, 60.9877, -87.1959, 358.157, 10.4627, 307.928, -151.953, 0.125807, 143.1, 0.0970505, 156.283, 0.0709243, -45.9883
1788, 29.80000, 61.0047, -87.3133, 358.563, 10.455, 308.235, -151.958, 0.125988, 142.98, 0.0969209, 156.443, 0.0707157, -45.9126
1789, 29.80833, 61.0216, -87.4307, 358.97, 10.4473, 308.542, -151.963, 0.126168, 142.86, 0.0967919, 156.604, 0.0705069, -45.8365
1789, 29.81667, 61.0385, -87.5481, 359.378, 10.4396, 308.849, -151.968, 0.126349, 142.74, 0.0966635, 156.765, 0.0702978, -45.7597
1790, 29.82500, 61.0554, -87.6655, 359.787, 10.4318, 309.157, -151.973, 0.12653, 142.621, 0.0965356, 156.927, 0.0700884, -45.6823
1790, 29.83333, 61.0722, -87.7828, 360.197, 10.4241, 309.465, -151.978, 0.126712, 142.501, 0.0964084, 157.09, 0.0698788, -45.6044
1791, 29.84167, 61.0889, -87.9001, 360.608, 10.4163, 309.773, -151.983, 0.126893, 142.381, 0.0962818, 157.254, 0.0696689, -45.5258
1791, 29.85000, 61.1056, -88.0174, 361.02, 10.4085, 310.082, -151.988, 0.127075, 142.261, 0.0961558, 157.419, 0.0694588, -45.4466
1792, 29.85833, 61.1222, -88.1347, 361.432, 10.4006, 310.39, -151.993, 0.127257, 142.141, 0.0960304, 157.585, 0.0692484, -45.3668
1792, 29.86667, 61.1387, -88.2519, 361.846, 10.3928, 310.7, -151.998, 0.127439, 142.022, 0.0959056, 157.752, 0.0690377, -45.2864
1793, 29.87500, 61.1552, -88.3692, 362.261, 10.3849, 311.009, -152.004, 0.127622, 141.902, 0.0957815, 157.919, 0.0688267, -45.2054
1793, 29.88333, 61.1716, -88.4864, 362.677, 10.377, 311.319, -152.009, 0.127804, 141.783, 0.0956581, 158.088, 0.0686156, -45.1237
1794, 29.89167, 61.188, -88.6036, 363.094, 10.369, 311.629, -152.014, 0.127987, 141.663, 0.0955353, 158.257, 0.0684041, -45.0414
1794, 29.90000, 61.2044, -88.7207, 363.512, 10.3611, 311.94, -152.019, 0.12817, 141.543, 0.0954132, 158.427, 0.0681924, -44.9585
1795, 29.90833, 61.2206, -88.8379, 363.931, 10.3531, 312.251, -152.024, 0.128354, 141.424, 0.0952918, 158.598, 0.0679804, -44.8748
1795, 29.91667, 61.2369, -88.955, 364.351, 10.3451, 312.562, -152.029, 0.128537, 141.304, 0.0951711, 158.77, 0.0677682, -44.7906
1796, 29.92500, 61.253, -89.0722, 364.772, 10.337, 312.873, -152.034, 0.128721, 141.185, 0.0950511, 158.943, 0.0675557, -44.7056
1796, 29.93333, 61.2691, -89.1893, 365.194, 10.329, 313.185, -152.039, 0.128905, 141.066, 0.0949319, 159.117, 0.067343, -44.62
1797, 29.94167, 61.2852, -89.3063, 365.618, 10.3209, 313.497, -152.044, 0.12909, 140.946, 0.0948133, 159.292, 0.06713, -44.5336
1797, 29.95000, 61.3012, -89.4234, 366.042, 10.3128, 313.81, -152.049, 0.129274, 140.827, 0.0946955, 159.467, 0.0669167, -44.4466
1798, 29.95833, 61.3172, -89.5404, 366.467, 10.3046, 314.123, -152.054, 0.129459, 140.707, 0.0945785, 159.644, 0.0667032, -44.3589
1798, 29.96667, 61.3331, -89.6575, 366.893, 10.2965, 314.436, -152.059, 0.129644, 140.588, 0.0944622, 159.822, 0.0664895, -44.2704
1799, 29.97500, 61.349, -89.7745, 367.32, 10.2883, 314.749, -152.064, 0.129829, 140.469, 0.0943467, 160, 0.0662755, -44.1813
1799, 29.98333, 61.3648, -89.8914, 367.749, 10.28, 315.063, -152.069, 0.130015, 140.35, 0.094232, 160.179, 0.0660613, -44.0914
1800, 29.99167, 61.3805, -90.0084, 368.178, 10.2718, 315.377, -152.074, 0.1302, 140.23, 0.0941181, 160.36, 0.0658467, -44.0007
1800, 30.00000, 61.3962, -90.1254, 368.609, 10.2635, 315.692, -152.079, 0.130386, 140.111, 0.094005, 160.541, 0.065632, -43.9093
1801, 30.00833, 61.4119, -90.2423, 369.04, 10.2552, 316.006, -152.084, 0.130572, 139.992, 0.0938927, 160.723, 0.065417, -43.8172
1801, 30.01667, 61.4275, -90.3592, 369.473, 10.2468, 316.321, -152.089, 0.130759, 139.873, 0.0937812, 160.906, 0.0652018, -43.7243
1802, 30.02500, 61.4431, -90.4761, 369.907, 10.2385, 316.637, -152.094, 0.130946, 139.754, 0.0936706, 161.09, 0.0649864, -43.6306
1802, 30.03333, 61.4586, -90.5929, 370.341, 10.2301, 316.953, -152.099, 0.131133, 139.635, 0.0935609, 161.275, 0.0647707, -43.5361
1803, 30.04167, 61.4741, -90.7098, 370.777, 10.2217, 317.269, -152.104, 0.13132, 139.516, 0.093452, 161.461, 0.0645547, -43.4409
1803, 30.05000, 61.4896, -90.8266, 371.214, 10.2132, 317.585, -152.109, 0.131507, 139.397, 0.093344, 161.647, 0.0643385, -43.3448
1804, 30.05833, 61.505, -90.9434, 371.652, 10.2047, 317.902, -152.114, 0.131695, 139.278, 0.0932368, 161.835, 0.0641221, -43.2479
1804, 30.06667, 61.5203, -91.0602, 372.091, 10.1962, 318.219, -152.119, 0.131883, 139.159, 0.0931306, 162.024, 0.0639055, -43.1502
1805, 30.07500, 61.5356, -91.177, 372.532, 10.1876, 318.537, -152.123, 0.132072, 139.04, 0.0930253, 162.214, 0.0636886, -43.0517
1805, 30.08333, 61.5509, -91.2938, 372.973, 10.1791, 318.854, -152.128, 0.13226, 138.921, 0.092921, 162.404, 0.0634715, -42.9523
1806, 30.09167, 61.5661, -91.4105, 373.415, 10.1704, 319.173, -152.133, 0.132449, 138.802, 0.0928176, 162.596, 0.0632541, -42.8521
1806, 30.10000, 61.5813, -91.5272, 373.859, 10.1618, 319.491, -152.138, 0.132638, 138.683, 0.0927151, 162.788, 0.0630366, -42.751
1807, 30.10833, 61.5964, -91.6439, 374.303, 10.1531, 319.81, -152.143, 0.132827, 138.565, 0.0926136, 162.981, 0.0628188, -42.649
1807, 30.11667, 61.6115, -91.7606, 374.749, 10.1444, 320.129, -152.148, 0.133017, 138.446, 0.0925131, 163.176, 0.0626008, -42.5461
1808, 30.12500, 61.6266, -91.8773, 375.196, 10.1357, 320.449, -152.153, 0.133207, 138.327, 0.0924135, 163.371, 0.0623826, -42.4423
1808, 30.13333, 61.6416, -91.9939, 375.644, 10.1269, 320.769, -152.158, 0.133397, 138.209, 0.092315, 163.567, 0.0621641, -42.3377
1809, 30.14167, 61.6566, -92.1106, 376.093, 10.1181, 321.089, -152.163, 0.133588, 138.09, 0.0922175, 163.765, 0.0619454, -42.2321
1809, 30.15000, 61.6716, -92.2272, 376.543, 10.1092, 321.409, -152.168, 0.133778, 137.971, 0.092121, 163.963, 0.0617266, -42.1256
1810, 30.15833, 61.6865, -92.3438, 376.994, 10.1004, 321.73, -152.172, 0.133969, 137.853, 0.0920256, 164.162, 0.0615075, -42.0181
1810, 30.16667, 61.7013, -92.4604, 377.447, 10.0915, 322.052, -152.177, 0.134161, 137.734, 0.0919312, 164.362, 0.0612882, -41.9097
1811, 30.17500, 61.7162, -92.5769, 377.901, 10.0825, 322.373, -152.182, 0.134352, 137.616, 0.0918379, 164.563, 0.0610687, -41.8003
1811, 30.18333, 61.731, -92.6935, 378.355, 10.0735, 322.695, -152.187, 0.134544, 137.497, 0.0917457, 164.765, 0.0608489, -41.6899
1812, 30.19167, 61.7457, -92.81, 378.811, 10.0645, 323.018, -152.192, 0.134736, 137.379, 0.0916546, 164.968, 0.060629, -41.5785
1812, 30.20000, 61.7605, -92.9265, 379.268, 10.0555, 323.34, -152.197, 0.134929, 137.26, 0.0915646, 165.172, 0.0604089, -41.4661
1813, 30.20833, 61.7752, -93.043, 379.726, 10.0464, 323.663, -152.202, 0.135121, 137.142, 0.0914757, 165.377, 0.0601886, -41.3528
1813, 30.21667, 61.7898, -93.1595, 380.186, 10.0373, 323.987, -152.206, 0.135314, 137.023, 0.0913879, 165.582, 0.059968, -41.2383
1814, 30.22500, 61.8045, -93.276, 380.646, 10.0281, 324.311, -152.211, 0.135508, 136.905, 0.0913013, 165.789, 0.0597473, -41.1229
1814, 30.23333, 61.8191, -93.3924, 381.108, 10.0189, 324.635, -152.216, 0.135701, 136.787, 0.0912159, 165.997, 0.0595264, -41.0063
1815, 30.24167, 61.8336, -93.5089, 381.571, 10.0097, 324.959, -152.221, 0.135895, 136.668, 0.0911316, 166.205, 0.0593053, -40.8887
1815, 30.25000, 61.8482, -93.6253, 382.035, 10.0004, 325.284, -152.225, 0.13609, 136.55, 0.0910486, 166.415, 0.0590841, -40.77
1816, 30.25833, 61.8627, -93.7417, 382.5, 9.99108, 325.61, -152.23, 0.136284, 136.432, 0.0909667, 166.625, 0.0588626, -40.6502
1816, 30.26667, 61.8772, -93.8581, 382.966, 9.98174, 325.935, -152.235, 0.136479, 136.314, 0.0908861, 166.837, 0.0586409, -40.5293
1817, 30.27500, 61.8916, -93.9745, 383.433, 9.97235, 326.261, -152.24, 0.136674, 136.196, 0.0908067, 167.049, 0.0584191, -40.4073
1817, 30.28333, 61.9061, -94.0908, 383.902, 9.96293, 326.588, -152.244, 0.13687, 136.078, 0.0907286, 167.263, 0.0581972, -40.2841
1818, 30.29167, 61.9204, -94.2072, 384.372, 9.95347, 326.914, -152.249, 0.137065, 135.959, 0.0906517, 167.477, 0.057975, -40.1597
1818, 30.30000, 61.9348, -94.3235, 384.843, 9.94397, 327.241, -152.254, 0.137262, 135.841, 0.0905761, 167.692, 0.0577527, -40.0342
1819, 30.30833, 61.9492, -94.4398, 385.315, 9.93443, 327.569, -152.259, 0.137458, 135.723, 0.0905018, 167.909, 0.0575302, -39.9075
1819, 30.31667, 61.9635, -94.5561, 385.789, 9.92484, 327.897, -152.263, 0.137655, 135.605, 0.0904289, 168.126, 0.0573075, -39.7795
1820, 30.32500, 61.9778, -94.6724, 386.263, 9.91522, 328.225, -152.268, 0.137852, 135.487, 0.0903572, 168.344, 0.0570847, -39.6504
1820, 30.33333, 61.992, -94.7887, 386.739, 9.90556, 328.554, -152.273, 0.138049, 135.369, 0.0902869, 168.563, 0.0568618, -39.52
1821, 30.34167, 62.0063, -94.9049, 387.216, 9.89586, 328.883, -152.277, 0.138247, 135.251, 0.0902179, 168.783, 0.0566386, -39.3883
1821, 30.35000, 62.0205, -95.0212, 387.694, 9.88612, 329.212, -152.282, 0.138445, 135.134, 0.0901503, 169.004, 0.0564154, -39.2554
1822, 30.35833, 62.0347, -95.1374, 388.174, 9.87633, 329.542, -152.286, 0.138643, 135.016, 0.0900841, 169.225, 0.056192, -39.1211
1822, 30.36667, 62.0489, -95.2536, 388.655, 9.86651, 329.872, -152.291, 0.138842, 134.898, 0.0900193, 169.448, 0.0559684, -38.9856
1823, 30.37500, 62.063, -95.3698, 389.137, 9.85664, 330.202, -152.296, 0.139041, 134.78, 0.0899559, 169.672, 0.0557448, -38.8487
1823, 30.38333, 62.0771, -95.486, 389.62, 9.84673, 330.533, -152.3, 0.13924, 134.662, 0.089894, 169.896, 0.055521, -38.7105
1824, 30.39167, 62.0912, -95.6022, 390.104, 9.83678, 330.865, -152.305, 0.13944, 134.544, 0.0898334, 170.122, 0.0552971, -38.5709
1824, 30.40000, 62.1053, -95.7184, 390.59, 9.82678, 331.196, -152.309, 0.13964, 134.427, 0.0897744, 170.348, 0.055073, -38.4299
1825, 30.40833, 62.1194, -95.8346, 391.077, 9.81674, 331.528, -152.314, 0.13984, 134.309, 0.0897168, 170.575, 0.0548489, -38.2875
1825, 30.41667, 62.1335, -95.9507, 391.565, 9.80666, 331.861, -152.319, 0.140041, 134.191, 0.0896607, 170.804, 0.0546246, -38.1437
1826, 30.42500, 62.1475, -96.0668, 392.054, 9.79654, 332.194, -152.323, 0.140242, 134.074, 0.0896061, 171.033, 0.0544002, -37.9985
1826, 30.43333, 62.1615, -96.183, 392.545, 9.78637, 332.527, -152.328, 0.140444, 133.956, 0.0895531, 171.263, 0.0541757, -37.8517
1827, 30.44167, 62.1755, -96.2991, 393.036, 9.77615, 332.861, -152.332, 0.140645, 133.839, 0.0895015, 171.493, 0.0539511, -37.7035
1827, 30.45000, 62.1895, -96.4152, 393.529, 9.76589, 333.195, -152.337, 0.140848, 133.721, 0.0894516, 171.725, 0.0537265, -37.5538
1828, 30.45833, 62.2035, -96.5313, 394.024, 9.75559, 333.529, -152.341, 0.14105, 133.603, 0.0894032, 171.958, 0.0535017, -37.4026
1828, 30.46667, 62.2174, -96.6474, 394.52, 9.74524, 333.864, -152.345, 0.141253, 133.486, 0.0893563, 172.191, 0.0532769, -37.2498
1829, 30.47500, 62.2313, -96.7635, 395.016, 9.73484, 334.199, -152.35, 0.141456, 133.368, 0.0893111, 172.426, 0.053052, -37.0954
1829, 30.48333, 62.2453, -96.8795, 395.514, 9.7244, 334.535, -152.354, 0.14166, 133.251, 0.0892675, 172.661, 0.052827, -36.9394
1830, 30.49167, 62.2592, -96.9956, 396.014, 9.71391, 334.871, -152.359, 0.141863, 133.134, 0.0892256, 172.897, 0.0526019, -36.7818
1830, 30.50000, 62.2731, -97.1116, 396.515, 9.70338, 335.207, -152.363, 0.142068, 133.016, 0.0891852, 173.134, 0.0523768, -36.6226
1831, 30.50833, 62.287, -97.2277, 397.017, 9.6928, 335.544, -152.368, 0.142272, 132.899, 0.0891466, 173.372, 0.0521516, -36.4617
1831, 30.51667, 62.3008, -97.3437, 397.52, 9.68217, 335.882, -152.372, 0.142477, 132.782, 0.0891096, 173.61, 0.0519264, -36.2991
1832, 30.52500, 62.3147, -97.4597, 398.025, 9.67149, 336.219, -152.376, 0.142683, 132.664, 0.0890743, 173.85, 0.0517012, -36.1348
1832, 30.53333, 62.3285, -97.5757, 398.53, 9.66077, 336.557, -152.381, 0.142889, 132.547, 0.0890408, 174.09, 0.0514759, -35.9688
1833, 30.54167, 62.3424, -97.6917, 399.038, 9.64999, 336.896, -152.385, 0.143095, 132.43, 0.0890089, 174.331, 0.0512506, -35.801
1833, 30.55000, 62.3562, -97.8077, 399.546, 9.63917, 337.235, -152.389, 0.143301, 132.312, 0.0889789, 174.573, 0.0510252, -35.6314
1834, 30.55833, 62.3701, -97.9237, 400.056, 9.6283, 337.574, -152.393, 0.143508, 132.195, 0.0889505, 174.816, 0.0507999, -35.46
1834, 30.56667, 62.3839, -98.0397, 400.567, 9.61738, 337.914, -152.398, 0.143715, 132.078, 0.088924, 175.059, 0.0505745, -35.2867
1835, 30.57500, 62.3977, -98.1557, 401.079, 9.60642, 338.254, -152.402, 0.143923, 131.961, 0.0888992, 175.303, 0.0503492, -35.1116
1835, 30.58333, 62.4115, -98.2717, 401.593, 9.5954, 338.595, -152.406, 0.144131, 131.844, 0.0888763, 175.549, 0.0501238, -34.9346
1836, 30.59167, 62.4253, -98.3876, 402.108, 9.58433, 338.936, -152.41, 0.14434, 131.727, 0.0888551, 175.794, 0.0498985, -34.7556
1836, 30.60000, 62.4391, -98.5036, 402.625, 9.57321, 339.277, -152.415, 0.144548, 131.61, 0.0888359, 176.041, 0.0496732, -34.5747
1837, 30.60833, 62.4529, -98.6195, 403.142, 9.56204, 339.619, -152.419, 0.144758, 131.492, 0.0888184, 176.288, 0.0494479, -34.3918
1837, 30.61667, 62.4667, -98.7355, 403.661, 9.55082, 339.962, -152.423, 0.144967, 131.375, 0.0888029, 176.537, 0.0492226, -34.2069
1838, 30.62500, 62.4804, -98.8514, 404.182, 9.53955, 340.304, -152.427, 0.145177, 131.258, 0.0887892, 176.785, 0.0489975, -34.02
1838, 30.63333, 62.4942, -98.9674, 404.704, 9.52822, 340.648, -152.431, 0.145388, 131.141, 0.0887775, 177.035, 0.0487723, -33.831
1839, 30.64167, 62.508, -99.0833, 405.227, 9.51685, 340.991, -152.435, 0.145599, 131.024, 0.0887676, 177.285, 0.0485472, -33.6398
1839, 30.65000, 62.5218, -99.1993, 405.751, 9.50542, 341.335, -152.44, 0.14581, 130.907, 0.0887597, 177.536, 0.0483222, -33.4465
1840, 30.65833, 62.5355, -99.3152, 406.277, 9.49394, 341.68, -152.444, 0.146022, 130.791, 0.0887538, 177.788, 0.0480973, -33.2511
1840, 30.66667, 62.5493, -99.4311, 406.804, 9.4824, 342.025, -152.448, 0.146234, 130.674, 0.0887498, 178.041, 0.0478725, -33.0535
1841, 30.67500, 62.5631, -99.5471, 407.333, 9.47082, 342.37, -152.452, 0.146446, 130.557, 0.0887479, 178.294, 0.0476478, -32.8536
1841, 30.68333, 62.5769, -99.663, 407.863, 9.45918, 342.716, -152.456, 0.146659, 130.44, 0.0887479, 178.548, 0.0474232, -32.6515
1842, 30.69167, 62.5906, -99.7789, 408.394, 9.44748, 343.062, -152.46, 0.146873, 130.323, 0.0887499, 178.802, 0.0471987, -32.447
1842, 30.70000, 62.6044, -99.8948, 408.927, 9.43573, 343.409, -152.464, 0.147086, 130.206, 0.088754, 179.057, 0.0469743, -32.2402
1843, 30.70833, 62.6182, -100.011, 409.461, 9.42393, 343.756, -152.468, 0.1473, 130.089, 0.0887601, 179.313, 0.0467502, -32.031
1843, 30.71667, 62.632, -100.127, 409.996, 9.41207, 344.104, -152.472, 0.147515, 129.973, 0.0887683, 179.57, 0.0465261, -31.8194
1844, 30.72500, 62.6458, -100.243, 410.533, 9.40016, 344.452, -152.476, 0.14773, 129.856, 0.0887786, 179.827, 0.0463022, -31.6054
1844, 30.73333, 62.6596, -100.358, 411.071, 9.38819, 344.8, -152.48, 0.147946, 129.739, 0.0887909, -179.916, 0.0460785, -31.3889
1845, 30.74167, 62.6734, -100.474, 411.611, 9.37616, 345.149, -152.484, 0.148162, 129.622, 0.0888054, -179.657, 0.045855, -31.1699
1845, 30.75000, 62.6872, -100.59, 412.152, 9.36408, 345.499, -152.487, 0.148378, 129.506, 0.0888221, -179.399, 0.0456316, -30.9483
1846, 30.75833, 62.701, -100.706, 412.694, 9.35194, 345.849, -152.491, 0.148595, 129.389, 0.0888408, -179.139, 0.0454086, -30.7241
1846, 30.76667, 62.7148, -100.822, 413.238, 9.33974, 346.199, -152.495, 0.148812, 129.272, 0.0888617, -178.879, 0.0451857, -30.4972
1847, 30.77500, 62.7286, -100.938, 413.783, 9.32749, 346.55, -152.499, 0.14903, 129.156, 0.0888848, -178.619, 0.044963, -30.2677
1847, 30.78333, 62.7425, -101.054, 414.33, 9.31518, 346.901, -152.503, 0.149248, 129.039, 0.0889101, -178.357, 0.0447406, -30.0355
1848, 30.79167, 62.7563, -101.17, 414.878, 9.30281, 347.253, -152.507, 0.149466, 128.923, 0.0889376, -178.096, 0.0445185, -29.8005
1848, 30.80000, 62.7701, -101.286, 415.427, 9.29039, 347.605, -152.51, 0.149685, 128.806, 0.0889674, -177.834, 0.0442967, -29.5627
1849, 30.80833, 62.784, -101.402, 415.978, 9.2779, 347.958, -152.514, 0.149905, 128.69, 0.0889993, -177.571, 0.0440751, -29.322
1849, 30.81667, 62.7979, -101.518, 416.531, 9.26536, 348.311, -152.518, 0.150125, 128.573, 0.0890336, -177.308, 0.0438539, -29.0784
1850, 30.82500, 62.8118, -101.634, 417.085, 9.25276, 348.664, -152.521, 0.150345, 128.456, 0.0890701, -177.044, 0.043633, -28.832
1850, 30.83333, 62.8257, -101.75, 417.64, 9.24009, 349.018, -152.525, 0.150566, 128.34, 0.0891088, -176.78, 0.0434124, -28.5825
1851, 30.84167, 62.8396, -101.866, 418.197, 9.22737, 349.373, -152.529, 0.150788, 128.223, 0.0891499, -176.516, 0.0431921, -28.33
1851, 30.85000, 62.8535, -101.982, 418.755, 9.21459, 349.728, -152.532, 0.151009, 128.107, 0.0891933, -176.251, 0.0429723, -28.0744
1852, 30.85833, 62.8674, -102.097, 419.315, 9.20174, 350.084, -152.536, 0.151232, 127.991, 0.0892391, -175.985, 0.0427528, -27.8157
1852, 30.86667, 62.8814, -102.213, 419.876, 9.18884, 350.44, -152.54, 0.151454, 127.874, 0.0892871, -175.719, 0.0425338, -27.5538
1853, 30.87500, 62.8953, -102.329, 420.438, 9.17587, 350.796, -152.543, 0.151678, 127.758, 0.0893376, -175.453, 0.0423151, -27.2887
1853, 30.88333, 62.9093, -102.445, 421.002, 9.16285, 351.153, -152.547, 0.151901, 127.641, 0.0893904, -175.186, 0.0420969, -27.0203
1854, 30.89167, 62.9233, -102.561, 421.568, 9.14976, 351.511, -152.55, 0.152126, 127.525, 0.0894456, -174.919, 0.0418792, -26.7486
1854, 30.90000, 62.9373, -102.677, 422.135, 9.13661, 351.869, -152.554, 0.15235, 127.408, 0.0895032, -174.652, 0.0416619, -26.4736
1855, 30.90833, 62.9514, -102.793, 422.703, 9.12339, 352.227, -152.557, 0.152576, 127.292, 0.0895632, -174.384, 0.0414451, -26.1951
1855, 30.91667, 62.9654, -102.909, 423.273, 9.11012, 352.586, -152.561, 0.152801, 127.176, 0.0896257, -174.116, 0.0412289, -25.9132
1856, 30.92500, 62.9795, -103.025, 423.845, 9.09678, 352.946, -152.564, 0.153027, 127.059, 0.0896906, -173.848, 0.0410131, -25.6277
1856, 30.93333, 62.9936, -103.141, 424.418, 9.08338, 353.306, -152.568, 0.153254, 126.943, 0.0897579, -173.579, 0.040798, -25.3387
1857, 30.94167, 63.0077, -103.257, 424.992, 9.06991, 353.666, -152.571, 0.153481, 126.827, 0.0898278, -173.31, 0.0405834, -25.046
1857, 30.95000, 63.0218, -103.374, 425.568, 9.05638, 354.027, -152.574, 0.153709, 126.711, 0.0899001, -173.041, 0.0403694, -24.7496
1858, 30.95833, 63.036, -103.49, 426.146, 9.04278, 354.389, -152.578, 0.153937, 126.594, 0.089975, -172.772, 0.040156, -24.4495
1858, 30.96667, 63.0501, -103.606, 426.725, 9.02912, 354.751, -152.581, 0.154166, 126.478, 0.0900523, -172.502, 0.0399432, -24.1456
1859, 30.97500, 63.0643, -103.722, 427.305, 9.01539, 355.113, -152.584, 0.154395, 126.362, 0.0901322, -172.232, 0.0397312, -23.8378
1859, 30.98333, 63.0785, -103.838, 427.888, 9.0016, 355.476, -152.588, 0.154625, 126.245, 0.0902147, -171.962, 0.0395198, -23.5262
1860, 30.99167, 63.0928, -103.954, 428.471, 8.98775, 355.84, -152.591, 0.154855, 126.129, 0.0902997, -171.692, 0.0393091, -23.2105
1860, 31.00000, 63.107, -104.07, 429.056, 8.97382, 356.204, -152.594, 0.155086, 126.013, 0.0903872, -171.421, 0.0390992, -22.8909
1861, 31.00833, 63.1213, -104.186, 429.643, 8.95983, 356.568, -152.597, 0.155317, 125.897, 0.0904774, -171.151, 0.03889, -22.5671
1861, 31.01667, 63.1356, -104.302, 430.231, 8.94577, 356.933, -152.6, 0.155549, 125.781, 0.0905701, -170.88, 0.0386816, -22.2392
1862, 31.02500, 63.15, -104.419, 430.821, 8.93165, 357.299, -152.604, 0.155781, 125.664, 0.0906655, -170.609, 0.038474, -21.9071
1862, 31.03333, 63.1644, -104.535, 431.412, 8.91746, 357.665, -152.607, 0.156014, 125.548, 0.0907635, -170.338, 0.0382673, -21.5708
1863, 31.04167, 63.1788, -104.651, 432.005, 8.9032, 358.032, -152.61, 0.156247, 125.432, 0.0908641, -170.067, 0.0380614, -21.2301
1863, 31.05000, 63.1932, -104.767, 432.6, 8.88887, 358.399, -152.613, 0.156481, 125.316, 0.0909674, -169.796, 0.0378565, -20.885
1864, 31.05833, 63.2076, -104.883, 433.196, 8.87447, 358.767, -152.616, 0.156716, 125.2, 0.0910733, -169.524, 0.0376524, -20.5355
1864, 31.06667, 63.2221, -105, 433.794, 8.86, 359.135, -152.619, 0.156951, 125.084, 0.0911819, -169.253, 0.0374493, -20.1815
1865, 31.07500, 63.2366, -105.116, 434.393, 8.84547, 359.504, -152.622, 0.157186, 124.967, 0.0912932, -168.982, 0.0372472, -19.8229
1865, 31.08333, 63.2512, -105.232, 434.994, 8.83086, 359.873, -152.625, 0.157422, 124.851, 0.0914072, -168.71, 0.0370461, -19.4597
1866, 31.09167, 63.2657, -105.348, 435.596, 8.81619, 360.243, -152.628, 0.157659, 124.735, 0.0915239, -168.439, 0.0368461, -19.0917
1866, 31.10000, 63.2803, -105.465, 436.2, 8.80144, 360.614, -152.631, 0.157896, 124.619, 0.0916433, -168.168, 0.0366471, -18.7191
1867, 31.10833, 63.295, -105.581, 436.806, 8.78663, 360.985, -152.634, 0.158134, 124.503, 0.0917655, -167.896, 0.0364493, -18.3416
1867, 31.11667, 63.3096, -105.697, 437.413, 8.77174, 361.356, -152.637, 0.158373, 124.387, 0.0918904, -167.625, 0.0362526, -17.9592
1868, 31.12500, 63.3243, -105.814, 438.022, 8.75678, 361.728, -152.64, 0.158611, 124.271, 0.0920181, -167.354, 0.0360571, -17.5719
1868, 31.13333, 63.3391, -105.93, 438.632, 8.74175, 362.101, -152.642, 0.158851, 124.155, 0.0921485, -167.083, 0.0358628, -17.1796
1869, 31.14167, 63.3539, -106.047, 439.244, 8.72664, 362.474, -152.645, 0.159091, 124.039, 0.0922817, -166.811, 0.0356697, -16.7822
1869, 31.15000, 63.3687, -106.163, 439.858, 8.71147, 362.848, -152.648, 0.159332, 123.922, 0.0924177, -166.541, 0.0354779, -16.3796
1870, 31.15833, 63.3835, -106.28, 440.473, 8.69622, 363.222, -152.651, 0.159573, 123.806, 0.0925565, -166.27, 0.0352875, -15.9719
1870, 31.16667, 63.3984, -106.396, 441.09, 8.6809, 363.597, -152.653, 0.159815, 123.69, 0.0926981, -165.999, 0.0350984, -15.5589
1871, 31.17500, 63.4133, -106.513, 441.708, 8.6655, 363.973, -152.656, 0.160057, 123.574, 0.0928425, -165.728, 0.0349108, -15.1407
1871, 31.18333, 63.4283, -106.629, 442.329, 8.65003, 364.349, -152.659, 0.1603, 123.458, 0.0929897, -165.458, 0.0347246, -14.717
1872, 31.19167, 63.4432, -106.746, 442.951, 8.63449, 364.725, -152.661, 0.160543, 123.342, 0.0931398, -165.188, 0.0345398, -14.2879
1872, 31.20000, 63.4583, -106.862, 443.574, 8.61887, 365.103, -152.664, 0.160788, 123.226, 0.0932928, -164.918, 0.0343566, -13.8534
1873, 31.20833, 63.4734, -106.979, 444.199, 8.60318, 365.48, -152.667, 0.161032, 123.11, 0.0934486, -164.648, 0.034175, -13.4133
1873, 31.21667, 63.4885, -107.095, 444.826, 8.58741, 365.859, -152.669, 0.161278, 122.994, 0.0936073, -164.379, 0.033995, -12.9675
1874, 31.22500, 63.5036, -107.212, 445.455, 8.57157, 366.238, -152.672, 0.161524, 122.878, 0.0937688, -164.11, 0.0338166, -12.5161
1874, 31.23333, 63.5188, -107.329, 446.085, 8.55565, 366.617, -152.674, 0.16177, 122.762, 0.0939333, -163.841, 0.0336399, -12.0591
1875, 31.24167, 63.534, -107.446, 446.717, 8.53965, 366.997, -152.677, 0.162017, 122.646, 0.0941006, -163.572, 0.033465, -11.5962
1875, 31.25000, 63.5493, -107.562, 447.35, 8.52357, 367.378, -152.679, 0.162265, 122.53, 0.0942708, -163.304, 0.0332919, -11.1275
1876, 31.25833, 63.5647, -107.679, 447.985, 8.50742, 367.759, -152.681, 0.162513, 122.414, 0.094444, -163.036, 0.0331206, -10.653
1876, 31.26667, 63.58, -107.796, 448.622, 8.49119, 368.141, -152.684, 0.162762, 122.297, 0.0946201, -162.768, 0.0329512, -10.1725
1877, 31.27500, 63.5954, -107.913, 449.261, 8.47489, 368.524, -152.686, 0.163012, 122.181, 0.0947991, -162.5, 0.0327837, -9.6861
1877, 31.28333, 63.6109, -108.03, 449.901, 8.4585, 368.907, -152.689, 0.163262, 122.065, 0.0949811, -162.233, 0.0326183, -9.19372
1878, 31.29167, 63.6264, -108.146, 450.543, 8.44204, 369.29, -152.691, 0.163513, 121.949, 0.095166, -161.967, 0.0324548, -8.69524
1878, 31.30000, 63.6419, -108.263, 451.187, 8.4255, 369.675, -152.693, 0.163765, 121.833, 0.0953539, -161.701, 0.0322934, -8.19074
1879, 31.30833, 63.6575, -108.38, 451.833, 8.40888, 370.059, -152.695, 0.164017, 121.717, 0.0955447, -161.435, 0.0321342, -7.68013
1879, 31.31667, 63.6732, -108.497, 452.48, 8.39217, 370.445, -152.698, 0.16427, 121.601, 0.0957385, -161.169, 0.0319772, -7.16332
1880, 31.32500, 63.6889, -108.614, 453.129, 8.37539, 370.831, -152.7, 0.164523, 121.485, 0.0959353, -160.904, 0.0318224, -6.64039
1880, 31.33333, 63.7046, -108.731, 453.78, 8.35853, 371.218, -152.702, 0.164777, 121.369, 0.0961351, -160.64, 0.03167, -6.11127
1881, 31.34167, 63.7204, -108.849, 454.432, 8.34159, 371.605, -152.704, 0.165032, 121.253, 0.0963379, -160.376, 0.0315198, -5.57587
1881, 31.35000, 63.7362, -108.966, 455.086, 8.32456, 371.993, -152.706, 0.165287, 121.137, 0.0965436, -160.112, 0.0313721, -5.0343
1882, 31.35833, 63.7521, -109.083, 455.742, 8.30746, 372.382, -152.708, 0.165543, 121.02, 0.0967524, -159.849, 0.0312269, -4.48647
1882, 31.36667, 63.7681, -109.2, 456.4, 8.29027, 372.771, -152.71, 0.1658, 120.904, 0.0969642, -159.587, 0.0310841, -3.93232
1883, 31.37500, 63.7841, -109.317, 457.059, 8.273, 373.161, -152.712, 0.166057, 120.788, 0.0971791, -159.325, 0.030944, -3.37197
1883, 31.38333, 63.8001, -109.435, 457.72, 8.25565, 373.552, -152.714, 0.166315, 120.672, 0.0973969, -159.063, 0.0308065, -2.80534
1884, 31.39167, 63.8162, -109.552, 458.384, 8.23821, 373.943, -152.716, 0.166574, 120.556, 0.0976178, -158.802, 0.0306717, -2.23239
1884, 31.40000, 63.8324, -109.669, 459.048, 8.22069, 374.335, -152.718, 0.166833, 120.44, 0.0978418, -158.542, 0.0305396, -1.65325
1885, 31.40833, 63.8486, -109.787, 459.715, 8.20309, 374.727, -152.72, 0.167093, 120.323, 0.0980687, -158.282, 0.0304104, -1.06787
1885, 31.41667, 63.8648, -109.904, 460.383, 8.1854, 375.12, -152.722, 0.167354, 120.207, 0.0982988, -158.023, 0.030284, -0.47619
1886, 31.42500, 63.8811, -110.022, 461.053, 8.16763, 375.514, -152.723, 0.167616, 120.091, 0.0985319, -157.764, 0.0301606, 0.121612
1886, 31.43333, 63.8975, -110.139, 461.725, 8.14977, 375.908, -152.725, 0.167878, 119.975, 0.0987681, -157.506, 0.0300402, 0.725581
1887, 31.44167, 63.914, -110.257, 462.399, 8.13183, 376.303, -152.727, 0.16814, 119.859, 0.0990073, -157.249, 0.0299228, 1.33575
1887, 31.45000, 63.9304, -110.374, 463.075, 8.1138, 376.699, -152.729, 0.168404, 119.742, 0.0992496, -156.992, 0.0298085, 1.95194
1888, 31.45833, 63.947, -110.492, 463.752, 8.09569, 377.095, -152.73, 0.168668, 119.626, 0.099495, -156.736, 0.0296975, 2.57416
1888, 31.46667, 63.9636, -110.61, 464.431, 8.07748, 377.492, -152.732, 0.168933, 119.51, 0.0997435, -156.481, 0.0295896, 3.20244
1889, 31.47500, 63.9803, -110.727, 465.113, 8.05919, 377.89, -152.734, 0.169198, 119.394, 0.0999951, -156.226, 0.0294851, 3.83657
1889, 31.48333, 63.997, -110.845, 465.795, 8.04082, 378.288, -152.735, 0.169465, 119.277, 0.10025, -155.972, 0.0293839, 4.47654
1890, 31.49167, 64.0138, -110.963, 466.48, 8.02235, 378.688, -152.737, 0.169732, 119.161, 0.100508, -155.719, 0.0292861, 5.12236
1890, 31.50000, 64.0306, -111.081, 467.167, 8.0038, 379.087, -152.738, 0.169999, 119.045, 0.100768, -155.466, 0.0291919, 5.7738
1891, 31.50833, 64.0475, -111.199, 467.855, 7.98516, 379.488, -152.74, 0.170268, 118.928, 0.101032, -155.215, 0.0291011, 6.43083
1891, 31.51667, 64.0645, -111.317, 468.546, 7.96643, 379.889, -152.741, 0.170537, 118.812, 0.1013, -154.963, 0.029014, 7.09344
1892, 31.52500, 64.0815, -111.435, 469.238, 7.94762, 380.291, -152.743, 0.170807, 118.696, 0.10157, -154.713, 0.0289305, 7.76137
1892, 31.53333, 64.0986, -111.553, 469.932, 7.92871, 380.693, -152.744, 0.171078, 118.579, 0.101843, -154.464, 0.0288508, 8.43458
1893, 31.54167, 64.1158, -111.671, 470.628, 7.90971, 381.096, -152.745, 0.171349, 118.463, 0.10212, -154.215, 0.0287749, 9.11302
1893, 31.55000, 64.133, -111.789, 471.326, 7.89062, 381.5, -152.747, 0.171621, 118.347, 0.102399, -153.967, 0.0287027, 9.79642
1894, 31.55833, 64.1503, -111.908, 472.025, 7.87144, 381.905, -152.748, 0.171894, 118.23, 0.102682, -153.72, 0.0286345, 10.4847
1894, 31.56667, 64.1676, -112.026, 472.727, 7.85217, 382.31, -152.749, 0.172167, 118.114, 0.102968, -153.473, 0.0285703, 11.1778
1895, 31.57500, 64.1851, -112.144, 473.43, 7.83281, 382.716, -152.75, 0.172442, 117.997, 0.103257, -153.228, 0.02851, 11.8755
1895, 31.58333, 64.2025, -112.263, 474.136, 7.81335, 383.123, -152.752, 0.172717, 117.881, 0.103549, -152.983, 0.0284538, 12.5776
1896, 31.59167, 64.2201, -112.381, 474.843, 7.79381, 383.53, -152.753, 0.172993, 117.764, 0.103845, -152.739, 0.0284017, 13.284
1896, 31.60000, 64.2377, -112.5, 475.552, 7.77417, 383.938, -152.754, 0.173269, 117.648, 0.104143, -152.496, 0.0283538, 13.9945
1897, 31.60833, 64.2554, -112.618, 476.264, 7.75443, 384.347, -152.755, 0.173547, 117.531, 0.104445, -152.254, 0.0283102, 14.7089
1897, 31.61667, 64.2732, -112.737, 476.977, 7.7346, 384.757, -152.756, 0.173825, 117.415, 0.10475, -152.012, 0.0282708, 15.4271
1898, 31.62500, 64.291, -112.855, 477.692, 7.71468, 385.167, -152.757, 0.174104, 117.298, 0.105057, -151.772, 0.0282357, 16.1487
1898, 31.63333, 64.3089, -112.974, 478.409, 7.69467, 385.578, -152.758, 0.174383, 117.181, 0.105369, -151.532, 0.0282049, 16.8738
1899, 31.64167, 64.3269, -113.093, 479.128, 7.67456, 385.99, -152.759, 0.174664, 117.065, 0.105683, -151.294, 0.0281786, 17.602
1899, 31.65000, 64.3449, -113.212, 479.849, 7.65435, 386.402, -152.76, 0.174945, 116.948, 0.106, -151.056, 0.0281568, 18.3331
1900, 31.65833, 64.363, -113.331, 480.571, 7.63405, 386.816, -152.761, 0.175227, 116.831, 0.106321, -150.819, 0.0281394, 19.0669
1900, 31.66667, 64.3812, -113.45, 481.296, 7.61365, 387.23, -152.761, 0.17551, 116.715, 0.106645, -150.583, 0.0281266, 19.8032
1901, 31.67500, 64.3995, -113.569, 482.023, 7.59315, 387.644, -152.762, 0.175793, 116.598, 0.106972, -150.348, 0.0281183, 20.5418
1901, 31.68333, 64.4178, -113.688, 482.752, 7.57256, 388.06, -152.763, 0.176078, 116.481, 0.107302, -150.114, 0.0281147, 21.2824
1902, 31.69167, 64.4363, -113.807, 483.483, 7.55187, 388.476, -152.764, 0.176363, 116.364, 0.107636, -149.881, 0.0281157, 22.0248
1902, 31.70000, 64.4547, -113.926, 484.215, 7.53109, 388.893, -152.764, 0.176649, 116.247, 0.107972, -149.649, 0.0281214, 22.7688
1903, 31.70833, 64.4733, -114.045, 484.95, 7.5102, 389.311, -152.765, 0.176936, 116.13, 0.108312, -149.417, 0.0281318, 23.514
1903, 31.71667, 64.492, -114.165, 485.687, 7.48921, 389.73, -152.766, 0.177224, 116.014, 0.108655, -149.187, 0.0281469, 24.2604
1904, 31.72500, 64.5107, -114.284, 486.426, 7.46813, 390.149, -152.766, 0.177512, 115.897, 0.109001, -148.958, 0.0281668, 25.0076
1904, 31.73333, 64.5295, -114.404, 487.166, 7.44695, 390.569, -152.767, 0.177801, 115.78, 0.10935, -148.73, 0.0281915, 25.7553
1905, 31.74167, 64.5483, -114.523, 487.909, 7.42566, 390.99, -152.767, 0.178092, 115.663, 0.109703, -148.502, 0.0282209, 26.5035
1905, 31.75000, 64.5673, -114.643, 488.654, 7.40428, 391.412, -152.768, 0.178383, 115.546, 0.110058, -148.276, 0.0282552, 27.2516
1906, 31.75833, 64.5863, -114.763, 489.401, 7.3828, 391.834, -152.768, 0.178674, 115.429, 0.110417, -148.05, 0.0282944, 27.9996
1906, 31.76667, 64.6054, -114.882, 490.15, 7.36121, 392.257, -152.768, 0.178967, 115.311, 0.110779, -147.826, 0.0283384, 28.7472
1907, 31.77500, 64.6246, -115.002, 490.901, 7.33952, 392.681, -152.769, 0.179261, 115.194, 0.111145, -147.603, 0.0283872, 29.4941
1907, 31.78333, 64.6439, -115.122, 491.654, 7.31773, 393.106, -152.769, 0.179555, 115.077, 0.111513, -147.38, 0.0284409, 30.2401
1908, 31.79167, 64.6633, -115.242, 492.409, 7.29584, 393.532, -152.769, 0.17985, 114.96, 0.111885, -147.159, 0.0284996, 30.985
1908, 31.80000, 64.6827, -115.362, 493.166, 7.27384, 393.958, -152.77, 0.180146, 114.843, 0.11226, -146.939, 0.0285631, 31.7284
1909, 31.80833, 64.7022, -115.482, 493.925, 7.25174, 394.386, -152.77, 0.180443, 114.725, 0.112638, -146.719, 0.0286315, 32.4702
1909, 31.81667, 64.7219, -115.603, 494.687, 7.22954, 394.814, -152.77, 0.180741, 114.608, 0.113019, -146.501, 0.0287048, 33.2102
1910, 31.82500, 64.7415, -115.723, 495.45, 7.20723, 395.243, -152.77, 0.181039, 114.491, 0.113404, -146.284, 0.0287829, 33.9479
1910, 31.83333, 64.7613, -115.843, 496.215, 7.18482, 395.672, -152.77, 0.181339, 114.373, 0.113792, -146.068, 0.028866, 34.6834
1911, 31.84167, 64.7812, -115.964, 496.983, 7.1623, 396.103, -152.77, 0.181639, 114.256, 0.114183, -145.853, 0.028954, 35.4164
1911, 31.85000, 64.8011, -116.084, 497.753, 7.13968, 396.534, -152.77, 0.181941, 114.138, 0.114577, -145.639, 0.0290468, 36.1465
1912, 31.85833, 64.8212, -116.205, 498.525, 7.11695, 396.967, -152.77, 0.182243, 114.021, 0.114974, -145.426, 0.0291444, 36.8735
1912, 31.86667, 64.8413, -116.326, 499.299, 7.09411, 397.4, -152.77, 0.182546, 113.903, 0.115375, -145.214, 0.029247, 37.5975
1913, 31.87500, 64.8615, -116.446, 500.075, 7.07117, 397.834, -152.77, 0.18285, 113.786, 0.115779, -145.003, 0.0293543, 38.318
1913, 31.88333, 64.8818, -116.567, 500.853, 7.04811, 398.268, -152.77, 0.183155, 113.668, 0.116186, -144.793, 0.0294665, 39.0349
1914, 31.89167, 64.9022, -116.688, 501.633, 7.02495, 398.704, -152.77, 0.18346, 113.55, 0.116596, -144.584, 0.0295835, 39.748
1914, 31.90000, 64.9227, -116.809, 502.416, 7.00169, 399.141, -152.769, 0.183767, 113.433, 0.11701, -144.376, 0.0297053, 40.4571
1915, 31.90833, 64.9433, -116.93, 503.2, 6.97831, 399.578, -152.769, 0.184075, 113.315, 0.117426, -144.17, 0.0298318, 41.1621
1915, 31.91667, 64.9639, -117.051, 503.987, 6.95482, 400.016, -152.769, 0.184383, 113.197, 0.117846, -143.964, 0.029963, 41.8628
1916, 31.92500, 64.9847, -117.173, 504.776, 6.93123, 400.455, -152.768, 0.184693, 113.079, 0.11827, -143.76, 0.030099, 42.5589
1916, 31.93333, 65.0055, -117.294, 505.567, 6.90752, 400.895, -152.768, 0.185003, 112.961, 0.118696, -143.556, 0.0302396, 43.2504
1917, 31.94167, 65.0265, -117.415, 506.361, 6.8837, 401.336, -152.767, 0.185314, 112.843, 0.119126, -143.354, 0.030385, 43.9371
1917, 31.95000, 65.0475, -117.537, 507.156, 6.85977, 401.778, -152.767, 0.185626, 112.725, 0.119558, -143.153, 0.0305349, 44.6189
1918, 31.95833, 65.0686, -117.659, 507.954, 6.83573, 402.221, -152.766, 0.18594, 112.607, 0.119995, -142.953, 0.0306894, 45.2956
1918, 31.96667, 65.0898, -117.78, 508.754, 6.81158, 402.664, -152.766, 0.186254, 112.489, 0.120434, -142.754, 0.0308485, 45.9672
1919, 31.97500, 65.1111, -117.902, 509.556, 6.78731, 403.109, -152.765, 0.186569, 112.371, 0.120876, -142.556, 0.0310122, 46.6334
1919, 31.98333, 65.1326, -118.024, 510.36, 6.76294, 403.554, -152.765, 0.186885, 112.253, 0.121322, -142.359, 0.0311803, 47.2941
1920, 31.99167, 65.1541, -118.146, 511.167, 6.73844, 404, -152.764, 0.187202, 112.135, 0.121771, -142.163, 0.0313529, 47.9495
1920, 32.00000, 65.1757, -118.268, 511.975, 6.71384, 404.447, -152.763, 0.18752, 112.016, 0.122223, -141.968, 0.0315299, 48.5991
1921, 32.00833, 65.1974, -118.39, 512.786, 6.68912, 404.895, -152.762, 0.187838, 111.898, 0.122679, -141.775, 0.0317114, 49.2431
1921, 32.01667, 65.2192, -118.512, 513.6, 6.66428, 405.344, -152.762, 0.188158, 111.78, 0.123138, -141.582, 0.0318972, 49.8813
1922, 32.02500, 65.2411, -118.635, 514.415, 6.63933, 405.794, -152.761, 0.188479, 111.661, 0.1236, -141.391, 0.0320873, 50.5136
1922, 32.03333, 65.2631, -118.757, 515.233, 6.61426, 406.245, -152.76, 0.188801, 111.543, 0.124065, -141.201, 0.0322816, 51.14
1923, 32.04167, 65.2852, -118.88, 516.053, 6.58907, 406.697, -152.759, 0.189124, 111.424, 0.124533, -141.011, 0.0324803, 51.7605
1923, 32.05000, 65.3074, -119.003, 516.875, 6.56377, 407.15, -152.758, 0.189448, 111.305, 0.125005, -140.823, 0.0326831, 52.3749
1924, 32.05833, 65.3297, -119.125, 517.7, 6.53835, 407.603, -152.757, 0.189772, 111.187, 0.12548, -140.636, 0.0328901, 52.9832
1924, 32.06667, 65.3521, -119.248, 518.527, 6.51281, 408.058, -152.756, 0.190098, 111.068, 0.125958, -140.451, 0.0331013, 53.5854
1925, 32.07500, 65.3746, -119.371, 519.356, 6.48716, 408.514, -152.755, 0.190425, 110.949, 0.126439, -140.266, 0.0333165, 54.1814
1925, 32.08333, 65.3972, -119.494, 520.188, 6.46138, 408.97, -152.754, 0.190753, 110.83, 0.126924, -140.082, 0.0335357, 54.7713
1926, 32.09167, 65.4199, -119.617, 521.021, 6.43549, 409.428, -152.752, 0.191082, 110.711, 0.127412, -139.9, 0.033759, 55.355
1926, 32.10000, 65.4427, -119.741, 521.857, 6.40947, 409.886, -152.751, 0.191411, 110.592, 0.127903, -139.718, 0.0339863, 55.9324
1927, 32.10833, 65.4656, -119.864, 522.696, 6.38334, 410.346, -152.75, 0.191742, 110.473, 0.128397, -139.538, 0.0342174, 56.5035
1927, 32.11667, 65.4886, -119.988, 523.537, 6.35708, 410.806, -152.748, 0.192074, 110.354, 0.128895, -139.359, 0.0344525, 57.0685
1928, 32.12500, 65.5117, -120.111, 524.38, 6.3307, 411.268, -152.747, 0.192407, 110.235, 0.129395, -139.18, 0.0346914, 57.6272
1928, 32.13333, 65.535, -120.235, 525.225, 6.3042, 411.73, -152.746, 0.192741, 110.116, 0.1299, -139.003, 0.0349341, 58.1797
1929, 32.14167, 65.5583, -120.359, 526.073, 6.27758, 412.194, -152.744, 0.193076, 109.996, 0.130407, -138.827, 0.0351806, 58.726
1929, 32.15000, 65.5818, -120.483, 526.923, 6.25083, 412.658, -152.743, 0.193412, 109.877, 0.130917, -138.653, 0.0354308, 59.266
1930, 32.15833, 65.6053, -120.607, 527.776, 6.22396, 413.124, -152.741, 0.193749, 109.758, 0.131431, -138.479, 0.0356846, 59.7998
1930, 32.16667, 65.629, -120.731, 528.631, 6.19696, 413.59, -152.739, 0.194088, 109.638, 0.131948, -138.306, 0.0359422, 60.3274
1931, 32.17500, 65.6528, -120.855, 529.488, 6.16985, 414.058, -152.738, 0.194427, 109.519, 0.132469, -138.135, 0.0362033, 60.8489
1931, 32.18333, 65.6767, -120.979, 530.347, 6.1426, 414.526, -152.736, 0.194767, 109.399, 0.132992, -137.964, 0.036468, 61.3642
1932, 32.19167, 65.7007, -121.104, 531.21, 6.11523, 414.996, -152.734, 0.195108, 109.279, 0.133519, -137.795, 0.0367363, 61.8735
1932, 32.20000, 65.7248, -121.229, 532.074, 6.08774, 415.467, -152.733, 0.195451, 109.159, 0.134049, -137.627, 0.037008, 62.3767
1933, 32.20833, 65.749, -121.353, 532.941, 6.06011, 415.938, -152.731, 0.195794, 109.04, 0.134583, -137.46, 0.0372832, 62.8738
1933, 32.21667, 65.7733, -121.478, 533.81, 6.03236, 416.411, -152.729, 0.196139, 108.92, 0.135119, -137.294, 0.0375619, 63.365
1934, 32.22500, 65.7977, -121.603, 534.682, 6.00448, 416.885, -152.727, 0.196485, 108.8, 0.135659, -137.129, 0.0378439, 63.8501
1934, 32.23333, 65.8223, -121.728, 535.556, 5.97648, 417.36, -152.725, 0.196832, 108.68, 0.136202, -136.965, 0.0381292, 64.3294
1935, 32.24167, 65.847, -121.854, 536.433, 5.94834, 417.836, -152.723, 0.19718, 108.559, 0.136749, -136.802, 0.0384179, 64.8029
1935, 32.25000, 65.8718, -121.979, 537.312, 5.92007, 418.313, -152.721, 0.197529, 108.439, 0.137298, -136.64, 0.0387099, 65.2705
1936, 32.25833, 65.8967, -122.104, 538.193, 5.89168, 418.791, -152.719, 0.197879, 108.319, 0.137851, -136.48, 0.0390051, 65.7323
1936, 32.26667, 65.9217, -122.23, 539.077, 5.86315, 419.27, -152.717, 0.19823, 108.198, 0.138408, -136.32, 0.0393035, 66.1884
1937, 32.27500, 65.9468, -122.356, 539.964, 5.83449, 419.75, -152.714, 0.198582, 108.078, 0.138967, -136.162, 0.0396051, 66.6389
1937, 32.28333, 65.9721, -122.481, 540.852, 5.8057, 420.231, -152.712, 0.198936, 107.957, 0.13953, -136.004, 0.0399098, 67.0837
1938, 32.29167, 65.9974, -122.607, 541.744, 5.77678, 420.714, -152.71, 0.199291, 107.837, 0.140096, -135.848, 0.0402177, 67.523
1938, 32.30000, 66.0229, -122.734, 542.638, 5.74772, 421.197, -152.708, 0.199646, 107.716, 0.140665, -135.693, 0.0405286, 67.9568
1939, 32.30833, 66.0485, -122.86, 543.534, 5.71853, 421.682, -152.705, 0.200003, 107.595, 0.141238, -135.539, 0.0408426, 68.3852
1939, 32.31667, 66.0742, -122.986, 544.433, 5.68921, 422.168, -152.703, 0.200361, 107.474, 0.141814, -135.385, 0.0411596, 68.8082
1940, 32.32500, 66.1001, -123.113, 545.335, 5.65975, 422.655, -152.7, 0.200721, 107.354, 0.142393, -135.233, 0.0414796, 69.2259
1940, 32.33333, 66.126, -123.239, 546.238, 5.63016, 423.143, -152.698, 0.201081, 107.233, 0.142975, -135.083, 0.0418025, 69.6382
1941, 32.34167, 66.1521, -123.366, 547.145, 5.60043, 423.632, -152.695, 0.201443, 107.111, 0.143561, -134.933, 0.0421285, 70.0455
1941, 32.35000, 66.1783, -123.493, 548.054, 5.57057, 424.122, -152.692, 0.201805, 106.99, 0.14415, -134.784, 0.0424572, 70.4475
1942, 32.35833, 66.2046, -123.62, 548.966, 5.54057, 424.614, -152.69, 0.202169, 106.869, 0.144742, -134.636, 0.0427889, 70.8445
1942, 32.36667, 66.2311, -123.747, 549.88, 5.51043, 425.107, -152.687, 0.202534, 106.748, 0.145338, -134.489, 0.0431235, 71.2365
1943, 32.37500, 66.2577, -123.874, 550.796, 5.48015, 425.6, -152.684, 0.202901, 106.626, 0.145937, -134.344, 0.0434608, 71.6235
1943, 32.38333, 66.2844, -124.002, 551.716, 5.44974, 426.095, -152.681, 0.203268, 106.505, 0.146539, -134.199, 0.0438009, 72.0056
1944, 32.39167, 66.3112, -124.129, 552.638, 5.41918, 426.592, -152.679, 0.203637, 106.383, 0.147145, -134.056, 0.0441439, 72.383
1944, 32.40000, 66.3381, -124.257, 553.562, 5.38848, 427.089, -152.676, 0.204007, 106.261, 0.147754, -133.913, 0.0444896, 72.7555
1945, 32.40833, 66.3652, -124.385, 554.489, 5.35765, 427.588, -152.673, 0.204378, 106.139, 0.148366, -133.772, 0.0448379, 73.1233
1945, 32.41667, 66.3924, -124.513, 555.419, 5.32667, 428.087, -152.67, 0.20475, 106.017, 0.148981, -133.631, 0.0451891, 73.4865
1946, 32.42500, 66.4197, -124.641, 556.351, 5.29555, 428.588, -152.667, 0.205124, 105.895, 0.1496, -133.492, 0.0455429, 73.8452
1946, 32.43333, 66.4472, -124.77, 557.286, 5.26429, 429.091, -152.663, 0.205499, 105.773, 0.150222, -133.353, 0.0458993, 74.1992
1947, 32.44167, 66.4747, -124.898, 558.223, 5.23289, 429.594, -152.66, 0.205875, 105.651, 0.150847, -133.216, 0.0462584, 74.5489
1947, 32.45000, 66.5024, -125.027, 559.164, 5.20134, 430.099, -152.657, 0.206252, 105.529, 0.151476, -133.08, 0.0466201, 74.8941
1948, 32.45833, 66.5303, -125.155, 560.106, 5.16965, 430.605, -152.654, 0.20663, 105.406, 0.152108, -132.945, 0.0469844, 75.235
1948, 32.46667, 66.5582, -125.284, 561.052, 5.13782, 431.112, -152.651, 0.20701, 105.284, 0.152743, -132.81, 0.0473513, 75.5717
1949, 32.47500, 66.5863, -125.413, 562, 5.10584, 431.62, -152.647, 0.207391, 105.161, 0.153382, -132.677, 0.0477207, 75.9041
1949, 32.48333, 66.6146, -125.543, 562.951, 5.07371, 432.13, -152.644, 0.207773, 105.039, 0.154024, -132.545, 0.0480926, 76.2324
1950, 32.49167, 66.6429, -125.672, 563.904, 5.04144, 432.641, -152.64, 0.208157, 104.916, 0.154669, -132.414, 0.0484671, 76.5566
1950, 32.50000, 66.6714, -125.802, 564.86, 5.00902, 433.153, -152.637, 0.208542, 104.793, 0.155318, -132.284, 0.0488441, 76.8767
1951, 32.50833, 66.7, -125.931, 565.819, 4.97645, 433.667, -152.633, 0.208928, 104.67, 0.15597, -132.155, 0.0492235, 77.1929
1951, 32.51667, 66.7288, -126.061, 566.781, 4.94373, 434.181, -152.63, 0.209315, 104.547, 0.156626, -132.026, 0.0496055, 77.5052
1952, 32.52500, 66.7577, -126.191, 567.745, 4.91087, 434.698, -152.626, 0.209704, 104.424, 0.157284, -131.899, 0.0499898, 77.8135
1952, 32.53333, 66.7867, -126.321, 568.712, 4.87785, 435.215, -152.622, 0.210094, 104.3, 0.157946, -131.773, 0.0503766, 78.1181
1953, 32.54167, 66.8158, -126.452, 569.682, 4.84468, 435.734, -152.618, 0.210485, 104.177, 0.158612, -131.648, 0.0507659, 78.419
1953, 32.55000, 66.8451, -126.582, 570.654, 4.81137, 436.254, -152.615, 0.210877, 104.053, 0.159281, -131.524, 0.0511575, 78.7161
1954, 32.55833, 66.8745, -126.713, 571.629, 4.7779, 436.775, -152.611, 0.211271, 103.93, 0.159953, -131.401, 0.0515515, 79.0096
1954, 32.56667, 66.9041, -126.843, 572.607, 4.74428, 437.298, -152.607, 0.211667, 103.806, 0.160628, -131.278, 0.051948, 79.2995
1955, 32.57500, 66.9338, -126.974, 573.588, 4.71051, 437.822, -152.603, 0.212063, 103.682, 0.161307, -131.157, 0.0523467, 79.5859
1955, 32.58333, 66.9636, -127.106, 574.571, 4.67658, 438.347, -152.599, 0.212461, 103.558, 0.161989, -131.037, 0.0527478, 79.8688
1956, 32.59167, 66.9936, -127.237, 575.557, 4.6425, 438.874, -152.595, 0.21286, 103.434, 0.162675, -130.918, 0.0531513, 80.1483
1956, 32.60000, 67.0237, -127.368, 576.546, 4.60826, 439.402, -152.591, 0.213261, 103.31, 0.163364, -130.799, 0.053557, 80.4244
1957, 32.60833, 67.054, -127.5, 577.538, 4.57387, 439.931, -152.586, 0.213662, 103.185, 0.164056, -130.682, 0.0539651, 80.6972
1957, 32.61667, 67.0844, -127.632, 578.533, 4.53932, 440.462, -152.582, 0.214066, 103.061, 0.164752, -130.566, 0.0543755, 80.9667
1958, 32.62500, 67.1149, -127.764, 579.53, 4.50462, 440.995, -152.578, 0.21447, 102.937, 0.165451, -130.45, 0.0547881, 81.233
1958, 32.63333, 67.1456, -127.896, 580.53, 4.46976, 441.528, -152.573, 0.214876, 102.812, 0.166154, -130.336, 0.0552031, 81.4961
1959, 32.64167, 67.1764, -128.028, 581.534, 4.43474, 442.063, -152.569, 0.215284, 102.687, 0.16686, -130.223, 0.0556203, 81.7561
1959, 32.65000, 67.2073, -128.161, 582.539, 4.39956, 442.6, -152.565, 0.215692, 102.562, 0.167569, -130.11, 0.0560398, 82.013
1960, 32.65833, 67.2384, -128.294, 583.548, 4.36422, 443.138, -152.56, 0.216102, 102.437, 0.168282, -129.999, 0.0564615, 82.2668
1960, 32.66667, 67.2697, -128.427, 584.56, 4.32872, 443.677, -152.556, 0.216514, 102.312, 0.168998, -129.888, 0.0568855, 82.5177
1961, 32.67500, 67.3011, -128.56, 585.574, 4.29306, 444.218, -152.551, 0.216927, 102.187, 0.169718, -129.778, 0.0573117, 82.7657
1961, 32.68333, 67.3326, -128.693, 586.592, 4.25724, 444.76, -152.546, 0.217341, 102.061, 0.170441, -129.67, 0.0577401, 83.0107
1962, 32.69167, 67.3643, -128.826, 587.612, 4.22125, 445.304, -152.542, 0.217757, 101.936, 0.171168, -129.562, 0.0581708, 83.2529
1962, 32.70000, 67.3961, -128.96, 588.635, 4.18511, 445.849, -152.537, 0.218174, 101.81, 0.171898, -129.455, 0.0586036, 83.4922
1963, 32.70833, 67.428, -129.094, 589.661, 4.1488, 446.396, -152.532, 0.218592, 101.684, 0.172631, -129.349, 0.0590386, 83.7289
1963, 32.71667, 67.4601, -129.228, 590.69, 4.11232, 446.944, -152.527, 0.219012, 101.559, 0.173368, -129.244, 0.0594759, 83.9628
1964, 32.72500, 67.4924, -129.362, 591.721, 4.07568, 447.494, -152.522, 0.219434, 101.432, 0.174108, -129.14, 0.0599153, 84.1939
1964, 32.73333, 67.5248, -129.496, 592.756, 4.03888, 448.045, -152.517, 0.219856, 101.306, 0.174852, -129.037, 0.0603569, 84.4225
1965, 32.74167, 67.5573, -129.631, 593.794, 4.0019, 448.598, -152.512, 0.220281, 101.18, 0.175599, -128.935, 0.0608007, 84.6484
1965, 32.75000, 67.59, -129.766, 594.834, 3.96476, 449.152, -152.507, 0.220706, 101.054, 0.176349, -128.834, 0.0612466, 84.8718
1966, 32.75833, 67.6229, -129.901, 595.878, 3.92745, 449.708, -152.502, 0.221134, 100.927, 0.177104, -128.733, 0.0616947, 85.0927
1966, 32.76667, 67.6559, -130.036, 596.924, 3.88997, 450.265, -152.497, 0.221562, 100.8, 0.177861, -128.634, 0.062145, 85.3111
1967, 32.77500, 67.689, -130.171, 597.974, 3.85233, 450.824, -152.492, 0.221992, 100.674, 0.178622, -128.535, 0.0625974, 85.527
1967, 32.78333, 67.7223, -130.307, 599.026, 3.81451, 451.384, -152.486, 0.222424, 100.547, 0.179387, -128.438, 0.063052, 85.7405
1968, 32.79167, 67.7558, -130.442, 600.082, 3.77652, 451.947, -152.481, 0.222857, 100.42, 0.180155, -128.341, 0.0635087, 85.9516
1968, 32.80000, 67.7894, -130.578, 601.14, 3.73837, 452.51, -152.475, 0.223292, 100.292, 0.180926, -128.245, 0.0639676, 86.1604
1969, 32.80833, 67.8231, -130.715, 602.201, 3.70004, 453.075, -152.47, 0.223728, 100.165, 0.181701, -128.15, 0.0644285, 86.3669
1969, 32.81667, 67.857, -130.851, 603.266, 3.66153, 453.642, -152.465, 0.224165, 100.037, 0.18248, -128.056, 0.0648917, 86.5711
1970, 32.82500, 67.8911, -130.987, 604.333, 3.62285, 454.211, -152.459, 0.224604, 99.9097, 0.183262, -127.963, 0.065357, 86.7731
1970, 32.83333, 67.9253, -131.124, 605.404, 3.584, 454.781, -152.453, 0.225045, 99.7819, 0.184047, -127.87, 0.0658243, 86.9729
1971, 32.84167, 67.9596, -131.261, 606.477, 3.54497, 455.352, -152.448, 0.225487, 99.654, 0.184836, -127.779, 0.0662939, 87.1705
1971, 32.85000, 67.9941, -131.398, 607.553, 3.50576, 455.926, -152.442, 0.225931, 99.5259, 0.185629, -127.688, 0.0667655, 87.3659
1972, 32.85833, 68.0288, -131.536, 608.633, 3.46638, 456.501, -152.436, 0.226376, 99.3977, 0.186425, -127.599, 0.0672392, 87.5593
1972, 32.86667, 68.0637, -131.673, 609.716, 3.42682, 457.077, -152.43, 0.226823, 99.2693, 0.187225, -127.51, 0.0677152, 87.7506
1973, 32.87500, 68.0986, -131.811, 610.801, 3.38708, 457.656, -152.424, 0.227271, 99.1408, 0.188028, -127.422, 0.0681932, 87.9398
1973, 32.88333, 68.1338, -131.949, 611.89, 3.34717, 458.236, -152.418, 0.227721, 99.0121, 0.188835, -127.335, 0.0686733, 88.127
1974, 32.89167, 68.1691, -132.087, 612.982, 3.30707, 458.818, -152.412, 0.228172, 98.8832, 0.189645, -127.249, 0.0691555, 88.3123
1974, 32.90000, 68.2045, -132.226, 614.077, 3.26679, 459.401, -152.406, 0.228625, 98.7542, 0.190459, -127.163, 0.0696399, 88.4955
1975, 32.90833, 68.2401, -132.365, 615.174, 3.22633, 459.986, -152.4, 0.22908, 98.6251, 0.191277, -127.079, 0.0701263, 88.6769
1975, 32.91667, 68.2759, -132.504, 616.276, 3.18569, 460.573, -152.394, 0.229536, 98.4958, 0.192098, -126.995, 0.0706149, 88.8563
1976, 32.92500, 68.3118, -132.643, 617.38, 3.14486, 461.162, -152.388, 0.229994, 98.3664, 0.192922, -126.912, 0.0711056, 89.0339
1976, 32.93333, 68.3479, -132.782, 618.487, 3.10386, 461.752, -152.382, 0.230453, 98.2368, 0.193751, -126.83, 0.0715984, 89.2096
1977, 32.94167, 68.3842, -132.922, 619.598, 3.06266, 462.344, -152.375, 0.230914, 98.107, 0.194582, -126.749, 0.0720934, 89.3836
1977, 32.95000, 68.4206, -133.061, 620.711, 3.02128, 462.938, -152.369, 0.231377, 97.9771, 0.195418, -126.669, 0.0725904, 89.5557
1978, 32.95833, 68.4572, -133.201, 621.828, 2.97972, 463.534, -152.362, 0.231841, 97.847, 0.196257, -126.59, 0.0730895, 89.7261
1978, 32.96667, 68.4939, -133.342, 622.948, 2.93796, 464.132, -152.356, 0.232307, 97.7167, 0.1971, -126.511, 0.0735908, 89.8947
1979, 32.97500, 68.5308, -133.482, 624.071, 2.89602, 464.731, -152.349, 0.232774, 97.5863, 0.197946, -126.433, 0.0740942, 90.0616
1979, 32.98333, 68.5678, -133.623, 625.197, 2.85389, 465.332, -152.343, 0.233243, 97.4557, 0.198796, -126.356, 0.0745997, 90.2268
1980, 32.99167, 68.6051, -133.764, 626.327, 2.81157, 465.935, -152.336, 0.233714, 97.325, 0.199649, -126.28, 0.0751074, 90.3904
1980, 33.00000, 68.6424, -133.905, 627.459, 2.76906, 466.54, -152.329, 0.234186, 97.1941, 0.200506, -126.205, 0.0756171, 90.5522
1981, 33.00833, 68.68, -134.046, 628.595, 2.72636, 467.147, -152.322, 0.23466, 97.063, 0.201367, -126.13, 0.076129, 90.7125
1981, 33.01667, 68.7177, -134.188, 629.734, 2.68346, 467.755, -152.316, 0.235136, 96.9318, 0.202232, -126.057, 0.076643, 90.8712
1982, 33.02500, 68.7556, -134.33, 630.876, 2.64038, 468.366, -152.309, 0.235613, 96.8004, 0.2031, -125.984, 0.0771592, 91.0283
1982, 33.03333, 68.7936, -134.472, 632.022, 2.5971, 468.978, -152.302, 0.236092, 96.6688, 0.203972, -125.912, 0.0776774, 91.1839
1983, 33.04167, 68.8318, -134.615, 633.171, 2.55362, 469.593, -152.295, 0.236573, 96.537, 0.204847, -125.841, 0.0781979, 91.3379
1983, 33.05000, 68.8702, -134.757, 634.323, 2.50995, 470.209, -152.288, 0.237055, 96.4051, 0.205726, -125.77, 0.0787204, 91.4904
1984, 33.05833, 68.9087, -134.9, 635.478, 2.46609, 470.827, -152.281, 0.237539, 96.273, 0.206609, -125.701, 0.0792451, 91.6415
1984, 33.06667, 68.9474, -135.043, 636.636, 2.42202, 471.447, -152.273, 0.238025, 96.1407, 0.207496, -125.632, 0.0797719, 91.791
1985, 33.07500, 68.9863, -135.187, 637.798, 2.37776, 472.069, -152.266, 0.238513, 96.0082, 0.208386, -125.564, 0.0803009, 91.9391
1985, 33.08333, 69.0254, -135.33, 638.963, 2.3333, 472.694, -152.259, 0.239002, 95.8756, 0.20928, -125.496, 0.080832, 92.0858
1986, 33.09167, 69.0646, -135.474, 640.131, 2.28864, 473.32, -152.252, 0.239493, 95.7428, 0.210178, -125.43, 0.0813654, 92.2311
1986, 33.10000, 69.104, -135.618, 641.303, 2.24378, 473.948, -152.244, 0.239986, 95.6098, 0.211079, -125.364, 0.0819008, 92.375
1987, 33.10833, 69.1435, -135.763, 642.478, 2.19872, 474.578, -152.237, 0.24048, 95.4766, 0.211985, -125.299, 0.0824384, 92.5175
1987, 33.11667, 69.1832, -135.907, 643.656, 2.15345, 475.21, -152.229, 0.240976, 95.3432, 0.212894, -125.235, 0.0829782, 92.6587
1988, 33.12500, 69.2231, -136.052, 644.837, 2.10798, 475.844, -152.222, 0.241474, 95.2097, 0.213806, -125.172, 0.0835202, 92.7985
1988, 33.13333, 69.2632, -136.197, 646.022, 2.06231, 476.48, -152.214, 0.241974, 95.0759, 0.214723, -125.11, 0.0840643, 92.937
1989, 33.14167, 69.3034, -136.343, 647.21, 2.01643, 477.119, -152.206, 0.242476, 94.942, 0.215643, -125.048, 0.0846106, 93.0743
1989, 33.15000, 69.3438, -136.488, 648.402, 1.97035, 477.759, -152.199, 0.242979, 94.8079, 0.216567, -124.987, 0.0851591, 93.2102
1990, 33.15833, 69.3844, -136.634, 649.597, 1.92406, 478.401, -152.191, 0.243484, 94.6736, 0.217495, -124.927, 0.0857098, 93.3449
1990, 33.16667, 69.4251, -136.781, 650.795, 1.87756, 479.046, -152.183, 0.243991, 94.5391, 0.218426, -124.867, 0.0862628, 93.4783
1991, 33.17500, 69.4661, -136.927, 651.997, 1.83085, 479.693, -152.175, 0.244499, 94.4044, 0.219362, -124.808, 0.0868179, 93.6105
1991, 33.18333, 69.5072, -137.074, 653.201, 1.78393, 480.342, -152.167, 0.24501, 94.2695, 0.220301, -124.751, 0.0873751, 93.7415
1992, 33.19167, 69.5484, -137.221, 654.41, 1.7368, 480.993, -152.159, 0.245522, 94.1344, 0.221244, -124.693, 0.0879347, 93.8713
1992, 33.20000, 69.5899, -137.368, 655.622, 1.68947, 481.646, -152.151, 0.246036, 93.9991, 0.222191, -124.637, 0.0884965, 93.9999
1993, 33.20833, 69.6315, -137.516, 656.837, 1.64192, 482.301, -152.143, 0.246552, 93.8636, 0.223141, -124.581, 0.0890604, 94.1273
1993, 33.21667, 69.6733, -137.664, 658.055, 1.59415, 482.959, -152.135, 0.24707, 93.7279, 0.224096, -124.526, 0.0896267, 94.2536
1994, 33.22500, 69.7152, -137.812, 659.277, 1.54617, 483.619, -152.127, 0.247589, 93.5921, 0.225054, -124.472, 0.0901951, 94.3788
1994, 33.23333, 69.7574, -137.96, 660.502, 1.49798, 484.281, -152.118, 0.248111, 93.456, 0.226016, -124.419, 0.0907658, 94.5028
1995, 33.24167, 69.7997, -138.109, 661.731, 1.44957, 484.945, -152.11, 0.248634, 93.3197, 0.226982, -124.366, 0.0913388, 94.6257
1995, 33.25000, 69.8422, -138.258, 662.963, 1.40094, 485.612, -152.102, 0.249159, 93.1832, 0.227952, -124.314, 0.091914, 94.7475
1996, 33.25833, 69.8849, -138.407, 664.199, 1.3521, 486.281, -152.093, 0.249686, 93.0465, 0.228926, -124.263, 0.0924915, 94.8683
1996, 33.26667, 69.9277, -138.557, 665.438, 1.30303, 486.952, -152.085, 0.250215, 92.9096, 0.229904, -124.213, 0.0930713, 94.988
1997, 33.27500, 69.9707, -138.706, 666.681, 1.25375, 487.625, -152.076, 0.250746, 92.7725, 0.230885, -124.163, 0.0936534, 95.1066
1997, 33.28333, 70.014, -138.856, 667.927, 1.20425, 488.301, -152.068, 0.251279, 92.6351, 0.231871, -124.114, 0.0942377, 95.2241
1998, 33.29167, 70.0573, -139.007, 669.176, 1.15452, 488.979, -152.059, 0.251813, 92.4976, 0.23286, -124.066, 0.0948244, 95.3407
1998, 33.30000, 70.1009, -139.158, 670.429, 1.10457, 489.66, -152.05, 0.25235, 92.3598, 0.233854, -124.018, 0.0954133, 95.4562
1999, 33.30833, 70.1446, -139.309, 671.686, 1.0544, 490.342, -152.041, 0.252888, 92.2218, 0.234851, -123.972, 0.0960045, 95.5708
1999, 33.31667, 70.1886, -139.46, 672.946, 1.004, 491.028, -152.033, 0.253428, 92.0836, 0.235852, -123.926, 0.0965982, 95.6843
2000, 33.32500, 70.2327, -139.611, 674.209, 0.953376, 491.715, -152.024, 0.253971, 91.9453, 0.236857, -123.88, 0.0971941, 95.7969
2000, 33.33333, 70.2769, -139.763, 675.476, 0.902528, 492.405, -152.015, 0.254515, 91.8066, 0.237866, -123.836, 0.0977923, 95.9085
2001, 33.34167, 70.3214, -139.916, 676.747, 0.851446, 493.098, -152.006, 0.255061, 91.6678, 0.23888, -123.792, 0.098393, 96.0191
2001, 33.35000, 70.366, -140.068, 678.021, 0.800141, 493.793, -151.997, 0.255609, 91.5287, 0.239897, -123.749, 0.0989959, 96.1288
2002, 33.35833, 70.4109, -140.221, 679.298, 0.748607, 494.49, -151.988, 0.256159, 91.3894, 0.240918, -123.706, 0.0996012, 96.2376
2002, 33.36667, 70.4559, -140.374, 680.58, 0.696836, 495.19, -151.979, 0.256711, 91.2499, 0.241943, -123.665, 0.100209, 96.3454
2003, 33.37500, 70.501, -140.527, 681.864, 0.64484, 495.893, -151.969, 0.257265, 91.1101, 0.242972, -123.624, 0.100819, 96.4524
2003, 33.38333, 70.5464, -140.681, 683.152, 0.59261, 496.598, -151.96, 0.257821, 90.9702, 0.244005, -123.583, 0.101432, 96.5584
2003, 33.39167, 70.592, -140.835, 684.444, 0.540141, 497.306, -151.951, 0.258379, 90.83, 0.245042, -123.544, 0.102046, 96.6636
2004, 33.40000, 70.6377, -140.989, 685.74, 0.487444, 498.016, -151.942, 0.258939, 90.6895, 0.246083, -123.505, 0.102664, 96.7678
2005, 33.40833, 70.6836, -141.144, 687.039, 0.43451, 498.728, -151.932, 0.259501, 90.5489, 0.247128, -123.467, 0.103283, 96.8712
2005, 33.41667, 70.7297, -141.299, 688.341, 0.381334, 499.444, -151.923, 0.260065, 90.408, 0.248177, -123.429, 0.103906, 96.9738
2006, 33.42500, 70.776, -141.454, 689.647, 0.327926, 500.162, -151.913, 0.260631, 90.2668, 0.24923, -123.392, 0.10453, 97.0754
2006, 33.43333, 70.8224, -141.61, 690.957, 0.274279, 500.882, -151.904, 0.261199, 90.1255, 0.250287, -123.356, 0.105157, 97.1763
2007, 33.44167, 70.8691, -141.766, 692.27, 0.220386, 501.605, -151.894, 0.261769, 89.9838, 0.251349, -123.321, 0.105787, 97.2763
2007, 33.45000, 70.9159, -141.922, 693.587, 0.166258, 502.331, -151.884, 0.262341, 89.842, 0.252414, -123.286, 0.106419, 97.3755
2008, 33.45833, 70.9629, -142.079, 694.908, 0.111889, 503.06, -151.875, 0.262915, 89.6999, 0.253484, -123.252, 0.107053, 97.4739
2008, 33.46667, 71.0101, -142.236, 696.232, 0.0572695, 503.791, -151.865, 0.263491, 89.5575, 0.254557, -123.219, 0.10769, 97.5715
2009, 33.47500, 71.0575, -142.393, 697.56, 0.00241278, 504.525, -151.855, 0.26407, 89.415, 0.255635, -123.186, 0.10833, 97.6683
2009, 33.48333, 71.1051, -142.551, 698.891, -0.052689, 505.262, -151.845, 0.26465, 89.2721, 0.256717, -123.154, 0.108972, 97.7643
2010, 33.49167, 71.1528, -142.709, 700.226, -0.108044, 506.002, -151.835, 0.265232, 89.129, 0.257803, -123.123, 0.109616, 97.8595
2010, 33.50000, 71.2008, -142.867, 701.565, -0.163639, 506.744, -151.826, 0.265817, 88.9857, 0.258893, -123.092, 0.110263, 97.954
2011, 33.50833, 71.2489, -143.025, 702.907, -0.219483, 507.489, -151.816, 0.266403, 88.8421, 0.259987, -123.062, 0.110913, 98.0477
2011, 33.51667, 71.2972, -143.184, 704.253, -0.275582, 508.237, -151.805, 0.266992, 88.6983, 0.261085, -123.033, 0.111565, 98.1407
2012, 33.52500, 71.3457, -143.344, 705.603, -0.331926, 508.988, -151.795, 0.267583, 88.5542, 0.262188, -123.004, 0.11222, 98.2329
2012, 33.53333, 71.3944, -143.503, 706.956, -0.388521, 509.742, -151.785, 0.268176, 88.4099, 0.263294, -122.977, 0.112877, 98.3243
2013, 33.54167, 71.4433, -143.663, 708.313, -0.445376, 510.499, -151.775, 0.268771, 88.2653, 0.264405, -122.949, 0.113537, 98.4151
2013, 33.55000, 71.4923, -143.824, 709.674, -0.502477, 511.258, -151.765, 0.269368, 88.1204, 0.26552, -122.923, 0.1142, 98.5051
2014, 33.55833, 71.5415, -143.984, 711.038, -0.559834, 512.021, -151.755, 0.269967, 87.9753, 0.266639, -122.897, 0.114865, 98.5944
2014, 33.56667, 71.591, -144.145, 712.406, -0.617453, 512.786, -151.744, 0.270568, 87.8299, 0.267763, -122.872, 0.115533, 98.683
2015, 33.57500, 71.6406, -144.307, 713.778, -0.675323, 513.555, -151.734, 0.271172, 87.6843, 0.26889, -122.847, 0.116203, 98.7709
2015, 33.58333, 71.6904, -144.468, 715.153, -0.73345, 514.326, -151.723, 0.271777, 87.5384, 0.270022, -122.824, 0.116876, 98.8581
2016, 33.59167, 71.7404, -144.63, 716.532, -0.791844, 515.101, -151.713, 0.272385, 87.3922, 0.271158, -122.8, 0.117552, 98.9447
2016, 33.60000, 71.7906, -144.793, 717.915, -0.850492, 515.878, -151.703, 0.272995, 87.2458, 0.272299, -122.778, 0.11823, 99.0305
2017, 33.60833, 71.8409, -144.956, 719.302, -0.909401, 516.659, -151.692, 0.273608, 87.0991, 0.273443, -122.756, 0.118912, 99.1157
2017, 33.61667, 71.8915, -145.119, 720.692, -0.968579, 517.443, -151.681, 0.274222, 86.9521, 0.274592, -122.735, 0.119596, 99.2002
2018, 33.62500, 71.9422, -145.282, 722.086, -1.02801, 518.229, -151.671, 0.274839, 86.8048, 0.275745, -122.714, 0.120282, 99.2841
2018, 33.63333, 71.9932, -145.446, 723.484, -1.08771, 519.019, -151.66, 0.275457, 86.6573, 0.276902, -122.694, 0.120972, 99.3673
2019, 33.64167, 72.0443, -145.611, 724.885, -1.14769, 519.813, -151.649, 0.276078, 86.5095, 0.278064, -122.675, 0.121664, 99.4498
2019, 33.65000, 72.0956, -145.775, 726.29, -1.20792, 520.609, -151.639, 0.276702, 86.3614, 0.27923, -122.657, 0.122359, 99.5318
2020, 33.65833, 72.1471, -145.94, 727.699, -1.26842, 521.408, -151.628, 0.277327, 86.2131, 0.2804, -122.639, 0.123056, 99.613
2020, 33.66667, 72.1988, -146.106, 729.112, -1.3292, 522.211, -151.617, 0.277955, 86.0644, 0.281575, -122.621, 0.123757, 99.6937
2021, 33.67500, 72.2506, -146.271, 730.528, -1.39024, 523.017, -151.606, 0.278585, 85.9155, 0.282753, -122.605, 0.12446, 99.7737
2021, 33.68333, 72.3027, -146.438, 731.949, -1.45156, 523.826, -151.595, 0.279217, 85.7663, 0.283937, -122.589, 0.125166, 99.8531
2022, 33.69167, 72.3549, -146.604, 733.373, -1.51315, 524.639, -151.584, 0.279851, 85.6168, 0.285124, -122.574, 0.125875, 99.932
2022, 33.70000, 72.4074, -146.771, 734.8, -1.57501, 525.455, -151.573, 0.280488, 85.467, 0.286316, -122.559, 0.126587, 100.01
2023, 33.70833, 72.46, -146.938, 736.232, -1.63715, 526.274, -151.562, 0.281126, 85.3169, 0.287512, -122.545, 0.127301, 100.088
2023, 33.71667, 72.5128, -147.106, 737.667, -1.69957, 527.097, -151.551, 0.281768, 85.1666, 0.288713, -122.532, 0.128019, 100.165
2024, 33.72500, 72.5658, -147.274, 739.106, -1.76226, 527.922, -151.54, 0.282411, 85.0159, 0.289918, -122.519, 0.12874, 100.241
2024, 33.73333, 72.619, -147.442, 740.549, -1.82523, 528.752, -151.529, 0.283057, 84.865, 0.291127, -122.507, 0.129463, 100.317
2025, 33.74167, 72.6724, -147.611, 741.995, -1.88848, 529.585, -151.518, 0.283705, 84.7137, 0.292341, -122.495, 0.130189, 100.392
2025, 33.75000, 72.7259, -147.781, 743.445, -1.95201, 530.421, -151.507, 0.284355, 84.5621, 0.293559, -122.485, 0.130918, 100.467
2026, 33.75833, 72.7797, -147.95, 744.899, -2.01583, 531.261, -151.495, 0.285008, 84.4103, 0.294781, -122.474, 0.131651, 100.541
2026, 33.76667, 72.8336, -148.12, 746.357, -2.07993, 532.104, -151.484, 0.285663, 84.2581, 0.296008, -122.465, 0.132386, 100.615
2027, 33.77500, 72.8877, -148.291, 747.819, -2.14431, 532.951, -151.473, 0.28632, 84.1057, 0.297239, -122.456, 0.133124, 100.688
2027, 33.78333, 72.942, -148.462, 749.284, -2.20898, 533.802, -151.461, 0.286979, 83.9529, 0.298475, -122.448, 0.133865, 100.76
2028, 33.79167, 72.9966, -148.633, 750.754, -2.27394, 534.656, -151.45, 0.287641, 83.7999, 0.299715, -122.44, 0.134609, 100.832
2028, 33.80000, 73.0512, -148.805, 752.227, -2.33918, 535.513, -151.439, 0.288306, 83.6465, 0.300959, -122.433, 0.135357, 100.903
2029, 33.80833, 73.1061, -148.977, 753.703, -2.40471, 536.375, -151.427, 0.288972, 83.4928, 0.302208, -122.427, 0.136107, 100.974
2029, 33.81667, 73.1612, -149.149, 755.184, -2.47054, 537.24, -151.416, 0.289641, 83.3388, 0.303462, -122.421, 0.13686, 101.044
2030, 33.82500, 73.2164, -149.322, 756.668, -2.53666, 538.109, -151.404, 0.290312, 83.1845, 0.30472, -122.416, 0.137617, 101.114
2030, 33.83333, 73.2719, -149.495, 758.156, -2.60306, 538.981, -151.393, 0.290986, 83.0299, 0.305982, -122.412, 0.138377, 101.183
2031, 33.84167, 73.3275, -149.669, 759.649, -2.66977, 539.857, -151.381, 0.291662, 82.875, 0.307249, -122.408, 0.139139, 101.252
2031, 33.85000, 73.3833, -149.843, 761.144, -2.73677, 540.737, -151.369, 0.29234, 82.7197, 0.30852, -122.405, 0.139905, 101.32
2032, 33.85833, 73.4393, -150.018, 762.644, -2.80407, 541.621, -151.358, 0.293021, 82.5641, 0.309796, -122.402, 0.140674, 101.387
2032, 33.86667, 73.4955, -150.193, 764.147, -2.87167, 542.509, -151.346, 0.293704, 82.4082, 0.311077, -122.4, 0.141447, 101.455
2033, 33.87500, 73.5519, -150.368, 765.654, -2.93956, 543.401, -151.335, 0.29439, 82.252, 0.312362, -122.399, 0.142222, 101.521
2033, 33.88333, 73.6084, -150.544, 767.165, -3.00775, 544.296, -151.323, 0.295078, 82.0954, 0.313651, -122.398, 0.143001, 101.587
2034, 33.89167, 73.6651, -150.72, 768.68, -3.07625, 545.195, -151.311, 0.295768, 81.9386, 0.314945, -122.398, 0.143783, 101.653
2034, 33.90000, 73.7221, -150.897, 770.198, -3.14505, 546.099, -151.299, 0.296461, 81.7813, 0.316243, -122.399, 0.144568, 101.718
2035, 33.90833, 73.7792, -151.074, 771.72, -3.21415, 547.006, -151.288, 0.297156, 81.6238, 0.317546, -122.4, 0.145356, 101.782
2035, 33.91667, 73.8365, -151.252, 773.247, -3.28357, 547.918, -151.276, 0.297854, 81.4659, 0.318854, -122.402, 0.146148, 101.847
2036, 33.92500, 73.894, -151.43, 774.776, -3.35328, 548.833, -151.264, 0.298554, 81.3077, 0.320166, -122.404, 0.146943, 101.91
2036, 33.93333, 73.9516, -151.609, 776.31, -3.4233, 549.753, -151.252, 0.299256, 81.1492, 0.321482, -122.407, 0.147741, 101.973
2037, 33.94167, 74.0095, -151.787, 777.848, -3.49364, 550.676, -151.24, 0.299961, 80.9903, 0.322804, -122.411, 0.148543, 102.036
2037, 33.95000, 74.0675, -151.967, 779.389, -3.56428, 551.604, -151.229, 0.300669, 80.8311, 0.324129, -122.415, 0.149348, 102.098
2038, 33.95833, 74.1257, -152.147, 780.934, -3.63523, 552.536, -151.217, 0.301378, 80.6715, 0.32546, -122.42, 0.150156, 102.16
2038, 33.96667, 74.1841, -152.327, 782.483, -3.70651, 553.472, -151.205, 0.302091, 80.5116, 0.326795, -122.426, 0.150968, 102.221
2039, 33.97500, 74.2427, -152.508, 784.035, -3.77809, 554.413, -151.193, 0.302805, 80.3513, 0.328134, -122.432, 0.151784, 102.281
2039, 33.98333, 74.3014, -152.689, 785.591, -3.84999, 555.357, -151.181, 0.303523, 80.1907, 0.329478, -122.439, 0.152602, 102.342
2040, 33.99167, 74.3604, -152.871, 787.151, -3.92221, 556.306, -151.169, 0.304242, 80.0298, 0.330827, -122.446, 0.153425, 102.401
2040, 34.00000, 74.4195, -153.053, 788.715, -3.99474, 557.259, -151.157, 0.304964, 79.8685, 0.33218, -122.454, 0.15425, 102.461
2041, 34.00833, 74.4788, -153.235, 790.283, -4.06759, 558.217, -151.145, 0.305689, 79.7068, 0.333538, -122.463, 0.15508, 102.52
2041, 34.01667, 74.5383, -153.418, 791.854, -4.14077, 559.179, -151.133, 0.306416, 79.5448, 0.334901, -122.472, 0.155912, 102.578
2042, 34.02500, 74.5979, -153.602, 793.429, -4.21426, 560.146, -151.121, 0.307146, 79.3824, 0.336268, -122.482, 0.156749, 102.636
2042, 34.03333, 74.6577, -153.786, 795.008, -4.28808, 561.116, -151.109, 0.307878, 79.2197, 0.33764, -122.493, 0.157589, 102.693
2043, 34.04167, 74.7178, -153.97, 796.591, -4.36223, 562.092, -151.098, 0.308613, 79.0566, 0.339016, -122.504, 0.158432, 102.75
2043, 34.05000, 74.7779, -154.155, 798.177, -4.43669, 563.072, -151.086, 0.30935, 78.8932, 0.340397, -122.515, 0.159279, 102.807
2044, 34.05833, 74.8383, -154.341, 799.767, -4.51149, 564.056, -151.074, 0.31009, 78.7294, 0.341783, -122.528, 0.16013, 102.863
2044, 34.06667, 74.8988, -154.526, 801.361, -4.58662, 565.045, -151.062, 0.310832, 78.5652, 0.343174, -122.541, 0.160984, 102.919
2045, 34.07500, 74.9596, -154.713, 802.958, -4.66207, 566.039, -151.05, 0.311577, 78.4006, 0.344569, -122.554, 0.161842, 102.974
2045, 34.08333, 75.0205, -154.9, 804.56, -4.73785, 567.037, -151.038, 0.312324, 78.2357, 0.345968, -122.568, 0.162704, 103.029
2046, 34.09167, 75.0815, -155.087, 806.165, -4.81398, 568.04, -151.026, 0.313074, 78.0704, 0.347373, -122.583, 0.16357, 103.083
2046, 34.10000, 75.1428, -155.275, 807.773, -4.89042, 569.048, -151.014, 0.313826, 77.9047, 0.348782, -122.598, 0.164439, 103.137
2047, 34.10833, 75.2042, -155.463, 809.386, -4.96721, 570.06, -151.002, 0.314581, 77.7387, 0.350195, -122.614, 0.165312, 103.19
2047, 34.11667, 75.2658, -155.652, 811.002, -5.04433, 571.078, -150.99, 0.315338, 77.5723, 0.351614, -122.631, 0.166189, 103.243
2048, 34.12500, 75.3275, -155.841, 812.621, -5.12179, 572.1, -150.978, 0.316098, 77.4055, 0.353037, -122.648, 0.167069, 103.296
2048, 34.13333, 75.3895, -156.031, 814.245, -5.19958, 573.127, -150.966, 0.316861, 77.2383, 0.354465, -122.666, 0.167954, 103.348
2049, 34.14167, 75.4516, -156.221, 815.872, -5.27773, 574.159, -150.954, 0.317626, 77.0707, 0.355897, -122.684, 0.168842, 103.4
2049, 34.15000, 75.5138, -156.412, 817.502, -5.3562, 575.196, -150.942, 0.318394, 76.9028, 0.357334, -122.703, 0.169734, 103.451
2050, 34.15833, 75.5762, -156.603, 819.137, -5.43502, 576.237, -150.93, 0.319164, 76.7345, 0.358776, -122.723, 0.17063, 103.502
2050, 34.16667, 75.6389, -156.795, 820.775, -5.51419, 577.284, -150.918, 0.319937, 76.5657, 0.360223, -122.743, 0.17153, 103.552
2051, 34.17500, 75.7016, -156.988, 822.416, -5.5937, 578.336, -150.906, 0.320712, 76.3966, 0.361674, -122.764, 0.172434, 103.602
2051, 34.18333, 75.7645, -157.18, 824.062, -5.67355, 579.393, -150.894, 0.32149, 76.2271, 0.36313, -122.785, 0.173342, 103.652
2052, 34.19167, 75.8277, -157.374, 825.711, -5.75376, 580.455, -150.883, 0.322271, 76.0572, 0.36459, -122.807, 0.174254, 103.701
2052, 34.20000, 75.8909, -157.568, 827.363, -5.83431, 581.522, -150.871, 0.323054, 75.8869, 0.366056, -122.83, 0.17517, 103.75
2053, 34.20833, 75.9543, -157.762, 829.019, -5.91521, 582.595, -150.859, 0.323839, 75.7162, 0.367526, -122.853, 0.17609, 103.798
2053, 34.21667, 76.0179, -157.957, 830.679, -5.99647, 583.672, -150.847, 0.324628, 75.5451, 0.369, -122.877, 0.177015, 103.846
2054, 34.22500, 76.0817, -158.152, 832.342, -6.07808, 584.755, -150.835, 0.325419, 75.3736, 0.37048, -122.902, 0.177943, 103.894
2054, 34.23333, 76.1456, -158.348, 834.008, -6.16004, 585.843, -150.824, 0.326212, 75.2017, 0.371964, -122.927, 0.178875, 103.941
2055, 34.24167, 76.2096, -158.545, 835.679, -6.24236, 586.937, -150.812, 0.327008, 75.0294, 0.373453, -122.952, 0.179812, 103.987
2055, 34.25000, 76.2739, -158.742, 837.352, -6.32503, 588.036, -150.8, 0.327807, 74.8567, 0.374947, -122.979, 0.180752, 104.034
2056, 34.25833, 76.3382, -158.939, 839.03, -6.40806, 589.14, -150.789, 0.328608, 74.6836, 0.376445, -123.006, 0.181697, 104.079
2056, 34.26667, 76.4028, -159.137, 840.71, -6.49146, 590.25, -150.777, 0.329412, 74.51, 0.377948, -123.033, 0.182646, 104.125
2057, 34.27500, 76.4675, -159.336, 842.395, -6.5752, 591.365, -150.765, 0.330218, 74.3361, 0.379456, -123.061, 0.1836, 104.17
2057, 34.28333, 76.5323, -159.535, 844.082, -6.65931, 592.486, -150.754, 0.331028, 74.1617, 0.380968, -123.09, 0.184557, 104.214
2058, 34.29167, 76.5973, -159.735, 845.774, -6.74379, 593.613, -150.742, 0.331839, 73.9869, 0.382485, -123.119, 0.185519, 104.259
2058, 34.30000, 76.6625, -159.935, 847.468, -6.82863, 594.745, -150.731, 0.332654, 73.8117, 0.384007, -123.149, 0.186485, 104.302
2059, 34.30833, 76.7278, -160.136, 849.166, -6.91383, 595.882, -150.719, 0.333471, 73.6361, 0.385534, -123.179, 0.187456, 104.346
2059, 34.31667, 76.7932, -160.337, 850.868, -6.99941, 597.026, -150.708, 0.33429, 73.46, 0.387065, -123.21, 0.188431, 104.389
2060, 34.32500, 76.8588, -160.539, 852.572, -7.08535, 598.175, -150.697, 0.335112, 73.2836, 0.388601, -123.242, 0.189411, 104.431
2060, 34.33333, 76.9245, -160.741, 854.281, -7.17166, 599.33, -150.685, 0.335937, 73.1067, 0.390142, -123.274, 0.190394, 104.473
2061, 34.34167, 76.9904, -160.944, 855.992, -7.25835, 600.49, -150.674, 0.336765, 72.9293, 0.391687, -123.307, 0.191383, 104.515
2061, 34.35000, 77.0564, -161.148, 857.707, -7.34539, 601.657, -150.663, 0.337595, 72.7516, 0.393238, -123.341, 0.192376, 104.556
2062, 34.35833, 77.1226, -161.352, 859.425, -7.43282, 602.829, -150.652, 0.338427, 72.5734, 0.394792, -123.375, 0.193373, 104.597
2062, 34.36667, 77.1889, -161.557, 861.147, -7.52062, 604.008, -150.641, 0.339262, 72.3948, 0.396352, -123.41, 0.194375, 104.638
2063, 34.37500, 77.2553, -161.762, 862.872, -7.6088, 605.192, -150.63, 0.3401, 72.2157, 0.397916, -123.445, 0.195381, 104.678
2063, 34.38333, 77.3219, -161.968, 864.6, -7.69735, 606.383, -150.619, 0.340941, 72.0362, 0.399485, -123.481, 0.196392, 104.718
2064, 34.39167, 77.3886, -162.174, 866.331, -7.78628, 607.579, -150.608, 0.341784, 71.8562, 0.401059, -123.517, 0.197408, 104.757
2064, 34.40000, 77.4555, -162.381, 868.066, -7.87559, 608.782, -150.597, 0.34263, 71.6759, 0.402637, -123.554, 0.198429, 104.796
2064, 34.40833, 77.5225, -162.589, 869.803, -7.96528, 609.991, -150.586, 0.343478, 71.495, 0.40422, -123.592, 0.199454, 104.834
2065, 34.41667, 77.5896, -162.797, 871.544, -8.05536, 611.206, -150.575, 0.344329, 71.3137, 0.405808, -123.63, 0.200483, 104.873
2066, 34.42500, 77.6568, -163.005, 873.288, -8.14581, 612.427, -150.565, 0.345183, 71.132, 0.4074, -123.669, 0.201518, 104.91
2066, 34.43333, 77.7242, -163.215, 875.035, -8.23665, 613.654, -150.554, 0.346039, 70.9499, 0.408997, -123.709, 0.202557, 104.948
2067, 34.44167, 77.7917, -163.424, 876.786, -8.32788, 614.888, -150.544, 0.346898, 70.7672, 0.410599, -123.749, 0.203601, 104.984
2067, 34.45000, 77.8593, -163.635, 878.539, -8.41949, 616.128, -150.533, 0.347759, 70.5841, 0.412205, -123.789, 0.20465, 105.021
2068, 34.45833, 77.927, -163.846, 880.296, -8.51148, 617.375, -150.523, 0.348623, 70.4006, 0.413816, -123.83, 0.205704, 105.057
2068, 34.46667, 77.9949, -164.057, 882.055, -8.60388, 618.628, -150.513, 0.34949, 70.2166, 0.415432, -123.872, 0.206763, 105.093
2068, 34.47500, 78.0629, -164.27, 883.818, -8.69666, 619.888, -150.502, 0.350359, 70.0322, 0.417052, -123.915, 0.207827, 105.128
2069, 34.48333, 78.131, -164.482, 885.583, -8.78982, 621.154, -150.492, 0.351231, 69.8472, 0.418677, -123.958, 0.208895, 105.163
2070, 34.49167, 78.1992, -164.696, 887.352, -8.88339, 622.427, -150.482, 0.352105, 69.6618, 0.420307, -124.002, 0.209969, 105.197
2070, 34.50000, 78.2675, -164.91, 889.123, -8.97735, 623.706, -150.472, 0.352982, 69.476, 0.421941, -124.046, 0.211047, 105.231
2071, 34.50833, 78.336, -165.124, 890.897, -9.0717, 624.992, -150.462, 0.353862, 69.2897, 0.42358, -124.091, 0.212131, 105.265
2071, 34.51667, 78.4045, -165.34, 892.675, -9.16645, 626.285, -150.453, 0.354744, 69.1029, 0.425223, -124.136, 0.21322, 105.298
2072, 34.52500, 78.4732, -165.556, 894.455, -9.26159, 627.584, -150.443, 0.355629, 68.9157, 0.426871, -124.182, 0.214314, 105.331
2072, 34.53333, 78.5419, -165.772, 896.237, -9.35713, 628.89, -150.433, 0.356517, 68.728, 0.428524, -124.229, 0.215412, 105.363
2072, 34.54167, 78.6108, -165.989, 898.023, -9.45308, 630.204, -150.424, 0.357407, 68.5397, 0.430181, -124.276, 0.216517, 105.395
2073, 34.55000, 78.6798, -166.207, 899.812, -9.54943, 631.524, -150.414, 0.358299, 68.3511, 0.431842, -124.324, 0.217626, 105.427
2074, 34.55833, 78.7488, -166.425, 901.603, -9.64617, 632.851, -150.405, 0.359194, 68.1619, 0.433508, -124.372, 0.21874, 105.458
2074, 34.56667, 78.818, -166.644, 903.397, -9.74332, 634.185, -150.396, 0.360092, 67.9723, 0.435179, -124.421, 0.21986, 105.489
2075, 34.57500, 78.8872, -166.863, 905.193, -9.84087, 635.526, -150.387, 0.360992, 67.7822, 0.436855, -124.471, 0.220985, 105.52
2075, 34.58333, 78.9566, -167.083, 906.992, -9.93883, 636.874, -150.378, 0.361895, 67.5916, 0.438534, -124.521, 0.222116, 105.55
2076, 34.59167, 79.026, -167.304, 908.794, -10.0372, 638.23, -150.369, 0.362801, 67.4005, 0.440219, -124.572, 0.223252, 105.579
2076, 34.60000, 79.0956, -167.526, 910.598, -10.136, 639.592, -150.361, 0.363709, 67.2089, 0.441907, -124.623, 0.224393, 105.608
2076, 34.60833, 79.1652, -167.748, 912.405, -10.2351, 640.962, -150.352, 0.364619, 67.0169, 0.443601, -124.675, 0.225539, 105.637
2077, 34.61667, 79.2349, -167.97, 914.215, -10.3347, 642.339, -150.343, 0.365532, 66.8243, 0.445298, -124.728, 0.226692, 105.665
2078, 34.62500, 79.3046, -168.194, 916.026, -10.4347, 643.724, -150.335, 0.366448, 66.6313, 0.447, -124.781, 0.227849, 105.693
2078, 34.63333, 79.3745, -168.418, 917.841, -10.5351, 645.115, -150.327, 0.367366, 66.4377, 0.448707, -124.835, 0.229012, 105.721
2079, 34.64167, 79.4444, -168.642, 919.657, -10.636, 646.514, -150.319, 0.368287, 66.2437, 0.450418, -124.889, 0.230181, 105.748
2079, 34.65000, 79.5144, -168.867, 921.476, -10.7372, 647.921, -150.311, 0.36921, 66.0492, 0.452133, -124.944, 0.231355, 105.775
2080, 34.65833, 79.5845, -169.093, 923.298, -10.8389, 649.335, -150.303, 0.370135, 65.8541, 0.453853, -125, 0.232535, 105.801
2080, 34.66667, 79.6546, -169.32, 925.121, -10.9409, 650.757, -150.295, 0.371064, 65.6586, 0.455577, -125.056, 0.23372, 105.827
2080, 34.67500, 79.7248, -169.547, 926.947, -11.0434, 652.186, -150.288, 0.371994, 65.4626, 0.457306, -125.113, 0.234912, 105.852
2081, 34.68333, 79.7951, -169.775, 928.775, -11.1463, 653.623, -150.28, 0.372927, 65.266, 0.459039, -125.17, 0.236108, 105.877
2082, 34.69167, 79.8654, -170.003, 930.606, -11.2496, 655.068, -150.273, 0.373863, 65.069, 0.460776, -125.228, 0.237311, 105.902
2082, 34.70000, 79.9358, -170.232, 932.438, -11.3534, 656.521, -150.266, 0.374801, 64.8714, 0.462517, -125.286, 0.23852, 105.926
2083, 34.70833, 80.0062, -170.462, 934.272, -11.4575, 657.981, -150.259, 0.375742, 64.6734, 0.464263, -125.346, 0.239734, 105.95
2083, 34.71667, 80.0767, -170.693, 936.109, -11.5621, 659.449, -150.252, 0.376685, 64.4748, 0.466013, -125.405, 0.240954, 105.973
2084, 34.72500, 80.1473, -170.924, 937.947, -11.6671, 660.925, -150.246, 0.37763, 64.2757, 0.467767, -125.466, 0.24218, 105.996
2084, 34.73333, 80.2178, -171.155, 939.787, -11.7725, 662.409, -150.239, 0.378578, 64.0761, 0.469526, -125.526, 0.243412, 106.019
2084, 34.74167, 80.2885, -171.388, 941.63, -11.8784, 663.901, -150.233, 0.379528, 63.8759, 0.471289, -125.588, 0.24465, 106.041
2085, 34.75000, 80.3591, -171.621, 943.474, -11.9846, 665.401, -150.227, 0.380481, 63.6753, 0.473055, -125.65, 0.245894, 106.062
2086, 34.75833, 80.4298, -171.855, 945.32, -12.0913, 666.909, -150.221, 0.381436, 63.4742, 0.474826, -125.713, 0.247144, 106.083
2086, 34.76667, 80.5006, -172.089, 947.168, -12.1985, 668.425, -150.215, 0.382393, 63.2725, 0.476602, -125.776, 0.2484, 106.104
2087, 34.77500, 80.5713, -172.324, 949.017, -12.306, 669.95, -150.21, 0.383353, 63.0703, 0.478381, -125.84, 0.249662, 106.125
2087, 34.78333, 80.6421, -172.56, 950.868, -12.414, 671.482, -150.204, 0.384315, 62.8675, 0.480164, -125.904, 0.25093, 106.145
2088, 34.79167, 80.713, -172.797, 952.721, -12.5224, 673.024, -150.199, 0.38528, 62.6643, 0.481952, -125.969, 0.252204, 106.164
2088, 34.80000, 80.7838, -173.034, 954.575, -12.6312, 674.573, -150.194, 0.386247, 62.4605, 0.483743, -126.035, 0.253485, 106.183
2088, 34.80833, 80.8547, -173.272, 956.431, -12.7405, 676.131, -150.189, 0.387216, 62.2562, 0.485539, -126.101, 0.254771, 106.202
2089, 34.81667, 80.9255, -173.51, 958.288, -12.8502, 677.697, -150.185, 0.388187, 62.0513, 0.487338, -126.168, 0.256065, 106.22
2090, 34.82500, 80.9964, -173.749, 960.147, -12.9603, 679.271, -150.18, 0.389161, 61.846, 0.489142, -126.235, 0.257364, 106.238
2090, 34.83333, 81.0673, -173.989, 962.007, -13.0709, 680.854, -150.176, 0.390137, 61.6401, 0.490949, -126.303, 0.25867, 106.255
2091, 34.84167, 81.1382, -174.23, 963.868, -13.1819, 682.446, -150.172, 0.391116, 61.4336, 0.49276, -126.372, 0.259982, 106.272
2091, 34.85000, 81.2091, -174.471, 965.731, -13.2933, 684.047, -150.168, 0.392096, 61.2266, 0.494575, -126.441, 0.2613, 106.288
2092, 34.85833, 81.28, -174.713, 967.595, -13.4052, 685.656, -150.164, 0.393079, 61.0191, 0.496394, -126.511, 0.262625, 106.304
2092, 34.86667, 81.3509, -174.956, 969.46, -13.5175, 687.274, -150.161, 0.394064, 60.811, 0.498217, -126.581, 0.263957, 106.32
2092, 34.87500, 81.4218, -175.199, 971.326, -13.6302, 688.9, -150.158, 0.395052, 60.6024, 0.500044, -126.652, 0.265295, 106.335
2093, 34.88333, 81.4926, -175.443, 973.193, -13.7434, 690.536, -150.155, 0.396041, 60.3933, 0.501874, -126.724, 0.266639, 106.35
2094, 34.89167, 81.5635, -175.688, 975.061, -13.857, 692.18, -150.152, 0.397033, 60.1836, 0.503708, -126.796, 0.26799, 106.364
2094, 34.90000, 81.6343, -175.934, 976.93, -13.971, 693.833, -150.149, 0.398027, 59.9734, 0.505546, -126.868, 0.269348, 106.377
2095, 34.90833, 81.7051, -176.18, 978.8, -14.0855, 695.495, -150.147, 0.399023, 59.7626, 0.507387, -126.942, 0.270712, 106.391
2095, 34.91667, 81.7759, -176.427, 980.67, -14.2004, 697.167, -150.145, 0.400021, 59.5512, 0.509233, -127.015, 0.272084, 106.404
2096, 34.92500, 81.8466, -176.674, 982.542, -14.3158, 698.847, -150.143, 0.401021, 59.3394, 0.511081, -127.09, 0.273461, 106.416
2096, 34.93333, 81.9174, -176.923, 984.414, -14.4316, 700.536, -150.142, 0.402023, 59.127, 0.512934, -127.165, 0.274846, 106.428
2096, 34.94167, 81.988, -177.172, 986.286, -14.5478, 702.235, -150.14, 0.403028, 58.914, 0.51479, -127.24, 0.276237, 106.439
2097, 34.95000, 82.0587, -177.422, 988.159, -14.6645, 703.942, -150.139, 0.404034, 58.7004, 0.516649, -127.317, 0.277636, 106.45
2098, 34.95833, 82.1292, -177.672, 990.033, -14.7816, 705.659, -150.138, 0.405043, 58.4864, 0.518511, -127.393, 0.279041, 106.461
2098, 34.96667, 82.1998, -177.923, 991.907, -14.8991, 707.386, -150.138, 0.406053, 58.2717, 0.520378, -127.471, 0.280453, 106.471
2099, 34.97500, 82.2702, -178.175, 993.782, -15.0171, 709.122, -150.137, 0.407066, 58.0565, 0.522247, -127.549, 0.281872, 106.481
2099, 34.98333, 82.3406, -178.428, 995.656, -15.1356, 710.867, -150.137, 0.40808, 57.8408, 0.52412, -127.627, 0.283298, 106.49
2100, 34.99167, 82.411, -178.681, 997.531, -15.2544, 712.621, -150.138, 0.409097, 57.6244, 0.525996, -127.706, 0.284731, 106.498
2100, 35.00000, 82.4813, -178.935, 999.406, -15.3738, 714.385, -150.138, 0.410115, 57.4075, 0.527876, -127.786, 0.286171, 106.507
2100, 35.00833, 82.5515, -179.19, 1001.28, -15.4935, 716.159, -150.139, 0.411136, 57.1901, 0.529758, -127.866, 0.287618, 106.514
2101, 35.01667, 82.6216, -179.446, 1003.16, -15.6137, 717.942, -150.14, 0.412158, 56.9721, 0.531644, -127.947, 0.289073, 106.522
2102, 35.02500, 82.6917, -179.702, 1005.03, -15.7343, 719.735, -150.141, 0.413182, 56.7535, 0.533533, -128.028, 0.290534, 106.529
2102, 35.03333, 82.7616, -179.959, 1006.91, -15.8554, 721.537, -150.143, 0.414208, 56.5344, 0.535425, -128.11, 0.292003, 106.535
2103, 35.04167, 82.8315, 179.783, 1008.78, -15.977, 723.35, -150.145, 0.415236, 56.3147, 0.537321, -128.193, 0.293479, 106.541
2103, 35.05000, 82.9013, 179.525, 1010.66, -16.0989, 725.172, -150.147, 0.416265, 56.0945, 0.539219, -128.276, 0.294962, 106.546
2104, 35.05833, 82.971, 179.265, 1012.53, -16.2213, 727.003, -150.149, 0.417297, 55.8736, 0.54112, -128.359, 0.296453, 106.551
2104, 35.06667, 83.0406, 179.005, 1014.4, -16.3442, 728.845, -150.152, 0.41833, 55.6522, 0.543024, -128.444, 0.297951, 106.555
2104, 35.07500, 83.11, 178.745, 1016.28, -16.4675, 730.697, -150.155, 0.419365, 55.4303, 0.544931, -128.528, 0.299456, 106.559
2105, 35.08333, 83.1794, 178.483, 1018.15, -16.5912, 732.558, -150.159, 0.420401, 55.2078, 0.546841, -128.614, 0.300969, 106.563
2106, 35.09167, 83.2486, 178.221, 1020.02, -16.7154, 734.43, -150.162, 0.42144, 54.9846, 0.548754, -128.7, 0.302489, 106.566
2106, 35.10000, 83.3178, 177.958, 1021.89, -16.84, 736.312, -150.166, 0.42248, 54.761, 0.550669, -128.786, 0.304017, 106.568
2107, 35.10833, 83.3868, 177.695, 1023.76, -16.9651, 738.203, -150.171, 0.423521, 54.5367, 0.552587, -128.873, 0.305552, 106.57
2107, 35.11667, 83.4556, 177.43, 1025.63, -17.0906, 740.105, -150.175, 0.424564, 54.3119, 0.554508, -128.961, 0.307095, 106.572
2108, 35.12500, 83.5244, 177.165, 1027.5, -17.2165, 742.017, -150.18, 0.425609, 54.0865, 0.556431, -129.049, 0.308645, 106.572
2108, 35.13333, 83.593, 176.899, 1029.37, -17.3429, 743.94, -150.185, 0.426655, 53.8605, 0.558357, -129.138, 0.310203, 106.573
2108, 35.14167, 83.6614, 176.632, 1031.24, -17.4697, 745.872, -150.191, 0.427703, 53.634, 0.560285, -129.227, 0.311769, 106.573
2109, 35.15000, 83.7297, 176.365, 1033.1, -17.597, 747.815, -150.197, 0.428752, 53.4069, 0.562216, -129.317, 0.313343, 106.572
2110, 35.15833, 83.7979, 176.097, 1034.97, -17.7247, 749.768, -150.203, 0.429803, 53.1792, 0.564149, -129.407, 0.314924, 106.571
2110, 35.16667, 83.8658, 175.828, 1036.83, -17.8529, 751.732, -150.21, 0.430855, 52.9509, 0.566084, -129.498, 0.316513, 106.57
2111, 35.17500, 83.9337, 175.558, 1038.69, -17.9814, 753.706, -150.217, 0.431909, 52.7221, 0.568022, -129.59, 0.31811, 106.568
2111, 35.18333, 84.0013, 175.288, 1040.55, -18.1105, 755.69, -150.224, 0.432964, 52.4926, 0.569962, -129.682, 0.319715, 106.565
2112, 35.19167, 84.0688, 175.016, 1042.41, -18.2399, 757.686, -150.232, 0.43402, 52.2626, 0.571904, -129.775, 0.321327, 106.562
2112, 35.20000, 84.1361, 174.744, 1044.26, -18.3698, 759.691, -150.24, 0.435078, 52.032, 0.573848, -129.868, 0.322948, 106.559
2112, 35.20833, 84.2032, 174.472, 1046.12, -18.5002, 761.707, -150.248, 0.436137, 51.8009, 0.575794, -129.962, 0.324576, 106.555
2113, 35.21667, 84.2701, 174.198, 1047.97, -18.6309, 763.734, -150.257, 0.437197, 51.5691, 0.577743, -130.056, 0.326213, 106.55
2114, 35.22500, 84.3368, 173.924, 1049.82, -18.7622, 765.772, -150.266, 0.438258, 51.3368, 0.579693, -130.151, 0.327858, 106.545
2114, 35.23333, 84.4034, 173.649, 1051.67, -18.8938, 767.82, -150.276, 0.439321, 51.1039, 0.581645, -130.246, 0.32951, 106.539
2115, 35.24167, 84.4697, 173.373, 1053.52, -19.0259, 769.879, -150.286, 0.440385, 50.8704, 0.583598, -130.342, 0.331171, 106.533
2115, 35.25000, 84.5358, 173.097, 1055.36, -19.1584, 771.949, -150.296, 0.441449, 50.6364, 0.585554, -130.439, 0.33284, 106.526
2116, 35.25833, 84.6017, 172.82, 1057.2, -19.2913, 774.029, -150.307, 0.442515, 50.4017, 0.587511, -130.536, 0.334517, 106.519
2116, 35.26667, 84.6673, 172.541, 1059.04, -19.4247, 776.121, -150.318, 0.443582, 50.1665, 0.58947, -130.633, 0.336202, 106.512
2116, 35.27500, 84.7328, 172.263, 1060.88, -19.5585, 778.223, -150.329, 0.44465, 49.9307, 0.591431, -130.731, 0.337896, 106.503
2117, 35.28333, 84.798, 171.983, 1062.71, -19.6928, 780.336, -150.341, 0.445719, 49.6943, 0.593392, -130.83, 0.339598, 106.494
2118, 35.29167, 84.863, 171.703, 1064.54, -19.8274, 782.461, -150.354, 0.446789, 49.4573, 0.595356, -130.929, 0.341308, 106.485
2118, 35.30000, 84.9277, 171.422, 1066.37, -19.9625, 784.596, -150.366, 0.44786, 49.2198, 0.597321, -131.029, 0.343026, 106.475
2119, 35.30833, 84.9922, 171.14, 1068.2, -20.0981, 786.742, -150.379, 0.448932, 48.9817, 0.599287, -131.129, 0.344753, 106.465
2119, 35.31667, 85.0564, 170.857, 1070.02, -20.234, 788.9, -150.393, 0.450004, 48.7429, 0.601254, -131.23, 0.346489, 106.454
2120, 35.32500, 85.1204, 170.574, 1071.84, -20.3704, 791.069, -150.407, 0.451078, 48.5036, 0.603222, -131.331, 0.348232, 106.443
2120, 35.33333, 85.1841, 170.29, 1073.65, -20.5072, 793.248, -150.421, 0.452152, 48.2638, 0.605192, -131.433, 0.349985, 106.431
2120, 35.34167, 85.2475, 170.005, 1075.47, -20.6444, 795.439, -150.436, 0.453227, 48.0233, 0.607163, -131.535, 0.351746, 106.418
2121, 35.35000, 85.3107, 169.719, 1077.28, -20.7821, 797.641, -150.451, 0.454302, 47.7823, 0.609134, -131.638, 0.353515, 106.405
2122, 35.35833, 85.3735, 169.432, 1079.08, -20.9201, 799.854, -150.467, 0.455378, 47.5407, 0.611107, -131.741, 0.355293, 106.392
2122, 35.36667, 85.4361, 169.145, 1080.89, -21.0586, 802.079, -150.483, 0.456455, 47.2985, 0.61308, -131.845, 0.357079, 106.377
2123, 35.37500, 85.4984, 168.857, 1082.69, -21.1975, 804.315, -150.499, 0.457533, 47.0557, 0.615054, -131.95, 0.358874, 106.363
2123, 35.38333, 85.5604, 168.568, 1084.48, -21.3368, 806.562, -150.516, 0.45861, 46.8123, 0.617029, -132.054, 0.360678, 106.348
2124, 35.39167, 85.6221, 168.279, 1086.27, -21.4766, 808.821, -150.533, 0.459689, 46.5684, 0.619004, -132.16, 0.362491, 106.332
2124, 35.40000, 85.6835, 167.988, 1088.06, -21.6167, 811.091, -150.551, 0.460768, 46.3239, 0.62098, -132.266, 0.364312, 106.315
2124, 35.40833, 85.7445, 167.697, 1089.84, -21.7573, 813.372, -150.569, 0.461847, 46.0788, 0.622956, -132.372, 0.366142, 106.299
2125, 35.41667, 85.8053, 167.405, 1091.62, -21.8982, 815.665, -150.588, 0.462927, 45.8331, 0.624933, -132.479, 0.367981, 106.281
2126, 35.42500, 85.8657, 167.113, 1093.39, -22.0396, 817.97, -150.607, 0.464006, 45.5869, 0.62691, -132.586, 0.369829, 106.263
2126, 35.43333, 85.9258, 166.819, 1095.16, -22.1814, 820.285, -150.627, 0.465087, 45.3401, 0.628887, -132.694, 0.371686, 106.245
2127, 35.44167, 85.9855, 166.525, 1096.93, -22.3236, 822.613, -150.647, 0.466167, 45.0927, 0.630864, -132.803, 0.373551, 106.225
2127, 35.45000, 86.0449, 166.23, 1098.69, -22.4662, 824.952, -150.668, 0.467248, 44.8447, 0.632842, -132.912, 0.375426, 106.206
2128, 35.45833, 86.104, 165.935, 1100.45, -22.6091, 827.302, -150.689, 0.468328, 44.5962, 0.634819, -133.021, 0.377309, 106.186
2128, 35.46667, 86.1626, 165.638, 1102.2, -22.7525, 829.664, -150.71, 0.469409, 44.3471, 0.636796, -133.131, 0.379202, 106.165
2128, 35.47500, 86.221, 165.341, 1103.95, -22.8963, 832.038, -150.732, 0.47049, 44.0974, 0.638774, -133.241, 0.381103, 106.144
2129, 35.48333, 86.2789, 165.043, 1105.69, -23.0405, 834.423, -150.755, 0.471571, 43.8472, 0.64075, -133.352, 0.383013, 106.122
2130, 35.49167, 86.3365, 164.744, 1107.42, -23.1851, 836.82, -150.778, 0.472652, 43.5963, 0.642727, -133.463, 0.384933, 106.099
2130, 35.50000, 86.3937, 164.444, 1109.15, -23.33, 839.229, -150.801, 0.473733, 43.3449, 0.644703, -133.575, 0.386862, 106.076
2131, 35.50833, 86.4506, 164.144, 1110.88, -23.4754, 841.649, -150.825, 0.474814, 43.093, 0.646679, -133.687, 0.388799, 106.053
2131, 35.51667, 86.507, 163.843, 1112.6, -23.6211, 844.081, -150.849, 0.475894, 42.8404, 0.648654, -133.8, 0.390747, 106.028
2132, 35.52500, 86.563, 163.541, 1114.31, -23.7672, 846.525, -150.874, 0.476975, 42.5874, 0.650629, -133.913, 0.392703, 106.004
2132, 35.53333, 86.6187, 163.239, 1116.02, -23.9137, 848.98, -150.9, 0.478055, 42.3337, 0.652602, -134.027, 0.394668, 105.978
2133, 35.54167, 86.6739, 162.935, 1117.73, -24.0606, 851.447, -150.926, 0.479135, 42.0795, 0.654575, -134.141, 0.396643, 105.952
2133, 35.55000, 86.7287, 162.631, 1119.42, -24.2079, 853.926, -150.952, 0.480214, 41.8247, 0.656547, -134.256, 0.398627, 105.926
2134, 35.55833, 86.7831, 162.326, 1121.11, -24.3555, 856.417, -150.979, 0.481293, 41.5694, 0.658518, -134.37, 0.40062, 105.899
2134, 35.56667, 86.8371, 162.021, 1122.8, -24.5035, 858.92, -151.007, 0.482372, 41.3135, 0.660489, -134.486, 0.402622, 105.871
2135, 35.57500, 86.8906, 161.714, 1124.48, -24.6519, 861.434, -151.035, 0.48345, 41.057, 0.662457, -134.602, 0.404634, 105.843
2135, 35.58333, 86.9437, 161.407, 1126.15, -24.8006, 863.96, -151.063, 0.484527, 40.8, 0.664425, -134.718, 0.406655, 105.815
2136, 35.59167, 86.9964, 161.099, 1127.82, -24.9497, 866.498, -151.092, 0.485604, 40.5424, 0.666391, -134.835, 0.408686, 105.785
2136, 35.60000, 87.0486, 160.79, 1129.47, -25.0992, 869.048, -151.122, 0.486681, 40.2843, 0.668356, -134.952, 0.410726, 105.755
2137, 35.60833, 87.1003, 160.481, 1131.13, -25.249, 871.61, -151.152, 0.487756, 40.0257, 0.670319, -135.07, 0.412776, 105.725
2137, 35.61667, 87.1516, 160.171, 1132.77, -25.3992, 874.184, -151.182, 0.488831, 39.7664, 0.672281, -135.188, 0.414835, 105.694
2138, 35.62500, 87.2025, 159.86, 1134.41, -25.5497, 876.769, -151.214, 0.489905, 39.5067, 0.674241, -135.306, 0.416903, 105.662
2138, 35.63333, 87.2528, 159.548, 1136.04, -25.7005, 879.367, -151.245, 0.490979, 39.2464, 0.6762, -135.425, 0.418981, 105.63
2139, 35.64167, 87.3027, 159.236, 1137.67, -25.8518, 881.976, -151.277, 0.492051, 38.9855, 0.678156, -135.544, 0.421069, 105.597
2139, 35.65000, 87.3521, 158.922, 1139.29, -26.0033, 884.597, -151.31, 0.493122, 38.7241, 0.680111, -135.664, 0.423166, 105.564
2140, 35.65833, 87.401, 158.609, 1140.9, -26.1552, 887.23, -151.344, 0.494193, 38.4622, 0.682063, -135.784, 0.425273, 105.53
2140, 35.66667, 87.4494, 158.294, 1142.5, -26.3075, 889.875, -151.377, 0.495262, 38.1997, 0.684014, -135.905, 0.42739, 105.495
2141, 35.67500, 87.4974, 157.978, 1144.09, -26.4601, 892.532, -151.412, 0.496331, 37.9367, 0.685962, -136.026, 0.429516, 105.46
2141, 35.68333, 87.5448, 157.662, 1145.68, -26.6129, 895.201, -151.447, 0.497398, 37.6732, 0.687907, -136.147, 0.431651, 105.424
2142, 35.69167, 87.5917, 157.345, 1147.26, -26.7662, 897.882, -151.482, 0.498464, 37.4091, 0.689851, -136.269, 0.433797, 105.388
2142, 35.70000, 87.6381, 157.028, 1148.83, -26.9197, 900.574, -151.518, 0.499528, 37.1445, 0.691792, -136.391, 0.435952, 105.351
2143, 35.70833, 87.6839, 156.709, 1150.4, -27.0736, 903.279, -151.555, 0.500592, 36.8794, 0.69373, -136.513, 0.438117, 105.314
2143, 35.71667, 87.7293, 156.39, 1151.95, -27.2278, 905.995, -151.592, 0.501654, 36.6137, 0.695666, -136.636, 0.440291, 105.276
2144, 35.72500, 87.7741, 156.07, 1153.5, -27.3823, 908.724, -151.63, 0.502715, 36.3475, 0.697599, -136.759, 0.442476, 105.237
2144, 35.73333, 87.8184, 155.75, 1155.04, -27.5371, 911.464, -151.668, 0.503774, 36.0809, 0.699529, -136.883, 0.44467, 105.198
2145, 35.74167, 87.8621, 155.428, 1156.57, -27.6922, 914.216, -151.707, 0.504832, 35.8136, 0.701456, -137.007, 0.446874, 105.158
2145, 35.75000, 87.9053, 155.106, 1158.09, -27.8477, 916.98, -151.747, 0.505888, 35.5459, 0.703381, -137.131, 0.449088, 105.118
2146, 35.75833, 87.9479, 154.784, 1159.6, -28.0034, 919.756, -151.787, 0.506942, 35.2777, 0.705301, -137.256, 0.451311, 105.077
2146, 35.76667, 87.99, 154.46, 1161.11, -28.1594, 922.544, -151.827, 0.507995, 35.0089, 0.707219, -137.381, 0.453545, 105.035
2147, 35.77500, 88.0315, 154.136, 1162.6, -28.3157, 925.344, -151.868, 0.509046, 34.7397, 0.709134, -137.506, 0.455788, 104.993
2147, 35.78333, 88.0725, 153.811, 1164.09, -28.4723, 928.155, -151.91, 0.510096, 34.4699, 0.711045, -137.632, 0.458041, 104.95
2148, 35.79167, 88.1128, 153.485, 1165.57, -28.6292, 930.979, -151.952, 0.511143, 34.1996, 0.712953, -137.758, 0.460305, 104.907
2148, 35.80000, 88.1526, 153.159, 1167.04, -28.7863, 933.814, -151.995, 0.512189, 33.9289, 0.714857, -137.885, 0.462578, 104.863
2149, 35.80833, 88.1919, 152.832, 1168.5, -28.9437, 936.661, -152.039, 0.513233, 33.6576, 0.716757, -138.011, 0.464861, 104.819
2149, 35.81667, 88.2305, 152.504, 1169.95, -29.1014, 939.52, -152.083, 0.514275, 33.3859, 0.718654, -138.138, 0.467154, 104.773
2150, 35.82500, 88.2685, 152.176, 1171.39, -29.2594, 942.391, -152.127, 0.515314, 33.1136, 0.720546, -138.266, 0.469457, 104.728
2150, 35.83333, 88.306, 151.847, 1172.82, -29.4176, 945.273, -152.173, 0.516352, 32.8409, 0.722435, -138.393, 0.47177, 104.682
2151, 35.84167, 88.3428, 151.517, 1174.24, -29.5761, 948.168, -152.219, 0.517388, 32.5677, 0.72432, -138.521, 0.474093, 104.635
2151, 35.85000, 88.3791, 151.186, 1175.65, -29.7348, 951.074, -152.265, 0.518421, 32.294, 0.7262, -138.65, 0.476426, 104.587
2152, 35.85833, 88.4147, 150.855, 1177.05, -29.8938, 953.992, -152.312, 0.519452, 32.0198, 0.728077, -138.778, 0.478769, 104.539
2152, 35.86667, 88.4497, 150.523, 1178.44, -30.053, 956.922, -152.359, 0.520481, 31.7452, 0.729949, -138.907, 0.481122, 104.491
2153, 35.87500, 88.4841, 150.19, 1179.82, -30.2125, 959.863, -152.408, 0.521507, 31.4701, 0.731816, -139.036, 0.483485, 104.442
2153, 35.88333, 88.5178, 149.857, 1181.19, -30.3721, 962.816, -152.456, 0.522531, 31.1945, 0.733679, -139.166, 0.485858, 104.392
2154, 35.89167, 88.551, 149.523, 1182.56, -30.5321, 965.781, -152.506, 0.523553, 30.9184, 0.735538, -139.295, 0.488242, 104.341
2154, 35.90000, 88.5835, 149.188, 1183.91, -30.6922, 968.757, -152.556, 0.524572, 30.6419, 0.737392, -139.425, 0.490635, 104.29
2155, 35.90833, 88.6154, 148.853, 1185.25, -30.8526, 971.745, -152.606, 0.525589, 30.365, 0.739241, -139.556, 0.493039, 104.239
2155, 35.91667, 88.6466, 148.517, 1186.58, -31.0132, 974.745, -152.657, 0.526603, 30.0875, 0.741085, -139.686, 0.495453, 104.187
2156, 35.92500, 88.6772, 148.18, 1187.89, -31.174, 977.756, -152.709, 0.527614, 29.8097, 0.742924, -139.817, 0.497876, 104.134
2156, 35.93333, 88.7072, 147.843, 1189.2, -31.335, 980.779, -152.762, 0.528623, 29.5314, 0.744759, -139.948, 0.50031, 104.081
2157, 35.94167, 88.7365, 147.505, 1190.5, -31.4962, 983.814, -152.815, 0.529628, 29.2526, 0.746588, -140.079, 0.502755, 104.027
2157, 35.95000, 88.7651, 147.166, 1191.79, -31.6576, 986.86, -152.868, 0.530631, 28.9734, 0.748412, -140.21, 0.505209, 103.973
2158, 35.95833, 88.7931, 146.827, 1193.06, -31.8192, 989.917, -152.922, 0.531632, 28.6938, 0.75023, -140.342, 0.507673, 103.918
2158, 35.96667, 88.8204, 146.487, 1194.33, -31.981, 992.987, -152.977, 0.532629, 28.4137, 0.752044, -140.474, 0.510148, 103.862
2159, 35.97500, 88.8471, 146.146, 1195.58, -32.1429, 996.067, -153.032, 0.533623, 28.1332, 0.753852, -140.606, 0.512633, 103.806
2159, 35.98333, 88.873, 145.805, 1196.82, -32.305, 999.159, -153.088, 0.534614, 27.8523, 0.755654, -140.739, 0.515128, 103.749
2160, 35.99167, 88.8984, 145.463, 1198.05, -32.4673, 1002.26, -153.145, 0.535603, 27.5709, 0.75745, -140.871, 0.517634, 103.692
2160, 36.00000, 88.923, 145.12, 1199.27, -32.6298, 1005.38, -153.202, 0.536588, 27.2892, 0.759241, -141.004, 0.520149, 103.634
2161, 36.00833, 88.947, 144.777, 1200.48, -32.7924, 1008.5, -153.26, 0.537569, 27.007, 0.761026, -141.137, 0.522675, 103.576
2161, 36.01667, 88.9703, 144.433, 1201.67, -32.9552, 1011.64, -153.318, 0.538548, 26.7244, 0.762806, -141.27, 0.525211, 103.517
2162, 36.02500, 88.9929, 144.088, 1202.86, -33.1181, 1014.79, -153.377, 0.539524, 26.4414, 0.764579, -141.403, 0.527758, 103.457
2162, 36.03333, 89.0148, 143.743, 1204.03, -33.2812, 1017.95, -153.437, 0.540496, 26.1581, 0.766346, -141.537, 0.530314, 103.397
2163, 36.04167, 89.036, 143.398, 1205.19, -33.4444, 1021.12, -153.497, 0.541465, 25.8743, 0.768107, -141.67, 0.532881, 103.337
2163, 36.05000, 89.0565, 143.051, 1206.34, -33.6078, 1024.3, -153.558, 0.54243, 25.5901, 0.769862, -141.804, 0.535459, 103.275
2164, 36.05833, 89.0764, 142.704, 1207.48, -33.7713, 1027.5, -153.619, 0.543392, 25.3055, 0.77161, -141.938, 0.538046, 103.214
2164, 36.06667, 89.0955, 142.357, 1208.6, -33.9349, 1030.7, -153.681, 0.54435, 25.0206, 0.773352, -142.072, 0.540644, 103.151
2165, 36.07500, 89.114, 142.008, 1209.71, -34.0986, 1033.92, -153.744, 0.545305, 24.7353, 0.775088, -142.206, 0.543252, 103.088
2165, 36.08333, 89.1317, 141.66, 1210.81, -34.2624, 1037.14, -153.807, 0.546256, 24.4496, 0.776817, -142.341, 0.54587, 103.025
2166, 36.09167, 89.1488, 141.31, 1211.9, -34.4263, 1040.38, -153.871, 0.547204, 24.1635, 0.77854, -142.475, 0.548499, 102.961
2166, 36.10000, 89.1651, 140.96, 1212.98, -34.5903, 1043.63, -153.935, 0.548148, 23.877, 0.780256, -142.61, 0.551138, 102.896
2167, 36.10833, 89.1808, 140.61, 1214.04, -34.7544, 1046.89, -154, 0.549088, 23.5902, 0.781965, -142.745, 0.553788, 102.831
2167, 36.11667, 89.1957, 140.258, 1215.09, -34.9187, 1050.16, -154.066, 0.550025, 23.3031, 0.783667, -142.88, 0.556448, 102.765
2168, 36.12500, 89.2099, 139.907, 1216.13, -35.0829, 1053.45, -154.132, 0.550957, 23.0156, 0.785363, -143.015, 0.559118, 102.699
2168, 36.13333, 89.2235, 139.554, 1217.16, -35.2473, 1056.74, -154.199, 0.551886, 22.7277, 0.787051, -143.15, 0.561798, 102.632
2169, 36.14167, 89.2363, 139.201, 1218.17, -35.4117, 1060.04, -154.266, 0.552811, 22.4395, 0.788733, -143.285, 0.564489, 102.565
2169, 36.15000, 89.2484, 138.848, 1219.17, -35.5762, 1063.36, -154.334, 0.553732, 22.1509, 0.790407, -143.42, 0.56719, 102.497
2170, 36.15833, 89.2597, 138.494, 1220.16, -35.7408, 1066.68, -154.402, 0.554649, 21.8621, 0.792074, -143.555, 0.569902, 102.429
2170, 36.16667, 89.2704, 138.139, 1221.14, -35.9054, 1070.02, -154.472, 0.555562, 21.5728, 0.793734, -143.691, 0.572624, 102.36
2171, 36.17500, 89.2803, 137.784, 1222.1, -36.07, 1073.36, -154.541, 0.556471, 21.2833, 0.795387, -143.826, 0.575356, 102.29
2171, 36.18333, 89.2896, 137.429, 1223.05, -36.2347, 1076.72, -154.612, 0.557376, 20.9934, 0.797032, -143.962, 0.578099, 102.22
2172, 36.19167, 89.2981, 137.072, 1223.99, -36.3995, 1080.09, -154.683, 0.558276, 20.7032, 0.79867, -144.097, 0.580852, 102.15
2172, 36.20000, 89.3059, 136.715, 1224.91, -36.5642, 1083.47, -154.754, 0.559173, 20.4128, 0.8003, -144.233, 0.583615, 102.079
2173, 36.20833, 89.313, 136.358, 1225.82, -36.729, 1086.86, -154.826, 0.560065, 20.122, 0.801923, -144.369, 0.586389, 102.007
2173, 36.21667, 89.3194, 136, 1226.72, -36.8938, 1090.26, -154.899, 0.560953, 19.8308, 0.803538, -144.504, 0.589174, 101.935
2174, 36.22500, 89.325, 135.642, 1227.61, -37.0586, 1093.67, -154.973, 0.561837, 19.5395, 0.805146, -144.64, 0.591968, 101.862
2174, 36.23333, 89.3299, 135.283, 1228.48, -37.2234, 1097.09, -155.046, 0.562716, 19.2478, 0.806746, -144.776, 0.594773, 101.789
2175, 36.24167, 89.3341, 134.924, 1229.34, -37.3882, 1100.52, -155.121, 0.563591, 18.9558, 0.808338, -144.911, 0.597589, 101.715
2175, 36.25000, 89.3376, 134.564, 1230.18, -37.553, 1103.96, -155.196, 0.564462, 18.6635, 0.809922, -145.047, 0.600415, 101.641
2176, 36.25833, 89.3404, 134.203, 1231.01, -37.7177, 1107.41, -155.272, 0.565328, 18.371, 0.811498, -145.183, 0.603252, 101.566
2176, 36.26667, 89.3425, 133.842, 1231.83, -37.8825, 1110.87, -155.348, 0.56619, 18.0781, 0.813067, -145.318, 0.606099, 101.491
2177, 36.27500, 89.3438, 133.481, 1232.64, -38.0472, 1114.35, -155.425, 0.567047, 17.785, 0.814627, -145.454, 0.608956, 101.415
2177, 36.28333, 89.3445, 133.119, 1233.43, -38.2119, 1117.83, -155.502, 0.567899, 17.4917, 0.81618, -145.59, 0.611824, 101.339
2178, 36.29167, 89.3444, 132.756, 1234.21, -38.3765, 1121.32, -155.58, 0.568748, 17.1981, 0.817724, -145.725, 0.614702, 101.262
2178, 36.30000, 89.3436, 132.393, 1234.98, -38.5411, 1124.82, -155.659, 0.569591, 16.9042, 0.81926, -145.861, 0.617591, 101.185
2179, 36.30833, 89.3421, 132.03, 1235.73, -38.7057, 1128.34, -155.738, 0.57043, 16.6101, 0.820788, -145.996, 0.62049, 101.107
2179, 36.31667, 89.3399, 131.666, 1236.47, -38.8702, 1131.86, -155.818, 0.571264, 16.3157, 0.822308, -146.132, 0.6234, 101.029
2180, 36.32500, 89.337, 131.302, 1237.2, -39.0346, 1135.39, -155.898, 0.572094, 16.0211, 0.82382, -146.267, 0.62632, 100.95
2180, 36.33333, 89.3334, 130.937, 1237.91, -39.1989, 1138.94, -155.979, 0.572919, 15.7263, 0.825323, -146.402, 0.62925, 100.87
2181, 36.34167, 89.3291, 130.571, 1238.61, -39.3632, 1142.49, -156.06, 0.573739, 15.4312, 0.826818, -146.537, 0.632192, 100.791
2181, 36.35000, 89.3241, 130.206, 1239.3, -39.5274, 1146.05, -156.142, 0.574554, 15.1359, 0.828305, -146.673, 0.635143, 100.71
2182, 36.35833, 89.3183, 129.84, 1239.97, -39.6915, 1149.63, -156.225, 0.575365, 14.8404, 0.829783, -146.808, 0.638105, 100.63
2182, 36.36667, 89.3119, 129.473, 1240.63, -39.8555, 1153.21, -156.308, 0.576171, 14.5446, 0.831253, -146.943, 0.641078, 100.548
2183, 36.37500, 89.3048, 129.106, 1241.28, -40.0194, 1156.8, -156.391, 0.576972, 14.2487, 0.832714, -147.077, 0.644061, 100.467
2183, 36.38333, 89.297, 128.738, 1241.91, -40.1831, 1160.4, -156.475, 0.577768, 13.9526, 0.834167, -147.212, 0.647055, 100.384
2184, 36.39167, 89.2885, 128.37, 1242.53, -40.3468, 1164.01, -156.56, 0.578559, 13.6562, 0.835612, -147.347, 0.65006, 100.302
2184, 36.40000, 89.2793, 128.002, 1243.14, -40.5103, 1167.64, -156.646, 0.579345, 13.3597, 0.837048, -147.481, 0.653074, 100.218
2185, 36.40833, 89.2694, 127.633, 1243.73, -40.6738, 1171.27, -156.731, 0.580127, 13.0629, 0.838475, -147.615, 0.6561, 100.135
2185, 36.41667, 89.2589, 127.264, 1244.32, -40.837, 1174.91, -156.818, 0.580903, 12.766, 0.839894, -147.75, 0.659136, 100.051
2186, 36.42500, 89.2476, 126.894, 1244.88, -41.0002, 1178.56, -156.905, 0.581675, 12.4689, 0.841304, -147.884, 0.662182, 99.9661
2186, 36.43333, 89.2357, 126.524, 1245.44, -41.1631, 1182.22, -156.992, 0.582442, 12.1716, 0.842705, -148.018, 0.665239, 99.8811
2187, 36.44167, 89.2231, 126.153, 1245.98, -41.326, 1185.89, -157.08, 0.583203, 11.8741, 0.844099, -148.151, 0.668307, 99.7955
2187, 36.45000, 89.2099, 125.783, 1246.5, -41.4886, 1189.57, -157.169, 0.58396, 11.5765, 0.845483, -148.285, 0.671386, 99.7096
2188, 36.45833, 89.196, 125.411, 1247.02, -41.6511, 1193.26, -157.258, 0.584711, 11.2788, 0.846858, -148.418, 0.674474, 99.6231
2188, 36.46667, 89.1814, 125.04, 1247.52, -41.8135, 1196.95, -157.348, 0.585458, 10.9808, 0.848226, -148.551, 0.677574, 99.5362
2189, 36.47500, 89.1662, 124.668, 1248.01, -41.9756, 1200.66, -157.438, 0.5862, 10.6827, 0.849584, -148.684, 0.680684, 99.4489
2189, 36.48333, 89.1503, 124.295, 1248.48, -42.1376, 1204.38, -157.529, 0.586936, 10.3845, 0.850933, -148.817, 0.683805, 99.3611
2189, 36.49167, 89.1338, 123.922, 1248.95, -42.2993, 1208.11, -157.62, 0.587667, 10.0861, 0.852275, -148.95, 0.686937, 99.2729
2190, 36.50000, 89.1166, 123.549, 1249.4, -42.4609, 1211.84, -157.712, 0.588394, 9.78757, 0.853607, -149.082, 0.690079, 99.1842
2191, 36.50833, 89.0988, 123.176, 1249.83, -42.6223, 1215.59, -157.804, 0.589115, 9.48893, 0.85493, -149.214, 0.693232, 99.0951
2191, 36.51667, 89.0803, 122.802, 1250.26, -42.7834, 1219.34, -157.897, 0.589831, 9.19012, 0.856246, -149.346, 0.696396, 99.0056
2192, 36.52500, 89.0612, 122.427, 1250.67, -42.9444, 1223.1, -157.99, 0.590542, 8.89122, 0.857552, -149.477, 0.69957, 98.9156
2192, 36.53333, 89.0415, 122.053, 1251.06, -43.1051, 1226.88, -158.084, 0.591248, 8.59221, 0.858849, -149.609, 0.702755, 98.8252
2193, 36.54167, 89.0212, 121.678, 1251.45, -43.2655, 1230.66, -158.178, 0.591949, 8.29304, 0.860138, -149.74, 0.705951, 98.7343
2193, 36.55000, 89.0003, 121.302, 1251.82, -43.4258, 1234.45, -158.273, 0.592645, 7.9938, 0.861419, -149.871, 0.709157, 98.643
2193, 36.55833, 88.9787, 120.927, 1252.18, -43.5858, 1238.25, -158.368, 0.593335, 7.69445, 0.86269, -150.001, 0.712375, 98.5513
2194, 36.56667, 88.9566, 120.551, 1252.53, -43.7455, 1242.06, -158.464, 0.594021, 7.39497, 0.863953, -150.132, 0.715603, 98.4592
2195, 36.57500, 88.9338, 120.174, 1252.86, -43.905, 1245.88, -158.561, 0.594701, 7.09543, 0.865208, -150.262, 0.718842, 98.3667
2195, 36.58333, 88.9104, 119.798, 1253.19, -44.0643, 1249.7, -158.657, 0.595377, 6.79579, 0.866453, -150.392, 0.722091, 98.2737
2196, 36.59167, 88.8865, 119.421, 1253.5, -44.2233, 1253.54, -158.755, 0.596047, 6.49603, 0.867691, -150.521, 0.725352, 98.1803
2196, 36.60000, 88.862, 119.044, 1253.79, -44.382, 1257.39, -158.853, 0.596712, 6.19623, 0.868919, -150.65, 0.728624, 98.0866
2197, 36.60833, 88.8369, 118.666, 1254.08, -44.5404, 1261.24, -158.951, 0.597372, 5.89634, 0.870139, -150.779, 0.731906, 97.9924
2197, 36.61667, 88.8112, 118.288, 1254.35, -44.6985, 1265.11, -159.05, 0.598026, 5.59635, 0.871351, -150.908, 0.7352, 97.8978
2197, 36.62500, 88.785, 117.91, 1254.61, -44.8564, 1268.98, -159.149, 0.598676, 5.29632, 0.872554, -151.036, 0.738504, 97.8028
2198, 36.63333, 88.7582, 117.531, 1254.86, -45.0139, 1272.86, -159.249, 0.599321, 4.99623, 0.873749, -151.164, 0.741819, 97.7074
2199, 36.64167, 88.7308, 117.153, 1255.1, -45.1712, 1276.75, -159.349, 0.59996, 4.69604, 0.874935, -151.292, 0.745145, 97.6116
2199, 36.65000, 88.7029, 116.774, 1255.32, -45.3281, 1280.65, -159.45, 0.600594, 4.39583, 0.876113, -151.419, 0.748482, 97.5154
2200, 36.65833, 88.6745, 116.394, 1255.54, -45.4848, 1284.56, -159.551, 0.601224, 4.09557, 0.877282, -151.546, 0.75183, 97.4188
2200, 36.66667, 88.6456, 116.015, 1255.74, -45.6411, 1288.48, -159.653, 0.601848, 3.79522, 0.878443, -151.672, 0.75519, 97.3218
2201, 36.67500, 88.6161, 115.635, 1255.93, -45.7971, 1292.4, -159.755, 0.602467, 3.49486, 0.879596, -151.798, 0.75856, 97.2244
2201, 36.68333, 88.5861, 115.255, 1256.11, -45.9528, 1296.34, -159.858, 0.603081, 3.19447, 0.88074, -151.924, 0.761941, 97.1267
2201, 36.69167, 88.5555, 114.874, 1256.27, -46.1081, 1300.28, -159.961, 0.60369, 2.894, 0.881877, -152.05, 0.765334, 97.0285
2202, 36.70000, 88.5245, 114.493, 1256.43, -46.2631, 1304.23, -160.065, 0.604294, 2.59353, 0.883005, -152.175, 0.768737, 96.93
2203, 36.70833, 88.493, 114.113, 1256.58, -46.4177, 1308.2, -160.169, 0.604893, 2.29304, 0.884125, -152.299, 0.772152, 96.8311
2203, 36.71667, 88.461, 113.731, 1256.71, -46.572, 1312.17, -160.273, 0.605487, 1.99248, 0.885237, -152.424, 0.775579, 96.7318
2204, 36.72500, 88.4285, 113.35, 1256.83, -46.726, 1316.15, -160.378, 0.606075, 1.69195, 0.886341, -152.548, 0.779016, 96.6322
2204, 36.73333, 88.3955, 112.968, 1256.94, -46.8796, 1320.14, -160.484, 0.606659, 1.39139, 0.887437, -152.671, 0.782464, 96.5322
2205, 36.74167, 88.3621, 112.586, 1257.04, -47.0328, 1324.13, -160.59, 0.607238, 1.09079, 0.888525, -152.794, 0.785924, 96.4318
2205, 36.75000, 88.3282, 112.204, 1257.13, -47.1856, 1328.14, -160.696, 0.607812, 0.790212, 0.889606, -152.917, 0.789395, 96.331
2205, 36.75833, 88.2938, 111.822, 1257.21, -47.3381, 1332.16, -160.803, 0.608381, 0.489629, 0.890678, -153.039, 0.792878, 96.2299
2206, 36.76667, 88.259, 111.439, 1257.28, -47.4902, 1336.18, -160.91, 0.608945, 0.189009, 0.891743, -153.161, 0.796372, 96.1284
2207, 36.77500, 88.2238, 111.056, 1257.34, -47.6419, 1340.21, -161.018, 0.609505, -0.111573, 0.8928, -153.282, 0.799877, 96.0266
2207, 36.78333, 88.1882, 110.673, 1257.39, -47.7932, 1344.25, -161.126, 0.610059, -0.412151, 0.893849, -153.403, 0.803394, 95.9244
2208, 36.79167, 88.1521, 110.29, 1257.42, -47.9441, 1348.31, -161.234, 0.610608, -0.712755, 0.894891, -153.524, 0.806923, 95.8218
2208, 36.80000, 88.1156, 109.906, 1257.45, -48.0946, 1352.36, -161.343, 0.611153, -1.01331, 0.895926, -153.644, 0.810462, 95.7189
2209, 36.80833, 88.0787, 109.523, 1257.47, -48.2447, 1356.43, -161.453, 0.611693, -1.31385, 0.896953, -153.763, 0.814014, 95.6157
2209, 36.81667, 88.0414, 109.139, 1257.48, -48.3944, 1360.51, -161.563, 0.612228, -1.61441, 0.897972, -153.883, 0.817577, 95.5121
2209, 36.82500, 88.0037, 108.754, 1257.47, -48.5437, 1364.6, -161.673, 0.612758, -1.91491, 0.898985, -154.001, 0.821152, 95.4081
2210, 36.83333, 87.9656, 108.37, 1257.46, -48.6926, 1368.69, -161.784, 0.613283, -2.21539, 0.89999, -154.119, 0.824738, 95.3038
2211, 36.84167, 87.9272, 107.986, 1257.44, -48.841, 1372.8, -161.895, 0.613804, -2.51587, 0.900988, -154.237, 0.828337, 95.1991
2211, 36.85000, 87.8884, 107.601, 1257.41, -48.989, 1376.91, -162.006, 0.61432, -2.81629, 0.901979, -154.354, 0.831946, 95.0941
2212, 36.85833, 87.8493, 107.216, 1257.37, -49.1366, 1381.03, -162.118, 0.614832, -3.11667, 0.902963, -154.471, 0.835568, 94.9888
2212, 36.86667, 87.8098, 106.831, 1257.32, -49.2837, 1385.17, -162.231, 0.615338, -3.41705, 0.903941, -154.587, 0.839202, 94.8831
2213, 36.87500, 87.7699, 106.446, 1257.27, -49.4304, 1389.31, -162.344, 0.615841, -3.71736, 0.904911, -154.703, 0.842848, 94.7771
2213, 36.88333, 87.7298, 106.06, 1257.2, -49.5767, 1393.45, -162.457, 0.616338, -4.01762, 0.905875, -154.818, 0.846505, 94.6708
2213, 36.89167, 87.6893, 105.675, 1257.12, -49.7225, 1397.61, -162.57, 0.616831, -4.31787, 0.906832, -154.933, 0.850175, 94.5641
2214, 36.90000, 87.6485, 105.289, 1257.04, -49.8678, 1401.78, -162.684, 0.61732, -4.61804, 0.907783, -155.047, 0.853856, 94.4571
2215, 36.90833, 87.6074, 104.903, 1256.95, -50.0127, 1405.96, -162.799, 0.617804, -4.91815, 0.908727, -155.161, 0.85755, 94.3498
2215, 36.91667, 87.566, 104.517, 1256.85, -50.1572, 1410.14, -162.914, 0.618283, -5.21825, 0.909665, -155.274, 0.861256, 94.2421
2216, 36.92500, 87.5244, 104.131, 1256.74, -50.3011, 1414.34, -163.029, 0.618758, -5.51826, 0.910597, -155.387, 0.864974, 94.1341
2216, 36.93333, 87.4824, 103.744, 1256.62, -50.4446, 1418.54, -163.145, 0.619229, -5.81821, 0.911522, -155.499, 0.868704, 94.0258
2217, 36.94167, 87.4402, 103.358, 1256.5, -50.5877, 1422.76, -163.261, 0.619696, -6.11813, 0.912441, -155.61, 0.872447, 93.9172
2217, 36.95000, 87.3978, 102.971, 1256.37, -50.7302, 1426.98, -163.377, 0.620158, -6.41796, 0.913355, -155.721, 0.876202, 93.8082
2217, 36.95833, 87.3551, 102.584, 1256.23, -50.8723, 1431.21, -163.494, 0.620615, -6.71772, 0.914263, -155.832, 0.87997, 93.6989
2218, 36.96667, 87.3121, 102.197, 1256.08, -51.0139, 1435.45, -163.611, 0.621069, -7.01745, 0.915165, -155.942, 0.88375, 93.5893
2219, 36.97500, 87.269, 101.81, 1255.93, -51.155, 1439.7, -163.729, 0.621518, -7.31707, 0.916061, -156.051, 0.887542, 93.4794
2219, 36.98333, 87.2256, 101.422, 1255.77, -51.2956, 1443.96, -163.847, 0.621963, -7.61662, 0.916951, -156.16, 0.891347, 93.3691
2220, 36.99167, 87.182, 101.035, 1255.6, -51.4357, 1448.23, -163.965, 0.622404, -7.91613, 0.917837, -156.268, 0.895165, 93.2586
2220, 37.00000, 87.1382, 100.647, 1255.42, -51.5753, 1452.51, -164.084, 0.622841, -8.21553, 0.918717, -156.376, 0.898996, 93.1477
2221, 37.00833, 87.0942, 100.26, 1255.24, -51.7145, 1456.8, -164.204, 0.623274, -8.51486, 0.919591, -156.483, 0.902839, 93.0365
2221, 37.01667, 87.05, 99.8718, 1255.05, -51.8531, 1461.1, -164.323, 0.623703, -8.81414, 0.920461, -156.59, 0.906695, 92.925
2221, 37.02500, 87.0057, 99.4838, 1254.86, -51.9912, 1465.41, -164.443, 0.624127, -9.11331, 0.921326, -156.696, 0.910564, 92.8132
2222, 37.03333, 86.9612, 99.0957, 1254.66, -52.1288, 1469.72, -164.563, 0.624548, -9.41239, 0.922186, -156.801, 0.914446, 92.7011
2223, 37.04167, 86.9165, 98.7074, 1254.45, -52.266, 1474.05, -164.684, 0.624965, -9.71142, 0.923041, -156.906, 0.918341, 92.5886
2223, 37.05000, 86.8717, 98.3191, 1254.24, -52.4026, 1478.39, -164.805, 0.625378, -10.0103, 0.923891, -157.01, 0.922249, 92.4759
2224, 37.05833, 86.8268, 97.9307, 1254.02, -52.5386, 1482.73, -164.927, 0.625787, -10.3092, 0.924737, -157.114, 0.92617, 92.3628
2224, 37.06667, 86.7817, 97.542, 1253.79, -52.6742, 1487.09, -165.049, 0.626193, -10.6079, 0.925579, -157.217, 0.930105, 92.2494
2225, 37.07500, 86.7365, 97.1534, 1253.56, -52.8093, 1491.45, -165.171, 0.626594, -10.9066, 0.926416, -157.319, 0.934052, 92.1358
2225, 37.08333, 86.6912, 96.7646, 1253.33, -52.9438, 1495.83, -165.294, 0.626992, -11.2051, 0.927249, -157.421, 0.938013, 92.0218
2225, 37.09167, 86.6459, 96.3756, 1253.09, -53.0778, 1500.22, -165.417, 0.627387, -11.5037, 0.928078, -157.523, 0.941988, 91.9075
2226, 37.10000, 86.6004, 95.9866, 1252.84, -53.2113, 1504.61, -165.54, 0.627777, -11.802, 0.928904, -157.623, 0.945976, 91.7929
2227, 37.10833, 86.5549, 95.5975, 1252.59, -53.3442, 1509.02, -165.664, 0.628164, -12.1003, 0.929725, -157.723, 0.949978, 91.678
2227, 37.11667, 86.5093, 95.2082, 1252.34, -53.4766, 1513.43, -165.788, 0.628548, -12.3985, 0.930543, -157.823, 0.953993, 91.5628
2228, 37.12500, 86.4636, 94.8189, 1252.08, -53.6085, 1517.86, -165.912, 0.628928, -12.6966, 0.931357, -157.922, 0.958022, 91.4473
2228, 37.13333, 86.4179, 94.4294, 1251.82, -53.7399, 1522.3, -166.037, 0.629305, -12.9946, 0.932168, -158.02, 0.962065, 91.3315
2229, 37.14167, 86.3721, 94.0399, 1251.55, -53.8707, 1526.74, -166.162, 0.629678, -13.2926, 0.932976, -158.117, 0.966122, 91.2153
2229, 37.15000, 86.3264, 93.6502, 1251.28, -54.001, 1531.2, -166.288, 0.630048, -13.5904, 0.933781, -158.214, 0.970193, 91.0989
2229, 37.15833, 86.2806, 93.2605, 1251.01, -54.1307, 1535.67, -166.414, 0.630414, -13.8881, 0.934583, -158.311, 0.974277, 90.9822
2230, 37.16667, 86.2347, 92.8706, 1250.73, -54.26, 1540.15, -166.54, 0.630778, -14.1857, 0.935382, -158.406, 0.978376, 90.8651
2231, 37.17500, 86.1889, 92.4807, 1250.45, -54.3886, 1544.63, -166.667, 0.631138, -14.4832, 0.936178, -158.502, 0.982489, 90.7478
2231, 37.18333, 86.1431, 92.0907, 1250.16, -54.5168, 1549.13, -166.794, 0.631495, -14.7806, 0.936971, -158.596, 0.986616, 90.6301
2232, 37.19167, 86.0974, 91.7005, 1249.87, -54.6444, 1553.64, -166.922, 0.631848, -15.078, 0.937763, -158.69, 0.990759, 90.5122
2232, 37.20000, 86.0516, 91.3103, 1249.58, -54.7714, 1558.16, -167.049, 0.632199, -15.3752, 0.938552, -158.783, 0.994915, 90.3939
2233, 37.20833, 86.0059, 90.9201, 1249.29, -54.8979, 1562.7, -167.178, 0.632547, -15.6723, 0.939339, -158.876, 0.999085, 90.2754
2233, 37.21667, 85.9602, 90.5296, 1248.99, -55.0239, 1567.24, -167.306, 0.632891, -15.9694, 0.940124, -158.968, 1.00327, 90.1565
2233, 37.22500, 85.9146, 90.1392, 1248.69, -55.1493, 1571.79, -167.435, 0.633233, -16.2663, 0.940907, -159.059, 1.00747, 90.0373
2234, 37.23333, 85.8691, 89.7486, 1248.39, -55.2741, 1576.36, -167.564, 0.633572, -16.5631, 0.941688, -159.15, 1.01169, 89.9178
2235, 37.24167, 85.8236, 89.3579, 1248.09, -55.3985, 1580.93, -167.694, 0.633908, -16.8599, 0.942468, -159.24, 1.01592, 89.798
2235, 37.25000, 85.7782, 88.9672, 1247.79, -55.5222, 1585.52, -167.824, 0.634241, -17.1565, 0.943247, -159.329, 1.02016, 89.6779
2236, 37.25833, 85.7329, 88.5764, 1247.48, -55.6455, 1590.12, -167.954, 0.634572, -17.453, 0.944024, -159.418, 1.02442, 89.5575
2236, 37.26667, 85.6877, 88.1855, 1247.17, -55.7681, 1594.73, -168.085, 0.6349, -17.7495, 0.9448, -159.506, 1.02869, 89.4368
2237, 37.27500, 85.6426, 87.7945, 1246.86, -55.8903, 1599.35, -168.216, 0.635225, -18.0458, 0.945576, -159.593, 1.03298, 89.3158
2237, 37.28333, 85.5977, 87.4034, 1246.55, -56.0118, 1603.98, -168.348, 0.635547, -18.3421, 0.94635, -159.68, 1.03729, 89.1945
2237, 37.29167, 85.5528, 87.0122, 1246.24, -56.1329, 1608.62, -168.479, 0.635867, -18.6382, 0.947124, -159.766, 1.04161, 89.0728
2238, 37.30000, 85.5081, 86.621, 1245.93, -56.2534, 1613.28, -168.612, 0.636185, -18.9343, 0.947897, -159.852, 1.04595, 88.9509
2239, 37.30833, 85.4636, 86.2297, 1245.61, -56.3733, 1617.94, -168.744, 0.6365, -19.2302, 0.948671, -159.937, 1.0503, 88.8286
2239, 37.31667, 85.4192, 85.8383, 1245.3, -56.4927, 1622.62, -168.877, 0.636812, -19.5261, 0.949444, -160.021, 1.05467, 88.706
2240, 37.32500, 85.375, 85.4468, 1244.99, -56.6116, 1627.31, -169.01, 0.637123, -19.8219, 0.950217, -160.105, 1.05905, 88.5831
2240, 37.33333, 85.331, 85.0553, 1244.67, -56.7299, 1632.02, -169.144, 0.637431, -20.1176, 0.95099, -160.188, 1.06345, 88.4599
2241, 37.34167, 85.2871, 84.6636, 1244.36, -56.8477, 1636.73, -169.278, 0.637736, -20.4132, 0.951763, -160.27, 1.06787, 88.3363
2241, 37.35000, 85.2435, 84.2719, 1244.04, -56.9649, 1641.46, -169.412, 0.63804, -20.7087, 0.952537, -160.352, 1.0723, 88.2125
2241, 37.35833, 85.2, 83.8801, 1243.73, -57.0815, 1646.2, -169.547, 0.638341, -21.0041, 0.953312, -160.433, 1.07675, 88.0883
2242, 37.36667, 85.1567, 83.4882, 1243.42, -57.1977, 1650.95, -169.682, 0.63864, -21.2995, 0.954087, -160.513, 1.08121, 87.9638
2243, 37.37500, 85.1137, 83.0962, 1243.1, -57.3133, 1655.71, -169.818, 0.638937, -21.5948, 0.954864, -160.593, 1.08569, 87.839
2243, 37.38333, 85.0709, 82.7042, 1242.79, -57.4283, 1660.49, -169.954, 0.639232, -21.8899, 0.955641, -160.672, 1.09019, 87.7138
2244, 37.39167, 85.0284, 82.312, 1242.48, -57.5429, 1665.28, -170.09, 0.639526, -22.1851, 0.95642, -160.751, 1.0947, 87.5883
2244, 37.40000, 84.986, 81.9198, 1242.17, -57.6568, 1670.08, -170.227, 0.639817, -22.4801, 0.9572, -160.829, 1.09923, 87.4625
2245, 37.40833, 84.944, 81.5275, 1241.87, -57.7703, 1674.89, -170.364, 0.640106, -22.775, 0.957982, -160.906, 1.10378, 87.3364
2245, 37.41667, 84.9022, 81.1351, 1241.56, -57.8832, 1679.72, -170.501, 0.640393, -23.0699, 0.958766, -160.983, 1.10834, 87.2099
2245, 37.42500, 84.8606, 80.7427, 1241.25, -57.9956, 1684.56, -170.639, 0.640679, -23.3647, 0.959552, -161.059, 1.11292, 87.0831
2246, 37.43333, 84.8194, 80.3502, 1240.95, -58.1074, 1689.41, -170.777, 0.640963, -23.6594, 0.960339, -161.134, 1.11752, 86.956
2247, 37.44167, 84.7784, 79.9575, 1240.65, -58.2188, 1694.28, -170.916, 0.641245, -23.9541, 0.961129, -161.209, 1.12214, 86.8285
2247, 37.45000, 84.7378, 79.5648, 1240.35, -58.3295, 1699.16, -171.055, 0.641526, -24.2487, 0.961922, -161.283, 1.12677, 86.7007
2248, 37.45833, 84.6974, 79.172, 1240.06, -58.4398, 1704.05, -171.194, 0.641805, -24.5432, 0.962717, -161.356, 1.13142, 86.5726
2248, 37.46667, 84.6573, 78.7791, 1239.76, -58.5496, 1708.96, -171.334, 0.642083, -24.8377, 0.963515, -161.429, 1.13609, 86.444
2249, 37.47500, 84.6176, 78.3861, 1239.47, -58.6588, 1713.88, -171.474, 0.642359, -25.1321, 0.964316, -161.501, 1.14078, 86.3152
2249, 37.48333, 84.5782, 77.993, 1239.19, -58.7675, 1718.81, -171.614, 0.642633, -25.4264, 0.96512, -161.573, 1.14548, 86.186
2249, 37.49167, 84.5391, 77.5998, 1238.9, -58.8757, 1723.76, -171.755, 0.642906, -25.7207, 0.965928, -161.644, 1.1502, 86.0565
2250, 37.50000, 84.5004, 77.2066, 1238.62, -58.9834, 1728.72, -171.896, 0.643178, -26.015, 0.966739, -161.714, 1.15494, 85.9266
2251, 37.50833, 84.4621, 76.8133, 1238.34, -59.0906, 1733.69, -172.038, 0.643448, -26.3091, 0.967553, -161.784, 1.1597, 85.7963
2251, 37.51667, 84.424, 76.4198, 1238.07, -59.1973, 1738.68, -172.18, 0.643718, -26.6033, 0.968372, -161.853, 1.16448, 85.6657
2252, 37.52500, 84.3864, 76.0263, 1237.8, -59.3035, 1743.68, -172.322, 0.643986, -26.8974, 0.969194, -161.922, 1.16927, 85.5347
2252, 37.53333, 84.3491, 75.6327, 1237.53, -59.4091, 1748.7, -172.465, 0.644252, -27.1915, 0.970021, -161.99, 1.17408, 85.4034
2253, 37.54167, 84.3122, 75.2389, 1237.27, -59.5143, 1753.73, -172.608, 0.644518, -27.4855, 0.970852, -162.057, 1.17892, 85.2717
2253, 37.55000, 84.2758, 74.8451, 1237.01, -59.619, 1758.78, -172.752, 0.644782, -27.7795, 0.971688, -162.124, 1.18377, 85.1396
2253, 37.55833, 84.2397, 74.4512, 1236.76, -59.7232, 1763.84, -172.896, 0.645046, -28.0734, 0.972528, -162.19, 1.18863, 85.0072
2254, 37.56667, 84.204, 74.0571, 1236.51, -59.8269, 1768.91, -173.041, 0.645308, -28.3674, 0.973373, -162.256, 1.19352, 84.8744
2255, 37.57500, 84.1687, 73.663, 1236.27, -59.9301, 1774, -173.186, 0.64557, -28.6613, 0.974224, -162.321, 1.19843, 84.7412
2255, 37.58333, 84.1338, 73.2687, 1236.03, -60.0329, 1779.1, -173.331, 0.645831, -28.9552, 0.975079, -162.385, 1.20336, 84.6077
2256, 37.59167, 84.0994, 72.8744, 1235.79, -60.1351, 1784.22, -173.477, 0.64609, -29.249, 0.97594, -162.449, 1.2083, 84.4737
2256, 37.60000, 84.0654, 72.4799, 1235.56, -60.2369, 1789.36, -173.623, 0.646349, -29.5429, 0.976807, -162.513, 1.21327, 84.3394
2257, 37.60833, 84.0318, 72.0854, 1235.34, -60.3383, 1794.51, -173.769, 0.646607, -29.8367, 0.977679, -162.575, 1.21825, 84.2046
2257, 37.61667, 83.9987, 71.6906, 1235.12, -60.4391, 1799.67, -173.916, 0.646865, -30.1306, 0.978558, -162.637, 1.22326, 84.0695
2258, 37.62500, 83.966, 71.2959, 1234.91, -60.5396, 1804.85, -174.064, 0.647122, -30.4244, 0.979442, -162.699, 1.22828, 83.934
2258, 37.63333, 83.9338, 70.901, 1234.71, -60.6395, 1810.04, -174.212, 0.647378, -30.7182, 0.980333, -162.76, 1.23332, 83.7981
2259, 37.64167, 83.9021, 70.5059, 1234.51, -60.739, 1815.25, -174.36, 0.647633, -31.0121, 0.98123, -162.821, 1.23839, 83.6618
2259, 37.65000, 83.8708, 70.1107, 1234.31, -60.8381, 1820.48, -174.509, 0.647888, -31.3059, 0.982134, -162.881, 1.24347, 83.525
2260, 37.65833, 83.84, 69.7155, 1234.13, -60.9367, 1825.72, -174.658, 0.648142, -31.5997, 0.983045, -162.94, 1.24858, 83.3879
2260, 37.66667, 83.8097, 69.32, 1233.94, -61.0349, 1830.98, -174.807, 0.648396, -31.8936, 0.983963, -162.999, 1.2537, 83.2504
2261, 37.67500, 83.7799, 68.9245, 1233.77, -61.1326, 1836.25, -174.957, 0.648649, -32.1875, 0.984888, -163.057, 1.25885, 83.1124
2261, 37.68333, 83.7506, 68.5289, 1233.6, -61.2299, 1841.54, -175.108, 0.648902, -32.4814, 0.98582, -163.115, 1.26401, 82.974
2262, 37.69167, 83.7218, 68.133, 1233.44, -61.3269, 1846.84, -175.259, 0.649154, -32.7754, 0.98676, -163.172, 1.2692, 82.8352
2262, 37.70000, 83.6935, 67.7371, 1233.29, -61.4233, 1852.16, -175.41, 0.649406, -33.0693, 0.987708, -163.229, 1.27441, 82.696
2263, 37.70833, 83.6657, 67.341, 1233.15, -61.5194, 1857.5, -175.562, 0.649658, -33.3633, 0.988664, -163.286, 1.27964, 82.5563
2263, 37.71667, 83.6384, 66.9448, 1233.01, -61.6151, 1862.85, -175.714, 0.64991, -33.6574, 0.989628, -163.341, 1.28489, 82.4162
2264, 37.72500, 83.6117, 66.5484, 1232.88, -61.7104, 1868.22, -175.867, 0.650161, -33.9515, 0.9906, -163.397, 1.29016, 82.2757
2264, 37.73333, 83.5855, 66.1519, 1232.75, -61.8052, 1873.61, -176.02, 0.650412, -34.2456, 0.991581, -163.452, 1.29545, 82.1347
2265, 37.74167, 83.5598, 65.7553, 1232.64, -61.8997, 1879.01, -176.174, 0.650663, -34.5398, 0.99257, -163.506, 1.30076, 81.9933
2265, 37.75000, 83.5347, 65.3585, 1232.53, -61.9938, 1884.43, -176.328, 0.650914, -34.8341, 0.993569, -163.56, 1.3061, 81.8514
2266, 37.75833, 83.5101, 64.9615, 1232.43, -62.0876, 1889.87, -176.483, 0.651164, -35.1284, 0.994576, -163.613, 1.31146, 81.709
2266, 37.76667, 83.4861, 64.5644, 1232.34, -62.1809, 1895.32, -176.638, 0.651415, -35.4228, 0.995592, -163.666, 1.31684, 81.5662
2267, 37.77500, 83.4627, 64.1671, 1232.26, -62.2739, 1900.79, -176.794, 0.651665, -35.7173, 0.996618, -163.719, 1.32224, 81.423
2267, 37.78333, 83.4398, 63.7697, 1232.19, -62.3666, 1906.28, -176.95, 0.651916, -36.0118, 0.997654, -163.771, 1.32766, 81.2792
2268, 37.79167, 83.4174, 63.372, 1232.13, -62.4588, 1911.78, -177.107, 0.652166, -36.3065, 0.998699, -163.822, 1.33311, 81.135
2268, 37.80000, 83.3957, 62.9743, 1232.07, -62.5508, 1917.3, -177.264, 0.652417, -36.6012, 0.999754, -163.873, 1.33857, 80.9903
2269, 37.80833, 83.3745, 62.5763, 1232.03, -62.6424, 1922.84, -177.422, 0.652667, -36.896, 1.00082, -163.924, 1.34406, 80.8452
2269, 37.81667, 83.3539, 62.1782, 1231.99, -62.7337, 1928.4, -177.58, 0.652918, -37.1909, 1.00189, -163.975, 1.34958, 80.6995
2270, 37.82500, 83.3339, 61.7799, 1231.96, -62.8246, 1933.97, -177.738, 0.653169, -37.486, 1.00298, -164.024, 1.35511, 80.5534
2270, 37.83333, 83.3145, 61.3814, 1231.94, -62.9152, 1939.56, -177.898, 0.65342, -37.7811, 1.00408, -164.074, 1.36067, 80.4067
2271, 37.84167, 83.2957, 60.9827, 1231.94, -63.0055, 1945.17, -178.057, 0.653671, -38.0764, 1.00518, -164.123, 1.36625, 80.2596
2271, 37.85000, 83.2775, 60.5838, 1231.94, -63.0955, 1950.8, -178.217, 0.653923, -38.3717, 1.0063, -164.172, 1.37185, 80.112
2272, 37.85833, 83.2599, 60.1847, 1231.95, -63.1852, 1956.44, -178.378, 0.654174, -38.6672, 1.00743, -164.22, 1.37748, 79.9638
2272, 37.86667, 83.2429, 59.7854, 1231.97, -63.2747, 1962.1, -178.54, 0.654426, -38.9628, 1.00857, -164.268, 1.38313, 79.8151
2273, 37.87500, 83.2265, 59.386, 1232, -63.3638, 1967.78, -178.701, 0.654678, -39.2586, 1.00973, -164.316, 1.38881, 79.6659
2273, 37.88333, 83.2108, 58.9863, 1232.05, -63.4527, 1973.48, -178.864, 0.654931, -39.5545, 1.01089, -164.363, 1.3945, 79.5162
2274, 37.89167, 83.1956, 58.5864, 1232.1, -63.5413, 1979.2, -179.027, 0.655184, -39.8506, 1.01207, -164.41, 1.40023, 79.3659
2274, 37.90000, 83.1811, 58.1864, 1232.16, -63.6296, 1984.93, -179.19, 0.655437, -40.1468, 1.01326, -164.457, 1.40597, 79.2152
2275, 37.90833, 83.1672, 57.7861, 1232.24, -63.7177, 1990.69, -179.354, 0.655691, -40.4432, 1.01446, -164.503, 1.41174, 79.0638
2275, 37.91667, 83.1539, 57.3855, 1232.32, -63.8055, 1996.46, -179.519, 0.655945, -40.7397, 1.01567, -164.549, 1.41753, 78.9119
2276, 37.92500, 83.1413, 56.9848, 1232.42, -63.8931, 2002.25, -179.684, 0.656199, -41.0364, 1.01689, -164.595, 1.42335, 78.7595
2276, 37.93333, 83.1293, 56.5838, 1232.52, -63.9805, 2008.06, -179.85, 0.656454, -41.3333, 1.01813, -164.64, 1.42919, 78.6066
2277, 37.94167, 83.1179, 56.1826, 1232.64, -64.0677, 2013.88, 179.984, 0.656709, -41.6304, 1.01938, -164.685, 1.43505, 78.453
2277, 37.95000, 83.1072, 55.7811, 1232.77, -64.1546, 2019.73, 179.817, 0.656965, -41.9277, 1.02065, -164.73, 1.44094, 78.2989
2278, 37.95833, 83.0972, 55.3795, 1232.91, -64.2414, 2025.59, 179.65, 0.657221, -42.2251, 1.02193, -164.775, 1.44686, 78.1442
2278, 37.96667, 83.0877, 54.9775, 1233.07, -64.3279, 2031.48, 179.482, 0.657478, -42.5228, 1.02322, -164.819, 1.4528, 77.9889
2279, 37.97500, 83.079, 54.5753, 1233.23, -64.4143, 2037.38, 179.313, 0.657736, -42.8207, 1.02452, -164.863, 1.45876, 77.8331
2279, 37.98333, 83.0708, 54.1729, 1233.41, -64.5005, 2043.3, 179.144, 0.657993, -43.1188, 1.02584, -164.907, 1.46475, 77.6767
2280, 37.99167, 83.0634, 53.7702, 1233.59, -64.5865, 2049.24, 178.974, 0.658252, -43.4172, 1.02718, -164.95, 1.47076, 77.5196
2280, 38.00000, 83.0566, 53.3672, 1233.79, -64.6724, 2055.2, 178.803, 0.658511, -43.7157, 1.02852, -164.994, 1.4768, 77.362
2281, 38.00833, 83.0504, 52.964, 1234.01, -64.7581, 2061.17, 178.632, 0.65877, -44.0145, 1.02988, -165.037, 1.48286, 77.2038
2281, 38.01667, 83.0449, 52.5605, 1234.23, -64.8437, 2067.17, 178.461, 0.65903, -44.3135, 1.03126, -165.08, 1.48895, 77.0449
2282, 38.02500, 83.0401, 52.1568, 1234.47, -64.9291, 2073.19, 178.288, 0.659291, -44.6128, 1.03265, -165.123, 1.49506, 76.8854
2282, 38.03333, 83.0359, 51.7527, 1234.72, -65.0144, 2079.22, 178.115, 0.659552, -44.9123, 1.03405, -165.166, 1.5012, 76.7253
2283, 38.04167, 83.0324, 51.3484, 1234.98, -65.0996, 2085.28, 177.942, 0.659814, -45.2122, 1.03548, -165.208, 1.50736, 76.5646
2283, 38.05000, 83.0296, 50.9438, 1235.25, -65.1847, 2091.35, 177.767, 0.660077, -45.5122, 1.03691, -165.25, 1.51355, 76.4032
2284, 38.05833, 83.0275, 50.5389, 1235.54, -65.2697, 2097.44, 177.593, 0.66034, -45.8126, 1.03836, -165.293, 1.51977, 76.2412
2284, 38.06667, 83.026, 50.1336, 1235.84, -65.3547, 2103.55, 177.417, 0.660603, -46.1132, 1.03983, -165.335, 1.52601, 76.0786
2285, 38.07500, 83.0251, 49.7281, 1236.15, -65.4395, 2109.68, 177.241, 0.660868, -46.4141, 1.04131, -165.377, 1.53228, 75.9153
2285, 38.08333, 83.025, 49.3223, 1236.48, -65.5243, 2115.83, 177.064, 0.661133, -46.7153, 1.04281, -165.418, 1.53857, 75.7513
2286, 38.09167, 83.0255, 48.9162, 1236.82, -65.6091, 2122, 176.886, 0.661398, -47.0169, 1.04432, -165.46, 1.54489, 75.5867
2286, 38.10000, 83.0267, 48.5097, 1237.17, -65.6937, 2128.19, 176.708, 0.661664, -47.3187, 1.04585, -165.502, 1.55123, 75.4214
2287, 38.10833, 83.0285, 48.103, 1237.53, -65.7784, 2134.4, 176.529, 0.661931, -47.6208, 1.0474, -165.544, 1.5576, 75.2554
2287, 38.11667, 83.0311, 47.6958, 1237.91, -65.863, 2140.63, 176.349, 0.662199, -47.9234, 1.04896, -165.585, 1.564, 75.0887
2288, 38.12500, 83.0343, 47.2884, 1238.31, -65.9477, 2146.87, 176.169, 0.662467, -48.2262, 1.05054, -165.627, 1.57042, 74.9213
2288, 38.13333, 83.0381, 46.8806, 1238.71, -66.0323, 2153.14, 175.988, 0.662735, -48.5293, 1.05214, -165.668, 1.57687, 74.7533
2289, 38.14167, 83.0427, 46.4725, 1239.13, -66.1169, 2159.42, 175.806, 0.663004, -48.8328, 1.05375, -165.71, 1.58335, 74.5845
2289, 38.15000, 83.0479, 46.064, 1239.56, -66.2016, 2165.73, 175.624, 0.663274, -49.1367, 1.05538, -165.751, 1.58985, 74.415
2290, 38.15833, 83.0538, 45.6552, 1240.01, -66.2862, 2172.05, 175.441, 0.663545, -49.4409, 1.05703, -165.793, 1.59638, 74.2448
2290, 38.16667, 83.0603, 45.246, 1240.47, -66.371, 2178.4, 175.257, 0.663816, -49.7455, 1.05869, -165.834, 1.60294, 74.0739
2291, 38.17500, 83.0676, 44.8365, 1240.95, -66.4557, 2184.76, 175.072, 0.664087, -50.0504, 1.06037, -165.876, 1.60952, 73.9022
2291, 38.18333, 83.0754, 44.4266, 1241.44, -66.5406, 2191.14, 174.887, 0.664359, -50.3558, 1.06207, -165.918, 1.61613, 73.7298
2292, 38.19167, 83.084, 44.0163, 1241.94, -66.6255, 2197.54, 174.701, 0.664632, -50.6615, 1.06379, -165.959, 1.62276, 73.5567
2292, 38.20000, 83.0932, 43.6057, 1242.46, -66.7105, 2203.96, 174.514, 0.664905, -50.9677, 1.06553, -166.001, 1.62942, 73.3828
2293, 38.20833, 83.1031, 43.1946, 1242.99, -66.7956, 2210.4, 174.326, 0.665179, -51.2742, 1.06728, -166.043, 1.63611, 73.2081
2293, 38.21667, 83.1136, 42.7831, 1243.53, -66.8808, 2216.86, 174.138, 0.665453, -51.5812, 1.06905, -166.085, 1.64283, 73.0327
2294, 38.22500, 83.1248, 42.3713, 1244.09, -66.9661, 2223.34, 173.948, 0.665727, -51.8886, 1.07084, -166.127, 1.64957, 72.8565
2294, 38.23333, 83.1367, 41.9591, 1244.67, -67.0515, 2229.84, 173.759, 0.666003, -52.1964, 1.07265, -166.169, 1.65634, 72.6796
2295, 38.24167, 83.1492, 41.5464, 1245.26, -67.1371, 2236.35, 173.568, 0.666278, -52.5047, 1.07448, -166.212, 1.66314, 72.5018
2295, 38.25000, 83.1624, 41.1334, 1245.86, -67.2229, 2242.89, 173.376, 0.666554, -52.8134, 1.07632, -166.254, 1.66996, 72.3233
2296, 38.25833, 83.1762, 40.7199, 1246.48, -67.3088, 2249.44, 173.184, 0.66683, -53.1225, 1.07819, -166.297, 1.67681, 72.1439
2296, 38.26667, 83.1907, 40.306, 1247.11, -67.3948, 2256.01, 172.991, 0.667107, -53.4321, 1.08007, -166.34, 1.68368, 71.9638
2297, 38.27500, 83.2058, 39.8917, 1247.76, -67.4811, 2262.61, 172.797, 0.667384, -53.7422, 1.08197, -166.383, 1.69059, 71.7828
2297, 38.28333, 83.2215, 39.4769, 1248.42, -67.5676, 2269.21, 172.602, 0.667661, -54.0528, 1.08389, -166.426, 1.69752, 71.6011
2298, 38.29167, 83.2379, 39.0617, 1249.1, -67.6543, 2275.84, 172.406, 0.667939, -54.3639, 1.08583, -166.47, 1.70448, 71.4184
2298, 38.30000, 83.2549, 38.646, 1249.79, -67.7412, 2282.49, 172.21, 0.668217, -54.6754, 1.08779, -166.514, 1.71146, 71.235
2299, 38.30833, 83.2726, 38.2299, 1250.49, -67.8283, 2289.16, 172.013, 0.668495, -54.9874, 1.08977, -166.558, 1.71847, 71.0507
2299, 38.31667, 83.2908, 37.8133, 1251.21, -67.9157, 2295.84, 171.815, 0.668773, -55.3, 1.09177, -166.602, 1.72551, 70.8656
2300, 38.32500, 83.3097, 37.3963, 1251.95, -68.0034, 2302.54, 171.616, 0.669051, -55.6131, 1.09379, -166.647, 1.73257, 70.6796
2300, 38.33333, 83.3293, 36.9788, 1252.7, -68.0913, 2309.26, 171.416, 0.66933, -55.9267, 1.09583, -166.692, 1.73967, 70.4927
2301, 38.34167, 83.3494, 36.5608, 1253.46, -68.1796, 2316, 171.215, 0.669608, -56.2408, 1.09789, -166.737, 1.74679, 70.305
2301, 38.35000, 83.3701, 36.1424, 1254.24, -68.2681, 2322.75, 171.013, 0.669887, -56.5555, 1.09997, -166.782, 1.75393, 70.1164
2302, 38.35833, 83.3914, 35.7235, 1255.04, -68.3569, 2329.52, 170.811, 0.670165, -56.8707, 1.10207, -166.828, 1.7611, 69.9269
2302, 38.36667, 83.4134, 35.304, 1255.85, -68.4461, 2336.32, 170.608, 0.670444, -57.1865, 1.10419, -166.875, 1.7683, 69.7365
2303, 38.37500, 83.4359, 34.8841, 1256.67, -68.5355, 2343.12, 170.403, 0.670722, -57.5028, 1.10633, -166.921, 1.77553, 69.5453
2303, 38.38333, 83.459, 34.4636, 1257.51, -68.6254, 2349.95, 170.198, 0.671, -57.8198, 1.10849, -166.969, 1.78278, 69.3531
2304, 38.39167, 83.4827, 34.0426, 1258.36, -68.7156, 2356.79, 169.992, 0.671278, -58.1373, 1.11067, -167.016, 1.79006, 69.16
2304, 38.40000, 83.507, 33.6212, 1259.23, -68.8062, 2363.65, 169.785, 0.671556, -58.4554, 1.11287, -167.064, 1.79736, 68.966
2305, 38.40833, 83.5318, 33.1992, 1260.12, -68.8971, 2370.52, 169.577, 0.671833, -58.7741, 1.11509, -167.113, 1.80469, 68.771
2305, 38.41667, 83.5572, 32.7766, 1261.02, -68.9885, 2377.41, 169.368, 0.67211, -59.0934, 1.11733, -167.161, 1.81205, 68.5751
2306, 38.42500, 83.5832, 32.3536, 1261.93, -69.0802, 2384.32, 169.159, 0.672387, -59.4133, 1.1196, -167.211, 1.81943, 68.3783
2306, 38.43333, 83.6097, 31.93, 1262.86, -69.1724, 2391.24, 168.948, 0.672663, -59.7338, 1.12188, -167.261, 1.82684, 68.1806
2307, 38.44167, 83.6367, 31.5058, 1263.8, -69.2651, 2398.18, 168.736, 0.672939, -60.055, 1.12419, -167.311, 1.83427, 67.9818
2307, 38.45000, 83.6643, 31.0811, 1264.76, -69.3582, 2405.14, 168.524, 0.673214, -60.3768, 1.12651, -167.362, 1.84173, 67.7822
2308, 38.45833, 83.6924, 30.6559, 1265.73, -69.4517, 2412.11, 168.31, 0.673488, -60.6993, 1.12886, -167.413, 1.84922, 67.5815
2308, 38.46667, 83.721, 30.23, 1266.72, -69.5458, 2419.09, 168.096, 0.673762, -61.0224, 1.13123, -167.465, 1.85673, 67.3798
2309, 38.47500, 83.7501, 29.8036, 1267.72, -69.6403, 2426.09, 167.88, 0.674035, -61.3462, 1.13362, -167.518, 1.86427, 67.1772
2309, 38.48333, 83.7797, 29.3766, 1268.73, -69.7353, 2433.1, 167.664, 0.674307, -61.6706, 1.13602, -167.571, 1.87183, 66.9736
2310, 38.49167, 83.8099, 28.949, 1269.76, -69.8309, 2440.13, 167.446, 0.674578, -61.9958, 1.13846, -167.625, 1.87942, 66.769
2310, 38.50000, 83.8404, 28.5209, 1270.81, -69.9269, 2447.18, 167.227, 0.674848, -62.3216, 1.14091, -167.679, 1.88703, 66.5634
2311, 38.50833, 83.8715, 28.0922, 1271.87, -70.0235, 2454.23, 167.008, 0.675117, -62.6481, 1.14338, -167.734, 1.89467, 66.3567
2311, 38.51667, 83.9031, 27.6628, 1272.94, -70.1207, 2461.3, 166.787, 0.675385, -62.9753, 1.14588, -167.79, 1.90233, 66.1491
2312, 38.52500, 83.935, 27.2328, 1274.03, -70.2185, 2468.38, 166.566, 0.675651, -63.3032, 1.14839, -167.846, 1.91001, 65.9404
2312, 38.53333, 83.9675, 26.8023, 1275.13, -70.3168, 2475.48, 166.343, 0.675916, -63.6319, 1.15093, -167.903, 1.91772, 65.7307
2313, 38.54167, 84.0003, 26.3711, 1276.25, -70.4157, 2482.59, 166.12, 0.67618, -63.9613, 1.15349, -167.961, 1.92546, 65.5199
2313, 38.55000, 84.0336, 25.9393, 1277.38, -70.5152, 2489.7, 165.895, 0.676443, -64.2914, 1.15606, -168.019, 1.93322, 65.3081
2314, 38.55833, 84.0673, 25.5068, 1278.52, -70.6154, 2496.84, 165.669, 0.676703, -64.6223, 1.15866, -168.078, 1.941, 65.0952
2314, 38.56667, 84.1014, 25.0737, 1279.68, -70.7162, 2503.98, 165.443, 0.676962, -64.9539, 1.16129, -168.138, 1.9488, 64.8812
2314, 38.57500, 84.1359, 24.64, 1280.85, -70.8176, 2511.13, 165.215, 0.67722, -65.2863, 1.16393, -168.199, 1.95663, 64.6662
2315, 38.58333, 84.1708, 24.2056, 1282.04, -70.9197, 2518.29, 164.986, 0.677475, -65.6194, 1.16659, -168.26, 1.96448, 64.4502
2316, 38.59167, 84.206, 23.7706, 1283.23, -71.0224, 2525.47, 164.756, 0.677729, -65.9533, 1.16928, -168.322, 1.97235, 64.233
2316, 38.60000, 84.2416, 23.3349, 1284.45, -71.1259, 2532.65, 164.525, 0.67798, -66.288, 1.17198, -168.385, 1.98024, 64.0147
2317, 38.60833, 84.2775, 22.8986, 1285.67, -71.23, 2539.85, 164.293, 0.67823, -66.6235, 1.17471, -168.449, 1.98816, 63.7954
2317, 38.61667, 84.3138, 22.4615, 1286.91, -71.3349, 2547.05, 164.059, 0.678477, -66.9598, 1.17746, -168.514, 1.9961, 63.5749
2318, 38.62500, 84.3504, 22.0238, 1288.16, -71.4405, 2554.26, 163.825, 0.678722, -67.2969, 1.18023, -168.579, 2.00405, 63.3533
2318, 38.63333, 84.3872, 21.5854, 1289.43, -71.5468, 2561.48, 163.59, 0.678964, -67.6348, 1.18302, -168.646, 2.01203, 63.1306
2318, 38.64167, 84.4244, 21.1463, 1290.7, -71.6539, 2568.7, 163.353, 0.679204, -67.9736, 1.18583, -168.713, 2.02003, 62.9068
2319, 38.65000, 84.4618, 20.7066, 1291.99, -71.7618, 2575.93, 163.115, 0.679441, -68.3132, 1.18866, -168.781, 2.02805, 62.6818
2320, 38.65833, 84.4995, 20.2661, 1293.3, -71.8704, 2583.17, 162.877, 0.679675, -68.6536, 1.19151, -168.85, 2.03609, 62.4557
2320, 38.66667, 84.5374, 19.8249, 1294.61, -71.9798, 2590.42, 162.637, 0.679907, -68.9948, 1.19438, -168.92, 2.04415, 62.2285
2321, 38.67500, 84.5756, 19.3831, 1295.94, -72.09, 2597.67, 162.396, 0.680135, -69.3369, 1.19727, -168.991, 2.05223, 62.0001
2321, 38.68333, 84.614, 18.9405, 1297.27, -72.201, 2604.92, 162.153, 0.68036, -69.6799, 1.20019, -169.063, 2.06033, 61.7706
2322, 38.69167, 84.6526, 18.4972, 1298.63, -72.3129, 2612.18, 161.91, 0.680583, -70.0237, 1.20312, -169.136, 2.06845, 61.5398
2322, 38.70000, 84.6913, 18.0532, 1299.99, -72.4256, 2619.45, 161.666, 0.680801, -70.3684, 1.20607, -169.21, 2.07658, 61.308
2322, 38.70833, 84.7302, 17.6084, 1301.36, -72.5391, 2626.71, 161.42, 0.681016, -70.714, 1.20905, -169.285, 2.08473, 61.0749
2323, 38.71667, 84.7693, 17.1629, 1302.75, -72.6535, 2633.98, 161.173, 0.681228, -71.0605, 1.21204, -169.361, 2.0929, 60.8407
2324, 38.72500, 84.8085, 16.7167, 1304.14, -72.7688, 2641.26, 160.925, 0.681436, -71.4078, 1.21505, -169.438, 2.10108, 60.6053
2324, 38.73333, 84.8478, 16.2697, 1305.55, -72.885, 2648.53, 160.676, 0.681639, -71.756, 1.21808, -169.516, 2.10928, 60.3687
2325, 38.74167, 84.8872, 15.822, 1306.96, -73.0021, 2655.8, 160.425, 0.681839, -72.1052, 1.22114, -169.595, 2.1175, 60.1308
2325, 38.75000, 84.9267, 15.3735, 1308.39, -73.1201, 2663.08, 160.174, 0.682035, -72.4553, 1.22421, -169.675, 2.12573, 59.8918
2326, 38.75833, 84.9663, 14.9243, 1309.83, -73.239, 2670.35, 159.921, 0.682226, -72.8063, 1.2273, -169.756, 2.13398, 59.6516
2326, 38.76667, 85.0059, 14.4742, 1311.28, -73.3588, 2677.62, 159.667, 0.682413, -73.1582, 1.23041, -169.839, 2.14224, 59.4102
2326, 38.77500, 85.0455, 14.0235, 1312.73, -73.4796, 2684.89, 159.412, 0.682595, -73.511, 1.23354, -169.922, 2.15051, 59.1675
2327, 38.78333, 85.0851, 13.572, 1314.2, -73.6014, 2692.16, 159.155, 0.682773, -73.8648, 1.23668, -170.007, 2.1588, 58.9236
2328, 38.79167, 85.1247, 13.1197, 1315.68, -73.7241, 2699.42, 158.898, 0.682945, -74.2196, 1.23985, -170.093, 2.16709, 58.6785
2328, 38.80000, 85.1643, 12.6666, 1317.16, -73.8478, 2706.68, 158.639, 0.683113, -74.5752, 1.24303, -170.18, 2.1754, 58.4322
2329, 38.80833, 85.2038, 12.2128, 1318.66, -73.9725, 2713.94, 158.379, 0.683275, -74.9319, 1.24623, -170.268, 2.18372, 58.1846
2329, 38.81667, 85.2433, 11.7581, 1320.16, -74.0982, 2721.19, 158.118, 0.683432, -75.2895, 1.24945, -170.357, 2.19206, 57.9357
2330, 38.82500, 85.2826, 11.3027, 1321.67, -74.2249, 2728.43, 157.855, 0.683584, -75.648, 1.25269, -170.448, 2.2004, 57.6857
2330, 38.83333, 85.3218, 10.8464, 1323.19, -74.3527, 2735.66, 157.591, 0.68373, -76.0075, 1.25594, -170.539, 2.20875, 57.4344
2330, 38.84167, 85.3609, 10.3894, 1324.71, -74.4815, 2742.89, 157.326, 0.68387, -76.3681, 1.25921, -170.632, 2.21711, 57.1818
2331, 38.85000, 85.3998, 9.93159, 1326.24, -74.6113, 2750.11, 157.06, 0.684004, -76.7295, 1.2625, -170.726, 2.22547, 56.9279
2332, 38.85833, 85.4386, 9.473, 1327.78, -74.7422, 2757.32, 156.792, 0.684131, -77.092, 1.2658, -170.822, 2.23385, 56.6728
2332, 38.86667, 85.4771, 9.01354, 1329.33, -74.8741, 2764.52, 156.524, 0.684253, -77.4555, 1.26912, -170.919, 2.24223, 56.4164
2333, 38.87500, 85.5154, 8.55333, 1330.88, -75.0071, 2771.7, 156.254, 0.684368, -77.8199, 1.27246, -171.017, 2.25061, 56.1588
2333, 38.88333, 85.5535, 8.09232, 1332.44, -75.1412, 2778.88, 155.982, 0.684476, -78.1853, 1.27581, -171.116, 2.25901, 55.8999
2334, 38.89167, 85.5913, 7.63044, 1334, -75.2765, 2786.04, 155.71, 0.684577, -78.5518, 1.27917, -171.216, 2.2674, 55.6397
2334, 38.90000, 85.6288, 7.1678, 1335.57, -75.4128, 2793.19, 155.436, 0.684672, -78.9192, 1.28256, -171.318, 2.2758, 55.3782
2334, 38.90833, 85.6659, 6.70435, 1337.15, -75.5502, 2800.32, 155.161, 0.684759, -79.2877, 1.28595, -171.421, 2.2842, 55.1154
2335, 38.91667, 85.7027, 6.24002, 1338.73, -75.6887, 2807.44, 154.885, 0.684839, -79.6572, 1.28936, -171.526, 2.2926, 54.8514
2336, 38.92500, 85.7392, 5.77494, 1340.31, -75.8284, 2814.53, 154.607, 0.684911, -80.0276, 1.29279, -171.632, 2.30101, 54.5861
2336, 38.93333, 85.7752, 5.30904, 1341.9, -75.9692, 2821.61, 154.328, 0.684975, -80.3991, 1.29622, -171.739, 2.30941, 54.3194
2337, 38.94167, 85.8108, 4.84226, 1343.49, -76.1112, 2828.68, 154.048, 0.685032, -80.7717, 1.29968, -171.847, 2.31782, 54.0515
2337, 38.95000, 85.846, 4.37471, 1345.08, -76.2543, 2835.72, 153.767, 0.68508, -81.1452, 1.30314, -171.957, 2.32622, 53.7823
2338, 38.95833, 85.8807, 3.90634, 1346.68, -76.3985, 2842.74, 153.484, 0.68512, -81.5198, 1.30662, -172.069, 2.33462, 53.5118
2338, 38.96667, 85.9149, 3.4371, 1348.28, -76.544, 2849.74, 153.2, 0.685152, -81.8954, 1.3101, -172.181, 2.34301, 53.24
2338, 38.97500, 85.9485, 2.96709, 1349.88, -76.6906, 2856.71, 152.915, 0.685175, -82.2721, 1.3136, -172.295, 2.35141, 52.9669
2339, 38.98333, 85.9817, 2.49626, 1351.48, -76.8384, 2863.66, 152.628, 0.685189, -82.6497, 1.31712, -172.411, 2.35979, 52.6925
2340, 38.99167, 86.0142, 2.02454, 1353.08, -76.9874, 2870.59, 152.34, 0.685193, -83.0284, 1.32064, -172.528, 2.36817, 52.4168
2340, 39.00000, 86.0461, 1.55207, 1354.69, -77.1376, 2877.49, 152.051, 0.685189, -83.4082, 1.32417, -172.646, 2.37654, 52.1398
2341, 39.00833, 86.0774, 1.07877, 1356.29, -77.289, 2884.36, 151.761, 0.685175, -83.7889, 1.32771, -172.766, 2.38491, 51.8615
2341, 39.01667, 86.108, 0.604593, 1357.9, -77.4416, 2891.2, 151.469, 0.685151, -84.1708, 1.33127, -172.887, 2.39327, 51.5819
2342, 39.02500, 86.138, 0.129656, 1359.5, -77.5954, 2898.01, 151.176, 0.685118, -84.5536, 1.33483, -173.01, 2.40161, 51.301
2342, 39.03333, 86.1672, -0.3461, 1361.1, -77.7504, 2904.8, 150.882, 0.685074, -84.9375, 1.3384, -173.134, 2.40994, 51.0189
2342, 39.04167, 86.1956, -0.822729, 1362.7, -77.9067, 2911.55, 150.586, 0.68502, -85.3224, 1.34198, -173.259, 2.41827, 50.7354
2343, 39.05000, 86.2233, -1.30012, 1364.3, -78.0642, 2918.26, 150.289, 0.684956, -85.7084, 1.34556, -173.386, 2.42658, 50.4506
2344, 39.05833, 86.2502, -1.77831, 1365.9, -78.2229, 2924.94, 149.991, 0.684881, -86.0953, 1.34915, -173.514, 2.43487, 50.1645
2344, 39.06667, 86.2763, -2.25738, 1367.49, -78.3829, 2931.59, 149.692, 0.684794, -86.4834, 1.35275, -173.644, 2.44315, 49.8772
2345, 39.07500, 86.3014, -2.73719, 1369.08, -78.5441, 2938.2, 149.391, 0.684697, -86.8724, 1.35636, -173.776, 2.45141, 49.5885
2345, 39.08333, 86.3257, -3.21781, 1370.66, -78.7065, 2944.77, 149.089, 0.684589, -87.2625, 1.35997, -173.908, 2.45965, 49.2986
2346, 39.09167, 86.3491, -3.69929, 1372.25, -78.8702, 2951.3, 148.786, 0.684469, -87.6537, 1.36359, -174.043, 2.46788, 49.0073
2346, 39.10000, 86.3715, -4.18151, 1373.82, -79.0351, 2957.79, 148.482, 0.684337, -88.0458, 1.36721, -174.179, 2.47608, 48.7148
2346, 39.10833, 86.393, -4.66452, 1375.39, -79.2013, 2964.23, 148.176, 0.684193, -88.4389, 1.37083, -174.316, 2.48427, 48.4211
2347, 39.11667, 86.4134, -5.14837, 1376.96, -79.3688, 2970.64, 147.869, 0.684037, -88.8332, 1.37446, -174.455, 2.49243, 48.126
2348, 39.12500, 86.4328, -5.63296, 1378.52, -79.5375, 2977, 147.561, 0.683869, -89.2284, 1.37809, -174.595, 2.50056, 47.8296
2348, 39.13333, 86.451, -6.11832, 1380.07, -79.7075, 2983.31, 147.251, 0.683688, -89.6246, 1.38172, -174.737, 2.50868, 47.5321
2349, 39.14167, 86.4683, -6.60452, 1381.61, -79.8787, 2989.58, 146.941, 0.683495, -90.0219, 1.38536, -174.88, 2.51676, 47.2332
2349, 39.15000, 86.4843, -7.09142, 1383.15, -80.0512, 2995.79, 146.629, 0.683288, -90.4201, 1.38899, -175.025, 2.52482, 46.9331
2350, 39.15833, 86.4992, -7.57909, 1384.68, -80.225, 3001.96, 146.316, 0.683068, -90.8194, 1.39263, -175.171, 2.53285, 46.6317
2350, 39.16667, 86.5129, -8.06758, 1386.19, -80.4, 3008.07, 146.001, 0.682835, -91.2196, 1.39626, -175.319, 2.54085, 46.3291
2350, 39.17500, 86.5254, -8.55676, 1387.7, -80.5763, 3014.14, 145.686, 0.682588, -91.6209, 1.3999, -175.468, 2.54882, 46.0252
2351, 39.18333, 86.5366, -9.04668, 1389.2, -80.7538, 3020.15, 145.369, 0.682327, -92.0231, 1.40353, -175.619, 2.55676, 45.7201
2352, 39.19167, 86.5465, -9.5374, 1390.69, -80.9326, 3026.1, 145.051, 0.682053, -92.4264, 1.40716, -175.771, 2.56466, 45.4138
2352, 39.20000, 86.5552, -10.0288, 1392.17, -81.1126, 3032, 144.731, 0.681764, -92.8305, 1.41079, -175.925, 2.57253, 45.1063
2353, 39.20833, 86.5624, -10.5209, 1393.63, -81.2939, 3037.83, 144.411, 0.68146, -93.2357, 1.41441, -176.08, 2.58036, 44.7975
2353, 39.21667, 86.5683, -11.0138, 1395.08, -81.4765, 3043.61, 144.089, 0.681142, -93.6419, 1.41803, -176.236, 2.58815, 44.4875
2354, 39.22500, 86.5728, -11.5073, 1396.52, -81.6603, 3049.33, 143.766, 0.680809, -94.0489, 1.42165, -176.395, 2.5959, 44.1764
2354, 39.23333, 86.5758, -12.0016, 1397.95, -81.8453, 3054.99, 143.442, 0.680461, -94.457, 1.42526, -176.554, 2.60362, 43.8641
2354, 39.24167, 86.5774, -12.4965, 1399.36, -82.0316, 3060.58, 143.117, 0.680098, -94.866, 1.42886, -176.716, 2.61129, 43.5505
2355, 39.25000, 86.5774, -12.9921, 1400.76, -82.2191, 3066.1, 142.791, 0.67972, -95.2759, 1.43246, -176.878, 2.61892, 43.2358
2356, 39.25833, 86.576, -13.4884, 1402.14, -82.4079, 3071.56, 142.463, 0.679326, -95.6867, 1.43605, -177.042, 2.6265, 42.92
2356, 39.26667, 86.5729, -13.9854, 1403.5, -82.5979, 3076.96, 142.135, 0.678916, -96.0985, 1.43963, -177.208, 2.63404, 42.6029
2357, 39.27500, 86.5683, -14.4829, 1404.85, -82.7891, 3082.28, 141.805, 0.67849, -96.5111, 1.4432, -177.375, 2.64153, 42.2848
2357, 39.28333, 86.562, -14.9811, 1406.18, -82.9815, 3087.53, 141.474, 0.678047, -96.9247, 1.44676, -177.543, 2.64897, 41.9655
2358, 39.29167, 86.5541, -15.48, 1407.5, -83.1752, 3092.71, 141.142, 0.677589, -97.3391, 1.45032, -177.713, 2.65637, 41.6451
2358, 39.30000, 86.5445, -15.9795, 1408.79, -83.37, 3097.82, 140.809, 0.677113, -97.7544, 1.45386, -177.885, 2.66371, 41.3236
2358, 39.30833, 86.5332, -16.4795, 1410.07, -83.5661, 3102.85, 140.475, 0.676622, -98.1706, 1.45739, -178.058, 2.67099, 41.001
2359, 39.31667, 86.5202, -16.9802, 1411.33, -83.7633, 3107.8, 140.14, 0.676113, -98.5876, 1.4609, -178.232, 2.67823, 40.6772
2360, 39.32500, 86.5054, -17.4814, 1412.57, -83.9617, 3112.68, 139.804, 0.675587, -99.0055, 1.4644, -178.408, 2.68541, 40.3525
2360, 39.33333, 86.4888, -17.9832, 1413.79, -84.1613, 3117.48, 139.467, 0.675044, -99.4242, 1.46789, -178.585, 2.69253, 40.0267
2361, 39.34167, 86.4704, -18.4856, 1414.98, -84.3621, 3122.19, 139.128, 0.674483, -99.8437, 1.47137, -178.763, 2.69959, 39.6998
2361, 39.35000, 86.4501, -18.9884, 1416.16, -84.564, 3126.83, 138.789, 0.673905, -100.264, 1.47483, -178.943, 2.70659, 39.3719
2362, 39.35833, 86.4279, -19.4918, 1417.31, -84.7671, 3131.38, 138.449, 0.673309, -100.685, 1.47827, -179.124, 2.71353, 39.043
2362, 39.36667, 86.4038, -19.9958, 1418.44, -84.9713, 3135.85, 138.107, 0.672695, -101.107, 1.48169, -179.307, 2.72041, 38.713
2362, 39.37500, 86.3778, -20.5001, 1419.55, -85.1766, 3140.23, 137.765, 0.672063, -101.53, 1.4851, -179.491, 2.72723, 38.3821
2363, 39.38333, 86.3499, -21.005, 1420.63, -85.3831, 3144.53, 137.422, 0.671412, -101.953, 1.48849, -179.676, 2.73397, 38.0502
2364, 39.39167, 86.3199, -21.5104, 1421.69, -85.5906, 3148.74, 137.078, 0.670744, -102.377, 1.49186, -179.863, 2.74066, 37.7174
2364, 39.40000, 86.288, -22.0161, 1422.72, -85.7993, 3152.85, 136.733, 0.670057, -102.802, 1.49521, 179.949, 2.74727, 37.3836
2365, 39.40833, 86.254, -22.5223, 1423.73, -86.009, 3156.88, 136.387, 0.669351, -103.228, 1.49854, 179.759, 2.75381, 37.0489
2365, 39.41667, 86.2179, -23.029, 1424.71, -86.2198, 3160.82, 136.04, 0.668627, -103.654, 1.50184, 179.569, 2.76029, 36.7132
2366, 39.42500, 86.1798, -23.536, 1425.67, -86.4316, 3164.66, 135.692, 0.667883, -104.081, 1.50513, 179.377, 2.76669, 36.3767
2366, 39.43333, 86.1395, -24.0433, 1426.6, -86.6445, 3168.4, 135.344, 0.667121, -104.508, 1.50839, 179.184, 2.77302, 36.0393
2366, 39.44167, 86.0972, -24.5511, 1427.5, -86.8585, 3172.05, 134.994, 0.66634, -104.936, 1.51163, 178.989, 2.77927, 35.701
2367, 39.45000, 86.0526, -25.0592, 1428.37, -87.0734, 3175.61, 134.644, 0.665539, -105.365, 1.51484, 178.793, 2.78544, 35.362
2368, 39.45833, 86.0059, -25.5676, 1429.21, -87.2893, 3179.06, 134.293, 0.664719, -105.795, 1.51803, 178.596, 2.79154, 35.0221
2368, 39.46667, 85.957, -26.0763, 1430.03, -87.5063, 3182.42, 133.941, 0.66388, -106.225, 1.52119, 178.398, 2.79756, 34.6813
2369, 39.47500, 85.9059, -26.5853, 1430.81, -87.7242, 3185.67, 133.588, 0.663021, -106.655, 1.52433, 178.199, 2.8035, 34.3398
2369, 39.48333, 85.8526, -27.0945, 1431.56, -87.943, 3188.82, 133.235, 0.662142, -107.086, 1.52744, 177.998, 2.80936, 33.9976
2370, 39.49167, 85.797, -27.6041, 1432.29, -88.1628, 3191.87, 132.881, 0.661244, -107.518, 1.53052, 177.797, 2.81514, 33.6545
2370, 39.50000, 85.7391, -28.1138, 1432.98, -88.3835, 3194.82, 132.526, 0.660326, -107.95, 1.53357, 177.594, 2.82083, 33.3108
2370, 39.50833, 85.679, -28.6237, 1433.64, -88.6051, 3197.66, 132.171, 0.659388, -108.383, 1.53659, 177.39, 2.82643, 32.9664
2371, 39.51667, 85.6165, -29.1339, 1434.27, -88.8276, 3200.39, 131.815, 0.658431, -108.816, 1.53958, 177.185, 2.83195, 32.6213
2372, 39.52500, 85.5517, -29.6441, 1434.86, -89.051, 3203.02, 131.458, 0.657453, -109.249, 1.54254, 176.979, 2.83739, 32.2755
2372, 39.53333, 85.4846, -30.1545, 1435.43, -89.2752, 3205.54, 131.101, 0.656456, -109.683, 1.54547, 176.771, 2.84273, 31.9291
2373, 39.54167, 85.4151, -30.6651, 1435.95, -89.5003, 3207.96, 130.743, 0.655438, -110.118, 1.54836, 176.563, 2.84798, 31.5821
2373, 39.55000, 85.3433, -31.1757, 1436.45, -89.7261, 3210.26, 130.384, 0.6544, -110.553, 1.55122, 176.354, 2.85315, 31.2345
2374, 39.55833, 85.2691, -31.6864, 1436.91, -89.9528, 3212.45, 130.025, 0.653342, -110.988, 1.55405, 176.143, 2.85822, 30.8863
2374, 39.56667, 85.1924, -32.1972, 1437.33, -90.1802, 3214.53, 129.665, 0.652265, -111.423, 1.55685, 175.932, 2.8632, 30.5375
2374, 39.57500, 85.1134, -32.7079, 1437.72, -90.4084, 3216.5, 129.305, 0.651167, -111.859, 1.55961, 175.719, 2.86808, 30.1882
2375, 39.58333, 85.032, -33.2187, 1438.08, -90.6374, 3218.35, 128.945, 0.650048, -112.295, 1.56233, 175.506, 2.87287, 29.8385
2376, 39.59167, 84.9481, -33.7295, 1438.4, -90.8671, 3220.09, 128.583, 0.64891, -112.731, 1.56502, 175.292, 2.87756, 29.4882
2376, 39.60000, 84.8619, -34.2402, 1438.68, -91.0974, 3221.72, 128.222, 0.647752, -113.168, 1.56767, 175.077, 2.88215, 29.1375
2377, 39.60833, 84.7731, -34.7509, 1438.93, -91.3284, 3223.23, 127.86, 0.646573, -113.605, 1.57028, 174.861, 2.88665, 28.7863
2377, 39.61667, 84.682, -35.2615, 1439.14, -91.5601, 3224.62, 127.498, 0.645375, -114.042, 1.57286, 174.644, 2.89105, 28.4347
2378, 39.62500, 84.5883, -35.7719, 1439.31, -91.7924, 3225.9, 127.135, 0.644156, -114.479, 1.5754, 174.426, 2.89535, 28.0828
2378, 39.63333, 84.4923, -36.2822, 1439.44, -92.0254, 3227.06, 126.772, 0.642917, -114.916, 1.57789, 174.208, 2.89954, 27.7305
2378, 39.64167, 84.3937, -36.7925, 1439.54, -92.2589, 3228.11, 126.408, 0.641659, -115.354, 1.58035, 173.988, 2.90364, 27.3778
2379, 39.65000, 84.2927, -37.3024, 1439.6, -92.493, 3229.03, 126.045, 0.64038, -115.792, 1.58277, 173.768, 2.90763, 27.0248
2380, 39.65833, 84.1892, -37.8122, 1439.62, -92.7276, 3229.84, 125.681, 0.639082, -116.229, 1.58514, 173.547, 2.91152, 26.6716
2380, 39.66667, 84.0833, -38.3218, 1439.6, -92.9628, 3230.53, 125.317, 0.637763, -116.667, 1.58748, 173.326, 2.91531, 26.3181
2381, 39.67500, 83.9749, -38.831, 1439.54, -93.1985, 3231.1, 124.952, 0.636425, -117.105, 1.58977, 173.103, 2.91899, 25.9643
2381, 39.68333, 83.864, -39.34, 1439.44, -93.4346, 3231.55, 124.588, 0.635068, -117.543, 1.59202, 172.88, 2.92257, 25.6104
2382, 39.69167, 83.7506, -39.8487, 1439.31, -93.6713, 3231.88, 124.223, 0.63369, -117.981, 1.59423, 172.657, 2.92604, 25.2562
2382, 39.70000, 83.6348, -40.357, 1439.13, -93.9083, 3232.09, 123.858, 0.632294, -118.418, 1.5964, 172.432, 2.9294, 24.9019
2383, 39.70833, 83.5166, -40.865, 1438.92, -94.1457, 3232.18, 123.493, 0.630878, -118.856, 1.59852, 172.208, 2.93266, 24.5474
2383, 39.71667, 83.3958, -41.3726, 1438.66, -94.3836, 3232.15, 123.128, 0.629442, -119.294, 1.60059, 171.982, 2.93581, 24.1929
2384, 39.72500, 83.2726, -41.8798, 1438.36, -94.6218, 3232, 122.763, 0.627988, -119.731, 1.60263, 171.756, 2.93885, 23.8382
2384, 39.73333, 83.147, -42.3865, 1438.03, -94.8603, 3231.72, 122.398, 0.626514, -120.169, 1.60461, 171.53, 2.94179, 23.4835
2385, 39.74167, 83.0189, -42.8928, 1437.65, -95.0992, 3231.33, 122.032, 0.625022, -120.606, 1.60656, 171.302, 2.94461, 23.1288
2385, 39.75000, 82.8884, -43.3986, 1437.24, -95.3383, 3230.81, 121.667, 0.623511, -121.043, 1.60845, 171.075, 2.94733, 22.774
2386, 39.75833, 82.7555, -43.9039, 1436.78, -95.5777, 3230.18, 121.302, 0.621981, -121.48, 1.6103, 170.847, 2.94993, 22.4193
2386, 39.76667, 82.6201, -44.4087, 1436.28, -95.8174, 3229.42, 120.937, 0.620433, -121.916, 1.61211, 170.618, 2.95243, 22.0646
2387, 39.77500, 82.4824, -44.9128, 1435.75, -96.0573, 3228.54, 120.572, 0.618867, -122.353, 1.61387, 170.39, 2.95481, 21.7101
2387, 39.78333, 82.3423, -45.4164, 1435.17, -96.2974, 3227.55, 120.207, 0.617282, -122.789, 1.61558, 170.16, 2.95709, 21.3556
2388, 39.79167, 82.1997, -45.9194, 1434.55, -96.5377, 3226.43, 119.842, 0.61568, -123.224, 1.61724, 169.931, 2.95925, 21.0012
2388, 39.80000, 82.0549, -46.4216, 1433.89, -96.7781, 3225.19, 119.478, 0.614059, -123.66, 1.61886, 169.701, 2.96131, 20.6469
2389, 39.80833, 81.9076, -46.9233, 1433.19, -97.0186, 3223.83, 119.113, 0.612422, -124.095, 1.62043, 169.471, 2.96325, 20.2929
2389, 39.81667, 81.758, -47.4243, 1432.45, -97.2592, 3222.35, 118.749, 0.610766, -124.529, 1.62195, 169.24, 2.96508, 19.939
2390, 39.82500, 81.6062, -47.9245, 1431.67, -97.4999, 3220.75, 118.385, 0.609094, -124.964, 1.62342, 169.009, 2.9668, 19.5854
2390, 39.83333, 81.452, -48.4239, 1430.85, -97.7407, 3219.04, 118.022, 0.607405, -125.397, 1.62485, 168.778, 2.96841, 19.2321
2391, 39.84167, 81.2955, -48.9227, 1429.99, -97.9815, 3217.2, 117.658, 0.605698, -125.831, 1.62623, 168.547, 2.96991, 18.879
2391, 39.85000, 81.1368, -49.4206, 1429.08, -98.2223, 3215.25, 117.295, 0.603976, -126.264, 1.62755, 168.316, 2.9713, 18.5262
2392, 39.85833, 80.9758, -49.9176, 1428.14, -98.463, 3213.18, 116.933, 0.602237, -126.696, 1.62883, 168.084, 2.97257, 18.1737
2392, 39.86667, 80.8126, -50.4139, 1427.16, -98.7038, 3210.99, 116.57, 0.600481, -127.128, 1.63006, 167.853, 2.97374, 17.8216
2393, 39.87500, 80.6472, -50.9093, 1426.14, -98.9445, 3208.68, 116.209, 0.59871, -127.559, 1.63125, 167.621, 2.9748, 17.4699
2393, 39.88333, 80.4796, -51.4037, 1425.08, -99.185, 3206.26, 115.847, 0.596924, -127.989, 1.63238, 167.389, 2.97574, 17.1186
2394, 39.89167, 80.3098, -51.8973, 1423.97, -99.4255, 3203.73, 115.486, 0.595122, -128.419, 1.63347, 167.157, 2.97658, 16.7677
2394, 39.90000, 80.1379, -52.3899, 1422.83, -99.6658, 3201.08, 115.126, 0.593304, -128.849, 1.6345, 166.925, 2.9773, 16.4173
2395, 39.90833, 79.9639, -52.8815, 1421.65, -99.906, 3198.32, 114.766, 0.591472, -129.277, 1.63549, 166.693, 2.97792, 16.0674
2395, 39.91667, 79.7878, -53.3722, 1420.43, -100.146, 3195.44, 114.406, 0.589625, -129.705, 1.63643, 166.462, 2.97843, 15.7179
2396, 39.92500, 79.6097, -53.8618, 1419.17, -100.386, 3192.45, 114.047, 0.587764, -130.133, 1.63732, 166.23, 2.97883, 15.369
2396, 39.93333, 79.4295, -54.3504, 1417.88, -100.625, 3189.35, 113.689, 0.585889, -130.559, 1.63816, 165.998, 2.97912, 15.0207
2397, 39.94167, 79.2473, -54.838, 1416.54, -100.865, 3186.14, 113.331, 0.584, -130.985, 1.63895, 165.766, 2.9793, 14.6729
2397, 39.95000, 79.0631, -55.3244, 1415.17, -101.104, 3182.82, 112.974, 0.582097, -131.41, 1.63969, 165.535, 2.97938, 14.3257
2398, 39.95833, 78.8769, -55.8097, 1413.76, -101.342, 3179.39, 112.617, 0.580181, -131.834, 1.64039, 165.303, 2.97934, 13.9792
2398, 39.96667, 78.6889, -56.2939, 1412.31, -101.581, 3175.85, 112.261, 0.578252, -132.258, 1.64103, 165.072, 2.97921, 13.6332
2399, 39.97500, 78.4989, -56.7769, 1410.82, -101.819, 3172.21, 111.906, 0.576311, -132.68, 1.64163, 164.841, 2.97896, 13.288
2399, 39.98333, 78.3071, -57.2588, 1409.3, -102.057, 3168.46, 111.552, 0.574356, -133.102, 1.64218, 164.61, 2.97862, 12.9435
2400, 39.99167, 78.1134, -57.7395, 1407.74, -102.294, 3164.6, 111.198, 0.57239, -133.523, 1.64268, 164.38, 2.97816, 12.5996
2400, 40.00000, 77.9179, -58.2189, 1406.14, -102.531, 3160.64, 110.845, 0.570412, -133.943, 1.64314, 164.149, 2.97761, 12.2565
2401, 40.00833, 77.7207, -58.6971, 1404.51, -102.767, 3156.58, 110.493, 0.568422, -134.362, 1.64354, 163.919, 2.97695, 11.9142
2401, 40.01667, 77.5216, -59.1741, 1402.85, -103.004, 3152.42, 110.141, 0.566421, -134.78, 1.6439, 163.689, 2.97619, 11.5726
2402, 40.02500, 77.3209, -59.6497, 1401.14, -103.239, 3148.16, 109.791, 0.564409, -135.197, 1.64421, 163.46, 2.97532, 11.2319
2402, 40.03333, 77.1186, -60.124, 1399.4, -103.474, 3143.79, 109.441, 0.562386, -135.613, 1.64448, 163.231, 2.97436, 10.8919
2403, 40.04167, 76.9145, -60.5971, 1397.63, -103.709, 3139.33, 109.092, 0.560353, -136.028, 1.6447, 163.002, 2.9733, 10.5528
2403, 40.05000, 76.7088, -61.0688, 1395.83, -103.943, 3134.78, 108.744, 0.55831, -136.442, 1.64487, 162.774, 2.97213, 10.2146
2404, 40.05833, 76.5016, -61.5391, 1393.99, -104.177, 3130.12, 108.397, 0.556257, -136.855, 1.64499, 162.546, 2.97087, 9.87725
2404, 40.06667, 76.2928, -62.0081, 1392.11, -104.41, 3125.38, 108.051, 0.554194, -137.267, 1.64507, 162.318, 2.96952, 9.54077
2405, 40.07500, 76.0825, -62.4756, 1390.21, -104.642, 3120.54, 107.706, 0.552123, -137.677, 1.64511, 162.091, 2.96806, 9.20525
2405, 40.08333, 75.8708, -62.9417, 1388.27, -104.874, 3115.6, 107.362, 0.550043, -138.087, 1.6451, 161.864, 2.96651, 8.87067
2406, 40.09167, 75.6575, -63.4065, 1386.3, -105.105, 3110.58, 107.018, 0.547953, -138.496, 1.64504, 161.638, 2.96487, 8.537
2406, 40.10000, 75.4429, -63.8697, 1384.3, -105.336, 3105.47, 106.676, 0.545856, -138.903, 1.64494, 161.412, 2.96313, 8.20436
2407, 40.10833, 75.2269, -64.3314, 1382.26, -105.565, 3100.27, 106.335, 0.543751, -139.309, 1.6448, 161.187, 2.9613, 7.8727
2407, 40.11667, 75.0095, -64.7917, 1380.2, -105.795, 3094.99, 105.994, 0.541638, -139.714, 1.64461, 160.963, 2.95938, 7.54202
2408, 40.12500, 74.7909, -65.2505, 1378.1, -106.023, 3089.62, 105.655, 0.539518, -140.118, 1.64438, 160.739, 2.95737, 7.21241
2408, 40.13333, 74.5709, -65.7077, 1375.98, -106.251, 3084.16, 105.317, 0.537391, -140.521, 1.6441, 160.515, 2.95527, 6.88384
2409, 40.14167, 74.3498, -66.1635, 1373.83, -106.478, 3078.62, 104.98, 0.535257, -140.922, 1.64378, 160.292, 2.95308, 6.55629
2409, 40.15000, 74.1274, -66.6177, 1371.65, -106.705, 3073.01, 104.644, 0.533117, -141.322, 1.64342, 160.07, 2.9508, 6.22986
2410, 40.15833, 73.9039, -67.0703, 1369.44, -106.93, 3067.31, 104.309, 0.530971, -141.721, 1.64302, 159.849, 2.94844, 5.90452
2410, 40.16667, 73.6792, -67.5213, 1367.2, -107.155, 3061.53, 103.975, 0.528819, -142.119, 1.64258, 159.628, 2.946, 5.58026
2411, 40.17500, 73.4535, -67.9707, 1364.93, -107.38, 3055.68, 103.643, 0.526661, -142.515, 1.64209, 159.407, 2.94346, 5.25715
2411, 40.18333, 73.2267, -68.4185, 1362.64, -107.603, 3049.76, 103.311, 0.524499, -142.911, 1.64157, 159.188, 2.94085, 4.93518
2412, 40.19167, 72.9988, -68.8648, 1360.32, -107.825, 3043.76, 102.981, 0.522331, -143.304, 1.641, 158.969, 2.93816, 4.61432
2412, 40.20000, 72.77, -69.3093, 1357.98, -108.047, 3037.68, 102.652, 0.520159, -143.697, 1.6404, 158.75, 2.93538, 4.29467
2413, 40.20833, 72.5402, -69.7522, 1355.61, -108.268, 3031.54, 102.324, 0.517983, -144.088, 1.63976, 158.533, 2.93253, 3.9762
2413, 40.21667, 72.3095, -70.1935, 1353.21, -108.488, 3025.33, 101.998, 0.515802, -144.478, 1.63907, 158.316, 2.92959, 3.65888
2414, 40.22500, 72.0779, -70.6331, 1350.79, -108.707, 3019.04, 101.672, 0.513618, -144.866, 1.63835, 158.1, 2.92658, 3.3428
2414, 40.23333, 71.8455, -71.071, 1348.35, -108.926, 3012.7, 101.348, 0.511431, -145.253, 1.6376, 157.885, 2.9235, 3.02794
2415, 40.24167, 71.6123, -71.5072, 1345.88, -109.143, 3006.28, 101.025, 0.50924, -145.639, 1.6368, 157.67, 2.92034, 2.71427
2415, 40.25000, 71.3783, -71.9417, 1343.39, -109.36, 2999.81, 100.703, 0.507047, -146.023, 1.63597, 157.456, 2.9171, 2.40188
2416, 40.25833, 71.1435, -72.3744, 1340.88, -109.575, 2993.27, 100.383, 0.504851, -146.406, 1.6351, 157.244, 2.9138, 2.09074
2416, 40.26667, 70.908, -72.8055, 1338.35, -109.79, 2986.67, 100.064, 0.502652, -146.787, 1.6342, 157.031, 2.91042, 1.78083
2417, 40.27500, 70.6719, -73.2348, 1335.79, -110.004, 2980.01, 99.7458, 0.500452, -147.167, 1.63326, 156.82, 2.90698, 1.47222
2417, 40.28333, 70.4352, -73.6624, 1333.22, -110.217, 2973.3, 99.4292, 0.49825, -147.546, 1.63228, 156.61, 2.90347, 1.1649
2418, 40.29167, 70.1977, -74.0882, 1330.62, -110.429, 2966.52, 99.1139, 0.496047, -147.923, 1.63128, 156.4, 2.89989, 0.858827
2418, 40.30000, 69.9598, -74.5123, 1328.01, -110.64, 2959.7, 98.8, 0.493842, -148.299, 1.63023, 156.191, 2.89624, 0.554096
2419, 40.30833, 69.7213, -74.9345, 1325.37, -110.85, 2952.82, 98.4874, 0.491637, -148.673, 1.62916, 155.983, 2.89253, 0.250675
2419, 40.31667, 69.4823, -75.3551, 1322.72, -111.059, 2945.88, 98.1761, 0.489431, -149.046, 1.62805, 155.776, 2.88875, -0.0514633
2420, 40.32500, 69.2428, -75.7738, 1320.05, -111.267, 2938.9, 97.8662, 0.487225, -149.417, 1.62691, 155.57, 2.88492, -0.352238
2420, 40.33333, 69.0029, -76.1907, 1317.36, -111.474, 2931.87, 97.5577, 0.485018, -149.787, 1.62574, 155.365, 2.88102, -0.651679
2421, 40.34167, 68.7625, -76.6059, 1314.65, -111.68, 2924.79, 97.2505, 0.482812, -150.155, 1.62454, 155.161, 2.87706, -0.949813
2421, 40.35000, 68.5218, -77.0191, 1311.93, -111.885, 2917.67, 96.9446, 0.480606, -150.522, 1.62331, 154.957, 2.87305, -1.24656
2422, 40.35833, 68.2808, -77.4306, 1309.19, -112.089, 2910.49, 96.6402, 0.478401, -150.887, 1.62205, 154.755, 2.86897, -1.54195
2422, 40.36667, 68.0394, -77.8404, 1306.43, -112.293, 2903.28, 96.3371, 0.476196, -151.251, 1.62075, 154.553, 2.86484, -1.83602
2423, 40.37500, 67.7977, -78.2482, 1303.66, -112.495, 2896.02, 96.0354, 0.473993, -151.613, 1.61943, 154.353, 2.86066, -2.12868
2423, 40.38333, 67.5558, -78.6542, 1300.88, -112.696, 2888.73, 95.7351, 0.471791, -151.974, 1.61809, 154.153, 2.85642, -2.41997
2424, 40.39167, 67.3136, -79.0585, 1298.08, -112.896, 2881.39, 95.4362, 0.469591, -152.333, 1.61671, 153.954, 2.85213, -2.70991
2424, 40.40000, 67.0713, -79.4608, 1295.26, -113.095, 2874.02, 95.1387, 0.467392, -152.691, 1.6153, 153.756, 2.84779, -2.99843
2425, 40.40833, 66.8288, -79.8613, 1292.43, -113.292, 2866.61, 94.8426, 0.465196, -153.047, 1.61387, 153.559, 2.8434, -3.28557
2425, 40.41667, 66.5861, -80.26, 1289.59, -113.489, 2859.16, 94.5479, 0.463001, -153.401, 1.61242, 153.364, 2.83896, -3.57134
2426, 40.42500, 66.3434, -80.6568, 1286.74, -113.685, 2851.68, 94.2547, 0.46081, -153.754, 1.61093, 153.169, 2.83448, -3.85568
2426, 40.43333, 66.1005, -81.0518, 1283.88, -113.88, 2844.17, 93.9628, 0.458621, -154.106, 1.60943, 152.975, 2.82994, -4.13862
2427, 40.44167, 65.8576, -81.4449, 1281, -114.074, 2836.62, 93.6724, 0.456434, -154.456, 1.60789, 152.782, 2.82536, -4.42018
2427, 40.45000, 65.6147, -81.8362, 1278.12, -114.266, 2829.05, 93.3834, 0.454251, -154.804, 1.60634, 152.59, 2.82074, -4.7003
2428, 40.45833, 65.3718, -82.2256, 1275.22, -114.458, 2821.44, 93.0959, 0.452072, -155.151, 1.60476, 152.399, 2.81607, -4.97901
2428, 40.46667, 65.1288, -82.6131, 1272.31, -114.648, 2813.81, 92.8097, 0.449895, -155.496, 1.60315, 152.209, 2.81137, -5.25634
2429, 40.47500, 64.886, -82.9988, 1269.39, -114.838, 2806.15, 92.5251, 0.447723, -155.84, 1.60153, 152.02, 2.80662, -5.53222
2429, 40.48333, 64.6432, -83.3826, 1266.47, -115.026, 2798.47, 92.2418, 0.445554, -156.182, 1.59988, 151.832, 2.80183, -5.80668
2430, 40.49167, 64.4005, -83.7646, 1263.53, -115.213, 2790.76, 91.96, 0.44339, -156.523, 1.59821, 151.645, 2.797, -6.07975
2430, 40.50000, 64.158, -84.1446, 1260.59, -115.399, 2783.04, 91.6796, 0.44123, -156.862, 1.59652, 151.459, 2.79214, -6.35137
2431, 40.50833, 63.9156, -84.5228, 1257.64, -115.585, 2775.28, 91.4007, 0.439074, -157.199, 1.59481, 151.274, 2.78724, -6.62156
2431, 40.51667, 63.6734, -84.8992, 1254.68, -115.769, 2767.51, 91.1232, 0.436922, -157.535, 1.59308, 151.09, 2.78231, -6.89036
2432, 40.52500, 63.4314, -85.2737, 1251.71, -115.951, 2759.72, 90.8472, 0.434776, -157.87, 1.59133, 150.908, 2.77734, -7.1577
2432, 40.53333, 63.1896, -85.6463, 1248.74, -116.133, 2751.91, 90.5726, 0.432634, -158.202, 1.58956, 150.726, 2.77234, -7.42362
2433, 40.54167, 62.948, -86.0171, 1245.76, -116.314, 2744.09, 90.2994, 0.430498, -158.534, 1.58777, 150.545, 2.7673, -7.68814
2433, 40.55000, 62.7067, -86.3859, 1242.78, -116.494, 2736.24, 90.0277, 0.428367, -158.863, 1.58596, 150.365, 2.76224, -7.95121
2434, 40.55833, 62.4657, -86.7529, 1239.79, -116.672, 2728.39, 89.7574, 0.426241, -159.191, 1.58414, 150.186, 2.75714, -8.21284
2434, 40.56667, 62.225, -87.1181, 1236.79, -116.85, 2720.52, 89.4886, 0.424121, -159.518, 1.5823, 150.009, 2.75202, -8.47309
2435, 40.57500, 61.9846, -87.4814, 1233.79, -117.026, 2712.63, 89.2212, 0.422006, -159.843, 1.58044, 149.832, 2.74687, -8.73187
2435, 40.58333, 61.7446, -87.8428, 1230.79, -117.201, 2704.74, 88.9553, 0.419898, -160.166, 1.57856, 149.656, 2.74169, -8.98924
2436, 40.59167, 61.5049, -88.2024, 1227.78, -117.376, 2696.83, 88.6908, 0.417795, -160.488, 1.57667, 149.482, 2.73649, -9.24521
2436, 40.60000, 61.2657, -88.5601, 1224.77, -117.549, 2688.92, 88.4277, 0.415699, -160.809, 1.57477, 149.308, 2.73126, -9.49973
2437, 40.60833, 61.0268, -88.916, 1221.75, -117.721, 2680.99, 88.1661, 0.413608, -161.127, 1.57285, 149.135, 2.72601, -9.75283
2437, 40.61667, 60.7884, -89.27, 1218.73, -117.892, 2673.06, 87.9059, 0.411524, -161.445, 1.57091, 148.964, 2.72073, -10.0045
2438, 40.62500, 60.5504, -89.6222, 1215.71, -118.061, 2665.12, 87.6471, 0.409447, -161.76, 1.56897, 148.793, 2.71543, -10.2548
2438, 40.63333, 60.3128, -89.9725, 1212.69, -118.23, 2657.18, 87.3898, 0.407376, -162.074, 1.567, 148.624, 2.71011, -10.5037
2439, 40.64167, 60.0758, -90.321, 1209.66, -118.398, 2649.23, 87.1339, 0.405312, -162.387, 1.56503, 148.455, 2.70478, -10.7511
2439, 40.65000, 59.8392, -90.6676, 1206.64, -118.565, 2641.27, 86.8795, 0.403255, -162.698, 1.56304, 148.288, 2.69942, -10.9972
2439, 40.65833, 59.6032, -91.0124, 1203.61, -118.73, 2633.32, 86.6264, 0.401205, -163.007, 1.56104, 148.121, 2.69404, -11.2418
2440, 40.66667, 59.3676, -91.3554, 1200.58, -118.895, 2625.36, 86.3748, 0.399162, -163.315, 1.55903, 147.956, 2.68865, -11.485
2441, 40.67500, 59.1327, -91.6966, 1197.55, -119.058, 2617.4, 86.1246, 0.397126, -163.622, 1.557, 147.792, 2.68324, -11.7268
2441, 40.68333, 58.8982, -92.0359, 1194.52, -119.22, 2609.43, 85.8758, 0.395097, -163.927, 1.55497, 147.628, 2.67781, -11.9673
2442, 40.69167, 58.6644, -92.3734, 1191.49, -119.381, 2601.47, 85.6284, 0.393075, -164.23, 1.55292, 147.466, 2.67237, -12.2063
2442, 40.70000, 58.4311, -92.7091, 1188.46, -119.542, 2593.51, 85.3825, 0.391062, -164.532, 1.55087, 147.305, 2.66691, -12.444
2443, 40.70833, 58.1985, -93.043, 1185.43, -119.701, 2585.55, 85.1379, 0.389055, -164.832, 1.5488, 147.144, 2.66144, -12.6802
2443, 40.71667, 57.9664, -93.3751, 1182.41, -119.859, 2577.6, 84.8947, 0.387056, -165.131, 1.54673, 146.985, 2.65596, -12.9151
2443, 40.72500, 57.735, -93.7054, 1179.38, -120.016, 2569.65, 84.653, 0.385065, -165.428, 1.54464, 146.827, 2.65047, -13.1486
2444, 40.73333, 57.5042, -94.0339, 1176.35, -120.172, 2561.7, 84.4126, 0.383082, -165.724, 1.54255, 146.67, 2.64496, -13.3807
2445, 40.74167, 57.2741, -94.3606, 1173.33, -120.327, 2553.75, 84.1736, 0.381107, -166.018, 1.54045, 146.513, 2.63944, -13.6115
2445, 40.75000, 57.0446, -94.6855, 1170.31, -120.48, 2545.82, 83.936, 0.379139, -166.311, 1.53834, 146.358, 2.63392, -13.8409
2446, 40.75833, 56.8158, -95.0086, 1167.29, -120.633, 2537.88, 83.6998, 0.37718, -166.603, 1.53622, 146.204, 2.62839, -14.0689
2446, 40.76667, 56.5877, -95.33, 1164.27, -120.785, 2529.96, 83.4649, 0.375228, -166.892, 1.5341, 146.051, 2.62284, -14.2956
2447, 40.77500, 56.3603, -95.6496, 1161.26, -120.936, 2522.04, 83.2314, 0.373285, -167.181, 1.53197, 145.898, 2.61729, -14.5209
2447, 40.78333, 56.1336, -95.9674, 1158.25, -121.085, 2514.13, 82.9993, 0.37135, -167.468, 1.52983, 145.747, 2.61174, -14.7448
2447, 40.79167, 55.9076, -96.2835, 1155.24, -121.234, 2506.23, 82.7686, 0.369423, -167.753, 1.52769, 145.597, 2.60617, -14.9675
2448, 40.80000, 55.6824, -96.5978, 1152.23, -121.382, 2498.34, 82.5392, 0.367505, -168.037, 1.52554, 145.447, 2.60061, -15.1887
2449, 40.80833, 55.4579, -96.9103, 1149.23, -121.528, 2490.46, 82.3111, 0.365595, -168.32, 1.52338, 145.299, 2.59503, -15.4087
2449, 40.81667, 55.2341, -97.2212, 1146.23, -121.674, 2482.59, 82.0844, 0.363693, -168.601, 1.52122, 145.152, 2.58946, -15.6273
2450, 40.82500, 55.0111, -97.5303, 1143.24, -121.818, 2474.73, 81.859, 0.3618, -168.88, 1.51905, 145.005, 2.58388, -15.8446
2450, 40.83333, 54.7889, -97.8376, 1140.25, -121.962, 2466.88, 81.635, 0.359915, -169.159, 1.51688, 144.86, 2.57829, -16.0606
2451, 40.84167, 54.5674, -98.1433, 1137.26, -122.105, 2459.05, 81.4123, 0.358039, -169.435, 1.51471, 144.716, 2.57271, -16.2753
2451, 40.85000, 54.3467, -98.4472, 1134.28, -122.246, 2451.23, 81.1909, 0.356171, -169.711, 1.51253, 144.572, 2.56712, -16.4886
2451, 40.85833, 54.1268, -98.7495, 1131.31, -122.387, 2443.42, 80.9709, 0.354312, -169.985, 1.51034, 144.43, 2.56153, -16.7007
2452, 40.86667, 53.9077, -99.05, 1128.34, -122.526, 2435.62, 80.7521, 0.352462, -170.257, 1.50816, 144.288, 2.55594, -16.9115
2453, 40.87500, 53.6894, -99.3488, 1125.37, -122.665, 2427.84, 80.5347, 0.35062, -170.528, 1.50597, 144.148, 2.55035, -17.121
2453, 40.88333, 53.4719, -99.646, 1122.41, -122.802, 2420.08, 80.3185, 0.348787, -170.798, 1.50377, 144.008, 2.54476, -17.3292
2454, 40.89167, 53.2552, -99.9415, 1119.46, -122.939, 2412.32, 80.1036, 0.346963, -171.066, 1.50158, 143.869, 2.53917, -17.5361
2454, 40.90000, 53.0394, -100.235, 1116.51, -123.075, 2404.59, 79.8901, 0.345147, -171.333, 1.49938, 143.732, 2.53358, -17.7417
2455, 40.90833, 52.8244, -100.527, 1113.57, -123.21, 2396.87, 79.6778, 0.343341, -171.599, 1.49718, 143.595, 2.528, -17.9461
2455, 40.91667, 52.6102, -100.818, 1110.63, -123.343, 2389.17, 79.4668, 0.341543, -171.863, 1.49497, 143.459, 2.52241, -18.1493
2455, 40.92500, 52.3968, -101.107, 1107.7, -123.476, 2381.48, 79.257, 0.339754, -172.126, 1.49277, 143.324, 2.51683, -18.3511
2456, 40.93333, 52.1843, -101.394, 1104.77, -123.608, 2373.82, 79.0486, 0.337974, -172.387, 1.49056, 143.19, 2.51126, -18.5518
2457, 40.94167, 51.9727, -101.679, 1101.85, -123.739, 2366.17, 78.8413, 0.336202, -172.647, 1.48836, 143.057, 2.50569, -18.7512
2457, 40.95000, 51.7619, -101.963, 1098.94, -123.869, 2358.54, 78.6353, 0.33444, -172.906, 1.48615, 142.924, 2.50012, -18.9493
2458, 40.95833, 51.5519, -102.245, 1096.04, -123.998, 2350.92, 78.4306, 0.332687, -173.163, 1.48394, 142.793, 2.49455, -19.1463
2458, 40.96667, 51.3428, -102.526, 1093.14, -124.126, 2343.33, 78.2271, 0.330942, -173.419, 1.48173, 142.663, 2.489, -19.342
2459, 40.97500, 51.1346, -102.805, 1090.25, -124.253, 2335.75, 78.0248, 0.329206, -173.674, 1.47952, 142.533, 2.48344, -19.5365
2459, 40.98333, 50.9273, -103.083, 1087.37, -124.379, 2328.2, 77.8238, 0.32748, -173.928, 1.47731, 142.405, 2.4779, -19.7298
2459, 40.99167, 50.7208, -103.359, 1084.49, -124.505, 2320.66, 77.624, 0.325762, -174.18, 1.4751, 142.277, 2.47236, -19.9219
2460, 41.00000, 50.5152, -103.633, 1081.62, -124.629, 2313.15, 77.4254, 0.324053, -174.43, 1.47289, 142.15, 2.46682, -20.1128
2461, 41.00833, 50.3105, -103.905, 1078.76, -124.753, 2305.66, 77.228, 0.322353, -174.68, 1.47068, 142.024, 2.4613, -20.3025
2461, 41.01667, 50.1066, -104.177, 1075.9, -124.876, 2298.18, 77.0317, 0.320662, -174.928, 1.46847, 141.899, 2.45578, -20.491
2462, 41.02500, 49.9037, -104.446, 1073.06, -124.997, 2290.73, 76.8367, 0.31898, -175.175, 1.46626, 141.775, 2.45027, -20.6783
2462, 41.03333, 49.7016, -104.714, 1070.22, -125.118, 2283.3, 76.6429, 0.317306, -175.421, 1.46405, 141.651, 2.44476, -20.8645
2463, 41.04167, 49.5004, -104.981, 1067.39, -125.238, 2275.89, 76.4502, 0.315642, -175.665, 1.46184, 141.529, 2.43927, -21.0496
2463, 41.05000, 49.3001, -105.245, 1064.56, -125.357, 2268.5, 76.2587, 0.313987, -175.908, 1.45964, 141.407, 2.43378, -21.2334
2463, 41.05833, 49.1007, -105.509, 1061.75, -125.476, 2261.14, 76.0684, 0.31234, -176.15, 1.45743, 141.286, 2.42831, -21.4161
2464, 41.06667, 48.9022, -105.771, 1058.94, -125.593, 2253.8, 75.8792, 0.310703, -176.391, 1.45523, 141.166, 2.42284, -21.5977
2465, 41.07500, 48.7046, -106.031, 1056.14, -125.71, 2246.48, 75.6912, 0.309074, -176.63, 1.45303, 141.047, 2.41739, -21.7781
2465, 41.08333, 48.5079, -106.29, 1053.35, -125.825, 2239.18, 75.5044, 0.307454, -176.868, 1.45083, 140.929, 2.41194, -21.9574
2466, 41.09167, 48.312, -106.547, 1050.57, -125.94, 2231.91, 75.3186, 0.305843, -177.105, 1.44864, 140.811, 2.4065, -22.1357
2466, 41.10000, 48.1171, -106.803, 1047.8, -126.054, 2224.66, 75.134, 0.304241, -177.34, 1.44644, 140.694, 2.40108, -22.3127
2467, 41.10833, 47.9231, -107.057, 1045.03, -126.167, 2217.43, 74.9506, 0.302648, -177.575, 1.44425, 140.578, 2.39566, -22.4887
2467, 41.11667, 47.73, -107.31, 1042.28, -126.28, 2210.23, 74.7682, 0.301063, -177.808, 1.44207, 140.463, 2.39026, -22.6636
2467, 41.12500, 47.5378, -107.561, 1039.53, -126.391, 2203.05, 74.5869, 0.299488, -178.04, 1.43988, 140.349, 2.38487, -22.8373
2468, 41.13333, 47.3464, -107.811, 1036.79, -126.502, 2195.89, 74.4068, 0.297921, -178.271, 1.4377, 140.236, 2.37949, -23.01
2469, 41.14167, 47.156, -108.06, 1034.06, -126.612, 2188.76, 74.2277, 0.296363, -178.501, 1.43552, 140.123, 2.37412, -23.1816
2469, 41.15000, 46.9665, -108.307, 1031.34, -126.721, 2181.65, 74.0498, 0.294813, -178.729, 1.43334, 140.011, 2.36877, -23.3521
2470, 41.15833, 46.7778, -108.552, 1028.63, -126.83, 2174.57, 73.8729, 0.293273, -178.956, 1.43117, 139.9, 2.36342, -23.5216
2470, 41.16667, 46.5901, -108.796, 1025.93, -126.937, 2167.51, 73.6971, 0.291741, -179.183, 1.429, 139.79, 2.35809, -23.69
2471, 41.17500, 46.4033, -109.039, 1023.23, -127.044, 2160.48, 73.5224, 0.290218, -179.408, 1.42683, 139.68, 2.35278, -23.8574
2471, 41.18333, 46.2173, -109.28, 1020.55, -127.15, 2153.47, 73.3487, 0.288703, -179.631, 1.42467, 139.571, 2.34747, -24.0236
2471, 41.19167, 46.0323, -109.52, 1017.87, -127.255, 2146.49, 73.1761, 0.287197, -179.854, 1.42251, 139.463, 2.34218, -24.1889
2472, 41.20000, 45.8481, -109.758, 1015.2, -127.359, 2139.53, 73.0045, 0.2857, 179.924, 1.42036, 139.356, 2.33691, -24.3531
2473, 41.20833, 45.6649, -109.995, 1012.55, -127.463, 2132.6, 72.834, 0.284211, 179.704, 1.4182, 139.249, 2.33164, -24.5163
2473, 41.21667, 45.4825, -110.231, 1009.9, -127.566, 2125.69, 72.6645, 0.282731, 179.485, 1.41606, 139.144, 2.32639, -24.6785
2474, 41.22500, 45.3011, -110.465, 1007.26, -127.668, 2118.81, 72.4961, 0.281259, 179.266, 1.41392, 139.039, 2.32116, -24.8397
2474, 41.23333, 45.1205, -110.698, 1004.63, -127.77, 2111.96, 72.3286, 0.279796, 179.049, 1.41178, 138.934, 2.31594, -24.9998
2475, 41.24167, 44.9408, -110.93, 1002.01, -127.87, 2105.13, 72.1622, 0.278341, 178.833, 1.40964, 138.831, 2.31073, -25.159
2475, 41.25000, 44.762, -111.16, 999.397, -127.97, 2098.32, 71.9968, 0.276895, 178.618, 1.40751, 138.728, 2.30554, -25.3171
2475, 41.25833, 44.5841, -111.389, 996.795, -128.069, 2091.54, 71.8324, 0.275457, 178.405, 1.40539, 138.626, 2.30036, -25.4743
2476, 41.26667, 44.4071, -111.616, 994.203, -128.168, 2084.79, 71.669, 0.274028, 178.192, 1.40327, 138.524, 2.2952, -25.6305
2477, 41.27500, 44.231, -111.842, 991.62, -128.266, 2078.06, 71.5066, 0.272607, 177.98, 1.40115, 138.424, 2.29005, -25.7857
2477, 41.28333, 44.0557, -112.067, 989.047, -128.363, 2071.36, 71.3452, 0.271194, 177.77, 1.39904, 138.324, 2.28492, -25.94
2478, 41.29167, 43.8813, -112.29, 986.482, -128.459, 2064.68, 71.1847, 0.269789, 177.56, 1.39694, 138.224, 2.2798, -26.0933
2478, 41.30000, 43.7078, -112.513, 983.928, -128.555, 2058.04, 71.0252, 0.268393, 177.352, 1.39484, 138.126, 2.2747, -26.2456
2479, 41.30833, 43.5352, -112.733, 981.383, -128.65, 2051.41, 70.8667, 0.267005, 177.144, 1.39274, 138.028, 2.26961, -26.397
2479, 41.31667, 43.3634, -112.953, 978.847, -128.744, 2044.81, 70.7091, 0.265625, 176.938, 1.39065, 137.931, 2.26454, -26.5474
2479, 41.32500, 43.1926, -113.171, 976.322, -128.837, 2038.24, 70.5525, 0.264253, 176.733, 1.38857, 137.834, 2.25949, -26.6969
2480, 41.33333, 43.0226, -113.388, 973.805, -128.93, 2031.7, 70.3968, 0.26289, 176.528, 1.38649, 137.738, 2.25445, -26.8455
2481, 41.34167, 42.8534, -113.604, 971.298, -129.022, 2025.18, 70.2421, 0.261534, 176.325, 1.38441, 137.643, 2.24942, -26.9931
2481, 41.35000, 42.6851, -113.818, 968.801, -129.114, 2018.69, 70.0883, 0.260187, 176.123, 1.38234, 137.548, 2.24442, -27.1399
2482, 41.35833, 42.5177, -114.031, 966.314, -129.205, 2012.22, 69.9354, 0.258847, 175.921, 1.38028, 137.454, 2.23943, -27.2857
2482, 41.36667, 42.3511, -114.243, 963.835, -129.295, 2005.78, 69.7834, 0.257516, 175.721, 1.37822, 137.361, 2.23445, -27.4306
2483, 41.37500, 42.1854, -114.454, 961.367, -129.384, 1999.37, 69.6324, 0.256192, 175.522, 1.37617, 137.269, 2.22949, -27.5746
2483, 41.38333, 42.0206, -114.663, 958.908, -129.473, 1992.98, 69.4823, 0.254877, 175.324, 1.37412, 137.177, 2.22455, -27.7178
2483, 41.39167, 41.8565, -114.871, 956.458, -129.562, 1986.62, 69.333, 0.253569, 175.126, 1.37208, 137.085, 2.21963, -27.86
2484, 41.40000, 41.6934, -115.078, 954.019, -129.649, 1980.29, 69.1847, 0.252269, 174.93, 1.37005, 136.995, 2.21472, -28.0014
2485, 41.40833, 41.5311, -115.284, 951.589, -129.736, 1973.98, 69.0372, 0.250977, 174.734, 1.36802, 136.905, 2.20983, -28.1419
2485, 41.41667, 41.3696, -115.488, 949.168, -129.823, 1967.7, 68.8906, 0.249692, 174.54, 1.366, 136.815, 2.20495, -28.2815
2486, 41.42500, 41.2089, -115.692, 946.757, -129.908, 1961.44, 68.7449, 0.248416, 174.347, 1.36398, 136.726, 2.20009, -28.4203
2486, 41.43333, 41.0491, -115.894, 944.355, -129.993, 1955.21, 68.6001, 0.247147, 174.154, 1.36197, 136.638, 2.19525, -28.5582
2487, 41.44167, 40.8901, -116.095, 941.963, -130.078, 1949.01, 68.4562, 0.245885, 173.962, 1.35996, 136.551, 2.19042, -28.6953
2487, 41.45000, 40.732, -116.294, 939.581, -130.162, 1942.83, 68.313, 0.244632, 173.772, 1.35796, 136.464, 2.18562, -28.8315
2487, 41.45833, 40.5747, -116.493, 937.208, -130.245, 1936.68, 68.1708, 0.243385, 173.582, 1.35597, 136.377, 2.18083, -28.9668
2488, 41.46667, 40.4182, -116.69, 934.844, -130.328, 1930.55, 68.0294, 0.242147, 173.393, 1.35398, 136.292, 2.17605, -29.1014
2489, 41.47500, 40.2625, -116.886, 932.491, -130.41, 1924.46, 67.8888, 0.240915, 173.205, 1.352, 136.206, 2.17129, -29.2351
2489, 41.48333, 40.1076, -117.081, 930.146, -130.491, 1918.38, 67.7491, 0.239692, 173.018, 1.35002, 136.122, 2.16655, -29.368
2490, 41.49167, 39.9536, -117.275, 927.811, -130.572, 1912.34, 67.6102, 0.238475, 172.832, 1.34806, 136.038, 2.16183, -29.5001
2490, 41.50000, 39.8003, -117.468, 925.486, -130.652, 1906.32, 67.4721, 0.237266, 172.647, 1.34609, 135.954, 2.15712, -29.6314
2491, 41.50833, 39.6479, -117.659, 923.17, -130.732, 1900.32, 67.3348, 0.236065, 172.463, 1.34414, 135.871, 2.15244, -29.7619
2491, 41.51667, 39.4962, -117.849, 920.864, -130.811, 1894.35, 67.1983, 0.23487, 172.279, 1.34219, 135.789, 2.14776, -29.8916
2491, 41.52500, 39.3454, -118.039, 918.567, -130.89, 1888.41, 67.0627, 0.233683, 172.097, 1.34024, 135.707, 2.14311, -30.0205
2492, 41.53333, 39.1953, -118.227, 916.279, -130.968, 1882.49, 66.9278, 0.232503, 171.915, 1.33831, 135.626, 2.13847, -30.1486
2493, 41.54167, 39.0461, -118.414, 914.001, -131.045, 1876.6, 66.7938, 0.23133, 171.734, 1.33638, 135.546, 2.13385, -30.2759
2493, 41.55000, 38.8976, -118.6, 911.732, -131.122, 1870.73, 66.6605, 0.230164, 171.554, 1.33445, 135.466, 2.12925, -30.4025
2494, 41.55833, 38.7499, -118.785, 909.472, -131.199, 1864.89, 66.528, 0.229006, 171.375, 1.33253, 135.386, 2.12467, -30.5282
2494, 41.56667, 38.603, -118.968, 907.222, -131.275, 1859.08, 66.3963, 0.227854, 171.197, 1.33062, 135.307, 2.1201, -30.6533
2495, 41.57500, 38.4569, -119.151, 904.981, -131.35, 1853.29, 66.2653, 0.22671, 171.02, 1.32872, 135.229, 2.11555, -30.7775
2495, 41.58333, 38.3115, -119.332, 902.75, -131.425, 1847.53, 66.1352, 0.225572, 170.843, 1.32682, 135.151, 2.11101, -30.901
2495, 41.59167, 38.1669, -119.513, 900.527, -131.499, 1841.79, 66.0057, 0.224441, 170.667, 1.32493, 135.073, 2.1065, -31.0238
2496, 41.60000, 38.0231, -119.692, 898.314, -131.573, 1836.08, 65.8771, 0.223318, 170.493, 1.32304, 134.997, 2.102, -31.1458
2497, 41.60833, 37.8801, -119.871, 896.11, -131.646, 1830.39, 65.7492, 0.222201, 170.318, 1.32116, 134.92, 2.09752, -31.2671
2497, 41.61667, 37.7378, -120.048, 893.916, -131.718, 1824.72, 65.622, 0.221091, 170.145, 1.31929, 134.844, 2.09305, -31.3877
2498, 41.62500, 37.5962, -120.224, 891.73, -131.791, 1819.09, 65.4956, 0.219987, 169.973, 1.31742, 134.769, 2.08861, -31.5075
2498, 41.63333, 37.4554, -120.399, 889.554, -131.862, 1813.48, 65.3699, 0.218891, 169.801, 1.31556, 134.694, 2.08418, -31.6266
2499, 41.64167, 37.3154, -120.573, 887.386, -131.933, 1807.89, 65.2449, 0.217801, 169.63, 1.31371, 134.62, 2.07976, -31.745
2499, 41.65000, 37.1761, -120.746, 885.228, -132.004, 1802.33, 65.1207, 0.216717, 169.46, 1.31186, 134.546, 2.07537, -31.8627
2499, 41.65833, 37.0375, -120.918, 883.079, -132.074, 1796.79, 64.9971, 0.215641, 169.291, 1.31003, 134.473, 2.07099, -31.9797
2500, 41.66667, 36.8997, -121.089, 880.939, -132.144, 1791.27, 64.8743, 0.21457, 169.122, 1.30819, 134.4, 2.06663, -32.096
2501, 41.67500, 36.7626, -121.259, 878.808, -132.213, 1785.79, 64.7522, 0.213507, 168.955, 1.30637, 134.328, 2.06229, -32.2116
2501, 41.68333, 36.6262, -121.428, 876.686, -132.282, 1780.32, 64.6308, 0.21245, 168.788, 1.30455, 134.256, 2.05796, -32.3265
2502, 41.69167, 36.4906, -121.596, 874.572, -132.35, 1774.88, 64.5101, 0.211399, 168.622, 1.30273, 134.185, 2.05365, -32.4407
2502, 41.70000, 36.3557, -121.763, 872.468, -132.417, 1769.47, 64.3901, 0.210355, 168.456, 1.30093, 134.114, 2.04936, -32.5543
2503, 41.70833, 36.2215, -121.929, 870.373, -132.485, 1764.08, 64.2708, 0.209317, 168.291, 1.29913, 134.044, 2.04508, -32.6671
2503, 41.71667, 36.088, -122.094, 868.286, -132.552, 1758.71, 64.1522, 0.208285, 168.128, 1.29733, 133.974, 2.04083, -32.7793
2503, 41.72500, 35.9552, -122.258, 866.209, -132.618, 1753.37, 64.0342, 0.20726, 167.964, 1.29555, 133.904, 2.03659, -32.8908
2504, 41.73333, 35.8231, -122.421, 864.14, -132.684, 1748.05, 63.9169, 0.206241, 167.802, 1.29377, 133.835, 2.03236, -33.0017
2505, 41.74167, 35.6917, -122.583, 862.079, -132.749, 1742.76, 63.8003, 0.205228, 167.64, 1.29199, 133.767, 2.02816, -33.1119
2505, 41.75000, 35.5611, -122.744, 860.028, -132.814, 1737.49, 63.6843, 0.204221, 167.479, 1.29023, 133.699, 2.02397, -33.2215
2506, 41.75833, 35.4311, -122.904, 857.985, -132.879, 1732.24, 63.5691, 0.20322, 167.319, 1.28847, 133.631, 2.01979, -33.3304
2506, 41.76667, 35.3018, -123.064, 855.951, -132.943, 1727.02, 63.4544, 0.202226, 167.159, 1.28671, 133.564, 2.01564, -33.4387
2507, 41.77500, 35.1732, -123.222, 853.926, -133.006, 1721.82, 63.3404, 0.201237, 167.001, 1.28496, 133.497, 2.0115, -33.5463
2507, 41.78333, 35.0453, -123.379, 851.909, -133.069, 1716.65, 63.2271, 0.200255, 166.842, 1.28322, 133.431, 2.00738, -33.6533
2508, 41.79167, 34.918, -123.535, 849.901, -133.132, 1711.5, 63.1144, 0.199279, 166.685, 1.28149, 133.365, 2.00327, -33.7597
2508, 41.80000, 34.7915, -123.691, 847.901, -133.195, 1706.37, 63.0023, 0.198308, 166.528, 1.27976, 133.299, 1.99918, -33.8655
2509, 41.80833, 34.6656, -123.845, 845.91, -133.256, 1701.26, 62.8909, 0.197343, 166.372, 1.27804, 133.234, 1.99511, -33.9706
2509, 41.81667, 34.5404, -123.999, 843.927, -133.318, 1696.18, 62.7801, 0.196385, 166.217, 1.27633, 133.17, 1.99106, -34.0751
2510, 41.82500, 34.4158, -124.151, 841.953, -133.379, 1691.12, 62.6699, 0.195432, 166.062, 1.27462, 133.106, 1.98702, -34.179
2510, 41.83333, 34.2919, -124.303, 839.987, -133.44, 1686.09, 62.5603, 0.194485, 165.908, 1.27292, 133.042, 1.983, -34.2824
2511, 41.84167, 34.1687, -124.454, 838.029, -133.5, 1681.07, 62.4513, 0.193543, 165.755, 1.27122, 132.979, 1.97899, -34.3851
2511, 41.85000, 34.0461, -124.604, 836.08, -133.56, 1676.08, 62.343, 0.192608, 165.603, 1.26954, 132.916, 1.97501, -34.4872
2512, 41.85833, 33.9242, -124.753, 834.139, -133.619, 1671.12, 62.2353, 0.191678, 165.451, 1.26786, 132.853, 1.97103, -34.5887
2512, 41.86667, 33.8029, -124.901, 832.206, -133.678, 1666.17, 62.1281, 0.190753, 165.299, 1.26618, 132.791, 1.96708, -34.6896
2513, 41.87500, 33.6822, -125.048, 830.281, -133.737, 1661.25, 62.0216, 0.189835, 165.149, 1.26451, 132.73, 1.96314, -34.79
2513, 41.88333, 33.5622, -125.194, 828.365, -133.795, 1656.35, 61.9156, 0.188921, 164.999, 1.26285, 132.668, 1.95922, -34.8898
2514, 41.89167, 33.4428, -125.34, 826.457, -133.853, 1651.47, 61.8103, 0.188014, 164.849, 1.2612, 132.607, 1.95531, -34.989
2514, 41.90000, 33.3241, -125.484, 824.557, -133.91, 1646.62, 61.7055, 0.187111, 164.701, 1.25955, 132.547, 1.95142, -35.0876
2515, 41.90833, 33.206, -125.628, 822.665, -133.967, 1641.78, 61.6013, 0.186215, 164.553, 1.2579, 132.487, 1.94755, -35.1856
2515, 41.91667, 33.0885, -125.771, 820.781, -134.024, 1636.97, 61.4977, 0.185323, 164.405, 1.25627, 132.427, 1.94369, -35.2832
2516, 41.92500, 32.9716, -125.913, 818.905, -134.08, 1632.18, 61.3946, 0.184438, 164.258, 1.25464, 132.368, 1.93985, -35.3801
2516, 41.93333, 32.8554, -126.054, 817.037, -134.136, 1627.42, 61.2921, 0.183557, 164.112, 1.25302, 132.309, 1.93602, -35.4765
2517, 41.94167, 32.7397, -126.194, 815.177, -134.192, 1622.67, 61.1902, 0.182682, 163.967, 1.2514, 132.25, 1.93221, -35.5723
2517, 41.95000, 32.6247, -126.333, 813.325, -134.247, 1617.95, 61.0888, 0.181812, 163.822, 1.24979, 132.192, 1.92842, -35.6676
2518, 41.95833, 32.5103, -126.472, 811.481, -134.302, 1613.24, 60.988, 0.180947, 163.677, 1.24819, 132.134, 1.92464, -35.7623
2518, 41.96667, 32.3964, -126.61, 809.644, -134.356, 1608.56, 60.8877, 0.180088, 163.534, 1.24659, 132.077, 1.92088, -35.8565
2519, 41.97500, 32.2832, -126.747, 807.816, -134.41, 1603.9, 60.788, 0.179233, 163.391, 1.245, 132.02, 1.91714, -35.9502
2519, 41.98333, 32.1706, -126.883, 805.995, -134.464, 1599.27, 60.6889, 0.178384, 163.248, 1.24341, 131.963, 1.91341, -36.0434
2520, 41.99167, 32.0585, -127.018, 804.182, -134.517, 1594.65, 60.5902, 0.17754, 163.106, 1.24183, 131.907, 1.90969, -36.136
2520, 42.00000, 31.9471, -127.152, 802.376, -134.57, 1590.05, 60.4922, 0.176701, 162.965, 1.24026, 131.851, 1.90599, -36.2281
2521, 42.00833, 31.8362, -127.286, 800.578, -134.623, 1585.48, 60.3946, 0.175867, 162.824, 1.2387, 131.795, 1.90231, -36.3196
2521, 42.01667, 31.7259, -127.419, 798.788, -134.675, 1580.92, 60.2976, 0.175038, 162.684, 1.23714, 131.74, 1.89864, -36.4107
2522, 42.02500, 31.6162, -127.551, 797.005, -134.727, 1576.39, 60.2011, 0.174214, 162.544, 1.23558, 131.685, 1.89499, -36.5012
2522, 42.03333, 31.5071, -127.682, 795.23, -134.779, 1571.88, 60.1051, 0.173395, 162.405, 1.23404, 131.63, 1.89136, -36.5913
2523, 42.04167, 31.3985, -127.812, 793.463, -134.83, 1567.38, 60.0096, 0.172581, 162.267, 1.23249, 131.576, 1.88773, -36.6808
2523, 42.05000, 31.2906, -127.942, 791.703, -134.881, 1562.91, 59.9146, 0.171771, 162.129, 1.23096, 131.522, 1.88413, -36.7698
2524, 42.05833, 31.1831, -128.071, 789.95, -134.932, 1558.46, 59.8202, 0.170967, 161.992, 1.22943, 131.468, 1.88054, -36.8583
2524, 42.06667, 31.0763, -128.199, 788.205, -134.982, 1554.03, 59.7263, 0.170167, 161.855, 1.22791, 131.415, 1.87696, -36.9464
2525, 42.07500, 30.9699, -128.326, 786.467, -135.032, 1549.62, 59.6328, 0.169372, 161.719, 1.22639, 131.362, 1.8734, -37.0339
2525, 42.08333, 30.8642, -128.452, 784.736, -135.082, 1545.23, 59.5399, 0.168582, 161.583, 1.22488, 131.309, 1.86986, -37.121
2526, 42.09167, 30.759, -128.578, 783.013, -135.131, 1540.86, 59.4474, 0.167797, 161.448, 1.22338, 131.257, 1.86633, -37.2076
2526, 42.10000, 30.6543, -128.703, 781.297, -135.18, 1536.51, 59.3555, 0.167016, 161.314, 1.22188, 131.205, 1.86281, -37.2937
2527, 42.10833, 30.5502, -128.827, 779.588, -135.229, 1532.17, 59.264, 0.16624, 161.18, 1.22039, 131.154, 1.85931, -37.3793
2527, 42.11667, 30.4466, -128.951, 777.886, -135.277, 1527.86, 59.1731, 0.165468, 161.046, 1.2189, 131.102, 1.85583, -37.4644
2528, 42.12500, 30.3436, -129.073, 776.192, -135.325, 1523.57, 59.0826, 0.164701, 160.913, 1.21742, 131.051, 1.85236, -37.5491
2528, 42.13333, 30.2411, -129.195, 774.504, -135.373, 1519.3, 58.9926, 0.163939, 160.781, 1.21595, 131, 1.8489, -37.6333
2529, 42.14167, 30.1391, -129.316, 772.824, -135.42, 1515.04, 58.903, 0.163181, 160.649, 1.21448, 130.95, 1.84546, -37.717
2529, 42.15000, 30.0377, -129.437, 771.151, -135.468, 1510.81, 58.814, 0.162428, 160.518, 1.21302, 130.9, 1.84203, -37.8003
2530, 42.15833, 29.9368, -129.556, 769.484, -135.515, 1506.59, 58.7254, 0.161679, 160.387, 1.21157, 130.85, 1.83862, -37.8831
2530, 42.16667, 29.8364, -129.675, 767.825, -135.561, 1502.4, 58.6372, 0.160934, 160.257, 1.21012, 130.801, 1.83522, -37.9655
2531, 42.17500, 29.7365, -129.794, 766.173, -135.607, 1498.22, 58.5496, 0.160194, 160.127, 1.20867, 130.752, 1.83184, -38.0474
2531, 42.18333, 29.6371, -129.911, 764.527, -135.653, 1494.06, 58.4624, 0.159459, 159.998, 1.20723, 130.703, 1.82847, -38.1289
2532, 42.19167, 29.5383, -130.028, 762.888, -135.699, 1489.92, 58.3756, 0.158727, 159.869, 1.2058, 130.654, 1.82512, -38.21
2532, 42.20000, 29.4399, -130.144, 761.257, -135.744, 1485.8, 58.2893, 0.158, 159.74, 1.20438, 130.606, 1.82178, -38.2905
2533, 42.20833, 29.3421, -130.259, 759.632, -135.79, 1481.7, 58.2035, 0.157277, 159.613, 1.20296, 130.558, 1.81845, -38.3707
2533, 42.21667, 29.2447, -130.374, 758.013, -135.834, 1477.62, 58.1181, 0.156559, 159.485, 1.20154, 130.51, 1.81514, -38.4504
2534, 42.22500, 29.1479, -130.488, 756.402, -135.879, 1473.55, 58.0331, 0.155844, 159.359, 1.20013, 130.463, 1.81184, -38.5297
2534, 42.23333, 29.0516, -130.601, 754.797, -135.923, 1469.51, 57.9486, 0.155134, 159.232, 1.19873, 130.416, 1.80856, -38.6086
2535, 42.24167, 28.9557, -130.714, 753.199, -135.967, 1465.48, 57.8645, 0.154428, 159.106, 1.19733, 130.369, 1.80529, -38.687
2535, 42.25000, 28.8604, -130.825, 751.607, -136.011, 1461.47, 57.7808, 0.153726, 158.981, 1.19594, 130.322, 1.80204, -38.765
2536, 42.25833, 28.7655, -130.936, 750.022, -136.055, 1457.47, 57.6976, 0.153029, 158.856, 1.19456, 130.276, 1.79879, -38.8426
2536, 42.26667, 28.6711, -131.047, 748.444, -136.098, 1453.5, 57.6148, 0.152335, 158.732, 1.19318, 130.23, 1.79557, -38.9198
2537, 42.27500, 28.5772, -131.157, 746.872, -136.141, 1449.54, 57.5325, 0.151645, 158.608, 1.1918, 130.184, 1.79235, -38.9965
2537, 42.28333, 28.4838, -131.266, 745.307, -136.183, 1445.6, 57.4505, 0.15096, 158.485, 1.19043, 130.139, 1.78915, -39.0729
2538, 42.29167, 28.3908, -131.374, 743.747, -136.226, 1441.68, 57.369, 0.150278, 158.362, 1.18907, 130.094, 1.78596, -39.1488
2538, 42.30000, 28.2983, -131.482, 742.195, -136.268, 1437.78, 57.2879, 0.149601, 158.239, 1.18771, 130.049, 1.78279, -39.2243
2539, 42.30833, 28.2063, -131.589, 740.649, -136.31, 1433.89, 57.2072, 0.148927, 158.117, 1.18636, 130.004, 1.77963, -39.2995
2539, 42.31667, 28.1148, -131.695, 739.109, -136.351, 1430.02, 57.1269, 0.148257, 157.995, 1.18501, 129.96, 1.77648, -39.3742
2540, 42.32500, 28.0237, -131.801, 737.575, -136.393, 1426.17, 57.0471, 0.147591, 157.874, 1.18367, 129.916, 1.77335, -39.4485
2540, 42.33333, 27.9331, -131.906, 736.048, -136.434, 1422.34, 56.9676, 0.146929, 157.754, 1.18234, 129.872, 1.77023, -39.5225
2541, 42.34167, 27.8429, -132.01, 734.527, -136.475, 1418.52, 56.8885, 0.146271, 157.633, 1.18101, 129.828, 1.76712, -39.596
2541, 42.35000, 27.7532, -132.114, 733.012, -136.515, 1414.72, 56.8099, 0.145617, 157.513, 1.17968, 129.785, 1.76403, -39.6692
2542, 42.35833, 27.6639, -132.217, 731.504, -136.556, 1410.94, 56.7316, 0.144966, 157.394, 1.17836, 129.742, 1.76095, -39.742
2542, 42.36667, 27.5751, -132.319, 730.001, -136.596, 1407.17, 56.6538, 0.144319, 157.275, 1.17705, 129.699, 1.75788, -39.8144
2543, 42.37500, 27.4868, -132.421, 728.505, -136.636, 1403.42, 56.5763, 0.143676, 157.157, 1.17574, 129.656, 1.75483, -39.8864
2543, 42.38333, 27.3988, -132.522, 727.015, -136.675, 1399.69, 56.4992, 0.143037, 157.039, 1.17444, 129.614, 1.75179, -39.958
2544, 42.39167, 27.3114, -132.623, 725.53, -136.715, 1395.97, 56.4225, 0.142401, 156.921, 1.17314, 129.572, 1.74876, -40.0293
2544, 42.40000, 27.2243, -132.723, 724.052, -136.754, 1392.27, 56.3462, 0.141769, 156.804, 1.17185, 129.53, 1.74574, -40.1001
2545, 42.40833, 27.1377, -132.822, 722.58, -136.793, 1388.59, 56.2702, 0.141141, 156.687, 1.17056, 129.488, 1.74274, -40.1706
2545, 42.41667, 27.0516, -132.92, 721.114, -136.832, 1384.92, 56.1947, 0.140516, 156.571, 1.16928, 129.447, 1.73975, -40.2408
2546, 42.42500, 26.9658, -133.018, 719.654, -136.87, 1381.27, 56.1195, 0.139895, 156.455, 1.16801, 129.406, 1.73677, -40.3106
2546, 42.43333, 26.8805, -133.116, 718.199, -136.908, 1377.63, 56.0447, 0.139277, 156.339, 1.16674, 129.365, 1.73381, -40.38
2547, 42.44167, 26.7956, -133.212, 716.751, -136.946, 1374.01, 55.9703, 0.138663, 156.224, 1.16547, 129.324, 1.73086, -40.4491
2547, 42.45000, 26.7112, -133.308, 715.308, -136.984, 1370.41, 55.8962, 0.138052, 156.109, 1.16421, 129.284, 1.72792, -40.5177
2548, 42.45833, 26.6271, -133.404, 713.871, -137.022, 1366.82, 55.8225, 0.137445, 155.995, 1.16296, 129.244, 1.72499, -40.5861
2548, 42.46667, 26.5435, -133.499, 712.44, -137.059, 1363.25, 55.7492, 0.136841, 155.881, 1.16171, 129.204, 1.72207, -40.6541
2549, 42.47500, 26.4603, -133.593, 711.015, -137.096, 1359.69, 55.6762, 0.136241, 155.768, 1.16046, 129.164, 1.71917, -40.7217
2549, 42.48333, 26.3775, -133.687, 709.595, -137.133, 1356.15, 55.6036, 0.135644, 155.655, 1.15922, 129.124, 1.71628, -40.789
2550, 42.49167, 26.2951, -133.78, 708.181, -137.17, 1352.63, 55.5313, 0.135051, 155.542, 1.15799, 129.085, 1.7134, -40.856
2550, 42.50000, 26.2131, -133.872, 706.772, -137.206, 1349.12, 55.4594, 0.134461, 155.43, 1.15676, 129.046, 1.71053, -40.9226
2551, 42.50833, 26.1315, -133.964, 705.37, -137.243, 1345.62, 55.3879, 0.133874, 155.318, 1.15553, 129.007, 1.70768, -40.9888
2551, 42.51667, 26.0504, -134.055, 703.973, -137.279, 1342.15, 55.3167, 0.13329, 155.206, 1.15431, 128.968, 1.70484, -41.0547
2552, 42.52500, 25.9696, -134.146, 702.581, -137.315, 1338.68, 55.2458, 0.13271, 155.095, 1.1531, 128.93, 1.70201, -41.1203
2552, 42.53333, 25.8892, -134.236, 701.195, -137.35, 1335.23, 55.1753, 0.132133, 154.984, 1.15189, 128.892, 1.69919, -41.1856
2553, 42.54167, 25.8092, -134.326, 699.814, -137.386, 1331.8, 55.1051, 0.13156, 154.874, 1.15068, 128.854, 1.69638, -41.2505
2553, 42.55000, 25.7296, -134.414, 698.439, -137.421, 1328.38, 55.0353, 0.130989, 154.764, 1.14948, 128.816, 1.69359, -41.3151
2554, 42.55833, 25.6504, -134.503, 697.07, -137.456, 1324.98, 54.9658, 0.130422, 154.654, 1.14829, 128.778, 1.6908, -41.3794
2554, 42.56667, 25.5716, -134.591, 695.705, -137.491, 1321.59, 54.8967, 0.129858, 154.545, 1.1471, 128.741, 1.68803, -41.4433
2555, 42.57500, 25.4932, -134.678, 694.346, -137.525, 1318.21, 54.8279, 0.129298, 154.436, 1.14591, 128.704, 1.68527, -41.5069
2555, 42.58333, 25.4151, -134.764, 692.993, -137.56, 1314.85, 54.7594, 0.12874, 154.328, 1.14473, 128.667, 1.68253, -41.5702
2556, 42.59167, 25.3375, -134.85, 691.645, -137.594, 1311.51, 54.6912, 0.128185, 154.219, 1.14356, 128.63, 1.67979, -41.6332
2556, 42.60000, 25.2602, -134.936, 690.302, -137.628, 1308.18, 54.6234, 0.127634, 154.112, 1.14239, 128.594, 1.67706, -41.6958
2557, 42.60833, 25.1833, -135.021, 688.964, -137.662, 1304.86, 54.5559, 0.127086, 154.004, 1.14122, 128.557, 1.67435, -41.7582
2557, 42.61667, 25.1067, -135.105, 687.631, -137.696, 1301.56, 54.4887, 0.12654, 153.897, 1.14006, 128.521, 1.67165, -41.8202
2558, 42.62500, 25.0305, -135.189, 686.304, -137.729, 1298.27, 54.4219, 0.125998, 153.79, 1.13891, 128.485, 1.66895, -41.8819
2558, 42.63333, 24.9547, -135.272, 684.982, -137.762, 1295, 54.3553, 0.125459, 153.684, 1.13776, 128.449, 1.66627, -41.9433
2559, 42.64167, 24.8793, -135.355, 683.665, -137.795, 1291.74, 54.2891, 0.124923, 153.578, 1.13661, 128.414, 1.66361, -42.0044
2559, 42.65000, 24.8042, -135.437, 682.354, -137.828, 1288.49, 54.2232, 0.124389, 153.472, 1.13547, 128.378, 1.66095, -42.0652
2560, 42.65833, 24.7295, -135.519, 681.047, -137.861, 1285.26, 54.1576, 0.123859, 153.367, 1.13433, 128.343, 1.6583, -42.1257
2560, 42.66667, 24.6552, -135.6, 679.745, -137.894, 1282.04, 54.0923, 0.123332, 153.262, 1.1332, 128.308, 1.65566, -42.1859
2561, 42.67500, 24.5812, -135.68, 678.449, -137.926, 1278.84, 54.0273, 0.122807, 153.158, 1.13207, 128.274, 1.65304, -42.2458
2561, 42.68333, 24.5076, -135.76, 677.157, -137.958, 1275.65, 53.9627, 0.122286, 153.053, 1.13095, 128.239, 1.65043, -42.3054
2562, 42.69167, 24.4343, -135.839, 675.871, -137.99, 1272.47, 53.8983, 0.121767, 152.949, 1.12983, 128.204, 1.64782, -42.3647
2562, 42.70000, 24.3613, -135.918, 674.589, -138.022, 1269.31, 53.8342, 0.121251, 152.846, 1.12871, 128.17, 1.64523, -42.4237
2563, 42.70833, 24.2888, -135.997, 673.313, -138.054, 1266.16, 53.7705, 0.120738, 152.742, 1.1276, 128.136, 1.64265, -42.4825
2563, 42.71667, 24.2165, -136.075, 672.041, -138.085, 1263.02, 53.707, 0.120228, 152.64, 1.1265, 128.102, 1.64008, -42.5409
2564, 42.72500, 24.1446, -136.152, 670.774, -138.116, 1259.9, 53.6439, 0.119721, 152.537, 1.1254, 128.069, 1.63752, -42.599
2564, 42.73333, 24.0731, -136.229, 669.512, -138.147, 1256.79, 53.581, 0.119216, 152.435, 1.1243, 128.035, 1.63497, -42.6569
2564, 42.74167, 24.0019, -136.305, 668.255, -138.178, 1253.69, 53.5184, 0.118714, 152.333, 1.12321, 128.002, 1.63243, -42.7145
2565, 42.75000, 23.931, -136.381, 667.002, -138.209, 1250.61, 53.4561, 0.118215, 152.231, 1.12212, 127.969, 1.6299, -42.7718
2566, 42.75833, 23.8605, -136.456, 665.755, -138.24, 1247.54, 53.3941, 0.117719, 152.13, 1.12104, 127.936, 1.62738, -42.8288
2566, 42.76667, 23.7903, -136.531, 664.512, -138.27, 1244.48, 53.3324, 0.117225, 152.029, 1.11996, 127.903, 1.62487, -42.8856
2567, 42.77500, 23.7204, -136.605, 663.274, -138.3, 1241.43, 53.271, 0.116735, 151.928, 1.11889, 127.87, 1.62238, -42.942
2567, 42.78333, 23.6509, -136.678, 662.04, -138.331, 1238.4, 53.2099, 0.116246, 151.828, 1.11782, 127.838, 1.61989, -42.9982
2568, 42.79167, 23.5817, -136.752, 660.812, -138.36, 1235.38, 53.149, 0.115761, 151.728, 1.11675, 127.806, 1.61741, -43.0541
2568, 42.80000, 23.5128, -136.824, 659.587, -138.39, 1232.38, 53.0885, 0.115278, 151.628, 1.11569, 127.773, 1.61494, -43.1098
2568, 42.80833, 23.4442, -136.896, 658.368, -138.42, 1229.38, 53.0282, 0.114798, 151.528, 1.11464, 127.741, 1.61249, -43.1652
2569, 42.81667, 23.376, -136.968, 657.153, -138.449, 1226.4, 52.9682, 0.11432, 151.429, 1.11358, 127.71, 1.61004, -43.2203
2570, 42.82500, 23.3081, -137.039, 655.943, -138.479, 1223.43, 52.9084, 0.113845, 151.33, 1.11254, 127.678, 1.6076, -43.2751
2570, 42.83333, 23.2405, -137.11, 654.737, -138.508, 1220.47, 52.8489, 0.113372, 151.232, 1.11149, 127.647, 1.60518, -43.3297
2571, 42.84167, 23.1732, -137.18, 653.536, -138.537, 1217.53, 52.7897, 0.112902, 151.134, 1.11045, 127.615, 1.60276, -43.384
2571, 42.85000, 23.1062, -137.25, 652.339, -138.566, 1214.6, 52.7308, 0.112435, 151.036, 1.10942, 127.584, 1.60035, -43.4381
2572, 42.85833, 23.0396, -137.319, 651.147, -138.594, 1211.68, 52.6722, 0.11197, 150.938, 1.10839, 127.553, 1.59796, -43.4919
2572, 42.86667, 22.9732, -137.388, 649.959, -138.623, 1208.77, 52.6138, 0.111507, 150.841, 1.10736, 127.522, 1.59557, -43.5454
2572, 42.87500, 22.9072, -137.456, 648.776, -138.651, 1205.88, 52.5557, 0.111047, 150.744, 1.10634, 127.492, 1.59319, -43.5987
2573, 42.88333, 22.8415, -137.523, 647.597, -138.679, 1202.99, 52.4978, 0.11059, 150.647, 1.10532, 127.461, 1.59082, -43.6518
2574, 42.89167, 22.7761, -137.591, 646.422, -138.708, 1200.12, 52.4402, 0.110135, 150.551, 1.1043, 127.431, 1.58846, -43.7046
2574, 42.90000, 22.711, -137.657, 645.252, -138.735, 1197.26, 52.3829, 0.109682, 150.454, 1.10329, 127.401, 1.58612, -43.7571
2575, 42.90833, 22.6461, -137.724, 644.086, -138.763, 1194.41, 52.3258, 0.109232, 150.358, 1.10228, 127.371, 1.58378, -43.8094
2575, 42.91667, 22.5816, -137.79, 642.924, -138.791, 1191.58, 52.2689, 0.108784, 150.263, 1.10128, 127.341, 1.58145, -43.8614
2576, 42.92500, 22.5174, -137.855, 641.767, -138.818, 1188.75, 52.2124, 0.108339, 150.167, 1.10028, 127.311, 1.57913, -43.9132
2576, 42.93333, 22.4535, -137.92, 640.614, -138.846, 1185.94, 52.1561, 0.107896, 150.072, 1.09929, 127.282, 1.57682, -43.9648
2576, 42.94167, 22.3899, -137.984, 639.465, -138.873, 1183.14, 52.1, 0.107455, 149.978, 1.0983, 127.252, 1.57451, -44.0161
2577, 42.95000, 22.3265, -138.048, 638.321, -138.9, 1180.35, 52.0442, 0.107017, 149.883, 1.09731, 127.223, 1.57222, -44.0671
2578, 42.95833, 22.2635, -138.111, 637.181, -138.927, 1177.57, 51.9886, 0.106581, 149.789, 1.09633, 127.194, 1.56994, -44.118
2578, 42.96667, 22.2007, -138.174, 636.044, -138.954, 1174.8, 51.9333, 0.106147, 149.695, 1.09535, 127.165, 1.56766, -44.1686
2579, 42.97500, 22.1383, -138.237, 634.912, -138.98, 1172.04, 51.8782, 0.105716, 149.601, 1.09438, 127.136, 1.5654, -44.2189
2579, 42.98333, 22.0761, -138.299, 633.785, -139.007, 1169.3, 51.8234, 0.105286, 149.508, 1.09341, 127.107, 1.56314, -44.269
2580, 42.99167, 22.0142, -138.361, 632.661, -139.033, 1166.57, 51.7688, 0.10486, 149.415, 1.09244, 127.079, 1.5609, -44.3189
2580, 43.00000, 21.9526, -138.422, 631.541, -139.059, 1163.84, 51.7145, 0.104435, 149.322, 1.09148, 127.05, 1.55866, -44.3686
2580, 43.00833, 21.8913, -138.483, 630.426, -139.086, 1161.13, 51.6604, 0.104013, 149.229, 1.09052, 127.022, 1.55643, -44.418
2581, 43.01667, 21.8302, -138.543, 629.314, -139.112, 1158.43, 51.6065, 0.103592, 149.137, 1.08956, 126.994, 1.55421, -44.4672
2582, 43.02500, 21.7694, -138.603, 628.206, -139.137, 1155.74, 51.5529, 0.103174, 149.045, 1.08861, 126.966, 1.552, -44.5161
2582, 43.03333, 21.709, -138.662, 627.103, -139.163, 1153.06, 51.4995, 0.102759, 148.953, 1.08766, 126.938, 1.5498, -44.5649
2583, 43.04167, 21.6487, -138.721, 626.003, -139.189, 1150.4, 51.4464, 0.102345, 148.861, 1.08672, 126.91, 1.54761, -44.6134
2583, 43.05000, 21.5888, -138.779, 624.908, -139.214, 1147.74, 51.3935, 0.101934, 148.77, 1.08578, 126.883, 1.54542, -44.6617
2584, 43.05833, 21.5291, -138.837, 623.816, -139.239, 1145.09, 51.3408, 0.101524, 148.679, 1.08484, 126.855, 1.54325, -44.7097
2584, 43.06667, 21.4697, -138.895, 622.728, -139.265, 1142.46, 51.2883, 0.101117, 148.588, 1.08391, 126.828, 1.54108, -44.7576
2584, 43.07500, 21.4105, -138.952, 621.645, -139.29, 1139.83, 51.2361, 0.100712, 148.498, 1.08298, 126.801, 1.53892, -44.8052
2585, 43.08333, 21.3517, -139.009, 620.565, -139.315, 1137.22, 51.1841, 0.100309, 148.407, 1.08206, 126.774, 1.53677, -44.8526
2586, 43.09167, 21.2931, -139.065, 619.488, -139.339, 1134.61, 51.1323, 0.0999086, 148.317, 1.08114, 126.747, 1.53463, -44.8998
2586, 43.10000, 21.2347, -139.121, 618.416, -139.364, 1132.02, 51.0807, 0.0995099, 148.227, 1.08022, 126.72, 1.5325, -44.9468
2587, 43.10833, 21.1766, -139.176, 617.348, -139.389, 1129.44, 51.0294, 0.0991133, 148.138, 1.0793, 126.694, 1.53037, -44.9936
2587, 43.11667, 21.1188, -139.231, 616.283, -139.413, 1126.86, 50.9783, 0.0987186, 148.048, 1.07839, 126.667, 1.52826, -45.0401
2588, 43.12500, 21.0612, -139.286, 615.222, -139.437, 1124.3, 50.9274, 0.0983261, 147.959, 1.07749, 126.641, 1.52615, -45.0865
2588, 43.13333, 21.0039, -139.34, 614.165, -139.462, 1121.75, 50.8768, 0.0979355, 147.87, 1.07658, 126.614, 1.52405, -45.1326
2588, 43.14167, 20.9469, -139.394, 613.112, -139.486, 1119.21, 50.8263, 0.097547, 147.782, 1.07568, 126.588, 1.52196, -45.1785
2589, 43.15000, 20.8901, -139.447, 612.062, -139.51, 1116.68, 50.7761, 0.0971605, 147.693, 1.07479, 126.562, 1.51988, -45.2242
2590, 43.15833, 20.8335, -139.5, 611.016, -139.533, 1114.15, 50.7261, 0.096776, 147.605, 1.07389, 126.536, 1.5178, -45.2697
2590, 43.16667, 20.7772, -139.552, 609.974, -139.557, 1111.64, 50.6763, 0.0963934, 147.517, 1.07301, 126.511, 1.51574, -45.315
2591, 43.17500, 20.7212, -139.604, 608.935, -139.581, 1109.14, 50.6267, 0.0960128, 147.43, 1.07212, 126.485, 1.51368, -45.3601
2591, 43.18333, 20.6654, -139.656, 607.9, -139.604, 1106.65, 50.5773, 0.0956342, 147.342, 1.07124, 126.46, 1.51163, -45.405
2592, 43.19167, 20.6098, -139.707, 606.869, -139.628, 1104.16, 50.5281, 0.0952574, 147.255, 1.07036, 126.434, 1.50959, -45.4497
2592, 43.20000, 20.5545, -139.758, 605.841, -139.651, 1101.69, 50.4792, 0.0948827, 147.168, 1.06948, 126.409, 1.50755, -45.4942
2592, 43.20833, 20.4995, -139.808, 604.817, -139.674, 1099.23, 50.4304, 0.0945098, 147.081, 1.06861, 126.384, 1.50553, -45.5385
2593, 43.21667, 20.4447, -139.858, 603.796, -139.697, 1096.77, 50.3819, 0.0941388, 146.995, 1.06774, 126.359, 1.50351, -45.5826
2594, 43.22500, 20.3901, -139.908, 602.779, -139.72, 1094.33, 50.3335, 0.0937697, 146.908, 1.06688, 126.334, 1.5015, -45.6265
2594, 43.23333, 20.3357, -139.957, 601.766, -139.743, 1091.9, 50.2854, 0.0934025, 146.822, 1.06602, 126.309, 1.4995, -45.6702
2595, 43.24167, 20.2816, -140.006, 600.756, -139.766, 1089.47, 50.2375, 0.0930372, 146.736, 1.06516, 126.284, 1.4975, -45.7137
2595, 43.25000, 20.2278, -140.054, 599.749, -139.788, 1087.06, 50.1898, 0.0926737, 146.65, 1.06431, 126.26, 1.49552, -45.757
2596, 43.25833, 20.1742, -140.102, 598.746, -139.811, 1084.65, 50.1422, 0.0923121, 146.565, 1.06345, 126.235, 1.49354, -45.8001
2596, 43.26667, 20.1208, -140.149, 597.746, -139.833, 1082.25, 50.0949, 0.0919522, 146.48, 1.06261, 126.211, 1.49157, -45.8431
2596, 43.27500, 20.0676, -140.196, 596.75, -139.855, 1079.87, 50.0478, 0.0915942, 146.395, 1.06176, 126.187, 1.4896, -45.8858
2597, 43.28333, 20.0147, -140.243, 595.758, -139.877, 1077.49, 50.0008, 0.091238, 146.31, 1.06092, 126.163, 1.48765, -45.9284
2598, 43.29167, 19.962, -140.29, 594.768, -139.9, 1075.12, 49.9541, 0.0908836, 146.225, 1.06008, 126.139, 1.4857, -45.9707
2598, 43.30000, 19.9095, -140.335, 593.782, -139.921, 1072.76, 49.9076, 0.090531, 146.141, 1.05925, 126.115, 1.48376, -46.0129
2599, 43.30833, 19.8573, -140.381, 592.8, -139.943, 1070.41, 49.8612, 0.0901802, 146.057, 1.05842, 126.091, 1.48182, -46.0549
2599, 43.31667, 19.8053, -140.426, 591.82, -139.965, 1068.07, 49.8151, 0.0898311, 145.973, 1.05759, 126.067, 1.4799, -46.0967
2600, 43.32500, 19.7535, -140.471, 590.844, -139.987, 1065.74, 49.7691, 0.0894837, 145.889, 1.05676, 126.044, 1.47798, -46.1384
2600, 43.33333, 19.7019, -140.515, 589.872, -140.008, 1063.41, 49.7233, 0.0891381, 145.805, 1.05594, 126.02, 1.47607, -46.1798
2600, 43.34167, 19.6506, -140.559, 588.903, -140.03, 1061.1, 49.6777, 0.0887942, 145.722, 1.05512, 125.997, 1.47417, -46.2211
2601, 43.35000, 19.5995, -140.603, 587.937, -140.051, 1058.79, 49.6324, 0.0884521, 145.639, 1.05431, 125.974, 1.47227, -46.2622
2602, 43.35833, 19.5486, -140.646, 586.974, -140.072, 1056.5, 49.5872, 0.0881117, 145.556, 1.05349, 125.951, 1.47038, -46.3031
2602, 43.36667, 19.4979, -140.689, 586.014, -140.093, 1054.21, 49.5421, 0.0877729, 145.473, 1.05269, 125.928, 1.4685, -46.3438
2603, 43.37500, 19.4474, -140.732, 585.058, -140.114, 1051.93, 49.4973, 0.0874358, 145.39, 1.05188, 125.905, 1.46662, -46.3844
2603, 43.38333, 19.3972, -140.774, 584.105, -140.135, 1049.66, 49.4526, 0.0871004, 145.308, 1.05108, 125.882, 1.46476, -46.4248
2604, 43.39167, 19.3471, -140.815, 583.155, -140.156, 1047.4, 49.4082, 0.0867667, 145.226, 1.05028, 125.859, 1.4629, -46.465
2604, 43.40000, 19.2973, -140.857, 582.208, -140.177, 1045.14, 49.3639, 0.0864346, 145.144, 1.04948, 125.837, 1.46104, -46.505
2604, 43.40833, 19.2477, -140.898, 581.265, -140.198, 1042.9, 49.3198, 0.0861042, 145.062, 1.04869, 125.814, 1.4592, -46.5449
2605, 43.41667, 19.1983, -140.938, 580.325, -140.218, 1040.66, 49.2759, 0.0857754, 144.98, 1.0479, 125.792, 1.45736, -46.5846
2606, 43.42500, 19.1491, -140.978, 579.387, -140.239, 1038.43, 49.2321, 0.0854482, 144.899, 1.04711, 125.77, 1.45553, -46.6241
2606, 43.43333, 19.1002, -141.018, 578.453, -140.259, 1036.21, 49.1885, 0.0851226, 144.818, 1.04632, 125.747, 1.4537, -46.6634
2607, 43.44167, 19.0514, -141.058, 577.522, -140.279, 1034, 49.1452, 0.0847986, 144.737, 1.04554, 125.725, 1.45188, -46.7026
2607, 43.45000, 19.0029, -141.097, 576.594, -140.299, 1031.8, 49.1019, 0.0844763, 144.656, 1.04476, 125.703, 1.45007, -46.7416
2608, 43.45833, 18.9545, -141.136, 575.67, -140.32, 1029.61, 49.0589, 0.0841555, 144.575, 1.04399, 125.681, 1.44827, -46.7805
2608, 43.46667, 18.9064, -141.174, 574.748, -140.34, 1027.42, 49.016, 0.0838362, 144.495, 1.04322, 125.66, 1.44647, -46.8191
2608, 43.47500, 18.8584, -141.212, 573.829, -140.359, 1025.24, 48.9733, 0.0835186, 144.414, 1.04245, 125.638, 1.44468, -46.8577
2609, 43.48333, 18.8107, -141.25, 572.913, -140.379, 1023.07, 48.9308, 0.0832025, 144.334, 1.04168, 125.616, 1.4429, -46.896
2610, 43.49167, 18.7631, -141.287, 572.001, -140.399, 1020.91, 48.8885, 0.0828879, 144.254, 1.04092, 125.595, 1.44112, -46.9342
2610, 43.50000, 18.7158, -141.324, 571.091, -140.419, 1018.76, 48.8463, 0.0825749, 144.174, 1.04016, 125.573, 1.43935, -46.9722
2611, 43.50833, 18.6687, -141.361, 570.184, -140.438, 1016.61, 48.8043, 0.0822634, 144.095, 1.0394, 125.552, 1.43759, -47.0101
2611, 43.51667, 18.6217, -141.397, 569.28, -140.458, 1014.47, 48.7624, 0.0819533, 144.015, 1.03864, 125.531, 1.43583, -47.0478
2612, 43.52500, 18.575, -141.433, 568.38, -140.477, 1012.35, 48.7208, 0.0816449, 143.936, 1.03789, 125.51, 1.43408, -47.0854
2612, 43.53333, 18.5284, -141.468, 567.482, -140.496, 1010.22, 48.6792, 0.0813379, 143.857, 1.03714, 125.489, 1.43233, -47.1227
2612, 43.54167, 18.4821, -141.503, 566.587, -140.516, 1008.11, 48.6379, 0.0810324, 143.778, 1.0364, 125.468, 1.4306, -47.16
2613, 43.55000, 18.4359, -141.538, 565.695, -140.535, 1006, 48.5967, 0.0807283, 143.699, 1.03566, 125.447, 1.42887, -47.1971
2614, 43.55833, 18.3899, -141.573, 564.806, -140.554, 1003.91, 48.5557, 0.0804258, 143.621, 1.03491, 125.426, 1.42714, -47.234
2614, 43.56667, 18.3442, -141.607, 563.919, -140.573, 1001.82, 48.5149, 0.0801247, 143.543, 1.03418, 125.405, 1.42542, -47.2708
2615, 43.57500, 18.2986, -141.641, 563.036, -140.592, 999.733, 48.4742, 0.079825, 143.464, 1.03344, 125.385, 1.42371, -47.3074
2615, 43.58333, 18.2532, -141.674, 562.155, -140.61, 997.658, 48.4336, 0.0795268, 143.386, 1.03271, 125.364, 1.42201, -47.3438
2616, 43.59167, 18.208, -141.707, 561.278, -140.629, 995.59, 48.3933, 0.07923, 143.308, 1.03198, 125.344, 1.42031, -47.3801
2616, 43.60000, 18.163, -141.74, 560.403, -140.648, 993.531, 48.3531, 0.0789347, 143.231, 1.03126, 125.323, 1.41862, -47.4163
2616, 43.60833, 18.1181, -141.772, 559.531, -140.666, 991.479, 48.313, 0.0786408, 143.153, 1.03053, 125.303, 1.41693, -47.4523
2617, 43.61667, 18.0735, -141.804, 558.661, -140.685, 989.434, 48.2731, 0.0783482, 143.076, 1.02981, 125.283, 1.41525, -47.4882
2618, 43.62500, 18.029, -141.836, 557.795, -140.703, 987.397, 48.2334, 0.0780571, 142.998, 1.02909, 125.263, 1.41358, -47.5239
2618, 43.63333, 17.9847, -141.867, 556.931, -140.721, 985.367, 48.1938, 0.0777673, 142.921, 1.02838, 125.243, 1.41191, -47.5594
2619, 43.64167, 17.9406, -141.898, 556.07, -140.739, 983.344, 48.1544, 0.077479, 142.844, 1.02767, 125.223, 1.41025, -47.5949
2619, 43.65000, 17.8967, -141.929, 555.212, -140.758, 981.33, 48.1151, 0.077192, 142.768, 1.02696, 125.203, 1.4086, -47.6301
2620, 43.65833, 17.853, -141.959, 554.356, -140.776, 979.322, 48.076, 0.0769064, 142.691, 1.02625, 125.184, 1.40695, -47.6652
2620, 43.66667, 17.8094, -141.989, 553.503, -140.794, 977.321, 48.037, 0.0766221, 142.615, 1.02554, 125.164, 1.4053, -47.7002
2620, 43.67500, 17.766, -142.019, 552.653, -140.811, 975.328, 47.9982, 0.0763392, 142.538, 1.02484, 125.144, 1.40367, -47.7351
2621, 43.68333, 17.7229, -142.049, 551.806, -140.829, 973.343, 47.9595, 0.0760576, 142.462, 1.02414, 125.125, 1.40204, -47.7698
2622, 43.69167, 17.6798, -142.078, 550.961, -140.847, 971.364, 47.921, 0.0757773, 142.386, 1.02345, 125.105, 1.40041, -47.8043
2622, 43.70000, 17.637, -142.106, 550.119, -140.865, 969.392, 47.8826, 0.0754984, 142.31, 1.02275, 125.086, 1.39879, -47.8387
2623, 43.70833, 17.5943, -142.135, 549.279, -140.882, 967.428, 47.8444, 0.0752208, 142.235, 1.02206, 125.067, 1.39718, -47.873
2623, 43.71667, 17.5518, -142.163, 548.442, -140.9, 965.471, 47.8063, 0.0749445, 142.159, 1.02137, 125.048, 1.39557, -47.9071
2624, 43.72500, 17.5095, -142.19, 547.608, -140.917, 963.52, 47.7684, 0.0746695, 142.084, 1.02069, 125.029, 1.39397, -47.9411
2624, 43.73333, 17.4673, -142.218, 546.776, -140.935, 961.577, 47.7306, 0.0743958, 142.008, 1.02, 125.01, 1.39238, -47.975
2624, 43.74167, 17.4253, -142.245, 545.947, -140.952, 959.641, 47.693, 0.0741234, 141.933, 1.01932, 124.991, 1.39079, -48.0087
2625, 43.75000, 17.3835, -142.272, 545.121, -140.969, 957.711, 47.6555, 0.0738522, 141.858, 1.01864, 124.972, 1.38921, -48.0423
2626, 43.75833, 17.3419, -142.298, 544.297, -140.986, 955.789, 47.6181, 0.0735824, 141.784, 1.01797, 124.953, 1.38763, -48.0757
2626, 43.76667, 17.3004, -142.324, 543.476, -141.003, 953.873, 47.5809, 0.0733137, 141.709, 1.0173, 124.934, 1.38606, -48.109
2627, 43.77500, 17.2591, -142.35, 542.657, -141.02, 951.964, 47.5439, 0.0730464, 141.634, 1.01662, 124.916, 1.38449, -48.1422
2627, 43.78333, 17.218, -142.375, 541.841, -141.037, 950.062, 47.507, 0.0727803, 141.56, 1.01596, 124.897, 1.38293, -48.1753
2628, 43.79167, 17.177, -142.401, 541.027, -141.054, 948.167, 47.4702, 0.0725154, 141.486, 1.01529, 124.879, 1.38138, -48.2082
2628, 43.80000, 17.1362, -142.425, 540.216, -141.071, 946.278, 47.4335, 0.0722517, 141.412, 1.01463, 124.86, 1.37983, -48.241
2628, 43.80833, 17.0955, -142.45, 539.407, -141.088, 944.396, 47.397, 0.0719893, 141.338, 1.01397, 124.842, 1.37828, -48.2736
2629, 43.81667, 17.055, -142.474, 538.601, -141.104, 942.521, 47.3607, 0.0717281, 141.264, 1.01331, 124.824, 1.37675, -48.3061
2630, 43.82500, 17.0147, -142.498, 537.797, -141.121, 940.653, 47.3244, 0.0714681, 141.19, 1.01265, 124.806, 1.37521, -48.3385
2630, 43.83333, 16.9745, -142.522, 536.996, -141.137, 938.791, 47.2884, 0.0712093, 141.117, 1.012, 124.788, 1.37369, -48.3708
2631, 43.84167, 16.9345, -142.545, 536.197, -141.154, 936.935, 47.2524, 0.0709517, 141.043, 1.01135, 124.77, 1.37217, -48.4029
2631, 43.85000, 16.8947, -142.568, 535.4, -141.17, 935.086, 47.2166, 0.0706953, 140.97, 1.0107, 124.752, 1.37065, -48.4349
2632, 43.85833, 16.855, -142.59, 534.606, -141.186, 933.244, 47.1809, 0.0704401, 140.897, 1.01005, 124.734, 1.36914, -48.4668
2632, 43.86667, 16.8155, -142.613, 533.815, -141.203, 931.408, 47.1454, 0.070186, 140.824, 1.00941, 124.716, 1.36764, -48.4985
2633, 43.87500, 16.7761, -142.635, 533.026, -141.219, 929.578, 47.1099, 0.0699331, 140.751, 1.00877, 124.698, 1.36614, -48.5301
2633, 43.88333, 16.7369, -142.657, 532.239, -141.235, 927.755, 47.0747, 0.0696814, 140.678, 1.00813, 124.681, 1.36464, -48.5616
2634, 43.89167, 16.6979, -142.678, 531.454, -141.251, 925.939, 47.0395, 0.0694308, 140.606, 1.00749, 124.663, 1.36316, -48.593
2634, 43.90000, 16.659, -142.699, 530.672, -141.267, 924.128, 47.0045, 0.0691814, 140.533, 1.00686, 124.646, 1.36167, -48.6243
2635, 43.90833, 16.6202, -142.72, 529.893, -141.283, 922.324, 46.9696, 0.0689331, 140.461, 1.00623, 124.628, 1.36019, -48.6554
2635, 43.91667, 16.5816, -142.741, 529.115, -141.299, 920.526, 46.9348, 0.0686859, 140.388, 1.0056, 124.611, 1.35872, -48.6864
2636, 43.92500, 16.5432, -142.761, 528.34, -141.314, 918.735, 46.9002, 0.0684399, 140.316, 1.00497, 124.594, 1.35725, -48.7173
2636, 43.93333, 16.5049, -142.781, 527.568, -141.33, 916.95, 46.8657, 0.068195, 140.244, 1.00435, 124.576, 1.35579, -48.748
2637, 43.94167, 16.4667, -142.8, 526.797, -141.346, 915.17, 46.8313, 0.0679512, 140.172, 1.00373, 124.559, 1.35434, -48.7787
2637, 43.95000, 16.4287, -142.82, 526.029, -141.361, 913.397, 46.7971, 0.0677085, 140.101, 1.00311, 124.542, 1.35288, -48.8092
2638, 43.95833, 16.3909, -142.839, 525.263, -141.377, 911.63, 46.763, 0.0674669, 140.029, 1.00249, 124.525, 1.35144, -48.8396
2638, 43.96667, 16.3532, -142.857, 524.5, -141.392, 909.87, 46.729, 0.0672264, 139.958, 1.00187, 124.508, 1.35, -48.8699
2639, 43.97500, 16.3157, -142.876, 523.738, -141.408, 908.115, 46.6951, 0.066987, 139.886, 1.00126, 124.491, 1.34856, -48.9
2639, 43.98333, 16.2783, -142.894, 522.979, -141.423, 906.366, 46.6614, 0.0667487, 139.815, 1.00065, 124.474, 1.34713, -48.9301
2640, 43.99167, 16.241, -142.912, 522.223, -141.438, 904.623, 46.6277, 0.0665114, 139.744, 1.00004, 124.458, 1.3457, -48.96
2640, 44.00000, 16.2039, -142.929, 521.468, -141.454, 902.887, 46.5942, 0.0662752, 139.673, 0.999434, 124.441, 1.34428, -48.9898
2641, 44.00833, 16.167, -142.947, 520.716, -141.469, 901.156, 46.5609, 0.0660401, 139.602, 0.99883, 124.424, 1.34287, -49.0195
2641, 44.01667, 16.1301, -142.964, 519.966, -141.484, 899.431, 46.5276, 0.065806, 139.531, 0.998228, 124.408, 1.34146, -49.0491
2642, 44.02500, 16.0935, -142.98, 519.218, -141.499, 897.712, 46.4945, 0.065573, 139.46, 0.997629, 124.391, 1.34005, -49.0786
2642, 44.03333, 16.0569, -142.997, 518.472, -141.514, 895.999, 46.4615, 0.065341, 139.39, 0.997031, 124.375, 1.33865, -49.108
2643, 44.04167, 16.0205, -143.013, 517.729, -141.529, 894.292, 46.4286, 0.0651101, 139.319, 0.996436, 124.358, 1.33725, -49.1372
2643, 44.05000, 15.9843, -143.029, 516.988, -141.544, 892.59, 46.3958, 0.0648802, 139.249, 0.995843, 124.342, 1.33586, -49.1663
2644, 44.05833, 15.9482, -143.044, 516.248, -141.558, 890.895, 46.3632, 0.0646513, 139.179, 0.995252, 124.326, 1.33448, -49.1954
2644, 44.06667, 15.9122, -143.059, 515.511, -141.573, 889.205, 46.3306, 0.0644235, 139.108, 0.994663, 124.31, 1.33309, -49.2243
2645, 44.07500, 15.8764, -143.074, 514.777, -141.588, 887.521, 46.2982, 0.0641966, 139.038, 0.994077, 124.293, 1.33172, -49.2531
2645, 44.08333, 15.8407, -143.089, 514.044, -141.602, 885.842, 46.2659, 0.0639708, 138.969, 0.993493, 124.277, 1.33035, -49.2818
2646, 44.09167, 15.8051, -143.103, 513.313, -141.617, 884.169, 46.2337, 0.0637459, 138.899, 0.99291, 124.261, 1.32898, -49.3103
2646, 44.10000, 15.7697, -143.118, 512.585, -141.631, 882.502, 46.2017, 0.0635221, 138.829, 0.99233, 124.245, 1.32762, -49.3388
2647, 44.10833, 15.7344, -143.131, 511.859, -141.646, 880.84, 46.1697, 0.0632993, 138.759, 0.991752, 124.23, 1.32626, -49.3672
2647, 44.11667, 15.6993, -143.145, 511.134, -141.66, 879.184, 46.1379, 0.0630774, 138.69, 0.991177, 124.214, 1.32491, -49.3954
2648, 44.12500, 15.6643, -143.158, 510.412, -141.675, 877.534, 46.1062, 0.0628565, 138.621, 0.990603, 124.198, 1.32356, -49.4236
2648, 44.13333, 15.6294, -143.171, 509.692, -141.689, 875.889, 46.0746, 0.0626366, 138.551, 0.990031, 124.182, 1.32222, -49.4516
2649, 44.14167, 15.5946, -143.184, 508.974, -141.703, 874.249, 46.0431, 0.0624177, 138.482, 0.989462, 124.167, 1.32088, -49.4796
2649, 44.15000, 15.56, -143.196, 508.258, -141.717, 872.615, 46.0117, 0.0621997, 138.413, 0.988894, 124.151, 1.31955, -49.5074
2650, 44.15833, 15.5256, -143.209, 507.544, -141.731, 870.987, 45.9804, 0.0619827, 138.344, 0.988329, 124.136, 1.31822, -49.5351
2650, 44.16667, 15.4912, -143.22, 506.832, -141.745, 869.364, 45.9492, 0.0617666, 138.275, 0.987766, 124.12, 1.31689, -49.5627
2651, 44.17500, 15.457, -143.232, 506.122, -141.759, 867.746, 45.9182, 0.0615515, 138.206, 0.987205, 124.105, 1.31557, -49.5903
2651, 44.18333, 15.4229, -143.243, 505.414, -141.773, 866.134, 45.8873, 0.0613373, 138.138, 0.986645, 124.089, 1.31426, -49.6177
2652, 44.19167, 15.3889, -143.255, 504.709, -141.787, 864.527, 45.8564, 0.0611241, 138.069, 0.986088, 124.074, 1.31295, -49.645
2652, 44.20000, 15.3551, -143.265, 504.005, -141.801, 862.925, 45.8257, 0.0609118, 138.001, 0.985533, 124.059, 1.31164, -49.6722
2653, 44.20833, 15.3214, -143.276, 503.303, -141.815, 861.329, 45.7951, 0.0607004, 137.932, 0.98498, 124.044, 1.31034, -49.6993
2653, 44.21667, 15.2878, -143.286, 502.603, -141.829, 859.738, 45.7646, 0.0604899, 137.864, 0.984429, 124.029, 1.30904, -49.7263
2654, 44.22500, 15.2544, -143.296, 501.905, -141.842, 858.152, 45.7342, 0.0602804, 137.796, 0.98388, 124.013, 1.30775, -49.7532
2654, 44.23333, 15.2211, -143.306, 501.209, -141.856, 856.572, 45.7039, 0.0600717, 137.728, 0.983333, 123.998, 1.30646, -49.78
2655, 44.24167, 15.1879, -143.315, 500.515, -141.869, 854.996, 45.6737, 0.059864, 137.66, 0.982788, 123.983, 1.30518, -49.8067
2655, 44.25000, 15.1548, -143.325, 499.823, -141.883, 853.426, 45.6437, 0.0596572, 137.592, 0.982245, 123.969, 1.3039, -49.8333
2656, 44.25833, 15.1219, -143.333, 499.133, -141.896, 851.861, 45.6137, 0.0594512, 137.524, 0.981704, 123.954, 1.30262, -49.8598
2656, 44.26667, 15.089, -143.342, 498.445, -141.91, 850.301, 45.5838, 0.0592461, 137.456, 0.981165, 123.939, 1.30135, -49.8863
2657, 44.27500, 15.0563, -143.351, 497.759, -141.923, 848.746, 45.5541, 0.059042, 137.388, 0.980628, 123.924, 1.30008, -49.9126
2657, 44.28333, 15.0238, -143.359, 497.075, -141.937, 847.196, 45.5244, 0.0588387, 137.321, 0.980092, 123.91, 1.29882, -49.9388
2658, 44.29167, 14.9913, -143.367, 496.392, -141.95, 845.652, 45.4949, 0.0586363, 137.253, 0.979559, 123.895, 1.29756, -49.9649
2658, 44.30000, 14.959, -143.374, 495.712, -141.963, 844.112, 45.4654, 0.0584347, 137.186, 0.979028, 123.88, 1.29631, -49.9909
2659, 44.30833, 14.9268, -143.382, 495.033, -141.976, 842.577, 45.4361, 0.058234, 137.119, 0.978499, 123.866, 1.29506, -50.0168
2659, 44.31667, 14.8947, -143.389, 494.356, -141.989, 841.048, 45.4068, 0.0580342, 137.052, 0.977971, 123.851, 1.29382, -50.0427
2660, 44.32500, 14.8627, -143.395, 493.682, -142.002, 839.523, 45.3777, 0.0578352, 136.984, 0.977445, 123.837, 1.29258, -50.0684
2660, 44.33333, 14.8308, -143.402, 493.009, -142.016, 838.003, 45.3486, 0.0576371, 136.917, 0.976922, 123.823, 1.29134, -50.0941
2661, 44.34167, 14.7991, -143.408, 492.337, -142.028, 836.488, 45.3197, 0.0574398, 136.85, 0.9764, 123.808, 1.29011, -50.1196
2661, 44.35000, 14.7675, -143.414, 491.668, -142.041, 834.978, 45.2908, 0.0572434, 136.784, 0.97588, 123.794, 1.28888, -50.1451
2662, 44.35833, 14.736, -143.42, 491.001, -142.054, 833.473, 45.2621, 0.0570478, 136.717, 0.975362, 123.78, 1.28766, -50.1704
2662, 44.36667, 14.7046, -143.426, 490.335, -142.067, 831.973, 45.2335, 0.056853, 136.65, 0.974846, 123.766, 1.28644, -50.1957
2663, 44.37500, 14.6733, -143.431, 489.671, -142.08, 830.478, 45.2049, 0.0566591, 136.584, 0.974332, 123.751, 1.28522, -50.2209
2663, 44.38333, 14.6422, -143.436, 489.009, -142.093, 828.987, 45.1765, 0.056466, 136.517, 0.973819, 123.737, 1.28401, -50.246
2664, 44.39167, 14.6111, -143.441, 488.349, -142.105, 827.501, 45.1481, 0.0562737, 136.451, 0.973309, 123.723, 1.2828, -50.271
2664, 44.40000, 14.5802, -143.445, 487.691, -142.118, 826.02, 45.1199, 0.0560822, 136.384, 0.9728, 123.709, 1.2816, -50.2959
2665, 44.40833, 14.5494, -143.45, 487.034, -142.131, 824.544, 45.0917, 0.0558915, 136.318, 0.972293, 123.696, 1.2804, -50.3207
2665, 44.41667, 14.5187, -143.454, 486.379, -142.143, 823.072, 45.0636, 0.0557016, 136.252, 0.971788, 123.682, 1.27921, -50.3454
2666, 44.42500, 14.4881, -143.457, 485.726, -142.156, 821.605, 45.0357, 0.0555125, 136.185, 0.971285, 123.668, 1.27801, -50.3701
2666, 44.43333, 14.4577, -143.461, 485.075, -142.168, 820.143, 45.0078, 0.0553243, 136.119, 0.970783, 123.654, 1.27683, -50.3946
2667, 44.44167, 14.4273, -143.464, 484.426, -142.181, 818.685, 44.98, 0.0551368, 136.053, 0.970284, 123.64, 1.27564, -50.4191
2667, 44.45000, 14.3971, -143.467, 483.778, -142.193, 817.232, 44.9524, 0.0549501, 135.987, 0.969786, 123.627, 1.27447, -50.4435
2668, 44.45833, 14.3669, -143.47, 483.132, -142.205, 815.784, 44.9248, 0.0547641, 135.922, 0.96929, 123.613, 1.27329, -50.4677
2668, 44.46667, 14.3369, -143.473, 482.487, -142.218, 814.34, 44.8973, 0.054579, 135.856, 0.968796, 123.6, 1.27212, -50.4919
2669, 44.47500, 14.307, -143.475, 481.845, -142.23, 812.901, 44.8699, 0.0543946, 135.79, 0.968303, 123.586, 1.27095, -50.5161
2669, 44.48333, 14.2772, -143.477, 481.204, -142.242, 811.466, 44.8426, 0.054211, 135.725, 0.967813, 123.573, 1.26979, -50.5401
2670, 44.49167, 14.2475, -143.479, 480.565, -142.254, 810.036, 44.8153, 0.0540282, 135.659, 0.967324, 123.559, 1.26863, -50.564
2670, 44.50000, 14.2179, -143.48, 479.928, -142.266, 808.611, 44.7882, 0.0538461, 135.594, 0.966836, 123.546, 1.26747, -50.5879
2671, 44.50833, 14.1884, -143.482, 479.292, -142.278, 807.189, 44.7612, 0.0536648, 135.528, 0.966351, 123.532, 1.26632, -50.6117
2671, 44.51667, 14.159, -143.483, 478.658, -142.29, 805.773, 44.7342, 0.0534842, 135.463, 0.965867, 123.519, 1.26517, -50.6353
2672, 44.52500, 14.1298, -143.483, 478.025, -142.302, 804.36, 44.7074, 0.0533044, 135.397, 0.965385, 123.506, 1.26403, -50.6589
2672, 44.53333, 14.1006, -143.484, 477.395, -142.314, 802.953, 44.6806, 0.0531253, 135.332, 0.964905, 123.493, 1.26289, -50.6825
2673, 44.54167, 14.0715, -143.484, 476.766, -142.326, 801.549, 44.654, 0.0529469, 135.267, 0.964427, 123.479, 1.26175, -50.7059
2673, 44.55000, 14.0426, -143.484, 476.138, -142.338, 800.15, 44.6274, 0.0527693, 135.202, 0.96395, 123.466, 1.26062, -50.7293
2674, 44.55833, 14.0138, -143.484, 475.513, -142.35, 798.755, 44.6009, 0.0525925, 135.137, 0.963475, 123.453, 1.25949, -50.7525
2674, 44.56667, 13.985, -143.484, 474.889, -142.361, 797.365, 44.5745, 0.0524163, 135.072, 0.963001, 123.44, 1.25837, -50.7757
2675, 44.57500, 13.9564, -143.483, 474.266, -142.373, 795.979, 44.5482, 0.0522409, 135.007, 0.96253, 123.427, 1.25724, -50.7988
2675, 44.58333, 13.9278, -143.482, 473.646, -142.385, 794.597, 44.5219, 0.0520662, 134.942, 0.96206, 123.414, 1.25613, -50.8219
2676, 44.59167, 13.8994, -143.481, 473.026, -142.396, 793.22, 44.4958, 0.0518922, 134.878, 0.961591, 123.402, 1.25501, -50.8448
2676, 44.60000, 13.8711, -143.48, 472.409, -142.408, 791.847, 44.4697, 0.051719, 134.813, 0.961125, 123.389, 1.2539, -50.8677
2677, 44.60833, 13.8428, -143.478, 471.793, -142.42, 790.478, 44.4438, 0.0515464, 134.748, 0.96066, 123.376, 1.2528, -50.8905
2677, 44.61667, 13.8147, -143.477, 471.179, -142.431, 789.113, 44.4179, 0.0513745, 134.684, 0.960196, 123.363, 1.25169, -50.9132
2678, 44.62500, 13.7867, -143.475, 470.566, -142.443, 787.753, 44.3921, 0.0512034, 134.619, 0.959735, 123.35, 1.25059, -50.9358
2678, 44.63333, 13.7587, -143.472, 469.955, -142.454, 786.396, 44.3664, 0.0510329, 134.555, 0.959275, 123.338, 1.2495, -50.9583
2679, 44.64167, 13.7309, -143.47, 469.345, -142.465, 785.044, 44.3407, 0.0508631, 134.491, 0.958816, 123.325, 1.2484, -50.9808
2679, 44.65000, 13.7032, -143.467, 468.737, -142.477, 783.696, 44.3152, 0.0506941, 134.426, 0.95836, 123.313, 1.24732, -51.0032
2680, 44.65833, 13.6756, -143.464, 468.131, -142.488, 782.353, 44.2897, 0.0505257, 134.362, 0.957905, 123.3, 1.24623, -51.0255
2680, 44.66667, 13.648, -143.461, 467.526, -142.499, 781.013, 44.2643, 0.050358, 134.298, 0.957451, 123.287, 1.24515, -51.0478
2681, 44.67500, 13.6206, -143.457, 466.923, -142.511, 779.677, 44.239, 0.0501909, 134.234, 0.956999, 123.275, 1.24407, -51.0699
2681, 44.68333, 13.5933, -143.454, 466.321, -142.522, 778.346, 44.2138, 0.0500246, 134.17, 0.956549, 123.263, 1.243, -51.092
2682, 44.69167, 13.566, -143.45, 465.721, -142.533, 777.018, 44.1887, 0.0498589, 134.106, 0.9561, 123.25, 1.24193, -51.114
2682, 44.70000, 13.5389, -143.446, 465.123, -142.544, 775.695, 44.1636, 0.0496939, 134.042, 0.955653, 123.238, 1.24086, -51.1359
2683, 44.70833, 13.5118, -143.441, 464.526, -142.555, 774.375, 44.1387, 0.0495295, 133.978, 0.955208, 123.226, 1.23979, -51.1578
2683, 44.71667, 13.4849, -143.437, 463.93, -142.566, 773.06, 44.1138, 0.0493658, 133.914, 0.954764, 123.213, 1.23873, -51.1796
2684, 44.72500, 13.458, -143.432, 463.336, -142.577, 771.749, 44.089, 0.0492028, 133.85, 0.954322, 123.201, 1.23768, -51.2013
2684, 44.73333, 13.4313, -143.427, 462.743, -142.588, 770.441, 44.0643, 0.0490404, 133.786, 0.953881, 123.189, 1.23662, -51.2229
2685, 44.74167, 13.4046, -143.422, 462.152, -142.599, 769.138, 44.0396, 0.0488787, 133.723, 0.953442, 123.177, 1.23557, -51.2445
2685, 44.75000, 13.378, -143.416, 461.563, -142.61, 767.838, 44.0151, 0.0487176, 133.659, 0.953004, 123.165, 1.23453, -51.266
2686, 44.75833, 13.3515, -143.41, 460.975, -142.621, 766.543, 43.9906, 0.0485571, 133.595, 0.952568, 123.153, 1.23348, -51.2874
2686, 44.76667, 13.3251, -143.404, 460.388, -142.632, 765.251, 43.9662, 0.0483973, 133.532, 0.952133, 123.141, 1.23244, -51.3087
2687, 44.77500, 13.2989, -143.398, 459.803, -142.642, 763.963, 43.9418, 0.0482382, 133.468, 0.951701, 123.129, 1.23141, -51.33
2687, 44.78333, 13.2727, -143.392, 459.22, -142.653, 762.679, 43.9176, 0.0480796, 133.405, 0.951269, 123.117, 1.23037, -51.3512
2688, 44.79167, 13.2465, -143.385, 458.638, -142.664, 761.399, 43.8934, 0.0479217, 133.341, 0.950839, 123.105, 1.22934, -51.3723
2688, 44.80000, 13.2205, -143.378, 458.057, -142.674, 760.123, 43.8693, 0.0477644, 133.278, 0.950411, 123.093, 1.22832, -51.3934
2689, 44.80833, 13.1946, -143.371, 457.478, -142.685, 758.85, 43.8453, 0.0476078, 133.215, 0.949984, 123.081, 1.22729, -51.4144
2689, 44.81667, 13.1688, -143.364, 456.9, -142.696, 757.581, 43.8214, 0.0474517, 133.152, 0.949559, 123.069, 1.22627, -51.4353
2689, 44.82500, 13.143, -143.356, 456.324, -142.706, 756.317, 43.7975, 0.0472963, 133.088, 0.949135, 123.058, 1.22526, -51.4561
2690, 44.83333, 13.1174, -143.349, 455.749, -142.717, 755.056, 43.7737, 0.0471415, 133.025, 0.948713, 123.046, 1.22424, -51.4769
2691, 44.84167, 13.0918, -143.341, 455.176, -142.727, 753.798, 43.75, 0.0469873, 132.962, 0.948292, 123.034, 1.22323, -51.4976
2691, 44.85000, 13.0663, -143.333, 454.604, -142.738, 752.545, 43.7263, 0.0468337, 132.899, 0.947872, 123.023, 1.22222, -51.5182
2692, 44.85833, 13.0409, -143.324, 454.033, -142.748, 751.295, 43.7028, 0.0466807, 132.836, 0.947455, 123.011, 1.22122, -51.5388
2692, 44.86667, 13.0156, -143.316, 453.464, -142.758, 750.049, 43.6793, 0.0465283, 132.773, 0.947038, 123, 1.22022, -51.5593
2693, 44.87500, 12.9904, -143.307, 452.896, -142.769, 748.806, 43.6559, 0.0463766, 132.71, 0.946623, 122.988, 1.21922, -51.5797
2693, 44.88333, 12.9653, -143.298, 452.33, -142.779, 747.567, 43.6325, 0.0462254, 132.647, 0.94621, 122.977, 1.21823, -51.6
2693, 44.89167, 12.9402, -143.288, 451.765, -142.789, 746.332, 43.6093, 0.0460747, 132.584, 0.945798, 122.965, 1.21724, -51.6203
2694, 44.90000, 12.9153, -143.279, 451.201, -142.8, 745.101, 43.5861, 0.0459247, 132.522, 0.945388, 122.954, 1.21625, -51.6406
2695, 44.90833, 12.8904, -143.269, 450.639, -142.81, 743.873, 43.563, 0.0457753, 132.459, 0.944979, 122.942, 1.21527, -51.6607
2695, 44.91667, 12.8656, -143.259, 450.078, -142.82, 742.648, 43.5399, 0.0456264, 132.396, 0.944571, 122.931, 1.21428, -51.6808
2696, 44.92500, 12.8409, -143.249, 449.519, -142.83, 741.428, 43.5169, 0.0454782, 132.333, 0.944165, 122.92, 1.21331, -51.7008
2696, 44.93333, 12.8163, -143.239, 448.961, -142.84, 740.211, 43.494, 0.0453305, 132.271, 0.94376, 122.908, 1.21233, -51.7208
2697, 44.94167, 12.7918, -143.228, 448.404, -142.85, 738.997, 43.4712, 0.0451833, 132.208, 0.943357, 122.897, 1.21136, -51.7407
2697, 44.95000, 12.7674, -143.218, 447.849, -142.86, 737.787, 43.4485, 0.0450368, 132.146, 0.942955, 122.886, 1.21039, -51.7605
2697, 44.95833, 12.743, -143.207, 447.295, -142.87, 736.581, 43.4258, 0.0448908, 132.083, 0.942555, 122.875, 1.20942, -51.7802
2698, 44.96667, 12.7187, -143.195, 446.743, -142.88, 735.378, 43.4031, 0.0447454, 132.021, 0.942156, 122.864, 1.20846, -51.7999
2699, 44.97500, 12.6945, -143.184, 446.191, -142.89, 734.178, 43.3806, 0.0446005, 131.958, 0.941758, 122.853, 1.2075, -51.8196
2699, 44.98333, 12.6704, -143.172, 445.641, -142.9, 732.982, 43.3581, 0.0444562, 131.896, 0.941362, 122.842, 1.20654, -51.8391
2700, 44.99167, 12.6464, -143.16, 445.093, -142.91, 731.79, 43.3357, 0.0443124, 131.833, 0.940967, 122.831, 1.20559, -51.8586
2700, 45.00000, 12.6225, -143.148, 444.546, -142.92, 730.601, 43.3134, 0.0441692, 131.771, 0.940574, 122.82, 1.20464, -51.878
2701, 45.00833, 12.5986, -143.136, 444, -142.93, 729.415, 43.2911, 0.0440266, 131.709, 0.940182, 122.809, 1.20369, -51.8974
2701, 45.01667, 12.5748, -143.124, 443.455, -142.939, 728.233, 43.2689, 0.0438845, 131.647, 0.939791, 122.798, 1.20275, -51.9167
2701, 45.02500, 12.5511, -143.111, 442.912, -142.949, 727.054, 43.2468, 0.0437429, 131.584, 0.939402, 122.787, 1.2018, -51.936
2702, 45.03333, 12.5275, -143.098, 442.37, -142.959, 725.879, 43.2247, 0.0436019, 131.522, 0.939014, 122.776, 1.20087, -51.9552
2703, 45.04167, 12.5039, -143.085, 441.829, -142.968, 724.707, 43.2027, 0.0434614, 131.46, 0.938627, 122.765, 1.19993, -51.9743
2703, 45.05000, 12.4805, -143.072, 441.29, -142.978, 723.538, 43.1808, 0.0433215, 131.398, 0.938242, 122.754, 1.199, -51.9933
2704, 45.05833, 12.4571, -143.058, 440.751, -142.988, 722.373, 43.1589, 0.043182, 131.336, 0.937858, 122.744, 1.19807, -52.0123
2704, 45.06667, 12.4338, -143.044, 440.215, -142.997, 721.211, 43.1371, 0.0430432, 131.274, 0.937476, 122.733, 1.19714, -52.0313
2705, 45.07500, 12.4106, -143.031, 439.679, -143.007, 720.053, 43.1154, 0.0429048, 131.212, 0.937095, 122.722, 1.19621, -52.0501
2705, 45.08333, 12.3874, -143.016, 439.145, -143.016, 718.897, 43.0938, 0.042767, 131.15, 0.936715, 122.712, 1.19529, -52.0689
2705, 45.09167, 12.3644, -143.002, 438.612, -143.026, 717.745, 43.0722, 0.0426296, 131.088, 0.936337, 122.701, 1.19438, -52.0877
2706, 45.10000, 12.3414, -142.988, 438.08, -143.035, 716.597, 43.0506, 0.0424929, 131.026, 0.93596, 122.69, 1.19346, -52.1064
2707, 45.10833, 12.3185, -142.973, 437.55, -143.045, 715.451, 43.0292, 0.0423566, 130.964, 0.935584, 122.68, 1.19255, -52.125
2707, 45.11667, 12.2956, -142.958, 437.02, -143.054, 714.309, 43.0078, 0.0422208, 130.902, 0.93521, 122.669, 1.19164, -52.1436
2708, 45.12500, 12.2729, -142.943, 436.492, -143.063, 713.17, 42.9865, 0.0420856, 130.84, 0.934837, 122.659, 1.19073, -52.1621
2708, 45.13333, 12.2502, -142.927, 435.966, -143.073, 712.035, 42.9652, 0.0419508, 130.778, 0.934465, 122.648, 1.18983, -52.1806
2709, 45.14167, 12.2276, -142.912, 435.44, -143.082, 710.902, 42.944, 0.0418166, 130.716, 0.934094, 122.638, 1.18892, -52.199
2709, 45.15000, 12.2051, -142.896, 434.916, -143.091, 709.773, 42.9229, 0.0416828, 130.655, 0.933725, 122.628, 1.18803, -52.2173
2709, 45.15833, 12.1826, -142.88, 434.393, -143.101, 708.647, 42.9018, 0.0415496, 130.593, 0.933358, 122.617, 1.18713, -52.2356
2710, 45.16667, 12.1602, -142.864, 433.871, -143.11, 707.524, 42.8808, 0.0414169, 130.531, 0.932991, 122.607, 1.18624, -52.2538
2711, 45.17500, 12.1379, -142.848, 433.35, -143.119, 706.405, 42.8598, 0.0412846, 130.469, 0.932626, 122.597, 1.18535, -52.2719
2711, 45.18333, 12.1157, -142.831, 432.831, -143.128, 705.288, 42.839, 0.0411529, 130.408, 0.932262, 122.586, 1.18446, -52.29
2712, 45.19167, 12.0936, -142.814, 432.313, -143.137, 704.175, 42.8181, 0.0410216, 130.346, 0.931899, 122.576, 1.18358, -52.3081
2712, 45.20000, 12.0715, -142.797, 431.796, -143.146, 703.064, 42.7974, 0.0408908, 130.285, 0.931538, 122.566, 1.18269, -52.3261
2713, 45.20833, 12.0495, -142.78, 431.28, -143.155, 701.957, 42.7767, 0.0407606, 130.223, 0.931178, 122.556, 1.18181, -52.344
2713, 45.21667, 12.0275, -142.763, 430.766, -143.164, 700.853, 42.756, 0.0406308, 130.161, 0.930819, 122.546, 1.18094, -52.3619
2713, 45.22500, 12.0057, -142.745, 430.252, -143.173, 699.752, 42.7355, 0.0405014, 130.1, 0.930461, 122.536, 1.18006, -52.3797
2714, 45.23333, 11.9839, -142.727, 429.74, -143.182, 698.654, 42.715, 0.0403726, 130.038, 0.930105, 122.525, 1.17919, -52.3975
2715, 45.24167, 11.9622, -142.709, 429.229, -143.191, 697.56, 42.6945, 0.0402442, 129.977, 0.92975, 122.515, 1.17832, -52.4152
2715, 45.25000, 11.9405, -142.691, 428.719, -143.2, 696.468, 42.6741, 0.0401163, 129.915, 0.929396, 122.505, 1.17746, -52.4328
2716, 45.25833, 11.919, -142.673, 428.211, -143.209, 695.379, 42.6538, 0.0399889, 129.854, 0.929044, 122.495, 1.1766, -52.4504
2716, 45.26667, 11.8975, -142.654, 427.703, -143.218, 694.293, 42.6335, 0.039862, 129.792, 0.928692, 122.485, 1.17574, -52.468
2717, 45.27500, 11.876, -142.635, 427.197, -143.227, 693.211, 42.6133, 0.0397355, 129.731, 0.928342, 122.476, 1.17488, -52.4854
2717, 45.28333, 11.8547, -142.616, 426.692, -143.236, 692.131, 42.5932, 0.0396095, 129.669, 0.927994, 122.466, 1.17402, -52.5029
2717, 45.29167, 11.8334, -142.597, 426.188, -143.244, 691.054, 42.5731, 0.0394839, 129.608, 0.927646, 122.456, 1.17317, -52.5203
2718, 45.30000, 11.8122, -142.578, 425.685, -143.253, 689.981, 42.5531, 0.0393588, 129.547, 0.9273, 122.446, 1.17232, -52.5376
2719, 45.30833, 11.791, -142.558, 425.183, -143.262, 688.91, 42.5331, 0.0392342, 129.485, 0.926955, 122.436, 1.17147, -52.5548
2719, 45.31667, 11.7699, -142.539, 424.682, -143.27, 687.842, 42.5132, 0.03911, 129.424, 0.926611, 122.426, 1.17063, -52.5721
2720, 45.32500, 11.7489, -142.519, 424.183, -143.279, 686.777, 42.4933, 0.0389862, 129.363, 0.926268, 122.417, 1.16979, -52.5892
2720, 45.33333, 11.728, -142.499, 423.685, -143.288, 685.715, 42.4736, 0.0388629, 129.301, 0.925926, 122.407, 1.16895, -52.6063
2721, 45.34167, 11.7071, -142.478, 423.188, -143.296, 684.656, 42.4538, 0.0387401, 129.24, 0.925586, 122.397, 1.16811, -52.6234
2721, 45.35000, 11.6863, -142.458, 422.692, -143.305, 683.6, 42.4341, 0.0386177, 129.179, 0.925247, 122.387, 1.16728, -52.6404
2721, 45.35833, 11.6656, -142.437, 422.197, -143.313, 682.547, 42.4145, 0.0384958, 129.118, 0.924909, 122.378, 1.16644, -52.6573
2722, 45.36667, 11.6449, -142.416, 421.703, -143.322, 681.496, 42.395, 0.0383743, 129.056, 0.924572, 122.368, 1.16561, -52.6742
2723, 45.37500, 11.6243, -142.395, 421.21, -143.33, 680.449, 42.3755, 0.0382532, 128.995, 0.924237, 122.359, 1.16479, -52.6911
2723, 45.38333, 11.6038, -142.374, 420.719, -143.339, 679.404, 42.356, 0.0381326, 128.934, 0.923903, 122.349, 1.16396, -52.7079
2724, 45.39167, 11.5833, -142.352, 420.228, -143.347, 678.362, 42.3366, 0.0380124, 128.873, 0.92357, 122.339, 1.16314, -52.7246
2724, 45.40000, 11.5629, -142.331, 419.739, -143.356, 677.324, 42.3173, 0.0378926, 128.811, 0.923238, 122.33, 1.16232, -52.7413
2725, 45.40833, 11.5426, -142.309, 419.251, -143.364, 676.288, 42.298, 0.0377733, 128.75, 0.922907, 122.321, 1.16151, -52.7579
2725, 45.41667, 11.5223, -142.287, 418.763, -143.372, 675.254, 42.2788, 0.0376544, 128.689, 0.922577, 122.311, 1.16069, -52.7745
2725, 45.42500, 11.5021, -142.264, 418.277, -143.381, 674.224, 42.2596, 0.0375359, 128.628, 0.922249, 122.302, 1.15988, -52.7911
2726, 45.43333, 11.482, -142.242, 417.792, -143.389, 673.196, 42.2405, 0.0374179, 128.567, 0.921922, 122.292, 1.15907, -52.8076
2727, 45.44167, 11.4619, -142.219, 417.308, -143.397, 672.171, 42.2215, 0.0373002, 128.506, 0.921595, 122.283, 1.15826, -52.824
2727, 45.45000, 11.4419, -142.197, 416.825, -143.406, 671.149, 42.2025, 0.037183, 128.445, 0.92127, 122.274, 1.15746, -52.8404
2728, 45.45833, 11.422, -142.174, 416.344, -143.414, 670.129, 42.1835, 0.0370662, 128.383, 0.920947, 122.264, 1.15666, -52.8567
2728, 45.46667, 11.4021, -142.15, 415.863, -143.422, 669.113, 42.1646, 0.0369499, 128.322, 0.920624, 122.255, 1.15586, -52.873
2729, 45.47500, 11.3823, -142.127, 415.383, -143.43, 668.099, 42.1458, 0.0368339, 128.261, 0.920303, 122.246, 1.15506, -52.8893
2729, 45.48333, 11.3625, -142.103, 414.905, -143.438, 667.088, 42.127, 0.0367184, 128.2, 0.919982, 122.236, 1.15427, -52.9055
2729, 45.49167, 11.3428, -142.08, 414.427, -143.446, 666.079, 42.1083, 0.0366032, 128.139, 0.919663, 122.227, 1.15347, -52.9216
2730, 45.50000, 11.3232, -142.056, 413.951, -143.454, 665.073, 42.0896, 0.0364885, 128.078, 0.919345, 122.218, 1.15268, -52.9377
2731, 45.50833, 11.3037, -142.031, 413.475, -143.463, 664.07, 42.071, 0.0363742, 128.017, 0.919028, 122.209, 1.1519, -52.9537
2731, 45.51667, 11.2842, -142.007, 413.001, -143.471, 663.07, 42.0524, 0.0362602, 127.956, 0.918712, 122.2, 1.15111, -52.9697
2732, 45.52500, 11.2647, -141.983, 412.527, -143.479, 662.072, 42.0339, 0.0361467, 127.895, 0.918397, 122.191, 1.15033, -52.9857
2732, 45.53333, 11.2454, -141.958, 412.055, -143.487, 661.077, 42.0154, 0.0360336, 127.834, 0.918084, 122.182, 1.14955, -53.0016
2733, 45.54167, 11.2261, -141.933, 411.584, -143.495, 660.084, 41.997, 0.0359209, 127.773, 0.917771, 122.172, 1.14877, -53.0174
2733, 45.55000, 11.2068, -141.908, 411.113, -143.503, 659.094, 41.9787, 0.0358086, 127.712, 0.91746, 122.163, 1.14799, -53.0332
2733, 45.55833, 11.1876, -141.883, 410.644, -143.51, 658.107, 41.9604, 0.0356967, 127.651, 0.917149, 122.154, 1.14722, -53.049
2734, 45.56667, 11.1685, -141.857, 410.176, -143.518, 657.123, 41.9421, 0.0355851, 127.59, 0.91684, 122.145, 1.14645, -53.0647
2735, 45.57500, 11.1494, -141.832, 409.709, -143.526, 656.141, 41.9239, 0.035474, 127.529, 0.916532, 122.137, 1.14568, -53.0804
2735, 45.58333, 11.1304, -141.806, 409.243, -143.534, 655.161, 41.9057, 0.0353632, 127.468, 0.916225, 122.128, 1.14491, -53.096
2736, 45.59167, 11.1115, -141.78, 408.777, -143.542, 654.184, 41.8876, 0.0352529, 127.407, 0.915919, 122.119, 1.14415, -53.1116
2736, 45.60000, 11.0926, -141.754, 408.313, -143.55, 653.21, 41.8696, 0.0351429, 127.346, 0.915614, 122.11, 1.14339, -53.1271
2737, 45.60833, 11.0738, -141.727, 407.85, -143.557, 652.239, 41.8516, 0.0350333, 127.285, 0.915311, 122.101, 1.14263, -53.1426
2737, 45.61667, 11.055, -141.701, 407.388, -143.565, 651.269, 41.8337, 0.0349241, 127.224, 0.915008, 122.092, 1.14187, -53.158
2737, 45.62500, 11.0363, -141.674, 406.927, -143.573, 650.303, 41.8158, 0.0348152, 127.163, 0.914707, 122.083, 1.14111, -53.1734
2738, 45.63333, 11.0177, -141.647, 406.466, -143.581, 649.339, 41.7979, 0.0347068, 127.102, 0.914406, 122.075, 1.14036, -53.1888
2739, 45.64167, 10.9991, -141.62, 406.007, -143.588, 648.377, 41.7801, 0.0345987, 127.041, 0.914107, 122.066, 1.13961, -53.2041
2739, 45.65000, 10.9806, -141.593, 405.549, -143.596, 647.418, 41.7624, 0.034491, 126.98, 0.913808, 122.057, 1.13886, -53.2193
2740, 45.65833, 10.9621, -141.565, 405.092, -143.603, 646.462, 41.7447, 0.0343837, 126.919, 0.913511, 122.048, 1.13812, -53.2345
2740, 45.66667, 10.9437, -141.538, 404.635, -143.611, 645.508, 41.727, 0.0342767, 126.858, 0.913215, 122.04, 1.13737, -53.2497
2741, 45.67500, 10.9254, -141.51, 404.18, -143.619, 644.556, 41.7094, 0.0341701, 126.797, 0.91292, 122.031, 1.13663, -53.2648
2741, 45.68333, 10.9071, -141.482, 403.726, -143.626, 643.607, 41.6919, 0.0340639, 126.736, 0.912626, 122.022, 1.13589, -53.2799
2741, 45.69167, 10.8888, -141.453, 403.272, -143.634, 642.661, 41.6744, 0.033958, 126.675, 0.912332, 122.014, 1.13515, -53.2949
2742, 45.70000, 10.8707, -141.425, 402.82, -143.641, 641.717, 41.6569, 0.0338525, 126.614, 0.91204, 122.005, 1.13442, -53.3099
2743, 45.70833, 10.8525, -141.397, 402.369, -143.649, 640.775, 41.6395, 0.0337474, 126.553, 0.911749, 121.997, 1.13369, -53.3249
2743, 45.71667, 10.8345, -141.368, 401.918, -143.656, 639.836, 41.6221, 0.0336426, 126.492, 0.91146, 121.988, 1.13295, -53.3398
2744, 45.72500, 10.8165, -141.339, 401.469, -143.664, 638.899, 41.6048, 0.0335382, 126.431, 0.911171, 121.98, 1.13223, -53.3546
2744, 45.73333, 10.7985, -141.31, 401.02, -143.671, 637.965, 41.5876, 0.0334341, 126.37, 0.910883, 121.971, 1.1315, -53.3694
2745, 45.74167, 10.7806, -141.28, 400.572, -143.678, 637.033, 41.5704, 0.0333304, 126.309, 0.910596, 121.963, 1.13077, -53.3842
2745, 45.75000, 10.7628, -141.251, 400.126, -143.686, 636.103, 41.5532, 0.033227, 126.248, 0.91031, 121.954, 1.13005, -53.3989
2745, 45.75833, 10.745, -141.221, 399.68, -143.693, 635.176, 41.5361, 0.033124, 126.187, 0.910025, 121.946, 1.12933, -53.4136
2746, 45.76667, 10.7273, -141.192, 399.235, -143.7, 634.251, 41.519, 0.0330214, 126.126, 0.909742, 121.937, 1.12861, -53.4283
2747, 45.77500, 10.7096, -141.161, 398.791, -143.708, 633.329, 41.502, 0.0329191, 126.065, 0.909459, 121.929, 1.1279, -53.4429
2747, 45.78333, 10.692, -141.131, 398.348, -143.715, 632.409, 41.485, 0.0328171, 126.004, 0.909177, 121.921, 1.12718, -53.4575
2748, 45.79167, 10.6744, -141.101, 397.906, -143.722, 631.491, 41.4681, 0.0327155, 125.943, 0.908896, 121.912, 1.12647, -53.472
2748, 45.80000, 10.6569, -141.07, 397.465, -143.729, 630.576, 41.4512, 0.0326143, 125.882, 0.908617, 121.904, 1.12576, -53.4865
2749, 45.80833, 10.6395, -141.04, 397.025, -143.737, 629.663, 41.4343, 0.0325133, 125.821, 0.908338, 121.896, 1.12506, -53.5009
2749, 45.81667, 10.6221, -141.009, 396.585, -143.744, 628.752, 41.4175, 0.0324127, 125.76, 0.90806, 121.887, 1.12435, -53.5153
2749, 45.82500, 10.6048, -140.978, 396.147, -143.751, 627.844, 41.4008, 0.0323125, 125.699, 0.907784, 121.879, 1.12365, -53.5296
2750, 45.83333, 10.5875, -140.946, 395.71, -143.758, 626.938, 41.3841, 0.0322126, 125.638, 0.907508, 121.871, 1.12295, -53.544
2751, 45.84167, 10.5702, -140.915, 395.273, -143.765, 626.034, 41.3674, 0.032113, 125.577, 0.907233, 121.863, 1.12225, -53.5582
2751, 45.85000, 10.5531, -140.883, 394.837, -143.772, 625.133, 41.3508, 0.0320138, 125.516, 0.90696, 121.855, 1.12155, -53.5725
2752, 45.85833, 10.5359, -140.852, 394.402, -143.779, 624.233, 41.3342, 0.0319149, 125.455, 0.906687, 121.846, 1.12085, -53.5867
2752, 45.86667, 10.5189, -140.82, 393.969, -143.786, 623.336, 41.3177, 0.0318163, 125.394, 0.906415, 121.838, 1.12016, -53.6008
2753, 45.87500, 10.5018, -140.787, 393.536, -143.793, 622.442, 41.3012, 0.0317181, 125.333, 0.906144, 121.83, 1.11947, -53.6149
2753, 45.88333, 10.4849, -140.755, 393.104, -143.8, 621.55, 41.2848, 0.0316202, 125.272, 0.905875, 121.822, 1.11878, -53.629
2753, 45.89167, 10.468, -140.723, 392.672, -143.807, 620.659, 41.2684, 0.0315226, 125.211, 0.905606, 121.814, 1.11809, -53.643
2754, 45.90000, 10.4511, -140.69, 392.242, -143.814, 619.772, 41.2521, 0.0314253, 125.15, 0.905338, 121.806, 1.11741, -53.657
2755, 45.90833, 10.4343, -140.657, 391.813, -143.821, 618.886, 41.2358, 0.0313284, 125.089, 0.905071, 121.798, 1.11672, -53.671
2755, 45.91667, 10.4175, -140.624, 391.384, -143.828, 618.002, 41.2195, 0.0312317, 125.028, 0.904805, 121.79, 1.11604, -53.6849
2756, 45.92500, 10.4008, -140.591, 390.956, -143.835, 617.121, 41.2033, 0.0311354, 124.966, 0.90454, 121.782, 1.11536, -53.6988
2756, 45.93333, 10.3842, -140.557, 390.529, -143.842, 616.242, 41.1871, 0.0310395, 124.905, 0.904276, 121.774, 1.11469, -53.7126
2757, 45.94167, 10.3675, -140.524, 390.103, -143.849, 615.365, 41.171, 0.0309438, 124.844, 0.904013, 121.766, 1.11401, -53.7264
2757, 45.95000, 10.351, -140.49, 389.678, -143.856, 614.491, 41.1549, 0.0308485, 124.783, 0.903751, 121.758, 1.11334, -53.7402
2758, 45.95833, 10.3345, -140.456, 389.254, -143.862, 613.618, 41.1388, 0.0307534, 124.722, 0.90349, 121.75, 1.11267, -53.7539
2758, 45.96667, 10.318, -140.422, 388.831, -143.869, 612.748, 41.1228, 0.0306587, 124.661, 0.90323, 121.742, 1.112, -53.7676
2759, 45.97500, 10.3016, -140.388, 388.408, -143.876, 611.88, 41.1069, 0.0305643, 124.6, 0.902971, 121.734, 1.11133, -53.7813
2759, 45.98333, 10.2853, -140.353, 387.987, -143.883, 611.014, 41.091, 0.0304702, 124.538, 0.902712, 121.727, 1.11066, -53.7949
2760, 45.99167, 10.269, -140.319, 387.566, -143.889, 610.15, 41.0751, 0.0303764, 124.477, 0.902455, 121.719, 1.11, -53.8084
2760, 46.00000, 10.2527, -140.284, 387.146, -143.896, 609.289, 41.0592, 0.030283, 124.416, 0.902199, 121.711, 1.10934, -53.822
2761, 46.00833, 10.2365, -140.249, 386.727, -143.903, 608.429, 41.0434, 0.0301898, 124.355, 0.901943, 121.703, 1.10868, -53.8355
2761, 46.01667, 10.2204, -140.214, 386.308, -143.909, 607.572, 41.0277, 0.0300969, 124.293, 0.901689, 121.695, 1.10802, -53.8489
2762, 46.02500, 10.2043, -140.179, 385.891, -143.916, 606.716, 41.012, 0.0300044, 124.232, 0.901435, 121.688, 1.10737, -53.8624
2762, 46.03333, 10.1882, -140.143, 385.474, -143.923, 605.863, 40.9963, 0.0299121, 124.171, 0.901183, 121.68, 1.10671, -53.8757
2763, 46.04167, 10.1722, -140.107, 385.058, -143.929, 605.012, 40.9807, 0.0298202, 124.11, 0.900931, 121.672, 1.10606, -53.8891
2763, 46.05000, 10.1562, -140.072, 384.643, -143.936, 604.163, 40.9651, 0.0297285, 124.048, 0.90068, 121.665, 1.10541, -53.9024
2764, 46.05833, 10.1403, -140.036, 384.229, -143.942, 603.316, 40.9495, 0.0296371, 123.987, 0.90043, 121.657, 1.10476, -53.9157
2764, 46.06667, 10.1245, -139.999, 383.816, -143.949, 602.472, 40.934, 0.0295461, 123.926, 0.900181, 121.649, 1.10411, -53.9289
2765, 46.07500, 10.1087, -139.963, 383.404, -143.955, 601.629, 40.9186, 0.0294553, 123.864, 0.899933, 121.642, 1.10347, -53.9421
2765, 46.08333, 10.0929, -139.926, 382.992, -143.962, 600.788, 40.9031, 0.0293648, 123.803, 0.899686, 121.634, 1.10283, -53.9553
2766, 46.09167, 10.0772, -139.89, 382.581, -143.968, 599.95, 40.8878, 0.0292747, 123.742, 0.89944, 121.627, 1.10219, -53.9684
2766, 46.10000, 10.0615, -139.853, 382.171, -143.975, 599.113, 40.8724, 0.0291848, 123.68, 0.899194, 121.619, 1.10155, -53.9815
2767, 46.10833, 10.0459, -139.816, 381.762, -143.981, 598.279, 40.8571, 0.0290952, 123.619, 0.89895, 121.611, 1.10091, -53.9946
2767, 46.11667, 10.0303, -139.779, 381.353, -143.988, 597.446, 40.8418, 0.0290059, 123.557, 0.898706, 121.604, 1.10027, -54.0076
2768, 46.12500, 10.0148, -139.741, 380.946, -143.994, 596.615, 40.8266, 0.0289169, 123.496, 0.898464, 121.596, 1.09964, -54.0206
2768, 46.13333, 9.9993, -139.704, 380.539, -144, 595.787, 40.8114, 0.0288281, 123.435, 0.898222, 121.589, 1.09901, -54.0336
2769, 46.14167, 9.98387, -139.666, 380.133, -144.007, 594.961, 40.7963, 0.0287397, 123.373, 0.897981, 121.581, 1.09838, -54.0465
2769, 46.15000, 9.96848, -139.628, 379.728, -144.013, 594.136, 40.7812, 0.0286515, 123.312, 0.897741, 121.574, 1.09775, -54.0594
2770, 46.15833, 9.95314, -139.59, 379.323, -144.019, 593.314, 40.7661, 0.0285636, 123.25, 0.897502, 121.567, 1.09712, -54.0722
2770, 46.16667, 9.93785, -139.552, 378.92, -144.026, 592.493, 40.7511, 0.028476, 123.189, 0.897264, 121.559, 1.0965, -54.0851
2771, 46.17500, 9.9226, -139.513, 378.517, -144.032, 591.675, 40.7361, 0.0283887, 123.127, 0.897027, 121.552, 1.09588, -54.0978
2771, 46.18333, 9.9074, -139.474, 378.115, -144.038, 590.858, 40.7211, 0.0283017, 123.065, 0.89679, 121.544, 1.09525, -54.1106
2772, 46.19167, 9.89224, -139.436, 377.713, -144.044, 590.044, 40.7062, 0.0282149, 123.004, 0.896555, 121.537, 1.09463, -54.1233
2772, 46.20000, 9.87713, -139.397, 377.313, -144.051, 589.231, 40.6913, 0.0281284, 122.942, 0.89632, 121.53, 1.09402, -54.136
2773, 46.20833, 9.86206, -139.358, 376.913, -144.057, 588.421, 40.6765, 0.0280422, 122.881, 0.896086, 121.522, 1.0934, -54.1486
2773, 46.21667, 9.84704, -139.318, 376.514, -144.063, 587.612, 40.6617, 0.0279563, 122.819, 0.895853, 121.515, 1.09279, -54.1613
2774, 46.22500, 9.83207, -139.279, 376.116, -144.069, 586.805, 40.6469, 0.0278706, 122.757, 0.895621, 121.508, 1.09217, -54.1738
2774, 46.23333, 9.81714, -139.239, 375.719, -144.075, 586, 40.6322, 0.0277852, 122.696, 0.89539, 121.501, 1.09156, -54.1864
2775, 46.24167, 9.80225, -139.199, 375.322, -144.081, 585.197, 40.6175, 0.0277001, 122.634, 0.89516, 121.493, 1.09096, -54.1989
2775, 46.25000, 9.78741, -139.159, 374.926, -144.087, 584.396, 40.6028, 0.0276153, 122.572, 0.89493, 121.486, 1.09035, -54.2114
2776, 46.25833, 9.77262, -139.119, 374.531, -144.093, 583.597, 40.5882, 0.0275307, 122.511, 0.894702, 121.479, 1.08974, -54.2238
2776, 46.26667, 9.75786, -139.079, 374.137, -144.099, 582.8, 40.5736, 0.0274464, 122.449, 0.894474, 121.472, 1.08914, -54.2363
2777, 46.27500, 9.74315, -139.038, 373.743, -144.105, 582.005, 40.5591, 0.0273623, 122.387, 0.894247, 121.465, 1.08854, -54.2486
2777, 46.28333, 9.72849, -138.997, 373.35, -144.111, 581.211, 40.5446, 0.0272785, 122.325, 0.894021, 121.458, 1.08794, -54.261
2778, 46.29167, 9.71387, -138.957, 372.958, -144.117, 580.42, 40.5301, 0.027195, 122.263, 0.893796, 121.45, 1.08734, -54.2733
2778, 46.30000, 9.69929, -138.916, 372.567, -144.123, 579.63, 40.5157, 0.0271118, 122.201, 0.893571, 121.443, 1.08674, -54.2856
2779, 46.30833, 9.68476, -138.874, 372.176, -144.129, 578.843, 40.5013, 0.0270288, 122.14, 0.893348, 121.436, 1.08615, -54.2979
2779, 46.31667, 9.67027, -138.833, 371.786, -144.135, 578.057, 40.4869, 0.026946, 122.078, 0.893125, 121.429, 1.08555, -54.3101
2780, 46.32500, 9.65582, -138.791, 371.397, -144.141, 577.273, 40.4726, 0.0268636, 122.016, 0.892903, 121.422, 1.08496, -54.3223
2780, 46.33333, 9.64142, -138.75, 371.009, -144.147, 576.49, 40.4583, 0.0267813, 121.954, 0.892682, 121.415, 1.08437, -54.3344
2781, 46.34167, 9.62706, -138.708, 370.621, -144.153, 575.71, 40.444, 0.0266994, 121.892, 0.892462, 121.408, 1.08378, -54.3466
2781, 46.35000, 9.61274, -138.666, 370.234, -144.159, 574.932, 40.4298, 0.0266177, 121.83, 0.892243, 121.401, 1.0832, -54.3587
2782, 46.35833, 9.59846, -138.623, 369.848, -144.165, 574.155, 40.4156, 0.0265362, 121.768, 0.892025, 121.394, 1.08261, -54.3707
2782, 46.36667, 9.58423, -138.581, 369.462, -144.171, 573.38, 40.4014, 0.026455, 121.706, 0.891807, 121.387, 1.08203, -54.3828
2783, 46.37500, 9.57004, -138.538, 369.078, -144.176, 572.607, 40.3873, 0.0263741, 121.644, 0.89159, 121.38, 1.08144, -54.3948
2783, 46.38333, 9.55589, -138.496, 368.694, -144.182, 571.836, 40.3732, 0.0262934, 121.582, 0.891374, 121.373, 1.08086, -54.4067
2784, 46.39167, 9.54178, -138.453, 368.311, -144.188, 571.066, 40.3592, 0.026213, 121.52, 0.891159, 121.366, 1.08029, -54.4187
2784, 46.40000, 9.52772, -138.41, 367.928, -144.194, 570.299, 40.3452, 0.0261328, 121.457, 0.890945, 121.359, 1.07971, -54.4306
2785, 46.40833, 9.5137, -138.366, 367.546, -144.199, 569.533, 40.3312, 0.0260528, 121.395, 0.890731, 121.352, 1.07913, -54.4425
2785, 46.41667, 9.49972, -138.323, 367.165, -144.205, 568.768, 40.3173, 0.0259731, 121.333, 0.890518, 121.346, 1.07856, -54.4543
2786, 46.42500, 9.48578, -138.279, 366.785, -144.211, 568.006, 40.3033, 0.0258937, 121.271, 0.890306, 121.339, 1.07799, -54.4662
2786, 46.43333, 9.47188, -138.235, 366.405, -144.216, 567.246, 40.2895, 0.0258145, 121.209, 0.890095, 121.332, 1.07742, -54.4779
2787, 46.44167, 9.45802, -138.191, 366.026, -144.222, 566.487, 40.2756, 0.0257355, 121.146, 0.889885, 121.325, 1.07685, -54.4897
2787, 46.45000, 9.4442, -138.147, 365.648, -144.228, 565.73, 40.2618, 0.0256568, 121.084, 0.889676, 121.318, 1.07628, -54.5014
2788, 46.45833, 9.43043, -138.103, 365.27, -144.233, 564.975, 40.248, 0.0255784, 121.022, 0.889467, 121.312, 1.07571, -54.5131
2788, 46.46667, 9.41669, -138.058, 364.893, -144.239, 564.221, 40.2343, 0.0255001, 120.959, 0.889259, 121.305, 1.07515, -54.5248
2789, 46.47500, 9.403, -138.014, 364.517, -144.244, 563.469, 40.2206, 0.0254222, 120.897, 0.889052, 121.298, 1.07459, -54.5364
2789, 46.48333, 9.38935, -137.969, 364.142, -144.25, 562.719, 40.2069, 0.0253444, 120.835, 0.888846, 121.291, 1.07403, -54.5481
2790, 46.49167, 9.37573, -137.924, 363.767, -144.256, 561.971, 40.1933, 0.0252669, 120.772, 0.88864, 121.285, 1.07347, -54.5596
2790, 46.50000, 9.36216, -137.879, 363.393, -144.261, 561.224, 40.1797, 0.0251896, 120.71, 0.888436, 121.278, 1.07291, -54.5712
2791, 46.50833, 9.34863, -137.833, 363.019, -144.267, 560.479, 40.1661, 0.0251126, 120.647, 0.888232, 121.271, 1.07235, -54.5827
2791, 46.51667, 9.33513, -137.788, 362.647, -144.272, 559.736, 40.1525, 0.0250358, 120.585, 0.888029, 121.265, 1.0718, -54.5942
2792, 46.52500, 9.32168, -137.742, 362.275, -144.278, 558.995, 40.139, 0.0249592, 120.522, 0.887827, 121.258, 1.07124, -54.6057
2792, 46.53333, 9.30827, -137.696, 361.903, -144.283, 558.255, 40.1255, 0.0248829, 120.46, 0.887625, 121.251, 1.07069, -54.6171
2793, 46.54167, 9.29489, -137.65, 361.533, -144.288, 557.517, 40.1121, 0.0248068, 120.397, 0.887424, 121.245, 1.07014, -54.6285
2793, 46.55000, 9.28156, -137.604, 361.163, -144.294, 556.78, 40.0987, 0.0247309, 120.335, 0.887224, 121.238, 1.06959, -54.6399
2794, 46.55833, 9.26826, -137.558, 360.793, -144.299, 556.046, 40.0853, 0.0246553, 120.272, 0.887025, 121.231, 1.06905, -54.6513
2794, 46.56667, 9.25501, -137.511, 360.425, -144.305, 555.313, 40.0719, 0.0245799, 120.209, 0.886827, 121.225, 1.0685, -54.6626
2795, 46.57500, 9.24179, -137.464, 360.057, -144.31, 554.581, 40.0586, 0.0245047, 120.146, 0.886629, 121.218, 1.06796, -54.6739
2795, 46.58333, 9.22861, -137.417, 359.689, -144.315, 553.852, 40.0453, 0.0244298, 120.084, 0.886432, 121.212, 1.06741, -54.6852
2796, 46.59167, 9.21547, -137.37, 359.323, -144.321, 553.123, 40.0321, 0.0243551, 120.021, 0.886236, 121.205, 1.06687, -54.6964
2796, 46.60000, 9.20237, -137.323, 358.957, -144.326, 552.397, 40.0189, 0.0242806, 119.958, 0.886041, 121.199, 1.06633, -54.7076
2797, 46.60833, 9.18931, -137.275, 358.592, -144.331, 551.672, 40.0057, 0.0242063, 119.895, 0.885847, 121.192, 1.06579, -54.7188
2797, 46.61667, 9.17629, -137.228, 358.227, -144.337, 550.949, 39.9925, 0.0241322, 119.832, 0.885653, 121.186, 1.06526, -54.73
2798, 46.62500, 9.1633, -137.18, 357.863, -144.342, 550.227, 39.9794, 0.0240584, 119.77, 0.88546, 121.179, 1.06472, -54.7411
2798, 46.63333, 9.15036, -137.132, 357.5, -144.347, 549.508, 39.9663, 0.0239848, 119.707, 0.885268, 121.173, 1.06419, -54.7522
2799, 46.64167, 9.13745, -137.084, 357.137, -144.352, 548.789, 39.9532, 0.0239115, 119.644, 0.885076, 121.167, 1.06366, -54.7633
2799, 46.65000, 9.12458, -137.036, 356.775, -144.357, 548.073, 39.9402, 0.0238383, 119.581, 0.884886, 121.16, 1.06313, -54.7743
2800, 46.65833, 9.11174, -136.987, 356.414, -144.363, 547.357, 39.9272, 0.0237654, 119.518, 0.884696, 121.154, 1.0626, -54.7853
2800, 46.66667, 9.09895, -136.938, 356.053, -144.368, 546.644, 39.9142, 0.0236927, 119.455, 0.884507, 121.147, 1.06207, -54.7963
2801, 46.67500, 9.08619, -136.89, 355.693, -144.373, 545.932, 39.9012, 0.0236202, 119.392, 0.884318, 121.141, 1.06154, -54.8073
2801, 46.68333, 9.07347, -136.841, 355.334, -144.378, 545.222, 39.8883, 0.0235479, 119.328, 0.884131, 121.135, 1.06102, -54.8183
2802, 46.69167, 9.06079, -136.791, 354.975, -144.383, 544.513, 39.8754, 0.0234758, 119.265, 0.883944, 121.128, 1.06049, -54.8292
2802, 46.70000, 9.04815, -136.742, 354.617, -144.388, 543.806, 39.8626, 0.023404, 119.202, 0.883757, 121.122, 1.05997, -54.8401
2803, 46.70833, 9.03554, -136.693, 354.259, -144.393, 543.101, 39.8497, 0.0233323, 119.139, 0.883572, 121.116, 1.05945, -54.8509
2803, 46.71667, 9.02297, -136.643, 353.903, -144.398, 542.397, 39.8369, 0.0232609, 119.076, 0.883387, 121.109, 1.05893, -54.8618
2804, 46.72500, 9.01043, -136.593, 353.546, -144.403, 541.694, 39.8242, 0.0231897, 119.012, 0.883204, 121.103, 1.05841, -54.8726
2804, 46.73333, 8.99794, -136.543, 353.191, -144.408, 540.993, 39.8114, 0.0231187, 118.949, 0.88302, 121.097, 1.0579, -54.8834
2805, 46.74167, 8.98548, -136.493, 352.836, -144.414, 540.294, 39.7987, 0.023048, 118.886, 0.882838, 121.091, 1.05738, -54.8941
2805, 46.75000, 8.97305, -136.442, 352.482, -144.419, 539.596, 39.786, 0.0229774, 118.822, 0.882656, 121.084, 1.05687, -54.9048
2806, 46.75833, 8.96067, -136.392, 352.128, -144.423, 538.9, 39.7734, 0.022907, 118.759, 0.882475, 121.078, 1.05636, -54.9156
2806, 46.76667, 8.94832, -136.341, 351.775, -144.428, 538.205, 39.7608, 0.0228369, 118.695, 0.882295, 121.072, 1.05585, -54.9262
2807, 46.77500, 8.936, -136.29, 351.422, -144.433, 537.512, 39.7482, 0.0227669, 118.632, 0.882116, 121.066, 1.05534, -54.9369
2807, 46.78333, 8.92373, -136.239, 351.071, -144.438, 536.821, 39.7356, 0.0226972, 118.568, 0.881937, 121.06, 1.05483, -54.9475
2808, 46.79167, 8.91148, -136.188, 350.719, -144.443, 536.131, 39.7231, 0.0226277, 118.505, 0.881759, 121.053, 1.05432, -54.9581
2808, 46.80000, 8.89928, -136.136, 350.369, -144.448, 535.442, 39.7106, 0.0225584, 118.441, 0.881581, 121.047, 1.05382, -54.9687
2809, 46.80833, 8.88711, -136.084, 350.019, -144.453, 534.755, 39.6981, 0.0224893, 118.377, 0.881405, 121.041, 1.05331, -54.9793
2809, 46.81667, 8.87498, -136.033, 349.67, -144.458, 534.069, 39.6856, 0.0224204, 118.314, 0.881229, 121.035, 1.05281, -54.9898
2810, 46.82500, 8.86288, -135.981, 349.321, -144.463, 533.385, 39.6732, 0.0223516, 118.25, 0.881054, 121.029, 1.05231, -55.0003
2810, 46.83333, 8.85082, -135.928, 348.973, -144.468, 532.703, 39.6608, 0.0222831, 118.186, 0.88088, 121.023, 1.05181, -55.0108
2811, 46.84167, 8.83879, -135.876, 348.625, -144.472, 532.022, 39.6485, 0.0222148, 118.123, 0.880706, 121.017, 1.05131, -55.0212
2811, 46.85000, 8.8268, -135.824, 348.278, -144.477, 531.342, 39.6361, 0.0221468, 118.059, 0.880533, 121.011, 1.05082, -55.0317
2812, 46.85833, 8.81485, -135.771, 347.932, -144.482, 530.664, 39.6238, 0.0220789, 117.995, 0.880361, 121.005, 1.05032, -55.0421
2812, 46.86667, 8.80293, -135.718, 347.587, -144.487, 529.987, 39.6115, 0.0220112, 117.931, 0.880189, 120.999, 1.04983, -55.0525
2813, 46.87500, 8.79104, -135.665, 347.241, -144.491, 529.312, 39.5993, 0.0219437, 117.867, 0.880018, 120.993, 1.04933, -55.0628
2813, 46.88333, 8.77919, -135.612, 346.897, -144.496, 528.639, 39.5871, 0.0218764, 117.803, 0.879848, 120.987, 1.04884, -55.0731
2814, 46.89167, 8.76738, -135.558, 346.553, -144.501, 527.966, 39.5749, 0.0218093, 117.739, 0.879679, 120.981, 1.04835, -55.0835
2814, 46.90000, 8.7556, -135.505, 346.21, -144.506, 527.296, 39.5627, 0.0217424, 117.675, 0.87951, 120.975, 1.04786, -55.0937
2814, 46.90833, 8.74386, -135.451, 345.867, -144.51, 526.626, 39.5505, 0.0216757, 117.611, 0.879342, 120.969, 1.04738, -55.104
2815, 46.91667, 8.73215, -135.397, 345.525, -144.515, 525.958, 39.5384, 0.0216091, 117.547, 0.879175, 120.963, 1.04689, -55.1142
2816, 46.92500, 8.72047, -135.343, 345.184, -144.52, 525.292, 39.5263, 0.0215428, 117.483, 0.879008, 120.957, 1.0464, -55.1245
2816, 46.93333, 8.70883, -135.288, 344.843, -144.524, 524.627, 39.5143, 0.0214767, 117.418, 0.878843, 120.951, 1.04592, -55.1346
2817, 46.94167, 8.69722, -135.234, 344.502, -144.529, 523.963, 39.5022, 0.0214108, 117.354, 0.878677, 120.945, 1.04544, -55.1448
2817, 46.95000, 8.68565, -135.179, 344.163, -144.533, 523.301, 39.4902, 0.021345, 117.29, 0.878513, 120.939, 1.04496, -55.1549
2818, 46.95833, 8.67412, -135.124, 343.823, -144.538, 522.641, 39.4782, 0.0212795, 117.226, 0.878349, 120.933, 1.04448, -55.1651
2818, 46.96667, 8.66261, -135.069, 343.485, -144.543, 521.981, 39.4663, 0.0212141, 117.161, 0.878186, 120.927, 1.044, -55.1752
2818, 46.97500, 8.65114, -135.014, 343.147, -144.547, 521.323, 39.4543, 0.021149, 117.097, 0.878024, 120.922, 1.04352, -55.1852
2819, 46.98333, 8.63971, -134.959, 342.809, -144.552, 520.667, 39.4424, 0.021084, 117.032, 0.877862, 120.916, 1.04305, -55.1953
2820, 46.99167, 8.62831, -134.903, 342.473, -144.556, 520.012, 39.4306, 0.0210192, 116.968, 0.877701, 120.91, 1.04257, -55.2053
2820, 47.00000, 8.61694, -134.847, 342.136, -144.561, 519.358, 39.4187, 0.0209546, 116.903, 0.877541, 120.904, 1.0421, -55.2153
2821, 47.00833, 8.60561, -134.791, 341.801, -144.565, 518.706, 39.4069, 0.0208902, 116.839, 0.877381, 120.898, 1.04163, -55.2253
2821, 47.01667, 8.59431, -134.735, 341.466, -144.57, 518.055, 39.3951, 0.020826, 116.774, 0.877222, 120.892, 1.04116, -55.2353
2822, 47.02500, 8.58305, -134.679, 341.131, -144.574, 517.405, 39.3833, 0.020762, 116.71, 0.877064, 120.887, 1.04069, -55.2452
2822, 47.03333, 8.57182, -134.623, 340.797, -144.578, 516.757, 39.3716, 0.0206982, 116.645, 0.876907, 120.881, 1.04022, -55.2551
2822, 47.04167, 8.56062, -134.566, 340.464, -144.583, 516.11, 39.3598, 0.0206345, 116.58, 0.87675, 120.875, 1.03975, -55.265
2823, 47.05000, 8.54946, -134.509, 340.131, -144.587, 515.465, 39.3481, 0.020571, 116.515, 0.876594, 120.869, 1.03929, -55.2749
2824, 47.05833, 8.53833, -134.452, 339.798, -144.592, 514.821, 39.3365, 0.0205077, 116.451, 0.876438, 120.864, 1.03882, -55.2847
2824, 47.06667, 8.52723, -134.395, 339.467, -144.596, 514.178, 39.3248, 0.0204446, 116.386, 0.876283, 120.858, 1.03836, -55.2945
2825, 47.07500, 8.51616, -134.337, 339.136, -144.6, 513.537, 39.3132, 0.0203817, 116.321, 0.876129, 120.852, 1.0379, -55.3043
2825, 47.08333, 8.50513, -134.28, 338.805, -144.605, 512.897, 39.3016, 0.020319, 116.256, 0.875976, 120.847, 1.03744, -55.3141
2826, 47.09167, 8.49414, -134.222, 338.475, -144.609, 512.258, 39.29, 0.0202564, 116.191, 0.875823, 120.841, 1.03698, -55.3239
2826, 47.10000, 8.48317, -134.164, 338.145, -144.613, 511.621, 39.2785, 0.020194, 116.126, 0.875671, 120.835, 1.03652, -55.3336
2826, 47.10833, 8.47224, -134.106, 337.817, -144.618, 510.985, 39.267, 0.0201318, 116.061, 0.875519, 120.83, 1.03606, -55.3433
2827, 47.11667, 8.46134, -134.048, 337.488, -144.622, 510.35, 39.2555, 0.0200698, 115.996, 0.875369, 120.824, 1.03561, -55.353
2828, 47.12500, 8.45048, -133.989, 337.16, -144.626, 509.717, 39.244, 0.020008, 115.931, 0.875219, 120.819, 1.03515, -55.3627
2828, 47.13333, 8.43965, -133.931, 336.833, -144.63, 509.085, 39.2326, 0.0199463, 115.865, 0.875069, 120.813, 1.0347, -55.3723
2829, 47.14167, 8.42885, -133.872, 336.506, -144.635, 508.454, 39.2211, 0.0198848, 115.8, 0.87492, 120.807, 1.03425, -55.382
2829, 47.15000, 8.41808, -133.813, 336.18, -144.639, 507.825, 39.2097, 0.0198235, 115.735, 0.874772, 120.802, 1.0338, -55.3916
2830, 47.15833, 8.40735, -133.753, 335.854, -144.643, 507.197, 39.1984, 0.0197624, 115.67, 0.874625, 120.796, 1.03335, -55.4011
2830, 47.16667, 8.39664, -133.694, 335.529, -144.647, 506.57, 39.187, 0.0197014, 115.604, 0.874478, 120.791, 1.0329, -55.4107
2830, 47.17500, 8.38597, -133.634, 335.205, -144.651, 505.945, 39.1757, 0.0196407, 115.539, 0.874332, 120.785, 1.03245, -55.4202
2831, 47.18333, 8.37534, -133.575, 334.881, -144.656, 505.321, 39.1644, 0.0195801, 115.473, 0.874187, 120.78, 1.03201, -55.4298
2832, 47.19167, 8.36473, -133.515, 334.557, -144.66, 504.698, 39.1531, 0.0195196, 115.408, 0.874042, 120.774, 1.03156, -55.4393
2832, 47.20000, 8.35416, -133.454, 334.234, -144.664, 504.076, 39.1418, 0.0194594, 115.342, 0.873898, 120.769, 1.03112, -55.4487
2833, 47.20833, 8.34362, -133.394, 333.912, -144.668, 503.456, 39.1306, 0.0193993, 115.277, 0.873754, 120.763, 1.03068, -55.4582
2833, 47.21667, 8.33312, -133.334, 333.59, -144.672, 502.837, 39.1194, 0.0193394, 115.211, 0.873611, 120.758, 1.03023, -55.4676
2834, 47.22500, 8.32264, -133.273, 333.269, -144.676, 502.219, 39.1082, 0.0192796, 115.145, 0.873469, 120.752, 1.02979, -55.4771
2834, 47.23333, 8.3122, -133.212, 332.948, -144.68, 501.603, 39.0971, 0.0192201, 115.079, 0.873328, 120.747, 1.02936, -55.4865
2834, 47.24167, 8.30179, -133.151, 332.627, -144.684, 500.988, 39.0859, 0.0191607, 115.014, 0.873187, 120.741, 1.02892, -55.4958
2835, 47.25000, 8.29141, -133.09, 332.308, -144.688, 500.374, 39.0748, 0.0191015, 114.948, 0.873046, 120.736, 1.02848, -55.5052
2836, 47.25833, 8.28106, -133.028, 331.988, -144.692, 499.761, 39.0637, 0.0190424, 114.882, 0.872907, 120.73, 1.02805, -55.5145
2836, 47.26667, 8.27075, -132.967, 331.67, -144.696, 499.15, 39.0527, 0.0189835, 114.816, 0.872768, 120.725, 1.02761, -55.5238
2837, 47.27500, 8.26047, -132.905, 331.352, -144.7, 498.54, 39.0416, 0.0189248, 114.75, 0.87263, 120.72, 1.02718, -55.5331
2837, 47.28333, 8.25022, -132.843, 331.034, -144.704, 497.931, 39.0306, 0.0188663, 114.684, 0.872492, 120.714, 1.02675, -55.5424
2838, 47.29167, 8.24, -132.78, 330.717, -144.708, 497.323, 39.0196, 0.0188079, 114.618, 0.872355, 120.709, 1.02632, -55.5517
2838, 47.30000, 8.22981, -132.718, 330.4, -144.712, 496.717, 39.0086, 0.0187497, 114.552, 0.872219, 120.703, 1.02589, -55.5609
2838, 47.30833, 8.21966, -132.656, 330.084, -144.716, 496.112, 38.9977, 0.0186916, 114.486, 0.872083, 120.698, 1.02546, -55.5701
2839, 47.31667, 8.20953, -132.593, 329.768, -144.72, 495.508, 38.9868, 0.0186337, 114.419, 0.871948, 120.693, 1.02503, -55.5793
2840, 47.32500, 8.19944, -132.53, 329.453, -144.724, 494.905, 38.9758, 0.018576, 114.353, 0.871813, 120.687, 1.0246, -55.5885
2840, 47.33333, 8.18938, -132.467, 329.139, -144.728, 494.304, 38.965, 0.0185185, 114.287, 0.87168, 120.682, 1.02418, -55.5976
2841, 47.34167, 8.17935, -132.403, 328.824, -144.732, 493.703, 38.9541, 0.0184611, 114.22, 0.871546, 120.677, 1.02376, -55.6068
2841, 47.35000, 8.16936, -132.34, 328.511, -144.735, 493.104, 38.9433, 0.0184038, 114.154, 0.871414, 120.672, 1.02333, -55.6159
2842, 47.35833, 8.15939, -132.276, 328.198, -144.739, 492.506, 38.9324, 0.0183468, 114.087, 0.871282, 120.666, 1.02291, -55.625
2842, 47.36667, 8.14946, -132.212, 327.885, -144.743, 491.91, 38.9216, 0.0182899, 114.021, 0.871151, 120.661, 1.02249, -55.634
2842, 47.37500, 8.13955, -132.148, 327.573, -144.747, 491.314, 38.9109, 0.0182332, 113.954, 0.87102, 120.656, 1.02207, -55.6431
2843, 47.38333, 8.12968, -132.084, 327.262, -144.751, 490.72, 38.9001, 0.0181766, 113.888, 0.87089, 120.651, 1.02165, -55.6521
2844, 47.39167, 8.11984, -132.019, 326.951, -144.754, 490.127, 38.8894, 0.0181202, 113.821, 0.870761, 120.645, 1.02124, -55.6611
2844, 47.40000, 8.11003, -131.954, 326.64, -144.758, 489.535, 38.8787, 0.0180639, 113.754, 0.870632, 120.64, 1.02082, -55.6701
2845, 47.40833, 8.10026, -131.89, 326.33, -144.762, 488.945, 38.868, 0.0180078, 113.687, 0.870504, 120.635, 1.0204, -55.6791
2845, 47.41667, 8.09051, -131.825, 326.021, -144.766, 488.355, 38.8573, 0.0179519, 113.621, 0.870376, 120.63, 1.01999, -55.6881
2846, 47.42500, 8.08079, -131.759, 325.711, -144.769, 487.767, 38.8467, 0.0178961, 113.554, 0.870249, 120.624, 1.01958, -55.697
2846, 47.43333, 8.07111, -131.694, 325.403, -144.773, 487.18, 38.8361, 0.0178405, 113.487, 0.870123, 120.619, 1.01917, -55.7059
2846, 47.44167, 8.06146, -131.628, 325.095, -144.777, 486.594, 38.8255, 0.017785, 113.42, 0.869998, 120.614, 1.01876, -55.7149
2847, 47.45000, 8.05184, -131.562, 324.787, -144.78, 486.009, 38.8149, 0.0177297, 113.353, 0.869873, 120.609, 1.01835, -55.7237
2848, 47.45833, 8.04225, -131.496, 324.48, -144.784, 485.425, 38.8044, 0.0176746, 113.286, 0.869748, 120.604, 1.01794, -55.7326
2848, 47.46667, 8.03269, -131.43, 324.174, -144.788, 484.843, 38.7938, 0.0176196, 113.218, 0.869624, 120.599, 1.01753, -55.7414
2849, 47.47500, 8.02316, -131.364, 323.867, -144.791, 484.261, 38.7833, 0.0175648, 113.151, 0.869501, 120.594, 1.01712, -55.7503
2849, 47.48333, 8.01366, -131.297, 323.562, -144.795, 483.681, 38.7728, 0.0175101, 113.084, 0.869379, 120.588, 1.01672, -55.7591
2850, 47.49167, 8.00419, -131.23, 323.257, -144.799, 483.102, 38.7623, 0.0174556, 113.017, 0.869257, 120.583, 1.01631, -55.7679
2850, 47.50000, 7.99476, -131.163, 322.952, -144.802, 482.525, 38.7519, 0.0174012, 112.949, 0.869135, 120.578, 1.01591, -55.7767
2850, 47.50833, 7.98535, -131.096, 322.648, -144.806, 481.948, 38.7415, 0.017347, 112.882, 0.869015, 120.573, 1.01551, -55.7854
2851, 47.51667, 7.97598, -131.029, 322.344, -144.809, 481.372, 38.7311, 0.017293, 112.814, 0.868895, 120.568, 1.01511, -55.7941
2852, 47.52500, 7.96664, -130.961, 322.041, -144.813, 480.798, 38.7207, 0.0172391, 112.747, 0.868775, 120.563, 1.01471, -55.8029
2852, 47.53333, 7.95733, -130.893, 321.738, -144.816, 480.224, 38.7103, 0.0171853, 112.679, 0.868656, 120.558, 1.01431, -55.8116
2853, 47.54167, 7.94804, -130.825, 321.436, -144.82, 479.652, 38.7, 0.0171317, 112.611, 0.868538, 120.553, 1.01391, -55.8202
2853, 47.55000, 7.9388, -130.757, 321.134, -144.823, 479.081, 38.6896, 0.0170783, 112.544, 0.86842, 120.548, 1.01351, -55.8289
2854, 47.55833, 7.92958, -130.689, 320.833, -144.827, 478.511, 38.6793, 0.017025, 112.476, 0.868303, 120.543, 1.01312, -55.8376
2854, 47.56667, 7.92039, -130.62, 320.532, -144.83, 477.942, 38.669, 0.0169719, 112.408, 0.868187, 120.538, 1.01272, -55.8462
2854, 47.57500, 7.91123, -130.552, 320.232, -144.834, 477.375, 38.6588, 0.0169189, 112.34, 0.868071, 120.533, 1.01233, -55.8548
2855, 47.58333, 7.9021, -130.483, 319.932, -144.837, 476.808, 38.6485, 0.016866, 112.272, 0.867956, 120.528, 1.01194, -55.8634
2856, 47.59167, 7.89301, -130.413, 319.632, -144.841, 476.243, 38.6383, 0.0168134, 112.204, 0.867841, 120.523, 1.01155, -55.872
2856, 47.60000, 7.88394, -130.344, 319.333, -144.844, 475.678, 38.6281, 0.0167608, 112.136, 0.867727, 120.518, 1.01116, -55.8805
2857, 47.60833, 7.87491, -130.275, 319.035, -144.847, 475.115, 38.6179, 0.0167084, 112.068, 0.867613, 120.513, 1.01077, -55.8891
2857, 47.61667, 7.8659, -130.205, 318.737, -144.851, 474.553, 38.6078, 0.0166562, 112, 0.8675, 120.508, 1.01038, -55.8976
2858, 47.62500, 7.85693, -130.135, 318.439, -144.854, 473.992, 38.5976, 0.0166041, 111.932, 0.867388, 120.503, 1.00999, -55.9061
2858, 47.63333, 7.84798, -130.065, 318.142, -144.857, 473.432, 38.5875, 0.0165522, 111.863, 0.867277, 120.498, 1.0096, -55.9146
2858, 47.64167, 7.83907, -129.994, 317.846, -144.861, 472.873, 38.5774, 0.0165004, 111.795, 0.867166, 120.493, 1.00922, -55.923
2859, 47.65000, 7.83019, -129.924, 317.549, -144.864, 472.315, 38.5673, 0.0164487, 111.726, 0.867055, 120.489, 1.00883, -55.9315
2860, 47.65833, 7.82134, -129.853, 317.254, -144.867, 471.758, 38.5572, 0.0163972, 111.658, 0.866945, 120.484, 1.00845, -55.9399
2860, 47.66667, 7.81252, -129.782, 316.958, -144.871, 471.203, 38.5472, 0.0163458, 111.589, 0.866836, 120.479, 1.00807, -55.9484
2861, 47.67500, 7.80373, -129.711, 316.664, -144.874, 470.648, 38.5372, 0.0162946, 111.521, 0.866727, 120.474, 1.00769, -55.9568
2861, 47.68333, 7.79497, -129.64, 316.369, -144.877, 470.094, 38.5272, 0.0162436, 111.452, 0.866619, 120.469, 1.00731, -55.9651
2862, 47.69167, 7.78624, -129.568, 316.075, -144.881, 469.542, 38.5172, 0.0161926, 111.383, 0.866512, 120.464, 1.00693, -55.9735
2862, 47.70000, 7.77754, -129.497, 315.782, -144.884, 468.99, 38.5072, 0.0161419, 111.314, 0.866405, 120.459, 1.00655, -55.9819
2862, 47.70833, 7.76888, -129.425, 315.489, -144.887, 468.44, 38.4973, 0.0160912, 111.246, 0.866298, 120.454, 1.00617, -55.9902
2863, 47.71667, 7.76024, -129.352, 315.196, -144.89, 467.891, 38.4873, 0.0160407, 111.177, 0.866192, 120.45, 1.00579, -55.9985
2864, 47.72500, 7.75163, -129.28, 314.904, -144.893, 467.343, 38.4774, 0.0159904, 111.108, 0.866087, 120.445, 1.00542, -56.0068
2864, 47.73333, 7.74306, -129.208, 314.613, -144.897, 466.795, 38.4675, 0.0159402, 111.039, 0.865983, 120.44, 1.00504, -56.0151
2865, 47.74167, 7.73451, -129.135, 314.321, -144.9, 466.249, 38.4576, 0.0158901, 110.969, 0.865879, 120.435, 1.00467, -56.0234
2865, 47.75000, 7.726, -129.062, 314.031, -144.903, 465.704, 38.4478, 0.0158402, 110.9, 0.865775, 120.43, 1.0043, -56.0316
2866, 47.75833, 7.71751, -128.989, 313.74, -144.906, 465.16, 38.438, 0.0157904, 110.831, 0.865672, 120.426, 1.00393, -56.0399
2866, 47.76667, 7.70906, -128.915, 313.45, -144.909, 464.617, 38.4281, 0.0157408, 110.762, 0.86557, 120.421, 1.00356, -56.0481
2866, 47.77500, 7.70064, -128.842, 313.161, -144.912, 464.075, 38.4183, 0.0156913, 110.692, 0.865468, 120.416, 1.00319, -56.0563
2867, 47.78333, 7.69225, -128.768, 312.872, -144.915, 463.534, 38.4086, 0.0156419, 110.623, 0.865367, 120.411, 1.00282, -56.0645
2868, 47.79167, 7.68388, -128.694, 312.583, -144.918, 462.994, 38.3988, 0.0155927, 110.553, 0.865267, 120.407, 1.00245, -56.0726
2868, 47.80000, 7.67555, -128.62, 312.295, -144.922, 462.455, 38.3891, 0.0155436, 110.484, 0.865167, 120.402, 1.00208, -56.0808
2869, 47.80833, 7.66725, -128.546, 312.008, -144.925, 461.917, 38.3793, 0.0154947, 110.414, 0.865067, 120.397, 1.00172, -56.0889
2869, 47.81667, 7.65898, -128.471, 311.72, -144.928, 461.38, 38.3696, 0.0154459, 110.344, 0.864969, 120.393, 1.00135, -56.097
2870, 47.82500, 7.65074, -128.396, 311.434, -144.931, 460.844, 38.3599, 0.0153972, 110.274, 0.86487, 120.388, 1.00099, -56.1051
2870, 47.83333, 7.64254, -128.321, 311.147, -144.934, 460.309, 38.3503, 0.0153487, 110.204, 0.864773, 120.383, 1.00063, -56.1132
2870, 47.84167, 7.63436, -128.246, 310.861, -144.937, 459.776, 38.3406, 0.0153003, 110.135, 0.864676, 120.378, 1.00026, -56.1213
2871, 47.85000, 7.62621, -128.171, 310.576, -144.94, 459.243, 38.331, 0.0152521, 110.065, 0.864579, 120.374, 0.999902, -56.1294
2872, 47.85833, 7.6181, -128.095, 310.291, -144.943, 458.711, 38.3214, 0.015204, 109.994, 0.864483, 120.369, 0.999542, -56.1374
2872, 47.86667, 7.61001, -128.02, 310.006, -144.946, 458.18, 38.3118, 0.015156, 109.924, 0.864388, 120.364, 0.999182, -56.1454
2873, 47.87500, 7.60195, -127.944, 309.722, -144.949, 457.65, 38.3022, 0.0151082, 109.854, 0.864293, 120.36, 0.998824, -56.1534
2873, 47.88333, 7.59393, -127.867, 309.438, -144.952, 457.121, 38.2926, 0.0150605, 109.784, 0.864199, 120.355, 0.998467, -56.1614
2874, 47.89167, 7.58594, -127.791, 309.155, -144.954, 456.593, 38.2831, 0.0150129, 109.713, 0.864105, 120.351, 0.99811, -56.1694
2874, 47.90000, 7.57797, -127.715, 308.872, -144.957, 456.066, 38.2736, 0.0149655, 109.643, 0.864012, 120.346, 0.997755, -56.1774
2874, 47.90833, 7.57004, -127.638, 308.589, -144.96, 455.54, 38.2641, 0.0149182, 109.572, 0.863919, 120.341, 0.9974, -56.1853
2875, 47.91667, 7.56214, -127.561, 308.307, -144.963, 455.015, 38.2546, 0.014871, 109.502, 0.863827, 120.337, 0.997046, -56.1932
2876, 47.92500, 7.55427, -127.484, 308.025, -144.966, 454.491, 38.2451, 0.014824, 109.431, 0.863736, 120.332, 0.996693, -56.2011
2876, 47.93333, 7.54643, -127.406, 307.744, -144.969, 453.968, 38.2357, 0.0147771, 109.36, 0.863645, 120.328, 0.996342, -56.209
2877, 47.94167, 7.53862, -127.329, 307.463, -144.972, 453.446, 38.2262, 0.0147303, 109.289, 0.863555, 120.323, 0.995991, -56.2169
2877, 47.95000, 7.53084, -127.251, 307.183, -144.975, 452.925, 38.2168, 0.0146837, 109.219, 0.863465, 120.318, 0.995641, -56.2248
2878, 47.95833, 7.52309, -127.173, 306.903, -144.977, 452.405, 38.2074, 0.0146372, 109.148, 0.863376, 120.314, 0.995292, -56.2327
2878, 47.96667, 7.51538, -127.094, 306.623, -144.98, 451.886, 38.198, 0.0145909, 109.077, 0.863287, 120.309, 0.994943, -56.2405
2878, 47.97500, 7.50769, -127.016, 306.344, -144.983, 451.368, 38.1886, 0.0145446, 109.005, 0.863199, 120.305, 0.994596, -56.2483
2879, 47.98333, 7.50003, -126.937, 306.065, -144.986, 450.851, 38.1793, 0.0144985, 108.934, 0.863112, 120.3, 0.99425, -56.2561
2880, 47.99167, 7.49241, -126.859, 305.787, -144.988, 450.334, 38.17, 0.0144526, 108.863, 0.863025, 120.296, 0.993904, -56.2639
2880, 48.00000, 7.48482, -126.78, 305.509, -144.991, 449.819, 38.1606, 0.0144067, 108.792, 0.862938, 120.291, 0.993559, -56.2717
2881, 48.00833, 7.47725, -126.7, 305.231, -144.994, 449.305, 38.1513, 0.014361, 108.72, 0.862852, 120.287, 0.993216, -56.2795
2881, 48.01667, 7.46972, -126.621, 304.954, -144.997, 448.791, 38.1421, 0.0143155, 108.649, 0.862767, 120.282, 0.992873, -56.2872
2882, 48.02500, 7.46222, -126.541, 304.678, -144.999, 448.279, 38.1328, 0.01427, 108.577, 0.862682, 120.278, 0.992531, -56.2949
2882, 48.03333, 7.45475, -126.461, 304.401, -145.002, 447.767, 38.1236, 0.0142247, 108.505, 0.862598, 120.273, 0.99219, -56.3027
2883, 48.04167, 7.44732, -126.381, 304.125, -145.005, 447.256, 38.1143, 0.0141795, 108.433, 0.862514, 120.269, 0.991849, -56.3104
2883, 48.05000, 7.43991, -126.301, 303.85, -145.007, 446.747, 38.1051, 0.0141345, 108.362, 0.862431, 120.264, 0.99151, -56.318
2884, 48.05833, 7.43253, -126.22, 303.575, -145.01, 446.238, 38.0959, 0.0140896, 108.29, 0.862349, 120.26, 0.991172, -56.3257
2884, 48.06667, 7.42519, -126.14, 303.3, -145.013, 445.73, 38.0867, 0.0140448, 108.218, 0.862267, 120.255, 0.990834, -56.3334
2885, 48.07500, 7.41787, -126.059, 303.026, -145.015, 445.223, 38.0776, 0.0140001, 108.146, 0.862185, 120.251, 0.990497, -56.341
2885, 48.08333, 7.41059, -125.978, 302.752, -145.018, 444.717, 38.0684, 0.0139556, 108.073, 0.862104, 120.247, 0.990161, -56.3487
2886, 48.09167, 7.40334, -125.896, 302.478, -145.021, 444.212, 38.0593, 0.0139111, 108.001, 0.862024, 120.242, 0.989826, -56.3563
2886, 48.10000, 7.39612, -125.815, 302.205, -145.023, 443.708, 38.0502, 0.0138669, 107.929, 0.861944, 120.238, 0.989492, -56.3639
2887, 48.10833, 7.38893, -125.733, 301.932, -145.026, 443.205, 38.0411, 0.0138227, 107.856, 0.861865, 120.233, 0.989159, -56.3715
2887, 48.11667, 7.38177, -125.651, 301.66, -145.028, 442.702, 38.032, 0.0137787, 107.784, 0.861786, 120.229, 0.988827, -56.379
2888, 48.12500, 7.37465, -125.569, 301.388, -145.031, 442.201, 38.0229, 0.0137348, 107.711, 0.861708, 120.225, 0.988495, -56.3866
2888, 48.13333, 7.36755, -125.487, 301.117, -145.033, 441.7, 38.0139, 0.013691, 107.638, 0.86163, 120.22, 0.988164, -56.3941
2889, 48.14167, 7.36049, -125.404, 300.845, -145.036, 441.201, 38.0048, 0.0136473, 107.566, 0.861553, 120.216, 0.987835, -56.4017
2889, 48.15000, 7.35346, -125.321, 300.575, -145.038, 440.702, 37.9958, 0.0136038, 107.493, 0.861477, 120.211, 0.987506, -56.4092
2890, 48.15833, 7.34646, -125.238, 300.304, -145.041, 440.204, 37.9868, 0.0135604, 107.42, 0.861401, 120.207, 0.987177, -56.4167
2890, 48.16667, 7.33949, -125.155, 300.034, -145.043, 439.707, 37.9778, 0.0135171, 107.347, 0.861325, 120.203, 0.98685, -56.4242
2891, 48.17500, 7.33255, -125.072, 299.765, -145.046, 439.211, 37.9689, 0.013474, 107.274, 0.86125, 120.198, 0.986524, -56.4316
2891, 48.18333, 7.32564, -124.988, 299.496, -145.048, 438.716, 37.9599, 0.0134309, 107.2, 0.861176, 120.194, 0.986198, -56.4391
2892, 48.19167, 7.31877, -124.905, 299.227, -145.051, 438.222, 37.951, 0.013388, 107.127, 0.861102, 120.19, 0.985873, -56.4465
2892, 48.20000, 7.31193, -124.821, 298.958, -145.053, 437.728, 37.942, 0.0133453, 107.053, 0.861028, 120.185, 0.985549, -56.454
2893, 48.20833, 7.30512, -124.736, 298.69, -145.056, 437.236, 37.9331, 0.0133026, 106.98, 0.860956, 120.181, 0.985226, -56.4614
2893, 48.21667, 7.29834, -124.652, 298.423, -145.058, 436.744, 37.9242, 0.0132601, 106.906, 0.860883, 120.177, 0.984904, -56.4688
2894, 48.22500, 7.29159, -124.567, 298.155, -145.06, 436.253, 37.9154, 0.0132176, 106.833, 0.860812, 120.172, 0.984583, -56.4762
2894, 48.23333, 7.28487, -124.482, 297.889, -145.063, 435.763, 37.9065, 0.0131754, 106.759, 0.86074, 120.168, 0.984262, -56.4835
2895, 48.24167, 7.27819, -124.397, 297.622, -145.065, 435.274, 37.8977, 0.0131332, 106.685, 0.86067, 120.164, 0.983942, -56.4909
2895, 48.25000, 7.27154, -124.312, 297.356, -145.068, 434.786, 37.8888, 0.0130911, 106.611, 0.8606, 120.16, 0.983623, -56.4982
2896, 48.25833, 7.26492, -124.227, 297.09, -145.07, 434.299, 37.88, 0.0130492, 106.537, 0.86053, 120.155, 0.983305, -56.5056
2896, 48.26667, 7.25833, -124.141, 296.825, -145.072, 433.812, 37.8712, 0.0130074, 106.463, 0.860461, 120.151, 0.982988, -56.5129
2897, 48.27500, 7.25177, -124.055, 296.56, -145.075, 433.327, 37.8624, 0.0129657, 106.388, 0.860392, 120.147, 0.982671, -56.5202
2897, 48.28333, 7.24525, -123.969, 296.295, -145.077, 432.842, 37.8537, 0.0129242, 106.314, 0.860324, 120.143, 0.982355, -56.5275
2898, 48.29167, 7.23876, -123.883, 296.031, -145.079, 432.358, 37.8449, 0.0128827, 106.239, 0.860257, 120.138, 0.982041, -56.5348
2898, 48.30000, 7.2323, -123.796, 295.767, -145.081, 431.875, 37.8362, 0.0128414, 106.165, 0.86019, 120.134, 0.981726, -56.542
2899, 48.30833, 7.22587, -123.71, 295.503, -145.084, 431.393, 37.8275, 0.0128002, 106.09, 0.860123, 120.13, 0.981413, -56.5493
2899, 48.31667, 7.21948, -123.623, 295.24, -145.086, 430.912, 37.8188, 0.0127591, 106.015, 0.860057, 120.126, 0.981101, -56.5565
2900, 48.32500, 7.21311, -123.536, 294.978, -145.088, 430.431, 37.8101, 0.0127182, 105.94, 0.859992, 120.121, 0.980789, -56.5638
2900, 48.33333, 7.20678, -123.448, 294.715, -145.09, 429.952, 37.8014, 0.0126773, 105.865, 0.859927, 120.117, 0.980478, -56.571
2901, 48.34167, 7.20048, -123.361, 294.453, -145.093, 429.473, 37.7927, 0.0126366, 105.79, 0.859863, 120.113, 0.980168, -56.5782
2901, 48.35000, 7.19422, -123.273, 294.191, -145.095, 428.995, 37.7841, 0.012596, 105.715, 0.859799, 120.109, 0.979859, -56.5853
2902, 48.35833, 7.18799, -123.185, 293.93, -145.097, 428.518, 37.7755, 0.0125555, 105.64, 0.859735, 120.105, 0.97955, -56.5925
2902, 48.36667, 7.18179, -123.097, 293.669, -145.099, 428.041, 37.7668, 0.0125152, 105.564, 0.859672, 120.101, 0.979243, -56.5997
2903, 48.37500, 7.17562, -123.009, 293.409, -145.101, 427.566, 37.7583, 0.0124749, 105.489, 0.85961, 120.096, 0.978936, -56.6068
2903, 48.38333, 7.16948, -122.92, 293.148, -145.104, 427.091, 37.7497, 0.0124348, 105.413, 0.859548, 120.092, 0.97863, -56.614
2904, 48.39167, 7.16338, -122.832, 292.889, -145.106, 426.618, 37.7411, 0.0123948, 105.337, 0.859487, 120.088, 0.978324, -56.6211
2904, 48.40000, 7.15731, -122.743, 292.629, -145.108, 426.145, 37.7325, 0.0123549, 105.261, 0.859426, 120.084, 0.97802, -56.6282
2905, 48.40833, 7.15127, -122.654, 292.37, -145.11, 425.672, 37.724, 0.0123151, 105.186, 0.859366, 120.08, 0.977716, -56.6353
2905, 48.41667, 7.14527, -122.564, 292.111, -145.112, 425.201, 37.7155, 0.0122754, 105.109, 0.859306, 120.076, 0.977413, -56.6423
2906, 48.42500, 7.1393, -122.475, 291.853, -145.114, 424.73, 37.707, 0.0122359, 105.033, 0.859247, 120.072, 0.977111, -56.6494
2906, 48.43333, 7.13336, -122.385, 291.595, -145.116, 424.261, 37.6985, 0.0121964, 104.957, 0.859188, 120.067, 0.976809, -56.6565
2907, 48.44167, 7.12745, -122.295, 291.337, -145.118, 423.792, 37.69, 0.0121571, 104.88, 0.85913, 120.063, 0.976509, -56.6635
2907, 48.45000, 7.12158, -122.205, 291.08, -145.12, 423.324, 37.6815, 0.0121179, 104.804, 0.859073, 120.059, 0.976209, -56.6705
2908, 48.45833, 7.11574, -122.114, 290.823, -145.122, 422.856, 37.673, 0.0120788, 104.727, 0.859016, 120.055, 0.97591, -56.6776
2908, 48.46667, 7.10993, -122.024, 290.566, -145.124, 422.39, 37.6646, 0.0120398, 104.65, 0.858959, 120.051, 0.975611, -56.6846
2909, 48.47500, 7.10416, -121.933, 290.31, -145.126, 421.924, 37.6562, 0.012001, 104.574, 0.858903, 120.047, 0.975314, -56.6915
2909, 48.48333, 7.09842, -121.842, 290.054, -145.128, 421.459, 37.6478, 0.0119623, 104.497, 0.858847, 120.043, 0.975017, -56.6985
2910, 48.49167, 7.09272, -121.751, 289.798, -145.13, 420.995, 37.6394, 0.0119236, 104.419, 0.858792, 120.039, 0.974721, -56.7055
2910, 48.50000, 7.08704, -121.659, 289.543, -145.132, 420.532, 37.631, 0.0118851, 104.342, 0.858737, 120.035, 0.974425, -56.7124
2911, 48.50833, 7.0814, -121.568, 289.288, -145.134, 420.069, 37.6226, 0.0118467, 104.265, 0.858683, 120.031, 0.974131, -56.7194
2911, 48.51667, 7.0758, -121.476, 289.034, -145.136, 419.608, 37.6143, 0.0118084, 104.187, 0.85863, 120.027, 0.973837, -56.7263
2912, 48.52500, 7.07022, -121.384, 288.78, -145.138, 419.147, 37.6059, 0.0117702, 104.11, 0.858577, 120.022, 0.973544, -56.7332
2912, 48.53333, 7.06469, -121.292, 288.526, -145.14, 418.686, 37.5976, 0.0117322, 104.032, 0.858524, 120.018, 0.973252, -56.7401
2913, 48.54167, 7.05918, -121.2, 288.272, -145.142, 418.227, 37.5893, 0.0116942, 103.954, 0.858472, 120.014, 0.97296, -56.747
2913, 48.55000, 7.05371, -121.107, 288.019, -145.144, 417.768, 37.581, 0.0116564, 103.876, 0.85842, 120.01, 0.972669, -56.7539
2914, 48.55833, 7.04827, -121.014, 287.766, -145.146, 417.311, 37.5727, 0.0116187, 103.798, 0.858369, 120.006, 0.972379, -56.7607
2914, 48.56667, 7.04287, -120.921, 287.514, -145.148, 416.854, 37.5644, 0.0115811, 103.72, 0.858319, 120.002, 0.97209, -56.7676
2915, 48.57500, 7.0375, -120.828, 287.262, -145.15, 416.397, 37.5562, 0.0115436, 103.641, 0.858269, 119.998, 0.971801, -56.7744
2915, 48.58333, 7.03216, -120.735, 287.01, -145.152, 415.942, 37.5479, 0.0115062, 103.563, 0.858219, 119.994, 0.971513, -56.7813
2916, 48.59167, 7.02686, -120.641, 286.759, -145.154, 415.487, 37.5397, 0.0114689, 103.484, 0.85817, 119.99, 0.971226, -56.7881
2916, 48.60000, 7.02159, -120.547, 286.508, -145.155, 415.033, 37.5315, 0.0114317, 103.406, 0.858122, 119.986, 0.97094, -56.7949
2917, 48.60833, 7.01636, -120.453, 286.257, -145.157, 414.58, 37.5233, 0.0113947, 103.327, 0.858074, 119.982, 0.970654, -56.8017
2917, 48.61667, 7.01116, -120.359, 286.007, -145.159, 414.127, 37.5151, 0.0113577, 103.248, 0.858026, 119.978, 0.970369, -56.8084
2918, 48.62500, 7.00599, -120.265, 285.756, -145.161, 413.676, 37.5069, 0.0113209, 103.168, 0.857979, 119.974, 0.970085, -56.8152
2918, 48.63333, 7.00086, -120.17, 285.507, -145.163, 413.225, 37.4988, 0.0112842, 103.089, 0.857932, 119.97, 0.969802, -56.822
2919, 48.64167, 6.99577, -120.075, 285.257, -145.164, 412.775, 37.4906, 0.0112476, 103.01, 0.857886, 119.966, 0.969519, -56.8287
2919, 48.65000, 6.9907, -119.981, 285.008, -145.166, 412.325, 37.4825, 0.0112111, 102.93, 0.857841, 119.962, 0.969237, -56.8354
2920, 48.65833, 6.98568, -119.885, 284.76, -145.168, 411.876, 37.4743, 0.0111747, 102.851, 0.857796, 119.959, 0.968956, -56.8421
2920, 48.66667, 6.98068, -119.79, 284.511, -145.17, 411.429, 37.4662, 0.0111384, 102.771, 0.857751, 119.955, 0.968675, -56.8489
2921, 48.67500, 6.97573, -119.695, 284.263, -145.171, 410.981, 37.4581, 0.0111022, 102.691, 0.857707, 119.951, 0.968395, -56.8555
2921, 48.68333, 6.9708, -119.599, 284.015, -145.173, 410.535, 37.4501, 0.0110661, 102.611, 0.857663, 119.947, 0.968116, -56.8622
2922, 48.69167, 6.96591, -119.503, 283.768, -145.175, 410.089, 37.442, 0.0110302, 102.53, 0.85762, 119.943, 0.967838, -56.8689
2922, 48.70000, 6.96106, -119.407, 283.521, -145.177, 409.644, 37.4339, 0.0109943, 102.45, 0.857578, 119.939, 0.96756, -56.8755
2923, 48.70833, 6.95624, -119.31, 283.274, -145.178, 409.2, 37.4259, 0.0109586, 102.369, 0.857536, 119.935, 0.967283, -56.8822
2923, 48.71667, 6.95146, -119.214, 283.028, -145.18, 408.757, 37.4179, 0.010923, 102.289, 0.857494, 119.931, 0.967007, -56.8888
2924, 48.72500, 6.94671, -119.117, 282.782, -145.182, 408.314, 37.4099, 0.0108874, 102.208, 0.857453, 119.927, 0.966731, -56.8955
2924, 48.73333, 6.942, -119.02, 282.536, -145.183, 407.872, 37.4019, 0.010852, 102.127, 0.857412, 119.923, 0.966457, -56.9021
2925, 48.74167, 6.93732, -118.923, 282.29, -145.185, 407.431, 37.3939, 0.0108167, 102.046, 0.857372, 119.919, 0.966182, -56.9087
2925, 48.75000, 6.93267, -118.826, 282.045, -145.186, 406.99, 37.3859, 0.0107815, 101.964, 0.857332, 119.915, 0.965909, -56.9152
2926, 48.75833, 6.92807, -118.729, 281.8, -145.188, 406.55, 37.3779, 0.0107464, 101.883, 0.857293, 119.912, 0.965636, -56.9218
2926, 48.76667, 6.92349, -118.631, 281.556, -145.19, 406.111, 37.37, 0.0107114, 101.801, 0.857254, 119.908, 0.965364, -56.9284
2927, 48.77500, 6.91896, -118.533, 281.312, -145.191, 405.673, 37.362, 0.0106765, 101.72, 0.857216, 119.904, 0.965093, -56.9349
2927, 48.78333, 6.91445, -118.435, 281.068, -145.193, 405.235, 37.3541, 0.0106417, 101.638, 0.857179, 119.9, 0.964822, -56.9415
2928, 48.79167, 6.90999, -118.337, 280.825, -145.194, 404.798, 37.3462, 0.0106071, 101.556, 0.857141, 119.896, 0.964552, -56.948
2928, 48.80000, 6.90556, -118.239, 280.581, -145.196, 404.362, 37.3383, 0.0105725, 101.474, 0.857105, 119.892, 0.964283, -56.9545
2929, 48.80833, 6.90116, -118.14, 280.338, -145.198, 403.926, 37.3304, 0.010538, 101.391, 0.857068, 119.888, 0.964014, -56.961
2929, 48.81667, 6.8968, -118.041, 280.096, -145.199, 403.492, 37.3225, 0.0105037, 101.309, 0.857033, 119.884, 0.963747, -56.9675
2930, 48.82500, 6.89248, -117.942, 279.854, -145.201, 403.057, 37.3147, 0.0104694, 101.226, 0.856997, 119.881, 0.963479, -56.974
2930, 48.83333, 6.8882, -117.843, 279.612, -145.202, 402.624, 37.3068, 0.0104353, 101.143, 0.856962, 119.877, 0.963213, -56.9805
2931, 48.84167, 6.88394, -117.744, 279.37, -145.204, 402.191, 37.299, 0.0104012, 101.06, 0.856928, 119.873, 0.962947, -56.9869
2931, 48.85000, 6.87973, -117.644, 279.129, -145.205, 401.759, 37.2912, 0.0103673, 100.977, 0.856894, 119.869, 0.962682, -56.9934
2932, 48.85833, 6.87555, -117.545, 278.888, -145.207, 401.328, 37.2834, 0.0103335, 100.894, 0.856861, 119.865, 0.962417, -56.9998
2932, 48.86667, 6.87141, -117.445, 278.647, -145.208, 400.898, 37.2756, 0.0102997, 100.81, 0.856828, 119.861, 0.962154, -57.0062
2933, 48.87500, 6.8673, -117.345, 278.407, -145.209, 400.468, 37.2678, 0.0102661, 100.727, 0.856796, 119.858, 0.96189, -57.0126
2933, 48.88333, 6.86323, -117.245, 278.167, -145.211, 400.039, 37.26, 0.0102326, 100.643, 0.856764, 119.854, 0.961628, -57.0191
2934, 48.89167, 6.8592, -117.144, 277.927, -145.212, 399.61, 37.2522, 0.0101992, 100.559, 0.856732, 119.85, 0.961366, -57.0254
2934, 48.90000, 6.8552, -117.044, 277.688, -145.214, 399.182, 37.2445, 0.0101659, 100.475, 0.856701, 119.846, 0.961105, -57.0318
2935, 48.90833, 6.85124, -116.943, 277.449, -145.215, 398.755, 37.2368, 0.0101327, 100.39, 0.856671, 119.842, 0.960845, -57.0382
2935, 48.91667, 6.84732, -116.842, 277.21, -145.217, 398.329, 37.229, 0.0100995, 100.306, 0.856641, 119.839, 0.960585, -57.0445
2936, 48.92500, 6.84343, -116.741, 276.971, -145.218, 397.903, 37.2213, 0.0100665, 100.221, 0.856611, 119.835, 0.960326, -57.0509
2936, 48.93333, 6.83958, -116.64, 276.733, -145.219, 397.478, 37.2136, 0.0100336, 100.136, 0.856582, 119.831, 0.960068, -57.0572
2937, 48.94167, 6.83577, -116.538, 276.495, -145.221, 397.054, 37.2059, 0.0100008, 100.051, 0.856554, 119.827, 0.95981, -57.0636
2937, 48.95000, 6.83199, -116.437, 276.258, -145.222, 396.63, 37.1983, 0.00996815, 99.966, 0.856525, 119.823, 0.959553, -57.0699
2938, 48.95833, 6.82825, -116.335, 276.02, -145.223, 396.207, 37.1906, 0.00993555, 99.8806, 0.856498, 119.82, 0.959296, -57.0762
2938, 48.96667, 6.82455, -116.233, 275.783, -145.225, 395.785, 37.183, 0.00990306, 99.7951, 0.856471, 119.816, 0.95904, -57.0825
2939, 48.97500, 6.82088, -116.131, 275.547, -145.226, 395.363, 37.1753, 0.00987066, 99.7093, 0.856444, 119.812, 0.958785, -57.0887
2939, 48.98333, 6.81725, -116.028, 275.31, -145.227, 394.942, 37.1677, 0.00983837, 99.6234, 0.856418, 119.808, 0.958531, -57.095
2940, 48.99167, 6.81366, -115.926, 275.074, -145.229, 394.522, 37.1601, 0.00980618, 99.5373, 0.856392, 119.805, 0.958277, -57.1013
2940, 49.00000, 6.81011, -115.823, 274.838, -145.23, 394.102, 37.1525, 0.00977409, 99.451, 0.856367, 119.801, 0.958024, -57.1075
2941, 49.00833, 6.80659, -115.72, 274.603, -145.231, 393.683, 37.1449, 0.00974211, 99.3645, 0.856342, 119.797, 0.957771, -57.1137
2941, 49.01667, 6.80311, -115.617, 274.368, -145.232, 393.265, 37.1373, 0.00971022, 99.2778, 0.856318, 119.793, 0.95752, -57.12
2942, 49.02500, 6.79967, -115.514, 274.133, -145.234, 392.847, 37.1297, 0.00967843, 99.1909, 0.856294, 119.79, 0.957268, -57.1262
2942, 49.03333, 6.79627, -115.411, 273.898, -145.235, 392.43, 37.1222, 0.00964675, 99.1039, 0.85627, 119.786, 0.957018, -57.1324
2943, 49.04167, 6.7929, -115.308, 273.664, -145.236, 392.014, 37.1146, 0.00961516, 99.0166, 0.856247, 119.782, 0.956768, -57.1386
2943, 49.05000, 6.78957, -115.204, 273.43, -145.237, 391.598, 37.1071, 0.00958367, 98.9292, 0.856225, 119.779, 0.956519, -57.1448
2944, 49.05833, 6.78628, -115.1, 273.196, -145.239, 391.183, 37.0996, 0.00955229, 98.8415, 0.856203, 119.775, 0.95627, -57.1509
2944, 49.06667, 6.78303, -114.996, 272.963, -145.24, 390.769, 37.0921, 0.009521, 98.7537, 0.856181, 119.771, 0.956022, -57.1571
2945, 49.07500, 6.77982, -114.892, 272.73, -145.241, 390.355, 37.0846, 0.00948981, 98.6656, 0.85616, 119.767, 0.955775, -57.1632
2945, 49.08333, 6.77664, -114.788, 272.497, -145.242, 389.942, 37.0771, 0.00945872, 98.5774, 0.85614, 119.764, 0.955528, -57.1694
2946, 49.09167, 6.7735, -114.683, 272.264, -145.243, 389.53, 37.0696, 0.00942773, 98.489, 0.856119, 119.76, 0.955282, -57.1755
2946, 49.10000, 6.7704, -114.579, 272.032, -145.244, 389.118, 37.0622, 0.00939684, 98.4003, 0.8561, 119.756, 0.955037, -57.1816
2947, 49.10833, 6.76734, -114.474, 271.8, -145.246, 388.707, 37.0547, 0.00936605, 98.3115, 0.856081, 119.753, 0.954792, -57.1877
2947, 49.11667, 6.76432, -114.369, 271.569, -145.247, 388.296, 37.0473, 0.00933536, 98.2225, 0.856062, 119.749, 0.954548, -57.1938
2948, 49.12500, 6.76133, -114.264, 271.337, -145.248, 387.887, 37.0399, 0.00930476, 98.1332, 0.856044, 119.745, 0.954304, -57.1999
2948, 49.13333, 6.75839, -114.159, 271.106, -145.249, 387.478, 37.0324, 0.00927427, 98.0437, 0.856026, 119.742, 0.954061, -57.206
2949, 49.14167, 6.75548, -114.053, 270.875, -145.25, 387.069, 37.025, 0.00924386, 97.9541, 0.856008, 119.738, 0.953819, -57.2121
2949, 49.15000, 6.75261, -113.948, 270.645, -145.251, 386.661, 37.0176, 0.00921356, 97.8642, 0.855991, 119.734, 0.953577, -57.2181
2950, 49.15833, 6.74978, -113.842, 270.415, -145.252, 386.254, 37.0103, 0.00918336, 97.7741, 0.855975, 119.731, 0.953336, -57.2242
2950, 49.16667, 6.74698, -113.736, 270.185, -145.253, 385.847, 37.0029, 0.00915325, 97.6838, 0.855959, 119.727, 0.953096, -57.2302
2951, 49.17500, 6.74423, -113.63, 269.955, -145.254, 385.441, 36.9955, 0.00912325, 97.5932, 0.855944, 119.723, 0.952856, -57.2362
2951, 49.18333, 6.74152, -113.524, 269.726, -145.255, 385.036, 36.9882, 0.00909333, 97.5025, 0.855928, 119.72, 0.952617, -57.2422
2952, 49.19167, 6.73884, -113.418, 269.497, -145.256, 384.631, 36.9809, 0.00906352, 97.4115, 0.855914, 119.716, 0.952378, -57.2482
2952, 49.20000, 6.73621, -113.312, 269.268, -145.257, 384.227, 36.9735, 0.0090338, 97.3204, 0.8559, 119.712, 0.95214, -57.2542
2953, 49.20833, 6.73361, -113.205, 269.039, -145.258, 383.824, 36.9662, 0.00900418, 97.229, 0.855886, 119.709, 0.951903, -57.2602
2953, 49.21667, 6.73105, -113.098, 268.811, -145.259, 383.421, 36.9589, 0.00897465, 97.1373, 0.855873, 119.705, 0.951666, -57.2662
2954, 49.22500, 6.72853, -112.992, 268.583, -145.26, 383.018, 36.9516, 0.00894522, 97.0455, 0.85586, 119.701, 0.95143, -57.2721
2954, 49.23333, 6.72605, -112.885, 268.355, -145.261, 382.617, 36.9443, 0.00891589, 96.9534, 0.855848, 119.698, 0.951195, -57.2781
2955, 49.24167, 6.72361, -112.777, 268.128, -145.262, 382.216, 36.9371, 0.00888665, 96.8611, 0.855836, 119.694, 0.95096, -57.284
2955, 49.25000, 6.72121, -112.67, 267.901, -145.263, 381.815, 36.9298, 0.00885751, 96.7685, 0.855824, 119.69, 0.950726, -57.29
2956, 49.25833, 6.71885, -112.563, 267.674, -145.264, 381.416, 36.9226, 0.00882847, 96.6758, 0.855813, 119.687, 0.950492, -57.2959
2956, 49.26667, 6.71653, -112.455, 267.448, -145.265, 381.017, 36.9153, 0.00879952, 96.5828, 0.855803, 119.683, 0.950259, -57.3018
2957, 49.27500, 6.71425, -112.348, 267.221, -145.266, 380.618, 36.9081, 0.00877067, 96.4895, 0.855793, 119.68, 0.950027, -57.3077
2957, 49.28333, 6.71201, -112.24, 266.995, -145.267, 380.22, 36.9009, 0.00874191, 96.3961, 0.855783, 119.676, 0.949795, -57.3136
2958, 49.29167, 6.7098, -112.132, 266.769, -145.268, 379.823, 36.8937, 0.00871324, 96.3023, 0.855774, 119.672, 0.949564, -57.3195
2958, 49.30000, 6.70764, -112.024, 266.544, -145.269, 379.426, 36.8865, 0.00868467, 96.2084, 0.855765, 119.669, 0.949333, -57.3253
2959, 49.30833, 6.70552, -111.916, 266.319, -145.27, 379.03, 36.8793, 0.0086562, 96.1142, 0.855757, 119.665, 0.949103, -57.3312
2959, 49.31667, 6.70344, -111.807, 266.094, -145.271, 378.634, 36.8722, 0.00862782, 96.0198, 0.855749, 119.662, 0.948874, -57.3371
2960, 49.32500, 6.70139, -111.699, 265.869, -145.271, 378.24, 36.865, 0.00859953, 95.9251, 0.855742, 119.658, 0.948645, -57.3429
2960, 49.33333, 6.69939, -111.59, 265.645, -145.272, 377.845, 36.8578, 0.00857134, 95.8302, 0.855735, 119.654, 0.948417, -57.3487
2961, 49.34167, 6.69743, -111.481, 265.421, -145.273, 377.452, 36.8507, 0.00854324, 95.735, 0.855729, 119.651, 0.948189, -57.3545
2961, 49.35000, 6.69551, -111.373, 265.197, -145.274, 377.058, 36.8436, 0.00851524, 95.6395, 0.855723, 119.647, 0.947962, -57.3604
2962, 49.35833, 6.69363, -111.264, 264.973, -145.275, 376.666, 36.8365, 0.00848733, 95.5439, 0.855717, 119.644, 0.947735, -57.3661
2962, 49.36667, 6.69178, -111.155, 264.75, -145.275, 376.274, 36.8294, 0.00845951, 95.4479, 0.855712, 119.64, 0.94751, -57.3719
2963, 49.37500, 6.68998, -111.045, 264.527, -145.276, 375.883, 36.8223, 0.00843179, 95.3518, 0.855707, 119.636, 0.947284, -57.3777
2963, 49.38333, 6.68822, -110.936, 264.304, -145.277, 375.492, 36.8152, 0.00840416, 95.2553, 0.855703, 119.633, 0.94706, -57.3835
2964, 49.39167, 6.6865, -110.827, 264.082, -145.278, 375.102, 36.8081, 0.00837662, 95.1586, 0.855699, 119.629, 0.946836, -57.3893
2964, 49.40000, 6.68483, -110.717, 263.859, -145.279, 374.712, 36.801, 0.00834918, 95.0617, 0.855696, 119.626, 0.946612, -57.395
2965, 49.40833, 6.68319, -110.607, 263.637, -145.279, 374.323, 36.794, 0.00832183, 94.9644, 0.855693, 119.622, 0.946389, -57.4007
2965, 49.41667, 6.68159, -110.498, 263.416, -145.28, 373.935, 36.7869, 0.00829457, 94.8669, 0.855691, 119.619, 0.946167, -57.4065
2966, 49.42500, 6.68003, -110.388, 263.194, -145.281, 373.547, 36.7799, 0.00826741, 94.7692, 0.855689, 119.615, 0.945945, -57.4122
2966, 49.43333, 6.67852, -110.278, 262.973, -145.281, 373.16, 36.7729, 0.00824034, 94.6712, 0.855687, 119.612, 0.945724, -57.4179
2967, 49.44167, 6.67704, -110.168, 262.752, -145.282, 372.773, 36.7659, 0.00821336, 94.5729, 0.855686, 119.608, 0.945503, -57.4236
2967, 49.45000, 6.67561, -110.057, 262.531, -145.283, 372.387, 36.7589, 0.00818647, 94.4743, 0.855686, 119.604, 0.945283, -57.4293
2968, 49.45833, 6.67422, -109.947, 262.311, -145.284, 372.002, 36.7519, 0.00815967, 94.3755, 0.855685, 119.601, 0.945064, -57.435
2968, 49.46667, 6.67287, -109.837, 262.091, -145.284, 371.617, 36.7449, 0.00813297, 94.2764, 0.855686, 119.597, 0.944845, -57.4407
2969, 49.47500, 6.67156, -109.726, 261.871, -145.285, 371.233, 36.7379, 0.00810636, 94.177, 0.855686, 119.594, 0.944627, -57.4463
2969, 49.48333, 6.67029, -109.615, 261.651, -145.286, 370.849, 36.731, 0.00807984, 94.0774, 0.855687, 119.59, 0.944409, -57.452
2970, 49.49167, 6.66906, -109.505, 261.432, -145.286, 370.466, 36.724, 0.00805341, 93.9774, 0.855689, 119.587, 0.944192, -57.4576
2970, 49.50000, 6.66788, -109.394, 261.213, -145.287, 370.083, 36.7171, 0.00802707, 93.8772, 0.855691, 119.583, 0.943975, -57.4633
2971, 49.50833, 6.66673, -109.283, 260.994, -145.287, 369.701, 36.7102, 0.00800083, 93.7767, 0.855693, 119.58, 0.943759, -57.4689
2971, 49.51667, 6.66563, -109.172, 260.775, -145.288, 369.32, 36.7032, 0.00797467, 93.6759, 0.855696, 119.576, 0.943544, -57.4745
2972, 49.52500, 6.66457, -109.061, 260.557, -145.289, 368.939, 36.6963, 0.0079486, 93.5748, 0.8557, 119.573, 0.943329, -57.4801
2972, 49.53333, 6.66355, -108.95, 260.339, -145.289, 368.558, 36.6894, 0.00792263, 93.4735, 0.855703, 119.569, 0.943115, -57.4857
2973, 49.54167, 6.66257, -108.838, 260.121, -145.29, 368.178, 36.6825, 0.00789675, 93.3718, 0.855708, 119.566, 0.942901, -57.4913
2973, 49.55000, 6.66163, -108.727, 259.903, -145.29, 367.799, 36.6757, 0.00787096, 93.2699, 0.855712, 119.562, 0.942688, -57.4969
2974, 49.55833, 6.66074, -108.615, 259.686, -145.291, 367.421, 36.6688, 0.00784526, 93.1676, 0.855717, 119.559, 0.942475, -57.5024
2974, 49.56667, 6.65989, -108.504, 259.469, -145.291, 367.042, 36.6619, 0.00781964, 93.0651, 0.855723, 119.555, 0.942263, -57.508
2975, 49.57500, 6.65908, -108.392, 259.252, -145.292, 366.665, 36.6551, 0.00779412, 92.9622, 0.855729, 119.552, 0.942052, -57.5135
2975, 49.58333, 6.65831, -108.28, 259.035, -145.293, 366.288, 36.6483, 0.00776869, 92.8591, 0.855735, 119.548, 0.941841, -57.5191
2976, 49.59167, 6.65759, -108.168, 258.819, -145.293, 365.911, 36.6414, 0.00774335, 92.7557, 0.855742, 119.545, 0.94163, -57.5246
2976, 49.60000, 6.6569, -108.056, 258.603, -145.294, 365.536, 36.6346, 0.0077181, 92.6519, 0.855749, 119.541, 0.94142, -57.5301
2977, 49.60833, 6.65626, -107.944, 258.387, -145.294, 365.16, 36.6278, 0.00769294, 92.5479, 0.855757, 119.538, 0.941211, -57.5356
2977, 49.61667, 6.65566, -107.832, 258.172, -145.295, 364.785, 36.621, 0.00766786, 92.4435, 0.855765, 119.534, 0.941002, -57.5411
2978, 49.62500, 6.6551, -107.72, 257.956, -145.295, 364.411, 36.6142, 0.00764288, 92.3388, 0.855774, 119.531, 0.940794, -57.5466
2978, 49.63333, 6.65459, -107.608, 257.741, -145.295, 364.038, 36.6074, 0.00761799, 92.2339, 0.855782, 119.527, 0.940587, -57.5521
2979, 49.64167, 6.65412, -107.496, 257.526, -145.296, 363.664, 36.6007, 0.00759318, 92.1286, 0.855792, 119.524, 0.94038, -57.5576
2979, 49.65000, 6.65369, -107.383, 257.312, -145.296, 363.292, 36.5939, 0.00756847, 92.023, 0.855802, 119.52, 0.940173, -57.5631
2980, 49.65833, 6.6533, -107.271, 257.097, -145.297, 362.92, 36.5871, 0.00754384, 91.917, 0.855812, 119.517, 0.939967, -57.5685
2980, 49.66667, 6.65296, -107.158, 256.883, -145.297, 362.548, 36.5804, 0.0075193, 91.8108, 0.855823, 119.513, 0.939762, -57.574
2981, 49.67500, 6.65265, -107.045, 256.669, -145.298, 362.177, 36.5737, 0.00749486, 91.7042, 0.855834, 119.51, 0.939557, -57.5794
2981, 49.68333, 6.6524, -106.933, 256.456, -145.298, 361.807, 36.567, 0.0074705, 91.5973, 0.855845, 119.506, 0.939353, -57.5848
2982, 49.69167, 6.65218, -106.82, 256.242, -145.298, 361.437, 36.5602, 0.00744622, 91.4901, 0.855857, 119.503, 0.939149, -57.5903
2982, 49.70000, 6.65201, -106.707, 256.029, -145.299, 361.068, 36.5535, 0.00742204, 91.3825, 0.85587, 119.499, 0.938946, -57.5957
2983, 49.70833, 6.65188, -106.594, 255.816, -145.299, 360.699, 36.5468, 0.00739795, 91.2747, 0.855883, 119.496, 0.938743, -57.6011
2983, 49.71667, 6.65179, -106.481, 255.603, -145.299, 360.33, 36.5402, 0.00737394, 91.1665, 0.855896, 119.492, 0.938541, -57.6065
2984, 49.72500, 6.65174, -106.368, 255.391, -145.3, 359.963, 36.5335, 0.00735002, 91.0579, 0.85591, 119.489, 0.938339, -57.6118
2984, 49.73333, 6.65174, -106.255, 255.179, -145.3, 359.595, 36.5268, 0.00732619, 90.949, 0.855924, 119.485, 0.938138, -57.6172
2985, 49.74167, 6.65178, -106.142, 254.967, -145.3, 359.229, 36.5202, 0.00730245, 90.8398, 0.855938, 119.482, 0.937938, -57.6226
2985, 49.75000, 6.65187, -106.029, 254.755, -145.301, 358.863, 36.5135, 0.00727879, 90.7303, 0.855953, 119.478, 0.937738, -57.6279
2986, 49.75833, 6.65199, -105.916, 254.544, -145.301, 358.497, 36.5069, 0.00725523, 90.6204, 0.855969, 119.475, 0.937538, -57.6333
2986, 49.76667, 6.65217, -105.802, 254.332, -145.301, 358.132, 36.5003, 0.00723175, 90.5101, 0.855985, 119.471, 0.937339, -57.6386
2987, 49.77500, 6.65238, -105.689, 254.121, -145.302, 357.767, 36.4936, 0.00720835, 90.3996, 0.856001, 119.468, 0.937141, -57.644
2987, 49.78333, 6.65264, -105.576, 253.91, -145.302, 357.403, 36.487, 0.00718505, 90.2886, 0.856018, 119.465, 0.936943, -57.6493
2988, 49.79167, 6.65294, -105.462, 253.7, -145.302, 357.039, 36.4804, 0.00716183, 90.1773, 0.856035, 119.461, 0.936746, -57.6546
2988, 49.80000, 6.65328, -105.349, 253.49, -145.302, 356.676, 36.4738, 0.0071387, 90.0657, 0.856052, 119.458, 0.936549, -57.6599
2989, 49.80833, 6.65367, -105.235, 253.28, -145.303, 356.314, 36.4673, 0.00711566, 89.9537, 0.85607, 119.454, 0.936353, -57.6652
2989, 49.81667, 6.6541, -105.122, 253.07, -145.303, 355.952, 36.4607, 0.0070927, 89.8414, 0.856089, 119.451, 0.936157, -57.6705
2990, 49.82500, 6.65458, -105.008, 252.86, -145.303, 355.59, 36.4541, 0.00706983, 89.7287, 0.856107, 119.447, 0.935962, -57.6757
2990, 49.83333, 6.6551, -104.895, 252.651, -145.303, 355.229, 36.4476, 0.00704705, 89.6156, 0.856127, 119.444, 0.935767, -57.681
2991, 49.84167, 6.65566, -104.781, 252.442, -145.304, 354.869, 36.441, 0.00702435, 89.5022, 0.856146, 119.44, 0.935573, -57.6863
2991, 49.85000, 6.65626, -104.667, 252.233, -145.304, 354.509, 36.4345, 0.00700174, 89.3884, 0.856166, 119.437, 0.935379, -57.6915
2992, 49.85833, 6.65691, -104.553, 252.024, -145.304, 354.15, 36.428, 0.00697922, 89.2742, 0.856187, 119.434, 0.935186, -57.6968
2992, 49.86667, 6.65761, -104.44, 251.815, -145.304, 353.791, 36.4214, 0.00695678, 89.1597, 0.856208, 119.43, 0.934993, -57.702
2993, 49.87500, 6.65834, -104.326, 251.607, -145.304, 353.432, 36.4149, 0.00693443, 89.0448, 0.856229, 119.427, 0.934801, -57.7072
2993, 49.88333, 6.65912, -104.212, 251.399, -145.304, 353.074, 36.4084, 0.00691217, 88.9296, 0.856251, 119.423, 0.93461, -57.7124
2994, 49.89167, 6.65995, -104.098, 251.191, -145.304, 352.717, 36.402, 0.00688998, 88.8139, 0.856273, 119.42, 0.934419, -57.7176
2994, 49.90000, 6.66082, -103.984, 250.984, -145.305, 352.36, 36.3955, 0.00686789, 88.6979, 0.856296, 119.416, 0.934228, -57.7228
2995, 49.90833, 6.66173, -103.87, 250.777, -145.305, 352.004, 36.389, 0.00684589, 88.5815, 0.856319, 119.413, 0.934038, -57.728
2995, 49.91667, 6.66269, -103.756, 250.569, -145.305, 351.648, 36.3825, 0.00682396, 88.4647, 0.856342, 119.41, 0.933849, -57.7332
2996, 49.92500, 6.66369, -103.642, 250.363, -145.305, 351.292, 36.3761, 0.00680213, 88.3476, 0.856366, 119.406, 0.93366, -57.7384
2996, 49.93333, 6.66473, -103.528, 250.156, -145.305, 350.937, 36.3696, 0.00678038, 88.23, 0.85639, 119.403, 0.933471, -57.7435
2997, 49.94167, 6.66582, -103.414, 249.949, -145.305, 350.583, 36.3632, 0.00675872, 88.1121, 0.856415, 119.399, 0.933283, -57.7487
2997, 49.95000, 6.66696, -103.3, 249.743, -145.305, 350.229, 36.3568, 0.00673714, 87.9938, 0.85644, 119.396, 0.933096, -57.7538
2998, 49.95833, 6.66813, -103.186, 249.537, -145.305, 349.876, 36.3503, 0.00671565, 87.8751, 0.856466, 119.392, 0.932909, -57.759
2998, 49.96667, 6.66936, -103.072, 249.331, -145.305, 349.523, 36.3439, 0.00669424, 87.756, 0.856492, 119.389, 0.932723, -57.7641
2999, 49.97500, 6.67062, -102.958, 249.126, -145.305, 349.17, 36.3375, 0.00667291, 87.6365, 0.856518, 119.386, 0.932537, -57.7692
2999, 49.98333, 6.67193, -102.844, 248.921, -145.305, 348.818, 36.3311, 0.00665168, 87.5166, 0.856545, 119.382, 0.932351, -57.7743
3000, 49.99167, 6.67329, -102.73, 248.715, -145.305, 348.467, 36.3248, 0.00663052, 87.3963, 0.856572, 119.379, 0.932166, -57.7794
3000, 50.00000, 6.67469, -102.616, 248.511, -145.305, 348.116, 36.3184, 0.00660946, 87.2756, 0.856599, 119.375, 0.931982, -57.7845
