Freq, Harmonic, V1, VAngle1, I1, IAngle1
60, 1.00000, 14554.4, -122.887, 1.53997, -148.278
60, 1.00833, 13355, -123.214, 2.98258, -149.698
61, 1.01667, 31.8586, -86.2036, 0.00340044, -111.588
62, 1.02500, 31.9761, -86.0437, 0.00340697, -111.418
62, 1.03333, 32.0943, -85.8849, 0.00341357, -111.251
63, 1.04167, 32.2133, -85.7275, 0.00342021, -111.085
63, 1.05000, 32.333, -85.5713, 0.00342691, -110.922
63, 1.05833, 32.4536, -85.4163, 0.00343367, -110.761
64, 1.06667, 32.5749, -85.2626, 0.00344047, -110.601
65, 1.07500, 32.697, -85.1102, 0.00344732, -110.444
65, 1.08333, 32.8198, -84.959, 0.00345423, -110.288
66, 1.09167, 32.9435, -84.8091, 0.00346118, -110.135
66, 1.10000, 33.0679, -84.6605, 0.00346819, -109.983
66, 1.10833, 33.193, -84.5131, 0.00347524, -109.833
67, 1.11667, 33.319, -84.3669, 0.00348234, -109.685
68, 1.12500, 33.4456, -84.222, 0.00348948, -109.538
68, 1.13333, 33.5731, -84.0783, 0.00349667, -109.394
69, 1.14167, 33.7013, -83.9359, 0.00350391, -109.251
69, 1.15000, 33.8303, -83.7948, 0.00351119, -109.109
69, 1.15833, 33.9601, -83.6549, 0.00351851, -108.97
70, 1.16667, 34.0906, -83.5162, 0.00352588, -108.832
71, 1.17500, 34.2218, -83.3788, 0.00353329, -108.695
71, 1.18333, 34.3539, -83.2426, 0.00354075, -108.56
72, 1.19167, 34.4867, -83.1076, 0.00354824, -108.427
72, 1.20000, 34.6202, -82.9739, 0.00355578, -108.296
72, 1.20833, 34.7545, -82.8414, 0.00356336, -108.165
73, 1.21667, 34.8896, -82.7102, 0.00357098, -108.037
74, 1.22500, 35.0254, -82.5801, 0.00357865, -107.91
74, 1.23333, 35.162, -82.4513, 0.00358635, -107.784
75, 1.24167, 35.2994, -82.3237, 0.00359409, -107.66
75, 1.25000, 35.4375, -82.1973, 0.00360187, -107.537
75, 1.25833, 35.5764, -82.0721, 0.00360969, -107.416
76, 1.26667, 35.716, -81.9481, 0.00361755, -107.296
77, 1.27500, 35.8564, -81.8253, 0.00362545, -107.177
77, 1.28333, 35.9975, -81.7038, 0.00363338, -107.06
78, 1.29167, 36.1394, -81.5834, 0.00364136, -106.944
78, 1.30000, 36.2821, -81.4642, 0.00364937, -106.83
78, 1.30833, 36.4255, -81.3462, 0.00365741, -106.717
79, 1.31667, 36.5696, -81.2294, 0.0036655, -106.605
80, 1.32500, 36.7146, -81.1138, 0.00367362, -106.494
80, 1.33333, 36.8603, -80.9993, 0.00368178, -106.385
81, 1.34167, 37.0067, -80.886, 0.00368998, -106.277
81, 1.35000, 37.1539, -80.7739, 0.00369821, -106.17
81, 1.35833, 37.3019, -80.663, 0.00370648, -106.064
82, 1.36667, 37.4506, -80.5532, 0.00371478, -105.96
83, 1.37500, 37.6001, -80.4446, 0.00372312, -105.857
83, 1.38333, 37.7504, -80.3371, 0.0037315, -105.755
84, 1.39167, 37.9014, -80.2308, 0.00373991, -105.654
84, 1.40000, 38.0532, -80.1256, 0.00374835, -105.554
84, 1.40833, 38.2057, -80.0216, 0.00375683, -105.456
85, 1.41667, 38.3591, -79.9187, 0.00376535, -105.358
86, 1.42500, 38.5131, -79.8169, 0.0037739, -105.262
86, 1.43333, 38.668, -79.7163, 0.00378249, -105.167
87, 1.44167, 38.8236, -79.6168, 0.00379111, -105.072
87, 1.45000, 38.98, -79.5184, 0.00379976, -104.979
87, 1.45833, 39.1371, -79.4211, 0.00380845, -104.887
88, 1.46667, 39.2951, -79.3249, 0.00381718, -104.797
89, 1.47500, 39.4538, -79.2299, 0.00382594, -104.707
89, 1.48333, 39.6132, -79.1359, 0.00383473, -104.618
90, 1.49167, 39.7735, -79.0431, 0.00384356, -104.53
90, 1.50000, 39.9345, -78.9513, 0.00385242, -104.443
90, 1.50833, 40.0963, -78.8607, 0.00386132, -104.358
91, 1.51667, 40.2589, -78.7711, 0.00387025, -104.273
92, 1.52500, 40.4223, -78.6826, 0.00387922, -104.189
92, 1.53333, 40.5864, -78.5953, 0.00388822, -104.106
93, 1.54167, 40.7514, -78.5089, 0.00389725, -104.024
93, 1.55000, 40.9171, -78.4237, 0.00390632, -103.944
93, 1.55833, 41.0835, -78.3395, 0.00391543, -103.864
94, 1.56667, 41.2509, -78.2564, 0.00392457, -103.785
94, 1.57500, 41.4189, -78.1743, 0.00393374, -103.707
95, 1.58333, 41.5878, -78.0933, 0.00394294, -103.63
96, 1.59167, 41.7575, -78.0134, 0.00395219, -103.553
96, 1.60000, 41.9279, -77.9345, 0.00396146, -103.478
96, 1.60833, 42.0991, -77.8567, 0.00397077, -103.404
97, 1.61667, 42.2712, -77.7799, 0.00398012, -103.33
98, 1.62500, 42.4441, -77.7041, 0.0039895, -103.258
98, 1.63333, 42.6177, -77.6294, 0.00399891, -103.186
99, 1.64167, 42.7922, -77.5557, 0.00400836, -103.115
99, 1.65000, 42.9674, -77.483, 0.00401785, -103.045
99, 1.65833, 43.1435, -77.4114, 0.00402737, -102.976
100, 1.66667, 43.3204, -77.3407, 0.00403692, -102.908
101, 1.67500, 43.4981, -77.2711, 0.00404651, -102.84
101, 1.68333, 43.6766, -77.2025, 0.00405614, -102.774
102, 1.69167, 43.8559, -77.135, 0.0040658, -102.708
102, 1.70000, 44.0361, -77.0684, 0.00407549, -102.643
102, 1.70833, 44.217, -77.0028, 0.00408523, -102.579
103, 1.71667, 44.3989, -76.9383, 0.00409499, -102.515
104, 1.72500, 44.5815, -76.8747, 0.0041048, -102.453
104, 1.73333, 44.7649, -76.8121, 0.00411464, -102.391
105, 1.74167, 44.9492, -76.7505, 0.00412451, -102.33
105, 1.75000, 45.1343, -76.6899, 0.00413442, -102.27
105, 1.75833, 45.3203, -76.6303, 0.00414437, -102.211
106, 1.76667, 45.5071, -76.5717, 0.00415436, -102.152
107, 1.77500, 45.6947, -76.514, 0.00416438, -102.094
107, 1.78333, 45.8831, -76.4574, 0.00417443, -102.037
108, 1.79167, 46.0725, -76.4017, 0.00418453, -101.981
108, 1.80000, 46.2626, -76.3469, 0.00419466, -101.926
108, 1.80833, 46.4537, -76.2932, 0.00420483, -101.871
109, 1.81667, 46.6456, -76.2404, 0.00421504, -101.817
109, 1.82500, 46.8383, -76.1885, 0.00422528, -101.764
110, 1.83333, 47.0319, -76.1376, 0.00423556, -101.711
111, 1.84167, 47.2263, -76.0877, 0.00424588, -101.66
111, 1.85000, 47.4216, -76.0387, 0.00425624, -101.609
111, 1.85833, 47.6178, -75.9907, 0.00426663, -101.558
112, 1.86667, 47.8149, -75.9437, 0.00427707, -101.509
113, 1.87500, 48.0128, -75.8975, 0.00428754, -101.46
113, 1.88333, 48.2116, -75.8523, 0.00429805, -101.412
114, 1.89167, 48.4113, -75.8081, 0.0043086, -101.364
114, 1.90000, 48.6119, -75.7648, 0.00431919, -101.318
114, 1.90833, 48.8134, -75.7224, 0.00432981, -101.272
115, 1.91667, 49.0157, -75.681, 0.00434048, -101.227
116, 1.92500, 49.219, -75.6405, 0.00435118, -101.182
116, 1.93333, 49.4231, -75.6009, 0.00436193, -101.138
117, 1.94167, 49.6281, -75.5623, 0.00437272, -101.095
117, 1.95000, 49.8341, -75.5246, 0.00438354, -101.053
117, 1.95833, 50.0409, -75.4878, 0.00439441, -101.011
118, 1.96667, 50.2486, -75.4519, 0.00440531, -100.97
119, 1.97500, 50.4573, -75.4169, 0.00441626, -100.929
119, 1.98333, 50.6669, -75.3829, 0.00442724, -100.89
120, 1.99167, 50.8774, -75.3498, 0.00443827, -100.851
120, 2.00000, 51.0887, -75.3176, 0.00444934, -100.812
120, 2.00833, 51.3011, -75.2862, 0.00446045, -100.775
121, 2.01667, 51.5143, -75.2558, 0.0044716, -100.738
122, 2.02500, 51.7285, -75.2264, 0.0044828, -100.701
122, 2.03333, 51.9436, -75.1978, 0.00449403, -100.666
123, 2.04167, 52.1597, -75.1701, 0.00450531, -100.631
123, 2.05000, 52.3766, -75.1433, 0.00451663, -100.597
123, 2.05833, 52.5946, -75.1174, 0.00452799, -100.563
124, 2.06667, 52.8134, -75.0925, 0.00453939, -100.53
125, 2.07500, 53.0333, -75.0684, 0.00455084, -100.498
125, 2.08333, 53.254, -75.0452, 0.00456233, -100.466
126, 2.09167, 53.4758, -75.0229, 0.00457386, -100.435
126, 2.10000, 53.6984, -75.0015, 0.00458543, -100.405
126, 2.10833, 53.9221, -74.981, 0.00459705, -100.375
127, 2.11667, 54.1467, -74.9613, 0.00460872, -100.346
128, 2.12500, 54.3722, -74.9426, 0.00462042, -100.318
128, 2.13333, 54.5988, -74.9248, 0.00463217, -100.29
129, 2.14167, 54.8263, -74.9078, 0.00464397, -100.263
129, 2.15000, 55.0548, -74.8917, 0.00465581, -100.237
129, 2.15833, 55.2843, -74.8765, 0.00466769, -100.211
130, 2.16667, 55.5147, -74.8622, 0.00467962, -100.186
131, 2.17500, 55.7462, -74.8487, 0.00469159, -100.161
131, 2.18333, 55.9786, -74.8361, 0.00470361, -100.138
132, 2.19167, 56.212, -74.8244, 0.00471567, -100.114
132, 2.20000, 56.4464, -74.8136, 0.00472778, -100.092
132, 2.20833, 56.6818, -74.8036, 0.00473993, -100.07
133, 2.21667, 56.9183, -74.7946, 0.00475213, -100.049
134, 2.22500, 57.1557, -74.7863, 0.00476438, -100.028
134, 2.23333, 57.3941, -74.779, 0.00477667, -100.008
135, 2.24167, 57.6335, -74.7725, 0.004789, -99.989
135, 2.25000, 57.874, -74.7669, 0.00480139, -99.9704
135, 2.25833, 58.1154, -74.7621, 0.00481382, -99.9524
136, 2.26667, 58.3579, -74.7582, 0.0048263, -99.935
137, 2.27500, 58.6015, -74.7552, 0.00483882, -99.9182
137, 2.28333, 58.846, -74.753, 0.00485139, -99.9021
138, 2.29167, 59.0916, -74.7517, 0.00486401, -99.8866
138, 2.30000, 59.3382, -74.7513, 0.00487667, -99.8718
138, 2.30833, 59.5858, -74.7516, 0.00488938, -99.8575
139, 2.31667, 59.8345, -74.7529, 0.00490214, -99.8439
140, 2.32500, 60.0842, -74.755, 0.00491495, -99.831
140, 2.33333, 60.3349, -74.7579, 0.00492781, -99.8186
141, 2.34167, 60.5867, -74.7617, 0.00494071, -99.8069
141, 2.35000, 60.8396, -74.7663, 0.00495366, -99.7959
141, 2.35833, 61.0935, -74.7718, 0.00496666, -99.7854
142, 2.36667, 61.3485, -74.7781, 0.00497971, -99.7756
143, 2.37500, 61.6045, -74.7853, 0.00499281, -99.7664
143, 2.38333, 61.8616, -74.7933, 0.00500596, -99.7578
144, 2.39167, 62.1198, -74.8021, 0.00501915, -99.7498
144, 2.40000, 62.379, -74.8118, 0.0050324, -99.7425
144, 2.40833, 62.6393, -74.8223, 0.00504569, -99.7357
145, 2.41667, 62.9006, -74.8336, 0.00505904, -99.7296
146, 2.42500, 63.1631, -74.8458, 0.00507243, -99.7241
146, 2.43333, 63.4266, -74.8587, 0.00508587, -99.7192
147, 2.44167, 63.6913, -74.8726, 0.00509937, -99.715
147, 2.45000, 63.957, -74.8872, 0.00511291, -99.7113
147, 2.45833, 64.2237, -74.9026, 0.00512651, -99.7083
148, 2.46667, 64.4917, -74.9189, 0.00514015, -99.7058
149, 2.47500, 64.7607, -74.936, 0.00515385, -99.704
149, 2.48333, 65.0307, -74.9538, 0.00516759, -99.7028
150, 2.49167, 65.302, -74.9725, 0.00518139, -99.7021
150, 2.50000, 65.5743, -74.992, 0.00519524, -99.7021
150, 2.50833, 65.8477, -75.0123, 0.00520914, -99.7027
151, 2.51667, 66.1223, -75.0334, 0.0052231, -99.7039
152, 2.52500, 66.398, -75.0554, 0.0052371, -99.7056
152, 2.53333, 66.6748, -75.078, 0.00525116, -99.708
153, 2.54167, 66.9527, -75.1015, 0.00526527, -99.711
153, 2.55000, 67.2318, -75.1258, 0.00527944, -99.7145
153, 2.55833, 67.512, -75.1509, 0.00529365, -99.7187
154, 2.56667, 67.7934, -75.1768, 0.00530792, -99.7234
155, 2.57500, 68.0759, -75.2034, 0.00532225, -99.7287
155, 2.58333, 68.3596, -75.2308, 0.00533663, -99.7346
156, 2.59167, 68.6445, -75.259, 0.00535106, -99.7411
156, 2.60000, 68.9305, -75.2879, 0.00536555, -99.7481
156, 2.60833, 69.2176, -75.3177, 0.00538009, -99.7557
157, 2.61667, 69.506, -75.3482, 0.00539469, -99.7639
158, 2.62500, 69.7956, -75.3794, 0.00540935, -99.7727
158, 2.63333, 70.0863, -75.4114, 0.00542406, -99.782
159, 2.64167, 70.3783, -75.4442, 0.00543883, -99.7919
159, 2.65000, 70.6715, -75.4777, 0.00545365, -99.8024
159, 2.65833, 70.9659, -75.512, 0.00546853, -99.8135
160, 2.66667, 71.2615, -75.547, 0.00548348, -99.8251
161, 2.67500, 71.5583, -75.5828, 0.00549848, -99.8372
161, 2.68333, 71.8564, -75.6193, 0.00551354, -99.8499
162, 2.69167, 72.1558, -75.6565, 0.00552866, -99.8632
162, 2.70000, 72.4564, -75.6945, 0.00554384, -99.877
162, 2.70833, 72.7583, -75.7332, 0.00555908, -99.8914
163, 2.71667, 73.0614, -75.7727, 0.00557439, -99.9063
164, 2.72500, 73.3659, -75.8129, 0.00558976, -99.9218
164, 2.73333, 73.6716, -75.8538, 0.00560519, -99.9378
165, 2.74167, 73.9787, -75.8954, 0.00562068, -99.9544
165, 2.75000, 74.2871, -75.9377, 0.00563624, -99.9715
165, 2.75833, 74.5968, -75.9808, 0.00565187, -99.9892
166, 2.76667, 74.9079, -76.0246, 0.00566756, -100.007
167, 2.77500, 75.2203, -76.0691, 0.00568332, -100.026
167, 2.78333, 75.5341, -76.1143, 0.00569914, -100.045
168, 2.79167, 75.8494, -76.1603, 0.00571504, -100.065
168, 2.80000, 76.166, -76.2069, 0.00573101, -100.086
168, 2.80833, 76.484, -76.2543, 0.00574704, -100.107
169, 2.81667, 76.8034, -76.3023, 0.00576315, -100.128
170, 2.82500, 77.1243, -76.3511, 0.00577933, -100.15
170, 2.83333, 77.4467, -76.4006, 0.00579559, -100.173
171, 2.84167, 77.7705, -76.4508, 0.00581192, -100.196
171, 2.85000, 78.0959, -76.5018, 0.00582832, -100.219
171, 2.85833, 78.4227, -76.5534, 0.00584481, -100.243
172, 2.86667, 78.7511, -76.6057, 0.00586137, -100.268
173, 2.87500, 79.081, -76.6588, 0.00587801, -100.294
173, 2.88333, 79.4125, -76.7126, 0.00589473, -100.319
174, 2.89167, 79.7456, -76.7671, 0.00591153, -100.346
174, 2.90000, 80.0802, -76.8224, 0.00592841, -100.373
174, 2.90833, 80.4165, -76.8783, 0.00594538, -100.4
175, 2.91667, 80.7545, -76.935, 0.00596244, -100.428
176, 2.92500, 81.094, -76.9924, 0.00597958, -100.457
176, 2.93333, 81.4353, -77.0506, 0.0059968, -100.486
177, 2.94167, 81.7783, -77.1095, 0.00601412, -100.516
177, 2.95000, 82.1229, -77.1692, 0.00603153, -100.547
177, 2.95833, 82.4693, -77.2296, 0.00604902, -100.578
178, 2.96667, 82.8175, -77.2908, 0.00606662, -100.61
179, 2.97500, 83.1674, -77.3527, 0.0060843, -100.642
179, 2.98333, 83.5191, -77.4154, 0.00610208, -100.675
180, 2.99167, 83.8727, -77.4789, 0.00611995, -100.708
180, 3.00000, 84.2281, -77.5432, 0.00613793, -100.743
180, 3.00833, 84.5853, -77.6082, 0.006156, -100.777
181, 3.01667, 84.9445, -77.6741, 0.00617417, -100.813
182, 3.02500, 85.3055, -77.7407, 0.00619245, -100.849
182, 3.03333, 85.6684, -77.8082, 0.00621082, -100.886
183, 3.04167, 86.0333, -77.8765, 0.0062293, -100.923
183, 3.05000, 86.4001, -77.9457, 0.00624789, -100.962
183, 3.05833, 86.7689, -78.0157, 0.00626658, -101
184, 3.06667, 87.1398, -78.0865, 0.00628538, -101.04
185, 3.07500, 87.5126, -78.1582, 0.00630429, -101.08
185, 3.08333, 87.8874, -78.2308, 0.0063233, -101.121
186, 3.09167, 88.2644, -78.3043, 0.00634243, -101.163
186, 3.10000, 88.6434, -78.3787, 0.00636167, -101.206
186, 3.10833, 89.0244, -78.4539, 0.00638103, -101.249
187, 3.11667, 89.4077, -78.5301, 0.0064005, -101.293
188, 3.12500, 89.793, -78.6073, 0.00642008, -101.338
188, 3.13333, 90.1804, -78.6853, 0.00643977, -101.384
189, 3.14167, 90.5701, -78.7644, 0.00645959, -101.431
189, 3.15000, 90.9619, -78.8443, 0.00647953, -101.478
189, 3.15833, 91.3559, -78.9253, 0.00649958, -101.526
190, 3.16667, 91.7522, -79.0073, 0.00651975, -101.575
191, 3.17500, 92.1507, -79.0902, 0.00654004, -101.625
191, 3.18333, 92.5514, -79.1742, 0.00656046, -101.676
192, 3.19167, 92.9544, -79.2592, 0.00658099, -101.728
192, 3.20000, 93.3596, -79.3453, 0.00660165, -101.781
192, 3.20833, 93.7671, -79.4324, 0.00662243, -101.834
193, 3.21667, 94.177, -79.5205, 0.00664334, -101.889
194, 3.22500, 94.5891, -79.6098, 0.00666437, -101.944
194, 3.23333, 95.0036, -79.7001, 0.00668553, -102.001
195, 3.24167, 95.4204, -79.7916, 0.00670682, -102.058
195, 3.25000, 95.8396, -79.8842, 0.00672822, -102.117
195, 3.25833, 96.2611, -79.9779, 0.00674976, -102.176
196, 3.26667, 96.685, -80.0727, 0.00677143, -102.237
197, 3.27500, 97.1113, -80.1688, 0.00679322, -102.299
197, 3.28333, 97.5399, -80.266, 0.00681514, -102.361
198, 3.29167, 97.971, -80.3643, 0.00683719, -102.425
198, 3.30000, 98.4045, -80.4639, 0.00685936, -102.49
198, 3.30833, 98.8404, -80.5647, 0.00688167, -102.556
199, 3.31667, 99.2787, -80.6667, 0.00690411, -102.623
200, 3.32500, 99.7194, -80.77, 0.00692667, -102.691
200, 3.33333, 100.163, -80.8745, 0.00694937, -102.76
201, 3.34167, 100.608, -80.9803, 0.0069722, -102.83
201, 3.35000, 101.056, -81.0874, 0.00699515, -102.902
201, 3.35833, 101.507, -81.1957, 0.00701823, -102.975
202, 3.36667, 101.96, -81.3054, 0.00704145, -103.049
203, 3.37500, 102.415, -81.4163, 0.00706479, -103.124
203, 3.38333, 102.873, -81.5286, 0.00708827, -103.2
204, 3.39167, 103.334, -81.6423, 0.00711187, -103.278
204, 3.40000, 103.796, -81.7573, 0.00713561, -103.357
204, 3.40833, 104.262, -81.8736, 0.00715947, -103.437
205, 3.41667, 104.729, -81.9914, 0.00718346, -103.518
206, 3.42500, 105.2, -82.1105, 0.00720758, -103.601
206, 3.43333, 105.672, -82.231, 0.00723183, -103.685
207, 3.44167, 106.147, -82.353, 0.00725621, -103.77
207, 3.45000, 106.625, -82.4763, 0.00728072, -103.857
207, 3.45833, 107.105, -82.6011, 0.00730535, -103.945
208, 3.46667, 107.588, -82.7274, 0.00733012, -104.034
209, 3.47500, 108.073, -82.8551, 0.00735501, -104.125
209, 3.48333, 108.56, -82.9843, 0.00738002, -104.217
210, 3.49167, 109.05, -83.115, 0.00740516, -104.31
210, 3.50000, 109.543, -83.2471, 0.00743043, -104.405
210, 3.50833, 110.037, -83.3808, 0.00745582, -104.501
211, 3.51667, 110.535, -83.516, 0.00748134, -104.599
212, 3.52500, 111.034, -83.6527, 0.00750697, -104.698
212, 3.53333, 111.536, -83.791, 0.00753273, -104.799
213, 3.54167, 112.041, -83.9308, 0.00755862, -104.901
213, 3.55000, 112.548, -84.0722, 0.00758462, -105.004
213, 3.55833, 113.057, -84.2151, 0.00761075, -105.109
214, 3.56667, 113.569, -84.3596, 0.007637, -105.216
215, 3.57500, 114.083, -84.5057, 0.00766336, -105.324
215, 3.58333, 114.599, -84.6534, 0.00768984, -105.433
216, 3.59167, 115.118, -84.8028, 0.00771644, -105.544
216, 3.60000, 115.639, -84.9537, 0.00774315, -105.657
216, 3.60833, 116.163, -85.1063, 0.00776998, -105.771
217, 3.61667, 116.689, -85.2606, 0.00779692, -105.886
217, 3.62500, 117.217, -85.4165, 0.00782398, -106.004
218, 3.63333, 117.747, -85.574, 0.00785114, -106.122
219, 3.64167, 118.28, -85.7333, 0.00787842, -106.243
219, 3.65000, 118.815, -85.8942, 0.00790581, -106.365
219, 3.65833, 119.352, -86.0568, 0.0079333, -106.488
220, 3.66667, 119.891, -86.2211, 0.0079609, -106.613
221, 3.67500, 120.433, -86.3872, 0.0079886, -106.74
221, 3.68333, 120.976, -86.5549, 0.00801641, -106.869
222, 3.69167, 121.522, -86.7244, 0.00804432, -106.999
222, 3.70000, 122.07, -86.8957, 0.00807232, -107.131
222, 3.70833, 122.62, -87.0686, 0.00810043, -107.264
223, 3.71667, 123.173, -87.2434, 0.00812863, -107.399
224, 3.72500, 123.727, -87.4199, 0.00815693, -107.536
224, 3.73333, 124.283, -87.5983, 0.00818532, -107.675
225, 3.74167, 124.841, -87.7784, 0.00821381, -107.815
225, 3.75000, 125.402, -87.9603, 0.00824238, -107.957
225, 3.75833, 125.964, -88.144, 0.00827104, -108.101
226, 3.76667, 126.528, -88.3295, 0.00829979, -108.246
227, 3.77500, 127.094, -88.5169, 0.00832861, -108.394
227, 3.78333, 127.662, -88.7061, 0.00835752, -108.543
228, 3.79167, 128.232, -88.8971, 0.00838651, -108.693
228, 3.80000, 128.803, -89.09, 0.00841558, -108.846
228, 3.80833, 129.376, -89.2848, 0.00844471, -109
229, 3.81667, 129.951, -89.4814, 0.00847393, -109.157
230, 3.82500, 130.528, -89.6799, 0.00850321, -109.315
230, 3.83333, 131.106, -89.8803, 0.00853255, -109.474
231, 3.84167, 131.686, -90.0826, 0.00856196, -109.636
231, 3.85000, 132.268, -90.2868, 0.00859143, -109.799
231, 3.85833, 132.851, -90.4929, 0.00862096, -109.965
232, 3.86667, 133.435, -90.7009, 0.00865055, -110.132
233, 3.87500, 134.021, -90.9109, 0.00868018, -110.301
233, 3.88333, 134.608, -91.1227, 0.00870987, -110.472
234, 3.89167, 135.196, -91.3366, 0.0087396, -110.644
234, 3.90000, 135.786, -91.5523, 0.00876938, -110.819
234, 3.90833, 136.377, -91.7701, 0.00879919, -110.996
235, 3.91667, 136.969, -91.9898, 0.00882905, -111.174
236, 3.92500, 137.562, -92.2114, 0.00885893, -111.354
236, 3.93333, 138.157, -92.435, 0.00888884, -111.537
237, 3.94167, 138.752, -92.6607, 0.00891878, -111.721
237, 3.95000, 139.348, -92.8882, 0.00894874, -111.907
237, 3.95833, 139.945, -93.1178, 0.00897872, -112.095
238, 3.96667, 140.543, -93.3494, 0.00900871, -112.285
238, 3.97500, 141.142, -93.583, 0.00903872, -112.477
239, 3.98333, 141.741, -93.8186, 0.00906872, -112.67
240, 3.99167, 142.341, -94.0562, 0.00909873, -112.866
240, 4.00000, 142.941, -94.2958, 0.00912874, -113.064
240, 4.00833, 143.542, -94.5375, 0.00915874, -113.264
241, 4.01667, 144.143, -94.7812, 0.00918873, -113.465
242, 4.02500, 144.745, -95.0269, 0.0092187, -113.669
242, 4.03333, 145.346, -95.2746, 0.00924865, -113.875
243, 4.04167, 145.948, -95.5244, 0.00927858, -114.082
243, 4.05000, 146.55, -95.7762, 0.00930847, -114.292
243, 4.05833, 147.152, -96.03, 0.00933833, -114.504
244, 4.06667, 147.754, -96.2859, 0.00936815, -114.717
245, 4.07500, 148.356, -96.5439, 0.00939792, -114.933
245, 4.08333, 148.957, -96.8038, 0.00942764, -115.15
246, 4.09167, 149.558, -97.0659, 0.00945731, -115.37
246, 4.10000, 150.159, -97.33, 0.00948691, -115.591
246, 4.10833, 150.759, -97.5961, 0.00951644, -115.815
247, 4.11667, 151.358, -97.8643, 0.0095459, -116.041
248, 4.12500, 151.957, -98.1345, 0.00957529, -116.268
248, 4.13333, 152.555, -98.4068, 0.00960458, -116.498
249, 4.14167, 153.152, -98.6811, 0.00963379, -116.729
249, 4.15000, 153.748, -98.9574, 0.0096629, -116.963
249, 4.15833, 154.342, -99.2358, 0.0096919, -117.198
250, 4.16667, 154.936, -99.5163, 0.0097208, -117.436
251, 4.17500, 155.528, -99.7988, 0.00974958, -117.675
251, 4.18333, 156.118, -100.083, 0.00977824, -117.917
252, 4.19167, 156.707, -100.37, 0.00980678, -118.16
252, 4.20000, 157.295, -100.658, 0.00983517, -118.406
252, 4.20833, 157.88, -100.949, 0.00986342, -118.653
253, 4.21667, 158.464, -101.242, 0.00989153, -118.903
254, 4.22500, 159.045, -101.536, 0.00991948, -119.154
254, 4.23333, 159.624, -101.833, 0.00994727, -119.407
255, 4.24167, 160.201, -102.131, 0.00997489, -119.663
255, 4.25000, 160.776, -102.432, 0.0100023, -119.92
255, 4.25833, 161.348, -102.734, 0.0100296, -120.179
256, 4.26667, 161.918, -103.039, 0.0100567, -120.44
257, 4.27500, 162.484, -103.345, 0.0100835, -120.703
257, 4.28333, 163.048, -103.654, 0.0101102, -120.968
258, 4.29167, 163.609, -103.964, 0.0101367, -121.235
258, 4.30000, 164.166, -104.276, 0.0101629, -121.503
258, 4.30833, 164.72, -104.591, 0.0101889, -121.774
259, 4.31667, 165.271, -104.907, 0.0102147, -122.046
260, 4.32500, 165.818, -105.225, 0.0102402, -122.321
260, 4.33333, 166.362, -105.544, 0.0102655, -122.597
261, 4.34167, 166.901, -105.866, 0.0102905, -122.875
261, 4.35000, 167.437, -106.19, 0.0103153, -123.154
261, 4.35833, 167.968, -106.515, 0.0103397, -123.436
262, 4.36667, 168.496, -106.842, 0.010364, -123.719
263, 4.37500, 169.018, -107.171, 0.0103879, -124.004
263, 4.38333, 169.537, -107.502, 0.0104115, -124.291
264, 4.39167, 170.051, -107.834, 0.0104348, -124.579
264, 4.40000, 170.559, -108.169, 0.0104578, -124.87
264, 4.40833, 171.063, -108.505, 0.0104805, -125.162
265, 4.41667, 171.562, -108.842, 0.0105029, -125.455
265, 4.42500, 172.056, -109.182, 0.0105249, -125.75
266, 4.43333, 172.544, -109.523, 0.0105466, -126.047
267, 4.44167, 173.027, -109.865, 0.0105679, -126.346
267, 4.45000, 173.504, -110.209, 0.0105889, -126.645
267, 4.45833, 173.975, -110.555, 0.0106096, -126.947
268, 4.46667, 174.441, -110.903, 0.0106298, -127.25
269, 4.47500, 174.9, -111.251, 0.0106497, -127.555
269, 4.48333, 175.354, -111.602, 0.0106692, -127.861
270, 4.49167, 175.801, -111.954, 0.0106883, -128.168
270, 4.50000, 176.241, -112.307, 0.010707, -128.477
270, 4.50833, 176.675, -112.662, 0.0107253, -128.787
271, 4.51667, 177.102, -113.018, 0.0107431, -129.099
272, 4.52500, 177.523, -113.375, 0.0107606, -129.412
272, 4.53333, 177.936, -113.734, 0.0107776, -129.726
273, 4.54167, 178.342, -114.094, 0.0107942, -130.042
273, 4.55000, 178.742, -114.456, 0.0108104, -130.359
273, 4.55833, 179.133, -114.819, 0.0108261, -130.677
274, 4.56667, 179.518, -115.183, 0.0108414, -130.996
275, 4.57500, 179.895, -115.548, 0.0108562, -131.317
275, 4.58333, 180.264, -115.914, 0.0108705, -131.638
276, 4.59167, 180.625, -116.281, 0.0108844, -131.961
276, 4.60000, 180.979, -116.65, 0.0108978, -132.285
276, 4.60833, 181.324, -117.019, 0.0109107, -132.609
277, 4.61667, 181.661, -117.39, 0.0109231, -132.935
278, 4.62500, 181.99, -117.761, 0.010935, -133.262
278, 4.63333, 182.311, -118.134, 0.0109465, -133.589
279, 4.64167, 182.623, -118.507, 0.0109574, -133.918
279, 4.65000, 182.927, -118.881, 0.0109679, -134.247
279, 4.65833, 183.222, -119.256, 0.0109778, -134.577
280, 4.66667, 183.509, -119.632, 0.0109872, -134.908
281, 4.67500, 183.787, -120.009, 0.0109961, -135.24
281, 4.68333, 184.056, -120.386, 0.0110045, -135.572
282, 4.69167, 184.316, -120.764, 0.0110123, -135.905
282, 4.70000, 184.567, -121.143, 0.0110197, -136.239
282, 4.70833, 184.809, -121.522, 0.0110264, -136.573
283, 4.71667, 185.041, -121.902, 0.0110327, -136.908
284, 4.72500, 185.265, -122.282, 0.0110384, -137.243
284, 4.73333, 185.479, -122.663, 0.0110436, -137.579
285, 4.74167, 185.684, -123.044, 0.0110483, -137.915
285, 4.75000, 185.88, -123.426, 0.0110524, -138.251
285, 4.75833, 186.066, -123.808, 0.0110559, -138.588
286, 4.76667, 186.243, -124.19, 0.0110589, -138.925
287, 4.77500, 186.41, -124.572, 0.0110614, -139.263
287, 4.78333, 186.568, -124.955, 0.0110633, -139.6
288, 4.79167, 186.716, -125.338, 0.0110647, -139.938
288, 4.80000, 186.855, -125.722, 0.0110655, -140.276
288, 4.80833, 186.984, -126.105, 0.0110658, -140.614
289, 4.81667, 187.103, -126.488, 0.0110655, -140.953
290, 4.82500, 187.213, -126.872, 0.0110647, -141.291
290, 4.83333, 187.313, -127.255, 0.0110633, -141.629
291, 4.84167, 187.404, -127.639, 0.0110614, -141.967
291, 4.85000, 187.485, -128.022, 0.011059, -142.305
291, 4.85833, 187.556, -128.405, 0.011056, -142.643
292, 4.86667, 187.618, -128.789, 0.0110524, -142.981
293, 4.87500, 187.67, -129.171, 0.0110483, -143.318
293, 4.88333, 187.712, -129.554, 0.0110437, -143.656
294, 4.89167, 187.745, -129.936, 0.0110385, -143.993
294, 4.90000, 187.768, -130.318, 0.0110328, -144.329
294, 4.90833, 187.782, -130.7, 0.0110266, -144.665
295, 4.91667, 187.786, -131.082, 0.0110198, -145.001
296, 4.92500, 187.781, -131.462, 0.0110126, -145.337
296, 4.93333, 187.767, -131.843, 0.0110047, -145.672
297, 4.94167, 187.743, -132.223, 0.0109964, -146.006
297, 4.95000, 187.709, -132.602, 0.0109876, -146.34
297, 4.95833, 187.667, -132.981, 0.0109782, -146.673
298, 4.96667, 187.615, -133.359, 0.0109683, -147.006
299, 4.97500, 187.554, -133.737, 0.010958, -147.338
299, 4.98333, 187.484, -134.114, 0.0109471, -147.669
300, 4.99167, 187.405, -134.49, 0.0109358, -148
300, 5.00000, 187.316, -134.865, 0.0109239, -148.33
300, 5.00833, 187.219, -135.24, 0.0109116, -148.659
301, 5.01667, 187.114, -135.614, 0.0108988, -148.987
302, 5.02500, 186.999, -135.987, 0.0108855, -149.315
302, 5.03333, 186.876, -136.359, 0.0108717, -149.641
303, 5.04167, 186.744, -136.73, 0.0108575, -149.967
303, 5.05000, 186.604, -137.1, 0.0108428, -150.291
303, 5.05833, 186.455, -137.469, 0.0108277, -150.615
304, 5.06667, 186.298, -137.838, 0.0108121, -150.938
305, 5.07500, 186.132, -138.205, 0.0107961, -151.259
305, 5.08333, 185.959, -138.571, 0.0107796, -151.58
306, 5.09167, 185.777, -138.936, 0.0107628, -151.899
306, 5.10000, 185.588, -139.3, 0.0107455, -152.217
306, 5.10833, 185.391, -139.663, 0.0107277, -152.534
307, 5.11667, 185.186, -140.024, 0.0107096, -152.85
308, 5.12500, 184.973, -140.385, 0.0106911, -153.165
308, 5.13333, 184.753, -140.744, 0.0106722, -153.479
309, 5.14167, 184.525, -141.102, 0.0106529, -153.791
309, 5.15000, 184.29, -141.458, 0.0106332, -154.102
309, 5.15833, 184.048, -141.814, 0.0106131, -154.412
310, 5.16667, 183.799, -142.168, 0.0105927, -154.72
311, 5.17500, 183.543, -142.521, 0.0105719, -155.027
311, 5.18333, 183.28, -142.872, 0.0105508, -155.333
312, 5.19167, 183.01, -143.222, 0.0105293, -155.637
312, 5.20000, 182.734, -143.57, 0.0105075, -155.94
312, 5.20833, 182.451, -143.918, 0.0104854, -156.241
313, 5.21667, 182.162, -144.263, 0.0104629, -156.541
314, 5.22500, 181.866, -144.607, 0.0104401, -156.84
314, 5.23333, 181.565, -144.95, 0.010417, -157.137
315, 5.24167, 181.257, -145.292, 0.0103936, -157.432
315, 5.25000, 180.943, -145.631, 0.0103699, -157.726
315, 5.25833, 180.624, -145.969, 0.0103459, -158.019
316, 5.26667, 180.299, -146.306, 0.0103216, -158.309
317, 5.27500, 179.968, -146.641, 0.0102971, -158.599
317, 5.28333, 179.632, -146.975, 0.0102723, -158.887
318, 5.29167, 179.291, -147.307, 0.0102472, -159.173
318, 5.30000, 178.945, -147.637, 0.0102219, -159.457
318, 5.30833, 178.593, -147.966, 0.0101963, -159.74
319, 5.31667, 178.237, -148.293, 0.0101705, -160.022
320, 5.32500, 177.875, -148.618, 0.0101445, -160.301
320, 5.33333, 177.509, -148.942, 0.0101183, -160.579
321, 5.34167, 177.139, -149.264, 0.0100918, -160.856
321, 5.35000, 176.764, -149.585, 0.0100651, -161.131
321, 5.35833, 176.384, -149.903, 0.0100382, -161.404
322, 5.36667, 176, -150.221, 0.0100112, -161.675
323, 5.37500, 175.613, -150.536, 0.0099839, -161.945
323, 5.38333, 175.221, -150.85, 0.00995645, -162.213
324, 5.39167, 174.825, -151.162, 0.00992882, -162.479
324, 5.40000, 174.426, -151.472, 0.00990103, -162.743
324, 5.40833, 174.023, -151.781, 0.00987308, -163.006
325, 5.41667, 173.616, -152.087, 0.00984496, -163.267
326, 5.42500, 173.206, -152.393, 0.0098167, -163.527
326, 5.43333, 172.792, -152.696, 0.0097883, -163.784
327, 5.44167, 172.376, -152.997, 0.00975975, -164.04
327, 5.45000, 171.956, -153.297, 0.00973108, -164.294
327, 5.45833, 171.533, -153.595, 0.00970228, -164.547
328, 5.46667, 171.107, -153.892, 0.00967336, -164.797
329, 5.47500, 170.679, -154.186, 0.00964433, -165.046
329, 5.48333, 170.248, -154.479, 0.00961519, -165.293
330, 5.49167, 169.814, -154.77, 0.00958595, -165.539
330, 5.50000, 169.378, -155.06, 0.00955661, -165.782
330, 5.50833, 168.939, -155.347, 0.00952719, -166.024
331, 5.51667, 168.498, -155.633, 0.00949767, -166.264
332, 5.52500, 168.055, -155.917, 0.00946808, -166.502
332, 5.53333, 167.61, -156.199, 0.00943842, -166.739
333, 5.54167, 167.163, -156.48, 0.00940868, -166.974
333, 5.55000, 166.714, -156.759, 0.00937889, -167.207
333, 5.55833, 166.263, -157.036, 0.00934903, -167.438
334, 5.56667, 165.81, -157.311, 0.00931912, -167.668
335, 5.57500, 165.356, -157.584, 0.00928916, -167.895
335, 5.58333, 164.9, -157.856, 0.00925916, -168.121
336, 5.59167, 164.443, -158.126, 0.00922911, -168.346
336, 5.60000, 163.984, -158.394, 0.00919904, -168.568
336, 5.60833, 163.524, -158.66, 0.00916893, -168.789
337, 5.61667, 163.063, -158.925, 0.0091388, -169.008
338, 5.62500, 162.6, -159.188, 0.00910864, -169.225
338, 5.63333, 162.137, -159.449, 0.00907847, -169.441
339, 5.64167, 161.672, -159.709, 0.00904829, -169.655
339, 5.65000, 161.207, -159.967, 0.0090181, -169.867
339, 5.65833, 160.741, -160.223, 0.0089879, -170.077
340, 5.66667, 160.274, -160.477, 0.0089577, -170.286
341, 5.67500, 159.806, -160.73, 0.0089275, -170.493
341, 5.68333, 159.338, -160.98, 0.00889732, -170.698
342, 5.69167, 158.869, -161.23, 0.00886713, -170.902
342, 5.70000, 158.4, -161.477, 0.00883697, -171.104
342, 5.70833, 157.93, -161.723, 0.00880683, -171.304
343, 5.71667, 157.46, -161.967, 0.0087767, -171.502
344, 5.72500, 156.99, -162.21, 0.0087466, -171.699
344, 5.73333, 156.52, -162.45, 0.00871652, -171.894
345, 5.74167, 156.049, -162.689, 0.00868648, -172.088
345, 5.75000, 155.578, -162.927, 0.00865647, -172.28
345, 5.75833, 155.107, -163.163, 0.00862649, -172.47
346, 5.76667, 154.636, -163.397, 0.00859656, -172.659
347, 5.77500, 154.165, -163.629, 0.00856667, -172.846
347, 5.78333, 153.695, -163.86, 0.00853682, -173.031
348, 5.79167, 153.224, -164.089, 0.00850702, -173.215
348, 5.80000, 152.754, -164.317, 0.00847728, -173.397
348, 5.80833, 152.284, -164.543, 0.00844758, -173.577
349, 5.81667, 151.814, -164.767, 0.00841794, -173.756
350, 5.82500, 151.345, -164.99, 0.00838836, -173.934
350, 5.83333, 150.876, -165.212, 0.00835884, -174.109
351, 5.84167, 150.407, -165.431, 0.00832938, -174.284
351, 5.85000, 149.939, -165.649, 0.00829999, -174.456
351, 5.85833, 149.472, -165.866, 0.00827067, -174.627
352, 5.86667, 149.005, -166.081, 0.00824141, -174.797
353, 5.87500, 148.539, -166.294, 0.00821222, -174.965
353, 5.88333, 148.073, -166.506, 0.00818311, -175.132
354, 5.89167, 147.608, -166.717, 0.00815407, -175.297
354, 5.90000, 147.144, -166.925, 0.00812511, -175.46
354, 5.90833, 146.681, -167.133, 0.00809623, -175.622
355, 5.91667, 146.218, -167.339, 0.00806742, -175.783
356, 5.92500, 145.757, -167.543, 0.0080387, -175.942
356, 5.93333, 145.296, -167.746, 0.00801007, -176.099
357, 5.94167, 144.836, -167.947, 0.00798151, -176.255
357, 5.95000, 144.377, -168.147, 0.00795305, -176.41
357, 5.95833, 143.919, -168.346, 0.00792467, -176.563
358, 5.96667, 143.462, -168.543, 0.00789638, -176.715
359, 5.97500, 143.006, -168.739, 0.00786818, -176.865
359, 5.98333, 142.551, -168.933, 0.00784008, -177.014
360, 5.99167, 142.097, -169.126, 0.00781206, -177.162
360, 6.00000, 141.644, -169.317, 0.00778414, -177.308
360, 6.00833, 141.193, -169.507, 0.00775632, -177.452
361, 6.01667, 140.742, -169.696, 0.00772859, -177.596
362, 6.02500, 140.293, -169.883, 0.00770096, -177.738
362, 6.03333, 139.845, -170.069, 0.00767343, -177.879
363, 6.04167, 139.398, -170.253, 0.007646, -178.018
363, 6.05000, 138.953, -170.436, 0.00761866, -178.156
363, 6.05833, 138.509, -170.618, 0.00759143, -178.292
364, 6.06667, 138.066, -170.798, 0.0075643, -178.428
365, 6.07500, 137.624, -170.978, 0.00753728, -178.562
365, 6.08333, 137.184, -171.155, 0.00751035, -178.694
366, 6.09167, 136.744, -171.332, 0.00748353, -178.826
366, 6.10000, 136.307, -171.507, 0.00745682, -178.956
366, 6.10833, 135.871, -171.681, 0.00743021, -179.085
367, 6.11667, 135.436, -171.854, 0.0074037, -179.212
368, 6.12500, 135.002, -172.025, 0.0073773, -179.339
368, 6.13333, 134.57, -172.195, 0.00735101, -179.464
369, 6.14167, 134.139, -172.364, 0.00732483, -179.588
369, 6.15000, 133.71, -172.532, 0.00729875, -179.71
369, 6.15833, 133.282, -172.698, 0.00727279, -179.832
370, 6.16667, 132.856, -172.864, 0.00724693, -179.952
371, 6.17500, 132.431, -173.028, 0.00722118, 179.929
371, 6.18333, 132.008, -173.19, 0.00719554, 179.811
372, 6.19167, 131.586, -173.352, 0.00717001, 179.694
372, 6.20000, 131.166, -173.512, 0.00714459, 179.579
372, 6.20833, 130.747, -173.672, 0.00711928, 179.465
373, 6.21667, 130.33, -173.83, 0.00709408, 179.351
374, 6.22500, 129.914, -173.987, 0.00706899, 179.239
374, 6.23333, 129.5, -174.142, 0.00704401, 179.129
375, 6.24167, 129.087, -174.297, 0.00701914, 179.019
375, 6.25000, 128.676, -174.45, 0.00699438, 178.91
375, 6.25833, 128.266, -174.603, 0.00696974, 178.803
376, 6.26667, 127.858, -174.754, 0.0069452, 178.696
377, 6.27500, 127.452, -174.904, 0.00692078, 178.591
377, 6.28333, 127.047, -175.053, 0.00689647, 178.487
378, 6.29167, 126.644, -175.201, 0.00687227, 178.383
378, 6.30000, 126.242, -175.348, 0.00684818, 178.281
378, 6.30833, 125.842, -175.494, 0.0068242, 178.18
379, 6.31667, 125.443, -175.639, 0.00680033, 178.08
380, 6.32500, 125.046, -175.783, 0.00677657, 177.981
380, 6.33333, 124.651, -175.925, 0.00675293, 177.883
381, 6.34167, 124.257, -176.067, 0.00672939, 177.786
381, 6.35000, 123.865, -176.207, 0.00670597, 177.69
381, 6.35833, 123.475, -176.347, 0.00668266, 177.595
382, 6.36667, 123.086, -176.486, 0.00665945, 177.501
383, 6.37500, 122.698, -176.623, 0.00663636, 177.408
383, 6.38333, 122.313, -176.76, 0.00661338, 177.316
384, 6.39167, 121.928, -176.895, 0.00659051, 177.225
384, 6.40000, 121.546, -177.03, 0.00656775, 177.135
384, 6.40833, 121.165, -177.163, 0.0065451, 177.046
385, 6.41667, 120.786, -177.296, 0.00652255, 176.958
386, 6.42500, 120.408, -177.428, 0.00650012, 176.871
386, 6.43333, 120.032, -177.559, 0.0064778, 176.785
387, 6.44167, 119.657, -177.688, 0.00645558, 176.699
387, 6.45000, 119.284, -177.817, 0.00643347, 176.615
387, 6.45833, 118.913, -177.945, 0.00641147, 176.531
388, 6.46667, 118.543, -178.072, 0.00638958, 176.449
389, 6.47500, 118.175, -178.198, 0.0063678, 176.367
389, 6.48333, 117.809, -178.324, 0.00634612, 176.286
390, 6.49167, 117.444, -178.448, 0.00632455, 176.206
390, 6.50000, 117.08, -178.571, 0.00630308, 176.127
390, 6.50833, 116.719, -178.694, 0.00628173, 176.049
391, 6.51667, 116.358, -178.816, 0.00626047, 175.971
392, 6.52500, 116, -178.937, 0.00623933, 175.895
392, 6.53333, 115.643, -179.056, 0.00621829, 175.819
393, 6.54167, 115.287, -179.176, 0.00619735, 175.744
393, 6.55000, 114.934, -179.294, 0.00617652, 175.67
393, 6.55833, 114.581, -179.411, 0.00615579, 175.597
394, 6.56667, 114.23, -179.528, 0.00613517, 175.525
395, 6.57500, 113.881, -179.644, 0.00611465, 175.453
395, 6.58333, 113.534, -179.759, 0.00609423, 175.382
396, 6.59167, 113.188, -179.873, 0.00607391, 175.312
396, 6.60000, 112.843, -179.986, 0.0060537, 175.243
396, 6.60833, 112.5, 179.901, 0.00603359, 175.175
397, 6.61667, 112.158, 179.79, 0.00601358, 175.107
398, 6.62500, 111.819, 179.679, 0.00599367, 175.04
398, 6.63333, 111.48, 179.568, 0.00597386, 174.974
399, 6.64167, 111.143, 179.459, 0.00595415, 174.909
399, 6.65000, 110.808, 179.35, 0.00593454, 174.844
399, 6.65833, 110.474, 179.242, 0.00591503, 174.78
400, 6.66667, 110.142, 179.135, 0.00589561, 174.717
401, 6.67500, 109.811, 179.029, 0.0058763, 174.655
401, 6.68333, 109.481, 178.923, 0.00585708, 174.593
402, 6.69167, 109.154, 178.818, 0.00583796, 174.532
402, 6.70000, 108.827, 178.714, 0.00581894, 174.472
402, 6.70833, 108.502, 178.611, 0.00580001, 174.412
403, 6.71667, 108.179, 178.508, 0.00578118, 174.353
404, 6.72500, 107.857, 178.406, 0.00576244, 174.295
404, 6.73333, 107.536, 178.304, 0.00574381, 174.238
405, 6.74167, 107.217, 178.204, 0.00572526, 174.181
405, 6.75000, 106.9, 178.104, 0.00570681, 174.125
405, 6.75833, 106.584, 178.005, 0.00568845, 174.069
406, 6.76667, 106.269, 177.906, 0.00567018, 174.014
407, 6.77500, 105.956, 177.808, 0.00565201, 173.96
407, 6.78333, 105.644, 177.711, 0.00563393, 173.907
408, 6.79167, 105.333, 177.614, 0.00561594, 173.854
408, 6.80000, 105.024, 177.518, 0.00559804, 173.801
408, 6.80833, 104.717, 177.423, 0.00558024, 173.75
409, 6.81667, 104.411, 177.329, 0.00556252, 173.699
410, 6.82500, 104.106, 177.235, 0.00554489, 173.648
410, 6.83333, 103.802, 177.141, 0.00552736, 173.599
411, 6.84167, 103.5, 177.049, 0.00550991, 173.55
411, 6.85000, 103.2, 176.956, 0.00549255, 173.501
411, 6.85833, 102.901, 176.865, 0.00547527, 173.453
412, 6.86667, 102.603, 176.774, 0.00545809, 173.406
413, 6.87500, 102.306, 176.684, 0.00544099, 173.359
413, 6.88333, 102.011, 176.594, 0.00542398, 173.313
414, 6.89167, 101.717, 176.505, 0.00540705, 173.267
414, 6.90000, 101.425, 176.417, 0.00539021, 173.222
414, 6.90833, 101.133, 176.329, 0.00537346, 173.178
415, 6.91667, 100.844, 176.242, 0.00535679, 173.134
416, 6.92500, 100.555, 176.155, 0.0053402, 173.091
416, 6.93333, 100.268, 176.069, 0.0053237, 173.048
417, 6.94167, 99.9819, 175.984, 0.00530728, 173.006
417, 6.95000, 99.6973, 175.899, 0.00529094, 172.964
417, 6.95833, 99.414, 175.814, 0.00527469, 172.923
418, 6.96667, 99.1319, 175.731, 0.00525851, 172.883
418, 6.97500, 98.8512, 175.647, 0.00524242, 172.843
419, 6.98333, 98.5718, 175.565, 0.00522641, 172.803
420, 6.99167, 98.2935, 175.482, 0.00521048, 172.764
420, 7.00000, 98.0166, 175.401, 0.00519463, 172.726
420, 7.00833, 97.7409, 175.32, 0.00517885, 172.688
421, 7.01667, 97.4665, 175.239, 0.00516316, 172.651
422, 7.02500, 97.1933, 175.159, 0.00514755, 172.614
422, 7.03333, 96.9214, 175.08, 0.00513201, 172.577
423, 7.04167, 96.6506, 175.001, 0.00511655, 172.542
423, 7.05000, 96.3811, 174.922, 0.00510117, 172.506
423, 7.05833, 96.1128, 174.844, 0.00508587, 172.471
424, 7.06667, 95.8457, 174.767, 0.00507064, 172.437
425, 7.07500, 95.5799, 174.69, 0.00505548, 172.403
425, 7.08333, 95.3152, 174.614, 0.00504041, 172.369
426, 7.09167, 95.0517, 174.538, 0.0050254, 172.336
426, 7.10000, 94.7894, 174.462, 0.00501047, 172.304
426, 7.10833, 94.5283, 174.387, 0.00499562, 172.272
427, 7.11667, 94.2683, 174.313, 0.00498084, 172.24
428, 7.12500, 94.0095, 174.239, 0.00496613, 172.209
428, 7.13333, 93.7519, 174.165, 0.00495149, 172.179
429, 7.14167, 93.4954, 174.092, 0.00493693, 172.148
429, 7.15000, 93.2401, 174.02, 0.00492244, 172.119
429, 7.15833, 92.9859, 173.948, 0.00490802, 172.089
430, 7.16667, 92.7328, 173.876, 0.00489367, 172.06
431, 7.17500, 92.4809, 173.805, 0.00487939, 172.032
431, 7.18333, 92.2301, 173.734, 0.00486518, 172.004
432, 7.19167, 91.9804, 173.664, 0.00485104, 171.976
432, 7.20000, 91.7318, 173.594, 0.00483697, 171.949
432, 7.20833, 91.4844, 173.525, 0.00482297, 171.922
433, 7.21667, 91.238, 173.456, 0.00480904, 171.896
434, 7.22500, 90.9927, 173.387, 0.00479517, 171.87
434, 7.23333, 90.7485, 173.319, 0.00478138, 171.845
435, 7.24167, 90.5053, 173.251, 0.00476765, 171.82
435, 7.25000, 90.2632, 173.184, 0.00475398, 171.795
435, 7.25833, 90.0223, 173.117, 0.00474039, 171.771
436, 7.26667, 89.7823, 173.051, 0.00472685, 171.747
437, 7.27500, 89.5434, 172.985, 0.00471339, 171.723
437, 7.28333, 89.3056, 172.92, 0.00469999, 171.7
438, 7.29167, 89.0688, 172.854, 0.00468665, 171.677
438, 7.30000, 88.833, 172.79, 0.00467338, 171.655
438, 7.30833, 88.5983, 172.725, 0.00466017, 171.633
439, 7.31667, 88.3646, 172.661, 0.00464702, 171.612
439, 7.32500, 88.1319, 172.598, 0.00463394, 171.59
440, 7.33333, 87.9003, 172.535, 0.00462093, 171.57
441, 7.34167, 87.6696, 172.472, 0.00460797, 171.549
441, 7.35000, 87.4399, 172.41, 0.00459507, 171.529
441, 7.35833, 87.2113, 172.348, 0.00458224, 171.509
442, 7.36667, 86.9836, 172.286, 0.00456947, 171.49
443, 7.37500, 86.7569, 172.225, 0.00455676, 171.471
443, 7.38333, 86.5312, 172.164, 0.00454411, 171.452
444, 7.39167, 86.3064, 172.104, 0.00453151, 171.434
444, 7.40000, 86.0826, 172.044, 0.00451898, 171.416
444, 7.40833, 85.8598, 171.984, 0.00450651, 171.399
445, 7.41667, 85.6379, 171.925, 0.0044941, 171.381
446, 7.42500, 85.417, 171.866, 0.00448174, 171.365
446, 7.43333, 85.1971, 171.807, 0.00446945, 171.348
447, 7.44167, 84.978, 171.749, 0.00445721, 171.332
447, 7.45000, 84.7599, 171.691, 0.00444503, 171.316
447, 7.45833, 84.5428, 171.634, 0.0044329, 171.3
448, 7.46667, 84.3265, 171.576, 0.00442084, 171.285
449, 7.47500, 84.1112, 171.52, 0.00440883, 171.27
449, 7.48333, 83.8968, 171.463, 0.00439687, 171.256
450, 7.49167, 83.6833, 171.407, 0.00438497, 171.241
450, 7.50000, 83.4707, 171.351, 0.00437313, 171.227
450, 7.50833, 83.259, 171.296, 0.00436134, 171.214
451, 7.51667, 83.0482, 171.241, 0.00434961, 171.2
452, 7.52500, 82.8383, 171.186, 0.00433793, 171.187
452, 7.53333, 82.6292, 171.131, 0.0043263, 171.175
453, 7.54167, 82.421, 171.077, 0.00431473, 171.162
453, 7.55000, 82.2138, 171.023, 0.00430321, 171.15
453, 7.55833, 82.0073, 170.97, 0.00429174, 171.138
454, 7.56667, 81.8018, 170.917, 0.00428033, 171.127
455, 7.57500, 81.597, 170.864, 0.00426897, 171.116
455, 7.58333, 81.3932, 170.811, 0.00425766, 171.105
456, 7.59167, 81.1902, 170.759, 0.0042464, 171.094
456, 7.60000, 80.988, 170.707, 0.0042352, 171.084
456, 7.60833, 80.7867, 170.656, 0.00422404, 171.074
457, 7.61667, 80.5861, 170.604, 0.00421294, 171.064
458, 7.62500, 80.3865, 170.553, 0.00420189, 171.054
458, 7.63333, 80.1876, 170.503, 0.00419088, 171.045
459, 7.64167, 79.9896, 170.452, 0.00417993, 171.036
459, 7.65000, 79.7924, 170.402, 0.00416903, 171.028
459, 7.65833, 79.5959, 170.352, 0.00415817, 171.019
460, 7.66667, 79.4003, 170.303, 0.00414736, 171.011
461, 7.67500, 79.2055, 170.254, 0.00413661, 171.003
461, 7.68333, 79.0115, 170.205, 0.0041259, 170.996
462, 7.69167, 78.8182, 170.156, 0.00411524, 170.988
462, 7.70000, 78.6258, 170.108, 0.00410462, 170.981
462, 7.70833, 78.4341, 170.06, 0.00409406, 170.975
463, 7.71667, 78.2432, 170.012, 0.00408354, 170.968
464, 7.72500, 78.0531, 169.964, 0.00407307, 170.962
464, 7.73333, 77.8637, 169.917, 0.00406264, 170.956
465, 7.74167, 77.6751, 169.87, 0.00405226, 170.95
465, 7.75000, 77.4873, 169.824, 0.00404193, 170.945
465, 7.75833, 77.3002, 169.777, 0.00403164, 170.939
466, 7.76667, 77.1139, 169.731, 0.00402139, 170.934
467, 7.77500, 76.9283, 169.685, 0.0040112, 170.929
467, 7.78333, 76.7435, 169.64, 0.00400105, 170.925
468, 7.79167, 76.5593, 169.594, 0.00399094, 170.921
468, 7.80000, 76.3759, 169.549, 0.00398087, 170.917
468, 7.80833, 76.1933, 169.504, 0.00397085, 170.913
469, 7.81667, 76.0114, 169.46, 0.00396088, 170.909
470, 7.82500, 75.8302, 169.416, 0.00395094, 170.906
470, 7.83333, 75.6497, 169.372, 0.00394105, 170.903
471, 7.84167, 75.4699, 169.328, 0.00393121, 170.9
471, 7.85000, 75.2908, 169.284, 0.0039214, 170.897
471, 7.85833, 75.1124, 169.241, 0.00391164, 170.895
472, 7.86667, 74.9347, 169.198, 0.00390192, 170.893
472, 7.87500, 74.7578, 169.155, 0.00389225, 170.891
473, 7.88333, 74.5815, 169.113, 0.00388261, 170.889
474, 7.89167, 74.4058, 169.07, 0.00387301, 170.887
474, 7.90000, 74.2309, 169.028, 0.00386346, 170.886
474, 7.90833, 74.0567, 168.987, 0.00385395, 170.885
475, 7.91667, 73.8831, 168.945, 0.00384448, 170.884
476, 7.92500, 73.7102, 168.904, 0.00383505, 170.883
476, 7.93333, 73.538, 168.863, 0.00382566, 170.883
477, 7.94167, 73.3664, 168.822, 0.0038163, 170.883
477, 7.95000, 73.1955, 168.781, 0.00380699, 170.883
477, 7.95833, 73.0253, 168.741, 0.00379772, 170.883
478, 7.96667, 72.8557, 168.701, 0.00378849, 170.883
479, 7.97500, 72.6867, 168.661, 0.00377929, 170.884
479, 7.98333, 72.5184, 168.621, 0.00377014, 170.884
480, 7.99167, 72.3508, 168.581, 0.00376102, 170.885
480, 8.00000, 72.1837, 168.542, 0.00375194, 170.887
480, 8.00833, 72.0173, 168.503, 0.0037429, 170.888
481, 8.01667, 71.8516, 168.464, 0.0037339, 170.89
482, 8.02500, 71.6864, 168.426, 0.00372493, 170.891
482, 8.03333, 71.5219, 168.387, 0.003716, 170.893
483, 8.04167, 71.358, 168.349, 0.00370711, 170.895
483, 8.05000, 71.1948, 168.311, 0.00369826, 170.898
483, 8.05833, 71.0321, 168.274, 0.00368944, 170.9
484, 8.06667, 70.87, 168.236, 0.00368066, 170.903
485, 8.07500, 70.7086, 168.199, 0.00367191, 170.906
485, 8.08333, 70.5478, 168.162, 0.00366321, 170.909
486, 8.09167, 70.3875, 168.125, 0.00365453, 170.912
486, 8.10000, 70.2279, 168.088, 0.00364589, 170.916
486, 8.10833, 70.0688, 168.052, 0.00363729, 170.919
487, 8.11667, 69.9103, 168.015, 0.00362872, 170.923
488, 8.12500, 69.7524, 167.979, 0.00362019, 170.927
488, 8.13333, 69.5952, 167.943, 0.0036117, 170.931
489, 8.14167, 69.4384, 167.908, 0.00360323, 170.936
489, 8.15000, 69.2823, 167.872, 0.0035948, 170.94
489, 8.15833, 69.1267, 167.837, 0.00358641, 170.945
490, 8.16667, 68.9717, 167.802, 0.00357805, 170.95
491, 8.17500, 68.8173, 167.767, 0.00356972, 170.955
491, 8.18333, 68.6634, 167.732, 0.00356143, 170.96
492, 8.19167, 68.5101, 167.698, 0.00355317, 170.966
492, 8.20000, 68.3573, 167.664, 0.00354494, 170.971
492, 8.20833, 68.2051, 167.629, 0.00353675, 170.977
493, 8.21667, 68.0535, 167.595, 0.00352859, 170.983
493, 8.22500, 67.9024, 167.562, 0.00352046, 170.989
494, 8.23333, 67.7518, 167.528, 0.00351236, 170.995
495, 8.24167, 67.6018, 167.495, 0.0035043, 171.001
495, 8.25000, 67.4523, 167.462, 0.00349627, 171.008
495, 8.25833, 67.3034, 167.429, 0.00348827, 171.015
496, 8.26667, 67.1549, 167.396, 0.0034803, 171.021
497, 8.27500, 67.007, 167.363, 0.00347236, 171.028
497, 8.28333, 66.8597, 167.331, 0.00346446, 171.036
498, 8.29167, 66.7129, 167.299, 0.00345658, 171.043
498, 8.30000, 66.5665, 167.266, 0.00344874, 171.05
498, 8.30833, 66.4208, 167.235, 0.00344092, 171.058
499, 8.31667, 66.2755, 167.203, 0.00343314, 171.066
500, 8.32500, 66.1307, 167.171, 0.00342539, 171.074
500, 8.33333, 65.9865, 167.14, 0.00341766, 171.082
501, 8.34167, 65.8427, 167.109, 0.00340997, 171.09
501, 8.35000, 65.6995, 167.078, 0.00340231, 171.098
501, 8.35833, 65.5567, 167.047, 0.00339468, 171.107
502, 8.36667, 65.4145, 167.016, 0.00338707, 171.116
503, 8.37500, 65.2727, 166.986, 0.0033795, 171.124
503, 8.38333, 65.1315, 166.955, 0.00337195, 171.133
504, 8.39167, 64.9907, 166.925, 0.00336444, 171.142
504, 8.40000, 64.8504, 166.895, 0.00335695, 171.152
504, 8.40833, 64.7106, 166.865, 0.00334949, 171.161
505, 8.41667, 64.5713, 166.835, 0.00334206, 171.171
506, 8.42500, 64.4325, 166.806, 0.00333466, 171.18
506, 8.43333, 64.2941, 166.776, 0.00332729, 171.19
507, 8.44167, 64.1563, 166.747, 0.00331994, 171.2
507, 8.45000, 64.0189, 166.718, 0.00331262, 171.21
507, 8.45833, 63.8819, 166.689, 0.00330533, 171.22
508, 8.46667, 63.7454, 166.661, 0.00329807, 171.231
509, 8.47500, 63.6094, 166.632, 0.00329083, 171.241
509, 8.48333, 63.4739, 166.604, 0.00328362, 171.252
510, 8.49167, 63.3388, 166.575, 0.00327644, 171.262
510, 8.50000, 63.2042, 166.547, 0.00326929, 171.273
510, 8.50833, 63.07, 166.519, 0.00326216, 171.284
511, 8.51667, 62.9363, 166.491, 0.00325506, 171.295
512, 8.52500, 62.803, 166.464, 0.00324798, 171.307
512, 8.53333, 62.6702, 166.436, 0.00324094, 171.318
513, 8.54167, 62.5378, 166.409, 0.00323391, 171.329
513, 8.55000, 62.4059, 166.382, 0.00322692, 171.341
514, 8.55833, 62.2744, 166.355, 0.00321995, 171.353
514, 8.56667, 62.1434, 166.328, 0.003213, 171.365
514, 8.57500, 62.0127, 166.301, 0.00320608, 171.377
515, 8.58333, 61.8826, 166.274, 0.00319919, 171.389
516, 8.59167, 61.7528, 166.248, 0.00319232, 171.401
516, 8.60000, 61.6235, 166.221, 0.00318548, 171.413
517, 8.60833, 61.4946, 166.195, 0.00317866, 171.426
517, 8.61667, 61.3661, 166.169, 0.00317187, 171.438
518, 8.62500, 61.2381, 166.143, 0.0031651, 171.451
518, 8.63333, 61.1104, 166.118, 0.00315835, 171.464
518, 8.64167, 60.9832, 166.092, 0.00315163, 171.477
519, 8.65000, 60.8564, 166.066, 0.00314494, 171.49
520, 8.65833, 60.73, 166.041, 0.00313827, 171.503
520, 8.66667, 60.6041, 166.016, 0.00313162, 171.516
521, 8.67500, 60.4785, 165.991, 0.00312499, 171.53
521, 8.68333, 60.3533, 165.966, 0.00311839, 171.543
522, 8.69167, 60.2286, 165.941, 0.00311182, 171.557
522, 8.70000, 60.1042, 165.916, 0.00310526, 171.571
522, 8.70833, 59.9803, 165.892, 0.00309874, 171.584
523, 8.71667, 59.8567, 165.868, 0.00309223, 171.598
524, 8.72500, 59.7336, 165.843, 0.00308575, 171.612
524, 8.73333, 59.6108, 165.819, 0.00307929, 171.627
525, 8.74167, 59.4885, 165.795, 0.00307285, 171.641
525, 8.75000, 59.3665, 165.771, 0.00306643, 171.655
526, 8.75833, 59.2449, 165.748, 0.00306004, 171.67
526, 8.76667, 59.1237, 165.724, 0.00305367, 171.684
527, 8.77500, 59.0029, 165.7, 0.00304733, 171.699
527, 8.78333, 58.8824, 165.677, 0.003041, 171.714
528, 8.79167, 58.7624, 165.654, 0.0030347, 171.729
528, 8.80000, 58.6427, 165.631, 0.00302842, 171.744
529, 8.80833, 58.5234, 165.608, 0.00302216, 171.759
529, 8.81667, 58.4045, 165.585, 0.00301592, 171.774
530, 8.82500, 58.2859, 165.562, 0.00300971, 171.789
530, 8.83333, 58.1677, 165.54, 0.00300351, 171.805
531, 8.84167, 58.0499, 165.517, 0.00299734, 171.82
531, 8.85000, 57.9325, 165.495, 0.00299119, 171.836
532, 8.85833, 57.8154, 165.473, 0.00298506, 171.852
532, 8.86667, 57.6987, 165.451, 0.00297895, 171.867
533, 8.87500, 57.5823, 165.429, 0.00297286, 171.883
533, 8.88333, 57.4663, 165.407, 0.00296679, 171.899
534, 8.89167, 57.3507, 165.385, 0.00296075, 171.915
534, 8.90000, 57.2354, 165.363, 0.00295472, 171.931
535, 8.90833, 57.1205, 165.342, 0.00294872, 171.948
535, 8.91667, 57.0059, 165.32, 0.00294273, 171.964
536, 8.92500, 56.8917, 165.299, 0.00293677, 171.981
536, 8.93333, 56.7778, 165.278, 0.00293082, 171.997
537, 8.94167, 56.6642, 165.257, 0.0029249, 172.014
537, 8.95000, 56.5511, 165.236, 0.00291899, 172.031
538, 8.95833, 56.4382, 165.215, 0.00291311, 172.047
538, 8.96667, 56.3257, 165.194, 0.00290724, 172.064
539, 8.97500, 56.2136, 165.174, 0.0029014, 172.081
539, 8.98333, 56.1017, 165.153, 0.00289557, 172.098
539, 8.99167, 55.9902, 165.133, 0.00288976, 172.116
540, 9.00000, 55.8791, 165.113, 0.00288398, 172.133
541, 9.00833, 55.7683, 165.093, 0.00287821, 172.15
541, 9.01667, 55.6578, 165.073, 0.00287246, 172.168
542, 9.02500, 55.5476, 165.053, 0.00286673, 172.185
542, 9.03333, 55.4378, 165.033, 0.00286102, 172.203
543, 9.04167, 55.3283, 165.013, 0.00285533, 172.22
543, 9.05000, 55.2191, 164.994, 0.00284965, 172.238
543, 9.05833, 55.1103, 164.974, 0.002844, 172.256
544, 9.06667, 55.0018, 164.955, 0.00283836, 172.274
545, 9.07500, 54.8936, 164.936, 0.00283275, 172.292
545, 9.08333, 54.7857, 164.916, 0.00282715, 172.31
546, 9.09167, 54.6781, 164.897, 0.00282156, 172.328
546, 9.10000, 54.5708, 164.878, 0.002816, 172.347
547, 9.10833, 54.4639, 164.86, 0.00281046, 172.365
547, 9.11667, 54.3573, 164.841, 0.00280493, 172.384
547, 9.12500, 54.2509, 164.822, 0.00279942, 172.402
548, 9.13333, 54.1449, 164.804, 0.00279393, 172.421
549, 9.14167, 54.0392, 164.785, 0.00278845, 172.439
549, 9.15000, 53.9338, 164.767, 0.002783, 172.458
550, 9.15833, 53.8288, 164.749, 0.00277756, 172.477
550, 9.16667, 53.724, 164.731, 0.00277214, 172.496
551, 9.17500, 53.6195, 164.713, 0.00276673, 172.515
551, 9.18333, 53.5153, 164.695, 0.00276135, 172.534
552, 9.19167, 53.4114, 164.677, 0.00275598, 172.553
552, 9.20000, 53.3078, 164.659, 0.00275062, 172.572
553, 9.20833, 53.2045, 164.642, 0.00274529, 172.592
553, 9.21667, 53.1015, 164.624, 0.00273997, 172.611
554, 9.22500, 52.9988, 164.607, 0.00273467, 172.63
554, 9.23333, 52.8964, 164.589, 0.00272938, 172.65
555, 9.24167, 52.7943, 164.572, 0.00272411, 172.67
555, 9.25000, 52.6925, 164.555, 0.00271886, 172.689
556, 9.25833, 52.591, 164.538, 0.00271362, 172.709
556, 9.26667, 52.4897, 164.521, 0.0027084, 172.729
557, 9.27500, 52.3887, 164.504, 0.0027032, 172.749
557, 9.28333, 52.288, 164.488, 0.00269801, 172.769
558, 9.29167, 52.1876, 164.471, 0.00269284, 172.789
558, 9.30000, 52.0875, 164.454, 0.00268769, 172.809
559, 9.30833, 51.9877, 164.438, 0.00268255, 172.829
559, 9.31667, 51.8881, 164.422, 0.00267743, 172.849
560, 9.32500, 51.7888, 164.405, 0.00267232, 172.869
560, 9.33333, 51.6898, 164.389, 0.00266723, 172.89
561, 9.34167, 51.5911, 164.373, 0.00266215, 172.91
561, 9.35000, 51.4926, 164.357, 0.00265709, 172.931
562, 9.35833, 51.3944, 164.341, 0.00265204, 172.951
562, 9.36667, 51.2965, 164.325, 0.00264701, 172.972
563, 9.37500, 51.1988, 164.31, 0.002642, 172.993
563, 9.38333, 51.1015, 164.294, 0.002637, 173.014
564, 9.39167, 51.0043, 164.279, 0.00263202, 173.034
564, 9.40000, 50.9075, 164.263, 0.00262705, 173.055
564, 9.40833, 50.8109, 164.248, 0.00262209, 173.076
565, 9.41667, 50.7146, 164.233, 0.00261715, 173.097
566, 9.42500, 50.6185, 164.217, 0.00261223, 173.118
566, 9.43333, 50.5227, 164.202, 0.00260732, 173.14
567, 9.44167, 50.4272, 164.187, 0.00260243, 173.161
567, 9.45000, 50.3319, 164.172, 0.00259755, 173.182
568, 9.45833, 50.2369, 164.158, 0.00259268, 173.204
568, 9.46667, 50.1421, 164.143, 0.00258783, 173.225
568, 9.47500, 50.0476, 164.128, 0.00258299, 173.246
569, 9.48333, 49.9533, 164.114, 0.00257817, 173.268
570, 9.49167, 49.8593, 164.099, 0.00257336, 173.29
570, 9.50000, 49.7655, 164.085, 0.00256857, 173.311
571, 9.50833, 49.672, 164.07, 0.00256379, 173.333
571, 9.51667, 49.5788, 164.056, 0.00255902, 173.355
572, 9.52500, 49.4857, 164.042, 0.00255427, 173.377
572, 9.53333, 49.393, 164.028, 0.00254953, 173.399
572, 9.54167, 49.3004, 164.014, 0.00254481, 173.421
573, 9.55000, 49.2082, 164, 0.0025401, 173.443
574, 9.55833, 49.1161, 163.986, 0.0025354, 173.465
574, 9.56667, 49.0243, 163.973, 0.00253072, 173.487
575, 9.57500, 48.9328, 163.959, 0.00252605, 173.509
575, 9.58333, 48.8415, 163.946, 0.00252139, 173.531
576, 9.59167, 48.7504, 163.932, 0.00251675, 173.554
576, 9.60000, 48.6596, 163.919, 0.00251212, 173.576
577, 9.60833, 48.569, 163.905, 0.0025075, 173.599
577, 9.61667, 48.4786, 163.892, 0.0025029, 173.621
578, 9.62500, 48.3885, 163.879, 0.00249831, 173.644
578, 9.63333, 48.2986, 163.866, 0.00249374, 173.666
579, 9.64167, 48.2089, 163.853, 0.00248917, 173.689
579, 9.65000, 48.1195, 163.84, 0.00248462, 173.712
580, 9.65833, 48.0303, 163.827, 0.00248009, 173.735
580, 9.66667, 47.9413, 163.814, 0.00247556, 173.757
581, 9.67500, 47.8526, 163.802, 0.00247105, 173.78
581, 9.68333, 47.764, 163.789, 0.00246655, 173.803
582, 9.69167, 47.6757, 163.777, 0.00246206, 173.826
582, 9.70000, 47.5877, 163.764, 0.00245759, 173.849
583, 9.70833, 47.4998, 163.752, 0.00245313, 173.872
583, 9.71667, 47.4122, 163.74, 0.00244868, 173.896
584, 9.72500, 47.3248, 163.727, 0.00244424, 173.919
584, 9.73333, 47.2376, 163.715, 0.00243982, 173.942
585, 9.74167, 47.1507, 163.703, 0.00243541, 173.965
585, 9.75000, 47.0639, 163.691, 0.00243101, 173.989
586, 9.75833, 46.9774, 163.679, 0.00242662, 174.012
586, 9.76667, 46.8911, 163.668, 0.00242225, 174.036
587, 9.77500, 46.805, 163.656, 0.00241788, 174.059
587, 9.78333, 46.7191, 163.644, 0.00241353, 174.083
588, 9.79167, 46.6335, 163.633, 0.00240919, 174.107
588, 9.80000, 46.548, 163.621, 0.00240487, 174.13
589, 9.80833, 46.4628, 163.61, 0.00240055, 174.154
589, 9.81667, 46.3778, 163.598, 0.00239625, 174.178
590, 9.82500, 46.293, 163.587, 0.00239196, 174.202
590, 9.83333, 46.2084, 163.576, 0.00238768, 174.226
591, 9.84167, 46.124, 163.565, 0.00238341, 174.25
591, 9.85000, 46.0398, 163.553, 0.00237915, 174.274
592, 9.85833, 45.9558, 163.542, 0.00237491, 174.298
592, 9.86667, 45.872, 163.532, 0.00237067, 174.322
593, 9.87500, 45.7885, 163.521, 0.00236645, 174.346
593, 9.88333, 45.7051, 163.51, 0.00236224, 174.37
594, 9.89167, 45.6219, 163.499, 0.00235804, 174.394
594, 9.90000, 45.539, 163.489, 0.00235385, 174.419
595, 9.90833, 45.4562, 163.478, 0.00234967, 174.443
595, 9.91667, 45.3737, 163.467, 0.00234551, 174.467
596, 9.92500, 45.2913, 163.457, 0.00234135, 174.492
596, 9.93333, 45.2092, 163.447, 0.00233721, 174.516
597, 9.94167, 45.1272, 163.436, 0.00233307, 174.541
597, 9.95000, 45.0454, 163.426, 0.00232895, 174.565
598, 9.95833, 44.9639, 163.416, 0.00232484, 174.59
598, 9.96667, 44.8825, 163.406, 0.00232074, 174.615
599, 9.97500, 44.8013, 163.396, 0.00231665, 174.639
599, 9.98333, 44.7203, 163.386, 0.00231257, 174.664
600, 9.99167, 44.6395, 163.376, 0.0023085, 174.689
600, 10.00000, 44.5589, 163.366, 0.00230445, 174.714
601, 10.00833, 44.4785, 163.357, 0.0023004, 174.739
601, 10.01667, 44.3983, 163.347, 0.00229636, 174.764
602, 10.02500, 44.3183, 163.337, 0.00229234, 174.789
602, 10.03333, 44.2385, 163.328, 0.00228832, 174.814
603, 10.04167, 44.1588, 163.318, 0.00228431, 174.839
603, 10.05000, 44.0793, 163.309, 0.00228032, 174.864
604, 10.05833, 44.0001, 163.3, 0.00227633, 174.889
604, 10.06667, 43.921, 163.29, 0.00227236, 174.914
605, 10.07500, 43.8421, 163.281, 0.0022684, 174.939
605, 10.08333, 43.7633, 163.272, 0.00226444, 174.965
606, 10.09167, 43.6848, 163.263, 0.0022605, 174.99
606, 10.10000, 43.6064, 163.254, 0.00225656, 175.015
607, 10.10833, 43.5283, 163.245, 0.00225264, 175.041
607, 10.11667, 43.4503, 163.236, 0.00224872, 175.066
608, 10.12500, 43.3725, 163.227, 0.00224482, 175.092
608, 10.13333, 43.2948, 163.219, 0.00224093, 175.117
609, 10.14167, 43.2174, 163.21, 0.00223704, 175.143
609, 10.15000, 43.1401, 163.201, 0.00223317, 175.169
610, 10.15833, 43.063, 163.193, 0.0022293, 175.194
610, 10.16667, 42.9861, 163.184, 0.00222545, 175.22
611, 10.17500, 42.9093, 163.176, 0.0022216, 175.246
611, 10.18333, 42.8327, 163.168, 0.00221776, 175.272
612, 10.19167, 42.7563, 163.159, 0.00221394, 175.298
612, 10.20000, 42.6801, 163.151, 0.00221012, 175.323
613, 10.20833, 42.604, 163.143, 0.00220631, 175.349
613, 10.21667, 42.5282, 163.135, 0.00220251, 175.375
614, 10.22500, 42.4524, 163.127, 0.00219873, 175.401
614, 10.23333, 42.3769, 163.119, 0.00219495, 175.427
615, 10.24167, 42.3015, 163.111, 0.00219118, 175.453
615, 10.25000, 42.2263, 163.103, 0.00218741, 175.48
616, 10.25833, 42.1513, 163.095, 0.00218366, 175.506
616, 10.26667, 42.0764, 163.088, 0.00217992, 175.532
617, 10.27500, 42.0017, 163.08, 0.00217619, 175.558
617, 10.28333, 41.9272, 163.073, 0.00217246, 175.585
618, 10.29167, 41.8528, 163.065, 0.00216875, 175.611
618, 10.30000, 41.7786, 163.058, 0.00216504, 175.637
619, 10.30833, 41.7046, 163.05, 0.00216134, 175.664
619, 10.31667, 41.6307, 163.043, 0.00215765, 175.69
620, 10.32500, 41.557, 163.036, 0.00215397, 175.717
620, 10.33333, 41.4835, 163.028, 0.0021503, 175.743
621, 10.34167, 41.4101, 163.021, 0.00214664, 175.77
621, 10.35000, 41.3368, 163.014, 0.00214299, 175.796
622, 10.35833, 41.2638, 163.007, 0.00213934, 175.823
622, 10.36667, 41.1909, 163, 0.00213571, 175.85
623, 10.37500, 41.1181, 162.993, 0.00213208, 175.876
623, 10.38333, 41.0455, 162.986, 0.00212846, 175.903
624, 10.39167, 40.9731, 162.98, 0.00212485, 175.93
624, 10.40000, 40.9008, 162.973, 0.00212125, 175.957
625, 10.40833, 40.8287, 162.966, 0.00211766, 175.984
625, 10.41667, 40.7567, 162.96, 0.00211407, 176.011
626, 10.42500, 40.6849, 162.953, 0.0021105, 176.037
626, 10.43333, 40.6133, 162.947, 0.00210693, 176.064
627, 10.44167, 40.5418, 162.94, 0.00210337, 176.091
627, 10.45000, 40.4704, 162.934, 0.00209982, 176.119
628, 10.45833, 40.3992, 162.927, 0.00209628, 176.146
628, 10.46667, 40.3282, 162.921, 0.00209274, 176.173
629, 10.47500, 40.2573, 162.915, 0.00208921, 176.2
629, 10.48333, 40.1866, 162.909, 0.0020857, 176.227
630, 10.49167, 40.116, 162.903, 0.00208219, 176.254
630, 10.50000, 40.0455, 162.897, 0.00207868, 176.282
631, 10.50833, 39.9752, 162.891, 0.00207519, 176.309
631, 10.51667, 39.9051, 162.885, 0.0020717, 176.336
632, 10.52500, 39.8351, 162.879, 0.00206822, 176.364
632, 10.53333, 39.7652, 162.873, 0.00206475, 176.391
633, 10.54167, 39.6955, 162.868, 0.00206129, 176.419
633, 10.55000, 39.626, 162.862, 0.00205784, 176.446
634, 10.55833, 39.5566, 162.856, 0.00205439, 176.474
634, 10.56667, 39.4873, 162.851, 0.00205095, 176.501
635, 10.57500, 39.4182, 162.845, 0.00204752, 176.529
635, 10.58333, 39.3492, 162.84, 0.0020441, 176.556
636, 10.59167, 39.2804, 162.835, 0.00204068, 176.584
636, 10.60000, 39.2117, 162.829, 0.00203727, 176.612
637, 10.60833, 39.1431, 162.824, 0.00203387, 176.64
637, 10.61667, 39.0747, 162.819, 0.00203048, 176.667
638, 10.62500, 39.0065, 162.814, 0.0020271, 176.695
638, 10.63333, 38.9383, 162.809, 0.00202372, 176.723
639, 10.64167, 38.8703, 162.803, 0.00202035, 176.751
639, 10.65000, 38.8025, 162.799, 0.00201699, 176.779
640, 10.65833, 38.7348, 162.794, 0.00201363, 176.807
640, 10.66667, 38.6672, 162.789, 0.00201028, 176.835
641, 10.67500, 38.5998, 162.784, 0.00200694, 176.863
641, 10.68333, 38.5325, 162.779, 0.00200361, 176.891
642, 10.69167, 38.4653, 162.774, 0.00200028, 176.919
642, 10.70000, 38.3983, 162.77, 0.00199696, 176.947
643, 10.70833, 38.3314, 162.765, 0.00199365, 176.975
643, 10.71667, 38.2647, 162.761, 0.00199035, 177.003
644, 10.72500, 38.198, 162.756, 0.00198705, 177.031
644, 10.73333, 38.1315, 162.752, 0.00198376, 177.06
645, 10.74167, 38.0652, 162.747, 0.00198048, 177.088
645, 10.75000, 37.999, 162.743, 0.0019772, 177.116
646, 10.75833, 37.9329, 162.739, 0.00197393, 177.145
646, 10.76667, 37.8669, 162.735, 0.00197067, 177.173
647, 10.77500, 37.8011, 162.731, 0.00196742, 177.201
647, 10.78333, 37.7354, 162.727, 0.00196417, 177.23
648, 10.79167, 37.6698, 162.722, 0.00196093, 177.258
648, 10.80000, 37.6044, 162.719, 0.0019577, 177.287
649, 10.80833, 37.5391, 162.715, 0.00195447, 177.315
649, 10.81667, 37.4739, 162.711, 0.00195125, 177.344
650, 10.82500, 37.4089, 162.707, 0.00194804, 177.373
650, 10.83333, 37.344, 162.703, 0.00194483, 177.401
651, 10.84167, 37.2792, 162.699, 0.00194163, 177.43
651, 10.85000, 37.2145, 162.696, 0.00193844, 177.459
652, 10.85833, 37.15, 162.692, 0.00193525, 177.487
652, 10.86667, 37.0855, 162.689, 0.00193207, 177.516
653, 10.87500, 37.0213, 162.685, 0.0019289, 177.545
653, 10.88333, 36.9571, 162.682, 0.00192573, 177.574
654, 10.89167, 36.8931, 162.678, 0.00192257, 177.603
654, 10.90000, 36.8291, 162.675, 0.00191942, 177.632
655, 10.90833, 36.7654, 162.672, 0.00191627, 177.661
655, 10.91667, 36.7017, 162.669, 0.00191313, 177.69
656, 10.92500, 36.6381, 162.665, 0.00191, 177.719
656, 10.93333, 36.5747, 162.662, 0.00190687, 177.748
657, 10.94167, 36.5114, 162.659, 0.00190375, 177.777
657, 10.95000, 36.4482, 162.656, 0.00190063, 177.806
658, 10.95833, 36.3852, 162.653, 0.00189753, 177.835
658, 10.96667, 36.3222, 162.65, 0.00189442, 177.864
659, 10.97500, 36.2594, 162.648, 0.00189133, 177.893
659, 10.98333, 36.1967, 162.645, 0.00188824, 177.922
660, 10.99167, 36.1341, 162.642, 0.00188516, 177.952
660, 11.00000, 36.0717, 162.639, 0.00188208, 177.981
661, 11.00833, 36.0093, 162.637, 0.00187901, 178.01
661, 11.01667, 35.9471, 162.634, 0.00187594, 178.04
662, 11.02500, 35.885, 162.632, 0.00187289, 178.069
662, 11.03333, 35.823, 162.629, 0.00186983, 178.098
663, 11.04167, 35.7611, 162.627, 0.00186679, 178.128
663, 11.05000, 35.6993, 162.624, 0.00186375, 178.157
664, 11.05833, 35.6377, 162.622, 0.00186071, 178.187
664, 11.06667, 35.5761, 162.62, 0.00185769, 178.216
665, 11.07500, 35.5147, 162.618, 0.00185466, 178.246
665, 11.08333, 35.4534, 162.615, 0.00185165, 178.276
666, 11.09167, 35.3922, 162.613, 0.00184864, 178.305
666, 11.10000, 35.3311, 162.611, 0.00184563, 178.335
667, 11.10833, 35.2702, 162.609, 0.00184264, 178.365
667, 11.11667, 35.2093, 162.607, 0.00183964, 178.394
668, 11.12500, 35.1486, 162.605, 0.00183666, 178.424
668, 11.13333, 35.0879, 162.604, 0.00183368, 178.454
669, 11.14167, 35.0274, 162.602, 0.0018307, 178.484
669, 11.15000, 34.967, 162.6, 0.00182773, 178.513
670, 11.15833, 34.9067, 162.598, 0.00182477, 178.543
670, 11.16667, 34.8465, 162.597, 0.00182181, 178.573
671, 11.17500, 34.7864, 162.595, 0.00181886, 178.603
671, 11.18333, 34.7265, 162.594, 0.00181591, 178.633
672, 11.19167, 34.6666, 162.592, 0.00181297, 178.663
672, 11.20000, 34.6069, 162.591, 0.00181004, 178.693
673, 11.20833, 34.5472, 162.589, 0.00180711, 178.723
673, 11.21667, 34.4877, 162.588, 0.00180418, 178.753
674, 11.22500, 34.4282, 162.587, 0.00180127, 178.783
674, 11.23333, 34.3689, 162.586, 0.00179835, 178.814
675, 11.24167, 34.3097, 162.584, 0.00179545, 178.844
675, 11.25000, 34.2506, 162.583, 0.00179254, 178.874
676, 11.25833, 34.1916, 162.582, 0.00178965, 178.904
676, 11.26667, 34.1327, 162.581, 0.00178676, 178.935
677, 11.27500, 34.0739, 162.58, 0.00178387, 178.965
677, 11.28333, 34.0152, 162.579, 0.00178099, 178.995
678, 11.29167, 33.9566, 162.579, 0.00177812, 179.026
678, 11.30000, 33.8981, 162.578, 0.00177525, 179.056
679, 11.30833, 33.8397, 162.577, 0.00177238, 179.086
679, 11.31667, 33.7815, 162.576, 0.00176952, 179.117
680, 11.32500, 33.7233, 162.576, 0.00176667, 179.147
680, 11.33333, 33.6652, 162.575, 0.00176382, 179.178
681, 11.34167, 33.6072, 162.575, 0.00176098, 179.208
681, 11.35000, 33.5494, 162.574, 0.00175814, 179.239
682, 11.35833, 33.4916, 162.574, 0.00175531, 179.27
682, 11.36667, 33.4339, 162.573, 0.00175248, 179.3
683, 11.37500, 33.3763, 162.573, 0.00174966, 179.331
683, 11.38333, 33.3189, 162.573, 0.00174684, 179.362
684, 11.39167, 33.2615, 162.572, 0.00174403, 179.392
684, 11.40000, 33.2042, 162.572, 0.00174123, 179.423
685, 11.40833, 33.1471, 162.572, 0.00173842, 179.454
685, 11.41667, 33.09, 162.572, 0.00173563, 179.485
686, 11.42500, 33.033, 162.572, 0.00173284, 179.516
686, 11.43333, 32.9761, 162.572, 0.00173005, 179.546
687, 11.44167, 32.9193, 162.572, 0.00172727, 179.577
687, 11.45000, 32.8627, 162.572, 0.00172449, 179.608
688, 11.45833, 32.8061, 162.572, 0.00172172, 179.639
688, 11.46667, 32.7496, 162.572, 0.00171895, 179.67
689, 11.47500, 32.6932, 162.573, 0.00171619, 179.701
689, 11.48333, 32.6369, 162.573, 0.00171343, 179.732
690, 11.49167, 32.5807, 162.573, 0.00171068, 179.763
690, 11.50000, 32.5246, 162.574, 0.00170793, 179.795
691, 11.50833, 32.4686, 162.574, 0.00170519, 179.826
691, 11.51667, 32.4126, 162.575, 0.00170245, 179.857
692, 11.52500, 32.3568, 162.576, 0.00169972, 179.888
692, 11.53333, 32.3011, 162.576, 0.00169699, 179.919
693, 11.54167, 32.2454, 162.577, 0.00169427, 179.951
693, 11.55000, 32.1899, 162.578, 0.00169155, 179.982
694, 11.55833, 32.1344, 162.578, 0.00168884, -179.987
694, 11.56667, 32.0791, 162.579, 0.00168613, -179.955
695, 11.57500, 32.0238, 162.58, 0.00168342, -179.924
695, 11.58333, 31.9686, 162.581, 0.00168072, -179.892
696, 11.59167, 31.9135, 162.582, 0.00167803, -179.861
696, 11.60000, 31.8585, 162.583, 0.00167534, -179.83
697, 11.60833, 31.8036, 162.584, 0.00167265, -179.798
697, 11.61667, 31.7488, 162.585, 0.00166997, -179.766
698, 11.62500, 31.6941, 162.587, 0.00166729, -179.735
698, 11.63333, 31.6395, 162.588, 0.00166462, -179.703
699, 11.64167, 31.5849, 162.589, 0.00166195, -179.672
699, 11.65000, 31.5305, 162.59, 0.00165929, -179.64
700, 11.65833, 31.4761, 162.592, 0.00165663, -179.608
700, 11.66667, 31.4218, 162.593, 0.00165398, -179.576
701, 11.67500, 31.3676, 162.595, 0.00165133, -179.545
701, 11.68333, 31.3135, 162.596, 0.00164868, -179.513
702, 11.69167, 31.2595, 162.598, 0.00164604, -179.481
702, 11.70000, 31.2056, 162.6, 0.0016434, -179.449
703, 11.70833, 31.1518, 162.601, 0.00164077, -179.417
703, 11.71667, 31.098, 162.603, 0.00163814, -179.385
704, 11.72500, 31.0443, 162.605, 0.00163552, -179.353
704, 11.73333, 30.9907, 162.607, 0.0016329, -179.321
705, 11.74167, 30.9372, 162.609, 0.00163028, -179.289
705, 11.75000, 30.8838, 162.611, 0.00162767, -179.257
706, 11.75833, 30.8305, 162.613, 0.00162507, -179.225
706, 11.76667, 30.7773, 162.615, 0.00162246, -179.193
707, 11.77500, 30.7241, 162.617, 0.00161987, -179.161
707, 11.78333, 30.6711, 162.619, 0.00161727, -179.129
708, 11.79167, 30.6181, 162.621, 0.00161468, -179.097
708, 11.80000, 30.5652, 162.624, 0.0016121, -179.064
709, 11.80833, 30.5123, 162.626, 0.00160952, -179.032
709, 11.81667, 30.4596, 162.628, 0.00160694, -179
710, 11.82500, 30.4069, 162.631, 0.00160437, -178.967
710, 11.83333, 30.3544, 162.633, 0.0016018, -178.935
711, 11.84167, 30.3019, 162.636, 0.00159923, -178.903
711, 11.85000, 30.2495, 162.638, 0.00159667, -178.87
712, 11.85833, 30.1972, 162.641, 0.00159412, -178.838
712, 11.86667, 30.1449, 162.644, 0.00159156, -178.805
713, 11.87500, 30.0927, 162.646, 0.00158902, -178.773
713, 11.88333, 30.0407, 162.649, 0.00158647, -178.74
714, 11.89167, 29.9887, 162.652, 0.00158393, -178.708
714, 11.90000, 29.9367, 162.655, 0.00158139, -178.675
715, 11.90833, 29.8849, 162.658, 0.00157886, -178.642
715, 11.91667, 29.8331, 162.661, 0.00157633, -178.61
716, 11.92500, 29.7815, 162.664, 0.00157381, -178.577
716, 11.93333, 29.7299, 162.667, 0.00157129, -178.544
717, 11.94167, 29.6783, 162.67, 0.00156877, -178.511
717, 11.95000, 29.6269, 162.673, 0.00156626, -178.479
718, 11.95833, 29.5755, 162.677, 0.00156375, -178.446
718, 11.96667, 29.5242, 162.68, 0.00156124, -178.413
719, 11.97500, 29.473, 162.683, 0.00155874, -178.38
719, 11.98333, 29.4219, 162.687, 0.00155625, -178.347
720, 11.99167, 29.3708, 162.69, 0.00155375, -178.314
720, 12.00000, 29.3199, 162.694, 0.00155126, -178.281
721, 12.00833, 29.269, 162.697, 0.00154878, -178.248
721, 12.01667, 29.2181, 162.701, 0.00154629, -178.215
722, 12.02500, 29.1674, 162.705, 0.00154382, -178.182
722, 12.03333, 29.1167, 162.708, 0.00154134, -178.149
723, 12.04167, 29.0661, 162.712, 0.00153887, -178.115
723, 12.05000, 29.0156, 162.716, 0.0015364, -178.082
724, 12.05833, 28.9652, 162.72, 0.00153394, -178.049
724, 12.06667, 28.9148, 162.724, 0.00153148, -178.016
725, 12.07500, 28.8645, 162.728, 0.00152902, -177.982
725, 12.08333, 28.8143, 162.732, 0.00152657, -177.949
726, 12.09167, 28.7641, 162.736, 0.00152412, -177.916
726, 12.10000, 28.7141, 162.74, 0.00152168, -177.882
727, 12.10833, 28.6641, 162.745, 0.00151923, -177.849
727, 12.11667, 28.6141, 162.749, 0.0015168, -177.815
728, 12.12500, 28.5643, 162.753, 0.00151436, -177.782
728, 12.13333, 28.5145, 162.758, 0.00151193, -177.748
729, 12.14167, 28.4648, 162.762, 0.0015095, -177.715
729, 12.15000, 28.4152, 162.766, 0.00150708, -177.681
730, 12.15833, 28.3656, 162.771, 0.00150466, -177.647
730, 12.16667, 28.3161, 162.776, 0.00150224, -177.614
731, 12.17500, 28.2667, 162.78, 0.00149983, -177.58
731, 12.18333, 28.2174, 162.785, 0.00149742, -177.546
732, 12.19167, 28.1681, 162.79, 0.00149501, -177.513
732, 12.20000, 28.1189, 162.794, 0.00149261, -177.479
733, 12.20833, 28.0698, 162.799, 0.00149021, -177.445
733, 12.21667, 28.0207, 162.804, 0.00148781, -177.411
734, 12.22500, 27.9717, 162.809, 0.00148542, -177.377
734, 12.23333, 27.9228, 162.814, 0.00148303, -177.343
735, 12.24167, 27.874, 162.819, 0.00148064, -177.309
735, 12.25000, 27.8252, 162.824, 0.00147826, -177.275
736, 12.25833, 27.7765, 162.83, 0.00147588, -177.241
736, 12.26667, 27.7278, 162.835, 0.00147351, -177.207
737, 12.27500, 27.6793, 162.84, 0.00147113, -177.173
737, 12.28333, 27.6308, 162.846, 0.00146877, -177.139
738, 12.29167, 27.5823, 162.851, 0.0014664, -177.104
738, 12.30000, 27.534, 162.856, 0.00146404, -177.07
739, 12.30833, 27.4857, 162.862, 0.00146168, -177.036
739, 12.31667, 27.4374, 162.868, 0.00145932, -177.001
740, 12.32500, 27.3893, 162.873, 0.00145697, -176.967
740, 12.33333, 27.3412, 162.879, 0.00145462, -176.933
741, 12.34167, 27.2932, 162.885, 0.00145227, -176.898
741, 12.35000, 27.2452, 162.89, 0.00144993, -176.864
742, 12.35833, 27.1973, 162.896, 0.00144759, -176.829
742, 12.36667, 27.1495, 162.902, 0.00144525, -176.795
743, 12.37500, 27.1017, 162.908, 0.00144292, -176.76
743, 12.38333, 27.0541, 162.914, 0.00144059, -176.726
744, 12.39167, 27.0064, 162.92, 0.00143826, -176.691
744, 12.40000, 26.9589, 162.926, 0.00143594, -176.656
745, 12.40833, 26.9114, 162.933, 0.00143362, -176.622
745, 12.41667, 26.8639, 162.939, 0.0014313, -176.587
746, 12.42500, 26.8166, 162.945, 0.00142899, -176.552
746, 12.43333, 26.7693, 162.952, 0.00142667, -176.517
747, 12.44167, 26.7221, 162.958, 0.00142436, -176.482
747, 12.45000, 26.6749, 162.964, 0.00142206, -176.447
748, 12.45833, 26.6278, 162.971, 0.00141976, -176.412
748, 12.46667, 26.5807, 162.978, 0.00141746, -176.378
749, 12.47500, 26.5338, 162.984, 0.00141516, -176.342
749, 12.48333, 26.4869, 162.991, 0.00141287, -176.307
750, 12.49167, 26.44, 162.998, 0.00141058, -176.272
750, 12.50000, 26.3932, 163.005, 0.00140829, -176.237
751, 12.50833, 26.3465, 163.011, 0.00140601, -176.202
751, 12.51667, 26.2998, 163.018, 0.00140372, -176.167
752, 12.52500, 26.2532, 163.025, 0.00140145, -176.132
752, 12.53333, 26.2067, 163.032, 0.00139917, -176.096
753, 12.54167, 26.1602, 163.039, 0.0013969, -176.061
753, 12.55000, 26.1138, 163.047, 0.00139463, -176.026
754, 12.55833, 26.0675, 163.054, 0.00139236, -175.99
754, 12.56667, 26.0212, 163.061, 0.0013901, -175.955
755, 12.57500, 25.975, 163.069, 0.00138784, -175.919
755, 12.58333, 25.9288, 163.076, 0.00138558, -175.884
756, 12.59167, 25.8827, 163.083, 0.00138332, -175.848
756, 12.60000, 25.8367, 163.091, 0.00138107, -175.812
757, 12.60833, 25.7907, 163.098, 0.00137882, -175.777
757, 12.61667, 25.7448, 163.106, 0.00137658, -175.741
758, 12.62500, 25.6989, 163.114, 0.00137433, -175.705
758, 12.63333, 25.6531, 163.122, 0.00137209, -175.67
759, 12.64167, 25.6074, 163.129, 0.00136985, -175.634
759, 12.65000, 25.5617, 163.137, 0.00136762, -175.598
760, 12.65833, 25.5161, 163.145, 0.00136539, -175.562
760, 12.66667, 25.4705, 163.153, 0.00136316, -175.526
761, 12.67500, 25.425, 163.161, 0.00136093, -175.49
761, 12.68333, 25.3796, 163.169, 0.0013587, -175.454
762, 12.69167, 25.3342, 163.178, 0.00135648, -175.418
762, 12.70000, 25.2889, 163.186, 0.00135426, -175.382
763, 12.70833, 25.2436, 163.194, 0.00135205, -175.346
763, 12.71667, 25.1984, 163.202, 0.00134983, -175.31
764, 12.72500, 25.1533, 163.211, 0.00134762, -175.273
764, 12.73333, 25.1082, 163.219, 0.00134542, -175.237
765, 12.74167, 25.0632, 163.228, 0.00134321, -175.201
765, 12.75000, 25.0182, 163.237, 0.00134101, -175.164
766, 12.75833, 24.9733, 163.245, 0.00133881, -175.128
766, 12.76667, 24.9284, 163.254, 0.00133661, -175.092
767, 12.77500, 24.8836, 163.263, 0.00133442, -175.055
767, 12.78333, 24.8389, 163.272, 0.00133222, -175.019
768, 12.79167, 24.7942, 163.28, 0.00133003, -174.982
768, 12.80000, 24.7495, 163.289, 0.00132785, -174.945
769, 12.80833, 24.705, 163.298, 0.00132566, -174.909
769, 12.81667, 24.6605, 163.308, 0.00132348, -174.872
770, 12.82500, 24.616, 163.317, 0.0013213, -174.835
770, 12.83333, 24.5716, 163.326, 0.00131913, -174.798
771, 12.84167, 24.5272, 163.335, 0.00131695, -174.762
771, 12.85000, 24.4829, 163.345, 0.00131478, -174.725
772, 12.85833, 24.4387, 163.354, 0.00131261, -174.688
772, 12.86667, 24.3945, 163.364, 0.00131044, -174.651
773, 12.87500, 24.3504, 163.373, 0.00130828, -174.614
773, 12.88333, 24.3063, 163.383, 0.00130612, -174.577
774, 12.89167, 24.2623, 163.392, 0.00130396, -174.54
774, 12.90000, 24.2183, 163.402, 0.0013018, -174.502
775, 12.90833, 24.1744, 163.412, 0.00129965, -174.465
775, 12.91667, 24.1306, 163.422, 0.0012975, -174.428
776, 12.92500, 24.0868, 163.432, 0.00129535, -174.391
776, 12.93333, 24.043, 163.442, 0.0012932, -174.353
777, 12.94167, 23.9993, 163.452, 0.00129106, -174.316
777, 12.95000, 23.9557, 163.462, 0.00128892, -174.278
778, 12.95833, 23.9121, 163.472, 0.00128678, -174.241
778, 12.96667, 23.8686, 163.482, 0.00128464, -174.203
779, 12.97500, 23.8251, 163.493, 0.00128251, -174.166
779, 12.98333, 23.7817, 163.503, 0.00128037, -174.128
780, 12.99167, 23.7383, 163.514, 0.00127824, -174.09
780, 13.00000, 23.695, 163.524, 0.00127612, -174.053
781, 13.00833, 23.6517, 163.535, 0.00127399, -174.015
781, 13.01667, 23.6085, 163.545, 0.00127187, -173.977
782, 13.02500, 23.5653, 163.556, 0.00126975, -173.939
782, 13.03333, 23.5222, 163.567, 0.00126763, -173.901
783, 13.04167, 23.4791, 163.578, 0.00126552, -173.863
783, 13.05000, 23.4361, 163.589, 0.0012634, -173.825
784, 13.05833, 23.3932, 163.6, 0.00126129, -173.787
784, 13.06667, 23.3503, 163.611, 0.00125918, -173.749
785, 13.07500, 23.3074, 163.622, 0.00125708, -173.711
785, 13.08333, 23.2646, 163.633, 0.00125497, -173.673
786, 13.09167, 23.2218, 163.644, 0.00125287, -173.634
786, 13.10000, 23.1791, 163.656, 0.00125077, -173.596
787, 13.10833, 23.1365, 163.667, 0.00124867, -173.558
787, 13.11667, 23.0939, 163.679, 0.00124658, -173.519
788, 13.12500, 23.0513, 163.69, 0.00124448, -173.481
788, 13.13333, 23.0088, 163.702, 0.00124239, -173.442
789, 13.14167, 22.9664, 163.713, 0.00124031, -173.404
789, 13.15000, 22.924, 163.725, 0.00123822, -173.365
790, 13.15833, 22.8816, 163.737, 0.00123614, -173.326
790, 13.16667, 22.8393, 163.749, 0.00123405, -173.288
791, 13.17500, 22.7971, 163.761, 0.00123197, -173.249
791, 13.18333, 22.7549, 163.773, 0.0012299, -173.21
792, 13.19167, 22.7127, 163.785, 0.00122782, -173.171
792, 13.20000, 22.6706, 163.797, 0.00122575, -173.132
793, 13.20833, 22.6286, 163.809, 0.00122368, -173.093
793, 13.21667, 22.5866, 163.822, 0.00122161, -173.054
794, 13.22500, 22.5446, 163.834, 0.00121954, -173.015
794, 13.23333, 22.5027, 163.847, 0.00121748, -172.976
795, 13.24167, 22.4608, 163.859, 0.00121541, -172.936
795, 13.25000, 22.419, 163.872, 0.00121335, -172.897
796, 13.25833, 22.3773, 163.885, 0.0012113, -172.858
796, 13.26667, 22.3355, 163.897, 0.00120924, -172.818
797, 13.27500, 22.2939, 163.91, 0.00120719, -172.779
797, 13.28333, 22.2522, 163.923, 0.00120513, -172.739
798, 13.29167, 22.2107, 163.936, 0.00120308, -172.7
798, 13.30000, 22.1691, 163.949, 0.00120104, -172.66
799, 13.30833, 22.1277, 163.962, 0.00119899, -172.621
799, 13.31667, 22.0862, 163.975, 0.00119695, -172.581
800, 13.32500, 22.0448, 163.989, 0.0011949, -172.541
800, 13.33333, 22.0035, 164.002, 0.00119286, -172.501
801, 13.34167, 21.9622, 164.016, 0.00119083, -172.461
801, 13.35000, 21.921, 164.029, 0.00118879, -172.421
802, 13.35833, 21.8798, 164.043, 0.00118676, -172.381
802, 13.36667, 21.8386, 164.056, 0.00118473, -172.341
803, 13.37500, 21.7975, 164.07, 0.0011827, -172.301
803, 13.38333, 21.7565, 164.084, 0.00118067, -172.261
804, 13.39167, 21.7154, 164.098, 0.00117864, -172.221
804, 13.40000, 21.6745, 164.112, 0.00117662, -172.18
805, 13.40833, 21.6335, 164.126, 0.0011746, -172.14
805, 13.41667, 21.5927, 164.14, 0.00117258, -172.099
806, 13.42500, 21.5518, 164.154, 0.00117056, -172.059
806, 13.43333, 21.5111, 164.168, 0.00116854, -172.018
807, 13.44167, 21.4703, 164.183, 0.00116653, -171.978
807, 13.45000, 21.4296, 164.197, 0.00116452, -171.937
807, 13.45833, 21.389, 164.212, 0.00116251, -171.896
808, 13.46667, 21.3484, 164.226, 0.0011605, -171.855
809, 13.47500, 21.3078, 164.241, 0.00115849, -171.815
809, 13.48333, 21.2673, 164.256, 0.00115649, -171.774
810, 13.49167, 21.2268, 164.271, 0.00115449, -171.733
810, 13.50000, 21.1864, 164.286, 0.00115249, -171.691
811, 13.50833, 21.146, 164.301, 0.00115049, -171.65
811, 13.51667, 21.1056, 164.316, 0.00114849, -171.609
812, 13.52500, 21.0653, 164.331, 0.0011465, -171.568
812, 13.53333, 21.0251, 164.346, 0.0011445, -171.527
813, 13.54167, 20.9849, 164.362, 0.00114251, -171.485
813, 13.55000, 20.9447, 164.377, 0.00114052, -171.444
814, 13.55833, 20.9046, 164.392, 0.00113853, -171.402
814, 13.56667, 20.8645, 164.408, 0.00113655, -171.361
815, 13.57500, 20.8245, 164.424, 0.00113456, -171.319
815, 13.58333, 20.7845, 164.439, 0.00113258, -171.277
816, 13.59167, 20.7445, 164.455, 0.0011306, -171.235
816, 13.60000, 20.7046, 164.471, 0.00112862, -171.193
816, 13.60833, 20.6648, 164.487, 0.00112665, -171.152
817, 13.61667, 20.6249, 164.503, 0.00112467, -171.11
818, 13.62500, 20.5852, 164.52, 0.0011227, -171.067
818, 13.63333, 20.5454, 164.536, 0.00112073, -171.025
819, 13.64167, 20.5057, 164.552, 0.00111876, -170.983
819, 13.65000, 20.4661, 164.569, 0.00111679, -170.941
820, 13.65833, 20.4265, 164.585, 0.00111482, -170.898
820, 13.66667, 20.3869, 164.602, 0.00111286, -170.856
821, 13.67500, 20.3474, 164.618, 0.0011109, -170.814
821, 13.68333, 20.3079, 164.635, 0.00110893, -170.771
822, 13.69167, 20.2684, 164.652, 0.00110698, -170.728
822, 13.70000, 20.229, 164.669, 0.00110502, -170.686
823, 13.70833, 20.1897, 164.686, 0.00110306, -170.643
823, 13.71667, 20.1504, 164.703, 0.00110111, -170.6
824, 13.72500, 20.1111, 164.721, 0.00109916, -170.557
824, 13.73333, 20.0718, 164.738, 0.00109721, -170.514
824, 13.74167, 20.0326, 164.755, 0.00109526, -170.471
825, 13.75000, 19.9935, 164.773, 0.00109331, -170.428
826, 13.75833, 19.9544, 164.79, 0.00109136, -170.385
826, 13.76667, 19.9153, 164.808, 0.00108942, -170.341
827, 13.77500, 19.8763, 164.826, 0.00108748, -170.298
827, 13.78333, 19.8373, 164.844, 0.00108554, -170.255
828, 13.79167, 19.7983, 164.862, 0.0010836, -170.211
828, 13.80000, 19.7594, 164.88, 0.00108166, -170.167
829, 13.80833, 19.7205, 164.898, 0.00107972, -170.124
829, 13.81667, 19.6817, 164.916, 0.00107779, -170.08
830, 13.82500, 19.6429, 164.935, 0.00107586, -170.036
830, 13.83333, 19.6042, 164.953, 0.00107393, -169.992
831, 13.84167, 19.5654, 164.972, 0.001072, -169.948
831, 13.85000, 19.5268, 164.99, 0.00107007, -169.904
832, 13.85833, 19.4881, 165.009, 0.00106814, -169.86
832, 13.86667, 19.4495, 165.028, 0.00106622, -169.816
832, 13.87500, 19.411, 165.047, 0.0010643, -169.772
833, 13.88333, 19.3725, 165.066, 0.00106238, -169.727
834, 13.89167, 19.334, 165.085, 0.00106046, -169.683
834, 13.90000, 19.2956, 165.104, 0.00105854, -169.638
835, 13.90833, 19.2572, 165.123, 0.00105662, -169.594
835, 13.91667, 19.2188, 165.143, 0.00105471, -169.549
836, 13.92500, 19.1805, 165.162, 0.00105279, -169.504
836, 13.93333, 19.1422, 165.182, 0.00105088, -169.459
837, 13.94167, 19.1039, 165.202, 0.00104897, -169.414
837, 13.95000, 19.0657, 165.222, 0.00104706, -169.369
838, 13.95833, 19.0276, 165.241, 0.00104516, -169.324
838, 13.96667, 18.9894, 165.261, 0.00104325, -169.279
839, 13.97500, 18.9513, 165.282, 0.00104135, -169.233
839, 13.98333, 18.9133, 165.302, 0.00103944, -169.188
840, 13.99167, 18.8753, 165.322, 0.00103754, -169.143
840, 14.00000, 18.8373, 165.343, 0.00103564, -169.097
841, 14.00833, 18.7994, 165.363, 0.00103375, -169.051
841, 14.01667, 18.7615, 165.384, 0.00103185, -169.006
841, 14.02500, 18.7236, 165.405, 0.00102995, -168.96
842, 14.03333, 18.6858, 165.425, 0.00102806, -168.914
843, 14.04167, 18.648, 165.446, 0.00102617, -168.868
843, 14.05000, 18.6102, 165.467, 0.00102428, -168.822
844, 14.05833, 18.5725, 165.489, 0.00102239, -168.776
844, 14.06667, 18.5348, 165.51, 0.0010205, -168.729
845, 14.07500, 18.4972, 165.531, 0.00101862, -168.683
845, 14.08333, 18.4596, 165.553, 0.00101673, -168.636
846, 14.09167, 18.422, 165.574, 0.00101485, -168.59
846, 14.10000, 18.3845, 165.596, 0.00101297, -168.543
847, 14.10833, 18.347, 165.618, 0.00101108, -168.497
847, 14.11667, 18.3095, 165.64, 0.00100921, -168.45
848, 14.12500, 18.2721, 165.662, 0.00100733, -168.403
848, 14.13333, 18.2347, 165.684, 0.00100545, -168.356
849, 14.14167, 18.1974, 165.706, 0.00100358, -168.309
849, 14.15000, 18.1601, 165.729, 0.0010017, -168.261
849, 14.15833, 18.1228, 165.751, 0.000999833, -168.214
850, 14.16667, 18.0856, 165.774, 0.000997962, -168.167
851, 14.17500, 18.0483, 165.796, 0.000996093, -168.119
851, 14.18333, 18.0112, 165.819, 0.000994226, -168.072
852, 14.19167, 17.974, 165.842, 0.000992359, -168.024
852, 14.20000, 17.937, 165.865, 0.000990495, -167.976
853, 14.20833, 17.8999, 165.888, 0.000988631, -167.928
853, 14.21667, 17.8629, 165.912, 0.000986769, -167.88
854, 14.22500, 17.8259, 165.935, 0.000984908, -167.832
854, 14.23333, 17.7889, 165.959, 0.000983049, -167.784
855, 14.24167, 17.752, 165.982, 0.000981191, -167.736
855, 14.25000, 17.7151, 166.006, 0.000979334, -167.687
856, 14.25833, 17.6783, 166.03, 0.000977479, -167.639
856, 14.26667, 17.6415, 166.054, 0.000975625, -167.59
857, 14.27500, 17.6047, 166.078, 0.000973773, -167.541
857, 14.28333, 17.5679, 166.102, 0.000971922, -167.492
857, 14.29167, 17.5312, 166.127, 0.000970072, -167.444
858, 14.30000, 17.4946, 166.151, 0.000968223, -167.394
859, 14.30833, 17.4579, 166.176, 0.000966376, -167.345
859, 14.31667, 17.4213, 166.201, 0.00096453, -167.296
860, 14.32500, 17.3848, 166.225, 0.000962686, -167.247
860, 14.33333, 17.3482, 166.25, 0.000960843, -167.197
861, 14.34167, 17.3117, 166.276, 0.000959001, -167.148
861, 14.35000, 17.2753, 166.301, 0.00095716, -167.098
862, 14.35833, 17.2388, 166.326, 0.000955321, -167.048
862, 14.36667, 17.2024, 166.352, 0.000953483, -166.998
863, 14.37500, 17.1661, 166.377, 0.000951646, -166.948
863, 14.38333, 17.1297, 166.403, 0.000949811, -166.898
864, 14.39167, 17.0934, 166.429, 0.000947976, -166.848
864, 14.40000, 17.0572, 166.455, 0.000946144, -166.797
865, 14.40833, 17.021, 166.481, 0.000944312, -166.747
865, 14.41667, 16.9848, 166.507, 0.000942482, -166.696
866, 14.42500, 16.9486, 166.534, 0.000940653, -166.646
866, 14.43333, 16.9125, 166.56, 0.000938825, -166.595
866, 14.44167, 16.8764, 166.587, 0.000936999, -166.544
867, 14.45000, 16.8403, 166.614, 0.000935174, -166.493
868, 14.45833, 16.8043, 166.641, 0.00093335, -166.442
868, 14.46667, 16.7683, 166.668, 0.000931527, -166.39
869, 14.47500, 16.7324, 166.695, 0.000929706, -166.339
869, 14.48333, 16.6964, 166.722, 0.000927885, -166.287
870, 14.49167, 16.6605, 166.75, 0.000926066, -166.236
870, 14.50000, 16.6247, 166.778, 0.000924249, -166.184
871, 14.50833, 16.5889, 166.805, 0.000922432, -166.132
871, 14.51667, 16.5531, 166.833, 0.000920617, -166.08
872, 14.52500, 16.5173, 166.861, 0.000918803, -166.028
872, 14.53333, 16.4816, 166.889, 0.00091699, -165.975
873, 14.54167, 16.4459, 166.918, 0.000915179, -165.923
873, 14.55000, 16.4102, 166.946, 0.000913368, -165.87
874, 14.55833, 16.3746, 166.975, 0.000911559, -165.818
874, 14.56667, 16.339, 167.004, 0.000909751, -165.765
874, 14.57500, 16.3034, 167.032, 0.000907945, -165.712
875, 14.58333, 16.2679, 167.062, 0.000906139, -165.659
876, 14.59167, 16.2324, 167.091, 0.000904335, -165.606
876, 14.60000, 16.197, 167.12, 0.000902532, -165.553
877, 14.60833, 16.1615, 167.15, 0.00090073, -165.499
877, 14.61667, 16.1261, 167.179, 0.000898929, -165.445
878, 14.62500, 16.0908, 167.209, 0.00089713, -165.392
878, 14.63333, 16.0554, 167.239, 0.000895332, -165.338
879, 14.64167, 16.0201, 167.269, 0.000893534, -165.284
879, 14.65000, 15.9848, 167.299, 0.000891738, -165.23
880, 14.65833, 15.9496, 167.33, 0.000889944, -165.176
880, 14.66667, 15.9144, 167.36, 0.00088815, -165.121
881, 14.67500, 15.8792, 167.391, 0.000886358, -165.067
881, 14.68333, 15.8441, 167.422, 0.000884566, -165.012
882, 14.69167, 15.809, 167.453, 0.000882776, -164.957
882, 14.70000, 15.7739, 167.484, 0.000880987, -164.902
882, 14.70833, 15.7389, 167.515, 0.000879199, -164.847
883, 14.71667, 15.7038, 167.547, 0.000877413, -164.792
884, 14.72500, 15.6689, 167.578, 0.000875627, -164.736
884, 14.73333, 15.6339, 167.61, 0.000873843, -164.681
885, 14.74167, 15.599, 167.642, 0.00087206, -164.625
885, 14.75000, 15.5641, 167.674, 0.000870278, -164.569
886, 14.75833, 15.5292, 167.707, 0.000868497, -164.513
886, 14.76667, 15.4944, 167.739, 0.000866717, -164.457
887, 14.77500, 15.4596, 167.772, 0.000864938, -164.401
887, 14.78333, 15.4249, 167.804, 0.000863161, -164.344
888, 14.79167, 15.3901, 167.837, 0.000861384, -164.288
888, 14.80000, 15.3554, 167.871, 0.000859609, -164.231
889, 14.80833, 15.3208, 167.904, 0.000857835, -164.174
889, 14.81667, 15.2861, 167.937, 0.000856062, -164.117
890, 14.82500, 15.2515, 167.971, 0.00085429, -164.06
890, 14.83333, 15.2169, 168.005, 0.00085252, -164.003
891, 14.84167, 15.1824, 168.039, 0.00085075, -163.945
891, 14.85000, 15.1479, 168.073, 0.000848981, -163.888
891, 14.85833, 15.1134, 168.107, 0.000847214, -163.83
892, 14.86667, 15.0789, 168.142, 0.000845448, -163.772
893, 14.87500, 15.0445, 168.176, 0.000843683, -163.714
893, 14.88333, 15.0101, 168.211, 0.000841919, -163.655
894, 14.89167, 14.9758, 168.246, 0.000840155, -163.597
894, 14.90000, 14.9414, 168.281, 0.000838394, -163.538
895, 14.90833, 14.9071, 168.317, 0.000836633, -163.479
895, 14.91667, 14.8729, 168.352, 0.000834873, -163.42
896, 14.92500, 14.8386, 168.388, 0.000833115, -163.361
896, 14.93333, 14.8044, 168.424, 0.000831357, -163.302
897, 14.94167, 14.7703, 168.46, 0.000829601, -163.242
897, 14.95000, 14.7361, 168.497, 0.000827845, -163.183
898, 14.95833, 14.702, 168.533, 0.000826091, -163.123
898, 14.96667, 14.6679, 168.57, 0.000824338, -163.063
899, 14.97500, 14.6339, 168.607, 0.000822586, -163.003
899, 14.98333, 14.5999, 168.644, 0.000820835, -162.942
899, 14.99167, 14.5659, 168.681, 0.000819085, -162.882
900, 15.00000, 14.5319, 168.718, 0.000817336, -162.821
901, 15.00833, 14.498, 168.756, 0.000815589, -162.76
901, 15.01667, 14.4641, 168.794, 0.000813842, -162.699
902, 15.02500, 14.4302, 168.832, 0.000812097, -162.638
902, 15.03333, 14.3964, 168.87, 0.000810352, -162.577
903, 15.04167, 14.3625, 168.909, 0.000808608, -162.515
903, 15.05000, 14.3288, 168.947, 0.000806866, -162.453
904, 15.05833, 14.295, 168.986, 0.000805125, -162.391
904, 15.06667, 14.2613, 169.025, 0.000803385, -162.329
905, 15.07500, 14.2276, 169.064, 0.000801646, -162.267
905, 15.08333, 14.194, 169.104, 0.000799908, -162.204
906, 15.09167, 14.1603, 169.143, 0.00079817, -162.141
906, 15.10000, 14.1267, 169.183, 0.000796434, -162.079
907, 15.10833, 14.0932, 169.223, 0.0007947, -162.015
907, 15.11667, 14.0596, 169.264, 0.000792966, -161.952
907, 15.12500, 14.0261, 169.304, 0.000791233, -161.889
908, 15.13333, 13.9926, 169.345, 0.000789501, -161.825
909, 15.14167, 13.9592, 169.386, 0.000787771, -161.761
909, 15.15000, 13.9258, 169.427, 0.000786041, -161.697
910, 15.15833, 13.8924, 169.468, 0.000784312, -161.633
910, 15.16667, 13.859, 169.51, 0.000782585, -161.568
911, 15.17500, 13.8257, 169.552, 0.000780859, -161.503
911, 15.18333, 13.7924, 169.594, 0.000779133, -161.438
912, 15.19167, 13.7591, 169.636, 0.000777409, -161.373
912, 15.20000, 13.7259, 169.678, 0.000775686, -161.308
913, 15.20833, 13.6927, 169.721, 0.000773963, -161.242
913, 15.21667, 13.6595, 169.764, 0.000772242, -161.177
914, 15.22500, 13.6264, 169.807, 0.000770522, -161.111
914, 15.23333, 13.5932, 169.85, 0.000768803, -161.045
915, 15.24167, 13.5602, 169.894, 0.000767085, -160.978
915, 15.25000, 13.5271, 169.938, 0.000765368, -160.911
916, 15.25833, 13.4941, 169.982, 0.000763652, -160.845
916, 15.26667, 13.4611, 170.026, 0.000761937, -160.778
916, 15.27500, 13.4281, 170.071, 0.000760223, -160.71
917, 15.28333, 13.3952, 170.115, 0.000758511, -160.643
918, 15.29167, 13.3623, 170.16, 0.000756799, -160.575
918, 15.30000, 13.3294, 170.205, 0.000755088, -160.507
919, 15.30833, 13.2965, 170.251, 0.000753378, -160.439
919, 15.31667, 13.2637, 170.297, 0.00075167, -160.371
920, 15.32500, 13.2309, 170.343, 0.000749962, -160.302
920, 15.33333, 13.1982, 170.389, 0.000748256, -160.233
921, 15.34167, 13.1654, 170.435, 0.00074655, -160.164
921, 15.35000, 13.1327, 170.482, 0.000744846, -160.095
922, 15.35833, 13.1001, 170.529, 0.000743143, -160.025
922, 15.36667, 13.0674, 170.576, 0.00074144, -159.955
923, 15.37500, 13.0348, 170.624, 0.000739739, -159.885
923, 15.38333, 13.0022, 170.671, 0.000738039, -159.815
924, 15.39167, 12.9697, 170.719, 0.00073634, -159.744
924, 15.40000, 12.9371, 170.768, 0.000734642, -159.674
924, 15.40833, 12.9047, 170.816, 0.000732945, -159.603
925, 15.41667, 12.8722, 170.865, 0.000731248, -159.531
926, 15.42500, 12.8398, 170.914, 0.000729554, -159.46
926, 15.43333, 12.8074, 170.963, 0.00072786, -159.388
927, 15.44167, 12.775, 171.013, 0.000726167, -159.316
927, 15.45000, 12.7426, 171.063, 0.000724475, -159.244
928, 15.45833, 12.7103, 171.113, 0.000722784, -159.171
928, 15.46667, 12.6781, 171.163, 0.000721095, -159.098
929, 15.47500, 12.6458, 171.214, 0.000719406, -159.025
929, 15.48333, 12.6136, 171.265, 0.000717719, -158.952
930, 15.49167, 12.5814, 171.316, 0.000716032, -158.878
930, 15.50000, 12.5492, 171.367, 0.000714347, -158.805
931, 15.50833, 12.5171, 171.419, 0.000712662, -158.73
931, 15.51667, 12.485, 171.471, 0.000710979, -158.656
932, 15.52500, 12.4529, 171.523, 0.000709297, -158.581
932, 15.53333, 12.4209, 171.576, 0.000707616, -158.506
932, 15.54167, 12.3889, 171.629, 0.000705935, -158.431
933, 15.55000, 12.3569, 171.682, 0.000704256, -158.356
934, 15.55833, 12.3249, 171.736, 0.000702578, -158.28
934, 15.56667, 12.293, 171.789, 0.000700901, -158.204
935, 15.57500, 12.2611, 171.844, 0.000699226, -158.128
935, 15.58333, 12.2293, 171.898, 0.000697551, -158.051
936, 15.59167, 12.1974, 171.953, 0.000695877, -157.974
936, 15.60000, 12.1656, 172.008, 0.000694205, -157.897
937, 15.60833, 12.1339, 172.063, 0.000692533, -157.819
937, 15.61667, 12.1021, 172.119, 0.000690863, -157.742
938, 15.62500, 12.0704, 172.175, 0.000689193, -157.663
938, 15.63333, 12.0387, 172.231, 0.000687525, -157.585
939, 15.64167, 12.0071, 172.287, 0.000685858, -157.506
939, 15.65000, 11.9755, 172.344, 0.000684192, -157.427
940, 15.65833, 11.9439, 172.401, 0.000682527, -157.348
940, 15.66667, 11.9123, 172.459, 0.000680863, -157.268
941, 15.67500, 11.8808, 172.517, 0.000679201, -157.189
941, 15.68333, 11.8493, 172.575, 0.000677539, -157.108
941, 15.69167, 11.8178, 172.633, 0.000675878, -157.028
942, 15.70000, 11.7864, 172.692, 0.000674219, -156.947
943, 15.70833, 11.755, 172.751, 0.000672561, -156.866
943, 15.71667, 11.7236, 172.811, 0.000670903, -156.784
944, 15.72500, 11.6923, 172.871, 0.000669247, -156.702
944, 15.73333, 11.661, 172.931, 0.000667593, -156.62
945, 15.74167, 11.6297, 172.992, 0.000665939, -156.538
945, 15.75000, 11.5985, 173.052, 0.000664286, -156.455
946, 15.75833, 11.5672, 173.114, 0.000662634, -156.372
946, 15.76667, 11.536, 173.175, 0.000660984, -156.288
947, 15.77500, 11.5049, 173.237, 0.000659335, -156.205
947, 15.78333, 11.4738, 173.299, 0.000657687, -156.12
948, 15.79167, 11.4427, 173.362, 0.000656039, -156.036
948, 15.80000, 11.4116, 173.425, 0.000654394, -155.951
949, 15.80833, 11.3806, 173.488, 0.000652749, -155.866
949, 15.81667, 11.3496, 173.552, 0.000651105, -155.78
949, 15.82500, 11.3186, 173.616, 0.000649463, -155.694
950, 15.83333, 11.2877, 173.681, 0.000647822, -155.608
951, 15.84167, 11.2568, 173.745, 0.000646182, -155.521
951, 15.85000, 11.2259, 173.811, 0.000644543, -155.435
952, 15.85833, 11.1951, 173.876, 0.000642905, -155.347
952, 15.86667, 11.1643, 173.942, 0.000641269, -155.259
953, 15.87500, 11.1335, 174.008, 0.000639633, -155.171
953, 15.88333, 11.1028, 174.075, 0.000637999, -155.083
954, 15.89167, 11.0721, 174.142, 0.000636366, -154.994
954, 15.90000, 11.0414, 174.21, 0.000634735, -154.905
955, 15.90833, 11.0107, 174.278, 0.000633104, -154.815
955, 15.91667, 10.9801, 174.346, 0.000631475, -154.725
956, 15.92500, 10.9495, 174.415, 0.000629847, -154.635
956, 15.93333, 10.919, 174.484, 0.00062822, -154.544
957, 15.94167, 10.8885, 174.553, 0.000626594, -154.453
957, 15.95000, 10.858, 174.623, 0.00062497, -154.362
957, 15.95833, 10.8275, 174.693, 0.000623347, -154.27
958, 15.96667, 10.7971, 174.764, 0.000621725, -154.177
959, 15.97500, 10.7667, 174.835, 0.000620104, -154.085
959, 15.98333, 10.7364, 174.907, 0.000618485, -153.991
960, 15.99167, 10.7061, 174.979, 0.000616867, -153.898
960, 16.00000, 10.6758, 175.051, 0.00061525, -153.804
961, 16.00833, 10.6455, 175.124, 0.000613634, -153.71
961, 16.01667, 10.6153, 175.198, 0.00061202, -153.615
962, 16.02500, 10.5851, 175.271, 0.000610407, -153.519
962, 16.03333, 10.555, 175.346, 0.000608795, -153.424
963, 16.04167, 10.5249, 175.42, 0.000607185, -153.328
963, 16.05000, 10.4948, 175.495, 0.000605575, -153.231
964, 16.05833, 10.4647, 175.571, 0.000603968, -153.134
964, 16.06667, 10.4347, 175.647, 0.000602361, -153.037
965, 16.07500, 10.4047, 175.723, 0.000600756, -152.939
965, 16.08333, 10.3748, 175.8, 0.000599152, -152.841
966, 16.09167, 10.3449, 175.877, 0.00059755, -152.742
966, 16.10000, 10.315, 175.955, 0.000595948, -152.643
966, 16.10833, 10.2852, 176.034, 0.000594349, -152.543
967, 16.11667, 10.2554, 176.112, 0.00059275, -152.443
968, 16.12500, 10.2256, 176.192, 0.000591153, -152.342
968, 16.13333, 10.1959, 176.271, 0.000589558, -152.241
969, 16.14167, 10.1662, 176.352, 0.000587963, -152.14
969, 16.15000, 10.1365, 176.432, 0.00058637, -152.038
970, 16.15833, 10.1069, 176.513, 0.000584779, -151.935
970, 16.16667, 10.0773, 176.595, 0.000583189, -151.832
971, 16.17500, 10.0477, 176.677, 0.0005816, -151.729
971, 16.18333, 10.0182, 176.76, 0.000580013, -151.625
972, 16.19167, 9.9887, 176.843, 0.000578427, -151.52
972, 16.20000, 9.95925, 176.927, 0.000576843, -151.416
973, 16.20833, 9.92984, 177.011, 0.00057526, -151.31
973, 16.21667, 9.90046, 177.096, 0.000573679, -151.204
974, 16.22500, 9.87112, 177.181, 0.000572099, -151.098
974, 16.23333, 9.84182, 177.267, 0.000570521, -150.991
974, 16.24167, 9.81255, 177.354, 0.000568944, -150.883
975, 16.25000, 9.78332, 177.44, 0.000567368, -150.775
976, 16.25833, 9.75413, 177.528, 0.000565794, -150.667
976, 16.26667, 9.72497, 177.616, 0.000564222, -150.558
977, 16.27500, 9.69586, 177.704, 0.000562651, -150.448
977, 16.28333, 9.66678, 177.793, 0.000561082, -150.338
978, 16.29167, 9.63773, 177.883, 0.000559514, -150.227
978, 16.30000, 9.60873, 177.973, 0.000557948, -150.116
979, 16.30833, 9.57977, 178.064, 0.000556383, -150.004
979, 16.31667, 9.55084, 178.155, 0.00055482, -149.892
980, 16.32500, 9.52195, 178.247, 0.000553259, -149.779
980, 16.33333, 9.4931, 178.34, 0.000551699, -149.665
981, 16.34167, 9.46429, 178.433, 0.000550141, -149.551
981, 16.35000, 9.43552, 178.526, 0.000548585, -149.437
982, 16.35833, 9.40679, 178.621, 0.00054703, -149.321
982, 16.36667, 9.3781, 178.715, 0.000545477, -149.206
982, 16.37500, 9.34945, 178.811, 0.000543925, -149.089
983, 16.38333, 9.32084, 178.907, 0.000542375, -148.972
984, 16.39167, 9.29227, 179.004, 0.000540827, -148.855
984, 16.40000, 9.26374, 179.101, 0.000539281, -148.737
985, 16.40833, 9.23525, 179.199, 0.000537736, -148.618
985, 16.41667, 9.2068, 179.297, 0.000536193, -148.498
986, 16.42500, 9.17839, 179.396, 0.000534652, -148.378
986, 16.43333, 9.15003, 179.496, 0.000533113, -148.258
987, 16.44167, 9.1217, 179.597, 0.000531575, -148.136
987, 16.45000, 9.09342, 179.698, 0.000530039, -148.015
988, 16.45833, 9.06518, 179.8, 0.000528505, -147.892
988, 16.46667, 9.03698, 179.902, 0.000526973, -147.769
989, 16.47500, 9.00882, -179.995, 0.000525443, -147.645
989, 16.48333, 8.98071, -179.891, 0.000523914, -147.521
990, 16.49167, 8.95264, -179.787, 0.000522388, -147.395
990, 16.50000, 8.92461, -179.682, 0.000520863, -147.27
991, 16.50833, 8.89663, -179.576, 0.00051934, -147.143
991, 16.51667, 8.86868, -179.47, 0.000517819, -147.016
991, 16.52500, 8.84079, -179.363, 0.0005163, -146.888
992, 16.53333, 8.81294, -179.255, 0.000514783, -146.76
993, 16.54167, 8.78513, -179.146, 0.000513268, -146.63
993, 16.55000, 8.75737, -179.037, 0.000511755, -146.501
994, 16.55833, 8.72965, -178.927, 0.000510244, -146.37
994, 16.56667, 8.70198, -178.816, 0.000508735, -146.239
995, 16.57500, 8.67435, -178.705, 0.000507228, -146.107
995, 16.58333, 8.64677, -178.593, 0.000505723, -145.974
996, 16.59167, 8.61924, -178.48, 0.00050422, -145.84
996, 16.60000, 8.59175, -178.366, 0.000502719, -145.706
997, 16.60833, 8.56431, -178.252, 0.000501221, -145.571
997, 16.61667, 8.53691, -178.137, 0.000499724, -145.436
998, 16.62500, 8.50957, -178.021, 0.00049823, -145.299
998, 16.63333, 8.48227, -177.904, 0.000496737, -145.162
999, 16.64167, 8.45502, -177.787, 0.000495247, -145.024
999, 16.65000, 8.42782, -177.669, 0.000493759, -144.885
999, 16.65833, 8.40066, -177.549, 0.000492274, -144.746
1000, 16.66667, 8.37356, -177.43, 0.00049079, -144.605
1001, 16.67500, 8.3465, -177.309, 0.000489309, -144.464
1001, 16.68333, 8.3195, -177.188, 0.00048783, -144.322
1002, 16.69167, 8.29254, -177.065, 0.000486354, -144.18
1002, 16.70000, 8.26563, -176.942, 0.000484879, -144.036
1003, 16.70833, 8.23878, -176.819, 0.000483408, -143.892
1003, 16.71667, 8.21197, -176.694, 0.000481938, -143.747
1004, 16.72500, 8.18522, -176.568, 0.000480471, -143.601
1004, 16.73333, 8.15852, -176.442, 0.000479006, -143.454
1005, 16.74167, 8.13187, -176.315, 0.000477544, -143.307
1005, 16.75000, 8.10527, -176.187, 0.000476084, -143.158
1006, 16.75833, 8.07873, -176.058, 0.000474627, -143.009
1006, 16.76667, 8.05224, -175.928, 0.000473172, -142.859
1007, 16.77500, 8.0258, -175.797, 0.00047172, -142.708
1007, 16.78333, 7.99942, -175.666, 0.00047027, -142.556
1007, 16.79167, 7.97309, -175.533, 0.000468823, -142.403
1008, 16.80000, 7.94682, -175.4, 0.000467378, -142.249
1009, 16.80833, 7.9206, -175.265, 0.000465936, -142.095
1009, 16.81667, 7.89444, -175.13, 0.000464497, -141.939
1010, 16.82500, 7.86833, -174.994, 0.00046306, -141.783
1010, 16.83333, 7.84228, -174.857, 0.000461627, -141.626
1011, 16.84167, 7.81628, -174.719, 0.000460195, -141.468
1011, 16.85000, 7.79035, -174.58, 0.000458767, -141.308
1012, 16.85833, 7.76447, -174.44, 0.000457342, -141.148
1012, 16.86667, 7.73865, -174.299, 0.000455919, -140.987
1013, 16.87500, 7.71289, -174.158, 0.000454499, -140.825
1013, 16.88333, 7.68719, -174.015, 0.000453082, -140.662
1014, 16.89167, 7.66154, -173.871, 0.000451668, -140.498
1014, 16.90000, 7.63596, -173.726, 0.000450256, -140.334
1015, 16.90833, 7.61044, -173.58, 0.000448848, -140.168
1015, 16.91667, 7.58497, -173.434, 0.000447443, -140.001
1016, 16.92500, 7.55957, -173.286, 0.000446041, -139.833
1016, 16.93333, 7.53424, -173.137, 0.000444642, -139.664
1016, 16.94167, 7.50896, -172.987, 0.000443245, -139.494
1017, 16.95000, 7.48375, -172.837, 0.000441853, -139.323
1018, 16.95833, 7.4586, -172.685, 0.000440463, -139.151
1018, 16.96667, 7.43351, -172.532, 0.000439076, -138.979
1019, 16.97500, 7.40849, -172.378, 0.000437693, -138.804
1019, 16.98333, 7.38353, -172.223, 0.000436313, -138.629
1020, 16.99167, 7.35864, -172.066, 0.000434936, -138.453
1020, 17.00000, 7.33382, -171.909, 0.000433562, -138.276
1021, 17.00833, 7.30906, -171.751, 0.000432192, -138.098
1021, 17.01667, 7.28437, -171.592, 0.000430825, -137.918
1022, 17.02500, 7.25974, -171.431, 0.000429462, -137.738
1022, 17.03333, 7.23519, -171.269, 0.000428102, -137.556
1023, 17.04167, 7.2107, -171.107, 0.000426745, -137.374
1023, 17.05000, 7.18629, -170.943, 0.000425392, -137.19
1024, 17.05833, 7.16194, -170.778, 0.000424043, -137.005
1024, 17.06667, 7.13766, -170.611, 0.000422697, -136.819
1025, 17.07500, 7.11346, -170.444, 0.000421355, -136.632
1025, 17.08333, 7.08932, -170.276, 0.000420016, -136.443
1026, 17.09167, 7.06526, -170.106, 0.000418681, -136.254
1026, 17.10000, 7.04128, -169.935, 0.00041735, -136.063
1027, 17.10833, 7.01736, -169.763, 0.000416023, -135.871
1027, 17.11667, 6.99352, -169.59, 0.0004147, -135.678
1028, 17.12500, 6.96976, -169.415, 0.00041338, -135.484
1028, 17.13333, 6.94607, -169.24, 0.000412065, -135.288
1029, 17.14167, 6.92245, -169.063, 0.000410753, -135.092
1029, 17.15000, 6.89892, -168.885, 0.000409445, -134.894
1030, 17.15833, 6.87546, -168.705, 0.000408142, -134.695
1030, 17.16667, 6.85208, -168.525, 0.000406842, -134.494
1031, 17.17500, 6.82878, -168.343, 0.000405547, -134.293
1031, 17.18333, 6.80556, -168.159, 0.000404256, -134.09
1032, 17.19167, 6.78242, -167.975, 0.000402969, -133.886
1032, 17.20000, 6.75936, -167.789, 0.000401686, -133.68
1033, 17.20833, 6.73638, -167.602, 0.000400408, -133.474
1033, 17.21667, 6.71348, -167.414, 0.000399133, -133.266
1034, 17.22500, 6.69067, -167.224, 0.000397864, -133.056
1034, 17.23333, 6.66794, -167.033, 0.000396599, -132.846
1035, 17.24167, 6.6453, -166.841, 0.000395338, -132.634
1035, 17.25000, 6.62274, -166.647, 0.000394082, -132.42
1036, 17.25833, 6.60027, -166.452, 0.00039283, -132.206
1036, 17.26667, 6.57789, -166.256, 0.000391583, -131.99
1037, 17.27500, 6.55559, -166.058, 0.000390341, -131.773
1037, 17.28333, 6.53338, -165.859, 0.000389103, -131.554
1038, 17.29167, 6.51126, -165.659, 0.00038787, -131.334
1038, 17.30000, 6.48924, -165.457, 0.000386643, -131.113
1039, 17.30833, 6.4673, -165.254, 0.00038542, -130.89
1039, 17.31667, 6.44545, -165.049, 0.000384201, -130.666
1040, 17.32500, 6.4237, -164.843, 0.000382988, -130.44
1040, 17.33333, 6.40204, -164.635, 0.00038178, -130.213
1041, 17.34167, 6.38048, -164.426, 0.000380577, -129.985
1041, 17.35000, 6.35901, -164.216, 0.00037938, -129.755
1042, 17.35833, 6.33764, -164.004, 0.000378187, -129.523
1042, 17.36667, 6.31636, -163.791, 0.000377, -129.291
1043, 17.37500, 6.29518, -163.576, 0.000375818, -129.056
1043, 17.38333, 6.27411, -163.36, 0.000374642, -128.821
1044, 17.39167, 6.25313, -163.142, 0.00037347, -128.584
1044, 17.40000, 6.23225, -162.923, 0.000372305, -128.345
1045, 17.40833, 6.21147, -162.702, 0.000371145, -128.105
1045, 17.41667, 6.1908, -162.48, 0.00036999, -127.863
1046, 17.42500, 6.17023, -162.256, 0.000368842, -127.62
1046, 17.43333, 6.14976, -162.031, 0.000367699, -127.376
1047, 17.44167, 6.1294, -161.804, 0.000366561, -127.13
1047, 17.45000, 6.10914, -161.576, 0.00036543, -126.882
1048, 17.45833, 6.089, -161.346, 0.000364305, -126.633
1048, 17.46667, 6.06896, -161.115, 0.000363185, -126.382
1049, 17.47500, 6.04903, -160.882, 0.000362072, -126.13
1049, 17.48333, 6.02921, -160.647, 0.000360965, -125.876
1050, 17.49167, 6.0095, -160.411, 0.000359864, -125.621
1050, 17.50000, 5.9899, -160.173, 0.000358769, -125.364
1051, 17.50833, 5.97042, -159.934, 0.00035768, -125.105
1051, 17.51667, 5.95105, -159.693, 0.000356598, -124.845
1052, 17.52500, 5.9318, -159.451, 0.000355522, -124.584
1052, 17.53333, 5.91266, -159.207, 0.000354453, -124.32
1053, 17.54167, 5.89364, -158.961, 0.00035339, -124.055
1053, 17.55000, 5.87474, -158.714, 0.000352334, -123.789
1054, 17.55833, 5.85596, -158.465, 0.000351285, -123.521
1054, 17.56667, 5.8373, -158.214, 0.000350243, -123.251
1055, 17.57500, 5.81876, -157.962, 0.000349207, -122.98
1055, 17.58333, 5.80034, -157.709, 0.000348178, -122.707
1056, 17.59167, 5.78205, -157.453, 0.000347156, -122.432
1056, 17.60000, 5.76388, -157.196, 0.000346142, -122.156
1057, 17.60833, 5.74584, -156.937, 0.000345134, -121.878
1057, 17.61667, 5.72793, -156.677, 0.000344134, -121.599
1058, 17.62500, 5.71014, -156.415, 0.000343141, -121.318
1058, 17.63333, 5.69249, -156.151, 0.000342155, -121.035
1059, 17.64167, 5.67496, -155.886, 0.000341176, -120.751
1059, 17.65000, 5.65757, -155.619, 0.000340205, -120.465
1060, 17.65833, 5.64031, -155.35, 0.000339242, -120.177
1060, 17.66667, 5.62318, -155.08, 0.000338286, -119.887
1061, 17.67500, 5.60619, -154.808, 0.000337339, -119.596
1061, 17.68333, 5.58933, -154.534, 0.000336398, -119.304
1062, 17.69167, 5.57261, -154.259, 0.000335466, -119.009
1062, 17.70000, 5.55604, -153.982, 0.000334542, -118.713
1063, 17.70833, 5.5396, -153.703, 0.000333625, -118.416
1063, 17.71667, 5.5233, -153.422, 0.000332717, -118.116
1063, 17.72500, 5.50714, -153.14, 0.000331817, -117.815
1064, 17.73333, 5.49113, -152.856, 0.000330925, -117.512
1065, 17.74167, 5.47527, -152.571, 0.000330042, -117.208
1065, 17.75000, 5.45954, -152.284, 0.000329167, -116.902
1065, 17.75833, 5.44397, -151.995, 0.0003283, -116.594
1066, 17.76667, 5.42854, -151.704, 0.000327442, -116.285
1067, 17.77500, 5.41327, -151.412, 0.000326593, -115.974
1067, 17.78333, 5.39814, -151.118, 0.000325752, -115.661
1067, 17.79167, 5.38317, -150.823, 0.00032492, -115.347
1068, 17.80000, 5.36835, -150.526, 0.000324097, -115.03
1069, 17.80833, 5.35368, -150.227, 0.000323283, -114.713
1069, 17.81667, 5.33917, -149.926, 0.000322478, -114.393
1069, 17.82500, 5.32482, -149.624, 0.000321682, -114.072
1070, 17.83333, 5.31063, -149.32, 0.000320895, -113.75
1071, 17.84167, 5.29659, -149.015, 0.000320118, -113.425
1071, 17.85000, 5.28271, -148.707, 0.00031935, -113.099
1071, 17.85833, 5.269, -148.399, 0.000318591, -112.772
1072, 17.86667, 5.25545, -148.088, 0.000317842, -112.443
1073, 17.87500, 5.24206, -147.776, 0.000317103, -112.112
1073, 17.88333, 5.22884, -147.462, 0.000316373, -111.78
1073, 17.89167, 5.21578, -147.147, 0.000315653, -111.446
1074, 17.90000, 5.2029, -146.83, 0.000314943, -111.11
1075, 17.90833, 5.19018, -146.512, 0.000314242, -110.773
1075, 17.91667, 5.17763, -146.192, 0.000313552, -110.434
1075, 17.92500, 5.16526, -145.87, 0.000312872, -110.094
1076, 17.93333, 5.15305, -145.547, 0.000312202, -109.752
1077, 17.94167, 5.14102, -145.222, 0.000311542, -109.409
1077, 17.95000, 5.12917, -144.896, 0.000310892, -109.064
1077, 17.95833, 5.11749, -144.568, 0.000310253, -108.717
1078, 17.96667, 5.10599, -144.239, 0.000309624, -108.369
1079, 17.97500, 5.09467, -143.908, 0.000309006, -108.02
1079, 17.98333, 5.08352, -143.576, 0.000308399, -107.669
1079, 17.99167, 5.07256, -143.242, 0.000307802, -107.316
1080, 18.00000, 5.06178, -142.906, 0.000307216, -106.963
1081, 18.00833, 5.05119, -142.57, 0.000306641, -106.607
1081, 18.01667, 5.04077, -142.232, 0.000306076, -106.251
1081, 18.02500, 5.03055, -141.892, 0.000305523, -105.893
1082, 18.03333, 5.02051, -141.551, 0.000304981, -105.533
1083, 18.04167, 5.01065, -141.209, 0.00030445, -105.172
1083, 18.05000, 5.00099, -140.865, 0.00030393, -104.81
1083, 18.05833, 4.99152, -140.52, 0.000303422, -104.446
1084, 18.06667, 4.98223, -140.173, 0.000302925, -104.082
1085, 18.07500, 4.97314, -139.826, 0.000302439, -103.715
1085, 18.08333, 4.96424, -139.477, 0.000301965, -103.348
1085, 18.09167, 4.95554, -139.127, 0.000301502, -102.979
1086, 18.10000, 4.94703, -138.775, 0.000301051, -102.609
1087, 18.10833, 4.93871, -138.422, 0.000300612, -102.238
1087, 18.11667, 4.9306, -138.068, 0.000300185, -101.866
1087, 18.12500, 4.92268, -137.713, 0.000299769, -101.492
1088, 18.13333, 4.91496, -137.357, 0.000299366, -101.118
1089, 18.14167, 4.90744, -137, 0.000298974, -100.742
1089, 18.15000, 4.90012, -136.641, 0.000298595, -100.365
1089, 18.15833, 4.893, -136.282, 0.000298227, -99.9871
1090, 18.16667, 4.88609, -135.921, 0.000297872, -99.6081
1091, 18.17500, 4.87937, -135.559, 0.000297529, -99.2281
1091, 18.18333, 4.87287, -135.196, 0.000297198, -98.8471
1091, 18.19167, 4.86656, -134.833, 0.00029688, -98.465
1092, 18.20000, 4.86047, -134.468, 0.000296574, -98.0821
1093, 18.20833, 4.85458, -134.103, 0.00029628, -97.6983
1093, 18.21667, 4.84889, -133.736, 0.000295999, -97.3135
1093, 18.22500, 4.84342, -133.369, 0.000295731, -96.928
1094, 18.23333, 4.83815, -133.001, 0.000295475, -96.5416
1095, 18.24167, 4.8331, -132.632, 0.000295232, -96.1543
1095, 18.25000, 4.82825, -132.262, 0.000295002, -95.7663
1095, 18.25833, 4.82361, -131.891, 0.000294784, -95.3776
1096, 18.26667, 4.81919, -131.52, 0.00029458, -94.9881
1097, 18.27500, 4.81498, -131.148, 0.000294388, -94.598
1097, 18.28333, 4.81098, -130.776, 0.000294209, -94.2073
1098, 18.29167, 4.80719, -130.402, 0.000294043, -93.8159
1098, 18.30000, 4.80362, -130.029, 0.00029389, -93.4239
1099, 18.30833, 4.80026, -129.654, 0.00029375, -93.0314
1099, 18.31667, 4.79711, -129.279, 0.000293623, -92.6383
1100, 18.32500, 4.79419, -128.904, 0.000293509, -92.2448
1100, 18.33333, 4.79147, -128.528, 0.000293408, -91.8508
1101, 18.34167, 4.78897, -128.152, 0.00029332, -91.4564
1101, 18.35000, 4.78669, -127.775, 0.000293246, -91.0616
1102, 18.35833, 4.78463, -127.398, 0.000293185, -90.6665
1102, 18.36667, 4.78278, -127.021, 0.000293137, -90.271
1103, 18.37500, 4.78115, -126.643, 0.000293103, -89.8752
1103, 18.38333, 4.77973, -126.265, 0.000293081, -89.4792
1104, 18.39167, 4.77854, -125.887, 0.000293073, -89.083
1104, 18.40000, 4.77756, -125.509, 0.000293079, -88.6866
1105, 18.40833, 4.7768, -125.13, 0.000293098, -88.2901
1105, 18.41667, 4.77626, -124.751, 0.00029313, -87.8934
1106, 18.42500, 4.77593, -124.373, 0.000293175, -87.4966
1106, 18.43333, 4.77583, -123.994, 0.000293234, -87.0999
1107, 18.44167, 4.77594, -123.615, 0.000293307, -86.703
1107, 18.45000, 4.77627, -123.236, 0.000293393, -86.3063
1108, 18.45833, 4.77682, -122.857, 0.000293492, -85.9096
1108, 18.46667, 4.77759, -122.479, 0.000293605, -85.5129
1109, 18.47500, 4.77857, -122.1, 0.000293731, -85.1165
1109, 18.48333, 4.77978, -121.722, 0.000293871, -84.7202
1110, 18.49167, 4.7812, -121.344, 0.000294024, -84.324
1110, 18.50000, 4.78284, -120.966, 0.000294191, -83.9282
1111, 18.50833, 4.7847, -120.588, 0.000294371, -83.5326
1111, 18.51667, 4.78677, -120.21, 0.000294564, -83.1372
1112, 18.52500, 4.78906, -119.833, 0.000294771, -82.7423
1112, 18.53333, 4.79157, -119.457, 0.000294992, -82.3477
1113, 18.54167, 4.7943, -119.08, 0.000295226, -81.9534
1113, 18.55000, 4.79724, -118.704, 0.000295473, -81.5597
1114, 18.55833, 4.8004, -118.329, 0.000295734, -81.1664
1114, 18.56667, 4.80377, -117.954, 0.000296008, -80.7736
1115, 18.57500, 4.80736, -117.58, 0.000296295, -80.3814
1115, 18.58333, 4.81117, -117.206, 0.000296596, -79.9898
1116, 18.59167, 4.81519, -116.832, 0.00029691, -79.5987
1116, 18.60000, 4.81942, -116.46, 0.000297238, -79.2082
1117, 18.60833, 4.82387, -116.088, 0.000297579, -78.8185
1117, 18.61667, 4.82853, -115.716, 0.000297933, -78.4294
1118, 18.62500, 4.8334, -115.346, 0.0002983, -78.0411
1118, 18.63333, 4.83848, -114.976, 0.000298681, -77.6535
1119, 18.64167, 4.84378, -114.607, 0.000299075, -77.2667
1119, 18.65000, 4.84928, -114.239, 0.000299482, -76.8807
1120, 18.65833, 4.855, -113.871, 0.000299902, -76.4956
1120, 18.66667, 4.86092, -113.505, 0.000300335, -76.1114
1121, 18.67500, 4.86705, -113.139, 0.000300782, -75.7281
1121, 18.68333, 4.87339, -112.774, 0.000301241, -75.3457
1122, 18.69167, 4.87994, -112.411, 0.000301714, -74.9642
1122, 18.70000, 4.88669, -112.048, 0.000302199, -74.5838
1123, 18.70833, 4.89365, -111.686, 0.000302697, -74.2044
1123, 18.71667, 4.90082, -111.325, 0.000303208, -73.826
1124, 18.72500, 4.90819, -110.966, 0.000303732, -73.4486
1124, 18.73333, 4.91576, -110.607, 0.000304269, -73.0724
1125, 18.74167, 4.92353, -110.25, 0.000304819, -72.6973
1125, 18.75000, 4.93151, -109.893, 0.000305381, -72.3234
1126, 18.75833, 4.93968, -109.538, 0.000305956, -71.9506
1126, 18.76667, 4.94806, -109.184, 0.000306543, -71.579
1127, 18.77500, 4.95663, -108.831, 0.000307143, -71.2086
1127, 18.78333, 4.9654, -108.479, 0.000307756, -70.8394
1128, 18.79167, 4.97437, -108.129, 0.000308381, -70.4715
1128, 18.80000, 4.98353, -107.78, 0.000309019, -70.1049
1129, 18.80833, 4.99289, -107.432, 0.000309668, -69.7396
1129, 18.81667, 5.00244, -107.086, 0.000310331, -69.3756
1130, 18.82500, 5.01219, -106.741, 0.000311005, -69.0129
1130, 18.83333, 5.02212, -106.397, 0.000311692, -68.6516
1131, 18.84167, 5.03225, -106.054, 0.00031239, -68.2917
1131, 18.85000, 5.04257, -105.713, 0.000313101, -67.9332
1132, 18.85833, 5.05307, -105.374, 0.000313824, -67.576
1132, 18.86667, 5.06377, -105.035, 0.000314559, -67.2203
1133, 18.87500, 5.07464, -104.698, 0.000315305, -66.8661
1133, 18.88333, 5.08571, -104.363, 0.000316064, -66.5133
1134, 18.89167, 5.09696, -104.029, 0.000316834, -66.1619
1134, 18.90000, 5.10839, -103.697, 0.000317616, -65.8121
1135, 18.90833, 5.12, -103.366, 0.00031841, -65.4638
1135, 18.91667, 5.13179, -103.036, 0.000319215, -65.117
1136, 18.92500, 5.14377, -102.708, 0.000320032, -64.7717
1136, 18.93333, 5.15592, -102.382, 0.00032086, -64.428
1137, 18.94167, 5.16825, -102.057, 0.0003217, -64.0858
1137, 18.95000, 5.18075, -101.734, 0.000322551, -63.7452
1138, 18.95833, 5.19343, -101.412, 0.000323413, -63.4062
1138, 18.96667, 5.20629, -101.092, 0.000324286, -63.0687
1139, 18.97500, 5.21932, -100.774, 0.000325171, -62.7329
1139, 18.98333, 5.23251, -100.457, 0.000326067, -62.3986
1140, 18.99167, 5.24588, -100.141, 0.000326973, -62.066
1140, 19.00000, 5.25942, -99.8276, 0.000327891, -61.735
1141, 19.00833, 5.27312, -99.5155, 0.000328819, -61.4056
1141, 19.01667, 5.287, -99.205, 0.000329759, -61.0778
1142, 19.02500, 5.30103, -98.8962, 0.000330709, -60.7518
1142, 19.03333, 5.31523, -98.589, 0.000331669, -60.4273
1143, 19.04167, 5.3296, -98.2834, 0.000332641, -60.1045
1143, 19.05000, 5.34412, -97.9795, 0.000333622, -59.7834
1144, 19.05833, 5.35881, -97.6773, 0.000334615, -59.464
1144, 19.06667, 5.37366, -97.3767, 0.000335617, -59.1462
1145, 19.07500, 5.38866, -97.0778, 0.00033663, -58.8301
1145, 19.08333, 5.40382, -96.7806, 0.000337654, -58.5157
1146, 19.09167, 5.41914, -96.485, 0.000338687, -58.203
1146, 19.10000, 5.43461, -96.1912, 0.000339731, -57.8919
1147, 19.10833, 5.45024, -95.899, 0.000340784, -57.5826
1147, 19.11667, 5.46602, -95.6084, 0.000341848, -57.2749
1148, 19.12500, 5.48195, -95.3196, 0.000342921, -56.969
1148, 19.13333, 5.49802, -95.0325, 0.000344005, -56.6647
1149, 19.14167, 5.51425, -94.747, 0.000345098, -56.3621
1149, 19.15000, 5.53063, -94.4632, 0.000346201, -56.0613
1150, 19.15833, 5.54715, -94.1812, 0.000347313, -55.7621
1150, 19.16667, 5.56381, -93.9008, 0.000348435, -55.4646
1151, 19.17500, 5.58062, -93.6221, 0.000349567, -55.1689
1151, 19.18333, 5.59758, -93.3451, 0.000350708, -54.8748
1152, 19.19167, 5.61467, -93.0697, 0.000351858, -54.5824
1152, 19.20000, 5.63191, -92.7961, 0.000353018, -54.2917
1153, 19.20833, 5.64928, -92.5241, 0.000354187, -54.0028
1153, 19.21667, 5.66679, -92.2538, 0.000355365, -53.7155
1154, 19.22500, 5.68444, -91.9852, 0.000356552, -53.4299
1154, 19.23333, 5.70222, -91.7183, 0.000357749, -53.146
1155, 19.24167, 5.72014, -91.453, 0.000358954, -52.8637
1155, 19.25000, 5.7382, -91.1895, 0.000360168, -52.5831
1156, 19.25833, 5.75638, -90.9276, 0.000361391, -52.3043
1156, 19.26667, 5.7747, -90.6673, 0.000362623, -52.0271
1157, 19.27500, 5.79315, -90.4087, 0.000363863, -51.7515
1157, 19.28333, 5.81172, -90.1518, 0.000365113, -51.4777
1158, 19.29167, 5.83043, -89.8965, 0.00036637, -51.2055
1158, 19.30000, 5.84926, -89.6429, 0.000367637, -50.9349
1159, 19.30833, 5.86821, -89.3909, 0.000368911, -50.666
1159, 19.31667, 5.88729, -89.1406, 0.000370195, -50.3988
1160, 19.32500, 5.9065, -88.8919, 0.000371486, -50.1332
1160, 19.33333, 5.92582, -88.6448, 0.000372786, -49.8692
1161, 19.34167, 5.94527, -88.3993, 0.000374094, -49.6069
1161, 19.35000, 5.96484, -88.1555, 0.00037541, -49.3462
1162, 19.35833, 5.98453, -87.9132, 0.000376734, -49.0871
1162, 19.36667, 6.00434, -87.6726, 0.000378067, -48.8296
1163, 19.37500, 6.02426, -87.4336, 0.000379407, -48.5738
1163, 19.38333, 6.0443, -87.1962, 0.000380755, -48.3195
1164, 19.39167, 6.06446, -86.9603, 0.000382111, -48.0669
1164, 19.40000, 6.08473, -86.726, 0.000383475, -47.8158
1165, 19.40833, 6.10511, -86.4933, 0.000384847, -47.5663
1165, 19.41667, 6.1256, -86.2622, 0.000386226, -47.3184
1166, 19.42500, 6.14621, -86.0326, 0.000387613, -47.0721
1166, 19.43333, 6.16693, -85.8046, 0.000389007, -46.8273
1167, 19.44167, 6.18775, -85.5781, 0.00039041, -46.584
1167, 19.45000, 6.20869, -85.3531, 0.000391819, -46.3424
1168, 19.45833, 6.22973, -85.1297, 0.000393236, -46.1022
1168, 19.46667, 6.25088, -84.9078, 0.00039466, -45.8636
1169, 19.47500, 6.27213, -84.6875, 0.000396092, -45.6265
1169, 19.48333, 6.29349, -84.4686, 0.00039753, -45.3909
1170, 19.49167, 6.31495, -84.2512, 0.000398976, -45.1569
1170, 19.50000, 6.33652, -84.0353, 0.000400429, -44.9243
1171, 19.50833, 6.35818, -83.8209, 0.00040189, -44.6932
1171, 19.51667, 6.37995, -83.608, 0.000403357, -44.4636
1172, 19.52500, 6.40182, -83.3966, 0.000404831, -44.2355
1172, 19.53333, 6.42379, -83.1866, 0.000406312, -44.0089
1173, 19.54167, 6.44585, -82.978, 0.0004078, -43.7837
1173, 19.55000, 6.46802, -82.7709, 0.000409295, -43.56
1174, 19.55833, 6.49028, -82.5652, 0.000410796, -43.3377
1174, 19.56667, 6.51263, -82.361, 0.000412305, -43.1168
1175, 19.57500, 6.53508, -82.1581, 0.00041382, -42.8974
1175, 19.58333, 6.55763, -81.9567, 0.000415341, -42.6794
1176, 19.59167, 6.58027, -81.7567, 0.00041687, -42.4628
1176, 19.60000, 6.603, -81.5581, 0.000418405, -42.2476
1177, 19.60833, 6.62582, -81.3608, 0.000419946, -42.0338
1177, 19.61667, 6.64873, -81.1649, 0.000421494, -41.8214
1178, 19.62500, 6.67173, -80.9704, 0.000423048, -41.6103
1178, 19.63333, 6.69483, -80.7773, 0.000424608, -41.4007
1179, 19.64167, 6.71801, -80.5854, 0.000426175, -41.1923
1179, 19.65000, 6.74128, -80.395, 0.000427748, -40.9854
1180, 19.65833, 6.76463, -80.2058, 0.000429327, -40.7797
1180, 19.66667, 6.78808, -80.018, 0.000430913, -40.5754
1181, 19.67500, 6.8116, -79.8315, 0.000432504, -40.3724
1181, 19.68333, 6.83521, -79.6463, 0.000434102, -40.1708
1182, 19.69167, 6.85891, -79.4624, 0.000435706, -39.9704
1182, 19.70000, 6.88269, -79.2798, 0.000437315, -39.7713
1183, 19.70833, 6.90655, -79.0985, 0.000438931, -39.5736
1183, 19.71667, 6.9305, -78.9184, 0.000440553, -39.3771
1184, 19.72500, 6.95453, -78.7396, 0.00044218, -39.1818
1184, 19.73333, 6.97863, -78.562, 0.000443813, -38.9879
1185, 19.74167, 7.00282, -78.3857, 0.000445453, -38.7952
1185, 19.75000, 7.02708, -78.2106, 0.000447098, -38.6037
1186, 19.75833, 7.05143, -78.0368, 0.000448748, -38.4135
1186, 19.76667, 7.07585, -77.8642, 0.000450405, -38.2245
1187, 19.77500, 7.10035, -77.6927, 0.000452067, -38.0367
1187, 19.78333, 7.12493, -77.5225, 0.000453734, -37.8501
1188, 19.79167, 7.14958, -77.3535, 0.000455408, -37.6647
1188, 19.80000, 7.17431, -77.1857, 0.000457086, -37.4806
1188, 19.80833, 7.19911, -77.019, 0.00045877, -37.2976
1189, 19.81667, 7.22399, -76.8535, 0.00046046, -37.1157
1190, 19.82500, 7.24893, -76.6891, 0.000462155, -36.9351
1190, 19.83333, 7.27396, -76.5259, 0.000463856, -36.7556
1190, 19.84167, 7.29905, -76.3639, 0.000465562, -36.5772
1191, 19.85000, 7.32422, -76.203, 0.000467273, -36.4001
1192, 19.85833, 7.34946, -76.0432, 0.00046899, -36.224
1192, 19.86667, 7.37477, -75.8845, 0.000470712, -36.049
1192, 19.87500, 7.40015, -75.7269, 0.000472439, -35.8752
1193, 19.88333, 7.42559, -75.5704, 0.000474171, -35.7025
1194, 19.89167, 7.45111, -75.415, 0.000475909, -35.5309
1194, 19.90000, 7.4767, -75.2608, 0.000477651, -35.3604
1194, 19.90833, 7.50235, -75.1075, 0.000479399, -35.191
1195, 19.91667, 7.52807, -74.9554, 0.000481152, -35.0226
1196, 19.92500, 7.55386, -74.8043, 0.000482909, -34.8553
1196, 19.93333, 7.57971, -74.6543, 0.000484672, -34.6891
1196, 19.94167, 7.60563, -74.5052, 0.00048644, -34.5239
1197, 19.95000, 7.63162, -74.3573, 0.000488213, -34.3598
1198, 19.95833, 7.65766, -74.2103, 0.00048999, -34.1967
1198, 19.96667, 7.68378, -74.0644, 0.000491773, -34.0346
1198, 19.97500, 7.70996, -73.9195, 0.00049356, -33.8736
1199, 19.98333, 7.73619, -73.7756, 0.000495353, -33.7136
1200, 19.99167, 7.7625, -73.6327, 0.00049715, -33.5545
1200, 20.00000, 7.78886, -73.4908, 0.000498952, -33.3965
1200, 20.00833, 7.81529, -73.3499, 0.000500758, -33.2395
1201, 20.01667, 7.84178, -73.2099, 0.00050257, -33.0834
1202, 20.02500, 7.86833, -73.0709, 0.000504386, -32.9284
1202, 20.03333, 7.89494, -72.9329, 0.000506207, -32.7743
1202, 20.04167, 7.92161, -72.7958, 0.000508032, -32.6211
1203, 20.05000, 7.94834, -72.6597, 0.000509862, -32.4689
1204, 20.05833, 7.97513, -72.5245, 0.000511697, -32.3177
1204, 20.06667, 8.00198, -72.3902, 0.000513536, -32.1674
1204, 20.07500, 8.02888, -72.2569, 0.00051538, -32.018
1205, 20.08333, 8.05584, -72.1244, 0.000517228, -31.8696
1206, 20.09167, 8.08287, -71.9929, 0.000519081, -31.722
1206, 20.10000, 8.10994, -71.8623, 0.000520938, -31.5754
1206, 20.10833, 8.13708, -71.7326, 0.0005228, -31.4297
1207, 20.11667, 8.16427, -71.6037, 0.000524667, -31.2849
1208, 20.12500, 8.19152, -71.4758, 0.000526537, -31.1409
1208, 20.13333, 8.21882, -71.3487, 0.000528412, -30.9979
1208, 20.14167, 8.24618, -71.2225, 0.000530292, -30.8557
1209, 20.15000, 8.27359, -71.0971, 0.000532175, -30.7144
1210, 20.15833, 8.30105, -70.9726, 0.000534063, -30.574
1210, 20.16667, 8.32858, -70.8489, 0.000535956, -30.4344
1210, 20.17500, 8.35615, -70.7261, 0.000537852, -30.2957
1211, 20.18333, 8.38377, -70.6041, 0.000539753, -30.1578
1212, 20.19167, 8.41146, -70.483, 0.000541659, -30.0207
1212, 20.20000, 8.43919, -70.3626, 0.000543568, -29.8845
1212, 20.20833, 8.46697, -70.2431, 0.000545481, -29.7491
1213, 20.21667, 8.49481, -70.1244, 0.000547399, -29.6145
1214, 20.22500, 8.52269, -70.0065, 0.000549321, -29.4808
1214, 20.23333, 8.55063, -69.8894, 0.000551247, -29.3478
1214, 20.24167, 8.57862, -69.773, 0.000553178, -29.2156
1215, 20.25000, 8.60666, -69.6575, 0.000555112, -29.0842
1216, 20.25833, 8.63475, -69.5427, 0.00055705, -28.9536
1216, 20.26667, 8.66289, -69.4287, 0.000558993, -28.8238
1216, 20.27500, 8.69108, -69.3155, 0.000560939, -28.6948
1217, 20.28333, 8.71932, -69.203, 0.00056289, -28.5665
1218, 20.29167, 8.74761, -69.0913, 0.000564845, -28.439
1218, 20.30000, 8.77594, -68.9803, 0.000566803, -28.3123
1218, 20.30833, 8.80432, -68.8701, 0.000568766, -28.1863
1219, 20.31667, 8.83276, -68.7606, 0.000570732, -28.061
1220, 20.32500, 8.86124, -68.6518, 0.000572703, -27.9365
1220, 20.33333, 8.88976, -68.5438, 0.000574677, -27.8127
1220, 20.34167, 8.91834, -68.4364, 0.000576656, -27.6896
1221, 20.35000, 8.94696, -68.3298, 0.000578638, -27.5673
1222, 20.35833, 8.97563, -68.2239, 0.000580624, -27.4457
1222, 20.36667, 9.00434, -68.1187, 0.000582614, -27.3247
1223, 20.37500, 9.0331, -68.0142, 0.000584608, -27.2045
1223, 20.38333, 9.0619, -67.9104, 0.000586606, -27.085
1224, 20.39167, 9.09076, -67.8073, 0.000588607, -26.9662
1224, 20.40000, 9.11965, -67.7048, 0.000590612, -26.8481
1225, 20.40833, 9.14859, -67.603, 0.000592622, -26.7307
1225, 20.41667, 9.17758, -67.5019, 0.000594635, -26.6139
1226, 20.42500, 9.20661, -67.4015, 0.000596651, -26.4978
1226, 20.43333, 9.23568, -67.3017, 0.000598672, -26.3824
1227, 20.44167, 9.2648, -67.2025, 0.000600696, -26.2676
1227, 20.45000, 9.29396, -67.1041, 0.000602724, -26.1535
1228, 20.45833, 9.32317, -67.0062, 0.000604755, -26.0401
1228, 20.46667, 9.35242, -66.909, 0.000606791, -25.9273
1229, 20.47500, 9.38171, -66.8125, 0.00060883, -25.8151
1229, 20.48333, 9.41104, -66.7165, 0.000610872, -25.7036
1230, 20.49167, 9.44042, -66.6212, 0.000612919, -25.5927
1230, 20.50000, 9.46984, -66.5265, 0.000614969, -25.4825
1231, 20.50833, 9.4993, -66.4324, 0.000617023, -25.3729
1231, 20.51667, 9.52881, -66.339, 0.00061908, -25.2638
1232, 20.52500, 9.55835, -66.2461, 0.000621141, -25.1554
1232, 20.53333, 9.58794, -66.1539, 0.000623205, -25.0477
1233, 20.54167, 9.61757, -66.0622, 0.000625273, -24.9405
1233, 20.55000, 9.64723, -65.9711, 0.000627345, -24.8339
1234, 20.55833, 9.67694, -65.8806, 0.00062942, -24.7279
1234, 20.56667, 9.70669, -65.7907, 0.000631499, -24.6225
1235, 20.57500, 9.73648, -65.7014, 0.000633581, -24.5177
1235, 20.58333, 9.76631, -65.6126, 0.000635667, -24.4135
1236, 20.59167, 9.79618, -65.5245, 0.000637757, -24.3098
1236, 20.60000, 9.82609, -65.4368, 0.00063985, -24.2067
1237, 20.60833, 9.85604, -65.3498, 0.000641946, -24.1042
1237, 20.61667, 9.88603, -65.2633, 0.000644046, -24.0023
1238, 20.62500, 9.91606, -65.1773, 0.000646149, -23.9009
1238, 20.63333, 9.94613, -65.0919, 0.000648256, -23.8001
1239, 20.64167, 9.97624, -65.0071, 0.000650367, -23.6998
1239, 20.65000, 10.0064, -64.9228, 0.000652481, -23.6001
1240, 20.65833, 10.0366, -64.839, 0.000654598, -23.5009
1240, 20.66667, 10.0668, -64.7557, 0.000656719, -23.4023
1241, 20.67500, 10.097, -64.673, 0.000658843, -23.3042
1241, 20.68333, 10.1273, -64.5908, 0.00066097, -23.2066
1242, 20.69167, 10.1577, -64.5091, 0.000663101, -23.1096
1242, 20.70000, 10.1881, -64.428, 0.000665235, -23.0131
1243, 20.70833, 10.2185, -64.3473, 0.000667373, -22.9171
1243, 20.71667, 10.2489, -64.2672, 0.000669514, -22.8216
1244, 20.72500, 10.2794, -64.1875, 0.000671659, -22.7266
1244, 20.73333, 10.3099, -64.1084, 0.000673807, -22.6322
1245, 20.74167, 10.3405, -64.0298, 0.000675958, -22.5382
1245, 20.75000, 10.3711, -63.9516, 0.000678112, -22.4448
1246, 20.75833, 10.4017, -63.874, 0.00068027, -22.3519
1246, 20.76667, 10.4324, -63.7968, 0.000682432, -22.2594
1247, 20.77500, 10.4631, -63.7201, 0.000684596, -22.1674
1247, 20.78333, 10.4938, -63.6439, 0.000686764, -22.076
1248, 20.79167, 10.5246, -63.5682, 0.000688936, -21.985
1248, 20.80000, 10.5554, -63.4929, 0.00069111, -21.8945
1249, 20.80833, 10.5863, -63.4181, 0.000693288, -21.8044
1249, 20.81667, 10.6172, -63.3438, 0.000695469, -21.7149
1250, 20.82500, 10.6481, -63.2699, 0.000697653, -21.6258
1250, 20.83333, 10.679, -63.1965, 0.000699841, -21.5372
1251, 20.84167, 10.71, -63.1235, 0.000702032, -21.449
1251, 20.85000, 10.7411, -63.051, 0.000704226, -21.3613
1252, 20.85833, 10.7721, -62.979, 0.000706424, -21.2741
1252, 20.86667, 10.8032, -62.9074, 0.000708625, -21.1873
1253, 20.87500, 10.8344, -62.8362, 0.000710828, -21.101
1253, 20.88333, 10.8655, -62.7655, 0.000713036, -21.0151
1254, 20.89167, 10.8967, -62.6952, 0.000715246, -20.9296
1254, 20.90000, 10.928, -62.6253, 0.00071746, -20.8446
1255, 20.90833, 10.9592, -62.5559, 0.000719677, -20.7601
1255, 20.91667, 10.9905, -62.4869, 0.000721897, -20.6759
1256, 20.92500, 11.0219, -62.4183, 0.00072412, -20.5922
1256, 20.93333, 11.0532, -62.3502, 0.000726347, -20.5089
1257, 20.94167, 11.0846, -62.2824, 0.000728577, -20.4261
1257, 20.95000, 11.1161, -62.2151, 0.000730809, -20.3437
1258, 20.95833, 11.1476, -62.1482, 0.000733045, -20.2617
1258, 20.96667, 11.1791, -62.0816, 0.000735285, -20.1801
1259, 20.97500, 11.2106, -62.0155, 0.000737527, -20.0989
1259, 20.98333, 11.2422, -61.9498, 0.000739773, -20.0181
1260, 20.99167, 11.2738, -61.8845, 0.000742022, -19.9378
1260, 21.00000, 11.3054, -61.8196, 0.000744274, -19.8578
1261, 21.00833, 11.3371, -61.7551, 0.000746529, -19.7783
1261, 21.01667, 11.3688, -61.691, 0.000748787, -19.6991
1262, 21.02500, 11.4005, -61.6272, 0.000751049, -19.6204
1262, 21.03333, 11.4323, -61.5639, 0.000753313, -19.542
1263, 21.04167, 11.4641, -61.5009, 0.000755581, -19.4641
1263, 21.05000, 11.4959, -61.4383, 0.000757852, -19.3865
1264, 21.05833, 11.5278, -61.3761, 0.000760126, -19.3093
1264, 21.06667, 11.5597, -61.3143, 0.000762403, -19.2325
1265, 21.07500, 11.5916, -61.2528, 0.000764683, -19.1561
1265, 21.08333, 11.6236, -61.1917, 0.000766967, -19.08
1266, 21.09167, 11.6556, -61.131, 0.000769253, -19.0043
1266, 21.10000, 11.6876, -61.0706, 0.000771543, -18.929
1267, 21.10833, 11.7197, -61.0106, 0.000773835, -18.8541
1267, 21.11667, 11.7518, -60.951, 0.000776131, -18.7795
1268, 21.12500, 11.7839, -60.8917, 0.00077843, -18.7053
1268, 21.13333, 11.8161, -60.8328, 0.000780732, -18.6315
1269, 21.14167, 11.8482, -60.7742, 0.000783037, -18.558
1269, 21.15000, 11.8805, -60.716, 0.000785346, -18.4849
1270, 21.15833, 11.9127, -60.6581, 0.000787657, -18.4122
1270, 21.16667, 11.945, -60.6006, 0.000789971, -18.3397
1271, 21.17500, 11.9773, -60.5434, 0.000792289, -18.2677
1271, 21.18333, 12.0096, -60.4865, 0.000794609, -18.196
1272, 21.19167, 12.042, -60.43, 0.000796933, -18.1246
1272, 21.20000, 12.0744, -60.3738, 0.00079926, -18.0536
1273, 21.20833, 12.1069, -60.318, 0.000801589, -17.9829
1273, 21.21667, 12.1393, -60.2625, 0.000803922, -17.9126
1274, 21.22500, 12.1718, -60.2073, 0.000806258, -17.8426
1274, 21.23333, 12.2044, -60.1524, 0.000808597, -17.7729
1275, 21.24167, 12.2369, -60.0979, 0.000810939, -17.7036
1275, 21.25000, 12.2695, -60.0437, 0.000813284, -17.6346
1276, 21.25833, 12.3021, -59.9898, 0.000815632, -17.5659
1276, 21.26667, 12.3348, -59.9362, 0.000817983, -17.4976
1277, 21.27500, 12.3675, -59.883, 0.000820337, -17.4296
1277, 21.28333, 12.4002, -59.83, 0.000822694, -17.3619
1278, 21.29167, 12.4329, -59.7774, 0.000825055, -17.2945
1278, 21.30000, 12.4657, -59.7251, 0.000827418, -17.2274
1279, 21.30833, 12.4985, -59.673, 0.000829784, -17.1607
1279, 21.31667, 12.5313, -59.6213, 0.000832154, -17.0942
1280, 21.32500, 12.5642, -59.5699, 0.000834526, -17.0281
1280, 21.33333, 12.5971, -59.5188, 0.000836902, -16.9623
1281, 21.34167, 12.63, -59.468, 0.00083928, -16.8968
1281, 21.35000, 12.6629, -59.4175, 0.000841662, -16.8316
1282, 21.35833, 12.6959, -59.3673, 0.000844046, -16.7667
1282, 21.36667, 12.7289, -59.3174, 0.000846434, -16.7021
1283, 21.37500, 12.762, -59.2678, 0.000848825, -16.6378
1283, 21.38333, 12.795, -59.2184, 0.000851218, -16.5738
1284, 21.39167, 12.8282, -59.1694, 0.000853615, -16.5101
1284, 21.40000, 12.8613, -59.1206, 0.000856014, -16.4467
1285, 21.40833, 12.8944, -59.0721, 0.000858417, -16.3836
1285, 21.41667, 12.9276, -59.024, 0.000860823, -16.3208
1286, 21.42500, 12.9609, -58.976, 0.000863231, -16.2583
1286, 21.43333, 12.9941, -58.9284, 0.000865643, -16.196
1287, 21.44167, 13.0274, -58.881, 0.000868058, -16.1341
1287, 21.45000, 13.0607, -58.834, 0.000870475, -16.0724
1288, 21.45833, 13.094, -58.7872, 0.000872896, -16.011
1288, 21.46667, 13.1274, -58.7406, 0.00087532, -15.9499
1289, 21.47500, 13.1608, -58.6944, 0.000877747, -15.8891
1289, 21.48333, 13.1942, -58.6484, 0.000880176, -15.8285
1290, 21.49167, 13.2277, -58.6026, 0.000882609, -15.7682
1290, 21.50000, 13.2611, -58.5572, 0.000885045, -15.7082
1291, 21.50833, 13.2947, -58.512, 0.000887484, -15.6485
1291, 21.51667, 13.3282, -58.467, 0.000889925, -15.589
1292, 21.52500, 13.3618, -58.4223, 0.00089237, -15.5298
1292, 21.53333, 13.3954, -58.3779, 0.000894818, -15.4709
1293, 21.54167, 13.429, -58.3337, 0.000897269, -15.4122
1293, 21.55000, 13.4626, -58.2898, 0.000899722, -15.3538
1294, 21.55833, 13.4963, -58.2462, 0.000902179, -15.2957
1294, 21.56667, 13.53, -58.2028, 0.000904639, -15.2378
1295, 21.57500, 13.5638, -58.1596, 0.000907101, -15.1802
1295, 21.58333, 13.5976, -58.1167, 0.000909567, -15.1228
1296, 21.59167, 13.6314, -58.0741, 0.000912036, -15.0657
1296, 21.60000, 13.6652, -58.0316, 0.000914508, -15.0088
1297, 21.60833, 13.699, -57.9895, 0.000916982, -14.9522
1297, 21.61667, 13.7329, -57.9476, 0.00091946, -14.8959
1298, 21.62500, 13.7668, -57.9059, 0.000921941, -14.8398
1298, 21.63333, 13.8008, -57.8644, 0.000924424, -14.7839
1299, 21.64167, 13.8348, -57.8232, 0.000926911, -14.7283
1299, 21.65000, 13.8688, -57.7823, 0.000929401, -14.6729
1300, 21.65833, 13.9028, -57.7415, 0.000931893, -14.6178
1300, 21.66667, 13.9368, -57.701, 0.000934389, -14.5629
1301, 21.67500, 13.9709, -57.6608, 0.000936888, -14.5083
1301, 21.68333, 14.005, -57.6207, 0.000939389, -14.4539
1302, 21.69167, 14.0392, -57.5809, 0.000941894, -14.3997
1302, 21.70000, 14.0733, -57.5413, 0.000944401, -14.3458
1303, 21.70833, 14.1075, -57.502, 0.000946912, -14.2921
1303, 21.71667, 14.1418, -57.4629, 0.000949426, -14.2387
1304, 21.72500, 14.176, -57.424, 0.000951942, -14.1854
1304, 21.73333, 14.2103, -57.3853, 0.000954461, -14.1324
1305, 21.74167, 14.2446, -57.3468, 0.000956984, -14.0797
1305, 21.75000, 14.279, -57.3086, 0.00095951, -14.0271
1306, 21.75833, 14.3133, -57.2706, 0.000962038, -13.9748
1306, 21.76667, 14.3477, -57.2328, 0.00096457, -13.9228
1307, 21.77500, 14.3821, -57.1952, 0.000967104, -13.8709
1307, 21.78333, 14.4166, -57.1579, 0.000969641, -13.8193
1308, 21.79167, 14.4511, -57.1207, 0.000972182, -13.7678
1308, 21.80000, 14.4856, -57.0838, 0.000974725, -13.7167
1309, 21.80833, 14.5201, -57.047, 0.000977272, -13.6657
1309, 21.81667, 14.5547, -57.0105, 0.000979821, -13.6149
1310, 21.82500, 14.5893, -56.9742, 0.000982374, -13.5644
1310, 21.83333, 14.6239, -56.9381, 0.000984929, -13.5141
1311, 21.84167, 14.6585, -56.9022, 0.000987488, -13.464
1311, 21.85000, 14.6932, -56.8665, 0.000990049, -13.4141
1312, 21.85833, 14.7279, -56.8311, 0.000992613, -13.3644
1312, 21.86667, 14.7627, -56.7958, 0.000995181, -13.3149
1313, 21.87500, 14.7974, -56.7607, 0.000997751, -13.2657
1313, 21.88333, 14.8322, -56.7258, 0.00100032, -13.2166
1313, 21.89167, 14.867, -56.6912, 0.0010029, -13.1678
1314, 21.90000, 14.9019, -56.6567, 0.00100548, -13.1191
1315, 21.90833, 14.9367, -56.6224, 0.00100806, -13.0707
1315, 21.91667, 14.9716, -56.5883, 0.00101065, -13.0225
1315, 21.92500, 15.0066, -56.5544, 0.00101324, -12.9744
1316, 21.93333, 15.0415, -56.5207, 0.00101583, -12.9266
1317, 21.94167, 15.0765, -56.4872, 0.00101842, -12.879
1317, 21.95000, 15.1115, -56.4539, 0.00102102, -12.8316
1317, 21.95833, 15.1465, -56.4208, 0.00102362, -12.7844
1318, 21.96667, 15.1816, -56.3879, 0.00102622, -12.7373
1319, 21.97500, 15.2167, -56.3551, 0.00102883, -12.6905
1319, 21.98333, 15.2518, -56.3226, 0.00103144, -12.6439
1319, 21.99167, 15.287, -56.2902, 0.00103405, -12.5974
1320, 22.00000, 15.3222, -56.258, 0.00103667, -12.5512
1321, 22.00833, 15.3574, -56.226, 0.00103929, -12.5051
1321, 22.01667, 15.3926, -56.1942, 0.00104191, -12.4593
1321, 22.02500, 15.4278, -56.1626, 0.00104453, -12.4136
1322, 22.03333, 15.4631, -56.1311, 0.00104716, -12.3681
1323, 22.04167, 15.4985, -56.0999, 0.00104979, -12.3228
1323, 22.05000, 15.5338, -56.0688, 0.00105242, -12.2777
1323, 22.05833, 15.5692, -56.0379, 0.00105506, -12.2328
1324, 22.06667, 15.6046, -56.0071, 0.0010577, -12.188
1325, 22.07500, 15.64, -55.9766, 0.00106034, -12.1435
1325, 22.08333, 15.6754, -55.9462, 0.00106299, -12.0991
1325, 22.09167, 15.7109, -55.916, 0.00106564, -12.0549
1326, 22.10000, 15.7464, -55.886, 0.00106829, -12.0109
1327, 22.10833, 15.782, -55.8561, 0.00107094, -11.9671
1327, 22.11667, 15.8175, -55.8264, 0.0010736, -11.9234
1327, 22.12500, 15.8531, -55.7969, 0.00107626, -11.88
1328, 22.13333, 15.8887, -55.7676, 0.00107892, -11.8367
1329, 22.14167, 15.9244, -55.7384, 0.00108159, -11.7936
1329, 22.15000, 15.9601, -55.7094, 0.00108426, -11.7506
1329, 22.15833, 15.9958, -55.6805, 0.00108693, -11.7079
1330, 22.16667, 16.0315, -55.6518, 0.00108961, -11.6653
1331, 22.17500, 16.0673, -55.6233, 0.00109229, -11.6229
1331, 22.18333, 16.103, -55.595, 0.00109497, -11.5806
1331, 22.19167, 16.1389, -55.5668, 0.00109765, -11.5386
1332, 22.20000, 16.1747, -55.5388, 0.00110034, -11.4967
1333, 22.20833, 16.2106, -55.5109, 0.00110303, -11.4549
1333, 22.21667, 16.2465, -55.4832, 0.00110573, -11.4134
1333, 22.22500, 16.2824, -55.4557, 0.00110842, -11.372
1334, 22.23333, 16.3183, -55.4283, 0.00111112, -11.3307
1335, 22.24167, 16.3543, -55.4011, 0.00111383, -11.2897
1335, 22.25000, 16.3903, -55.374, 0.00111653, -11.2488
1335, 22.25833, 16.4264, -55.3471, 0.00111924, -11.2081
1336, 22.26667, 16.4624, -55.3204, 0.00112195, -11.1675
1337, 22.27500, 16.4985, -55.2938, 0.00112467, -11.1271
1337, 22.28333, 16.5346, -55.2674, 0.00112739, -11.0868
1337, 22.29167, 16.5708, -55.2411, 0.00113011, -11.0468
1338, 22.30000, 16.6069, -55.215, 0.00113283, -11.0068
1339, 22.30833, 16.6431, -55.189, 0.00113556, -10.9671
1339, 22.31667, 16.6794, -55.1632, 0.00113829, -10.9275
1339, 22.32500, 16.7156, -55.1375, 0.00114103, -10.888
1340, 22.33333, 16.7519, -55.112, 0.00114376, -10.8488
1341, 22.34167, 16.7882, -55.0866, 0.0011465, -10.8096
1341, 22.35000, 16.8246, -55.0613, 0.00114925, -10.7706
1341, 22.35833, 16.8609, -55.0363, 0.00115199, -10.7318
1342, 22.36667, 16.8973, -55.0113, 0.00115474, -10.6932
1343, 22.37500, 16.9337, -54.9865, 0.00115749, -10.6547
1343, 22.38333, 16.9702, -54.9619, 0.00116025, -10.6163
1343, 22.39167, 17.0067, -54.9374, 0.00116301, -10.5781
1344, 22.40000, 17.0432, -54.9131, 0.00116577, -10.54
1345, 22.40833, 17.0797, -54.8889, 0.00116853, -10.5021
1345, 22.41667, 17.1162, -54.8648, 0.0011713, -10.4644
1345, 22.42500, 17.1528, -54.8409, 0.00117407, -10.4268
1346, 22.43333, 17.1894, -54.8171, 0.00117684, -10.3893
1347, 22.44167, 17.2261, -54.7934, 0.00117962, -10.352
1347, 22.45000, 17.2628, -54.7699, 0.0011824, -10.3149
1348, 22.45833, 17.2995, -54.7466, 0.00118518, -10.2779
1348, 22.46667, 17.3362, -54.7233, 0.00118797, -10.241
1349, 22.47500, 17.3729, -54.7002, 0.00119076, -10.2043
1349, 22.48333, 17.4097, -54.6773, 0.00119355, -10.1677
1350, 22.49167, 17.4465, -54.6545, 0.00119634, -10.1313
1350, 22.50000, 17.4834, -54.6318, 0.00119914, -10.095
1351, 22.50833, 17.5202, -54.6093, 0.00120194, -10.0588
1351, 22.51667, 17.5571, -54.5868, 0.00120475, -10.0228
1352, 22.52500, 17.594, -54.5646, 0.00120756, -9.98695
1352, 22.53333, 17.631, -54.5424, 0.00121037, -9.95123
1353, 22.54167, 17.668, -54.5204, 0.00121318, -9.91564
1353, 22.55000, 17.705, -54.4985, 0.001216, -9.88019
1354, 22.55833, 17.742, -54.4768, 0.00121882, -9.84489
1354, 22.56667, 17.779, -54.4552, 0.00122164, -9.80972
1355, 22.57500, 17.8161, -54.4337, 0.00122447, -9.77469
1355, 22.58333, 17.8532, -54.4123, 0.0012273, -9.7398
1356, 22.59167, 17.8904, -54.3911, 0.00123013, -9.70504
1356, 22.60000, 17.9276, -54.37, 0.00123297, -9.67041
1357, 22.60833, 17.9647, -54.349, 0.0012358, -9.63593
1357, 22.61667, 18.002, -54.3282, 0.00123865, -9.60157
1358, 22.62500, 18.0392, -54.3075, 0.00124149, -9.56735
1358, 22.63333, 18.0765, -54.2869, 0.00124434, -9.53327
1359, 22.64167, 18.1138, -54.2664, 0.00124719, -9.49931
1359, 22.65000, 18.1511, -54.2461, 0.00125005, -9.46549
1360, 22.65833, 18.1885, -54.2258, 0.0012529, -9.4318
1360, 22.66667, 18.2259, -54.2057, 0.00125576, -9.39824
1361, 22.67500, 18.2633, -54.1858, 0.00125863, -9.36481
1361, 22.68333, 18.3008, -54.1659, 0.0012615, -9.33151
1362, 22.69167, 18.3382, -54.1462, 0.00126437, -9.29833
1362, 22.70000, 18.3757, -54.1266, 0.00126724, -9.26529
1363, 22.70833, 18.4133, -54.1071, 0.00127012, -9.23238
1363, 22.71667, 18.4508, -54.0877, 0.001273, -9.19959
1364, 22.72500, 18.4884, -54.0685, 0.00127588, -9.16693
1364, 22.73333, 18.526, -54.0493, 0.00127876, -9.13439
1365, 22.74167, 18.5637, -54.0303, 0.00128165, -9.10198
1365, 22.75000, 18.6014, -54.0114, 0.00128455, -9.0697
1366, 22.75833, 18.6391, -53.9926, 0.00128744, -9.03754
1366, 22.76667, 18.6768, -53.974, 0.00129034, -9.0055
1367, 22.77500, 18.7145, -53.9554, 0.00129324, -8.97359
1367, 22.78333, 18.7523, -53.937, 0.00129615, -8.9418
1368, 22.79167, 18.7901, -53.9187, 0.00129905, -8.91013
1368, 22.80000, 18.828, -53.9005, 0.00130197, -8.87859
1369, 22.80833, 18.8658, -53.8824, 0.00130488, -8.84717
1369, 22.81667, 18.9037, -53.8645, 0.0013078, -8.81586
1370, 22.82500, 18.9417, -53.8466, 0.00131072, -8.78468
1370, 22.83333, 18.9796, -53.8288, 0.00131364, -8.75362
1371, 22.84167, 19.0176, -53.8112, 0.00131657, -8.72267
1371, 22.85000, 19.0556, -53.7937, 0.0013195, -8.69185
1372, 22.85833, 19.0936, -53.7763, 0.00132243, -8.66114
1372, 22.86667, 19.1317, -53.759, 0.00132537, -8.63055
1373, 22.87500, 19.1698, -53.7418, 0.00132831, -8.60008
1373, 22.88333, 19.2079, -53.7247, 0.00133125, -8.56973
1374, 22.89167, 19.246, -53.7078, 0.0013342, -8.53949
1374, 22.90000, 19.2842, -53.6909, 0.00133715, -8.50937
1375, 22.90833, 19.3224, -53.6741, 0.0013401, -8.47937
1375, 22.91667, 19.3607, -53.6575, 0.00134306, -8.44947
1376, 22.92500, 19.3989, -53.641, 0.00134602, -8.4197
1376, 22.93333, 19.4372, -53.6245, 0.00134898, -8.39003
1377, 22.94167, 19.4755, -53.6082, 0.00135195, -8.36048
1377, 22.95000, 19.5139, -53.592, 0.00135492, -8.33105
1378, 22.95833, 19.5522, -53.5759, 0.00135789, -8.30173
1378, 22.96667, 19.5906, -53.5599, 0.00136086, -8.27251
1379, 22.97500, 19.6291, -53.544, 0.00136384, -8.24341
1379, 22.98333, 19.6675, -53.5282, 0.00136682, -8.21443
1380, 22.99167, 19.706, -53.5125, 0.00136981, -8.18555
1380, 23.00000, 19.7445, -53.4969, 0.0013728, -8.15678
1381, 23.00833, 19.7831, -53.4814, 0.00137579, -8.12812
1381, 23.01667, 19.8216, -53.466, 0.00137878, -8.09957
1382, 23.02500, 19.8602, -53.4507, 0.00138178, -8.07114
1382, 23.03333, 19.8989, -53.4355, 0.00138478, -8.04281
1383, 23.04167, 19.9375, -53.4204, 0.00138779, -8.01458
1383, 23.05000, 19.9762, -53.4055, 0.0013908, -7.98647
1384, 23.05833, 20.0149, -53.3906, 0.00139381, -7.95846
1384, 23.06667, 20.0537, -53.3758, 0.00139682, -7.93056
1385, 23.07500, 20.0924, -53.3611, 0.00139984, -7.90277
1385, 23.08333, 20.1312, -53.3465, 0.00140286, -7.87508
1386, 23.09167, 20.1701, -53.332, 0.00140588, -7.8475
1386, 23.10000, 20.2089, -53.3177, 0.00140891, -7.82002
1387, 23.10833, 20.2478, -53.3034, 0.00141194, -7.79265
1387, 23.11667, 20.2867, -53.2892, 0.00141498, -7.76538
1388, 23.12500, 20.3257, -53.2751, 0.00141801, -7.73822
1388, 23.13333, 20.3646, -53.2611, 0.00142105, -7.71116
1389, 23.14167, 20.4036, -53.2472, 0.0014241, -7.6842
1389, 23.15000, 20.4427, -53.2334, 0.00142714, -7.65734
1390, 23.15833, 20.4817, -53.2197, 0.00143019, -7.63059
1390, 23.16667, 20.5208, -53.206, 0.00143325, -7.60394
1391, 23.17500, 20.5599, -53.1925, 0.0014363, -7.57739
1391, 23.18333, 20.599, -53.1791, 0.00143936, -7.55095
1392, 23.19167, 20.6382, -53.1658, 0.00144243, -7.5246
1392, 23.20000, 20.6774, -53.1525, 0.0014455, -7.49835
1393, 23.20833, 20.7166, -53.1394, 0.00144857, -7.47221
1393, 23.21667, 20.7559, -53.1263, 0.00145164, -7.44616
1394, 23.22500, 20.7952, -53.1134, 0.00145472, -7.42021
1394, 23.23333, 20.8345, -53.1005, 0.0014578, -7.39436
1395, 23.24167, 20.8738, -53.0877, 0.00146088, -7.36861
1395, 23.25000, 20.9132, -53.075, 0.00146397, -7.34296
1396, 23.25833, 20.9526, -53.0624, 0.00146705, -7.31741
1396, 23.26667, 20.992, -53.0499, 0.00147015, -7.29195
1397, 23.27500, 21.0315, -53.0375, 0.00147324, -7.26659
1397, 23.28333, 21.071, -53.0252, 0.00147634, -7.24133
1398, 23.29167, 21.1105, -53.0129, 0.00147945, -7.21616
1398, 23.30000, 21.15, -53.0008, 0.00148255, -7.19109
1399, 23.30833, 21.1896, -52.9887, 0.00148566, -7.16611
1399, 23.31667, 21.2292, -52.9767, 0.00148878, -7.14123
1400, 23.32500, 21.2688, -52.9649, 0.00149189, -7.11645
1400, 23.33333, 21.3085, -52.9531, 0.00149501, -7.09176
1401, 23.34167, 21.3482, -52.9414, 0.00149814, -7.06716
1401, 23.35000, 21.3879, -52.9297, 0.00150126, -7.04266
1402, 23.35833, 21.4276, -52.9182, 0.00150439, -7.01825
1402, 23.36667, 21.4674, -52.9068, 0.00150753, -6.99393
1403, 23.37500, 21.5072, -52.8954, 0.00151066, -6.96971
1403, 23.38333, 21.547, -52.8841, 0.0015138, -6.94558
1404, 23.39167, 21.5869, -52.8729, 0.00151695, -6.92154
1404, 23.40000, 21.6268, -52.8618, 0.00152009, -6.89759
1405, 23.40833, 21.6667, -52.8508, 0.00152324, -6.87373
1405, 23.41667, 21.7066, -52.8399, 0.0015264, -6.84997
1406, 23.42500, 21.7466, -52.829, 0.00152955, -6.82629
1406, 23.43333, 21.7866, -52.8182, 0.00153271, -6.80271
1407, 23.44167, 21.8266, -52.8075, 0.00153588, -6.77922
1407, 23.45000, 21.8667, -52.7969, 0.00153904, -6.75581
1408, 23.45833, 21.9068, -52.7864, 0.00154221, -6.7325
1408, 23.46667, 21.9469, -52.776, 0.00154539, -6.70927
1409, 23.47500, 21.9871, -52.7656, 0.00154856, -6.68614
1409, 23.48333, 22.0272, -52.7553, 0.00155174, -6.66309
1410, 23.49167, 22.0674, -52.7451, 0.00155493, -6.64013
1410, 23.50000, 22.1077, -52.735, 0.00155811, -6.61726
1411, 23.50833, 22.1479, -52.725, 0.0015613, -6.59447
1411, 23.51667, 22.1882, -52.715, 0.0015645, -6.57177
1412, 23.52500, 22.2286, -52.7052, 0.0015677, -6.54916
1412, 23.53333, 22.2689, -52.6954, 0.0015709, -6.52664
1413, 23.54167, 22.3093, -52.6857, 0.0015741, -6.5042
1413, 23.55000, 22.3497, -52.676, 0.00157731, -6.48185
1414, 23.55833, 22.3901, -52.6665, 0.00158052, -6.45959
1414, 23.56667, 22.4306, -52.657, 0.00158373, -6.4374
1415, 23.57500, 22.4711, -52.6476, 0.00158695, -6.41531
1415, 23.58333, 22.5116, -52.6383, 0.00159017, -6.3933
1416, 23.59167, 22.5522, -52.629, 0.0015934, -6.37137
1416, 23.60000, 22.5928, -52.6199, 0.00159662, -6.34953
1417, 23.60833, 22.6334, -52.6108, 0.00159985, -6.32777
1417, 23.61667, 22.674, -52.6018, 0.00160309, -6.3061
1418, 23.62500, 22.7147, -52.5928, 0.00160633, -6.28451
1418, 23.63333, 22.7554, -52.584, 0.00160957, -6.263
1419, 23.64167, 22.7961, -52.5752, 0.00161281, -6.24157
1419, 23.65000, 22.8369, -52.5665, 0.00161606, -6.22023
1420, 23.65833, 22.8777, -52.5579, 0.00161931, -6.19897
1420, 23.66667, 22.9185, -52.5493, 0.00162257, -6.17779
1421, 23.67500, 22.9594, -52.5408, 0.00162583, -6.15669
1421, 23.68333, 23.0002, -52.5324, 0.00162909, -6.13568
1422, 23.69167, 23.0411, -52.5241, 0.00163236, -6.11474
1422, 23.70000, 23.0821, -52.5158, 0.00163563, -6.09389
1423, 23.70833, 23.123, -52.5076, 0.0016389, -6.07311
1423, 23.71667, 23.164, -52.4995, 0.00164217, -6.05242
1424, 23.72500, 23.2051, -52.4915, 0.00164545, -6.0318
1424, 23.73333, 23.2461, -52.4835, 0.00164874, -6.01127
1425, 23.74167, 23.2872, -52.4756, 0.00165202, -5.99081
1425, 23.75000, 23.3283, -52.4678, 0.00165531, -5.97044
1426, 23.75833, 23.3695, -52.4601, 0.00165861, -5.95014
1426, 23.76667, 23.4106, -52.4524, 0.0016619, -5.92992
1427, 23.77500, 23.4518, -52.4448, 0.0016652, -5.90978
1427, 23.78333, 23.4931, -52.4372, 0.00166851, -5.88972
1428, 23.79167, 23.5343, -52.4298, 0.00167181, -5.86973
1428, 23.80000, 23.5756, -52.4224, 0.00167512, -5.84983
1429, 23.80833, 23.6169, -52.4151, 0.00167844, -5.83
1429, 23.81667, 23.6583, -52.4078, 0.00168176, -5.81024
1430, 23.82500, 23.6997, -52.4006, 0.00168508, -5.79057
1430, 23.83333, 23.7411, -52.3935, 0.0016884, -5.77097
1431, 23.84167, 23.7825, -52.3865, 0.00169173, -5.75144
1431, 23.85000, 23.824, -52.3795, 0.00169506, -5.73199
1432, 23.85833, 23.8655, -52.3726, 0.0016984, -5.71262
1432, 23.86667, 23.907, -52.3658, 0.00170173, -5.69332
1433, 23.87500, 23.9485, -52.359, 0.00170508, -5.6741
1433, 23.88333, 23.9901, -52.3523, 0.00170842, -5.65495
1434, 23.89167, 24.0317, -52.3457, 0.00171177, -5.63588
1434, 23.90000, 24.0734, -52.3391, 0.00171512, -5.61688
1435, 23.90833, 24.1151, -52.3326, 0.00171848, -5.59796
1435, 23.91667, 24.1568, -52.3262, 0.00172184, -5.57911
1436, 23.92500, 24.1985, -52.3198, 0.0017252, -5.56033
1436, 23.93333, 24.2403, -52.3135, 0.00172857, -5.54163
1437, 23.94167, 24.282, -52.3073, 0.00173194, -5.52299
1437, 23.95000, 24.3239, -52.3012, 0.00173531, -5.50444
1438, 23.95833, 24.3657, -52.2951, 0.00173869, -5.48595
1438, 23.96667, 24.4076, -52.289, 0.00174207, -5.46754
1438, 23.97500, 24.4495, -52.2831, 0.00174545, -5.4492
1439, 23.98333, 24.4914, -52.2772, 0.00174884, -5.43093
1440, 23.99167, 24.5334, -52.2714, 0.00175223, -5.41273
1440, 24.00000, 24.5754, -52.2656, 0.00175563, -5.39461
1440, 24.00833, 24.6174, -52.2599, 0.00175903, -5.37655
1441, 24.01667, 24.6595, -52.2542, 0.00176243, -5.35857
1442, 24.02500, 24.7016, -52.2487, 0.00176583, -5.34066
1442, 24.03333, 24.7437, -52.2432, 0.00176924, -5.32282
1443, 24.04167, 24.7859, -52.2377, 0.00177265, -5.30504
1443, 24.05000, 24.828, -52.2323, 0.00177607, -5.28734
1444, 24.05833, 24.8702, -52.227, 0.00177949, -5.26971
1444, 24.06667, 24.9125, -52.2218, 0.00178291, -5.25215
1445, 24.07500, 24.9547, -52.2166, 0.00178634, -5.23465
1445, 24.08333, 24.997, -52.2114, 0.00178977, -5.21723
1446, 24.09167, 25.0394, -52.2064, 0.0017932, -5.19987
1446, 24.10000, 25.0817, -52.2014, 0.00179664, -5.18258
1447, 24.10833, 25.1241, -52.1964, 0.00180008, -5.16537
1447, 24.11667, 25.1665, -52.1915, 0.00180353, -5.14821
1448, 24.12500, 25.209, -52.1867, 0.00180697, -5.13113
1448, 24.13333, 25.2514, -52.1819, 0.00181042, -5.11412
1449, 24.14167, 25.294, -52.1772, 0.00181388, -5.09717
1449, 24.15000, 25.3365, -52.1726, 0.00181734, -5.08029
1450, 24.15833, 25.3791, -52.168, 0.0018208, -5.06348
1450, 24.16667, 25.4216, -52.1635, 0.00182427, -5.04673
1451, 24.17500, 25.4643, -52.1591, 0.00182774, -5.03005
1451, 24.18333, 25.5069, -52.1547, 0.00183121, -5.01343
1452, 24.19167, 25.5496, -52.1503, 0.00183469, -4.99688
1452, 24.20000, 25.5923, -52.146, 0.00183817, -4.9804
1453, 24.20833, 25.6351, -52.1418, 0.00184165, -4.96399
1453, 24.21667, 25.6778, -52.1377, 0.00184514, -4.94763
1454, 24.22500, 25.7206, -52.1336, 0.00184863, -4.93135
1454, 24.23333, 25.7635, -52.1295, 0.00185212, -4.91513
1455, 24.24167, 25.8063, -52.1255, 0.00185562, -4.89897
1455, 24.25000, 25.8492, -52.1216, 0.00185912, -4.88288
1456, 24.25833, 25.8922, -52.1177, 0.00186263, -4.86686
1456, 24.26667, 25.9351, -52.1139, 0.00186614, -4.85089
1457, 24.27500, 25.9781, -52.1102, 0.00186965, -4.83499
1457, 24.28333, 26.0211, -52.1065, 0.00187317, -4.81916
1458, 24.29167, 26.0642, -52.1028, 0.00187669, -4.80338
1458, 24.30000, 26.1072, -52.0993, 0.00188021, -4.78768
1459, 24.30833, 26.1503, -52.0957, 0.00188374, -4.77203
1459, 24.31667, 26.1935, -52.0923, 0.00188727, -4.75645
1460, 24.32500, 26.2366, -52.0889, 0.0018908, -4.74093
1460, 24.33333, 26.2798, -52.0855, 0.00189434, -4.72547
1461, 24.34167, 26.323, -52.0822, 0.00189788, -4.71007
1461, 24.35000, 26.3663, -52.079, 0.00190142, -4.69474
1462, 24.35833, 26.4096, -52.0758, 0.00190497, -4.67947
1462, 24.36667, 26.4529, -52.0726, 0.00190853, -4.66426
1463, 24.37500, 26.4962, -52.0696, 0.00191208, -4.64911
1463, 24.38333, 26.5396, -52.0665, 0.00191564, -4.63402
1464, 24.39167, 26.583, -52.0636, 0.0019192, -4.61899
1464, 24.40000, 26.6264, -52.0606, 0.00192277, -4.60403
1465, 24.40833, 26.6699, -52.0578, 0.00192634, -4.58912
1465, 24.41667, 26.7134, -52.055, 0.00192992, -4.57428
1466, 24.42500, 26.7569, -52.0522, 0.00193349, -4.55949
1466, 24.43333, 26.8005, -52.0495, 0.00193708, -4.54477
1467, 24.44167, 26.8441, -52.0469, 0.00194066, -4.5301
1467, 24.45000, 26.8877, -52.0443, 0.00194425, -4.51549
1468, 24.45833, 26.9313, -52.0418, 0.00194784, -4.50095
1468, 24.46667, 26.975, -52.0393, 0.00195144, -4.48646
1469, 24.47500, 27.0187, -52.0368, 0.00195504, -4.47203
1469, 24.48333, 27.0624, -52.0344, 0.00195864, -4.45766
1470, 24.49167, 27.1062, -52.0321, 0.00196225, -4.44335
1470, 24.50000, 27.15, -52.0298, 0.00196586, -4.4291
1471, 24.50833, 27.1938, -52.0276, 0.00196947, -4.4149
1471, 24.51667, 27.2377, -52.0254, 0.00197309, -4.40076
1472, 24.52500, 27.2815, -52.0233, 0.00197671, -4.38668
1472, 24.53333, 27.3255, -52.0212, 0.00198034, -4.37266
1473, 24.54167, 27.3694, -52.0192, 0.00198397, -4.3587
1473, 24.55000, 27.4134, -52.0173, 0.0019876, -4.34479
1474, 24.55833, 27.4574, -52.0153, 0.00199124, -4.33094
1474, 24.56667, 27.5014, -52.0135, 0.00199488, -4.31714
1475, 24.57500, 27.5455, -52.0117, 0.00199852, -4.3034
1475, 24.58333, 27.5896, -52.0099, 0.00200217, -4.28972
1476, 24.59167, 27.6337, -52.0082, 0.00200582, -4.2761
1476, 24.60000, 27.6779, -52.0065, 0.00200947, -4.26253
1477, 24.60833, 27.722, -52.0049, 0.00201313, -4.24901
1477, 24.61667, 27.7663, -52.0033, 0.00201679, -4.23555
1478, 24.62500, 27.8105, -52.0018, 0.00202046, -4.22215
1478, 24.63333, 27.8548, -52.0003, 0.00202413, -4.2088
1479, 24.64167, 27.8991, -51.9989, 0.0020278, -4.19551
1479, 24.65000, 27.9434, -51.9975, 0.00203148, -4.18227
1480, 24.65833, 27.9878, -51.9962, 0.00203516, -4.16908
1480, 24.66667, 28.0322, -51.9949, 0.00203884, -4.15595
1481, 24.67500, 28.0766, -51.9937, 0.00204253, -4.14288
1481, 24.68333, 28.1211, -51.9925, 0.00204622, -4.12986
1482, 24.69167, 28.1655, -51.9914, 0.00204992, -4.11689
1482, 24.70000, 28.2101, -51.9903, 0.00205362, -4.10397
1483, 24.70833, 28.2546, -51.9892, 0.00205732, -4.09111
1483, 24.71667, 28.2992, -51.9883, 0.00206103, -4.0783
1484, 24.72500, 28.3438, -51.9873, 0.00206474, -4.06555
1484, 24.73333, 28.3884, -51.9864, 0.00206845, -4.05284
1485, 24.74167, 28.4331, -51.9856, 0.00207217, -4.04019
1485, 24.75000, 28.4778, -51.9847, 0.00207589, -4.0276
1486, 24.75833, 28.5225, -51.984, 0.00207962, -4.01505
1486, 24.76667, 28.5673, -51.9833, 0.00208335, -4.00255
1487, 24.77500, 28.6121, -51.9826, 0.00208708, -3.99011
1487, 24.78333, 28.6569, -51.982, 0.00209081, -3.97772
1488, 24.79167, 28.7017, -51.9814, 0.00209456, -3.96538
1488, 24.80000, 28.7466, -51.9809, 0.0020983, -3.9531
1489, 24.80833, 28.7915, -51.9804, 0.00210205, -3.94086
1489, 24.81667, 28.8365, -51.9799, 0.0021058, -3.92867
1490, 24.82500, 28.8814, -51.9795, 0.00210955, -3.91654
1490, 24.83333, 28.9264, -51.9792, 0.00211331, -3.90445
1491, 24.84167, 28.9715, -51.9789, 0.00211707, -3.89242
1491, 24.85000, 29.0165, -51.9786, 0.00212084, -3.88043
1492, 24.85833, 29.0616, -51.9784, 0.00212461, -3.8685
1492, 24.86667, 29.1067, -51.9782, 0.00212838, -3.85661
1493, 24.87500, 29.1519, -51.9781, 0.00213216, -3.84477
1493, 24.88333, 29.1971, -51.978, 0.00213594, -3.83299
1494, 24.89167, 29.2423, -51.9779, 0.00213973, -3.82125
1494, 24.90000, 29.2875, -51.9779, 0.00214352, -3.80956
1495, 24.90833, 29.3328, -51.978, 0.00214731, -3.79792
1495, 24.91667, 29.3781, -51.978, 0.00215111, -3.78633
1496, 24.92500, 29.4234, -51.9781, 0.00215491, -3.77478
1496, 24.93333, 29.4688, -51.9783, 0.00215871, -3.76329
1497, 24.94167, 29.5142, -51.9785, 0.00216252, -3.75184
1497, 24.95000, 29.5596, -51.9788, 0.00216633, -3.74044
1498, 24.95833, 29.605, -51.979, 0.00217014, -3.72909
1498, 24.96667, 29.6505, -51.9794, 0.00217396, -3.71778
1499, 24.97500, 29.696, -51.9797, 0.00217779, -3.70653
1499, 24.98333, 29.7416, -51.9802, 0.00218161, -3.69531
1500, 24.99167, 29.7872, -51.9806, 0.00218544, -3.68415
1500, 25.00000, 29.8328, -51.9811, 0.00218928, -3.67303
1501, 25.00833, 29.8784, -51.9816, 0.00219311, -3.66196
1501, 25.01667, 29.9241, -51.9822, 0.00219696, -3.65094
1502, 25.02500, 29.9698, -51.9828, 0.0022008, -3.63996
1502, 25.03333, 30.0155, -51.9835, 0.00220465, -3.62902
1503, 25.04167, 30.0612, -51.9842, 0.0022085, -3.61814
1503, 25.05000, 30.107, -51.9849, 0.00221236, -3.60729
1504, 25.05833, 30.1528, -51.9857, 0.00221622, -3.5965
1504, 25.06667, 30.1987, -51.9865, 0.00222008, -3.58575
1505, 25.07500, 30.2446, -51.9873, 0.00222395, -3.57504
1505, 25.08333, 30.2905, -51.9882, 0.00222782, -3.56438
1506, 25.09167, 30.3364, -51.9891, 0.0022317, -3.55376
1506, 25.10000, 30.3824, -51.9901, 0.00223558, -3.54319
1507, 25.10833, 30.4284, -51.9911, 0.00223946, -3.53266
1507, 25.11667, 30.4744, -51.9922, 0.00224335, -3.52217
1508, 25.12500, 30.5205, -51.9932, 0.00224724, -3.51173
1508, 25.13333, 30.5666, -51.9943, 0.00225114, -3.50133
1509, 25.14167, 30.6127, -51.9955, 0.00225503, -3.49097
1509, 25.15000, 30.6588, -51.9967, 0.00225894, -3.48066
1510, 25.15833, 30.705, -51.9979, 0.00226284, -3.47039
1510, 25.16667, 30.7512, -51.9992, 0.00226675, -3.46017
1511, 25.17500, 30.7975, -52.0005, 0.00227067, -3.44998
1511, 25.18333, 30.8437, -52.0018, 0.00227458, -3.43984
1512, 25.19167, 30.89, -52.0032, 0.00227851, -3.42974
1512, 25.20000, 30.9364, -52.0046, 0.00228243, -3.41969
1513, 25.20833, 30.9827, -52.0061, 0.00228636, -3.40967
1513, 25.21667, 31.0291, -52.0075, 0.00229029, -3.3997
1514, 25.22500, 31.0755, -52.0091, 0.00229423, -3.38977
1514, 25.23333, 31.122, -52.0106, 0.00229817, -3.37987
1515, 25.24167, 31.1685, -52.0122, 0.00230212, -3.37002
1515, 25.25000, 31.215, -52.0138, 0.00230606, -3.36022
1516, 25.25833, 31.2615, -52.0155, 0.00231002, -3.35045
1516, 25.26667, 31.3081, -52.0172, 0.00231397, -3.34072
1517, 25.27500, 31.3547, -52.0189, 0.00231793, -3.33103
1517, 25.28333, 31.4014, -52.0207, 0.0023219, -3.32138
1518, 25.29167, 31.448, -52.0225, 0.00232586, -3.31177
1518, 25.30000, 31.4947, -52.0243, 0.00232984, -3.30221
1519, 25.30833, 31.5414, -52.0261, 0.00233381, -3.29268
1519, 25.31667, 31.5882, -52.028, 0.00233779, -3.28319
1520, 25.32500, 31.635, -52.03, 0.00234177, -3.27374
1520, 25.33333, 31.6818, -52.0319, 0.00234576, -3.26433
1521, 25.34167, 31.7287, -52.0339, 0.00234975, -3.25495
1521, 25.35000, 31.7755, -52.036, 0.00235375, -3.24562
1522, 25.35833, 31.8225, -52.038, 0.00235774, -3.23633
1522, 25.36667, 31.8694, -52.0401, 0.00236175, -3.22707
1523, 25.37500, 31.9164, -52.0422, 0.00236575, -3.21785
1523, 25.38333, 31.9634, -52.0444, 0.00236976, -3.20867
1524, 25.39167, 32.0104, -52.0466, 0.00237378, -3.19952
1524, 25.40000, 32.0575, -52.0488, 0.00237779, -3.19041
1525, 25.40833, 32.1046, -52.0511, 0.00238182, -3.18135
1525, 25.41667, 32.1517, -52.0533, 0.00238584, -3.17231
1526, 25.42500, 32.1988, -52.0557, 0.00238987, -3.16332
1526, 25.43333, 32.246, -52.058, 0.00239391, -3.15436
1527, 25.44167, 32.2932, -52.0604, 0.00239794, -3.14543
1527, 25.45000, 32.3405, -52.0628, 0.00240198, -3.13655
1528, 25.45833, 32.3878, -52.0652, 0.00240603, -3.1277
1528, 25.46667, 32.4351, -52.0677, 0.00241008, -3.11888
1529, 25.47500, 32.4824, -52.0702, 0.00241413, -3.1101
1529, 25.48333, 32.5298, -52.0727, 0.00241819, -3.10136
1530, 25.49167, 32.5772, -52.0753, 0.00242225, -3.09265
1530, 25.50000, 32.6246, -52.0779, 0.00242631, -3.08398
1531, 25.50833, 32.6721, -52.0805, 0.00243038, -3.07534
1531, 25.51667, 32.7196, -52.0831, 0.00243446, -3.06673
1532, 25.52500, 32.7671, -52.0858, 0.00243853, -3.05816
1532, 25.53333, 32.8146, -52.0885, 0.00244261, -3.04963
1533, 25.54167, 32.8622, -52.0912, 0.0024467, -3.04113
1533, 25.55000, 32.9098, -52.094, 0.00245079, -3.03266
1534, 25.55833, 32.9575, -52.0968, 0.00245488, -3.02422
1534, 25.56667, 33.0052, -52.0996, 0.00245897, -3.01582
1535, 25.57500, 33.0529, -52.1024, 0.00246307, -3.00746
1535, 25.58333, 33.1006, -52.1053, 0.00246718, -2.99912
1536, 25.59167, 33.1484, -52.1082, 0.00247129, -2.99082
1536, 25.60000, 33.1962, -52.1111, 0.0024754, -2.98255
1537, 25.60833, 33.244, -52.114, 0.00247951, -2.97432
1537, 25.61667, 33.2919, -52.117, 0.00248363, -2.96611
1538, 25.62500, 33.3398, -52.12, 0.00248776, -2.95794
1538, 25.63333, 33.3877, -52.123, 0.00249189, -2.9498
1539, 25.64167, 33.4356, -52.1261, 0.00249602, -2.94169
1539, 25.65000, 33.4836, -52.1292, 0.00250015, -2.93362
1540, 25.65833, 33.5317, -52.1323, 0.00250429, -2.92557
1540, 25.66667, 33.5797, -52.1354, 0.00250844, -2.91756
1541, 25.67500, 33.6278, -52.1386, 0.00251258, -2.90957
1541, 25.68333, 33.6759, -52.1418, 0.00251674, -2.90162
1542, 25.69167, 33.724, -52.145, 0.00252089, -2.8937
1542, 25.70000, 33.7722, -52.1482, 0.00252505, -2.88581
1543, 25.70833, 33.8204, -52.1514, 0.00252921, -2.87794
1543, 25.71667, 33.8686, -52.1547, 0.00253338, -2.87011
1544, 25.72500, 33.9169, -52.158, 0.00253755, -2.86231
1544, 25.73333, 33.9652, -52.1614, 0.00254173, -2.85454
1545, 25.74167, 34.0135, -52.1647, 0.00254591, -2.84679
1545, 25.75000, 34.0619, -52.1681, 0.00255009, -2.83908
1546, 25.75833, 34.1103, -52.1715, 0.00255428, -2.83139
1546, 25.76667, 34.1587, -52.1749, 0.00255847, -2.82374
1547, 25.77500, 34.2072, -52.1783, 0.00256267, -2.81611
1547, 25.78333, 34.2556, -52.1818, 0.00256687, -2.80851
1548, 25.79167, 34.3042, -52.1853, 0.00257107, -2.80094
1548, 25.80000, 34.3527, -52.1888, 0.00257528, -2.79339
1549, 25.80833, 34.4013, -52.1923, 0.00257949, -2.78588
1549, 25.81667, 34.4499, -52.1959, 0.00258371, -2.77839
1550, 25.82500, 34.4985, -52.1995, 0.00258793, -2.77093
1550, 25.83333, 34.5472, -52.2031, 0.00259215, -2.76349
1551, 25.84167, 34.5959, -52.2067, 0.00259638, -2.75608
1551, 25.85000, 34.6447, -52.2103, 0.00260061, -2.7487
1552, 25.85833, 34.6934, -52.214, 0.00260485, -2.74135
1552, 25.86667, 34.7422, -52.2177, 0.00260909, -2.73402
1553, 25.87500, 34.7911, -52.2214, 0.00261333, -2.72672
1553, 25.88333, 34.8399, -52.2251, 0.00261758, -2.71944
1554, 25.89167, 34.8888, -52.2288, 0.00262183, -2.71219
1554, 25.90000, 34.9377, -52.2326, 0.00262609, -2.70496
1555, 25.90833, 34.9867, -52.2364, 0.00263035, -2.69776
1555, 25.91667, 35.0357, -52.2402, 0.00263462, -2.69059
1556, 25.92500, 35.0847, -52.244, 0.00263888, -2.68344
1556, 25.93333, 35.1338, -52.2479, 0.00264316, -2.67631
1557, 25.94167, 35.1829, -52.2517, 0.00264743, -2.66921
1557, 25.95000, 35.232, -52.2556, 0.00265171, -2.66214
1558, 25.95833, 35.2811, -52.2595, 0.002656, -2.65508
1558, 25.96667, 35.3303, -52.2634, 0.00266029, -2.64805
1559, 25.97500, 35.3795, -52.2673, 0.00266458, -2.64105
1559, 25.98333, 35.4288, -52.2713, 0.00266888, -2.63407
1560, 25.99167, 35.4781, -52.2753, 0.00267318, -2.62711
1560, 26.00000, 35.5274, -52.2792, 0.00267749, -2.62017
1561, 26.00833, 35.5767, -52.2833, 0.0026818, -2.61326
1561, 26.01667, 35.6261, -52.2873, 0.00268611, -2.60637
1562, 26.02500, 35.6755, -52.2913, 0.00269043, -2.5995
1562, 26.03333, 35.7249, -52.2954, 0.00269475, -2.59266
1563, 26.04167, 35.7744, -52.2994, 0.00269908, -2.58583
1563, 26.05000, 35.8239, -52.3035, 0.00270341, -2.57903
1564, 26.05833, 35.8734, -52.3076, 0.00270775, -2.57225
1564, 26.06667, 35.923, -52.3117, 0.00271209, -2.56549
1565, 26.07500, 35.9726, -52.3159, 0.00271643, -2.55875
1565, 26.08333, 36.0223, -52.32, 0.00272078, -2.55203
1566, 26.09167, 36.0719, -52.3242, 0.00272513, -2.54534
1566, 26.10000, 36.1216, -52.3284, 0.00272948, -2.53866
1567, 26.10833, 36.1714, -52.3326, 0.00273384, -2.53201
1567, 26.11667, 36.2211, -52.3368, 0.00273821, -2.52537
1568, 26.12500, 36.2709, -52.341, 0.00274258, -2.51876
1568, 26.13333, 36.3208, -52.3452, 0.00274695, -2.51216
1569, 26.14167, 36.3706, -52.3495, 0.00275133, -2.50558
1569, 26.15000, 36.4205, -52.3538, 0.00275571, -2.49903
1570, 26.15833, 36.4705, -52.358, 0.0027601, -2.49249
1570, 26.16667, 36.5204, -52.3623, 0.00276449, -2.48597
1571, 26.17500, 36.5704, -52.3666, 0.00276888, -2.47947
1571, 26.18333, 36.6205, -52.371, 0.00277328, -2.47299
1572, 26.19167, 36.6705, -52.3753, 0.00277768, -2.46652
1572, 26.20000, 36.7206, -52.3797, 0.00278209, -2.46008
1573, 26.20833, 36.7708, -52.384, 0.0027865, -2.45365
1573, 26.21667, 36.8209, -52.3884, 0.00279091, -2.44724
1574, 26.22500, 36.8711, -52.3928, 0.00279533, -2.44085
1574, 26.23333, 36.9214, -52.3972, 0.00279976, -2.43447
1575, 26.24167, 36.9716, -52.4016, 0.00280419, -2.42811
1575, 26.25000, 37.0219, -52.406, 0.00280862, -2.42177
1576, 26.25833, 37.0723, -52.4104, 0.00281306, -2.41545
1576, 26.26667, 37.1227, -52.4148, 0.0028175, -2.40914
1577, 26.27500, 37.1731, -52.4193, 0.00282194, -2.40285
1577, 26.28333, 37.2235, -52.4238, 0.00282639, -2.39657
1578, 26.29167, 37.274, -52.4282, 0.00283085, -2.39031
1578, 26.30000, 37.3245, -52.4327, 0.00283531, -2.38407
1579, 26.30833, 37.375, -52.4372, 0.00283977, -2.37784
1579, 26.31667, 37.4256, -52.4417, 0.00284424, -2.37162
1580, 26.32500, 37.4762, -52.4462, 0.00284871, -2.36542
1580, 26.33333, 37.5269, -52.4507, 0.00285319, -2.35924
1581, 26.34167, 37.5775, -52.4553, 0.00285767, -2.35307
1581, 26.35000, 37.6283, -52.4598, 0.00286215, -2.34691
1582, 26.35833, 37.679, -52.4644, 0.00286664, -2.34077
1582, 26.36667, 37.7298, -52.4689, 0.00287114, -2.33464
1583, 26.37500, 37.7806, -52.4735, 0.00287564, -2.32853
1583, 26.38333, 37.8315, -52.4781, 0.00288014, -2.32243
1584, 26.39167, 37.8824, -52.4826, 0.00288465, -2.31634
1584, 26.40000, 37.9333, -52.4872, 0.00288916, -2.31027
1585, 26.40833, 37.9842, -52.4918, 0.00289367, -2.3042
1585, 26.41667, 38.0352, -52.4964, 0.0028982, -2.29815
1586, 26.42500, 38.0863, -52.501, 0.00290272, -2.29212
1586, 26.43333, 38.1373, -52.5056, 0.00290725, -2.2861
1587, 26.44167, 38.1884, -52.5103, 0.00291179, -2.28008
1587, 26.45000, 38.2396, -52.5149, 0.00291632, -2.27408
1588, 26.45833, 38.2907, -52.5195, 0.00292087, -2.26809
1588, 26.46667, 38.342, -52.5242, 0.00292542, -2.26212
1589, 26.47500, 38.3932, -52.5288, 0.00292997, -2.25615
1589, 26.48333, 38.4445, -52.5335, 0.00293453, -2.2502
1590, 26.49167, 38.4958, -52.5382, 0.00293909, -2.24425
1590, 26.50000, 38.5472, -52.5428, 0.00294365, -2.23832
1591, 26.50833, 38.5986, -52.5475, 0.00294822, -2.2324
1591, 26.51667, 38.65, -52.5522, 0.0029528, -2.22649
1592, 26.52500, 38.7015, -52.5568, 0.00295738, -2.22058
1592, 26.53333, 38.753, -52.5615, 0.00296196, -2.21469
1593, 26.54167, 38.8045, -52.5662, 0.00296655, -2.20881
1593, 26.55000, 38.8561, -52.5709, 0.00297115, -2.20293
1594, 26.55833, 38.9077, -52.5756, 0.00297575, -2.19707
1594, 26.56667, 38.9593, -52.5803, 0.00298035, -2.19121
1595, 26.57500, 39.011, -52.585, 0.00298496, -2.18537
1595, 26.58333, 39.0628, -52.5897, 0.00298957, -2.17953
1596, 26.59167, 39.1145, -52.5944, 0.00299419, -2.1737
1596, 26.60000, 39.1663, -52.5992, 0.00299881, -2.16788
1597, 26.60833, 39.2182, -52.6039, 0.00300343, -2.16207
1597, 26.61667, 39.27, -52.6086, 0.00300807, -2.15626
1598, 26.62500, 39.322, -52.6133, 0.0030127, -2.15046
1598, 26.63333, 39.3739, -52.618, 0.00301734, -2.14467
1599, 26.64167, 39.4259, -52.6228, 0.00302199, -2.13889
1599, 26.65000, 39.4779, -52.6275, 0.00302664, -2.13311
1600, 26.65833, 39.53, -52.6322, 0.00303129, -2.12734
1600, 26.66667, 39.5821, -52.637, 0.00303595, -2.12158
1601, 26.67500, 39.6343, -52.6417, 0.00304062, -2.11582
1601, 26.68333, 39.6864, -52.6464, 0.00304529, -2.11007
1602, 26.69167, 39.7387, -52.6512, 0.00304996, -2.10433
1602, 26.70000, 39.7909, -52.6559, 0.00305464, -2.09859
1603, 26.70833, 39.8432, -52.6606, 0.00305933, -2.09286
1603, 26.71667, 39.8956, -52.6654, 0.00306401, -2.08713
1604, 26.72500, 39.948, -52.6701, 0.00306871, -2.08141
1604, 26.73333, 40.0004, -52.6748, 0.00307341, -2.07569
1605, 26.74167, 40.0528, -52.6796, 0.00307811, -2.06998
1605, 26.75000, 40.1053, -52.6843, 0.00308282, -2.06427
1606, 26.75833, 40.1579, -52.689, 0.00308753, -2.05857
1606, 26.76667, 40.2105, -52.6938, 0.00309225, -2.05287
1607, 26.77500, 40.2631, -52.6985, 0.00309697, -2.04717
1607, 26.78333, 40.3158, -52.7032, 0.0031017, -2.04148
1608, 26.79167, 40.3685, -52.708, 0.00310644, -2.03579
1608, 26.80000, 40.4212, -52.7127, 0.00311117, -2.03011
1609, 26.80833, 40.474, -52.7174, 0.00311592, -2.02443
1609, 26.81667, 40.5268, -52.7222, 0.00312067, -2.01875
1610, 26.82500, 40.5797, -52.7269, 0.00312542, -2.01308
1610, 26.83333, 40.6326, -52.7316, 0.00313018, -2.00741
1611, 26.84167, 40.6856, -52.7363, 0.00313494, -2.00174
1611, 26.85000, 40.7385, -52.741, 0.00313971, -1.99607
1612, 26.85833, 40.7916, -52.7457, 0.00314448, -1.99041
1612, 26.86667, 40.8447, -52.7505, 0.00314926, -1.98474
1613, 26.87500, 40.8978, -52.7552, 0.00315405, -1.97908
1613, 26.88333, 40.9509, -52.7599, 0.00315883, -1.97342
1614, 26.89167, 41.0042, -52.7646, 0.00316363, -1.96777
1614, 26.90000, 41.0574, -52.7692, 0.00316843, -1.96211
1615, 26.90833, 41.1107, -52.7739, 0.00317323, -1.95645
1615, 26.91667, 41.164, -52.7786, 0.00317804, -1.9508
1616, 26.92500, 41.2174, -52.7833, 0.00318286, -1.94515
1616, 26.93333, 41.2708, -52.788, 0.00318768, -1.93949
1617, 26.94167, 41.3243, -52.7927, 0.0031925, -1.93384
1617, 26.95000, 41.3778, -52.7973, 0.00319733, -1.92819
1618, 26.95833, 41.4314, -52.802, 0.00320217, -1.92253
1618, 26.96667, 41.485, -52.8066, 0.00320701, -1.91688
1619, 26.97500, 41.5386, -52.8113, 0.00321186, -1.91123
1619, 26.98333, 41.5923, -52.8159, 0.00321671, -1.90557
1620, 26.99167, 41.646, -52.8206, 0.00322157, -1.89992
1620, 27.00000, 41.6998, -52.8252, 0.00322643, -1.89426
1621, 27.00833, 41.7536, -52.8298, 0.0032313, -1.88861
1621, 27.01667, 41.8075, -52.8345, 0.00323617, -1.88295
1622, 27.02500, 41.8614, -52.8391, 0.00324105, -1.87729
1622, 27.03333, 41.9154, -52.8437, 0.00324594, -1.87163
1623, 27.04167, 41.9694, -52.8483, 0.00325083, -1.86596
1623, 27.05000, 42.0234, -52.8529, 0.00325572, -1.8603
1624, 27.05833, 42.0775, -52.8575, 0.00326062, -1.85463
1624, 27.06667, 42.1317, -52.862, 0.00326553, -1.84896
1625, 27.07500, 42.1859, -52.8666, 0.00327044, -1.84329
1625, 27.08333, 42.2401, -52.8712, 0.00327536, -1.83762
1626, 27.09167, 42.2944, -52.8757, 0.00328028, -1.83194
1626, 27.10000, 42.3487, -52.8803, 0.00328521, -1.82626
1627, 27.10833, 42.4031, -52.8848, 0.00329014, -1.82058
1627, 27.11667, 42.4575, -52.8894, 0.00329509, -1.81489
1628, 27.12500, 42.512, -52.8939, 0.00330003, -1.8092
1628, 27.13333, 42.5665, -52.8984, 0.00330498, -1.80351
1629, 27.14167, 42.6211, -52.9029, 0.00330994, -1.79781
1629, 27.15000, 42.6758, -52.9074, 0.0033149, -1.79211
1630, 27.15833, 42.7304, -52.9119, 0.00331987, -1.7864
1630, 27.16667, 42.7851, -52.9164, 0.00332484, -1.7807
1631, 27.17500, 42.8399, -52.9209, 0.00332982, -1.77498
1631, 27.18333, 42.8947, -52.9253, 0.00333481, -1.76926
1632, 27.19167, 42.9496, -52.9298, 0.0033398, -1.76354
1632, 27.20000, 43.0045, -52.9342, 0.0033448, -1.75781
1633, 27.20833, 43.0595, -52.9386, 0.0033498, -1.75208
1633, 27.21667, 43.1145, -52.9431, 0.00335481, -1.74634
1634, 27.22500, 43.1696, -52.9475, 0.00335983, -1.7406
1634, 27.23333, 43.2247, -52.9519, 0.00336485, -1.73485
1635, 27.24167, 43.2799, -52.9563, 0.00336988, -1.7291
1635, 27.25000, 43.3351, -52.9606, 0.00337491, -1.72334
1636, 27.25833, 43.3904, -52.965, 0.00337995, -1.71757
1636, 27.26667, 43.4458, -52.9694, 0.00338499, -1.7118
1637, 27.27500, 43.5011, -52.9737, 0.00339004, -1.70602
1637, 27.28333, 43.5566, -52.978, 0.0033951, -1.70024
1638, 27.29167, 43.6121, -52.9824, 0.00340016, -1.69444
1638, 27.30000, 43.6676, -52.9867, 0.00340523, -1.68865
1639, 27.30833, 43.7232, -52.991, 0.00341031, -1.68284
1639, 27.31667, 43.7789, -52.9953, 0.00341539, -1.67703
1640, 27.32500, 43.8346, -52.9995, 0.00342048, -1.67121
1640, 27.33333, 43.8903, -53.0038, 0.00342557, -1.66539
1641, 27.34167, 43.9461, -53.0081, 0.00343067, -1.65955
1641, 27.35000, 44.002, -53.0123, 0.00343578, -1.65371
1642, 27.35833, 44.0579, -53.0165, 0.00344089, -1.64787
1642, 27.36667, 44.1139, -53.0208, 0.00344601, -1.64201
1643, 27.37500, 44.17, -53.025, 0.00345113, -1.63615
1643, 27.38333, 44.226, -53.0291, 0.00345627, -1.63028
1644, 27.39167, 44.2822, -53.0333, 0.0034614, -1.6244
1644, 27.40000, 44.3384, -53.0375, 0.00346655, -1.61851
1645, 27.40833, 44.3947, -53.0416, 0.0034717, -1.61262
1645, 27.41667, 44.451, -53.0458, 0.00347686, -1.60671
1646, 27.42500, 44.5074, -53.0499, 0.00348202, -1.6008
1646, 27.43333, 44.5638, -53.054, 0.00348719, -1.59488
1647, 27.44167, 44.6203, -53.0581, 0.00349237, -1.58895
1647, 27.45000, 44.6768, -53.0622, 0.00349755, -1.58301
1648, 27.45833, 44.7334, -53.0662, 0.00350274, -1.57706
1648, 27.46667, 44.7901, -53.0703, 0.00350794, -1.5711
1649, 27.47500, 44.8468, -53.0743, 0.00351314, -1.56514
1649, 27.48333, 44.9036, -53.0784, 0.00351835, -1.55916
1650, 27.49167, 44.9605, -53.0824, 0.00352357, -1.55318
1650, 27.50000, 45.0174, -53.0864, 0.00352879, -1.54718
1651, 27.50833, 45.0743, -53.0904, 0.00353402, -1.54118
1651, 27.51667, 45.1314, -53.0943, 0.00353926, -1.53517
1652, 27.52500, 45.1884, -53.0983, 0.0035445, -1.52914
1652, 27.53333, 45.2456, -53.1022, 0.00354975, -1.52311
1653, 27.54167, 45.3028, -53.1062, 0.00355501, -1.51706
1653, 27.55000, 45.3601, -53.1101, 0.00356027, -1.51101
1654, 27.55833, 45.4174, -53.114, 0.00356554, -1.50495
1654, 27.56667, 45.4748, -53.1178, 0.00357082, -1.49887
1655, 27.57500, 45.5323, -53.1217, 0.00357611, -1.49279
1655, 27.58333, 45.5898, -53.1255, 0.0035814, -1.48669
1656, 27.59167, 45.6474, -53.1294, 0.0035867, -1.48058
1656, 27.60000, 45.705, -53.1332, 0.003592, -1.47447
1657, 27.60833, 45.7627, -53.137, 0.00359732, -1.46834
1657, 27.61667, 45.8205, -53.1408, 0.00360264, -1.4622
1658, 27.62500, 45.8784, -53.1446, 0.00360797, -1.45605
1658, 27.63333, 45.9363, -53.1483, 0.0036133, -1.44989
1659, 27.64167, 45.9943, -53.152, 0.00361864, -1.44372
1659, 27.65000, 46.0523, -53.1558, 0.00362399, -1.43753
1660, 27.65833, 46.1104, -53.1595, 0.00362935, -1.43134
1660, 27.66667, 46.1686, -53.1632, 0.00363471, -1.42513
1661, 27.67500, 46.2268, -53.1668, 0.00364008, -1.41892
1661, 27.68333, 46.2851, -53.1705, 0.00364546, -1.41269
1662, 27.69167, 46.3435, -53.1741, 0.00365085, -1.40645
1662, 27.70000, 46.402, -53.1778, 0.00365624, -1.40019
1663, 27.70833, 46.4605, -53.1814, 0.00366164, -1.39393
1663, 27.71667, 46.5191, -53.185, 0.00366705, -1.38765
1664, 27.72500, 46.5777, -53.1885, 0.00367246, -1.38137
1664, 27.73333, 46.6364, -53.1921, 0.00367789, -1.37507
1665, 27.74167, 46.6952, -53.1956, 0.00368332, -1.36875
1665, 27.75000, 46.7541, -53.1992, 0.00368876, -1.36243
1666, 27.75833, 46.813, -53.2027, 0.0036942, -1.3561
1666, 27.76667, 46.872, -53.2062, 0.00369966, -1.34975
1667, 27.77500, 46.9311, -53.2096, 0.00370512, -1.34339
1667, 27.78333, 46.9902, -53.2131, 0.00371059, -1.33701
1668, 27.79167, 47.0495, -53.2165, 0.00371607, -1.33063
1668, 27.80000, 47.1088, -53.2199, 0.00372155, -1.32423
1669, 27.80833, 47.1681, -53.2234, 0.00372704, -1.31782
1669, 27.81667, 47.2276, -53.2267, 0.00373254, -1.3114
1670, 27.82500, 47.2871, -53.2301, 0.00373805, -1.30497
1670, 27.83333, 47.3467, -53.2335, 0.00374357, -1.29852
1671, 27.84167, 47.4063, -53.2368, 0.00374909, -1.29206
1671, 27.85000, 47.4661, -53.2401, 0.00375463, -1.28559
1672, 27.85833, 47.5259, -53.2434, 0.00376017, -1.2791
1672, 27.86667, 47.5858, -53.2467, 0.00376572, -1.2726
1673, 27.87500, 47.6457, -53.25, 0.00377127, -1.26609
1673, 27.88333, 47.7058, -53.2532, 0.00377684, -1.25957
1674, 27.89167, 47.7659, -53.2565, 0.00378241, -1.25303
1674, 27.90000, 47.8261, -53.2597, 0.003788, -1.24649
1675, 27.90833, 47.8864, -53.2629, 0.00379358, -1.23992
1675, 27.91667, 47.9467, -53.266, 0.00379918, -1.23335
1676, 27.92500, 48.0071, -53.2692, 0.00380479, -1.22676
1676, 27.93333, 48.0676, -53.2724, 0.00381041, -1.22016
1677, 27.94167, 48.1282, -53.2755, 0.00381603, -1.21355
1677, 27.95000, 48.1889, -53.2786, 0.00382166, -1.20692
1678, 27.95833, 48.2497, -53.2817, 0.0038273, -1.20028
1678, 27.96667, 48.3105, -53.2847, 0.00383295, -1.19363
1679, 27.97500, 48.3714, -53.2878, 0.00383861, -1.18697
1679, 27.98333, 48.4324, -53.2908, 0.00384428, -1.18029
1680, 27.99167, 48.4935, -53.2939, 0.00384995, -1.1736
1680, 28.00000, 48.5546, -53.2969, 0.00385564, -1.16689
1681, 28.00833, 48.6159, -53.2999, 0.00386133, -1.16018
1681, 28.01667, 48.6772, -53.3028, 0.00386703, -1.15345
1682, 28.02500, 48.7386, -53.3058, 0.00387274, -1.14671
1682, 28.03333, 48.8001, -53.3087, 0.00387846, -1.13995
1683, 28.04167, 48.8617, -53.3116, 0.00388419, -1.13318
1683, 28.05000, 48.9233, -53.3145, 0.00388992, -1.1264
1684, 28.05833, 48.9851, -53.3174, 0.00389567, -1.11961
1684, 28.06667, 49.0469, -53.3203, 0.00390143, -1.1128
1685, 28.07500, 49.1088, -53.3231, 0.00390719, -1.10598
1685, 28.08333, 49.1708, -53.3259, 0.00391296, -1.09914
1686, 28.09167, 49.2329, -53.3287, 0.00391875, -1.0923
1686, 28.10000, 49.2951, -53.3315, 0.00392454, -1.08544
1687, 28.10833, 49.3574, -53.3343, 0.00393034, -1.07857
1687, 28.11667, 49.4197, -53.3371, 0.00393615, -1.07168
1688, 28.12500, 49.4822, -53.3398, 0.00394197, -1.06478
1688, 28.13333, 49.5447, -53.3425, 0.0039478, -1.05787
1689, 28.14167, 49.6074, -53.3452, 0.00395364, -1.05095
1689, 28.15000, 49.6701, -53.3479, 0.00395948, -1.04402
1690, 28.15833, 49.7329, -53.3506, 0.00396534, -1.03707
1690, 28.16667, 49.7958, -53.3532, 0.00397121, -1.03011
1691, 28.17500, 49.8588, -53.3559, 0.00397708, -1.02313
1691, 28.18333, 49.9219, -53.3585, 0.00398297, -1.01615
1692, 28.19167, 49.985, -53.3611, 0.00398887, -1.00915
1692, 28.20000, 50.0483, -53.3637, 0.00399477, -1.00214
1693, 28.20833, 50.1117, -53.3662, 0.00400069, -0.995114
1693, 28.21667, 50.1752, -53.3688, 0.00400661, -0.988078
1694, 28.22500, 50.2387, -53.3713, 0.00401255, -0.98103
1694, 28.23333, 50.3024, -53.3739, 0.00401849, -0.97397
1695, 28.24167, 50.3661, -53.3764, 0.00402445, -0.966897
1695, 28.25000, 50.43, -53.3788, 0.00403041, -0.959813
1696, 28.25833, 50.4939, -53.3813, 0.00403638, -0.952716
1696, 28.26667, 50.5579, -53.3838, 0.00404237, -0.945607
1697, 28.27500, 50.6221, -53.3862, 0.00404836, -0.938487
1697, 28.28333, 50.6863, -53.3886, 0.00405437, -0.931354
1698, 28.29167, 50.7506, -53.391, 0.00406038, -0.924209
1698, 28.30000, 50.8151, -53.3934, 0.00406641, -0.917053
1699, 28.30833, 50.8796, -53.3958, 0.00407244, -0.909886
1699, 28.31667, 50.9443, -53.3981, 0.00407849, -0.902705
1700, 28.32500, 51.009, -53.4004, 0.00408455, -0.895515
1700, 28.33333, 51.0738, -53.4028, 0.00409061, -0.888312
1701, 28.34167, 51.1388, -53.4051, 0.00409669, -0.881098
1701, 28.35000, 51.2038, -53.4074, 0.00410278, -0.873873
1702, 28.35833, 51.269, -53.4096, 0.00410888, -0.866637
1702, 28.36667, 51.3342, -53.4119, 0.00411499, -0.859388
1703, 28.37500, 51.3996, -53.4141, 0.00412111, -0.85213
1703, 28.38333, 51.465, -53.4164, 0.00412724, -0.844861
1704, 28.39167, 51.5306, -53.4186, 0.00413338, -0.83758
1704, 28.40000, 51.5963, -53.4208, 0.00413953, -0.830289
1705, 28.40833, 51.662, -53.4229, 0.00414569, -0.822987
1705, 28.41667, 51.7279, -53.4251, 0.00415187, -0.815674
1706, 28.42500, 51.7939, -53.4273, 0.00415805, -0.808351
1706, 28.43333, 51.86, -53.4294, 0.00416425, -0.801018
1707, 28.44167, 51.9262, -53.4315, 0.00417046, -0.793674
1707, 28.45000, 51.9925, -53.4336, 0.00417667, -0.78632
1708, 28.45833, 52.0589, -53.4357, 0.0041829, -0.778957
1708, 28.46667, 52.1255, -53.4378, 0.00418914, -0.771582
1709, 28.47500, 52.1921, -53.4398, 0.0041954, -0.764199
1709, 28.48333, 52.2589, -53.4419, 0.00420166, -0.756806
1710, 28.49167, 52.3258, -53.4439, 0.00420793, -0.749402
1710, 28.50000, 52.3927, -53.4459, 0.00421422, -0.74199
1711, 28.50833, 52.4598, -53.448, 0.00422052, -0.734568
1711, 28.51667, 52.527, -53.4499, 0.00422682, -0.727136
1712, 28.52500, 52.5944, -53.4519, 0.00423314, -0.719696
1712, 28.53333, 52.6618, -53.4539, 0.00423948, -0.712247
1713, 28.54167, 52.7293, -53.4558, 0.00424582, -0.704788
1713, 28.55000, 52.797, -53.4578, 0.00425218, -0.697321
1714, 28.55833, 52.8648, -53.4597, 0.00425854, -0.689846
1714, 28.56667, 52.9327, -53.4616, 0.00426492, -0.682361
1715, 28.57500, 53.0007, -53.4635, 0.00427131, -0.674869
1715, 28.58333, 53.0688, -53.4654, 0.00427771, -0.667368
1716, 28.59167, 53.1371, -53.4673, 0.00428413, -0.659859
1716, 28.60000, 53.2055, -53.4691, 0.00429056, -0.652343
1717, 28.60833, 53.274, -53.471, 0.00429699, -0.644818
1717, 28.61667, 53.3426, -53.4728, 0.00430345, -0.637285
1718, 28.62500, 53.4113, -53.4747, 0.00430991, -0.629746
1718, 28.63333, 53.4801, -53.4765, 0.00431638, -0.622199
1719, 28.64167, 53.5491, -53.4783, 0.00432287, -0.614644
1719, 28.65000, 53.6182, -53.4801, 0.00432937, -0.607083
1720, 28.65833, 53.6874, -53.4818, 0.00433588, -0.599515
1720, 28.66667, 53.7568, -53.4836, 0.00434241, -0.591939
1721, 28.67500, 53.8263, -53.4854, 0.00434895, -0.584358
1721, 28.68333, 53.8958, -53.4871, 0.00435549, -0.57677
1722, 28.69167, 53.9656, -53.4889, 0.00436206, -0.569175
1722, 28.70000, 54.0354, -53.4906, 0.00436863, -0.561575
1723, 28.70833, 54.1054, -53.4923, 0.00437522, -0.553969
1723, 28.71667, 54.1755, -53.494, 0.00438182, -0.546356
1724, 28.72500, 54.2457, -53.4957, 0.00438843, -0.538739
1724, 28.73333, 54.3161, -53.4974, 0.00439506, -0.531116
1725, 28.74167, 54.3865, -53.4991, 0.0044017, -0.523486
1725, 28.75000, 54.4571, -53.5007, 0.00440835, -0.515853
1726, 28.75833, 54.5279, -53.5024, 0.00441502, -0.508215
1726, 28.76667, 54.5988, -53.504, 0.0044217, -0.500571
1727, 28.77500, 54.6698, -53.5057, 0.00442839, -0.492923
1727, 28.78333, 54.7409, -53.5073, 0.00443509, -0.485271
1728, 28.79167, 54.8122, -53.5089, 0.00444181, -0.477614
1728, 28.80000, 54.8836, -53.5105, 0.00444854, -0.469954
1729, 28.80833, 54.9551, -53.5121, 0.00445529, -0.46229
1729, 28.81667, 55.0268, -53.5137, 0.00446204, -0.454621
1730, 28.82500, 55.0986, -53.5153, 0.00446882, -0.44695
1730, 28.83333, 55.1705, -53.5169, 0.0044756, -0.439276
1731, 28.84167, 55.2426, -53.5185, 0.0044824, -0.431598
1731, 28.85000, 55.3148, -53.52, 0.00448921, -0.423917
1732, 28.85833, 55.3872, -53.5216, 0.00449604, -0.416234
1732, 28.86667, 55.4597, -53.5231, 0.00450288, -0.408548
1733, 28.87500, 55.5323, -53.5247, 0.00450973, -0.40086
1733, 28.88333, 55.605, -53.5262, 0.0045166, -0.39317
1734, 28.89167, 55.678, -53.5278, 0.00452348, -0.385478
1734, 28.90000, 55.751, -53.5293, 0.00453038, -0.377784
1735, 28.90833, 55.8242, -53.5308, 0.00453729, -0.370089
1735, 28.91667, 55.8975, -53.5323, 0.00454421, -0.362392
1736, 28.92500, 55.971, -53.5338, 0.00455115, -0.354695
1736, 28.93333, 56.0446, -53.5353, 0.0045581, -0.346997
1737, 28.94167, 56.1184, -53.5368, 0.00456507, -0.339298
1737, 28.95000, 56.1923, -53.5383, 0.00457205, -0.331599
1738, 28.95833, 56.2663, -53.5398, 0.00457904, -0.323899
1738, 28.96667, 56.3405, -53.5413, 0.00458606, -0.316199
1739, 28.97500, 56.4148, -53.5428, 0.00459308, -0.3085
1739, 28.98333, 56.4893, -53.5443, 0.00460012, -0.300802
1740, 28.99167, 56.564, -53.5458, 0.00460717, -0.293103
1740, 29.00000, 56.6387, -53.5472, 0.00461424, -0.285406
1741, 29.00833, 56.7137, -53.5487, 0.00462132, -0.27771
1741, 29.01667, 56.7888, -53.5502, 0.00462842, -0.270015
1742, 29.02500, 56.864, -53.5516, 0.00463554, -0.262322
1742, 29.03333, 56.9394, -53.5531, 0.00464266, -0.254631
1743, 29.04167, 57.0149, -53.5545, 0.00464981, -0.246942
1743, 29.05000, 57.0906, -53.556, 0.00465696, -0.239255
1744, 29.05833, 57.1664, -53.5575, 0.00466414, -0.231571
1744, 29.06667, 57.2424, -53.5589, 0.00467133, -0.223888
1745, 29.07500, 57.3185, -53.5604, 0.00467853, -0.21621
1745, 29.08333, 57.3948, -53.5618, 0.00468575, -0.208535
1746, 29.09167, 57.4713, -53.5633, 0.00469298, -0.200862
1746, 29.10000, 57.5479, -53.5647, 0.00470023, -0.193194
1747, 29.10833, 57.6247, -53.5662, 0.0047075, -0.18553
1747, 29.11667, 57.7016, -53.5676, 0.00471478, -0.17787
1748, 29.12500, 57.7787, -53.5691, 0.00472208, -0.170214
1748, 29.13333, 57.8559, -53.5705, 0.00472939, -0.162564
1749, 29.14167, 57.9333, -53.572, 0.00473672, -0.154917
1749, 29.15000, 58.0109, -53.5734, 0.00474406, -0.147276
1750, 29.15833, 58.0886, -53.5749, 0.00475142, -0.139641
1750, 29.16667, 58.1665, -53.5763, 0.0047588, -0.132011
1751, 29.17500, 58.2445, -53.5778, 0.00476619, -0.124387
1751, 29.18333, 58.3227, -53.5792, 0.0047736, -0.11677
1752, 29.19167, 58.4011, -53.5807, 0.00478102, -0.109158
1752, 29.20000, 58.4796, -53.5821, 0.00478846, -0.101554
1753, 29.20833, 58.5583, -53.5836, 0.00479592, -0.0939569
1753, 29.21667, 58.6372, -53.5851, 0.00480339, -0.086366
1754, 29.22500, 58.7162, -53.5866, 0.00481088, -0.0787836
1754, 29.23333, 58.7954, -53.588, 0.00481839, -0.0712089
1755, 29.24167, 58.8748, -53.5895, 0.00482591, -0.0636413
1755, 29.25000, 58.9543, -53.591, 0.00483345, -0.0560829
1756, 29.25833, 59.034, -53.5925, 0.004841, -0.048533
1756, 29.26667, 59.1138, -53.594, 0.00484858, -0.040991
1757, 29.27500, 59.1939, -53.5955, 0.00485617, -0.033459
1757, 29.28333, 59.2741, -53.597, 0.00486377, -0.0259364
1758, 29.29167, 59.3545, -53.5985, 0.0048714, -0.0184225
1758, 29.30000, 59.435, -53.6, 0.00487904, -0.0109193
1759, 29.30833, 59.5157, -53.6015, 0.00488669, -0.00342638
1759, 29.31667, 59.5966, -53.603, 0.00489437, 0.00405705
1760, 29.32500, 59.6777, -53.6046, 0.00490206, 0.0115289
1760, 29.33333, 59.759, -53.6061, 0.00490977, 0.0189897
1761, 29.34167, 59.8404, -53.6076, 0.00491749, 0.0264402
1761, 29.35000, 59.922, -53.6092, 0.00492524, 0.0338782
1762, 29.35833, 60.0037, -53.6107, 0.004933, 0.0413044
1762, 29.36667, 60.0857, -53.6123, 0.00494078, 0.0487194
1763, 29.37500, 60.1678, -53.6139, 0.00494857, 0.0561211
1763, 29.38333, 60.2501, -53.6155, 0.00495639, 0.0635102
1764, 29.39167, 60.3326, -53.6171, 0.00496422, 0.0708872
1764, 29.40000, 60.4153, -53.6187, 0.00497207, 0.0782501
1765, 29.40833, 60.4981, -53.6203, 0.00497993, 0.0855995
1765, 29.41667, 60.5812, -53.6219, 0.00498782, 0.0929359
1766, 29.42500, 60.6644, -53.6235, 0.00499572, 0.100257
1766, 29.43333, 60.7478, -53.6252, 0.00500364, 0.107564
1767, 29.44167, 60.8314, -53.6268, 0.00501158, 0.114858
1767, 29.45000, 60.9151, -53.6285, 0.00501954, 0.122135
1768, 29.45833, 60.9991, -53.6302, 0.00502751, 0.129398
1768, 29.46667, 61.0832, -53.6319, 0.00503551, 0.136645
1769, 29.47500, 61.1675, -53.6335, 0.00504352, 0.143876
1769, 29.48333, 61.252, -53.6353, 0.00505155, 0.151091
1770, 29.49167, 61.3368, -53.637, 0.0050596, 0.15829
1770, 29.50000, 61.4216, -53.6387, 0.00506767, 0.165472
1771, 29.50833, 61.5067, -53.6405, 0.00507575, 0.172636
1771, 29.51667, 61.592, -53.6422, 0.00508386, 0.179784
1772, 29.52500, 61.6774, -53.644, 0.00509198, 0.186914
1772, 29.53333, 61.7631, -53.6458, 0.00510013, 0.194026
1773, 29.54167, 61.8489, -53.6476, 0.00510829, 0.20112
1773, 29.55000, 61.935, -53.6494, 0.00511647, 0.208195
1774, 29.55833, 62.0212, -53.6512, 0.00512467, 0.215252
1774, 29.56667, 62.1076, -53.6531, 0.00513289, 0.22229
1775, 29.57500, 62.1942, -53.6549, 0.00514113, 0.229307
1775, 29.58333, 62.281, -53.6568, 0.00514938, 0.236305
1776, 29.59167, 62.3681, -53.6587, 0.00515766, 0.243284
1776, 29.60000, 62.4553, -53.6606, 0.00516596, 0.250242
1777, 29.60833, 62.5427, -53.6625, 0.00517427, 0.257179
1777, 29.61667, 62.6303, -53.6645, 0.00518261, 0.264096
1778, 29.62500, 62.7181, -53.6664, 0.00519097, 0.270991
1778, 29.63333, 62.8061, -53.6684, 0.00519934, 0.277864
1779, 29.64167, 62.8943, -53.6704, 0.00520774, 0.284717
1779, 29.65000, 62.9827, -53.6724, 0.00521615, 0.291546
1780, 29.65833, 63.0713, -53.6744, 0.00522459, 0.298353
1780, 29.66667, 63.1602, -53.6765, 0.00523304, 0.305138
1781, 29.67500, 63.2492, -53.6786, 0.00524152, 0.311899
1781, 29.68333, 63.3384, -53.6806, 0.00525001, 0.318637
1782, 29.69167, 63.4278, -53.6828, 0.00525853, 0.325352
1782, 29.70000, 63.5175, -53.6849, 0.00526706, 0.332041
1783, 29.70833, 63.6073, -53.687, 0.00527562, 0.338707
1783, 29.71667, 63.6974, -53.6892, 0.00528419, 0.345349
1784, 29.72500, 63.7876, -53.6914, 0.00529279, 0.351965
1784, 29.73333, 63.8781, -53.6936, 0.00530141, 0.358555
1785, 29.74167, 63.9688, -53.6958, 0.00531005, 0.365121
1785, 29.75000, 64.0597, -53.6981, 0.00531871, 0.37166
1786, 29.75833, 64.1508, -53.7004, 0.00532739, 0.378173
1786, 29.76667, 64.2421, -53.7027, 0.00533609, 0.38466
1787, 29.77500, 64.3336, -53.705, 0.00534481, 0.39112
1787, 29.78333, 64.4253, -53.7073, 0.00535355, 0.397552
1788, 29.79167, 64.5173, -53.7097, 0.00536232, 0.403957
1788, 29.80000, 64.6095, -53.7121, 0.0053711, 0.410334
1789, 29.80833, 64.7019, -53.7145, 0.00537991, 0.416683
1789, 29.81667, 64.7945, -53.7169, 0.00538874, 0.423004
1790, 29.82500, 64.8873, -53.7194, 0.00539758, 0.429296
1790, 29.83333, 64.9803, -53.7219, 0.00540645, 0.435558
1791, 29.84167, 65.0736, -53.7244, 0.00541535, 0.441792
1791, 29.85000, 65.1671, -53.7269, 0.00542426, 0.447995
1792, 29.85833, 65.2608, -53.7295, 0.0054332, 0.454168
1792, 29.86667, 65.3547, -53.7321, 0.00544215, 0.460312
1793, 29.87500, 65.4489, -53.7347, 0.00545113, 0.466424
1793, 29.88333, 65.5432, -53.7374, 0.00546013, 0.472505
1794, 29.89167, 65.6378, -53.74, 0.00546916, 0.478556
1794, 29.90000, 65.7326, -53.7427, 0.0054782, 0.484573
1795, 29.90833, 65.8277, -53.7455, 0.00548727, 0.490559
1795, 29.91667, 65.923, -53.7482, 0.00549636, 0.496514
1796, 29.92500, 66.0184, -53.751, 0.00550547, 0.502435
1796, 29.93333, 66.1142, -53.7538, 0.00551461, 0.508323
1797, 29.94167, 66.2101, -53.7567, 0.00552377, 0.514178
1797, 29.95000, 66.3063, -53.7596, 0.00553295, 0.519999
1798, 29.95833, 66.4027, -53.7625, 0.00554215, 0.525786
1798, 29.96667, 66.4994, -53.7654, 0.00555137, 0.531539
1799, 29.97500, 66.5962, -53.7684, 0.00556062, 0.537257
1799, 29.98333, 66.6933, -53.7714, 0.00556989, 0.54294
1800, 29.99167, 66.7907, -53.7744, 0.00557919, 0.548589
1800, 30.00000, 66.8883, -53.7774, 0.0055885, 0.554201
1801, 30.00833, 66.9861, -53.7805, 0.00559784, 0.559777
1801, 30.01667, 67.0841, -53.7837, 0.00560721, 0.565318
1802, 30.02500, 67.1824, -53.7868, 0.00561659, 0.570821
1802, 30.03333, 67.2809, -53.79, 0.005626, 0.576287
1803, 30.04167, 67.3797, -53.7932, 0.00563544, 0.581717
1803, 30.05000, 67.4787, -53.7965, 0.00564489, 0.587109
1804, 30.05833, 67.5779, -53.7998, 0.00565437, 0.592462
1804, 30.06667, 67.6774, -53.8031, 0.00566388, 0.597778
1805, 30.07500, 67.7771, -53.8065, 0.00567341, 0.603055
1805, 30.08333, 67.8771, -53.8099, 0.00568296, 0.608292
1806, 30.09167, 67.9773, -53.8133, 0.00569253, 0.613492
1806, 30.10000, 68.0777, -53.8167, 0.00570213, 0.61865
1807, 30.10833, 68.1784, -53.8202, 0.00571176, 0.623769
1807, 30.11667, 68.2794, -53.8238, 0.00572141, 0.628849
1808, 30.12500, 68.3805, -53.8274, 0.00573108, 0.633887
1808, 30.13333, 68.482, -53.831, 0.00574078, 0.638884
1809, 30.14167, 68.5837, -53.8346, 0.0057505, 0.643841
1809, 30.15000, 68.6856, -53.8383, 0.00576024, 0.648755
1810, 30.15833, 68.7878, -53.842, 0.00577001, 0.653627
1810, 30.16667, 68.8902, -53.8458, 0.00577981, 0.658458
1811, 30.17500, 68.9929, -53.8496, 0.00578963, 0.663245
1811, 30.18333, 69.0958, -53.8534, 0.00579947, 0.66799
1812, 30.19167, 69.199, -53.8573, 0.00580934, 0.672692
1812, 30.20000, 69.3024, -53.8612, 0.00581924, 0.67735
1813, 30.20833, 69.4061, -53.8652, 0.00582916, 0.681963
1813, 30.21667, 69.5101, -53.8692, 0.0058391, 0.686533
1814, 30.22500, 69.6143, -53.8732, 0.00584907, 0.691058
1814, 30.23333, 69.7188, -53.8773, 0.00585907, 0.695538
1815, 30.24167, 69.8235, -53.8814, 0.00586909, 0.699973
1815, 30.25000, 69.9285, -53.8856, 0.00587913, 0.704362
1816, 30.25833, 70.0337, -53.8898, 0.00588921, 0.708705
1816, 30.26667, 70.1392, -53.8941, 0.0058993, 0.713003
1817, 30.27500, 70.245, -53.8983, 0.00590943, 0.717253
1817, 30.28333, 70.351, -53.9027, 0.00591958, 0.721456
1818, 30.29167, 70.4573, -53.9071, 0.00592975, 0.725612
1818, 30.30000, 70.5638, -53.9115, 0.00593995, 0.72972
1819, 30.30833, 70.6706, -53.916, 0.00595018, 0.73378
1819, 30.31667, 70.7777, -53.9205, 0.00596044, 0.737793
1820, 30.32500, 70.8851, -53.925, 0.00597072, 0.741756
1820, 30.33333, 70.9927, -53.9296, 0.00598102, 0.74567
1821, 30.34167, 71.1006, -53.9343, 0.00599136, 0.749535
1821, 30.35000, 71.2087, -53.939, 0.00600171, 0.75335
1822, 30.35833, 71.3172, -53.9437, 0.0060121, 0.757115
1822, 30.36667, 71.4259, -53.9485, 0.00602251, 0.760831
1823, 30.37500, 71.5348, -53.9533, 0.00603295, 0.764495
1823, 30.38333, 71.6441, -53.9582, 0.00604342, 0.768108
1824, 30.39167, 71.7536, -53.9631, 0.00605391, 0.77167
1824, 30.40000, 71.8634, -53.9681, 0.00606444, 0.77518
1825, 30.40833, 71.9734, -53.9731, 0.00607498, 0.778638
1825, 30.41667, 72.0838, -53.9782, 0.00608556, 0.782044
1826, 30.42500, 72.1944, -53.9833, 0.00609616, 0.785396
1826, 30.43333, 72.3053, -53.9885, 0.00610679, 0.788696
1827, 30.44167, 72.4165, -53.9937, 0.00611745, 0.791943
1827, 30.45000, 72.5279, -53.999, 0.00612813, 0.795135
1828, 30.45833, 72.6397, -54.0043, 0.00613885, 0.798273
1828, 30.46667, 72.7517, -54.0096, 0.00614959, 0.801358
1829, 30.47500, 72.864, -54.0151, 0.00616036, 0.804387
1829, 30.48333, 72.9766, -54.0205, 0.00617115, 0.807361
1830, 30.49167, 73.0895, -54.0261, 0.00618198, 0.81028
1830, 30.50000, 73.2026, -54.0316, 0.00619283, 0.813143
1831, 30.50833, 73.3161, -54.0373, 0.00620371, 0.815949
1831, 30.51667, 73.4298, -54.0429, 0.00621462, 0.8187
1832, 30.52500, 73.5438, -54.0487, 0.00622556, 0.821393
1832, 30.53333, 73.6581, -54.0545, 0.00623653, 0.824029
1833, 30.54167, 73.7727, -54.0603, 0.00624753, 0.826608
1833, 30.55000, 73.8876, -54.0662, 0.00625855, 0.829129
1834, 30.55833, 74.0028, -54.0721, 0.0062696, 0.831591
1834, 30.56667, 74.1183, -54.0781, 0.00628069, 0.833995
1835, 30.57500, 74.234, -54.0842, 0.0062918, 0.83634
1835, 30.58333, 74.3501, -54.0903, 0.00630294, 0.838626
1836, 30.59167, 74.4664, -54.0965, 0.00631411, 0.840853
1836, 30.60000, 74.5831, -54.1027, 0.00632531, 0.843019
1837, 30.60833, 74.7, -54.109, 0.00633653, 0.845125
1837, 30.61667, 74.8173, -54.1153, 0.00634779, 0.847171
1838, 30.62500, 74.9348, -54.1217, 0.00635908, 0.849155
1838, 30.63333, 75.0527, -54.1282, 0.0063704, 0.851079
1839, 30.64167, 75.1709, -54.1347, 0.00638174, 0.85294
1839, 30.65000, 75.2893, -54.1413, 0.00639312, 0.85474
1840, 30.65833, 75.4081, -54.1479, 0.00640453, 0.856477
1840, 30.66667, 75.5271, -54.1546, 0.00641597, 0.858152
1841, 30.67500, 75.6465, -54.1613, 0.00642743, 0.859763
1841, 30.68333, 75.7662, -54.1681, 0.00643893, 0.861312
1842, 30.69167, 75.8861, -54.175, 0.00645046, 0.862796
1842, 30.70000, 76.0064, -54.1819, 0.00646202, 0.864217
1843, 30.70833, 76.127, -54.1889, 0.00647361, 0.865573
1843, 30.71667, 76.2479, -54.1959, 0.00648523, 0.866864
1844, 30.72500, 76.3692, -54.2031, 0.00649688, 0.86809
1844, 30.73333, 76.4907, -54.2102, 0.00650856, 0.869251
1845, 30.74167, 76.6125, -54.2175, 0.00652027, 0.870346
1845, 30.75000, 76.7347, -54.2248, 0.00653202, 0.871375
1846, 30.75833, 76.8572, -54.2321, 0.00654379, 0.872337
1846, 30.76667, 76.98, -54.2395, 0.0065556, 0.873232
1847, 30.77500, 77.1031, -54.247, 0.00656744, 0.874061
1847, 30.78333, 77.2265, -54.2546, 0.00657931, 0.874821
1848, 30.79167, 77.3503, -54.2622, 0.00659121, 0.875514
1848, 30.80000, 77.4743, -54.2699, 0.00660314, 0.876139
1849, 30.80833, 77.5987, -54.2776, 0.0066151, 0.876695
1849, 30.81667, 77.7234, -54.2854, 0.0066271, 0.877182
1850, 30.82500, 77.8484, -54.2933, 0.00663913, 0.8776
1850, 30.83333, 77.9738, -54.3012, 0.00665119, 0.877948
1851, 30.84167, 78.0995, -54.3092, 0.00666329, 0.878226
1851, 30.85000, 78.2255, -54.3173, 0.00667541, 0.878434
1852, 30.85833, 78.3518, -54.3254, 0.00668757, 0.878571
1852, 30.86667, 78.4785, -54.3336, 0.00669976, 0.878637
1853, 30.87500, 78.6055, -54.3419, 0.00671198, 0.878632
1853, 30.88333, 78.7328, -54.3502, 0.00672424, 0.878555
1854, 30.89167, 78.8605, -54.3587, 0.00673653, 0.878406
1854, 30.90000, 78.9885, -54.3671, 0.00674885, 0.878185
1855, 30.90833, 79.1168, -54.3757, 0.0067612, 0.87789
1855, 30.91667, 79.2454, -54.3843, 0.00677359, 0.877523
1856, 30.92500, 79.3744, -54.393, 0.00678601, 0.877082
1856, 30.93333, 79.5038, -54.4017, 0.00679847, 0.876567
1857, 30.94167, 79.6334, -54.4106, 0.00681096, 0.875978
1857, 30.95000, 79.7634, -54.4195, 0.00682348, 0.875315
1858, 30.95833, 79.8938, -54.4284, 0.00683604, 0.874576
1858, 30.96667, 80.0245, -54.4375, 0.00684863, 0.873762
1859, 30.97500, 80.1555, -54.4466, 0.00686125, 0.872873
1859, 30.98333, 80.2869, -54.4558, 0.00687391, 0.871908
1860, 30.99167, 80.4186, -54.465, 0.0068866, 0.870866
1860, 31.00000, 80.5507, -54.4744, 0.00689933, 0.869748
1861, 31.00833, 80.6831, -54.4838, 0.00691209, 0.868552
1861, 31.01667, 80.8158, -54.4932, 0.00692489, 0.867279
1862, 31.02500, 80.9489, -54.5028, 0.00693772, 0.865929
1862, 31.03333, 81.0824, -54.5124, 0.00695058, 0.8645
1863, 31.04167, 81.2162, -54.5221, 0.00696348, 0.862993
1863, 31.05000, 81.3504, -54.5319, 0.00697642, 0.861407
1864, 31.05833, 81.4849, -54.5417, 0.00698939, 0.859742
1864, 31.06667, 81.6198, -54.5517, 0.00700239, 0.857997
1865, 31.07500, 81.755, -54.5617, 0.00701543, 0.856172
1865, 31.08333, 81.8906, -54.5718, 0.00702851, 0.854267
1866, 31.09167, 82.0265, -54.5819, 0.00704162, 0.852281
1866, 31.10000, 82.1628, -54.5921, 0.00705477, 0.850215
1867, 31.10833, 82.2994, -54.6025, 0.00706795, 0.848067
1867, 31.11667, 82.4365, -54.6128, 0.00708117, 0.845837
1868, 31.12500, 82.5739, -54.6233, 0.00709443, 0.843525
1868, 31.13333, 82.7116, -54.6339, 0.00710772, 0.841131
1869, 31.14167, 82.8497, -54.6445, 0.00712105, 0.838654
1869, 31.15000, 82.9882, -54.6552, 0.00713441, 0.836094
1870, 31.15833, 83.127, -54.666, 0.00714781, 0.83345
1870, 31.16667, 83.2663, -54.6768, 0.00716125, 0.830722
1871, 31.17500, 83.4058, -54.6878, 0.00717473, 0.82791
1871, 31.18333, 83.5458, -54.6988, 0.00718824, 0.825013
1872, 31.19167, 83.6861, -54.7099, 0.00720179, 0.822032
1872, 31.20000, 83.8268, -54.7211, 0.00721537, 0.818965
1873, 31.20833, 83.9679, -54.7324, 0.00722899, 0.815812
1873, 31.21667, 84.1093, -54.7438, 0.00724266, 0.812573
1874, 31.22500, 84.2511, -54.7552, 0.00725635, 0.809247
1874, 31.23333, 84.3933, -54.7667, 0.00727009, 0.805835
1875, 31.24167, 84.5359, -54.7783, 0.00728386, 0.802335
1875, 31.25000, 84.6789, -54.79, 0.00729767, 0.798748
1876, 31.25833, 84.8222, -54.8018, 0.00731152, 0.795073
1876, 31.26667, 84.9659, -54.8136, 0.00732541, 0.79131
1877, 31.27500, 85.11, -54.8256, 0.00733934, 0.787457
1877, 31.28333, 85.2545, -54.8376, 0.0073533, 0.783516
1878, 31.29167, 85.3994, -54.8497, 0.0073673, 0.779485
1878, 31.30000, 85.5447, -54.8619, 0.00738134, 0.775365
1879, 31.30833, 85.6903, -54.8742, 0.00739542, 0.771154
1879, 31.31667, 85.8364, -54.8866, 0.00740954, 0.766852
1880, 31.32500, 85.9828, -54.8991, 0.0074237, 0.76246
1880, 31.33333, 86.1296, -54.9116, 0.0074379, 0.757976
1881, 31.34167, 86.2769, -54.9242, 0.00745213, 0.7534
1881, 31.35000, 86.4245, -54.937, 0.00746641, 0.748733
1882, 31.35833, 86.5725, -54.9498, 0.00748072, 0.743973
1882, 31.36667, 86.7209, -54.9627, 0.00749508, 0.73912
1883, 31.37500, 86.8697, -54.9757, 0.00750947, 0.734173
1883, 31.38333, 87.0189, -54.9888, 0.00752391, 0.729134
1884, 31.39167, 87.1685, -55.0019, 0.00753838, 0.723999
1884, 31.40000, 87.3185, -55.0152, 0.0075529, 0.718771
1885, 31.40833, 87.4689, -55.0286, 0.00756745, 0.713448
1885, 31.41667, 87.6198, -55.042, 0.00758205, 0.708029
1886, 31.42500, 87.771, -55.0556, 0.00759669, 0.702515
1886, 31.43333, 87.9226, -55.0692, 0.00761136, 0.696906
1887, 31.44167, 88.0747, -55.0829, 0.00762608, 0.691199
1887, 31.45000, 88.2271, -55.0967, 0.00764084, 0.685396
1888, 31.45833, 88.38, -55.1107, 0.00765564, 0.679496
1888, 31.46667, 88.5333, -55.1247, 0.00767048, 0.673498
1889, 31.47500, 88.687, -55.1388, 0.00768537, 0.667402
1889, 31.48333, 88.8411, -55.153, 0.00770029, 0.661209
1890, 31.49167, 88.9956, -55.1673, 0.00771526, 0.654915
1890, 31.50000, 89.1505, -55.1816, 0.00773026, 0.648524
1891, 31.50833, 89.3059, -55.1961, 0.00774531, 0.642033
1891, 31.51667, 89.4617, -55.2107, 0.00776041, 0.635441
1892, 31.52500, 89.6179, -55.2254, 0.00777554, 0.62875
1892, 31.53333, 89.7745, -55.2401, 0.00779072, 0.621958
1893, 31.54167, 89.9316, -55.255, 0.00780594, 0.615064
1893, 31.55000, 90.0891, -55.27, 0.0078212, 0.60807
1894, 31.55833, 90.247, -55.285, 0.0078365, 0.600973
1894, 31.56667, 90.4053, -55.3002, 0.00785185, 0.593773
1895, 31.57500, 90.5641, -55.3155, 0.00786724, 0.586472
1895, 31.58333, 90.7233, -55.3308, 0.00788268, 0.579067
1896, 31.59167, 90.8829, -55.3463, 0.00789816, 0.571559
1896, 31.60000, 91.043, -55.3619, 0.00791368, 0.563946
1897, 31.60833, 91.2035, -55.3775, 0.00792924, 0.55623
1897, 31.61667, 91.3645, -55.3933, 0.00794485, 0.548408
1898, 31.62500, 91.5258, -55.4092, 0.0079605, 0.540482
1898, 31.63333, 91.6877, -55.4251, 0.0079762, 0.53245
1899, 31.64167, 91.8499, -55.4412, 0.00799194, 0.524311
1899, 31.65000, 92.0126, -55.4574, 0.00800773, 0.516067
1900, 31.65833, 92.1758, -55.4737, 0.00802356, 0.507716
1900, 31.66667, 92.3394, -55.4901, 0.00803943, 0.499257
1901, 31.67500, 92.5034, -55.5065, 0.00805535, 0.490691
1901, 31.68333, 92.6679, -55.5231, 0.00807132, 0.482017
1902, 31.69167, 92.8329, -55.5398, 0.00808733, 0.473233
1902, 31.70000, 92.9983, -55.5566, 0.00810338, 0.464341
1903, 31.70833, 93.1641, -55.5735, 0.00811948, 0.455341
1903, 31.71667, 93.3304, -55.5906, 0.00813563, 0.446229
1904, 31.72500, 93.4972, -55.6077, 0.00815182, 0.437008
1904, 31.73333, 93.6644, -55.6249, 0.00816806, 0.427677
1905, 31.74167, 93.8321, -55.6422, 0.00818435, 0.418233
1905, 31.75000, 94.0002, -55.6597, 0.00820068, 0.408679
1906, 31.75833, 94.1688, -55.6772, 0.00821705, 0.399013
1906, 31.76667, 94.3379, -55.6949, 0.00823348, 0.389234
1907, 31.77500, 94.5074, -55.7127, 0.00824995, 0.379343
1907, 31.78333, 94.6774, -55.7305, 0.00826646, 0.369339
1908, 31.79167, 94.8479, -55.7485, 0.00828303, 0.35922
1908, 31.80000, 95.0188, -55.7666, 0.00829964, 0.348988
1909, 31.80833, 95.1902, -55.7849, 0.0083163, 0.338641
1909, 31.81667, 95.3621, -55.8032, 0.008333, 0.328179
1910, 31.82500, 95.5345, -55.8216, 0.00834976, 0.317602
1910, 31.83333, 95.7073, -55.8402, 0.00836656, 0.306909
1911, 31.84167, 95.8806, -55.8588, 0.00838341, 0.296099
1911, 31.85000, 96.0544, -55.8776, 0.00840031, 0.285173
1912, 31.85833, 96.2287, -55.8965, 0.00841725, 0.27413
1912, 31.86667, 96.4034, -55.9155, 0.00843425, 0.262968
1913, 31.87500, 96.5786, -55.9346, 0.00845129, 0.251689
1913, 31.88333, 96.7543, -55.9538, 0.00846838, 0.240292
1914, 31.89167, 96.9306, -55.9732, 0.00848552, 0.228774
1914, 31.90000, 97.1073, -55.9926, 0.00850271, 0.217138
1915, 31.90833, 97.2844, -56.0122, 0.00851995, 0.205382
1915, 31.91667, 97.4621, -56.0319, 0.00853724, 0.193505
1916, 31.92500, 97.6403, -56.0517, 0.00855458, 0.181507
1916, 31.93333, 97.8189, -56.0717, 0.00857197, 0.169389
1917, 31.94167, 97.9981, -56.0917, 0.0085894, 0.157147
1917, 31.95000, 98.1778, -56.1119, 0.00860689, 0.144785
1918, 31.95833, 98.3579, -56.1322, 0.00862443, 0.1323
1918, 31.96667, 98.5386, -56.1526, 0.00864202, 0.11969
1919, 31.97500, 98.7197, -56.1731, 0.00865966, 0.106958
1919, 31.98333, 98.9014, -56.1938, 0.00867735, 0.094102
1920, 31.99167, 99.0836, -56.2145, 0.00869509, 0.0811197
1920, 32.00000, 99.2662, -56.2354, 0.00871288, 0.0680138
1921, 32.00833, 99.4494, -56.2564, 0.00873073, 0.0547824
1921, 32.01667, 99.6331, -56.2776, 0.00874862, 0.0414233
1922, 32.02500, 99.8173, -56.2988, 0.00876657, 0.0279393
1922, 32.03333, 100.002, -56.3202, 0.00878457, 0.0143283
1923, 32.04167, 100.187, -56.3417, 0.00880262, 0.000588141
1923, 32.05000, 100.373, -56.3634, 0.00882072, -0.0132784
1924, 32.05833, 100.559, -56.3851, 0.00883888, -0.0272734
1924, 32.06667, 100.746, -56.407, 0.00885709, -0.0413991
1925, 32.07500, 100.933, -56.429, 0.00887535, -0.0556525
1925, 32.08333, 101.121, -56.4511, 0.00889366, -0.070036
1926, 32.09167, 101.31, -56.4734, 0.00891203, -0.0845516
1926, 32.10000, 101.499, -56.4958, 0.00893045, -0.0991965
1927, 32.10833, 101.688, -56.5183, 0.00894892, -0.113973
1927, 32.11667, 101.878, -56.541, 0.00896745, -0.128883
1928, 32.12500, 102.068, -56.5637, 0.00898603, -0.143924
1928, 32.13333, 102.259, -56.5866, 0.00900466, -0.159097
1929, 32.14167, 102.451, -56.6097, 0.00902335, -0.174407
1929, 32.15000, 102.643, -56.6328, 0.00904209, -0.189848
1930, 32.15833, 102.836, -56.6561, 0.00906089, -0.205424
1930, 32.16667, 103.029, -56.6796, 0.00907974, -0.221136
1931, 32.17500, 103.223, -56.7031, 0.00909865, -0.236983
1931, 32.18333, 103.417, -56.7268, 0.00911761, -0.252965
1932, 32.19167, 103.612, -56.7507, 0.00913663, -0.269086
1932, 32.20000, 103.807, -56.7746, 0.0091557, -0.285343
1933, 32.20833, 104.003, -56.7987, 0.00917483, -0.301736
1933, 32.21667, 104.2, -56.8229, 0.00919402, -0.31827
1934, 32.22500, 104.397, -56.8473, 0.00921326, -0.334941
1934, 32.23333, 104.594, -56.8718, 0.00923255, -0.351751
1935, 32.24167, 104.792, -56.8964, 0.00925191, -0.368703
1935, 32.25000, 104.991, -56.9212, 0.00927132, -0.385793
1936, 32.25833, 105.19, -56.9461, 0.00929078, -0.403024
1936, 32.26667, 105.39, -56.9712, 0.00931031, -0.420399
1937, 32.27500, 105.59, -56.9964, 0.00932988, -0.437913
1937, 32.28333, 105.791, -57.0217, 0.00934952, -0.45557
1938, 32.29167, 105.993, -57.0472, 0.00936922, -0.473372
1938, 32.30000, 106.195, -57.0728, 0.00938897, -0.491316
1939, 32.30833, 106.398, -57.0985, 0.00940878, -0.509403
1939, 32.31667, 106.601, -57.1244, 0.00942865, -0.527638
1940, 32.32500, 106.805, -57.1504, 0.00944858, -0.546016
1940, 32.33333, 107.009, -57.1766, 0.00946856, -0.564539
1941, 32.34167, 107.214, -57.2029, 0.00948861, -0.583211
1941, 32.35000, 107.42, -57.2294, 0.00950871, -0.602028
1942, 32.35833, 107.626, -57.256, 0.00952887, -0.620993
1942, 32.36667, 107.833, -57.2828, 0.0095491, -0.640107
1943, 32.37500, 108.04, -57.3097, 0.00956938, -0.659369
1943, 32.38333, 108.248, -57.3367, 0.00958972, -0.678779
1944, 32.39167, 108.456, -57.3639, 0.00961012, -0.698342
1944, 32.40000, 108.665, -57.3912, 0.00963058, -0.718053
1945, 32.40833, 108.875, -57.4187, 0.0096511, -0.737914
1945, 32.41667, 109.085, -57.4463, 0.00967168, -0.75793
1946, 32.42500, 109.296, -57.4741, 0.00969232, -0.778096
1946, 32.43333, 109.508, -57.502, 0.00971302, -0.798414
1947, 32.44167, 109.72, -57.5301, 0.00973379, -0.818888
1947, 32.45000, 109.932, -57.5584, 0.00975461, -0.839514
1948, 32.45833, 110.146, -57.5867, 0.0097755, -0.860294
1948, 32.46667, 110.359, -57.6153, 0.00979645, -0.881232
1949, 32.47500, 110.574, -57.644, 0.00981746, -0.902323
1949, 32.48333, 110.789, -57.6728, 0.00983853, -0.923571
1950, 32.49167, 111.005, -57.7018, 0.00985967, -0.944978
1950, 32.50000, 111.221, -57.7309, 0.00988087, -0.96654
1951, 32.50833, 111.438, -57.7602, 0.00990213, -0.988261
1951, 32.51667, 111.656, -57.7897, 0.00992345, -1.01014
1952, 32.52500, 111.874, -57.8193, 0.00994483, -1.03218
1952, 32.53333, 112.093, -57.8491, 0.00996628, -1.05438
1953, 32.54167, 112.312, -57.879, 0.0099878, -1.07674
1953, 32.55000, 112.532, -57.9091, 0.0100094, -1.09926
1954, 32.55833, 112.753, -57.9393, 0.010031, -1.12195
1954, 32.56667, 112.974, -57.9697, 0.0100527, -1.1448
1955, 32.57500, 113.196, -58.0003, 0.0100745, -1.1678
1955, 32.58333, 113.419, -58.031, 0.0100963, -1.19098
1956, 32.59167, 113.642, -58.0619, 0.0101182, -1.21432
1956, 32.60000, 113.866, -58.093, 0.0101402, -1.23782
1957, 32.60833, 114.091, -58.1242, 0.0101622, -1.26149
1957, 32.61667, 114.316, -58.1556, 0.0101843, -1.28533
1958, 32.62500, 114.541, -58.1871, 0.0102065, -1.30933
1958, 32.63333, 114.768, -58.2188, 0.0102287, -1.3335
1959, 32.64167, 114.995, -58.2507, 0.010251, -1.35784
1959, 32.65000, 115.223, -58.2827, 0.0102733, -1.38235
1960, 32.65833, 115.451, -58.3149, 0.0102958, -1.40703
1960, 32.66667, 115.68, -58.3473, 0.0103183, -1.43188
1961, 32.67500, 115.91, -58.3798, 0.0103408, -1.4569
1961, 32.68333, 116.14, -58.4125, 0.0103634, -1.48209
1962, 32.69167, 116.371, -58.4454, 0.0103861, -1.50745
1962, 32.70000, 116.603, -58.4784, 0.0104089, -1.53299
1963, 32.70833, 116.836, -58.5116, 0.0104317, -1.5587
1963, 32.71667, 117.069, -58.545, 0.0104546, -1.58459
1964, 32.72500, 117.302, -58.5786, 0.0104776, -1.61065
1964, 32.73333, 117.537, -58.6123, 0.0105006, -1.63689
1965, 32.74167, 117.772, -58.6462, 0.0105237, -1.66331
1965, 32.75000, 118.008, -58.6803, 0.0105469, -1.6899
1966, 32.75833, 118.244, -58.7146, 0.0105701, -1.71667
1966, 32.76667, 118.481, -58.749, 0.0105935, -1.74362
1967, 32.77500, 118.719, -58.7836, 0.0106168, -1.77075
1967, 32.78333, 118.957, -58.8184, 0.0106403, -1.79805
1968, 32.79167, 119.196, -58.8533, 0.0106638, -1.82555
1968, 32.80000, 119.436, -58.8885, 0.0106874, -1.85322
1969, 32.80833, 119.677, -58.9238, 0.0107111, -1.88107
1969, 32.81667, 119.918, -58.9593, 0.0107348, -1.90911
1970, 32.82500, 120.16, -58.995, 0.0107586, -1.93733
1970, 32.83333, 120.403, -59.0308, 0.0107825, -1.96573
1971, 32.84167, 120.646, -59.0669, 0.0108064, -1.99433
1971, 32.85000, 120.89, -59.1031, 0.0108304, -2.02311
1972, 32.85833, 121.135, -59.1395, 0.0108545, -2.05207
1972, 32.86667, 121.38, -59.1761, 0.0108787, -2.08122
1973, 32.87500, 121.626, -59.2129, 0.0109029, -2.11056
1973, 32.88333, 121.873, -59.2498, 0.0109272, -2.14009
1974, 32.89167, 122.121, -59.287, 0.0109516, -2.16981
1974, 32.90000, 122.369, -59.3243, 0.010976, -2.19972
1975, 32.90833, 122.618, -59.3619, 0.0110006, -2.22983
1975, 32.91667, 122.867, -59.3996, 0.0110252, -2.26012
1976, 32.92500, 123.118, -59.4375, 0.0110498, -2.29061
1976, 32.93333, 123.369, -59.4756, 0.0110746, -2.32129
1977, 32.94167, 123.621, -59.5139, 0.0110994, -2.35217
1977, 32.95000, 123.873, -59.5523, 0.0111243, -2.38324
1978, 32.95833, 124.127, -59.591, 0.0111492, -2.4145
1978, 32.96667, 124.381, -59.6299, 0.0111743, -2.44597
1979, 32.97500, 124.636, -59.6689, 0.0111994, -2.47763
1979, 32.98333, 124.891, -59.7082, 0.0112246, -2.50949
1980, 32.99167, 125.147, -59.7477, 0.0112499, -2.54156
1980, 33.00000, 125.404, -59.7873, 0.0112752, -2.57382
1981, 33.00833, 125.662, -59.8272, 0.0113006, -2.60628
1981, 33.01667, 125.921, -59.8672, 0.0113261, -2.63894
1982, 33.02500, 126.18, -59.9075, 0.0113517, -2.67181
1982, 33.03333, 126.44, -59.9479, 0.0113773, -2.70488
1983, 33.04167, 126.7, -59.9885, 0.0114031, -2.73815
1983, 33.05000, 126.962, -60.0294, 0.0114289, -2.77163
1984, 33.05833, 127.224, -60.0704, 0.0114548, -2.80532
1984, 33.06667, 127.487, -60.1117, 0.0114807, -2.83921
1985, 33.07500, 127.751, -60.1532, 0.0115068, -2.87331
1985, 33.08333, 128.015, -60.1948, 0.0115329, -2.90762
1986, 33.09167, 128.281, -60.2367, 0.0115591, -2.94214
1986, 33.10000, 128.547, -60.2788, 0.0115853, -2.97687
1987, 33.10833, 128.813, -60.3211, 0.0116117, -3.01181
1987, 33.11667, 129.081, -60.3636, 0.0116381, -3.04696
1988, 33.12500, 129.349, -60.4063, 0.0116646, -3.08232
1988, 33.13333, 129.618, -60.4492, 0.0116912, -3.1179
1989, 33.14167, 129.888, -60.4923, 0.0117179, -3.1537
1989, 33.15000, 130.159, -60.5357, 0.0117446, -3.1897
1990, 33.15833, 130.43, -60.5792, 0.0117714, -3.22593
1990, 33.16667, 130.702, -60.623, 0.0117983, -3.26237
1991, 33.17500, 130.975, -60.667, 0.0118253, -3.29903
1991, 33.18333, 131.249, -60.7112, 0.0118524, -3.33591
1992, 33.19167, 131.524, -60.7556, 0.0118795, -3.37301
1992, 33.20000, 131.799, -60.8002, 0.0119068, -3.41033
1993, 33.20833, 132.075, -60.8451, 0.0119341, -3.44787
1993, 33.21667, 132.352, -60.8902, 0.0119615, -3.48564
1994, 33.22500, 132.63, -60.9355, 0.011989, -3.52363
1994, 33.23333, 132.908, -60.981, 0.0120165, -3.56184
1995, 33.24167, 133.188, -61.0267, 0.0120441, -3.60028
1995, 33.25000, 133.468, -61.0727, 0.0120719, -3.63895
1996, 33.25833, 133.749, -61.1189, 0.0120997, -3.67784
1996, 33.26667, 134.03, -61.1653, 0.0121276, -3.71696
1997, 33.27500, 134.313, -61.2119, 0.0121555, -3.75631
1997, 33.28333, 134.596, -61.2588, 0.0121836, -3.79589
1998, 33.29167, 134.88, -61.3059, 0.0122117, -3.8357
1998, 33.30000, 135.165, -61.3532, 0.0122399, -3.87575
1999, 33.30833, 135.451, -61.4007, 0.0122682, -3.91602
1999, 33.31667, 135.738, -61.4485, 0.0122966, -3.95653
2000, 33.32500, 136.025, -61.4965, 0.0123251, -3.99728
2000, 33.33333, 136.313, -61.5448, 0.0123537, -4.03826
2001, 33.34167, 136.602, -61.5933, 0.0123823, -4.07948
2001, 33.35000, 136.892, -61.642, 0.012411, -4.12094
2002, 33.35833, 137.183, -61.6909, 0.0124399, -4.16263
2002, 33.36667, 137.474, -61.7401, 0.0124688, -4.20457
2003, 33.37500, 137.767, -61.7895, 0.0124977, -4.24674
2003, 33.38333, 138.06, -61.8392, 0.0125268, -4.28916
2003, 33.39167, 138.354, -61.8891, 0.012556, -4.33183
2004, 33.40000, 138.649, -61.9392, 0.0125852, -4.37473
2005, 33.40833, 138.944, -61.9896, 0.0126145, -4.41788
2005, 33.41667, 139.241, -62.0403, 0.012644, -4.46128
2006, 33.42500, 139.538, -62.0911, 0.0126735, -4.50492
2006, 33.43333, 139.836, -62.1423, 0.0127031, -4.54881
2007, 33.44167, 140.136, -62.1936, 0.0127327, -4.59295
2007, 33.45000, 140.435, -62.2452, 0.0127625, -4.63734
2008, 33.45833, 140.736, -62.2971, 0.0127924, -4.68198
2008, 33.46667, 141.038, -62.3492, 0.0128223, -4.72687
2009, 33.47500, 141.34, -62.4016, 0.0128523, -4.77202
2009, 33.48333, 141.643, -62.4542, 0.0128825, -4.81742
2010, 33.49167, 141.948, -62.507, 0.0129127, -4.86308
2010, 33.50000, 142.253, -62.5601, 0.012943, -4.90899
2011, 33.50833, 142.558, -62.6135, 0.0129734, -4.95515
2011, 33.51667, 142.865, -62.6671, 0.0130038, -5.00158
2012, 33.52500, 143.173, -62.721, 0.0130344, -5.04827
2012, 33.53333, 143.481, -62.7752, 0.0130651, -5.09522
2013, 33.54167, 143.79, -62.8295, 0.0130958, -5.14243
2013, 33.55000, 144.101, -62.8842, 0.0131266, -5.1899
2014, 33.55833, 144.412, -62.9391, 0.0131576, -5.23763
2014, 33.56667, 144.724, -62.9943, 0.0131886, -5.28564
2015, 33.57500, 145.036, -63.0497, 0.0132197, -5.3339
2015, 33.58333, 145.35, -63.1054, 0.0132509, -5.38243
2016, 33.59167, 145.664, -63.1614, 0.0132822, -5.43124
2016, 33.60000, 145.98, -63.2177, 0.0133136, -5.48031
2017, 33.60833, 146.296, -63.2742, 0.013345, -5.52965
2017, 33.61667, 146.613, -63.3309, 0.0133766, -5.57926
2018, 33.62500, 146.931, -63.388, 0.0134082, -5.62915
2018, 33.63333, 147.25, -63.4453, 0.01344, -5.67931
2019, 33.64167, 147.57, -63.5029, 0.0134718, -5.72974
2019, 33.65000, 147.891, -63.5607, 0.0135038, -5.78045
2020, 33.65833, 148.212, -63.6189, 0.0135358, -5.83144
2020, 33.66667, 148.535, -63.6773, 0.0135679, -5.88271
2021, 33.67500, 148.858, -63.736, 0.0136001, -5.93425
2021, 33.68333, 149.182, -63.7949, 0.0136324, -5.98607
2022, 33.69167, 149.507, -63.8542, 0.0136648, -6.03818
2022, 33.70000, 149.833, -63.9137, 0.0136973, -6.09057
2023, 33.70833, 150.16, -63.9735, 0.0137299, -6.14324
2023, 33.71667, 150.488, -64.0336, 0.0137625, -6.19621
2024, 33.72500, 150.816, -64.0939, 0.0137953, -6.24945
2024, 33.73333, 151.146, -64.1546, 0.0138282, -6.30298
2025, 33.74167, 151.477, -64.2155, 0.0138611, -6.35681
2025, 33.75000, 151.808, -64.2767, 0.0138942, -6.41091
2026, 33.75833, 152.14, -64.3382, 0.0139273, -6.46531
2026, 33.76667, 152.473, -64.4, 0.0139606, -6.52001
2027, 33.77500, 152.807, -64.4621, 0.0139939, -6.575
2027, 33.78333, 153.142, -64.5245, 0.0140273, -6.63028
2028, 33.79167, 153.478, -64.5872, 0.0140608, -6.68586
2028, 33.80000, 153.815, -64.6502, 0.0140945, -6.74173
2029, 33.80833, 154.152, -64.7134, 0.0141282, -6.7979
2029, 33.81667, 154.491, -64.777, 0.014162, -6.85438
2030, 33.82500, 154.83, -64.8408, 0.0141959, -6.91115
2030, 33.83333, 155.171, -64.905, 0.0142299, -6.96822
2031, 33.84167, 155.512, -64.9695, 0.014264, -7.0256
2031, 33.85000, 155.854, -65.0342, 0.0142981, -7.08328
2032, 33.85833, 156.197, -65.0993, 0.0143324, -7.14126
2032, 33.86667, 156.541, -65.1646, 0.0143668, -7.19956
2033, 33.87500, 156.886, -65.2303, 0.0144013, -7.25816
2033, 33.88333, 157.232, -65.2963, 0.0144359, -7.31707
2034, 33.89167, 157.579, -65.3626, 0.0144705, -7.37629
2034, 33.90000, 157.926, -65.4291, 0.0145053, -7.43582
2035, 33.90833, 158.275, -65.496, 0.0145401, -7.49566
2035, 33.91667, 158.624, -65.5633, 0.0145751, -7.55582
2036, 33.92500, 158.974, -65.6308, 0.0146101, -7.61629
2036, 33.93333, 159.326, -65.6986, 0.0146453, -7.67708
2037, 33.94167, 159.678, -65.7668, 0.0146805, -7.73819
2037, 33.95000, 160.031, -65.8352, 0.0147159, -7.79962
2038, 33.95833, 160.385, -65.904, 0.0147513, -7.86136
2038, 33.96667, 160.74, -65.9731, 0.0147868, -7.92343
2039, 33.97500, 161.095, -66.0425, 0.0148225, -7.98582
2039, 33.98333, 161.452, -66.1123, 0.0148582, -8.04853
2040, 33.99167, 161.81, -66.1823, 0.014894, -8.11157
2040, 34.00000, 162.168, -66.2527, 0.0149299, -8.17493
2041, 34.00833, 162.527, -66.3234, 0.014966, -8.23862
2041, 34.01667, 162.888, -66.3945, 0.0150021, -8.30265
2042, 34.02500, 163.249, -66.4658, 0.0150383, -8.367
2042, 34.03333, 163.611, -66.5375, 0.0150746, -8.43168
2043, 34.04167, 163.974, -66.6096, 0.015111, -8.4967
2043, 34.05000, 164.338, -66.6819, 0.0151475, -8.56205
2044, 34.05833, 164.703, -66.7546, 0.0151841, -8.62773
2044, 34.06667, 165.069, -66.8276, 0.0152208, -8.69376
2045, 34.07500, 165.435, -66.901, 0.0152576, -8.76011
2045, 34.08333, 165.803, -66.9747, 0.0152944, -8.82681
2046, 34.09167, 166.171, -67.0487, 0.0153314, -8.89385
2046, 34.10000, 166.541, -67.123, 0.0153685, -8.96123
2047, 34.10833, 166.911, -67.1978, 0.0154057, -9.02895
2047, 34.11667, 167.282, -67.2728, 0.0154429, -9.09702
2048, 34.12500, 167.654, -67.3482, 0.0154803, -9.16543
2048, 34.13333, 168.027, -67.4239, 0.0155178, -9.23418
2049, 34.14167, 168.401, -67.5, 0.0155553, -9.3033
2049, 34.15000, 168.776, -67.5764, 0.015593, -9.37275
2050, 34.15833, 169.151, -67.6532, 0.0156307, -9.44255
2050, 34.16667, 169.528, -67.7303, 0.0156686, -9.51272
2051, 34.17500, 169.905, -67.8078, 0.0157065, -9.58322
2051, 34.18333, 170.283, -67.8856, 0.0157446, -9.65409
2052, 34.19167, 170.663, -67.9638, 0.0157827, -9.72531
2052, 34.20000, 171.043, -68.0423, 0.0158209, -9.79689
2053, 34.20833, 171.423, -68.1212, 0.0158593, -9.86882
2053, 34.21667, 171.805, -68.2005, 0.0158977, -9.94112
2054, 34.22500, 172.188, -68.2801, 0.0159362, -10.0138
2054, 34.23333, 172.572, -68.36, 0.0159748, -10.0868
2055, 34.24167, 172.956, -68.4403, 0.0160135, -10.1602
2055, 34.25000, 173.341, -68.521, 0.0160523, -10.2339
2056, 34.25833, 173.727, -68.602, 0.0160912, -10.308
2056, 34.26667, 174.115, -68.6835, 0.0161302, -10.3825
2057, 34.27500, 174.502, -68.7652, 0.0161693, -10.4574
2057, 34.28333, 174.891, -68.8474, 0.0162085, -10.5326
2058, 34.29167, 175.281, -68.9299, 0.0162478, -10.6082
2058, 34.30000, 175.671, -69.0127, 0.0162871, -10.6841
2059, 34.30833, 176.063, -69.096, 0.0163266, -10.7604
2059, 34.31667, 176.455, -69.1796, 0.0163661, -10.8372
2060, 34.32500, 176.848, -69.2636, 0.0164058, -10.9142
2060, 34.33333, 177.242, -69.348, 0.0164455, -10.9917
2061, 34.34167, 177.637, -69.4327, 0.0164854, -11.0695
2061, 34.35000, 178.032, -69.5178, 0.0165253, -11.1478
2062, 34.35833, 178.428, -69.6033, 0.0165653, -11.2264
2062, 34.36667, 178.826, -69.6892, 0.0166054, -11.3053
2063, 34.37500, 179.224, -69.7755, 0.0166456, -11.3847
2063, 34.38333, 179.623, -69.8621, 0.0166859, -11.4644
2064, 34.39167, 180.022, -69.9491, 0.0167263, -11.5446
2064, 34.40000, 180.423, -70.0365, 0.0167667, -11.6251
2064, 34.40833, 180.824, -70.1243, 0.0168073, -11.706
2065, 34.41667, 181.226, -70.2125, 0.0168479, -11.7873
2066, 34.42500, 181.629, -70.301, 0.0168887, -11.869
2066, 34.43333, 182.033, -70.39, 0.0169295, -11.9511
2067, 34.44167, 182.437, -70.4793, 0.0169704, -12.0336
2067, 34.45000, 182.843, -70.5691, 0.0170114, -12.1164
2068, 34.45833, 183.249, -70.6592, 0.0170525, -12.1997
2068, 34.46667, 183.656, -70.7497, 0.0170937, -12.2834
2068, 34.47500, 184.063, -70.8406, 0.017135, -12.3674
2069, 34.48333, 184.472, -70.932, 0.0171763, -12.4519
2070, 34.49167, 184.881, -71.0237, 0.0172178, -12.5367
2070, 34.50000, 185.291, -71.1158, 0.0172593, -12.622
2071, 34.50833, 185.702, -71.2083, 0.0173009, -12.7076
2071, 34.51667, 186.113, -71.3012, 0.0173426, -12.7937
2072, 34.52500, 186.525, -71.3945, 0.0173844, -12.8802
2072, 34.53333, 186.938, -71.4882, 0.0174262, -12.9671
2072, 34.54167, 187.352, -71.5823, 0.0174682, -13.0544
2073, 34.55000, 187.766, -71.6768, 0.0175102, -13.142
2074, 34.55833, 188.181, -71.7718, 0.0175523, -13.2301
2074, 34.56667, 188.597, -71.8671, 0.0175945, -13.3187
2075, 34.57500, 189.014, -71.9629, 0.0176368, -13.4076
2075, 34.58333, 189.431, -72.059, 0.0176792, -13.4969
2076, 34.59167, 189.849, -72.1556, 0.0177216, -13.5867
2076, 34.60000, 190.267, -72.2526, 0.0177641, -13.6768
2076, 34.60833, 190.687, -72.3499, 0.0178067, -13.7674
2077, 34.61667, 191.107, -72.4478, 0.0178494, -13.8584
2078, 34.62500, 191.527, -72.546, 0.0178921, -13.9498
2078, 34.63333, 191.949, -72.6446, 0.017935, -14.0416
2079, 34.64167, 192.371, -72.7437, 0.0179779, -14.1339
2079, 34.65000, 192.793, -72.8431, 0.0180208, -14.2266
2080, 34.65833, 193.216, -72.943, 0.0180639, -14.3196
2080, 34.66667, 193.64, -73.0433, 0.018107, -14.4132
2080, 34.67500, 194.065, -73.144, 0.0181502, -14.5071
2081, 34.68333, 194.49, -73.2452, 0.0181935, -14.6015
2082, 34.69167, 194.916, -73.3468, 0.0182369, -14.6963
2082, 34.70000, 195.342, -73.4488, 0.0182803, -14.7915
2083, 34.70833, 195.769, -73.5512, 0.0183238, -14.8871
2083, 34.71667, 196.196, -73.654, 0.0183673, -14.9832
2084, 34.72500, 196.624, -73.7573, 0.018411, -15.0797
2084, 34.73333, 197.053, -73.861, 0.0184547, -15.1766
2084, 34.74167, 197.482, -73.9651, 0.0184984, -15.274
2085, 34.75000, 197.912, -74.0697, 0.0185423, -15.3718
2086, 34.75833, 198.342, -74.1747, 0.0185861, -15.47
2086, 34.76667, 198.773, -74.2801, 0.0186301, -15.5687
2087, 34.77500, 199.204, -74.386, 0.0186741, -15.6678
2087, 34.78333, 199.636, -74.4922, 0.0187182, -15.7673
2088, 34.79167, 200.068, -74.599, 0.0187624, -15.8673
2088, 34.80000, 200.501, -74.7061, 0.0188066, -15.9677
2088, 34.80833, 200.934, -74.8137, 0.0188509, -16.0685
2089, 34.81667, 201.367, -74.9217, 0.0188952, -16.1698
2090, 34.82500, 201.802, -75.0302, 0.0189396, -16.2715
2090, 34.83333, 202.236, -75.139, 0.018984, -16.3737
2091, 34.84167, 202.671, -75.2484, 0.0190285, -16.4763
2091, 34.85000, 203.107, -75.3581, 0.0190731, -16.5793
2092, 34.85833, 203.542, -75.4683, 0.0191177, -16.6828
2092, 34.86667, 203.979, -75.579, 0.0191624, -16.7867
2092, 34.87500, 204.415, -75.6901, 0.0192071, -16.891
2093, 34.88333, 204.852, -75.8016, 0.0192518, -16.9958
2094, 34.89167, 205.289, -75.9136, 0.0192967, -17.1011
2094, 34.90000, 205.727, -76.0259, 0.0193415, -17.2068
2095, 34.90833, 206.165, -76.1388, 0.0193864, -17.3129
2095, 34.91667, 206.603, -76.2521, 0.0194314, -17.4195
2096, 34.92500, 207.042, -76.3658, 0.0194764, -17.5265
2096, 34.93333, 207.481, -76.48, 0.0195215, -17.634
2096, 34.94167, 207.92, -76.5946, 0.0195665, -17.7419
2097, 34.95000, 208.36, -76.7097, 0.0196117, -17.8503
2098, 34.95833, 208.799, -76.8252, 0.0196569, -17.9591
2098, 34.96667, 209.239, -76.9411, 0.0197021, -18.0683
2099, 34.97500, 209.68, -77.0575, 0.0197473, -18.178
2099, 34.98333, 210.12, -77.1743, 0.0197926, -18.2882
2100, 34.99167, 210.561, -77.2916, 0.0198379, -18.3988
2100, 35.00000, 211.001, -77.4094, 0.0198833, -18.5098
2100, 35.00833, 211.442, -77.5275, 0.0199287, -18.6213
2101, 35.01667, 211.883, -77.6461, 0.0199741, -18.7333
2102, 35.02500, 212.325, -77.7652, 0.0200195, -18.8457
2102, 35.03333, 212.766, -77.8847, 0.020065, -18.9585
2103, 35.04167, 213.208, -78.0047, 0.0201105, -19.0718
2103, 35.05000, 213.649, -78.1251, 0.020156, -19.1855
2104, 35.05833, 214.091, -78.2459, 0.0202016, -19.2997
2104, 35.06667, 214.533, -78.3672, 0.0202472, -19.4144
2104, 35.07500, 214.974, -78.489, 0.0202927, -19.5295
2105, 35.08333, 215.416, -78.6112, 0.0203384, -19.645
2106, 35.09167, 215.858, -78.7338, 0.020384, -19.761
2106, 35.10000, 216.3, -78.8569, 0.0204296, -19.8774
2107, 35.10833, 216.742, -78.9804, 0.0204753, -19.9943
2107, 35.11667, 217.184, -79.1044, 0.020521, -20.1116
2108, 35.12500, 217.625, -79.2288, 0.0205667, -20.2294
2108, 35.13333, 218.067, -79.3537, 0.0206123, -20.3476
2108, 35.14167, 218.508, -79.479, 0.0206581, -20.4663
2109, 35.15000, 218.95, -79.6047, 0.0207038, -20.5854
2110, 35.15833, 219.391, -79.7309, 0.0207495, -20.705
2110, 35.16667, 219.832, -79.8576, 0.0207952, -20.825
2111, 35.17500, 220.273, -79.9846, 0.0208409, -20.9455
2111, 35.18333, 220.714, -80.1122, 0.0208866, -21.0664
2112, 35.19167, 221.155, -80.2401, 0.0209323, -21.1877
2112, 35.20000, 221.595, -80.3685, 0.0209781, -21.3095
2112, 35.20833, 222.036, -80.4974, 0.0210238, -21.4318
2113, 35.21667, 222.476, -80.6267, 0.0210695, -21.5544
2114, 35.22500, 222.915, -80.7564, 0.0211151, -21.6776
2114, 35.23333, 223.355, -80.8866, 0.0211608, -21.8011
2115, 35.24167, 223.794, -81.0172, 0.0212065, -21.9251
2115, 35.25000, 224.233, -81.1482, 0.0212521, -22.0496
2116, 35.25833, 224.671, -81.2797, 0.0212978, -22.1745
2116, 35.26667, 225.109, -81.4116, 0.0213434, -22.2998
2116, 35.27500, 225.547, -81.544, 0.021389, -22.4256
2117, 35.28333, 225.984, -81.6768, 0.0214345, -22.5518
2118, 35.29167, 226.421, -81.81, 0.0214801, -22.6784
2118, 35.30000, 226.857, -81.9436, 0.0215256, -22.8055
2119, 35.30833, 227.293, -82.0777, 0.0215711, -22.933
2119, 35.31667, 227.728, -82.2122, 0.0216165, -23.0609
2120, 35.32500, 228.163, -82.3472, 0.021662, -23.1893
2120, 35.33333, 228.598, -82.4826, 0.0217073, -23.3181
2120, 35.34167, 229.031, -82.6184, 0.0217527, -23.4473
2121, 35.35000, 229.465, -82.7546, 0.021798, -23.577
2122, 35.35833, 229.897, -82.8912, 0.0218433, -23.707
2122, 35.36667, 230.329, -83.0283, 0.0218885, -23.8376
2123, 35.37500, 230.761, -83.1658, 0.0219337, -23.9685
2123, 35.38333, 231.191, -83.3037, 0.0219788, -24.0998
2124, 35.39167, 231.621, -83.442, 0.0220239, -24.2316
2124, 35.40000, 232.051, -83.5808, 0.022069, -24.3638
2124, 35.40833, 232.479, -83.7199, 0.0221139, -24.4964
2125, 35.41667, 232.907, -83.8595, 0.0221589, -24.6295
2126, 35.42500, 233.334, -83.9995, 0.0222037, -24.7629
2126, 35.43333, 233.76, -84.1399, 0.0222485, -24.8967
2127, 35.44167, 234.185, -84.2807, 0.0222933, -25.031
2127, 35.45000, 234.61, -84.4219, 0.022338, -25.1657
2128, 35.45833, 235.034, -84.5635, 0.0223826, -25.3008
2128, 35.46667, 235.456, -84.7055, 0.0224271, -25.4363
2128, 35.47500, 235.878, -84.8479, 0.0224716, -25.5722
2129, 35.48333, 236.299, -84.9907, 0.022516, -25.7084
2130, 35.49167, 236.719, -85.134, 0.0225603, -25.8451
2130, 35.50000, 237.138, -85.2776, 0.0226045, -25.9822
2131, 35.50833, 237.556, -85.4215, 0.0226487, -26.1197
2131, 35.51667, 237.973, -85.5659, 0.0226928, -26.2576
2132, 35.52500, 238.389, -85.7107, 0.0227367, -26.3958
2132, 35.53333, 238.803, -85.8559, 0.0227806, -26.5345
2133, 35.54167, 239.217, -86.0014, 0.0228244, -26.6735
2133, 35.55000, 239.63, -86.1473, 0.0228682, -26.8129
2134, 35.55833, 240.041, -86.2936, 0.0229118, -26.9527
2134, 35.56667, 240.451, -86.4403, 0.0229553, -27.0929
2135, 35.57500, 240.86, -86.5873, 0.0229987, -27.2335
2135, 35.58333, 241.268, -86.7348, 0.0230421, -27.3744
2136, 35.59167, 241.674, -86.8826, 0.0230853, -27.5157
2136, 35.60000, 242.079, -87.0307, 0.0231284, -27.6573
2137, 35.60833, 242.483, -87.1792, 0.0231714, -27.7994
2137, 35.61667, 242.886, -87.3281, 0.0232143, -27.9418
2138, 35.62500, 243.287, -87.4773, 0.023257, -28.0845
2138, 35.63333, 243.687, -87.6269, 0.0232997, -28.2276
2139, 35.64167, 244.085, -87.7768, 0.0233422, -28.3711
2139, 35.65000, 244.482, -87.9271, 0.0233846, -28.5149
2140, 35.65833, 244.878, -88.0777, 0.0234269, -28.659
2140, 35.66667, 245.272, -88.2286, 0.0234691, -28.8035
2141, 35.67500, 245.664, -88.3799, 0.0235111, -28.9483
2141, 35.68333, 246.056, -88.5315, 0.023553, -29.0935
2142, 35.69167, 246.445, -88.6835, 0.0235948, -29.239
2142, 35.70000, 246.833, -88.8358, 0.0236364, -29.3848
2143, 35.70833, 247.219, -88.9884, 0.0236779, -29.531
2143, 35.71667, 247.604, -89.1413, 0.0237193, -29.6775
2144, 35.72500, 247.987, -89.2946, 0.0237605, -29.8242
2144, 35.73333, 248.368, -89.4481, 0.0238016, -29.9713
2145, 35.74167, 248.748, -89.602, 0.0238425, -30.1188
2145, 35.75000, 249.126, -89.7561, 0.0238832, -30.2665
2146, 35.75833, 249.502, -89.9106, 0.0239239, -30.4145
2146, 35.76667, 249.877, -90.0654, 0.0239643, -30.5629
2147, 35.77500, 250.249, -90.2205, 0.0240046, -30.7115
2147, 35.78333, 250.62, -90.3758, 0.0240447, -30.8604
2148, 35.79167, 250.989, -90.5314, 0.0240847, -31.0096
2148, 35.80000, 251.356, -90.6874, 0.0241245, -31.1591
2149, 35.80833, 251.722, -90.8435, 0.0241642, -31.3089
2149, 35.81667, 252.085, -91, 0.0242036, -31.459
2150, 35.82500, 252.446, -91.1568, 0.0242429, -31.6093
2150, 35.83333, 252.806, -91.3138, 0.0242821, -31.7599
2151, 35.84167, 253.163, -91.471, 0.024321, -31.9107
2151, 35.85000, 253.519, -91.6285, 0.0243598, -32.0618
2152, 35.85833, 253.872, -91.7863, 0.0243984, -32.2132
2152, 35.86667, 254.224, -91.9443, 0.0244368, -32.3648
2153, 35.87500, 254.573, -92.1026, 0.024475, -32.5167
2153, 35.88333, 254.92, -92.2611, 0.024513, -32.6688
2154, 35.89167, 255.265, -92.4198, 0.0245509, -32.8211
2154, 35.90000, 255.608, -92.5788, 0.0245885, -32.9737
2155, 35.90833, 255.949, -92.7379, 0.0246259, -33.1265
2155, 35.91667, 256.288, -92.8974, 0.0246632, -33.2795
2156, 35.92500, 256.624, -93.057, 0.0247003, -33.4327
2156, 35.93333, 256.958, -93.2168, 0.0247371, -33.5861
2157, 35.94167, 257.29, -93.3768, 0.0247738, -33.7398
2157, 35.95000, 257.62, -93.537, 0.0248102, -33.8937
2158, 35.95833, 257.947, -93.6975, 0.0248464, -34.0477
2158, 35.96667, 258.273, -93.8581, 0.0248825, -34.2019
2159, 35.97500, 258.595, -94.0189, 0.0249183, -34.3564
2159, 35.98333, 258.916, -94.1798, 0.0249539, -34.511
2160, 35.99167, 259.234, -94.341, 0.0249892, -34.6658
2160, 36.00000, 259.549, -94.5023, 0.0250244, -34.8207
2161, 36.00833, 259.863, -94.6638, 0.0250593, -34.9758
2161, 36.01667, 260.174, -94.8254, 0.0250941, -35.1311
2162, 36.02500, 260.482, -94.9872, 0.0251286, -35.2866
2162, 36.03333, 260.788, -95.1492, 0.0251628, -35.4421
2163, 36.04167, 261.091, -95.3112, 0.0251969, -35.5979
2163, 36.05000, 261.392, -95.4734, 0.0252307, -35.7537
2164, 36.05833, 261.691, -95.6358, 0.0252643, -35.9097
2164, 36.06667, 261.987, -95.7983, 0.0252976, -36.0659
2165, 36.07500, 262.28, -95.9609, 0.0253308, -36.2221
2165, 36.08333, 262.571, -96.1235, 0.0253636, -36.3785
2166, 36.09167, 262.859, -96.2864, 0.0253963, -36.535
2166, 36.10000, 263.145, -96.4493, 0.0254287, -36.6915
2167, 36.10833, 263.428, -96.6123, 0.0254608, -36.8482
2167, 36.11667, 263.709, -96.7754, 0.0254928, -37.005
2168, 36.12500, 263.987, -96.9386, 0.0255244, -37.1618
2168, 36.13333, 264.262, -97.1018, 0.0255559, -37.3188
2169, 36.14167, 264.534, -97.2652, 0.0255871, -37.4758
2169, 36.15000, 264.804, -97.4286, 0.025618, -37.6329
2170, 36.15833, 265.071, -97.592, 0.0256487, -37.79
2170, 36.16667, 265.336, -97.7555, 0.0256791, -37.9473
2171, 36.17500, 265.597, -97.9191, 0.0257093, -38.1045
2171, 36.18333, 265.856, -98.0827, 0.0257392, -38.2618
2172, 36.19167, 266.113, -98.2464, 0.0257689, -38.4192
2172, 36.20000, 266.366, -98.41, 0.0257983, -38.5765
2173, 36.20833, 266.617, -98.5737, 0.0258274, -38.7339
2173, 36.21667, 266.865, -98.7374, 0.0258563, -38.8914
2174, 36.22500, 267.11, -98.9012, 0.025885, -39.0488
2174, 36.23333, 267.353, -99.0649, 0.0259134, -39.2062
2175, 36.24167, 267.592, -99.2287, 0.0259415, -39.3637
2175, 36.25000, 267.829, -99.3924, 0.0259693, -39.5211
2176, 36.25833, 268.063, -99.5561, 0.0259969, -39.6786
2176, 36.26667, 268.295, -99.7198, 0.0260242, -39.836
2177, 36.27500, 268.523, -99.8835, 0.0260513, -39.9934
2177, 36.28333, 268.749, -100.047, 0.0260781, -40.1507
2178, 36.29167, 268.971, -100.211, 0.0261046, -40.3081
2178, 36.30000, 269.191, -100.374, 0.0261309, -40.4654
2179, 36.30833, 269.408, -100.538, 0.0261569, -40.6226
2179, 36.31667, 269.623, -100.701, 0.0261826, -40.7798
2180, 36.32500, 269.834, -100.865, 0.0262081, -40.9369
2180, 36.33333, 270.043, -101.028, 0.0262332, -41.094
2181, 36.34167, 270.248, -101.191, 0.0262582, -41.251
2181, 36.35000, 270.451, -101.354, 0.0262828, -41.4079
2182, 36.35833, 270.651, -101.517, 0.0263072, -41.5647
2182, 36.36667, 270.848, -101.68, 0.0263313, -41.7214
2183, 36.37500, 271.042, -101.843, 0.0263551, -41.8781
2183, 36.38333, 271.234, -102.006, 0.0263787, -42.0346
2184, 36.39167, 271.422, -102.169, 0.026402, -42.191
2184, 36.40000, 271.608, -102.331, 0.026425, -42.3473
2185, 36.40833, 271.79, -102.494, 0.0264477, -42.5034
2185, 36.41667, 271.97, -102.656, 0.0264702, -42.6595
2186, 36.42500, 272.147, -102.818, 0.0264924, -42.8154
2186, 36.43333, 272.321, -102.98, 0.0265144, -42.9712
2187, 36.44167, 272.493, -103.142, 0.026536, -43.1268
2187, 36.45000, 272.661, -103.304, 0.0265574, -43.2822
2188, 36.45833, 272.827, -103.465, 0.0265785, -43.4375
2188, 36.46667, 272.99, -103.626, 0.0265994, -43.5926
2189, 36.47500, 273.15, -103.788, 0.02662, -43.7476
2189, 36.48333, 273.307, -103.949, 0.0266403, -43.9024
2189, 36.49167, 273.461, -104.109, 0.0266603, -44.0569
2190, 36.50000, 273.612, -104.27, 0.0266801, -44.2113
2191, 36.50833, 273.761, -104.43, 0.0266996, -44.3655
2191, 36.51667, 273.907, -104.591, 0.0267188, -44.5195
2192, 36.52500, 274.05, -104.751, 0.0267378, -44.6733
2192, 36.53333, 274.19, -104.91, 0.0267565, -44.8268
2193, 36.54167, 274.328, -105.07, 0.0267749, -44.9801
2193, 36.55000, 274.463, -105.229, 0.0267931, -45.1332
2193, 36.55833, 274.595, -105.388, 0.026811, -45.2861
2194, 36.56667, 274.724, -105.547, 0.0268286, -45.4387
2195, 36.57500, 274.85, -105.705, 0.026846, -45.5911
2195, 36.58333, 274.974, -105.864, 0.0268631, -45.7432
2196, 36.59167, 275.095, -106.022, 0.02688, -45.8951
2196, 36.60000, 275.214, -106.18, 0.0268966, -46.0466
2197, 36.60833, 275.329, -106.337, 0.026913, -46.1979
2197, 36.61667, 275.442, -106.494, 0.0269291, -46.349
2197, 36.62500, 275.553, -106.651, 0.0269449, -46.4997
2198, 36.63333, 275.661, -106.808, 0.0269605, -46.6502
2199, 36.64167, 275.766, -106.964, 0.0269758, -46.8004
2199, 36.65000, 275.868, -107.12, 0.0269909, -46.9502
2200, 36.65833, 275.968, -107.276, 0.0270057, -47.0998
2200, 36.66667, 276.066, -107.431, 0.0270203, -47.249
2201, 36.67500, 276.16, -107.586, 0.0270346, -47.3979
2201, 36.68333, 276.253, -107.741, 0.0270487, -47.5465
2201, 36.69167, 276.343, -107.896, 0.0270626, -47.6948
2202, 36.70000, 276.43, -108.05, 0.0270762, -47.8428
2203, 36.70833, 276.515, -108.203, 0.0270896, -47.9904
2203, 36.71667, 276.597, -108.357, 0.0271027, -48.1376
2204, 36.72500, 276.677, -108.51, 0.0271156, -48.2845
2204, 36.73333, 276.754, -108.663, 0.0271282, -48.4311
2205, 36.74167, 276.83, -108.815, 0.0271407, -48.5773
2205, 36.75000, 276.902, -108.967, 0.0271529, -48.7231
2205, 36.75833, 276.973, -109.118, 0.0271649, -48.8685
2206, 36.76667, 277.041, -109.27, 0.0271766, -49.0136
2207, 36.77500, 277.106, -109.42, 0.0271881, -49.1583
2207, 36.78333, 277.17, -109.571, 0.0271994, -49.3026
2208, 36.79167, 277.231, -109.721, 0.0272105, -49.4465
2208, 36.80000, 277.29, -109.871, 0.0272214, -49.59
2209, 36.80833, 277.347, -110.02, 0.027232, -49.7331
2209, 36.81667, 277.401, -110.169, 0.0272425, -49.8759
2209, 36.82500, 277.454, -110.317, 0.0272527, -50.0182
2210, 36.83333, 277.504, -110.465, 0.0272627, -50.16
2211, 36.84167, 277.552, -110.613, 0.0272725, -50.3015
2211, 36.85000, 277.598, -110.76, 0.0272821, -50.4426
2212, 36.85833, 277.642, -110.906, 0.0272916, -50.5832
2212, 36.86667, 277.684, -111.053, 0.0273008, -50.7234
2213, 36.87500, 277.724, -111.199, 0.0273098, -50.8631
2213, 36.88333, 277.762, -111.344, 0.0273186, -51.0024
2213, 36.89167, 277.799, -111.489, 0.0273273, -51.1413
2214, 36.90000, 277.833, -111.633, 0.0273357, -51.2797
2215, 36.90833, 277.865, -111.778, 0.027344, -51.4177
2215, 36.91667, 277.896, -111.921, 0.0273521, -51.5552
2216, 36.92500, 277.924, -112.064, 0.02736, -51.6922
2216, 36.93333, 277.951, -112.207, 0.0273677, -51.8288
2217, 36.94167, 277.976, -112.349, 0.0273753, -51.9649
2217, 36.95000, 277.999, -112.491, 0.0273827, -52.1006
2217, 36.95833, 278.021, -112.632, 0.0273899, -52.2357
2218, 36.96667, 278.041, -112.773, 0.027397, -52.3705
2219, 36.97500, 278.059, -112.913, 0.0274039, -52.5047
2219, 36.98333, 278.076, -113.053, 0.0274107, -52.6384
2220, 36.99167, 278.091, -113.192, 0.0274172, -52.7716
2220, 37.00000, 278.105, -113.331, 0.0274237, -52.9044
2221, 37.00833, 278.117, -113.469, 0.02743, -53.0366
2221, 37.01667, 278.128, -113.607, 0.0274361, -53.1684
2221, 37.02500, 278.137, -113.745, 0.0274421, -53.2997
2222, 37.03333, 278.145, -113.881, 0.027448, -53.4304
2223, 37.04167, 278.151, -114.018, 0.0274538, -53.5607
2223, 37.05000, 278.156, -114.154, 0.0274594, -53.6905
2224, 37.05833, 278.16, -114.289, 0.0274648, -53.8197
2224, 37.06667, 278.163, -114.424, 0.0274702, -53.9484
2225, 37.07500, 278.164, -114.558, 0.0274754, -54.0766
2225, 37.08333, 278.164, -114.692, 0.0274805, -54.2043
2225, 37.09167, 278.163, -114.825, 0.0274855, -54.3315
2226, 37.10000, 278.161, -114.957, 0.0274904, -54.4582
2227, 37.10833, 278.157, -115.09, 0.0274952, -54.5843
2227, 37.11667, 278.153, -115.221, 0.0274999, -54.7099
2228, 37.12500, 278.148, -115.352, 0.0275044, -54.835
2228, 37.13333, 278.141, -115.483, 0.0275089, -54.9596
2229, 37.14167, 278.134, -115.613, 0.0275133, -55.0836
2229, 37.15000, 278.126, -115.743, 0.0275176, -55.2071
2229, 37.15833, 278.117, -115.872, 0.0275218, -55.3301
2230, 37.16667, 278.107, -116, 0.0275259, -55.4525
2231, 37.17500, 278.096, -116.128, 0.02753, -55.5744
2231, 37.18333, 278.085, -116.255, 0.0275339, -55.6957
2232, 37.19167, 278.073, -116.382, 0.0275378, -55.8166
2232, 37.20000, 278.06, -116.508, 0.0275417, -55.9369
2233, 37.20833, 278.046, -116.634, 0.0275454, -56.0566
2233, 37.21667, 278.032, -116.759, 0.0275491, -56.1758
2233, 37.22500, 278.017, -116.884, 0.0275528, -56.2945
2234, 37.23333, 278.002, -117.008, 0.0275564, -56.4126
2235, 37.24167, 277.986, -117.132, 0.0275599, -56.5302
2235, 37.25000, 277.97, -117.255, 0.0275634, -56.6472
2236, 37.25833, 277.953, -117.377, 0.0275668, -56.7637
2236, 37.26667, 277.936, -117.499, 0.0275703, -56.8797
2237, 37.27500, 277.919, -117.621, 0.0275736, -56.9951
2237, 37.28333, 277.901, -117.741, 0.027577, -57.1099
2237, 37.29167, 277.883, -117.862, 0.0275803, -57.2243
2238, 37.30000, 277.865, -117.981, 0.0275836, -57.3381
2239, 37.30833, 277.847, -118.101, 0.0275869, -57.4513
2239, 37.31667, 277.828, -118.219, 0.0275902, -57.564
2240, 37.32500, 277.81, -118.338, 0.0275934, -57.6762
2240, 37.33333, 277.791, -118.455, 0.0275967, -57.7878
2241, 37.34167, 277.772, -118.572, 0.0275999, -57.8989
2241, 37.35000, 277.753, -118.689, 0.0276031, -58.0094
2241, 37.35833, 277.735, -118.805, 0.0276064, -58.1194
2242, 37.36667, 277.716, -118.92, 0.0276096, -58.2289
2243, 37.37500, 277.698, -119.035, 0.0276129, -58.3378
2243, 37.38333, 277.679, -119.149, 0.0276162, -58.4462
2244, 37.39167, 277.661, -119.263, 0.0276195, -58.5541
2244, 37.40000, 277.643, -119.376, 0.0276228, -58.6614
2245, 37.40833, 277.626, -119.489, 0.0276261, -58.7682
2245, 37.41667, 277.608, -119.601, 0.0276295, -58.8744
2245, 37.42500, 277.591, -119.713, 0.0276329, -58.9802
2246, 37.43333, 277.575, -119.824, 0.0276364, -59.0854
2247, 37.44167, 277.559, -119.935, 0.0276399, -59.1901
2247, 37.45000, 277.543, -120.045, 0.0276434, -59.2943
2248, 37.45833, 277.528, -120.154, 0.027647, -59.3979
2248, 37.46667, 277.513, -120.264, 0.0276506, -59.5011
2249, 37.47500, 277.499, -120.372, 0.0276543, -59.6037
2249, 37.48333, 277.486, -120.48, 0.0276581, -59.7058
2249, 37.49167, 277.473, -120.588, 0.0276619, -59.8074
2250, 37.50000, 277.461, -120.695, 0.0276658, -59.9085
2251, 37.50833, 277.449, -120.801, 0.0276698, -60.009
2251, 37.51667, 277.439, -120.907, 0.0276738, -60.1091
2252, 37.52500, 277.429, -121.013, 0.027678, -60.2087
2252, 37.53333, 277.42, -121.118, 0.0276822, -60.3078
2253, 37.54167, 277.412, -121.222, 0.0276865, -60.4064
2253, 37.55000, 277.405, -121.326, 0.0276909, -60.5045
2253, 37.55833, 277.399, -121.43, 0.0276954, -60.6021
2254, 37.56667, 277.394, -121.533, 0.0277, -60.6993
2255, 37.57500, 277.39, -121.635, 0.0277047, -60.7959
2255, 37.58333, 277.387, -121.737, 0.0277095, -60.8921
2256, 37.59167, 277.385, -121.839, 0.0277144, -60.9879
2256, 37.60000, 277.384, -121.94, 0.0277194, -61.0831
2257, 37.60833, 277.385, -122.041, 0.0277246, -61.1779
2257, 37.61667, 277.386, -122.141, 0.0277298, -61.2722
2258, 37.62500, 277.389, -122.241, 0.0277352, -61.3661
2258, 37.63333, 277.394, -122.34, 0.0277408, -61.4595
2259, 37.64167, 277.399, -122.439, 0.0277464, -61.5525
2259, 37.65000, 277.406, -122.537, 0.0277522, -61.645
2260, 37.65833, 277.415, -122.635, 0.0277582, -61.7371
2260, 37.66667, 277.424, -122.733, 0.0277643, -61.8288
2261, 37.67500, 277.436, -122.83, 0.0277705, -61.92
2261, 37.68333, 277.449, -122.927, 0.0277769, -62.0108
2262, 37.69167, 277.463, -123.023, 0.0277834, -62.1012
2262, 37.70000, 277.479, -123.119, 0.0277901, -62.1912
2263, 37.70833, 277.497, -123.214, 0.027797, -62.2808
2263, 37.71667, 277.516, -123.309, 0.027804, -62.37
2264, 37.72500, 277.537, -123.404, 0.0278112, -62.4588
2264, 37.73333, 277.56, -123.498, 0.0278186, -62.5472
2265, 37.74167, 277.584, -123.592, 0.0278262, -62.6352
2265, 37.75000, 277.61, -123.686, 0.0278339, -62.7228
2266, 37.75833, 277.638, -123.779, 0.0278419, -62.8101
2266, 37.76667, 277.668, -123.871, 0.02785, -62.8969
2267, 37.77500, 277.7, -123.964, 0.0278583, -62.9835
2267, 37.78333, 277.734, -124.056, 0.0278668, -63.0696
2268, 37.79167, 277.77, -124.147, 0.0278755, -63.1555
2268, 37.80000, 277.808, -124.239, 0.0278844, -63.241
2269, 37.80833, 277.847, -124.33, 0.0278935, -63.3261
2269, 37.81667, 277.889, -124.42, 0.0279028, -63.4109
2270, 37.82500, 277.933, -124.511, 0.0279124, -63.4954
2270, 37.83333, 277.979, -124.601, 0.0279221, -63.5796
2271, 37.84167, 278.028, -124.691, 0.0279321, -63.6635
2271, 37.85000, 278.078, -124.78, 0.0279423, -63.7471
2272, 37.85833, 278.131, -124.869, 0.0279527, -63.8304
2272, 37.86667, 278.186, -124.958, 0.0279634, -63.9134
2273, 37.87500, 278.243, -125.046, 0.0279742, -63.9961
2273, 37.88333, 278.303, -125.135, 0.0279854, -64.0785
2274, 37.89167, 278.365, -125.223, 0.0279967, -64.1607
2274, 37.90000, 278.429, -125.31, 0.0280083, -64.2427
2275, 37.90833, 278.496, -125.398, 0.0280202, -64.3243
2275, 37.91667, 278.565, -125.485, 0.0280323, -64.4058
2276, 37.92500, 278.637, -125.572, 0.0280446, -64.487
2276, 37.93333, 278.711, -125.659, 0.0280572, -64.568
2277, 37.94167, 278.788, -125.746, 0.0280701, -64.6488
2277, 37.95000, 278.867, -125.832, 0.0280832, -64.7293
2278, 37.95833, 278.949, -125.918, 0.0280966, -64.8097
2278, 37.96667, 279.033, -126.004, 0.0281102, -64.8899
2279, 37.97500, 279.12, -126.09, 0.0281241, -64.9699
2279, 37.98333, 279.21, -126.175, 0.0281383, -65.0497
2280, 37.99167, 279.303, -126.261, 0.0281528, -65.1293
2280, 38.00000, 279.398, -126.346, 0.0281675, -65.2088
2281, 38.00833, 279.496, -126.431, 0.0281826, -65.2882
2281, 38.01667, 279.597, -126.516, 0.0281979, -65.3674
2282, 38.02500, 279.7, -126.601, 0.0282135, -65.4465
2282, 38.03333, 279.807, -126.686, 0.0282294, -65.5255
2283, 38.04167, 279.916, -126.771, 0.0282456, -65.6043
2283, 38.05000, 280.028, -126.855, 0.028262, -65.6831
2284, 38.05833, 280.143, -126.94, 0.0282788, -65.7618
2284, 38.06667, 280.261, -127.024, 0.0282959, -65.8404
2285, 38.07500, 280.382, -127.108, 0.0283133, -65.9189
2285, 38.08333, 280.506, -127.192, 0.0283309, -65.9974
2286, 38.09167, 280.633, -127.277, 0.0283489, -66.0758
2286, 38.10000, 280.763, -127.361, 0.0283672, -66.1542
2287, 38.10833, 280.896, -127.445, 0.0283858, -66.2325
2287, 38.11667, 281.032, -127.529, 0.0284048, -66.3109
2288, 38.12500, 281.171, -127.613, 0.028424, -66.3892
2288, 38.13333, 281.313, -127.697, 0.0284436, -66.4675
2289, 38.14167, 281.458, -127.781, 0.0284635, -66.5458
2289, 38.15000, 281.607, -127.865, 0.0284837, -66.6242
2290, 38.15833, 281.758, -127.949, 0.0285042, -66.7026
2290, 38.16667, 281.913, -128.034, 0.0285251, -66.781
2291, 38.17500, 282.071, -128.118, 0.0285462, -66.8595
2291, 38.18333, 282.232, -128.202, 0.0285678, -66.938
2292, 38.19167, 282.397, -128.286, 0.0285896, -67.0167
2292, 38.20000, 282.564, -128.371, 0.0286118, -67.0954
2293, 38.20833, 282.735, -128.455, 0.0286343, -67.1742
2293, 38.21667, 282.909, -128.54, 0.0286572, -67.2531
2294, 38.22500, 283.087, -128.625, 0.0286804, -67.3322
2294, 38.23333, 283.268, -128.71, 0.028704, -67.4114
2295, 38.24167, 283.452, -128.795, 0.0287278, -67.4907
2295, 38.25000, 283.639, -128.88, 0.0287521, -67.5702
2296, 38.25833, 283.83, -128.965, 0.0287767, -67.6498
2296, 38.26667, 284.024, -129.051, 0.0288016, -67.7297
2297, 38.27500, 284.222, -129.137, 0.0288269, -67.8097
2297, 38.28333, 284.423, -129.223, 0.0288525, -67.89
2298, 38.29167, 284.627, -129.309, 0.0288785, -67.9704
2298, 38.30000, 284.835, -129.395, 0.0289048, -68.0511
2299, 38.30833, 285.046, -129.482, 0.0289315, -68.132
2299, 38.31667, 285.261, -129.569, 0.0289585, -68.2132
2300, 38.32500, 285.479, -129.656, 0.0289859, -68.2946
2300, 38.33333, 285.7, -129.743, 0.0290137, -68.3763
2301, 38.34167, 285.925, -129.831, 0.0290418, -68.4583
2301, 38.35000, 286.153, -129.919, 0.0290702, -68.5406
2302, 38.35833, 286.385, -130.007, 0.0290991, -68.6233
2302, 38.36667, 286.62, -130.096, 0.0291283, -68.7062
2303, 38.37500, 286.858, -130.185, 0.0291578, -68.7895
2303, 38.38333, 287.1, -130.274, 0.0291877, -68.8731
2304, 38.39167, 287.346, -130.364, 0.029218, -68.9572
2304, 38.40000, 287.595, -130.454, 0.0292486, -69.0415
2305, 38.40833, 287.847, -130.544, 0.0292796, -69.1263
2305, 38.41667, 288.103, -130.635, 0.0293109, -69.2115
2306, 38.42500, 288.362, -130.727, 0.0293426, -69.2971
2306, 38.43333, 288.625, -130.818, 0.0293747, -69.3831
2307, 38.44167, 288.891, -130.91, 0.0294071, -69.4696
2307, 38.45000, 289.161, -131.003, 0.0294399, -69.5565
2308, 38.45833, 289.434, -131.096, 0.029473, -69.6439
2308, 38.46667, 289.71, -131.19, 0.0295065, -69.7318
2309, 38.47500, 289.99, -131.284, 0.0295404, -69.8201
2309, 38.48333, 290.273, -131.378, 0.0295746, -69.909
2310, 38.49167, 290.56, -131.473, 0.0296091, -69.9984
2310, 38.50000, 290.85, -131.569, 0.0296441, -70.0883
2311, 38.50833, 291.143, -131.665, 0.0296793, -70.1788
2311, 38.51667, 291.44, -131.761, 0.029715, -70.2698
2312, 38.52500, 291.74, -131.859, 0.029751, -70.3614
2312, 38.53333, 292.043, -131.957, 0.0297873, -70.4536
2313, 38.54167, 292.35, -132.055, 0.029824, -70.5464
2313, 38.55000, 292.66, -132.154, 0.029861, -70.6398
2314, 38.55833, 292.973, -132.254, 0.0298984, -70.7338
2314, 38.56667, 293.29, -132.354, 0.0299361, -70.8285
2314, 38.57500, 293.609, -132.455, 0.0299742, -70.9238
2315, 38.58333, 293.932, -132.557, 0.0300126, -71.0197
2316, 38.59167, 294.259, -132.659, 0.0300513, -71.1164
2316, 38.60000, 294.588, -132.762, 0.0300904, -71.2137
2317, 38.60833, 294.92, -132.865, 0.0301298, -71.3118
2317, 38.61667, 295.256, -132.97, 0.0301695, -71.4105
2318, 38.62500, 295.595, -133.075, 0.0302096, -71.51
2318, 38.63333, 295.936, -133.181, 0.03025, -71.6103
2318, 38.64167, 296.281, -133.287, 0.0302907, -71.7113
2319, 38.65000, 296.629, -133.395, 0.0303317, -71.813
2320, 38.65833, 296.979, -133.503, 0.0303731, -71.9155
2320, 38.66667, 297.333, -133.612, 0.0304148, -72.0189
2321, 38.67500, 297.689, -133.722, 0.0304567, -72.123
2321, 38.68333, 298.049, -133.832, 0.030499, -72.228
2322, 38.69167, 298.411, -133.944, 0.0305416, -72.3337
2322, 38.70000, 298.776, -134.056, 0.0305844, -72.4404
2322, 38.70833, 299.143, -134.169, 0.0306276, -72.5478
2323, 38.71667, 299.514, -134.283, 0.0306711, -72.6562
2324, 38.72500, 299.887, -134.398, 0.0307148, -72.7654
2324, 38.73333, 300.262, -134.513, 0.0307588, -72.8755
2325, 38.74167, 300.64, -134.63, 0.0308031, -72.9866
2325, 38.75000, 301.021, -134.747, 0.0308477, -73.0985
2326, 38.75833, 301.404, -134.866, 0.0308925, -73.2114
2326, 38.76667, 301.789, -134.985, 0.0309376, -73.3252
2326, 38.77500, 302.177, -135.106, 0.0309829, -73.44
2327, 38.78333, 302.567, -135.227, 0.0310285, -73.5557
2328, 38.79167, 302.96, -135.349, 0.0310744, -73.6724
2328, 38.80000, 303.354, -135.473, 0.0311204, -73.7901
2329, 38.80833, 303.751, -135.597, 0.0311667, -73.9087
2329, 38.81667, 304.149, -135.722, 0.0312133, -74.0284
2330, 38.82500, 304.55, -135.848, 0.03126, -74.1491
2330, 38.83333, 304.952, -135.976, 0.031307, -74.2708
2330, 38.84167, 305.357, -136.104, 0.0313541, -74.3936
2331, 38.85000, 305.763, -136.233, 0.0314015, -74.5174
2332, 38.85833, 306.171, -136.364, 0.0314491, -74.6423
2332, 38.86667, 306.58, -136.495, 0.0314968, -74.7682
2333, 38.87500, 306.991, -136.628, 0.0315447, -74.8953
2333, 38.88333, 307.404, -136.761, 0.0315928, -75.0234
2334, 38.89167, 307.818, -136.896, 0.0316411, -75.1526
2334, 38.90000, 308.233, -137.032, 0.0316895, -75.2829
2334, 38.90833, 308.65, -137.169, 0.031738, -75.4143
2335, 38.91667, 309.068, -137.307, 0.0317867, -75.5469
2336, 38.92500, 309.487, -137.446, 0.0318355, -75.6806
2336, 38.93333, 309.907, -137.587, 0.0318844, -75.8154
2337, 38.94167, 310.328, -137.728, 0.0319335, -75.9514
2337, 38.95000, 310.749, -137.871, 0.0319826, -76.0886
2338, 38.95833, 311.172, -138.015, 0.0320319, -76.2269
2338, 38.96667, 311.595, -138.16, 0.0320812, -76.3664
2338, 38.97500, 312.019, -138.306, 0.0321306, -76.507
2339, 38.98333, 312.443, -138.453, 0.0321801, -76.6489
2340, 38.99167, 312.867, -138.602, 0.0322296, -76.7919
2340, 39.00000, 313.292, -138.752, 0.0322791, -76.9361
2341, 39.00833, 313.717, -138.903, 0.0323287, -77.0816
2341, 39.01667, 314.142, -139.055, 0.0323784, -77.2283
2342, 39.02500, 314.567, -139.208, 0.032428, -77.3761
2342, 39.03333, 314.992, -139.363, 0.0324776, -77.5252
2342, 39.04167, 315.417, -139.519, 0.0325273, -77.6756
2343, 39.05000, 315.841, -139.676, 0.0325769, -77.8271
2344, 39.05833, 316.265, -139.834, 0.0326265, -77.9799
2344, 39.06667, 316.689, -139.994, 0.032676, -78.134
2345, 39.07500, 317.111, -140.155, 0.0327255, -78.2893
2345, 39.08333, 317.533, -140.317, 0.0327749, -78.4458
2346, 39.09167, 317.954, -140.48, 0.0328242, -78.6036
2346, 39.10000, 318.374, -140.644, 0.0328735, -78.7626
2346, 39.10833, 318.793, -140.81, 0.0329226, -78.923
2347, 39.11667, 319.21, -140.977, 0.0329717, -79.0845
2348, 39.12500, 319.627, -141.146, 0.0330206, -79.2473
2348, 39.13333, 320.041, -141.315, 0.0330693, -79.4114
2349, 39.14167, 320.454, -141.486, 0.033118, -79.5768
2349, 39.15000, 320.866, -141.658, 0.0331664, -79.7434
2350, 39.15833, 321.275, -141.831, 0.0332147, -79.9112
2350, 39.16667, 321.682, -142.006, 0.0332628, -80.0804
2350, 39.17500, 322.088, -142.182, 0.0333107, -80.2508
2351, 39.18333, 322.491, -142.359, 0.0333583, -80.4224
2352, 39.19167, 322.892, -142.538, 0.0334058, -80.5954
2352, 39.20000, 323.29, -142.717, 0.0334529, -80.7696
2353, 39.20833, 323.685, -142.898, 0.0334999, -80.945
2353, 39.21667, 324.078, -143.08, 0.0335465, -81.1217
2354, 39.22500, 324.468, -143.264, 0.0335929, -81.2997
2354, 39.23333, 324.855, -143.448, 0.033639, -81.4789
2354, 39.24167, 325.238, -143.634, 0.0336847, -81.6593
2355, 39.25000, 325.619, -143.821, 0.0337302, -81.841
2356, 39.25833, 325.996, -144.01, 0.0337752, -82.0239
2356, 39.26667, 326.369, -144.199, 0.03382, -82.2081
2357, 39.27500, 326.739, -144.39, 0.0338643, -82.3935
2357, 39.28333, 327.104, -144.582, 0.0339083, -82.5801
2358, 39.29167, 327.466, -144.776, 0.0339519, -82.7679
2358, 39.30000, 327.824, -144.97, 0.033995, -82.957
2358, 39.30833, 328.177, -145.166, 0.0340378, -83.1472
2359, 39.31667, 328.526, -145.363, 0.03408, -83.3386
2360, 39.32500, 328.87, -145.561, 0.0341219, -83.5312
2360, 39.33333, 329.21, -145.76, 0.0341632, -83.725
2361, 39.34167, 329.545, -145.96, 0.0342041, -83.92
2361, 39.35000, 329.875, -146.162, 0.0342445, -84.1161
2362, 39.35833, 330.2, -146.365, 0.0342843, -84.3134
2362, 39.36667, 330.52, -146.569, 0.0343237, -84.5118
2362, 39.37500, 330.834, -146.773, 0.0343624, -84.7114
2363, 39.38333, 331.143, -146.98, 0.0344007, -84.912
2364, 39.39167, 331.447, -147.187, 0.0344383, -85.1138
2364, 39.40000, 331.744, -147.395, 0.0344754, -85.3167
2365, 39.40833, 332.036, -147.604, 0.0345119, -85.5206
2365, 39.41667, 332.321, -147.815, 0.0345477, -85.7257
2366, 39.42500, 332.601, -148.026, 0.0345829, -85.9318
2366, 39.43333, 332.874, -148.239, 0.0346175, -86.1389
2366, 39.44167, 333.141, -148.453, 0.0346515, -86.3471
2367, 39.45000, 333.401, -148.667, 0.0346847, -86.5563
2368, 39.45833, 333.655, -148.883, 0.0347173, -86.7665
2368, 39.46667, 333.902, -149.099, 0.0347492, -86.9777
2369, 39.47500, 334.142, -149.317, 0.0347804, -87.1898
2369, 39.48333, 334.375, -149.535, 0.0348108, -87.4029
2370, 39.49167, 334.601, -149.755, 0.0348405, -87.617
2370, 39.50000, 334.819, -149.975, 0.0348695, -87.832
2370, 39.50833, 335.03, -150.197, 0.0348977, -88.0479
2371, 39.51667, 335.234, -150.419, 0.0349252, -88.2647
2372, 39.52500, 335.43, -150.642, 0.0349518, -88.4823
2372, 39.53333, 335.619, -150.866, 0.0349777, -88.7008
2373, 39.54167, 335.8, -151.091, 0.0350028, -88.9202
2373, 39.55000, 335.972, -151.316, 0.035027, -89.1403
2374, 39.55833, 336.137, -151.542, 0.0350505, -89.3613
2374, 39.56667, 336.294, -151.77, 0.035073, -89.5831
2374, 39.57500, 336.442, -151.997, 0.0350948, -89.8056
2375, 39.58333, 336.583, -152.226, 0.0351156, -90.0288
2376, 39.59167, 336.714, -152.455, 0.0351356, -90.2528
2376, 39.60000, 336.838, -152.686, 0.0351548, -90.4775
2377, 39.60833, 336.953, -152.916, 0.035173, -90.7029
2377, 39.61667, 337.059, -153.148, 0.0351903, -90.9289
2378, 39.62500, 337.156, -153.38, 0.0352068, -91.1555
2378, 39.63333, 337.245, -153.612, 0.0352223, -91.3828
2378, 39.64167, 337.325, -153.846, 0.0352369, -91.6107
2379, 39.65000, 337.395, -154.079, 0.0352506, -91.8391
2380, 39.65833, 337.457, -154.314, 0.0352633, -92.0681
2380, 39.66667, 337.51, -154.549, 0.0352751, -92.2977
2381, 39.67500, 337.554, -154.784, 0.0352859, -92.5277
2381, 39.68333, 337.588, -155.02, 0.0352958, -92.7582
2382, 39.69167, 337.614, -155.256, 0.0353047, -92.9892
2382, 39.70000, 337.63, -155.493, 0.0353126, -93.2206
2383, 39.70833, 337.636, -155.73, 0.0353196, -93.4524
2383, 39.71667, 337.634, -155.968, 0.0353256, -93.6846
2384, 39.72500, 337.621, -156.206, 0.0353306, -93.9172
2384, 39.73333, 337.6, -156.444, 0.0353346, -94.1501
2385, 39.74167, 337.569, -156.683, 0.0353376, -94.3834
2385, 39.75000, 337.528, -156.921, 0.0353397, -94.6169
2386, 39.75833, 337.478, -157.161, 0.0353407, -94.8507
2386, 39.76667, 337.419, -157.4, 0.0353407, -95.0848
2387, 39.77500, 337.349, -157.64, 0.0353398, -95.3191
2387, 39.78333, 337.271, -157.879, 0.0353378, -95.5536
2388, 39.79167, 337.182, -158.119, 0.0353348, -95.7883
2388, 39.80000, 337.084, -158.36, 0.0353308, -96.0231
2389, 39.80833, 336.977, -158.6, 0.0353258, -96.2581
2389, 39.81667, 336.86, -158.84, 0.0353197, -96.4931
2390, 39.82500, 336.733, -159.081, 0.0353127, -96.7283
2390, 39.83333, 336.597, -159.321, 0.0353047, -96.9635
2391, 39.84167, 336.451, -159.562, 0.0352956, -97.1987
2391, 39.85000, 336.295, -159.802, 0.0352856, -97.4339
2392, 39.85833, 336.13, -160.043, 0.0352745, -97.6692
2392, 39.86667, 335.956, -160.283, 0.0352625, -97.9044
2393, 39.87500, 335.772, -160.524, 0.0352494, -98.1395
2393, 39.88333, 335.579, -160.764, 0.0352353, -98.3745
2394, 39.89167, 335.376, -161.004, 0.0352203, -98.6095
2394, 39.90000, 335.164, -161.245, 0.0352042, -98.8443
2395, 39.90833, 334.942, -161.484, 0.0351872, -99.0789
2395, 39.91667, 334.711, -161.724, 0.0351691, -99.3134
2396, 39.92500, 334.471, -161.964, 0.0351501, -99.5476
2396, 39.93333, 334.222, -162.203, 0.0351302, -99.7817
2397, 39.94167, 333.963, -162.442, 0.0351092, -100.015
2397, 39.95000, 333.696, -162.681, 0.0350873, -100.249
2398, 39.95833, 333.419, -162.92, 0.0350644, -100.482
2398, 39.96667, 333.134, -163.158, 0.0350406, -100.715
2399, 39.97500, 332.839, -163.396, 0.0350158, -100.948
2399, 39.98333, 332.536, -163.633, 0.0349901, -101.18
2400, 39.99167, 332.224, -163.87, 0.0349634, -101.412
2400, 40.00000, 331.903, -164.107, 0.0349358, -101.643
2401, 40.00833, 331.574, -164.343, 0.0349073, -101.874
2401, 40.01667, 331.236, -164.579, 0.0348779, -102.105
2402, 40.02500, 330.89, -164.815, 0.0348476, -102.335
2402, 40.03333, 330.535, -165.05, 0.0348164, -102.565
2403, 40.04167, 330.172, -165.284, 0.0347843, -102.794
2403, 40.05000, 329.801, -165.518, 0.0347513, -103.023
2404, 40.05833, 329.422, -165.751, 0.0347175, -103.251
2404, 40.06667, 329.034, -165.984, 0.0346828, -103.478
2405, 40.07500, 328.639, -166.216, 0.0346472, -103.705
2405, 40.08333, 328.236, -166.448, 0.0346109, -103.932
2406, 40.09167, 327.825, -166.679, 0.0345736, -104.157
2406, 40.10000, 327.407, -166.91, 0.0345356, -104.383
2407, 40.10833, 326.981, -167.139, 0.0344968, -104.607
2407, 40.11667, 326.547, -167.368, 0.0344571, -104.831
2408, 40.12500, 326.107, -167.597, 0.0344167, -105.054
2408, 40.13333, 325.659, -167.824, 0.0343755, -105.276
2409, 40.14167, 325.204, -168.052, 0.0343335, -105.498
2409, 40.15000, 324.742, -168.278, 0.0342908, -105.719
2410, 40.15833, 324.273, -168.503, 0.0342473, -105.94
2410, 40.16667, 323.798, -168.728, 0.0342031, -106.159
2411, 40.17500, 323.315, -168.952, 0.0341582, -106.378
2411, 40.18333, 322.827, -169.175, 0.0341126, -106.596
2412, 40.19167, 322.331, -169.398, 0.0340662, -106.813
2412, 40.20000, 321.83, -169.619, 0.0340192, -107.029
2413, 40.20833, 321.322, -169.84, 0.0339715, -107.245
2413, 40.21667, 320.808, -170.06, 0.0339232, -107.46
2414, 40.22500, 320.288, -170.279, 0.0338742, -107.673
2414, 40.23333, 319.763, -170.497, 0.0338245, -107.886
2415, 40.24167, 319.231, -170.715, 0.0337742, -108.099
2415, 40.25000, 318.694, -170.931, 0.0337234, -108.31
2416, 40.25833, 318.152, -171.147, 0.0336719, -108.52
2416, 40.26667, 317.604, -171.361, 0.0336198, -108.729
2417, 40.27500, 317.051, -171.575, 0.0335672, -108.938
2417, 40.28333, 316.493, -171.788, 0.033514, -109.145
2418, 40.29167, 315.929, -171.999, 0.0334602, -109.352
2418, 40.30000, 315.361, -172.21, 0.0334059, -109.558
2419, 40.30833, 314.788, -172.42, 0.0333511, -109.762
2419, 40.31667, 314.21, -172.629, 0.0332957, -109.966
2420, 40.32500, 313.628, -172.837, 0.0332398, -110.169
2420, 40.33333, 313.042, -173.044, 0.0331835, -110.371
2421, 40.34167, 312.451, -173.25, 0.0331267, -110.572
2421, 40.35000, 311.856, -173.455, 0.0330694, -110.771
2422, 40.35833, 311.256, -173.659, 0.0330117, -110.97
2422, 40.36667, 310.653, -173.862, 0.0329535, -111.168
2423, 40.37500, 310.046, -174.064, 0.0328948, -111.365
2423, 40.38333, 309.435, -174.265, 0.0328358, -111.561
2424, 40.39167, 308.821, -174.465, 0.0327764, -111.755
2424, 40.40000, 308.203, -174.664, 0.0327165, -111.949
2425, 40.40833, 307.582, -174.862, 0.0326563, -112.142
2425, 40.41667, 306.957, -175.059, 0.0325957, -112.333
2426, 40.42500, 306.329, -175.254, 0.0325348, -112.524
2426, 40.43333, 305.699, -175.449, 0.0324735, -112.713
2427, 40.44167, 305.065, -175.643, 0.0324118, -112.902
2427, 40.45000, 304.428, -175.835, 0.0323499, -113.089
2428, 40.45833, 303.789, -176.027, 0.0322876, -113.275
2428, 40.46667, 303.147, -176.217, 0.032225, -113.461
2429, 40.47500, 302.502, -176.406, 0.0321621, -113.645
2429, 40.48333, 301.855, -176.595, 0.032099, -113.828
2430, 40.49167, 301.206, -176.782, 0.0320355, -114.01
2430, 40.50000, 300.555, -176.968, 0.0319718, -114.191
2431, 40.50833, 299.901, -177.153, 0.0319079, -114.371
2431, 40.51667, 299.245, -177.337, 0.0318437, -114.549
2432, 40.52500, 298.588, -177.52, 0.0317793, -114.727
2432, 40.53333, 297.928, -177.702, 0.0317147, -114.904
2433, 40.54167, 297.267, -177.882, 0.0316498, -115.079
2433, 40.55000, 296.604, -178.062, 0.0315848, -115.254
2434, 40.55833, 295.94, -178.24, 0.0315196, -115.427
2434, 40.56667, 295.274, -178.418, 0.0314541, -115.599
2435, 40.57500, 294.607, -178.594, 0.0313886, -115.771
2435, 40.58333, 293.939, -178.769, 0.0313228, -115.941
2436, 40.59167, 293.269, -178.944, 0.0312569, -116.11
2436, 40.60000, 292.598, -179.117, 0.0311909, -116.278
2437, 40.60833, 291.926, -179.289, 0.0311247, -116.445
2437, 40.61667, 291.254, -179.46, 0.0310584, -116.61
2438, 40.62500, 290.58, -179.629, 0.030992, -116.775
2438, 40.63333, 289.906, -179.798, 0.0309255, -116.939
2439, 40.64167, 289.231, -179.966, 0.0308589, -117.101
2439, 40.65000, 288.555, 179.868, 0.0307922, -117.263
2439, 40.65833, 287.879, 179.702, 0.0307254, -117.423
2440, 40.66667, 287.202, 179.538, 0.0306586, -117.582
2441, 40.67500, 286.525, 179.374, 0.0305916, -117.741
2441, 40.68333, 285.848, 179.212, 0.0305247, -117.898
2442, 40.69167, 285.17, 179.051, 0.0304576, -118.054
2442, 40.70000, 284.493, 178.891, 0.0303905, -118.209
2443, 40.70833, 283.815, 178.731, 0.0303234, -118.363
2443, 40.71667, 283.137, 178.573, 0.0302563, -118.516
2443, 40.72500, 282.459, 178.416, 0.0301891, -118.668
2444, 40.73333, 281.781, 178.26, 0.0301219, -118.819
2445, 40.74167, 281.104, 178.106, 0.0300547, -118.968
2445, 40.75000, 280.426, 177.952, 0.0299875, -119.117
2446, 40.75833, 279.749, 177.799, 0.0299204, -119.265
2446, 40.76667, 279.072, 177.647, 0.0298532, -119.411
2447, 40.77500, 278.396, 177.496, 0.029786, -119.557
2447, 40.78333, 277.72, 177.347, 0.0297189, -119.702
2447, 40.79167, 277.045, 177.198, 0.0296518, -119.845
2448, 40.80000, 276.37, 177.05, 0.0295847, -119.988
2449, 40.80833, 275.696, 176.904, 0.0295177, -120.129
2449, 40.81667, 275.022, 176.758, 0.0294507, -120.27
2450, 40.82500, 274.349, 176.613, 0.0293838, -120.409
2450, 40.83333, 273.677, 176.47, 0.0293169, -120.548
2451, 40.84167, 273.006, 176.327, 0.0292501, -120.685
2451, 40.85000, 272.336, 176.186, 0.0291834, -120.822
2451, 40.85833, 271.666, 176.045, 0.0291167, -120.958
2452, 40.86667, 270.998, 175.905, 0.0290501, -121.092
2453, 40.87500, 270.331, 175.767, 0.0289836, -121.226
2453, 40.88333, 269.664, 175.629, 0.0289172, -121.358
2454, 40.89167, 268.999, 175.492, 0.0288509, -121.49
2454, 40.90000, 268.335, 175.357, 0.0287846, -121.621
2455, 40.90833, 267.672, 175.222, 0.0287185, -121.75
2455, 40.91667, 267.01, 175.088, 0.0286525, -121.879
2455, 40.92500, 266.349, 174.955, 0.0285866, -122.007
2456, 40.93333, 265.69, 174.823, 0.0285208, -122.134
2457, 40.94167, 265.032, 174.692, 0.0284551, -122.26
2457, 40.95000, 264.376, 174.562, 0.0283896, -122.385
2458, 40.95833, 263.72, 174.433, 0.0283241, -122.509
2458, 40.96667, 263.067, 174.305, 0.0282588, -122.632
2459, 40.97500, 262.414, 174.178, 0.0281936, -122.754
2459, 40.98333, 261.763, 174.051, 0.0281286, -122.875
2459, 40.99167, 261.114, 173.926, 0.0280637, -122.996
2460, 41.00000, 260.466, 173.801, 0.027999, -123.115
2461, 41.00833, 259.82, 173.678, 0.0279343, -123.234
2461, 41.01667, 259.175, 173.555, 0.0278699, -123.352
2462, 41.02500, 258.532, 173.433, 0.0278056, -123.468
2462, 41.03333, 257.891, 173.312, 0.0277414, -123.584
2463, 41.04167, 257.251, 173.192, 0.0276774, -123.699
2463, 41.05000, 256.613, 173.073, 0.0276135, -123.814
2463, 41.05833, 255.977, 172.954, 0.0275499, -123.927
2464, 41.06667, 255.343, 172.837, 0.0274863, -124.039
2465, 41.07500, 254.71, 172.72, 0.027423, -124.151
2465, 41.08333, 254.079, 172.604, 0.0273598, -124.262
2466, 41.09167, 253.45, 172.489, 0.0272968, -124.372
2466, 41.10000, 252.823, 172.375, 0.0272339, -124.481
2467, 41.10833, 252.197, 172.262, 0.0271713, -124.589
2467, 41.11667, 251.573, 172.149, 0.0271088, -124.697
2467, 41.12500, 250.952, 172.037, 0.0270465, -124.803
2468, 41.13333, 250.332, 171.927, 0.0269844, -124.909
2469, 41.14167, 249.714, 171.816, 0.0269224, -125.014
2469, 41.15000, 249.098, 171.707, 0.0268606, -125.119
2470, 41.15833, 248.484, 171.599, 0.0267991, -125.222
2470, 41.16667, 247.872, 171.491, 0.0267377, -125.325
2471, 41.17500, 247.261, 171.384, 0.0266765, -125.427
2471, 41.18333, 246.653, 171.278, 0.0266155, -125.528
2471, 41.19167, 246.047, 171.173, 0.0265547, -125.628
2472, 41.20000, 245.443, 171.068, 0.026494, -125.728
2473, 41.20833, 244.841, 170.964, 0.0264336, -125.826
2473, 41.21667, 244.24, 170.861, 0.0263734, -125.924
2474, 41.22500, 243.642, 170.759, 0.0263133, -126.022
2474, 41.23333, 243.046, 170.657, 0.0262535, -126.118
2475, 41.24167, 242.452, 170.557, 0.0261939, -126.214
2475, 41.25000, 241.86, 170.456, 0.0261344, -126.309
2475, 41.25833, 241.27, 170.357, 0.0260752, -126.404
2476, 41.26667, 240.682, 170.258, 0.0260162, -126.497
2477, 41.27500, 240.096, 170.16, 0.0259573, -126.59
2477, 41.28333, 239.513, 170.063, 0.0258987, -126.682
2478, 41.29167, 238.931, 169.967, 0.0258403, -126.774
2478, 41.30000, 238.352, 169.871, 0.0257821, -126.865
2479, 41.30833, 237.774, 169.776, 0.025724, -126.955
2479, 41.31667, 237.199, 169.681, 0.0256662, -127.044
2479, 41.32500, 236.626, 169.588, 0.0256086, -127.133
2480, 41.33333, 236.055, 169.495, 0.0255513, -127.221
2481, 41.34167, 235.486, 169.402, 0.0254941, -127.309
2481, 41.35000, 234.919, 169.311, 0.0254371, -127.395
2482, 41.35833, 234.354, 169.219, 0.0253803, -127.481
2482, 41.36667, 233.791, 169.129, 0.0253238, -127.567
2483, 41.37500, 233.231, 169.039, 0.0252674, -127.652
2483, 41.38333, 232.673, 168.95, 0.0252113, -127.736
2483, 41.39167, 232.116, 168.862, 0.0251554, -127.819
2484, 41.40000, 231.562, 168.774, 0.0250996, -127.902
2485, 41.40833, 231.01, 168.687, 0.0250441, -127.984
2485, 41.41667, 230.461, 168.6, 0.0249888, -128.066
2486, 41.42500, 229.913, 168.514, 0.0249338, -128.147
2486, 41.43333, 229.367, 168.429, 0.0248789, -128.227
2487, 41.44167, 228.824, 168.344, 0.0248242, -128.307
2487, 41.45000, 228.283, 168.26, 0.0247698, -128.386
2487, 41.45833, 227.743, 168.177, 0.0247155, -128.465
2488, 41.46667, 227.206, 168.094, 0.0246615, -128.543
2489, 41.47500, 226.672, 168.011, 0.0246077, -128.62
2489, 41.48333, 226.139, 167.93, 0.0245541, -128.697
2490, 41.49167, 225.608, 167.849, 0.0245007, -128.773
2490, 41.50000, 225.08, 167.768, 0.0244475, -128.849
2491, 41.50833, 224.553, 167.688, 0.0243945, -128.924
2491, 41.51667, 224.029, 167.609, 0.0243417, -128.998
2491, 41.52500, 223.507, 167.53, 0.0242892, -129.072
2492, 41.53333, 222.986, 167.451, 0.0242368, -129.145
2493, 41.54167, 222.468, 167.374, 0.0241847, -129.218
2493, 41.55000, 221.953, 167.297, 0.0241328, -129.29
2494, 41.55833, 221.439, 167.22, 0.024081, -129.362
2494, 41.56667, 220.927, 167.144, 0.0240295, -129.433
2495, 41.57500, 220.417, 167.068, 0.0239782, -129.504
2495, 41.58333, 219.91, 166.993, 0.0239271, -129.574
2495, 41.59167, 219.404, 166.919, 0.0238762, -129.644
2496, 41.60000, 218.901, 166.845, 0.0238256, -129.713
2497, 41.60833, 218.4, 166.771, 0.0237751, -129.781
2497, 41.61667, 217.901, 166.698, 0.0237248, -129.849
2498, 41.62500, 217.403, 166.626, 0.0236748, -129.917
2498, 41.63333, 216.908, 166.554, 0.0236249, -129.984
2499, 41.64167, 216.415, 166.483, 0.0235752, -130.05
2499, 41.65000, 215.924, 166.412, 0.0235258, -130.116
2499, 41.65833, 215.435, 166.341, 0.0234766, -130.182
2500, 41.66667, 214.948, 166.271, 0.0234275, -130.247
2501, 41.67500, 214.463, 166.202, 0.0233787, -130.311
2501, 41.68333, 213.98, 166.133, 0.02333, -130.376
2502, 41.69167, 213.499, 166.064, 0.0232816, -130.439
2502, 41.70000, 213.021, 165.996, 0.0232334, -130.502
2503, 41.70833, 212.544, 165.929, 0.0231853, -130.565
2503, 41.71667, 212.069, 165.862, 0.0231375, -130.627
2503, 41.72500, 211.596, 165.795, 0.0230899, -130.689
2504, 41.73333, 211.125, 165.729, 0.0230424, -130.75
2505, 41.74167, 210.656, 165.663, 0.0229952, -130.811
2505, 41.75000, 210.189, 165.598, 0.0229482, -130.871
2506, 41.75833, 209.724, 165.533, 0.0229013, -130.931
2506, 41.76667, 209.261, 165.468, 0.0228547, -130.991
2507, 41.77500, 208.8, 165.405, 0.0228082, -131.05
2507, 41.78333, 208.341, 165.341, 0.022762, -131.109
2508, 41.79167, 207.884, 165.278, 0.0227159, -131.167
2508, 41.80000, 207.428, 165.215, 0.0226701, -131.225
2509, 41.80833, 206.975, 165.153, 0.0226244, -131.282
2509, 41.81667, 206.523, 165.091, 0.0225789, -131.339
2510, 41.82500, 206.074, 165.03, 0.0225336, -131.395
2510, 41.83333, 205.626, 164.969, 0.0224885, -131.451
2511, 41.84167, 205.18, 164.908, 0.0224436, -131.507
2511, 41.85000, 204.737, 164.848, 0.0223989, -131.562
2512, 41.85833, 204.295, 164.788, 0.0223544, -131.617
2512, 41.86667, 203.854, 164.729, 0.02231, -131.672
2513, 41.87500, 203.416, 164.67, 0.0222659, -131.726
2513, 41.88333, 202.98, 164.611, 0.0222219, -131.78
2514, 41.89167, 202.545, 164.553, 0.0221781, -131.833
2514, 41.90000, 202.112, 164.495, 0.0221345, -131.886
2515, 41.90833, 201.682, 164.438, 0.0220911, -131.939
2515, 41.91667, 201.252, 164.381, 0.0220479, -131.991
2516, 41.92500, 200.825, 164.324, 0.0220048, -132.043
2516, 41.93333, 200.4, 164.268, 0.021962, -132.094
2517, 41.94167, 199.976, 164.212, 0.0219193, -132.145
2517, 41.95000, 199.554, 164.156, 0.0218768, -132.196
2518, 41.95833, 199.134, 164.101, 0.0218345, -132.246
2518, 41.96667, 198.716, 164.046, 0.0217923, -132.296
2519, 41.97500, 198.299, 163.992, 0.0217504, -132.346
2519, 41.98333, 197.885, 163.938, 0.0217086, -132.395
2520, 41.99167, 197.471, 163.884, 0.021667, -132.444
2520, 42.00000, 197.06, 163.831, 0.0216255, -132.493
2521, 42.00833, 196.651, 163.778, 0.0215843, -132.541
2521, 42.01667, 196.243, 163.725, 0.0215432, -132.589
2522, 42.02500, 195.837, 163.672, 0.0215023, -132.636
2522, 42.03333, 195.432, 163.62, 0.0214616, -132.684
2523, 42.04167, 195.03, 163.569, 0.021421, -132.73
2523, 42.05000, 194.629, 163.517, 0.0213806, -132.777
2524, 42.05833, 194.229, 163.466, 0.0213404, -132.823
2524, 42.06667, 193.832, 163.415, 0.0213003, -132.869
2525, 42.07500, 193.436, 163.365, 0.0212604, -132.915
2525, 42.08333, 193.041, 163.315, 0.0212207, -132.96
2526, 42.09167, 192.649, 163.265, 0.0211812, -133.005
2526, 42.10000, 192.258, 163.216, 0.0211418, -133.05
2527, 42.10833, 191.869, 163.166, 0.0211026, -133.094
2527, 42.11667, 191.481, 163.118, 0.0210635, -133.138
2528, 42.12500, 191.095, 163.069, 0.0210246, -133.182
2528, 42.13333, 190.71, 163.021, 0.0209859, -133.225
2529, 42.14167, 190.327, 162.973, 0.0209473, -133.268
2529, 42.15000, 189.946, 162.925, 0.0209089, -133.311
2530, 42.15833, 189.566, 162.878, 0.0208707, -133.354
2530, 42.16667, 189.188, 162.831, 0.0208326, -133.396
2531, 42.17500, 188.812, 162.784, 0.0207947, -133.438
2531, 42.18333, 188.437, 162.738, 0.020757, -133.479
2532, 42.19167, 188.064, 162.691, 0.0207194, -133.521
2532, 42.20000, 187.692, 162.646, 0.0206819, -133.562
2533, 42.20833, 187.321, 162.6, 0.0206446, -133.603
2533, 42.21667, 186.953, 162.555, 0.0206075, -133.643
2534, 42.22500, 186.585, 162.51, 0.0205705, -133.684
2534, 42.23333, 186.22, 162.465, 0.0205337, -133.724
2535, 42.24167, 185.856, 162.42, 0.020497, -133.763
2535, 42.25000, 185.493, 162.376, 0.0204605, -133.803
2536, 42.25833, 185.132, 162.332, 0.0204241, -133.842
2536, 42.26667, 184.772, 162.288, 0.0203879, -133.881
2537, 42.27500, 184.414, 162.245, 0.0203519, -133.919
2537, 42.28333, 184.057, 162.202, 0.020316, -133.958
2538, 42.29167, 183.702, 162.159, 0.0202802, -133.996
2538, 42.30000, 183.348, 162.116, 0.0202446, -134.034
2539, 42.30833, 182.996, 162.074, 0.0202091, -134.071
2539, 42.31667, 182.645, 162.032, 0.0201738, -134.109
2540, 42.32500, 182.296, 161.99, 0.0201386, -134.146
2540, 42.33333, 181.948, 161.948, 0.0201036, -134.183
2541, 42.34167, 181.601, 161.907, 0.0200687, -134.219
2541, 42.35000, 181.256, 161.866, 0.020034, -134.256
2542, 42.35833, 180.912, 161.825, 0.0199994, -134.292
2542, 42.36667, 180.57, 161.784, 0.0199649, -134.328
2543, 42.37500, 180.229, 161.744, 0.0199306, -134.364
2543, 42.38333, 179.889, 161.703, 0.0198964, -134.399
2544, 42.39167, 179.551, 161.663, 0.0198624, -134.434
2544, 42.40000, 179.214, 161.624, 0.0198285, -134.469
2545, 42.40833, 178.879, 161.584, 0.0197947, -134.504
2545, 42.41667, 178.544, 161.545, 0.0197611, -134.538
2546, 42.42500, 178.212, 161.506, 0.0197276, -134.573
2546, 42.43333, 177.88, 161.467, 0.0196943, -134.607
2547, 42.44167, 177.55, 161.429, 0.0196611, -134.641
2547, 42.45000, 177.222, 161.39, 0.019628, -134.674
2548, 42.45833, 176.894, 161.352, 0.019595, -134.708
2548, 42.46667, 176.568, 161.314, 0.0195622, -134.741
2549, 42.47500, 176.243, 161.276, 0.0195296, -134.774
2549, 42.48333, 175.92, 161.239, 0.019497, -134.807
2550, 42.49167, 175.598, 161.202, 0.0194646, -134.839
2550, 42.50000, 175.277, 161.165, 0.0194323, -134.871
2551, 42.50833, 174.957, 161.128, 0.0194002, -134.904
2551, 42.51667, 174.639, 161.091, 0.0193682, -134.935
2552, 42.52500, 174.322, 161.055, 0.0193363, -134.967
2552, 42.53333, 174.006, 161.018, 0.0193045, -134.999
2553, 42.54167, 173.691, 160.982, 0.0192729, -135.03
2553, 42.55000, 173.378, 160.947, 0.0192414, -135.061
2554, 42.55833, 173.066, 160.911, 0.01921, -135.092
2554, 42.56667, 172.755, 160.875, 0.0191787, -135.123
2555, 42.57500, 172.445, 160.84, 0.0191476, -135.153
2555, 42.58333, 172.137, 160.805, 0.0191166, -135.184
2556, 42.59167, 171.83, 160.77, 0.0190857, -135.214
2556, 42.60000, 171.524, 160.736, 0.0190549, -135.244
2557, 42.60833, 171.219, 160.701, 0.0190243, -135.273
2557, 42.61667, 170.915, 160.667, 0.0189938, -135.303
2558, 42.62500, 170.613, 160.633, 0.0189634, -135.332
2558, 42.63333, 170.312, 160.599, 0.0189331, -135.362
2559, 42.64167, 170.012, 160.565, 0.0189029, -135.391
2559, 42.65000, 169.713, 160.532, 0.0188729, -135.419
2560, 42.65833, 169.415, 160.498, 0.018843, -135.448
2560, 42.66667, 169.119, 160.465, 0.0188132, -135.477
2561, 42.67500, 168.823, 160.432, 0.0187835, -135.505
2561, 42.68333, 168.529, 160.399, 0.0187539, -135.533
2562, 42.69167, 168.236, 160.367, 0.0187244, -135.561
2562, 42.70000, 167.944, 160.334, 0.0186951, -135.589
2563, 42.70833, 167.653, 160.302, 0.0186659, -135.616
2563, 42.71667, 167.363, 160.27, 0.0186368, -135.644
2564, 42.72500, 167.075, 160.238, 0.0186078, -135.671
2564, 42.73333, 166.787, 160.206, 0.0185789, -135.698
2564, 42.74167, 166.501, 160.174, 0.0185501, -135.725
2565, 42.75000, 166.216, 160.143, 0.0185215, -135.752
2566, 42.75833, 165.932, 160.112, 0.0184929, -135.778
2566, 42.76667, 165.648, 160.081, 0.0184645, -135.805
2567, 42.77500, 165.366, 160.05, 0.0184361, -135.831
2567, 42.78333, 165.085, 160.019, 0.0184079, -135.857
2568, 42.79167, 164.805, 159.988, 0.0183798, -135.883
2568, 42.80000, 164.527, 159.958, 0.0183518, -135.909
2568, 42.80833, 164.249, 159.927, 0.0183239, -135.935
2569, 42.81667, 163.972, 159.897, 0.0182961, -135.96
2570, 42.82500, 163.696, 159.867, 0.0182684, -135.985
2570, 42.83333, 163.422, 159.837, 0.0182409, -136.011
2571, 42.84167, 163.148, 159.808, 0.0182134, -136.036
2571, 42.85000, 162.876, 159.778, 0.018186, -136.061
2572, 42.85833, 162.604, 159.749, 0.0181588, -136.085
2572, 42.86667, 162.334, 159.719, 0.0181316, -136.11
2572, 42.87500, 162.064, 159.69, 0.0181045, -136.134
2573, 42.88333, 161.796, 159.661, 0.0180776, -136.159
2574, 42.89167, 161.528, 159.632, 0.0180507, -136.183
2574, 42.90000, 161.261, 159.604, 0.018024, -136.207
2575, 42.90833, 160.996, 159.575, 0.0179973, -136.231
2575, 42.91667, 160.731, 159.547, 0.0179708, -136.254
2576, 42.92500, 160.468, 159.519, 0.0179443, -136.278
2576, 42.93333, 160.205, 159.491, 0.017918, -136.301
2576, 42.94167, 159.944, 159.463, 0.0178917, -136.325
2577, 42.95000, 159.683, 159.435, 0.0178656, -136.348
2578, 42.95833, 159.423, 159.407, 0.0178395, -136.371
2578, 42.96667, 159.165, 159.38, 0.0178136, -136.394
2579, 42.97500, 158.907, 159.352, 0.0177877, -136.417
2579, 42.98333, 158.65, 159.325, 0.0177619, -136.439
2580, 42.99167, 158.394, 159.298, 0.0177363, -136.462
2580, 43.00000, 158.139, 159.271, 0.0177107, -136.484
2580, 43.00833, 157.885, 159.244, 0.0176852, -136.506
2581, 43.01667, 157.632, 159.217, 0.0176598, -136.529
2582, 43.02500, 157.38, 159.19, 0.0176345, -136.551
2582, 43.03333, 157.128, 159.164, 0.0176093, -136.572
2583, 43.04167, 156.878, 159.138, 0.0175842, -136.594
2583, 43.05000, 156.629, 159.111, 0.0175592, -136.616
2584, 43.05833, 156.38, 159.085, 0.0175343, -136.637
2584, 43.06667, 156.132, 159.059, 0.0175094, -136.659
2584, 43.07500, 155.886, 159.033, 0.0174847, -136.68
2585, 43.08333, 155.64, 159.008, 0.0174601, -136.701
2586, 43.09167, 155.395, 158.982, 0.0174355, -136.722
2586, 43.10000, 155.15, 158.957, 0.017411, -136.743
2587, 43.10833, 154.907, 158.931, 0.0173866, -136.764
2587, 43.11667, 154.665, 158.906, 0.0173623, -136.784
2588, 43.12500, 154.423, 158.881, 0.0173381, -136.805
2588, 43.13333, 154.183, 158.856, 0.017314, -136.825
2588, 43.14167, 153.943, 158.831, 0.01729, -136.845
2589, 43.15000, 153.704, 158.806, 0.017266, -136.866
2590, 43.15833, 153.466, 158.781, 0.0172422, -136.886
2590, 43.16667, 153.228, 158.757, 0.0172184, -136.906
2591, 43.17500, 152.992, 158.732, 0.0171947, -136.926
2591, 43.18333, 152.756, 158.708, 0.0171711, -136.945
2592, 43.19167, 152.522, 158.684, 0.0171476, -136.965
2592, 43.20000, 152.288, 158.66, 0.0171241, -136.984
2592, 43.20833, 152.054, 158.636, 0.0171008, -137.004
2593, 43.21667, 151.822, 158.612, 0.0170775, -137.023
2594, 43.22500, 151.591, 158.588, 0.0170543, -137.042
2594, 43.23333, 151.36, 158.564, 0.0170312, -137.061
2595, 43.24167, 151.13, 158.541, 0.0170082, -137.08
2595, 43.25000, 150.901, 158.517, 0.0169853, -137.099
2596, 43.25833, 150.673, 158.494, 0.0169624, -137.118
2596, 43.26667, 150.445, 158.471, 0.0169396, -137.137
2596, 43.27500, 150.218, 158.447, 0.0169169, -137.155
2597, 43.28333, 149.992, 158.424, 0.0168943, -137.174
2598, 43.29167, 149.767, 158.401, 0.0168717, -137.192
2598, 43.30000, 149.543, 158.379, 0.0168493, -137.21
2599, 43.30833, 149.319, 158.356, 0.0168269, -137.229
2599, 43.31667, 149.096, 158.333, 0.0168046, -137.247
2600, 43.32500, 148.874, 158.311, 0.0167824, -137.265
2600, 43.33333, 148.653, 158.288, 0.0167602, -137.283
2600, 43.34167, 148.432, 158.266, 0.0167381, -137.3
2601, 43.35000, 148.212, 158.244, 0.0167161, -137.318
2602, 43.35833, 147.993, 158.221, 0.0166942, -137.336
2602, 43.36667, 147.775, 158.199, 0.0166723, -137.353
2603, 43.37500, 147.557, 158.177, 0.0166506, -137.371
2603, 43.38333, 147.34, 158.156, 0.0166289, -137.388
2604, 43.39167, 147.124, 158.134, 0.0166072, -137.405
2604, 43.40000, 146.909, 158.112, 0.0165857, -137.422
2604, 43.40833, 146.694, 158.09, 0.0165642, -137.439
2605, 43.41667, 146.48, 158.069, 0.0165428, -137.456
2606, 43.42500, 146.267, 158.048, 0.0165215, -137.473
2606, 43.43333, 146.054, 158.026, 0.0165002, -137.49
2607, 43.44167, 145.842, 158.005, 0.016479, -137.506
2607, 43.45000, 145.631, 157.984, 0.0164579, -137.523
2608, 43.45833, 145.421, 157.963, 0.0164369, -137.54
2608, 43.46667, 145.211, 157.942, 0.0164159, -137.556
2608, 43.47500, 145.002, 157.921, 0.016395, -137.572
2609, 43.48333, 144.793, 157.9, 0.0163742, -137.589
2610, 43.49167, 144.586, 157.879, 0.0163534, -137.605
2610, 43.50000, 144.379, 157.859, 0.0163327, -137.621
2611, 43.50833, 144.172, 157.838, 0.0163121, -137.637
2611, 43.51667, 143.967, 157.818, 0.0162915, -137.653
2612, 43.52500, 143.762, 157.797, 0.0162711, -137.669
2612, 43.53333, 143.557, 157.777, 0.0162506, -137.684
2612, 43.54167, 143.354, 157.757, 0.0162303, -137.7
2613, 43.55000, 143.151, 157.737, 0.01621, -137.716
2614, 43.55833, 142.949, 157.717, 0.0161898, -137.731
2614, 43.56667, 142.747, 157.697, 0.0161696, -137.747
2615, 43.57500, 142.546, 157.677, 0.0161496, -137.762
2615, 43.58333, 142.346, 157.657, 0.0161296, -137.777
2616, 43.59167, 142.146, 157.637, 0.0161096, -137.792
2616, 43.60000, 141.947, 157.618, 0.0160897, -137.807
2616, 43.60833, 141.748, 157.598, 0.0160699, -137.822
2617, 43.61667, 141.551, 157.579, 0.0160502, -137.837
2618, 43.62500, 141.353, 157.559, 0.0160305, -137.852
2618, 43.63333, 141.157, 157.54, 0.0160108, -137.867
2619, 43.64167, 140.961, 157.521, 0.0159913, -137.882
2619, 43.65000, 140.766, 157.502, 0.0159718, -137.897
2620, 43.65833, 140.571, 157.483, 0.0159523, -137.911
2620, 43.66667, 140.377, 157.464, 0.015933, -137.926
2620, 43.67500, 140.184, 157.445, 0.0159137, -137.94
2621, 43.68333, 139.991, 157.426, 0.0158944, -137.954
2622, 43.69167, 139.799, 157.407, 0.0158752, -137.969
2622, 43.70000, 139.607, 157.388, 0.0158561, -137.983
2623, 43.70833, 139.416, 157.369, 0.0158371, -137.997
2623, 43.71667, 139.226, 157.351, 0.0158181, -138.011
2624, 43.72500, 139.036, 157.332, 0.0157991, -138.025
2624, 43.73333, 138.847, 157.314, 0.0157802, -138.039
2624, 43.74167, 138.658, 157.296, 0.0157614, -138.053
2625, 43.75000, 138.47, 157.277, 0.0157427, -138.067
2626, 43.75833, 138.283, 157.259, 0.015724, -138.081
2626, 43.76667, 138.096, 157.241, 0.0157053, -138.094
2627, 43.77500, 137.91, 157.223, 0.0156867, -138.108
2627, 43.78333, 137.724, 157.205, 0.0156682, -138.121
2628, 43.79167, 137.539, 157.187, 0.0156498, -138.135
2628, 43.80000, 137.355, 157.169, 0.0156314, -138.148
2628, 43.80833, 137.171, 157.151, 0.015613, -138.162
2629, 43.81667, 136.987, 157.133, 0.0155947, -138.175
2630, 43.82500, 136.804, 157.116, 0.0155765, -138.188
2630, 43.83333, 136.622, 157.098, 0.0155583, -138.201
2631, 43.84167, 136.44, 157.08, 0.0155402, -138.214
2631, 43.85000, 136.259, 157.063, 0.0155221, -138.228
2632, 43.85833, 136.079, 157.045, 0.0155041, -138.24
2632, 43.86667, 135.899, 157.028, 0.0154862, -138.253
2633, 43.87500, 135.719, 157.011, 0.0154683, -138.266
2633, 43.88333, 135.54, 156.993, 0.0154504, -138.279
2634, 43.89167, 135.362, 156.976, 0.0154327, -138.292
2634, 43.90000, 135.184, 156.959, 0.0154149, -138.304
2635, 43.90833, 135.006, 156.942, 0.0153972, -138.317
2635, 43.91667, 134.83, 156.925, 0.0153796, -138.33
2636, 43.92500, 134.653, 156.908, 0.0153621, -138.342
2636, 43.93333, 134.478, 156.891, 0.0153445, -138.354
2637, 43.94167, 134.302, 156.874, 0.0153271, -138.367
2637, 43.95000, 134.128, 156.858, 0.0153097, -138.379
2638, 43.95833, 133.954, 156.841, 0.0152923, -138.391
2638, 43.96667, 133.78, 156.824, 0.015275, -138.404
2639, 43.97500, 133.607, 156.808, 0.0152578, -138.416
2639, 43.98333, 133.434, 156.791, 0.0152406, -138.428
2640, 43.99167, 133.262, 156.775, 0.0152234, -138.44
2640, 44.00000, 133.09, 156.758, 0.0152064, -138.452
2641, 44.00833, 132.919, 156.742, 0.0151893, -138.464
2641, 44.01667, 132.749, 156.726, 0.0151723, -138.475
2642, 44.02500, 132.579, 156.709, 0.0151554, -138.487
2642, 44.03333, 132.409, 156.693, 0.0151385, -138.499
2643, 44.04167, 132.24, 156.677, 0.0151217, -138.511
2643, 44.05000, 132.071, 156.661, 0.0151049, -138.522
2644, 44.05833, 131.903, 156.645, 0.0150881, -138.534
2644, 44.06667, 131.736, 156.629, 0.0150715, -138.545
2645, 44.07500, 131.568, 156.613, 0.0150548, -138.557
2645, 44.08333, 131.402, 156.597, 0.0150382, -138.568
2646, 44.09167, 131.236, 156.582, 0.0150217, -138.58
2646, 44.10000, 131.07, 156.566, 0.0150052, -138.591
2647, 44.10833, 130.905, 156.55, 0.0149888, -138.602
2647, 44.11667, 130.74, 156.534, 0.0149724, -138.614
2648, 44.12500, 130.576, 156.519, 0.014956, -138.625
2648, 44.13333, 130.412, 156.503, 0.0149397, -138.636
2649, 44.14167, 130.249, 156.488, 0.0149235, -138.647
2649, 44.15000, 130.086, 156.472, 0.0149073, -138.658
2650, 44.15833, 129.923, 156.457, 0.0148911, -138.669
2650, 44.16667, 129.762, 156.442, 0.014875, -138.68
2651, 44.17500, 129.6, 156.426, 0.014859, -138.691
2651, 44.18333, 129.439, 156.411, 0.0148429, -138.701
2652, 44.19167, 129.279, 156.396, 0.014827, -138.712
2652, 44.20000, 129.118, 156.381, 0.0148111, -138.723
2653, 44.20833, 128.959, 156.366, 0.0147952, -138.734
2653, 44.21667, 128.8, 156.351, 0.0147793, -138.744
2654, 44.22500, 128.641, 156.336, 0.0147636, -138.755
2654, 44.23333, 128.483, 156.321, 0.0147478, -138.765
2655, 44.24167, 128.325, 156.306, 0.0147321, -138.776
2655, 44.25000, 128.167, 156.291, 0.0147165, -138.786
2656, 44.25833, 128.01, 156.276, 0.0147009, -138.797
2656, 44.26667, 127.854, 156.262, 0.0146853, -138.807
2657, 44.27500, 127.698, 156.247, 0.0146698, -138.817
2657, 44.28333, 127.542, 156.232, 0.0146543, -138.828
2658, 44.29167, 127.387, 156.218, 0.0146389, -138.838
2658, 44.30000, 127.232, 156.203, 0.0146235, -138.848
2659, 44.30833, 127.078, 156.188, 0.0146082, -138.858
2659, 44.31667, 126.924, 156.174, 0.0145929, -138.868
2660, 44.32500, 126.77, 156.16, 0.0145776, -138.878
2660, 44.33333, 126.617, 156.145, 0.0145624, -138.888
2661, 44.34167, 126.465, 156.131, 0.0145473, -138.898
2661, 44.35000, 126.312, 156.117, 0.0145321, -138.908
2662, 44.35833, 126.161, 156.102, 0.014517, -138.918
2662, 44.36667, 126.009, 156.088, 0.014502, -138.928
2663, 44.37500, 125.858, 156.074, 0.014487, -138.938
2663, 44.38333, 125.708, 156.06, 0.014472, -138.947
2664, 44.39167, 125.557, 156.046, 0.0144571, -138.957
2664, 44.40000, 125.408, 156.032, 0.0144423, -138.967
2665, 44.40833, 125.258, 156.018, 0.0144274, -138.976
2665, 44.41667, 125.109, 156.004, 0.0144126, -138.986
2666, 44.42500, 124.961, 155.99, 0.0143979, -138.995
2666, 44.43333, 124.813, 155.976, 0.0143832, -139.005
2667, 44.44167, 124.665, 155.962, 0.0143685, -139.014
2667, 44.45000, 124.517, 155.948, 0.0143539, -139.024
2668, 44.45833, 124.37, 155.935, 0.0143393, -139.033
2668, 44.46667, 124.224, 155.921, 0.0143247, -139.042
2669, 44.47500, 124.078, 155.907, 0.0143102, -139.052
2669, 44.48333, 123.932, 155.894, 0.0142957, -139.061
2670, 44.49167, 123.786, 155.88, 0.0142813, -139.07
2670, 44.50000, 123.641, 155.867, 0.0142669, -139.079
2671, 44.50833, 123.497, 155.853, 0.0142525, -139.089
2671, 44.51667, 123.353, 155.84, 0.0142382, -139.098
2672, 44.52500, 123.209, 155.826, 0.014224, -139.107
2672, 44.53333, 123.065, 155.813, 0.0142097, -139.116
2673, 44.54167, 122.922, 155.8, 0.0141955, -139.125
2673, 44.55000, 122.779, 155.786, 0.0141814, -139.134
2674, 44.55833, 122.637, 155.773, 0.0141672, -139.143
2674, 44.56667, 122.495, 155.76, 0.0141531, -139.151
2675, 44.57500, 122.353, 155.747, 0.0141391, -139.16
2675, 44.58333, 122.212, 155.733, 0.0141251, -139.169
2676, 44.59167, 122.071, 155.72, 0.0141111, -139.178
2676, 44.60000, 121.931, 155.707, 0.0140972, -139.187
2677, 44.60833, 121.79, 155.694, 0.0140833, -139.195
2677, 44.61667, 121.651, 155.681, 0.0140694, -139.204
2678, 44.62500, 121.511, 155.668, 0.0140556, -139.213
2678, 44.63333, 121.372, 155.655, 0.0140418, -139.221
2679, 44.64167, 121.233, 155.642, 0.014028, -139.23
2679, 44.65000, 121.095, 155.63, 0.0140143, -139.238
2680, 44.65833, 120.957, 155.617, 0.0140006, -139.247
2680, 44.66667, 120.819, 155.604, 0.013987, -139.255
2681, 44.67500, 120.682, 155.591, 0.0139734, -139.264
2681, 44.68333, 120.545, 155.579, 0.0139598, -139.272
2682, 44.69167, 120.409, 155.566, 0.0139462, -139.28
2682, 44.70000, 120.272, 155.553, 0.0139327, -139.289
2683, 44.70833, 120.136, 155.541, 0.0139193, -139.297
2683, 44.71667, 120.001, 155.528, 0.0139058, -139.305
2684, 44.72500, 119.866, 155.516, 0.0138924, -139.313
2684, 44.73333, 119.731, 155.503, 0.0138791, -139.322
2685, 44.74167, 119.596, 155.491, 0.0138657, -139.33
2685, 44.75000, 119.462, 155.478, 0.0138524, -139.338
2686, 44.75833, 119.328, 155.466, 0.0138392, -139.346
2686, 44.76667, 119.195, 155.453, 0.0138259, -139.354
2687, 44.77500, 119.061, 155.441, 0.0138127, -139.362
2687, 44.78333, 118.929, 155.429, 0.0137996, -139.37
2688, 44.79167, 118.796, 155.417, 0.0137864, -139.378
2688, 44.80000, 118.664, 155.404, 0.0137733, -139.386
2689, 44.80833, 118.532, 155.392, 0.0137603, -139.394
2689, 44.81667, 118.4, 155.38, 0.0137472, -139.402
2689, 44.82500, 118.269, 155.368, 0.0137342, -139.409
2690, 44.83333, 118.138, 155.356, 0.0137213, -139.417
2691, 44.84167, 118.008, 155.344, 0.0137083, -139.425
2691, 44.85000, 117.877, 155.332, 0.0136954, -139.433
2692, 44.85833, 117.747, 155.32, 0.0136826, -139.44
2692, 44.86667, 117.618, 155.308, 0.0136697, -139.448
2693, 44.87500, 117.488, 155.296, 0.0136569, -139.456
2693, 44.88333, 117.36, 155.284, 0.0136442, -139.463
2693, 44.89167, 117.231, 155.272, 0.0136314, -139.471
2694, 44.90000, 117.102, 155.26, 0.0136187, -139.479
2695, 44.90833, 116.974, 155.248, 0.013606, -139.486
2695, 44.91667, 116.847, 155.237, 0.0135934, -139.494
2696, 44.92500, 116.719, 155.225, 0.0135808, -139.501
2696, 44.93333, 116.592, 155.213, 0.0135682, -139.508
2697, 44.94167, 116.465, 155.201, 0.0135556, -139.516
2697, 44.95000, 116.339, 155.19, 0.0135431, -139.523
2697, 44.95833, 116.213, 155.178, 0.0135306, -139.531
2698, 44.96667, 116.087, 155.166, 0.0135182, -139.538
2699, 44.97500, 115.961, 155.155, 0.0135057, -139.545
2699, 44.98333, 115.836, 155.143, 0.0134933, -139.552
2700, 44.99167, 115.711, 155.132, 0.013481, -139.56
2700, 45.00000, 115.586, 155.12, 0.0134686, -139.567
2701, 45.00833, 115.462, 155.109, 0.0134563, -139.574
2701, 45.01667, 115.338, 155.098, 0.013444, -139.581
2701, 45.02500, 115.214, 155.086, 0.0134318, -139.588
2702, 45.03333, 115.09, 155.075, 0.0134196, -139.596
2703, 45.04167, 114.967, 155.063, 0.0134074, -139.603
2703, 45.05000, 114.844, 155.052, 0.0133952, -139.61
2704, 45.05833, 114.721, 155.041, 0.0133831, -139.617
2704, 45.06667, 114.599, 155.03, 0.013371, -139.624
2705, 45.07500, 114.477, 155.018, 0.0133589, -139.631
2705, 45.08333, 114.355, 155.007, 0.0133468, -139.638
2705, 45.09167, 114.234, 154.996, 0.0133348, -139.644
2706, 45.10000, 114.112, 154.985, 0.0133228, -139.651
2707, 45.10833, 113.991, 154.974, 0.0133109, -139.658
2707, 45.11667, 113.871, 154.963, 0.0132989, -139.665
2708, 45.12500, 113.75, 154.952, 0.013287, -139.672
2708, 45.13333, 113.63, 154.941, 0.0132752, -139.679
2709, 45.14167, 113.51, 154.93, 0.0132633, -139.685
2709, 45.15000, 113.391, 154.919, 0.0132515, -139.692
2709, 45.15833, 113.272, 154.908, 0.0132397, -139.699
2710, 45.16667, 113.153, 154.897, 0.0132279, -139.706
2711, 45.17500, 113.034, 154.886, 0.0132162, -139.712
2711, 45.18333, 112.915, 154.875, 0.0132045, -139.719
2712, 45.19167, 112.797, 154.864, 0.0131928, -139.725
2712, 45.20000, 112.679, 154.853, 0.0131811, -139.732
2713, 45.20833, 112.562, 154.843, 0.0131695, -139.739
2713, 45.21667, 112.444, 154.832, 0.0131579, -139.745
2713, 45.22500, 112.327, 154.821, 0.0131463, -139.752
2714, 45.23333, 112.21, 154.81, 0.0131348, -139.758
2715, 45.24167, 112.094, 154.8, 0.0131232, -139.765
2715, 45.25000, 111.977, 154.789, 0.0131117, -139.771
2716, 45.25833, 111.861, 154.778, 0.0131003, -139.777
2716, 45.26667, 111.745, 154.768, 0.0130888, -139.784
2717, 45.27500, 111.63, 154.757, 0.0130774, -139.79
2717, 45.28333, 111.515, 154.747, 0.013066, -139.796
2717, 45.29167, 111.4, 154.736, 0.0130547, -139.803
2718, 45.30000, 111.285, 154.726, 0.0130433, -139.809
2719, 45.30833, 111.17, 154.715, 0.013032, -139.815
2719, 45.31667, 111.056, 154.705, 0.0130207, -139.822
2720, 45.32500, 110.942, 154.694, 0.0130094, -139.828
2720, 45.33333, 110.828, 154.684, 0.0129982, -139.834
2721, 45.34167, 110.715, 154.673, 0.012987, -139.84
2721, 45.35000, 110.602, 154.663, 0.0129758, -139.846
2721, 45.35833, 110.489, 154.653, 0.0129646, -139.852
2722, 45.36667, 110.376, 154.642, 0.0129535, -139.859
2723, 45.37500, 110.263, 154.632, 0.0129424, -139.865
2723, 45.38333, 110.151, 154.622, 0.0129313, -139.871
2724, 45.39167, 110.039, 154.612, 0.0129202, -139.877
2724, 45.40000, 109.927, 154.601, 0.0129092, -139.883
2725, 45.40833, 109.816, 154.591, 0.0128982, -139.889
2725, 45.41667, 109.704, 154.581, 0.0128872, -139.895
2725, 45.42500, 109.593, 154.571, 0.0128762, -139.901
2726, 45.43333, 109.482, 154.561, 0.0128653, -139.907
2727, 45.44167, 109.372, 154.551, 0.0128544, -139.912
2727, 45.45000, 109.262, 154.541, 0.0128435, -139.918
2728, 45.45833, 109.152, 154.531, 0.0128326, -139.924
2728, 45.46667, 109.042, 154.521, 0.0128217, -139.93
2729, 45.47500, 108.932, 154.511, 0.0128109, -139.936
2729, 45.48333, 108.823, 154.501, 0.0128001, -139.942
2729, 45.49167, 108.713, 154.491, 0.0127893, -139.947
2730, 45.50000, 108.605, 154.481, 0.0127786, -139.953
2731, 45.50833, 108.496, 154.471, 0.0127679, -139.959
2731, 45.51667, 108.387, 154.461, 0.0127571, -139.965
2732, 45.52500, 108.279, 154.451, 0.0127465, -139.97
2732, 45.53333, 108.171, 154.441, 0.0127358, -139.976
2733, 45.54167, 108.063, 154.431, 0.0127252, -139.982
2733, 45.55000, 107.956, 154.422, 0.0127145, -139.987
2733, 45.55833, 107.849, 154.412, 0.012704, -139.993
2734, 45.56667, 107.742, 154.402, 0.0126934, -139.998
2735, 45.57500, 107.635, 154.392, 0.0126828, -140.004
2735, 45.58333, 107.528, 154.383, 0.0126723, -140.009
2736, 45.59167, 107.422, 154.373, 0.0126618, -140.015
2736, 45.60000, 107.315, 154.363, 0.0126513, -140.02
2737, 45.60833, 107.209, 154.354, 0.0126409, -140.026
2737, 45.61667, 107.104, 154.344, 0.0126304, -140.031
2737, 45.62500, 106.998, 154.334, 0.01262, -140.037
2738, 45.63333, 106.893, 154.325, 0.0126096, -140.042
2739, 45.64167, 106.788, 154.315, 0.0125993, -140.048
2739, 45.65000, 106.683, 154.306, 0.0125889, -140.053
2740, 45.65833, 106.578, 154.296, 0.0125786, -140.058
2740, 45.66667, 106.474, 154.287, 0.0125683, -140.064
2741, 45.67500, 106.37, 154.277, 0.012558, -140.069
2741, 45.68333, 106.266, 154.268, 0.0125477, -140.074
2741, 45.69167, 106.162, 154.258, 0.0125375, -140.08
2742, 45.70000, 106.058, 154.249, 0.0125273, -140.085
2743, 45.70833, 105.955, 154.24, 0.0125171, -140.09
2743, 45.71667, 105.852, 154.23, 0.0125069, -140.095
2744, 45.72500, 105.749, 154.221, 0.0124967, -140.1
2744, 45.73333, 105.646, 154.212, 0.0124866, -140.106
2745, 45.74167, 105.543, 154.202, 0.0124765, -140.111
2745, 45.75000, 105.441, 154.193, 0.0124664, -140.116
2745, 45.75833, 105.339, 154.184, 0.0124563, -140.121
2746, 45.76667, 105.237, 154.175, 0.0124462, -140.126
2747, 45.77500, 105.135, 154.165, 0.0124362, -140.131
2747, 45.78333, 105.034, 154.156, 0.0124262, -140.136
2748, 45.79167, 104.933, 154.147, 0.0124162, -140.141
2748, 45.80000, 104.831, 154.138, 0.0124062, -140.146
2749, 45.80833, 104.731, 154.129, 0.0123963, -140.151
2749, 45.81667, 104.63, 154.12, 0.0123863, -140.156
2749, 45.82500, 104.529, 154.111, 0.0123764, -140.161
2750, 45.83333, 104.429, 154.102, 0.0123665, -140.166
2751, 45.84167, 104.329, 154.092, 0.0123567, -140.171
2751, 45.85000, 104.229, 154.083, 0.0123468, -140.176
2752, 45.85833, 104.129, 154.074, 0.012337, -140.181
2752, 45.86667, 104.03, 154.065, 0.0123272, -140.186
2753, 45.87500, 103.931, 154.056, 0.0123174, -140.191
2753, 45.88333, 103.831, 154.048, 0.0123076, -140.195
2753, 45.89167, 103.733, 154.039, 0.0122978, -140.2
2754, 45.90000, 103.634, 154.03, 0.0122881, -140.205
2755, 45.90833, 103.535, 154.021, 0.0122784, -140.21
2755, 45.91667, 103.437, 154.012, 0.0122687, -140.215
2756, 45.92500, 103.339, 154.003, 0.012259, -140.219
2756, 45.93333, 103.241, 153.994, 0.0122494, -140.224
2757, 45.94167, 103.143, 153.985, 0.0122397, -140.229
2757, 45.95000, 103.045, 153.977, 0.0122301, -140.233
2758, 45.95833, 102.948, 153.968, 0.0122205, -140.238
2758, 45.96667, 102.851, 153.959, 0.0122109, -140.243
2759, 45.97500, 102.754, 153.95, 0.0122013, -140.247
2759, 45.98333, 102.657, 153.942, 0.0121918, -140.252
2760, 45.99167, 102.56, 153.933, 0.0121823, -140.256
2760, 46.00000, 102.464, 153.924, 0.0121727, -140.261
2761, 46.00833, 102.368, 153.916, 0.0121633, -140.266
2761, 46.01667, 102.272, 153.907, 0.0121538, -140.27
2762, 46.02500, 102.176, 153.899, 0.0121443, -140.275
2762, 46.03333, 102.08, 153.89, 0.0121349, -140.279
2763, 46.04167, 101.984, 153.881, 0.0121255, -140.284
2763, 46.05000, 101.889, 153.873, 0.0121161, -140.288
2764, 46.05833, 101.794, 153.864, 0.0121067, -140.292
2764, 46.06667, 101.699, 153.856, 0.0120973, -140.297
2765, 46.07500, 101.604, 153.847, 0.012088, -140.301
2765, 46.08333, 101.51, 153.839, 0.0120786, -140.306
2766, 46.09167, 101.415, 153.83, 0.0120693, -140.31
2766, 46.10000, 101.321, 153.822, 0.01206, -140.314
2767, 46.10833, 101.227, 153.814, 0.0120508, -140.319
2767, 46.11667, 101.133, 153.805, 0.0120415, -140.323
2768, 46.12500, 101.039, 153.797, 0.0120322, -140.327
2768, 46.13333, 100.945, 153.788, 0.012023, -140.332
2769, 46.14167, 100.852, 153.78, 0.0120138, -140.336
2769, 46.15000, 100.759, 153.772, 0.0120046, -140.34
2770, 46.15833, 100.666, 153.763, 0.0119955, -140.344
2770, 46.16667, 100.573, 153.755, 0.0119863, -140.349
2771, 46.17500, 100.48, 153.747, 0.0119772, -140.353
2771, 46.18333, 100.388, 153.739, 0.011968, -140.357
2772, 46.19167, 100.295, 153.73, 0.0119589, -140.361
2772, 46.20000, 100.203, 153.722, 0.0119498, -140.365
2773, 46.20833, 100.111, 153.714, 0.0119408, -140.369
2773, 46.21667, 100.019, 153.706, 0.0119317, -140.373
2774, 46.22500, 99.9276, 153.698, 0.0119227, -140.377
2774, 46.23333, 99.836, 153.69, 0.0119137, -140.382
2775, 46.24167, 99.7447, 153.682, 0.0119046, -140.386
2775, 46.25000, 99.6535, 153.673, 0.0118957, -140.39
2776, 46.25833, 99.5625, 153.665, 0.0118867, -140.394
2776, 46.26667, 99.4716, 153.657, 0.0118777, -140.398
2777, 46.27500, 99.381, 153.649, 0.0118688, -140.402
2777, 46.28333, 99.2904, 153.641, 0.0118599, -140.406
2778, 46.29167, 99.2001, 153.633, 0.011851, -140.41
2778, 46.30000, 99.1099, 153.625, 0.0118421, -140.413
2779, 46.30833, 99.0199, 153.617, 0.0118332, -140.417
2779, 46.31667, 98.93, 153.609, 0.0118243, -140.421
2780, 46.32500, 98.8403, 153.601, 0.0118155, -140.425
2780, 46.33333, 98.7507, 153.594, 0.0118067, -140.429
2781, 46.34167, 98.6613, 153.586, 0.0117979, -140.433
2781, 46.35000, 98.5721, 153.578, 0.0117891, -140.437
2782, 46.35833, 98.483, 153.57, 0.0117803, -140.44
2782, 46.36667, 98.3941, 153.562, 0.0117715, -140.444
2783, 46.37500, 98.3054, 153.554, 0.0117628, -140.448
2783, 46.38333, 98.2168, 153.547, 0.011754, -140.452
2784, 46.39167, 98.1284, 153.539, 0.0117453, -140.455
2784, 46.40000, 98.0401, 153.531, 0.0117366, -140.459
2785, 46.40833, 97.952, 153.523, 0.0117279, -140.463
2785, 46.41667, 97.864, 153.516, 0.0117193, -140.467
2786, 46.42500, 97.7762, 153.508, 0.0117106, -140.47
2786, 46.43333, 97.6885, 153.5, 0.011702, -140.474
2787, 46.44167, 97.601, 153.493, 0.0116933, -140.478
2787, 46.45000, 97.5137, 153.485, 0.0116847, -140.481
2788, 46.45833, 97.4265, 153.477, 0.0116761, -140.485
2788, 46.46667, 97.3394, 153.47, 0.0116675, -140.488
2789, 46.47500, 97.2526, 153.462, 0.011659, -140.492
2789, 46.48333, 97.1658, 153.454, 0.0116504, -140.495
2790, 46.49167, 97.0792, 153.447, 0.0116419, -140.499
2790, 46.50000, 96.9928, 153.439, 0.0116334, -140.502
2791, 46.50833, 96.9065, 153.432, 0.0116249, -140.506
2791, 46.51667, 96.8204, 153.424, 0.0116164, -140.509
2792, 46.52500, 96.7344, 153.417, 0.0116079, -140.513
2792, 46.53333, 96.6486, 153.409, 0.0115994, -140.516
2793, 46.54167, 96.5629, 153.402, 0.011591, -140.52
2793, 46.55000, 96.4773, 153.395, 0.0115826, -140.523
2794, 46.55833, 96.3919, 153.387, 0.0115741, -140.527
2794, 46.56667, 96.3067, 153.38, 0.0115657, -140.53
2795, 46.57500, 96.2216, 153.372, 0.0115573, -140.533
2795, 46.58333, 96.1366, 153.365, 0.011549, -140.537
2796, 46.59167, 96.0518, 153.358, 0.0115406, -140.54
2796, 46.60000, 95.9671, 153.35, 0.0115323, -140.543
2797, 46.60833, 95.8826, 153.343, 0.0115239, -140.547
2797, 46.61667, 95.7982, 153.336, 0.0115156, -140.55
2798, 46.62500, 95.714, 153.329, 0.0115073, -140.553
2798, 46.63333, 95.6299, 153.321, 0.011499, -140.556
2799, 46.64167, 95.5459, 153.314, 0.0114907, -140.56
2799, 46.65000, 95.4621, 153.307, 0.0114825, -140.563
2800, 46.65833, 95.3785, 153.3, 0.0114742, -140.566
2800, 46.66667, 95.295, 153.293, 0.011466, -140.569
2801, 46.67500, 95.2116, 153.285, 0.0114578, -140.572
2801, 46.68333, 95.1283, 153.278, 0.0114496, -140.575
2802, 46.69167, 95.0452, 153.271, 0.0114414, -140.579
2802, 46.70000, 94.9623, 153.264, 0.0114332, -140.582
2803, 46.70833, 94.8794, 153.257, 0.011425, -140.585
2803, 46.71667, 94.7967, 153.25, 0.0114169, -140.588
2804, 46.72500, 94.7142, 153.243, 0.0114087, -140.591
2804, 46.73333, 94.6318, 153.236, 0.0114006, -140.594
2805, 46.74167, 94.5495, 153.229, 0.0113925, -140.597
2805, 46.75000, 94.4674, 153.222, 0.0113844, -140.6
2806, 46.75833, 94.3854, 153.215, 0.0113763, -140.603
2806, 46.76667, 94.3035, 153.208, 0.0113682, -140.606
2807, 46.77500, 94.2218, 153.201, 0.0113602, -140.609
2807, 46.78333, 94.1402, 153.194, 0.0113521, -140.612
2808, 46.79167, 94.0587, 153.187, 0.0113441, -140.615
2808, 46.80000, 93.9774, 153.18, 0.0113361, -140.618
2809, 46.80833, 93.8962, 153.174, 0.0113281, -140.62
2809, 46.81667, 93.8152, 153.167, 0.0113201, -140.623
2810, 46.82500, 93.7342, 153.16, 0.0113121, -140.626
2810, 46.83333, 93.6534, 153.153, 0.0113041, -140.629
2811, 46.84167, 93.5728, 153.146, 0.0112962, -140.632
2811, 46.85000, 93.4923, 153.14, 0.0112882, -140.635
2812, 46.85833, 93.4119, 153.133, 0.0112803, -140.637
2812, 46.86667, 93.3316, 153.126, 0.0112724, -140.64
2813, 46.87500, 93.2515, 153.119, 0.0112645, -140.643
2813, 46.88333, 93.1715, 153.113, 0.0112566, -140.646
2814, 46.89167, 93.0916, 153.106, 0.0112487, -140.648
2814, 46.90000, 93.0118, 153.099, 0.0112408, -140.651
2814, 46.90833, 92.9322, 153.093, 0.011233, -140.654
2815, 46.91667, 92.8527, 153.086, 0.0112252, -140.656
2816, 46.92500, 92.7734, 153.08, 0.0112173, -140.659
2816, 46.93333, 92.6942, 153.073, 0.0112095, -140.662
2817, 46.94167, 92.6151, 153.066, 0.0112017, -140.664
2817, 46.95000, 92.5361, 153.06, 0.0111939, -140.667
2818, 46.95833, 92.4572, 153.053, 0.0111861, -140.67
2818, 46.96667, 92.3785, 153.047, 0.0111784, -140.672
2818, 46.97500, 92.2999, 153.04, 0.0111706, -140.675
2819, 46.98333, 92.2215, 153.034, 0.0111629, -140.677
2820, 46.99167, 92.1431, 153.027, 0.0111552, -140.68
2820, 47.00000, 92.0649, 153.021, 0.0111474, -140.682
2821, 47.00833, 91.9868, 153.015, 0.0111397, -140.685
2821, 47.01667, 91.9088, 153.008, 0.011132, -140.687
2822, 47.02500, 91.831, 153.002, 0.0111244, -140.69
2822, 47.03333, 91.7533, 152.995, 0.0111167, -140.692
2822, 47.04167, 91.6757, 152.989, 0.011109, -140.694
2823, 47.05000, 91.5982, 152.983, 0.0111014, -140.697
2824, 47.05833, 91.5208, 152.976, 0.0110938, -140.699
2824, 47.06667, 91.4436, 152.97, 0.0110861, -140.702
2825, 47.07500, 91.3665, 152.964, 0.0110785, -140.704
2825, 47.08333, 91.2895, 152.958, 0.0110709, -140.706
2826, 47.09167, 91.2126, 152.951, 0.0110634, -140.708
2826, 47.10000, 91.1359, 152.945, 0.0110558, -140.711
2826, 47.10833, 91.0593, 152.939, 0.0110482, -140.713
2827, 47.11667, 90.9828, 152.933, 0.0110407, -140.715
2828, 47.12500, 90.9064, 152.927, 0.0110331, -140.718
2828, 47.13333, 90.8301, 152.92, 0.0110256, -140.72
2829, 47.14167, 90.754, 152.914, 0.0110181, -140.722
2829, 47.15000, 90.678, 152.908, 0.0110106, -140.724
2830, 47.15833, 90.6021, 152.902, 0.0110031, -140.726
2830, 47.16667, 90.5263, 152.896, 0.0109956, -140.728
2830, 47.17500, 90.4506, 152.89, 0.0109882, -140.731
2831, 47.18333, 90.375, 152.884, 0.0109807, -140.733
2832, 47.19167, 90.2996, 152.878, 0.0109733, -140.735
2832, 47.20000, 90.2243, 152.872, 0.0109658, -140.737
2833, 47.20833, 90.1491, 152.866, 0.0109584, -140.739
2833, 47.21667, 90.074, 152.86, 0.010951, -140.741
2834, 47.22500, 89.999, 152.854, 0.0109436, -140.743
2834, 47.23333, 89.9242, 152.848, 0.0109362, -140.745
2834, 47.24167, 89.8494, 152.842, 0.0109288, -140.747
2835, 47.25000, 89.7748, 152.836, 0.0109215, -140.749
2836, 47.25833, 89.7003, 152.831, 0.0109141, -140.751
2836, 47.26667, 89.6259, 152.825, 0.0109068, -140.753
2837, 47.27500, 89.5516, 152.819, 0.0108994, -140.755
2837, 47.28333, 89.4775, 152.813, 0.0108921, -140.757
2838, 47.29167, 89.4034, 152.807, 0.0108848, -140.759
2838, 47.30000, 89.3295, 152.802, 0.0108775, -140.761
2838, 47.30833, 89.2557, 152.796, 0.0108702, -140.762
2839, 47.31667, 89.1819, 152.79, 0.0108629, -140.764
2840, 47.32500, 89.1083, 152.784, 0.0108557, -140.766
2840, 47.33333, 89.0349, 152.779, 0.0108484, -140.768
2841, 47.34167, 88.9615, 152.773, 0.0108412, -140.77
2841, 47.35000, 88.8882, 152.767, 0.0108339, -140.771
2842, 47.35833, 88.8151, 152.762, 0.0108267, -140.773
2842, 47.36667, 88.742, 152.756, 0.0108195, -140.775
2842, 47.37500, 88.6691, 152.75, 0.0108123, -140.777
2843, 47.38333, 88.5963, 152.745, 0.0108051, -140.778
2844, 47.39167, 88.5236, 152.739, 0.0107979, -140.78
2844, 47.40000, 88.451, 152.734, 0.0107908, -140.782
2845, 47.40833, 88.3785, 152.728, 0.0107836, -140.783
2845, 47.41667, 88.3061, 152.723, 0.0107764, -140.785
2846, 47.42500, 88.2338, 152.717, 0.0107693, -140.787
2846, 47.43333, 88.1616, 152.712, 0.0107622, -140.788
2846, 47.44167, 88.0896, 152.706, 0.0107551, -140.79
2847, 47.45000, 88.0176, 152.701, 0.010748, -140.791
2848, 47.45833, 87.9458, 152.695, 0.0107409, -140.793
2848, 47.46667, 87.8741, 152.69, 0.0107338, -140.794
2849, 47.47500, 87.8024, 152.685, 0.0107267, -140.796
2849, 47.48333, 87.7309, 152.679, 0.0107196, -140.797
2850, 47.49167, 87.6595, 152.674, 0.0107126, -140.799
2850, 47.50000, 87.5882, 152.669, 0.0107055, -140.8
2850, 47.50833, 87.517, 152.663, 0.0106985, -140.802
2851, 47.51667, 87.4459, 152.658, 0.0106915, -140.803
2852, 47.52500, 87.3749, 152.653, 0.0106845, -140.805
2852, 47.53333, 87.3041, 152.647, 0.0106775, -140.806
2853, 47.54167, 87.2333, 152.642, 0.0106705, -140.807
2853, 47.55000, 87.1626, 152.637, 0.0106635, -140.809
2854, 47.55833, 87.0921, 152.632, 0.0106565, -140.81
2854, 47.56667, 87.0216, 152.627, 0.0106496, -140.811
2854, 47.57500, 86.9512, 152.621, 0.0106426, -140.813
2855, 47.58333, 86.881, 152.616, 0.0106357, -140.814
2856, 47.59167, 86.8108, 152.611, 0.0106287, -140.815
2856, 47.60000, 86.7408, 152.606, 0.0106218, -140.817
2857, 47.60833, 86.6709, 152.601, 0.0106149, -140.818
2857, 47.61667, 86.601, 152.596, 0.010608, -140.819
2858, 47.62500, 86.5313, 152.591, 0.0106011, -140.82
2858, 47.63333, 86.4617, 152.586, 0.0105942, -140.821
2858, 47.64167, 86.3921, 152.581, 0.0105874, -140.823
2859, 47.65000, 86.3227, 152.576, 0.0105805, -140.824
2860, 47.65833, 86.2534, 152.571, 0.0105736, -140.825
2860, 47.66667, 86.1841, 152.566, 0.0105668, -140.826
2861, 47.67500, 86.115, 152.561, 0.01056, -140.827
2861, 47.68333, 86.046, 152.556, 0.0105532, -140.828
2862, 47.69167, 85.9771, 152.551, 0.0105463, -140.829
2862, 47.70000, 85.9083, 152.546, 0.0105395, -140.83
2862, 47.70833, 85.8395, 152.541, 0.0105327, -140.831
2863, 47.71667, 85.7709, 152.537, 0.010526, -140.832
2864, 47.72500, 85.7024, 152.532, 0.0105192, -140.833
2864, 47.73333, 85.634, 152.527, 0.0105124, -140.834
2865, 47.74167, 85.5657, 152.522, 0.0105057, -140.835
2865, 47.75000, 85.4974, 152.517, 0.0104989, -140.836
2866, 47.75833, 85.4293, 152.513, 0.0104922, -140.837
2866, 47.76667, 85.3613, 152.508, 0.0104855, -140.838
2866, 47.77500, 85.2934, 152.503, 0.0104787, -140.839
2867, 47.78333, 85.2256, 152.499, 0.010472, -140.84
2868, 47.79167, 85.1578, 152.494, 0.0104653, -140.841
2868, 47.80000, 85.0902, 152.489, 0.0104587, -140.841
2869, 47.80833, 85.0227, 152.485, 0.010452, -140.842
2869, 47.81667, 84.9552, 152.48, 0.0104453, -140.843
2870, 47.82500, 84.8879, 152.475, 0.0104387, -140.844
2870, 47.83333, 84.8207, 152.471, 0.010432, -140.845
2870, 47.84167, 84.7535, 152.466, 0.0104254, -140.845
2871, 47.85000, 84.6865, 152.462, 0.0104187, -140.846
2872, 47.85833, 84.6195, 152.457, 0.0104121, -140.847
2872, 47.86667, 84.5527, 152.453, 0.0104055, -140.847
2873, 47.87500, 84.4859, 152.448, 0.0103989, -140.848
2873, 47.88333, 84.4193, 152.444, 0.0103923, -140.849
2874, 47.89167, 84.3527, 152.439, 0.0103857, -140.849
2874, 47.90000, 84.2862, 152.435, 0.0103791, -140.85
2874, 47.90833, 84.2198, 152.43, 0.0103726, -140.851
2875, 47.91667, 84.1536, 152.426, 0.010366, -140.851
2876, 47.92500, 84.0874, 152.422, 0.0103595, -140.852
2876, 47.93333, 84.0213, 152.417, 0.0103529, -140.852
2877, 47.94167, 83.9553, 152.413, 0.0103464, -140.853
2877, 47.95000, 83.8894, 152.409, 0.0103399, -140.853
2878, 47.95833, 83.8236, 152.404, 0.0103334, -140.854
2878, 47.96667, 83.7579, 152.4, 0.0103269, -140.854
2878, 47.97500, 83.6923, 152.396, 0.0103204, -140.855
2879, 47.98333, 83.6267, 152.392, 0.0103139, -140.855
2880, 47.99167, 83.5613, 152.387, 0.0103074, -140.856
2880, 48.00000, 83.496, 152.383, 0.010301, -140.856
2881, 48.00833, 83.4307, 152.379, 0.0102945, -140.857
2881, 48.01667, 83.3656, 152.375, 0.0102881, -140.857
2882, 48.02500, 83.3005, 152.371, 0.0102816, -140.857
2882, 48.03333, 83.2355, 152.366, 0.0102752, -140.858
2883, 48.04167, 83.1707, 152.362, 0.0102688, -140.858
2883, 48.05000, 83.1059, 152.358, 0.0102624, -140.858
2884, 48.05833, 83.0412, 152.354, 0.010256, -140.859
2884, 48.06667, 82.9766, 152.35, 0.0102496, -140.859
2885, 48.07500, 82.9121, 152.346, 0.0102432, -140.859
2885, 48.08333, 82.8476, 152.342, 0.0102368, -140.859
2886, 48.09167, 82.7833, 152.338, 0.0102304, -140.86
2886, 48.10000, 82.7191, 152.334, 0.0102241, -140.86
2887, 48.10833, 82.6549, 152.33, 0.0102177, -140.86
2887, 48.11667, 82.5909, 152.326, 0.0102114, -140.86
2888, 48.12500, 82.5269, 152.322, 0.010205, -140.86
2888, 48.13333, 82.463, 152.318, 0.0101987, -140.861
2889, 48.14167, 82.3992, 152.314, 0.0101924, -140.861
2889, 48.15000, 82.3355, 152.311, 0.0101861, -140.861
2890, 48.15833, 82.2719, 152.307, 0.0101798, -140.861
2890, 48.16667, 82.2084, 152.303, 0.0101735, -140.861
2891, 48.17500, 82.145, 152.299, 0.0101672, -140.861
2891, 48.18333, 82.0816, 152.295, 0.010161, -140.861
2892, 48.19167, 82.0184, 152.291, 0.0101547, -140.861
2892, 48.20000, 81.9552, 152.288, 0.0101484, -140.861
2893, 48.20833, 81.8921, 152.284, 0.0101422, -140.861
2893, 48.21667, 81.8291, 152.28, 0.010136, -140.861
2894, 48.22500, 81.7663, 152.276, 0.0101297, -140.861
2894, 48.23333, 81.7034, 152.273, 0.0101235, -140.861
2895, 48.24167, 81.6407, 152.269, 0.0101173, -140.861
2895, 48.25000, 81.5781, 152.265, 0.0101111, -140.861
2896, 48.25833, 81.5155, 152.262, 0.0101049, -140.861
2896, 48.26667, 81.4531, 152.258, 0.0100987, -140.861
2897, 48.27500, 81.3907, 152.255, 0.0100925, -140.86
2897, 48.28333, 81.3284, 152.251, 0.0100864, -140.86
2898, 48.29167, 81.2662, 152.247, 0.0100802, -140.86
2898, 48.30000, 81.2041, 152.244, 0.010074, -140.86
2899, 48.30833, 81.142, 152.24, 0.0100679, -140.86
2899, 48.31667, 81.0801, 152.237, 0.0100618, -140.859
2900, 48.32500, 81.0182, 152.233, 0.0100556, -140.859
2900, 48.33333, 80.9565, 152.23, 0.0100495, -140.859
2901, 48.34167, 80.8948, 152.226, 0.0100434, -140.859
2901, 48.35000, 80.8332, 152.223, 0.0100373, -140.858
2902, 48.35833, 80.7717, 152.22, 0.0100312, -140.858
2902, 48.36667, 80.7102, 152.216, 0.0100251, -140.858
2903, 48.37500, 80.6489, 152.213, 0.010019, -140.857
2903, 48.38333, 80.5876, 152.209, 0.010013, -140.857
2904, 48.39167, 80.5264, 152.206, 0.0100069, -140.856
2904, 48.40000, 80.4653, 152.203, 0.0100009, -140.856
2905, 48.40833, 80.4043, 152.199, 0.00999481, -140.856
2905, 48.41667, 80.3434, 152.196, 0.00998877, -140.855
2906, 48.42500, 80.2826, 152.193, 0.00998274, -140.855
2906, 48.43333, 80.2218, 152.19, 0.00997672, -140.854
2907, 48.44167, 80.1611, 152.186, 0.0099707, -140.854
2907, 48.45000, 80.1005, 152.183, 0.0099647, -140.853
2908, 48.45833, 80.04, 152.18, 0.0099587, -140.853
2908, 48.46667, 79.9796, 152.177, 0.00995271, -140.852
2909, 48.47500, 79.9192, 152.174, 0.00994673, -140.852
2909, 48.48333, 79.859, 152.17, 0.00994076, -140.851
2910, 48.49167, 79.7988, 152.167, 0.00993479, -140.851
2910, 48.50000, 79.7387, 152.164, 0.00992883, -140.85
2911, 48.50833, 79.6787, 152.161, 0.00992289, -140.849
2911, 48.51667, 79.6188, 152.158, 0.00991694, -140.849
2912, 48.52500, 79.5589, 152.155, 0.00991101, -140.848
2912, 48.53333, 79.4991, 152.152, 0.00990508, -140.847
2913, 48.54167, 79.4395, 152.149, 0.00989917, -140.847
2913, 48.55000, 79.3798, 152.146, 0.00989326, -140.846
2914, 48.55833, 79.3203, 152.143, 0.00988735, -140.845
2914, 48.56667, 79.2609, 152.14, 0.00988146, -140.845
2915, 48.57500, 79.2015, 152.137, 0.00987557, -140.844
2915, 48.58333, 79.1422, 152.134, 0.00986969, -140.843
2916, 48.59167, 79.083, 152.131, 0.00986382, -140.842
2916, 48.60000, 79.0239, 152.128, 0.00985796, -140.841
2917, 48.60833, 78.9649, 152.125, 0.00985211, -140.841
2917, 48.61667, 78.9059, 152.122, 0.00984626, -140.84
2918, 48.62500, 78.847, 152.12, 0.00984042, -140.839
2918, 48.63333, 78.7882, 152.117, 0.00983459, -140.838
2919, 48.64167, 78.7295, 152.114, 0.00982876, -140.837
2919, 48.65000, 78.6709, 152.111, 0.00982295, -140.836
2920, 48.65833, 78.6123, 152.108, 0.00981714, -140.835
2920, 48.66667, 78.5538, 152.106, 0.00981134, -140.834
2921, 48.67500, 78.4954, 152.103, 0.00980554, -140.833
2921, 48.68333, 78.4371, 152.1, 0.00979976, -140.833
2922, 48.69167, 78.3788, 152.097, 0.00979398, -140.832
2922, 48.70000, 78.3207, 152.095, 0.00978821, -140.831
2923, 48.70833, 78.2626, 152.092, 0.00978244, -140.83
2923, 48.71667, 78.2045, 152.089, 0.00977669, -140.828
2924, 48.72500, 78.1466, 152.087, 0.00977094, -140.827
2924, 48.73333, 78.0888, 152.084, 0.0097652, -140.826
2925, 48.74167, 78.031, 152.081, 0.00975947, -140.825
2925, 48.75000, 77.9733, 152.079, 0.00975374, -140.824
2926, 48.75833, 77.9156, 152.076, 0.00974802, -140.823
2926, 48.76667, 77.8581, 152.074, 0.00974231, -140.822
2927, 48.77500, 77.8006, 152.071, 0.00973661, -140.821
2927, 48.78333, 77.7432, 152.069, 0.00973092, -140.82
2928, 48.79167, 77.6859, 152.066, 0.00972523, -140.819
2928, 48.80000, 77.6287, 152.064, 0.00971955, -140.817
2929, 48.80833, 77.5715, 152.061, 0.00971387, -140.816
2929, 48.81667, 77.5144, 152.059, 0.00970821, -140.815
2930, 48.82500, 77.4574, 152.056, 0.00970255, -140.814
2930, 48.83333, 77.4005, 152.054, 0.0096969, -140.812
2931, 48.84167, 77.3436, 152.051, 0.00969125, -140.811
2931, 48.85000, 77.2868, 152.049, 0.00968562, -140.81
2932, 48.85833, 77.2301, 152.047, 0.00967999, -140.809
2932, 48.86667, 77.1735, 152.044, 0.00967437, -140.807
2933, 48.87500, 77.1169, 152.042, 0.00966875, -140.806
2933, 48.88333, 77.0604, 152.04, 0.00966315, -140.805
2934, 48.89167, 77.004, 152.037, 0.00965755, -140.803
2934, 48.90000, 76.9477, 152.035, 0.00965195, -140.802
2935, 48.90833, 76.8914, 152.033, 0.00964637, -140.801
2935, 48.91667, 76.8353, 152.031, 0.00964079, -140.799
2936, 48.92500, 76.7792, 152.028, 0.00963522, -140.798
2936, 48.93333, 76.7231, 152.026, 0.00962966, -140.796
2937, 48.94167, 76.6672, 152.024, 0.0096241, -140.795
2937, 48.95000, 76.6113, 152.022, 0.00961855, -140.793
2938, 48.95833, 76.5555, 152.02, 0.00961301, -140.792
2938, 48.96667, 76.4997, 152.017, 0.00960747, -140.79
2939, 48.97500, 76.444, 152.015, 0.00960194, -140.789
2939, 48.98333, 76.3885, 152.013, 0.00959642, -140.787
2940, 48.99167, 76.3329, 152.011, 0.00959091, -140.786
2940, 49.00000, 76.2775, 152.009, 0.0095854, -140.784
2941, 49.00833, 76.2221, 152.007, 0.0095799, -140.783
2941, 49.01667, 76.1668, 152.005, 0.00957441, -140.781
2942, 49.02500, 76.1116, 152.003, 0.00956893, -140.779
2942, 49.03333, 76.0564, 152.001, 0.00956345, -140.778
2943, 49.04167, 76.0013, 151.999, 0.00955797, -140.776
2943, 49.05000, 75.9463, 151.997, 0.00955251, -140.775
2944, 49.05833, 75.8914, 151.995, 0.00954705, -140.773
2944, 49.06667, 75.8365, 151.993, 0.0095416, -140.771
2945, 49.07500, 75.7817, 151.991, 0.00953616, -140.77
2945, 49.08333, 75.727, 151.989, 0.00953072, -140.768
2946, 49.09167, 75.6723, 151.987, 0.00952529, -140.766
2946, 49.10000, 75.6177, 151.985, 0.00951987, -140.764
2947, 49.10833, 75.5632, 151.983, 0.00951445, -140.763
2947, 49.11667, 75.5088, 151.981, 0.00950904, -140.761
2948, 49.12500, 75.4544, 151.979, 0.00950364, -140.759
2948, 49.13333, 75.4001, 151.978, 0.00949825, -140.757
2949, 49.14167, 75.3459, 151.976, 0.00949286, -140.756
2949, 49.15000, 75.2917, 151.974, 0.00948747, -140.754
2950, 49.15833, 75.2376, 151.972, 0.0094821, -140.752
2950, 49.16667, 75.1836, 151.97, 0.00947673, -140.75
2951, 49.17500, 75.1297, 151.969, 0.00947137, -140.748
2951, 49.18333, 75.0758, 151.967, 0.00946601, -140.746
2952, 49.19167, 75.022, 151.965, 0.00946067, -140.744
2952, 49.20000, 74.9682, 151.963, 0.00945533, -140.742
2953, 49.20833, 74.9146, 151.962, 0.00944999, -140.741
2953, 49.21667, 74.861, 151.96, 0.00944466, -140.739
2954, 49.22500, 74.8074, 151.958, 0.00943934, -140.737
2954, 49.23333, 74.754, 151.957, 0.00943403, -140.735
2955, 49.24167, 74.7006, 151.955, 0.00942872, -140.733
2955, 49.25000, 74.6473, 151.954, 0.00942342, -140.731
2956, 49.25833, 74.594, 151.952, 0.00941812, -140.729
2956, 49.26667, 74.5408, 151.95, 0.00941284, -140.727
2957, 49.27500, 74.4877, 151.949, 0.00940755, -140.725
2957, 49.28333, 74.4346, 151.947, 0.00940228, -140.723
2958, 49.29167, 74.3816, 151.946, 0.00939701, -140.721
2958, 49.30000, 74.3287, 151.944, 0.00939175, -140.718
2959, 49.30833, 74.2759, 151.943, 0.0093865, -140.716
2959, 49.31667, 74.2231, 151.941, 0.00938125, -140.714
2960, 49.32500, 74.1704, 151.94, 0.009376, -140.712
2960, 49.33333, 74.1177, 151.938, 0.00937077, -140.71
2961, 49.34167, 74.0651, 151.937, 0.00936554, -140.708
2961, 49.35000, 74.0126, 151.935, 0.00936032, -140.706
2962, 49.35833, 73.9602, 151.934, 0.0093551, -140.703
2962, 49.36667, 73.9078, 151.932, 0.00934989, -140.701
2963, 49.37500, 73.8555, 151.931, 0.00934469, -140.699
2963, 49.38333, 73.8032, 151.93, 0.00933949, -140.697
2964, 49.39167, 73.7511, 151.928, 0.0093343, -140.695
2964, 49.40000, 73.6989, 151.927, 0.00932912, -140.692
2965, 49.40833, 73.6469, 151.926, 0.00932394, -140.69
2965, 49.41667, 73.5949, 151.924, 0.00931877, -140.688
2966, 49.42500, 73.543, 151.923, 0.0093136, -140.686
2966, 49.43333, 73.4911, 151.922, 0.00930844, -140.683
2967, 49.44167, 73.4393, 151.92, 0.00930329, -140.681
2967, 49.45000, 73.3876, 151.919, 0.00929815, -140.679
2968, 49.45833, 73.336, 151.918, 0.00929301, -140.676
2968, 49.46667, 73.2844, 151.917, 0.00928787, -140.674
2969, 49.47500, 73.2328, 151.915, 0.00928275, -140.672
2969, 49.48333, 73.1814, 151.914, 0.00927762, -140.669
2970, 49.49167, 73.13, 151.913, 0.00927251, -140.667
2970, 49.50000, 73.0786, 151.912, 0.0092674, -140.664
2971, 49.50833, 73.0274, 151.911, 0.0092623, -140.662
2971, 49.51667, 72.9762, 151.91, 0.0092572, -140.66
2972, 49.52500, 72.925, 151.908, 0.00925211, -140.657
2972, 49.53333, 72.8739, 151.907, 0.00924703, -140.655
2973, 49.54167, 72.8229, 151.906, 0.00924195, -140.652
2973, 49.55000, 72.772, 151.905, 0.00923688, -140.65
2974, 49.55833, 72.7211, 151.904, 0.00923181, -140.647
2974, 49.56667, 72.6703, 151.903, 0.00922675, -140.645
2975, 49.57500, 72.6195, 151.902, 0.0092217, -140.642
2975, 49.58333, 72.5688, 151.901, 0.00921665, -140.64
2976, 49.59167, 72.5182, 151.9, 0.00921161, -140.637
2976, 49.60000, 72.4676, 151.899, 0.00920658, -140.635
2977, 49.60833, 72.4171, 151.898, 0.00920155, -140.632
2977, 49.61667, 72.3666, 151.897, 0.00919652, -140.629
2978, 49.62500, 72.3162, 151.896, 0.00919151, -140.627
2978, 49.63333, 72.2659, 151.895, 0.0091865, -140.624
2979, 49.64167, 72.2156, 151.894, 0.00918149, -140.621
2979, 49.65000, 72.1655, 151.893, 0.00917649, -140.619
2980, 49.65833, 72.1153, 151.892, 0.0091715, -140.616
2980, 49.66667, 72.0652, 151.891, 0.00916651, -140.614
2981, 49.67500, 72.0152, 151.891, 0.00916153, -140.611
2981, 49.68333, 71.9653, 151.89, 0.00915655, -140.608
2982, 49.69167, 71.9154, 151.889, 0.00915159, -140.605
2982, 49.70000, 71.8655, 151.888, 0.00914662, -140.603
2983, 49.70833, 71.8158, 151.887, 0.00914166, -140.6
2983, 49.71667, 71.766, 151.886, 0.00913671, -140.597
2984, 49.72500, 71.7164, 151.886, 0.00913176, -140.595
2984, 49.73333, 71.6668, 151.885, 0.00912683, -140.592
2985, 49.74167, 71.6173, 151.884, 0.00912189, -140.589
2985, 49.75000, 71.5678, 151.883, 0.00911696, -140.586
2986, 49.75833, 71.5184, 151.882, 0.00911204, -140.583
2986, 49.76667, 71.469, 151.882, 0.00910712, -140.581
2987, 49.77500, 71.4197, 151.881, 0.00910221, -140.578
2987, 49.78333, 71.3705, 151.88, 0.0090973, -140.575
2988, 49.79167, 71.3213, 151.88, 0.0090924, -140.572
2988, 49.80000, 71.2722, 151.879, 0.00908751, -140.569
2989, 49.80833, 71.2232, 151.878, 0.00908262, -140.566
2989, 49.81667, 71.1742, 151.878, 0.00907774, -140.563
2990, 49.82500, 71.1252, 151.877, 0.00907286, -140.561
2990, 49.83333, 71.0764, 151.876, 0.00906799, -140.558
2991, 49.84167, 71.0275, 151.876, 0.00906312, -140.555
2991, 49.85000, 70.9788, 151.875, 0.00905826, -140.552
2992, 49.85833, 70.9301, 151.875, 0.00905341, -140.549
2992, 49.86667, 70.8814, 151.874, 0.00904856, -140.546
2993, 49.87500, 70.8328, 151.873, 0.00904371, -140.543
2993, 49.88333, 70.7843, 151.873, 0.00903887, -140.54
2994, 49.89167, 70.7358, 151.872, 0.00903404, -140.537
2994, 49.90000, 70.6874, 151.872, 0.00902921, -140.534
2995, 49.90833, 70.6391, 151.871, 0.00902439, -140.531
2995, 49.91667, 70.5908, 151.871, 0.00901958, -140.528
2996, 49.92500, 70.5425, 151.87, 0.00901477, -140.525
2996, 49.93333, 70.4944, 151.87, 0.00900996, -140.522
2997, 49.94167, 70.4462, 151.869, 0.00900516, -140.519
2997, 49.95000, 70.3982, 151.869, 0.00900037, -140.516
2998, 49.95833, 70.3501, 151.869, 0.00899558, -140.512
2998, 49.96667, 70.3022, 151.868, 0.00899079, -140.509
2999, 49.97500, 70.2543, 151.868, 0.00898602, -140.506
2999, 49.98333, 70.2064, 151.867, 0.00898124, -140.503
3000, 49.99167, 70.1586, 151.867, 0.00897648, -140.5
3000, 50.00000, 70.1109, 151.867, 0.00897171, -140.497
3001, 50.00833, 70.0632, 151.866, 0.00896696, -140.494
3001, 50.01667, 70.0156, 151.866, 0.00896221, -140.491
3002, 50.02500, 69.9681, 151.866, 0.00895746, -140.487
3002, 50.03333, 69.9205, 151.865, 0.00895272, -140.484
3003, 50.04167, 69.8731, 151.865, 0.00894798, -140.481
3003, 50.05000, 69.8257, 151.865, 0.00894325, -140.478
3004, 50.05833, 69.7784, 151.864, 0.00893853, -140.474
3004, 50.06667, 69.7311, 151.864, 0.00893381, -140.471
3005, 50.07500, 69.6838, 151.864, 0.0089291, -140.468
3005, 50.08333, 69.6366, 151.864, 0.00892439, -140.465
3006, 50.09167, 69.5895, 151.863, 0.00891968, -140.461
3006, 50.10000, 69.5424, 151.863, 0.00891498, -140.458
3007, 50.10833, 69.4954, 151.863, 0.00891029, -140.455
3007, 50.11667, 69.4485, 151.863, 0.0089056, -140.452
3008, 50.12500, 69.4016, 151.863, 0.00890092, -140.448
3008, 50.13333, 69.3547, 151.862, 0.00889624, -140.445
3009, 50.14167, 69.3079, 151.862, 0.00889157, -140.442
3009, 50.15000, 69.2612, 151.862, 0.0088869, -140.438
3010, 50.15833, 69.2145, 151.862, 0.00888223, -140.435
3010, 50.16667, 69.1678, 151.862, 0.00887758, -140.431
3011, 50.17500, 69.1212, 151.862, 0.00887292, -140.428
3011, 50.18333, 69.0747, 151.862, 0.00886828, -140.425
3012, 50.19167, 69.0282, 151.862, 0.00886363, -140.421
3012, 50.20000, 68.9818, 151.862, 0.008859, -140.418
3013, 50.20833, 68.9354, 151.862, 0.00885436, -140.414
3013, 50.21667, 68.8891, 151.861, 0.00884974, -140.411
3014, 50.22500, 68.8428, 151.861, 0.00884511, -140.408
3014, 50.23333, 68.7966, 151.861, 0.00884049, -140.404
3015, 50.24167, 68.7504, 151.861, 0.00883588, -140.401
3015, 50.25000, 68.7043, 151.861, 0.00883127, -140.397
3016, 50.25833, 68.6582, 151.861, 0.00882667, -140.394
3016, 50.26667, 68.6122, 151.861, 0.00882207, -140.39
3017, 50.27500, 68.5663, 151.861, 0.00881748, -140.387
3017, 50.28333, 68.5204, 151.862, 0.00881289, -140.383
3018, 50.29167, 68.4745, 151.862, 0.00880831, -140.38
3018, 50.30000, 68.4287, 151.862, 0.00880373, -140.376
3019, 50.30833, 68.3829, 151.862, 0.00879916, -140.372
3019, 50.31667, 68.3372, 151.862, 0.00879459, -140.369
3020, 50.32500, 68.2916, 151.862, 0.00879002, -140.365
3020, 50.33333, 68.246, 151.862, 0.00878546, -140.362
3021, 50.34167, 68.2004, 151.862, 0.00878091, -140.358
3021, 50.35000, 68.1549, 151.862, 0.00877636, -140.355
3022, 50.35833, 68.1095, 151.863, 0.00877181, -140.351
3022, 50.36667, 68.0641, 151.863, 0.00876727, -140.347
3023, 50.37500, 68.0187, 151.863, 0.00876274, -140.344
3023, 50.38333, 67.9734, 151.863, 0.00875821, -140.34
3024, 50.39167, 67.9282, 151.863, 0.00875368, -140.336
3024, 50.40000, 67.8829, 151.863, 0.00874916, -140.333
3025, 50.40833, 67.8378, 151.864, 0.00874464, -140.329
3025, 50.41667, 67.7927, 151.864, 0.00874013, -140.325
3026, 50.42500, 67.7476, 151.864, 0.00873562, -140.322
3026, 50.43333, 67.7026, 151.864, 0.00873112, -140.318
3027, 50.44167, 67.6577, 151.865, 0.00872662, -140.314
3027, 50.45000, 67.6128, 151.865, 0.00872213, -140.31
3028, 50.45833, 67.5679, 151.865, 0.00871764, -140.307
3028, 50.46667, 67.5231, 151.866, 0.00871315, -140.303
3029, 50.47500, 67.4783, 151.866, 0.00870867, -140.299
3029, 50.48333, 67.4336, 151.866, 0.0087042, -140.295
3030, 50.49167, 67.389, 151.867, 0.00869972, -140.292
3030, 50.50000, 67.3443, 151.867, 0.00869526, -140.288
3031, 50.50833, 67.2998, 151.867, 0.0086908, -140.284
3031, 50.51667, 67.2552, 151.868, 0.00868634, -140.28
3032, 50.52500, 67.2108, 151.868, 0.00868188, -140.276
3032, 50.53333, 67.1663, 151.868, 0.00867744, -140.272
3033, 50.54167, 67.122, 151.869, 0.00867299, -140.269
3033, 50.55000, 67.0776, 151.869, 0.00866855, -140.265
3034, 50.55833, 67.0333, 151.87, 0.00866412, -140.261
3034, 50.56667, 66.9891, 151.87, 0.00865969, -140.257
3035, 50.57500, 66.9449, 151.871, 0.00865526, -140.253
3035, 50.58333, 66.9008, 151.871, 0.00865084, -140.249
3036, 50.59167, 66.8567, 151.871, 0.00864642, -140.245
3036, 50.60000, 66.8126, 151.872, 0.00864201, -140.241
3037, 50.60833, 66.7686, 151.872, 0.0086376, -140.237
3037, 50.61667, 66.7246, 151.873, 0.00863319, -140.233
3038, 50.62500, 66.6807, 151.873, 0.00862879, -140.23
3038, 50.63333, 66.6369, 151.874, 0.00862439, -140.226
3039, 50.64167, 66.593, 151.875, 0.00862, -140.222
3039, 50.65000, 66.5493, 151.875, 0.00861561, -140.218
3040, 50.65833, 66.5055, 151.876, 0.00861123, -140.214
3040, 50.66667, 66.4619, 151.876, 0.00860685, -140.21
3041, 50.67500, 66.4182, 151.877, 0.00860248, -140.206
3041, 50.68333, 66.3746, 151.877, 0.00859811, -140.202
3042, 50.69167, 66.3311, 151.878, 0.00859374, -140.198
3042, 50.70000, 66.2876, 151.879, 0.00858938, -140.194
3043, 50.70833, 66.2441, 151.879, 0.00858502, -140.189
3043, 50.71667, 66.2007, 151.88, 0.00858066, -140.185
3044, 50.72500, 66.1573, 151.88, 0.00857631, -140.181
3044, 50.73333, 66.114, 151.881, 0.00857197, -140.177
3045, 50.74167, 66.0707, 151.882, 0.00856763, -140.173
3045, 50.75000, 66.0275, 151.882, 0.00856329, -140.169
3046, 50.75833, 65.9843, 151.883, 0.00855896, -140.165
3046, 50.76667, 65.9411, 151.884, 0.00855463, -140.161
3047, 50.77500, 65.898, 151.885, 0.0085503, -140.157
3047, 50.78333, 65.855, 151.885, 0.00854598, -140.153
3048, 50.79167, 65.812, 151.886, 0.00854166, -140.148
3048, 50.80000, 65.769, 151.887, 0.00853735, -140.144
3049, 50.80833, 65.7261, 151.888, 0.00853304, -140.14
3049, 50.81667, 65.6832, 151.888, 0.00852873, -140.136
3050, 50.82500, 65.6403, 151.889, 0.00852443, -140.132
3050, 50.83333, 65.5975, 151.89, 0.00852014, -140.128
3051, 50.84167, 65.5548, 151.891, 0.00851584, -140.123
3051, 50.85000, 65.5121, 151.891, 0.00851155, -140.119
3052, 50.85833, 65.4694, 151.892, 0.00850727, -140.115
3052, 50.86667, 65.4268, 151.893, 0.00850298, -140.111
3053, 50.87500, 65.3842, 151.894, 0.00849871, -140.106
3053, 50.88333, 65.3416, 151.895, 0.00849443, -140.102
3054, 50.89167, 65.2991, 151.896, 0.00849016, -140.098
3054, 50.90000, 65.2567, 151.897, 0.0084859, -140.094
3055, 50.90833, 65.2142, 151.897, 0.00848163, -140.089
3055, 50.91667, 65.1719, 151.898, 0.00847738, -140.085
3056, 50.92500, 65.1295, 151.899, 0.00847312, -140.081
3056, 50.93333, 65.0872, 151.9, 0.00846887, -140.076
3057, 50.94167, 65.045, 151.901, 0.00846462, -140.072
3057, 50.95000, 65.0028, 151.902, 0.00846038, -140.068
3058, 50.95833, 64.9606, 151.903, 0.00845614, -140.064
3058, 50.96667, 64.9185, 151.904, 0.00845191, -140.059
3059, 50.97500, 64.8764, 151.905, 0.00844767, -140.055
3059, 50.98333, 64.8344, 151.906, 0.00844344, -140.05
3060, 50.99167, 64.7923, 151.907, 0.00843922, -140.046
3060, 51.00000, 64.7504, 151.908, 0.008435, -140.042
3061, 51.00833, 64.7085, 151.909, 0.00843078, -140.037
3061, 51.01667, 64.6666, 151.91, 0.00842657, -140.033
3062, 51.02500, 64.6247, 151.911, 0.00842236, -140.028
3062, 51.03333, 64.5829, 151.912, 0.00841815, -140.024
3063, 51.04167, 64.5412, 151.913, 0.00841395, -140.02
3063, 51.05000, 64.4994, 151.914, 0.00840975, -140.015
3064, 51.05833, 64.4578, 151.915, 0.00840556, -140.011
3064, 51.06667, 64.4161, 151.916, 0.00840136, -140.006
3065, 51.07500, 64.3745, 151.917, 0.00839717, -140.002
3065, 51.08333, 64.3329, 151.918, 0.00839299, -139.997
3066, 51.09167, 64.2914, 151.92, 0.00838881, -139.993
3066, 51.10000, 64.2499, 151.921, 0.00838463, -139.988
3067, 51.10833, 64.2085, 151.922, 0.00838046, -139.984
3067, 51.11667, 64.1671, 151.923, 0.00837629, -139.979
3068, 51.12500, 64.1257, 151.924, 0.00837212, -139.975
3068, 51.13333, 64.0844, 151.925, 0.00836796, -139.97
3069, 51.14167, 64.0431, 151.926, 0.0083638, -139.966
3069, 51.15000, 64.0018, 151.928, 0.00835964, -139.961
3070, 51.15833, 63.9606, 151.929, 0.00835549, -139.956
3070, 51.16667, 63.9194, 151.93, 0.00835134, -139.952
3071, 51.17500, 63.8783, 151.931, 0.00834719, -139.947
3071, 51.18333, 63.8372, 151.933, 0.00834305, -139.943
3072, 51.19167, 63.7961, 151.934, 0.00833891, -139.938
3072, 51.20000, 63.7551, 151.935, 0.00833477, -139.934
3073, 51.20833, 63.7141, 151.936, 0.00833064, -139.929
3073, 51.21667, 63.6732, 151.938, 0.00832651, -139.924
3074, 51.22500, 63.6323, 151.939, 0.00832239, -139.92
3074, 51.23333, 63.5914, 151.94, 0.00831826, -139.915
3075, 51.24167, 63.5505, 151.941, 0.00831414, -139.91
3075, 51.25000, 63.5098, 151.943, 0.00831003, -139.906
3076, 51.25833, 63.469, 151.944, 0.00830592, -139.901
3076, 51.26667, 63.4283, 151.945, 0.00830181, -139.896
3077, 51.27500, 63.3876, 151.947, 0.0082977, -139.892
3077, 51.28333, 63.3469, 151.948, 0.0082936, -139.887
3078, 51.29167, 63.3063, 151.949, 0.0082895, -139.882
3078, 51.30000, 63.2657, 151.951, 0.0082854, -139.877
3079, 51.30833, 63.2252, 151.952, 0.00828131, -139.873
3079, 51.31667, 63.1847, 151.954, 0.00827722, -139.868
3080, 51.32500, 63.1442, 151.955, 0.00827313, -139.863
3080, 51.33333, 63.1038, 151.956, 0.00826905, -139.858
3081, 51.34167, 63.0634, 151.958, 0.00826497, -139.854
3081, 51.35000, 63.023, 151.959, 0.00826089, -139.849
3082, 51.35833, 62.9827, 151.961, 0.00825682, -139.844
3082, 51.36667, 62.9424, 151.962, 0.00825275, -139.839
3083, 51.37500, 62.9021, 151.964, 0.00824868, -139.834
3083, 51.38333, 62.8619, 151.965, 0.00824462, -139.83
3084, 51.39167, 62.8217, 151.967, 0.00824055, -139.825
3084, 51.40000, 62.7816, 151.968, 0.00823649, -139.82
3085, 51.40833, 62.7415, 151.97, 0.00823244, -139.815
3085, 51.41667, 62.7014, 151.971, 0.00822839, -139.81
3086, 51.42500, 62.6613, 151.973, 0.00822434, -139.805
3086, 51.43333, 62.6213, 151.974, 0.00822029, -139.8
3087, 51.44167, 62.5814, 151.976, 0.00821625, -139.796
3087, 51.45000, 62.5414, 151.977, 0.00821221, -139.791
3088, 51.45833, 62.5015, 151.979, 0.00820817, -139.786
3088, 51.46667, 62.4616, 151.981, 0.00820414, -139.781
3089, 51.47500, 62.4218, 151.982, 0.00820011, -139.776
3089, 51.48333, 62.382, 151.984, 0.00819608, -139.771
3090, 51.49167, 62.3422, 151.985, 0.00819205, -139.766
3090, 51.50000, 62.3025, 151.987, 0.00818803, -139.761
3091, 51.50833, 62.2628, 151.989, 0.00818401, -139.756
3091, 51.51667, 62.2231, 151.99, 0.00818, -139.751
3092, 51.52500, 62.1835, 151.992, 0.00817598, -139.746
3092, 51.53333, 62.1439, 151.994, 0.00817197, -139.741
3093, 51.54167, 62.1043, 151.995, 0.00816796, -139.736
3093, 51.55000, 62.0648, 151.997, 0.00816396, -139.731
3094, 51.55833, 62.0253, 151.999, 0.00815996, -139.726
3094, 51.56667, 61.9858, 152.001, 0.00815596, -139.721
3095, 51.57500, 61.9464, 152.002, 0.00815196, -139.716
3095, 51.58333, 61.907, 152.004, 0.00814797, -139.711
3096, 51.59167, 61.8676, 152.006, 0.00814398, -139.706
3096, 51.60000, 61.8283, 152.007, 0.00813999, -139.701
3097, 51.60833, 61.789, 152.009, 0.008136, -139.696
3097, 51.61667, 61.7497, 152.011, 0.00813202, -139.691
3098, 51.62500, 61.7104, 152.013, 0.00812804, -139.686
3098, 51.63333, 61.6712, 152.015, 0.00812407, -139.68
3099, 51.64167, 61.6321, 152.016, 0.00812009, -139.675
3099, 51.65000, 61.5929, 152.018, 0.00811612, -139.67
3100, 51.65833, 61.5538, 152.02, 0.00811215, -139.665
3100, 51.66667, 61.5147, 152.022, 0.00810819, -139.66
3101, 51.67500, 61.4757, 152.024, 0.00810422, -139.655
3101, 51.68333, 61.4367, 152.026, 0.00810026, -139.65
3102, 51.69167, 61.3977, 152.028, 0.0080963, -139.644
3102, 51.70000, 61.3587, 152.029, 0.00809235, -139.639
3103, 51.70833, 61.3198, 152.031, 0.0080884, -139.634
3103, 51.71667, 61.2809, 152.033, 0.00808445, -139.629
3104, 51.72500, 61.242, 152.035, 0.0080805, -139.624
3104, 51.73333, 61.2032, 152.037, 0.00807655, -139.618
3105, 51.74167, 61.1644, 152.039, 0.00807261, -139.613
3105, 51.75000, 61.1256, 152.041, 0.00806867, -139.608
3106, 51.75833, 61.0869, 152.043, 0.00806474, -139.603
3106, 51.76667, 61.0482, 152.045, 0.0080608, -139.597
3107, 51.77500, 61.0095, 152.047, 0.00805687, -139.592
3107, 51.78333, 60.9709, 152.049, 0.00805294, -139.587
3108, 51.79167, 60.9323, 152.051, 0.00804901, -139.582
3108, 51.80000, 60.8937, 152.053, 0.00804509, -139.576
3109, 51.80833, 60.8551, 152.055, 0.00804117, -139.571
3109, 51.81667, 60.8166, 152.057, 0.00803725, -139.566
3110, 51.82500, 60.7781, 152.059, 0.00803333, -139.56
3110, 51.83333, 60.7396, 152.061, 0.00802942, -139.555
3111, 51.84167, 60.7012, 152.063, 0.00802551, -139.55
3111, 51.85000, 60.6628, 152.065, 0.0080216, -139.544
3112, 51.85833, 60.6244, 152.067, 0.00801769, -139.539
3112, 51.86667, 60.5861, 152.069, 0.00801378, -139.533
3113, 51.87500, 60.5477, 152.072, 0.00800988, -139.528
3113, 51.88333, 60.5095, 152.074, 0.00800598, -139.523
3114, 51.89167, 60.4712, 152.076, 0.00800209, -139.517
3114, 51.90000, 60.433, 152.078, 0.00799819, -139.512
3115, 51.90833, 60.3948, 152.08, 0.0079943, -139.506
3115, 51.91667, 60.3566, 152.082, 0.00799041, -139.501
3116, 51.92500, 60.3184, 152.084, 0.00798652, -139.495
3116, 51.93333, 60.2803, 152.087, 0.00798264, -139.49
3117, 51.94167, 60.2422, 152.089, 0.00797875, -139.484
3117, 51.95000, 60.2042, 152.091, 0.00797487, -139.479
3118, 51.95833, 60.1662, 152.093, 0.00797099, -139.474
3118, 51.96667, 60.1281, 152.096, 0.00796712, -139.468
3119, 51.97500, 60.0902, 152.098, 0.00796324, -139.462
3119, 51.98333, 60.0522, 152.1, 0.00795937, -139.457
3120, 51.99167, 60.0143, 152.102, 0.0079555, -139.451
3120, 52.00000, 59.9764, 152.105, 0.00795163, -139.446
3121, 52.00833, 59.9386, 152.107, 0.00794777, -139.44
3121, 52.01667, 59.9007, 152.109, 0.00794391, -139.435
3122, 52.02500, 59.8629, 152.111, 0.00794005, -139.429
3122, 52.03333, 59.8251, 152.114, 0.00793619, -139.424
3123, 52.04167, 59.7874, 152.116, 0.00793233, -139.418
3123, 52.05000, 59.7496, 152.118, 0.00792848, -139.412
3124, 52.05833, 59.712, 152.121, 0.00792463, -139.407
3124, 52.06667, 59.6743, 152.123, 0.00792078, -139.401
3125, 52.07500, 59.6366, 152.126, 0.00791693, -139.395
3125, 52.08333, 59.599, 152.128, 0.00791308, -139.39
3126, 52.09167, 59.5614, 152.13, 0.00790924, -139.384
3126, 52.10000, 59.5239, 152.133, 0.0079054, -139.378
3127, 52.10833, 59.4863, 152.135, 0.00790156, -139.373
3127, 52.11667, 59.4488, 152.138, 0.00789772, -139.367
3128, 52.12500, 59.4113, 152.14, 0.00789389, -139.361
3128, 52.13333, 59.3739, 152.143, 0.00789006, -139.356
3129, 52.14167, 59.3364, 152.145, 0.00788623, -139.35
3129, 52.15000, 59.299, 152.148, 0.0078824, -139.344
3130, 52.15833, 59.2617, 152.15, 0.00787857, -139.338
3130, 52.16667, 59.2243, 152.153, 0.00787475, -139.333
3131, 52.17500, 59.187, 152.155, 0.00787092, -139.327
3131, 52.18333, 59.1497, 152.158, 0.0078671, -139.321
3132, 52.19167, 59.1124, 152.16, 0.00786329, -139.315
3132, 52.20000, 59.0751, 152.163, 0.00785947, -139.31
3133, 52.20833, 59.0379, 152.165, 0.00785566, -139.304
3133, 52.21667, 59.0007, 152.168, 0.00785184, -139.298
3134, 52.22500, 58.9635, 152.171, 0.00784803, -139.292
3134, 52.23333, 58.9264, 152.173, 0.00784422, -139.286
3135, 52.24167, 58.8893, 152.176, 0.00784042, -139.28
3135, 52.25000, 58.8522, 152.178, 0.00783661, -139.275
3136, 52.25833, 58.8151, 152.181, 0.00783281, -139.269
3136, 52.26667, 58.778, 152.184, 0.00782901, -139.263
3137, 52.27500, 58.741, 152.186, 0.00782521, -139.257
3137, 52.28333, 58.704, 152.189, 0.00782141, -139.251
3138, 52.29167, 58.667, 152.192, 0.00781762, -139.245
3138, 52.30000, 58.6301, 152.194, 0.00781382, -139.239
3139, 52.30833, 58.5932, 152.197, 0.00781003, -139.233
3139, 52.31667, 58.5563, 152.2, 0.00780624, -139.227
3140, 52.32500, 58.5194, 152.203, 0.00780245, -139.221
3140, 52.33333, 58.4825, 152.205, 0.00779867, -139.215
3141, 52.34167, 58.4457, 152.208, 0.00779488, -139.209
3141, 52.35000, 58.4089, 152.211, 0.0077911, -139.203
3142, 52.35833, 58.3721, 152.214, 0.00778732, -139.197
3142, 52.36667, 58.3354, 152.216, 0.00778354, -139.191
3143, 52.37500, 58.2986, 152.219, 0.00777976, -139.185
3143, 52.38333, 58.2619, 152.222, 0.00777599, -139.179
3144, 52.39167, 58.2252, 152.225, 0.00777222, -139.173
3144, 52.40000, 58.1886, 152.228, 0.00776844, -139.167
3145, 52.40833, 58.1519, 152.231, 0.00776467, -139.161
3145, 52.41667, 58.1153, 152.233, 0.00776091, -139.155
3146, 52.42500, 58.0787, 152.236, 0.00775714, -139.149
3146, 52.43333, 58.0421, 152.239, 0.00775337, -139.143
3147, 52.44167, 58.0056, 152.242, 0.00774961, -139.137
3147, 52.45000, 57.9691, 152.245, 0.00774585, -139.13
3148, 52.45833, 57.9326, 152.248, 0.00774209, -139.124
3148, 52.46667, 57.8961, 152.251, 0.00773833, -139.118
3149, 52.47500, 57.8596, 152.254, 0.00773457, -139.112
3149, 52.48333, 57.8232, 152.257, 0.00773082, -139.106
3150, 52.49167, 57.7868, 152.26, 0.00772706, -139.1
3150, 52.50000, 57.7504, 152.263, 0.00772331, -139.093
3151, 52.50833, 57.714, 152.266, 0.00771956, -139.087
3151, 52.51667, 57.6777, 152.269, 0.00771581, -139.081
3152, 52.52500, 57.6414, 152.272, 0.00771207, -139.075
3152, 52.53333, 57.6051, 152.275, 0.00770832, -139.068
3153, 52.54167, 57.5688, 152.278, 0.00770458, -139.062
3153, 52.55000, 57.5325, 152.281, 0.00770083, -139.056
3154, 52.55833, 57.4963, 152.284, 0.00769709, -139.05
3154, 52.56667, 57.4601, 152.287, 0.00769335, -139.043
3155, 52.57500, 57.4239, 152.29, 0.00768962, -139.037
3155, 52.58333, 57.3877, 152.294, 0.00768588, -139.031
3156, 52.59167, 57.3516, 152.297, 0.00768215, -139.024
3156, 52.60000, 57.3155, 152.3, 0.00767841, -139.018
3157, 52.60833, 57.2794, 152.303, 0.00767468, -139.012
3157, 52.61667, 57.2433, 152.306, 0.00767095, -139.005
3158, 52.62500, 57.2072, 152.309, 0.00766722, -138.999
3158, 52.63333, 57.1712, 152.313, 0.00766349, -138.992
3159, 52.64167, 57.1352, 152.316, 0.00765977, -138.986
3159, 52.65000, 57.0992, 152.319, 0.00765604, -138.98
3160, 52.65833, 57.0632, 152.322, 0.00765232, -138.973
3160, 52.66667, 57.0272, 152.326, 0.0076486, -138.967
3161, 52.67500, 56.9913, 152.329, 0.00764488, -138.96
3161, 52.68333, 56.9554, 152.332, 0.00764116, -138.954
3162, 52.69167, 56.9195, 152.335, 0.00763744, -138.947
3162, 52.70000, 56.8836, 152.339, 0.00763373, -138.941
3163, 52.70833, 56.8477, 152.342, 0.00763001, -138.934
3163, 52.71667, 56.8119, 152.345, 0.0076263, -138.928
3164, 52.72500, 56.7761, 152.349, 0.00762259, -138.921
3164, 52.73333, 56.7403, 152.352, 0.00761888, -138.915
3165, 52.74167, 56.7045, 152.355, 0.00761517, -138.908
3165, 52.75000, 56.6688, 152.359, 0.00761146, -138.902
3166, 52.75833, 56.633, 152.362, 0.00760775, -138.895
3166, 52.76667, 56.5973, 152.366, 0.00760405, -138.888
3167, 52.77500, 56.5616, 152.369, 0.00760034, -138.882
3167, 52.78333, 56.526, 152.373, 0.00759664, -138.875
3168, 52.79167, 56.4903, 152.376, 0.00759294, -138.868
3168, 52.80000, 56.4547, 152.38, 0.00758924, -138.862
3169, 52.80833, 56.419, 152.383, 0.00758554, -138.855
3169, 52.81667, 56.3834, 152.387, 0.00758184, -138.848
3170, 52.82500, 56.3479, 152.39, 0.00757814, -138.842
3170, 52.83333, 56.3123, 152.394, 0.00757445, -138.835
3171, 52.84167, 56.2768, 152.397, 0.00757076, -138.828
3171, 52.85000, 56.2413, 152.401, 0.00756706, -138.822
3172, 52.85833, 56.2058, 152.404, 0.00756337, -138.815
3172, 52.86667, 56.1703, 152.408, 0.00755968, -138.808
3173, 52.87500, 56.1348, 152.411, 0.00755599, -138.801
3173, 52.88333, 56.0994, 152.415, 0.0075523, -138.795
3174, 52.89167, 56.0639, 152.419, 0.00754862, -138.788
3174, 52.90000, 56.0285, 152.422, 0.00754493, -138.781
3175, 52.90833, 55.9931, 152.426, 0.00754125, -138.774
3175, 52.91667, 55.9578, 152.43, 0.00753756, -138.767
3176, 52.92500, 55.9224, 152.433, 0.00753388, -138.76
3176, 52.93333, 55.8871, 152.437, 0.0075302, -138.754
3177, 52.94167, 55.8518, 152.441, 0.00752652, -138.747
3177, 52.95000, 55.8165, 152.445, 0.00752284, -138.74
3178, 52.95833, 55.7812, 152.448, 0.00751916, -138.733
3178, 52.96667, 55.7459, 152.452, 0.00751548, -138.726
3179, 52.97500, 55.7107, 152.456, 0.00751181, -138.719
3179, 52.98333, 55.6755, 152.46, 0.00750813, -138.712
3180, 52.99167, 55.6402, 152.463, 0.00750446, -138.705
3180, 53.00000, 55.6051, 152.467, 0.00750079, -138.698
3181, 53.00833, 55.5699, 152.471, 0.00749711, -138.691
3181, 53.01667, 55.5347, 152.475, 0.00749344, -138.684
3182, 53.02500, 55.4996, 152.479, 0.00748977, -138.677
3182, 53.03333, 55.4645, 152.483, 0.00748611, -138.67
3183, 53.04167, 55.4294, 152.487, 0.00748244, -138.663
3183, 53.05000, 55.3943, 152.49, 0.00747877, -138.656
3184, 53.05833, 55.3592, 152.494, 0.00747511, -138.649
3184, 53.06667, 55.3242, 152.498, 0.00747144, -138.642
3185, 53.07500, 55.2891, 152.502, 0.00746778, -138.635
3185, 53.08333, 55.2541, 152.506, 0.00746411, -138.628
3186, 53.09167, 55.2191, 152.51, 0.00746045, -138.621
3186, 53.10000, 55.1841, 152.514, 0.00745679, -138.613
3187, 53.10833, 55.1491, 152.518, 0.00745313, -138.606
3187, 53.11667, 55.1142, 152.522, 0.00744947, -138.599
3188, 53.12500, 55.0793, 152.526, 0.00744581, -138.592
3188, 53.13333, 55.0443, 152.53, 0.00744216, -138.585
3189, 53.14167, 55.0094, 152.535, 0.0074385, -138.577
3189, 53.15000, 54.9746, 152.539, 0.00743484, -138.57
3190, 53.15833, 54.9397, 152.543, 0.00743119, -138.563
3190, 53.16667, 54.9048, 152.547, 0.00742753, -138.556
3191, 53.17500, 54.87, 152.551, 0.00742388, -138.548
3191, 53.18333, 54.8352, 152.555, 0.00742023, -138.541
3192, 53.19167, 54.8004, 152.559, 0.00741658, -138.534
3192, 53.20000, 54.7656, 152.564, 0.00741293, -138.527
3193, 53.20833, 54.7308, 152.568, 0.00740928, -138.519
3193, 53.21667, 54.696, 152.572, 0.00740563, -138.512
3194, 53.22500, 54.6613, 152.576, 0.00740198, -138.505
3194, 53.23333, 54.6266, 152.58, 0.00739833, -138.497
3195, 53.24167, 54.5919, 152.585, 0.00739469, -138.49
3195, 53.25000, 54.5572, 152.589, 0.00739104, -138.482
3196, 53.25833, 54.5225, 152.593, 0.0073874, -138.475
3196, 53.26667, 54.4878, 152.598, 0.00738375, -138.467
3197, 53.27500, 54.4532, 152.602, 0.00738011, -138.46
3197, 53.28333, 54.4185, 152.606, 0.00737647, -138.453
3198, 53.29167, 54.3839, 152.611, 0.00737282, -138.445
3198, 53.30000, 54.3493, 152.615, 0.00736918, -138.438
3199, 53.30833, 54.3147, 152.619, 0.00736554, -138.43
3199, 53.31667, 54.2801, 152.624, 0.0073619, -138.422
3200, 53.32500, 54.2456, 152.628, 0.00735826, -138.415
3200, 53.33333, 54.211, 152.633, 0.00735462, -138.407
3201, 53.34167, 54.1765, 152.637, 0.00735098, -138.4
3201, 53.35000, 54.142, 152.642, 0.00734735, -138.392
3202, 53.35833, 54.1075, 152.646, 0.00734371, -138.385
3202, 53.36667, 54.073, 152.651, 0.00734007, -138.377
3203, 53.37500, 54.0385, 152.655, 0.00733644, -138.369
3203, 53.38333, 54.0041, 152.66, 0.00733281, -138.362
3204, 53.39167, 53.9696, 152.664, 0.00732917, -138.354
3204, 53.40000, 53.9352, 152.669, 0.00732554, -138.346
3205, 53.40833, 53.9008, 152.674, 0.0073219, -138.339
3205, 53.41667, 53.8664, 152.678, 0.00731827, -138.331
3206, 53.42500, 53.832, 152.683, 0.00731464, -138.323
3206, 53.43333, 53.7976, 152.688, 0.00731101, -138.315
3207, 53.44167, 53.7633, 152.692, 0.00730738, -138.308
3207, 53.45000, 53.7289, 152.697, 0.00730375, -138.3
3208, 53.45833, 53.6946, 152.702, 0.00730012, -138.292
3208, 53.46667, 53.6603, 152.706, 0.00729649, -138.284
3209, 53.47500, 53.626, 152.711, 0.00729286, -138.276
3209, 53.48333, 53.5917, 152.716, 0.00728923, -138.268
3210, 53.49167, 53.5574, 152.721, 0.00728561, -138.26
3210, 53.50000, 53.5231, 152.725, 0.00728198, -138.253
3211, 53.50833, 53.4889, 152.73, 0.00727835, -138.245
3211, 53.51667, 53.4546, 152.735, 0.00727473, -138.237
3212, 53.52500, 53.4204, 152.74, 0.0072711, -138.229
3212, 53.53333, 53.3862, 152.745, 0.00726748, -138.221
3213, 53.54167, 53.352, 152.75, 0.00726385, -138.213
3213, 53.55000, 53.3178, 152.755, 0.00726023, -138.205
3214, 53.55833, 53.2837, 152.76, 0.00725661, -138.197
3214, 53.56667, 53.2495, 152.764, 0.00725298, -138.189
3215, 53.57500, 53.2153, 152.769, 0.00724936, -138.181
3215, 53.58333, 53.1812, 152.774, 0.00724574, -138.173
3216, 53.59167, 53.1471, 152.779, 0.00724212, -138.165
3216, 53.60000, 53.113, 152.784, 0.0072385, -138.157
3217, 53.60833, 53.0789, 152.789, 0.00723488, -138.148
3217, 53.61667, 53.0448, 152.795, 0.00723126, -138.14
3218, 53.62500, 53.0107, 152.8, 0.00722764, -138.132
3218, 53.63333, 52.9767, 152.805, 0.00722402, -138.124
3219, 53.64167, 52.9426, 152.81, 0.0072204, -138.116
3219, 53.65000, 52.9086, 152.815, 0.00721678, -138.108
3220, 53.65833, 52.8746, 152.82, 0.00721316, -138.099
3220, 53.66667, 52.8405, 152.825, 0.00720954, -138.091
3221, 53.67500, 52.8066, 152.83, 0.00720592, -138.083
3221, 53.68333, 52.7726, 152.836, 0.0072023, -138.075
3222, 53.69167, 52.7386, 152.841, 0.00719869, -138.066
3222, 53.70000, 52.7046, 152.846, 0.00719507, -138.058
3223, 53.70833, 52.6707, 152.851, 0.00719145, -138.05
3223, 53.71667, 52.6367, 152.857, 0.00718784, -138.041
3224, 53.72500, 52.6028, 152.862, 0.00718422, -138.033
3224, 53.73333, 52.5689, 152.867, 0.00718061, -138.024
3225, 53.74167, 52.535, 152.873, 0.00717699, -138.016
3225, 53.75000, 52.5011, 152.878, 0.00717337, -138.008
3226, 53.75833, 52.4672, 152.883, 0.00716976, -137.999
3226, 53.76667, 52.4333, 152.889, 0.00716614, -137.991
3227, 53.77500, 52.3995, 152.894, 0.00716253, -137.982
3227, 53.78333, 52.3656, 152.9, 0.00715892, -137.974
3228, 53.79167, 52.3318, 152.905, 0.0071553, -137.965
3228, 53.80000, 52.298, 152.911, 0.00715169, -137.957
3229, 53.80833, 52.2642, 152.916, 0.00714807, -137.948
3229, 53.81667, 52.2303, 152.922, 0.00714446, -137.939
3230, 53.82500, 52.1966, 152.927, 0.00714085, -137.931
3230, 53.83333, 52.1628, 152.933, 0.00713724, -137.922
3231, 53.84167, 52.129, 152.938, 0.00713362, -137.914
3231, 53.85000, 52.0952, 152.944, 0.00713001, -137.905
3232, 53.85833, 52.0615, 152.949, 0.0071264, -137.896
3232, 53.86667, 52.0277, 152.955, 0.00712278, -137.888
3233, 53.87500, 51.994, 152.961, 0.00711917, -137.879
3233, 53.88333, 51.9603, 152.966, 0.00711556, -137.87
3234, 53.89167, 51.9266, 152.972, 0.00711195, -137.861
3234, 53.90000, 51.8929, 152.978, 0.00710834, -137.853
3235, 53.90833, 51.8592, 152.984, 0.00710473, -137.844
3235, 53.91667, 51.8255, 152.989, 0.00710111, -137.835
3236, 53.92500, 51.7919, 152.995, 0.0070975, -137.826
3236, 53.93333, 51.7582, 153.001, 0.00709389, -137.817
3237, 53.94167, 51.7245, 153.007, 0.00709028, -137.808
3237, 53.95000, 51.6909, 153.013, 0.00708667, -137.799
3238, 53.95833, 51.6573, 153.019, 0.00708306, -137.791
3238, 53.96667, 51.6237, 153.024, 0.00707945, -137.782
3239, 53.97500, 51.5901, 153.03, 0.00707584, -137.773
3239, 53.98333, 51.5565, 153.036, 0.00707222, -137.764
3240, 53.99167, 51.5229, 153.042, 0.00706861, -137.755
3240, 54.00000, 51.4893, 153.048, 0.007065, -137.746
3241, 54.00833, 51.4557, 153.054, 0.00706139, -137.737
3241, 54.01667, 51.4222, 153.06, 0.00705778, -137.727
3242, 54.02500, 51.3886, 153.066, 0.00705417, -137.718
3242, 54.03333, 51.3551, 153.072, 0.00705056, -137.709
3243, 54.04167, 51.3215, 153.079, 0.00704695, -137.7
3243, 54.05000, 51.288, 153.085, 0.00704334, -137.691
3244, 54.05833, 51.2545, 153.091, 0.00703973, -137.682
3244, 54.06667, 51.221, 153.097, 0.00703611, -137.673
3245, 54.07500, 51.1875, 153.103, 0.0070325, -137.663
3245, 54.08333, 51.154, 153.109, 0.00702889, -137.654
3246, 54.09167, 51.1205, 153.116, 0.00702528, -137.645
3246, 54.10000, 51.0871, 153.122, 0.00702167, -137.636
3247, 54.10833, 51.0536, 153.128, 0.00701806, -137.626
3247, 54.11667, 51.0201, 153.134, 0.00701445, -137.617
3248, 54.12500, 50.9867, 153.141, 0.00701084, -137.608
3248, 54.13333, 50.9533, 153.147, 0.00700722, -137.598
3249, 54.14167, 50.9198, 153.153, 0.00700361, -137.589
3249, 54.15000, 50.8864, 153.16, 0.007, -137.579
3250, 54.15833, 50.853, 153.166, 0.00699639, -137.57
3250, 54.16667, 50.8196, 153.173, 0.00699278, -137.561
3251, 54.17500, 50.7862, 153.179, 0.00698917, -137.551
3251, 54.18333, 50.7528, 153.186, 0.00698555, -137.542
3252, 54.19167, 50.7195, 153.192, 0.00698194, -137.532
3252, 54.20000, 50.6861, 153.199, 0.00697833, -137.523
3253, 54.20833, 50.6527, 153.205, 0.00697472, -137.513
3253, 54.21667, 50.6194, 153.212, 0.0069711, -137.503
3254, 54.22500, 50.586, 153.218, 0.00696749, -137.494
3254, 54.23333, 50.5527, 153.225, 0.00696388, -137.484
3255, 54.24167, 50.5194, 153.232, 0.00696026, -137.474
3255, 54.25000, 50.486, 153.238, 0.00695665, -137.465
3256, 54.25833, 50.4527, 153.245, 0.00695304, -137.455
3256, 54.26667, 50.4194, 153.252, 0.00694942, -137.445
3257, 54.27500, 50.3861, 153.258, 0.00694581, -137.436
3257, 54.28333, 50.3528, 153.265, 0.00694219, -137.426
3258, 54.29167, 50.3196, 153.272, 0.00693858, -137.416
3258, 54.30000, 50.2863, 153.279, 0.00693496, -137.406
3259, 54.30833, 50.253, 153.286, 0.00693135, -137.396
3259, 54.31667, 50.2198, 153.292, 0.00692773, -137.386
3260, 54.32500, 50.1865, 153.299, 0.00692412, -137.376
3260, 54.33333, 50.1533, 153.306, 0.0069205, -137.367
3261, 54.34167, 50.12, 153.313, 0.00691689, -137.357
3261, 54.35000, 50.0868, 153.32, 0.00691327, -137.347
3262, 54.35833, 50.0536, 153.327, 0.00690965, -137.337
3262, 54.36667, 50.0204, 153.334, 0.00690603, -137.327
3263, 54.37500, 49.9872, 153.341, 0.00690242, -137.317
3263, 54.38333, 49.954, 153.348, 0.0068988, -137.307
3264, 54.39167, 49.9208, 153.355, 0.00689518, -137.296
3264, 54.40000, 49.8876, 153.363, 0.00689156, -137.286
3265, 54.40833, 49.8544, 153.37, 0.00688794, -137.276
3265, 54.41667, 49.8212, 153.377, 0.00688433, -137.266
3266, 54.42500, 49.788, 153.384, 0.00688071, -137.256
3266, 54.43333, 49.7549, 153.391, 0.00687709, -137.246
3267, 54.44167, 49.7217, 153.399, 0.00687347, -137.235
3267, 54.45000, 49.6886, 153.406, 0.00686985, -137.225
3268, 54.45833, 49.6554, 153.413, 0.00686623, -137.215
3268, 54.46667, 49.6223, 153.42, 0.0068626, -137.204
3269, 54.47500, 49.5892, 153.428, 0.00685898, -137.194
3269, 54.48333, 49.556, 153.435, 0.00685536, -137.184
3270, 54.49167, 49.5229, 153.443, 0.00685174, -137.173
3270, 54.50000, 49.4898, 153.45, 0.00684812, -137.163
3271, 54.50833, 49.4567, 153.457, 0.00684449, -137.152
3271, 54.51667, 49.4236, 153.465, 0.00684087, -137.142
3272, 54.52500, 49.3905, 153.473, 0.00683724, -137.131
3272, 54.53333, 49.3574, 153.48, 0.00683362, -137.121
3273, 54.54167, 49.3244, 153.488, 0.00682999, -137.11
3273, 54.55000, 49.2913, 153.495, 0.00682637, -137.1
3274, 54.55833, 49.2582, 153.503, 0.00682274, -137.089
3274, 54.56667, 49.2251, 153.51, 0.00681912, -137.078
3275, 54.57500, 49.1921, 153.518, 0.00681549, -137.068
3275, 54.58333, 49.159, 153.526, 0.00681186, -137.057
3276, 54.59167, 49.126, 153.534, 0.00680823, -137.046
3276, 54.60000, 49.093, 153.541, 0.00680461, -137.036
3277, 54.60833, 49.0599, 153.549, 0.00680098, -137.025
3277, 54.61667, 49.0269, 153.557, 0.00679735, -137.014
3278, 54.62500, 48.9939, 153.565, 0.00679372, -137.003
3278, 54.63333, 48.9608, 153.573, 0.00679009, -136.992
3279, 54.64167, 48.9278, 153.581, 0.00678646, -136.982
3279, 54.65000, 48.8948, 153.589, 0.00678283, -136.971
3280, 54.65833, 48.8618, 153.597, 0.00677919, -136.96
3280, 54.66667, 48.8288, 153.605, 0.00677556, -136.949
3281, 54.67500, 48.7958, 153.613, 0.00677193, -136.938
3281, 54.68333, 48.7628, 153.621, 0.00676829, -136.927
3282, 54.69167, 48.7299, 153.629, 0.00676466, -136.916
3282, 54.70000, 48.6969, 153.637, 0.00676102, -136.905
3283, 54.70833, 48.6639, 153.645, 0.00675739, -136.893
3283, 54.71667, 48.6309, 153.653, 0.00675375, -136.882
3284, 54.72500, 48.598, 153.661, 0.00675012, -136.871
3284, 54.73333, 48.565, 153.67, 0.00674648, -136.86
3285, 54.74167, 48.5321, 153.678, 0.00674284, -136.849
3285, 54.75000, 48.4991, 153.686, 0.0067392, -136.837
3286, 54.75833, 48.4662, 153.694, 0.00673556, -136.826
3286, 54.76667, 48.4332, 153.703, 0.00673192, -136.815
3287, 54.77500, 48.4003, 153.711, 0.00672828, -136.804
3287, 54.78333, 48.3674, 153.72, 0.00672464, -136.792
3288, 54.79167, 48.3344, 153.728, 0.006721, -136.781
3288, 54.80000, 48.3015, 153.736, 0.00671736, -136.769
3289, 54.80833, 48.2686, 153.745, 0.00671372, -136.758
3289, 54.81667, 48.2357, 153.753, 0.00671007, -136.746
3290, 54.82500, 48.2028, 153.762, 0.00670643, -136.735
3290, 54.83333, 48.1699, 153.771, 0.00670278, -136.723
3291, 54.84167, 48.137, 153.779, 0.00669914, -136.712
3291, 54.85000, 48.1041, 153.788, 0.00669549, -136.7
3292, 54.85833, 48.0712, 153.797, 0.00669184, -136.688
3292, 54.86667, 48.0383, 153.805, 0.0066882, -136.677
3293, 54.87500, 48.0054, 153.814, 0.00668455, -136.665
3293, 54.88333, 47.9725, 153.823, 0.0066809, -136.653
3294, 54.89167, 47.9396, 153.832, 0.00667725, -136.642
3294, 54.90000, 47.9068, 153.841, 0.0066736, -136.63
3295, 54.90833, 47.8739, 153.849, 0.00666995, -136.618
3295, 54.91667, 47.841, 153.858, 0.00666629, -136.606
3296, 54.92500, 47.8082, 153.867, 0.00666264, -136.594
3296, 54.93333, 47.7753, 153.876, 0.00665899, -136.582
3297, 54.94167, 47.7424, 153.885, 0.00665533, -136.57
3297, 54.95000, 47.7096, 153.894, 0.00665168, -136.558
3298, 54.95833, 47.6767, 153.903, 0.00664802, -136.546
3298, 54.96667, 47.6439, 153.912, 0.00664437, -136.534
3299, 54.97500, 47.611, 153.922, 0.00664071, -136.522
3299, 54.98333, 47.5782, 153.931, 0.00663705, -136.51
3300, 54.99167, 47.5454, 153.94, 0.00663339, -136.498
3300, 55.00000, 47.5125, 153.949, 0.00662973, -136.486
3301, 55.00833, 47.4797, 153.958, 0.00662607, -136.474
3301, 55.01667, 47.4469, 153.968, 0.00662241, -136.461
3302, 55.02500, 47.4141, 153.977, 0.00661875, -136.449
3302, 55.03333, 47.3812, 153.986, 0.00661508, -136.437
3303, 55.04167, 47.3484, 153.996, 0.00661142, -136.424
3303, 55.05000, 47.3156, 154.005, 0.00660775, -136.412
3304, 55.05833, 47.2828, 154.015, 0.00660409, -136.4
3304, 55.06667, 47.25, 154.024, 0.00660042, -136.387
3305, 55.07500, 47.2172, 154.034, 0.00659675, -136.375
3305, 55.08333, 47.1844, 154.043, 0.00659308, -136.362
3306, 55.09167, 47.1516, 154.053, 0.00658941, -136.35
3306, 55.10000, 47.1188, 154.063, 0.00658574, -136.337
3307, 55.10833, 47.086, 154.072, 0.00658207, -136.324
3307, 55.11667, 47.0532, 154.082, 0.0065784, -136.312
3308, 55.12500, 47.0204, 154.092, 0.00657473, -136.299
3308, 55.13333, 46.9876, 154.102, 0.00657105, -136.286
3309, 55.14167, 46.9548, 154.111, 0.00656738, -136.274
3309, 55.15000, 46.922, 154.121, 0.0065637, -136.261
3310, 55.15833, 46.8893, 154.131, 0.00656003, -136.248
3310, 55.16667, 46.8565, 154.141, 0.00655635, -136.235
3311, 55.17500, 46.8237, 154.151, 0.00655267, -136.222
3311, 55.18333, 46.7909, 154.161, 0.00654899, -136.209
3312, 55.19167, 46.7582, 154.171, 0.00654531, -136.196
3312, 55.20000, 46.7254, 154.181, 0.00654163, -136.183
3313, 55.20833, 46.6926, 154.191, 0.00653795, -136.17
3313, 55.21667, 46.6599, 154.202, 0.00653426, -136.157
3314, 55.22500, 46.6271, 154.212, 0.00653058, -136.144
3314, 55.23333, 46.5943, 154.222, 0.00652689, -136.131
3315, 55.24167, 46.5616, 154.232, 0.00652321, -136.118
3315, 55.25000, 46.5288, 154.243, 0.00651952, -136.105
3316, 55.25833, 46.4961, 154.253, 0.00651583, -136.091
3316, 55.26667, 46.4633, 154.263, 0.00651214, -136.078
3317, 55.27500, 46.4305, 154.274, 0.00650845, -136.065
3317, 55.28333, 46.3978, 154.284, 0.00650476, -136.051
3318, 55.29167, 46.365, 154.295, 0.00650107, -136.038
3318, 55.30000, 46.3323, 154.305, 0.00649738, -136.025
3319, 55.30833, 46.2996, 154.316, 0.00649368, -136.011
3319, 55.31667, 46.2668, 154.326, 0.00648999, -135.998
3320, 55.32500, 46.2341, 154.337, 0.00648629, -135.984
3320, 55.33333, 46.2013, 154.348, 0.00648259, -135.97
3321, 55.34167, 46.1686, 154.358, 0.00647889, -135.957
3321, 55.35000, 46.1358, 154.369, 0.00647519, -135.943
3322, 55.35833, 46.1031, 154.38, 0.00647149, -135.929
3322, 55.36667, 46.0704, 154.391, 0.00646779, -135.916
3323, 55.37500, 46.0376, 154.402, 0.00646409, -135.902
3323, 55.38333, 46.0049, 154.413, 0.00646038, -135.888
3324, 55.39167, 45.9722, 154.423, 0.00645668, -135.874
3324, 55.40000, 45.9394, 154.434, 0.00645297, -135.86
3325, 55.40833, 45.9067, 154.446, 0.00644926, -135.846
3325, 55.41667, 45.874, 154.457, 0.00644556, -135.832
3326, 55.42500, 45.8412, 154.468, 0.00644185, -135.818
3326, 55.43333, 45.8085, 154.479, 0.00643814, -135.804
3327, 55.44167, 45.7758, 154.49, 0.00643442, -135.79
3327, 55.45000, 45.7431, 154.501, 0.00643071, -135.776
3328, 55.45833, 45.7103, 154.513, 0.006427, -135.762
3328, 55.46667, 45.6776, 154.524, 0.00642328, -135.748
3329, 55.47500, 45.6449, 154.535, 0.00641957, -135.734
3329, 55.48333, 45.6122, 154.547, 0.00641585, -135.719
3330, 55.49167, 45.5794, 154.558, 0.00641213, -135.705
3330, 55.50000, 45.5467, 154.57, 0.00640841, -135.69
3331, 55.50833, 45.514, 154.581, 0.00640469, -135.676
3331, 55.51667, 45.4813, 154.593, 0.00640097, -135.662
3332, 55.52500, 45.4486, 154.604, 0.00639724, -135.647
3332, 55.53333, 45.4158, 154.616, 0.00639352, -135.633
3333, 55.54167, 45.3831, 154.628, 0.00638979, -135.618
3333, 55.55000, 45.3504, 154.639, 0.00638606, -135.603
3334, 55.55833, 45.3177, 154.651, 0.00638234, -135.589
3334, 55.56667, 45.285, 154.663, 0.00637861, -135.574
3335, 55.57500, 45.2523, 154.675, 0.00637488, -135.559
3335, 55.58333, 45.2195, 154.687, 0.00637115, -135.544
3336, 55.59167, 45.1868, 154.699, 0.00636741, -135.53
3336, 55.60000, 45.1541, 154.711, 0.00636368, -135.515
3337, 55.60833, 45.1214, 154.723, 0.00635994, -135.5
3337, 55.61667, 45.0887, 154.735, 0.0063562, -135.485
3338, 55.62500, 45.056, 154.747, 0.00635247, -135.47
3338, 55.63333, 45.0232, 154.759, 0.00634873, -135.455
3339, 55.64167, 44.9905, 154.772, 0.00634499, -135.44
3339, 55.65000, 44.9578, 154.784, 0.00634125, -135.424
3340, 55.65833, 44.9251, 154.796, 0.0063375, -135.409
3340, 55.66667, 44.8924, 154.809, 0.00633376, -135.394
3341, 55.67500, 44.8597, 154.821, 0.00633001, -135.379
3341, 55.68333, 44.8269, 154.833, 0.00632627, -135.363
3342, 55.69167, 44.7942, 154.846, 0.00632252, -135.348
3342, 55.70000, 44.7615, 154.858, 0.00631877, -135.333
3343, 55.70833, 44.7288, 154.871, 0.00631502, -135.317
3343, 55.71667, 44.6961, 154.884, 0.00631127, -135.302
3344, 55.72500, 44.6633, 154.896, 0.00630751, -135.286
3344, 55.73333, 44.6306, 154.909, 0.00630376, -135.27
3345, 55.74167, 44.5979, 154.922, 0.0063, -135.255
3345, 55.75000, 44.5652, 154.935, 0.00629624, -135.239
3346, 55.75833, 44.5325, 154.948, 0.00629249, -135.223
3346, 55.76667, 44.4997, 154.96, 0.00628872, -135.208
3347, 55.77500, 44.467, 154.973, 0.00628496, -135.192
3347, 55.78333, 44.4343, 154.986, 0.0062812, -135.176
3348, 55.79167, 44.4016, 155, 0.00627744, -135.16
3348, 55.80000, 44.3689, 155.013, 0.00627367, -135.144
3349, 55.80833, 44.3361, 155.026, 0.00626991, -135.128
3349, 55.81667, 44.3034, 155.039, 0.00626614, -135.112
3350, 55.82500, 44.2707, 155.052, 0.00626237, -135.096
3350, 55.83333, 44.238, 155.066, 0.0062586, -135.08
3351, 55.84167, 44.2052, 155.079, 0.00625482, -135.063
3351, 55.85000, 44.1725, 155.092, 0.00625105, -135.047
3352, 55.85833, 44.1398, 155.106, 0.00624728, -135.031
3352, 55.86667, 44.107, 155.119, 0.0062435, -135.014
3353, 55.87500, 44.0743, 155.133, 0.00623972, -134.998
3353, 55.88333, 44.0416, 155.146, 0.00623594, -134.982
3354, 55.89167, 44.0089, 155.16, 0.00623216, -134.965
3354, 55.90000, 43.9761, 155.174, 0.00622838, -134.949
3355, 55.90833, 43.9434, 155.188, 0.0062246, -134.932
3355, 55.91667, 43.9106, 155.201, 0.00622081, -134.915
3356, 55.92500, 43.8779, 155.215, 0.00621703, -134.899
3356, 55.93333, 43.8452, 155.229, 0.00621324, -134.882
3357, 55.94167, 43.8124, 155.243, 0.00620945, -134.865
3357, 55.95000, 43.7797, 155.257, 0.00620566, -134.848
3358, 55.95833, 43.747, 155.271, 0.00620187, -134.831
3358, 55.96667, 43.7142, 155.285, 0.00619807, -134.814
3359, 55.97500, 43.6815, 155.299, 0.00619428, -134.797
3359, 55.98333, 43.6487, 155.314, 0.00619048, -134.78
3360, 55.99167, 43.616, 155.328, 0.00618669, -134.763
3360, 56.00000, 43.5832, 155.342, 0.00618289, -134.746
3361, 56.00833, 43.5505, 155.357, 0.00617909, -134.729
3361, 56.01667, 43.5177, 155.371, 0.00617528, -134.711
3362, 56.02500, 43.485, 155.386, 0.00617148, -134.694
3362, 56.03333, 43.4522, 155.4, 0.00616767, -134.677
3363, 56.04167, 43.4195, 155.415, 0.00616387, -134.659
3363, 56.05000, 43.3867, 155.429, 0.00616006, -134.642
3364, 56.05833, 43.3539, 155.444, 0.00615625, -134.624
3364, 56.06667, 43.3212, 155.459, 0.00615244, -134.607
3365, 56.07500, 43.2884, 155.474, 0.00614863, -134.589
3365, 56.08333, 43.2557, 155.489, 0.00614481, -134.571
3366, 56.09167, 43.2229, 155.503, 0.006141, -134.554
3366, 56.10000, 43.1901, 155.518, 0.00613718, -134.536
3367, 56.10833, 43.1574, 155.534, 0.00613336, -134.518
3367, 56.11667, 43.1246, 155.549, 0.00612954, -134.5
3368, 56.12500, 43.0918, 155.564, 0.00612572, -134.482
3368, 56.13333, 43.059, 155.579, 0.0061219, -134.464
3369, 56.14167, 43.0263, 155.594, 0.00611807, -134.446
3369, 56.15000, 42.9935, 155.61, 0.00611425, -134.428
3370, 56.15833, 42.9607, 155.625, 0.00611042, -134.409
3370, 56.16667, 42.9279, 155.64, 0.00610659, -134.391
3371, 56.17500, 42.8951, 155.656, 0.00610276, -134.373
3371, 56.18333, 42.8624, 155.671, 0.00609893, -134.355
3372, 56.19167, 42.8296, 155.687, 0.00609509, -134.336
3372, 56.20000, 42.7968, 155.703, 0.00609126, -134.318
3373, 56.20833, 42.764, 155.718, 0.00608742, -134.299
3373, 56.21667, 42.7312, 155.734, 0.00608358, -134.28
3374, 56.22500, 42.6984, 155.75, 0.00607974, -134.262
3374, 56.23333, 42.6656, 155.766, 0.0060759, -134.243
3375, 56.24167, 42.6328, 155.782, 0.00607206, -134.224
3375, 56.25000, 42.6, 155.798, 0.00606821, -134.205
3376, 56.25833, 42.5672, 155.814, 0.00606437, -134.187
3376, 56.26667, 42.5344, 155.83, 0.00606052, -134.168
3377, 56.27500, 42.5016, 155.846, 0.00605667, -134.149
3377, 56.28333, 42.4688, 155.863, 0.00605282, -134.13
3378, 56.29167, 42.4359, 155.879, 0.00604897, -134.11
3378, 56.30000, 42.4031, 155.895, 0.00604511, -134.091
3379, 56.30833, 42.3703, 155.912, 0.00604126, -134.072
3379, 56.31667, 42.3375, 155.928, 0.0060374, -134.053
3380, 56.32500, 42.3047, 155.945, 0.00603354, -134.033
3380, 56.33333, 42.2718, 155.961, 0.00602968, -134.014
3381, 56.34167, 42.239, 155.978, 0.00602582, -133.994
3381, 56.35000, 42.2062, 155.995, 0.00602195, -133.975
3382, 56.35833, 42.1733, 156.012, 0.00601809, -133.955
3382, 56.36667, 42.1405, 156.029, 0.00601422, -133.935
3383, 56.37500, 42.1077, 156.046, 0.00601035, -133.916
3383, 56.38333, 42.0748, 156.063, 0.00600648, -133.896
3384, 56.39167, 42.042, 156.08, 0.00600261, -133.876
3384, 56.40000, 42.0091, 156.097, 0.00599874, -133.856
3385, 56.40833, 41.9763, 156.114, 0.00599486, -133.836
3385, 56.41667, 41.9434, 156.131, 0.00599098, -133.816
3386, 56.42500, 41.9106, 156.149, 0.00598711, -133.796
3386, 56.43333, 41.8777, 156.166, 0.00598323, -133.776
3387, 56.44167, 41.8449, 156.183, 0.00597934, -133.755
3387, 56.45000, 41.812, 156.201, 0.00597546, -133.735
3388, 56.45833, 41.7791, 156.219, 0.00597158, -133.715
3388, 56.46667, 41.7463, 156.236, 0.00596769, -133.694
3389, 56.47500, 41.7134, 156.254, 0.0059638, -133.674
3389, 56.48333, 41.6805, 156.272, 0.00595991, -133.653
3390, 56.49167, 41.6477, 156.29, 0.00595602, -133.632
3390, 56.50000, 41.6148, 156.307, 0.00595213, -133.612
3391, 56.50833, 41.5819, 156.325, 0.00594823, -133.591
3391, 56.51667, 41.549, 156.344, 0.00594433, -133.57
3392, 56.52500, 41.5161, 156.362, 0.00594044, -133.549
3392, 56.53333, 41.4833, 156.38, 0.00593654, -133.528
3393, 56.54167, 41.4504, 156.398, 0.00593263, -133.507
3393, 56.55000, 41.4175, 156.417, 0.00592873, -133.486
3394, 56.55833, 41.3846, 156.435, 0.00592483, -133.465
3394, 56.56667, 41.3517, 156.453, 0.00592092, -133.443
3395, 56.57500, 41.3188, 156.472, 0.00591701, -133.422
3395, 56.58333, 41.2859, 156.491, 0.0059131, -133.401
3396, 56.59167, 41.2529, 156.509, 0.00590919, -133.379
3396, 56.60000, 41.22, 156.528, 0.00590528, -133.358
3397, 56.60833, 41.1871, 156.547, 0.00590136, -133.336
3397, 56.61667, 41.1542, 156.566, 0.00589744, -133.314
3398, 56.62500, 41.1213, 156.585, 0.00589353, -133.293
3398, 56.63333, 41.0884, 156.604, 0.00588961, -133.271
3399, 56.64167, 41.0554, 156.623, 0.00588568, -133.249
3399, 56.65000, 41.0225, 156.642, 0.00588176, -133.227
3400, 56.65833, 40.9896, 156.661, 0.00587783, -133.205
3400, 56.66667, 40.9566, 156.681, 0.00587391, -133.183
3401, 56.67500, 40.9237, 156.7, 0.00586998, -133.161
3401, 56.68333, 40.8908, 156.72, 0.00586605, -133.138
3402, 56.69167, 40.8578, 156.739, 0.00586212, -133.116
3402, 56.70000, 40.8249, 156.759, 0.00585818, -133.094
3403, 56.70833, 40.7919, 156.779, 0.00585425, -133.071
3403, 56.71667, 40.759, 156.798, 0.00585031, -133.049
3404, 56.72500, 40.726, 156.818, 0.00584637, -133.026
3404, 56.73333, 40.6931, 156.838, 0.00584243, -133.003
3405, 56.74167, 40.6601, 156.858, 0.00583849, -132.98
3405, 56.75000, 40.6271, 156.878, 0.00583455, -132.958
3406, 56.75833, 40.5942, 156.898, 0.0058306, -132.935
3406, 56.76667, 40.5612, 156.919, 0.00582665, -132.912
3407, 56.77500, 40.5282, 156.939, 0.0058227, -132.889
3407, 56.78333, 40.4952, 156.959, 0.00581875, -132.865
3408, 56.79167, 40.4622, 156.98, 0.0058148, -132.842
3408, 56.80000, 40.4293, 157, 0.00581085, -132.819
3409, 56.80833, 40.3963, 157.021, 0.00580689, -132.795
3409, 56.81667, 40.3633, 157.042, 0.00580293, -132.772
3410, 56.82500, 40.3303, 157.062, 0.00579897, -132.748
3410, 56.83333, 40.2973, 157.083, 0.00579501, -132.725
3411, 56.84167, 40.2643, 157.104, 0.00579105, -132.701
3411, 56.85000, 40.2313, 157.125, 0.00578708, -132.677
3412, 56.85833, 40.1983, 157.146, 0.00578312, -132.653
3412, 56.86667, 40.1653, 157.168, 0.00577915, -132.629
3413, 56.87500, 40.1323, 157.189, 0.00577518, -132.605
3413, 56.88333, 40.0993, 157.21, 0.00577121, -132.581
3414, 56.89167, 40.0662, 157.232, 0.00576723, -132.557
3414, 56.90000, 40.0332, 157.253, 0.00576326, -132.533
3415, 56.90833, 40.0002, 157.275, 0.00575928, -132.508
3415, 56.91667, 39.9672, 157.297, 0.0057553, -132.484
3416, 56.92500, 39.9341, 157.318, 0.00575132, -132.459
3416, 56.93333, 39.9011, 157.34, 0.00574734, -132.435
3417, 56.94167, 39.8681, 157.362, 0.00574336, -132.41
3417, 56.95000, 39.835, 157.384, 0.00573937, -132.385
3418, 56.95833, 39.802, 157.406, 0.00573539, -132.36
3418, 56.96667, 39.7689, 157.428, 0.0057314, -132.336
3419, 56.97500, 39.7359, 157.451, 0.00572741, -132.311
3419, 56.98333, 39.7028, 157.473, 0.00572342, -132.285
3420, 56.99167, 39.6698, 157.496, 0.00571942, -132.26
3420, 57.00000, 39.6367, 157.518, 0.00571543, -132.235
3421, 57.00833, 39.6037, 157.541, 0.00571143, -132.21
3421, 57.01667, 39.5706, 157.563, 0.00570743, -132.184
3422, 57.02500, 39.5375, 157.586, 0.00570343, -132.159
3422, 57.03333, 39.5045, 157.609, 0.00569943, -132.133
3423, 57.04167, 39.4714, 157.632, 0.00569542, -132.107
3423, 57.05000, 39.4383, 157.655, 0.00569142, -132.081
3424, 57.05833, 39.4052, 157.678, 0.00568741, -132.055
3424, 57.06667, 39.3721, 157.702, 0.0056834, -132.029
3425, 57.07500, 39.3391, 157.725, 0.00567939, -132.003
3425, 57.08333, 39.306, 157.748, 0.00567538, -131.977
3426, 57.09167, 39.2729, 157.772, 0.00567136, -131.951
3426, 57.10000, 39.2398, 157.795, 0.00566735, -131.925
3427, 57.10833, 39.2067, 157.819, 0.00566333, -131.898
3427, 57.11667, 39.1736, 157.843, 0.00565931, -131.872
3428, 57.12500, 39.1405, 157.867, 0.00565529, -131.845
3428, 57.13333, 39.1074, 157.891, 0.00565126, -131.818
3429, 57.14167, 39.0743, 157.915, 0.00564724, -131.792
3429, 57.15000, 39.0411, 157.939, 0.00564321, -131.765
3430, 57.15833, 39.008, 157.963, 0.00563919, -131.738
3430, 57.16667, 38.9749, 157.988, 0.00563515, -131.711
3431, 57.17500, 38.9418, 158.012, 0.00563112, -131.683
3431, 57.18333, 38.9087, 158.037, 0.00562709, -131.656
3432, 57.19167, 38.8755, 158.061, 0.00562306, -131.629
3432, 57.20000, 38.8424, 158.086, 0.00561902, -131.601
3433, 57.20833, 38.8093, 158.111, 0.00561498, -131.574
3433, 57.21667, 38.7761, 158.136, 0.00561094, -131.546
3434, 57.22500, 38.743, 158.161, 0.0056069, -131.518
3434, 57.23333, 38.7099, 158.186, 0.00560286, -131.49
3435, 57.24167, 38.6767, 158.211, 0.00559881, -131.463
3435, 57.25000, 38.6436, 158.236, 0.00559476, -131.434
3436, 57.25833, 38.6104, 158.262, 0.00559072, -131.406
3436, 57.26667, 38.5773, 158.287, 0.00558667, -131.378
3437, 57.27500, 38.5441, 158.313, 0.00558261, -131.35
3437, 57.28333, 38.511, 158.339, 0.00557856, -131.321
3438, 57.29167, 38.4778, 158.365, 0.00557451, -131.293
3438, 57.30000, 38.4446, 158.39, 0.00557045, -131.264
3439, 57.30833, 38.4115, 158.416, 0.00556639, -131.235
3439, 57.31667, 38.3783, 158.443, 0.00556233, -131.207
3440, 57.32500, 38.3451, 158.469, 0.00555827, -131.178
3440, 57.33333, 38.312, 158.495, 0.00555421, -131.149
3441, 57.34167, 38.2788, 158.522, 0.00555014, -131.119
3441, 57.35000, 38.2456, 158.548, 0.00554608, -131.09
3442, 57.35833, 38.2124, 158.575, 0.00554201, -131.061
3442, 57.36667, 38.1792, 158.601, 0.00553794, -131.031
3443, 57.37500, 38.1461, 158.628, 0.00553387, -131.002
3443, 57.38333, 38.1129, 158.655, 0.00552979, -130.972
3444, 57.39167, 38.0797, 158.682, 0.00552572, -130.942
3444, 57.40000, 38.0465, 158.71, 0.00552164, -130.912
3445, 57.40833, 38.0133, 158.737, 0.00551757, -130.882
3445, 57.41667, 37.9801, 158.764, 0.00551349, -130.852
3446, 57.42500, 37.9469, 158.792, 0.0055094, -130.822
3446, 57.43333, 37.9137, 158.819, 0.00550532, -130.792
3447, 57.44167, 37.8805, 158.847, 0.00550124, -130.761
3447, 57.45000, 37.8473, 158.875, 0.00549715, -130.731
3448, 57.45833, 37.8141, 158.903, 0.00549306, -130.7
3448, 57.46667, 37.7809, 158.931, 0.00548898, -130.67
3449, 57.47500, 37.7477, 158.959, 0.00548489, -130.639
3449, 57.48333, 37.7144, 158.987, 0.00548079, -130.608
3450, 57.49167, 37.6812, 159.016, 0.0054767, -130.577
3450, 57.50000, 37.648, 159.044, 0.0054726, -130.545
3451, 57.50833, 37.6148, 159.073, 0.00546851, -130.514
3451, 57.51667, 37.5816, 159.101, 0.00546441, -130.483
3452, 57.52500, 37.5484, 159.13, 0.00546031, -130.451
3452, 57.53333, 37.5151, 159.159, 0.00545621, -130.42
3453, 57.54167, 37.4819, 159.188, 0.0054521, -130.388
3453, 57.55000, 37.4487, 159.217, 0.005448, -130.356
3454, 57.55833, 37.4155, 159.247, 0.00544389, -130.324
3454, 57.56667, 37.3822, 159.276, 0.00543979, -130.292
3455, 57.57500, 37.349, 159.306, 0.00543568, -130.26
3455, 57.58333, 37.3158, 159.335, 0.00543157, -130.227
3456, 57.59167, 37.2825, 159.365, 0.00542746, -130.195
3456, 57.60000, 37.2493, 159.395, 0.00542334, -130.162
3457, 57.60833, 37.216, 159.425, 0.00541923, -130.13
3457, 57.61667, 37.1828, 159.455, 0.00541511, -130.097
3458, 57.62500, 37.1496, 159.485, 0.00541099, -130.064
3458, 57.63333, 37.1163, 159.516, 0.00540687, -130.031
3459, 57.64167, 37.0831, 159.546, 0.00540275, -129.998
3459, 57.65000, 37.0498, 159.577, 0.00539863, -129.964
3460, 57.65833, 37.0166, 159.607, 0.00539451, -129.931
3460, 57.66667, 36.9833, 159.638, 0.00539038, -129.897
3461, 57.67500, 36.9501, 159.669, 0.00538626, -129.864
3461, 57.68333, 36.9169, 159.7, 0.00538213, -129.83
3462, 57.69167, 36.8836, 159.731, 0.005378, -129.796
3462, 57.70000, 36.8504, 159.763, 0.00537387, -129.762
3463, 57.70833, 36.8171, 159.794, 0.00536974, -129.728
3463, 57.71667, 36.7839, 159.826, 0.0053656, -129.694
3464, 57.72500, 36.7506, 159.858, 0.00536147, -129.659
3464, 57.73333, 36.7174, 159.889, 0.00535733, -129.625
3465, 57.74167, 36.6841, 159.921, 0.00535319, -129.59
3465, 57.75000, 36.6508, 159.953, 0.00534905, -129.555
3466, 57.75833, 36.6176, 159.986, 0.00534491, -129.52
3466, 57.76667, 36.5843, 160.018, 0.00534077, -129.485
3467, 57.77500, 36.5511, 160.051, 0.00533663, -129.45
3467, 57.78333, 36.5178, 160.083, 0.00533248, -129.415
3468, 57.79167, 36.4846, 160.116, 0.00532834, -129.379
3468, 57.80000, 36.4513, 160.149, 0.00532419, -129.344
3469, 57.80833, 36.4181, 160.182, 0.00532004, -129.308
3469, 57.81667, 36.3848, 160.215, 0.00531589, -129.272
3470, 57.82500, 36.3516, 160.248, 0.00531174, -129.236
3470, 57.83333, 36.3183, 160.282, 0.00530759, -129.2
3471, 57.84167, 36.2851, 160.315, 0.00530344, -129.164
3471, 57.85000, 36.2518, 160.349, 0.00529928, -129.128
3472, 57.85833, 36.2186, 160.383, 0.00529513, -129.091
3472, 57.86667, 36.1853, 160.417, 0.00529097, -129.055
3473, 57.87500, 36.1521, 160.451, 0.00528681, -129.018
3473, 57.88333, 36.1188, 160.485, 0.00528265, -128.981
3474, 57.89167, 36.0856, 160.519, 0.00527849, -128.944
3474, 57.90000, 36.0523, 160.554, 0.00527433, -128.907
3475, 57.90833, 36.0191, 160.589, 0.00527017, -128.869
3475, 57.91667, 35.9858, 160.623, 0.00526601, -128.832
3476, 57.92500, 35.9526, 160.658, 0.00526184, -128.794
3476, 57.93333, 35.9193, 160.693, 0.00525767, -128.757
3477, 57.94167, 35.8861, 160.729, 0.00525351, -128.719
3477, 57.95000, 35.8528, 160.764, 0.00524934, -128.681
3478, 57.95833, 35.8196, 160.799, 0.00524517, -128.643
3478, 57.96667, 35.7864, 160.835, 0.005241, -128.604
3479, 57.97500, 35.7531, 160.871, 0.00523683, -128.566
3479, 57.98333, 35.7199, 160.907, 0.00523265, -128.527
3480, 57.99167, 35.6866, 160.943, 0.00522848, -128.488
3480, 58.00000, 35.6534, 160.979, 0.00522431, -128.45
3481, 58.00833, 35.6202, 161.015, 0.00522013, -128.411
3481, 58.01667, 35.5869, 161.052, 0.00521595, -128.371
3482, 58.02500, 35.5537, 161.089, 0.00521178, -128.332
3482, 58.03333, 35.5205, 161.126, 0.0052076, -128.293
3483, 58.04167, 35.4873, 161.162, 0.00520342, -128.253
3483, 58.05000, 35.4541, 161.2, 0.00519924, -128.213
3484, 58.05833, 35.4208, 161.237, 0.00519506, -128.173
3484, 58.06667, 35.3876, 161.274, 0.00519087, -128.133
3485, 58.07500, 35.3544, 161.312, 0.00518669, -128.093
3485, 58.08333, 35.3212, 161.35, 0.00518251, -128.052
3486, 58.09167, 35.288, 161.388, 0.00517832, -128.012
3486, 58.10000, 35.2548, 161.426, 0.00517414, -127.971
3487, 58.10833, 35.2216, 161.464, 0.00516995, -127.93
3487, 58.11667, 35.1884, 161.502, 0.00516576, -127.889
3488, 58.12500, 35.1552, 161.541, 0.00516157, -127.848
3488, 58.13333, 35.122, 161.579, 0.00515738, -127.807
3489, 58.14167, 35.0888, 161.618, 0.00515319, -127.765
3489, 58.15000, 35.0556, 161.657, 0.005149, -127.724
3490, 58.15833, 35.0224, 161.696, 0.00514481, -127.682
3490, 58.16667, 34.9893, 161.736, 0.00514062, -127.64
3491, 58.17500, 34.9561, 161.775, 0.00513643, -127.598
3491, 58.18333, 34.9229, 161.815, 0.00513223, -127.556
3492, 58.19167, 34.8898, 161.855, 0.00512804, -127.513
3492, 58.20000, 34.8566, 161.895, 0.00512384, -127.471
3493, 58.20833, 34.8235, 161.935, 0.00511965, -127.428
3493, 58.21667, 34.7903, 161.975, 0.00511545, -127.385
3494, 58.22500, 34.7572, 162.015, 0.00511126, -127.342
3494, 58.23333, 34.724, 162.056, 0.00510706, -127.299
3495, 58.24167, 34.6909, 162.097, 0.00510286, -127.255
3495, 58.25000, 34.6577, 162.138, 0.00509866, -127.211
3496, 58.25833, 34.6246, 162.179, 0.00509446, -127.168
3496, 58.26667, 34.5915, 162.22, 0.00509026, -127.124
3497, 58.27500, 34.5584, 162.262, 0.00508606, -127.08
3497, 58.28333, 34.5253, 162.303, 0.00508187, -127.035
3498, 58.29167, 34.4922, 162.345, 0.00507766, -126.991
3498, 58.30000, 34.4591, 162.387, 0.00507346, -126.946
3499, 58.30833, 34.426, 162.429, 0.00506926, -126.902
3499, 58.31667, 34.3929, 162.472, 0.00506506, -126.857
3500, 58.32500, 34.3598, 162.514, 0.00506086, -126.811
3500, 58.33333, 34.3267, 162.557, 0.00505665, -126.766
3501, 58.34167, 34.2937, 162.6, 0.00505245, -126.721
3501, 58.35000, 34.2606, 162.643, 0.00504825, -126.675
3502, 58.35833, 34.2275, 162.686, 0.00504404, -126.629
3502, 58.36667, 34.1945, 162.729, 0.00503984, -126.583
3503, 58.37500, 34.1615, 162.773, 0.00503564, -126.537
3503, 58.38333, 34.1284, 162.817, 0.00503143, -126.49
3504, 58.39167, 34.0954, 162.861, 0.00502723, -126.444
3504, 58.40000, 34.0624, 162.905, 0.00502302, -126.397
3505, 58.40833, 34.0294, 162.949, 0.00501882, -126.35
3505, 58.41667, 33.9964, 162.994, 0.00501461, -126.303
3506, 58.42500, 33.9634, 163.038, 0.00501041, -126.256
3506, 58.43333, 33.9304, 163.083, 0.0050062, -126.208
3507, 58.44167, 33.8974, 163.128, 0.005002, -126.161
3507, 58.45000, 33.8644, 163.173, 0.00499779, -126.113
3508, 58.45833, 33.8315, 163.219, 0.00499359, -126.065
3508, 58.46667, 33.7985, 163.265, 0.00498938, -126.016
3509, 58.47500, 33.7656, 163.31, 0.00498518, -125.968
3509, 58.48333, 33.7327, 163.356, 0.00498097, -125.919
3510, 58.49167, 33.6997, 163.403, 0.00497677, -125.871
3510, 58.50000, 33.6668, 163.449, 0.00497256, -125.822
3511, 58.50833, 33.6339, 163.496, 0.00496836, -125.772
3511, 58.51667, 33.601, 163.542, 0.00496416, -125.723
3512, 58.52500, 33.5681, 163.589, 0.00495995, -125.673
3512, 58.53333, 33.5353, 163.636, 0.00495575, -125.624
3513, 58.54167, 33.5024, 163.684, 0.00495154, -125.574
3513, 58.55000, 33.4695, 163.731, 0.00494734, -125.523
3514, 58.55833, 33.4367, 163.779, 0.00494314, -125.473
3514, 58.56667, 33.4039, 163.827, 0.00493894, -125.422
3515, 58.57500, 33.3711, 163.875, 0.00493473, -125.372
3515, 58.58333, 33.3382, 163.924, 0.00493053, -125.321
3516, 58.59167, 33.3055, 163.972, 0.00492633, -125.27
3516, 58.60000, 33.2727, 164.021, 0.00492213, -125.218
3517, 58.60833, 33.2399, 164.07, 0.00491793, -125.167
3517, 58.61667, 33.2071, 164.119, 0.00491373, -125.115
3518, 58.62500, 33.1744, 164.169, 0.00490953, -125.063
3518, 58.63333, 33.1417, 164.218, 0.00490533, -125.011
3519, 58.64167, 33.1089, 164.268, 0.00490113, -124.958
3519, 58.65000, 33.0762, 164.318, 0.00489694, -124.905
3520, 58.65833, 33.0435, 164.368, 0.00489274, -124.853
3520, 58.66667, 33.0108, 164.419, 0.00488855, -124.8
3521, 58.67500, 32.9782, 164.469, 0.00488435, -124.746
3521, 58.68333, 32.9455, 164.52, 0.00488016, -124.693
3522, 58.69167, 32.9129, 164.571, 0.00487596, -124.639
3522, 58.70000, 32.8803, 164.623, 0.00487177, -124.585
3523, 58.70833, 32.8476, 164.674, 0.00486758, -124.531
3523, 58.71667, 32.815, 164.726, 0.00486339, -124.477
3524, 58.72500, 32.7825, 164.778, 0.0048592, -124.422
3524, 58.73333, 32.7499, 164.83, 0.00485501, -124.368
3525, 58.74167, 32.7173, 164.882, 0.00485082, -124.313
3525, 58.75000, 32.6848, 164.935, 0.00484664, -124.257
3526, 58.75833, 32.6523, 164.988, 0.00484245, -124.202
3526, 58.76667, 32.6198, 165.041, 0.00483827, -124.146
3527, 58.77500, 32.5873, 165.094, 0.00483408, -124.09
3527, 58.78333, 32.5548, 165.148, 0.0048299, -124.034
3528, 58.79167, 32.5224, 165.201, 0.00482572, -123.978
3528, 58.80000, 32.4899, 165.255, 0.00482154, -123.921
3529, 58.80833, 32.4575, 165.31, 0.00481736, -123.865
3529, 58.81667, 32.4251, 165.364, 0.00481319, -123.808
3530, 58.82500, 32.3927, 165.419, 0.00480901, -123.75
3530, 58.83333, 32.3604, 165.474, 0.00480484, -123.693
3531, 58.84167, 32.328, 165.529, 0.00480067, -123.635
3531, 58.85000, 32.2957, 165.584, 0.0047965, -123.577
3532, 58.85833, 32.2634, 165.64, 0.00479233, -123.519
3532, 58.86667, 32.2311, 165.696, 0.00478816, -123.461
3533, 58.87500, 32.1989, 165.752, 0.00478399, -123.402
3533, 58.88333, 32.1666, 165.808, 0.00477983, -123.343
3534, 58.89167, 32.1344, 165.864, 0.00477567, -123.284
3534, 58.90000, 32.1022, 165.921, 0.00477151, -123.225
3535, 58.90833, 32.07, 165.978, 0.00476735, -123.165
3535, 58.91667, 32.0378, 166.036, 0.00476319, -123.105
3536, 58.92500, 32.0057, 166.093, 0.00475904, -123.045
3536, 58.93333, 31.9736, 166.151, 0.00475489, -122.985
3537, 58.94167, 31.9415, 166.209, 0.00475073, -122.924
3537, 58.95000, 31.9094, 166.267, 0.00474659, -122.863
3538, 58.95833, 31.8773, 166.326, 0.00474244, -122.802
3538, 58.96667, 31.8453, 166.384, 0.00473829, -122.741
3539, 58.97500, 31.8133, 166.443, 0.00473415, -122.679
3539, 58.98333, 31.7813, 166.503, 0.00473001, -122.617
3540, 58.99167, 31.7493, 166.562, 0.00472588, -122.555
3540, 59.00000, 31.7174, 166.622, 0.00472174, -122.493
3541, 59.00833, 31.6855, 166.682, 0.00471761, -122.43
3541, 59.01667, 31.6536, 166.742, 0.00471348, -122.368
3542, 59.02500, 31.6218, 166.803, 0.00470935, -122.304
3542, 59.03333, 31.5899, 166.863, 0.00470523, -122.241
3543, 59.04167, 31.5581, 166.924, 0.0047011, -122.178
3543, 59.05000, 31.5263, 166.986, 0.00469698, -122.114
3544, 59.05833, 31.4946, 167.047, 0.00469287, -122.05
3544, 59.06667, 31.4628, 167.109, 0.00468875, -121.985
3545, 59.07500, 31.4311, 167.171, 0.00468464, -121.92
3545, 59.08333, 31.3995, 167.234, 0.00468053, -121.856
3546, 59.09167, 31.3678, 167.296, 0.00467643, -121.79
3546, 59.10000, 31.3362, 167.359, 0.00467232, -121.725
3547, 59.10833, 31.3046, 167.422, 0.00466822, -121.659
3547, 59.11667, 31.273, 167.486, 0.00466413, -121.593
3548, 59.12500, 31.2415, 167.549, 0.00466003, -121.527
3548, 59.13333, 31.21, 167.613, 0.00465594, -121.46
3549, 59.14167, 31.1785, 167.678, 0.00465186, -121.393
3549, 59.15000, 31.1471, 167.742, 0.00464777, -121.326
3550, 59.15833, 31.1157, 167.807, 0.00464369, -121.259
3550, 59.16667, 31.0843, 167.872, 0.00463962, -121.191
3551, 59.17500, 31.053, 167.937, 0.00463554, -121.123
3551, 59.18333, 31.0216, 168.003, 0.00463147, -121.055
3552, 59.19167, 30.9904, 168.069, 0.00462741, -120.987
3552, 59.20000, 30.9591, 168.135, 0.00462335, -120.918
3553, 59.20833, 30.9279, 168.202, 0.00461929, -120.849
3553, 59.21667, 30.8967, 168.269, 0.00461523, -120.78
3554, 59.22500, 30.8656, 168.336, 0.00461118, -120.71
3554, 59.23333, 30.8344, 168.403, 0.00460714, -120.64
3555, 59.24167, 30.8034, 168.471, 0.00460309, -120.57
3555, 59.25000, 30.7723, 168.538, 0.00459905, -120.499
3556, 59.25833, 30.7413, 168.607, 0.00459502, -120.429
3556, 59.26667, 30.7103, 168.675, 0.00459099, -120.358
3557, 59.27500, 30.6794, 168.744, 0.00458696, -120.286
3557, 59.28333, 30.6485, 168.813, 0.00458294, -120.215
3558, 59.29167, 30.6177, 168.883, 0.00457892, -120.143
3558, 59.30000, 30.5868, 168.952, 0.00457491, -120.07
3559, 59.30833, 30.556, 169.022, 0.0045709, -119.998
3559, 59.31667, 30.5253, 169.093, 0.0045669, -119.925
3560, 59.32500, 30.4946, 169.163, 0.0045629, -119.852
3560, 59.33333, 30.4639, 169.234, 0.00455891, -119.778
3561, 59.34167, 30.4333, 169.305, 0.00455492, -119.705
3561, 59.35000, 30.4027, 169.377, 0.00455094, -119.631
3562, 59.35833, 30.3722, 169.449, 0.00454696, -119.556
3562, 59.36667, 30.3417, 169.521, 0.00454298, -119.482
3563, 59.37500, 30.3112, 169.593, 0.00453901, -119.407
3563, 59.38333, 30.2808, 169.666, 0.00453505, -119.331
3564, 59.39167, 30.2504, 169.739, 0.00453109, -119.256
3564, 59.40000, 30.2201, 169.812, 0.00452714, -119.18
3565, 59.40833, 30.1898, 169.886, 0.00452319, -119.104
3565, 59.41667, 30.1596, 169.96, 0.00451925, -119.027
3566, 59.42500, 30.1294, 170.034, 0.00451531, -118.95
3566, 59.43333, 30.0993, 170.109, 0.00451138, -118.873
3567, 59.44167, 30.0692, 170.184, 0.00450746, -118.796
3567, 59.45000, 30.0391, 170.259, 0.00450354, -118.718
3568, 59.45833, 30.0091, 170.335, 0.00449963, -118.64
3568, 59.46667, 29.9791, 170.411, 0.00449572, -118.561
3569, 59.47500, 29.9492, 170.487, 0.00449182, -118.482
3569, 59.48333, 29.9194, 170.564, 0.00448792, -118.403
3570, 59.49167, 29.8896, 170.64, 0.00448404, -118.324
3570, 59.50000, 29.8598, 170.718, 0.00448015, -118.244
3571, 59.50833, 29.8301, 170.795, 0.00447628, -118.164
3571, 59.51667, 29.8004, 170.873, 0.00447241, -118.083
3572, 59.52500, 29.7708, 170.951, 0.00446855, -118.003
3572, 59.53333, 29.7413, 171.03, 0.00446469, -117.922
3573, 59.54167, 29.7118, 171.109, 0.00446084, -117.84
3573, 59.55000, 29.6823, 171.188, 0.004457, -117.758
3574, 59.55833, 29.6529, 171.268, 0.00445317, -117.676
3574, 59.56667, 29.6236, 171.348, 0.00444934, -117.594
3575, 59.57500, 29.5943, 171.428, 0.00444552, -117.511
3575, 59.58333, 29.5651, 171.508, 0.00444171, -117.428
3576, 59.59167, 29.5359, 171.589, 0.0044379, -117.344
3576, 59.60000, 29.5068, 171.671, 0.0044341, -117.261
3577, 59.60833, 29.4778, 171.752, 0.00443031, -117.176
3577, 59.61667, 29.4488, 171.834, 0.00442653, -117.092
3578, 59.62500, 29.4198, 171.917, 0.00442275, -117.007
3578, 59.63333, 29.3909, 171.999, 0.00441899, -116.922
3579, 59.64167, 29.3621, 172.082, 0.00441523, -116.836
3579, 59.65000, 29.3334, 172.166, 0.00441148, -116.75
3580, 59.65833, 29.3047, 172.25, 0.00440773, -116.664
3580, 59.66667, 29.2761, 172.334, 0.004404, -116.577
3581, 59.67500, 29.2475, 172.418, 0.00440027, -116.491
3581, 59.68333, 29.219, 172.503, 0.00439656, -116.403
3582, 59.69167, 29.1905, 172.588, 0.00439285, -116.315
3582, 59.70000, 29.1622, 172.674, 0.00438915, -116.227
3583, 59.70833, 29.1339, 172.76, 0.00438545, -116.139
3583, 59.71667, 29.1056, 172.846, 0.00438177, -116.05
3584, 59.72500, 29.0775, 172.932, 0.0043781, -115.961
3584, 59.73333, 29.0494, 173.02, 0.00437443, -115.872
3585, 59.74167, 29.0213, 173.107, 0.00437078, -115.782
3585, 59.75000, 28.9934, 173.195, 0.00436713, -115.691
3586, 59.75833, 28.9655, 173.283, 0.0043635, -115.601
3586, 59.76667, 28.9376, 173.371, 0.00435987, -115.51
3587, 59.77500, 28.9099, 173.46, 0.00435625, -115.418
3587, 59.78333, 28.8822, 173.549, 0.00435265, -115.327
3588, 59.79167, 28.8546, 173.639, 0.00434905, -115.234
3588, 59.80000, 28.8271, 173.729, 0.00434546, -115.142
3589, 59.80833, 28.7996, 173.819, 0.00434189, -115.049
3589, 59.81667, 28.7722, 173.91, 0.00433832, -114.956
3590, 59.82500, 28.7449, 174.001, 0.00433476, -114.862
3590, 59.83333, 28.7177, 174.093, 0.00433122, -114.768
3591, 59.84167, 28.6905, 174.185, 0.00432768, -114.674
3591, 59.85000, 28.6635, 174.277, 0.00432416, -114.579
3592, 59.85833, 28.6365, 174.37, 0.00432065, -114.484
3592, 59.86667, 28.6096, 174.463, 0.00431715, -114.388
3593, 59.87500, 28.5827, 174.556, 0.00431366, -114.292
3593, 59.88333, 28.556, 174.65, 0.00431018, -114.196
3594, 59.89167, 28.5293, 174.744, 0.00430671, -114.099
3594, 59.90000, 28.5027, 174.839, 0.00430325, -114.002
3595, 59.90833, 28.4762, 174.934, 0.00429981, -113.904
3595, 59.91667, 28.4498, 175.029, 0.00429638, -113.806
3596, 59.92500, 28.4235, 175.125, 0.00429296, -113.708
3596, 59.93333, 28.3973, 175.221, 0.00428955, -113.609
3597, 59.94167, 28.3711, 175.318, 0.00428615, -113.51
3597, 59.95000, 28.3451, 175.415, 0.00428277, -113.411
3598, 59.95833, 28.3191, 175.513, 0.0042794, -113.311
3598, 59.96667, 28.2932, 175.61, 0.00427604, -113.21
3599, 59.97500, 28.2674, 175.709, 0.00427269, -113.11
3599, 59.98333, 28.2417, 175.807, 0.00426936, -113.009
3600, 59.99167, 28.2161, 175.906, 0.00426604, -112.907
3600, 60.00000, 28.1906, 176.006, 0.00426274, -112.805
3601, 60.00833, 28.1652, 176.106, 0.00425944, -112.703
3601, 60.01667, 28.1399, 176.206, 0.00425616, -112.6
3602, 60.02500, 28.1147, 176.307, 0.0042529, -112.497
3602, 60.03333, 28.0896, 176.408, 0.00424965, -112.393
3603, 60.04167, 28.0645, 176.509, 0.00424641, -112.289
3603, 60.05000, 28.0396, 176.611, 0.00424319, -112.185
3604, 60.05833, 28.0148, 176.714, 0.00423998, -112.08
3604, 60.06667, 27.9901, 176.817, 0.00423678, -111.974
3605, 60.07500, 27.9655, 176.92, 0.0042336, -111.869
3605, 60.08333, 27.941, 177.023, 0.00423044, -111.763
3606, 60.09167, 27.9165, 177.127, 0.00422729, -111.656
3606, 60.10000, 27.8922, 177.232, 0.00422416, -111.549
3607, 60.10833, 27.8681, 177.337, 0.00422104, -111.442
3607, 60.11667, 27.844, 177.442, 0.00421793, -111.334
3608, 60.12500, 27.82, 177.548, 0.00421484, -111.226
3608, 60.13333, 27.7961, 177.654, 0.00421177, -111.117
3609, 60.14167, 27.7724, 177.761, 0.00420872, -111.008
3609, 60.15000, 27.7487, 177.868, 0.00420567, -110.898
3610, 60.15833, 27.7252, 177.975, 0.00420265, -110.788
3610, 60.16667, 27.7018, 178.083, 0.00419964, -110.678
3611, 60.17500, 27.6785, 178.191, 0.00419665, -110.567
3611, 60.18333, 27.6553, 178.3, 0.00419368, -110.456
3612, 60.19167, 27.6323, 178.409, 0.00419072, -110.344
3612, 60.20000, 27.6093, 178.519, 0.00418778, -110.232
3613, 60.20833, 27.5865, 178.629, 0.00418486, -110.12
3613, 60.21667, 27.5638, 178.74, 0.00418195, -110.007
3614, 60.22500, 27.5412, 178.851, 0.00417907, -109.893
3614, 60.23333, 27.5188, 178.962, 0.0041762, -109.779
3615, 60.24167, 27.4964, 179.074, 0.00417334, -109.665
3615, 60.25000, 27.4742, 179.186, 0.00417051, -109.55
3616, 60.25833, 27.4522, 179.299, 0.0041677, -109.435
3616, 60.26667, 27.4302, 179.412, 0.0041649, -109.319
3617, 60.27500, 27.4084, 179.526, 0.00416212, -109.203
3617, 60.28333, 27.3867, 179.64, 0.00415936, -109.087
3618, 60.29167, 27.3651, 179.754, 0.00415662, -108.97
3618, 60.30000, 27.3437, 179.869, 0.0041539, -108.852
3619, 60.30833, 27.3224, 179.985, 0.0041512, -108.735
3619, 60.31667, 27.3013, -179.9, 0.00414852, -108.616
3620, 60.32500, 27.2803, -179.783, 0.00414586, -108.497
3620, 60.33333, 27.2594, -179.667, 0.00414322, -108.378
3621, 60.34167, 27.2386, -179.549, 0.0041406, -108.259
3621, 60.35000, 27.218, -179.432, 0.004138, -108.138
3622, 60.35833, 27.1976, -179.314, 0.00413542, -108.018
3622, 60.36667, 27.1773, -179.195, 0.00413287, -107.897
3623, 60.37500, 27.1571, -179.076, 0.00413033, -107.775
3623, 60.38333, 27.1371, -178.957, 0.00412781, -107.653
3624, 60.39167, 27.1172, -178.837, 0.00412532, -107.531
3624, 60.40000, 27.0975, -178.716, 0.00412285, -107.408
3625, 60.40833, 27.0779, -178.595, 0.0041204, -107.285
3625, 60.41667, 27.0584, -178.474, 0.00411797, -107.161
3626, 60.42500, 27.0392, -178.352, 0.00411557, -107.037
3626, 60.43333, 27.0201, -178.23, 0.00411318, -106.912
3627, 60.44167, 27.0011, -178.108, 0.00411082, -106.787
3627, 60.45000, 26.9823, -177.984, 0.00410849, -106.662
3628, 60.45833, 26.9636, -177.861, 0.00410617, -106.536
3628, 60.46667, 26.9451, -177.737, 0.00410388, -106.409
3629, 60.47500, 26.9268, -177.612, 0.00410162, -106.282
3629, 60.48333, 26.9086, -177.487, 0.00409938, -106.155
3630, 60.49167, 26.8906, -177.362, 0.00409716, -106.027
3630, 60.50000, 26.8728, -177.236, 0.00409496, -105.899
3631, 60.50833, 26.8551, -177.11, 0.00409279, -105.77
3631, 60.51667, 26.8376, -176.983, 0.00409065, -105.641
3632, 60.52500, 26.8202, -176.856, 0.00408853, -105.511
3632, 60.53333, 26.8031, -176.728, 0.00408644, -105.381
3633, 60.54167, 26.7861, -176.6, 0.00408437, -105.25
3633, 60.55000, 26.7692, -176.471, 0.00408233, -105.119
3634, 60.55833, 26.7526, -176.342, 0.00408031, -104.987
3634, 60.56667, 26.7361, -176.212, 0.00407832, -104.855
3635, 60.57500, 26.7198, -176.082, 0.00407636, -104.723
3635, 60.58333, 26.7037, -175.952, 0.00407442, -104.59
3636, 60.59167, 26.6878, -175.821, 0.00407251, -104.457
3636, 60.60000, 26.672, -175.69, 0.00407063, -104.323
3637, 60.60833, 26.6565, -175.558, 0.00406878, -104.188
3637, 60.61667, 26.6411, -175.425, 0.00406695, -104.054
3638, 60.62500, 26.6259, -175.293, 0.00406515, -103.918
3638, 60.63333, 26.6109, -175.159, 0.00406338, -103.783
3639, 60.64167, 26.5961, -175.026, 0.00406163, -103.647
3639, 60.65000, 26.5814, -174.892, 0.00405992, -103.51
3640, 60.65833, 26.567, -174.757, 0.00405824, -103.373
3640, 60.66667, 26.5528, -174.622, 0.00405658, -103.235
3641, 60.67500, 26.5387, -174.486, 0.00405495, -103.097
3641, 60.68333, 26.5249, -174.35, 0.00405336, -102.959
3642, 60.69167, 26.5112, -174.214, 0.00405179, -102.82
3642, 60.70000, 26.4978, -174.077, 0.00405026, -102.681
3643, 60.70833, 26.4846, -173.94, 0.00404875, -102.541
3643, 60.71667, 26.4715, -173.802, 0.00404728, -102.401
3644, 60.72500, 26.4587, -173.663, 0.00404583, -102.26
3644, 60.73333, 26.4461, -173.525, 0.00404442, -102.119
3645, 60.74167, 26.4337, -173.385, 0.00404304, -101.977
3645, 60.75000, 26.4215, -173.246, 0.00404169, -101.835
3646, 60.75833, 26.4095, -173.106, 0.00404037, -101.693
3646, 60.76667, 26.3977, -172.965, 0.00403909, -101.549
3647, 60.77500, 26.3862, -172.824, 0.00403784, -101.406
3647, 60.78333, 26.3748, -172.683, 0.00403662, -101.262
3648, 60.79167, 26.3637, -172.541, 0.00403543, -101.118
3648, 60.80000, 26.3528, -172.398, 0.00403428, -100.973
3649, 60.80833, 26.3422, -172.256, 0.00403316, -100.828
3649, 60.81667, 26.3317, -172.112, 0.00403208, -100.682
3650, 60.82500, 26.3215, -171.969, 0.00403103, -100.536
3650, 60.83333, 26.3115, -171.825, 0.00403002, -100.389
3651, 60.84167, 26.3018, -171.68, 0.00402904, -100.242
3651, 60.85000, 26.2922, -171.535, 0.00402809, -100.095
3652, 60.85833, 26.283, -171.389, 0.00402718, -99.9471
3652, 60.86667, 26.2739, -171.244, 0.00402631, -99.7987
3653, 60.87500, 26.2651, -171.097, 0.00402547, -99.65
3653, 60.88333, 26.2565, -170.95, 0.00402467, -99.5008
3654, 60.89167, 26.2482, -170.803, 0.0040239, -99.3511
3654, 60.90000, 26.2401, -170.656, 0.00402318, -99.2011
3655, 60.90833, 26.2322, -170.507, 0.00402249, -99.0506
3655, 60.91667, 26.2246, -170.359, 0.00402183, -98.8996
3656, 60.92500, 26.2173, -170.21, 0.00402122, -98.7483
3656, 60.93333, 26.2102, -170.061, 0.00402064, -98.5965
3657, 60.94167, 26.2033, -169.911, 0.0040201, -98.4443
3657, 60.95000, 26.1967, -169.761, 0.0040196, -98.2916
3658, 60.95833, 26.1904, -169.61, 0.00401914, -98.1386
3658, 60.96667, 26.1843, -169.459, 0.00401872, -97.9851
3659, 60.97500, 26.1785, -169.307, 0.00401834, -97.8312
3659, 60.98333, 26.1729, -169.156, 0.004018, -97.6769
3660, 60.99167, 26.1676, -169.003, 0.0040177, -97.5222
3660, 61.00000, 26.1626, -168.851, 0.00401744, -97.3671
3661, 61.00833, 26.1578, -168.697, 0.00401722, -97.2115
3661, 61.01667, 26.1533, -168.544, 0.00401704, -97.0556
3662, 61.02500, 26.1491, -168.39, 0.0040169, -96.8992
3662, 61.03333, 26.1452, -168.236, 0.0040168, -96.7425
3663, 61.04167, 26.1415, -168.081, 0.00401675, -96.5853
3663, 61.05000, 26.1381, -167.926, 0.00401674, -96.4278
3664, 61.05833, 26.135, -167.77, 0.00401677, -96.2699
3664, 61.06667, 26.1321, -167.614, 0.00401685, -96.1115
3665, 61.07500, 26.1296, -167.458, 0.00401696, -95.9528
3665, 61.08333, 26.1273, -167.301, 0.00401713, -95.7937
3666, 61.09167, 26.1253, -167.144, 0.00401733, -95.6342
3666, 61.10000, 26.1236, -166.987, 0.00401758, -95.4743
3667, 61.10833, 26.1222, -166.829, 0.00401788, -95.314
3667, 61.11667, 26.1211, -166.671, 0.00401822, -95.1534
3668, 61.12500, 26.1203, -166.512, 0.0040186, -94.9924
3668, 61.13333, 26.1197, -166.353, 0.00401903, -94.831
3669, 61.14167, 26.1195, -166.194, 0.00401951, -94.6693
3669, 61.15000, 26.1196, -166.034, 0.00402003, -94.5072
3670, 61.15833, 26.12, -165.874, 0.0040206, -94.3447
3670, 61.16667, 26.1207, -165.714, 0.00402122, -94.1819
3671, 61.17500, 26.1217, -165.553, 0.00402188, -94.0187
3671, 61.18333, 26.123, -165.392, 0.00402259, -93.8551
3672, 61.19167, 26.1246, -165.23, 0.00402335, -93.6912
3672, 61.20000, 26.1265, -165.068, 0.00402416, -93.527
3673, 61.20833, 26.1287, -164.906, 0.00402501, -93.3625
3673, 61.21667, 26.1313, -164.744, 0.00402592, -93.1975
3674, 61.22500, 26.1342, -164.581, 0.00402687, -93.0323
3674, 61.23333, 26.1373, -164.418, 0.00402788, -92.8667
3675, 61.24167, 26.1409, -164.254, 0.00402893, -92.7008
3675, 61.25000, 26.1447, -164.09, 0.00403003, -92.5346
3676, 61.25833, 26.1489, -163.926, 0.00403119, -92.368
3676, 61.26667, 26.1534, -163.762, 0.00403239, -92.2012
3677, 61.27500, 26.1582, -163.597, 0.00403365, -92.034
3677, 61.28333, 26.1634, -163.432, 0.00403496, -91.8665
3678, 61.29167, 26.1689, -163.266, 0.00403632, -91.6987
3678, 61.30000, 26.1747, -163.101, 0.00403773, -91.5306
3679, 61.30833, 26.1809, -162.935, 0.00403919, -91.3623
3679, 61.31667, 26.1874, -162.768, 0.00404071, -91.1936
3680, 61.32500, 26.1942, -162.602, 0.00404228, -91.0246
3680, 61.33333, 26.2014, -162.435, 0.0040439, -90.8554
3681, 61.34167, 26.209, -162.268, 0.00404558, -90.6858
3681, 61.35000, 26.2169, -162.1, 0.00404731, -90.516
3682, 61.35833, 26.2251, -161.933, 0.0040491, -90.3459
3682, 61.36667, 26.2337, -161.765, 0.00405094, -90.1756
3683, 61.37500, 26.2427, -161.596, 0.00405284, -90.005
3683, 61.38333, 26.252, -161.428, 0.00405479, -89.8341
3684, 61.39167, 26.2617, -161.259, 0.0040568, -89.663
3684, 61.40000, 26.2717, -161.09, 0.00405887, -89.4916
3685, 61.40833, 26.2821, -160.921, 0.00406099, -89.32
3685, 61.41667, 26.2929, -160.752, 0.00406317, -89.1482
3686, 61.42500, 26.3041, -160.582, 0.0040654, -88.9761
3686, 61.43333, 26.3156, -160.412, 0.0040677, -88.8038
3687, 61.44167, 26.3274, -160.242, 0.00407005, -88.6312
3687, 61.45000, 26.3397, -160.071, 0.00407246, -88.4585
3688, 61.45833, 26.3523, -159.901, 0.00407493, -88.2855
3688, 61.46667, 26.3653, -159.73, 0.00407746, -88.1123
3689, 61.47500, 26.3787, -159.559, 0.00408004, -87.9389
3689, 61.48333, 26.3925, -159.388, 0.00408269, -87.7653
3690, 61.49167, 26.4067, -159.216, 0.0040854, -87.5915
3690, 61.50000, 26.4212, -159.045, 0.00408816, -87.4176
3691, 61.50833, 26.4361, -158.873, 0.00409099, -87.2434
3691, 61.51667, 26.4515, -158.701, 0.00409388, -87.069
3692, 61.52500, 26.4672, -158.529, 0.00409683, -86.8945
3692, 61.53333, 26.4833, -158.357, 0.00409984, -86.7199
3693, 61.54167, 26.4998, -158.184, 0.00410292, -86.545
3693, 61.55000, 26.5167, -158.012, 0.00410606, -86.37
3694, 61.55833, 26.534, -157.839, 0.00410925, -86.1949
3694, 61.56667, 26.5517, -157.666, 0.00411252, -86.0195
3695, 61.57500, 26.5698, -157.493, 0.00411584, -85.8441
3695, 61.58333, 26.5884, -157.32, 0.00411923, -85.6685
3696, 61.59167, 26.6073, -157.146, 0.00412269, -85.4928
3696, 61.60000, 26.6267, -156.973, 0.00412621, -85.317
3697, 61.60833, 26.6464, -156.799, 0.00412979, -85.1411
3697, 61.61667, 26.6666, -156.625, 0.00413344, -84.965
3698, 61.62500, 26.6872, -156.452, 0.00413715, -84.7888
3698, 61.63333, 26.7082, -156.278, 0.00414093, -84.6125
3699, 61.64167, 26.7296, -156.104, 0.00414478, -84.4362
3699, 61.65000, 26.7515, -155.93, 0.00414869, -84.2597
3700, 61.65833, 26.7738, -155.755, 0.00415267, -84.0832
3700, 61.66667, 26.7965, -155.581, 0.00415672, -83.9065
3701, 61.67500, 26.8196, -155.407, 0.00416083, -83.7299
3701, 61.68333, 26.8432, -155.233, 0.00416501, -83.5531
3702, 61.69167, 26.8672, -155.058, 0.00416927, -83.3763
3702, 61.70000, 26.8916, -154.884, 0.00417358, -83.1994
3703, 61.70833, 26.9165, -154.709, 0.00417797, -83.0225
3703, 61.71667, 26.9418, -154.534, 0.00418243, -82.8455
3704, 61.72500, 26.9676, -154.36, 0.00418696, -82.6685
3704, 61.73333, 26.9938, -154.185, 0.00419155, -82.4915
3705, 61.74167, 27.0204, -154.01, 0.00419622, -82.3144
3705, 61.75000, 27.0475, -153.836, 0.00420095, -82.1374
3706, 61.75833, 27.0751, -153.661, 0.00420576, -81.9603
3706, 61.76667, 27.103, -153.486, 0.00421064, -81.7832
3707, 61.77500, 27.1315, -153.312, 0.00421559, -81.6061
3707, 61.78333, 27.1604, -153.137, 0.00422062, -81.4291
3708, 61.79167, 27.1898, -152.962, 0.00422571, -81.252
3708, 61.80000, 27.2196, -152.787, 0.00423088, -81.075
3709, 61.80833, 27.2498, -152.613, 0.00423612, -80.898
3709, 61.81667, 27.2806, -152.438, 0.00424143, -80.721
3710, 61.82500, 27.3118, -152.264, 0.00424682, -80.544
3710, 61.83333, 27.3435, -152.089, 0.00425228, -80.3671
3711, 61.84167, 27.3756, -151.915, 0.00425781, -80.1903
3711, 61.85000, 27.4082, -151.74, 0.00426342, -80.0135
3712, 61.85833, 27.4413, -151.566, 0.0042691, -79.8368
3712, 61.86667, 27.4749, -151.391, 0.00427486, -79.6601
3713, 61.87500, 27.5089, -151.217, 0.0042807, -79.4836
3713, 61.88333, 27.5434, -151.043, 0.00428661, -79.3071
3714, 61.89167, 27.5784, -150.869, 0.00429259, -79.1307
3714, 61.90000, 27.6139, -150.695, 0.00429865, -78.9544
3715, 61.90833, 27.6498, -150.521, 0.00430479, -78.7782
3715, 61.91667, 27.6863, -150.347, 0.00431101, -78.6021
3716, 61.92500, 27.7232, -150.174, 0.0043173, -78.4261
3716, 61.93333, 27.7606, -150, 0.00432367, -78.2503
3717, 61.94167, 27.7985, -149.827, 0.00433012, -78.0745
3717, 61.95000, 27.8369, -149.654, 0.00433665, -77.899
3718, 61.95833, 27.8758, -149.481, 0.00434325, -77.7235
3718, 61.96667, 27.9152, -149.308, 0.00434994, -77.5482
3719, 61.97500, 27.9551, -149.135, 0.0043567, -77.3731
3719, 61.98333, 27.9955, -148.962, 0.00436354, -77.1981
3720, 61.99167, 28.0364, -148.79, 0.00437046, -77.0233
3720, 62.00000, 28.0778, -148.617, 0.00437747, -76.8486
3721, 62.00833, 28.1197, -148.445, 0.00438455, -76.6742
3721, 62.01667, 28.1621, -148.273, 0.00439171, -76.4999
3722, 62.02500, 28.205, -148.102, 0.00439896, -76.3258
3722, 62.03333, 28.2484, -147.93, 0.00440628, -76.1519
3723, 62.04167, 28.2923, -147.759, 0.00441369, -75.9782
3723, 62.05000, 28.3368, -147.588, 0.00442118, -75.8048
3724, 62.05833, 28.3817, -147.417, 0.00442875, -75.6315
3724, 62.06667, 28.4272, -147.246, 0.0044364, -75.4585
3725, 62.07500, 28.4732, -147.076, 0.00444414, -75.2857
3725, 62.08333, 28.5197, -146.905, 0.00445196, -75.1132
3726, 62.09167, 28.5668, -146.735, 0.00445986, -74.9408
3726, 62.10000, 28.6143, -146.566, 0.00446785, -74.7688
3727, 62.10833, 28.6624, -146.396, 0.00447592, -74.597
3727, 62.11667, 28.7111, -146.227, 0.00448407, -74.4254
3728, 62.12500, 28.7602, -146.058, 0.00449231, -74.2541
3728, 62.13333, 28.8099, -145.889, 0.00450063, -74.0831
3729, 62.14167, 28.8601, -145.721, 0.00450904, -73.9124
3729, 62.15000, 28.9108, -145.553, 0.00451753, -73.7419
3730, 62.15833, 28.9621, -145.385, 0.00452611, -73.5718
3730, 62.16667, 29.0139, -145.217, 0.00453478, -73.4019
3731, 62.17500, 29.0663, -145.05, 0.00454353, -73.2324
3731, 62.18333, 29.1191, -144.883, 0.00455237, -73.0631
3732, 62.19167, 29.1726, -144.717, 0.00456129, -72.8942
3732, 62.20000, 29.2265, -144.55, 0.00457031, -72.7256
3733, 62.20833, 29.2811, -144.384, 0.0045794, -72.5573
3733, 62.21667, 29.3361, -144.219, 0.00458859, -72.3894
3734, 62.22500, 29.3917, -144.054, 0.00459787, -72.2218
3734, 62.23333, 29.4479, -143.889, 0.00460723, -72.0545
3735, 62.24167, 29.5046, -143.724, 0.00461668, -71.8876
3735, 62.25000, 29.5619, -143.56, 0.00462622, -71.7211
3736, 62.25833, 29.6197, -143.396, 0.00463585, -71.5549
3736, 62.26667, 29.6781, -143.232, 0.00464557, -71.389
3737, 62.27500, 29.737, -143.069, 0.00465537, -71.2236
3737, 62.28333, 29.7965, -142.907, 0.00466527, -71.0585
3738, 62.29167, 29.8566, -142.744, 0.00467526, -70.8938
3738, 62.30000, 29.9172, -142.582, 0.00468533, -70.7296
3739, 62.30833, 29.9783, -142.421, 0.0046955, -70.5657
3739, 62.31667, 30.0401, -142.259, 0.00470576, -70.4021
3740, 62.32500, 30.1024, -142.099, 0.00471611, -70.2391
3740, 62.33333, 30.1653, -141.938, 0.00472655, -70.0764
3741, 62.34167, 30.2287, -141.778, 0.00473709, -69.9141
3741, 62.35000, 30.2927, -141.619, 0.00474771, -69.7523
3742, 62.35833, 30.3573, -141.46, 0.00475843, -69.5909
3742, 62.36667, 30.4225, -141.301, 0.00476924, -69.4299
3743, 62.37500, 30.4882, -141.143, 0.00478014, -69.2693
3743, 62.38333, 30.5545, -140.985, 0.00479113, -69.1092
3744, 62.39167, 30.6214, -140.828, 0.00480222, -68.9495
3744, 62.40000, 30.6888, -140.671, 0.0048134, -68.7904
3745, 62.40833, 30.7569, -140.514, 0.00482468, -68.6316
3745, 62.41667, 30.8255, -140.358, 0.00483605, -68.4733
3746, 62.42500, 30.8947, -140.203, 0.00484751, -68.3155
3746, 62.43333, 30.9645, -140.048, 0.00485907, -68.1582
3747, 62.44167, 31.0349, -139.893, 0.00487072, -68.0013
3747, 62.45000, 31.1059, -139.739, 0.00488247, -67.8449
3748, 62.45833, 31.1774, -139.586, 0.00489431, -67.689
3748, 62.46667, 31.2496, -139.433, 0.00490625, -67.5336
3749, 62.47500, 31.3223, -139.28, 0.00491828, -67.3787
3749, 62.48333, 31.3956, -139.128, 0.00493041, -67.2243
3750, 62.49167, 31.4696, -138.976, 0.00494264, -67.0704
3750, 62.50000, 31.5441, -138.825, 0.00495496, -66.917
3751, 62.50833, 31.6192, -138.675, 0.00496738, -66.7641
3751, 62.51667, 31.6949, -138.525, 0.00497989, -66.6117
3752, 62.52500, 31.7712, -138.375, 0.00499251, -66.4599
3752, 62.53333, 31.8481, -138.226, 0.00500522, -66.3086
3753, 62.54167, 31.9256, -138.077, 0.00501802, -66.1578
3753, 62.55000, 32.0038, -137.93, 0.00503093, -66.0075
3754, 62.55833, 32.0825, -137.782, 0.00504393, -65.8578
3754, 62.56667, 32.1618, -137.635, 0.00505704, -65.7086
3755, 62.57500, 32.2418, -137.489, 0.00507024, -65.56
3755, 62.58333, 32.3223, -137.343, 0.00508354, -65.4119
3756, 62.59167, 32.4035, -137.198, 0.00509694, -65.2644
3756, 62.60000, 32.4852, -137.053, 0.00511044, -65.1174
3757, 62.60833, 32.5676, -136.909, 0.00512404, -64.971
3757, 62.61667, 32.6506, -136.766, 0.00513774, -64.8252
3758, 62.62500, 32.7342, -136.623, 0.00515153, -64.6799
3758, 62.63333, 32.8185, -136.48, 0.00516543, -64.5352
3759, 62.64167, 32.9033, -136.338, 0.00517943, -64.3911
3759, 62.65000, 32.9888, -136.197, 0.00519353, -64.2476
3760, 62.65833, 33.0749, -136.057, 0.00520773, -64.1046
3760, 62.66667, 33.1616, -135.916, 0.00522204, -63.9622
3761, 62.67500, 33.2489, -135.777, 0.00523644, -63.8205
3761, 62.68333, 33.3369, -135.638, 0.00525095, -63.6793
3762, 62.69167, 33.4255, -135.5, 0.00526556, -63.5387
3762, 62.70000, 33.5147, -135.362, 0.00528027, -63.3987
3763, 62.70833, 33.6045, -135.225, 0.00529508, -63.2594
3763, 62.71667, 33.695, -135.089, 0.00531, -63.1206
3764, 62.72500, 33.7861, -134.953, 0.00532502, -62.9824
3764, 62.73333, 33.8778, -134.817, 0.00534014, -62.8449
3765, 62.74167, 33.9702, -134.683, 0.00535537, -62.7079
3765, 62.75000, 34.0632, -134.549, 0.0053707, -62.5716
3766, 62.75833, 34.1569, -134.415, 0.00538613, -62.4359
3766, 62.76667, 34.2511, -134.283, 0.00540167, -62.3008
3767, 62.77500, 34.3461, -134.15, 0.00541731, -62.1664
3767, 62.78333, 34.4416, -134.019, 0.00543306, -62.0326
3768, 62.79167, 34.5378, -133.888, 0.00544891, -61.8994
3768, 62.80000, 34.6347, -133.758, 0.00546487, -61.7669
3769, 62.80833, 34.7322, -133.628, 0.00548093, -61.635
3769, 62.81667, 34.8303, -133.499, 0.0054971, -61.5037
3770, 62.82500, 34.9291, -133.371, 0.00551338, -61.3731
3770, 62.83333, 35.0285, -133.243, 0.00552976, -61.2431
3771, 62.84167, 35.1286, -133.116, 0.00554624, -61.1138
3771, 62.85000, 35.2293, -132.99, 0.00556284, -60.9851
3772, 62.85833, 35.3307, -132.864, 0.00557954, -60.8571
3772, 62.86667, 35.4327, -132.739, 0.00559635, -60.7297
3773, 62.87500, 35.5354, -132.614, 0.00561326, -60.603
3773, 62.88333, 35.6388, -132.491, 0.00563029, -60.4769
3774, 62.89167, 35.7428, -132.367, 0.00564742, -60.3515
3774, 62.90000, 35.8474, -132.245, 0.00566466, -60.2268
3775, 62.90833, 35.9527, -132.123, 0.00568201, -60.1028
3775, 62.91667, 36.0587, -132.002, 0.00569946, -59.9794
3776, 62.92500, 36.1654, -131.882, 0.00571703, -59.8566
3776, 62.93333, 36.2727, -131.762, 0.0057347, -59.7346
3777, 62.94167, 36.3807, -131.643, 0.00575249, -59.6132
3777, 62.95000, 36.4893, -131.524, 0.00577038, -59.4925
3778, 62.95833, 36.5986, -131.407, 0.00578839, -59.3725
3778, 62.96667, 36.7086, -131.289, 0.0058065, -59.2531
3779, 62.97500, 36.8193, -131.173, 0.00582473, -59.1345
3779, 62.98333, 36.9306, -131.057, 0.00584306, -59.0165
3780, 62.99167, 37.0426, -130.942, 0.00586151, -58.8992
3780, 63.00000, 37.1553, -130.828, 0.00588007, -58.7826
3781, 63.00833, 37.2686, -130.714, 0.00589873, -58.6666
3781, 63.01667, 37.3826, -130.601, 0.00591752, -58.5514
3782, 63.02500, 37.4973, -130.489, 0.00593641, -58.4368
3782, 63.03333, 37.6127, -130.378, 0.00595541, -58.323
3783, 63.04167, 37.7288, -130.267, 0.00597453, -58.2098
3783, 63.05000, 37.8456, -130.156, 0.00599376, -58.0973
3784, 63.05833, 37.963, -130.047, 0.00601311, -57.9856
3784, 63.06667, 38.0811, -129.938, 0.00603256, -57.8745
3785, 63.07500, 38.1999, -129.83, 0.00605213, -57.7641
3785, 63.08333, 38.3194, -129.723, 0.00607182, -57.6544
3786, 63.09167, 38.4396, -129.616, 0.00609162, -57.5454
3786, 63.10000, 38.5605, -129.51, 0.00611153, -57.4371
3787, 63.10833, 38.6821, -129.404, 0.00613156, -57.3296
3787, 63.11667, 38.8044, -129.3, 0.0061517, -57.2227
3788, 63.12500, 38.9273, -129.196, 0.00617196, -57.1165
3788, 63.13333, 39.051, -129.093, 0.00619233, -57.0111
3789, 63.14167, 39.1753, -128.99, 0.00621282, -56.9063
3789, 63.15000, 39.3004, -128.888, 0.00623342, -56.8022
3790, 63.15833, 39.4262, -128.787, 0.00625414, -56.6989
3790, 63.16667, 39.5526, -128.687, 0.00627498, -56.5963
3791, 63.17500, 39.6798, -128.587, 0.00629593, -56.4944
3791, 63.18333, 39.8077, -128.488, 0.00631701, -56.3931
3792, 63.19167, 39.9363, -128.39, 0.0063382, -56.2926
3792, 63.20000, 40.0656, -128.293, 0.0063595, -56.1929
3793, 63.20833, 40.1956, -128.196, 0.00638093, -56.0938
3793, 63.21667, 40.3263, -128.1, 0.00640247, -55.9954
3794, 63.22500, 40.4578, -128.004, 0.00642413, -55.8978
3794, 63.23333, 40.5899, -127.91, 0.00644591, -55.8009
3795, 63.24167, 40.7228, -127.816, 0.00646781, -55.7046
3795, 63.25000, 40.8564, -127.722, 0.00648983, -55.6092
3796, 63.25833, 40.9907, -127.63, 0.00651197, -55.5144
3796, 63.26667, 41.1257, -127.538, 0.00653423, -55.4203
3797, 63.27500, 41.2615, -127.447, 0.0065566, -55.327
3797, 63.28333, 41.3979, -127.357, 0.0065791, -55.2344
3798, 63.29167, 41.5351, -127.267, 0.00660172, -55.1424
3798, 63.30000, 41.6731, -127.178, 0.00662446, -55.0513
3799, 63.30833, 41.8117, -127.09, 0.00664732, -54.9608
3799, 63.31667, 41.9511, -127.002, 0.00667031, -54.8711
3800, 63.32500, 42.0913, -126.916, 0.00669342, -54.782
3800, 63.33333, 42.2321, -126.83, 0.00671664, -54.6937
3801, 63.34167, 42.3737, -126.744, 0.00674, -54.6062
3801, 63.35000, 42.5161, -126.66, 0.00676347, -54.5193
3802, 63.35833, 42.6591, -126.576, 0.00678707, -54.4332
3802, 63.36667, 42.803, -126.493, 0.00681079, -54.3478
3803, 63.37500, 42.9475, -126.41, 0.00683463, -54.2631
3803, 63.38333, 43.0928, -126.328, 0.0068586, -54.1791
3804, 63.39167, 43.2389, -126.247, 0.0068827, -54.0959
3804, 63.40000, 43.3857, -126.167, 0.00690692, -54.0133
3805, 63.40833, 43.5332, -126.088, 0.00693126, -53.9315
3805, 63.41667, 43.6815, -126.009, 0.00695573, -53.8505
3806, 63.42500, 43.8306, -125.931, 0.00698033, -53.7701
3806, 63.43333, 43.9804, -125.853, 0.00700505, -53.6905
3807, 63.44167, 44.131, -125.777, 0.0070299, -53.6116
3807, 63.45000, 44.2823, -125.701, 0.00705487, -53.5334
3808, 63.45833, 44.4344, -125.625, 0.00707997, -53.456
3808, 63.46667, 44.5872, -125.551, 0.0071052, -53.3792
3809, 63.47500, 44.7409, -125.477, 0.00713056, -53.3032
3809, 63.48333, 44.8952, -125.404, 0.00715604, -53.228
3810, 63.49167, 45.0504, -125.332, 0.00718166, -53.1534
3810, 63.50000, 45.2063, -125.26, 0.0072074, -53.0796
3811, 63.50833, 45.363, -125.189, 0.00723327, -53.0065
3811, 63.51667, 45.5205, -125.119, 0.00725927, -52.9341
3812, 63.52500, 45.6787, -125.05, 0.0072854, -52.8624
3812, 63.53333, 45.8377, -124.981, 0.00731166, -52.7915
3813, 63.54167, 45.9975, -124.913, 0.00733806, -52.7213
3813, 63.55000, 46.1581, -124.846, 0.00736458, -52.6518
3814, 63.55833, 46.3194, -124.779, 0.00739123, -52.583
3814, 63.56667, 46.4816, -124.713, 0.00741802, -52.515
3815, 63.57500, 46.6445, -124.648, 0.00744494, -52.4476
3815, 63.58333, 46.8082, -124.584, 0.00747198, -52.3811
3816, 63.59167, 46.9727, -124.52, 0.00749917, -52.3152
3816, 63.60000, 47.138, -124.457, 0.00752648, -52.25
3817, 63.60833, 47.3041, -124.395, 0.00755393, -52.1856
3817, 63.61667, 47.471, -124.334, 0.00758151, -52.1219
3818, 63.62500, 47.6387, -124.273, 0.00760923, -52.0589
3818, 63.63333, 47.8072, -124.213, 0.00763708, -51.9967
3819, 63.64167, 47.9765, -124.154, 0.00766507, -51.9351
3819, 63.65000, 48.1466, -124.095, 0.00769319, -51.8743
3820, 63.65833, 48.3175, -124.037, 0.00772144, -51.8142
3820, 63.66667, 48.4892, -123.98, 0.00774984, -51.7549
3821, 63.67500, 48.6617, -123.924, 0.00777836, -51.6962
3821, 63.68333, 48.8351, -123.868, 0.00780703, -51.6383
3822, 63.69167, 49.0092, -123.813, 0.00783583, -51.5811
3822, 63.70000, 49.1842, -123.759, 0.00786477, -51.5246
3823, 63.70833, 49.36, -123.705, 0.00789385, -51.4688
3823, 63.71667, 49.5366, -123.652, 0.00792307, -51.4138
3824, 63.72500, 49.714, -123.6, 0.00795242, -51.3595
3824, 63.73333, 49.8923, -123.549, 0.00798191, -51.3059
3825, 63.74167, 50.0714, -123.498, 0.00801155, -51.253
3825, 63.75000, 50.2513, -123.448, 0.00804132, -51.2008
3826, 63.75833, 50.432, -123.399, 0.00807123, -51.1494
3826, 63.76667, 50.6136, -123.351, 0.00810129, -51.0986
3827, 63.77500, 50.796, -123.303, 0.00813148, -51.0486
3827, 63.78333, 50.9793, -123.256, 0.00816182, -50.9993
3828, 63.79167, 51.1634, -123.209, 0.0081923, -50.9507
3828, 63.80000, 51.3483, -123.164, 0.00822292, -50.9029
3829, 63.80833, 51.5341, -123.119, 0.00825368, -50.8558
3829, 63.81667, 51.7207, -123.075, 0.00828459, -50.8093
3830, 63.82500, 51.9082, -123.031, 0.00831563, -50.7636
3830, 63.83333, 52.0965, -122.988, 0.00834683, -50.7186
3831, 63.84167, 52.2857, -122.946, 0.00837817, -50.6744
3831, 63.85000, 52.4757, -122.905, 0.00840965, -50.6308
3832, 63.85833, 52.6666, -122.864, 0.00844127, -50.588
3832, 63.86667, 52.8584, -122.824, 0.00847305, -50.5458
3833, 63.87500, 53.051, -122.785, 0.00850497, -50.5044
3833, 63.88333, 53.2445, -122.747, 0.00853703, -50.4637
3834, 63.89167, 53.4389, -122.709, 0.00856924, -50.4237
3834, 63.90000, 53.6341, -122.672, 0.0086016, -50.3845
3835, 63.90833, 53.8302, -122.635, 0.00863411, -50.3459
3835, 63.91667, 54.0272, -122.6, 0.00866676, -50.3081
3836, 63.92500, 54.2251, -122.565, 0.00869957, -50.2709
3836, 63.93333, 54.4238, -122.531, 0.00873252, -50.2345
3837, 63.94167, 54.6234, -122.497, 0.00876562, -50.1988
3837, 63.95000, 54.8239, -122.464, 0.00879887, -50.1638
3838, 63.95833, 55.0253, -122.432, 0.00883227, -50.1296
3838, 63.96667, 55.2276, -122.401, 0.00886583, -50.096
3839, 63.97500, 55.4308, -122.37, 0.00889953, -50.0631
3839, 63.98333, 55.6348, -122.34, 0.00893339, -50.031
3840, 63.99167, 55.8398, -122.311, 0.0089674, -49.9996
3840, 64.00000, 56.0457, -122.283, 0.00900156, -49.9688
3841, 64.00833, 56.2524, -122.255, 0.00903587, -49.9388
3841, 64.01667, 56.4601, -122.228, 0.00907034, -49.9095
3842, 64.02500, 56.6687, -122.201, 0.00910496, -49.8809
3842, 64.03333, 56.8782, -122.176, 0.00913973, -49.8531
3843, 64.04166, 57.0886, -122.151, 0.00917467, -49.8259
3843, 64.05000, 57.2999, -122.126, 0.00920975, -49.7994
3844, 64.05833, 57.5121, -122.103, 0.00924499, -49.7737
3844, 64.06667, 57.7253, -122.08, 0.00928039, -49.7486
3845, 64.07500, 57.9394, -122.058, 0.00931594, -49.7243
3845, 64.08334, 58.1544, -122.037, 0.00935165, -49.7007
3846, 64.09167, 58.3703, -122.016, 0.00938752, -49.6778
3846, 64.10000, 58.5871, -121.996, 0.00942355, -49.6556
3847, 64.10833, 58.8049, -121.976, 0.00945973, -49.6341
3847, 64.11667, 59.0237, -121.958, 0.00949608, -49.6133
3848, 64.12500, 59.2433, -121.94, 0.00953259, -49.5932
3848, 64.13333, 59.4639, -121.923, 0.00956925, -49.5738
3849, 64.14167, 59.6855, -121.906, 0.00960608, -49.5551
3849, 64.15000, 59.908, -121.891, 0.00964306, -49.5372
3850, 64.15833, 60.1314, -121.876, 0.00968021, -49.5199
3850, 64.16666, 60.3558, -121.861, 0.00971752, -49.5034
3851, 64.17500, 60.5812, -121.848, 0.00975499, -49.4875
3851, 64.18333, 60.8075, -121.835, 0.00979262, -49.4724
3852, 64.19167, 61.0348, -121.822, 0.00983043, -49.458
3852, 64.20000, 61.263, -121.811, 0.00986839, -49.4443
3853, 64.20834, 61.4922, -121.8, 0.00990651, -49.4312
3853, 64.21667, 61.7224, -121.79, 0.00994481, -49.4189
3854, 64.22500, 61.9535, -121.78, 0.00998326, -49.4073
3854, 64.23333, 62.1856, -121.772, 0.0100219, -49.3965
3855, 64.24167, 62.4187, -121.764, 0.0100607, -49.3863
3855, 64.25000, 62.6527, -121.756, 0.0100996, -49.3768
3856, 64.25833, 62.8878, -121.75, 0.0101388, -49.368
3856, 64.26667, 63.1238, -121.744, 0.0101781, -49.3599
3857, 64.27500, 63.3608, -121.739, 0.0102175, -49.3526
3857, 64.28333, 63.5988, -121.734, 0.0102571, -49.3459
3858, 64.29166, 63.8378, -121.731, 0.0102969, -49.34
3858, 64.30000, 64.0778, -121.727, 0.0103369, -49.3347
3859, 64.30833, 64.3188, -121.725, 0.010377, -49.3302
3859, 64.31667, 64.5608, -121.723, 0.0104174, -49.3264
3860, 64.32500, 64.8038, -121.723, 0.0104578, -49.3232
3860, 64.33334, 65.0478, -121.722, 0.0104985, -49.3208
3861, 64.34167, 65.2928, -121.723, 0.0105393, -49.3191
3861, 64.35000, 65.5388, -121.724, 0.0105803, -49.3181
3862, 64.35833, 65.7859, -121.726, 0.0106215, -49.3178
3862, 64.36667, 66.034, -121.728, 0.0106628, -49.3182
3863, 64.37500, 66.283, -121.732, 0.0107044, -49.3193
3863, 64.38333, 66.5331, -121.736, 0.0107461, -49.3211
3864, 64.39167, 66.7843, -121.74, 0.0107879, -49.3237
3864, 64.40000, 67.0364, -121.746, 0.01083, -49.3269
3865, 64.40833, 67.2896, -121.752, 0.0108722, -49.3308
3865, 64.41666, 67.5438, -121.759, 0.0109146, -49.3355
3866, 64.42500, 67.7991, -121.766, 0.0109572, -49.3408
3866, 64.43333, 68.0554, -121.775, 0.0109999, -49.3469
3867, 64.44167, 68.3128, -121.783, 0.0110429, -49.3537
3867, 64.45000, 68.5711, -121.793, 0.011086, -49.3612
3868, 64.45834, 68.8306, -121.804, 0.0111293, -49.3694
3868, 64.46667, 69.0911, -121.815, 0.0111728, -49.3783
3869, 64.47500, 69.3526, -121.826, 0.0112164, -49.3879
3869, 64.48333, 69.6152, -121.839, 0.0112603, -49.3982
3870, 64.49167, 69.8789, -121.852, 0.0113043, -49.4092
3870, 64.50000, 70.1436, -121.866, 0.0113485, -49.4209
3871, 64.50833, 70.4094, -121.881, 0.0113929, -49.4334
3871, 64.51667, 70.6763, -121.896, 0.0114375, -49.4465
3872, 64.52500, 70.9442, -121.912, 0.0114822, -49.4604
3872, 64.53333, 71.2132, -121.929, 0.0115271, -49.475
3873, 64.54166, 71.4834, -121.946, 0.0115723, -49.4903
3873, 64.55000, 71.7545, -121.964, 0.0116176, -49.5063
3874, 64.55833, 72.0268, -121.983, 0.0116631, -49.523
3874, 64.56667, 72.3001, -122.003, 0.0117088, -49.5404
3875, 64.57500, 72.5746, -122.023, 0.0117546, -49.5585
3875, 64.58334, 72.8501, -122.044, 0.0118007, -49.5774
3876, 64.59167, 73.1267, -122.066, 0.0118469, -49.597
3876, 64.60000, 73.4044, -122.088, 0.0118934, -49.6172
3877, 64.60833, 73.6832, -122.111, 0.01194, -49.6382
3877, 64.61667, 73.9632, -122.135, 0.0119868, -49.6599
3878, 64.62500, 74.2442, -122.16, 0.0120338, -49.6824
3878, 64.63333, 74.5263, -122.185, 0.012081, -49.7055
3879, 64.64167, 74.8096, -122.211, 0.0121284, -49.7294
3879, 64.65000, 75.0939, -122.238, 0.012176, -49.7539
3880, 64.65833, 75.3794, -122.265, 0.0122237, -49.7792
3880, 64.66666, 75.666, -122.294, 0.0122717, -49.8052
3881, 64.67500, 75.9537, -122.322, 0.0123198, -49.832
3881, 64.68333, 76.2426, -122.352, 0.0123682, -49.8594
3882, 64.69167, 76.5326, -122.382, 0.0124167, -49.8876
3882, 64.70000, 76.8236, -122.413, 0.0124655, -49.9165
3883, 64.70834, 77.1159, -122.445, 0.0125144, -49.9461
3883, 64.71667, 77.4093, -122.478, 0.0125635, -49.9764
3884, 64.72500, 77.7038, -122.511, 0.0126129, -50.0074
3884, 64.73333, 77.9994, -122.545, 0.0126624, -50.0392
3885, 64.74167, 78.2962, -122.579, 0.0127121, -50.0717
3885, 64.75000, 78.5942, -122.615, 0.012762, -50.1049
3886, 64.75833, 78.8933, -122.651, 0.0128121, -50.1389
3886, 64.76667, 79.1935, -122.688, 0.0128625, -50.1735
3887, 64.77500, 79.4949, -122.725, 0.012913, -50.2089
3887, 64.78333, 79.7975, -122.764, 0.0129637, -50.2451
3888, 64.79166, 80.1012, -122.803, 0.0130146, -50.2819
3888, 64.80000, 80.4061, -122.842, 0.0130657, -50.3195
3889, 64.80833, 80.7121, -122.883, 0.013117, -50.3578
3889, 64.81667, 81.0194, -122.924, 0.0131686, -50.3968
3890, 64.82500, 81.3277, -122.966, 0.0132203, -50.4366
3890, 64.83334, 81.6373, -123.008, 0.0132722, -50.4771
3891, 64.84167, 81.948, -123.052, 0.0133243, -50.5184
3891, 64.85000, 82.2599, -123.096, 0.0133767, -50.5603
3892, 64.85833, 82.573, -123.141, 0.0134292, -50.603
3892, 64.86667, 82.8873, -123.186, 0.0134819, -50.6465
3893, 64.87500, 83.2027, -123.233, 0.0135349, -50.6906
3893, 64.88333, 83.5194, -123.28, 0.013588, -50.7355
3894, 64.89167, 83.8372, -123.328, 0.0136414, -50.7812
3894, 64.90000, 84.1562, -123.376, 0.013695, -50.8276
3895, 64.90833, 84.4764, -123.425, 0.0137487, -50.8747
3895, 64.91666, 84.7979, -123.475, 0.0138027, -50.9226
3896, 64.92500, 85.1205, -123.526, 0.0138569, -50.9712
3896, 64.93333, 85.4443, -123.578, 0.0139113, -51.0205
3897, 64.94167, 85.7693, -123.63, 0.0139659, -51.0706
3897, 64.95000, 86.0955, -123.683, 0.0140207, -51.1215
3898, 64.95834, 86.4229, -123.737, 0.0140757, -51.1731
3898, 64.96667, 86.7515, -123.791, 0.0141309, -51.2254
3899, 64.97500, 87.0814, -123.846, 0.0141864, -51.2785
3899, 64.98333, 87.4124, -123.902, 0.014242, -51.3323
3900, 64.99167, 87.7447, -123.959, 0.0142979, -51.3869
3900, 65.00000, 88.0782, -124.016, 0.014354, -51.4422
3901, 65.00833, 88.4128, -124.075, 0.0144102, -51.4983
3901, 65.01667, 88.7488, -124.134, 0.0144667, -51.5551
3902, 65.02500, 89.0859, -124.193, 0.0145234, -51.6127
3902, 65.03333, 89.4242, -124.254, 0.0145804, -51.6711
3903, 65.04166, 89.7639, -124.315, 0.0146375, -51.7302
3903, 65.05000, 90.1047, -124.377, 0.0146948, -51.79
3904, 65.05833, 90.4467, -124.44, 0.0147524, -51.8507
3904, 65.06667, 90.79, -124.503, 0.0148102, -51.9121
3905, 65.07500, 91.1345, -124.568, 0.0148682, -51.9742
3905, 65.08334, 91.4802, -124.633, 0.0149264, -52.0371
3906, 65.09167, 91.8272, -124.699, 0.0149848, -52.1008
3906, 65.10000, 92.1753, -124.765, 0.0150434, -52.1652
3907, 65.10833, 92.5247, -124.832, 0.0151023, -52.2304
3907, 65.11667, 92.8755, -124.901, 0.0151613, -52.2964
3908, 65.12500, 93.2273, -124.969, 0.0152206, -52.3631
3908, 65.13333, 93.5805, -125.039, 0.0152801, -52.4306
3909, 65.14167, 93.9349, -125.109, 0.0153398, -52.4989
3909, 65.15000, 94.2905, -125.181, 0.0153997, -52.568
3910, 65.15833, 94.6474, -125.253, 0.0154599, -52.6378
3910, 65.16666, 95.0055, -125.325, 0.0155202, -52.7084
3911, 65.17500, 95.3648, -125.399, 0.0155808, -52.7798
3911, 65.18333, 95.7254, -125.473, 0.0156416, -52.852
3912, 65.19167, 96.0873, -125.548, 0.0157026, -52.9249
3912, 65.20000, 96.4504, -125.624, 0.0157639, -52.9987
3913, 65.20834, 96.8147, -125.701, 0.0158253, -53.0732
3913, 65.21667, 97.1803, -125.778, 0.015887, -53.1485
3914, 65.22500, 97.5471, -125.856, 0.0159489, -53.2246
3914, 65.23333, 97.9152, -125.935, 0.016011, -53.3014
3915, 65.24167, 98.2845, -126.015, 0.0160733, -53.3791
3915, 65.25000, 98.6551, -126.096, 0.0161358, -53.4575
3916, 65.25833, 99.0269, -126.177, 0.0161986, -53.5368
3916, 65.26667, 99.4, -126.259, 0.0162616, -53.6168
3917, 65.27500, 99.7743, -126.342, 0.0163248, -53.6977
3917, 65.28333, 100.15, -126.426, 0.0163882, -53.7793
3918, 65.29166, 100.527, -126.51, 0.0164518, -53.8617
3918, 65.30000, 100.905, -126.596, 0.0165157, -53.945
3919, 65.30833, 101.284, -126.682, 0.0165798, -54.029
3919, 65.31667, 101.665, -126.769, 0.0166441, -54.1138
3920, 65.32500, 102.046, -126.857, 0.0167086, -54.1995
3920, 65.33334, 102.429, -126.945, 0.0167733, -54.2859
3921, 65.34167, 102.814, -127.035, 0.0168383, -54.3732
3921, 65.35000, 103.199, -127.125, 0.0169034, -54.4612
3922, 65.35833, 103.586, -127.216, 0.0169688, -54.5501
3922, 65.36667, 103.974, -127.308, 0.0170344, -54.6398
3923, 65.37500, 104.363, -127.4, 0.0171002, -54.7303
3923, 65.38333, 104.754, -127.494, 0.0171663, -54.8216
3924, 65.39167, 105.145, -127.588, 0.0172325, -54.9138
3924, 65.40000, 105.538, -127.683, 0.017299, -55.0067
3925, 65.40833, 105.933, -127.779, 0.0173657, -55.1005
3925, 65.41666, 106.328, -127.876, 0.0174326, -55.1951
3926, 65.42500, 106.725, -127.973, 0.0174998, -55.2906
3926, 65.43333, 107.122, -128.072, 0.0175671, -55.3868
3927, 65.44167, 107.522, -128.171, 0.0176347, -55.4839
3927, 65.45000, 107.922, -128.271, 0.0177024, -55.5818
3928, 65.45834, 108.323, -128.372, 0.0177704, -55.6806
3928, 65.46667, 108.726, -128.473, 0.0178386, -55.7802
3929, 65.47500, 109.13, -128.576, 0.0179071, -55.8806
3929, 65.48333, 109.535, -128.679, 0.0179757, -55.9819
3930, 65.49167, 109.942, -128.783, 0.0180446, -56.084
3930, 65.50000, 110.349, -128.889, 0.0181136, -56.1869
3931, 65.50833, 110.758, -128.994, 0.0181829, -56.2907
3931, 65.51667, 111.168, -129.101, 0.0182524, -56.3954
3932, 65.52500, 111.579, -129.209, 0.0183221, -56.5008
3932, 65.53333, 111.992, -129.317, 0.018392, -56.6072
3933, 65.54166, 112.405, -129.426, 0.0184622, -56.7143
3933, 65.55000, 112.82, -129.537, 0.0185325, -56.8224
3934, 65.55833, 113.236, -129.648, 0.0186031, -56.9313
3934, 65.56667, 113.653, -129.759, 0.0186738, -57.041
3935, 65.57500, 114.071, -129.872, 0.0187448, -57.1516
3935, 65.58334, 114.491, -129.986, 0.018816, -57.2631
3936, 65.59167, 114.912, -130.1, 0.0188874, -57.3754
3936, 65.60000, 115.333, -130.215, 0.018959, -57.4886
3937, 65.60833, 115.756, -130.332, 0.0190308, -57.6026
3937, 65.61667, 116.18, -130.449, 0.0191028, -57.7176
3938, 65.62500, 116.606, -130.567, 0.019175, -57.8334
3938, 65.63333, 117.032, -130.685, 0.0192474, -57.95
3939, 65.64167, 117.459, -130.805, 0.01932, -58.0676
3939, 65.65000, 117.888, -130.925, 0.0193928, -58.186
3940, 65.65833, 118.318, -131.047, 0.0194658, -58.3053
3940, 65.66666, 118.749, -131.169, 0.0195391, -58.4255
3941, 65.67500, 119.181, -131.292, 0.0196125, -58.5465
3941, 65.68333, 119.614, -131.416, 0.0196861, -58.6685
3942, 65.69167, 120.048, -131.541, 0.0197599, -58.7913
3942, 65.70000, 120.483, -131.667, 0.0198339, -58.915
3943, 65.70834, 120.919, -131.794, 0.0199081, -59.0396
3943, 65.71667, 121.357, -131.921, 0.0199825, -59.1651
3944, 65.72500, 121.795, -132.05, 0.0200571, -59.2915
3944, 65.73333, 122.234, -132.179, 0.0201319, -59.4188
3945, 65.74167, 122.675, -132.309, 0.0202068, -59.5469
3945, 65.75000, 123.117, -132.441, 0.020282, -59.676
3946, 65.75833, 123.559, -132.573, 0.0203573, -59.806
3946, 65.76667, 124.003, -132.706, 0.0204329, -59.9369
3947, 65.77500, 124.447, -132.84, 0.0205086, -60.0687
3947, 65.78333, 124.893, -132.974, 0.0205845, -60.2013
3948, 65.79166, 125.34, -133.11, 0.0206605, -60.335
3948, 65.80000, 125.787, -133.247, 0.0207368, -60.4695
3949, 65.80833, 126.236, -133.384, 0.0208132, -60.6049
3949, 65.81667, 126.685, -133.523, 0.0208898, -60.7412
3950, 65.82500, 127.136, -133.662, 0.0209666, -60.8785
3950, 65.83334, 127.587, -133.802, 0.0210436, -61.0166
3951, 65.84167, 128.04, -133.943, 0.0211207, -61.1557
3951, 65.85000, 128.493, -134.085, 0.021198, -61.2957
3952, 65.85833, 128.947, -134.228, 0.0212755, -61.4367
3952, 65.86667, 129.402, -134.372, 0.0213531, -61.5786
3953, 65.87500, 129.858, -134.517, 0.0214309, -61.7213
3953, 65.88333, 130.315, -134.663, 0.0215088, -61.8651
3954, 65.89167, 130.772, -134.81, 0.0215869, -62.0097
3954, 65.90000, 131.231, -134.957, 0.0216652, -62.1553
3955, 65.90833, 131.69, -135.106, 0.0217436, -62.3018
3955, 65.91666, 132.15, -135.256, 0.0218222, -62.4493
3956, 65.92500, 132.611, -135.406, 0.0219009, -62.5976
3956, 65.93333, 133.073, -135.557, 0.0219798, -62.747
3957, 65.94167, 133.536, -135.71, 0.0220588, -62.8973
3957, 65.95000, 133.999, -135.863, 0.022138, -63.0485
3958, 65.95834, 134.463, -136.017, 0.0222173, -63.2006
3958, 65.96667, 134.928, -136.173, 0.0222967, -63.3537
3959, 65.97500, 135.393, -136.329, 0.0223763, -63.5078
3959, 65.98333, 135.859, -136.486, 0.022456, -63.6628
3960, 65.99167, 136.326, -136.644, 0.0225359, -63.8188
3960, 66.00000, 136.793, -136.803, 0.0226158, -63.9757
3961, 66.00833, 137.262, -136.963, 0.0226959, -64.1335
3961, 66.01667, 137.73, -137.124, 0.0227762, -64.2924
3962, 66.02500, 138.2, -137.285, 0.0228565, -64.4521
3962, 66.03333, 138.67, -137.448, 0.022937, -64.6129
3963, 66.04166, 139.14, -137.612, 0.0230175, -64.7746
3963, 66.05000, 139.611, -137.777, 0.0230982, -64.9372
3964, 66.05833, 140.083, -137.942, 0.023179, -65.1008
3964, 66.06667, 140.555, -138.109, 0.0232599, -65.2654
3965, 66.07500, 141.028, -138.277, 0.0233409, -65.431
3965, 66.08334, 141.501, -138.445, 0.023422, -65.5975
3966, 66.09167, 141.975, -138.615, 0.0235032, -65.765
3966, 66.10000, 142.449, -138.785, 0.0235844, -65.9335
3967, 66.10833, 142.923, -138.957, 0.0236658, -66.1029
3967, 66.11667, 143.398, -139.129, 0.0237472, -66.2733
3968, 66.12500, 143.873, -139.303, 0.0238288, -66.4447
3968, 66.13333, 144.349, -139.477, 0.0239104, -66.617
3969, 66.14167, 144.825, -139.653, 0.0239921, -66.7904
3969, 66.15000, 145.301, -139.829, 0.0240738, -66.9647
3970, 66.15833, 145.777, -140.006, 0.0241556, -67.14
3970, 66.16666, 146.254, -140.185, 0.0242375, -67.3163
3971, 66.17500, 146.731, -140.364, 0.0243194, -67.4935
3971, 66.18333, 147.208, -140.544, 0.0244014, -67.6717
3972, 66.19167, 147.685, -140.726, 0.0244834, -67.851
3972, 66.20000, 148.163, -140.908, 0.0245655, -68.0312
3973, 66.20834, 148.641, -141.091, 0.0246476, -68.2123
3973, 66.21667, 149.118, -141.275, 0.0247298, -68.3945
3974, 66.22500, 149.596, -141.461, 0.024812, -68.5777
3974, 66.23333, 150.074, -141.647, 0.0248942, -68.7618
3975, 66.24167, 150.552, -141.834, 0.0249765, -68.9469
3975, 66.25000, 151.03, -142.022, 0.0250587, -69.133
3976, 66.25833, 151.508, -142.211, 0.025141, -69.3201
3976, 66.26667, 151.986, -142.402, 0.0252233, -69.5082
3977, 66.27500, 152.463, -142.593, 0.0253056, -69.6973
3977, 66.28333, 152.941, -142.785, 0.0253878, -69.8874
3978, 66.29166, 153.419, -142.978, 0.0254701, -70.0784
3978, 66.30000, 153.896, -143.172, 0.0255524, -70.2705
3979, 66.30833, 154.373, -143.367, 0.0256346, -70.4635
3979, 66.31667, 154.85, -143.563, 0.0257169, -70.6576
3980, 66.32500, 155.326, -143.76, 0.0257991, -70.8526
3980, 66.33334, 155.803, -143.958, 0.0258813, -71.0486
3981, 66.34167, 156.279, -144.157, 0.0259634, -71.2456
3981, 66.35000, 156.754, -144.357, 0.0260455, -71.4436
3982, 66.35833, 157.229, -144.558, 0.0261276, -71.6426
3982, 66.36667, 157.704, -144.761, 0.0262096, -71.8426
3983, 66.37500, 158.179, -144.964, 0.0262915, -72.0435
3983, 66.38333, 158.652, -145.168, 0.0263734, -72.2455
3984, 66.39167, 159.126, -145.373, 0.0264552, -72.4484
3984, 66.40000, 159.598, -145.579, 0.0265369, -72.6523
3985, 66.40833, 160.07, -145.785, 0.0266186, -72.8573
3985, 66.41666, 160.542, -145.993, 0.0267001, -73.0632
3986, 66.42500, 161.013, -146.202, 0.0267816, -73.2701
3986, 66.43333, 161.483, -146.412, 0.026863, -73.4779
3987, 66.44167, 161.952, -146.623, 0.0269442, -73.6868
3987, 66.45000, 162.421, -146.835, 0.0270254, -73.8967
3988, 66.45834, 162.888, -147.048, 0.0271064, -74.1075
3988, 66.46667, 163.355, -147.262, 0.0271873, -74.3193
3989, 66.47500, 163.821, -147.477, 0.0272681, -74.5321
3989, 66.48333, 164.286, -147.693, 0.0273487, -74.7459
3990, 66.49167, 164.75, -147.909, 0.0274292, -74.9607
3990, 66.50000, 165.213, -148.127, 0.0275095, -75.1764
3991, 66.50833, 165.675, -148.346, 0.0275897, -75.3931
3991, 66.51667, 166.136, -148.566, 0.0276697, -75.6108
3992, 66.52500, 166.595, -148.786, 0.0277495, -75.8295
3992, 66.53333, 167.054, -149.008, 0.0278292, -76.0491
3993, 66.54166, 167.511, -149.231, 0.0279086, -76.2697
3993, 66.55000, 167.967, -149.454, 0.0279879, -76.4913
3994, 66.55833, 168.421, -149.679, 0.028067, -76.7138
3994, 66.56667, 168.875, -149.904, 0.0281458, -76.9373
3995, 66.57500, 169.327, -150.131, 0.0282245, -77.1618
3995, 66.58334, 169.777, -150.358, 0.0283029, -77.3872
3996, 66.59167, 170.226, -150.587, 0.0283811, -77.6136
3996, 66.60000, 170.673, -150.816, 0.0284591, -77.8409
3997, 66.60833, 171.119, -151.047, 0.0285368, -78.0692
3997, 66.61667, 171.563, -151.278, 0.0286142, -78.2984
3998, 66.62500, 172.006, -151.51, 0.0286914, -78.5286
3998, 66.63333, 172.447, -151.743, 0.0287683, -78.7597
3999, 66.64167, 172.886, -151.977, 0.028845, -78.9918
3999, 66.65000, 173.323, -152.212, 0.0289214, -79.2248
4000, 66.65833, 173.758, -152.448, 0.0289974, -79.4587
4000, 66.66666, 174.192, -152.685, 0.0290732, -79.6936
4001, 66.67500, 174.623, -152.923, 0.0291487, -79.9294
4001, 66.68333, 175.053, -153.162, 0.0292238, -80.1661
4002, 66.69167, 175.48, -153.401, 0.0292986, -80.4038
4002, 66.70000, 175.906, -153.642, 0.0293731, -80.6423
4003, 66.70834, 176.329, -153.884, 0.0294473, -80.8818
4003, 66.71667, 176.75, -154.126, 0.0295211, -81.1222
4004, 66.72500, 177.169, -154.369, 0.0295945, -81.3635
4004, 66.73333, 177.585, -154.614, 0.0296676, -81.6056
4005, 66.74167, 178, -154.859, 0.0297403, -81.8487
4005, 66.75000, 178.411, -155.105, 0.0298126, -82.0927
4005, 66.75833, 178.821, -155.352, 0.0298845, -82.3376
4006, 66.76667, 179.228, -155.599, 0.029956, -82.5833
4007, 66.77500, 179.632, -155.848, 0.0300271, -82.8299
4007, 66.78333, 180.034, -156.097, 0.0300978, -83.0774
4008, 66.79166, 180.433, -156.348, 0.0301681, -83.3258
4008, 66.80000, 180.829, -156.599, 0.030238, -83.575
4009, 66.80833, 181.223, -156.851, 0.0303073, -83.8251
4009, 66.81667, 181.614, -157.104, 0.0303763, -84.0761
4010, 66.82500, 182.002, -157.358, 0.0304448, -84.3279
4010, 66.83334, 182.387, -157.613, 0.0305128, -84.5805
4011, 66.84167, 182.769, -157.868, 0.0305803, -84.834
4011, 66.85000, 183.148, -158.125, 0.0306474, -85.0882
4012, 66.85833, 183.524, -158.382, 0.0307139, -85.3434
4012, 66.86667, 183.897, -158.64, 0.03078, -85.5993
4013, 66.87500, 184.267, -158.898, 0.0308455, -85.8561
4013, 66.88333, 184.634, -159.158, 0.0309105, -86.1136
4013, 66.89167, 184.997, -159.418, 0.030975, -86.372
4014, 66.90000, 185.357, -159.68, 0.031039, -86.6311
4015, 66.90833, 185.714, -159.941, 0.0311023, -86.8911
4015, 66.91666, 186.067, -160.204, 0.0311652, -87.1518
4016, 66.92500, 186.417, -160.468, 0.0312275, -87.4133
4016, 66.93333, 186.764, -160.732, 0.0312892, -87.6755
4017, 66.94167, 187.106, -160.997, 0.0313503, -87.9385
4017, 66.95000, 187.446, -161.263, 0.0314108, -88.2023
4018, 66.95834, 187.781, -161.529, 0.0314707, -88.4668
4018, 66.96667, 188.113, -161.797, 0.03153, -88.732
4019, 66.97500, 188.441, -162.065, 0.0315887, -88.998
4019, 66.98333, 188.765, -162.333, 0.0316468, -89.2647
4020, 66.99167, 189.086, -162.603, 0.0317042, -89.5321
4020, 67.00000, 189.402, -162.873, 0.031761, -89.8002
4021, 67.00833, 189.715, -163.144, 0.0318172, -90.069
4021, 67.01667, 190.023, -163.415, 0.0318726, -90.3385
4021, 67.02500, 190.327, -163.687, 0.0319274, -90.6086
4022, 67.03333, 190.628, -163.96, 0.0319816, -90.8795
4023, 67.04166, 190.924, -164.234, 0.032035, -91.151
4023, 67.05000, 191.216, -164.508, 0.0320878, -91.4231
4024, 67.05833, 191.503, -164.783, 0.0321398, -91.6959
4024, 67.06667, 191.787, -165.058, 0.0321911, -91.9693
4025, 67.07500, 192.066, -165.334, 0.0322417, -92.2434
4025, 67.08334, 192.34, -165.611, 0.0322916, -92.518
4026, 67.09167, 192.61, -165.888, 0.0323408, -92.7933
4026, 67.10000, 192.876, -166.166, 0.0323892, -93.0692
4027, 67.10833, 193.137, -166.444, 0.0324368, -93.3456
4027, 67.11667, 193.394, -166.724, 0.0324837, -93.6227
4028, 67.12500, 193.646, -167.003, 0.0325299, -93.9003
4028, 67.13333, 193.893, -167.283, 0.0325752, -94.1784
4029, 67.14167, 194.135, -167.564, 0.0326198, -94.4572
4029, 67.15000, 194.373, -167.845, 0.0326635, -94.7364
4029, 67.15833, 194.606, -168.127, 0.0327065, -95.0161
4030, 67.16666, 194.834, -168.409, 0.0327487, -95.2964
4031, 67.17500, 195.057, -168.692, 0.0327901, -95.5772
4031, 67.18333, 195.276, -168.975, 0.0328306, -95.8585
4032, 67.19167, 195.489, -169.259, 0.0328703, -96.1403
4032, 67.20000, 195.697, -169.543, 0.0329092, -96.4225
4033, 67.20834, 195.9, -169.828, 0.0329472, -96.7052
4033, 67.21667, 196.099, -170.113, 0.0329844, -96.9884
4034, 67.22500, 196.292, -170.399, 0.0330208, -97.2719
4034, 67.23333, 196.48, -170.685, 0.0330563, -97.5559
4035, 67.24167, 196.662, -170.971, 0.0330909, -97.8404
4035, 67.25000, 196.84, -171.258, 0.0331246, -98.1252
4036, 67.25833, 197.012, -171.545, 0.0331575, -98.4104
4036, 67.26667, 197.179, -171.833, 0.0331894, -98.6961
4037, 67.27500, 197.34, -172.121, 0.0332205, -98.982
4037, 67.28333, 197.497, -172.409, 0.0332507, -99.2684
4037, 67.29166, 197.647, -172.698, 0.03328, -99.5551
4038, 67.30000, 197.793, -172.987, 0.0333084, -99.8421
4039, 67.30833, 197.933, -173.276, 0.0333358, -100.129
4039, 67.31667, 198.067, -173.566, 0.0333624, -100.417
4040, 67.32500, 198.196, -173.856, 0.033388, -100.705
4040, 67.33334, 198.319, -174.146, 0.0334127, -100.993
4041, 67.34167, 198.437, -174.437, 0.0334364, -101.282
4041, 67.35000, 198.549, -174.727, 0.0334593, -101.57
4042, 67.35833, 198.656, -175.018, 0.0334811, -101.859
4042, 67.36667, 198.757, -175.31, 0.0335021, -102.149
4043, 67.37500, 198.852, -175.601, 0.033522, -102.438
4043, 67.38333, 198.942, -175.893, 0.0335411, -102.728
4044, 67.39167, 199.026, -176.184, 0.0335591, -103.018
4044, 67.40000, 199.104, -176.477, 0.0335762, -103.308
4045, 67.40833, 199.176, -176.769, 0.0335923, -103.598
4045, 67.41666, 199.243, -177.061, 0.0336075, -103.888
4045, 67.42500, 199.304, -177.354, 0.0336217, -104.179
4046, 67.43333, 199.359, -177.646, 0.0336349, -104.469
4047, 67.44167, 199.408, -177.939, 0.0336471, -104.76
4047, 67.45000, 199.451, -178.232, 0.0336584, -105.051
4048, 67.45834, 199.489, -178.525, 0.0336686, -105.342
4048, 67.46667, 199.52, -178.818, 0.0336779, -105.633
4049, 67.47500, 199.546, -179.111, 0.0336862, -105.924
4049, 67.48333, 199.566, -179.404, 0.0336935, -106.215
4050, 67.49167, 199.58, -179.697, 0.0336998, -106.506
4050, 67.50000, 199.588, -179.99, 0.0337051, -106.797
4051, 67.50833, 199.59, 179.717, 0.0337094, -107.088
4051, 67.51667, 199.587, 179.424, 0.0337128, -107.379
4052, 67.52500, 199.577, 179.131, 0.0337151, -107.671
4052, 67.53333, 199.562, 178.838, 0.0337164, -107.962
4053, 67.54166, 199.54, 178.545, 0.0337167, -108.253
4053, 67.55000, 199.513, 178.252, 0.033716, -108.544
4053, 67.55833, 199.48, 177.959, 0.0337143, -108.835
4054, 67.56667, 199.44, 177.666, 0.0337116, -109.125
4055, 67.57500, 199.395, 177.373, 0.0337079, -109.416
4055, 67.58334, 199.344, 177.081, 0.0337032, -109.707
4056, 67.59167, 199.287, 176.788, 0.0336975, -109.997
4056, 67.60000, 199.225, 176.496, 0.0336908, -110.287
4057, 67.60833, 199.156, 176.204, 0.0336831, -110.578
4057, 67.61667, 199.081, 175.912, 0.0336744, -110.868
4058, 67.62500, 199.001, 175.62, 0.0336647, -111.157
4058, 67.63333, 198.914, 175.328, 0.033654, -111.447
4059, 67.64167, 198.822, 175.037, 0.0336424, -111.736
4059, 67.65000, 198.724, 174.746, 0.0336297, -112.025
4060, 67.65833, 198.62, 174.455, 0.033616, -112.314
4060, 67.66666, 198.51, 174.164, 0.0336013, -112.603
4061, 67.67500, 198.394, 173.874, 0.0335856, -112.891
4061, 67.68333, 198.273, 173.584, 0.033569, -113.179
4061, 67.69167, 198.146, 173.294, 0.0335514, -113.467
4062, 67.70000, 198.013, 173.005, 0.0335327, -113.755
4063, 67.70834, 197.874, 172.716, 0.0335131, -114.042
4063, 67.71667, 197.729, 172.427, 0.0334926, -114.329
4064, 67.72500, 197.579, 172.139, 0.033471, -114.615
4064, 67.73333, 197.423, 171.85, 0.0334485, -114.901
4065, 67.74167, 197.262, 171.563, 0.033425, -115.187
4065, 67.75000, 197.095, 171.275, 0.0334006, -115.472
4066, 67.75833, 196.922, 170.989, 0.0333752, -115.757
4066, 67.76667, 196.743, 170.702, 0.0333488, -116.042
4066, 67.77500, 196.559, 170.416, 0.0333215, -116.326
4067, 67.78333, 196.37, 170.131, 0.0332932, -116.609
4068, 67.79166, 196.174, 169.845, 0.033264, -116.892
4068, 67.80000, 195.974, 169.561, 0.0332338, -117.175
4069, 67.80833, 195.768, 169.277, 0.0332028, -117.457
4069, 67.81667, 195.556, 168.993, 0.0331707, -117.739
4069, 67.82500, 195.339, 168.71, 0.0331378, -118.02
4070, 67.83334, 195.117, 168.427, 0.0331039, -118.301
4071, 67.84167, 194.89, 168.145, 0.0330692, -118.581
4071, 67.85000, 194.657, 167.864, 0.0330335, -118.86
4072, 67.85833, 194.419, 167.583, 0.0329969, -119.139
4072, 67.86667, 194.175, 167.303, 0.0329594, -119.418
4073, 67.87500, 193.926, 167.023, 0.032921, -119.695
4073, 67.88333, 193.673, 166.744, 0.0328818, -119.973
4074, 67.89167, 193.414, 166.465, 0.0328416, -120.249
4074, 67.90000, 193.15, 166.187, 0.0328006, -120.525
4074, 67.90833, 192.881, 165.91, 0.0327587, -120.8
4075, 67.91666, 192.607, 165.633, 0.032716, -121.075
4076, 67.92500, 192.328, 165.358, 0.0326724, -121.349
4076, 67.93333, 192.044, 165.082, 0.0326279, -121.622
4077, 67.94167, 191.755, 164.808, 0.0325826, -121.895
4077, 67.95000, 191.461, 164.534, 0.0325365, -122.166
4078, 67.95834, 191.163, 164.261, 0.0324896, -122.438
4078, 67.96667, 190.859, 163.989, 0.0324418, -122.708
4079, 67.97500, 190.551, 163.717, 0.0323932, -122.978
4079, 67.98333, 190.239, 163.446, 0.0323438, -123.246
4080, 67.99167, 189.921, 163.176, 0.0322936, -123.515
4080, 68.00000, 189.6, 162.907, 0.0322426, -123.782
4081, 68.00833, 189.273, 162.638, 0.0321908, -124.048
4081, 68.01667, 188.942, 162.371, 0.0321383, -124.314
4082, 68.02500, 188.607, 162.104, 0.0320849, -124.579
4082, 68.03333, 188.267, 161.838, 0.0320309, -124.843
4082, 68.04166, 187.923, 161.572, 0.031976, -125.107
4083, 68.05000, 187.575, 161.308, 0.0319204, -125.369
4084, 68.05833, 187.222, 161.045, 0.0318641, -125.63
4084, 68.06667, 186.865, 160.782, 0.0318071, -125.891
4085, 68.07500, 186.504, 160.52, 0.0317493, -126.151
4085, 68.08334, 186.139, 160.259, 0.0316908, -126.41
4086, 68.09167, 185.77, 159.999, 0.0316316, -126.668
4086, 68.10000, 185.397, 159.741, 0.0315718, -126.925
4087, 68.10833, 185.02, 159.482, 0.0315112, -127.181
4087, 68.11667, 184.639, 159.225, 0.0314499, -127.436
4088, 68.12500, 184.254, 158.969, 0.031388, -127.69
4088, 68.13333, 183.865, 158.714, 0.0313254, -127.943
4089, 68.14167, 183.473, 158.46, 0.0312622, -128.196
4089, 68.15000, 183.077, 158.206, 0.0311983, -128.447
4090, 68.15833, 182.677, 157.954, 0.0311338, -128.697
4090, 68.16666, 182.274, 157.703, 0.0310686, -128.947
4090, 68.17500, 181.867, 157.453, 0.0310029, -129.195
4091, 68.18333, 181.456, 157.204, 0.0309365, -129.442
4092, 68.19167, 181.042, 156.955, 0.0308695, -129.688
4092, 68.20000, 180.625, 156.708, 0.030802, -129.934
4093, 68.20834, 180.205, 156.462, 0.0307338, -130.178
4093, 68.21667, 179.781, 156.217, 0.0306651, -130.421
4094, 68.22500, 179.354, 155.973, 0.0305958, -130.663
4094, 68.23333, 178.924, 155.731, 0.0305259, -130.903
4095, 68.24167, 178.491, 155.489, 0.0304555, -131.143
4095, 68.25000, 178.054, 155.248, 0.0303846, -131.382
4096, 68.25833, 177.615, 155.009, 0.0303132, -131.619
4096, 68.26667, 177.173, 154.77, 0.0302412, -131.856
4097, 68.27500, 176.728, 154.533, 0.0301687, -132.091
4097, 68.28333, 176.28, 154.297, 0.0300957, -132.325
4098, 68.29166, 175.829, 154.062, 0.0300222, -132.558
4098, 68.30000, 175.376, 153.828, 0.0299482, -132.79
4098, 68.30833, 174.92, 153.596, 0.0298738, -133.021
4099, 68.31667, 174.461, 153.364, 0.0297989, -133.25
4100, 68.32500, 173.999, 153.134, 0.0297235, -133.478
4100, 68.33334, 173.536, 152.905, 0.0296477, -133.705
4101, 68.34167, 173.069, 152.678, 0.0295715, -133.931
4101, 68.35000, 172.601, 152.451, 0.0294948, -134.156
4102, 68.35833, 172.13, 152.226, 0.0294177, -134.379
4102, 68.36667, 171.656, 152.002, 0.0293402, -134.601
4103, 68.37500, 171.181, 151.779, 0.0292623, -134.822
4103, 68.38333, 170.703, 151.557, 0.029184, -135.042
4104, 68.39167, 170.223, 151.337, 0.0291053, -135.26
4104, 68.40000, 169.741, 151.118, 0.0290263, -135.477
4105, 68.40833, 169.257, 150.9, 0.0289468, -135.693
4105, 68.41666, 168.771, 150.683, 0.0288671, -135.908
4106, 68.42500, 168.284, 150.468, 0.028787, -136.121
4106, 68.43333, 167.794, 150.254, 0.0287065, -136.333
4106, 68.44167, 167.302, 150.042, 0.0286257, -136.544
4107, 68.45000, 166.809, 149.831, 0.0285446, -136.753
4108, 68.45834, 166.314, 149.621, 0.0284632, -136.961
4108, 68.46667, 165.818, 149.412, 0.0283815, -137.168
4109, 68.47500, 165.319, 149.205, 0.0282995, -137.373
4109, 68.48333, 164.82, 148.999, 0.0282172, -137.577
4110, 68.49167, 164.319, 148.795, 0.0281346, -137.779
4110, 68.50000, 163.816, 148.591, 0.0280518, -137.981
4111, 68.50833, 163.312, 148.39, 0.0279687, -138.18
4111, 68.51667, 162.806, 148.189, 0.0278854, -138.379
4112, 68.52500, 162.3, 147.99, 0.0278018, -138.576
4112, 68.53333, 161.792, 147.793, 0.027718, -138.771
4113, 68.54166, 161.283, 147.597, 0.0276339, -138.966
4113, 68.55000, 160.773, 147.402, 0.0275497, -139.158
4114, 68.55833, 160.261, 147.209, 0.0274653, -139.35
4114, 68.56667, 159.749, 147.017, 0.0273806, -139.54
4114, 68.57500, 159.236, 146.826, 0.0272958, -139.728
4115, 68.58334, 158.722, 146.637, 0.0272108, -139.915
4116, 68.59167, 158.207, 146.45, 0.0271256, -140.101
4116, 68.60000, 157.691, 146.264, 0.0270402, -140.285
4117, 68.60833, 157.174, 146.079, 0.0269547, -140.468
4117, 68.61667, 156.657, 145.896, 0.0268691, -140.649
4118, 68.62500, 156.138, 145.714, 0.0267833, -140.829
4118, 68.63333, 155.62, 145.534, 0.0266974, -141.007
4119, 68.64167, 155.1, 145.355, 0.0266114, -141.184
4119, 68.65000, 154.581, 145.178, 0.0265252, -141.359
4120, 68.65833, 154.06, 145.003, 0.026439, -141.533
4120, 68.66666, 153.539, 144.828, 0.0263526, -141.705
4121, 68.67500, 153.018, 144.656, 0.0262662, -141.876
4121, 68.68333, 152.497, 144.485, 0.0261797, -142.045
4122, 68.69167, 151.975, 144.315, 0.0260931, -142.213
4122, 68.70000, 151.453, 144.147, 0.0260065, -142.379
4122, 68.70834, 150.93, 143.981, 0.0259197, -142.543
4123, 68.71667, 150.408, 143.816, 0.025833, -142.706
4124, 68.72500, 149.885, 143.652, 0.0257462, -142.868
4124, 68.73333, 149.363, 143.491, 0.0256594, -143.028
4125, 68.74167, 148.84, 143.33, 0.0255725, -143.186
4125, 68.75000, 148.317, 143.172, 0.0254856, -143.343
4126, 68.75833, 147.795, 143.015, 0.0253987, -143.498
4126, 68.76667, 147.272, 142.859, 0.0253118, -143.651
4127, 68.77500, 146.75, 142.705, 0.025225, -143.803
4127, 68.78333, 146.228, 142.553, 0.0251381, -143.954
4128, 68.79166, 145.706, 142.402, 0.0250512, -144.102
4128, 68.80000, 145.184, 142.253, 0.0249644, -144.249
4129, 68.80833, 144.663, 142.106, 0.0248776, -144.395
4129, 68.81667, 144.142, 141.96, 0.0247909, -144.539
4130, 68.82500, 143.621, 141.816, 0.0247042, -144.681
4130, 68.83334, 143.101, 141.673, 0.0246175, -144.822
4130, 68.84167, 142.581, 141.532, 0.0245309, -144.961
4131, 68.85000, 142.062, 141.393, 0.0244444, -145.098
4132, 68.85833, 141.543, 141.256, 0.024358, -145.234
4132, 68.86667, 141.025, 141.12, 0.0242716, -145.368
4133, 68.87500, 140.508, 140.985, 0.0241853, -145.5
4133, 68.88333, 139.991, 140.853, 0.0240992, -145.631
4134, 68.89167, 139.475, 140.722, 0.0240131, -145.76
4134, 68.90000, 138.96, 140.593, 0.0239271, -145.887
4135, 68.90833, 138.446, 140.465, 0.0238413, -146.013
4135, 68.91666, 137.932, 140.339, 0.0237556, -146.137
4136, 68.92500, 137.42, 140.215, 0.02367, -146.259
4136, 68.93333, 136.908, 140.093, 0.0235845, -146.38
4137, 68.94167, 136.397, 139.972, 0.0234992, -146.498
4137, 68.95000, 135.887, 139.853, 0.0234141, -146.616
4138, 68.95834, 135.378, 139.735, 0.0233291, -146.731
4138, 68.96667, 134.87, 139.62, 0.0232442, -146.845
4138, 68.97500, 134.364, 139.506, 0.0231596, -146.957
4139, 68.98333, 133.858, 139.393, 0.0230751, -147.067
4140, 68.99167, 133.354, 139.283, 0.0229907, -147.176
4140, 69.00000, 132.851, 139.174, 0.0229066, -147.283
4141, 69.00833, 132.349, 139.067, 0.0228227, -147.388
4141, 69.01667, 131.848, 138.962, 0.0227389, -147.491
4142, 69.02500, 131.349, 138.858, 0.0226554, -147.593
4142, 69.03333, 130.851, 138.756, 0.0225721, -147.693
4143, 69.04166, 130.354, 138.656, 0.022489, -147.791
4143, 69.05000, 129.859, 138.558, 0.0224061, -147.887
4144, 69.05833, 129.365, 138.461, 0.0223235, -147.982
4144, 69.06667, 128.872, 138.367, 0.022241, -148.075
4145, 69.07500, 128.382, 138.274, 0.0221589, -148.166
4145, 69.08334, 127.892, 138.182, 0.0220769, -148.256
4146, 69.09167, 127.404, 138.093, 0.0219952, -148.343
4146, 69.10000, 126.918, 138.005, 0.0219138, -148.429
4146, 69.10833, 126.434, 137.919, 0.0218326, -148.513
4147, 69.11667, 125.951, 137.835, 0.0217517, -148.595
4148, 69.12500, 125.47, 137.752, 0.0216711, -148.676
4148, 69.13333, 124.99, 137.672, 0.0215908, -148.755
4149, 69.14167, 124.512, 137.593, 0.0215107, -148.832
4149, 69.15000, 124.036, 137.516, 0.0214309, -148.907
4150, 69.15833, 123.562, 137.44, 0.0213514, -148.981
4150, 69.16666, 123.09, 137.367, 0.0212722, -149.052
4151, 69.17500, 122.619, 137.295, 0.0211933, -149.122
4151, 69.18333, 122.151, 137.225, 0.0211148, -149.19
4152, 69.19167, 121.684, 137.156, 0.0210365, -149.257
4152, 69.20000, 121.219, 137.09, 0.0209585, -149.321
4153, 69.20834, 120.757, 137.025, 0.0208809, -149.384
4153, 69.21667, 120.296, 136.962, 0.0208036, -149.445
4154, 69.22500, 119.837, 136.901, 0.0207266, -149.504
4154, 69.23333, 119.38, 136.842, 0.02065, -149.562
4154, 69.24167, 118.926, 136.784, 0.0205737, -149.617
4155, 69.25000, 118.473, 136.729, 0.0204978, -149.671
4156, 69.25833, 118.023, 136.675, 0.0204222, -149.723
4156, 69.26667, 117.575, 136.623, 0.0203469, -149.774
4157, 69.27500, 117.128, 136.572, 0.020272, -149.822
4157, 69.28333, 116.685, 136.523, 0.0201975, -149.869
4158, 69.29166, 116.243, 136.477, 0.0201234, -149.914
4158, 69.30000, 115.804, 136.432, 0.0200496, -149.957
4159, 69.30833, 115.366, 136.388, 0.0199762, -149.998
4159, 69.31667, 114.931, 136.347, 0.0199031, -150.038
4160, 69.32500, 114.499, 136.307, 0.0198305, -150.076
4160, 69.33334, 114.069, 136.269, 0.0197582, -150.112
4161, 69.34167, 113.641, 136.233, 0.0196864, -150.146
4161, 69.35000, 113.215, 136.198, 0.0196149, -150.179
4162, 69.35833, 112.792, 136.165, 0.0195438, -150.21
4162, 69.36667, 112.372, 136.134, 0.0194732, -150.239
4162, 69.37500, 111.953, 136.105, 0.0194029, -150.266
4163, 69.38333, 111.538, 136.078, 0.019333, -150.292
4164, 69.39167, 111.124, 136.052, 0.0192636, -150.316
4164, 69.40000, 110.714, 136.028, 0.0191946, -150.338
4165, 69.40833, 110.305, 136.006, 0.019126, -150.358
4165, 69.41666, 109.9, 135.985, 0.0190578, -150.377
4166, 69.42500, 109.496, 135.967, 0.01899, -150.394
4166, 69.43333, 109.096, 135.949, 0.0189227, -150.409
4167, 69.44167, 108.698, 135.934, 0.0188558, -150.422
4167, 69.45000, 108.302, 135.92, 0.0187894, -150.434
4168, 69.45834, 107.91, 135.908, 0.0187234, -150.444
4168, 69.46667, 107.519, 135.898, 0.0186578, -150.453
4169, 69.47500, 107.132, 135.89, 0.0185927, -150.459
4169, 69.48333, 106.747, 135.883, 0.018528, -150.464
4170, 69.49167, 106.365, 135.878, 0.0184638, -150.468
4170, 69.50000, 105.986, 135.874, 0.0184, -150.469
4170, 69.50833, 105.609, 135.872, 0.0183367, -150.469
4171, 69.51667, 105.235, 135.872, 0.0182739, -150.468
4172, 69.52500, 104.864, 135.873, 0.0182115, -150.464
4172, 69.53333, 104.495, 135.876, 0.0181495, -150.459
4173, 69.54166, 104.13, 135.881, 0.0180881, -150.453
4173, 69.55000, 103.767, 135.887, 0.0180271, -150.445
4174, 69.55833, 103.407, 135.895, 0.0179666, -150.435
4174, 69.56667, 103.049, 135.905, 0.0179065, -150.424
4175, 69.57500, 102.695, 135.916, 0.017847, -150.411
4175, 69.58334, 102.343, 135.928, 0.0177879, -150.396
4176, 69.59167, 101.995, 135.943, 0.0177293, -150.38
4176, 69.60000, 101.649, 135.959, 0.0176712, -150.362
4177, 69.60833, 101.306, 135.976, 0.0176135, -150.343
4177, 69.61667, 100.966, 135.995, 0.0175564, -150.322
4178, 69.62500, 100.628, 136.015, 0.0174997, -150.3
4178, 69.63333, 100.294, 136.037, 0.0174436, -150.276
4178, 69.64167, 99.9624, 136.06, 0.0173879, -150.251
4179, 69.65000, 99.6339, 136.085, 0.0173327, -150.224
4180, 69.65833, 99.3082, 136.112, 0.017278, -150.196
4180, 69.66666, 98.9855, 136.139, 0.0172238, -150.166
4181, 69.67500, 98.6658, 136.169, 0.0171701, -150.135
4181, 69.68333, 98.3489, 136.199, 0.0171169, -150.103
4182, 69.69167, 98.035, 136.232, 0.0170643, -150.069
4182, 69.70000, 97.7241, 136.265, 0.0170121, -150.033
4183, 69.70834, 97.4162, 136.3, 0.0169604, -149.996
4183, 69.71667, 97.1112, 136.336, 0.0169092, -149.958
4184, 69.72500, 96.8092, 136.374, 0.0168585, -149.919
4184, 69.73333, 96.5102, 136.413, 0.0168084, -149.878
4185, 69.74167, 96.2141, 136.453, 0.0167587, -149.836
4185, 69.75000, 95.921, 136.495, 0.0167095, -149.792
4186, 69.75833, 95.631, 136.538, 0.0166609, -149.748
4186, 69.76667, 95.3438, 136.582, 0.0166128, -149.701
4186, 69.77500, 95.0598, 136.627, 0.0165651, -149.654
4187, 69.78333, 94.7787, 136.674, 0.016518, -149.606
4188, 69.79166, 94.5005, 136.722, 0.0164714, -149.556
4188, 69.80000, 94.2255, 136.771, 0.0164253, -149.505
4189, 69.80833, 93.9534, 136.822, 0.0163798, -149.453
4189, 69.81667, 93.6842, 136.873, 0.0163347, -149.399
4190, 69.82500, 93.4181, 136.926, 0.0162901, -149.345
4190, 69.83334, 93.1551, 136.98, 0.0162461, -149.289
4191, 69.84167, 92.8949, 137.034, 0.0162026, -149.232
4191, 69.85000, 92.6378, 137.091, 0.0161596, -149.174
4191, 69.85833, 92.3837, 137.148, 0.0161171, -149.115
4192, 69.86667, 92.1326, 137.206, 0.0160751, -149.055
4193, 69.87500, 91.8845, 137.265, 0.0160336, -148.994
4193, 69.88333, 91.6394, 137.325, 0.0159926, -148.932
4194, 69.89167, 91.3972, 137.387, 0.0159522, -148.869
4194, 69.90000, 91.1581, 137.449, 0.0159122, -148.805
4194, 69.90833, 90.9219, 137.512, 0.0158728, -148.74
4195, 69.91666, 90.6887, 137.576, 0.0158339, -148.674
4196, 69.92500, 90.4585, 137.641, 0.0157955, -148.607
4196, 69.93333, 90.2312, 137.707, 0.0157576, -148.539
4197, 69.94167, 90.0069, 137.774, 0.0157202, -148.47
4197, 69.95000, 89.7855, 137.842, 0.0156833, -148.401
4198, 69.95834, 89.5672, 137.91, 0.0156469, -148.331
4198, 69.96667, 89.3517, 137.979, 0.0156111, -148.259
4199, 69.97500, 89.1392, 138.05, 0.0155757, -148.187
4199, 69.98333, 88.9296, 138.12, 0.0155408, -148.115
4199, 69.99167, 88.7229, 138.192, 0.0155065, -148.041
4200, 70.00000, 88.5191, 138.264, 0.0154726, -147.967
4201, 70.00833, 88.3183, 138.337, 0.0154392, -147.892
4201, 70.01667, 88.1203, 138.411, 0.0154064, -147.816
4202, 70.02500, 87.9252, 138.486, 0.015374, -147.74
4202, 70.03333, 87.733, 138.561, 0.0153421, -147.663
4203, 70.04166, 87.5436, 138.636, 0.0153107, -147.586
4203, 70.05000, 87.3572, 138.713, 0.0152798, -147.508
4204, 70.05833, 87.1735, 138.789, 0.0152494, -147.429
4204, 70.06667, 86.9927, 138.867, 0.0152195, -147.35
4205, 70.07500, 86.8147, 138.945, 0.0151901, -147.27
4205, 70.08334, 86.6396, 139.023, 0.0151612, -147.19
4206, 70.09167, 86.4672, 139.102, 0.0151327, -147.109
4206, 70.10000, 86.2976, 139.181, 0.0151047, -147.028
4207, 70.10833, 86.1308, 139.261, 0.0150772, -146.946
4207, 70.11667, 85.9667, 139.341, 0.0150502, -146.864
4207, 70.12500, 85.8054, 139.422, 0.0150237, -146.782
4208, 70.13333, 85.6468, 139.503, 0.0149976, -146.699
4209, 70.14167, 85.4909, 139.584, 0.014972, -146.616
4209, 70.15000, 85.3378, 139.665, 0.0149469, -146.533
4210, 70.15833, 85.1873, 139.747, 0.0149222, -146.449
4210, 70.16666, 85.0395, 139.829, 0.014898, -146.365
4211, 70.17500, 84.8944, 139.912, 0.0148742, -146.281
4211, 70.18333, 84.7519, 139.994, 0.014851, -146.196
4212, 70.19167, 84.6121, 140.077, 0.0148281, -146.112
4212, 70.20000, 84.4748, 140.16, 0.0148057, -146.027
4213, 70.20834, 84.3402, 140.243, 0.0147838, -145.942
4213, 70.21667, 84.2081, 140.327, 0.0147623, -145.857
4214, 70.22500, 84.0786, 140.41, 0.0147413, -145.771
4214, 70.23333, 83.9516, 140.494, 0.0147207, -145.686
4215, 70.24167, 83.8272, 140.577, 0.0147005, -145.601
4215, 70.25000, 83.7053, 140.661, 0.0146808, -145.515
4215, 70.25833, 83.5859, 140.744, 0.0146615, -145.43
4216, 70.26667, 83.4689, 140.828, 0.0146426, -145.344
4217, 70.27500, 83.3544, 140.912, 0.0146242, -145.259
4217, 70.28333, 83.2424, 140.995, 0.0146062, -145.173
4218, 70.29166, 83.1327, 141.079, 0.0145886, -145.088
4218, 70.30000, 83.0255, 141.162, 0.0145714, -145.002
4219, 70.30833, 82.9206, 141.246, 0.0145546, -144.917
4219, 70.31667, 82.8181, 141.329, 0.0145383, -144.832
4220, 70.32500, 82.718, 141.412, 0.0145223, -144.747
4220, 70.33334, 82.6201, 141.495, 0.0145068, -144.662
4221, 70.34167, 82.5246, 141.578, 0.0144916, -144.578
4221, 70.35000, 82.4313, 141.661, 0.0144769, -144.493
4222, 70.35833, 82.3404, 141.743, 0.0144626, -144.409
4222, 70.36667, 82.2516, 141.825, 0.0144486, -144.325
4223, 70.37500, 82.1651, 141.907, 0.014435, -144.241
4223, 70.38333, 82.0807, 141.989, 0.0144218, -144.158
4223, 70.39167, 81.9986, 142.07, 0.014409, -144.075
4224, 70.40000, 81.9186, 142.151, 0.0143966, -143.992
4225, 70.40833, 81.8408, 142.232, 0.0143845, -143.909
4225, 70.41666, 81.765, 142.312, 0.0143728, -143.827
4226, 70.42500, 81.6914, 142.392, 0.0143615, -143.745
4226, 70.43333, 81.6198, 142.472, 0.0143505, -143.664
4227, 70.44167, 81.5503, 142.551, 0.0143399, -143.583
4227, 70.45000, 81.4828, 142.63, 0.0143296, -143.502
4228, 70.45834, 81.4173, 142.708, 0.0143197, -143.422
4228, 70.46667, 81.3538, 142.786, 0.0143102, -143.342
4229, 70.47500, 81.2923, 142.863, 0.014301, -143.263
4229, 70.48333, 81.2327, 142.94, 0.0142921, -143.184
4230, 70.49167, 81.175, 143.017, 0.0142835, -143.106
4230, 70.50000, 81.1192, 143.093, 0.0142753, -143.028
4231, 70.50833, 81.0653, 143.168, 0.0142674, -142.951
4231, 70.51667, 81.0132, 143.243, 0.0142599, -142.874
4231, 70.52500, 80.963, 143.317, 0.0142526, -142.798
4232, 70.53333, 80.9146, 143.391, 0.0142457, -142.723
4233, 70.54166, 80.8679, 143.464, 0.0142391, -142.648
4233, 70.55000, 80.8231, 143.537, 0.0142328, -142.573
4234, 70.55833, 80.7799, 143.609, 0.0142268, -142.499
4234, 70.56667, 80.7385, 143.68, 0.0142211, -142.426
4235, 70.57500, 80.6988, 143.751, 0.0142157, -142.354
4235, 70.58334, 80.6607, 143.821, 0.0142106, -142.282
4236, 70.59167, 80.6243, 143.89, 0.0142058, -142.21
4236, 70.60000, 80.5895, 143.959, 0.0142012, -142.14
4237, 70.60833, 80.5564, 144.027, 0.014197, -142.07
4237, 70.61667, 80.5248, 144.095, 0.014193, -142.001
4238, 70.62500, 80.4947, 144.161, 0.0141893, -141.932
4238, 70.63333, 80.4662, 144.227, 0.0141859, -141.865
4239, 70.64167, 80.4393, 144.292, 0.0141827, -141.797
4239, 70.65000, 80.4138, 144.357, 0.0141798, -141.731
4239, 70.65833, 80.3897, 144.421, 0.0141772, -141.666
4240, 70.66666, 80.3672, 144.484, 0.0141748, -141.601
4241, 70.67500, 80.346, 144.546, 0.0141726, -141.537
4241, 70.68333, 80.3263, 144.607, 0.0141707, -141.473
4242, 70.69167, 80.3079, 144.668, 0.0141691, -141.411
4242, 70.70000, 80.2909, 144.728, 0.0141676, -141.349
4243, 70.70834, 80.2752, 144.787, 0.0141665, -141.288
4243, 70.71667, 80.2608, 144.845, 0.0141655, -141.228
4244, 70.72500, 80.2477, 144.903, 0.0141648, -141.169
4244, 70.73333, 80.2359, 144.96, 0.0141643, -141.11
4245, 70.74167, 80.2253, 145.015, 0.014164, -141.053
4245, 70.75000, 80.216, 145.07, 0.014164, -140.996
4246, 70.75833, 80.2078, 145.125, 0.0141641, -140.94
4246, 70.76667, 80.2009, 145.178, 0.0141645, -140.885
4247, 70.77500, 80.1951, 145.23, 0.014165, -140.83
4247, 70.78333, 80.1904, 145.282, 0.0141658, -140.777
4247, 70.79166, 80.1869, 145.333, 0.0141667, -140.725
4248, 70.80000, 80.1844, 145.383, 0.0141679, -140.673
4249, 70.80833, 80.183, 145.432, 0.0141692, -140.622
4249, 70.81667, 80.1827, 145.48, 0.0141708, -140.572
4250, 70.82500, 80.1834, 145.527, 0.0141725, -140.523
4250, 70.83334, 80.1851, 145.573, 0.0141744, -140.475
4251, 70.84167, 80.1878, 145.619, 0.0141764, -140.428
4251, 70.85000, 80.1915, 145.663, 0.0141787, -140.381
4252, 70.85833, 80.1961, 145.707, 0.0141811, -140.336
4252, 70.86667, 80.2017, 145.75, 0.0141836, -140.291
4253, 70.87500, 80.2081, 145.792, 0.0141864, -140.247
4253, 70.88333, 80.2155, 145.833, 0.0141892, -140.205
4254, 70.89167, 80.2237, 145.873, 0.0141923, -140.163
4254, 70.90000, 80.2327, 145.912, 0.0141955, -140.122
4255, 70.90833, 80.2426, 145.95, 0.0141988, -140.082
4255, 70.91666, 80.2533, 145.987, 0.0142023, -140.043
4255, 70.92500, 80.2648, 146.024, 0.0142059, -140.005
4256, 70.93333, 80.277, 146.059, 0.0142097, -139.967
4257, 70.94167, 80.29, 146.094, 0.0142135, -139.931
4257, 70.95000, 80.3037, 146.127, 0.0142176, -139.896
4258, 70.95834, 80.3182, 146.16, 0.0142217, -139.861
4258, 70.96667, 80.3333, 146.192, 0.014226, -139.828
4259, 70.97500, 80.3491, 146.222, 0.0142304, -139.795
4259, 70.98333, 80.3655, 146.252, 0.0142349, -139.763
4260, 70.99167, 80.3826, 146.281, 0.0142395, -139.733
4260, 71.00000, 80.4003, 146.309, 0.0142442, -139.703
4261, 71.00833, 80.4186, 146.336, 0.014249, -139.674
4261, 71.01667, 80.4374, 146.363, 0.014254, -139.646
4262, 71.02500, 80.4568, 146.388, 0.014259, -139.619
4262, 71.03333, 80.4768, 146.412, 0.0142641, -139.593
4263, 71.04166, 80.4973, 146.435, 0.0142693, -139.568
4263, 71.05000, 80.5183, 146.458, 0.0142747, -139.543
4263, 71.05833, 80.5398, 146.479, 0.0142801, -139.52
4264, 71.06667, 80.5617, 146.5, 0.0142855, -139.498
4265, 71.07500, 80.5841, 146.52, 0.0142911, -139.476
4265, 71.08334, 80.607, 146.538, 0.0142968, -139.456
4266, 71.09167, 80.6303, 146.556, 0.0143025, -139.436
4266, 71.10000, 80.6539, 146.573, 0.0143083, -139.417
4267, 71.10833, 80.678, 146.589, 0.0143141, -139.399
4267, 71.11667, 80.7024, 146.604, 0.0143201, -139.383
4268, 71.12500, 80.7272, 146.618, 0.0143261, -139.367
4268, 71.13333, 80.7523, 146.632, 0.0143321, -139.352
4269, 71.14167, 80.7777, 146.644, 0.0143382, -139.338
4269, 71.15000, 80.8035, 146.655, 0.0143444, -139.324
4270, 71.15833, 80.8295, 146.666, 0.0143506, -139.312
4270, 71.16666, 80.8558, 146.675, 0.0143569, -139.301
4271, 71.17500, 80.8823, 146.684, 0.0143632, -139.29
4271, 71.18333, 80.9091, 146.692, 0.0143696, -139.281
4271, 71.19167, 80.9361, 146.699, 0.014376, -139.272
4272, 71.20000, 80.9634, 146.705, 0.0143824, -139.264
4273, 71.20834, 80.9908, 146.71, 0.0143889, -139.257
4273, 71.21667, 81.0184, 146.714, 0.0143954, -139.251
4274, 71.22500, 81.0461, 146.717, 0.0144019, -139.246
4274, 71.23333, 81.0741, 146.72, 0.0144085, -139.242
4275, 71.24167, 81.1021, 146.721, 0.0144151, -139.239
4275, 71.25000, 81.1303, 146.722, 0.0144217, -139.236
4276, 71.25833, 81.1586, 146.721, 0.0144283, -139.235
4276, 71.26667, 81.1869, 146.72, 0.014435, -139.234
4277, 71.27500, 81.2154, 146.718, 0.0144416, -139.234
4277, 71.28333, 81.2439, 146.716, 0.0144483, -139.235
4278, 71.29166, 81.2725, 146.712, 0.014455, -139.237
4278, 71.30000, 81.301, 146.707, 0.0144617, -139.24
4279, 71.30833, 81.3297, 146.702, 0.0144684, -139.244
4279, 71.31667, 81.3583, 146.696, 0.0144751, -139.248
4279, 71.32500, 81.3869, 146.689, 0.0144818, -139.253
4280, 71.33334, 81.4155, 146.681, 0.0144885, -139.26
4281, 71.34167, 81.4441, 146.672, 0.0144952, -139.267
4281, 71.35000, 81.4727, 146.662, 0.0145019, -139.274
4282, 71.35833, 81.5011, 146.652, 0.0145086, -139.283
4282, 71.36667, 81.5296, 146.64, 0.0145152, -139.293
4283, 71.37500, 81.5579, 146.628, 0.0145219, -139.303
4283, 71.38333, 81.5861, 146.615, 0.0145285, -139.314
4284, 71.39167, 81.6143, 146.602, 0.0145352, -139.326
4284, 71.40000, 81.6423, 146.587, 0.0145418, -139.339
4285, 71.40833, 81.6702, 146.572, 0.0145483, -139.352
4285, 71.41666, 81.6979, 146.556, 0.0145549, -139.367
4286, 71.42500, 81.7255, 146.539, 0.0145614, -139.382
4286, 71.43333, 81.7529, 146.521, 0.0145679, -139.398
4287, 71.44167, 81.7802, 146.502, 0.0145744, -139.415
4287, 71.45000, 81.8072, 146.483, 0.0145808, -139.432
4287, 71.45834, 81.8341, 146.463, 0.0145873, -139.451
4288, 71.46667, 81.8607, 146.442, 0.0145936, -139.47
4289, 71.47500, 81.8871, 146.42, 0.0146, -139.49
4289, 71.48333, 81.9133, 146.398, 0.0146062, -139.51
4290, 71.49167, 81.9393, 146.375, 0.0146125, -139.532
4290, 71.50000, 81.965, 146.351, 0.0146187, -139.554
4291, 71.50833, 81.9904, 146.326, 0.0146248, -139.577
4291, 71.51667, 82.0155, 146.301, 0.014631, -139.6
4292, 71.52500, 82.0404, 146.274, 0.014637, -139.625
4292, 71.53333, 82.0649, 146.247, 0.014643, -139.65
4293, 71.54166, 82.0892, 146.22, 0.014649, -139.676
4293, 71.55000, 82.1131, 146.191, 0.0146549, -139.702
4294, 71.55833, 82.1367, 146.162, 0.0146607, -139.73
4294, 71.56667, 82.16, 146.132, 0.0146665, -139.758
4295, 71.57500, 82.1829, 146.102, 0.0146722, -139.787
4295, 71.58334, 82.2054, 146.071, 0.0146778, -139.816
4295, 71.59167, 82.2276, 146.039, 0.0146834, -139.846
4296, 71.60000, 82.2494, 146.006, 0.014689, -139.877
4297, 71.60833, 82.2708, 145.973, 0.0146944, -139.909
4297, 71.61667, 82.2919, 145.939, 0.0146998, -139.941
4298, 71.62500, 82.3125, 145.904, 0.0147051, -139.974
4298, 71.63333, 82.3327, 145.868, 0.0147103, -140.008
4299, 71.64167, 82.3525, 145.832, 0.0147155, -140.042
4299, 71.65000, 82.3718, 145.796, 0.0147206, -140.077
4300, 71.65833, 82.3907, 145.758, 0.0147256, -140.113
4300, 71.66666, 82.4092, 145.72, 0.0147305, -140.149
4301, 71.67500, 82.4272, 145.681, 0.0147354, -140.186
4301, 71.68333, 82.4447, 145.642, 0.0147401, -140.224
4302, 71.69167, 82.4617, 145.602, 0.0147448, -140.262
4302, 71.70000, 82.4783, 145.561, 0.0147494, -140.301
4303, 71.70834, 82.4944, 145.52, 0.0147539, -140.34
4303, 71.71667, 82.51, 145.478, 0.0147583, -140.38
4303, 71.72500, 82.525, 145.435, 0.0147627, -140.421
4304, 71.73333, 82.5396, 145.392, 0.0147669, -140.463
4305, 71.74167, 82.5536, 145.348, 0.0147711, -140.505
4305, 71.75000, 82.5671, 145.304, 0.0147751, -140.547
4306, 71.75833, 82.58, 145.259, 0.014779, -140.591
4306, 71.76667, 82.5924, 145.213, 0.0147829, -140.634
4307, 71.77500, 82.6042, 145.167, 0.0147867, -140.679
4307, 71.78333, 82.6155, 145.12, 0.0147903, -140.724
4308, 71.79166, 82.6262, 145.073, 0.0147939, -140.769
4308, 71.80000, 82.6363, 145.025, 0.0147973, -140.816
4309, 71.80833, 82.6458, 144.977, 0.0148006, -140.862
4309, 71.81667, 82.6548, 144.927, 0.0148039, -140.91
4310, 71.82500, 82.6631, 144.878, 0.014807, -140.958
4310, 71.83334, 82.6708, 144.828, 0.01481, -141.006
4311, 71.84167, 82.678, 144.777, 0.0148129, -141.055
4311, 71.85000, 82.6845, 144.725, 0.0148157, -141.105
4311, 71.85833, 82.6903, 144.674, 0.0148184, -141.155
4312, 71.86667, 82.6955, 144.621, 0.014821, -141.205
4313, 71.87500, 82.7001, 144.568, 0.0148235, -141.257
4313, 71.88333, 82.7041, 144.515, 0.0148258, -141.308
4314, 71.89167, 82.7074, 144.461, 0.014828, -141.361
4314, 71.90000, 82.71, 144.406, 0.0148301, -141.413
4315, 71.90833, 82.7119, 144.351, 0.0148321, -141.467
4315, 71.91666, 82.7132, 144.296, 0.014834, -141.52
4316, 71.92500, 82.7138, 144.24, 0.0148357, -141.575
4316, 71.93333, 82.7137, 144.183, 0.0148374, -141.629
4316, 71.94167, 82.7129, 144.126, 0.0148389, -141.685
4317, 71.95000, 82.7115, 144.069, 0.0148402, -141.74
4318, 71.95834, 82.7093, 144.011, 0.0148415, -141.797
4318, 71.96667, 82.7064, 143.952, 0.0148426, -141.853
4319, 71.97500, 82.7028, 143.893, 0.0148436, -141.911
4319, 71.98333, 82.6984, 143.834, 0.0148444, -141.968
4319, 71.99167, 82.6934, 143.774, 0.0148452, -142.026
4320, 72.00000, 82.6876, 143.714, 0.0148458, -142.085
4321, 72.00833, 82.6811, 143.653, 0.0148462, -142.144
4321, 72.01667, 82.6738, 143.592, 0.0148466, -142.203
4322, 72.02500, 82.6658, 143.53, 0.0148468, -142.263
4322, 72.03333, 82.657, 143.468, 0.0148468, -142.324
4323, 72.04166, 82.6475, 143.405, 0.0148468, -142.384
4323, 72.05000, 82.6372, 143.343, 0.0148465, -142.445
4324, 72.05833, 82.6262, 143.279, 0.0148462, -142.507
4324, 72.06667, 82.6143, 143.215, 0.0148457, -142.569
4324, 72.07500, 82.6017, 143.151, 0.0148451, -142.632
4325, 72.08334, 82.5883, 143.087, 0.0148443, -142.694
4326, 72.09167, 82.5741, 143.022, 0.0148434, -142.758
4326, 72.10000, 82.5592, 142.956, 0.0148423, -142.821
4327, 72.10833, 82.5434, 142.891, 0.0148411, -142.885
4327, 72.11667, 82.5268, 142.824, 0.0148398, -142.95
4328, 72.12500, 82.5094, 142.758, 0.0148383, -143.014
4328, 72.13333, 82.4912, 142.691, 0.0148366, -143.08
4329, 72.14167, 82.4723, 142.624, 0.0148349, -143.145
4329, 72.15000, 82.4524, 142.556, 0.0148329, -143.211
4330, 72.15833, 82.4318, 142.488, 0.0148308, -143.277
4330, 72.16666, 82.4103, 142.42, 0.0148286, -143.344
4331, 72.17500, 82.388, 142.351, 0.0148262, -143.411
4331, 72.18333, 82.3649, 142.282, 0.0148237, -143.478
4332, 72.19167, 82.3409, 142.213, 0.014821, -143.546
4332, 72.20000, 82.3161, 142.143, 0.0148182, -143.614
4332, 72.20834, 82.2905, 142.073, 0.0148152, -143.682
4333, 72.21667, 82.264, 142.003, 0.0148121, -143.75
4334, 72.22500, 82.2366, 141.932, 0.0148088, -143.819
4334, 72.23333, 82.2084, 141.861, 0.0148053, -143.889
4335, 72.24167, 82.1793, 141.79, 0.0148017, -143.958
4335, 72.25000, 82.1494, 141.718, 0.0147979, -144.028
4336, 72.25833, 82.1186, 141.646, 0.014794, -144.098
4336, 72.26667, 82.087, 141.574, 0.0147899, -144.168
4337, 72.27500, 82.0544, 141.502, 0.0147857, -144.239
4337, 72.28333, 82.021, 141.429, 0.0147813, -144.31
4338, 72.29166, 81.9867, 141.356, 0.0147767, -144.381
4338, 72.30000, 81.9516, 141.283, 0.014772, -144.453
4339, 72.30833, 81.9155, 141.209, 0.0147672, -144.524
4339, 72.31667, 81.8786, 141.136, 0.0147621, -144.596
4340, 72.32500, 81.8408, 141.062, 0.0147569, -144.669
4340, 72.33334, 81.8021, 140.988, 0.0147516, -144.741
4340, 72.34167, 81.7624, 140.913, 0.014746, -144.814
4341, 72.35000, 81.7219, 140.838, 0.0147404, -144.887
4342, 72.35833, 81.6806, 140.763, 0.0147345, -144.96
4342, 72.36667, 81.6383, 140.688, 0.0147285, -145.034
4343, 72.37500, 81.5951, 140.613, 0.0147223, -145.107
4343, 72.38333, 81.551, 140.537, 0.014716, -145.181
4344, 72.39167, 81.506, 140.461, 0.0147095, -145.255
4344, 72.40000, 81.46, 140.385, 0.0147028, -145.329
4345, 72.40833, 81.4132, 140.309, 0.014696, -145.404
4345, 72.41666, 81.3655, 140.233, 0.0146889, -145.478
4346, 72.42500, 81.3168, 140.156, 0.0146818, -145.553
4346, 72.43333, 81.2673, 140.08, 0.0146744, -145.628
4347, 72.44167, 81.2168, 140.003, 0.0146669, -145.703
4347, 72.45000, 81.1654, 139.926, 0.0146593, -145.779
4348, 72.45834, 81.1131, 139.848, 0.0146514, -145.854
4348, 72.46667, 81.0598, 139.771, 0.0146434, -145.93
4348, 72.47500, 81.0057, 139.693, 0.0146352, -146.006
4349, 72.48333, 80.9506, 139.616, 0.0146269, -146.082
4350, 72.49167, 80.8946, 139.538, 0.0146184, -146.158
4350, 72.50000, 80.8377, 139.46, 0.0146097, -146.234
4351, 72.50833, 80.7798, 139.382, 0.0146008, -146.31
4351, 72.51667, 80.7211, 139.304, 0.0145918, -146.387
4352, 72.52500, 80.6614, 139.225, 0.0145826, -146.464
4352, 72.53333, 80.6007, 139.147, 0.0145732, -146.54
4353, 72.54166, 80.5392, 139.068, 0.0145637, -146.617
4353, 72.55000, 80.4767, 138.99, 0.014554, -146.694
4354, 72.55833, 80.4133, 138.911, 0.0145441, -146.771
4354, 72.56667, 80.3489, 138.832, 0.0145341, -146.848
4355, 72.57500, 80.2836, 138.753, 0.0145239, -146.925
4355, 72.58334, 80.2174, 138.674, 0.0145135, -147.002
4356, 72.59167, 80.1503, 138.595, 0.0145029, -147.08
4356, 72.60000, 80.0822, 138.516, 0.0144922, -147.157
4356, 72.60833, 80.0132, 138.437, 0.0144813, -147.235
4357, 72.61667, 79.9433, 138.358, 0.0144702, -147.312
4358, 72.62500, 79.8724, 138.278, 0.014459, -147.39
4358, 72.63333, 79.8007, 138.199, 0.0144475, -147.467
4359, 72.64167, 79.728, 138.12, 0.014436, -147.545
4359, 72.65000, 79.6543, 138.04, 0.0144242, -147.623
4360, 72.65833, 79.5797, 137.961, 0.0144123, -147.7
4360, 72.66666, 79.5042, 137.881, 0.0144002, -147.778
4361, 72.67500, 79.4278, 137.802, 0.0143879, -147.856
4361, 72.68333, 79.3505, 137.723, 0.0143755, -147.933
4362, 72.69167, 79.2722, 137.643, 0.0143629, -148.011
4362, 72.70000, 79.193, 137.564, 0.0143501, -148.089
4363, 72.70834, 79.1129, 137.484, 0.0143371, -148.166
4363, 72.71667, 79.0319, 137.405, 0.014324, -148.244
4364, 72.72500, 78.9499, 137.326, 0.0143107, -148.322
4364, 72.73333, 78.867, 137.246, 0.0142973, -148.399
4364, 72.74167, 78.7832, 137.167, 0.0142836, -148.477
4365, 72.75000, 78.6985, 137.088, 0.0142698, -148.555
4366, 72.75833, 78.6129, 137.008, 0.0142559, -148.632
4366, 72.76667, 78.5263, 136.929, 0.0142417, -148.709
4367, 72.77500, 78.4389, 136.85, 0.0142274, -148.787
4367, 72.78333, 78.3505, 136.771, 0.0142129, -148.864
4368, 72.79166, 78.2613, 136.692, 0.0141983, -148.941
4368, 72.80000, 78.1711, 136.613, 0.0141835, -149.018
4369, 72.80833, 78.08, 136.535, 0.0141685, -149.096
4369, 72.81667, 77.988, 136.456, 0.0141534, -149.172
4370, 72.82500, 77.8952, 136.377, 0.0141381, -149.249
4370, 72.83334, 77.8014, 136.299, 0.0141226, -149.326
4371, 72.84167, 77.7067, 136.221, 0.0141069, -149.403
4371, 72.85000, 77.6112, 136.142, 0.0140911, -149.479
4372, 72.85833, 77.5147, 136.064, 0.0140751, -149.556
4372, 72.86667, 77.4174, 135.986, 0.014059, -149.632
4372, 72.87500, 77.3192, 135.908, 0.0140427, -149.708
4373, 72.88333, 77.2201, 135.831, 0.0140262, -149.784
4374, 72.89167, 77.1201, 135.753, 0.0140096, -149.86
4374, 72.90000, 77.0193, 135.676, 0.0139928, -149.936
4375, 72.90833, 76.9175, 135.599, 0.0139759, -150.011
4375, 72.91666, 76.815, 135.521, 0.0139587, -150.086
4376, 72.92500, 76.7115, 135.445, 0.0139415, -150.162
4376, 72.93333, 76.6072, 135.368, 0.013924, -150.237
4377, 72.94167, 76.502, 135.291, 0.0139064, -150.311
4377, 72.95000, 76.396, 135.215, 0.0138887, -150.386
4378, 72.95834, 76.2891, 135.139, 0.0138707, -150.46
4378, 72.96667, 76.1814, 135.063, 0.0138527, -150.535
4379, 72.97500, 76.0728, 134.987, 0.0138344, -150.609
4379, 72.98333, 75.9634, 134.912, 0.013816, -150.682
4380, 72.99167, 75.8531, 134.837, 0.0137975, -150.756
4380, 73.00000, 75.742, 134.762, 0.0137788, -150.829
4380, 73.00833, 75.6301, 134.687, 0.0137599, -150.902
4381, 73.01667, 75.5174, 134.612, 0.0137409, -150.975
4382, 73.02500, 75.4038, 134.538, 0.0137217, -151.047
4382, 73.03333, 75.2895, 134.464, 0.0137024, -151.12
4383, 73.04166, 75.1743, 134.391, 0.0136829, -151.192
4383, 73.05000, 75.0583, 134.317, 0.0136633, -151.263
4384, 73.05833, 74.9415, 134.244, 0.0136435, -151.335
4384, 73.06667, 74.8239, 134.171, 0.0136236, -151.406
4385, 73.07500, 74.7055, 134.099, 0.0136035, -151.477
4385, 73.08334, 74.5864, 134.026, 0.0135833, -151.547
4386, 73.09167, 74.4664, 133.954, 0.0135629, -151.618
4386, 73.10000, 74.3457, 133.883, 0.0135424, -151.688
4387, 73.10833, 74.2242, 133.811, 0.0135218, -151.757
4387, 73.11667, 74.1019, 133.741, 0.013501, -151.826
4388, 73.12500, 73.9789, 133.67, 0.01348, -151.895
4388, 73.13333, 73.8551, 133.6, 0.0134589, -151.964
4388, 73.14167, 73.7306, 133.53, 0.0134377, -152.032
4389, 73.15000, 73.6053, 133.46, 0.0134163, -152.1
4390, 73.15833, 73.4793, 133.391, 0.0133948, -152.167
4390, 73.16666, 73.3525, 133.322, 0.0133731, -152.235
4391, 73.17500, 73.225, 133.254, 0.0133514, -152.301
4391, 73.18333, 73.0968, 133.186, 0.0133294, -152.368
4392, 73.19167, 72.9679, 133.118, 0.0133074, -152.434
4392, 73.20000, 72.8382, 133.051, 0.0132852, -152.499
4393, 73.20834, 72.7079, 132.984, 0.0132628, -152.564
4393, 73.21667, 72.5768, 132.918, 0.0132404, -152.629
4394, 73.22500, 72.4451, 132.852, 0.0132178, -152.693
4394, 73.23333, 72.3127, 132.786, 0.013195, -152.757
4395, 73.24167, 72.1796, 132.721, 0.0131722, -152.821
4395, 73.25000, 72.0458, 132.656, 0.0131492, -152.884
4396, 73.25833, 71.9113, 132.592, 0.0131261, -152.946
4396, 73.26667, 71.7762, 132.528, 0.0131028, -153.008
4396, 73.27500, 71.6404, 132.465, 0.0130795, -153.07
4397, 73.28333, 71.504, 132.402, 0.013056, -153.131
4398, 73.29166, 71.367, 132.34, 0.0130324, -153.192
4398, 73.30000, 71.2293, 132.278, 0.0130086, -153.252
4399, 73.30833, 71.091, 132.217, 0.0129848, -153.311
4399, 73.31667, 70.952, 132.156, 0.0129608, -153.37
4400, 73.32500, 70.8125, 132.095, 0.0129367, -153.429
4400, 73.33334, 70.6723, 132.036, 0.0129125, -153.487
4401, 73.34167, 70.5315, 131.976, 0.0128882, -153.545
4401, 73.35000, 70.3902, 131.917, 0.0128638, -153.602
4402, 73.35833, 70.2482, 131.859, 0.0128392, -153.658
4402, 73.36667, 70.1057, 131.802, 0.0128146, -153.714
4403, 73.37500, 69.9626, 131.744, 0.0127898, -153.77
4403, 73.38333, 69.819, 131.688, 0.0127649, -153.825
4404, 73.39167, 69.6748, 131.632, 0.0127399, -153.879
4404, 73.40000, 69.53, 131.577, 0.0127148, -153.933
4404, 73.40833, 69.3847, 131.522, 0.0126896, -153.986
4405, 73.41666, 69.2389, 131.468, 0.0126643, -154.038
4406, 73.42500, 69.0926, 131.414, 0.0126389, -154.09
4406, 73.43333, 68.9457, 131.361, 0.0126134, -154.142
4407, 73.44167, 68.7983, 131.308, 0.0125878, -154.192
4407, 73.45000, 68.6504, 131.257, 0.0125622, -154.242
4408, 73.45834, 68.5021, 131.206, 0.0125364, -154.292
4408, 73.46667, 68.3532, 131.155, 0.0125105, -154.341
4409, 73.47500, 68.2039, 131.105, 0.0124845, -154.389
4409, 73.48333, 68.0541, 131.056, 0.0124584, -154.436
4410, 73.49167, 67.9038, 131.007, 0.0124323, -154.483
4410, 73.50000, 67.7531, 130.96, 0.012406, -154.529
4411, 73.50833, 67.602, 130.912, 0.0123797, -154.575
4411, 73.51667, 67.4503, 130.866, 0.0123532, -154.62
4412, 73.52500, 67.2983, 130.82, 0.0123267, -154.664
4412, 73.53333, 67.1459, 130.775, 0.0123002, -154.707
4412, 73.54166, 66.993, 130.73, 0.0122735, -154.75
4413, 73.55000, 66.8398, 130.687, 0.0122467, -154.792
4414, 73.55833, 66.6862, 130.644, 0.0122199, -154.833
4414, 73.56667, 66.5321, 130.601, 0.012193, -154.874
4415, 73.57500, 66.3778, 130.56, 0.012166, -154.914
4415, 73.58334, 66.223, 130.519, 0.012139, -154.953
4416, 73.59167, 66.0679, 130.479, 0.0121118, -154.991
4416, 73.60000, 65.9124, 130.44, 0.0120846, -155.029
4417, 73.60833, 65.7566, 130.401, 0.0120574, -155.066
4417, 73.61667, 65.6004, 130.364, 0.0120301, -155.102
4418, 73.62500, 65.444, 130.327, 0.0120027, -155.137
4418, 73.63333, 65.2872, 130.291, 0.0119752, -155.172
4419, 73.64167, 65.1301, 130.255, 0.0119477, -155.205
4419, 73.65000, 64.9728, 130.221, 0.0119201, -155.238
4420, 73.65833, 64.8151, 130.187, 0.0118925, -155.27
4420, 73.66666, 64.6572, 130.154, 0.0118648, -155.301
4420, 73.67500, 64.499, 130.122, 0.011837, -155.332
4421, 73.68333, 64.3406, 130.091, 0.0118092, -155.361
4422, 73.69167, 64.1818, 130.06, 0.0117814, -155.39
4422, 73.70000, 64.0229, 130.031, 0.0117535, -155.418
4423, 73.70834, 63.8638, 130.002, 0.0117255, -155.445
4423, 73.71667, 63.7044, 129.974, 0.0116975, -155.471
4424, 73.72500, 63.5448, 129.947, 0.0116695, -155.497
4424, 73.73333, 63.385, 129.921, 0.0116414, -155.521
4425, 73.74167, 63.225, 129.896, 0.0116132, -155.545
4425, 73.75000, 63.0648, 129.871, 0.0115851, -155.567
4426, 73.75833, 62.9045, 129.848, 0.0115569, -155.589
4426, 73.76667, 62.744, 129.826, 0.0115286, -155.61
4427, 73.77500, 62.5833, 129.804, 0.0115003, -155.63
4427, 73.78333, 62.4225, 129.783, 0.011472, -155.649
4428, 73.79166, 62.2616, 129.764, 0.0114437, -155.667
4428, 73.80000, 62.1005, 129.745, 0.0114153, -155.684
4428, 73.80833, 61.9394, 129.727, 0.0113869, -155.7
4429, 73.81667, 61.7781, 129.71, 0.0113585, -155.715
4430, 73.82500, 61.6167, 129.694, 0.01133, -155.729
4430, 73.83334, 61.4553, 129.679, 0.0113016, -155.743
4431, 73.84167, 61.2938, 129.665, 0.0112731, -155.755
4431, 73.85000, 61.1322, 129.652, 0.0112446, -155.766
4432, 73.85833, 60.9705, 129.64, 0.0112161, -155.777
4432, 73.86667, 60.8088, 129.629, 0.0111875, -155.786
4433, 73.87500, 60.6471, 129.619, 0.011159, -155.794
4433, 73.88333, 60.4854, 129.61, 0.0111304, -155.802
4434, 73.89167, 60.3236, 129.602, 0.0111018, -155.808
4434, 73.90000, 60.1619, 129.595, 0.0110733, -155.813
4435, 73.90833, 60.0001, 129.589, 0.0110447, -155.817
4435, 73.91666, 59.8384, 129.585, 0.0110161, -155.821
4436, 73.92500, 59.6767, 129.581, 0.0109875, -155.823
4436, 73.93333, 59.515, 129.578, 0.0109589, -155.824
4436, 73.94167, 59.3533, 129.576, 0.0109303, -155.824
4437, 73.95000, 59.1918, 129.576, 0.0109018, -155.823
4438, 73.95834, 59.0303, 129.576, 0.0108732, -155.821
4438, 73.96667, 58.8688, 129.578, 0.0108446, -155.818
4439, 73.97500, 58.7075, 129.58, 0.010816, -155.813
4439, 73.98333, 58.5462, 129.584, 0.0107875, -155.808
4440, 73.99167, 58.3851, 129.589, 0.010759, -155.801
4440, 74.00000, 58.2241, 129.595, 0.0107304, -155.794
4441, 74.00833, 58.0632, 129.602, 0.0107019, -155.785
4441, 74.01667, 57.9024, 129.61, 0.0106735, -155.775
4441, 74.02500, 57.7418, 129.619, 0.010645, -155.764
4442, 74.03333, 57.5813, 129.63, 0.0106166, -155.752
4443, 74.04166, 57.421, 129.641, 0.0105881, -155.739
4443, 74.05000, 57.2609, 129.654, 0.0105598, -155.724
4444, 74.05833, 57.101, 129.668, 0.0105314, -155.709
4444, 74.06667, 56.9412, 129.683, 0.0105031, -155.692
4444, 74.07500, 56.7817, 129.699, 0.0104748, -155.674
4445, 74.08334, 56.6224, 129.717, 0.0104465, -155.655
4446, 74.09167, 56.4633, 129.735, 0.0104183, -155.635
4446, 74.10000, 56.3045, 129.755, 0.0103901, -155.613
4447, 74.10833, 56.1459, 129.776, 0.0103619, -155.591
4447, 74.11667, 55.9876, 129.798, 0.0103338, -155.567
4448, 74.12500, 55.8295, 129.822, 0.0103058, -155.542
4448, 74.13333, 55.6718, 129.846, 0.0102777, -155.516
4449, 74.14167, 55.5143, 129.872, 0.0102498, -155.488
4449, 74.15000, 55.3571, 129.899, 0.0102218, -155.459
4449, 74.15833, 55.2002, 129.927, 0.010194, -155.429
4450, 74.16666, 55.0436, 129.957, 0.0101661, -155.398
4451, 74.17500, 54.8874, 129.988, 0.0101384, -155.366
4451, 74.18333, 54.7315, 130.02, 0.0101107, -155.332
4452, 74.19167, 54.576, 130.053, 0.010083, -155.297
4452, 74.20000, 54.4208, 130.088, 0.0100554, -155.261
4453, 74.20834, 54.266, 130.123, 0.0100279, -155.224
4453, 74.21667, 54.1116, 130.16, 0.0100004, -155.185
4454, 74.22500, 53.9575, 130.199, 0.00997304, -155.145
4454, 74.23333, 53.8039, 130.238, 0.00994571, -155.104
4455, 74.24167, 53.6507, 130.279, 0.00991845, -155.061
4455, 74.25000, 53.4979, 130.321, 0.00989126, -155.017
4456, 74.25833, 53.3455, 130.365, 0.00986415, -154.972
4456, 74.26667, 53.1936, 130.409, 0.00983711, -154.926
4457, 74.27500, 53.0421, 130.456, 0.00981015, -154.878
4457, 74.28333, 52.8911, 130.503, 0.00978327, -154.829
4457, 74.29166, 52.7405, 130.552, 0.00975646, -154.779
4458, 74.30000, 52.5904, 130.602, 0.00972975, -154.727
4459, 74.30833, 52.4409, 130.653, 0.00970311, -154.674
4459, 74.31667, 52.2918, 130.705, 0.00967657, -154.62
4460, 74.32500, 52.1432, 130.759, 0.00965011, -154.565
4460, 74.33334, 51.9952, 130.815, 0.00962374, -154.508
4461, 74.34167, 51.8476, 130.871, 0.00959746, -154.449
4461, 74.35000, 51.7007, 130.929, 0.00957128, -154.39
4462, 74.35833, 51.5542, 130.988, 0.0095452, -154.329
4462, 74.36667, 51.4084, 131.049, 0.00951921, -154.267
4463, 74.37500, 51.2631, 131.111, 0.00949332, -154.203
4463, 74.38333, 51.1183, 131.174, 0.00946753, -154.138
4464, 74.39167, 50.9742, 131.239, 0.00944185, -154.072
4464, 74.40000, 50.8307, 131.305, 0.00941627, -154.004
4465, 74.40833, 50.6877, 131.372, 0.0093908, -153.935
4465, 74.41666, 50.5454, 131.441, 0.00936543, -153.865
4465, 74.42500, 50.4037, 131.511, 0.00934018, -153.793
4466, 74.43333, 50.2627, 131.583, 0.00931504, -153.72
4467, 74.44167, 50.1222, 131.655, 0.00929001, -153.645
4467, 74.45000, 49.9825, 131.73, 0.0092651, -153.57
4468, 74.45834, 49.8434, 131.805, 0.0092403, -153.492
4468, 74.46667, 49.705, 131.882, 0.00921563, -153.414
4469, 74.47500, 49.5672, 131.96, 0.00919107, -153.334
4469, 74.48333, 49.4302, 132.04, 0.00916664, -153.253
4470, 74.49167, 49.2938, 132.121, 0.00914233, -153.17
4470, 74.50000, 49.1582, 132.203, 0.00911815, -153.086
4471, 74.50833, 49.0233, 132.287, 0.0090941, -153.001
4471, 74.51667, 48.8891, 132.372, 0.00907018, -152.914
4472, 74.52500, 48.7556, 132.459, 0.00904639, -152.826
4472, 74.53333, 48.623, 132.547, 0.00902273, -152.736
4473, 74.54166, 48.491, 132.636, 0.00899921, -152.645
4473, 74.55000, 48.3598, 132.726, 0.00897582, -152.553
4473, 74.55833, 48.2294, 132.818, 0.00895257, -152.459
4474, 74.56667, 48.0998, 132.912, 0.00892946, -152.364
4475, 74.57500, 47.9709, 133.007, 0.00890649, -152.268
4475, 74.58334, 47.8429, 133.103, 0.00888367, -152.17
4476, 74.59167, 47.7156, 133.2, 0.00886099, -152.071
4476, 74.60000, 47.5892, 133.299, 0.00883846, -151.971
4477, 74.60833, 47.4636, 133.399, 0.00881607, -151.869
4477, 74.61667, 47.3388, 133.501, 0.00879384, -151.766
4478, 74.62500, 47.2149, 133.604, 0.00877175, -151.661
4478, 74.63333, 47.0919, 133.708, 0.00874982, -151.555
4479, 74.64167, 46.9696, 133.813, 0.00872805, -151.448
4479, 74.65000, 46.8483, 133.92, 0.00870643, -151.339
4480, 74.65833, 46.7278, 134.029, 0.00868497, -151.229
4480, 74.66666, 46.6082, 134.138, 0.00866366, -151.118
4481, 74.67500, 46.4895, 134.249, 0.00864252, -151.006
4481, 74.68333, 46.3717, 134.362, 0.00862154, -150.892
4481, 74.69167, 46.2548, 134.475, 0.00860072, -150.776
4482, 74.70000, 46.1388, 134.59, 0.00858007, -150.66
4483, 74.70834, 46.0238, 134.707, 0.00855959, -150.542
4483, 74.71667, 45.9096, 134.824, 0.00853927, -150.423
4484, 74.72500, 45.7964, 134.943, 0.00851913, -150.302
4484, 74.73333, 45.6842, 135.063, 0.00849915, -150.18
4485, 74.74167, 45.5729, 135.185, 0.00847935, -150.057
4485, 74.75000, 45.4625, 135.308, 0.00845972, -149.933
4486, 74.75833, 45.3532, 135.432, 0.00844027, -149.807
4486, 74.76667, 45.2447, 135.557, 0.00842099, -149.68
4487, 74.77500, 45.1373, 135.684, 0.00840189, -149.552
4487, 74.78333, 45.0309, 135.812, 0.00838298, -149.422
4488, 74.79166, 44.9254, 135.941, 0.00836424, -149.291
4488, 74.80000, 44.821, 136.071, 0.00834568, -149.159
4489, 74.80833, 44.7176, 136.203, 0.00832731, -149.026
4489, 74.81667, 44.6152, 136.336, 0.00830912, -148.891
4489, 74.82500, 44.5138, 136.47, 0.00829112, -148.755
4490, 74.83334, 44.4134, 136.605, 0.00827331, -148.618
4491, 74.84167, 44.3141, 136.742, 0.00825568, -148.48
4491, 74.85000, 44.2158, 136.88, 0.00823825, -148.341
4492, 74.85833, 44.1185, 137.019, 0.00822101, -148.2
4492, 74.86667, 44.0223, 137.159, 0.00820396, -148.058
4493, 74.87500, 43.9272, 137.3, 0.0081871, -147.916
4493, 74.88333, 43.8331, 137.443, 0.00817044, -147.771
4494, 74.89167, 43.7401, 137.586, 0.00815397, -147.626
4494, 74.90000, 43.6482, 137.731, 0.0081377, -147.48
4495, 74.90833, 43.5574, 137.877, 0.00812163, -147.332
4495, 74.91666, 43.4676, 138.024, 0.00810575, -147.184
4496, 74.92500, 43.3789, 138.172, 0.00809008, -147.034
4496, 74.93333, 43.2914, 138.321, 0.00807461, -146.883
4497, 74.94167, 43.2049, 138.472, 0.00805934, -146.731
4497, 74.95000, 43.1196, 138.623, 0.00804427, -146.578
4497, 74.95834, 43.0353, 138.776, 0.00802941, -146.424
4498, 74.96667, 42.9522, 138.929, 0.00801475, -146.269
4499, 74.97500, 42.8702, 139.084, 0.0080003, -146.113
4499, 74.98333, 42.7893, 139.239, 0.00798606, -145.956
4500, 74.99167, 42.7096, 139.396, 0.00797203, -145.797
4500, 75.00000, 42.631, 139.553, 0.0079582, -145.638
4501, 75.00833, 42.5535, 139.712, 0.00794458, -145.478
4501, 75.01667, 42.4772, 139.871, 0.00793118, -145.317
4502, 75.02500, 42.402, 140.032, 0.00791798, -145.155
4502, 75.03333, 42.328, 140.193, 0.007905, -144.992
4503, 75.04166, 42.2551, 140.355, 0.00789223, -144.828
4503, 75.05000, 42.1834, 140.518, 0.00787968, -144.663
4504, 75.05833, 42.1129, 140.682, 0.00786734, -144.498
4504, 75.06667, 42.0435, 140.847, 0.00785521, -144.331
4505, 75.07500, 41.9753, 141.013, 0.0078433, -144.164
4505, 75.08334, 41.9083, 141.18, 0.00783161, -143.996
4505, 75.09167, 41.8424, 141.347, 0.00782013, -143.826
4506, 75.10000, 41.7777, 141.515, 0.00780887, -143.657
4507, 75.10833, 41.7142, 141.685, 0.00779783, -143.486
4507, 75.11667, 41.6519, 141.854, 0.00778701, -143.314
4508, 75.12500, 41.5908, 142.025, 0.00777641, -143.142
4508, 75.13333, 41.5308, 142.196, 0.00776602, -142.969
4509, 75.14167, 41.4721, 142.368, 0.00775586, -142.796
4509, 75.15000, 41.4146, 142.541, 0.00774592, -142.621
4510, 75.15833, 41.3582, 142.714, 0.0077362, -142.446
4510, 75.16666, 41.303, 142.889, 0.0077267, -142.271
4511, 75.17500, 41.2491, 143.063, 0.00771743, -142.094
4511, 75.18333, 41.1963, 143.239, 0.00770837, -141.917
4512, 75.19167, 41.1448, 143.415, 0.00769954, -141.74
4512, 75.20000, 41.0944, 143.591, 0.00769094, -141.561
4513, 75.20834, 41.0452, 143.768, 0.00768255, -141.383
4513, 75.21667, 40.9973, 143.946, 0.00767439, -141.203
4513, 75.22500, 40.9506, 144.124, 0.00766645, -141.023
4514, 75.23333, 40.905, 144.303, 0.00765874, -140.843
4515, 75.24167, 40.8607, 144.482, 0.00765125, -140.662
4515, 75.25000, 40.8176, 144.662, 0.00764399, -140.481
4516, 75.25833, 40.7757, 144.842, 0.00763695, -140.299
4516, 75.26667, 40.735, 145.023, 0.00763014, -140.117
4517, 75.27500, 40.6955, 145.204, 0.00762355, -139.934
4517, 75.28333, 40.6572, 145.385, 0.00761718, -139.751
4518, 75.29166, 40.6201, 145.567, 0.00761104, -139.568
4518, 75.30000, 40.5842, 145.749, 0.00760513, -139.384
4519, 75.30833, 40.5496, 145.932, 0.00759944, -139.2
4519, 75.31667, 40.5161, 146.115, 0.00759397, -139.015
4520, 75.32500, 40.4839, 146.298, 0.00758873, -138.83
4520, 75.33334, 40.4528, 146.481, 0.00758371, -138.645
4521, 75.34167, 40.423, 146.665, 0.00757892, -138.46
4521, 75.35000, 40.3943, 146.849, 0.00757435, -138.275
4521, 75.35833, 40.3669, 147.033, 0.00757001, -138.089
4522, 75.36667, 40.3407, 147.218, 0.00756589, -137.903
4523, 75.37500, 40.3156, 147.402, 0.00756199, -137.717
4523, 75.38333, 40.2918, 147.587, 0.00755832, -137.531
4524, 75.39167, 40.2691, 147.772, 0.00755487, -137.344
4524, 75.40000, 40.2477, 147.956, 0.00755165, -137.158
4525, 75.40833, 40.2274, 148.141, 0.00754864, -136.971
4525, 75.41666, 40.2083, 148.327, 0.00754586, -136.784
4526, 75.42500, 40.1904, 148.512, 0.0075433, -136.598
4526, 75.43333, 40.1737, 148.697, 0.00754096, -136.411
4527, 75.44167, 40.1582, 148.882, 0.00753884, -136.224
4527, 75.45000, 40.1439, 149.067, 0.00753695, -136.037
4528, 75.45834, 40.1307, 149.252, 0.00753527, -135.85
4528, 75.46667, 40.1187, 149.438, 0.00753382, -135.664
4529, 75.47500, 40.1079, 149.623, 0.00753258, -135.477
4529, 75.48333, 40.0982, 149.808, 0.00753156, -135.29
4529, 75.49167, 40.0897, 149.992, 0.00753076, -135.104
4530, 75.50000, 40.0823, 150.177, 0.00753017, -134.918
4531, 75.50833, 40.0762, 150.362, 0.00752981, -134.731
4531, 75.51667, 40.0711, 150.546, 0.00752966, -134.545
4532, 75.52500, 40.0672, 150.73, 0.00752972, -134.36
4532, 75.53333, 40.0645, 150.915, 0.00753, -134.174
4533, 75.54166, 40.0629, 151.098, 0.0075305, -133.988
4533, 75.55000, 40.0624, 151.282, 0.00753121, -133.803
4534, 75.55833, 40.0631, 151.465, 0.00753213, -133.618
4534, 75.56667, 40.0649, 151.648, 0.00753326, -133.434
4535, 75.57500, 40.0678, 151.831, 0.00753461, -133.249
4535, 75.58334, 40.0719, 152.014, 0.00753616, -133.065
4536, 75.59167, 40.077, 152.196, 0.00753793, -132.882
4536, 75.60000, 40.0833, 152.378, 0.0075399, -132.698
4537, 75.60833, 40.0906, 152.559, 0.00754208, -132.515
4537, 75.61667, 40.0991, 152.74, 0.00754447, -132.333
4537, 75.62500, 40.1087, 152.921, 0.00754707, -132.15
4538, 75.63333, 40.1193, 153.101, 0.00754987, -131.968
4539, 75.64167, 40.1311, 153.281, 0.00755288, -131.787
4539, 75.65000, 40.1439, 153.46, 0.00755609, -131.606
4540, 75.65833, 40.1578, 153.639, 0.0075595, -131.426
4540, 75.66666, 40.1728, 153.817, 0.00756312, -131.246
4541, 75.67500, 40.1888, 153.995, 0.00756693, -131.066
4541, 75.68333, 40.2059, 154.172, 0.00757095, -130.887
4542, 75.69167, 40.224, 154.349, 0.00757516, -130.709
4542, 75.70000, 40.2432, 154.525, 0.00757957, -130.531
4543, 75.70834, 40.2634, 154.701, 0.00758418, -130.354
4543, 75.71667, 40.2847, 154.876, 0.00758899, -130.177
4544, 75.72500, 40.307, 155.051, 0.00759399, -130.001
4544, 75.73333, 40.3303, 155.225, 0.00759918, -129.825
4545, 75.74167, 40.3546, 155.398, 0.00760457, -129.65
4545, 75.75000, 40.38, 155.571, 0.00761014, -129.476
4545, 75.75833, 40.4063, 155.743, 0.00761591, -129.303
4546, 75.76667, 40.4337, 155.914, 0.00762187, -129.13
4547, 75.77500, 40.462, 156.085, 0.00762801, -128.957
4547, 75.78333, 40.4913, 156.255, 0.00763435, -128.786
4548, 75.79166, 40.5216, 156.424, 0.00764087, -128.615
4548, 75.80000, 40.5529, 156.593, 0.00764757, -128.445
4549, 75.80833, 40.5852, 156.761, 0.00765446, -128.275
4549, 75.81667, 40.6184, 156.928, 0.00766153, -128.107
4550, 75.82500, 40.6525, 157.094, 0.00766878, -127.939
4550, 75.83334, 40.6876, 157.26, 0.00767621, -127.771
4551, 75.84167, 40.7237, 157.425, 0.00768382, -127.605
4551, 75.85000, 40.7607, 157.589, 0.00769161, -127.439
4552, 75.85833, 40.7986, 157.752, 0.00769957, -127.275
4552, 75.86667, 40.8374, 157.914, 0.00770771, -127.111
4553, 75.87500, 40.8771, 158.076, 0.00771602, -126.947
4553, 75.88333, 40.9178, 158.237, 0.00772451, -126.785
4553, 75.89167, 40.9594, 158.397, 0.00773317, -126.623
4554, 75.90000, 41.0018, 158.556, 0.00774199, -126.463
4555, 75.90833, 41.0451, 158.714, 0.00775099, -126.303
4555, 75.91666, 41.0893, 158.871, 0.00776016, -126.144
4556, 75.92500, 41.1344, 159.028, 0.00776949, -125.986
4556, 75.93333, 41.1804, 159.183, 0.00777898, -125.829
4557, 75.94167, 41.2272, 159.338, 0.00778865, -125.672
4557, 75.95000, 41.2748, 159.492, 0.00779847, -125.517
4558, 75.95834, 41.3233, 159.645, 0.00780845, -125.362
4558, 75.96667, 41.3727, 159.797, 0.0078186, -125.209
4559, 75.97500, 41.4228, 159.948, 0.0078289, -125.056
4559, 75.98333, 41.4738, 160.098, 0.00783936, -124.904
4560, 75.99167, 41.5257, 160.247, 0.00784998, -124.754
4560, 76.00000, 41.5783, 160.396, 0.00786076, -124.604
4561, 76.00833, 41.6317, 160.543, 0.00787168, -124.455
4561, 76.01667, 41.6859, 160.689, 0.00788276, -124.307
4561, 76.02500, 41.7409, 160.835, 0.00789399, -124.16
4562, 76.03333, 41.7967, 160.979, 0.00790537, -124.014
4563, 76.04166, 41.8533, 161.123, 0.0079169, -123.869
4563, 76.05000, 41.9106, 161.265, 0.00792858, -123.725
4564, 76.05833, 41.9687, 161.407, 0.0079404, -123.582
4564, 76.06667, 42.0275, 161.547, 0.00795237, -123.44
4565, 76.07500, 42.0871, 161.687, 0.00796448, -123.299
4565, 76.08334, 42.1474, 161.825, 0.00797673, -123.159
4566, 76.09167, 42.2085, 161.963, 0.00798913, -123.02
4566, 76.10000, 42.2703, 162.099, 0.00800166, -122.881
4566, 76.10833, 42.3328, 162.235, 0.00801433, -122.744
4567, 76.11667, 42.396, 162.369, 0.00802714, -122.608
4568, 76.12500, 42.4599, 162.502, 0.00804009, -122.473
4568, 76.13333, 42.5245, 162.635, 0.00805316, -122.339
4569, 76.14167, 42.5898, 162.766, 0.00806638, -122.206
4569, 76.15000, 42.6558, 162.897, 0.00807972, -122.074
4569, 76.15833, 42.7224, 163.026, 0.0080932, -121.944
4570, 76.16666, 42.7898, 163.154, 0.0081068, -121.814
4571, 76.17500, 42.8577, 163.282, 0.00812053, -121.685
4571, 76.18333, 42.9264, 163.408, 0.00813439, -121.557
4572, 76.19167, 42.9957, 163.533, 0.00814837, -121.43
4572, 76.20000, 43.0656, 163.657, 0.00816248, -121.305
4573, 76.20834, 43.1362, 163.78, 0.00817671, -121.18
4573, 76.21667, 43.2074, 163.902, 0.00819107, -121.056
4574, 76.22500, 43.2792, 164.023, 0.00820554, -120.934
4574, 76.23333, 43.3516, 164.143, 0.00822013, -120.812
4574, 76.24167, 43.4246, 164.262, 0.00823484, -120.692
4575, 76.25000, 43.4983, 164.38, 0.00824967, -120.572
4576, 76.25833, 43.5725, 164.497, 0.00826461, -120.454
4576, 76.26667, 43.6473, 164.613, 0.00827967, -120.336
4577, 76.27500, 43.7227, 164.727, 0.00829484, -120.22
4577, 76.28333, 43.7987, 164.841, 0.00831012, -120.105
4578, 76.29166, 43.8752, 164.954, 0.00832552, -119.991
4578, 76.30000, 43.9523, 165.065, 0.00834102, -119.878
4579, 76.30833, 44.0299, 165.176, 0.00835663, -119.766
4579, 76.31667, 44.1081, 165.285, 0.00837235, -119.655
4580, 76.32500, 44.1869, 165.394, 0.00838817, -119.545
4580, 76.33334, 44.2661, 165.501, 0.0084041, -119.436
4581, 76.34167, 44.3459, 165.607, 0.00842013, -119.328
4581, 76.35000, 44.4262, 165.712, 0.00843626, -119.221
4582, 76.35833, 44.5071, 165.817, 0.00845249, -119.115
4582, 76.36667, 44.5884, 165.92, 0.00846883, -119.01
4582, 76.37500, 44.6703, 166.022, 0.00848526, -118.907
4583, 76.38333, 44.7526, 166.123, 0.00850179, -118.804
4584, 76.39167, 44.8354, 166.223, 0.00851842, -118.703
4584, 76.40000, 44.9188, 166.322, 0.00853514, -118.602
4585, 76.40833, 45.0025, 166.42, 0.00855196, -118.502
4585, 76.41666, 45.0868, 166.517, 0.00856887, -118.404
4586, 76.42500, 45.1715, 166.613, 0.00858587, -118.307
4586, 76.43333, 45.2567, 166.708, 0.00860296, -118.21
4587, 76.44167, 45.3424, 166.801, 0.00862014, -118.115
4587, 76.45000, 45.4285, 166.894, 0.00863741, -118.02
4588, 76.45834, 45.515, 166.986, 0.00865476, -117.927
4588, 76.46667, 45.602, 167.077, 0.00867221, -117.835
4589, 76.47500, 45.6894, 167.166, 0.00868974, -117.744
4589, 76.48333, 45.7772, 167.255, 0.00870735, -117.653
4590, 76.49167, 45.8654, 167.343, 0.00872504, -117.564
4590, 76.50000, 45.9541, 167.429, 0.00874282, -117.476
4590, 76.50833, 46.0431, 167.515, 0.00876068, -117.389
4591, 76.51667, 46.1326, 167.6, 0.00877862, -117.302
4592, 76.52500, 46.2224, 167.683, 0.00879663, -117.217
4592, 76.53333, 46.3127, 167.766, 0.00881473, -117.133
4593, 76.54166, 46.4033, 167.848, 0.0088329, -117.05
4593, 76.55000, 46.4943, 167.928, 0.00885114, -116.968
4594, 76.55833, 46.5857, 168.008, 0.00886946, -116.887
4594, 76.56667, 46.6774, 168.086, 0.00888786, -116.806
4595, 76.57500, 46.7695, 168.164, 0.00890633, -116.727
4595, 76.58334, 46.862, 168.241, 0.00892486, -116.649
4596, 76.59167, 46.9548, 168.316, 0.00894347, -116.572
4596, 76.60000, 47.0479, 168.391, 0.00896215, -116.496
4597, 76.60833, 47.1414, 168.465, 0.0089809, -116.42
4597, 76.61667, 47.2353, 168.537, 0.00899971, -116.346
4598, 76.62500, 47.3294, 168.609, 0.00901859, -116.273
4598, 76.63333, 47.4239, 168.68, 0.00903754, -116.2
4598, 76.64167, 47.5187, 168.75, 0.00905655, -116.129
4599, 76.65000, 47.6138, 168.819, 0.00907562, -116.059
4600, 76.65833, 47.7092, 168.887, 0.00909476, -115.989
4600, 76.66666, 47.805, 168.954, 0.00911396, -115.921
4601, 76.67500, 47.901, 169.02, 0.00913322, -115.853
4601, 76.68333, 47.9973, 169.085, 0.00915253, -115.786
4602, 76.69167, 48.0939, 169.149, 0.00917191, -115.721
4602, 76.70000, 48.1908, 169.212, 0.00919135, -115.656
4603, 76.70834, 48.288, 169.274, 0.00921084, -115.592
4603, 76.71667, 48.3854, 169.336, 0.00923039, -115.529
4604, 76.72500, 48.4831, 169.396, 0.00924999, -115.467
4604, 76.73333, 48.5811, 169.455, 0.00926965, -115.406
4605, 76.74167, 48.6793, 169.514, 0.00928936, -115.346
4605, 76.75000, 48.7778, 169.572, 0.00930912, -115.287
4606, 76.75833, 48.8765, 169.628, 0.00932894, -115.229
4606, 76.76667, 48.9755, 169.684, 0.0093488, -115.171
4606, 76.77500, 49.0747, 169.739, 0.00936872, -115.115
4607, 76.78333, 49.1742, 169.793, 0.00938868, -115.059
4608, 76.79166, 49.2739, 169.846, 0.0094087, -115.005
4608, 76.80000, 49.3738, 169.898, 0.00942875, -114.951
4609, 76.80833, 49.4739, 169.95, 0.00944886, -114.898
4609, 76.81667, 49.5743, 170, 0.00946901, -114.846
4610, 76.82500, 49.6748, 170.05, 0.00948921, -114.795
4610, 76.83334, 49.7756, 170.098, 0.00950945, -114.745
4611, 76.84167, 49.8766, 170.146, 0.00952973, -114.695
4611, 76.85000, 49.9778, 170.193, 0.00955005, -114.647
4612, 76.85833, 50.0791, 170.239, 0.00957042, -114.599
4612, 76.86667, 50.1807, 170.285, 0.00959083, -114.552
4613, 76.87500, 50.2824, 170.329, 0.00961127, -114.506
4613, 76.88333, 50.3844, 170.373, 0.00963175, -114.461
4614, 76.89167, 50.4865, 170.415, 0.00965228, -114.417
4614, 76.90000, 50.5887, 170.457, 0.00967284, -114.374
4614, 76.90833, 50.6912, 170.498, 0.00969343, -114.331
4615, 76.91666, 50.7938, 170.538, 0.00971407, -114.289
4616, 76.92500, 50.8966, 170.578, 0.00973473, -114.249
4616, 76.93333, 50.9995, 170.616, 0.00975543, -114.209
4617, 76.94167, 51.1026, 170.654, 0.00977617, -114.169
4617, 76.95000, 51.2058, 170.691, 0.00979693, -114.131
4618, 76.95834, 51.3092, 170.727, 0.00981773, -114.093
4618, 76.96667, 51.4127, 170.762, 0.00983856, -114.056
4619, 76.97500, 51.5164, 170.797, 0.00985942, -114.02
4619, 76.98333, 51.6202, 170.83, 0.00988031, -113.985
4620, 76.99167, 51.7241, 170.863, 0.00990123, -113.951
4620, 77.00000, 51.8281, 170.895, 0.00992217, -113.917
4621, 77.00833, 51.9323, 170.926, 0.00994315, -113.884
4621, 77.01667, 52.0366, 170.957, 0.00996415, -113.852
4622, 77.02500, 52.1409, 170.987, 0.00998517, -113.821
4622, 77.03333, 52.2454, 171.015, 0.0100062, -113.791
4622, 77.04166, 52.35, 171.044, 0.0100273, -113.761
4623, 77.05000, 52.4548, 171.071, 0.0100484, -113.732
4624, 77.05833, 52.5595, 171.098, 0.0100695, -113.704
4624, 77.06667, 52.6645, 171.123, 0.0100907, -113.677
4625, 77.07500, 52.7694, 171.149, 0.0101118, -113.65
4625, 77.08334, 52.8745, 171.173, 0.010133, -113.624
4626, 77.09167, 52.9797, 171.197, 0.0101542, -113.599
4626, 77.10000, 53.0849, 171.219, 0.0101754, -113.575
4627, 77.10833, 53.1902, 171.241, 0.0101967, -113.551
4627, 77.11667, 53.2956, 171.263, 0.010218, -113.528
4628, 77.12500, 53.4011, 171.283, 0.0102392, -113.506
4628, 77.13333, 53.5066, 171.303, 0.0102605, -113.484
4629, 77.14167, 53.6122, 171.323, 0.0102818, -113.464
4629, 77.15000, 53.7178, 171.341, 0.0103032, -113.444
4630, 77.15833, 53.8235, 171.359, 0.0103245, -113.424
4630, 77.16666, 53.9292, 171.376, 0.0103459, -113.406
4630, 77.17500, 54.035, 171.392, 0.0103672, -113.388
4631, 77.18333, 54.1409, 171.408, 0.0103886, -113.371
4632, 77.19167, 54.2467, 171.423, 0.01041, -113.354
4632, 77.20000, 54.3527, 171.437, 0.0104314, -113.339
4633, 77.20834, 54.4586, 171.45, 0.0104528, -113.324
4633, 77.21667, 54.5646, 171.463, 0.0104743, -113.309
4634, 77.22500, 54.6706, 171.475, 0.0104957, -113.296
4634, 77.23333, 54.7766, 171.487, 0.0105171, -113.283
4635, 77.24167, 54.8827, 171.497, 0.0105386, -113.27
4635, 77.25000, 54.9887, 171.507, 0.0105601, -113.259
4636, 77.25833, 55.0948, 171.517, 0.0105815, -113.248
4636, 77.26667, 55.2009, 171.526, 0.010603, -113.238
4637, 77.27500, 55.307, 171.534, 0.0106245, -113.228
4637, 77.28333, 55.4131, 171.541, 0.010646, -113.219
4638, 77.29166, 55.5192, 171.548, 0.0106674, -113.211
4638, 77.30000, 55.6253, 171.554, 0.0106889, -113.203
4638, 77.30833, 55.7314, 171.559, 0.0107104, -113.196
4639, 77.31667, 55.8375, 171.564, 0.0107319, -113.19
4640, 77.32500, 55.9436, 171.568, 0.0107534, -113.184
4640, 77.33334, 56.0496, 171.572, 0.0107749, -113.179
4641, 77.34167, 56.1557, 171.575, 0.0107964, -113.175
4641, 77.35000, 56.2617, 171.577, 0.0108179, -113.171
4642, 77.35833, 56.3677, 171.579, 0.0108394, -113.168
4642, 77.36667, 56.4737, 171.579, 0.0108609, -113.165
4643, 77.37500, 56.5796, 171.58, 0.0108824, -113.164
4643, 77.38333, 56.6855, 171.58, 0.0109039, -113.162
4644, 77.39167, 56.7914, 171.579, 0.0109254, -113.162
4644, 77.40000, 56.8972, 171.577, 0.0109469, -113.162
4645, 77.40833, 57.003, 171.575, 0.0109684, -113.162
4645, 77.41666, 57.1088, 171.572, 0.0109899, -113.164
4646, 77.42500, 57.2144, 171.569, 0.0110114, -113.165
4646, 77.43333, 57.3201, 171.565, 0.0110328, -113.168
4646, 77.44167, 57.4257, 171.56, 0.0110543, -113.171
4647, 77.45000, 57.5312, 171.555, 0.0110758, -113.174
4648, 77.45834, 57.6367, 171.55, 0.0110972, -113.179
4648, 77.46667, 57.7421, 171.543, 0.0111187, -113.183
4649, 77.47500, 57.8474, 171.536, 0.0111401, -113.189
4649, 77.48333, 57.9527, 171.529, 0.0111615, -113.195
4650, 77.49167, 58.0579, 171.521, 0.0111829, -113.201
4650, 77.50000, 58.163, 171.512, 0.0112043, -113.208
4651, 77.50833, 58.2681, 171.503, 0.0112257, -113.216
4651, 77.51667, 58.373, 171.493, 0.0112471, -113.224
4652, 77.52500, 58.4779, 171.483, 0.0112685, -113.233
4652, 77.53333, 58.5827, 171.472, 0.0112898, -113.242
4653, 77.54166, 58.6874, 171.461, 0.0113112, -113.252
4653, 77.55000, 58.792, 171.449, 0.0113325, -113.263
4654, 77.55833, 58.8965, 171.436, 0.0113538, -113.274
4654, 77.56667, 59.001, 171.423, 0.0113752, -113.286
4654, 77.57500, 59.1053, 171.409, 0.0113964, -113.298
4655, 77.58334, 59.2095, 171.395, 0.0114177, -113.311
4656, 77.59167, 59.3136, 171.38, 0.011439, -113.324
4656, 77.60000, 59.4176, 171.365, 0.0114602, -113.338
4657, 77.60833, 59.5215, 171.349, 0.0114814, -113.352
4657, 77.61667, 59.6253, 171.333, 0.0115026, -113.367
4658, 77.62500, 59.7289, 171.316, 0.0115238, -113.382
4658, 77.63333, 59.8324, 171.298, 0.011545, -113.398
4659, 77.64167, 59.9359, 171.28, 0.0115661, -113.415
4659, 77.65000, 60.0391, 171.262, 0.0115872, -113.432
4660, 77.65833, 60.1423, 171.243, 0.0116084, -113.449
4660, 77.66666, 60.2453, 171.223, 0.0116294, -113.467
4661, 77.67500, 60.3482, 171.203, 0.0116505, -113.486
4661, 77.68333, 60.451, 171.182, 0.0116715, -113.505
4662, 77.69167, 60.5536, 171.161, 0.0116926, -113.524
4662, 77.70000, 60.656, 171.14, 0.0117135, -113.545
4662, 77.70834, 60.7583, 171.118, 0.0117345, -113.565
4663, 77.71667, 60.8605, 171.095, 0.0117555, -113.586
4664, 77.72500, 60.9625, 171.072, 0.0117764, -113.608
4664, 77.73333, 61.0644, 171.048, 0.0117973, -113.63
4665, 77.74167, 61.1661, 171.024, 0.0118181, -113.653
4665, 77.75000, 61.2677, 170.999, 0.011839, -113.676
4666, 77.75833, 61.369, 170.974, 0.0118598, -113.699
4666, 77.76667, 61.4703, 170.949, 0.0118806, -113.723
4667, 77.77500, 61.5713, 170.923, 0.0119013, -113.748
4667, 77.78333, 61.6722, 170.896, 0.011922, -113.773
4668, 77.79166, 61.7729, 170.869, 0.0119427, -113.798
4668, 77.80000, 61.8735, 170.842, 0.0119634, -113.824
4669, 77.80833, 61.9738, 170.814, 0.011984, -113.851
4669, 77.81667, 62.074, 170.785, 0.0120047, -113.878
4670, 77.82500, 62.174, 170.756, 0.0120252, -113.905
4670, 77.83334, 62.2738, 170.727, 0.0120458, -113.933
4670, 77.84167, 62.3734, 170.697, 0.0120663, -113.962
4671, 77.85000, 62.4728, 170.667, 0.0120868, -113.99
4672, 77.85833, 62.572, 170.636, 0.0121072, -114.02
4672, 77.86667, 62.671, 170.604, 0.0121276, -114.05
4673, 77.87500, 62.7698, 170.573, 0.012148, -114.08
4673, 77.88333, 62.8684, 170.541, 0.0121683, -114.11
4674, 77.89167, 62.9669, 170.508, 0.0121886, -114.142
4674, 77.90000, 63.065, 170.475, 0.0122089, -114.173
4675, 77.90833, 63.163, 170.441, 0.0122291, -114.205
4675, 77.91666, 63.2608, 170.407, 0.0122493, -114.238
4676, 77.92500, 63.3583, 170.373, 0.0122694, -114.271
4676, 77.93333, 63.4557, 170.338, 0.0122895, -114.304
4677, 77.94167, 63.5528, 170.303, 0.0123096, -114.338
4677, 77.95000, 63.6496, 170.267, 0.0123296, -114.372
4678, 77.95834, 63.7463, 170.231, 0.0123496, -114.407
4678, 77.96667, 63.8427, 170.194, 0.0123696, -114.442
4678, 77.97500, 63.9389, 170.157, 0.0123895, -114.477
4679, 77.98333, 64.0348, 170.119, 0.0124093, -114.513
4680, 77.99167, 64.1305, 170.082, 0.0124292, -114.55
4680, 78.00000, 64.2259, 170.043, 0.0124489, -114.587
4681, 78.00833, 64.3211, 170.004, 0.0124687, -114.624
4681, 78.01667, 64.4161, 169.965, 0.0124884, -114.662
4682, 78.02500, 64.5107, 169.926, 0.012508, -114.7
4682, 78.03333, 64.6052, 169.885, 0.0125276, -114.738
4683, 78.04166, 64.6993, 169.845, 0.0125471, -114.777
4683, 78.05000, 64.7933, 169.804, 0.0125666, -114.817
4684, 78.05833, 64.8869, 169.763, 0.0125861, -114.857
4684, 78.06667, 64.9803, 169.721, 0.0126055, -114.897
4685, 78.07500, 65.0734, 169.679, 0.0126248, -114.938
4685, 78.08334, 65.1662, 169.636, 0.0126442, -114.979
4686, 78.09167, 65.2587, 169.593, 0.0126634, -115.02
4686, 78.10000, 65.351, 169.55, 0.0126826, -115.062
4686, 78.10833, 65.443, 169.506, 0.0127018, -115.104
4687, 78.11667, 65.5347, 169.462, 0.0127209, -115.147
4688, 78.12500, 65.626, 169.418, 0.0127399, -115.19
4688, 78.13333, 65.7171, 169.373, 0.0127589, -115.233
4689, 78.14167, 65.8079, 169.327, 0.0127778, -115.277
4689, 78.15000, 65.8984, 169.282, 0.0127967, -115.321
4690, 78.15833, 65.9886, 169.235, 0.0128155, -115.366
4690, 78.16666, 66.0785, 169.189, 0.0128343, -115.411
4691, 78.17500, 66.1681, 169.142, 0.012853, -115.457
4691, 78.18333, 66.2573, 169.095, 0.0128717, -115.502
4691, 78.19167, 66.3463, 169.047, 0.0128903, -115.549
4692, 78.20000, 66.4349, 168.999, 0.0129088, -115.595
4693, 78.20834, 66.5232, 168.95, 0.0129273, -115.642
4693, 78.21667, 66.6112, 168.902, 0.0129457, -115.689
4694, 78.22500, 66.6988, 168.852, 0.0129641, -115.737
4694, 78.23333, 66.7861, 168.803, 0.0129824, -115.785
4694, 78.24167, 66.873, 168.753, 0.0130006, -115.834
4695, 78.25000, 66.9596, 168.702, 0.0130188, -115.883
4696, 78.25833, 67.0459, 168.652, 0.0130369, -115.932
4696, 78.26667, 67.1318, 168.601, 0.0130549, -115.981
4697, 78.27500, 67.2174, 168.549, 0.0130729, -116.031
4697, 78.28333, 67.3026, 168.497, 0.0130908, -116.082
4698, 78.29166, 67.3874, 168.445, 0.0131087, -116.132
4698, 78.30000, 67.4719, 168.393, 0.0131264, -116.184
4699, 78.30833, 67.556, 168.34, 0.0131441, -116.235
4699, 78.31667, 67.6398, 168.286, 0.0131618, -116.287
4699, 78.32500, 67.7231, 168.233, 0.0131794, -116.339
4700, 78.33334, 67.8061, 168.179, 0.0131968, -116.391
4701, 78.34167, 67.8887, 168.124, 0.0132143, -116.444
4701, 78.35000, 67.9709, 168.07, 0.0132316, -116.497
4702, 78.35833, 68.0527, 168.015, 0.0132489, -116.551
4702, 78.36667, 68.1341, 167.959, 0.0132661, -116.605
4703, 78.37500, 68.2151, 167.904, 0.0132832, -116.659
4703, 78.38333, 68.2958, 167.848, 0.0133003, -116.714
4704, 78.39167, 68.376, 167.791, 0.0133173, -116.769
4704, 78.40000, 68.4558, 167.734, 0.0133342, -116.824
4705, 78.40833, 68.5351, 167.677, 0.013351, -116.88
4705, 78.41666, 68.6141, 167.62, 0.0133678, -116.936
4706, 78.42500, 68.6926, 167.562, 0.0133844, -116.992
4706, 78.43333, 68.7707, 167.504, 0.013401, -117.048
4707, 78.44167, 68.8484, 167.445, 0.0134175, -117.105
4707, 78.45000, 68.9256, 167.387, 0.0134339, -117.163
4707, 78.45834, 69.0024, 167.327, 0.0134503, -117.22
4708, 78.46667, 69.0788, 167.268, 0.0134665, -117.278
4709, 78.47500, 69.1547, 167.208, 0.0134827, -117.337
4709, 78.48333, 69.2301, 167.148, 0.0134988, -117.395
4710, 78.49167, 69.3051, 167.088, 0.0135148, -117.454
4710, 78.50000, 69.3796, 167.027, 0.0135307, -117.513
4711, 78.50833, 69.4537, 166.966, 0.0135465, -117.573
4711, 78.51667, 69.5272, 166.905, 0.0135623, -117.633
4712, 78.52500, 69.6003, 166.843, 0.0135779, -117.693
4712, 78.53333, 69.6729, 166.781, 0.0135935, -117.753
4713, 78.54166, 69.7451, 166.719, 0.0136089, -117.814
4713, 78.55000, 69.8167, 166.656, 0.0136243, -117.875
4714, 78.55833, 69.8878, 166.593, 0.0136396, -117.937
4714, 78.56667, 69.9585, 166.53, 0.0136547, -117.998
4715, 78.57500, 70.0286, 166.467, 0.0136698, -118.06
4715, 78.58334, 70.0982, 166.403, 0.0136848, -118.123
4715, 78.59167, 70.1674, 166.339, 0.0136997, -118.185
4716, 78.60000, 70.2359, 166.275, 0.0137145, -118.248
4717, 78.60833, 70.304, 166.21, 0.0137292, -118.311
4717, 78.61667, 70.3716, 166.145, 0.0137438, -118.375
4718, 78.62500, 70.4386, 166.08, 0.0137583, -118.439
4718, 78.63333, 70.505, 166.014, 0.0137726, -118.503
4719, 78.64167, 70.5709, 165.948, 0.0137869, -118.567
4719, 78.65000, 70.6363, 165.882, 0.0138011, -118.631
4720, 78.65833, 70.7011, 165.816, 0.0138152, -118.696
4720, 78.66666, 70.7654, 165.75, 0.0138291, -118.761
4721, 78.67500, 70.8291, 165.683, 0.013843, -118.827
4721, 78.68333, 70.8922, 165.616, 0.0138567, -118.892
4722, 78.69167, 70.9547, 165.548, 0.0138704, -118.958
4722, 78.70000, 71.0167, 165.481, 0.0138839, -119.024
4723, 78.70834, 71.0781, 165.413, 0.0138973, -119.091
4723, 78.71667, 71.1389, 165.344, 0.0139106, -119.157
4723, 78.72500, 71.1991, 165.276, 0.0139238, -119.224
4724, 78.73333, 71.2587, 165.207, 0.0139369, -119.292
4725, 78.74167, 71.3177, 165.139, 0.0139498, -119.359
4725, 78.75000, 71.3761, 165.07, 0.0139627, -119.427
4726, 78.75833, 71.4338, 165, 0.0139754, -119.494
4726, 78.76667, 71.491, 164.931, 0.013988, -119.563
4727, 78.77500, 71.5475, 164.861, 0.0140005, -119.631
4727, 78.78333, 71.6034, 164.791, 0.0140129, -119.699
4728, 78.79166, 71.6587, 164.721, 0.0140251, -119.768
4728, 78.80000, 71.7133, 164.65, 0.0140372, -119.837
4729, 78.80833, 71.7673, 164.579, 0.0140492, -119.906
4729, 78.81667, 71.8206, 164.508, 0.0140611, -119.976
4730, 78.82500, 71.8733, 164.437, 0.0140728, -120.045
4730, 78.83334, 71.9253, 164.366, 0.0140845, -120.115
4731, 78.84167, 71.9767, 164.295, 0.0140959, -120.185
4731, 78.85000, 72.0273, 164.223, 0.0141073, -120.255
4731, 78.85833, 72.0773, 164.151, 0.0141185, -120.326
4732, 78.86667, 72.1267, 164.079, 0.0141296, -120.396
4733, 78.87500, 72.1753, 164.007, 0.0141406, -120.467
4733, 78.88333, 72.2232, 163.934, 0.0141514, -120.538
4734, 78.89167, 72.2705, 163.862, 0.0141621, -120.609
4734, 78.90000, 72.3171, 163.789, 0.0141727, -120.681
4735, 78.90833, 72.3629, 163.716, 0.0141831, -120.752
4735, 78.91666, 72.4081, 163.643, 0.0141934, -120.824
4736, 78.92500, 72.4525, 163.57, 0.0142036, -120.895
4736, 78.93333, 72.4962, 163.497, 0.0142136, -120.967
4737, 78.94167, 72.5392, 163.423, 0.0142234, -121.039
4737, 78.95000, 72.5815, 163.349, 0.0142332, -121.111
4738, 78.95834, 72.623, 163.276, 0.0142428, -121.184
4738, 78.96667, 72.6638, 163.202, 0.0142522, -121.256
4739, 78.97500, 72.7039, 163.128, 0.0142615, -121.329
4739, 78.98333, 72.7432, 163.054, 0.0142707, -121.401
4739, 78.99167, 72.7818, 162.979, 0.0142797, -121.474
4740, 79.00000, 72.8196, 162.905, 0.0142886, -121.547
4741, 79.00833, 72.8566, 162.831, 0.0142973, -121.62
4741, 79.01667, 72.893, 162.756, 0.0143059, -121.693
4742, 79.02500, 72.9285, 162.682, 0.0143143, -121.766
4742, 79.03333, 72.9633, 162.607, 0.0143226, -121.839
4743, 79.04166, 72.9973, 162.532, 0.0143307, -121.913
4743, 79.05000, 73.0305, 162.457, 0.0143387, -121.986
4744, 79.05833, 73.063, 162.382, 0.0143465, -122.06
4744, 79.06667, 73.0946, 162.307, 0.0143542, -122.133
4745, 79.07500, 73.1255, 162.232, 0.0143617, -122.207
4745, 79.08334, 73.1556, 162.157, 0.0143691, -122.28
4746, 79.09167, 73.185, 162.082, 0.0143763, -122.354
4746, 79.10000, 73.2135, 162.007, 0.0143834, -122.427
4747, 79.10833, 73.2412, 161.932, 0.0143903, -122.501
4747, 79.11667, 73.2682, 161.857, 0.014397, -122.575
4747, 79.12500, 73.2943, 161.782, 0.0144036, -122.649
4748, 79.13333, 73.3196, 161.706, 0.01441, -122.722
4749, 79.14167, 73.3442, 161.631, 0.0144163, -122.796
4749, 79.15000, 73.3679, 161.556, 0.0144225, -122.87
4750, 79.15833, 73.3908, 161.481, 0.0144284, -122.943
4750, 79.16666, 73.413, 161.406, 0.0144342, -123.017
4751, 79.17500, 73.4343, 161.331, 0.0144399, -123.091
4751, 79.18333, 73.4548, 161.256, 0.0144454, -123.164
4752, 79.19167, 73.4745, 161.18, 0.0144507, -123.238
4752, 79.20000, 73.4933, 161.105, 0.0144559, -123.311
4753, 79.20834, 73.5114, 161.031, 0.0144609, -123.385
4753, 79.21667, 73.5286, 160.956, 0.0144658, -123.458
4754, 79.22500, 73.5451, 160.881, 0.0144705, -123.532
4754, 79.23333, 73.5607, 160.806, 0.014475, -123.605
4755, 79.24167, 73.5755, 160.732, 0.0144794, -123.678
4755, 79.25000, 73.5895, 160.657, 0.0144836, -123.751
4755, 79.25833, 73.6027, 160.583, 0.0144877, -123.824
4756, 79.26667, 73.615, 160.508, 0.0144916, -123.897
4757, 79.27500, 73.6266, 160.434, 0.0144953, -123.97
4757, 79.28333, 73.6373, 160.36, 0.0144989, -124.042
4758, 79.29166, 73.6473, 160.286, 0.0145023, -124.115
4758, 79.30000, 73.6564, 160.213, 0.0145056, -124.187
4759, 79.30833, 73.6647, 160.139, 0.0145087, -124.259
4759, 79.31667, 73.6722, 160.065, 0.0145116, -124.331
4760, 79.32500, 73.6789, 159.992, 0.0145144, -124.403
4760, 79.33334, 73.6848, 159.919, 0.014517, -124.475
4761, 79.34167, 73.6899, 159.846, 0.0145195, -124.546
4761, 79.35000, 73.6943, 159.773, 0.0145218, -124.618
4762, 79.35833, 73.6978, 159.701, 0.014524, -124.689
4762, 79.36667, 73.7005, 159.628, 0.014526, -124.76
4763, 79.37500, 73.7025, 159.556, 0.0145278, -124.83
4763, 79.38333, 73.7036, 159.484, 0.0145295, -124.901
4763, 79.39167, 73.704, 159.413, 0.0145311, -124.971
4764, 79.40000, 73.7036, 159.341, 0.0145325, -125.041
4765, 79.40833, 73.7025, 159.27, 0.0145337, -125.111
4765, 79.41666, 73.7005, 159.199, 0.0145348, -125.18
4766, 79.42500, 73.6979, 159.128, 0.0145357, -125.25
4766, 79.43333, 73.6944, 159.058, 0.0145365, -125.319
4767, 79.44167, 73.6902, 158.987, 0.0145372, -125.387
4767, 79.45000, 73.6853, 158.918, 0.0145377, -125.456
4768, 79.45834, 73.6796, 158.848, 0.014538, -125.524
4768, 79.46667, 73.6732, 158.779, 0.0145382, -125.592
4769, 79.47500, 73.666, 158.71, 0.0145383, -125.66
4769, 79.48333, 73.6581, 158.641, 0.0145382, -125.727
4770, 79.49167, 73.6496, 158.572, 0.014538, -125.794
4770, 79.50000, 73.6403, 158.504, 0.0145376, -125.86
4771, 79.50833, 73.6302, 158.437, 0.0145371, -125.927
4771, 79.51667, 73.6196, 158.369, 0.0145364, -125.993
4771, 79.52500, 73.6082, 158.302, 0.0145356, -126.058
4772, 79.53333, 73.5961, 158.235, 0.0145347, -126.124
4773, 79.54166, 73.5833, 158.169, 0.0145337, -126.189
4773, 79.55000, 73.5699, 158.103, 0.0145325, -126.253
4774, 79.55833, 73.5559, 158.037, 0.0145312, -126.317
4774, 79.56667, 73.5411, 157.972, 0.0145297, -126.381
4775, 79.57500, 73.5258, 157.907, 0.0145282, -126.445
4775, 79.58334, 73.5098, 157.843, 0.0145265, -126.508
4776, 79.59167, 73.4931, 157.778, 0.0145246, -126.57
4776, 79.60000, 73.4759, 157.715, 0.0145227, -126.633
4777, 79.60833, 73.458, 157.651, 0.0145206, -126.695
4777, 79.61667, 73.4396, 157.589, 0.0145184, -126.756
4778, 79.62500, 73.4205, 157.526, 0.0145161, -126.817
4778, 79.63333, 73.4009, 157.464, 0.0145137, -126.878
4779, 79.64167, 73.3807, 157.402, 0.0145112, -126.938
4779, 79.65000, 73.3599, 157.341, 0.0145085, -126.998
4779, 79.65833, 73.3386, 157.28, 0.0145058, -127.057
4780, 79.66666, 73.3168, 157.22, 0.0145029, -127.116
4781, 79.67500, 73.2944, 157.16, 0.0145, -127.174
4781, 79.68333, 73.2715, 157.101, 0.0144969, -127.232
4782, 79.69167, 73.2481, 157.042, 0.0144937, -127.29
4782, 79.70000, 73.2241, 156.983, 0.0144904, -127.347
4783, 79.70834, 73.1997, 156.925, 0.0144871, -127.404
4783, 79.71667, 73.1748, 156.867, 0.0144836, -127.46
4784, 79.72500, 73.1494, 156.81, 0.01448, -127.515
4784, 79.73333, 73.1236, 156.754, 0.0144764, -127.571
4785, 79.74167, 73.0973, 156.697, 0.0144726, -127.625
4785, 79.75000, 73.0706, 156.642, 0.0144688, -127.68
4786, 79.75833, 73.0435, 156.587, 0.0144649, -127.733
4786, 79.76667, 73.0159, 156.532, 0.0144609, -127.787
4787, 79.77500, 72.9879, 156.478, 0.0144568, -127.84
4787, 79.78333, 72.9595, 156.424, 0.0144526, -127.892
4787, 79.79166, 72.9308, 156.371, 0.0144484, -127.944
4788, 79.80000, 72.9017, 156.318, 0.0144441, -127.995
4789, 79.80833, 72.8722, 156.266, 0.0144397, -128.046
4789, 79.81667, 72.8423, 156.214, 0.0144352, -128.096
4790, 79.82500, 72.8121, 156.163, 0.0144307, -128.146
4790, 79.83334, 72.7816, 156.112, 0.0144261, -128.195
4791, 79.84167, 72.7508, 156.061, 0.0144214, -128.244
4791, 79.85000, 72.7197, 156.012, 0.0144167, -128.293
4792, 79.85833, 72.6882, 155.962, 0.0144119, -128.34
4792, 79.86667, 72.6565, 155.914, 0.0144071, -128.388
4793, 79.87500, 72.6245, 155.866, 0.0144022, -128.434
4793, 79.88333, 72.5922, 155.818, 0.0143972, -128.481
4794, 79.89167, 72.5597, 155.771, 0.0143922, -128.527
4794, 79.90000, 72.5269, 155.724, 0.0143871, -128.572
4795, 79.90833, 72.4939, 155.678, 0.014382, -128.617
4795, 79.91666, 72.4607, 155.632, 0.0143769, -128.661
4795, 79.92500, 72.4272, 155.587, 0.0143717, -128.705
4796, 79.93333, 72.3936, 155.542, 0.0143665, -128.748
4797, 79.94167, 72.3598, 155.498, 0.0143612, -128.791
4797, 79.95000, 72.3258, 155.454, 0.0143559, -128.833
4798, 79.95834, 72.2916, 155.411, 0.0143505, -128.874
4798, 79.96667, 72.2572, 155.369, 0.0143452, -128.916
4799, 79.97500, 72.2227, 155.326, 0.0143398, -128.956
4799, 79.98333, 72.1881, 155.285, 0.0143343, -128.997
4800, 79.99167, 72.1533, 155.244, 0.0143289, -129.036
4800, 80.00000, 72.1185, 155.203, 0.0143234, -129.076
4801, 80.00833, 72.0835, 155.163, 0.0143178, -129.114
4801, 80.01667, 72.0484, 155.123, 0.0143123, -129.152
4802, 80.02500, 72.0132, 155.084, 0.0143068, -129.19
4802, 80.03333, 71.9779, 155.045, 0.0143012, -129.227
4803, 80.04166, 71.9425, 155.007, 0.0142956, -129.264
4803, 80.05000, 71.9071, 154.97, 0.01429, -129.3
4803, 80.05833, 71.8717, 154.932, 0.0142844, -129.336
4804, 80.06667, 71.8361, 154.896, 0.0142787, -129.371
4805, 80.07500, 71.8006, 154.859, 0.0142731, -129.406
4805, 80.08334, 71.765, 154.824, 0.0142675, -129.441
4806, 80.09167, 71.7294, 154.788, 0.0142618, -129.474
4806, 80.10000, 71.6938, 154.754, 0.0142562, -129.508
4807, 80.10833, 71.6581, 154.719, 0.0142505, -129.541
4807, 80.11667, 71.6225, 154.685, 0.0142448, -129.573
4808, 80.12500, 71.5869, 154.652, 0.0142392, -129.605
4808, 80.13333, 71.5513, 154.619, 0.0142335, -129.637
4809, 80.14167, 71.5157, 154.587, 0.0142279, -129.668
4809, 80.15000, 71.4802, 154.555, 0.0142222, -129.698
4810, 80.15833, 71.4447, 154.523, 0.0142166, -129.728
4810, 80.16666, 71.4092, 154.492, 0.014211, -129.758
4811, 80.17500, 71.3738, 154.461, 0.0142053, -129.787
4811, 80.18333, 71.3384, 154.431, 0.0141997, -129.816
4811, 80.19167, 71.3032, 154.401, 0.0141941, -129.845
4812, 80.20000, 71.268, 154.372, 0.0141885, -129.873
4813, 80.20834, 71.2328, 154.343, 0.014183, -129.9
4813, 80.21667, 71.1978, 154.314, 0.0141774, -129.927
4814, 80.22500, 71.1628, 154.286, 0.0141719, -129.954
4814, 80.23333, 71.128, 154.258, 0.0141663, -129.98
4815, 80.24167, 71.0932, 154.231, 0.0141608, -130.006
4815, 80.25000, 71.0586, 154.204, 0.0141553, -130.032
4816, 80.25833, 71.0241, 154.177, 0.0141499, -130.057
4816, 80.26667, 70.9896, 154.151, 0.0141444, -130.082
4816, 80.27500, 70.9554, 154.125, 0.014139, -130.106
4817, 80.28333, 70.9212, 154.1, 0.0141336, -130.13
4818, 80.29166, 70.8872, 154.075, 0.0141283, -130.154
4818, 80.30000, 70.8533, 154.05, 0.0141229, -130.177
4819, 80.30833, 70.8195, 154.026, 0.0141176, -130.2
4819, 80.31667, 70.7859, 154.002, 0.0141123, -130.222
4819, 80.32500, 70.7525, 153.979, 0.0141071, -130.244
4820, 80.33334, 70.7192, 153.956, 0.0141018, -130.266
4821, 80.34167, 70.686, 153.933, 0.0140966, -130.287
4821, 80.35000, 70.6531, 153.911, 0.0140915, -130.308
4822, 80.35833, 70.6203, 153.888, 0.0140863, -130.329
4822, 80.36667, 70.5876, 153.867, 0.0140812, -130.349
4823, 80.37500, 70.5551, 153.845, 0.0140761, -130.369
4823, 80.38333, 70.5228, 153.824, 0.0140711, -130.389
4824, 80.39167, 70.4907, 153.803, 0.0140661, -130.408
4824, 80.40000, 70.4588, 153.783, 0.0140611, -130.427
4824, 80.40833, 70.427, 153.763, 0.0140562, -130.446
4825, 80.41666, 70.3955, 153.743, 0.0140513, -130.464
4826, 80.42500, 70.3641, 153.724, 0.0140464, -130.482
4826, 80.43333, 70.3329, 153.704, 0.0140416, -130.5
4827, 80.44167, 70.3019, 153.685, 0.0140368, -130.518
4827, 80.45000, 70.2711, 153.667, 0.0140321, -130.535
4828, 80.45834, 70.2405, 153.649, 0.0140274, -130.552
4828, 80.46667, 70.2101, 153.631, 0.0140227, -130.568
4829, 80.47500, 70.1799, 153.613, 0.0140181, -130.585
4829, 80.48333, 70.1499, 153.595, 0.0140135, -130.601
4830, 80.49167, 70.1201, 153.578, 0.0140089, -130.617
4830, 80.50000, 70.0905, 153.561, 0.0140044, -130.632
4831, 80.50833, 70.0611, 153.545, 0.0139999, -130.647
4831, 80.51667, 70.032, 153.528, 0.0139955, -130.662
4832, 80.52500, 70.003, 153.512, 0.0139911, -130.677
4832, 80.53333, 69.9742, 153.496, 0.0139867, -130.692
4832, 80.54166, 69.9457, 153.48, 0.0139824, -130.706
4833, 80.55000, 69.9174, 153.465, 0.0139782, -130.72
4834, 80.55833, 69.8893, 153.45, 0.0139739, -130.734
4834, 80.56667, 69.8614, 153.435, 0.0139698, -130.747
4835, 80.57500, 69.8337, 153.42, 0.0139656, -130.761
4835, 80.58334, 69.8062, 153.406, 0.0139615, -130.774
4836, 80.59167, 69.7789, 153.391, 0.0139574, -130.786
4836, 80.60000, 69.7519, 153.377, 0.0139534, -130.799
4837, 80.60833, 69.7251, 153.363, 0.0139495, -130.812
4837, 80.61667, 69.6985, 153.35, 0.0139455, -130.824
4838, 80.62500, 69.6721, 153.336, 0.0139416, -130.836
4838, 80.63333, 69.6459, 153.323, 0.0139378, -130.848
4839, 80.64167, 69.6199, 153.31, 0.013934, -130.859
4839, 80.65000, 69.5942, 153.297, 0.0139302, -130.871
4840, 80.65833, 69.5686, 153.285, 0.0139265, -130.882
4840, 80.66666, 69.5433, 153.272, 0.0139228, -130.893
4840, 80.67500, 69.5182, 153.26, 0.0139192, -130.904
4841, 80.68333, 69.4934, 153.248, 0.0139156, -130.915
4842, 80.69167, 69.4687, 153.236, 0.013912, -130.925
4842, 80.70000, 69.4442, 153.224, 0.0139085, -130.936
4843, 80.70834, 69.42, 153.212, 0.013905, -130.946
4843, 80.71667, 69.396, 153.201, 0.0139016, -130.956
4844, 80.72500, 69.3722, 153.19, 0.0138982, -130.966
4844, 80.73333, 69.3486, 153.179, 0.0138949, -130.975
4845, 80.74167, 69.3252, 153.168, 0.0138916, -130.985
4845, 80.75000, 69.302, 153.157, 0.0138883, -130.994
4846, 80.75833, 69.279, 153.146, 0.0138851, -131.004
4846, 80.76667, 69.2562, 153.136, 0.0138819, -131.013
4847, 80.77500, 69.2337, 153.125, 0.0138788, -131.022
4847, 80.78333, 69.2113, 153.115, 0.0138757, -131.03
4848, 80.79166, 69.1892, 153.105, 0.0138726, -131.039
4848, 80.80000, 69.1673, 153.095, 0.0138696, -131.048
4848, 80.80833, 69.1455, 153.085, 0.0138666, -131.056
4849, 80.81667, 69.124, 153.075, 0.0138637, -131.064
4850, 80.82500, 69.1027, 153.066, 0.0138608, -131.073
4850, 80.83334, 69.0816, 153.056, 0.0138579, -131.081
4851, 80.84167, 69.0606, 153.047, 0.0138551, -131.089
4851, 80.85000, 69.0399, 153.038, 0.0138523, -131.096
4852, 80.85833, 69.0194, 153.029, 0.0138495, -131.104
4852, 80.86667, 68.999, 153.02, 0.0138468, -131.112
4853, 80.87500, 68.9789, 153.011, 0.0138442, -131.119
4853, 80.88333, 68.9589, 153.002, 0.0138415, -131.127
4854, 80.89167, 68.9392, 152.993, 0.013839, -131.134
4854, 80.90000, 68.9196, 152.985, 0.0138364, -131.141
4855, 80.90833, 68.9002, 152.976, 0.0138339, -131.148
4855, 80.91666, 68.8811, 152.968, 0.0138314, -131.155
4856, 80.92500, 68.8621, 152.96, 0.013829, -131.162
4856, 80.93333, 68.8432, 152.951, 0.0138266, -131.169
4856, 80.94167, 68.8246, 152.943, 0.0138242, -131.176
4857, 80.95000, 68.8062, 152.935, 0.0138219, -131.182
4858, 80.95834, 68.7879, 152.927, 0.0138196, -131.189
4858, 80.96667, 68.7698, 152.919, 0.0138173, -131.195
4859, 80.97500, 68.7519, 152.912, 0.0138151, -131.202
4859, 80.98333, 68.7342, 152.904, 0.0138129, -131.208
4860, 80.99167, 68.7166, 152.896, 0.0138107, -131.214
4860, 81.00000, 68.6992, 152.889, 0.0138086, -131.22
4861, 81.00833, 68.682, 152.881, 0.0138065, -131.226
4861, 81.01667, 68.665, 152.874, 0.0138044, -131.232
4862, 81.02500, 68.6481, 152.867, 0.0138024, -131.238
4862, 81.03333, 68.6314, 152.859, 0.0138004, -131.244
4863, 81.04166, 68.6149, 152.852, 0.0137985, -131.25
4863, 81.05000, 68.5985, 152.845, 0.0137966, -131.256
4864, 81.05833, 68.5823, 152.838, 0.0137947, -131.261
4864, 81.06667, 68.5663, 152.831, 0.0137928, -131.267
4864, 81.07500, 68.5504, 152.824, 0.013791, -131.272
4865, 81.08334, 68.5347, 152.817, 0.0137892, -131.278
4866, 81.09167, 68.5191, 152.81, 0.0137874, -131.283
4866, 81.10000, 68.5037, 152.804, 0.0137857, -131.289
4867, 81.10833, 68.4885, 152.797, 0.013784, -131.294
4867, 81.11667, 68.4734, 152.79, 0.0137823, -131.299
4868, 81.12500, 68.4584, 152.784, 0.0137807, -131.305
4868, 81.13333, 68.4436, 152.777, 0.0137791, -131.31
4869, 81.14167, 68.429, 152.771, 0.0137775, -131.315
4869, 81.15000, 68.4145, 152.764, 0.0137759, -131.32
4870, 81.15833, 68.4001, 152.758, 0.0137744, -131.325
4870, 81.16666, 68.3859, 152.751, 0.0137729, -131.33
4871, 81.17500, 68.3718, 152.745, 0.0137714, -131.335
4871, 81.18333, 68.3579, 152.739, 0.01377, -131.34
4872, 81.19167, 68.3441, 152.732, 0.0137686, -131.345
4872, 81.20000, 68.3305, 152.726, 0.0137672, -131.35
4872, 81.20834, 68.317, 152.72, 0.0137658, -131.354
4873, 81.21667, 68.3036, 152.714, 0.0137645, -131.359
4874, 81.22500, 68.2904, 152.708, 0.0137632, -131.364
4874, 81.23333, 68.2773, 152.702, 0.0137619, -131.368
4875, 81.24167, 68.2643, 152.696, 0.0137607, -131.373
4875, 81.25000, 68.2515, 152.69, 0.0137594, -131.378
4876, 81.25833, 68.2388, 152.684, 0.0137582, -131.382
4876, 81.26667, 68.2262, 152.678, 0.013757, -131.387
4877, 81.27500, 68.2137, 152.672, 0.0137559, -131.391
4877, 81.28333, 68.2014, 152.666, 0.0137548, -131.396
4878, 81.29166, 68.1892, 152.66, 0.0137537, -131.4
4878, 81.30000, 68.1771, 152.654, 0.0137526, -131.405
4879, 81.30833, 68.1652, 152.649, 0.0137515, -131.409
4879, 81.31667, 68.1533, 152.643, 0.0137505, -131.413
4880, 81.32500, 68.1416, 152.637, 0.0137495, -131.418
4880, 81.33334, 68.13, 152.631, 0.0137485, -131.422
4880, 81.34167, 68.1185, 152.626, 0.0137476, -131.426
4881, 81.35000, 68.1071, 152.62, 0.0137466, -131.431
4882, 81.35833, 68.0959, 152.614, 0.0137457, -131.435
4882, 81.36667, 68.0847, 152.609, 0.0137448, -131.439
4883, 81.37500, 68.0737, 152.603, 0.0137439, -131.443
4883, 81.38333, 68.0627, 152.598, 0.0137431, -131.448
4884, 81.39167, 68.0519, 152.592, 0.0137423, -131.452
4884, 81.40000, 68.0412, 152.587, 0.0137415, -131.456
4885, 81.40833, 68.0306, 152.581, 0.0137407, -131.46
4885, 81.41666, 68.0201, 152.576, 0.0137399, -131.464
4886, 81.42500, 68.0097, 152.57, 0.0137392, -131.468
4886, 81.43333, 67.9994, 152.565, 0.0137384, -131.472
4887, 81.44167, 67.9892, 152.559, 0.0137377, -131.476
4887, 81.45000, 67.9791, 152.554, 0.0137371, -131.48
4888, 81.45834, 67.9691, 152.548, 0.0137364, -131.484
4888, 81.46667, 67.9592, 152.543, 0.0137357, -131.488
4888, 81.47500, 67.9494, 152.538, 0.0137351, -131.492
4889, 81.48333, 67.9397, 152.532, 0.0137345, -131.496
4890, 81.49167, 67.9301, 152.527, 0.0137339, -131.5
4890, 81.50000, 67.9206, 152.522, 0.0137334, -131.504
4891, 81.50833, 67.9112, 152.516, 0.0137328, -131.508
4891, 81.51667, 67.9019, 152.511, 0.0137323, -131.512
4892, 81.52500, 67.8926, 152.506, 0.0137318, -131.516
4892, 81.53333, 67.8835, 152.5, 0.0137313, -131.52
4893, 81.54166, 67.8744, 152.495, 0.0137308, -131.524
4893, 81.55000, 67.8654, 152.49, 0.0137303, -131.528
4894, 81.55833, 67.8566, 152.485, 0.0137299, -131.532
4894, 81.56667, 67.8478, 152.479, 0.0137295, -131.536
4895, 81.57500, 67.8391, 152.474, 0.013729, -131.539
4895, 81.58334, 67.8304, 152.469, 0.0137287, -131.543
4896, 81.59167, 67.8219, 152.464, 0.0137283, -131.547
4896, 81.60000, 67.8134, 152.459, 0.0137279, -131.551
4896, 81.60833, 67.805, 152.453, 0.0137276, -131.555
4897, 81.61667, 67.7967, 152.448, 0.0137272, -131.559
4898, 81.62500, 67.7885, 152.443, 0.0137269, -131.562
4898, 81.63333, 67.7804, 152.438, 0.0137266, -131.566
4899, 81.64167, 67.7723, 152.433, 0.0137264, -131.57
4899, 81.65000, 67.7643, 152.428, 0.0137261, -131.574
4900, 81.65833, 67.7564, 152.422, 0.0137258, -131.577
4900, 81.66666, 67.7486, 152.417, 0.0137256, -131.581
4901, 81.67500, 67.7408, 152.412, 0.0137254, -131.585
4901, 81.68333, 67.7331, 152.407, 0.0137252, -131.589
4902, 81.69167, 67.7255, 152.402, 0.013725, -131.592
4902, 81.70000, 67.7179, 152.397, 0.0137248, -131.596
4903, 81.70834, 67.7105, 152.392, 0.0137246, -131.6
4903, 81.71667, 67.7031, 152.387, 0.0137245, -131.604
4904, 81.72500, 67.6957, 152.382, 0.0137244, -131.607
4904, 81.73333, 67.6885, 152.377, 0.0137242, -131.611
4904, 81.74167, 67.6813, 152.372, 0.0137241, -131.615
4905, 81.75000, 67.6741, 152.366, 0.013724, -131.618
4906, 81.75833, 67.6671, 152.361, 0.0137239, -131.622
4906, 81.76667, 67.6601, 152.356, 0.0137239, -131.626
4907, 81.77500, 67.6531, 152.351, 0.0137238, -131.629
4907, 81.78333, 67.6463, 152.346, 0.0137238, -131.633
4908, 81.79166, 67.6395, 152.341, 0.0137237, -131.637
4908, 81.80000, 67.6327, 152.336, 0.0137237, -131.64
4909, 81.80833, 67.6261, 152.331, 0.0137237, -131.644
4909, 81.81667, 67.6194, 152.326, 0.0137237, -131.648
4910, 81.82500, 67.6129, 152.321, 0.0137237, -131.651
4910, 81.83334, 67.6064, 152.316, 0.0137238, -131.655
4911, 81.84167, 67.6, 152.311, 0.0137238, -131.659
4911, 81.85000, 67.5936, 152.306, 0.0137239, -131.662
4912, 81.85833, 67.5873, 152.301, 0.0137239, -131.666
4912, 81.86667, 67.581, 152.296, 0.013724, -131.669
4912, 81.87500, 67.5748, 152.291, 0.0137241, -131.673
4913, 81.88333, 67.5686, 152.286, 0.0137242, -131.677
4914, 81.89167, 67.5626, 152.281, 0.0137243, -131.68
4914, 81.90000, 67.5565, 152.276, 0.0137244, -131.684
4915, 81.90833, 67.5506, 152.271, 0.0137246, -131.687
4915, 81.91666, 67.5446, 152.266, 0.0137247, -131.691
4916, 81.92500, 67.5388, 152.262, 0.0137249, -131.695
4916, 81.93333, 67.533, 152.257, 0.013725, -131.698
4917, 81.94167, 67.5272, 152.252, 0.0137252, -131.702
4917, 81.95000, 67.5215, 152.247, 0.0137254, -131.705
4918, 81.95834, 67.5158, 152.242, 0.0137256, -131.709
4918, 81.96667, 67.5102, 152.237, 0.0137258, -131.712
4919, 81.97500, 67.5047, 152.232, 0.013726, -131.716
4919, 81.98333, 67.4992, 152.227, 0.0137262, -131.72
4920, 81.99167, 67.4937, 152.222, 0.0137265, -131.723
4920, 82.00000, 67.4883, 152.217, 0.0137267, -131.727
4920, 82.00833, 67.4829, 152.212, 0.013727, -131.73
4921, 82.01667, 67.4776, 152.207, 0.0137273, -131.734
4922, 82.02500, 67.4724, 152.202, 0.0137275, -131.737
4922, 82.03333, 67.4672, 152.197, 0.0137278, -131.741
4923, 82.04166, 67.462, 152.193, 0.0137281, -131.744
4923, 82.05000, 67.4569, 152.188, 0.0137284, -131.748
4924, 82.05833, 67.4518, 152.183, 0.0137287, -131.752
4924, 82.06667, 67.4468, 152.178, 0.0137291, -131.755
4925, 82.07500, 67.4418, 152.173, 0.0137294, -131.759
4925, 82.08334, 67.4369, 152.168, 0.0137297, -131.762
4926, 82.09167, 67.432, 152.163, 0.0137301, -131.766
4926, 82.10000, 67.4271, 152.158, 0.0137304, -131.769
4927, 82.10833, 67.4223, 152.154, 0.0137308, -131.773
4927, 82.11667, 67.4176, 152.149, 0.0137312, -131.776
4928, 82.12500, 67.4128, 152.144, 0.0137316, -131.78
4928, 82.13333, 67.4082, 152.139, 0.013732, -131.783
4928, 82.14167, 67.4035, 152.134, 0.0137324, -131.787
4929, 82.15000, 67.3989, 152.129, 0.0137328, -131.79
4930, 82.15833, 67.3944, 152.124, 0.0137332, -131.794
4930, 82.16666, 67.3899, 152.12, 0.0137336, -131.797
4931, 82.17500, 67.3854, 152.115, 0.013734, -131.801
4931, 82.18333, 67.381, 152.11, 0.0137345, -131.804
4932, 82.19167, 67.3766, 152.105, 0.0137349, -131.807
4932, 82.20000, 67.3723, 152.1, 0.0137354, -131.811
4933, 82.20834, 67.368, 152.096, 0.0137359, -131.814
4933, 82.21667, 67.3637, 152.091, 0.0137363, -131.818
4934, 82.22500, 67.3595, 152.086, 0.0137368, -131.821
4934, 82.23333, 67.3553, 152.081, 0.0137373, -131.825
4935, 82.24167, 67.3511, 152.076, 0.0137378, -131.828
4935, 82.25000, 67.347, 152.072, 0.0137383, -131.832
4936, 82.25833, 67.343, 152.067, 0.0137388, -131.835
4936, 82.26667, 67.3389, 152.062, 0.0137394, -131.838
4936, 82.27500, 67.3349, 152.057, 0.0137399, -131.842
4937, 82.28333, 67.331, 152.052, 0.0137404, -131.845
4938, 82.29166, 67.327, 152.048, 0.013741, -131.849
4938, 82.30000, 67.3232, 152.043, 0.0137415, -131.852
4939, 82.30833, 67.3193, 152.038, 0.0137421, -131.856
4939, 82.31667, 67.3155, 152.033, 0.0137426, -131.859
4940, 82.32500, 67.3117, 152.029, 0.0137432, -131.862
4940, 82.33334, 67.308, 152.024, 0.0137438, -131.866
4941, 82.34167, 67.3042, 152.019, 0.0137444, -131.869
4941, 82.35000, 67.3006, 152.014, 0.013745, -131.873
4941, 82.35833, 67.2969, 152.01, 0.0137456, -131.876
4942, 82.36667, 67.2933, 152.005, 0.0137462, -131.879
4943, 82.37500, 67.2897, 152, 0.0137468, -131.883
4943, 82.38333, 67.2862, 151.995, 0.0137474, -131.886
4944, 82.39167, 67.2827, 151.991, 0.013748, -131.889
4944, 82.40000, 67.2792, 151.986, 0.0137487, -131.893
4944, 82.40833, 67.2758, 151.981, 0.0137493, -131.896
4945, 82.41666, 67.2724, 151.977, 0.0137499, -131.899
4946, 82.42500, 67.269, 151.972, 0.0137506, -131.903
4946, 82.43333, 67.2657, 151.967, 0.0137513, -131.906
4947, 82.44167, 67.2624, 151.963, 0.0137519, -131.91
4947, 82.45000, 67.2591, 151.958, 0.0137526, -131.913
4948, 82.45834, 67.2558, 151.953, 0.0137533, -131.916
4948, 82.46667, 67.2526, 151.949, 0.013754, -131.92
4949, 82.47500, 67.2494, 151.944, 0.0137546, -131.923
4949, 82.48333, 67.2463, 151.939, 0.0137553, -131.926
4949, 82.49167, 67.2432, 151.935, 0.013756, -131.929
4950, 82.50000, 67.2401, 151.93, 0.0137568, -131.933
4951, 82.50833, 67.237, 151.925, 0.0137575, -131.936
4951, 82.51667, 67.234, 151.921, 0.0137582, -131.939
4952, 82.52500, 67.231, 151.916, 0.0137589, -131.943
4952, 82.53333, 67.228, 151.911, 0.0137597, -131.946
4953, 82.54166, 67.2251, 151.907, 0.0137604, -131.949
4953, 82.55000, 67.2222, 151.902, 0.0137612, -131.952
4954, 82.55833, 67.2193, 151.898, 0.0137619, -131.956
4954, 82.56667, 67.2165, 151.893, 0.0137627, -131.959
4955, 82.57500, 67.2137, 151.888, 0.0137634, -131.962
4955, 82.58334, 67.2109, 151.884, 0.0137642, -131.966
4956, 82.59167, 67.2081, 151.879, 0.013765, -131.969
4956, 82.60000, 67.2054, 151.875, 0.0137658, -131.972
4957, 82.60833, 67.2027, 151.87, 0.0137665, -131.975
4957, 82.61667, 67.2, 151.865, 0.0137673, -131.978
4957, 82.62500, 67.1974, 151.861, 0.0137681, -131.982
4958, 82.63333, 67.1948, 151.856, 0.0137689, -131.985
4959, 82.64167, 67.1922, 151.852, 0.0137698, -131.988
4959, 82.65000, 67.1896, 151.847, 0.0137706, -131.991
4960, 82.65833, 67.1871, 151.843, 0.0137714, -131.995
4960, 82.66666, 67.1846, 151.838, 0.0137722, -131.998
4961, 82.67500, 67.1821, 151.834, 0.0137731, -132.001
4961, 82.68333, 67.1797, 151.829, 0.0137739, -132.004
4962, 82.69167, 67.1773, 151.824, 0.0137747, -132.007
4962, 82.70000, 67.1749, 151.82, 0.0137756, -132.011
4963, 82.70834, 67.1725, 151.815, 0.0137765, -132.014
4963, 82.71667, 67.1702, 151.811, 0.0137773, -132.017
4964, 82.72500, 67.1679, 151.806, 0.0137782, -132.02
4964, 82.73333, 67.1656, 151.802, 0.0137791, -132.023
4965, 82.74167, 67.1633, 151.797, 0.0137799, -132.026
4965, 82.75000, 67.1611, 151.793, 0.0137808, -132.029
4965, 82.75833, 67.1589, 151.789, 0.0137817, -132.033
4966, 82.76667, 67.1567, 151.784, 0.0137826, -132.036
4967, 82.77500, 67.1546, 151.78, 0.0137835, -132.039
4967, 82.78333, 67.1524, 151.775, 0.0137844, -132.042
4968, 82.79166, 67.1504, 151.771, 0.0137853, -132.045
4968, 82.80000, 67.1483, 151.766, 0.0137862, -132.048
4969, 82.80833, 67.1462, 151.762, 0.0137872, -132.051
4969, 82.81667, 67.1442, 151.757, 0.0137881, -132.054
4970, 82.82500, 67.1422, 151.753, 0.013789, -132.057
4970, 82.83334, 67.1403, 151.749, 0.0137899, -132.061
4971, 82.84167, 67.1383, 151.744, 0.0137909, -132.064
4971, 82.85000, 67.1364, 151.74, 0.0137918, -132.067
4972, 82.85833, 67.1345, 151.735, 0.0137928, -132.07
4972, 82.86667, 67.1327, 151.731, 0.0137937, -132.073
4973, 82.87500, 67.1308, 151.727, 0.0137947, -132.076
4973, 82.88333, 67.129, 151.722, 0.0137957, -132.079
4973, 82.89167, 67.1272, 151.718, 0.0137967, -132.082
4974, 82.90000, 67.1255, 151.713, 0.0137976, -132.085
4975, 82.90833, 67.1237, 151.709, 0.0137986, -132.088
4975, 82.91666, 67.122, 151.705, 0.0137996, -132.091
4976, 82.92500, 67.1203, 151.7, 0.0138006, -132.094
4976, 82.93333, 67.1187, 151.696, 0.0138016, -132.097
4977, 82.94167, 67.117, 151.692, 0.0138026, -132.1
4977, 82.95000, 67.1154, 151.687, 0.0138036, -132.103
4978, 82.95834, 67.1138, 151.683, 0.0138046, -132.106
4978, 82.96667, 67.1123, 151.679, 0.0138056, -132.109
4979, 82.97500, 67.1107, 151.674, 0.0138067, -132.112
4979, 82.98333, 67.1092, 151.67, 0.0138077, -132.115
4980, 82.99167, 67.1077, 151.666, 0.0138087, -132.118
4980, 83.00000, 67.1062, 151.661, 0.0138098, -132.121
4981, 83.00833, 67.1048, 151.657, 0.0138108, -132.124
4981, 83.01667, 67.1034, 151.653, 0.0138118, -132.127
4981, 83.02500, 67.102, 151.649, 0.0138129, -132.13
4982, 83.03333, 67.1006, 151.644, 0.013814, -132.133
4983, 83.04166, 67.0993, 151.64, 0.013815, -132.136
4983, 83.05000, 67.0979, 151.636, 0.0138161, -132.139
4984, 83.05833, 67.0966, 151.632, 0.0138172, -132.142
4984, 83.06667, 67.0954, 151.627, 0.0138182, -132.145
4985, 83.07500, 67.0941, 151.623, 0.0138193, -132.147
4985, 83.08334, 67.0929, 151.619, 0.0138204, -132.15
4986, 83.09167, 67.0917, 151.615, 0.0138215, -132.153
4986, 83.10000, 67.0905, 151.61, 0.0138226, -132.156
4987, 83.10833, 67.0894, 151.606, 0.0138237, -132.159
4987, 83.11667, 67.0882, 151.602, 0.0138248, -132.162
4988, 83.12500, 67.0871, 151.598, 0.0138259, -132.165
4988, 83.13333, 67.086, 151.594, 0.013827, -132.168
4989, 83.14167, 67.085, 151.589, 0.0138282, -132.17
4989, 83.15000, 67.0839, 151.585, 0.0138293, -132.173
4989, 83.15833, 67.0829, 151.581, 0.0138304, -132.176
4990, 83.16666, 67.0819, 151.577, 0.0138315, -132.179
4991, 83.17500, 67.081, 151.573, 0.0138327, -132.182
4991, 83.18333, 67.08, 151.569, 0.0138338, -132.185
4992, 83.19167, 67.0791, 151.564, 0.013835, -132.187
4992, 83.20000, 67.0782, 151.56, 0.0138361, -132.19
4993, 83.20834, 67.0773, 151.556, 0.0138373, -132.193
4993, 83.21667, 67.0765, 151.552, 0.0138385, -132.196
4994, 83.22500, 67.0756, 151.548, 0.0138396, -132.199
4994, 83.23333, 67.0748, 151.544, 0.0138408, -132.202
4995, 83.24167, 67.074, 151.54, 0.013842, -132.204
4995, 83.25000, 67.0733, 151.536, 0.0138432, -132.207
4996, 83.25833, 67.0725, 151.532, 0.0138443, -132.21
4996, 83.26667, 67.0718, 151.527, 0.0138455, -132.213
4997, 83.27500, 67.0711, 151.523, 0.0138467, -132.215
4997, 83.28333, 67.0705, 151.519, 0.0138479, -132.218
4997, 83.29166, 67.0698, 151.515, 0.0138491, -132.221
4998, 83.30000, 67.0692, 151.511, 0.0138503, -132.224
4999, 83.30833, 67.0686, 151.507, 0.0138516, -132.226
4999, 83.31667, 67.068, 151.503, 0.0138528, -132.229
5000, 83.32500, 67.0675, 151.499, 0.013854, -132.232
5000, 83.33334, 67.0669, 151.495, 0.0138552, -132.234
5001, 83.34167, 67.0664, 151.491, 0.0138565, -132.237
5001, 83.35000, 67.0659, 151.487, 0.0138577, -132.24
5002, 83.35833, 67.0655, 151.483, 0.013859, -132.243
5002, 83.36667, 67.065, 151.479, 0.0138602, -132.245
5003, 83.37500, 67.0646, 151.475, 0.0138615, -132.248
5003, 83.38333, 67.0642, 151.471, 0.0138627, -132.251
5004, 83.39167, 67.0638, 151.467, 0.013864, -132.253
5004, 83.40000, 67.0635, 151.463, 0.0138652, -132.256
5005, 83.40833, 67.0631, 151.459, 0.0138665, -132.259
5005, 83.41666, 67.0628, 151.455, 0.0138678, -132.261
5005, 83.42500, 67.0625, 151.451, 0.0138691, -132.264
5006, 83.43333, 67.0623, 151.447, 0.0138703, -132.267
5007, 83.44167, 67.062, 151.443, 0.0138716, -132.269
5007, 83.45000, 67.0618, 151.439, 0.0138729, -132.272
5008, 83.45834, 67.0616, 151.435, 0.0138742, -132.275
5008, 83.46667, 67.0614, 151.431, 0.0138755, -132.277
5009, 83.47500, 67.0613, 151.427, 0.0138768, -132.28
5009, 83.48333, 67.0611, 151.424, 0.0138782, -132.282
5010, 83.49167, 67.061, 151.42, 0.0138795, -132.285
5010, 83.50000, 67.0609, 151.416, 0.0138808, -132.288
5011, 83.50833, 67.0609, 151.412, 0.0138821, -132.29
5011, 83.51667, 67.0608, 151.408, 0.0138834, -132.293
5012, 83.52500, 67.0608, 151.404, 0.0138848, -132.295
5012, 83.53333, 67.0608, 151.4, 0.0138861, -132.298
5013, 83.54166, 67.0608, 151.396, 0.0138875, -132.3
5013, 83.55000, 67.0609, 151.392, 0.0138888, -132.303
5013, 83.55833, 67.0609, 151.388, 0.0138902, -132.306
5014, 83.56667, 67.061, 151.385, 0.0138915, -132.308
5015, 83.57500, 67.0611, 151.381, 0.0138929, -132.311
5015, 83.58334, 67.0613, 151.377, 0.0138943, -132.313
5016, 83.59167, 67.0614, 151.373, 0.0138956, -132.316
5016, 83.60000, 67.0616, 151.369, 0.013897, -132.318
5017, 83.60833, 67.0618, 151.365, 0.0138984, -132.321
5017, 83.61667, 67.062, 151.362, 0.0138998, -132.323
5018, 83.62500, 67.0623, 151.358, 0.0139012, -132.326
5018, 83.63333, 67.0625, 151.354, 0.0139025, -132.328
5019, 83.64167, 67.0628, 151.35, 0.0139039, -132.331
5019, 83.65000, 67.0631, 151.346, 0.0139054, -132.333
5020, 83.65833, 67.0634, 151.343, 0.0139068, -132.336
5020, 83.66666, 67.0638, 151.339, 0.0139082, -132.338
5021, 83.67500, 67.0642, 151.335, 0.0139096, -132.341
5021, 83.68333, 67.0646, 151.331, 0.013911, -132.343
5021, 83.69167, 67.065, 151.327, 0.0139124, -132.346
5022, 83.70000, 67.0654, 151.324, 0.0139139, -132.348
5023, 83.70834, 67.0659, 151.32, 0.0139153, -132.35
5023, 83.71667, 67.0663, 151.316, 0.0139167, -132.353
5024, 83.72500, 67.0668, 151.312, 0.0139182, -132.355
5024, 83.73333, 67.0674, 151.309, 0.0139196, -132.358
5025, 83.74167, 67.0679, 151.305, 0.0139211, -132.36
5025, 83.75000, 67.0685, 151.301, 0.0139225, -132.363
5026, 83.75833, 67.0691, 151.298, 0.013924, -132.365
5026, 83.76667, 67.0697, 151.294, 0.0139255, -132.367
5027, 83.77500, 67.0703, 151.29, 0.0139269, -132.37
5027, 83.78333, 67.071, 151.286, 0.0139284, -132.372
5028, 83.79166, 67.0716, 151.283, 0.0139299, -132.375
5028, 83.80000, 67.0723, 151.279, 0.0139314, -132.377
5029, 83.80833, 67.0731, 151.275, 0.0139329, -132.379
5029, 83.81667, 67.0738, 151.272, 0.0139344, -132.382
5029, 83.82500, 67.0746, 151.268, 0.0139359, -132.384
5030, 83.83334, 67.0753, 151.264, 0.0139374, -132.387
5031, 83.84167, 67.0761, 151.261, 0.0139389, -132.389
5031, 83.85000, 67.077, 151.257, 0.0139404, -132.391
5032, 83.85833, 67.0778, 151.253, 0.0139419, -132.394
5032, 83.86667, 67.0787, 151.25, 0.0139434, -132.396
5033, 83.87500, 67.0796, 151.246, 0.0139449, -132.398
5033, 83.88333, 67.0805, 151.242, 0.0139465, -132.401
5034, 83.89167, 67.0814, 151.239, 0.013948, -132.403
5034, 83.90000, 67.0824, 151.235, 0.0139495, -132.405
5035, 83.90833, 67.0834, 151.231, 0.0139511, -132.408
5035, 83.91666, 67.0843, 151.228, 0.0139526, -132.41
5036, 83.92500, 67.0854, 151.224, 0.0139542, -132.412
5036, 83.93333, 67.0864, 151.221, 0.0139557, -132.415
5037, 83.94167, 67.0875, 151.217, 0.0139573, -132.417
5037, 83.95000, 67.0885, 151.213, 0.0139589, -132.419
5037, 83.95834, 67.0897, 151.21, 0.0139604, -132.422
5038, 83.96667, 67.0908, 151.206, 0.013962, -132.424
5039, 83.97500, 67.0919, 151.203, 0.0139636, -132.426
5039, 83.98333, 67.0931, 151.199, 0.0139652, -132.428
5040, 83.99167, 67.0943, 151.196, 0.0139668, -132.431
5040, 84.00000, 67.0955, 151.192, 0.0139684, -132.433
5041, 84.00833, 67.0967, 151.188, 0.01397, -132.435
5041, 84.01667, 67.098, 151.185, 0.0139716, -132.437
5042, 84.02500, 67.0993, 151.181, 0.0139732, -132.44
5042, 84.03333, 67.1006, 151.178, 0.0139748, -132.442
5043, 84.04166, 67.1019, 151.174, 0.0139764, -132.444
5043, 84.05000, 67.1032, 151.171, 0.013978, -132.446
5044, 84.05833, 67.1046, 151.167, 0.0139796, -132.449
5044, 84.06667, 67.106, 151.164, 0.0139813, -132.451
5045, 84.07500, 67.1074, 151.16, 0.0139829, -132.453
5045, 84.08334, 67.1088, 151.157, 0.0139845, -132.455
5045, 84.09167, 67.1102, 151.153, 0.0139862, -132.458
5046, 84.10000, 67.1117, 151.15, 0.0139878, -132.46
5047, 84.10833, 67.1132, 151.146, 0.0139895, -132.462
5047, 84.11667, 67.1147, 151.143, 0.0139911, -132.464
5048, 84.12500, 67.1162, 151.139, 0.0139928, -132.466
5048, 84.13333, 67.1178, 151.136, 0.0139945, -132.469
5049, 84.14167, 67.1194, 151.132, 0.0139961, -132.471
5049, 84.15000, 67.121, 151.129, 0.0139978, -132.473
5050, 84.15833, 67.1226, 151.125, 0.0139995, -132.475
5050, 84.16666, 67.1242, 151.122, 0.0140012, -132.477
5051, 84.17500, 67.1259, 151.118, 0.0140029, -132.479
5051, 84.18333, 67.1275, 151.115, 0.0140045, -132.482
5052, 84.19167, 67.1293, 151.111, 0.0140062, -132.484
5052, 84.20000, 67.131, 151.108, 0.0140079, -132.486
5053, 84.20834, 67.1327, 151.104, 0.0140097, -132.488
5053, 84.21667, 67.1345, 151.101, 0.0140114, -132.49
5053, 84.22500, 67.1363, 151.097, 0.0140131, -132.492
5054, 84.23333, 67.1381, 151.094, 0.0140148, -132.495
5055, 84.24167, 67.1399, 151.091, 0.0140165, -132.497
5055, 84.25000, 67.1418, 151.087, 0.0140182, -132.499
5056, 84.25833, 67.1436, 151.084, 0.01402, -132.501
5056, 84.26667, 67.1455, 151.08, 0.0140217, -132.503
5057, 84.27500, 67.1474, 151.077, 0.0140235, -132.505
5057, 84.28333, 67.1494, 151.074, 0.0140252, -132.507
5058, 84.29166, 67.1513, 151.07, 0.014027, -132.509
5058, 84.30000, 67.1533, 151.067, 0.0140287, -132.512
5059, 84.30833, 67.1553, 151.063, 0.0140305, -132.514
5059, 84.31667, 67.1573, 151.06, 0.0140322, -132.516
5060, 84.32500, 67.1594, 151.057, 0.014034, -132.518
5060, 84.33334, 67.1614, 151.053, 0.0140358, -132.52
5061, 84.34167, 67.1635, 151.05, 0.0140376, -132.522
5061, 84.35000, 67.1656, 151.046, 0.0140393, -132.524
5061, 84.35833, 67.1677, 151.043, 0.0140411, -132.526
5062, 84.36667, 67.1699, 151.04, 0.0140429, -132.528
5063, 84.37500, 67.1721, 151.036, 0.0140447, -132.53
5063, 84.38333, 67.1742, 151.033, 0.0140465, -132.533
5064, 84.39167, 67.1765, 151.03, 0.0140483, -132.535
5064, 84.40000, 67.1787, 151.026, 0.0140501, -132.537
5065, 84.40833, 67.1809, 151.023, 0.0140519, -132.539
5065, 84.41666, 67.1832, 151.02, 0.0140538, -132.541
5066, 84.42500, 67.1855, 151.016, 0.0140556, -132.543
5066, 84.43333, 67.1878, 151.013, 0.0140574, -132.545
5066, 84.44167, 67.1902, 151.01, 0.0140592, -132.547
5067, 84.45000, 67.1925, 151.006, 0.0140611, -132.549
5068, 84.45834, 67.1949, 151.003, 0.0140629, -132.551
5068, 84.46667, 67.1973, 151, 0.0140648, -132.553
5069, 84.47500, 67.1997, 150.996, 0.0140666, -132.555
5069, 84.48333, 67.2022, 150.993, 0.0140685, -132.557
5069, 84.49167, 67.2046, 150.99, 0.0140703, -132.559
5070, 84.50000, 67.2071, 150.986, 0.0140722, -132.561
5071, 84.50833, 67.2096, 150.983, 0.0140741, -132.563
5071, 84.51667, 67.2122, 150.98, 0.0140759, -132.565
5072, 84.52500, 67.2147, 150.976, 0.0140778, -132.567
5072, 84.53333, 67.2173, 150.973, 0.0140797, -132.569
5073, 84.54166, 67.2199, 150.97, 0.0140816, -132.571
5073, 84.55000, 67.2225, 150.966, 0.0140835, -132.573
5074, 84.55833, 67.2251, 150.963, 0.0140854, -132.575
5074, 84.56667, 67.2278, 150.96, 0.0140873, -132.577
5074, 84.57500, 67.2304, 150.957, 0.0140892, -132.579
5075, 84.58334, 67.2331, 150.953, 0.0140911, -132.581
5076, 84.59167, 67.2359, 150.95, 0.014093, -132.583
5076, 84.60000, 67.2386, 150.947, 0.0140949, -132.585
5077, 84.60833, 67.2414, 150.944, 0.0140968, -132.587
5077, 84.61667, 67.2441, 150.94, 0.0140988, -132.589
5078, 84.62500, 67.2469, 150.937, 0.0141007, -132.591
5078, 84.63333, 67.2498, 150.934, 0.0141026, -132.593
5079, 84.64167, 67.2526, 150.93, 0.0141046, -132.595
5079, 84.65000, 67.2555, 150.927, 0.0141065, -132.597
5080, 84.65833, 67.2584, 150.924, 0.0141085, -132.599
5080, 84.66666, 67.2613, 150.921, 0.0141104, -132.601
5081, 84.67500, 67.2642, 150.918, 0.0141124, -132.603
5081, 84.68333, 67.2671, 150.914, 0.0141143, -132.605
5082, 84.69167, 67.2701, 150.911, 0.0141163, -132.607
5082, 84.70000, 67.2731, 150.908, 0.0141183, -132.609
5082, 84.70834, 67.2761, 150.905, 0.0141203, -132.611
5083, 84.71667, 67.2792, 150.901, 0.0141222, -132.613
5084, 84.72500, 67.2822, 150.898, 0.0141242, -132.615
5084, 84.73333, 67.2853, 150.895, 0.0141262, -132.617
5085, 84.74167, 67.2884, 150.892, 0.0141282, -132.619
5085, 84.75000, 67.2915, 150.888, 0.0141302, -132.621
5086, 84.75833, 67.2946, 150.885, 0.0141322, -132.623
5086, 84.76667, 67.2978, 150.882, 0.0141342, -132.625
5087, 84.77500, 67.301, 150.879, 0.0141362, -132.626
5087, 84.78333, 67.3042, 150.876, 0.0141383, -132.628
5088, 84.79166, 67.3074, 150.872, 0.0141403, -132.63
5088, 84.80000, 67.3106, 150.869, 0.0141423, -132.632
5089, 84.80833, 67.3139, 150.866, 0.0141443, -132.634
5089, 84.81667, 67.3172, 150.863, 0.0141464, -132.636
5090, 84.82500, 67.3205, 150.86, 0.0141484, -132.638
5090, 84.83334, 67.3238, 150.856, 0.0141505, -132.64
5090, 84.84167, 67.3272, 150.853, 0.0141525, -132.642
5091, 84.85000, 67.3306, 150.85, 0.0141546, -132.644
5092, 84.85833, 67.3339, 150.847, 0.0141566, -132.646
5092, 84.86667, 67.3374, 150.844, 0.0141587, -132.648
5093, 84.87500, 67.3408, 150.84, 0.0141608, -132.65
5093, 84.88333, 67.3442, 150.837, 0.0141628, -132.651
5094, 84.89167, 67.3477, 150.834, 0.0141649, -132.653
5094, 84.90000, 67.3512, 150.831, 0.014167, -132.655
5095, 84.90833, 67.3547, 150.828, 0.0141691, -132.657
5095, 84.91666, 67.3583, 150.825, 0.0141712, -132.659
5096, 84.92500, 67.3618, 150.821, 0.0141733, -132.661
5096, 84.93333, 67.3654, 150.818, 0.0141754, -132.663
5097, 84.94167, 67.369, 150.815, 0.0141775, -132.665
5097, 84.95000, 67.3726, 150.812, 0.0141796, -132.667
5098, 84.95834, 67.3763, 150.809, 0.0141817, -132.669
5098, 84.96667, 67.3799, 150.806, 0.0141838, -132.67
5098, 84.97500, 67.3836, 150.802, 0.0141859, -132.672
5099, 84.98333, 67.3873, 150.799, 0.0141881, -132.674
5100, 84.99167, 67.3911, 150.796, 0.0141902, -132.676
5100, 85.00000, 67.3948, 150.793, 0.0141923, -132.678
5101, 85.00833, 67.3986, 150.79, 0.0141945, -132.68
5101, 85.01667, 67.4024, 150.787, 0.0141966, -132.682
5102, 85.02500, 67.4062, 150.784, 0.0141988, -132.684
5102, 85.03333, 67.41, 150.78, 0.0142009, -132.685
5103, 85.04166, 67.4139, 150.777, 0.0142031, -132.687
5103, 85.05000, 67.4177, 150.774, 0.0142052, -132.689
5104, 85.05833, 67.4216, 150.771, 0.0142074, -132.691
5104, 85.06667, 67.4256, 150.768, 0.0142096, -132.693
5105, 85.07500, 67.4295, 150.765, 0.0142118, -132.695
5105, 85.08334, 67.4334, 150.762, 0.0142139, -132.697
5106, 85.09167, 67.4374, 150.758, 0.0142161, -132.699
5106, 85.10000, 67.4414, 150.755, 0.0142183, -132.7
5106, 85.10833, 67.4454, 150.752, 0.0142205, -132.702
5107, 85.11667, 67.4495, 150.749, 0.0142227, -132.704
5108, 85.12500, 67.4536, 150.746, 0.0142249, -132.706
5108, 85.13333, 67.4576, 150.743, 0.0142271, -132.708
5109, 85.14167, 67.4617, 150.74, 0.0142293, -132.71
5109, 85.15000, 67.4659, 150.737, 0.0142316, -132.712
5110, 85.15833, 67.47, 150.733, 0.0142338, -132.713
5110, 85.16666, 67.4742, 150.73, 0.014236, -132.715
5111, 85.17500, 67.4784, 150.727, 0.0142383, -132.717
5111, 85.18333, 67.4826, 150.724, 0.0142405, -132.719
5112, 85.19167, 67.4868, 150.721, 0.0142427, -132.721
5112, 85.20000, 67.4911, 150.718, 0.014245, -132.723
5113, 85.20834, 67.4953, 150.715, 0.0142472, -132.725
5113, 85.21667, 67.4996, 150.712, 0.0142495, -132.726
5114, 85.22500, 67.5039, 150.708, 0.0142517, -132.728
5114, 85.23333, 67.5083, 150.705, 0.014254, -132.73
5114, 85.24167, 67.5126, 150.702, 0.0142563, -132.732
5115, 85.25000, 67.517, 150.699, 0.0142586, -132.734
5116, 85.25833, 67.5214, 150.696, 0.0142608, -132.736
5116, 85.26667, 67.5258, 150.693, 0.0142631, -132.738
5117, 85.27500, 67.5303, 150.69, 0.0142654, -132.739
5117, 85.28333, 67.5347, 150.687, 0.0142677, -132.741
5118, 85.29166, 67.5392, 150.684, 0.01427, -132.743
5118, 85.30000, 67.5437, 150.68, 0.0142723, -132.745
5119, 85.30833, 67.5482, 150.677, 0.0142746, -132.747
5119, 85.31667, 67.5528, 150.674, 0.0142769, -132.749
5120, 85.32500, 67.5573, 150.671, 0.0142792, -132.75
5120, 85.33334, 67.5619, 150.668, 0.0142816, -132.752
5121, 85.34167, 67.5665, 150.665, 0.0142839, -132.754
5121, 85.35000, 67.5712, 150.662, 0.0142862, -132.756
5122, 85.35833, 67.5758, 150.659, 0.0142885, -132.758
5122, 85.36667, 67.5805, 150.656, 0.0142909, -132.76
5122, 85.37500, 67.5852, 150.653, 0.0142932, -132.762
5123, 85.38333, 67.5899, 150.65, 0.0142956, -132.763
5124, 85.39167, 67.5946, 150.646, 0.0142979, -132.765
5124, 85.40000, 67.5994, 150.643, 0.0143003, -132.767
5125, 85.40833, 67.6041, 150.64, 0.0143026, -132.769
5125, 85.41666, 67.6089, 150.637, 0.014305, -132.771
5126, 85.42500, 67.6138, 150.634, 0.0143074, -132.773
5126, 85.43333, 67.6186, 150.631, 0.0143098, -132.774
5127, 85.44167, 67.6235, 150.628, 0.0143121, -132.776
5127, 85.45000, 67.6283, 150.625, 0.0143145, -132.778
5128, 85.45834, 67.6332, 150.622, 0.0143169, -132.78
5128, 85.46667, 67.6382, 150.619, 0.0143193, -132.782
5129, 85.47500, 67.6431, 150.615, 0.0143217, -132.784
5129, 85.48333, 67.6481, 150.612, 0.0143241, -132.785
5130, 85.49167, 67.653, 150.609, 0.0143265, -132.787
5130, 85.50000, 67.658, 150.606, 0.0143289, -132.789
5130, 85.50833, 67.6631, 150.603, 0.0143314, -132.791
5131, 85.51667, 67.6681, 150.6, 0.0143338, -132.793
5132, 85.52500, 67.6732, 150.597, 0.0143362, -132.795
5132, 85.53333, 67.6783, 150.594, 0.0143386, -132.796
5133, 85.54166, 67.6834, 150.591, 0.0143411, -132.798
5133, 85.55000, 67.6885, 150.588, 0.0143435, -132.8
5134, 85.55833, 67.6937, 150.585, 0.014346, -132.802
5134, 85.56667, 67.6988, 150.581, 0.0143484, -132.804
5135, 85.57500, 67.704, 150.578, 0.0143509, -132.806
5135, 85.58334, 67.7092, 150.575, 0.0143533, -132.807
5136, 85.59167, 67.7145, 150.572, 0.0143558, -132.809
5136, 85.60000, 67.7197, 150.569, 0.0143583, -132.811
5137, 85.60833, 67.725, 150.566, 0.0143607, -132.813
5137, 85.61667, 67.7303, 150.563, 0.0143632, -132.815
5138, 85.62500, 67.7356, 150.56, 0.0143657, -132.817
5138, 85.63333, 67.741, 150.557, 0.0143682, -132.819
5138, 85.64167, 67.7463, 150.554, 0.0143707, -132.82
5139, 85.65000, 67.7517, 150.551, 0.0143732, -132.822
5140, 85.65833, 67.7571, 150.547, 0.0143757, -132.824
5140, 85.66666, 67.7625, 150.544, 0.0143782, -132.826
5141, 85.67500, 67.768, 150.541, 0.0143807, -132.828
5141, 85.68333, 67.7734, 150.538, 0.0143832, -132.83
5142, 85.69167, 67.7789, 150.535, 0.0143857, -132.831
5142, 85.70000, 67.7844, 150.532, 0.0143882, -132.833
5143, 85.70834, 67.79, 150.529, 0.0143908, -132.835
5143, 85.71667, 67.7955, 150.526, 0.0143933, -132.837
5144, 85.72500, 67.8011, 150.523, 0.0143958, -132.839
5144, 85.73333, 67.8067, 150.52, 0.0143984, -132.841
5145, 85.74167, 67.8123, 150.517, 0.0144009, -132.843
5145, 85.75000, 67.8179, 150.513, 0.0144035, -132.844
5146, 85.75833, 67.8236, 150.51, 0.014406, -132.846
5146, 85.76667, 67.8292, 150.507, 0.0144086, -132.848
5146, 85.77500, 67.8349, 150.504, 0.0144112, -132.85
5147, 85.78333, 67.8406, 150.501, 0.0144137, -132.852
5148, 85.79166, 67.8464, 150.498, 0.0144163, -132.854
5148, 85.80000, 67.8521, 150.495, 0.0144189, -132.855
5149, 85.80833, 67.8579, 150.492, 0.0144215, -132.857
5149, 85.81667, 67.8637, 150.489, 0.0144241, -132.859
5150, 85.82500, 67.8695, 150.486, 0.0144267, -132.861
5150, 85.83334, 67.8754, 150.482, 0.0144293, -132.863
5151, 85.84167, 67.8812, 150.479, 0.0144319, -132.865
5151, 85.85000, 67.8871, 150.476, 0.0144345, -132.867
5152, 85.85833, 67.893, 150.473, 0.0144371, -132.869
5152, 85.86667, 67.8989, 150.47, 0.0144397, -132.87
5153, 85.87500, 67.9049, 150.467, 0.0144423, -132.872
5153, 85.88333, 67.9108, 150.464, 0.014445, -132.874
5154, 85.89167, 67.9168, 150.461, 0.0144476, -132.876
5154, 85.90000, 67.9228, 150.458, 0.0144502, -132.878
5154, 85.90833, 67.9289, 150.454, 0.0144529, -132.88
5155, 85.91666, 67.9349, 150.451, 0.0144555, -132.882
5156, 85.92500, 67.941, 150.448, 0.0144582, -132.883
5156, 85.93333, 67.9471, 150.445, 0.0144608, -132.885
5157, 85.94167, 67.9532, 150.442, 0.0144635, -132.887
5157, 85.95000, 67.9593, 150.439, 0.0144661, -132.889
5158, 85.95834, 67.9655, 150.436, 0.0144688, -132.891
5158, 85.96667, 67.9717, 150.433, 0.0144715, -132.893
5159, 85.97500, 67.9779, 150.43, 0.0144742, -132.895
5159, 85.98333, 67.9841, 150.426, 0.0144769, -132.897
5160, 85.99167, 67.9903, 150.423, 0.0144795, -132.898
5160, 86.00000, 67.9966, 150.42, 0.0144822, -132.9
5161, 86.00833, 68.0028, 150.417, 0.0144849, -132.902
5161, 86.01667, 68.0091, 150.414, 0.0144876, -132.904
5162, 86.02500, 68.0155, 150.411, 0.0144903, -132.906
5162, 86.03333, 68.0218, 150.408, 0.0144931, -132.908
5162, 86.04166, 68.0282, 150.405, 0.0144958, -132.91
5163, 86.05000, 68.0346, 150.401, 0.0144985, -132.912
5164, 86.05833, 68.041, 150.398, 0.0145012, -132.914
5164, 86.06667, 68.0474, 150.395, 0.014504, -132.915
5165, 86.07500, 68.0538, 150.392, 0.0145067, -132.917
5165, 86.08334, 68.0603, 150.389, 0.0145094, -132.919
5166, 86.09167, 68.0668, 150.386, 0.0145122, -132.921
5166, 86.10000, 68.0733, 150.383, 0.0145149, -132.923
5167, 86.10833, 68.0798, 150.379, 0.0145177, -132.925
5167, 86.11667, 68.0864, 150.376, 0.0145204, -132.927
5168, 86.12500, 68.0929, 150.373, 0.0145232, -132.929
5168, 86.13333, 68.0995, 150.37, 0.014526, -132.931
5169, 86.14167, 68.1062, 150.367, 0.0145287, -132.933
5169, 86.15000, 68.1128, 150.364, 0.0145315, -132.935
5170, 86.15833, 68.1194, 150.361, 0.0145343, -132.936
5170, 86.16666, 68.1261, 150.357, 0.0145371, -132.938
5170, 86.17500, 68.1328, 150.354, 0.0145399, -132.94
5171, 86.18333, 68.1395, 150.351, 0.0145427, -132.942
5172, 86.19167, 68.1463, 150.348, 0.0145455, -132.944
5172, 86.20000, 68.153, 150.345, 0.0145483, -132.946
5173, 86.20834, 68.1598, 150.342, 0.0145511, -132.948
5173, 86.21667, 68.1666, 150.338, 0.0145539, -132.95
5174, 86.22500, 68.1734, 150.335, 0.0145567, -132.952
5174, 86.23333, 68.1803, 150.332, 0.0145596, -132.954
5175, 86.24167, 68.1871, 150.329, 0.0145624, -132.956
5175, 86.25000, 68.194, 150.326, 0.0145652, -132.958
5176, 86.25833, 68.2009, 150.323, 0.0145681, -132.96
5176, 86.26667, 68.2079, 150.319, 0.0145709, -132.962
5177, 86.27500, 68.2148, 150.316, 0.0145738, -132.964
5177, 86.28333, 68.2218, 150.313, 0.0145766, -132.965
5178, 86.29166, 68.2288, 150.31, 0.0145795, -132.967
5178, 86.30000, 68.2358, 150.307, 0.0145823, -132.969
5178, 86.30833, 68.2428, 150.304, 0.0145852, -132.971
5179, 86.31667, 68.2499, 150.3, 0.0145881, -132.973
5180, 86.32500, 68.257, 150.297, 0.014591, -132.975
5180, 86.33334, 68.264, 150.294, 0.0145938, -132.977
5181, 86.34167, 68.2712, 150.291, 0.0145967, -132.979
5181, 86.35000, 68.2783, 150.288, 0.0145996, -132.981
5182, 86.35833, 68.2855, 150.284, 0.0146025, -132.983
5182, 86.36667, 68.2926, 150.281, 0.0146054, -132.985
5183, 86.37500, 68.2998, 150.278, 0.0146083, -132.987
5183, 86.38333, 68.3071, 150.275, 0.0146112, -132.989
5184, 86.39167, 68.3143, 150.272, 0.0146142, -132.991
5184, 86.40000, 68.3216, 150.268, 0.0146171, -132.993
5185, 86.40833, 68.3288, 150.265, 0.01462, -132.995
5185, 86.41666, 68.3362, 150.262, 0.0146229, -132.997
5186, 86.42500, 68.3435, 150.259, 0.0146259, -132.999
5186, 86.43333, 68.3508, 150.255, 0.0146288, -133.001
5186, 86.44167, 68.3582, 150.252, 0.0146318, -133.003
5187, 86.45000, 68.3656, 150.249, 0.0146347, -133.005
5188, 86.45834, 68.373, 150.246, 0.0146377, -133.007
5188, 86.46667, 68.3804, 150.243, 0.0146406, -133.009
5189, 86.47500, 68.3879, 150.239, 0.0146436, -133.011
5189, 86.48333, 68.3954, 150.236, 0.0146465, -133.013
5190, 86.49167, 68.4028, 150.233, 0.0146495, -133.015
5190, 86.50000, 68.4104, 150.23, 0.0146525, -133.017
5191, 86.50833, 68.4179, 150.226, 0.0146555, -133.019
5191, 86.51667, 68.4255, 150.223, 0.0146585, -133.021
5191, 86.52500, 68.433, 150.22, 0.0146615, -133.023
5192, 86.53333, 68.4406, 150.217, 0.0146645, -133.025
5193, 86.54166, 68.4483, 150.213, 0.0146675, -133.027
5193, 86.55000, 68.4559, 150.21, 0.0146705, -133.029
5194, 86.55833, 68.4636, 150.207, 0.0146735, -133.031
5194, 86.56667, 68.4712, 150.204, 0.0146765, -133.033
5194, 86.57500, 68.479, 150.2, 0.0146795, -133.035
5195, 86.58334, 68.4867, 150.197, 0.0146826, -133.037
5196, 86.59167, 68.4944, 150.194, 0.0146856, -133.039
5196, 86.60000, 68.5022, 150.191, 0.0146886, -133.041
5197, 86.60833, 68.51, 150.187, 0.0146917, -133.043
5197, 86.61667, 68.5178, 150.184, 0.0146947, -133.045
5198, 86.62500, 68.5256, 150.181, 0.0146978, -133.048
5198, 86.63333, 68.5335, 150.177, 0.0147008, -133.05
5199, 86.64167, 68.5413, 150.174, 0.0147039, -133.052
5199, 86.65000, 68.5492, 150.171, 0.0147069, -133.054
5199, 86.65833, 68.5572, 150.168, 0.01471, -133.056
5200, 86.66666, 68.5651, 150.164, 0.0147131, -133.058
5201, 86.67500, 68.573, 150.161, 0.0147162, -133.06
5201, 86.68333, 68.581, 150.158, 0.0147193, -133.062
5202, 86.69167, 68.589, 150.154, 0.0147223, -133.064
5202, 86.70000, 68.597, 150.151, 0.0147254, -133.066
5203, 86.70834, 68.6051, 150.148, 0.0147285, -133.068
5203, 86.71667, 68.6132, 150.144, 0.0147316, -133.07
5204, 86.72500, 68.6212, 150.141, 0.0147347, -133.072
5204, 86.73333, 68.6293, 150.138, 0.0147379, -133.075
5205, 86.74167, 68.6375, 150.135, 0.014741, -133.077
5205, 86.75000, 68.6456, 150.131, 0.0147441, -133.079
5206, 86.75833, 68.6538, 150.128, 0.0147472, -133.081
5206, 86.76667, 68.662, 150.125, 0.0147504, -133.083
5207, 86.77500, 68.6702, 150.121, 0.0147535, -133.085
5207, 86.78333, 68.6784, 150.118, 0.0147566, -133.087
5207, 86.79166, 68.6867, 150.115, 0.0147598, -133.089
5208, 86.80000, 68.6949, 150.111, 0.0147629, -133.091
5209, 86.80833, 68.7032, 150.108, 0.0147661, -133.094
5209, 86.81667, 68.7115, 150.104, 0.0147693, -133.096
5210, 86.82500, 68.7199, 150.101, 0.0147724, -133.098
5210, 86.83334, 68.7282, 150.098, 0.0147756, -133.1
5211, 86.84167, 68.7366, 150.094, 0.0147788, -133.102
5211, 86.85000, 68.745, 150.091, 0.014782, -133.104
5212, 86.85833, 68.7534, 150.088, 0.0147852, -133.106
5212, 86.86667, 68.7619, 150.084, 0.0147883, -133.109
5213, 86.87500, 68.7704, 150.081, 0.0147915, -133.111
5213, 86.88333, 68.7788, 150.078, 0.0147947, -133.113
5214, 86.89167, 68.7873, 150.074, 0.014798, -133.115
5214, 86.90000, 68.7959, 150.071, 0.0148012, -133.117
5215, 86.90833, 68.8044, 150.067, 0.0148044, -133.119
5215, 86.91666, 68.813, 150.064, 0.0148076, -133.122
5215, 86.92500, 68.8216, 150.061, 0.0148108, -133.124
5216, 86.93333, 68.8302, 150.057, 0.0148141, -133.126
5217, 86.94167, 68.8388, 150.054, 0.0148173, -133.128
5217, 86.95000, 68.8475, 150.05, 0.0148205, -133.13
5218, 86.95834, 68.8562, 150.047, 0.0148238, -133.133
5218, 86.96667, 68.8649, 150.044, 0.014827, -133.135
5219, 86.97500, 68.8736, 150.04, 0.0148303, -133.137
5219, 86.98333, 68.8823, 150.037, 0.0148336, -133.139
5220, 86.99167, 68.8911, 150.033, 0.0148368, -133.141
5220, 87.00000, 68.8999, 150.03, 0.0148401, -133.144
5221, 87.00833, 68.9087, 150.026, 0.0148434, -133.146
5221, 87.01667, 68.9175, 150.023, 0.0148466, -133.148
5222, 87.02500, 68.9263, 150.02, 0.0148499, -133.15
5222, 87.03333, 68.9352, 150.016, 0.0148532, -133.153
5223, 87.04166, 68.9441, 150.013, 0.0148565, -133.155
5223, 87.05000, 68.953, 150.009, 0.0148598, -133.157
5223, 87.05833, 68.9619, 150.006, 0.0148631, -133.159
5224, 87.06667, 68.9709, 150.002, 0.0148664, -133.162
5225, 87.07500, 68.9799, 149.999, 0.0148698, -133.164
5225, 87.08334, 68.9889, 149.995, 0.0148731, -133.166
5226, 87.09167, 68.9979, 149.992, 0.0148764, -133.168
5226, 87.10000, 69.0069, 149.988, 0.0148797, -133.171
5227, 87.10833, 69.016, 149.985, 0.0148831, -133.173
5227, 87.11667, 69.0251, 149.981, 0.0148864, -133.175
5228, 87.12500, 69.0342, 149.978, 0.0148897, -133.177
5228, 87.13333, 69.0433, 149.974, 0.0148931, -133.18
5229, 87.14167, 69.0524, 149.971, 0.0148965, -133.182
5229, 87.15000, 69.0616, 149.967, 0.0148998, -133.184
5230, 87.15833, 69.0708, 149.964, 0.0149032, -133.187
5230, 87.16666, 69.08, 149.96, 0.0149065, -133.189
5231, 87.17500, 69.0892, 149.957, 0.0149099, -133.191
5231, 87.18333, 69.0985, 149.953, 0.0149133, -133.194
5231, 87.19167, 69.1078, 149.95, 0.0149167, -133.196
5232, 87.20000, 69.1171, 149.946, 0.0149201, -133.198
5233, 87.20834, 69.1264, 149.943, 0.0149235, -133.2
5233, 87.21667, 69.1357, 149.939, 0.0149269, -133.203
5234, 87.22500, 69.1451, 149.936, 0.0149303, -133.205
5234, 87.23333, 69.1544, 149.932, 0.0149337, -133.207
5235, 87.24167, 69.1638, 149.929, 0.0149371, -133.21
5235, 87.25000, 69.1733, 149.925, 0.0149405, -133.212
5236, 87.25833, 69.1827, 149.922, 0.014944, -133.215
5236, 87.26667, 69.1922, 149.918, 0.0149474, -133.217
5237, 87.27500, 69.2017, 149.914, 0.0149508, -133.219
5237, 87.28333, 69.2112, 149.911, 0.0149543, -133.222
5238, 87.29166, 69.2207, 149.907, 0.0149577, -133.224
5238, 87.30000, 69.2303, 149.904, 0.0149612, -133.226
5239, 87.30833, 69.2398, 149.9, 0.0149646, -133.229
5239, 87.31667, 69.2494, 149.897, 0.0149681, -133.231
5239, 87.32500, 69.259, 149.893, 0.0149715, -133.234
5240, 87.33334, 69.2687, 149.889, 0.014975, -133.236
5241, 87.34167, 69.2783, 149.886, 0.0149785, -133.238
5241, 87.35000, 69.288, 149.882, 0.014982, -133.241
5242, 87.35833, 69.2977, 149.879, 0.0149854, -133.243
5242, 87.36667, 69.3075, 149.875, 0.0149889, -133.246
5243, 87.37500, 69.3172, 149.871, 0.0149924, -133.248
5243, 87.38333, 69.327, 149.868, 0.0149959, -133.25
5244, 87.39167, 69.3368, 149.864, 0.0149994, -133.253
5244, 87.40000, 69.3466, 149.86, 0.015003, -133.255
5245, 87.40833, 69.3564, 149.857, 0.0150065, -133.258
5245, 87.41666, 69.3663, 149.853, 0.01501, -133.26
5246, 87.42500, 69.3761, 149.849, 0.0150135, -133.263
5246, 87.43333, 69.386, 149.846, 0.015017, -133.265
5247, 87.44167, 69.3959, 149.842, 0.0150206, -133.268
5247, 87.45000, 69.4059, 149.838, 0.0150241, -133.27
5247, 87.45834, 69.4158, 149.835, 0.0150277, -133.272
5248, 87.46667, 69.4258, 149.831, 0.0150312, -133.275
5249, 87.47500, 69.4358, 149.827, 0.0150348, -133.277
5249, 87.48333, 69.4459, 149.824, 0.0150383, -133.28
5250, 87.49167, 69.4559, 149.82, 0.0150419, -133.282
5250, 87.50000, 69.466, 149.816, 0.0150455, -133.285
5251, 87.50833, 69.4761, 149.813, 0.0150491, -133.287
5251, 87.51667, 69.4862, 149.809, 0.0150526, -133.29
5252, 87.52500, 69.4963, 149.805, 0.0150562, -133.292
5252, 87.53333, 69.5065, 149.802, 0.0150598, -133.295
5253, 87.54166, 69.5167, 149.798, 0.0150634, -133.297
5253, 87.55000, 69.5269, 149.794, 0.015067, -133.3
5254, 87.55833, 69.5371, 149.79, 0.0150706, -133.302
5254, 87.56667, 69.5473, 149.787, 0.0150742, -133.305
5255, 87.57500, 69.5576, 149.783, 0.0150779, -133.308
5255, 87.58334, 69.5679, 149.779, 0.0150815, -133.31
5255, 87.59167, 69.5782, 149.775, 0.0150851, -133.313
5256, 87.60000, 69.5885, 149.772, 0.0150887, -133.315
5257, 87.60833, 69.5989, 149.768, 0.0150924, -133.318
5257, 87.61667, 69.6092, 149.764, 0.015096, -133.32
5258, 87.62500, 69.6196, 149.76, 0.0150997, -133.323
5258, 87.63333, 69.6301, 149.757, 0.0151033, -133.326
5259, 87.64167, 69.6405, 149.753, 0.015107, -133.328
5259, 87.65000, 69.651, 149.749, 0.0151107, -133.331
5260, 87.65833, 69.6614, 149.745, 0.0151143, -133.333
5260, 87.66666, 69.672, 149.741, 0.015118, -133.336
5261, 87.67500, 69.6825, 149.738, 0.0151217, -133.338
5261, 87.68333, 69.693, 149.734, 0.0151254, -133.341
5262, 87.69167, 69.7036, 149.73, 0.015129, -133.344
5262, 87.70000, 69.7142, 149.726, 0.0151327, -133.346
5263, 87.70834, 69.7248, 149.722, 0.0151364, -133.349
5263, 87.71667, 69.7355, 149.719, 0.0151402, -133.352
5263, 87.72500, 69.7461, 149.715, 0.0151439, -133.354
5264, 87.73333, 69.7568, 149.711, 0.0151476, -133.357
5265, 87.74167, 69.7675, 149.707, 0.0151513, -133.36
5265, 87.75000, 69.7782, 149.703, 0.015155, -133.362
5266, 87.75833, 69.789, 149.699, 0.0151588, -133.365
5266, 87.76667, 69.7997, 149.695, 0.0151625, -133.368
5267, 87.77500, 69.8105, 149.692, 0.0151662, -133.37
5267, 87.78333, 69.8213, 149.688, 0.01517, -133.373
5268, 87.79166, 69.8322, 149.684, 0.0151737, -133.376
5268, 87.80000, 69.843, 149.68, 0.0151775, -133.378
5269, 87.80833, 69.8539, 149.676, 0.0151813, -133.381
5269, 87.81667, 69.8648, 149.672, 0.015185, -133.384
5270, 87.82500, 69.8757, 149.668, 0.0151888, -133.386
5270, 87.83334, 69.8867, 149.664, 0.0151926, -133.389
5271, 87.84167, 69.8976, 149.66, 0.0151964, -133.392
5271, 87.85000, 69.9086, 149.657, 0.0152002, -133.395
5271, 87.85833, 69.9196, 149.653, 0.0152039, -133.397
5272, 87.86667, 69.9307, 149.649, 0.0152077, -133.4
5273, 87.87500, 69.9417, 149.645, 0.0152116, -133.403
5273, 87.88333, 69.9528, 149.641, 0.0152154, -133.406
5274, 87.89167, 69.9639, 149.637, 0.0152192, -133.408
5274, 87.90000, 69.975, 149.633, 0.015223, -133.411
5275, 87.90833, 69.9862, 149.629, 0.0152268, -133.414
5275, 87.91666, 69.9973, 149.625, 0.0152307, -133.417
5276, 87.92500, 70.0085, 149.621, 0.0152345, -133.419
5276, 87.93333, 70.0197, 149.617, 0.0152383, -133.422
5277, 87.94167, 70.031, 149.613, 0.0152422, -133.425
5277, 87.95000, 70.0422, 149.609, 0.015246, -133.428
5278, 87.95834, 70.0535, 149.605, 0.0152499, -133.431
5278, 87.96667, 70.0648, 149.601, 0.0152538, -133.433
5279, 87.97500, 70.0761, 149.597, 0.0152576, -133.436
5279, 87.98333, 70.0875, 149.593, 0.0152615, -133.439
5279, 87.99167, 70.0988, 149.589, 0.0152654, -133.442
5280, 88.00000, 70.1102, 149.585, 0.0152693, -133.445
5281, 88.00833, 70.1216, 149.581, 0.0152732, -133.448
5281, 88.01667, 70.133, 149.577, 0.015277, -133.45
5282, 88.02500, 70.1445, 149.573, 0.0152809, -133.453
5282, 88.03333, 70.156, 149.569, 0.0152849, -133.456
5283, 88.04166, 70.1675, 149.565, 0.0152888, -133.459
5283, 88.05000, 70.179, 149.561, 0.0152927, -133.462
5284, 88.05833, 70.1905, 149.557, 0.0152966, -133.465
5284, 88.06667, 70.2021, 149.553, 0.0153005, -133.468
5285, 88.07500, 70.2137, 149.549, 0.0153045, -133.471
5285, 88.08334, 70.2253, 149.544, 0.0153084, -133.474
5286, 88.09167, 70.2369, 149.54, 0.0153123, -133.476
5286, 88.10000, 70.2486, 149.536, 0.0153163, -133.479
5287, 88.10833, 70.2603, 149.532, 0.0153202, -133.482
5287, 88.11667, 70.272, 149.528, 0.0153242, -133.485
5287, 88.12500, 70.2837, 149.524, 0.0153282, -133.488
5288, 88.13333, 70.2954, 149.52, 0.0153321, -133.491
5289, 88.14167, 70.3072, 149.516, 0.0153361, -133.494
5289, 88.15000, 70.319, 149.512, 0.0153401, -133.497
5290, 88.15833, 70.3308, 149.507, 0.0153441, -133.5
5290, 88.16666, 70.3427, 149.503, 0.0153481, -133.503
5291, 88.17500, 70.3545, 149.499, 0.0153521, -133.506
5291, 88.18333, 70.3664, 149.495, 0.0153561, -133.509
5292, 88.19167, 70.3783, 149.491, 0.0153601, -133.512
5292, 88.20000, 70.3902, 149.487, 0.0153641, -133.515
5293, 88.20834, 70.4022, 149.482, 0.0153681, -133.518
5293, 88.21667, 70.4141, 149.478, 0.0153721, -133.521
5294, 88.22500, 70.4261, 149.474, 0.0153762, -133.524
5294, 88.23333, 70.4381, 149.47, 0.0153802, -133.527
5295, 88.24167, 70.4502, 149.466, 0.0153842, -133.53
5295, 88.25000, 70.4622, 149.461, 0.0153883, -133.533
5295, 88.25833, 70.4743, 149.457, 0.0153923, -133.536
5296, 88.26667, 70.4864, 149.453, 0.0153964, -133.539
5297, 88.27500, 70.4986, 149.449, 0.0154004, -133.542
5297, 88.28333, 70.5107, 149.444, 0.0154045, -133.545
5298, 88.29166, 70.5229, 149.44, 0.0154086, -133.548
5298, 88.30000, 70.5351, 149.436, 0.0154127, -133.551
5299, 88.30833, 70.5473, 149.432, 0.0154168, -133.554
5299, 88.31667, 70.5596, 149.427, 0.0154208, -133.558
5300, 88.32500, 70.5718, 149.423, 0.0154249, -133.561
5300, 88.33334, 70.5841, 149.419, 0.015429, -133.564
5301, 88.34167, 70.5964, 149.415, 0.0154331, -133.567
5301, 88.35000, 70.6088, 149.41, 0.0154373, -133.57
5302, 88.35833, 70.6211, 149.406, 0.0154414, -133.573
5302, 88.36667, 70.6335, 149.402, 0.0154455, -133.576
5303, 88.37500, 70.6459, 149.397, 0.0154496, -133.579
5303, 88.38333, 70.6583, 149.393, 0.0154538, -133.583
5303, 88.39167, 70.6708, 149.389, 0.0154579, -133.586
5304, 88.40000, 70.6832, 149.384, 0.015462, -133.589
5305, 88.40833, 70.6957, 149.38, 0.0154662, -133.592
5305, 88.41666, 70.7082, 149.376, 0.0154703, -133.595
5306, 88.42500, 70.7208, 149.371, 0.0154745, -133.598
5306, 88.43333, 70.7333, 149.367, 0.0154787, -133.602
5307, 88.44167, 70.7459, 149.363, 0.0154828, -133.605
5307, 88.45000, 70.7585, 149.358, 0.015487, -133.608
5308, 88.45834, 70.7712, 149.354, 0.0154912, -133.611
5308, 88.46667, 70.7838, 149.349, 0.0154954, -133.614
5309, 88.47500, 70.7965, 149.345, 0.0154996, -133.618
5309, 88.48333, 70.8092, 149.341, 0.0155038, -133.621
5310, 88.49167, 70.8219, 149.336, 0.015508, -133.624
5310, 88.50000, 70.8347, 149.332, 0.0155122, -133.627
5311, 88.50833, 70.8474, 149.327, 0.0155164, -133.631
5311, 88.51667, 70.8602, 149.323, 0.0155206, -133.634
5311, 88.52500, 70.8731, 149.318, 0.0155249, -133.637
5312, 88.53333, 70.8859, 149.314, 0.0155291, -133.641
5313, 88.54166, 70.8988, 149.309, 0.0155333, -133.644
5313, 88.55000, 70.9116, 149.305, 0.0155376, -133.647
5314, 88.55833, 70.9245, 149.301, 0.0155418, -133.65
5314, 88.56667, 70.9375, 149.296, 0.0155461, -133.654
5315, 88.57500, 70.9504, 149.292, 0.0155503, -133.657
5315, 88.58334, 70.9634, 149.287, 0.0155546, -133.66
5316, 88.59167, 70.9764, 149.283, 0.0155589, -133.664
5316, 88.60000, 70.9894, 149.278, 0.0155632, -133.667
5316, 88.60833, 71.0025, 149.274, 0.0155674, -133.67
5317, 88.61667, 71.0155, 149.269, 0.0155717, -133.674
5318, 88.62500, 71.0286, 149.264, 0.015576, -133.677
5318, 88.63333, 71.0418, 149.26, 0.0155803, -133.68
5319, 88.64167, 71.0549, 149.255, 0.0155846, -133.684
5319, 88.65000, 71.0681, 149.251, 0.0155889, -133.687
5319, 88.65833, 71.0812, 149.246, 0.0155933, -133.691
5320, 88.66666, 71.0945, 149.242, 0.0155976, -133.694
5321, 88.67500, 71.1077, 149.237, 0.0156019, -133.697
5321, 88.68333, 71.1209, 149.233, 0.0156062, -133.701
5322, 88.69167, 71.1342, 149.228, 0.0156106, -133.704
5322, 88.70000, 71.1475, 149.223, 0.0156149, -133.708
5323, 88.70834, 71.1609, 149.219, 0.0156193, -133.711
5323, 88.71667, 71.1742, 149.214, 0.0156236, -133.715
5324, 88.72500, 71.1876, 149.209, 0.015628, -133.718
5324, 88.73333, 71.201, 149.205, 0.0156324, -133.722
5324, 88.74167, 71.2144, 149.2, 0.0156367, -133.725
5325, 88.75000, 71.2278, 149.196, 0.0156411, -133.729
5326, 88.75833, 71.2413, 149.191, 0.0156455, -133.732
5326, 88.76667, 71.2548, 149.186, 0.0156499, -133.736
5327, 88.77500, 71.2683, 149.182, 0.0156543, -133.739
5327, 88.78333, 71.2819, 149.177, 0.0156587, -133.743
5328, 88.79166, 71.2954, 149.172, 0.0156631, -133.746
5328, 88.80000, 71.309, 149.167, 0.0156675, -133.75
5329, 88.80833, 71.3226, 149.163, 0.0156719, -133.753
5329, 88.81667, 71.3363, 149.158, 0.0156764, -133.757
5330, 88.82500, 71.3499, 149.153, 0.0156808, -133.76
5330, 88.83334, 71.3636, 149.149, 0.0156852, -133.764
5331, 88.84167, 71.3773, 149.144, 0.0156897, -133.767
5331, 88.85000, 71.391, 149.139, 0.0156941, -133.771
5332, 88.85833, 71.4048, 149.134, 0.0156986, -133.775
5332, 88.86667, 71.4185, 149.13, 0.015703, -133.778
5332, 88.87500, 71.4323, 149.125, 0.0157075, -133.782
5333, 88.88333, 71.4462, 149.12, 0.015712, -133.785
5334, 88.89167, 71.46, 149.115, 0.0157164, -133.789
5334, 88.90000, 71.4739, 149.111, 0.0157209, -133.793
5335, 88.90833, 71.4878, 149.106, 0.0157254, -133.796
5335, 88.91666, 71.5017, 149.101, 0.0157299, -133.8
5336, 88.92500, 71.5156, 149.096, 0.0157344, -133.804
5336, 88.93333, 71.5296, 149.091, 0.0157389, -133.807
5337, 88.94167, 71.5436, 149.086, 0.0157434, -133.811
5337, 88.95000, 71.5576, 149.082, 0.0157479, -133.815
5338, 88.95834, 71.5716, 149.077, 0.0157525, -133.818
5338, 88.96667, 71.5857, 149.072, 0.015757, -133.822
5339, 88.97500, 71.5998, 149.067, 0.0157615, -133.826
5339, 88.98333, 71.6139, 149.062, 0.0157661, -133.829
5340, 88.99167, 71.628, 149.057, 0.0157706, -133.833
5340, 89.00000, 71.6422, 149.052, 0.0157752, -133.837
5340, 89.00833, 71.6564, 149.047, 0.0157797, -133.841
5341, 89.01667, 71.6706, 149.043, 0.0157843, -133.844
5342, 89.02500, 71.6848, 149.038, 0.0157889, -133.848
5342, 89.03333, 71.6991, 149.033, 0.0157934, -133.852
5343, 89.04166, 71.7133, 149.028, 0.015798, -133.856
5343, 89.05000, 71.7276, 149.023, 0.0158026, -133.86
5344, 89.05833, 71.742, 149.018, 0.0158072, -133.863
5344, 89.06667, 71.7563, 149.013, 0.0158118, -133.867
5345, 89.07500, 71.7707, 149.008, 0.0158164, -133.871
5345, 89.08334, 71.7851, 149.003, 0.015821, -133.875
5346, 89.09167, 71.7995, 148.998, 0.0158256, -133.879
5346, 89.10000, 71.8139, 148.993, 0.0158303, -133.882
5347, 89.10833, 71.8284, 148.988, 0.0158349, -133.886
5347, 89.11667, 71.8429, 148.983, 0.0158395, -133.89
5348, 89.12500, 71.8574, 148.978, 0.0158442, -133.894
5348, 89.13333, 71.872, 148.973, 0.0158488, -133.898
5348, 89.14167, 71.8865, 148.968, 0.0158535, -133.902
5349, 89.15000, 71.9011, 148.963, 0.0158581, -133.906
5350, 89.15833, 71.9157, 148.958, 0.0158628, -133.91
5350, 89.16666, 71.9304, 148.953, 0.0158675, -133.913
5351, 89.17500, 71.9451, 148.948, 0.0158722, -133.917
5351, 89.18333, 71.9597, 148.943, 0.0158768, -133.921
5352, 89.19167, 71.9745, 148.937, 0.0158815, -133.925
5352, 89.20000, 71.9892, 148.932, 0.0158862, -133.929
5353, 89.20834, 72.004, 148.927, 0.0158909, -133.933
5353, 89.21667, 72.0187, 148.922, 0.0158956, -133.937
5354, 89.22500, 72.0336, 148.917, 0.0159003, -133.941
5354, 89.23333, 72.0484, 148.912, 0.0159051, -133.945
5355, 89.24167, 72.0633, 148.907, 0.0159098, -133.949
5355, 89.25000, 72.0781, 148.902, 0.0159145, -133.953
5356, 89.25833, 72.093, 148.896, 0.0159193, -133.957
5356, 89.26667, 72.108, 148.891, 0.015924, -133.961
5356, 89.27500, 72.1229, 148.886, 0.0159287, -133.965
5357, 89.28333, 72.1379, 148.881, 0.0159335, -133.969
5358, 89.29166, 72.1529, 148.876, 0.0159383, -133.973
5358, 89.30000, 72.168, 148.87, 0.015943, -133.977
5359, 89.30833, 72.183, 148.865, 0.0159478, -133.981
5359, 89.31667, 72.1981, 148.86, 0.0159526, -133.985
5360, 89.32500, 72.2132, 148.855, 0.0159574, -133.989
5360, 89.33334, 72.2284, 148.85, 0.0159622, -133.994
5361, 89.34167, 72.2435, 148.844, 0.015967, -133.998
5361, 89.35000, 72.2587, 148.839, 0.0159718, -134.002
5362, 89.35833, 72.2739, 148.834, 0.0159766, -134.006
5362, 89.36667, 72.2891, 148.828, 0.0159814, -134.01
5363, 89.37500, 72.3044, 148.823, 0.0159862, -134.014
5363, 89.38333, 72.3197, 148.818, 0.015991, -134.018
5364, 89.39167, 72.335, 148.813, 0.0159959, -134.023
5364, 89.40000, 72.3503, 148.807, 0.0160007, -134.027
5364, 89.40833, 72.3657, 148.802, 0.0160056, -134.031
5365, 89.41666, 72.381, 148.797, 0.0160104, -134.035
5366, 89.42500, 72.3964, 148.791, 0.0160153, -134.039
5366, 89.43333, 72.4119, 148.786, 0.0160201, -134.043
5367, 89.44167, 72.4273, 148.781, 0.016025, -134.048
5367, 89.45000, 72.4428, 148.775, 0.0160299, -134.052
5368, 89.45834, 72.4583, 148.77, 0.0160348, -134.056
5368, 89.46667, 72.4739, 148.764, 0.0160397, -134.06
5369, 89.47500, 72.4894, 148.759, 0.0160446, -134.065
5369, 89.48333, 72.505, 148.754, 0.0160495, -134.069
5370, 89.49167, 72.5206, 148.748, 0.0160544, -134.073
5370, 89.50000, 72.5362, 148.743, 0.0160593, -134.078
5371, 89.50833, 72.5519, 148.737, 0.0160642, -134.082
5371, 89.51667, 72.5676, 148.732, 0.0160691, -134.086
5372, 89.52500, 72.5833, 148.726, 0.0160741, -134.09
5372, 89.53333, 72.599, 148.721, 0.016079, -134.095
5372, 89.54166, 72.6148, 148.715, 0.016084, -134.099
5373, 89.55000, 72.6305, 148.71, 0.0160889, -134.103
5374, 89.55833, 72.6464, 148.704, 0.0160939, -134.108
5374, 89.56667, 72.6622, 148.699, 0.0160988, -134.112
5375, 89.57500, 72.678, 148.693, 0.0161038, -134.117
5375, 89.58334, 72.6939, 148.688, 0.0161088, -134.121
5376, 89.59167, 72.7098, 148.682, 0.0161138, -134.125
5376, 89.60000, 72.7258, 148.677, 0.0161187, -134.13
5377, 89.60833, 72.7417, 148.671, 0.0161237, -134.134
5377, 89.61667, 72.7577, 148.666, 0.0161287, -134.139
5378, 89.62500, 72.7737, 148.66, 0.0161338, -134.143
5378, 89.63333, 72.7898, 148.654, 0.0161388, -134.147
5379, 89.64167, 72.8058, 148.649, 0.0161438, -134.152
5379, 89.65000, 72.8219, 148.643, 0.0161488, -134.156
5380, 89.65833, 72.838, 148.638, 0.0161539, -134.161
5380, 89.66666, 72.8542, 148.632, 0.0161589, -134.165
5380, 89.67500, 72.8703, 148.626, 0.0161639, -134.17
5381, 89.68333, 72.8865, 148.621, 0.016169, -134.174
5382, 89.69167, 72.9028, 148.615, 0.0161741, -134.179
5382, 89.70000, 72.919, 148.609, 0.0161791, -134.183
5383, 89.70834, 72.9353, 148.604, 0.0161842, -134.188
5383, 89.71667, 72.9516, 148.598, 0.0161893, -134.193
5384, 89.72500, 72.9679, 148.592, 0.0161944, -134.197
5384, 89.73333, 72.9842, 148.587, 0.0161994, -134.202
5385, 89.74167, 73.0006, 148.581, 0.0162045, -134.206
5385, 89.75000, 73.017, 148.575, 0.0162096, -134.211
5386, 89.75833, 73.0334, 148.569, 0.0162148, -134.215
5386, 89.76667, 73.0499, 148.564, 0.0162199, -134.22
5387, 89.77500, 73.0663, 148.558, 0.016225, -134.225
5387, 89.78333, 73.0828, 148.552, 0.0162301, -134.229
5388, 89.79166, 73.0994, 148.546, 0.0162353, -134.234
5388, 89.80000, 73.1159, 148.54, 0.0162404, -134.239
5388, 89.80833, 73.1325, 148.535, 0.0162456, -134.243
5389, 89.81667, 73.1491, 148.529, 0.0162507, -134.248
5390, 89.82500, 73.1657, 148.523, 0.0162559, -134.253
5390, 89.83334, 73.1824, 148.517, 0.016261, -134.257
5391, 89.84167, 73.1991, 148.511, 0.0162662, -134.262
5391, 89.85000, 73.2158, 148.505, 0.0162714, -134.267
5392, 89.85833, 73.2325, 148.5, 0.0162766, -134.272
5392, 89.86667, 73.2493, 148.494, 0.0162818, -134.276
5393, 89.87500, 73.2661, 148.488, 0.016287, -134.281
5393, 89.88333, 73.2829, 148.482, 0.0162922, -134.286
5394, 89.89167, 73.2997, 148.476, 0.0162974, -134.291
5394, 89.90000, 73.3166, 148.47, 0.0163026, -134.295
5395, 89.90833, 73.3335, 148.464, 0.0163078, -134.3
5395, 89.91666, 73.3504, 148.458, 0.0163131, -134.305
5396, 89.92500, 73.3673, 148.452, 0.0163183, -134.31
5396, 89.93333, 73.3843, 148.446, 0.0163236, -134.315
5396, 89.94167, 73.4013, 148.44, 0.0163288, -134.32
5397, 89.95000, 73.4183, 148.434, 0.0163341, -134.324
5398, 89.95834, 73.4354, 148.428, 0.0163393, -134.329
5398, 89.96667, 73.4525, 148.422, 0.0163446, -134.334
5399, 89.97500, 73.4696, 148.416, 0.0163499, -134.339
5399, 89.98333, 73.4867, 148.41, 0.0163552, -134.344
5400, 89.99167, 73.5038, 148.404, 0.0163605, -134.349
5400, 90.00000, 73.521, 148.398, 0.0163658, -134.354
5401, 90.00833, 73.5382, 148.392, 0.0163711, -134.359
5401, 90.01667, 73.5555, 148.386, 0.0163764, -134.364
5402, 90.02500, 73.5727, 148.38, 0.0163817, -134.369
5402, 90.03333, 73.59, 148.374, 0.016387, -134.374
5403, 90.04166, 73.6073, 148.368, 0.0163924, -134.378
5403, 90.05000, 73.6247, 148.362, 0.0163977, -134.383
5404, 90.05833, 73.642, 148.355, 0.0164031, -134.388
5404, 90.06667, 73.6594, 148.349, 0.0164084, -134.393
5404, 90.07500, 73.6769, 148.343, 0.0164138, -134.399
5405, 90.08334, 73.6943, 148.337, 0.0164191, -134.404
5406, 90.09167, 73.7118, 148.331, 0.0164245, -134.409
5406, 90.10000, 73.7293, 148.325, 0.0164299, -134.414
5407, 90.10833, 73.7468, 148.318, 0.0164353, -134.419
5407, 90.11667, 73.7644, 148.312, 0.0164407, -134.424
5408, 90.12500, 73.782, 148.306, 0.0164461, -134.429
5408, 90.13333, 73.7996, 148.3, 0.0164515, -134.434
5409, 90.14167, 73.8172, 148.294, 0.0164569, -134.439
5409, 90.15000, 73.8349, 148.287, 0.0164623, -134.444
5410, 90.15833, 73.8526, 148.281, 0.0164677, -134.449
5410, 90.16666, 73.8703, 148.275, 0.0164732, -134.455
5411, 90.17500, 73.888, 148.268, 0.0164786, -134.46
5411, 90.18333, 73.9058, 148.262, 0.016484, -134.465
5412, 90.19167, 73.9236, 148.256, 0.0164895, -134.47
5412, 90.20000, 73.9414, 148.249, 0.016495, -134.475
5412, 90.20834, 73.9593, 148.243, 0.0165004, -134.48
5413, 90.21667, 73.9772, 148.237, 0.0165059, -134.486
5414, 90.22500, 73.9951, 148.23, 0.0165114, -134.491
5414, 90.23333, 74.013, 148.224, 0.0165169, -134.496
5415, 90.24167, 74.031, 148.218, 0.0165224, -134.501
5415, 90.25000, 74.049, 148.211, 0.0165279, -134.507
5416, 90.25833, 74.067, 148.205, 0.0165334, -134.512
5416, 90.26667, 74.085, 148.198, 0.0165389, -134.517
5417, 90.27500, 74.1031, 148.192, 0.0165444, -134.523
5417, 90.28333, 74.1212, 148.186, 0.0165499, -134.528
5418, 90.29166, 74.1393, 148.179, 0.0165555, -134.533
5418, 90.30000, 74.1575, 148.173, 0.016561, -134.539
5419, 90.30833, 74.1757, 148.166, 0.0165665, -134.544
5419, 90.31667, 74.1939, 148.16, 0.0165721, -134.549
5420, 90.32500, 74.2121, 148.153, 0.0165777, -134.555
5420, 90.33334, 74.2304, 148.147, 0.0165832, -134.56
5420, 90.34167, 74.2487, 148.14, 0.0165888, -134.565
5421, 90.35000, 74.267, 148.134, 0.0165944, -134.571
5422, 90.35833, 74.2853, 148.127, 0.0166, -134.576
5422, 90.36667, 74.3037, 148.12, 0.0166056, -134.582
5423, 90.37500, 74.3221, 148.114, 0.0166112, -134.587
5423, 90.38333, 74.3405, 148.107, 0.0166168, -134.593
5424, 90.39167, 74.359, 148.101, 0.0166224, -134.598
5424, 90.40000, 74.3775, 148.094, 0.016628, -134.604
5425, 90.40833, 74.396, 148.087, 0.0166337, -134.609
5425, 90.41666, 74.4146, 148.081, 0.0166393, -134.615
5426, 90.42500, 74.4331, 148.074, 0.016645, -134.62
5426, 90.43333, 74.4517, 148.068, 0.0166506, -134.626
5427, 90.44167, 74.4703, 148.061, 0.0166563, -134.631
5427, 90.45000, 74.489, 148.054, 0.0166619, -134.637
5428, 90.45834, 74.5077, 148.047, 0.0166676, -134.642
5428, 90.46667, 74.5264, 148.041, 0.0166733, -134.648
5428, 90.47500, 74.5451, 148.034, 0.016679, -134.654
5429, 90.48333, 74.5639, 148.027, 0.0166847, -134.659
5430, 90.49167, 74.5827, 148.021, 0.0166904, -134.665
5430, 90.50000, 74.6015, 148.014, 0.0166961, -134.67
5431, 90.50833, 74.6204, 148.007, 0.0167018, -134.676
5431, 90.51667, 74.6392, 148, 0.0167075, -134.682
5432, 90.52500, 74.6581, 147.993, 0.0167132, -134.687
5432, 90.53333, 74.6771, 147.987, 0.016719, -134.693
5433, 90.54166, 74.696, 147.98, 0.0167247, -134.699
5433, 90.55000, 74.715, 147.973, 0.0167305, -134.705
5434, 90.55833, 74.734, 147.966, 0.0167362, -134.71
5434, 90.56667, 74.7531, 147.959, 0.016742, -134.716
5435, 90.57500, 74.7722, 147.952, 0.0167478, -134.722
5435, 90.58334, 74.7913, 147.946, 0.0167536, -134.728
5436, 90.59167, 74.8104, 147.939, 0.0167593, -134.733
5436, 90.60000, 74.8296, 147.932, 0.0167651, -134.739
5436, 90.60833, 74.8488, 147.925, 0.0167709, -134.745
5437, 90.61667, 74.868, 147.918, 0.0167767, -134.751
5438, 90.62500, 74.8872, 147.911, 0.0167826, -134.757
5438, 90.63333, 74.9065, 147.904, 0.0167884, -134.762
5439, 90.64167, 74.9258, 147.897, 0.0167942, -134.768
5439, 90.65000, 74.9451, 147.89, 0.0168, -134.774
5440, 90.65833, 74.9645, 147.883, 0.0168059, -134.78
5440, 90.66666, 74.9839, 147.876, 0.0168117, -134.786
5441, 90.67500, 75.0033, 147.869, 0.0168176, -134.792
5441, 90.68333, 75.0228, 147.862, 0.0168235, -134.798
5441, 90.69167, 75.0422, 147.855, 0.0168293, -134.804
5442, 90.70000, 75.0617, 147.848, 0.0168352, -134.81
5443, 90.70834, 75.0813, 147.841, 0.0168411, -134.816
5443, 90.71667, 75.1008, 147.834, 0.016847, -134.822
5444, 90.72500, 75.1204, 147.826, 0.0168529, -134.828
5444, 90.73333, 75.14, 147.819, 0.0168588, -134.834
5444, 90.74167, 75.1597, 147.812, 0.0168647, -134.84
5445, 90.75000, 75.1794, 147.805, 0.0168707, -134.846
5446, 90.75833, 75.1991, 147.798, 0.0168766, -134.852
5446, 90.76667, 75.2188, 147.791, 0.0168825, -134.858
5447, 90.77500, 75.2386, 147.784, 0.0168885, -134.864
5447, 90.78333, 75.2584, 147.776, 0.0168944, -134.87
5448, 90.79166, 75.2782, 147.769, 0.0169004, -134.876
5448, 90.80000, 75.298, 147.762, 0.0169064, -134.882
5449, 90.80833, 75.3179, 147.755, 0.0169123, -134.888
5449, 90.81667, 75.3378, 147.747, 0.0169183, -134.894
5449, 90.82500, 75.3578, 147.74, 0.0169243, -134.901
5450, 90.83334, 75.3778, 147.733, 0.0169303, -134.907
5451, 90.84167, 75.3978, 147.726, 0.0169363, -134.913
5451, 90.85000, 75.4178, 147.718, 0.0169423, -134.919
5452, 90.85833, 75.4378, 147.711, 0.0169483, -134.925
5452, 90.86667, 75.4579, 147.704, 0.0169544, -134.932
5453, 90.87500, 75.478, 147.696, 0.0169604, -134.938
5453, 90.88333, 75.4982, 147.689, 0.0169664, -134.944
5454, 90.89167, 75.5184, 147.681, 0.0169725, -134.95
5454, 90.90000, 75.5386, 147.674, 0.0169785, -134.957
5455, 90.90833, 75.5588, 147.667, 0.0169846, -134.963
5455, 90.91666, 75.5791, 147.659, 0.0169907, -134.969
5456, 90.92500, 75.5994, 147.652, 0.0169968, -134.976
5456, 90.93333, 75.6197, 147.644, 0.0170028, -134.982
5457, 90.94167, 75.64, 147.637, 0.0170089, -134.988
5457, 90.95000, 75.6604, 147.629, 0.017015, -134.995
5457, 90.95834, 75.6808, 147.622, 0.0170211, -135.001
5458, 90.96667, 75.7013, 147.614, 0.0170273, -135.007
5459, 90.97500, 75.7217, 147.607, 0.0170334, -135.014
5459, 90.98333, 75.7422, 147.599, 0.0170395, -135.02
5460, 90.99167, 75.7628, 147.592, 0.0170457, -135.027
5460, 91.00000, 75.7833, 147.584, 0.0170518, -135.033
5461, 91.00833, 75.8039, 147.577, 0.017058, -135.04
5461, 91.01667, 75.8246, 147.569, 0.0170641, -135.046
5462, 91.02500, 75.8452, 147.562, 0.0170703, -135.053
5462, 91.03333, 75.8659, 147.554, 0.0170765, -135.059
5463, 91.04166, 75.8866, 147.546, 0.0170827, -135.066
5463, 91.05000, 75.9073, 147.539, 0.0170888, -135.072
5464, 91.05833, 75.9281, 147.531, 0.017095, -135.079
5464, 91.06667, 75.9489, 147.523, 0.0171013, -135.085
5465, 91.07500, 75.9697, 147.516, 0.0171075, -135.092
5465, 91.08334, 75.9906, 147.508, 0.0171137, -135.098
5465, 91.09167, 76.0115, 147.5, 0.0171199, -135.105
5466, 91.10000, 76.0324, 147.492, 0.0171262, -135.112
5467, 91.10833, 76.0534, 147.485, 0.0171324, -135.118
5467, 91.11667, 76.0744, 147.477, 0.0171387, -135.125
5468, 91.12500, 76.0954, 147.469, 0.0171449, -135.132
5468, 91.13333, 76.1164, 147.461, 0.0171512, -135.138
5469, 91.14167, 76.1375, 147.454, 0.0171575, -135.145
5469, 91.15000, 76.1586, 147.446, 0.0171638, -135.152
5470, 91.15833, 76.1797, 147.438, 0.01717, -135.159
5470, 91.16666, 76.2009, 147.43, 0.0171763, -135.165
5471, 91.17500, 76.2221, 147.422, 0.0171827, -135.172
5471, 91.18333, 76.2433, 147.414, 0.017189, -135.179
5472, 91.19167, 76.2646, 147.406, 0.0171953, -135.186
5472, 91.20000, 76.2859, 147.398, 0.0172016, -135.192
5473, 91.20834, 76.3072, 147.391, 0.017208, -135.199
5473, 91.21667, 76.3285, 147.383, 0.0172143, -135.206
5473, 91.22500, 76.3499, 147.375, 0.0172207, -135.213
5474, 91.23333, 76.3713, 147.367, 0.017227, -135.22
5475, 91.24167, 76.3928, 147.359, 0.0172334, -135.227
5475, 91.25000, 76.4142, 147.351, 0.0172398, -135.234
5476, 91.25833, 76.4357, 147.343, 0.0172462, -135.24
5476, 91.26667, 76.4573, 147.335, 0.0172526, -135.247
5477, 91.27500, 76.4788, 147.327, 0.017259, -135.254
5477, 91.28333, 76.5004, 147.319, 0.0172654, -135.261
5478, 91.29166, 76.5221, 147.31, 0.0172718, -135.268
5478, 91.30000, 76.5437, 147.302, 0.0172782, -135.275
5479, 91.30833, 76.5654, 147.294, 0.0172846, -135.282
5479, 91.31667, 76.5871, 147.286, 0.0172911, -135.289
5480, 91.32500, 76.6089, 147.278, 0.0172975, -135.296
5480, 91.33334, 76.6307, 147.27, 0.017304, -135.303
5481, 91.34167, 76.6525, 147.262, 0.0173104, -135.31
5481, 91.35000, 76.6743, 147.253, 0.0173169, -135.318
5481, 91.35833, 76.6962, 147.245, 0.0173234, -135.325
5482, 91.36667, 76.7181, 147.237, 0.0173299, -135.332
5483, 91.37500, 76.7401, 147.229, 0.0173364, -135.339
5483, 91.38333, 76.762, 147.221, 0.0173429, -135.346
5484, 91.39167, 76.784, 147.212, 0.0173494, -135.353
5484, 91.40000, 76.8061, 147.204, 0.0173559, -135.36
5485, 91.40833, 76.8281, 147.196, 0.0173624, -135.368
5485, 91.41666, 76.8502, 147.187, 0.017369, -135.375
5486, 91.42500, 76.8724, 147.179, 0.0173755, -135.382
5486, 91.43333, 76.8945, 147.171, 0.0173821, -135.389
5487, 91.44167, 76.9167, 147.162, 0.0173886, -135.397
5487, 91.45000, 76.9389, 147.154, 0.0173952, -135.404
5488, 91.45834, 76.9612, 147.146, 0.0174018, -135.411
5488, 91.46667, 76.9835, 147.137, 0.0174084, -135.418
5489, 91.47500, 77.0058, 147.129, 0.017415, -135.426
5489, 91.48333, 77.0281, 147.12, 0.0174216, -135.433
5489, 91.49167, 77.0505, 147.112, 0.0174282, -135.44
5490, 91.50000, 77.0729, 147.103, 0.0174348, -135.448
5491, 91.50833, 77.0954, 147.095, 0.0174414, -135.455
5491, 91.51667, 77.1179, 147.086, 0.0174481, -135.463
5492, 91.52500, 77.1404, 147.078, 0.0174547, -135.47
5492, 91.53333, 77.1629, 147.069, 0.0174613, -135.478
5493, 91.54166, 77.1855, 147.061, 0.017468, -135.485
5493, 91.55000, 77.2081, 147.052, 0.0174747, -135.492
5494, 91.55833, 77.2307, 147.044, 0.0174813, -135.5
5494, 91.56667, 77.2534, 147.035, 0.017488, -135.507
5495, 91.57500, 77.2761, 147.026, 0.0174947, -135.515
5495, 91.58334, 77.2988, 147.018, 0.0175014, -135.522
5496, 91.59167, 77.3216, 147.009, 0.0175081, -135.53
5496, 91.60000, 77.3444, 147.001, 0.0175148, -135.538
5497, 91.60833, 77.3672, 146.992, 0.0175216, -135.545
5497, 91.61667, 77.3901, 146.983, 0.0175283, -135.553
5497, 91.62500, 77.413, 146.974, 0.017535, -135.56
5498, 91.63333, 77.4359, 146.966, 0.0175418, -135.568
5499, 91.64167, 77.4589, 146.957, 0.0175485, -135.576
5499, 91.65000, 77.4819, 146.948, 0.0175553, -135.583
5500, 91.65833, 77.5049, 146.939, 0.0175621, -135.591
5500, 91.66666, 77.528, 146.931, 0.0175688, -135.599
5501, 91.67500, 77.551, 146.922, 0.0175756, -135.607
5501, 91.68333, 77.5742, 146.913, 0.0175824, -135.614
5502, 91.69167, 77.5973, 146.904, 0.0175892, -135.622
5502, 91.70000, 77.6205, 146.895, 0.0175961, -135.63
5503, 91.70834, 77.6437, 146.886, 0.0176029, -135.638
5503, 91.71667, 77.667, 146.877, 0.0176097, -135.645
5504, 91.72500, 77.6903, 146.869, 0.0176166, -135.653
5504, 91.73333, 77.7136, 146.86, 0.0176234, -135.661
5505, 91.74167, 77.737, 146.851, 0.0176303, -135.669
5505, 91.75000, 77.7603, 146.842, 0.0176371, -135.677
5505, 91.75833, 77.7838, 146.833, 0.017644, -135.685
5506, 91.76667, 77.8072, 146.824, 0.0176509, -135.693
5507, 91.77500, 77.8307, 146.815, 0.0176578, -135.701
5507, 91.78333, 77.8542, 146.806, 0.0176647, -135.709
5508, 91.79166, 77.8778, 146.797, 0.0176716, -135.716
5508, 91.80000, 77.9014, 146.787, 0.0176785, -135.724
5509, 91.80833, 77.925, 146.778, 0.0176854, -135.732
5509, 91.81667, 77.9486, 146.769, 0.0176923, -135.74
5510, 91.82500, 77.9723, 146.76, 0.0176993, -135.749
5510, 91.83334, 77.996, 146.751, 0.0177062, -135.757
5511, 91.84167, 78.0198, 146.742, 0.0177132, -135.765
5511, 91.85000, 78.0435, 146.733, 0.0177202, -135.773
5512, 91.85833, 78.0674, 146.723, 0.0177271, -135.781
5512, 91.86667, 78.0912, 146.714, 0.0177341, -135.789
5513, 91.87500, 78.1151, 146.705, 0.0177411, -135.797
5513, 91.88333, 78.139, 146.696, 0.0177481, -135.805
5513, 91.89167, 78.163, 146.687, 0.0177551, -135.813
5514, 91.90000, 78.187, 146.677, 0.0177621, -135.822
5515, 91.90833, 78.211, 146.668, 0.0177692, -135.83
5515, 91.91666, 78.235, 146.659, 0.0177762, -135.838
5516, 91.92500, 78.2591, 146.649, 0.0177832, -135.846
5516, 91.93333, 78.2832, 146.64, 0.0177903, -135.855
5517, 91.94167, 78.3074, 146.631, 0.0177974, -135.863
5517, 91.95000, 78.3316, 146.621, 0.0178044, -135.871
5518, 91.95834, 78.3558, 146.612, 0.0178115, -135.88
5518, 91.96667, 78.3801, 146.602, 0.0178186, -135.888
5519, 91.97500, 78.4043, 146.593, 0.0178257, -135.896
5519, 91.98333, 78.4287, 146.583, 0.0178328, -135.905
5520, 91.99167, 78.453, 146.574, 0.0178399, -135.913
5520, 92.00000, 78.4774, 146.564, 0.017847, -135.921
5521, 92.00833, 78.5018, 146.555, 0.0178542, -135.93
5521, 92.01667, 78.5263, 146.545, 0.0178613, -135.938
5521, 92.02500, 78.5508, 146.536, 0.0178685, -135.947
5522, 92.03333, 78.5753, 146.526, 0.0178756, -135.955
5523, 92.04166, 78.5999, 146.517, 0.0178828, -135.964
5523, 92.05000, 78.6245, 146.507, 0.0178899, -135.972
5524, 92.05833, 78.6491, 146.497, 0.0178971, -135.981
5524, 92.06667, 78.6738, 146.488, 0.0179043, -135.989
5525, 92.07500, 78.6985, 146.478, 0.0179115, -135.998
5525, 92.08334, 78.7232, 146.468, 0.0179187, -136.007
5526, 92.09167, 78.748, 146.459, 0.017926, -136.015
5526, 92.10000, 78.7728, 146.449, 0.0179332, -136.024
5527, 92.10833, 78.7976, 146.439, 0.0179404, -136.033
5527, 92.11667, 78.8225, 146.429, 0.0179477, -136.041
5528, 92.12500, 78.8474, 146.42, 0.0179549, -136.05
5528, 92.13333, 78.8723, 146.41, 0.0179622, -136.059
5529, 92.14167, 78.8973, 146.4, 0.0179695, -136.067
5529, 92.15000, 78.9223, 146.39, 0.0179767, -136.076
5529, 92.15833, 78.9473, 146.38, 0.017984, -136.085
5530, 92.16666, 78.9724, 146.371, 0.0179913, -136.094
5531, 92.17500, 78.9975, 146.361, 0.0179986, -136.102
5531, 92.18333, 79.0227, 146.351, 0.0180059, -136.111
5532, 92.19167, 79.0479, 146.341, 0.0180133, -136.12
5532, 92.20000, 79.0731, 146.331, 0.0180206, -136.129
5533, 92.20834, 79.0983, 146.321, 0.018028, -136.138
5533, 92.21667, 79.1236, 146.311, 0.0180353, -136.147
5534, 92.22500, 79.149, 146.301, 0.0180427, -136.156
5534, 92.23333, 79.1743, 146.291, 0.01805, -136.165
5535, 92.24167, 79.1997, 146.281, 0.0180574, -136.174
5535, 92.25000, 79.2251, 146.271, 0.0180648, -136.183
5536, 92.25833, 79.2506, 146.261, 0.0180722, -136.192
5536, 92.26667, 79.2761, 146.251, 0.0180796, -136.201
5537, 92.27500, 79.3016, 146.24, 0.018087, -136.21
5537, 92.28333, 79.3272, 146.23, 0.0180945, -136.219
5537, 92.29166, 79.3528, 146.22, 0.0181019, -136.228
5538, 92.30000, 79.3784, 146.21, 0.0181093, -136.237
5539, 92.30833, 79.4041, 146.2, 0.0181168, -136.246
5539, 92.31667, 79.4298, 146.189, 0.0181242, -136.255
5540, 92.32500, 79.4556, 146.179, 0.0181317, -136.264
5540, 92.33334, 79.4814, 146.169, 0.0181392, -136.274
5541, 92.34167, 79.5072, 146.159, 0.0181467, -136.283
5541, 92.35000, 79.533, 146.148, 0.0181542, -136.292
5542, 92.35833, 79.5589, 146.138, 0.0181617, -136.301
5542, 92.36667, 79.5849, 146.128, 0.0181692, -136.311
5543, 92.37500, 79.6108, 146.117, 0.0181767, -136.32
5543, 92.38333, 79.6368, 146.107, 0.0181843, -136.329
5544, 92.39167, 79.6628, 146.097, 0.0181918, -136.339
5544, 92.40000, 79.6889, 146.086, 0.0181994, -136.348
5545, 92.40833, 79.715, 146.076, 0.0182069, -136.357
5545, 92.41666, 79.7412, 146.065, 0.0182145, -136.367
5545, 92.42500, 79.7673, 146.055, 0.0182221, -136.376
5546, 92.43333, 79.7935, 146.044, 0.0182297, -136.385
5547, 92.44167, 79.8198, 146.034, 0.0182373, -136.395
5547, 92.45000, 79.8461, 146.023, 0.0182449, -136.404
5548, 92.45834, 79.8724, 146.013, 0.0182525, -136.414
5548, 92.46667, 79.8988, 146.002, 0.0182601, -136.423
5549, 92.47500, 79.9252, 145.991, 0.0182678, -136.433
5549, 92.48333, 79.9516, 145.981, 0.0182754, -136.442
5550, 92.49167, 79.9781, 145.97, 0.0182831, -136.452
5550, 92.50000, 80.0046, 145.96, 0.0182907, -136.462
5551, 92.50833, 80.0311, 145.949, 0.0182984, -136.471
5551, 92.51667, 80.0577, 145.938, 0.0183061, -136.481
5552, 92.52500, 80.0843, 145.927, 0.0183138, -136.491
5552, 92.53333, 80.1109, 145.917, 0.0183215, -136.5
5553, 92.54166, 80.1376, 145.906, 0.0183292, -136.51
5553, 92.55000, 80.1643, 145.895, 0.0183369, -136.52
5553, 92.55833, 80.1911, 145.884, 0.0183447, -136.529
5554, 92.56667, 80.2179, 145.873, 0.0183524, -136.539
5555, 92.57500, 80.2447, 145.863, 0.0183601, -136.549
5555, 92.58334, 80.2716, 145.852, 0.0183679, -136.559
5556, 92.59167, 80.2985, 145.841, 0.0183757, -136.569
5556, 92.60000, 80.3254, 145.83, 0.0183835, -136.578
5557, 92.60833, 80.3524, 145.819, 0.0183912, -136.588
5557, 92.61667, 80.3794, 145.808, 0.018399, -136.598
5558, 92.62500, 80.4065, 145.797, 0.0184068, -136.608
5558, 92.63333, 80.4336, 145.786, 0.0184147, -136.618
5559, 92.64167, 80.4607, 145.775, 0.0184225, -136.628
5559, 92.65000, 80.4879, 145.764, 0.0184303, -136.638
5560, 92.65833, 80.5151, 145.753, 0.0184382, -136.648
5560, 92.66666, 80.5423, 145.742, 0.018446, -136.658
5561, 92.67500, 80.5696, 145.731, 0.0184539, -136.668
5561, 92.68333, 80.5969, 145.719, 0.0184618, -136.678
5561, 92.69167, 80.6242, 145.708, 0.0184697, -136.688
5562, 92.70000, 80.6516, 145.697, 0.0184775, -136.698
5563, 92.70834, 80.6791, 145.686, 0.0184854, -136.708
5563, 92.71667, 80.7065, 145.675, 0.0184934, -136.719
5564, 92.72500, 80.734, 145.663, 0.0185013, -136.729
5564, 92.73333, 80.7616, 145.652, 0.0185092, -136.739
5565, 92.74167, 80.7891, 145.641, 0.0185172, -136.749
5565, 92.75000, 80.8167, 145.63, 0.0185251, -136.759
5566, 92.75833, 80.8444, 145.618, 0.0185331, -136.77
5566, 92.76667, 80.8721, 145.607, 0.018541, -136.78
5566, 92.77500, 80.8998, 145.596, 0.018549, -136.79
5567, 92.78333, 80.9276, 145.584, 0.018557, -136.801
5568, 92.79166, 80.9554, 145.573, 0.018565, -136.811
5568, 92.80000, 80.9832, 145.561, 0.018573, -136.821
5569, 92.80833, 81.0111, 145.55, 0.0185811, -136.832
5569, 92.81667, 81.039, 145.538, 0.0185891, -136.842
5569, 92.82500, 81.0669, 145.527, 0.0185971, -136.853
5570, 92.83334, 81.0949, 145.515, 0.0186052, -136.863
5571, 92.84167, 81.123, 145.504, 0.0186132, -136.874
5571, 92.85000, 81.151, 145.492, 0.0186213, -136.884
5572, 92.85833, 81.1791, 145.481, 0.0186294, -136.895
5572, 92.86667, 81.2073, 145.469, 0.0186375, -136.905
5573, 92.87500, 81.2355, 145.457, 0.0186456, -136.916
5573, 92.88333, 81.2637, 145.446, 0.0186537, -136.926
5574, 92.89167, 81.2919, 145.434, 0.0186618, -136.937
5574, 92.90000, 81.3202, 145.422, 0.0186699, -136.948
5574, 92.90833, 81.3486, 145.41, 0.0186781, -136.958
5575, 92.91666, 81.3769, 145.399, 0.0186862, -136.969
5576, 92.92500, 81.4053, 145.387, 0.0186944, -136.98
5576, 92.93333, 81.4338, 145.375, 0.0187025, -136.991
5577, 92.94167, 81.4623, 145.363, 0.0187107, -137.001
5577, 92.95000, 81.4908, 145.351, 0.0187189, -137.012
5578, 92.95834, 81.5194, 145.34, 0.0187271, -137.023
5578, 92.96667, 81.548, 145.328, 0.0187353, -137.034
5579, 92.97500, 81.5766, 145.316, 0.0187435, -137.045
5579, 92.98333, 81.6053, 145.304, 0.0187518, -137.055
5580, 92.99167, 81.634, 145.292, 0.01876, -137.066
5580, 93.00000, 81.6628, 145.28, 0.0187683, -137.077
5581, 93.00833, 81.6916, 145.268, 0.0187765, -137.088
5581, 93.01667, 81.7204, 145.256, 0.0187848, -137.099
5582, 93.02500, 81.7493, 145.244, 0.0187931, -137.11
5582, 93.03333, 81.7782, 145.232, 0.0188014, -137.121
5582, 93.04166, 81.8072, 145.219, 0.0188097, -137.132
5583, 93.05000, 81.8362, 145.207, 0.018818, -137.143
5584, 93.05833, 81.8652, 145.195, 0.0188263, -137.155
5584, 93.06667, 81.8943, 145.183, 0.0188346, -137.166
5585, 93.07500, 81.9234, 145.171, 0.018843, -137.177
5585, 93.08334, 81.9525, 145.159, 0.0188513, -137.188
5586, 93.09167, 81.9817, 145.146, 0.0188597, -137.199
5586, 93.10000, 82.0109, 145.134, 0.018868, -137.21
5587, 93.10833, 82.0402, 145.122, 0.0188764, -137.222
5587, 93.11667, 82.0695, 145.109, 0.0188848, -137.233
5588, 93.12500, 82.0989, 145.097, 0.0188932, -137.244
5588, 93.13333, 82.1282, 145.085, 0.0189016, -137.256
5589, 93.14167, 82.1577, 145.072, 0.0189101, -137.267
5589, 93.15000, 82.1871, 145.06, 0.0189185, -137.278
5590, 93.15833, 82.2166, 145.047, 0.0189269, -137.29
5590, 93.16666, 82.2462, 145.035, 0.0189354, -137.301
5590, 93.17500, 82.2758, 145.022, 0.0189439, -137.312
5591, 93.18333, 82.3054, 145.01, 0.0189523, -137.324
5592, 93.19167, 82.3351, 144.997, 0.0189608, -137.335
5592, 93.20000, 82.3648, 144.985, 0.0189693, -137.347
5593, 93.20834, 82.3945, 144.972, 0.0189778, -137.358
5593, 93.21667, 82.4243, 144.96, 0.0189863, -137.37
5594, 93.22500, 82.4541, 144.947, 0.0189949, -137.382
5594, 93.23333, 82.484, 144.934, 0.0190034, -137.393
5595, 93.24167, 82.5139, 144.922, 0.0190119, -137.405
5595, 93.25000, 82.5438, 144.909, 0.0190205, -137.417
5596, 93.25833, 82.5738, 144.896, 0.0190291, -137.428
5596, 93.26667, 82.6038, 144.883, 0.0190376, -137.44
5597, 93.27500, 82.6339, 144.87, 0.0190462, -137.452
5597, 93.28333, 82.664, 144.858, 0.0190548, -137.463
5598, 93.29166, 82.6941, 144.845, 0.0190634, -137.475
5598, 93.30000, 82.7243, 144.832, 0.0190721, -137.487
5598, 93.30833, 82.7545, 144.819, 0.0190807, -137.499
5599, 93.31667, 82.7848, 144.806, 0.0190893, -137.511
5600, 93.32500, 82.8151, 144.793, 0.019098, -137.523
5600, 93.33334, 82.8455, 144.78, 0.0191067, -137.535
5601, 93.34167, 82.8759, 144.767, 0.0191153, -137.547
5601, 93.35000, 82.9063, 144.754, 0.019124, -137.559
5602, 93.35833, 82.9367, 144.741, 0.0191327, -137.571
5602, 93.36667, 82.9673, 144.728, 0.0191414, -137.583
5603, 93.37500, 82.9978, 144.715, 0.0191501, -137.595
5603, 93.38333, 83.0284, 144.702, 0.0191589, -137.607
5604, 93.39167, 83.059, 144.689, 0.0191676, -137.619
5604, 93.40000, 83.0897, 144.675, 0.0191763, -137.631
5605, 93.40833, 83.1204, 144.662, 0.0191851, -137.643
5605, 93.41666, 83.1512, 144.649, 0.0191939, -137.655
5606, 93.42500, 83.182, 144.636, 0.0192027, -137.667
5606, 93.43333, 83.2128, 144.622, 0.0192114, -137.68
5606, 93.44167, 83.2437, 144.609, 0.0192202, -137.692
5607, 93.45000, 83.2746, 144.596, 0.0192291, -137.704
5608, 93.45834, 83.3055, 144.582, 0.0192379, -137.717
5608, 93.46667, 83.3366, 144.569, 0.0192467, -137.729
5609, 93.47500, 83.3676, 144.556, 0.0192556, -137.741
5609, 93.48333, 83.3987, 144.542, 0.0192644, -137.754
5610, 93.49167, 83.4298, 144.529, 0.0192733, -137.766
5610, 93.50000, 83.461, 144.515, 0.0192822, -137.779
5611, 93.50833, 83.4922, 144.502, 0.019291, -137.791
5611, 93.51667, 83.5234, 144.488, 0.0192999, -137.803
5612, 93.52500, 83.5547, 144.475, 0.0193089, -137.816
5612, 93.53333, 83.586, 144.461, 0.0193178, -137.829
5613, 93.54166, 83.6174, 144.447, 0.0193267, -137.841
5613, 93.55000, 83.6488, 144.434, 0.0193356, -137.854
5614, 93.55833, 83.6803, 144.42, 0.0193446, -137.866
5614, 93.56667, 83.7118, 144.406, 0.0193536, -137.879
5614, 93.57500, 83.7433, 144.393, 0.0193625, -137.892
5615, 93.58334, 83.7749, 144.379, 0.0193715, -137.904
5616, 93.59167, 83.8065, 144.365, 0.0193805, -137.917
5616, 93.60000, 83.8382, 144.351, 0.0193895, -137.93
5617, 93.60833, 83.8699, 144.337, 0.0193985, -137.943
5617, 93.61667, 83.9017, 144.323, 0.0194076, -137.956
5618, 93.62500, 83.9334, 144.31, 0.0194166, -137.969
5618, 93.63333, 83.9653, 144.296, 0.0194257, -137.981
5619, 93.64167, 83.9972, 144.282, 0.0194347, -137.994
5619, 93.65000, 84.0291, 144.268, 0.0194438, -138.007
5620, 93.65833, 84.061, 144.254, 0.0194529, -138.02
5620, 93.66666, 84.093, 144.24, 0.019462, -138.033
5621, 93.67500, 84.1251, 144.226, 0.0194711, -138.046
5621, 93.68333, 84.1572, 144.211, 0.0194802, -138.059
5622, 93.69167, 84.1893, 144.197, 0.0194893, -138.072
5622, 93.70000, 84.2215, 144.183, 0.0194985, -138.085
5622, 93.70834, 84.2537, 144.169, 0.0195076, -138.099
5623, 93.71667, 84.2859, 144.155, 0.0195168, -138.112
5624, 93.72500, 84.3182, 144.141, 0.019526, -138.125
5624, 93.73333, 84.3506, 144.126, 0.0195352, -138.138
5625, 93.74167, 84.383, 144.112, 0.0195443, -138.151
5625, 93.75000, 84.4154, 144.098, 0.0195536, -138.165
5626, 93.75833, 84.4479, 144.083, 0.0195628, -138.178
5626, 93.76667, 84.4804, 144.069, 0.019572, -138.191
5627, 93.77500, 84.5129, 144.054, 0.0195812, -138.205
5627, 93.78333, 84.5455, 144.04, 0.0195905, -138.218
5628, 93.79166, 84.5782, 144.026, 0.0195998, -138.232
5628, 93.80000, 84.6109, 144.011, 0.019609, -138.245
5629, 93.80833, 84.6436, 143.997, 0.0196183, -138.258
5629, 93.81667, 84.6764, 143.982, 0.0196276, -138.272
5630, 93.82500, 84.7092, 143.967, 0.0196369, -138.286
5630, 93.83334, 84.742, 143.953, 0.0196462, -138.299
5630, 93.84167, 84.7749, 143.938, 0.0196556, -138.313
5631, 93.85000, 84.8079, 143.924, 0.0196649, -138.326
5632, 93.85833, 84.8408, 143.909, 0.0196743, -138.34
5632, 93.86667, 84.8739, 143.894, 0.0196836, -138.354
5633, 93.87500, 84.9069, 143.879, 0.019693, -138.367
5633, 93.88333, 84.9401, 143.865, 0.0197024, -138.381
5634, 93.89167, 84.9732, 143.85, 0.0197118, -138.395
5634, 93.90000, 85.0064, 143.835, 0.0197212, -138.409
5635, 93.90833, 85.0397, 143.82, 0.0197306, -138.423
5635, 93.91666, 85.073, 143.805, 0.0197401, -138.436
5636, 93.92500, 85.1063, 143.79, 0.0197495, -138.45
5636, 93.93333, 85.1397, 143.775, 0.019759, -138.464
5637, 93.94167, 85.1731, 143.76, 0.0197684, -138.478
5637, 93.95000, 85.2065, 143.745, 0.0197779, -138.492
5638, 93.95834, 85.2401, 143.73, 0.0197874, -138.506
5638, 93.96667, 85.2736, 143.715, 0.0197969, -138.52
5638, 93.97500, 85.3072, 143.7, 0.0198064, -138.534
5639, 93.98333, 85.3408, 143.685, 0.0198159, -138.548
5640, 93.99167, 85.3745, 143.67, 0.0198255, -138.563
5640, 94.00000, 85.4082, 143.654, 0.019835, -138.577
5641, 94.00833, 85.442, 143.639, 0.0198446, -138.591
5641, 94.01667, 85.4758, 143.624, 0.0198542, -138.605
5642, 94.02500, 85.5097, 143.609, 0.0198638, -138.619
5642, 94.03333, 85.5436, 143.593, 0.0198733, -138.634
5643, 94.04166, 85.5775, 143.578, 0.019883, -138.648
5643, 94.05000, 85.6115, 143.563, 0.0198926, -138.662
5644, 94.05833, 85.6456, 143.547, 0.0199022, -138.677
5644, 94.06667, 85.6796, 143.532, 0.0199118, -138.691
5645, 94.07500, 85.7138, 143.516, 0.0199215, -138.706
5645, 94.08334, 85.7479, 143.501, 0.0199312, -138.72
5646, 94.09167, 85.7821, 143.485, 0.0199408, -138.735
5646, 94.10000, 85.8164, 143.47, 0.0199505, -138.749
5646, 94.10833, 85.8507, 143.454, 0.0199602, -138.764
5647, 94.11667, 85.885, 143.438, 0.0199699, -138.778
5648, 94.12500, 85.9194, 143.423, 0.0199797, -138.793
5648, 94.13333, 85.9539, 143.407, 0.0199894, -138.808
5649, 94.14167, 85.9883, 143.391, 0.0199991, -138.822
5649, 94.15000, 86.0229, 143.375, 0.0200089, -138.837
5650, 94.15833, 86.0574, 143.36, 0.0200187, -138.852
5650, 94.16666, 86.092, 143.344, 0.0200285, -138.867
5651, 94.17500, 86.1267, 143.328, 0.0200382, -138.881
5651, 94.18333, 86.1614, 143.312, 0.0200481, -138.896
5652, 94.19167, 86.1962, 143.296, 0.0200579, -138.911
5652, 94.20000, 86.2309, 143.28, 0.0200677, -138.926
5653, 94.20834, 86.2658, 143.264, 0.0200775, -138.941
5653, 94.21667, 86.3007, 143.248, 0.0200874, -138.956
5654, 94.22500, 86.3356, 143.232, 0.0200973, -138.971
5654, 94.23333, 86.3706, 143.216, 0.0201071, -138.986
5654, 94.24167, 86.4056, 143.2, 0.020117, -139.001
5655, 94.25000, 86.4406, 143.184, 0.0201269, -139.016
5656, 94.25833, 86.4757, 143.168, 0.0201368, -139.031
5656, 94.26667, 86.5109, 143.151, 0.0201468, -139.047
5657, 94.27500, 86.5461, 143.135, 0.0201567, -139.062
5657, 94.28333, 86.5813, 143.119, 0.0201667, -139.077
5658, 94.29166, 86.6166, 143.103, 0.0201766, -139.092
5658, 94.30000, 86.652, 143.086, 0.0201866, -139.108
5659, 94.30833, 86.6873, 143.07, 0.0201966, -139.123
5659, 94.31667, 86.7228, 143.053, 0.0202066, -139.138
5660, 94.32500, 86.7582, 143.037, 0.0202166, -139.154
5660, 94.33334, 86.7937, 143.021, 0.0202266, -139.169
5661, 94.34167, 86.8293, 143.004, 0.0202366, -139.185
5661, 94.35000, 86.8649, 142.988, 0.0202467, -139.2
5662, 94.35833, 86.9006, 142.971, 0.0202567, -139.216
5662, 94.36667, 86.9363, 142.954, 0.0202668, -139.231
5662, 94.37500, 86.972, 142.938, 0.0202769, -139.247
5663, 94.38333, 87.0078, 142.921, 0.020287, -139.262
5664, 94.39167, 87.0436, 142.904, 0.0202971, -139.278
5664, 94.40000, 87.0795, 142.888, 0.0203072, -139.294
5665, 94.40833, 87.1154, 142.871, 0.0203173, -139.31
5665, 94.41666, 87.1514, 142.854, 0.0203275, -139.325
5666, 94.42500, 87.1874, 142.837, 0.0203376, -139.341
5666, 94.43333, 87.2235, 142.82, 0.0203478, -139.357
5667, 94.44167, 87.2596, 142.803, 0.020358, -139.373
5667, 94.45000, 87.2958, 142.786, 0.0203682, -139.389
5668, 94.45834, 87.332, 142.769, 0.0203784, -139.405
5668, 94.46667, 87.3682, 142.752, 0.0203886, -139.421
5669, 94.47500, 87.4045, 142.735, 0.0203988, -139.437
5669, 94.48333, 87.4409, 142.718, 0.020409, -139.453
5670, 94.49167, 87.4772, 142.701, 0.0204193, -139.469
5670, 94.50000, 87.5137, 142.684, 0.0204296, -139.485
5670, 94.50833, 87.5502, 142.667, 0.0204398, -139.501
5671, 94.51667, 87.5867, 142.65, 0.0204501, -139.517
5672, 94.52500, 87.6233, 142.632, 0.0204604, -139.534
5672, 94.53333, 87.6599, 142.615, 0.0204707, -139.55
5673, 94.54166, 87.6965, 142.598, 0.0204811, -139.566
5673, 94.55000, 87.7333, 142.58, 0.0204914, -139.582
5674, 94.55833, 87.77, 142.563, 0.0205018, -139.599
5674, 94.56667, 87.8068, 142.546, 0.0205121, -139.615
5675, 94.57500, 87.8437, 142.528, 0.0205225, -139.632
5675, 94.58334, 87.8806, 142.511, 0.0205329, -139.648
5676, 94.59167, 87.9175, 142.493, 0.0205433, -139.665
5676, 94.60000, 87.9545, 142.476, 0.0205537, -139.681
5677, 94.60833, 87.9916, 142.458, 0.0205641, -139.698
5677, 94.61667, 88.0286, 142.44, 0.0205746, -139.714
5678, 94.62500, 88.0658, 142.423, 0.020585, -139.731
5678, 94.63333, 88.103, 142.405, 0.0205955, -139.748
5678, 94.64167, 88.1402, 142.387, 0.0206059, -139.764
5679, 94.65000, 88.1775, 142.369, 0.0206164, -139.781
5680, 94.65833, 88.2148, 142.352, 0.0206269, -139.798
5680, 94.66666, 88.2522, 142.334, 0.0206374, -139.815
5681, 94.67500, 88.2896, 142.316, 0.020648, -139.832
5681, 94.68333, 88.327, 142.298, 0.0206585, -139.849
5682, 94.69167, 88.3645, 142.28, 0.0206691, -139.865
5682, 94.70000, 88.4021, 142.262, 0.0206796, -139.882
5683, 94.70834, 88.4397, 142.244, 0.0206902, -139.899
5683, 94.71667, 88.4773, 142.226, 0.0207008, -139.916
5684, 94.72500, 88.515, 142.208, 0.0207114, -139.934
5684, 94.73333, 88.5528, 142.19, 0.020722, -139.951
5685, 94.74167, 88.5906, 142.172, 0.0207326, -139.968
5685, 94.75000, 88.6284, 142.153, 0.0207433, -139.985
5686, 94.75833, 88.6663, 142.135, 0.0207539, -140.002
5686, 94.76667, 88.7042, 142.117, 0.0207646, -140.02
5686, 94.77500, 88.7422, 142.098, 0.0207753, -140.037
5687, 94.78333, 88.7803, 142.08, 0.0207859, -140.054
5688, 94.79166, 88.8183, 142.062, 0.0207966, -140.072
5688, 94.80000, 88.8565, 142.043, 0.0208074, -140.089
5689, 94.80833, 88.8946, 142.025, 0.0208181, -140.106
5689, 94.81667, 88.9328, 142.006, 0.0208288, -140.124
5690, 94.82500, 88.9711, 141.988, 0.0208396, -140.141
5690, 94.83334, 89.0094, 141.969, 0.0208503, -140.159
5691, 94.84167, 89.0478, 141.951, 0.0208611, -140.177
5691, 94.85000, 89.0862, 141.932, 0.0208719, -140.194
5691, 94.85833, 89.1247, 141.913, 0.0208827, -140.212
5692, 94.86667, 89.1632, 141.894, 0.0208935, -140.23
5693, 94.87500, 89.2017, 141.876, 0.0209044, -140.247
5693, 94.88333, 89.2403, 141.857, 0.0209152, -140.265
5694, 94.89167, 89.279, 141.838, 0.020926, -140.283
5694, 94.90000, 89.3177, 141.819, 0.0209369, -140.301
5694, 94.90833, 89.3564, 141.8, 0.0209478, -140.319
5695, 94.91666, 89.3952, 141.781, 0.0209587, -140.337
5696, 94.92500, 89.4341, 141.762, 0.0209696, -140.355
5696, 94.93333, 89.473, 141.743, 0.0209805, -140.373
5697, 94.94167, 89.5119, 141.724, 0.0209914, -140.391
5697, 94.95000, 89.5509, 141.705, 0.0210024, -140.409
5698, 94.95834, 89.5899, 141.686, 0.0210133, -140.427
5698, 94.96667, 89.629, 141.667, 0.0210243, -140.445
5699, 94.97500, 89.6681, 141.647, 0.0210353, -140.463
5699, 94.98333, 89.7073, 141.628, 0.0210463, -140.482
5699, 94.99167, 89.7465, 141.609, 0.0210573, -140.5
5700, 95.00000, 89.7858, 141.589, 0.0210683, -140.518
5701, 95.00833, 89.8251, 141.57, 0.0210794, -140.537
5701, 95.01667, 89.8645, 141.551, 0.0210904, -140.555
5702, 95.02500, 89.9039, 141.531, 0.0211015, -140.574
5702, 95.03333, 89.9434, 141.512, 0.0211125, -140.592
5703, 95.04166, 89.9829, 141.492, 0.0211236, -140.611
5703, 95.05000, 90.0225, 141.472, 0.0211347, -140.629
5704, 95.05833, 90.0621, 141.453, 0.0211458, -140.648
5704, 95.06667, 90.1018, 141.433, 0.021157, -140.666
5705, 95.07500, 90.1415, 141.413, 0.0211681, -140.685
5705, 95.08334, 90.1812, 141.394, 0.0211792, -140.704
5706, 95.09167, 90.2211, 141.374, 0.0211904, -140.723
5706, 95.10000, 90.2609, 141.354, 0.0212016, -140.741
5707, 95.10833, 90.3008, 141.334, 0.0212128, -140.76
5707, 95.11667, 90.3408, 141.314, 0.021224, -140.779
5707, 95.12500, 90.3808, 141.294, 0.0212352, -140.798
5708, 95.13333, 90.4208, 141.274, 0.0212464, -140.817
5709, 95.14167, 90.4609, 141.254, 0.0212577, -140.836
5709, 95.15000, 90.5011, 141.234, 0.0212689, -140.855
5710, 95.15833, 90.5413, 141.214, 0.0212802, -140.874
5710, 95.16666, 90.5815, 141.194, 0.0212915, -140.893
5711, 95.17500, 90.6218, 141.174, 0.0213028, -140.913
5711, 95.18333, 90.6622, 141.154, 0.0213141, -140.932
5712, 95.19167, 90.7026, 141.133, 0.0213254, -140.951
5712, 95.20000, 90.743, 141.113, 0.0213367, -140.97
5713, 95.20834, 90.7835, 141.093, 0.0213481, -140.99
5713, 95.21667, 90.8241, 141.072, 0.0213594, -141.009
5714, 95.22500, 90.8647, 141.052, 0.0213708, -141.028
5714, 95.23333, 90.9053, 141.031, 0.0213822, -141.048
5715, 95.24167, 90.946, 141.011, 0.0213936, -141.067
5715, 95.25000, 90.9867, 140.99, 0.021405, -141.087
5715, 95.25833, 91.0275, 140.97, 0.0214164, -141.107
5716, 95.26667, 91.0684, 140.949, 0.0214279, -141.126
5717, 95.27500, 91.1092, 140.928, 0.0214393, -141.146
5717, 95.28333, 91.1502, 140.908, 0.0214508, -141.166
5718, 95.29166, 91.1912, 140.887, 0.0214623, -141.185
5718, 95.30000, 91.2322, 140.866, 0.0214738, -141.205
5719, 95.30833, 91.2733, 140.845, 0.0214853, -141.225
5719, 95.31667, 91.3144, 140.824, 0.0214968, -141.245
5720, 95.32500, 91.3556, 140.803, 0.0215083, -141.265
5720, 95.33334, 91.3968, 140.782, 0.0215199, -141.285
5721, 95.34167, 91.4381, 140.761, 0.0215314, -141.305
5721, 95.35000, 91.4794, 140.74, 0.021543, -141.325
5722, 95.35833, 91.5208, 140.719, 0.0215546, -141.345
5722, 95.36667, 91.5623, 140.698, 0.0215662, -141.365
5723, 95.37500, 91.6037, 140.677, 0.0215778, -141.385
5723, 95.38333, 91.6453, 140.656, 0.0215894, -141.406
5723, 95.39167, 91.6868, 140.634, 0.0216011, -141.426
5724, 95.40000, 91.7285, 140.613, 0.0216127, -141.446
5725, 95.40833, 91.7701, 140.592, 0.0216244, -141.467
5725, 95.41666, 91.8119, 140.57, 0.0216361, -141.487
5726, 95.42500, 91.8536, 140.549, 0.0216478, -141.507
5726, 95.43333, 91.8955, 140.527, 0.0216595, -141.528
5727, 95.44167, 91.9374, 140.506, 0.0216712, -141.548
5727, 95.45000, 91.9793, 140.484, 0.0216829, -141.569
5728, 95.45834, 92.0212, 140.462, 0.0216947, -141.59
5728, 95.46667, 92.0633, 140.441, 0.0217064, -141.61
5729, 95.47500, 92.1054, 140.419, 0.0217182, -141.631
5729, 95.48333, 92.1475, 140.397, 0.02173, -141.652
5730, 95.49167, 92.1897, 140.375, 0.0217418, -141.673
5730, 95.50000, 92.2319, 140.354, 0.0217536, -141.693
5731, 95.50833, 92.2741, 140.332, 0.0217654, -141.714
5731, 95.51667, 92.3165, 140.31, 0.0217773, -141.735
5731, 95.52500, 92.3588, 140.288, 0.0217891, -141.756
5732, 95.53333, 92.4013, 140.266, 0.021801, -141.777
5733, 95.54166, 92.4437, 140.244, 0.0218129, -141.798
5733, 95.55000, 92.4863, 140.221, 0.0218248, -141.82
5734, 95.55833, 92.5288, 140.199, 0.0218367, -141.841
5734, 95.56667, 92.5715, 140.177, 0.0218486, -141.862
5735, 95.57500, 92.6141, 140.155, 0.0218605, -141.883
5735, 95.58334, 92.6569, 140.132, 0.0218725, -141.904
5736, 95.59167, 92.6996, 140.11, 0.0218844, -141.926
5736, 95.60000, 92.7424, 140.088, 0.0218964, -141.947
5737, 95.60833, 92.7853, 140.065, 0.0219084, -141.969
5737, 95.61667, 92.8282, 140.043, 0.0219204, -141.99
5738, 95.62500, 92.8712, 140.02, 0.0219324, -142.012
5738, 95.63333, 92.9142, 139.998, 0.0219445, -142.033
5739, 95.64167, 92.9573, 139.975, 0.0219565, -142.055
5739, 95.65000, 93.0004, 139.952, 0.0219686, -142.077
5739, 95.65833, 93.0436, 139.93, 0.0219806, -142.098
5740, 95.66666, 93.0868, 139.907, 0.0219927, -142.12
5741, 95.67500, 93.1301, 139.884, 0.0220048, -142.142
5741, 95.68333, 93.1734, 139.861, 0.0220169, -142.164
5742, 95.69167, 93.2168, 139.838, 0.022029, -142.186
5742, 95.70000, 93.2602, 139.815, 0.0220412, -142.207
5743, 95.70834, 93.3037, 139.792, 0.0220533, -142.229
5743, 95.71667, 93.3472, 139.769, 0.0220655, -142.252
5744, 95.72500, 93.3908, 139.746, 0.0220777, -142.274
5744, 95.73333, 93.4344, 139.723, 0.0220899, -142.296
5745, 95.74167, 93.4781, 139.7, 0.0221021, -142.318
5745, 95.75000, 93.5218, 139.677, 0.0221143, -142.34
5746, 95.75833, 93.5656, 139.653, 0.0221265, -142.362
5746, 95.76667, 93.6094, 139.63, 0.0221388, -142.385
5747, 95.77500, 93.6533, 139.607, 0.022151, -142.407
5747, 95.78333, 93.6972, 139.583, 0.0221633, -142.43
5747, 95.79166, 93.7412, 139.56, 0.0221756, -142.452
5748, 95.80000, 93.7852, 139.536, 0.0221879, -142.475
5749, 95.80833, 93.8293, 139.513, 0.0222002, -142.497
5749, 95.81667, 93.8734, 139.489, 0.0222125, -142.52
5750, 95.82500, 93.9176, 139.465, 0.0222249, -142.542
5750, 95.83334, 93.9618, 139.442, 0.0222372, -142.565
5751, 95.84167, 94.0061, 139.418, 0.0222496, -142.588
5751, 95.85000, 94.0504, 139.394, 0.022262, -142.611
5752, 95.85833, 94.0948, 139.37, 0.0222744, -142.634
5752, 95.86667, 94.1392, 139.346, 0.0222868, -142.656
5753, 95.87500, 94.1837, 139.322, 0.0222992, -142.679
5753, 95.88333, 94.2282, 139.298, 0.0223117, -142.702
5754, 95.89167, 94.2728, 139.274, 0.0223241, -142.725
5754, 95.90000, 94.3174, 139.25, 0.0223366, -142.749
5755, 95.90833, 94.3621, 139.226, 0.0223491, -142.772
5755, 95.91666, 94.4068, 139.202, 0.0223616, -142.795
5755, 95.92500, 94.4516, 139.178, 0.0223741, -142.818
5756, 95.93333, 94.4964, 139.153, 0.0223866, -142.841
5757, 95.94167, 94.5413, 139.129, 0.0223991, -142.865
5757, 95.95000, 94.5862, 139.105, 0.0224117, -142.888
5758, 95.95834, 94.6312, 139.08, 0.0224242, -142.912
5758, 95.96667, 94.6762, 139.056, 0.0224368, -142.935
5759, 95.97500, 94.7213, 139.031, 0.0224494, -142.959
5759, 95.98333, 94.7664, 139.007, 0.022462, -142.982
5760, 95.99167, 94.8116, 138.982, 0.0224746, -143.006
5760, 96.00000, 94.8568, 138.957, 0.0224872, -143.03
5761, 96.00833, 94.9021, 138.932, 0.0224999, -143.053
5761, 96.01667, 94.9474, 138.908, 0.0225125, -143.077
5762, 96.02500, 94.9928, 138.883, 0.0225252, -143.101
5762, 96.03333, 95.0382, 138.858, 0.0225379, -143.125
5763, 96.04166, 95.0837, 138.833, 0.0225506, -143.149
5763, 96.05000, 95.1292, 138.808, 0.0225633, -143.173
5763, 96.05833, 95.1748, 138.783, 0.022576, -143.197
5764, 96.06667, 95.2204, 138.758, 0.0225888, -143.221
5765, 96.07500, 95.2661, 138.733, 0.0226015, -143.245
5765, 96.08334, 95.3118, 138.707, 0.0226143, -143.269
5766, 96.09167, 95.3576, 138.682, 0.0226271, -143.294
5766, 96.10000, 95.4035, 138.657, 0.0226399, -143.318
5767, 96.10833, 95.4493, 138.632, 0.0226527, -143.342
5767, 96.11667, 95.4953, 138.606, 0.0226655, -143.367
5768, 96.12500, 95.5412, 138.581, 0.0226783, -143.391
5768, 96.13333, 95.5873, 138.555, 0.0226912, -143.416
5769, 96.14167, 95.6334, 138.53, 0.0227041, -143.44
5769, 96.15000, 95.6795, 138.504, 0.0227169, -143.465
5770, 96.15833, 95.7257, 138.478, 0.0227298, -143.49
5770, 96.16666, 95.7719, 138.453, 0.0227427, -143.514
5771, 96.17500, 95.8182, 138.427, 0.0227556, -143.539
5771, 96.18333, 95.8645, 138.401, 0.0227686, -143.564
5772, 96.19167, 95.9109, 138.375, 0.0227815, -143.589
5772, 96.20000, 95.9573, 138.349, 0.0227945, -143.614
5773, 96.20834, 96.0038, 138.323, 0.0228075, -143.639
5773, 96.21667, 96.0503, 138.297, 0.0228204, -143.664
5774, 96.22500, 96.0969, 138.271, 0.0228334, -143.689
5774, 96.23333, 96.1435, 138.245, 0.0228465, -143.714
5775, 96.24167, 96.1902, 138.219, 0.0228595, -143.739
5775, 96.25000, 96.2369, 138.192, 0.0228725, -143.765
5776, 96.25833, 96.2837, 138.166, 0.0228856, -143.79
5776, 96.26667, 96.3305, 138.14, 0.0228986, -143.815
5777, 96.27500, 96.3774, 138.113, 0.0229117, -143.841
5777, 96.28333, 96.4243, 138.087, 0.0229248, -143.866
5778, 96.29166, 96.4713, 138.06, 0.0229379, -143.892
5778, 96.30000, 96.5183, 138.034, 0.0229511, -143.917
5779, 96.30833, 96.5654, 138.007, 0.0229642, -143.943
5779, 96.31667, 96.6125, 137.98, 0.0229774, -143.969
5780, 96.32500, 96.6597, 137.954, 0.0229905, -143.995
5780, 96.33334, 96.7069, 137.927, 0.0230037, -144.02
5781, 96.34167, 96.7542, 137.9, 0.0230169, -144.046
5781, 96.35000, 96.8015, 137.873, 0.0230301, -144.072
5782, 96.35833, 96.8489, 137.846, 0.0230433, -144.098
5782, 96.36667, 96.8963, 137.819, 0.0230565, -144.124
5783, 96.37500, 96.9438, 137.792, 0.0230698, -144.15
5783, 96.38333, 96.9913, 137.765, 0.0230831, -144.176
5784, 96.39167, 97.0389, 137.738, 0.0230963, -144.203
5784, 96.40000, 97.0865, 137.71, 0.0231096, -144.229
5785, 96.40833, 97.1342, 137.683, 0.0231229, -144.255
5785, 96.41666, 97.1819, 137.656, 0.0231362, -144.282
5786, 96.42500, 97.2297, 137.628, 0.0231496, -144.308
5786, 96.43333, 97.2775, 137.601, 0.0231629, -144.334
5787, 96.44167, 97.3254, 137.573, 0.0231763, -144.361
5787, 96.45000, 97.3733, 137.546, 0.0231896, -144.388
5788, 96.45834, 97.4212, 137.518, 0.023203, -144.414
5788, 96.46667, 97.4693, 137.49, 0.0232164, -144.441
5789, 96.47500, 97.5173, 137.463, 0.0232298, -144.468
5789, 96.48333, 97.5654, 137.435, 0.0232433, -144.494
5790, 96.49167, 97.6136, 137.407, 0.0232567, -144.521
5790, 96.50000, 97.6618, 137.379, 0.0232701, -144.548
5791, 96.50833, 97.7101, 137.351, 0.0232836, -144.575
5791, 96.51667, 97.7584, 137.323, 0.0232971, -144.602
5792, 96.52500, 97.8067, 137.295, 0.0233106, -144.629
5792, 96.53333, 97.8551, 137.267, 0.0233241, -144.657
5793, 96.54166, 97.9036, 137.239, 0.0233376, -144.684
5793, 96.55000, 97.9521, 137.21, 0.0233511, -144.711
5794, 96.55833, 98.0007, 137.182, 0.0233647, -144.738
5794, 96.56667, 98.0493, 137.154, 0.0233783, -144.766
5795, 96.57500, 98.0979, 137.125, 0.0233918, -144.793
5795, 96.58334, 98.1466, 137.097, 0.0234054, -144.821
5796, 96.59167, 98.1954, 137.068, 0.023419, -144.848
5796, 96.60000, 98.2441, 137.04, 0.0234326, -144.876
5797, 96.60833, 98.293, 137.011, 0.0234463, -144.904
5797, 96.61667, 98.3419, 136.982, 0.0234599, -144.931
5798, 96.62500, 98.3908, 136.953, 0.0234736, -144.959
5798, 96.63333, 98.4398, 136.925, 0.0234872, -144.987
5799, 96.64167, 98.4889, 136.896, 0.0235009, -145.015
5799, 96.65000, 98.5379, 136.867, 0.0235146, -145.043
5800, 96.65833, 98.5871, 136.838, 0.0235283, -145.071
5800, 96.66666, 98.6363, 136.809, 0.023542, -145.099
5801, 96.67500, 98.6855, 136.78, 0.0235558, -145.127
5801, 96.68333, 98.7348, 136.75, 0.0235695, -145.155
5802, 96.69167, 98.7841, 136.721, 0.0235833, -145.184
5802, 96.70000, 98.8335, 136.692, 0.0235971, -145.212
5803, 96.70834, 98.8829, 136.662, 0.0236109, -145.24
5803, 96.71667, 98.9324, 136.633, 0.0236247, -145.269
5804, 96.72500, 98.9819, 136.603, 0.0236385, -145.297
5804, 96.73333, 99.0314, 136.574, 0.0236523, -145.326
5805, 96.74167, 99.081, 136.544, 0.0236662, -145.355
5805, 96.75000, 99.1307, 136.515, 0.02368, -145.383
5806, 96.75833, 99.1804, 136.485, 0.0236939, -145.412
5806, 96.76667, 99.2302, 136.455, 0.0237078, -145.441
5807, 96.77500, 99.28, 136.425, 0.0237217, -145.47
5807, 96.78333, 99.3298, 136.395, 0.0237356, -145.499
5808, 96.79166, 99.3797, 136.365, 0.0237495, -145.528
5808, 96.80000, 99.4297, 136.335, 0.0237634, -145.557
5809, 96.80833, 99.4797, 136.305, 0.0237774, -145.586
5809, 96.81667, 99.5297, 136.275, 0.0237914, -145.615
5810, 96.82500, 99.5798, 136.245, 0.0238053, -145.644
5810, 96.83334, 99.6299, 136.214, 0.0238193, -145.674
5811, 96.84167, 99.6801, 136.184, 0.0238333, -145.703
5811, 96.85000, 99.7303, 136.154, 0.0238473, -145.732
5812, 96.85833, 99.7806, 136.123, 0.0238614, -145.762
5812, 96.86667, 99.8309, 136.093, 0.0238754, -145.792
5813, 96.87500, 99.8813, 136.062, 0.0238895, -145.821
5813, 96.88333, 99.9317, 136.031, 0.0239035, -145.851
5814, 96.89167, 99.9822, 136.001, 0.0239176, -145.881
5814, 96.90000, 100.033, 135.97, 0.0239317, -145.91
5815, 96.90833, 100.083, 135.939, 0.0239458, -145.94
5815, 96.91666, 100.134, 135.908, 0.02396, -145.97
5816, 96.92500, 100.184, 135.877, 0.0239741, -146
5816, 96.93333, 100.235, 135.846, 0.0239882, -146.03
5817, 96.94167, 100.286, 135.815, 0.0240024, -146.06
5817, 96.95000, 100.337, 135.784, 0.0240166, -146.091
5818, 96.95834, 100.387, 135.753, 0.0240308, -146.121
5818, 96.96667, 100.438, 135.721, 0.024045, -146.151
5819, 96.97500, 100.489, 135.69, 0.0240592, -146.182
5819, 96.98333, 100.54, 135.658, 0.0240734, -146.212
5820, 96.99167, 100.591, 135.627, 0.0240876, -146.243
5820, 97.00000, 100.642, 135.595, 0.0241019, -146.273
5821, 97.00833, 100.693, 135.564, 0.0241162, -146.304
5821, 97.01667, 100.745, 135.532, 0.0241304, -146.334
5822, 97.02500, 100.796, 135.5, 0.0241447, -146.365
5822, 97.03333, 100.847, 135.469, 0.024159, -146.396
5823, 97.04166, 100.898, 135.437, 0.0241734, -146.427
5823, 97.05000, 100.95, 135.405, 0.0241877, -146.458
5824, 97.05833, 101.001, 135.373, 0.024202, -146.489
5824, 97.06667, 101.052, 135.341, 0.0242164, -146.52
5825, 97.07500, 101.104, 135.309, 0.0242307, -146.551
5825, 97.08334, 101.155, 135.276, 0.0242451, -146.582
5826, 97.09167, 101.207, 135.244, 0.0242595, -146.614
5826, 97.10000, 101.259, 135.212, 0.0242739, -146.645
5827, 97.10833, 101.31, 135.179, 0.0242883, -146.677
5827, 97.11667, 101.362, 135.147, 0.0243028, -146.708
5828, 97.12500, 101.414, 135.114, 0.0243172, -146.74
5828, 97.13333, 101.465, 135.082, 0.0243317, -146.771
5829, 97.14167, 101.517, 135.049, 0.0243462, -146.803
5829, 97.15000, 101.569, 135.016, 0.0243606, -146.835
5830, 97.15833, 101.621, 134.984, 0.0243751, -146.866
5830, 97.16666, 101.673, 134.951, 0.0243896, -146.898
5831, 97.17500, 101.725, 134.918, 0.0244042, -146.93
5831, 97.18333, 101.777, 134.885, 0.0244187, -146.962
5832, 97.19167, 101.829, 134.852, 0.0244332, -146.994
5832, 97.20000, 101.881, 134.819, 0.0244478, -147.027
5833, 97.20834, 101.933, 134.785, 0.0244624, -147.059
5833, 97.21667, 101.986, 134.752, 0.024477, -147.091
5834, 97.22500, 102.038, 134.719, 0.0244915, -147.123
5834, 97.23333, 102.09, 134.685, 0.0245062, -147.156
5835, 97.24167, 102.142, 134.652, 0.0245208, -147.188
5835, 97.25000, 102.195, 134.618, 0.0245354, -147.221
5836, 97.25833, 102.247, 134.585, 0.0245501, -147.254
5836, 97.26667, 102.3, 134.551, 0.0245647, -147.286
5837, 97.27500, 102.352, 134.517, 0.0245794, -147.319
5837, 97.28333, 102.405, 134.484, 0.0245941, -147.352
5838, 97.29166, 102.457, 134.45, 0.0246088, -147.385
5838, 97.30000, 102.51, 134.416, 0.0246235, -147.418
5839, 97.30833, 102.563, 134.382, 0.0246382, -147.451
5839, 97.31667, 102.615, 134.348, 0.0246529, -147.484
5840, 97.32500, 102.668, 134.313, 0.0246677, -147.517
5840, 97.33334, 102.721, 134.279, 0.0246824, -147.55
5841, 97.34167, 102.774, 134.245, 0.0246972, -147.584
5841, 97.35000, 102.827, 134.211, 0.024712, -147.617
5842, 97.35833, 102.88, 134.176, 0.0247267, -147.651
5842, 97.36667, 102.933, 134.142, 0.0247415, -147.684
5843, 97.37500, 102.986, 134.107, 0.0247564, -147.718
5843, 97.38333, 103.039, 134.072, 0.0247712, -147.751
5844, 97.39167, 103.092, 134.038, 0.024786, -147.785
5844, 97.40000, 103.145, 134.003, 0.0248009, -147.819
5845, 97.40833, 103.198, 133.968, 0.0248157, -147.853
5845, 97.41666, 103.251, 133.933, 0.0248306, -147.887
5846, 97.42500, 103.304, 133.898, 0.0248455, -147.921
5846, 97.43333, 103.358, 133.863, 0.0248604, -147.955
5847, 97.44167, 103.411, 133.828, 0.0248753, -147.989
5847, 97.45000, 103.464, 133.793, 0.0248902, -148.023
5848, 97.45834, 103.518, 133.757, 0.0249052, -148.058
5848, 97.46667, 103.571, 133.722, 0.0249201, -148.092
5849, 97.47500, 103.625, 133.687, 0.0249351, -148.126
5849, 97.48333, 103.678, 133.651, 0.02495, -148.161
5850, 97.49167, 103.732, 133.616, 0.024965, -148.196
5850, 97.50000, 103.785, 133.58, 0.02498, -148.23
5851, 97.50833, 103.839, 133.544, 0.024995, -148.265
5851, 97.51667, 103.893, 133.509, 0.02501, -148.3
5852, 97.52500, 103.946, 133.473, 0.025025, -148.335
5852, 97.53333, 104, 133.437, 0.0250401, -148.37
5853, 97.54166, 104.054, 133.401, 0.0250551, -148.405
5853, 97.55000, 104.108, 133.365, 0.0250702, -148.44
5854, 97.55833, 104.162, 133.329, 0.0250853, -148.475
5854, 97.56667, 104.216, 133.292, 0.0251003, -148.51
5855, 97.57500, 104.27, 133.256, 0.0251154, -148.546
5855, 97.58334, 104.324, 133.22, 0.0251305, -148.581
5856, 97.59167, 104.378, 133.183, 0.0251456, -148.616
5856, 97.60000, 104.432, 133.147, 0.0251608, -148.652
5857, 97.60833, 104.486, 133.11, 0.0251759, -148.688
5857, 97.61667, 104.54, 133.073, 0.0251911, -148.723
5858, 97.62500, 104.594, 133.037, 0.0252062, -148.759
5858, 97.63333, 104.648, 133, 0.0252214, -148.795
5859, 97.64167, 104.702, 132.963, 0.0252366, -148.831
5859, 97.65000, 104.757, 132.926, 0.0252518, -148.867
5860, 97.65833, 104.811, 132.889, 0.025267, -148.903
5860, 97.66666, 104.865, 132.852, 0.0252822, -148.939
5861, 97.67500, 104.92, 132.815, 0.0252974, -148.975
5861, 97.68333, 104.974, 132.777, 0.0253126, -149.012
5862, 97.69167, 105.029, 132.74, 0.0253279, -149.048
5862, 97.70000, 105.083, 132.703, 0.0253431, -149.084
5863, 97.70834, 105.138, 132.665, 0.0253584, -149.121
5863, 97.71667, 105.192, 132.628, 0.0253737, -149.158
5864, 97.72500, 105.247, 132.59, 0.025389, -149.194
5864, 97.73333, 105.301, 132.552, 0.0254043, -149.231
5865, 97.74167, 105.356, 132.515, 0.0254196, -149.268
5865, 97.75000, 105.411, 132.477, 0.0254349, -149.305
5866, 97.75833, 105.465, 132.439, 0.0254502, -149.342
5866, 97.76667, 105.52, 132.401, 0.0254656, -149.379
5867, 97.77500, 105.575, 132.363, 0.0254809, -149.416
5867, 97.78333, 105.63, 132.324, 0.0254963, -149.453
5868, 97.79166, 105.685, 132.286, 0.0255117, -149.49
5868, 97.80000, 105.74, 132.248, 0.025527, -149.528
5869, 97.80833, 105.795, 132.21, 0.0255424, -149.565
5869, 97.81667, 105.85, 132.171, 0.0255578, -149.603
5870, 97.82500, 105.904, 132.132, 0.0255732, -149.64
5870, 97.83334, 105.96, 132.094, 0.0255887, -149.678
5871, 97.84167, 106.015, 132.055, 0.0256041, -149.716
5871, 97.85000, 106.07, 132.016, 0.0256195, -149.753
5872, 97.85833, 106.125, 131.978, 0.025635, -149.791
5872, 97.86667, 106.18, 131.939, 0.0256504, -149.829
5873, 97.87500, 106.235, 131.9, 0.0256659, -149.867
5873, 97.88333, 106.29, 131.86, 0.0256814, -149.906
5874, 97.89167, 106.346, 131.821, 0.0256969, -149.944
5874, 97.90000, 106.401, 131.782, 0.0257124, -149.982
5875, 97.90833, 106.456, 131.743, 0.0257279, -150.02
5875, 97.91666, 106.511, 131.703, 0.0257434, -150.059
5876, 97.92500, 106.567, 131.664, 0.0257589, -150.097
5876, 97.93333, 106.622, 131.624, 0.0257745, -150.136
5877, 97.94167, 106.678, 131.585, 0.02579, -150.175
5877, 97.95000, 106.733, 131.545, 0.0258056, -150.214
5878, 97.95834, 106.789, 131.505, 0.0258211, -150.252
5878, 97.96667, 106.844, 131.465, 0.0258367, -150.291
5879, 97.97500, 106.9, 131.425, 0.0258523, -150.33
5879, 97.98333, 106.955, 131.385, 0.0258679, -150.369
5880, 97.99167, 107.011, 131.345, 0.0258835, -150.409
5880, 98.00000, 107.066, 131.305, 0.0258991, -150.448
5881, 98.00833, 107.122, 131.265, 0.0259147, -150.487
5881, 98.01667, 107.178, 131.224, 0.0259303, -150.527
5882, 98.02500, 107.233, 131.184, 0.025946, -150.566
5882, 98.03333, 107.289, 131.143, 0.0259616, -150.606
5883, 98.04166, 107.345, 131.103, 0.0259773, -150.645
5883, 98.05000, 107.401, 131.062, 0.0259929, -150.685
5884, 98.05833, 107.456, 131.021, 0.0260086, -150.725
5884, 98.06667, 107.512, 130.98, 0.0260243, -150.765
5885, 98.07500, 107.568, 130.939, 0.02604, -150.805
5885, 98.08334, 107.624, 130.898, 0.0260556, -150.845
5886, 98.09167, 107.68, 130.857, 0.0260714, -150.885
5886, 98.10000, 107.736, 130.816, 0.0260871, -150.925
5887, 98.10833, 107.792, 130.775, 0.0261028, -150.965
5887, 98.11667, 107.848, 130.733, 0.0261185, -151.006
5888, 98.12500, 107.904, 130.692, 0.0261343, -151.046
5888, 98.13333, 107.96, 130.65, 0.02615, -151.087
5889, 98.14167, 108.016, 130.609, 0.0261657, -151.128
5889, 98.15000, 108.072, 130.567, 0.0261815, -151.168
5890, 98.15833, 108.128, 130.525, 0.0261973, -151.209
5890, 98.16666, 108.184, 130.484, 0.0262131, -151.25
5891, 98.17500, 108.24, 130.442, 0.0262288, -151.291
5891, 98.18333, 108.296, 130.4, 0.0262446, -151.332
5892, 98.19167, 108.353, 130.358, 0.0262604, -151.373
5892, 98.20000, 108.409, 130.315, 0.0262762, -151.414
5893, 98.20834, 108.465, 130.273, 0.026292, -151.456
5893, 98.21667, 108.521, 130.231, 0.0263079, -151.497
5894, 98.22500, 108.578, 130.188, 0.0263237, -151.538
5894, 98.23333, 108.634, 130.146, 0.0263395, -151.58
5895, 98.24167, 108.69, 130.103, 0.0263554, -151.622
5895, 98.25000, 108.746, 130.061, 0.0263712, -151.663
5896, 98.25833, 108.803, 130.018, 0.0263871, -151.705
5896, 98.26667, 108.859, 129.975, 0.026403, -151.747
5897, 98.27500, 108.916, 129.932, 0.0264188, -151.789
5897, 98.28333, 108.972, 129.889, 0.0264347, -151.831
5898, 98.29166, 109.028, 129.846, 0.0264506, -151.873
5898, 98.30000, 109.085, 129.803, 0.0264665, -151.916
5899, 98.30833, 109.141, 129.759, 0.0264824, -151.958
5899, 98.31667, 109.198, 129.716, 0.0264983, -152
5900, 98.32500, 109.254, 129.673, 0.0265142, -152.043
5900, 98.33334, 109.311, 129.629, 0.0265301, -152.085
5901, 98.34167, 109.367, 129.586, 0.026546, -152.128
5901, 98.35000, 109.424, 129.542, 0.026562, -152.171
5902, 98.35833, 109.48, 129.498, 0.0265779, -152.214
5902, 98.36667, 109.537, 129.454, 0.0265938, -152.257
5903, 98.37500, 109.594, 129.41, 0.0266098, -152.3
5903, 98.38333, 109.65, 129.366, 0.0266257, -152.343
5904, 98.39167, 109.707, 129.322, 0.0266417, -152.386
5904, 98.40000, 109.764, 129.278, 0.0266577, -152.429
5905, 98.40833, 109.82, 129.234, 0.0266736, -152.472
5905, 98.41666, 109.877, 129.189, 0.0266896, -152.516
5906, 98.42500, 109.934, 129.145, 0.0267056, -152.559
5906, 98.43333, 109.99, 129.1, 0.0267216, -152.603
5907, 98.44167, 110.047, 129.055, 0.0267376, -152.647
5907, 98.45000, 110.104, 129.011, 0.0267536, -152.691
5908, 98.45834, 110.16, 128.966, 0.0267696, -152.734
5908, 98.46667, 110.217, 128.921, 0.0267856, -152.778
5909, 98.47500, 110.274, 128.876, 0.0268016, -152.822
5909, 98.48333, 110.331, 128.831, 0.0268176, -152.867
5910, 98.49167, 110.387, 128.786, 0.0268337, -152.911
5910, 98.50000, 110.444, 128.74, 0.0268497, -152.955
5911, 98.50833, 110.501, 128.695, 0.0268657, -153
5911, 98.51667, 110.558, 128.65, 0.0268818, -153.044
5912, 98.52500, 110.615, 128.604, 0.0268978, -153.089
5912, 98.53333, 110.672, 128.558, 0.0269139, -153.133
5913, 98.54166, 110.728, 128.513, 0.0269299, -153.178
5913, 98.55000, 110.785, 128.467, 0.026946, -153.223
5914, 98.55833, 110.842, 128.421, 0.0269621, -153.268
5914, 98.56667, 110.899, 128.375, 0.0269781, -153.313
5915, 98.57500, 110.956, 128.329, 0.0269942, -153.358
5915, 98.58334, 111.013, 128.283, 0.0270103, -153.403
5916, 98.59167, 111.07, 128.236, 0.0270263, -153.449
5916, 98.60000, 111.126, 128.19, 0.0270424, -153.494
5917, 98.60833, 111.183, 128.144, 0.0270585, -153.54
5917, 98.61667, 111.24, 128.097, 0.0270746, -153.585
5918, 98.62500, 111.297, 128.051, 0.0270907, -153.631
5918, 98.63333, 111.354, 128.004, 0.0271068, -153.677
5919, 98.64167, 111.411, 127.957, 0.0271229, -153.722
5919, 98.65000, 111.468, 127.91, 0.027139, -153.768
5920, 98.65833, 111.525, 127.863, 0.0271551, -153.814
5920, 98.66666, 111.582, 127.816, 0.0271712, -153.86
5921, 98.67500, 111.639, 127.769, 0.0271873, -153.907
5921, 98.68333, 111.696, 127.722, 0.0272035, -153.953
5922, 98.69167, 111.753, 127.674, 0.0272196, -153.999
5922, 98.70000, 111.81, 127.627, 0.0272357, -154.046
5923, 98.70834, 111.867, 127.579, 0.0272518, -154.092
5923, 98.71667, 111.923, 127.532, 0.027268, -154.139
5924, 98.72500, 111.98, 127.484, 0.0272841, -154.186
5924, 98.73333, 112.037, 127.436, 0.0273002, -154.233
5925, 98.74167, 112.094, 127.388, 0.0273164, -154.28
5925, 98.75000, 112.151, 127.34, 0.0273325, -154.327
5926, 98.75833, 112.208, 127.292, 0.0273486, -154.374
5926, 98.76667, 112.265, 127.244, 0.0273648, -154.421
5927, 98.77500, 112.322, 127.196, 0.0273809, -154.468
5927, 98.78333, 112.379, 127.148, 0.0273971, -154.516
5928, 98.79166, 112.436, 127.099, 0.0274132, -154.563
5928, 98.80000, 112.493, 127.051, 0.0274294, -154.611
5929, 98.80833, 112.55, 127.002, 0.0274455, -154.659
5929, 98.81667, 112.607, 126.953, 0.0274617, -154.707
5930, 98.82500, 112.664, 126.904, 0.0274778, -154.754
5930, 98.83334, 112.721, 126.855, 0.027494, -154.802
5931, 98.84167, 112.778, 126.806, 0.0275101, -154.85
5931, 98.85000, 112.834, 126.757, 0.0275263, -154.899
5932, 98.85833, 112.891, 126.708, 0.0275424, -154.947
5932, 98.86667, 112.948, 126.659, 0.0275586, -154.995
5933, 98.87500, 113.005, 126.609, 0.0275748, -155.044
5933, 98.88333, 113.062, 126.56, 0.0275909, -155.092
5934, 98.89167, 113.119, 126.51, 0.0276071, -155.141
5934, 98.90000, 113.176, 126.461, 0.0276232, -155.19
5935, 98.90833, 113.233, 126.411, 0.0276394, -155.238
5935, 98.91666, 113.29, 126.361, 0.0276556, -155.287
5936, 98.92500, 113.346, 126.311, 0.0276717, -155.336
5936, 98.93333, 113.403, 126.261, 0.0276879, -155.386
5937, 98.94167, 113.46, 126.211, 0.027704, -155.435
5937, 98.95000, 113.517, 126.161, 0.0277202, -155.484
5938, 98.95834, 113.574, 126.11, 0.0277364, -155.533
5938, 98.96667, 113.63, 126.06, 0.0277525, -155.583
5939, 98.97500, 113.687, 126.009, 0.0277687, -155.633
5939, 98.98333, 113.744, 125.959, 0.0277848, -155.682
5940, 98.99167, 113.801, 125.908, 0.027801, -155.732
5940, 99.00000, 113.857, 125.857, 0.0278172, -155.782
5941, 99.00833, 113.914, 125.806, 0.0278333, -155.832
5941, 99.01667, 113.971, 125.755, 0.0278495, -155.882
5942, 99.02500, 114.028, 125.704, 0.0278656, -155.932
5942, 99.03333, 114.084, 125.653, 0.0278818, -155.982
5943, 99.04166, 114.141, 125.601, 0.0278979, -156.033
5943, 99.05000, 114.198, 125.55, 0.0279141, -156.083
5944, 99.05833, 114.254, 125.499, 0.0279302, -156.134
5944, 99.06667, 114.311, 125.447, 0.0279464, -156.185
5945, 99.07500, 114.367, 125.395, 0.0279625, -156.235
5945, 99.08334, 114.424, 125.343, 0.0279786, -156.286
5946, 99.09167, 114.481, 125.292, 0.0279948, -156.337
5946, 99.10000, 114.537, 125.24, 0.0280109, -156.388
5947, 99.10833, 114.594, 125.188, 0.028027, -156.439
5947, 99.11667, 114.65, 125.135, 0.0280432, -156.491
5948, 99.12500, 114.707, 125.083, 0.0280593, -156.542
5948, 99.13333, 114.763, 125.031, 0.0280754, -156.593
5949, 99.14167, 114.82, 124.978, 0.0280916, -156.645
5949, 99.15000, 114.876, 124.926, 0.0281077, -156.697
5950, 99.15833, 114.932, 124.873, 0.0281238, -156.748
5950, 99.16666, 114.989, 124.82, 0.0281399, -156.8
5951, 99.17500, 115.045, 124.767, 0.028156, -156.852
5951, 99.18333, 115.101, 124.714, 0.0281721, -156.904
5952, 99.19167, 115.158, 124.661, 0.0281882, -156.956
5952, 99.20000, 115.214, 124.608, 0.0282043, -157.009
5953, 99.20834, 115.27, 124.555, 0.0282204, -157.061
5953, 99.21667, 115.326, 124.501, 0.0282365, -157.113
5954, 99.22500, 115.383, 124.448, 0.0282526, -157.166
5954, 99.23333, 115.439, 124.394, 0.0282687, -157.218
5955, 99.24167, 115.495, 124.341, 0.0282847, -157.271
5955, 99.25000, 115.551, 124.287, 0.0283008, -157.324
5956, 99.25833, 115.607, 124.233, 0.0283169, -157.377
5956, 99.26667, 115.663, 124.179, 0.0283329, -157.43
5957, 99.27500, 115.719, 124.125, 0.028349, -157.483
5957, 99.28333, 115.775, 124.071, 0.028365, -157.536
5958, 99.29166, 115.831, 124.017, 0.0283811, -157.59
5958, 99.30000, 115.887, 123.962, 0.0283971, -157.643
5959, 99.30833, 115.943, 123.908, 0.0284131, -157.697
5959, 99.31667, 115.999, 123.853, 0.0284292, -157.75
5960, 99.32500, 116.055, 123.798, 0.0284452, -157.804
5960, 99.33334, 116.11, 123.744, 0.0284612, -157.858
5961, 99.34167, 116.166, 123.689, 0.0284772, -157.912
5961, 99.35000, 116.222, 123.634, 0.0284932, -157.966
5962, 99.35833, 116.278, 123.579, 0.0285092, -158.02
5962, 99.36667, 116.333, 123.523, 0.0285252, -158.074
5963, 99.37500, 116.389, 123.468, 0.0285412, -158.129
5963, 99.38333, 116.444, 123.413, 0.0285572, -158.183
5964, 99.39167, 116.5, 123.357, 0.0285731, -158.238
5964, 99.40000, 116.555, 123.302, 0.0285891, -158.292
5965, 99.40833, 116.611, 123.246, 0.0286051, -158.347
5965, 99.41666, 116.666, 123.19, 0.028621, -158.402
5966, 99.42500, 116.722, 123.134, 0.0286369, -158.457
5966, 99.43333, 116.777, 123.078, 0.0286529, -158.512
5967, 99.44167, 116.832, 123.022, 0.0286688, -158.567
5967, 99.45000, 116.888, 122.966, 0.0286847, -158.623
5968, 99.45834, 116.943, 122.91, 0.0287006, -158.678
5968, 99.46667, 116.998, 122.853, 0.0287165, -158.733
5969, 99.47500, 117.053, 122.797, 0.0287324, -158.789
5969, 99.48333, 117.108, 122.74, 0.0287483, -158.845
5970, 99.49167, 117.163, 122.683, 0.0287642, -158.901
5970, 99.50000, 117.218, 122.627, 0.02878, -158.956
5971, 99.50833, 117.273, 122.57, 0.0287959, -159.012
5971, 99.51667, 117.328, 122.513, 0.0288117, -159.069
5972, 99.52500, 117.383, 122.456, 0.0288275, -159.125
5972, 99.53333, 117.438, 122.398, 0.0288434, -159.181
5973, 99.54166, 117.492, 122.341, 0.0288592, -159.237
5973, 99.55000, 117.547, 122.284, 0.028875, -159.294
5974, 99.55833, 117.602, 122.226, 0.0288908, -159.351
5974, 99.56667, 117.656, 122.168, 0.0289066, -159.407
5975, 99.57500, 117.711, 122.111, 0.0289223, -159.464
5975, 99.58334, 117.765, 122.053, 0.0289381, -159.521
5976, 99.59167, 117.82, 121.995, 0.0289539, -159.578
5976, 99.60000, 117.874, 121.937, 0.0289696, -159.635
5977, 99.60833, 117.929, 121.878, 0.0289853, -159.693
5977, 99.61667, 117.983, 121.82, 0.0290011, -159.75
5978, 99.62500, 118.037, 121.762, 0.0290168, -159.807
5978, 99.63333, 118.091, 121.703, 0.0290325, -159.865
5979, 99.64167, 118.145, 121.645, 0.0290481, -159.923
5979, 99.65000, 118.199, 121.586, 0.0290638, -159.98
5980, 99.65833, 118.253, 121.527, 0.0290795, -160.038
5980, 99.66666, 118.307, 121.468, 0.0290951, -160.096
5981, 99.67500, 118.361, 121.409, 0.0291108, -160.154
5981, 99.68333, 118.415, 121.35, 0.0291264, -160.213
5982, 99.69167, 118.469, 121.291, 0.029142, -160.271
5982, 99.70000, 118.522, 121.232, 0.0291576, -160.329
5983, 99.70834, 118.576, 121.172, 0.0291732, -160.388
5983, 99.71667, 118.63, 121.113, 0.0291887, -160.446
5984, 99.72500, 118.683, 121.053, 0.0292043, -160.505
5984, 99.73333, 118.737, 120.993, 0.0292198, -160.564
5985, 99.74167, 118.79, 120.933, 0.0292354, -160.623
5985, 99.75000, 118.843, 120.873, 0.0292509, -160.682
5986, 99.75833, 118.896, 120.813, 0.0292664, -160.741
5986, 99.76667, 118.95, 120.753, 0.0292819, -160.8
5987, 99.77500, 119.003, 120.693, 0.0292973, -160.86
5987, 99.78333, 119.056, 120.632, 0.0293128, -160.919
5988, 99.79166, 119.109, 120.572, 0.0293282, -160.979
5988, 99.80000, 119.162, 120.511, 0.0293437, -161.038
5989, 99.80833, 119.214, 120.451, 0.0293591, -161.098
5989, 99.81667, 119.267, 120.39, 0.0293745, -161.158
5990, 99.82500, 119.32, 120.329, 0.0293899, -161.218
5990, 99.83334, 119.372, 120.268, 0.0294052, -161.278
5991, 99.84167, 119.425, 120.207, 0.0294206, -161.338
5991, 99.85000, 119.477, 120.145, 0.0294359, -161.399
5992, 99.85833, 119.53, 120.084, 0.0294512, -161.459
5992, 99.86667, 119.582, 120.023, 0.0294665, -161.52
5993, 99.87500, 119.634, 119.961, 0.0294818, -161.58
5993, 99.88333, 119.687, 119.899, 0.0294971, -161.641
5994, 99.89167, 119.739, 119.838, 0.0295123, -161.702
5994, 99.90000, 119.791, 119.776, 0.0295276, -161.763
5995, 99.90833, 119.843, 119.714, 0.0295428, -161.824
5995, 99.91666, 119.894, 119.652, 0.029558, -161.885
5996, 99.92500, 119.946, 119.589, 0.0295732, -161.947
5996, 99.93333, 119.998, 119.527, 0.0295883, -162.008
5997, 99.94167, 120.049, 119.465, 0.0296035, -162.069
5997, 99.95000, 120.101, 119.402, 0.0296186, -162.131
5998, 99.95834, 120.152, 119.339, 0.0296337, -162.193
5998, 99.96667, 120.204, 119.277, 0.0296488, -162.255
5999, 99.97500, 120.255, 119.214, 0.0296638, -162.317
5999, 99.98333, 120.306, 119.151, 0.0296789, -162.379
6000, 99.99167, 120.357, 119.088, 0.0296939, -162.441
6000, 100.00000, 120.408, 119.025, 0.0297089, -162.503
