Freq, Harmonic, V1, VAngle1, V2, VAngle2, V3, VAngle3, I1, IAngle1, I2, IAngle2, I3, IAngle3
60, 1.00000, 15006, -3.43713, 14934.4, -124.412, 14959.8, 115.839, 9.90801, 78.8702, 9.65517, -47.0716, 9.89214, -161.947
60, 1.00833, 12107.1, -1.14576, 12694.7, -124.423, 12785.9, 116.611, 7.19715, 68.7676, 7.70659, -66.2536, 7.73178, -172.26
61, 1.01667, 1.72934, -11.4714, 56.1689, -90.0051, 57.8343, 90.3296, 0.00112419, 73.9622, 0.0365976, -13.481, 0.0387375, 172.08
62, 1.02500, 1.7396, -11.8388, 56.3509, -89.857, 58.0238, 90.4819, 0.00114172, 73.6145, 0.0370591, -13.1698, 0.0392231, 172.334
62, 1.03333, 1.74992, -12.2048, 56.5342, -89.7099, 58.2147, 90.6332, 0.00115944, 73.2684, 0.0375238, -12.8628, 0.0397119, 172.585
63, 1.04167, 1.76032, -12.5693, 56.7188, -89.5638, 58.4069, 90.7835, 0.00117734, 72.9237, 0.0379918, -12.5599, 0.040204, 172.834
63, 1.05000, 1.77078, -12.9322, 56.9047, -89.4187, 58.6005, 90.9328, 0.00119541, 72.5806, 0.038463, -12.261, 0.0406995, 173.079
63, 1.05833, 1.78131, -13.2936, 57.092, -89.2746, 58.7955, 91.0811, 0.00121367, 72.239, 0.0389375, -11.966, 0.0411983, 173.321
64, 1.06667, 1.7919, -13.6537, 57.2805, -89.1315, 58.9919, 91.2284, 0.00123211, 71.8987, 0.0394154, -11.6748, 0.0417006, 173.561
65, 1.07500, 1.80257, -14.0122, 57.4703, -88.9894, 59.1896, 91.3747, 0.00125074, 71.5599, 0.0398966, -11.3875, 0.0422063, 173.798
65, 1.08333, 1.8133, -14.3693, 57.6615, -88.8484, 59.3887, 91.52, 0.00126955, 71.2225, 0.0403811, -11.1038, 0.0427154, 174.032
66, 1.09167, 1.8241, -14.7251, 57.8539, -88.7083, 59.5891, 91.6642, 0.00128855, 70.8864, 0.0408691, -10.8238, 0.043228, 174.264
66, 1.10000, 1.83497, -15.0795, 58.0477, -88.5692, 59.791, 91.8074, 0.00130774, 70.5517, 0.0413604, -10.5474, 0.0437441, 174.493
66, 1.10833, 1.84591, -15.4325, 58.2427, -88.4311, 59.9941, 91.9496, 0.00132712, 70.2183, 0.0418551, -10.2745, 0.0442636, 174.719
67, 1.11667, 1.85691, -15.7842, 58.4391, -88.2941, 60.1987, 92.0908, 0.00134669, 69.8861, 0.0423534, -10.005, 0.0447868, 174.943
68, 1.12500, 1.86798, -16.1346, 58.6367, -88.1581, 60.4046, 92.231, 0.00136645, 69.5552, 0.0428551, -9.739, 0.0453135, 175.164
68, 1.13333, 1.87912, -16.4837, 58.8356, -88.023, 60.6119, 92.3701, 0.00138641, 69.2256, 0.0433602, -9.4763, 0.0458438, 175.383
69, 1.14167, 1.89034, -16.8315, 59.0359, -87.889, 60.8206, 92.5082, 0.00140656, 68.8972, 0.043869, -9.21686, 0.0463778, 175.599
69, 1.15000, 1.90161, -17.1781, 59.2374, -87.7561, 61.0306, 92.6453, 0.00142691, 68.5699, 0.0443813, -8.96068, 0.0469154, 175.813
69, 1.15833, 1.91296, -17.5234, 59.4403, -87.6241, 61.242, 92.7813, 0.00144745, 68.2439, 0.0448971, -8.70769, 0.0474567, 176.025
70, 1.16667, 1.92438, -17.8675, 59.6445, -87.4932, 61.4548, 92.9164, 0.0014682, 67.9189, 0.0454165, -8.45779, 0.0480017, 176.234
71, 1.17500, 1.93586, -18.2105, 59.8499, -87.3633, 61.6689, 93.0503, 0.00148914, 67.5951, 0.0459395, -8.21101, 0.0485504, 176.441
71, 1.18333, 1.94741, -18.5523, 60.0566, -87.2345, 61.8844, 93.1833, 0.00151029, 67.2724, 0.0464662, -7.96725, 0.0491028, 176.645
72, 1.19167, 1.95904, -18.8929, 60.2647, -87.1066, 62.1013, 93.3153, 0.00153164, 66.9507, 0.0469966, -7.72646, 0.0496591, 176.847
72, 1.20000, 1.97073, -19.2324, 60.4741, -86.9798, 62.3195, 93.4462, 0.00155319, 66.6301, 0.0475306, -7.48864, 0.0502191, 177.048
72, 1.20833, 1.98249, -19.5708, 60.6847, -86.854, 62.5391, 93.576, 0.00157495, 66.3105, 0.0480683, -7.25372, 0.0507829, 177.245
73, 1.21667, 1.99432, -19.9082, 60.8967, -86.7292, 62.7601, 93.7049, 0.00159692, 65.9918, 0.0486097, -7.02162, 0.0513507, 177.441
74, 1.22500, 2.00622, -20.2445, 61.11, -86.6055, 62.9824, 93.8327, 0.00161909, 65.6742, 0.0491549, -6.79237, 0.0519223, 177.635
74, 1.23333, 2.01819, -20.5797, 61.3245, -86.4828, 63.2061, 93.9595, 0.00164148, 65.3576, 0.0497039, -6.56589, 0.0524978, 177.826
75, 1.24167, 2.03023, -20.9139, 61.5404, -86.3611, 63.4312, 94.0853, 0.00166408, 65.0418, 0.0502567, -6.34212, 0.0530773, 178.015
75, 1.25000, 2.04234, -21.2471, 61.7576, -86.2405, 63.6577, 94.21, 0.00168688, 64.727, 0.0508133, -6.12107, 0.0536606, 178.202
75, 1.25833, 2.05453, -21.5793, 61.9761, -86.1208, 63.8855, 94.3338, 0.00170991, 64.413, 0.0513737, -5.90268, 0.054248, 178.388
76, 1.26667, 2.06678, -21.9106, 62.1959, -86.0022, 64.1148, 94.4565, 0.00173315, 64.0999, 0.0519381, -5.68689, 0.0548395, 178.571
77, 1.27500, 2.0791, -22.241, 62.417, -85.8847, 64.3454, 94.5781, 0.00175661, 63.7877, 0.0525063, -5.47371, 0.0554349, 178.752
77, 1.28333, 2.0915, -22.5704, 62.6394, -85.7681, 64.5774, 94.6988, 0.00178028, 63.4763, 0.0530784, -5.26309, 0.0560344, 178.931
78, 1.29167, 2.10396, -22.8989, 62.8631, -85.6526, 64.8107, 94.8184, 0.00180418, 63.1656, 0.0536545, -5.05496, 0.056638, 179.108
78, 1.30000, 2.1165, -23.2266, 63.0881, -85.5381, 65.0455, 94.9371, 0.0018283, 62.8558, 0.0542345, -4.84934, 0.0572457, 179.283
78, 1.30833, 2.12911, -23.5533, 63.3144, -85.4246, 65.2816, 95.0547, 0.00185264, 62.5467, 0.0548186, -4.64618, 0.0578576, 179.457
79, 1.31667, 2.14179, -23.8793, 63.5421, -85.3121, 65.5191, 95.1713, 0.00187721, 62.2383, 0.0554067, -4.44542, 0.0584736, 179.628
80, 1.32500, 2.15455, -24.2044, 63.7711, -85.2007, 65.758, 95.2868, 0.001902, 61.9307, 0.0559987, -4.24707, 0.0590939, 179.798
80, 1.33333, 2.16737, -24.5287, 64.0014, -85.0903, 65.9983, 95.4014, 0.00192702, 61.6237, 0.0565949, -4.05109, 0.0597183, 179.965
81, 1.34167, 2.18027, -24.8523, 64.233, -84.9809, 66.2401, 95.515, 0.00195227, 61.3174, 0.0571952, -3.85742, 0.0603471, -179.869
81, 1.35000, 2.19325, -25.1751, 64.4659, -84.8725, 66.4831, 95.6275, 0.00197775, 61.0118, 0.0577995, -3.66608, 0.06098, -179.705
81, 1.35833, 2.20629, -25.4972, 64.7001, -84.7651, 66.7276, 95.739, 0.00200346, 60.7068, 0.058408, -3.47702, 0.0616173, -179.543
82, 1.36667, 2.21941, -25.8185, 64.9357, -84.6588, 66.9735, 95.8496, 0.00202941, 60.4024, 0.0590207, -3.29018, 0.062259, -179.382
83, 1.37500, 2.2326, -26.1391, 65.1726, -84.5534, 67.2208, 95.9591, 0.00205559, 60.0986, 0.0596376, -3.10559, 0.062905, -179.224
83, 1.38333, 2.24587, -26.4591, 65.4108, -84.4491, 67.4695, 96.0676, 0.00208201, 59.7954, 0.0602586, -2.92321, 0.0635554, -179.067
84, 1.39167, 2.25921, -26.7784, 65.6504, -84.3458, 67.7196, 96.1752, 0.00210868, 59.4927, 0.060884, -2.74297, 0.0642103, -178.911
84, 1.40000, 2.27263, -27.0971, 65.8913, -84.2435, 67.9711, 96.2817, 0.00213557, 59.1906, 0.0615136, -2.5649, 0.0648695, -178.758
84, 1.40833, 2.28612, -27.4151, 66.1335, -84.1422, 68.224, 96.3873, 0.00216271, 58.889, 0.0621474, -2.38896, 0.0655332, -178.606
85, 1.41667, 2.29968, -27.7325, 66.377, -84.0418, 68.4783, 96.4918, 0.0021901, 58.5878, 0.0627857, -2.2151, 0.0662015, -178.456
86, 1.42500, 2.31332, -28.0494, 66.6219, -83.9426, 68.7341, 96.5954, 0.00221773, 58.2872, 0.0634282, -2.04334, 0.0668743, -178.308
86, 1.43333, 2.32704, -28.3656, 66.8681, -83.8443, 68.9912, 96.6979, 0.00224561, 57.987, 0.0640751, -1.87363, 0.0675516, -178.161
87, 1.44167, 2.34083, -28.6814, 67.1157, -83.747, 69.2498, 96.7995, 0.00227374, 57.6872, 0.0647265, -1.70594, 0.0682336, -178.016
87, 1.45000, 2.3547, -28.9965, 67.3646, -83.6507, 69.5099, 96.9002, 0.00230211, 57.3879, 0.0653822, -1.54027, 0.0689201, -177.872
87, 1.45833, 2.36864, -29.3112, 67.6148, -83.5554, 69.7713, 96.9998, 0.00233074, 57.089, 0.0660424, -1.3766, 0.0696113, -177.73
88, 1.46667, 2.38266, -29.6254, 67.8665, -83.4611, 70.0342, 97.0984, 0.00235962, 56.7904, 0.0667071, -1.21488, 0.0703072, -177.59
89, 1.47500, 2.39676, -29.9391, 68.1194, -83.3678, 70.2985, 97.1961, 0.00238876, 56.4922, 0.0673762, -1.05513, 0.0710077, -177.451
89, 1.48333, 2.41093, -30.2524, 68.3737, -83.2754, 70.5643, 97.2928, 0.00241816, 56.1943, 0.0680499, -0.897305, 0.071713, -177.314
90, 1.49167, 2.42519, -30.5653, 68.6294, -83.1841, 70.8315, 97.3886, 0.00244781, 55.8968, 0.0687282, -0.741373, 0.0724232, -177.179
90, 1.50000, 2.43952, -30.8777, 68.8864, -83.0938, 71.1001, 97.4833, 0.00247772, 55.5995, 0.069411, -0.58735, 0.073138, -177.045
90, 1.50833, 2.45392, -31.1897, 69.1448, -83.0044, 71.3702, 97.5771, 0.0025079, 55.3026, 0.0700985, -0.4352, 0.0738577, -176.912
91, 1.51667, 2.46841, -31.5013, 69.4046, -82.916, 71.6418, 97.67, 0.00253834, 55.0059, 0.0707906, -0.284885, 0.0745824, -176.781
92, 1.52500, 2.48297, -31.8126, 69.6657, -82.8287, 71.9148, 97.7619, 0.00256904, 54.7095, 0.0714873, -0.136424, 0.0753118, -176.651
92, 1.53333, 2.49762, -32.1235, 69.9281, -82.7422, 72.1893, 97.8528, 0.00260002, 54.4133, 0.0721888, 0.0102183, 0.0760461, -176.523
93, 1.54167, 2.51234, -32.4341, 70.192, -82.6568, 72.4653, 97.9428, 0.00263126, 54.1173, 0.072895, 0.155077, 0.0767855, -176.397
93, 1.55000, 2.52714, -32.7443, 70.4573, -82.5724, 72.7427, 98.0318, 0.00266277, 53.8216, 0.0736059, 0.298134, 0.0775298, -176.272
93, 1.55833, 2.54202, -33.0543, 70.7239, -82.4889, 73.0216, 98.1199, 0.00269456, 53.526, 0.0743216, 0.439423, 0.0782791, -176.148
94, 1.56667, 2.55698, -33.364, 70.9919, -82.4064, 73.302, 98.207, 0.00272662, 53.2306, 0.0750421, 0.578977, 0.0790336, -176.026
94, 1.57500, 2.57202, -33.6735, 71.2613, -82.3248, 73.5839, 98.2932, 0.00275895, 52.9353, 0.0757674, 0.716779, 0.079793, -175.905
95, 1.58333, 2.58714, -33.9827, 71.5321, -82.2443, 73.8672, 98.3784, 0.00279157, 52.6401, 0.0764976, 0.852861, 0.0805575, -175.785
96, 1.59167, 2.60234, -34.2917, 71.8043, -82.1646, 74.1521, 98.4628, 0.00282446, 52.3451, 0.0772328, 0.987254, 0.0813273, -175.667
96, 1.60000, 2.61763, -34.6005, 72.0778, -82.086, 74.4385, 98.5461, 0.00285763, 52.0502, 0.0779728, 1.11994, 0.0821021, -175.551
96, 1.60833, 2.63299, -34.9091, 72.3528, -82.0083, 74.7263, 98.6286, 0.00289109, 51.7553, 0.0787177, 1.25095, 0.0828822, -175.436
97, 1.61667, 2.64843, -35.2175, 72.6292, -81.9316, 75.0157, 98.7101, 0.00292483, 51.4605, 0.0794677, 1.38032, 0.0836676, -175.322
98, 1.62500, 2.66396, -35.5258, 72.907, -81.8559, 75.3066, 98.7907, 0.00295886, 51.1657, 0.0802226, 1.50802, 0.0844581, -175.209
98, 1.63333, 2.67956, -35.8339, 73.1862, -81.7811, 75.599, 98.8703, 0.00299318, 50.871, 0.0809826, 1.6341, 0.085254, -175.098
99, 1.64167, 2.69526, -36.142, 73.4668, -81.7072, 75.893, 98.9491, 0.00302779, 50.5762, 0.0817477, 1.75856, 0.0860553, -174.988
99, 1.65000, 2.71102, -36.4499, 73.7489, -81.6343, 76.1884, 99.0269, 0.00306269, 50.2815, 0.0825179, 1.88141, 0.0868619, -174.88
99, 1.65833, 2.72688, -36.7577, 74.0323, -81.5624, 76.4855, 99.1038, 0.00309788, 49.9868, 0.0832931, 2.00266, 0.087674, -174.772
100, 1.66667, 2.74281, -37.0655, 74.3172, -81.4914, 76.784, 99.1798, 0.00313337, 49.692, 0.0840736, 2.12235, 0.0884915, -174.667
101, 1.67500, 2.75883, -37.3732, 74.6036, -81.4213, 77.0841, 99.2548, 0.00316915, 49.3971, 0.0848593, 2.24045, 0.0893144, -174.562
101, 1.68333, 2.77493, -37.6808, 74.8913, -81.3523, 77.3858, 99.329, 0.00320524, 49.1022, 0.0856501, 2.35701, 0.0901429, -174.459
102, 1.69167, 2.79112, -37.9885, 75.1805, -81.2841, 77.6891, 99.4023, 0.00324162, 48.8072, 0.0864463, 2.47203, 0.090977, -174.357
102, 1.70000, 2.80738, -38.2962, 75.4712, -81.2169, 77.9939, 99.4746, 0.00327831, 48.5121, 0.0872476, 2.5855, 0.0918166, -174.256
102, 1.70833, 2.82373, -38.6038, 75.7633, -81.1506, 78.3002, 99.5461, 0.0033153, 48.2168, 0.0880543, 2.69746, 0.0926618, -174.157
103, 1.71667, 2.84016, -38.9116, 76.0569, -81.0853, 78.6082, 99.6166, 0.0033526, 47.9214, 0.0888664, 2.80792, 0.0935128, -174.058
104, 1.72500, 2.85668, -39.2193, 76.3519, -81.0209, 78.9178, 99.6863, 0.0033902, 47.6259, 0.0896838, 2.91687, 0.0943694, -173.961
104, 1.73333, 2.87328, -39.5271, 76.6483, -80.9574, 79.2289, 99.7551, 0.00342811, 47.3302, 0.0905066, 3.02433, 0.0952317, -173.866
105, 1.74167, 2.88996, -39.8351, 76.9463, -80.8949, 79.5417, 99.8229, 0.00346634, 47.0343, 0.091335, 3.13033, 0.0960998, -173.771
105, 1.75000, 2.90673, -40.1431, 77.2457, -80.8333, 79.856, 99.8899, 0.00350487, 46.7382, 0.0921687, 3.23486, 0.0969737, -173.678
105, 1.75833, 2.92358, -40.4512, 77.5466, -80.7726, 80.172, 99.956, 0.00354372, 46.4419, 0.0930079, 3.33793, 0.0978535, -173.586
106, 1.76667, 2.94052, -40.7594, 77.849, -80.7129, 80.4896, 100.021, 0.00358289, 46.1453, 0.0938528, 3.43956, 0.0987392, -173.495
107, 1.77500, 2.95753, -41.0678, 78.1528, -80.6541, 80.8089, 100.086, 0.00362238, 45.8485, 0.0947031, 3.53975, 0.0996307, -173.405
107, 1.78333, 2.97464, -41.3763, 78.4582, -80.5962, 81.1297, 100.149, 0.00366218, 45.5515, 0.095559, 3.63852, 0.100528, -173.317
108, 1.79167, 2.99182, -41.6851, 78.7651, -80.5392, 81.4523, 100.212, 0.0037023, 45.2541, 0.0964207, 3.73588, 0.101432, -173.229
108, 1.80000, 3.00909, -41.994, 79.0734, -80.4832, 81.7765, 100.273, 0.00374275, 44.9565, 0.0972879, 3.83183, 0.102341, -173.143
108, 1.80833, 3.02645, -42.3031, 79.3832, -80.428, 82.1023, 100.334, 0.00378351, 44.6586, 0.0981609, 3.92638, 0.103257, -173.058
109, 1.81667, 3.04388, -42.6125, 79.6946, -80.3738, 82.4298, 100.394, 0.00382461, 44.3603, 0.0990396, 4.01955, 0.104179, -172.975
109, 1.82500, 3.0614, -42.9221, 80.0075, -80.3205, 82.759, 100.453, 0.00386603, 44.0617, 0.0999241, 4.11133, 0.105107, -172.892
110, 1.83333, 3.07901, -43.2319, 80.3219, -80.2682, 83.0899, 100.511, 0.00390778, 43.7627, 0.100814, 4.20175, 0.106041, -172.811
111, 1.84167, 3.0967, -43.5421, 80.6379, -80.2167, 83.4225, 100.569, 0.00394986, 43.4634, 0.101711, 4.29081, 0.106981, -172.73
111, 1.85000, 3.11447, -43.8525, 80.9553, -80.1661, 83.7568, 100.625, 0.00399226, 43.1637, 0.102612, 4.37851, 0.107928, -172.651
111, 1.85833, 3.13232, -44.1632, 81.2743, -80.1165, 84.0928, 100.681, 0.004035, 42.8635, 0.10352, 4.46487, 0.108881, -172.573
112, 1.86667, 3.15026, -44.4742, 81.5949, -80.0678, 84.4305, 100.736, 0.00407808, 42.563, 0.104434, 4.5499, 0.109841, -172.496
113, 1.87500, 3.16828, -44.7856, 81.9169, -80.02, 84.77, 100.79, 0.00412149, 42.262, 0.105354, 4.63359, 0.110806, -172.42
113, 1.88333, 3.18638, -45.0973, 82.2406, -79.973, 85.1112, 100.843, 0.00416523, 41.9606, 0.10628, 4.71596, 0.111779, -172.345
114, 1.89167, 3.20457, -45.4094, 82.5658, -79.927, 85.4542, 100.895, 0.00420932, 41.6587, 0.107212, 4.79703, 0.112758, -172.272
114, 1.90000, 3.22283, -45.7218, 82.8925, -79.8819, 85.7989, 100.947, 0.00425374, 41.3563, 0.10815, 4.87678, 0.113743, -172.199
114, 1.90833, 3.24118, -46.0346, 83.2208, -79.8377, 86.1453, 100.997, 0.00429849, 41.0535, 0.109094, 4.95523, 0.114735, -172.128
115, 1.91667, 3.25961, -46.3479, 83.5508, -79.7944, 86.4936, 101.047, 0.0043436, 40.7502, 0.110044, 5.0324, 0.115734, -172.057
116, 1.92500, 3.27812, -46.6615, 83.8822, -79.752, 86.8437, 101.096, 0.00438904, 40.4463, 0.111, 5.10828, 0.116739, -171.988
116, 1.93333, 3.29671, -46.9756, 84.2153, -79.7105, 87.1955, 101.144, 0.00443482, 40.1419, 0.111963, 5.18289, 0.117751, -171.92
117, 1.94167, 3.31538, -47.2901, 84.55, -79.6699, 87.5492, 101.191, 0.00448095, 39.837, 0.112932, 5.25623, 0.11877, -171.853
117, 1.95000, 3.33413, -47.6051, 84.8862, -79.6302, 87.9047, 101.237, 0.00452742, 39.5315, 0.113907, 5.3283, 0.119795, -171.787
117, 1.95833, 3.35296, -47.9206, 85.224, -79.5914, 88.262, 101.283, 0.00457424, 39.2255, 0.114888, 5.39911, 0.120828, -171.721
118, 1.96667, 3.37187, -48.2366, 85.5635, -79.5535, 88.6212, 101.327, 0.00462141, 38.9188, 0.115876, 5.46868, 0.121867, -171.657
119, 1.97500, 3.39086, -48.553, 85.9046, -79.5164, 88.9822, 101.371, 0.00466891, 38.6116, 0.116871, 5.537, 0.122914, -171.595
119, 1.98333, 3.40992, -48.87, 86.2473, -79.4803, 89.3451, 101.414, 0.00471677, 38.3037, 0.117871, 5.60408, 0.123967, -171.533
120, 1.99167, 3.42906, -49.1875, 86.5916, -79.4451, 89.7099, 101.456, 0.00476498, 37.9953, 0.118878, 5.66993, 0.125028, -171.472
120, 2.00000, 3.44827, -49.5055, 86.9375, -79.4107, 90.0766, 101.498, 0.00481353, 37.6862, 0.119892, 5.73456, 0.126095, -171.412
120, 2.00833, 3.46756, -49.8241, 87.2851, -79.3772, 90.4451, 101.538, 0.00486243, 37.3764, 0.120912, 5.79796, 0.12717, -171.353
121, 2.01667, 3.48693, -50.1432, 87.6343, -79.3447, 90.8156, 101.578, 0.00491168, 37.066, 0.121939, 5.86015, 0.128252, -171.295
122, 2.02500, 3.50637, -50.4629, 87.9852, -79.313, 91.188, 101.617, 0.00496128, 36.755, 0.122973, 5.92113, 0.129342, -171.239
122, 2.03333, 3.52588, -50.7832, 88.3377, -79.2822, 91.5623, 101.655, 0.00501122, 36.4432, 0.124013, 5.98091, 0.130438, -171.183
123, 2.04167, 3.54546, -51.1041, 88.6919, -79.2522, 91.9386, 101.692, 0.00506152, 36.1307, 0.12506, 6.0395, 0.131542, -171.128
123, 2.05000, 3.56511, -51.4256, 89.0477, -79.2232, 92.3169, 101.729, 0.00511216, 35.8176, 0.126113, 6.09689, 0.132654, -171.075
123, 2.05833, 3.58484, -51.7477, 89.4052, -79.1951, 92.6971, 101.764, 0.00516315, 35.5038, 0.127174, 6.15309, 0.133773, -171.022
124, 2.06667, 3.60463, -52.0705, 89.7644, -79.1678, 93.0793, 101.799, 0.0052145, 35.1892, 0.128241, 6.20812, 0.1349, -170.97
125, 2.07500, 3.62449, -52.3939, 90.1252, -79.1414, 93.4635, 101.833, 0.00526619, 34.8739, 0.129315, 6.26196, 0.136034, -170.919
125, 2.08333, 3.64441, -52.7179, 90.4878, -79.1159, 93.8497, 101.866, 0.00531822, 34.5578, 0.130396, 6.31463, 0.137175, -170.87
126, 2.09167, 3.6644, -53.0427, 90.852, -79.0912, 94.238, 101.898, 0.00537061, 34.241, 0.131484, 6.36614, 0.138325, -170.821
126, 2.10000, 3.68446, -53.368, 91.218, -79.0675, 94.6283, 101.93, 0.00542334, 33.9234, 0.132579, 6.41648, 0.139482, -170.773
126, 2.10833, 3.70457, -53.6941, 91.5856, -79.0446, 95.0206, 101.961, 0.00547641, 33.6051, 0.133681, 6.46567, 0.140647, -170.726
127, 2.11667, 3.72475, -54.0208, 91.9549, -79.0226, 95.4151, 101.991, 0.00552983, 33.286, 0.13479, 6.51371, 0.141821, -170.681
128, 2.12500, 3.74499, -54.3482, 92.326, -79.0015, 95.8116, 102.02, 0.00558359, 32.9661, 0.135906, 6.5606, 0.143002, -170.636
128, 2.13333, 3.76528, -54.6764, 92.6988, -78.9812, 96.2102, 102.048, 0.0056377, 32.6454, 0.137029, 6.60634, 0.144191, -170.592
129, 2.14167, 3.78563, -55.0052, 93.0733, -78.9619, 96.6109, 102.075, 0.00569214, 32.3239, 0.13816, 6.65095, 0.145388, -170.549
129, 2.15000, 3.80604, -55.3348, 93.4495, -78.9434, 97.0138, 102.102, 0.00574693, 32.0016, 0.139297, 6.69442, 0.146593, -170.507
129, 2.15833, 3.82649, -55.665, 93.8275, -78.9257, 97.4188, 102.128, 0.00580205, 31.6785, 0.140442, 6.73676, 0.147806, -170.466
130, 2.16667, 3.847, -55.996, 94.2072, -78.909, 97.826, 102.153, 0.00585751, 31.3545, 0.141594, 6.77798, 0.149028, -170.426
131, 2.17500, 3.86756, -56.3277, 94.5887, -78.8931, 98.2353, 102.177, 0.00591329, 31.0298, 0.142754, 6.81808, 0.150258, -170.388
131, 2.18333, 3.88817, -56.6602, 94.9719, -78.8781, 98.6468, 102.2, 0.00596941, 30.7042, 0.14392, 6.85705, 0.151497, -170.349
132, 2.19167, 3.90882, -56.9934, 95.3569, -78.8639, 99.0606, 102.223, 0.00602587, 30.3778, 0.145095, 6.89492, 0.152744, -170.312
132, 2.20000, 3.92951, -57.3273, 95.7436, -78.8507, 99.4765, 102.245, 0.00608265, 30.0506, 0.146276, 6.93167, 0.153999, -170.276
132, 2.20833, 3.95024, -57.6619, 96.1321, -78.8382, 99.8947, 102.266, 0.00613974, 29.7225, 0.147466, 6.96732, 0.155263, -170.241
133, 2.21667, 3.97102, -57.9974, 96.5225, -78.8267, 100.315, 102.286, 0.00619717, 29.3936, 0.148662, 7.00188, 0.156536, -170.207
134, 2.22500, 3.99183, -58.3335, 96.9145, -78.816, 100.738, 102.305, 0.00625491, 29.0638, 0.149867, 7.03533, 0.157817, -170.174
134, 2.23333, 4.01267, -58.6704, 97.3084, -78.8062, 101.163, 102.324, 0.00631296, 28.7332, 0.151079, 7.06769, 0.159107, -170.141
135, 2.24167, 4.03355, -59.0081, 97.7041, -78.7972, 101.59, 102.341, 0.00637134, 28.4018, 0.152298, 7.09896, 0.160406, -170.11
135, 2.25000, 4.05445, -59.3465, 98.1015, -78.7892, 102.02, 102.358, 0.00643001, 28.0695, 0.153526, 7.12914, 0.161714, -170.08
135, 2.25833, 4.07538, -59.6856, 98.5007, -78.7819, 102.452, 102.374, 0.00648899, 27.7365, 0.154761, 7.15825, 0.163031, -170.05
136, 2.26667, 4.09633, -60.0255, 98.9018, -78.7756, 102.886, 102.39, 0.00654828, 27.4025, 0.156003, 7.18627, 0.164357, -170.022
137, 2.27500, 4.1173, -60.3661, 99.3047, -78.7701, 103.323, 102.404, 0.00660785, 27.0678, 0.157254, 7.21323, 0.165693, -169.994
137, 2.28333, 4.1383, -60.7074, 99.7094, -78.7654, 103.762, 102.418, 0.00666772, 26.7322, 0.158513, 7.23911, 0.167037, -169.968
138, 2.29167, 4.15931, -61.0494, 100.116, -78.7616, 104.204, 102.43, 0.00672788, 26.3958, 0.159779, 7.26392, 0.168391, -169.942
138, 2.30000, 4.18032, -61.3922, 100.524, -78.7587, 104.648, 102.442, 0.00678832, 26.0586, 0.161053, 7.28768, 0.169754, -169.917
138, 2.30833, 4.20135, -61.7357, 100.934, -78.7566, 105.095, 102.454, 0.00684903, 25.7206, 0.162336, 7.31037, 0.171127, -169.893
139, 2.31667, 4.22239, -62.0798, 101.347, -78.7554, 105.544, 102.464, 0.00691003, 25.3818, 0.163626, 7.33201, 0.172509, -169.871
140, 2.32500, 4.24342, -62.4247, 101.76, -78.755, 105.995, 102.473, 0.00697129, 25.0423, 0.164925, 7.3526, 0.173901, -169.849
140, 2.33333, 4.26446, -62.7702, 102.176, -78.7555, 106.449, 102.482, 0.0070328, 24.7019, 0.166231, 7.37214, 0.175302, -169.828
141, 2.34167, 4.28549, -63.1164, 102.594, -78.7568, 106.906, 102.49, 0.00709458, 24.3608, 0.167546, 7.39064, 0.176713, -169.808
141, 2.35000, 4.30651, -63.4632, 103.013, -78.759, 107.365, 102.497, 0.00715661, 24.019, 0.168869, 7.40809, 0.178134, -169.789
141, 2.35833, 4.32753, -63.8107, 103.434, -78.762, 107.826, 102.503, 0.00721888, 23.6764, 0.1702, 7.42451, 0.179565, -169.771
142, 2.36667, 4.34853, -64.1588, 103.858, -78.7659, 108.291, 102.508, 0.00728139, 23.3331, 0.17154, 7.4399, 0.181007, -169.754
143, 2.37500, 4.36951, -64.5075, 104.283, -78.7706, 108.758, 102.513, 0.00734412, 22.9891, 0.172888, 7.45426, 0.182458, -169.737
143, 2.38333, 4.39046, -64.8568, 104.71, -78.7762, 109.227, 102.516, 0.00740708, 22.6445, 0.174244, 7.4676, 0.183919, -169.722
144, 2.39167, 4.4114, -65.2066, 105.139, -78.7826, 109.699, 102.519, 0.00747027, 22.2992, 0.175608, 7.47991, 0.185391, -169.708
144, 2.40000, 4.4323, -65.557, 105.569, -78.7898, 110.174, 102.521, 0.00753365, 21.9533, 0.176981, 7.49121, 0.186873, -169.695
144, 2.40833, 4.45317, -65.9078, 106.002, -78.7979, 110.652, 102.522, 0.00759724, 21.6067, 0.178363, 7.50149, 0.188365, -169.682
145, 2.41667, 4.474, -66.2592, 106.436, -78.8068, 111.132, 102.522, 0.00766103, 21.2596, 0.179753, 7.51076, 0.189868, -169.671
146, 2.42500, 4.49479, -66.611, 106.873, -78.8166, 111.615, 102.521, 0.007725, 20.9119, 0.181152, 7.51903, 0.191381, -169.66
146, 2.43333, 4.51553, -66.9633, 107.311, -78.8272, 112.101, 102.52, 0.00778914, 20.5637, 0.182559, 7.5263, 0.192906, -169.651
147, 2.44167, 4.53623, -67.3159, 107.752, -78.8386, 112.59, 102.517, 0.00785347, 20.215, 0.183975, 7.53257, 0.194441, -169.642
147, 2.45000, 4.55687, -67.6689, 108.194, -78.8509, 113.081, 102.514, 0.00791795, 19.8658, 0.1854, 7.53785, 0.195987, -169.635
147, 2.45833, 4.57745, -68.0223, 108.638, -78.8639, 113.576, 102.51, 0.00798258, 19.5162, 0.186833, 7.54213, 0.197544, -169.628
148, 2.46667, 4.59797, -68.376, 109.084, -78.8778, 114.073, 102.505, 0.00804737, 19.1662, 0.188276, 7.54544, 0.199112, -169.623
149, 2.47500, 4.61842, -68.7299, 109.532, -78.8925, 114.573, 102.499, 0.00811228, 18.8159, 0.189727, 7.54776, 0.200691, -169.618
149, 2.48333, 4.63881, -69.084, 109.982, -78.9081, 115.076, 102.492, 0.00817732, 18.4652, 0.191187, 7.54911, 0.202281, -169.615
150, 2.49167, 4.65912, -69.4383, 110.434, -78.9244, 115.582, 102.484, 0.00824249, 18.1143, 0.192656, 7.54948, 0.203883, -169.612
150, 2.50000, 4.67935, -69.7927, 110.888, -78.9416, 116.091, 102.476, 0.00830776, 17.7631, 0.194134, 7.54889, 0.205496, -169.61
150, 2.50833, 4.6995, -70.1473, 111.344, -78.9596, 116.603, 102.466, 0.00837312, 17.4118, 0.195621, 7.54733, 0.207121, -169.61
151, 2.51667, 4.71956, -70.5019, 111.802, -78.9784, 117.117, 102.455, 0.00843859, 17.0603, 0.197117, 7.54481, 0.208758, -169.61
152, 2.52500, 4.73953, -70.8564, 112.262, -78.998, 117.635, 102.444, 0.00850413, 16.7087, 0.198623, 7.54134, 0.210406, -169.612
152, 2.53333, 4.7594, -71.2109, 112.723, -79.0184, 118.156, 102.432, 0.00856974, 16.3571, 0.200137, 7.53692, 0.212066, -169.614
153, 2.54167, 4.77918, -71.5654, 113.187, -79.0396, 118.68, 102.418, 0.00863541, 16.0055, 0.201661, 7.53156, 0.213738, -169.617
153, 2.55000, 4.79886, -71.9196, 113.653, -79.0616, 119.207, 102.404, 0.00870114, 15.654, 0.203194, 7.52525, 0.215422, -169.622
153, 2.55833, 4.81842, -72.2736, 114.121, -79.0844, 119.738, 102.389, 0.00876691, 15.3026, 0.204736, 7.51801, 0.217118, -169.627
154, 2.56667, 4.83788, -72.6273, 114.591, -79.108, 120.271, 102.373, 0.00883272, 14.9514, 0.206288, 7.50983, 0.218826, -169.634
155, 2.57500, 4.85723, -72.9806, 115.063, -79.1324, 120.807, 102.356, 0.00889855, 14.6004, 0.207849, 7.50073, 0.220547, -169.641
155, 2.58333, 4.87645, -73.3336, 115.537, -79.1576, 121.347, 102.338, 0.00896439, 14.2498, 0.20942, 7.49071, 0.22228, -169.65
156, 2.59167, 4.89556, -73.6861, 116.013, -79.1836, 121.89, 102.319, 0.00903025, 13.8996, 0.211, 7.47977, 0.224026, -169.66
156, 2.60000, 4.91454, -74.038, 116.491, -79.2103, 122.436, 102.299, 0.0090961, 13.5498, 0.21259, 7.46791, 0.225784, -169.67
156, 2.60833, 4.9334, -74.3893, 116.971, -79.2378, 122.985, 102.278, 0.00916194, 13.2006, 0.214189, 7.45515, 0.227555, -169.682
157, 2.61667, 4.95213, -74.7399, 117.454, -79.2661, 123.538, 102.256, 0.00922777, 12.8519, 0.215799, 7.44149, 0.229339, -169.695
158, 2.62500, 4.97072, -75.0897, 117.938, -79.2952, 124.094, 102.233, 0.00929357, 12.5039, 0.217418, 7.42693, 0.231135, -169.709
158, 2.63333, 4.98918, -75.4387, 118.424, -79.325, 124.653, 102.209, 0.00935933, 12.1567, 0.219046, 7.41147, 0.232945, -169.724
159, 2.64167, 5.00751, -75.7868, 118.913, -79.3556, 125.216, 102.184, 0.00942506, 11.8103, 0.220685, 7.39513, 0.234768, -169.74
159, 2.65000, 5.0257, -76.1339, 119.404, -79.387, 125.782, 102.158, 0.00949073, 11.4649, 0.222334, 7.3779, 0.236604, -169.757
159, 2.65833, 5.04374, -76.4799, 119.896, -79.4191, 126.351, 102.131, 0.00955635, 11.1204, 0.223993, 7.35979, 0.238453, -169.776
160, 2.66667, 5.06165, -76.8248, 120.392, -79.452, 126.924, 102.103, 0.00962192, 10.777, 0.225661, 7.34081, 0.240317, -169.795
161, 2.67500, 5.07942, -77.1683, 120.889, -79.4856, 127.5, 102.074, 0.00968742, 10.4348, 0.22734, 7.32096, 0.242193, -169.815
161, 2.68333, 5.09704, -77.5106, 121.388, -79.52, 128.079, 102.044, 0.00975284, 10.0938, 0.229029, 7.30025, 0.244083, -169.837
162, 2.69167, 5.11452, -77.8514, 121.89, -79.5551, 128.662, 102.012, 0.0098182, 9.75415, 0.230729, 7.27867, 0.245987, -169.86
162, 2.70000, 5.13185, -78.1907, 122.393, -79.591, 129.249, 101.98, 0.00988347, 9.41598, 0.232439, 7.25624, 0.247904, -169.884
162, 2.70833, 5.14904, -78.5284, 122.899, -79.6276, 129.839, 101.947, 0.00994866, 9.07933, 0.234159, 7.23295, 0.249836, -169.909
163, 2.71667, 5.16609, -78.8645, 123.408, -79.6649, 130.432, 101.912, 0.0100138, 8.74426, 0.23589, 7.20882, 0.251782, -169.935
164, 2.72500, 5.183, -79.1987, 123.918, -79.703, 131.029, 101.877, 0.0100788, 8.41095, 0.237631, 7.18385, 0.253741, -169.963
164, 2.73333, 5.19977, -79.531, 124.431, -79.7418, 131.63, 101.84, 0.0101437, 8.07945, 0.239383, 7.15804, 0.255715, -169.991
165, 2.74167, 5.2164, -79.8614, 124.946, -79.7814, 132.234, 101.802, 0.0102086, 7.74982, 0.241145, 7.13139, 0.257704, -170.021
165, 2.75000, 5.2329, -80.1897, 125.464, -79.8216, 132.842, 101.763, 0.0102734, 7.42222, 0.242919, 7.10391, 0.259706, -170.052
165, 2.75833, 5.24927, -80.5159, 125.984, -79.8626, 133.453, 101.723, 0.0103381, 7.09673, 0.244703, 7.0756, 0.261724, -170.084
166, 2.76667, 5.2655, -80.8398, 126.506, -79.9044, 134.068, 101.682, 0.0104027, 6.77338, 0.246498, 7.04647, 0.263756, -170.117
167, 2.77500, 5.28162, -81.1613, 127.03, -79.9468, 134.686, 101.64, 0.0104672, 6.45237, 0.248305, 7.01652, 0.265802, -170.152
167, 2.78333, 5.29761, -81.4805, 127.557, -79.99, 135.308, 101.596, 0.0105317, 6.13375, 0.250122, 6.98575, 0.267863, -170.187
168, 2.79167, 5.31349, -81.7971, 128.087, -80.0338, 135.934, 101.552, 0.0105962, 5.81756, 0.251951, 6.95416, 0.26994, -170.224
168, 2.80000, 5.32926, -82.111, 128.619, -80.0784, 136.563, 101.506, 0.0106605, 5.50399, 0.253791, 6.92176, 0.272031, -170.263
168, 2.80833, 5.34492, -82.4223, 129.153, -80.1237, 137.196, 101.459, 0.0107249, 5.19309, 0.255642, 6.88856, 0.274137, -170.302
169, 2.81667, 5.36049, -82.7308, 129.69, -80.1698, 137.833, 101.411, 0.0107892, 4.88491, 0.257505, 6.85454, 0.276259, -170.343
170, 2.82500, 5.37597, -83.0363, 130.229, -80.2165, 138.473, 101.362, 0.0108534, 4.57962, 0.25938, 6.81972, 0.278395, -170.385
170, 2.83333, 5.39137, -83.3389, 130.771, -80.2639, 139.117, 101.311, 0.0109177, 4.27727, 0.261266, 6.7841, 0.280547, -170.428
171, 2.84167, 5.4067, -83.6385, 131.316, -80.3121, 139.765, 101.259, 0.010982, 3.97791, 0.263164, 6.74766, 0.282715, -170.472
171, 2.85000, 5.42196, -83.935, 131.863, -80.361, 140.416, 101.206, 0.0110463, 3.68169, 0.265074, 6.71043, 0.284898, -170.518
171, 2.85833, 5.43716, -84.2282, 132.413, -80.4106, 141.072, 101.152, 0.0111106, 3.38866, 0.266996, 6.6724, 0.287096, -170.565
172, 2.86667, 5.45233, -84.5182, 132.965, -80.4609, 141.731, 101.097, 0.011175, 3.09886, 0.26893, 6.63356, 0.28931, -170.613
173, 2.87500, 5.46746, -84.8048, 133.521, -80.5119, 142.393, 101.04, 0.0112395, 2.81244, 0.270877, 6.59393, 0.29154, -170.663
173, 2.88333, 5.48256, -85.0879, 134.079, -80.5636, 143.06, 100.983, 0.0113041, 2.52944, 0.272836, 6.55349, 0.293786, -170.714
174, 2.89167, 5.49766, -85.3677, 134.639, -80.6161, 143.73, 100.923, 0.0113688, 2.24987, 0.274807, 6.51225, 0.296048, -170.766
174, 2.90000, 5.51276, -85.6439, 135.203, -80.6693, 144.404, 100.863, 0.0114337, 1.97389, 0.276791, 6.47021, 0.298326, -170.819
174, 2.90833, 5.52787, -85.9165, 135.769, -80.7232, 145.081, 100.802, 0.0114987, 1.7015, 0.278787, 6.42736, 0.300619, -170.874
175, 2.91667, 5.54301, -86.1855, 136.339, -80.7778, 145.763, 100.739, 0.011564, 1.43273, 0.280797, 6.38371, 0.302929, -170.93
176, 2.92500, 5.55819, -86.4508, 136.911, -80.8332, 146.448, 100.675, 0.0116294, 1.16769, 0.282819, 6.33924, 0.305256, -170.987
176, 2.93333, 5.57343, -86.7124, 137.486, -80.8893, 147.137, 100.609, 0.0116952, 0.906394, 0.284854, 6.29397, 0.307598, -171.046
177, 2.94167, 5.58875, -86.9703, 138.064, -80.9461, 147.829, 100.543, 0.0117612, 0.648844, 0.286903, 6.24788, 0.309957, -171.106
177, 2.95000, 5.60415, -87.2244, 138.645, -81.0037, 148.526, 100.475, 0.0118276, 0.395134, 0.288965, 6.20097, 0.312332, -171.168
177, 2.95833, 5.61965, -87.4748, 139.229, -81.062, 149.226, 100.405, 0.0118943, 0.145255, 0.29104, 6.15324, 0.314724, -171.23
178, 2.96667, 5.63528, -87.7213, 139.816, -81.1211, 149.93, 100.335, 0.0119615, -0.100804, 0.29313, 6.10468, 0.317133, -171.294
179, 2.97500, 5.65104, -87.9641, 140.407, -81.181, 150.638, 100.263, 0.0120291, -0.342973, 0.295232, 6.05529, 0.319558, -171.36
179, 2.98333, 5.66695, -88.203, 141, -81.2416, 151.349, 100.19, 0.0120971, -0.581279, 0.297349, 6.00506, 0.322, -171.427
180, 2.99167, 5.68304, -88.4383, 141.597, -81.303, 152.065, 100.116, 0.0121657, -0.815753, 0.29948, 5.95399, 0.324459, -171.495
180, 3.00000, 5.69931, -88.6697, 142.197, -81.3651, 152.784, 100.04, 0.0122348, -1.04635, 0.301624, 5.90208, 0.326934, -171.564
180, 3.00833, 5.7158, -88.8974, 142.8, -81.4281, 153.507, 99.9631, 0.0123046, -1.27311, 0.303783, 5.84931, 0.329427, -171.635
181, 3.01667, 5.73251, -89.1214, 143.406, -81.4918, 154.234, 99.8848, 0.012375, -1.4961, 0.305957, 5.79567, 0.331937, -171.707
182, 3.02500, 5.74946, -89.3417, 144.016, -81.5564, 154.964, 99.8052, 0.012446, -1.71529, 0.308145, 5.74117, 0.334463, -171.781
182, 3.03333, 5.76668, -89.5584, 144.629, -81.6217, 155.699, 99.7243, 0.0125178, -1.93075, 0.310347, 5.6858, 0.337007, -171.856
183, 3.04167, 5.78418, -89.7716, 145.246, -81.6879, 156.437, 99.642, 0.0125904, -2.14256, 0.312565, 5.62953, 0.339569, -171.932
183, 3.05000, 5.80198, -89.9812, 145.866, -81.7549, 157.179, 99.5585, 0.0126638, -2.35071, 0.314797, 5.57238, 0.342147, -172.01
183, 3.05833, 5.8201, -90.1874, 146.489, -81.8227, 157.924, 99.4736, 0.0127381, -2.55532, 0.317045, 5.51433, 0.344743, -172.089
184, 3.06667, 5.83857, -90.3904, 147.116, -81.8914, 158.674, 99.3874, 0.0128134, -2.75646, 0.319308, 5.45537, 0.347357, -172.169
185, 3.07500, 5.85739, -90.59, 147.747, -81.9609, 159.427, 99.2999, 0.0128896, -2.95417, 0.321586, 5.39549, 0.349988, -172.251
185, 3.08333, 5.87659, -90.7864, 148.381, -82.0313, 160.184, 99.2111, 0.0129668, -3.14857, 0.32388, 5.33468, 0.352636, -172.334
186, 3.09167, 5.89619, -90.9798, 149.019, -82.1026, 160.945, 99.1209, 0.0130451, -3.33977, 0.326189, 5.27292, 0.355303, -172.419
186, 3.10000, 5.9162, -91.1703, 149.66, -82.1748, 161.71, 99.0294, 0.0131245, -3.52784, 0.328515, 5.21023, 0.357987, -172.505
186, 3.10833, 5.93665, -91.3579, 150.305, -82.2479, 162.478, 98.9366, 0.0132051, -3.7129, 0.330856, 5.14657, 0.360688, -172.592
187, 3.11667, 5.95755, -91.5427, 150.954, -82.3219, 163.251, 98.8424, 0.0132869, -3.8951, 0.333214, 5.08194, 0.363409, -172.68
188, 3.12500, 5.97892, -91.725, 151.607, -82.3968, 164.027, 98.7469, 0.01337, -4.07452, 0.335587, 5.01633, 0.366146, -172.77
188, 3.13333, 6.00079, -91.9049, 152.263, -82.4726, 164.807, 98.6501, 0.0134544, -4.2513, 0.337977, 4.94973, 0.368902, -172.862
189, 3.14167, 6.02317, -92.0824, 152.924, -82.5494, 165.591, 98.552, 0.0135402, -4.42562, 0.340384, 4.88212, 0.371676, -172.955
189, 3.15000, 6.04606, -92.2578, 153.588, -82.6271, 166.378, 98.4525, 0.0136274, -4.59757, 0.342807, 4.8135, 0.374469, -173.049
189, 3.15833, 6.06951, -92.4311, 154.256, -82.7059, 167.17, 98.3516, 0.0137161, -4.76731, 0.345248, 4.74385, 0.377279, -173.144
190, 3.16667, 6.09351, -92.6026, 154.928, -82.7856, 167.965, 98.2495, 0.0138064, -4.93504, 0.347705, 4.67316, 0.380108, -173.241
191, 3.17500, 6.11809, -92.7724, 155.603, -82.8663, 168.764, 98.146, 0.0138981, -5.10086, 0.350179, 4.60142, 0.382956, -173.34
191, 3.18333, 6.14326, -92.9406, 156.283, -82.948, 169.567, 98.0411, 0.0139916, -5.26495, 0.352671, 4.52861, 0.385822, -173.439
192, 3.19167, 6.16904, -93.1075, 156.967, -83.0307, 170.374, 97.9349, 0.0140866, -5.42752, 0.35518, 4.45472, 0.388706, -173.54
192, 3.20000, 6.19544, -93.2732, 157.655, -83.1145, 171.185, 97.8274, 0.0141834, -5.58868, 0.357706, 4.37975, 0.39161, -173.643
192, 3.20833, 6.22248, -93.4379, 158.347, -83.1993, 171.999, 97.7185, 0.014282, -5.74863, 0.36025, 4.30367, 0.394532, -173.747
193, 3.21667, 6.25017, -93.6018, 159.043, -83.2852, 172.818, 97.6082, 0.0143824, -5.90758, 0.362812, 4.22647, 0.397473, -173.852
194, 3.22500, 6.27853, -93.765, 159.743, -83.3722, 173.64, 97.4966, 0.0144846, -6.06565, 0.365392, 4.14815, 0.400433, -173.959
194, 3.23333, 6.30756, -93.9277, 160.447, -83.4602, 174.466, 97.3837, 0.0145887, -6.22306, 0.36799, 4.06868, 0.403412, -174.067
195, 3.24167, 6.33729, -94.0901, 161.156, -83.5494, 175.296, 97.2694, 0.0146948, -6.38, 0.370606, 3.98805, 0.40641, -174.176
195, 3.25000, 6.36771, -94.2524, 161.868, -83.6396, 176.13, 97.1538, 0.0148028, -6.53663, 0.373241, 3.90627, 0.409427, -174.287
195, 3.25833, 6.39885, -94.4147, 162.585, -83.7311, 176.968, 97.0368, 0.0149129, -6.69314, 0.375894, 3.8233, 0.412464, -174.399
196, 3.26667, 6.43072, -94.5774, 163.306, -83.8236, 177.81, 96.9184, 0.015025, -6.84974, 0.378565, 3.73912, 0.41552, -174.513
197, 3.27500, 6.46331, -94.7404, 164.031, -83.9173, 178.655, 96.7986, 0.0151392, -7.00658, 0.381255, 3.65375, 0.418596, -174.628
197, 3.28333, 6.49665, -94.9041, 164.761, -84.0122, 179.505, 96.6775, 0.0152555, -7.16386, 0.383964, 3.56716, 0.421691, -174.744
198, 3.29167, 6.53075, -95.0686, 165.494, -84.1083, 180.358, 96.5551, 0.0153741, -7.32178, 0.386693, 3.47932, 0.424806, -174.862
198, 3.30000, 6.5656, -95.234, 166.232, -84.2055, 181.216, 96.4312, 0.0154948, -7.48048, 0.38944, 3.39024, 0.42794, -174.981
198, 3.30833, 6.60122, -95.4006, 166.975, -84.304, 182.077, 96.306, 0.0156178, -7.64017, 0.392206, 3.2999, 0.431094, -175.102
199, 3.31667, 6.63762, -95.5685, 167.721, -84.4037, 182.943, 96.1794, 0.015743, -7.80105, 0.394991, 3.20828, 0.434269, -175.224
200, 3.32500, 6.6748, -95.7379, 168.472, -84.5047, 183.812, 96.0514, 0.0158706, -7.96324, 0.397796, 3.11538, 0.437463, -175.348
200, 3.33333, 6.71277, -95.9089, 169.228, -84.6068, 184.685, 95.9221, 0.0160005, -8.12694, 0.400621, 3.02118, 0.440677, -175.473
201, 3.34167, 6.75153, -96.0818, 169.988, -84.7103, 185.563, 95.7913, 0.0161327, -8.29234, 0.403465, 2.92566, 0.443912, -175.599
201, 3.35000, 6.79109, -96.2567, 170.752, -84.815, 186.444, 95.6592, 0.0162674, -8.45957, 0.406329, 2.82882, 0.447167, -175.727
201, 3.35833, 6.83145, -96.4336, 171.52, -84.9211, 187.329, 95.5256, 0.0164044, -8.6288, 0.409212, 2.73064, 0.450442, -175.856
202, 3.36667, 6.87262, -96.6129, 172.293, -85.0284, 188.218, 95.3906, 0.0165439, -8.80023, 0.412116, 2.6311, 0.453738, -175.987
203, 3.37500, 6.9146, -96.7947, 173.07, -85.1371, 189.112, 95.2543, 0.0166859, -8.97395, 0.41504, 2.53021, 0.457055, -176.119
203, 3.38333, 6.95739, -96.979, 173.852, -85.2471, 190.009, 95.1165, 0.0168304, -9.15014, 0.417984, 2.42794, 0.460392, -176.252
204, 3.39167, 7.001, -97.166, 174.638, -85.3584, 190.91, 94.9773, 0.0169773, -9.32897, 0.420948, 2.32427, 0.46375, -176.387
204, 3.40000, 7.04542, -97.3559, 175.429, -85.4711, 191.816, 94.8367, 0.0171269, -9.51054, 0.423933, 2.2192, 0.467128, -176.523
204, 3.40833, 7.09066, -97.5488, 176.224, -85.5851, 192.725, 94.6946, 0.0172789, -9.695, 0.426937, 2.11273, 0.470528, -176.661
205, 3.41667, 7.13672, -97.7448, 177.023, -85.7006, 193.639, 94.5511, 0.0174336, -9.88251, 0.429963, 2.00481, 0.473949, -176.801
206, 3.42500, 7.1836, -97.944, 177.827, -85.8174, 194.556, 94.4062, 0.0175908, -10.0731, 0.433009, 1.89547, 0.47739, -176.942
206, 3.43333, 7.2313, -98.1466, 178.635, -85.9356, 195.477, 94.2599, 0.0177506, -10.2671, 0.436076, 1.78468, 0.480853, -177.084
207, 3.44167, 7.27982, -98.3527, 179.448, -86.0553, 196.403, 94.112, 0.0179131, -10.4644, 0.439164, 1.67241, 0.484337, -177.228
207, 3.45000, 7.32916, -98.5623, 180.265, -86.1764, 197.333, 93.9627, 0.0180781, -10.6652, 0.442272, 1.55867, 0.487842, -177.373
207, 3.45833, 7.37932, -98.7756, 181.087, -86.2989, 198.266, 93.812, 0.0182459, -10.8696, 0.445402, 1.44346, 0.491369, -177.52
208, 3.46667, 7.4303, -98.9926, 181.913, -86.4229, 199.204, 93.6597, 0.0184163, -11.0777, 0.448553, 1.32673, 0.494918, -177.668
209, 3.47500, 7.48209, -99.2135, 182.743, -86.5484, 200.146, 93.506, 0.0185893, -11.2897, 0.451724, 1.2085, 0.498488, -177.818
209, 3.48333, 7.53469, -99.4384, 183.578, -86.6753, 201.092, 93.3508, 0.0187651, -11.5055, 0.454917, 1.08875, 0.502079, -177.969
210, 3.49167, 7.58811, -99.6673, 184.418, -86.8038, 202.042, 93.1941, 0.0189436, -11.7254, 0.458132, 0.967454, 0.505693, -178.122
210, 3.50000, 7.64234, -99.9003, 185.262, -86.9337, 202.996, 93.0359, 0.0191247, -11.9493, 0.461367, 0.844628, 0.509328, -178.276
210, 3.50833, 7.69737, -100.137, 186.11, -87.0651, 203.954, 92.8761, 0.0193086, -12.1773, 0.464624, 0.720246, 0.512985, -178.432
211, 3.51667, 7.75322, -100.379, 186.962, -87.1981, 204.916, 92.7149, 0.0194952, -12.4096, 0.467903, 0.594282, 0.516664, -178.59
212, 3.52500, 7.80985, -100.625, 187.82, -87.3326, 205.882, 92.5521, 0.0196846, -12.6462, 0.471203, 0.466755, 0.520365, -178.749
212, 3.53333, 7.86729, -100.875, 188.681, -87.4687, 206.852, 92.3878, 0.0198766, -12.8871, 0.474524, 0.337639, 0.524088, -178.909
213, 3.54167, 7.92553, -101.129, 189.547, -87.6063, 207.827, 92.2219, 0.0200714, -13.1325, 0.477868, 0.206907, 0.527833, -179.071
213, 3.55000, 7.98455, -101.388, 190.417, -87.7455, 208.805, 92.0545, 0.020269, -13.3823, 0.481233, 0.0745796, 0.5316, -179.235
213, 3.55833, 8.04435, -101.652, 191.292, -87.8862, 209.787, 91.8855, 0.0204693, -13.6366, 0.484619, -0.0593693, 0.535389, -179.4
214, 3.56667, 8.10495, -101.92, 192.171, -88.0286, 210.774, 91.7149, 0.0206724, -13.8956, 0.488028, -0.194967, 0.539201, -179.567
215, 3.57500, 8.16632, -102.192, 193.054, -88.1725, 211.764, 91.5428, 0.0208783, -14.1591, 0.491458, -0.332191, 0.543035, -179.736
215, 3.58333, 8.22846, -102.47, 193.941, -88.3181, 212.758, 91.369, 0.0210869, -14.4273, 0.49491, -0.471069, 0.546891, -179.906
216, 3.59167, 8.29138, -102.752, 194.833, -88.4653, 213.756, 91.1937, 0.0212983, -14.7002, 0.498385, -0.611627, 0.550771, 179.922
216, 3.60000, 8.35506, -103.038, 195.729, -88.6141, 214.759, 91.0167, 0.0215124, -14.9779, 0.50188, -0.753844, 0.554672, 179.749
216, 3.60833, 8.4195, -103.33, 196.63, -88.7646, 215.765, 90.8382, 0.0217294, -15.2603, 0.505398, -0.897744, 0.558595, 179.574
217, 3.61667, 8.4847, -103.626, 197.534, -88.9168, 216.775, 90.658, 0.0219491, -15.5475, 0.508939, -1.04336, 0.562541, 179.397
217, 3.62500, 8.55065, -103.927, 198.443, -89.0706, 217.789, 90.4761, 0.0221716, -15.8395, 0.512501, -1.19066, 0.56651, 179.219
218, 3.63333, 8.61734, -104.233, 199.356, -89.226, 218.807, 90.2927, 0.0223968, -16.1364, 0.516085, -1.33967, 0.570501, 179.039
219, 3.64167, 8.68478, -104.544, 200.274, -89.3832, 219.828, 90.1075, 0.0226249, -16.4381, 0.519691, -1.49043, 0.574514, 178.857
219, 3.65000, 8.75294, -104.859, 201.195, -89.5421, 220.854, 89.9207, 0.0228557, -16.7447, 0.523319, -1.64291, 0.57855, 178.674
219, 3.65833, 8.82184, -105.18, 202.12, -89.7026, 221.883, 89.7322, 0.0230893, -17.0562, 0.526969, -1.79713, 0.582609, 178.489
220, 3.66667, 8.89147, -105.505, 203.05, -89.865, 222.916, 89.542, 0.0233257, -17.3727, 0.530642, -1.95313, 0.58669, 178.302
221, 3.67500, 8.96181, -105.835, 203.984, -90.029, 223.953, 89.3501, 0.0235649, -17.694, 0.534336, -2.11087, 0.590793, 178.113
221, 3.68333, 9.03287, -106.17, 204.921, -90.1947, 224.993, 89.1565, 0.0238068, -18.0203, 0.538052, -2.27038, 0.594919, 177.923
222, 3.69167, 9.10464, -106.51, 205.863, -90.3622, 226.038, 88.9612, 0.0240515, -18.3515, 0.541791, -2.4317, 0.599068, 177.731
222, 3.70000, 9.1771, -106.854, 206.809, -90.5315, 227.085, 88.7642, 0.024299, -18.6876, 0.545551, -2.5948, 0.603238, 177.537
222, 3.70833, 9.25027, -107.204, 207.758, -90.7025, 228.137, 88.5654, 0.0245493, -19.0287, 0.549334, -2.75969, 0.607431, 177.342
223, 3.71667, 9.32412, -107.559, 208.712, -90.8753, 229.192, 88.3648, 0.0248023, -19.3748, 0.553138, -2.92642, 0.611647, 177.145
224, 3.72500, 9.39866, -107.918, 209.669, -91.0499, 230.25, 88.1626, 0.0250581, -19.7258, 0.556965, -3.09495, 0.615884, 176.946
224, 3.73333, 9.47387, -108.283, 210.63, -91.2263, 231.312, 87.9585, 0.0253166, -20.0818, 0.560813, -3.26531, 0.620144, 176.745
225, 3.74167, 9.54976, -108.652, 211.595, -91.4045, 232.377, 87.7526, 0.0255779, -20.4427, 0.564683, -3.43753, 0.624426, 176.542
225, 3.75000, 9.62631, -109.026, 212.563, -91.5845, 233.446, 87.545, 0.0258419, -20.8085, 0.568575, -3.61158, 0.62873, 176.338
225, 3.75833, 9.70352, -109.405, 213.536, -91.7663, 234.518, 87.3356, 0.0261087, -21.1793, 0.572488, -3.78748, 0.633056, 176.131
226, 3.76667, 9.78138, -109.789, 214.511, -91.95, 235.593, 87.1243, 0.0263782, -21.5551, 0.576424, -3.96528, 0.637404, 175.923
227, 3.77500, 9.85989, -110.178, 215.491, -92.1355, 236.671, 86.9112, 0.0266504, -21.9358, 0.580381, -4.14493, 0.641773, 175.713
227, 3.78333, 9.93903, -110.571, 216.474, -92.3229, 237.753, 86.6964, 0.0269254, -22.3214, 0.584359, -4.32646, 0.646165, 175.502
228, 3.79167, 10.0188, -110.97, 217.46, -92.5121, 238.837, 86.4796, 0.0272031, -22.7119, 0.588359, -4.50991, 0.650578, 175.288
228, 3.80000, 10.0992, -111.373, 218.45, -92.7032, 239.925, 86.261, 0.0274835, -23.1073, 0.59238, -4.69523, 0.655012, 175.072
228, 3.80833, 10.1802, -111.781, 219.443, -92.8961, 241.015, 86.0406, 0.0277665, -23.5077, 0.596422, -4.88247, 0.659467, 174.855
229, 3.81667, 10.2618, -112.194, 220.44, -93.091, 242.108, 85.8182, 0.0280523, -23.9129, 0.600486, -5.07165, 0.663944, 174.636
230, 3.82500, 10.3441, -112.612, 221.439, -93.2877, 243.204, 85.594, 0.0283408, -24.323, 0.604571, -5.26273, 0.668442, 174.415
230, 3.83333, 10.4269, -113.035, 222.442, -93.4863, 244.303, 85.3679, 0.0286319, -24.738, 0.608676, -5.45574, 0.67296, 174.192
231, 3.84167, 10.5103, -113.462, 223.448, -93.6869, 245.405, 85.1399, 0.0289257, -25.1579, 0.612803, -5.65072, 0.677499, 173.967
231, 3.85000, 10.5943, -113.895, 224.457, -93.8894, 246.508, 84.91, 0.0292221, -25.5826, 0.61695, -5.84763, 0.682059, 173.74
231, 3.85833, 10.6788, -114.332, 225.469, -94.0938, 247.615, 84.6782, 0.0295211, -26.0122, 0.621117, -6.04649, 0.686638, 173.511
232, 3.86667, 10.7639, -114.773, 226.483, -94.3001, 248.724, 84.4445, 0.0298228, -26.4466, 0.625305, -6.24734, 0.691239, 173.28
233, 3.87500, 10.8496, -115.22, 227.501, -94.5084, 249.834, 84.2088, 0.0301271, -26.8858, 0.629513, -6.45014, 0.695858, 173.047
233, 3.88333, 10.9358, -115.671, 228.521, -94.7186, 250.948, 83.9712, 0.0304339, -27.3298, 0.633741, -6.65492, 0.700498, 172.813
234, 3.89167, 11.0226, -116.127, 229.544, -94.9308, 252.063, 83.7316, 0.0307434, -27.7787, 0.63799, -6.86172, 0.705157, 172.576
234, 3.90000, 11.1098, -116.588, 230.569, -95.1449, 253.18, 83.49, 0.0310554, -28.2323, 0.642257, -7.07048, 0.709834, 172.337
234, 3.90833, 11.1976, -117.054, 231.597, -95.361, 254.299, 83.2466, 0.0313699, -28.6907, 0.646544, -7.28124, 0.714531, 172.097
235, 3.91667, 11.2859, -117.524, 232.628, -95.5791, 255.42, 83.001, 0.031687, -29.1539, 0.650851, -7.49403, 0.719247, 171.854
236, 3.92500, 11.3747, -117.999, 233.66, -95.7992, 256.542, 82.7536, 0.0320065, -29.6217, 0.655176, -7.70881, 0.72398, 171.609
236, 3.93333, 11.4639, -118.478, 234.695, -96.0212, 257.666, 82.5041, 0.0323286, -30.0943, 0.65952, -7.92561, 0.728732, 171.363
237, 3.94167, 11.5537, -118.963, 235.732, -96.2453, 258.791, 82.2527, 0.0326531, -30.5717, 0.663884, -8.14446, 0.733501, 171.114
237, 3.95000, 11.6439, -119.451, 236.77, -96.4713, 259.918, 81.9992, 0.03298, -31.0538, 0.668265, -8.36532, 0.738288, 170.863
237, 3.95833, 11.7345, -119.945, 237.811, -96.6994, 261.045, 81.7438, 0.0333094, -31.5405, 0.672664, -8.58821, 0.743091, 170.611
238, 3.96667, 11.8256, -120.443, 238.854, -96.9295, 262.174, 81.4862, 0.0336412, -32.032, 0.677081, -8.81317, 0.747912, 170.356
238, 3.97500, 11.9172, -120.946, 239.898, -97.1616, 263.304, 81.2267, 0.0339753, -32.5281, 0.681516, -9.04015, 0.752749, 170.099
239, 3.98333, 12.0091, -121.453, 240.943, -97.3957, 264.434, 80.9652, 0.0343118, -33.0288, 0.685968, -9.26919, 0.757601, 169.84
240, 3.99167, 12.1015, -121.965, 241.991, -97.6319, 265.565, 80.7016, 0.0346506, -33.5342, 0.690437, -9.5003, 0.76247, 169.579
240, 4.00000, 12.1942, -122.482, 243.039, -97.87, 266.696, 80.436, 0.0349916, -34.0442, 0.694922, -9.73345, 0.767353, 169.317
240, 4.00833, 12.2873, -123.003, 244.089, -98.1102, 267.828, 80.1683, 0.0353349, -34.5589, 0.699424, -9.96867, 0.772251, 169.052
241, 4.01667, 12.3808, -123.528, 245.14, -98.3525, 268.96, 79.8986, 0.0356805, -35.0781, 0.703942, -10.206, 0.777163, 168.785
242, 4.02500, 12.4747, -124.058, 246.191, -98.5968, 270.092, 79.6268, 0.0360282, -35.6019, 0.708476, -10.4453, 0.782089, 168.515
242, 4.03333, 12.5688, -124.593, 247.244, -98.8432, 271.223, 79.353, 0.0363781, -36.1303, 0.713024, -10.6868, 0.787028, 168.244
243, 4.04167, 12.6634, -125.132, 248.297, -99.0916, 272.355, 79.0771, 0.0367301, -36.6633, 0.717589, -10.9303, 0.791981, 167.971
243, 4.05000, 12.7582, -125.676, 249.351, -99.342, 273.486, 78.7991, 0.0370842, -37.2007, 0.722167, -11.1759, 0.796945, 167.696
243, 4.05833, 12.8533, -126.224, 250.405, -99.5945, 274.616, 78.5191, 0.0374403, -37.7427, 0.726759, -11.4236, 0.801922, 167.418
244, 4.06667, 12.9487, -126.776, 251.46, -99.8491, 275.745, 78.237, 0.0377985, -38.2893, 0.731366, -11.6734, 0.80691, 167.139
245, 4.07500, 13.0443, -127.333, 252.514, -100.106, 276.873, 77.9528, 0.0381586, -38.8403, 0.735985, -11.9252, 0.811908, 166.857
245, 4.08333, 13.1402, -127.895, 253.569, -100.364, 278, 77.6666, 0.0385206, -39.3958, 0.740617, -12.1792, 0.816917, 166.573
246, 4.09167, 13.2364, -128.461, 254.623, -100.625, 279.126, 77.3782, 0.0388845, -39.9558, 0.745263, -12.4352, 0.821936, 166.288
246, 4.10000, 13.3327, -129.031, 255.677, -100.888, 280.25, 77.0879, 0.0392503, -40.5202, 0.749919, -12.6933, 0.826963, 166
246, 4.10833, 13.4292, -129.605, 256.731, -101.153, 281.372, 76.7954, 0.0396178, -41.089, 0.754588, -12.9535, 0.831999, 165.71
247, 4.11667, 13.526, -130.184, 257.784, -101.42, 282.493, 76.5008, 0.039987, -41.6623, 0.759267, -13.2158, 0.837043, 165.418
248, 4.12500, 13.6229, -130.768, 258.836, -101.689, 283.611, 76.2042, 0.040358, -42.2399, 0.763957, -13.4802, 0.842094, 165.124
248, 4.13333, 13.7199, -131.355, 259.887, -101.96, 284.726, 75.9055, 0.0407305, -42.822, 0.768657, -13.7467, 0.847151, 164.827
249, 4.14167, 13.817, -131.948, 260.937, -102.233, 285.839, 75.6048, 0.0411047, -43.4084, 0.773367, -14.0153, 0.852215, 164.529
249, 4.15000, 13.9143, -132.544, 261.986, -102.508, 286.95, 75.3019, 0.0414803, -43.9992, 0.778085, -14.2859, 0.857283, 164.229
249, 4.15833, 14.0116, -133.144, 263.033, -102.786, 288.057, 74.9971, 0.0418574, -44.5942, 0.782812, -14.5586, 0.862356, 163.926
250, 4.16667, 14.109, -133.749, 264.079, -103.065, 289.161, 74.6901, 0.042236, -45.1937, 0.787547, -14.8335, 0.867433, 163.622
251, 4.17500, 14.2065, -134.358, 265.122, -103.346, 290.261, 74.3811, 0.0426158, -45.7974, 0.792288, -15.1104, 0.872512, 163.315
251, 4.18333, 14.3039, -134.972, 266.164, -103.63, 291.358, 74.07, 0.042997, -46.4053, 0.797037, -15.3893, 0.877594, 163.007
252, 4.19167, 14.4014, -135.589, 267.203, -103.915, 292.451, 73.7569, 0.0433793, -47.0176, 0.801792, -15.6704, 0.882678, 162.696
252, 4.20000, 14.4988, -136.211, 268.24, -104.203, 293.539, 73.4417, 0.0437628, -47.634, 0.806552, -15.9534, 0.887762, 162.383
252, 4.20833, 14.5962, -136.837, 269.275, -104.492, 294.623, 73.1246, 0.0441474, -48.2547, 0.811316, -16.2386, 0.892846, 162.068
253, 4.21667, 14.6936, -137.467, 270.306, -104.784, 295.703, 72.8053, 0.044533, -48.8796, 0.816086, -16.5258, 0.897929, 161.751
254, 4.22500, 14.7908, -138.101, 271.335, -105.077, 296.778, 72.4841, 0.0449195, -49.5086, 0.820858, -16.815, 0.90301, 161.433
254, 4.23333, 14.8879, -138.74, 272.36, -105.373, 297.847, 72.1609, 0.0453069, -50.1417, 0.825633, -17.1063, 0.908089, 161.112
255, 4.24167, 14.9849, -139.382, 273.382, -105.671, 298.911, 71.8356, 0.0456951, -50.7791, 0.830411, -17.3996, 0.913165, 160.789
255, 4.25000, 15.0817, -140.028, 274.4, -105.97, 299.969, 71.5084, 0.0460839, -51.4205, 0.83519, -17.6949, 0.918236, 160.464
255, 4.25833, 15.1784, -140.679, 275.414, -106.272, 301.022, 71.1792, 0.0464734, -52.0659, 0.839969, -17.9923, 0.923301, 160.137
256, 4.26667, 15.2748, -141.333, 276.424, -106.575, 302.068, 70.8479, 0.0468635, -52.7155, 0.844749, -18.2917, 0.928362, 159.808
257, 4.27500, 15.371, -141.992, 277.43, -106.881, 303.108, 70.5148, 0.047254, -53.3691, 0.849528, -18.593, 0.933414, 159.477
257, 4.28333, 15.4669, -142.654, 278.431, -107.189, 304.141, 70.1797, 0.0476449, -54.0266, 0.854305, -18.8963, 0.938459, 159.144
258, 4.29167, 15.5625, -143.321, 279.428, -107.498, 305.167, 69.8427, 0.0480361, -54.6882, 0.85908, -19.2017, 0.943495, 158.81
258, 4.30000, 15.6578, -143.991, 280.42, -107.809, 306.186, 69.5037, 0.0484274, -55.3537, 0.863852, -19.5089, 0.948521, 158.473
258, 4.30833, 15.7528, -144.665, 281.406, -108.123, 307.198, 69.1629, 0.0488189, -56.0231, 0.86862, -19.8181, 0.953536, 158.134
259, 4.31667, 15.8473, -145.343, 282.387, -108.438, 308.202, 68.8201, 0.0492104, -56.6964, 0.873384, -20.1293, 0.95854, 157.794
260, 4.32500, 15.9415, -146.025, 283.363, -108.755, 309.197, 68.4755, 0.0496018, -57.3736, 0.878142, -20.4424, 0.96353, 157.451
260, 4.33333, 16.0353, -146.711, 284.332, -109.074, 310.185, 68.1291, 0.0499931, -58.0546, 0.882894, -20.7573, 0.968507, 157.107
261, 4.34167, 16.1286, -147.401, 285.296, -109.395, 311.163, 67.7808, 0.0503841, -58.7394, 0.887639, -21.0743, 0.973469, 156.761
261, 4.35000, 16.2214, -148.094, 286.253, -109.718, 312.133, 67.4307, 0.0507747, -59.428, 0.892375, -21.393, 0.978415, 156.413
261, 4.35833, 16.3137, -148.791, 287.203, -110.043, 313.094, 67.0788, 0.0511648, -60.1202, 0.897103, -21.7136, 0.983344, 156.063
262, 4.36667, 16.4054, -149.491, 288.147, -110.369, 314.045, 66.725, 0.0515544, -60.8163, 0.901822, -22.0361, 0.988256, 155.712
263, 4.37500, 16.4966, -150.195, 289.084, -110.697, 314.987, 66.3696, 0.0519432, -61.516, 0.90653, -22.3604, 0.993148, 155.359
263, 4.38333, 16.5871, -150.903, 290.013, -111.027, 315.919, 66.0124, 0.0523313, -62.2192, 0.911226, -22.6865, 0.99802, 155.003
264, 4.39167, 16.677, -151.615, 290.935, -111.359, 316.84, 65.6535, 0.0527185, -62.9262, 0.915911, -23.0145, 1.00287, 154.647
264, 4.40000, 16.7663, -152.33, 291.849, -111.693, 317.751, 65.2929, 0.0531047, -63.6366, 0.920582, -23.3441, 1.0077, 154.288
264, 4.40833, 16.8548, -153.048, 292.756, -112.028, 318.651, 64.9306, 0.0534898, -64.3506, 0.925239, -23.6756, 1.01251, 153.928
265, 4.41667, 16.9426, -153.77, 293.654, -112.365, 319.54, 64.5667, 0.0538736, -65.0681, 0.929881, -24.0087, 1.01729, 153.566
265, 4.42500, 17.0297, -154.495, 294.543, -112.704, 320.418, 64.2012, 0.0542561, -65.789, 0.934507, -24.3436, 1.02205, 153.203
266, 4.43333, 17.116, -155.224, 295.424, -113.044, 321.284, 63.834, 0.0546372, -66.5133, 0.939116, -24.6802, 1.02678, 152.838
267, 4.44167, 17.2014, -155.956, 296.296, -113.386, 322.138, 63.4653, 0.0550167, -67.241, 0.943708, -25.0184, 1.03148, 152.471
267, 4.45000, 17.286, -156.691, 297.158, -113.73, 322.979, 63.0951, 0.0553945, -67.972, 0.948281, -25.3583, 1.03615, 152.103
267, 4.45833, 17.3697, -157.429, 298.011, -114.075, 323.809, 62.7234, 0.0557705, -68.7062, 0.952835, -25.6998, 1.04079, 151.733
268, 4.46667, 17.4525, -158.171, 298.855, -114.422, 324.626, 62.3502, 0.0561446, -69.4437, 0.957368, -26.0429, 1.04541, 151.362
269, 4.47500, 17.5343, -158.916, 299.688, -114.771, 325.429, 61.9755, 0.0565167, -70.1844, 0.961879, -26.3876, 1.04999, 150.99
269, 4.48333, 17.6152, -159.664, 300.512, -115.12, 326.22, 61.5994, 0.0568866, -70.9281, 0.966368, -26.7338, 1.05454, 150.616
270, 4.49167, 17.695, -160.415, 301.325, -115.472, 326.997, 61.222, 0.0572542, -71.6751, 0.970834, -27.0815, 1.05905, 150.24
270, 4.50000, 17.7738, -161.169, 302.127, -115.825, 327.76, 60.8431, 0.0576194, -72.425, 0.975276, -27.4307, 1.06353, 149.863
270, 4.50833, 17.8515, -161.926, 302.919, -116.179, 328.509, 60.463, 0.0579821, -73.1779, 0.979692, -27.7814, 1.06797, 149.485
271, 4.51667, 17.9282, -162.686, 303.7, -116.535, 329.244, 60.0816, 0.0583422, -73.9338, 0.984083, -28.1335, 1.07238, 149.106
272, 4.52500, 18.0036, -163.449, 304.469, -116.892, 329.965, 59.6989, 0.0586994, -74.6925, 0.988446, -28.487, 1.07675, 148.725
272, 4.53333, 18.0779, -164.214, 305.227, -117.251, 330.67, 59.315, 0.0590538, -75.4541, 0.992781, -28.8419, 1.08107, 148.343
273, 4.54167, 18.1511, -164.983, 305.973, -117.61, 331.361, 58.9299, 0.0594053, -76.2185, 0.997087, -29.1982, 1.08536, 147.96
273, 4.55000, 18.2229, -165.754, 306.707, -117.972, 332.036, 58.5437, 0.0597535, -76.9856, 1.00136, -29.5557, 1.08961, 147.576
273, 4.55833, 18.2936, -166.528, 307.429, -118.334, 332.696, 58.1563, 0.0600985, -77.7553, 1.00561, -29.9145, 1.09381, 147.19
274, 4.56667, 18.3629, -167.304, 308.138, -118.698, 333.341, 57.7679, 0.0604402, -78.5278, 1.00982, -30.2747, 1.09797, 146.804
275, 4.57500, 18.4309, -168.083, 308.835, -119.062, 333.969, 57.3784, 0.0607783, -79.3027, 1.014, -30.6359, 1.10208, 146.416
275, 4.58333, 18.4976, -168.864, 309.52, -119.428, 334.581, 56.988, 0.0611128, -80.0801, 1.01815, -30.9984, 1.10615, 146.028
276, 4.59167, 18.5629, -169.648, 310.191, -119.796, 335.177, 56.5966, 0.0614436, -80.8601, 1.02227, -31.3621, 1.11017, 145.638
276, 4.60000, 18.6267, -170.434, 310.849, -120.164, 335.757, 56.2043, 0.0617705, -81.6424, 1.02634, -31.7268, 1.11415, 145.248
276, 4.60833, 18.6892, -171.223, 311.494, -120.533, 336.319, 55.8111, 0.0620934, -82.4269, 1.03039, -32.0927, 1.11808, 144.857
277, 4.61667, 18.7502, -172.013, 312.125, -120.903, 336.865, 55.417, 0.0624122, -83.2139, 1.03439, -32.4596, 1.12195, 144.464
278, 4.62500, 18.8096, -172.806, 312.742, -121.275, 337.394, 55.0222, 0.0627268, -84.0029, 1.03836, -32.8274, 1.12578, 144.071
278, 4.63333, 18.8676, -173.601, 313.345, -121.647, 337.906, 54.6266, 0.0630371, -84.7941, 1.04229, -33.1963, 1.12956, 143.678
279, 4.64167, 18.9241, -174.398, 313.935, -122.02, 338.4, 54.2303, 0.0633429, -85.5875, 1.04618, -33.5661, 1.13328, 143.283
279, 4.65000, 18.9789, -175.197, 314.51, -122.394, 338.876, 53.8333, 0.0636442, -86.3828, 1.05002, -33.9368, 1.13695, 142.888
279, 4.65833, 19.0322, -175.998, 315.071, -122.769, 339.335, 53.4358, 0.0639408, -87.18, 1.05383, -34.3084, 1.14057, 142.492
280, 4.66667, 19.0839, -176.801, 315.617, -123.145, 339.776, 53.0376, 0.0642326, -87.9792, 1.0576, -34.6808, 1.14413, 142.096
281, 4.67500, 19.1339, -177.606, 316.148, -123.522, 340.199, 52.6389, 0.0645195, -88.7801, 1.06132, -35.054, 1.14764, 141.699
281, 4.68333, 19.1822, -178.412, 316.665, -123.899, 340.604, 52.2397, 0.0648014, -89.5828, 1.065, -35.428, 1.15109, 141.302
282, 4.69167, 19.2289, -179.22, 317.166, -124.277, 340.991, 51.84, 0.0650782, -90.3872, 1.06863, -35.8027, 1.15448, 140.904
282, 4.70000, 19.2739, 179.97, 317.653, -124.655, 341.359, 51.44, 0.0653497, -91.1932, 1.07222, -36.178, 1.15782, 140.506
282, 4.70833, 19.3171, 179.159, 318.124, -125.035, 341.708, 51.0396, 0.065616, -92.0007, 1.07577, -36.5539, 1.1611, 140.107
283, 4.71667, 19.3586, 178.346, 318.579, -125.414, 342.04, 50.6389, 0.0658769, -92.8097, 1.07926, -36.9305, 1.16432, 139.708
284, 4.72500, 19.3984, 177.533, 319.019, -125.795, 342.352, 50.2379, 0.0661322, -93.6201, 1.08271, -37.3076, 1.16748, 139.309
284, 4.73333, 19.4363, 176.717, 319.444, -126.176, 342.646, 49.8367, 0.0663819, -94.4318, 1.08612, -37.6853, 1.17058, 138.91
285, 4.74167, 19.4725, 175.901, 319.853, -126.557, 342.921, 49.4353, 0.066626, -95.2449, 1.08947, -38.0634, 1.17362, 138.51
285, 4.75000, 19.5068, 175.083, 320.246, -126.939, 343.177, 49.0338, 0.0668642, -96.0591, 1.09278, -38.4419, 1.17659, 138.11
285, 4.75833, 19.5393, 174.264, 320.623, -127.321, 343.415, 48.6322, 0.0670966, -96.8743, 1.09603, -38.8209, 1.17951, 137.71
286, 4.76667, 19.57, 173.444, 320.984, -127.703, 343.633, 48.2305, 0.067323, -97.6908, 1.09924, -39.2002, 1.18236, 137.31
287, 4.77500, 19.5988, 172.624, 321.329, -128.086, 343.833, 47.8288, 0.0675434, -98.5081, 1.10239, -39.5798, 1.18515, 136.91
287, 4.78333, 19.6257, 171.802, 321.658, -128.469, 344.013, 47.4273, 0.0677577, -99.3263, 1.1055, -39.9597, 1.18788, 136.511
288, 4.79167, 19.6508, 170.979, 321.971, -128.852, 344.174, 47.0257, 0.0679658, -100.145, 1.10855, -40.3399, 1.19055, 136.111
288, 4.80000, 19.6739, 170.156, 322.267, -129.236, 344.317, 46.6244, 0.0681676, -100.965, 1.11155, -40.7202, 1.19315, 135.711
288, 4.80833, 19.6952, 169.332, 322.547, -129.619, 344.44, 46.2232, 0.068363, -101.786, 1.1145, -41.1006, 1.19568, 135.312
289, 4.81667, 19.7145, 168.508, 322.811, -130.003, 344.545, 45.8223, 0.0685522, -102.607, 1.11739, -41.4813, 1.19816, 134.912
290, 4.82500, 19.7319, 167.683, 323.059, -130.387, 344.63, 45.4216, 0.0687348, -103.428, 1.12023, -41.8619, 1.20056, 134.513
290, 4.83333, 19.7474, 166.857, 323.29, -130.771, 344.697, 45.0213, 0.0689109, -104.251, 1.12302, -42.2426, 1.2029, 134.115
291, 4.84167, 19.761, 166.031, 323.504, -131.154, 344.745, 44.6213, 0.0690805, -105.073, 1.12575, -42.6233, 1.20518, 133.717
291, 4.85000, 19.7726, 165.205, 323.703, -131.538, 344.773, 44.2218, 0.0692434, -105.896, 1.12843, -43.0039, 1.20739, 133.319
291, 4.85833, 19.7823, 164.379, 323.885, -131.922, 344.783, 43.8227, 0.0693997, -106.719, 1.13105, -43.3845, 1.20954, 132.921
292, 4.86667, 19.7901, 163.552, 324.05, -132.305, 344.775, 43.4241, 0.0695493, -107.542, 1.13362, -43.7649, 1.21162, 132.524
293, 4.87500, 19.7959, 162.726, 324.199, -132.688, 344.748, 43.026, 0.0696921, -108.366, 1.13613, -44.1452, 1.21363, 132.128
293, 4.88333, 19.7997, 161.899, 324.332, -133.071, 344.702, 42.6286, 0.0698281, -109.189, 1.13859, -44.5252, 1.21558, 131.732
294, 4.89167, 19.8017, 161.072, 324.448, -133.454, 344.637, 42.2317, 0.0699573, -110.012, 1.14099, -44.9051, 1.21746, 131.337
294, 4.90000, 19.8016, 160.246, 324.548, -133.837, 344.555, 41.8356, 0.0700796, -110.835, 1.14333, -45.2846, 1.21928, 130.942
294, 4.90833, 19.7997, 159.42, 324.632, -134.219, 344.454, 41.4401, 0.0701951, -111.658, 1.14562, -45.6638, 1.22103, 130.549
295, 4.91667, 19.7958, 158.594, 324.699, -134.6, 344.335, 41.0454, 0.0703037, -112.481, 1.14786, -46.0427, 1.22272, 130.155
296, 4.92500, 19.79, 157.768, 324.751, -134.982, 344.198, 40.6515, 0.0704053, -113.303, 1.15003, -46.4211, 1.22434, 129.763
296, 4.93333, 19.7823, 156.943, 324.786, -135.363, 344.043, 40.2585, 0.0705001, -114.125, 1.15215, -46.7991, 1.22589, 129.372
297, 4.94167, 19.7726, 156.118, 324.805, -135.743, 343.871, 39.8663, 0.0705879, -114.947, 1.15421, -47.1767, 1.22738, 128.981
297, 4.95000, 19.7611, 155.294, 324.808, -136.123, 343.68, 39.475, 0.0706687, -115.768, 1.15622, -47.5537, 1.22881, 128.591
297, 4.95833, 19.7476, 154.471, 324.795, -136.502, 343.473, 39.0848, 0.0707426, -116.588, 1.15817, -47.9301, 1.23017, 128.203
298, 4.96667, 19.7323, 153.648, 324.767, -136.881, 343.248, 38.6954, 0.0708096, -117.407, 1.16006, -48.3061, 1.23147, 127.815
299, 4.97500, 19.7151, 152.826, 324.722, -137.259, 343.006, 38.3072, 0.0708696, -118.226, 1.1619, -48.6813, 1.2327, 127.428
299, 4.98333, 19.696, 152.005, 324.662, -137.637, 342.747, 37.92, 0.0709226, -119.044, 1.16367, -49.0559, 1.23386, 127.043
300, 4.99167, 19.6751, 151.185, 324.587, -138.013, 342.472, 37.5338, 0.0709688, -119.861, 1.1654, -49.4299, 1.23497, 126.658
300, 5.00000, 19.6523, 150.366, 324.496, -138.389, 342.18, 37.1489, 0.071008, -120.677, 1.16706, -49.8031, 1.23601, 126.275
300, 5.00833, 19.6277, 149.548, 324.39, -138.765, 341.871, 36.7651, 0.0710403, -121.492, 1.16867, -50.1755, 1.23699, 125.892
301, 5.01667, 19.6014, 148.73, 324.268, -139.139, 341.546, 36.3825, 0.0710658, -122.306, 1.17023, -50.5472, 1.2379, 125.511
302, 5.02500, 19.5732, 147.915, 324.132, -139.513, 341.206, 36.0012, 0.0710845, -123.119, 1.17172, -50.9181, 1.23876, 125.132
302, 5.03333, 19.5432, 147.1, 323.98, -139.885, 340.85, 35.6212, 0.0710963, -123.931, 1.17317, -51.288, 1.23955, 124.753
303, 5.04167, 19.5115, 146.287, 323.814, -140.257, 340.478, 35.2425, 0.0711014, -124.741, 1.17455, -51.6572, 1.24028, 124.376
303, 5.05000, 19.4781, 145.475, 323.633, -140.628, 340.091, 34.8651, 0.0710997, -125.55, 1.17588, -52.0253, 1.24095, 124
303, 5.05833, 19.4429, 144.664, 323.437, -140.998, 339.688, 34.4891, 0.0710913, -126.357, 1.17716, -52.3926, 1.24157, 123.626
304, 5.06667, 19.406, 143.855, 323.227, -141.367, 339.271, 34.1145, 0.0710762, -127.163, 1.17838, -52.7588, 1.24212, 123.252
305, 5.07500, 19.3675, 143.048, 323.003, -141.735, 338.84, 33.7413, 0.0710546, -127.968, 1.17955, -53.1241, 1.24261, 122.881
305, 5.08333, 19.3273, 142.242, 322.765, -142.102, 338.394, 33.3696, 0.0710264, -128.77, 1.18066, -53.4883, 1.24305, 122.511
306, 5.09167, 19.2855, 141.438, 322.513, -142.468, 337.933, 32.9994, 0.0709916, -129.571, 1.18172, -53.8514, 1.24342, 122.142
306, 5.10000, 19.2421, 140.636, 322.247, -142.832, 337.459, 32.6307, 0.0709504, -130.371, 1.18272, -54.2135, 1.24374, 121.775
306, 5.10833, 19.1971, 139.835, 321.968, -143.196, 336.971, 32.2636, 0.0709029, -131.168, 1.18367, -54.5744, 1.24401, 121.409
307, 5.11667, 19.1505, 139.036, 321.675, -143.558, 336.47, 31.8979, 0.0708489, -131.964, 1.18457, -54.9342, 1.24422, 121.045
308, 5.12500, 19.1024, 138.24, 321.369, -143.92, 335.956, 31.534, 0.0707887, -132.758, 1.18542, -55.2928, 1.24437, 120.682
308, 5.13333, 19.0528, 137.445, 321.05, -144.28, 335.428, 31.1716, 0.0707223, -133.55, 1.18621, -55.6501, 1.24447, 120.321
309, 5.14167, 19.0017, 136.652, 320.718, -144.638, 334.888, 30.8108, 0.0706498, -134.34, 1.18695, -56.0063, 1.24452, 119.962
309, 5.15000, 18.9492, 135.861, 320.373, -144.996, 334.336, 30.4518, 0.0705711, -135.128, 1.18764, -56.3613, 1.24451, 119.604
309, 5.15833, 18.8952, 135.073, 320.016, -145.352, 333.771, 30.0944, 0.0704865, -135.913, 1.18829, -56.7149, 1.24445, 119.248
310, 5.16667, 18.8398, 134.286, 319.646, -145.707, 333.195, 29.7387, 0.070396, -136.697, 1.18888, -57.0673, 1.24434, 118.894
311, 5.17500, 18.783, 133.502, 319.265, -146.061, 332.607, 29.3848, 0.0702996, -137.478, 1.18942, -57.4183, 1.24418, 118.542
311, 5.18333, 18.7249, 132.72, 318.871, -146.413, 332.007, 29.0326, 0.0701974, -138.257, 1.18991, -57.768, 1.24397, 118.191
312, 5.19167, 18.6655, 131.94, 318.466, -146.764, 331.396, 28.6821, 0.0700895, -139.034, 1.19035, -58.1164, 1.24371, 117.842
312, 5.20000, 18.6047, 131.163, 318.049, -147.113, 330.775, 28.3335, 0.0699761, -139.808, 1.19075, -58.4633, 1.2434, 117.495
312, 5.20833, 18.5427, 130.388, 317.62, -147.461, 330.143, 27.9866, 0.0698571, -140.58, 1.19109, -58.8088, 1.24305, 117.149
313, 5.21667, 18.4795, 129.616, 317.181, -147.808, 329.5, 27.6415, 0.0697327, -141.35, 1.19139, -59.153, 1.24265, 116.805
314, 5.22500, 18.4151, 128.846, 316.73, -148.153, 328.848, 27.2983, 0.0696029, -142.117, 1.19164, -59.4957, 1.2422, 116.464
314, 5.23333, 18.3495, 128.079, 316.269, -148.497, 328.185, 26.957, 0.0694679, -142.881, 1.19185, -59.8369, 1.2417, 116.124
315, 5.24167, 18.2827, 127.314, 315.798, -148.839, 327.513, 26.6174, 0.0693277, -143.643, 1.19201, -60.1767, 1.24117, 115.786
315, 5.25000, 18.2149, 126.552, 315.315, -149.18, 326.832, 26.2798, 0.0691824, -144.402, 1.19213, -60.5149, 1.24058, 115.449
315, 5.25833, 18.1459, 125.792, 314.823, -149.519, 326.142, 25.9441, 0.0690322, -145.159, 1.1922, -60.8517, 1.23996, 115.115
316, 5.26667, 18.0759, 125.035, 314.321, -149.857, 325.443, 25.6102, 0.068877, -145.913, 1.19223, -61.1869, 1.23929, 114.782
317, 5.27500, 18.0048, 124.281, 313.809, -150.193, 324.735, 25.2782, 0.0687171, -146.664, 1.19221, -61.5206, 1.23859, 114.452
317, 5.28333, 17.9328, 123.53, 313.287, -150.527, 324.019, 24.9482, 0.0685525, -147.413, 1.19215, -61.8527, 1.23784, 114.123
318, 5.29167, 17.8598, 122.782, 312.757, -150.86, 323.295, 24.6201, 0.0683832, -148.158, 1.19205, -62.1833, 1.23705, 113.796
318, 5.30000, 17.7858, 122.036, 312.217, -151.192, 322.563, 24.2939, 0.0682094, -148.901, 1.19191, -62.5123, 1.23623, 113.472
318, 5.30833, 17.711, 121.293, 311.668, -151.521, 321.824, 23.9697, 0.0680313, -149.641, 1.19173, -62.8397, 1.23536, 113.149
319, 5.31667, 17.6352, 120.554, 311.11, -151.85, 321.077, 23.6474, 0.0678488, -150.378, 1.19151, -63.1655, 1.23446, 112.828
320, 5.32500, 17.5587, 119.817, 310.544, -152.176, 320.324, 23.327, 0.0676621, -151.112, 1.19125, -63.4897, 1.23352, 112.509
320, 5.33333, 17.4813, 119.083, 309.969, -152.501, 319.563, 23.0087, 0.0674713, -151.843, 1.19095, -63.8122, 1.23255, 112.192
321, 5.34167, 17.4031, 118.352, 309.387, -152.824, 318.796, 22.6923, 0.0672764, -152.572, 1.19061, -64.1331, 1.23154, 111.877
321, 5.35000, 17.3241, 117.624, 308.796, -153.146, 318.023, 22.3779, 0.0670776, -153.297, 1.19023, -64.4524, 1.2305, 111.563
321, 5.35833, 17.2444, 116.899, 308.198, -153.466, 317.243, 22.0654, 0.0668751, -154.019, 1.18982, -64.7699, 1.22943, 111.252
322, 5.36667, 17.164, 116.177, 307.592, -153.784, 316.458, 21.755, 0.0666687, -154.738, 1.18937, -65.0859, 1.22832, 110.943
323, 5.37500, 17.083, 115.459, 306.979, -154.101, 315.667, 21.4465, 0.0664588, -155.454, 1.18888, -65.4001, 1.22718, 110.636
323, 5.38333, 17.0012, 114.743, 306.358, -154.415, 314.87, 21.14, 0.0662454, -156.167, 1.18836, -65.7126, 1.22601, 110.331
324, 5.39167, 16.9189, 114.031, 305.731, -154.729, 314.068, 20.8355, 0.0660285, -156.876, 1.1878, -66.0235, 1.22481, 110.028
324, 5.40000, 16.836, 113.322, 305.097, -155.04, 313.262, 20.533, 0.0658082, -157.583, 1.18721, -66.3327, 1.22359, 109.726
324, 5.40833, 16.7525, 112.616, 304.457, -155.35, 312.451, 20.2325, 0.0655848, -158.286, 1.18659, -66.6401, 1.22233, 109.427
325, 5.41667, 16.6685, 111.913, 303.81, -155.658, 311.635, 19.934, 0.0653582, -158.986, 1.18593, -66.9459, 1.22104, 109.13
326, 5.42500, 16.584, 111.213, 303.157, -155.964, 310.814, 19.6374, 0.0651286, -159.683, 1.18525, -67.2499, 1.21973, 108.835
326, 5.43333, 16.499, 110.517, 302.498, -156.269, 309.99, 19.3429, 0.064896, -160.377, 1.18453, -67.5522, 1.21839, 108.541
327, 5.44167, 16.4135, 109.824, 301.833, -156.572, 309.162, 19.0503, 0.0646606, -161.067, 1.18378, -67.8528, 1.21703, 108.25
327, 5.45000, 16.3276, 109.134, 301.162, -156.873, 308.33, 18.7598, 0.0644225, -161.754, 1.183, -68.1517, 1.21564, 107.961
327, 5.45833, 16.2414, 108.447, 300.487, -157.172, 307.494, 18.4712, 0.0641817, -162.438, 1.18218, -68.4488, 1.21423, 107.673
328, 5.46667, 16.1547, 107.764, 299.805, -157.47, 306.655, 18.1846, 0.0639383, -163.119, 1.18135, -68.7442, 1.2128, 107.388
329, 5.47500, 16.0677, 107.084, 299.119, -157.765, 305.813, 17.9, 0.0636925, -163.796, 1.18048, -69.0378, 1.21134, 107.105
329, 5.48333, 15.9803, 106.408, 298.428, -158.059, 304.968, 17.6174, 0.0634443, -164.47, 1.17958, -69.3297, 1.20986, 106.823
330, 5.49167, 15.8927, 105.734, 297.732, -158.352, 304.121, 17.3367, 0.0631937, -165.141, 1.17866, -69.6199, 1.20836, 106.544
330, 5.50000, 15.8048, 105.064, 297.032, -158.642, 303.27, 17.0581, 0.062941, -165.808, 1.17771, -69.9083, 1.20683, 106.267
330, 5.50833, 15.7166, 104.398, 296.327, -158.931, 302.418, 16.7814, 0.0626862, -166.472, 1.17674, -70.1949, 1.20529, 105.991
331, 5.51667, 15.6282, 103.735, 295.618, -159.218, 301.563, 16.5066, 0.0624294, -167.133, 1.17574, -70.4799, 1.20373, 105.717
332, 5.52500, 15.5396, 103.075, 294.906, -159.504, 300.706, 16.2338, 0.0621707, -167.79, 1.17471, -70.763, 1.20215, 105.446
332, 5.53333, 15.4508, 102.418, 294.189, -159.787, 299.847, 15.963, 0.0619101, -168.444, 1.17366, -71.0444, 1.20055, 105.176
333, 5.54167, 15.3618, 101.765, 293.468, -160.069, 298.986, 15.694, 0.0616477, -169.094, 1.17259, -71.3241, 1.19894, 104.909
333, 5.55000, 15.2727, 101.116, 292.744, -160.349, 298.124, 15.4271, 0.0613837, -169.741, 1.17149, -71.602, 1.1973, 104.643
333, 5.55833, 15.1835, 100.469, 292.017, -160.627, 297.261, 15.1621, 0.0611181, -170.385, 1.17038, -71.8782, 1.19565, 104.379
334, 5.56667, 15.0942, 99.8265, 291.286, -160.904, 296.396, 14.8989, 0.0608509, -171.025, 1.16924, -72.1527, 1.19399, 104.117
335, 5.57500, 15.0047, 99.187, 290.552, -161.179, 295.53, 14.6378, 0.0605823, -171.662, 1.16807, -72.4253, 1.19231, 103.857
335, 5.58333, 14.9153, 98.551, 289.815, -161.452, 294.663, 14.3785, 0.0603124, -172.295, 1.16689, -72.6963, 1.19062, 103.599
336, 5.59167, 14.8258, 97.9182, 289.076, -161.723, 293.795, 14.1211, 0.0600412, -172.926, 1.16569, -72.9655, 1.18891, 103.343
336, 5.60000, 14.7362, 97.289, 288.334, -161.993, 292.927, 13.8656, 0.0597688, -173.552, 1.16447, -73.233, 1.18719, 103.088
336, 5.60833, 14.6467, 96.6632, 287.589, -162.26, 292.058, 13.612, 0.0594953, -174.176, 1.16322, -73.4987, 1.18546, 102.836
337, 5.61667, 14.5572, 96.0407, 286.842, -162.527, 291.189, 13.3603, 0.0592207, -174.795, 1.16196, -73.7627, 1.18371, 102.585
338, 5.62500, 14.4677, 95.4216, 286.093, -162.791, 290.319, 13.1104, 0.0589452, -175.412, 1.16069, -74.025, 1.18195, 102.337
338, 5.63333, 14.3783, 94.806, 285.342, -163.053, 289.45, 12.8624, 0.0586688, -176.025, 1.15939, -74.2856, 1.18018, 102.09
339, 5.64167, 14.2889, 94.1937, 284.588, -163.314, 288.58, 12.6163, 0.0583915, -176.635, 1.15808, -74.5444, 1.1784, 101.845
339, 5.65000, 14.1996, 93.5849, 283.833, -163.574, 287.71, 12.372, 0.0581134, -177.241, 1.15675, -74.8015, 1.17661, 101.602
339, 5.65833, 14.1104, 92.9794, 283.077, -163.831, 286.841, 12.1295, 0.0578347, -177.844, 1.1554, -75.0569, 1.17481, 101.361
340, 5.66667, 14.0213, 92.3773, 282.318, -164.087, 285.972, 11.8888, 0.0575553, -178.444, 1.15404, -75.3107, 1.173, 101.121
341, 5.67500, 13.9324, 91.7786, 281.559, -164.341, 285.103, 11.65, 0.0572754, -179.04, 1.15266, -75.5627, 1.17119, 100.883
341, 5.68333, 13.8436, 91.1834, 280.798, -164.593, 284.235, 11.413, 0.056995, -179.633, 1.15127, -75.813, 1.16936, 100.647
342, 5.69167, 13.755, 90.5914, 280.035, -164.844, 283.368, 11.1777, 0.0567141, 179.778, 1.14986, -76.0616, 1.16753, 100.413
342, 5.70000, 13.6665, 90.0028, 279.272, -165.093, 282.501, 10.9443, 0.0564328, 179.192, 1.14844, -76.3086, 1.16568, 100.181
342, 5.70833, 13.5782, 89.4176, 278.508, -165.34, 281.635, 10.7126, 0.0561513, 178.609, 1.14701, -76.5538, 1.16384, 99.9504
343, 5.71667, 13.4901, 88.8357, 277.742, -165.585, 280.771, 10.4826, 0.0558694, 178.03, 1.14556, -76.7974, 1.16198, 99.7216
344, 5.72500, 13.4023, 88.2572, 276.977, -165.829, 279.907, 10.2545, 0.0555874, 177.454, 1.1441, -77.0394, 1.16012, 99.4945
344, 5.73333, 13.3146, 87.6821, 276.21, -166.072, 279.044, 10.028, 0.0553052, 176.881, 1.14263, -77.2796, 1.15825, 99.2692
345, 5.74167, 13.2272, 87.1101, 275.443, -166.312, 278.183, 9.8033, 0.0550229, 176.312, 1.14115, -77.5183, 1.15638, 99.0456
345, 5.75000, 13.1401, 86.5416, 274.675, -166.551, 277.323, 9.58031, 0.0547405, 175.746, 1.13966, -77.7552, 1.1545, 98.8237
345, 5.75833, 13.0532, 85.9764, 273.908, -166.788, 276.464, 9.35903, 0.0544582, 175.183, 1.13815, -77.9905, 1.15262, 98.6035
346, 5.76667, 12.9666, 85.4144, 273.14, -167.024, 275.607, 9.13942, 0.054176, 174.623, 1.13664, -78.2243, 1.15073, 98.385
347, 5.77500, 12.8802, 84.8558, 272.371, -167.258, 274.751, 8.92152, 0.0538938, 174.067, 1.13511, -78.4563, 1.14884, 98.1682
347, 5.78333, 12.7942, 84.3005, 271.603, -167.49, 273.898, 8.70529, 0.0536118, 173.514, 1.13358, -78.6868, 1.14695, 97.9531
348, 5.79167, 12.7085, 83.7483, 270.835, -167.721, 273.045, 8.4907, 0.05333, 172.965, 1.13204, -78.9156, 1.14505, 97.7396
348, 5.80000, 12.623, 83.1995, 270.067, -167.95, 272.195, 8.27779, 0.0530485, 172.418, 1.13048, -79.1429, 1.14315, 97.5277
348, 5.80833, 12.5379, 82.6539, 269.299, -168.178, 271.346, 8.06651, 0.0527672, 171.875, 1.12892, -79.3685, 1.14125, 97.3176
349, 5.81667, 12.4531, 82.1115, 268.532, -168.404, 270.5, 7.85683, 0.0524863, 171.335, 1.12736, -79.5926, 1.13934, 97.109
350, 5.82500, 12.3687, 81.5723, 267.765, -168.628, 269.655, 7.6488, 0.0522058, 170.799, 1.12578, -79.8151, 1.13744, 96.902
350, 5.83333, 12.2846, 81.0364, 266.998, -168.851, 268.812, 7.44237, 0.0519257, 170.265, 1.1242, -80.036, 1.13553, 96.6966
351, 5.84167, 12.2008, 80.5036, 266.232, -169.072, 267.972, 7.2375, 0.051646, 169.735, 1.1226, -80.2553, 1.13362, 96.4928
351, 5.85000, 12.1174, 79.9741, 265.467, -169.292, 267.134, 7.03425, 0.0513668, 169.208, 1.12101, -80.4731, 1.13171, 96.2906
351, 5.85833, 12.0344, 79.4477, 264.702, -169.51, 266.297, 6.83256, 0.0510882, 168.684, 1.1194, -80.6894, 1.1298, 96.09
352, 5.86667, 11.9518, 78.9244, 263.938, -169.726, 265.464, 6.6324, 0.0508101, 168.163, 1.11779, -80.9041, 1.12788, 95.8909
353, 5.87500, 11.8695, 78.4043, 263.175, -169.941, 264.632, 6.43382, 0.0505327, 167.645, 1.11618, -81.1173, 1.12597, 95.6934
353, 5.88333, 11.7876, 77.8873, 262.413, -170.155, 263.803, 6.23676, 0.0502559, 167.13, 1.11456, -81.3289, 1.12406, 95.4974
354, 5.89167, 11.7062, 77.3733, 261.652, -170.367, 262.976, 6.04121, 0.0499797, 166.619, 1.11293, -81.5391, 1.12215, 95.3029
354, 5.90000, 11.6251, 76.8626, 260.892, -170.577, 262.152, 5.84719, 0.0497043, 166.111, 1.1113, -81.7477, 1.12023, 95.1099
354, 5.90833, 11.5444, 76.3549, 260.134, -170.786, 261.33, 5.65467, 0.0494295, 165.605, 1.10966, -81.9549, 1.11832, 94.9184
355, 5.91667, 11.4641, 75.8502, 259.376, -170.994, 260.511, 5.46362, 0.0491556, 165.103, 1.10802, -82.1605, 1.11641, 94.7284
356, 5.92500, 11.3843, 75.3486, 258.619, -171.2, 259.695, 5.27406, 0.0488824, 164.604, 1.10638, -82.3647, 1.1145, 94.5398
356, 5.93333, 11.3048, 74.85, 257.864, -171.404, 258.881, 5.08597, 0.0486101, 164.108, 1.10473, -82.5674, 1.1126, 94.3528
357, 5.94167, 11.2258, 74.3545, 257.111, -171.607, 258.07, 4.89931, 0.0483386, 163.614, 1.10308, -82.7687, 1.11069, 94.1671
357, 5.95000, 11.1472, 73.8619, 256.358, -171.809, 257.261, 4.71411, 0.0480679, 163.124, 1.10143, -82.9685, 1.10879, 93.983
357, 5.95833, 11.0691, 73.3724, 255.607, -172.009, 256.456, 4.53034, 0.0477982, 162.637, 1.09977, -83.1669, 1.10688, 93.8002
358, 5.96667, 10.9914, 72.8857, 254.858, -172.208, 255.652, 4.34796, 0.0475294, 162.153, 1.09811, -83.3638, 1.10498, 93.6189
359, 5.97500, 10.9141, 72.4021, 254.11, -172.405, 254.852, 4.16702, 0.0472615, 161.672, 1.09645, -83.5594, 1.10308, 93.4389
359, 5.98333, 10.8373, 71.9214, 253.364, -172.601, 254.055, 3.98746, 0.0469946, 161.193, 1.09479, -83.7535, 1.10119, 93.2604
360, 5.99167, 10.7609, 71.4436, 252.62, -172.795, 253.261, 3.80928, 0.0467287, 160.718, 1.09312, -83.9462, 1.0993, 93.0832
360, 6.00000, 10.6849, 70.9688, 251.877, -172.988, 252.469, 3.63248, 0.0464638, 160.245, 1.09145, -84.1375, 1.09741, 92.9074
360, 6.00833, 10.6094, 70.4968, 251.136, -173.18, 251.68, 3.45705, 0.0461999, 159.776, 1.08979, -84.3274, 1.09552, 92.7329
361, 6.01667, 10.5344, 70.0276, 250.397, -173.37, 250.895, 3.28294, 0.045937, 159.309, 1.08812, -84.516, 1.09364, 92.5598
362, 6.02500, 10.4598, 69.5614, 249.66, -173.559, 250.112, 3.11019, 0.0456752, 158.845, 1.08644, -84.7031, 1.09176, 92.3881
362, 6.03333, 10.3857, 69.098, 248.925, -173.747, 249.332, 2.93877, 0.0454145, 158.384, 1.08477, -84.8889, 1.08988, 92.2176
363, 6.04167, 10.312, 68.6373, 248.191, -173.933, 248.556, 2.76865, 0.0451549, 157.926, 1.0831, -85.0734, 1.08801, 92.0485
363, 6.05000, 10.2388, 68.1795, 247.46, -174.118, 247.782, 2.59985, 0.0448964, 157.47, 1.08143, -85.2566, 1.08614, 91.8807
363, 6.05833, 10.166, 67.7245, 246.73, -174.301, 247.011, 2.43234, 0.044639, 157.017, 1.07975, -85.4384, 1.08427, 91.7142
364, 6.06667, 10.0937, 67.2722, 246.003, -174.484, 246.244, 2.2661, 0.0443827, 156.567, 1.07808, -85.6189, 1.08241, 91.5489
365, 6.07500, 10.0219, 66.8228, 245.278, -174.664, 245.479, 2.10114, 0.0441277, 156.12, 1.07641, -85.798, 1.08055, 91.3849
365, 6.08333, 9.95055, 66.376, 244.554, -174.844, 244.718, 1.93745, 0.0438738, 155.676, 1.07474, -85.9759, 1.0787, 91.2222
366, 6.09167, 9.87964, 65.9319, 243.833, -175.022, 243.96, 1.77499, 0.043621, 155.234, 1.07306, -86.1525, 1.07685, 91.0607
366, 6.10000, 9.80921, 65.4906, 243.114, -175.199, 243.205, 1.61379, 0.0433694, 154.795, 1.07139, -86.3278, 1.07501, 90.9004
366, 6.10833, 9.73925, 65.0519, 242.398, -175.375, 242.453, 1.45382, 0.0431191, 154.359, 1.06972, -86.5018, 1.07317, 90.7414
367, 6.11667, 9.66975, 64.6159, 241.683, -175.549, 241.704, 1.29505, 0.0428699, 153.925, 1.06805, -86.6746, 1.07133, 90.5836
368, 6.12500, 9.60072, 64.1825, 240.971, -175.723, 240.958, 1.1375, 0.042622, 153.494, 1.06639, -86.8461, 1.0695, 90.427
368, 6.13333, 9.53216, 63.7518, 240.261, -175.894, 240.215, 0.981148, 0.0423753, 153.066, 1.06472, -87.0164, 1.06768, 90.2716
369, 6.14167, 9.46406, 63.3237, 239.553, -176.065, 239.476, 0.825965, 0.0421298, 152.64, 1.06305, -87.1854, 1.06586, 90.1174
369, 6.15000, 9.39643, 62.8982, 238.848, -176.235, 238.74, 0.671978, 0.0418856, 152.216, 1.06139, -87.3532, 1.06404, 89.9643
369, 6.15833, 9.32927, 62.4753, 238.145, -176.403, 238.007, 0.519156, 0.0416427, 151.796, 1.05973, -87.5198, 1.06223, 89.8124
370, 6.16667, 9.26257, 62.0548, 237.444, -176.57, 237.277, 0.367472, 0.0414009, 151.378, 1.05807, -87.6852, 1.06043, 89.6617
371, 6.17500, 9.19634, 61.637, 236.746, -176.736, 236.55, 0.216951, 0.0411605, 150.962, 1.05641, -87.8493, 1.05863, 89.5121
371, 6.18333, 9.13058, 61.2217, 236.05, -176.9, 235.827, 0.0675664, 0.0409214, 150.549, 1.05475, -88.0123, 1.05684, 89.3636
372, 6.19167, 9.06527, 60.8089, 235.357, -177.064, 235.107, -0.0807108, 0.0406834, 150.139, 1.0531, -88.1741, 1.05505, 89.2163
372, 6.20000, 9.00043, 60.3985, 234.666, -177.226, 234.39, -0.227855, 0.0404468, 149.731, 1.05145, -88.3347, 1.05327, 89.0701
372, 6.20833, 8.93606, 59.9907, 233.977, -177.387, 233.676, -0.373893, 0.0402115, 149.325, 1.0498, -88.4942, 1.05149, 88.925
373, 6.21667, 8.87214, 59.5853, 233.291, -177.547, 232.965, -0.518853, 0.0399775, 148.922, 1.04816, -88.6525, 1.04972, 88.7809
374, 6.22500, 8.80869, 59.1824, 232.608, -177.706, 232.258, -0.662709, 0.0397447, 148.521, 1.04651, -88.8097, 1.04796, 88.638
374, 6.23333, 8.7457, 58.7818, 231.927, -177.863, 231.554, -0.805488, 0.0395133, 148.123, 1.04487, -88.9657, 1.0462, 88.4961
375, 6.24167, 8.68316, 58.3837, 231.248, -178.02, 230.853, -0.947218, 0.0392832, 147.727, 1.04324, -89.1206, 1.04444, 88.3553
375, 6.25000, 8.62108, 57.9879, 230.573, -178.175, 230.155, -1.08787, 0.0390543, 147.334, 1.0416, -89.2744, 1.0427, 88.2155
375, 6.25833, 8.55946, 57.5946, 229.899, -178.329, 229.46, -1.22748, 0.0388268, 146.942, 1.03997, -89.4271, 1.04095, 88.0768
376, 6.26667, 8.49829, 57.2035, 229.228, -178.482, 228.769, -1.36607, 0.0386005, 146.554, 1.03835, -89.5787, 1.03922, 87.9392
377, 6.27500, 8.43757, 56.8149, 228.56, -178.634, 228.081, -1.5036, 0.0383756, 146.167, 1.03672, -89.7291, 1.03749, 87.8025
377, 6.28333, 8.37731, 56.4285, 227.894, -178.785, 227.396, -1.64012, 0.038152, 145.783, 1.0351, -89.8785, 1.03577, 87.6669
378, 6.29167, 8.31748, 56.0444, 227.231, -178.935, 226.714, -1.77565, 0.0379297, 145.401, 1.03349, -90.0269, 1.03405, 87.5323
378, 6.30000, 8.25811, 55.6626, 226.571, -179.084, 226.036, -1.91015, 0.0377087, 145.022, 1.03187, -90.1741, 1.03234, 87.3986
378, 6.30833, 8.19919, 55.2831, 225.913, -179.232, 225.36, -2.04366, 0.037489, 144.644, 1.03026, -90.3203, 1.03064, 87.266
379, 6.31667, 8.1407, 54.9058, 225.257, -179.378, 224.688, -2.17621, 0.0372706, 144.269, 1.02866, -90.4654, 1.02894, 87.1344
380, 6.32500, 8.08266, 54.5308, 224.605, -179.524, 224.019, -2.30776, 0.0370536, 143.897, 1.02706, -90.6095, 1.02725, 87.0037
380, 6.33333, 8.02506, 54.158, 223.955, -179.669, 223.353, -2.43835, 0.0368378, 143.526, 1.02546, -90.7526, 1.02556, 86.874
381, 6.34167, 7.96789, 53.7874, 223.307, -179.812, 222.69, -2.56799, 0.0366233, 143.158, 1.02387, -90.8947, 1.02388, 86.7452
381, 6.35000, 7.91117, 53.419, 222.663, -179.955, 222.031, -2.69667, 0.0364102, 142.791, 1.02228, -91.0357, 1.02221, 86.6174
381, 6.35833, 7.85487, 53.0528, 222.02, 179.904, 221.375, -2.8244, 0.0361984, 142.427, 1.02069, -91.1757, 1.02054, 86.4905
382, 6.36667, 7.799, 52.6886, 221.381, 179.763, 220.721, -2.95123, 0.0359878, 142.066, 1.01911, -91.3147, 1.01888, 86.3646
383, 6.37500, 7.74357, 52.3267, 220.744, 179.624, 220.071, -3.07711, 0.0357785, 141.706, 1.01753, -91.4528, 1.01723, 86.2396
383, 6.38333, 7.68856, 51.9668, 220.11, 179.485, 219.424, -3.20207, 0.0355706, 141.348, 1.01596, -91.5898, 1.01559, 86.1154
384, 6.39167, 7.63397, 51.6091, 219.478, 179.348, 218.78, -3.32614, 0.0353639, 140.993, 1.0144, -91.7259, 1.01395, 85.9922
384, 6.40000, 7.57981, 51.2534, 218.849, 179.211, 218.139, -3.4493, 0.0351585, 140.639, 1.01283, -91.861, 1.01231, 85.8699
384, 6.40833, 7.52607, 50.8999, 218.223, 179.075, 217.502, -3.57157, 0.0349545, 140.288, 1.01127, -91.9951, 1.01069, 85.7485
385, 6.41667, 7.47274, 50.5483, 217.599, 178.941, 216.867, -3.69297, 0.0347516, 139.938, 1.00972, -92.1283, 1.00906, 85.628
386, 6.42500, 7.41983, 50.1989, 216.978, 178.807, 216.236, -3.81348, 0.0345501, 139.591, 1.00817, -92.2605, 1.00745, 85.5083
386, 6.43333, 7.36734, 49.8514, 216.36, 178.674, 215.607, -3.93312, 0.0343499, 139.246, 1.00663, -92.3918, 1.00584, 85.3895
387, 6.44167, 7.31525, 49.5059, 215.744, 178.542, 214.982, -4.05191, 0.0341509, 138.903, 1.00509, -92.5222, 1.00424, 85.2716
387, 6.45000, 7.26357, 49.1625, 215.131, 178.411, 214.36, -4.16984, 0.0339532, 138.561, 1.00355, -92.6517, 1.00265, 85.1545
387, 6.45833, 7.21229, 48.821, 214.521, 178.281, 213.74, -4.28693, 0.0337568, 138.222, 1.00202, -92.7802, 1.00106, 85.0382
388, 6.46667, 7.16142, 48.4815, 213.913, 178.152, 213.124, -4.40319, 0.0335616, 137.885, 1.0005, -92.9079, 0.999482, 84.9228
389, 6.47500, 7.11095, 48.144, 213.308, 178.024, 212.511, -4.51861, 0.0333677, 137.549, 0.998977, -93.0346, 0.997909, 84.8082
389, 6.48333, 7.06087, 47.8084, 212.706, 177.897, 211.901, -4.6332, 0.033175, 137.216, 0.997461, -93.1604, 0.996341, 84.6944
390, 6.49167, 7.01119, 47.4746, 212.106, 177.77, 211.293, -4.747, 0.0329836, 136.884, 0.995951, -93.2854, 0.994781, 84.5815
390, 6.50000, 6.9619, 47.1428, 211.509, 177.645, 210.689, -4.85997, 0.0327934, 136.555, 0.994446, -93.4095, 0.993227, 84.4693
390, 6.50833, 6.91301, 46.8129, 210.914, 177.52, 210.088, -4.97215, 0.0326044, 136.227, 0.992946, -93.5327, 0.99168, 84.358
391, 6.51667, 6.86449, 46.4849, 210.322, 177.397, 209.49, -5.08354, 0.0324167, 135.901, 0.991451, -93.6551, 0.990139, 84.2474
392, 6.52500, 6.81637, 46.1587, 209.733, 177.274, 208.894, -5.19414, 0.0322302, 135.577, 0.989961, -93.7766, 0.988605, 84.1376
392, 6.53333, 6.76862, 45.8344, 209.146, 177.152, 208.302, -5.30396, 0.032045, 135.255, 0.988476, -93.8972, 0.987078, 84.0286
393, 6.54167, 6.72126, 45.5119, 208.562, 177.03, 207.712, -5.41302, 0.0318609, 134.935, 0.986997, -94.017, 0.985557, 83.9203
393, 6.55000, 6.67427, 45.1912, 207.981, 176.91, 207.126, -5.5213, 0.0316781, 134.616, 0.985522, -94.136, 0.984043, 83.8129
393, 6.55833, 6.62766, 44.8723, 207.402, 176.79, 206.542, -5.62882, 0.0314964, 134.299, 0.984053, -94.2542, 0.982536, 83.7062
394, 6.56667, 6.58141, 44.5552, 206.826, 176.672, 205.961, -5.73561, 0.031316, 133.984, 0.982589, -94.3715, 0.981035, 83.6002
395, 6.57500, 6.53554, 44.2399, 206.252, 176.554, 205.384, -5.84164, 0.0311367, 133.671, 0.981131, -94.488, 0.979541, 83.4949
395, 6.58333, 6.49003, 43.9263, 205.681, 176.437, 204.808, -5.94693, 0.0309587, 133.36, 0.979677, -94.6037, 0.978053, 83.3905
396, 6.59167, 6.44488, 43.6145, 205.112, 176.32, 204.236, -6.0515, 0.0307818, 133.05, 0.978229, -94.7187, 0.976572, 83.2867
396, 6.60000, 6.4001, 43.3044, 204.546, 176.205, 203.667, -6.15533, 0.0306061, 132.742, 0.976787, -94.8328, 0.975098, 83.1836
396, 6.60833, 6.35568, 42.9961, 203.983, 176.09, 203.1, -6.25845, 0.0304316, 132.436, 0.975349, -94.9461, 0.97363, 83.0813
397, 6.61667, 6.3116, 42.6894, 203.422, 175.976, 202.537, -6.36086, 0.0302582, 132.131, 0.973917, -95.0587, 0.972169, 82.9797
398, 6.62500, 6.26789, 42.3845, 202.864, 175.863, 201.976, -6.46256, 0.030086, 131.829, 0.972491, -95.1705, 0.970714, 82.8788
398, 6.63333, 6.22452, 42.0812, 202.308, 175.751, 201.418, -6.56356, 0.0299149, 131.527, 0.971069, -95.2815, 0.969266, 82.7786
399, 6.64167, 6.1815, 41.7795, 201.755, 175.639, 200.862, -6.66388, 0.029745, 131.228, 0.969653, -95.3918, 0.967824, 82.679
399, 6.65000, 6.13882, 41.4796, 201.205, 175.528, 200.31, -6.76349, 0.0295762, 130.93, 0.968243, -95.5013, 0.966389, 82.5802
399, 6.65833, 6.09649, 41.1813, 200.657, 175.418, 199.76, -6.86243, 0.0294086, 130.634, 0.966838, -95.61, 0.96496, 82.482
400, 6.66667, 6.0545, 40.8845, 200.111, 175.309, 199.213, -6.96071, 0.029242, 130.339, 0.965438, -95.718, 0.963538, 82.3845
401, 6.67500, 6.01284, 40.5895, 199.568, 175.2, 198.668, -7.0583, 0.0290766, 130.046, 0.964044, -95.8253, 0.962123, 82.2877
401, 6.68333, 5.97152, 40.296, 199.028, 175.092, 198.127, -7.15523, 0.0289123, 129.755, 0.962655, -95.9319, 0.960714, 82.1915
402, 6.69167, 5.93053, 40.0041, 198.489, 174.985, 197.588, -7.25151, 0.0287491, 129.465, 0.961272, -96.0377, 0.959311, 82.096
402, 6.70000, 5.88987, 39.7138, 197.954, 174.879, 197.051, -7.34714, 0.028587, 129.177, 0.959894, -96.1428, 0.957914, 82.0012
402, 6.70833, 5.84953, 39.425, 197.421, 174.773, 196.518, -7.44211, 0.028426, 128.89, 0.958522, -96.2472, 0.956524, 81.907
403, 6.71667, 5.80952, 39.1378, 196.89, 174.668, 195.986, -7.53646, 0.0282661, 128.605, 0.957155, -96.3509, 0.955141, 81.8134
404, 6.72500, 5.76983, 38.8521, 196.362, 174.564, 195.458, -7.63016, 0.0281073, 128.321, 0.955793, -96.4539, 0.953764, 81.7204
404, 6.73333, 5.73046, 38.568, 195.836, 174.46, 194.932, -7.72323, 0.0279495, 128.039, 0.954437, -96.5562, 0.952393, 81.6281
405, 6.74167, 5.6914, 38.2854, 195.313, 174.357, 194.409, -7.81569, 0.0277928, 127.759, 0.953086, -96.6579, 0.951028, 81.5364
405, 6.75000, 5.65267, 38.0042, 194.792, 174.255, 193.889, -7.90752, 0.0276372, 127.48, 0.951741, -96.7588, 0.94967, 81.4453
405, 6.75833, 5.61424, 37.7246, 194.274, 174.153, 193.371, -7.99874, 0.0274826, 127.202, 0.950402, -96.8591, 0.948318, 81.3549
406, 6.76667, 5.57611, 37.4464, 193.758, 174.052, 192.855, -8.08936, 0.027329, 126.926, 0.949067, -96.9587, 0.946973, 81.265
407, 6.77500, 5.5383, 37.1698, 193.244, 173.952, 192.342, -8.17937, 0.0271765, 126.652, 0.947738, -97.0576, 0.945633, 81.1757
407, 6.78333, 5.50079, 36.8945, 192.733, 173.853, 191.832, -8.26878, 0.0270251, 126.378, 0.946415, -97.1559, 0.9443, 81.087
408, 6.79167, 5.46357, 36.6207, 192.224, 173.754, 191.324, -8.35761, 0.0268746, 126.107, 0.945097, -97.2535, 0.942973, 80.999
408, 6.80000, 5.42666, 36.3484, 191.717, 173.655, 190.819, -8.44585, 0.0267252, 125.836, 0.943785, -97.3505, 0.941653, 80.9115
408, 6.80833, 5.39005, 36.0774, 191.213, 173.558, 190.316, -8.5335, 0.0265768, 125.568, 0.942478, -97.4468, 0.940338, 80.8245
409, 6.81667, 5.35372, 35.8079, 190.711, 173.461, 189.816, -8.62059, 0.0264294, 125.3, 0.941176, -97.5425, 0.93903, 80.7382
410, 6.82500, 5.31769, 35.5398, 190.212, 173.365, 189.318, -8.70709, 0.0262829, 125.034, 0.93988, -97.6376, 0.937727, 80.6524
410, 6.83333, 5.28195, 35.273, 189.715, 173.269, 188.823, -8.79303, 0.0261375, 124.769, 0.938589, -97.732, 0.936431, 80.5672
411, 6.84167, 5.24649, 35.0077, 189.22, 173.174, 188.33, -8.87842, 0.0259931, 124.506, 0.937303, -97.8258, 0.935141, 80.4825
411, 6.85000, 5.21131, 34.7437, 188.728, 173.079, 187.839, -8.96324, 0.0258496, 124.244, 0.936023, -97.919, 0.933857, 80.3984
411, 6.85833, 5.17642, 34.481, 188.238, 172.985, 187.351, -9.04751, 0.0257071, 123.983, 0.934749, -98.0116, 0.932579, 80.3149
412, 6.86667, 5.14181, 34.2197, 187.75, 172.892, 186.865, -9.13124, 0.0255656, 123.724, 0.933479, -98.1036, 0.931307, 80.2319
413, 6.87500, 5.10747, 33.9598, 187.264, 172.8, 186.382, -9.21442, 0.025425, 123.466, 0.932216, -98.195, 0.930041, 80.1494
413, 6.88333, 5.07341, 33.7011, 186.781, 172.708, 185.901, -9.29706, 0.0252854, 123.21, 0.930957, -98.2858, 0.928781, 80.0675
414, 6.89167, 5.03962, 33.4438, 186.3, 172.616, 185.423, -9.37918, 0.0251467, 122.954, 0.929704, -98.376, 0.927526, 79.9861
414, 6.90000, 5.0061, 33.1877, 185.821, 172.525, 184.946, -9.46076, 0.025009, 122.7, 0.928456, -98.4656, 0.926278, 79.9052
414, 6.90833, 4.97285, 32.933, 185.344, 172.435, 184.472, -9.54182, 0.0248722, 122.448, 0.927214, -98.5546, 0.925036, 79.8249
415, 6.91667, 4.93986, 32.6795, 184.87, 172.345, 184.001, -9.62236, 0.0247363, 122.196, 0.925976, -98.643, 0.923799, 79.745
416, 6.92500, 4.90713, 32.4274, 184.398, 172.256, 183.532, -9.70239, 0.0246013, 121.946, 0.924745, -98.7309, 0.922569, 79.6657
416, 6.93333, 4.87467, 32.1764, 183.928, 172.168, 183.065, -9.7819, 0.0244673, 121.697, 0.923518, -98.8182, 0.921344, 79.5869
417, 6.94167, 4.84246, 31.9268, 183.46, 172.08, 182.6, -9.86091, 0.0243341, 121.449, 0.922297, -98.905, 0.920125, 79.5086
417, 6.95000, 4.81051, 31.6783, 182.995, 171.992, 182.138, -9.93941, 0.0242019, 121.203, 0.921081, -98.9912, 0.918911, 79.4308
417, 6.95833, 4.77882, 31.4311, 182.531, 171.905, 181.678, -10.0174, 0.0240705, 120.958, 0.91987, -99.0768, 0.917704, 79.3535
418, 6.96667, 4.74737, 31.1852, 182.07, 171.819, 181.22, -10.0949, 0.02394, 120.714, 0.918664, -99.1619, 0.916502, 79.2767
418, 6.97500, 4.71617, 30.9404, 181.611, 171.733, 180.764, -10.172, 0.0238105, 120.471, 0.917464, -99.2465, 0.915306, 79.2003
419, 6.98333, 4.68523, 30.6968, 181.154, 171.648, 180.31, -10.2485, 0.0236817, 120.23, 0.916269, -99.3305, 0.914115, 79.1245
420, 6.99167, 4.65452, 30.4545, 180.699, 171.564, 179.859, -10.3246, 0.0235539, 119.989, 0.915079, -99.414, 0.91293, 79.0491
420, 7.00000, 4.62406, 30.2133, 180.247, 171.479, 179.41, -10.4001, 0.0234269, 119.75, 0.913894, -99.4969, 0.911751, 78.9742
420, 7.00833, 4.59384, 29.9733, 179.796, 171.396, 178.963, -10.4752, 0.0233007, 119.512, 0.912715, -99.5793, 0.910578, 78.8998
421, 7.01667, 4.56386, 29.7344, 179.348, 171.313, 178.518, -10.5499, 0.0231754, 119.275, 0.911541, -99.6612, 0.90941, 78.8259
422, 7.02500, 4.53412, 29.4967, 178.901, 171.23, 178.076, -10.624, 0.023051, 119.039, 0.910371, -99.7426, 0.908247, 78.7524
422, 7.03333, 4.50461, 29.2602, 178.457, 171.148, 177.636, -10.6977, 0.0229274, 118.805, 0.909207, -99.8235, 0.90709, 78.6793
423, 7.04167, 4.47533, 29.0248, 178.015, 171.067, 177.197, -10.771, 0.0228046, 118.571, 0.908048, -99.9038, 0.905938, 78.6068
423, 7.05000, 4.44628, 28.7905, 177.575, 170.986, 176.761, -10.8438, 0.0226826, 118.339, 0.906895, -99.9837, 0.904792, 78.5346
423, 7.05833, 4.41747, 28.5574, 177.137, 170.905, 176.327, -10.9161, 0.0225615, 118.108, 0.905746, -100.063, 0.903652, 78.463
424, 7.06667, 4.38887, 28.3253, 176.701, 170.825, 175.895, -10.9881, 0.0224411, 117.878, 0.904602, -100.142, 0.902516, 78.3917
425, 7.07500, 4.36051, 28.0944, 176.267, 170.745, 175.465, -11.0595, 0.0223216, 117.649, 0.903463, -100.22, 0.901387, 78.321
425, 7.08333, 4.33236, 27.8646, 175.835, 170.666, 175.037, -11.1305, 0.0222028, 117.421, 0.90233, -100.298, 0.900262, 78.2506
426, 7.09167, 4.30444, 27.6358, 175.405, 170.588, 174.611, -11.2011, 0.0220849, 117.194, 0.901201, -100.376, 0.899143, 78.1807
426, 7.10000, 4.27673, 27.4081, 174.977, 170.51, 174.188, -11.2713, 0.0219677, 116.968, 0.900077, -100.452, 0.898029, 78.1112
426, 7.10833, 4.24925, 27.1815, 174.551, 170.432, 173.766, -11.341, 0.0218513, 116.744, 0.898959, -100.529, 0.896921, 78.0421
427, 7.11667, 4.22197, 26.956, 174.127, 170.355, 173.346, -11.4103, 0.0217357, 116.52, 0.897845, -100.605, 0.895817, 77.9735
428, 7.12500, 4.19491, 26.7315, 173.705, 170.279, 172.928, -11.4792, 0.0216209, 116.298, 0.896736, -100.68, 0.894719, 77.9053
428, 7.13333, 4.16806, 26.5081, 173.285, 170.202, 172.513, -11.5476, 0.0215068, 116.076, 0.895632, -100.755, 0.893626, 77.8375
429, 7.14167, 4.14142, 26.2856, 172.866, 170.127, 172.099, -11.6157, 0.0213935, 115.856, 0.894533, -100.83, 0.892538, 77.7701
429, 7.15000, 4.11498, 26.0643, 172.45, 170.051, 171.687, -11.6833, 0.0212809, 115.636, 0.893439, -100.904, 0.891456, 77.7031
429, 7.15833, 4.08875, 25.8439, 172.036, 169.977, 171.277, -11.7505, 0.0211691, 115.418, 0.89235, -100.978, 0.890378, 77.6365
430, 7.16667, 4.06273, 25.6245, 171.623, 169.902, 170.869, -11.8174, 0.021058, 115.2, 0.891266, -101.051, 0.889306, 77.5703
431, 7.17500, 4.0369, 25.4062, 171.213, 169.828, 170.463, -11.8838, 0.0209476, 114.984, 0.890186, -101.124, 0.888239, 77.5046
431, 7.18333, 4.01128, 25.1888, 170.804, 169.755, 170.059, -11.9498, 0.020838, 114.769, 0.889112, -101.196, 0.887177, 77.4392
432, 7.19167, 3.98585, 24.9725, 170.398, 169.682, 169.657, -12.0154, 0.0207291, 114.554, 0.888041, -101.268, 0.886119, 77.3742
432, 7.20000, 3.96063, 24.7571, 169.993, 169.61, 169.257, -12.0807, 0.0206209, 114.341, 0.886976, -101.339, 0.885067, 77.3096
432, 7.20833, 3.93559, 24.5427, 169.59, 169.537, 168.859, -12.1455, 0.0205134, 114.128, 0.885916, -101.41, 0.88402, 77.2454
433, 7.21667, 3.91075, 24.3292, 169.189, 169.466, 168.462, -12.21, 0.0204066, 113.917, 0.88486, -101.481, 0.882978, 77.1816
434, 7.22500, 3.8861, 24.1168, 168.789, 169.394, 168.067, -12.2741, 0.0203006, 113.706, 0.88381, -101.551, 0.88194, 77.1181
434, 7.23333, 3.86164, 23.9053, 168.392, 169.324, 167.675, -12.3378, 0.0201952, 113.496, 0.882763, -101.621, 0.880908, 77.0551
435, 7.24167, 3.83737, 23.6947, 167.996, 169.253, 167.284, -12.4011, 0.0200905, 113.288, 0.881722, -101.69, 0.87988, 76.9924
435, 7.25000, 3.81328, 23.485, 167.602, 169.183, 166.895, -12.464, 0.0199865, 113.08, 0.880685, -101.759, 0.878858, 76.93
435, 7.25833, 3.78938, 23.2763, 167.21, 169.114, 166.507, -12.5266, 0.0198832, 112.873, 0.879653, -101.827, 0.87784, 76.8681
436, 7.26667, 3.76566, 23.0685, 166.82, 169.045, 166.122, -12.5888, 0.0197805, 112.667, 0.878625, -101.895, 0.876827, 76.8065
437, 7.27500, 3.74212, 22.8616, 166.432, 168.976, 165.738, -12.6507, 0.0196785, 112.462, 0.877602, -101.963, 0.875818, 76.7453
437, 7.28333, 3.71877, 22.6557, 166.045, 168.907, 165.356, -12.7122, 0.0195772, 112.258, 0.876584, -102.03, 0.874815, 76.6844
438, 7.29167, 3.69559, 22.4506, 165.66, 168.84, 164.976, -12.7733, 0.0194766, 112.055, 0.87557, -102.097, 0.873816, 76.6239
438, 7.30000, 3.67258, 22.2464, 165.277, 168.772, 164.598, -12.8341, 0.0193766, 111.853, 0.87456, -102.164, 0.872822, 76.5637
438, 7.30833, 3.64976, 22.0431, 164.895, 168.705, 164.221, -12.8945, 0.0192772, 111.651, 0.873556, -102.23, 0.871833, 76.5039
439, 7.31667, 3.6271, 21.8407, 164.515, 168.638, 163.846, -12.9546, 0.0191785, 111.451, 0.872555, -102.295, 0.870848, 76.4445
439, 7.32500, 3.60462, 21.6392, 164.137, 168.572, 163.473, -13.0143, 0.0190804, 111.251, 0.87156, -102.361, 0.869868, 76.3853
440, 7.33333, 3.58231, 21.4385, 163.761, 168.506, 163.102, -13.0737, 0.018983, 111.052, 0.870568, -102.426, 0.868892, 76.3266
441, 7.34167, 3.56016, 21.2387, 163.387, 168.44, 162.732, -13.1327, 0.0188861, 110.854, 0.869581, -102.49, 0.867921, 76.2681
441, 7.35000, 3.53818, 21.0398, 163.014, 168.375, 162.364, -13.1915, 0.0187899, 110.657, 0.868599, -102.554, 0.866955, 76.2101
441, 7.35833, 3.51637, 20.8417, 162.643, 168.31, 161.998, -13.2498, 0.0186944, 110.461, 0.867621, -102.618, 0.865993, 76.1523
442, 7.36667, 3.49473, 20.6444, 162.273, 168.246, 161.633, -13.3079, 0.0185994, 110.265, 0.866647, -102.682, 0.865035, 76.0949
443, 7.37500, 3.47324, 20.448, 161.905, 168.182, 161.27, -13.3656, 0.018505, 110.071, 0.865678, -102.745, 0.864082, 76.0378
443, 7.38333, 3.45192, 20.2524, 161.539, 168.118, 160.909, -13.4229, 0.0184113, 109.877, 0.864713, -102.807, 0.863134, 75.981
444, 7.39167, 3.43076, 20.0576, 161.174, 168.055, 160.549, -13.48, 0.0183181, 109.684, 0.863752, -102.87, 0.86219, 75.9245
444, 7.40000, 3.40976, 19.8637, 160.811, 167.992, 160.191, -13.5367, 0.0182256, 109.492, 0.862796, -102.931, 0.86125, 75.8684
444, 7.40833, 3.38891, 19.6705, 160.45, 167.929, 159.835, -13.5931, 0.0181336, 109.301, 0.861844, -102.993, 0.860315, 75.8126
445, 7.41667, 3.36822, 19.4782, 160.09, 167.867, 159.48, -13.6492, 0.0180422, 109.11, 0.860896, -103.054, 0.859384, 75.7571
446, 7.42500, 3.34768, 19.2866, 159.732, 167.805, 159.127, -13.705, 0.0179514, 108.92, 0.859953, -103.115, 0.858458, 75.702
446, 7.43333, 3.3273, 19.0959, 159.376, 167.743, 158.775, -13.7604, 0.0178612, 108.731, 0.859014, -103.176, 0.857536, 75.6471
447, 7.44167, 3.30707, 18.9059, 159.021, 167.682, 158.425, -13.8156, 0.0177715, 108.543, 0.858079, -103.236, 0.856618, 75.5925
447, 7.45000, 3.28699, 18.7167, 158.668, 167.621, 158.077, -13.8704, 0.0176824, 108.356, 0.857148, -103.296, 0.855704, 75.5383
447, 7.45833, 3.26706, 18.5283, 158.316, 167.561, 157.73, -13.9249, 0.0175939, 108.169, 0.856221, -103.355, 0.854795, 75.4844
448, 7.46667, 3.24727, 18.3406, 157.966, 167.5, 157.385, -13.9791, 0.0175059, 107.983, 0.855299, -103.414, 0.85389, 75.4307
449, 7.47500, 3.22763, 18.1538, 157.617, 167.441, 157.041, -14.0331, 0.0174185, 107.798, 0.85438, -103.473, 0.852989, 75.3774
449, 7.48333, 3.20814, 17.9677, 157.27, 167.381, 156.699, -14.0867, 0.0173316, 107.614, 0.853466, -103.532, 0.852092, 75.3243
450, 7.49167, 3.18879, 17.7823, 156.924, 167.322, 156.358, -14.14, 0.0172453, 107.43, 0.852556, -103.59, 0.851199, 75.2716
450, 7.50000, 3.16959, 17.5976, 156.581, 167.263, 156.019, -14.193, 0.0171595, 107.247, 0.85165, -103.648, 0.850311, 75.2191
450, 7.50833, 3.15052, 17.4138, 156.238, 167.205, 155.682, -14.2458, 0.0170743, 107.065, 0.850748, -103.705, 0.849427, 75.167
451, 7.51667, 3.1316, 17.2306, 155.897, 167.146, 155.345, -14.2982, 0.0169896, 106.884, 0.84985, -103.762, 0.848546, 75.1151
452, 7.52500, 3.11281, 17.0482, 155.558, 167.089, 155.011, -14.3504, 0.0169054, 106.703, 0.848956, -103.819, 0.84767, 75.0635
452, 7.53333, 3.09417, 16.8665, 155.22, 167.031, 154.678, -14.4023, 0.0168217, 106.523, 0.848066, -103.876, 0.846798, 75.0122
453, 7.54167, 3.07565, 16.6855, 154.883, 166.974, 154.346, -14.4539, 0.0167386, 106.344, 0.84718, -103.932, 0.84593, 74.9612
453, 7.55000, 3.05728, 16.5052, 154.548, 166.917, 154.016, -14.5052, 0.016656, 106.166, 0.846298, -103.988, 0.845066, 74.9104
453, 7.55833, 3.03904, 16.3257, 154.215, 166.86, 153.687, -14.5562, 0.0165739, 105.988, 0.84542, -104.043, 0.844206, 74.86
454, 7.56667, 3.02093, 16.1468, 153.882, 166.804, 153.36, -14.607, 0.0164923, 105.811, 0.844546, -104.099, 0.84335, 74.8098
455, 7.57500, 3.00295, 15.9686, 153.552, 166.748, 153.034, -14.6574, 0.0164112, 105.634, 0.843675, -104.154, 0.842497, 74.7599
455, 7.58333, 2.98511, 15.7912, 153.223, 166.693, 152.71, -14.7076, 0.0163306, 105.458, 0.842809, -104.208, 0.841649, 74.7103
456, 7.59167, 2.96739, 15.6143, 152.895, 166.637, 152.387, -14.7576, 0.0162505, 105.283, 0.841946, -104.263, 0.840805, 74.6609
456, 7.60000, 2.9498, 15.4382, 152.568, 166.582, 152.065, -14.8072, 0.0161709, 105.109, 0.841088, -104.317, 0.839964, 74.6118
456, 7.60833, 2.93234, 15.2628, 152.244, 166.527, 151.745, -14.8566, 0.0160917, 104.935, 0.840233, -104.371, 0.839128, 74.5629
457, 7.61667, 2.915, 15.0881, 151.92, 166.473, 151.426, -14.9058, 0.0160131, 104.762, 0.839382, -104.424, 0.838295, 74.5144
458, 7.62500, 2.89779, 14.914, 151.598, 166.419, 151.109, -14.9546, 0.015935, 104.59, 0.838535, -104.477, 0.837466, 74.4661
458, 7.63333, 2.88071, 14.7405, 151.277, 166.365, 150.793, -15.0032, 0.0158573, 104.418, 0.837691, -104.53, 0.836641, 74.418
459, 7.64167, 2.86374, 14.5677, 150.958, 166.311, 150.479, -15.0516, 0.0157801, 104.247, 0.836852, -104.583, 0.835819, 74.3702
459, 7.65000, 2.8469, 14.3956, 150.64, 166.258, 150.165, -15.0997, 0.0157033, 104.077, 0.836016, -104.635, 0.835001, 74.3227
459, 7.65833, 2.83018, 14.2242, 150.323, 166.205, 149.853, -15.1475, 0.0156271, 103.907, 0.835183, -104.687, 0.834187, 74.2754
460, 7.66667, 2.81358, 14.0533, 150.008, 166.152, 149.543, -15.1951, 0.0155513, 103.738, 0.834355, -104.739, 0.833377, 74.2284
461, 7.67500, 2.79709, 13.8831, 149.694, 166.1, 149.234, -15.2424, 0.0154759, 103.569, 0.83353, -104.79, 0.832571, 74.1816
461, 7.68333, 2.78073, 13.7136, 149.382, 166.048, 148.926, -15.2895, 0.015401, 103.401, 0.832709, -104.841, 0.831768, 74.1351
462, 7.69167, 2.76448, 13.5446, 149.071, 165.996, 148.619, -15.3363, 0.0153266, 103.234, 0.831891, -104.892, 0.830968, 74.0888
462, 7.70000, 2.74835, 13.3763, 148.761, 165.944, 148.314, -15.3829, 0.0152526, 103.067, 0.831077, -104.943, 0.830173, 74.0427
462, 7.70833, 2.73233, 13.2086, 148.452, 165.893, 148.01, -15.4292, 0.0151791, 102.901, 0.830267, -104.993, 0.829381, 73.9969
463, 7.71667, 2.71642, 13.0415, 148.145, 165.842, 147.708, -15.4753, 0.015106, 102.736, 0.82946, -105.043, 0.828592, 73.9514
464, 7.72500, 2.70063, 12.875, 147.839, 165.791, 147.406, -15.5212, 0.0150333, 102.571, 0.828657, -105.093, 0.827808, 73.9061
464, 7.73333, 2.68495, 12.7092, 147.535, 165.741, 147.107, -15.5668, 0.0149611, 102.407, 0.827857, -105.143, 0.827026, 73.861
465, 7.74167, 2.66938, 12.5439, 147.231, 165.691, 146.808, -15.6122, 0.0148893, 102.243, 0.827061, -105.192, 0.826249, 73.8161
465, 7.75000, 2.65392, 12.3792, 146.929, 165.641, 146.51, -15.6573, 0.0148179, 102.08, 0.826269, -105.241, 0.825474, 73.7715
465, 7.75833, 2.63857, 12.2152, 146.629, 165.591, 146.214, -15.7022, 0.014747, 101.918, 0.82548, -105.29, 0.824704, 73.7272
466, 7.76667, 2.62333, 12.0517, 146.329, 165.542, 145.919, -15.7469, 0.0146764, 101.756, 0.824694, -105.338, 0.823936, 73.683
467, 7.77500, 2.60819, 11.8888, 146.031, 165.492, 145.626, -15.7913, 0.0146063, 101.594, 0.823912, -105.387, 0.823173, 73.6391
467, 7.78333, 2.59316, 11.7264, 145.734, 165.443, 145.333, -15.8356, 0.0145366, 101.434, 0.823133, -105.435, 0.822412, 73.5954
468, 7.79167, 2.57823, 11.5647, 145.438, 165.395, 145.042, -15.8795, 0.0144674, 101.273, 0.822358, -105.482, 0.821655, 73.552
468, 7.80000, 2.56341, 11.4035, 145.144, 165.346, 144.752, -15.9233, 0.0143985, 101.114, 0.821586, -105.53, 0.820902, 73.5087
468, 7.80833, 2.5487, 11.2429, 144.851, 165.298, 144.463, -15.9668, 0.01433, 100.955, 0.820818, -105.577, 0.820152, 73.4657
469, 7.81667, 2.53408, 11.0828, 144.559, 165.25, 144.176, -16.0102, 0.014262, 100.796, 0.820053, -105.624, 0.819405, 73.4229
470, 7.82500, 2.51957, 10.9233, 144.268, 165.203, 143.889, -16.0532, 0.0141943, 100.638, 0.819291, -105.671, 0.818661, 73.3803
470, 7.83333, 2.50516, 10.7644, 143.978, 165.155, 143.604, -16.0961, 0.0141271, 100.481, 0.818533, -105.717, 0.817921, 73.338
471, 7.84167, 2.49084, 10.6059, 143.69, 165.108, 143.32, -16.1388, 0.0140602, 100.324, 0.817778, -105.764, 0.817185, 73.2959
471, 7.85000, 2.47663, 10.4481, 143.403, 165.061, 143.038, -16.1812, 0.0139937, 100.168, 0.817026, -105.81, 0.816451, 73.2539
471, 7.85833, 2.46251, 10.2908, 143.117, 165.015, 142.756, -16.2234, 0.0139276, 100.012, 0.816278, -105.855, 0.815721, 73.2122
472, 7.86667, 2.44849, 10.134, 142.832, 164.968, 142.476, -16.2654, 0.0138619, 99.8569, 0.815533, -105.901, 0.814994, 73.1707
472, 7.87500, 2.43457, 9.97779, 142.549, 164.922, 142.196, -16.3072, 0.0137966, 99.7022, 0.814791, -105.946, 0.81427, 73.1294
473, 7.88333, 2.42075, 9.82208, 142.266, 164.876, 141.918, -16.3488, 0.0137316, 99.5481, 0.814052, -105.991, 0.81355, 73.0884
474, 7.89167, 2.40702, 9.66689, 141.985, 164.83, 141.641, -16.3902, 0.0136671, 99.3944, 0.813317, -106.036, 0.812832, 73.0475
474, 7.90000, 2.39338, 9.51223, 141.705, 164.785, 141.365, -16.4314, 0.0136029, 99.2413, 0.812585, -106.081, 0.812118, 73.0068
474, 7.90833, 2.37984, 9.3581, 141.426, 164.739, 141.091, -16.4724, 0.013539, 99.0886, 0.811856, -106.125, 0.811407, 72.9664
475, 7.91667, 2.36639, 9.20446, 141.148, 164.694, 140.817, -16.5131, 0.0134756, 98.9365, 0.81113, -106.169, 0.810699, 72.9261
476, 7.92500, 2.35303, 9.05135, 140.872, 164.65, 140.545, -16.5537, 0.0134125, 98.7849, 0.810407, -106.213, 0.809995, 72.8861
476, 7.93333, 2.33976, 8.89875, 140.596, 164.605, 140.274, -16.594, 0.0133497, 98.6338, 0.809688, -106.257, 0.809293, 72.8462
477, 7.94167, 2.32658, 8.74663, 140.322, 164.561, 140.003, -16.6342, 0.0132874, 98.4832, 0.808972, -106.301, 0.808595, 72.8066
477, 7.95000, 2.31349, 8.59503, 140.049, 164.516, 139.734, -16.6741, 0.0132253, 98.333, 0.808258, -106.344, 0.807899, 72.7671
477, 7.95833, 2.30049, 8.44392, 139.777, 164.473, 139.466, -16.7139, 0.0131637, 98.1834, 0.807548, -106.387, 0.807207, 72.7279
478, 7.96667, 2.28758, 8.2933, 139.506, 164.429, 139.2, -16.7535, 0.0131024, 98.0342, 0.806841, -106.43, 0.806518, 72.6888
479, 7.97500, 2.27476, 8.14317, 139.236, 164.385, 138.934, -16.7928, 0.0130414, 97.8856, 0.806137, -106.472, 0.805832, 72.6499
479, 7.98333, 2.26202, 7.99354, 138.967, 164.342, 138.669, -16.832, 0.0129808, 97.7374, 0.805436, -106.515, 0.805148, 72.6112
480, 7.99167, 2.24937, 7.84436, 138.699, 164.299, 138.405, -16.871, 0.0129205, 97.5897, 0.804739, -106.557, 0.804468, 72.5727
480, 8.00000, 2.2368, 7.69568, 138.433, 164.256, 138.143, -16.9098, 0.0128606, 97.4424, 0.804044, -106.599, 0.803791, 72.5344
480, 8.00833, 2.22432, 7.54748, 138.167, 164.214, 137.881, -16.9484, 0.012801, 97.2957, 0.803352, -106.641, 0.803117, 72.4963
481, 8.01667, 2.21192, 7.39973, 137.902, 164.171, 137.621, -16.9868, 0.0127417, 97.1493, 0.802663, -106.682, 0.802445, 72.4584
482, 8.02500, 2.1996, 7.25247, 137.639, 164.129, 137.361, -17.025, 0.0126828, 97.0035, 0.801977, -106.723, 0.801777, 72.4207
482, 8.03333, 2.18737, 7.10567, 137.377, 164.087, 137.103, -17.0631, 0.0126242, 96.8581, 0.801294, -106.765, 0.801112, 72.3831
483, 8.04167, 2.17522, 6.95931, 137.115, 164.045, 136.846, -17.1009, 0.0125659, 96.7132, 0.800614, -106.806, 0.800449, 72.3457
483, 8.05000, 2.16315, 6.81343, 136.855, 164.004, 136.59, -17.1386, 0.012508, 96.5687, 0.799937, -106.846, 0.79979, 72.3086
483, 8.05833, 2.15116, 6.66801, 136.596, 163.962, 136.334, -17.1761, 0.0124503, 96.4246, 0.799263, -106.887, 0.799133, 72.2716
484, 8.06667, 2.13925, 6.52302, 136.338, 163.921, 136.08, -17.2134, 0.012393, 96.281, 0.798592, -106.927, 0.798479, 72.2347
485, 8.07500, 2.12742, 6.37849, 136.081, 163.88, 135.827, -17.2505, 0.012336, 96.1379, 0.797924, -106.967, 0.797828, 72.1981
485, 8.08333, 2.11566, 6.23441, 135.825, 163.84, 135.575, -17.2875, 0.0122794, 95.9951, 0.797258, -107.007, 0.79718, 72.1616
486, 8.09167, 2.10399, 6.09075, 135.57, 163.799, 135.323, -17.3243, 0.012223, 95.8529, 0.796596, -107.047, 0.796534, 72.1253
486, 8.10000, 2.09239, 5.94754, 135.315, 163.759, 135.073, -17.3609, 0.012167, 95.711, 0.795936, -107.086, 0.795892, 72.0892
486, 8.10833, 2.08087, 5.80477, 135.062, 163.718, 134.824, -17.3973, 0.0121112, 95.5696, 0.795279, -107.126, 0.795252, 72.0532
487, 8.11667, 2.06942, 5.66242, 134.81, 163.678, 134.576, -17.4336, 0.0120558, 95.4286, 0.794625, -107.165, 0.794615, 72.0175
488, 8.12500, 2.05805, 5.52051, 134.559, 163.639, 134.328, -17.4696, 0.0120007, 95.288, 0.793973, -107.204, 0.793981, 71.9818
488, 8.13333, 2.04675, 5.37903, 134.309, 163.599, 134.082, -17.5055, 0.0119459, 95.1478, 0.793325, -107.243, 0.793349, 71.9464
489, 8.14167, 2.03553, 5.23795, 134.06, 163.56, 133.837, -17.5413, 0.0118914, 95.008, 0.792679, -107.281, 0.79272, 71.9111
489, 8.15000, 2.02438, 5.09731, 133.812, 163.52, 133.592, -17.5769, 0.0118371, 94.8687, 0.792036, -107.32, 0.792094, 71.876
489, 8.15833, 2.01331, 4.95708, 133.565, 163.481, 133.349, -17.6123, 0.0117832, 94.7298, 0.791396, -107.358, 0.791471, 71.8411
490, 8.16667, 2.0023, 4.81725, 133.319, 163.443, 133.106, -17.6475, 0.0117296, 94.5912, 0.790758, -107.396, 0.79085, 71.8063
491, 8.17500, 1.99137, 4.67785, 133.074, 163.404, 132.865, -17.6826, 0.0116762, 94.4531, 0.790124, -107.434, 0.790232, 71.7717
491, 8.18333, 1.98051, 4.53885, 132.829, 163.365, 132.624, -17.7175, 0.0116232, 94.3154, 0.789491, -107.471, 0.789616, 71.7373
492, 8.19167, 1.96972, 4.40024, 132.586, 163.327, 132.385, -17.7522, 0.0115704, 94.178, 0.788862, -107.509, 0.789004, 71.703
492, 8.20000, 1.959, 4.26205, 132.344, 163.289, 132.146, -17.7868, 0.0115179, 94.0411, 0.788235, -107.546, 0.788394, 71.6689
492, 8.20833, 1.94834, 4.12426, 132.102, 163.251, 131.908, -17.8212, 0.0114657, 93.9045, 0.787611, -107.583, 0.787786, 71.635
493, 8.21667, 1.93776, 3.98684, 131.862, 163.213, 131.671, -17.8555, 0.0114138, 93.7684, 0.78699, -107.62, 0.787181, 71.6012
493, 8.22500, 1.92725, 3.84984, 131.622, 163.176, 131.435, -17.8896, 0.0113622, 93.6326, 0.786371, -107.657, 0.786579, 71.5675
494, 8.23333, 1.9168, 3.71322, 131.384, 163.139, 131.2, -17.9235, 0.0113108, 93.4972, 0.785755, -107.693, 0.785979, 71.534
495, 8.24167, 1.90642, 3.57697, 131.146, 163.101, 130.966, -17.9573, 0.0112597, 93.3622, 0.785141, -107.73, 0.785382, 71.5007
495, 8.25000, 1.89611, 3.44113, 130.91, 163.064, 130.733, -17.9909, 0.0112089, 93.2275, 0.78453, -107.766, 0.784787, 71.4675
495, 8.25833, 1.88586, 3.30566, 130.674, 163.027, 130.501, -18.0244, 0.0111584, 93.0932, 0.783922, -107.802, 0.784195, 71.4345
496, 8.26667, 1.87568, 3.17056, 130.439, 162.991, 130.269, -18.0577, 0.0111081, 92.9593, 0.783316, -107.838, 0.783605, 71.4017
497, 8.27500, 1.86556, 3.03585, 130.205, 162.954, 130.039, -18.0909, 0.0110581, 92.8258, 0.782713, -107.874, 0.783018, 71.3689
497, 8.28333, 1.85551, 2.90151, 129.972, 162.918, 129.809, -18.1239, 0.0110084, 92.6926, 0.782112, -107.909, 0.782434, 71.3364
498, 8.29167, 1.84552, 2.76752, 129.739, 162.882, 129.58, -18.1568, 0.0109589, 92.5598, 0.781514, -107.945, 0.781851, 71.304
498, 8.30000, 1.8356, 2.63392, 129.508, 162.846, 129.352, -18.1895, 0.0109097, 92.4273, 0.780918, -107.98, 0.781272, 71.2717
498, 8.30833, 1.82573, 2.50068, 129.278, 162.81, 129.125, -18.222, 0.0108607, 92.2952, 0.780325, -108.015, 0.780694, 71.2396
499, 8.31667, 1.81593, 2.36778, 129.048, 162.774, 128.899, -18.2545, 0.010812, 92.1634, 0.779734, -108.05, 0.78012, 71.2076
500, 8.32500, 1.8062, 2.23526, 128.819, 162.739, 128.674, -18.2867, 0.0107636, 92.032, 0.779146, -108.085, 0.779547, 71.1758
500, 8.33333, 1.79652, 2.1031, 128.592, 162.703, 128.449, -18.3188, 0.0107154, 91.901, 0.77856, -108.119, 0.778977, 71.1441
501, 8.34167, 1.78691, 1.97128, 128.365, 162.668, 128.226, -18.3508, 0.0106674, 91.7703, 0.777977, -108.154, 0.77841, 71.1126
501, 8.35000, 1.77735, 1.83982, 128.139, 162.633, 128.003, -18.3827, 0.0106198, 91.6399, 0.777396, -108.188, 0.777845, 71.0812
501, 8.35833, 1.76786, 1.70871, 127.913, 162.598, 127.781, -18.4143, 0.0105723, 91.5098, 0.776818, -108.222, 0.777282, 71.05
502, 8.36667, 1.75842, 1.57793, 127.689, 162.564, 127.56, -18.4459, 0.0105251, 91.3801, 0.776241, -108.256, 0.776721, 71.0189
503, 8.37500, 1.74905, 1.4475, 127.465, 162.529, 127.339, -18.4773, 0.0104782, 91.2508, 0.775668, -108.29, 0.776163, 70.9879
503, 8.38333, 1.73973, 1.31742, 127.243, 162.495, 127.12, -18.5086, 0.0104315, 91.1217, 0.775097, -108.323, 0.775608, 70.9571
504, 8.39167, 1.73047, 1.18766, 127.021, 162.46, 126.901, -18.5397, 0.010385, 90.993, 0.774528, -108.357, 0.775054, 70.9264
504, 8.40000, 1.72127, 1.05826, 126.8, 162.426, 126.683, -18.5707, 0.0103388, 90.8646, 0.773961, -108.39, 0.774503, 70.8958
504, 8.40833, 1.71213, 0.92918, 126.58, 162.392, 126.466, -18.6015, 0.0102928, 90.7366, 0.773397, -108.423, 0.773954, 70.8654
505, 8.41667, 1.70304, 0.80042, 126.36, 162.359, 126.25, -18.6322, 0.010247, 90.6088, 0.772835, -108.456, 0.773408, 70.8351
506, 8.42500, 1.69401, 0.672003, 126.142, 162.325, 126.035, -18.6628, 0.0102015, 90.4814, 0.772276, -108.489, 0.772864, 70.805
506, 8.43333, 1.68504, 0.543911, 125.924, 162.292, 125.82, -18.6932, 0.0101562, 90.3543, 0.771719, -108.522, 0.772322, 70.775
507, 8.44167, 1.67612, 0.416127, 125.707, 162.258, 125.606, -18.7236, 0.0101112, 90.2275, 0.771164, -108.554, 0.771782, 70.7451
507, 8.45000, 1.66725, 0.288678, 125.491, 162.225, 125.393, -18.7537, 0.0100664, 90.101, 0.770612, -108.587, 0.771244, 70.7154
507, 8.45833, 1.65844, 0.161548, 125.276, 162.192, 125.181, -18.7838, 0.0100218, 89.9748, 0.770061, -108.619, 0.770709, 70.6858
508, 8.46667, 1.64969, 0.0347176, 125.061, 162.159, 124.97, -18.8137, 0.00997741, 89.8489, 0.769513, -108.651, 0.770176, 70.6563
509, 8.47500, 1.64099, -0.0917842, 124.847, 162.126, 124.759, -18.8434, 0.00993326, 89.7233, 0.768968, -108.683, 0.769645, 70.6269
509, 8.48333, 1.63234, -0.217975, 124.634, 162.094, 124.549, -18.8731, 0.00988935, 89.598, 0.768424, -108.715, 0.769117, 70.5977
510, 8.49167, 1.62375, -0.343873, 124.422, 162.061, 124.34, -18.9026, 0.00984565, 89.473, 0.767883, -108.747, 0.76859, 70.5686
510, 8.50000, 1.6152, -0.46945, 124.211, 162.029, 124.132, -18.932, 0.00980217, 89.3484, 0.767344, -108.778, 0.768066, 70.5397
510, 8.50833, 1.60671, -0.594723, 124, 161.997, 123.924, -18.9612, 0.00975892, 89.224, 0.766807, -108.81, 0.767544, 70.5108
511, 8.51667, 1.59828, -0.719709, 123.791, 161.965, 123.717, -18.9904, 0.00971587, 89.0998, 0.766273, -108.841, 0.767024, 70.4821
512, 8.52500, 1.58989, -0.844382, 123.581, 161.933, 123.511, -19.0194, 0.00967305, 88.976, 0.76574, -108.872, 0.766506, 70.4536
512, 8.53333, 1.58155, -0.968758, 123.373, 161.901, 123.306, -19.0482, 0.00963044, 88.8525, 0.76521, -108.903, 0.765991, 70.4251
513, 8.54167, 1.57327, -1.09285, 123.166, 161.87, 123.101, -19.077, 0.00958804, 88.7292, 0.764682, -108.934, 0.765477, 70.3968
513, 8.55000, 1.56503, -1.21664, 122.959, 161.838, 122.897, -19.1056, 0.00954585, 88.6062, 0.764156, -108.964, 0.764966, 70.3686
514, 8.55833, 1.55685, -1.34014, 122.753, 161.807, 122.694, -19.1341, 0.00950387, 88.4836, 0.763633, -108.995, 0.764456, 70.3405
514, 8.56667, 1.54871, -1.46337, 122.548, 161.776, 122.491, -19.1625, 0.0094621, 88.3611, 0.763111, -109.025, 0.763949, 70.3125
514, 8.57500, 1.54063, -1.5863, 122.343, 161.745, 122.29, -19.1908, 0.00942054, 88.239, 0.762592, -109.056, 0.763444, 70.2847
515, 8.58333, 1.53259, -1.70894, 122.139, 161.714, 122.089, -19.2189, 0.00937918, 88.1171, 0.762075, -109.086, 0.762941, 70.2569
516, 8.59167, 1.5246, -1.83132, 121.936, 161.683, 121.889, -19.2469, 0.00933803, 87.9955, 0.761559, -109.116, 0.76244, 70.2293
516, 8.60000, 1.51666, -1.9534, 121.734, 161.653, 121.689, -19.2748, 0.00929708, 87.8741, 0.761046, -109.146, 0.761941, 70.2018
517, 8.60833, 1.50877, -2.07521, 121.532, 161.622, 121.49, -19.3026, 0.00925633, 87.753, 0.760535, -109.176, 0.761444, 70.1745
517, 8.61667, 1.50092, -2.19676, 121.332, 161.592, 121.292, -19.3303, 0.00921578, 87.6322, 0.760026, -109.205, 0.760949, 70.1472
518, 8.62500, 1.49312, -2.31802, 121.132, 161.562, 121.095, -19.3578, 0.00917543, 87.5116, 0.75952, -109.235, 0.760456, 70.1201
518, 8.63333, 1.48537, -2.43901, 120.932, 161.531, 120.898, -19.3853, 0.00913528, 87.3913, 0.759015, -109.264, 0.759965, 70.0931
518, 8.64167, 1.47766, -2.55975, 120.733, 161.502, 120.702, -19.4126, 0.00909532, 87.2713, 0.758512, -109.293, 0.759476, 70.0661
519, 8.65000, 1.47, -2.68021, 120.535, 161.472, 120.507, -19.4398, 0.00905555, 87.1515, 0.758011, -109.323, 0.75899, 70.0394
520, 8.65833, 1.46238, -2.80041, 120.338, 161.442, 120.312, -19.4668, 0.00901598, 87.0319, 0.757513, -109.352, 0.758505, 70.0127
520, 8.66667, 1.45481, -2.92036, 120.142, 161.412, 120.118, -19.4938, 0.0089766, 86.9126, 0.757016, -109.381, 0.758022, 69.9861
521, 8.67500, 1.44729, -3.04003, 119.946, 161.383, 119.925, -19.5207, 0.00893742, 86.7935, 0.756522, -109.409, 0.757541, 69.9597
521, 8.68333, 1.43981, -3.15945, 119.751, 161.354, 119.733, -19.5474, 0.00889842, 86.6747, 0.756029, -109.438, 0.757062, 69.9333
522, 8.69167, 1.43237, -3.27863, 119.556, 161.324, 119.541, -19.574, 0.0088596, 86.5561, 0.755538, -109.466, 0.756584, 69.9071
522, 8.70000, 1.42498, -3.39754, 119.362, 161.295, 119.35, -19.6006, 0.00882098, 86.4378, 0.75505, -109.495, 0.756109, 69.881
522, 8.70833, 1.41763, -3.51619, 119.169, 161.266, 119.159, -19.627, 0.00878254, 86.3197, 0.754563, -109.523, 0.755636, 69.855
523, 8.71667, 1.41032, -3.63462, 118.977, 161.237, 118.969, -19.6533, 0.00874428, 86.2018, 0.754078, -109.551, 0.755165, 69.8291
524, 8.72500, 1.40306, -3.75278, 118.785, 161.209, 118.78, -19.6794, 0.00870621, 86.0842, 0.753596, -109.579, 0.754695, 69.8033
524, 8.73333, 1.39584, -3.8707, 118.594, 161.18, 118.591, -19.7055, 0.00866832, 85.9668, 0.753115, -109.607, 0.754228, 69.7776
525, 8.74167, 1.38866, -3.98839, 118.404, 161.152, 118.404, -19.7315, 0.00863061, 85.8496, 0.752636, -109.635, 0.753762, 69.752
525, 8.75000, 1.38152, -4.10583, 118.214, 161.123, 118.216, -19.7574, 0.00859308, 85.7326, 0.752159, -109.663, 0.753298, 69.7265
526, 8.75833, 1.37443, -4.22302, 118.025, 161.095, 118.03, -19.7831, 0.00855573, 85.6159, 0.751684, -109.69, 0.752836, 69.7012
526, 8.76667, 1.36737, -4.34, 117.836, 161.067, 117.844, -19.8088, 0.00851855, 85.4994, 0.751211, -109.718, 0.752376, 69.6759
527, 8.77500, 1.36036, -4.45673, 117.649, 161.039, 117.659, -19.8343, 0.00848155, 85.3831, 0.750739, -109.745, 0.751918, 69.6508
527, 8.78333, 1.35339, -4.57322, 117.462, 161.011, 117.474, -19.8598, 0.00844473, 85.267, 0.75027, -109.772, 0.751461, 69.6257
528, 8.79167, 1.34646, -4.6895, 117.275, 160.983, 117.29, -19.8851, 0.00840807, 85.1511, 0.749802, -109.799, 0.751006, 69.6008
528, 8.80000, 1.33957, -4.80553, 117.089, 160.956, 117.107, -19.9103, 0.00837159, 85.0355, 0.749337, -109.826, 0.750554, 69.5759
529, 8.80833, 1.33271, -4.92134, 116.904, 160.928, 116.924, -19.9355, 0.00833528, 84.92, 0.748873, -109.853, 0.750103, 69.5512
529, 8.81667, 1.3259, -5.03694, 116.72, 160.901, 116.742, -19.9605, 0.00829914, 84.8048, 0.748411, -109.88, 0.749653, 69.5265
530, 8.82500, 1.31913, -5.1523, 116.536, 160.873, 116.56, -19.9854, 0.00826317, 84.6898, 0.747951, -109.906, 0.749206, 69.502
530, 8.83333, 1.3124, -5.26744, 116.353, 160.846, 116.379, -20.0102, 0.00822737, 84.5749, 0.747493, -109.933, 0.74876, 69.4776
531, 8.84167, 1.3057, -5.38237, 116.17, 160.819, 116.199, -20.035, 0.00819173, 84.4603, 0.747036, -109.959, 0.748316, 69.4532
531, 8.85000, 1.29904, -5.49707, 115.988, 160.792, 116.02, -20.0596, 0.00815626, 84.3459, 0.746582, -109.986, 0.747874, 69.429
532, 8.85833, 1.29243, -5.61156, 115.807, 160.765, 115.841, -20.0841, 0.00812096, 84.2317, 0.746129, -110.012, 0.747434, 69.4048
532, 8.86667, 1.28584, -5.72585, 115.626, 160.739, 115.662, -20.1085, 0.00808581, 84.1176, 0.745678, -110.038, 0.746995, 69.3808
533, 8.87500, 1.2793, -5.83992, 115.446, 160.712, 115.484, -20.1329, 0.00805083, 84.0038, 0.745229, -110.064, 0.746558, 69.3568
533, 8.88333, 1.2728, -5.95377, 115.267, 160.685, 115.307, -20.1571, 0.00801601, 83.8901, 0.744781, -110.09, 0.746123, 69.333
534, 8.89167, 1.26633, -6.06743, 115.088, 160.659, 115.131, -20.1812, 0.00798135, 83.7767, 0.744336, -110.115, 0.74569, 69.3092
534, 8.90000, 1.25989, -6.18087, 114.909, 160.633, 114.955, -20.2053, 0.00794685, 83.6634, 0.743892, -110.141, 0.745258, 69.2856
535, 8.90833, 1.2535, -6.29411, 114.732, 160.606, 114.779, -20.2292, 0.00791251, 83.5503, 0.74345, -110.167, 0.744828, 69.262
535, 8.91667, 1.24714, -6.40716, 114.555, 160.58, 114.604, -20.2531, 0.00787832, 83.4374, 0.743009, -110.192, 0.7444, 69.2385
536, 8.92500, 1.24082, -6.52, 114.378, 160.554, 114.43, -20.2768, 0.00784429, 83.3247, 0.742571, -110.217, 0.743973, 69.2152
536, 8.93333, 1.23453, -6.63264, 114.202, 160.528, 114.257, -20.3005, 0.00781042, 83.2121, 0.742134, -110.243, 0.743548, 69.1919
537, 8.94167, 1.22828, -6.74509, 114.027, 160.503, 114.083, -20.324, 0.00777669, 83.0997, 0.741698, -110.268, 0.743125, 69.1687
537, 8.95000, 1.22206, -6.85734, 113.853, 160.477, 113.911, -20.3475, 0.00774312, 82.9876, 0.741265, -110.293, 0.742703, 69.1456
538, 8.95833, 1.21588, -6.96939, 113.679, 160.451, 113.739, -20.3709, 0.00770971, 82.8755, 0.740833, -110.318, 0.742283, 69.1226
538, 8.96667, 1.20973, -7.08127, 113.505, 160.426, 113.568, -20.3942, 0.00767644, 82.7637, 0.740403, -110.343, 0.741865, 69.0997
539, 8.97500, 1.20362, -7.19295, 113.332, 160.401, 113.397, -20.4173, 0.00764333, 82.652, 0.739974, -110.367, 0.741448, 69.0769
539, 8.98333, 1.19754, -7.30444, 113.16, 160.375, 113.227, -20.4404, 0.00761036, 82.5405, 0.739548, -110.392, 0.741033, 69.0541
539, 8.99167, 1.19149, -7.41575, 112.988, 160.35, 113.057, -20.4635, 0.00757754, 82.4291, 0.739123, -110.416, 0.74062, 69.0315
540, 9.00000, 1.18548, -7.52687, 112.817, 160.325, 112.888, -20.4864, 0.00754487, 82.318, 0.738699, -110.441, 0.740208, 69.0089
541, 9.00833, 1.17951, -7.63781, 112.646, 160.3, 112.72, -20.5092, 0.00751235, 82.2069, 0.738278, -110.465, 0.739798, 68.9865
541, 9.01667, 1.17356, -7.74858, 112.476, 160.275, 112.552, -20.5319, 0.00747996, 82.0961, 0.737857, -110.489, 0.739389, 68.9641
542, 9.02500, 1.16765, -7.85916, 112.307, 160.25, 112.384, -20.5546, 0.00744773, 81.9853, 0.737439, -110.514, 0.738982, 68.9418
542, 9.03333, 1.16177, -7.96956, 112.138, 160.226, 112.217, -20.5772, 0.00741564, 81.8748, 0.737022, -110.538, 0.738577, 68.9196
543, 9.04167, 1.15593, -8.0798, 111.97, 160.201, 112.051, -20.5996, 0.00738368, 81.7644, 0.736607, -110.562, 0.738173, 68.8975
543, 9.05000, 1.15011, -8.18986, 111.802, 160.177, 111.885, -20.622, 0.00735188, 81.6541, 0.736193, -110.585, 0.737771, 68.8755
543, 9.05833, 1.14433, -8.29974, 111.635, 160.152, 111.72, -20.6443, 0.00732021, 81.544, 0.735781, -110.609, 0.73737, 68.8535
544, 9.06667, 1.13858, -8.40947, 111.468, 160.128, 111.555, -20.6665, 0.00728868, 81.4341, 0.735371, -110.633, 0.736971, 68.8317
545, 9.07500, 1.13286, -8.51902, 111.302, 160.104, 111.391, -20.6887, 0.00725729, 81.3243, 0.734962, -110.656, 0.736573, 68.8099
545, 9.08333, 1.12718, -8.6284, 111.136, 160.08, 111.228, -20.7107, 0.00722604, 81.2146, 0.734555, -110.68, 0.736177, 68.7882
546, 9.09167, 1.12152, -8.73763, 110.971, 160.056, 111.065, -20.7327, 0.00719492, 81.1051, 0.734149, -110.703, 0.735782, 68.7666
546, 9.10000, 1.1159, -8.84668, 110.807, 160.032, 110.902, -20.7545, 0.00716395, 80.9957, 0.733745, -110.727, 0.735389, 68.7451
547, 9.10833, 1.1103, -8.95558, 110.643, 160.008, 110.74, -20.7763, 0.00713311, 80.8864, 0.733343, -110.75, 0.734998, 68.7237
547, 9.11667, 1.10474, -9.06433, 110.48, 159.984, 110.579, -20.798, 0.00710239, 80.7773, 0.732942, -110.773, 0.734608, 68.7023
547, 9.12500, 1.09921, -9.1729, 110.317, 159.961, 110.418, -20.8197, 0.00707182, 80.6683, 0.732543, -110.796, 0.734219, 68.681
548, 9.13333, 1.09371, -9.28133, 110.155, 159.937, 110.257, -20.8412, 0.00704138, 80.5595, 0.732145, -110.819, 0.733832, 68.6599
549, 9.14167, 1.08823, -9.38961, 109.993, 159.914, 110.097, -20.8627, 0.00701107, 80.4507, 0.731749, -110.842, 0.733447, 68.6387
549, 9.15000, 1.08279, -9.49773, 109.831, 159.89, 109.938, -20.884, 0.00698089, 80.3421, 0.731354, -110.864, 0.733063, 68.6177
550, 9.15833, 1.07738, -9.60569, 109.671, 159.867, 109.779, -20.9053, 0.00695084, 80.2337, 0.730961, -110.887, 0.73268, 68.5968
550, 9.16667, 1.072, -9.71352, 109.511, 159.844, 109.621, -20.9266, 0.00692092, 80.1253, 0.730569, -110.91, 0.732299, 68.5759
551, 9.17500, 1.06664, -9.8212, 109.351, 159.821, 109.463, -20.9477, 0.00689113, 80.0171, 0.730179, -110.932, 0.73192, 68.5551
551, 9.18333, 1.06132, -9.92872, 109.192, 159.798, 109.306, -20.9688, 0.00686147, 79.909, 0.72979, -110.954, 0.731541, 68.5344
552, 9.19167, 1.05602, -10.0361, 109.033, 159.775, 109.149, -20.9897, 0.00683193, 79.801, 0.729403, -110.977, 0.731165, 68.5138
552, 9.20000, 1.05075, -10.1434, 108.875, 159.752, 108.992, -21.0106, 0.00680253, 79.6931, 0.729017, -110.999, 0.730789, 68.4932
553, 9.20833, 1.04551, -10.2505, 108.717, 159.729, 108.837, -21.0315, 0.00677324, 79.5854, 0.728633, -111.021, 0.730416, 68.4728
553, 9.21667, 1.0403, -10.3574, 108.56, 159.706, 108.681, -21.0522, 0.00674408, 79.4777, 0.72825, -111.043, 0.730043, 68.4524
554, 9.22500, 1.03511, -10.4643, 108.403, 159.684, 108.526, -21.0729, 0.00671505, 79.3702, 0.727869, -111.065, 0.729672, 68.432
554, 9.23333, 1.02996, -10.5709, 108.247, 159.661, 108.372, -21.0934, 0.00668614, 79.2627, 0.727489, -111.087, 0.729303, 68.4118
555, 9.24167, 1.02483, -10.6775, 108.092, 159.639, 108.218, -21.114, 0.00665735, 79.1554, 0.727111, -111.109, 0.728934, 68.3916
555, 9.25000, 1.01973, -10.7839, 107.937, 159.617, 108.065, -21.1344, 0.00662868, 79.0482, 0.726734, -111.131, 0.728568, 68.3715
556, 9.25833, 1.01465, -10.8902, 107.782, 159.594, 107.912, -21.1547, 0.00660014, 78.941, 0.726358, -111.152, 0.728202, 68.3515
556, 9.26667, 1.00961, -10.9964, 107.628, 159.572, 107.759, -21.175, 0.00657171, 78.834, 0.725984, -111.174, 0.727838, 68.3316
557, 9.27500, 1.00459, -11.1025, 107.474, 159.55, 107.607, -21.1952, 0.0065434, 78.7271, 0.725612, -111.195, 0.727476, 68.3117
557, 9.28333, 0.999593, -11.2084, 107.321, 159.528, 107.456, -21.2154, 0.00651521, 78.6203, 0.72524, -111.217, 0.727114, 68.2919
558, 9.29167, 0.994626, -11.3142, 107.168, 159.506, 107.305, -21.2354, 0.00648714, 78.5135, 0.724871, -111.238, 0.726755, 68.2722
558, 9.30000, 0.989685, -11.4198, 107.016, 159.485, 107.154, -21.2554, 0.00645919, 78.4069, 0.724502, -111.259, 0.726396, 68.2525
559, 9.30833, 0.984771, -11.5254, 106.864, 159.463, 107.004, -21.2753, 0.00643135, 78.3003, 0.724135, -111.28, 0.726039, 68.233
559, 9.31667, 0.979882, -11.6308, 106.713, 159.441, 106.855, -21.2952, 0.00640363, 78.1939, 0.72377, -111.301, 0.725683, 68.2135
560, 9.32500, 0.975019, -11.7362, 106.562, 159.42, 106.706, -21.3149, 0.00637603, 78.0875, 0.723405, -111.322, 0.725329, 68.194
560, 9.33333, 0.970182, -11.8413, 106.412, 159.398, 106.557, -21.3346, 0.00634854, 77.9812, 0.723043, -111.343, 0.724976, 68.1747
561, 9.34167, 0.96537, -11.9464, 106.262, 159.377, 106.409, -21.3542, 0.00632116, 77.875, 0.722681, -111.364, 0.724624, 68.1554
561, 9.35000, 0.960583, -12.0514, 106.113, 159.355, 106.261, -21.3738, 0.0062939, 77.7688, 0.722321, -111.385, 0.724273, 68.1362
562, 9.35833, 0.955822, -12.1563, 105.964, 159.334, 106.114, -21.3933, 0.00626675, 77.6628, 0.721962, -111.405, 0.723924, 68.117
562, 9.36667, 0.951085, -12.2611, 105.816, 159.313, 105.967, -21.4127, 0.0062397, 77.5568, 0.721605, -111.426, 0.723576, 68.098
563, 9.37500, 0.946373, -12.3657, 105.668, 159.292, 105.821, -21.432, 0.00621278, 77.4509, 0.721249, -111.447, 0.72323, 68.079
563, 9.38333, 0.941686, -12.4702, 105.52, 159.271, 105.675, -21.4513, 0.00618596, 77.3451, 0.720894, -111.467, 0.722885, 68.06
564, 9.39167, 0.937022, -12.5747, 105.373, 159.25, 105.529, -21.4705, 0.00615925, 77.2393, 0.720541, -111.487, 0.722541, 68.0412
564, 9.40000, 0.932384, -12.679, 105.227, 159.229, 105.384, -21.4896, 0.00613265, 77.1336, 0.720189, -111.508, 0.722198, 68.0224
564, 9.40833, 0.927769, -12.7833, 105.081, 159.208, 105.24, -21.5087, 0.00610616, 77.028, 0.719839, -111.528, 0.721857, 68.0036
565, 9.41667, 0.923178, -12.8874, 104.935, 159.188, 105.095, -21.5276, 0.00607977, 76.9224, 0.719489, -111.548, 0.721517, 67.985
566, 9.42500, 0.918612, -12.9915, 104.79, 159.167, 104.952, -21.5466, 0.0060535, 76.8169, 0.719141, -111.568, 0.721178, 67.9664
566, 9.43333, 0.914069, -13.0954, 104.645, 159.146, 104.809, -21.5654, 0.00602733, 76.7114, 0.718794, -111.588, 0.720841, 67.9478
567, 9.44167, 0.909549, -13.1993, 104.501, 159.126, 104.666, -21.5842, 0.00600126, 76.6061, 0.718449, -111.608, 0.720504, 67.9294
567, 9.45000, 0.905053, -13.303, 104.357, 159.105, 104.523, -21.6029, 0.00597531, 76.5007, 0.718105, -111.628, 0.720169, 67.911
568, 9.45833, 0.900579, -13.4067, 104.214, 159.085, 104.381, -21.6216, 0.00594945, 76.3955, 0.717762, -111.648, 0.719836, 67.8927
568, 9.46667, 0.896129, -13.5103, 104.071, 159.065, 104.24, -21.6402, 0.0059237, 76.2902, 0.717421, -111.667, 0.719503, 67.8744
568, 9.47500, 0.891702, -13.6138, 103.928, 159.045, 104.099, -21.6587, 0.00589805, 76.1851, 0.71708, -111.687, 0.719172, 67.8562
569, 9.48333, 0.887297, -13.7172, 103.786, 159.025, 103.958, -21.6771, 0.00587251, 76.0799, 0.716742, -111.706, 0.718842, 67.8381
570, 9.49167, 0.882915, -13.8205, 103.644, 159.004, 103.818, -21.6955, 0.00584707, 75.9748, 0.716404, -111.726, 0.718513, 67.82
570, 9.50000, 0.878555, -13.9238, 103.503, 158.985, 103.678, -21.7138, 0.00582173, 75.8698, 0.716067, -111.745, 0.718185, 67.802
571, 9.50833, 0.874218, -14.0269, 103.362, 158.965, 103.539, -21.7321, 0.00579649, 75.7648, 0.715732, -111.765, 0.717859, 67.7841
571, 9.51667, 0.869902, -14.13, 103.222, 158.945, 103.4, -21.7503, 0.00577134, 75.6599, 0.715398, -111.784, 0.717534, 67.7662
572, 9.52500, 0.865609, -14.233, 103.082, 158.925, 103.261, -21.7684, 0.00574631, 75.5549, 0.715066, -111.803, 0.71721, 67.7484
572, 9.53333, 0.861338, -14.3359, 102.943, 158.905, 103.123, -21.7865, 0.00572137, 75.4501, 0.714734, -111.822, 0.716887, 67.7306
572, 9.54167, 0.857088, -14.4388, 102.803, 158.886, 102.985, -21.8045, 0.00569652, 75.3452, 0.714404, -111.841, 0.716566, 67.7129
573, 9.55000, 0.85286, -14.5416, 102.665, 158.866, 102.848, -21.8224, 0.00567178, 75.2404, 0.714075, -111.86, 0.716245, 67.6953
574, 9.55833, 0.848653, -14.6443, 102.527, 158.847, 102.711, -21.8403, 0.00564713, 75.1356, 0.713747, -111.879, 0.715926, 67.6778
574, 9.56667, 0.844468, -14.7469, 102.389, 158.827, 102.575, -21.8581, 0.00562258, 75.0309, 0.713421, -111.898, 0.715608, 67.6603
575, 9.57500, 0.840303, -14.8495, 102.251, 158.808, 102.439, -21.8759, 0.00559813, 74.9261, 0.713095, -111.917, 0.715291, 67.6428
575, 9.58333, 0.83616, -14.952, 102.114, 158.789, 102.303, -21.8935, 0.00557377, 74.8214, 0.712771, -111.936, 0.714976, 67.6254
576, 9.59167, 0.832038, -15.0545, 101.978, 158.769, 102.168, -21.9112, 0.00554951, 74.7167, 0.712448, -111.954, 0.714661, 67.6081
576, 9.60000, 0.827936, -15.1569, 101.842, 158.75, 102.033, -21.9287, 0.00552534, 74.612, 0.712127, -111.973, 0.714348, 67.5909
577, 9.60833, 0.823855, -15.2592, 101.706, 158.731, 101.899, -21.9462, 0.00550127, 74.5074, 0.711806, -111.991, 0.714036, 67.5737
577, 9.61667, 0.819794, -15.3615, 101.57, 158.712, 101.764, -21.9637, 0.00547729, 74.4027, 0.711487, -112.01, 0.713725, 67.5565
578, 9.62500, 0.815754, -15.4637, 101.436, 158.693, 101.631, -21.9811, 0.0054534, 74.2981, 0.711169, -112.028, 0.713415, 67.5395
578, 9.63333, 0.811734, -15.5658, 101.301, 158.674, 101.498, -21.9984, 0.00542961, 74.1935, 0.710852, -112.047, 0.713106, 67.5225
579, 9.64167, 0.807734, -15.6679, 101.167, 158.656, 101.365, -22.0157, 0.0054059, 74.0889, 0.710536, -112.065, 0.712799, 67.5055
579, 9.65000, 0.803754, -15.7699, 101.033, 158.637, 101.232, -22.0329, 0.00538229, 73.9843, 0.710222, -112.083, 0.712492, 67.4886
580, 9.65833, 0.799794, -15.8719, 100.9, 158.618, 101.1, -22.05, 0.00535877, 73.8797, 0.709908, -112.101, 0.712187, 67.4718
580, 9.66667, 0.795853, -15.9739, 100.767, 158.6, 100.968, -22.0671, 0.00533534, 73.7751, 0.709596, -112.119, 0.711883, 67.455
581, 9.67500, 0.791933, -16.0758, 100.634, 158.581, 100.837, -22.0841, 0.005312, 73.6705, 0.709285, -112.137, 0.71158, 67.4383
581, 9.68333, 0.788031, -16.1776, 100.502, 158.563, 100.706, -22.1011, 0.00528875, 73.5659, 0.708975, -112.155, 0.711278, 67.4216
582, 9.69167, 0.784149, -16.2794, 100.37, 158.544, 100.576, -22.118, 0.00526559, 73.4613, 0.708666, -112.173, 0.710977, 67.405
582, 9.70000, 0.780286, -16.3812, 100.239, 158.526, 100.445, -22.1349, 0.00524251, 73.3567, 0.708358, -112.191, 0.710677, 67.3884
583, 9.70833, 0.776443, -16.4829, 100.108, 158.508, 100.316, -22.1517, 0.00521953, 73.2521, 0.708052, -112.209, 0.710378, 67.3719
583, 9.71667, 0.772618, -16.5846, 99.9774, 158.489, 100.186, -22.1684, 0.00519663, 73.1474, 0.707746, -112.226, 0.710081, 67.3555
584, 9.72500, 0.768812, -16.6862, 99.8471, 158.471, 100.057, -22.1851, 0.00517382, 73.0428, 0.707442, -112.244, 0.709784, 67.3391
584, 9.73333, 0.765025, -16.7878, 99.7173, 158.453, 99.9285, -22.2017, 0.00515109, 72.9381, 0.707139, -112.261, 0.709489, 67.3228
585, 9.74167, 0.761256, -16.8894, 99.5878, 158.435, 99.8002, -22.2183, 0.00512845, 72.8334, 0.706837, -112.279, 0.709194, 67.3065
585, 9.75000, 0.757506, -16.9909, 99.4588, 158.417, 99.6723, -22.2348, 0.0051059, 72.7287, 0.706536, -112.296, 0.708901, 67.2903
586, 9.75833, 0.753774, -17.0925, 99.3301, 158.399, 99.5447, -22.2512, 0.00508343, 72.624, 0.706236, -112.314, 0.708609, 67.2741
586, 9.76667, 0.750061, -17.1939, 99.2017, 158.381, 99.4175, -22.2677, 0.00506104, 72.5192, 0.705937, -112.331, 0.708318, 67.258
587, 9.77500, 0.746366, -17.2954, 99.0738, 158.363, 99.2907, -22.284, 0.00503874, 72.4145, 0.705639, -112.348, 0.708028, 67.242
587, 9.78333, 0.742689, -17.3968, 98.9462, 158.346, 99.1643, -22.3003, 0.00501652, 72.3096, 0.705343, -112.366, 0.707739, 67.226
588, 9.79167, 0.739029, -17.4982, 98.819, 158.328, 99.0382, -22.3165, 0.00499439, 72.2048, 0.705047, -112.383, 0.707451, 67.21
588, 9.80000, 0.735388, -17.5996, 98.6922, 158.31, 98.9124, -22.3327, 0.00497234, 72.0999, 0.704753, -112.4, 0.707164, 67.1941
589, 9.80833, 0.731764, -17.701, 98.5657, 158.293, 98.7871, -22.3488, 0.00495037, 71.995, 0.70446, -112.417, 0.706878, 67.1783
589, 9.81667, 0.728158, -17.8023, 98.4396, 158.275, 98.6621, -22.3649, 0.00492848, 71.89, 0.704167, -112.434, 0.706593, 67.1625
590, 9.82500, 0.724569, -17.9036, 98.3138, 158.258, 98.5374, -22.3809, 0.00490667, 71.785, 0.703876, -112.451, 0.706309, 67.1468
590, 9.83333, 0.720998, -18.0049, 98.1885, 158.241, 98.4131, -22.3969, 0.00488495, 71.68, 0.703586, -112.468, 0.706026, 67.1311
591, 9.84167, 0.717444, -18.1062, 98.0634, 158.223, 98.2892, -22.4128, 0.0048633, 71.5749, 0.703297, -112.484, 0.705744, 67.1155
591, 9.85000, 0.713907, -18.2075, 97.9388, 158.206, 98.1656, -22.4287, 0.00484174, 71.4698, 0.703009, -112.501, 0.705464, 67.0999
592, 9.85833, 0.710388, -18.3088, 97.8145, 158.189, 98.0423, -22.4445, 0.00482025, 71.3646, 0.702722, -112.518, 0.705184, 67.0844
592, 9.86667, 0.706885, -18.41, 97.6906, 158.172, 97.9194, -22.4603, 0.00479884, 71.2593, 0.702436, -112.534, 0.704905, 67.0689
593, 9.87500, 0.703399, -18.5113, 97.567, 158.155, 97.7969, -22.476, 0.00477751, 71.154, 0.702151, -112.551, 0.704627, 67.0535
593, 9.88333, 0.69993, -18.6126, 97.4437, 158.138, 97.6747, -22.4916, 0.00475626, 71.0487, 0.701867, -112.568, 0.704351, 67.0381
594, 9.89167, 0.696477, -18.7138, 97.3209, 158.121, 97.5528, -22.5072, 0.00473509, 70.9433, 0.701585, -112.584, 0.704075, 67.0228
594, 9.90000, 0.693042, -18.8151, 97.1983, 158.104, 97.4313, -22.5228, 0.00471399, 70.8378, 0.701303, -112.6, 0.7038, 67.0076
595, 9.90833, 0.689622, -18.9163, 97.0762, 158.087, 97.3102, -22.5383, 0.00469298, 70.7322, 0.701022, -112.617, 0.703526, 66.9923
595, 9.91667, 0.686219, -19.0176, 96.9543, 158.07, 97.1894, -22.5537, 0.00467203, 70.6266, 0.700742, -112.633, 0.703254, 66.9772
596, 9.92500, 0.682832, -19.1188, 96.8328, 158.053, 97.0689, -22.5691, 0.00465117, 70.5209, 0.700464, -112.649, 0.702982, 66.9621
596, 9.93333, 0.679462, -19.2201, 96.7117, 158.037, 96.9487, -22.5845, 0.00463038, 70.4151, 0.700186, -112.665, 0.702711, 66.947
597, 9.94167, 0.676107, -19.3213, 96.5909, 158.02, 96.8289, -22.5998, 0.00460966, 70.3093, 0.699909, -112.682, 0.702441, 66.932
597, 9.95000, 0.672768, -19.4226, 96.4705, 158.003, 96.7094, -22.615, 0.00458902, 70.2034, 0.699633, -112.698, 0.702172, 66.917
598, 9.95833, 0.669445, -19.5239, 96.3503, 157.987, 96.5903, -22.6303, 0.00456845, 70.0973, 0.699359, -112.714, 0.701905, 66.9021
598, 9.96667, 0.666138, -19.6252, 96.2306, 157.97, 96.4715, -22.6454, 0.00454796, 69.9912, 0.699085, -112.73, 0.701638, 66.8872
599, 9.97500, 0.662847, -19.7265, 96.1111, 157.954, 96.353, -22.6605, 0.00452754, 69.8851, 0.698812, -112.746, 0.701372, 66.8724
599, 9.98333, 0.659571, -19.8279, 95.992, 157.938, 96.2349, -22.6756, 0.0045072, 69.7788, 0.698541, -112.761, 0.701107, 66.8576
600, 9.99167, 0.656311, -19.9292, 95.8733, 157.921, 96.117, -22.6906, 0.00448692, 69.6724, 0.69827, -112.777, 0.700842, 66.8429
600, 10.00000, 0.653066, -20.0306, 95.7548, 157.905, 95.9995, -22.7055, 0.00446673, 69.566, 0.698, -112.793, 0.700579, 66.8282
601, 10.00833, 0.649836, -20.132, 95.6367, 157.889, 95.8824, -22.7204, 0.0044466, 69.4594, 0.697731, -112.809, 0.700317, 66.8136
601, 10.01667, 0.646622, -20.2334, 95.519, 157.873, 95.7655, -22.7353, 0.00442654, 69.3527, 0.697463, -112.824, 0.700056, 66.799
602, 10.02500, 0.643423, -20.3349, 95.4015, 157.857, 95.649, -22.7501, 0.00440656, 69.246, 0.697197, -112.84, 0.699796, 66.7845
602, 10.03333, 0.640239, -20.4363, 95.2844, 157.841, 95.5328, -22.7649, 0.00438664, 69.1391, 0.696931, -112.856, 0.699536, 66.77
603, 10.04167, 0.637069, -20.5379, 95.1676, 157.825, 95.4169, -22.7796, 0.0043668, 69.0321, 0.696666, -112.871, 0.699278, 66.7555
603, 10.05000, 0.633915, -20.6394, 95.0512, 157.809, 95.3014, -22.7943, 0.00434703, 68.925, 0.696402, -112.887, 0.69902, 66.7411
604, 10.05833, 0.630775, -20.741, 94.9351, 157.793, 95.1861, -22.8089, 0.00432733, 68.8178, 0.696139, -112.902, 0.698764, 66.7268
604, 10.06667, 0.62765, -20.8426, 94.8192, 157.777, 95.0712, -22.8235, 0.00430769, 68.7104, 0.695877, -112.917, 0.698508, 66.7125
605, 10.07500, 0.62454, -20.9442, 94.7038, 157.761, 94.9566, -22.838, 0.00428813, 68.603, 0.695615, -112.933, 0.698253, 66.6982
605, 10.08333, 0.621444, -21.0459, 94.5886, 157.745, 94.8423, -22.8525, 0.00426863, 68.4954, 0.695355, -112.948, 0.697999, 66.684
606, 10.09167, 0.618362, -21.1476, 94.4737, 157.73, 94.7283, -22.8669, 0.0042492, 68.3877, 0.695096, -112.963, 0.697746, 66.6698
606, 10.10000, 0.615295, -21.2494, 94.3592, 157.714, 94.6146, -22.8813, 0.00422984, 68.2799, 0.694838, -112.978, 0.697494, 66.6557
607, 10.10833, 0.612242, -21.3512, 94.245, 157.698, 94.5012, -22.8957, 0.00421055, 68.1719, 0.69458, -112.993, 0.697243, 66.6416
607, 10.11667, 0.609203, -21.4531, 94.1311, 157.683, 94.3882, -22.91, 0.00419133, 68.0638, 0.694324, -113.008, 0.696992, 66.6276
608, 10.12500, 0.606179, -21.555, 94.0175, 157.667, 94.2754, -22.9242, 0.00417217, 67.9555, 0.694068, -113.023, 0.696743, 66.6136
608, 10.13333, 0.603168, -21.657, 93.9042, 157.652, 94.163, -22.9385, 0.00415308, 67.8471, 0.693813, -113.038, 0.696495, 66.5997
609, 10.14167, 0.600171, -21.759, 93.7912, 157.637, 94.0508, -22.9526, 0.00413406, 67.7386, 0.69356, -113.053, 0.696247, 66.5858
609, 10.15000, 0.597189, -21.8611, 93.6786, 157.621, 93.939, -22.9668, 0.0041151, 67.6299, 0.693307, -113.068, 0.696, 66.5719
610, 10.15833, 0.59422, -21.9632, 93.5662, 157.606, 93.8274, -22.9808, 0.00409621, 67.5211, 0.693055, -113.083, 0.695754, 66.5581
610, 10.16667, 0.591264, -22.0654, 93.4542, 157.591, 93.7162, -22.9949, 0.00407738, 67.4121, 0.692804, -113.098, 0.695509, 66.5443
611, 10.17500, 0.588322, -22.1677, 93.3424, 157.575, 93.6053, -23.0089, 0.00405862, 67.3029, 0.692554, -113.112, 0.695265, 66.5306
611, 10.18333, 0.585394, -22.27, 93.231, 157.56, 93.4946, -23.0228, 0.00403992, 67.1936, 0.692305, -113.127, 0.695022, 66.5169
612, 10.19167, 0.582479, -22.3724, 93.1199, 157.545, 93.3843, -23.0367, 0.00402128, 67.0841, 0.692056, -113.142, 0.694779, 66.5033
612, 10.20000, 0.579578, -22.4748, 93.0091, 157.53, 93.2742, -23.0506, 0.00400272, 66.9744, 0.691809, -113.156, 0.694538, 66.4897
613, 10.20833, 0.576689, -22.5773, 92.8985, 157.515, 93.1645, -23.0644, 0.00398421, 66.8646, 0.691562, -113.171, 0.694297, 66.4761
613, 10.21667, 0.573814, -22.6799, 92.7883, 157.5, 93.055, -23.0782, 0.00396577, 66.7546, 0.691316, -113.185, 0.694057, 66.4626
614, 10.22500, 0.570952, -22.7826, 92.6784, 157.485, 92.9459, -23.0919, 0.00394739, 66.6444, 0.691072, -113.2, 0.693818, 66.4491
614, 10.23333, 0.568104, -22.8854, 92.5688, 157.47, 92.837, -23.1056, 0.00392907, 66.5341, 0.690828, -113.214, 0.69358, 66.4357
615, 10.24167, 0.565268, -22.9882, 92.4594, 157.456, 92.7284, -23.1193, 0.00391082, 66.4235, 0.690585, -113.229, 0.693342, 66.4223
615, 10.25000, 0.562445, -23.0911, 92.3504, 157.441, 92.6201, -23.1329, 0.00389263, 66.3128, 0.690342, -113.243, 0.693106, 66.409
616, 10.25833, 0.559635, -23.1941, 92.2416, 157.426, 92.5121, -23.1464, 0.0038745, 66.2018, 0.690101, -113.257, 0.69287, 66.3957
616, 10.26667, 0.556837, -23.2972, 92.1332, 157.411, 92.4044, -23.16, 0.00385643, 66.0907, 0.689861, -113.271, 0.692635, 66.3824
617, 10.27500, 0.554053, -23.4003, 92.025, 157.397, 92.297, -23.1735, 0.00383842, 65.9793, 0.689621, -113.286, 0.692401, 66.3692
617, 10.28333, 0.551281, -23.5036, 91.9171, 157.382, 92.1898, -23.1869, 0.00382048, 65.8678, 0.689382, -113.3, 0.692168, 66.356
618, 10.29167, 0.548521, -23.607, 91.8096, 157.368, 92.0829, -23.2003, 0.00380259, 65.7561, 0.689144, -113.314, 0.691936, 66.3428
618, 10.30000, 0.545774, -23.7104, 91.7023, 157.353, 91.9764, -23.2137, 0.00378476, 65.6441, 0.688907, -113.328, 0.691704, 66.3297
619, 10.30833, 0.54304, -23.8139, 91.5953, 157.339, 91.8701, -23.227, 0.003767, 65.5319, 0.688671, -113.342, 0.691473, 66.3167
619, 10.31667, 0.540317, -23.9176, 91.4885, 157.324, 91.764, -23.2403, 0.00374929, 65.4195, 0.688435, -113.356, 0.691243, 66.3037
620, 10.32500, 0.537607, -24.0213, 91.3821, 157.31, 91.6583, -23.2535, 0.00373165, 65.3069, 0.688201, -113.37, 0.691014, 66.2907
620, 10.33333, 0.53491, -24.1252, 91.2759, 157.296, 91.5528, -23.2667, 0.00371406, 65.1941, 0.687967, -113.383, 0.690786, 66.2777
621, 10.34167, 0.532224, -24.2291, 91.1701, 157.281, 91.4476, -23.2799, 0.00369653, 65.081, 0.687734, -113.397, 0.690558, 66.2648
621, 10.35000, 0.52955, -24.3332, 91.0645, 157.267, 91.3427, -23.293, 0.00367906, 64.9677, 0.687502, -113.411, 0.690332, 66.252
622, 10.35833, 0.526889, -24.4374, 90.9592, 157.253, 91.2381, -23.3061, 0.00366165, 64.8541, 0.687271, -113.425, 0.690106, 66.2391
622, 10.36667, 0.524239, -24.5417, 90.8541, 157.239, 91.1337, -23.3191, 0.0036443, 64.7403, 0.68704, -113.439, 0.689881, 66.2263
623, 10.37500, 0.521601, -24.6461, 90.7494, 157.225, 91.0296, -23.3321, 0.00362701, 64.6263, 0.686811, -113.452, 0.689656, 66.2136
623, 10.38333, 0.518975, -24.7506, 90.6449, 157.21, 90.9258, -23.3451, 0.00360977, 64.512, 0.686582, -113.466, 0.689433, 66.2009
624, 10.39167, 0.516361, -24.8552, 90.5407, 157.196, 90.8222, -23.358, 0.00359259, 64.3974, 0.686354, -113.479, 0.68921, 66.1882
624, 10.40000, 0.513758, -24.96, 90.4367, 157.182, 90.7189, -23.3709, 0.00357546, 64.2826, 0.686127, -113.493, 0.688988, 66.1756
625, 10.40833, 0.511167, -25.0649, 90.3331, 157.169, 90.6159, -23.3837, 0.0035584, 64.1676, 0.6859, -113.506, 0.688767, 66.163
625, 10.41667, 0.508587, -25.1699, 90.2297, 157.155, 90.5132, -23.3965, 0.00354139, 64.0522, 0.685675, -113.52, 0.688546, 66.1504
626, 10.42500, 0.50602, -25.275, 90.1266, 157.141, 90.4107, -23.4093, 0.00352443, 63.9366, 0.68545, -113.533, 0.688326, 66.1379
626, 10.43333, 0.503463, -25.3803, 90.0238, 157.127, 90.3085, -23.422, 0.00350754, 63.8207, 0.685226, -113.547, 0.688107, 66.1254
627, 10.44167, 0.500917, -25.4857, 89.9212, 157.113, 90.2065, -23.4347, 0.00349069, 63.7045, 0.685003, -113.56, 0.687889, 66.113
627, 10.45000, 0.498384, -25.5913, 89.8189, 157.099, 90.1048, -23.4474, 0.00347391, 63.5881, 0.68478, -113.573, 0.687672, 66.1006
628, 10.45833, 0.495861, -25.697, 89.7168, 157.086, 90.0034, -23.46, 0.00345718, 63.4713, 0.684559, -113.586, 0.687455, 66.0882
628, 10.46667, 0.493349, -25.8028, 89.6151, 157.072, 89.9022, -23.4726, 0.0034405, 63.3543, 0.684338, -113.6, 0.687239, 66.0759
629, 10.47500, 0.490849, -25.9088, 89.5135, 157.059, 89.8013, -23.4851, 0.00342388, 63.2369, 0.684118, -113.613, 0.687024, 66.0636
629, 10.48333, 0.488359, -26.0149, 89.4123, 157.045, 89.7007, -23.4976, 0.00340731, 63.1193, 0.683898, -113.626, 0.68681, 66.0513
630, 10.49167, 0.485881, -26.1212, 89.3113, 157.031, 89.6003, -23.5101, 0.0033908, 63.0013, 0.68368, -113.639, 0.686596, 66.0391
630, 10.50000, 0.483413, -26.2277, 89.2106, 157.018, 89.5002, -23.5225, 0.00337434, 62.883, 0.683462, -113.652, 0.686383, 66.0269
631, 10.50833, 0.480956, -26.3343, 89.1101, 157.005, 89.4003, -23.5349, 0.00335793, 62.7644, 0.683245, -113.665, 0.686171, 66.0147
631, 10.51667, 0.47851, -26.441, 89.0099, 156.991, 89.3007, -23.5473, 0.00334158, 62.6455, 0.683029, -113.678, 0.68596, 66.0026
632, 10.52500, 0.476075, -26.548, 88.91, 156.978, 89.2013, -23.5596, 0.00332528, 62.5263, 0.682814, -113.691, 0.685749, 65.9905
632, 10.53333, 0.473651, -26.655, 88.8103, 156.964, 89.1022, -23.5719, 0.00330903, 62.4067, 0.682599, -113.704, 0.685539, 65.9785
633, 10.54167, 0.471237, -26.7623, 88.7109, 156.951, 89.0033, -23.5842, 0.00329284, 62.2868, 0.682385, -113.717, 0.68533, 65.9665
633, 10.55000, 0.468833, -26.8697, 88.6117, 156.938, 88.9047, -23.5964, 0.0032767, 62.1665, 0.682172, -113.73, 0.685121, 65.9545
634, 10.55833, 0.466441, -26.9773, 88.5128, 156.925, 88.8063, -23.6086, 0.00326061, 62.0459, 0.681959, -113.742, 0.684914, 65.9426
634, 10.56667, 0.464058, -27.0851, 88.4141, 156.911, 88.7082, -23.6207, 0.00324458, 61.9249, 0.681747, -113.755, 0.684707, 65.9307
635, 10.57500, 0.461686, -27.1931, 88.3157, 156.898, 88.6103, -23.6328, 0.00322859, 61.8036, 0.681537, -113.768, 0.6845, 65.9188
635, 10.58333, 0.459325, -27.3012, 88.2176, 156.885, 88.5127, -23.6449, 0.00321266, 61.6819, 0.681326, -113.78, 0.684295, 65.907
636, 10.59167, 0.456973, -27.4095, 88.1197, 156.872, 88.4153, -23.6569, 0.00319678, 61.5598, 0.681117, -113.793, 0.68409, 65.8952
636, 10.60000, 0.454632, -27.518, 88.022, 156.859, 88.3182, -23.669, 0.00318095, 61.4374, 0.680908, -113.806, 0.683885, 65.8834
637, 10.60833, 0.452301, -27.6267, 87.9246, 156.846, 88.2213, -23.6809, 0.00316517, 61.3145, 0.6807, -113.818, 0.683682, 65.8717
637, 10.61667, 0.44998, -27.7357, 87.8274, 156.833, 88.1247, -23.6929, 0.00314944, 61.1913, 0.680493, -113.831, 0.683479, 65.86
638, 10.62500, 0.44767, -27.8447, 87.7305, 156.82, 88.0283, -23.7048, 0.00313376, 61.0677, 0.680286, -113.843, 0.683277, 65.8483
638, 10.63333, 0.445369, -27.954, 87.6339, 156.808, 87.9321, -23.7166, 0.00311814, 60.9437, 0.680081, -113.856, 0.683076, 65.8367
639, 10.64167, 0.443078, -28.0636, 87.5374, 156.795, 87.8362, -23.7285, 0.00310256, 60.8193, 0.679875, -113.868, 0.682875, 65.8251
639, 10.65000, 0.440797, -28.1733, 87.4413, 156.782, 87.7405, -23.7403, 0.00308703, 60.6944, 0.679671, -113.88, 0.682675, 65.8135
640, 10.65833, 0.438526, -28.2832, 87.3453, 156.769, 87.6451, -23.752, 0.00307156, 60.5692, 0.679467, -113.893, 0.682476, 65.802
640, 10.66667, 0.436265, -28.3933, 87.2496, 156.756, 87.5499, -23.7638, 0.00305613, 60.4435, 0.679264, -113.905, 0.682277, 65.7905
641, 10.67500, 0.434014, -28.5037, 87.1542, 156.744, 87.4549, -23.7755, 0.00304075, 60.3174, 0.679062, -113.917, 0.682079, 65.779
641, 10.68333, 0.431772, -28.6142, 87.059, 156.731, 87.3602, -23.7871, 0.00302542, 60.1909, 0.678861, -113.929, 0.681882, 65.7676
642, 10.69167, 0.42954, -28.725, 86.964, 156.718, 87.2657, -23.7988, 0.00301014, 60.0639, 0.67866, -113.942, 0.681685, 65.7562
642, 10.70000, 0.427318, -28.836, 86.8693, 156.706, 87.1715, -23.8104, 0.00299491, 59.9365, 0.67846, -113.954, 0.68149, 65.7448
643, 10.70833, 0.425105, -28.9473, 86.7748, 156.693, 87.0775, -23.8219, 0.00297973, 59.8086, 0.67826, -113.966, 0.681294, 65.7335
643, 10.71667, 0.422901, -29.0588, 86.6805, 156.681, 86.9837, -23.8335, 0.00296459, 59.6802, 0.678062, -113.978, 0.6811, 65.7222
644, 10.72500, 0.420707, -29.1705, 86.5865, 156.668, 86.8901, -23.845, 0.00294951, 59.5514, 0.677864, -113.99, 0.680906, 65.7109
644, 10.73333, 0.418523, -29.2824, 86.4927, 156.656, 86.7968, -23.8564, 0.00293447, 59.4221, 0.677666, -114.002, 0.680713, 65.6997
645, 10.74167, 0.416348, -29.3947, 86.3992, 156.644, 86.7037, -23.8679, 0.00291948, 59.2923, 0.67747, -114.014, 0.68052, 65.6885
645, 10.75000, 0.414182, -29.5071, 86.3059, 156.631, 86.6108, -23.8793, 0.00290454, 59.1621, 0.677274, -114.026, 0.680328, 65.6773
646, 10.75833, 0.412026, -29.6198, 86.2128, 156.619, 86.5182, -23.8907, 0.00288965, 59.0313, 0.677078, -114.038, 0.680137, 65.6661
646, 10.76667, 0.409878, -29.7328, 86.1199, 156.607, 86.4258, -23.902, 0.0028748, 58.9001, 0.676884, -114.05, 0.679947, 65.655
647, 10.77500, 0.40774, -29.846, 86.0273, 156.594, 86.3336, -23.9133, 0.00286, 58.7683, 0.67669, -114.062, 0.679757, 65.644
647, 10.78333, 0.405611, -29.9594, 85.9349, 156.582, 86.2416, -23.9246, 0.00284524, 58.636, 0.676497, -114.073, 0.679568, 65.6329
648, 10.79167, 0.403491, -30.0732, 85.8428, 156.57, 86.1499, -23.9358, 0.00283054, 58.5032, 0.676304, -114.085, 0.679379, 65.6219
648, 10.80000, 0.40138, -30.1872, 85.7508, 156.558, 86.0584, -23.9471, 0.00281588, 58.3698, 0.676112, -114.097, 0.679191, 65.6109
649, 10.80833, 0.399278, -30.3015, 85.6591, 156.546, 85.9671, -23.9582, 0.00280127, 58.2359, 0.675921, -114.109, 0.679004, 65.5999
649, 10.81667, 0.397185, -30.416, 85.5676, 156.534, 85.876, -23.9694, 0.0027867, 58.1015, 0.67573, -114.12, 0.678817, 65.589
650, 10.82500, 0.395101, -30.5309, 85.4764, 156.522, 85.7852, -23.9805, 0.00277218, 57.9665, 0.675541, -114.132, 0.678631, 65.5781
650, 10.83333, 0.393026, -30.646, 85.3854, 156.51, 85.6946, -23.9916, 0.0027577, 57.8309, 0.675351, -114.144, 0.678446, 65.5673
651, 10.84167, 0.390959, -30.7614, 85.2946, 156.498, 85.6042, -24.0027, 0.00274327, 57.6948, 0.675163, -114.155, 0.678261, 65.5564
651, 10.85000, 0.388902, -30.8771, 85.204, 156.486, 85.514, -24.0137, 0.00272889, 57.5581, 0.674975, -114.167, 0.678077, 65.5456
652, 10.85833, 0.386853, -30.9931, 85.1136, 156.474, 85.424, -24.0247, 0.00271456, 57.4208, 0.674788, -114.178, 0.677894, 65.5348
652, 10.86667, 0.384813, -31.1094, 85.0235, 156.462, 85.3343, -24.0357, 0.00270026, 57.2829, 0.674601, -114.19, 0.677711, 65.5241
653, 10.87500, 0.382781, -31.226, 84.9336, 156.45, 85.2448, -24.0466, 0.00268602, 57.1444, 0.674415, -114.201, 0.677529, 65.5134
653, 10.88333, 0.380758, -31.3429, 84.8439, 156.438, 85.1554, -24.0575, 0.00267182, 57.0053, 0.67423, -114.213, 0.677347, 65.5027
654, 10.89167, 0.378744, -31.4602, 84.7544, 156.426, 85.0663, -24.0684, 0.00265766, 56.8655, 0.674045, -114.224, 0.677166, 65.492
654, 10.90000, 0.376738, -31.5777, 84.6652, 156.415, 84.9775, -24.0792, 0.00264355, 56.7252, 0.673861, -114.235, 0.676986, 65.4814
655, 10.90833, 0.37474, -31.6956, 84.5761, 156.403, 84.8888, -24.09, 0.00262948, 56.5842, 0.673678, -114.247, 0.676806, 65.4708
655, 10.91667, 0.372751, -31.8138, 84.4873, 156.391, 84.8003, -24.1008, 0.00261546, 56.4425, 0.673495, -114.258, 0.676627, 65.4602
656, 10.92500, 0.370771, -31.9323, 84.3987, 156.38, 84.7121, -24.1116, 0.00260148, 56.3002, 0.673313, -114.269, 0.676449, 65.4497
656, 10.93333, 0.368798, -32.0511, 84.3103, 156.368, 84.6241, -24.1223, 0.00258755, 56.1572, 0.673132, -114.28, 0.676271, 65.4392
657, 10.94167, 0.366834, -32.1703, 84.2221, 156.356, 84.5362, -24.133, 0.00257366, 56.0135, 0.672951, -114.292, 0.676094, 65.4287
657, 10.95000, 0.364879, -32.2899, 84.1341, 156.345, 84.4486, -24.1437, 0.00255981, 55.8692, 0.672771, -114.303, 0.675917, 65.4183
658, 10.95833, 0.362931, -32.4098, 84.0464, 156.333, 84.3612, -24.1543, 0.00254601, 55.7241, 0.672591, -114.314, 0.675741, 65.4078
658, 10.96667, 0.360992, -32.53, 83.9589, 156.322, 84.274, -24.165, 0.00253225, 55.5784, 0.672412, -114.325, 0.675566, 65.3974
659, 10.97500, 0.359061, -32.6506, 83.8715, 156.31, 84.1871, -24.1755, 0.00251854, 55.4319, 0.672234, -114.336, 0.675391, 65.3871
659, 10.98333, 0.357138, -32.7715, 83.7844, 156.299, 84.1003, -24.1861, 0.00250487, 55.2847, 0.672056, -114.347, 0.675216, 65.3767
660, 10.99167, 0.355222, -32.8929, 83.6975, 156.288, 84.0137, -24.1966, 0.00249124, 55.1367, 0.671879, -114.358, 0.675043, 65.3664
660, 11.00000, 0.353316, -33.0146, 83.6108, 156.276, 83.9274, -24.2071, 0.00247766, 54.9881, 0.671703, -114.369, 0.67487, 65.3561
661, 11.00833, 0.351417, -33.1366, 83.5243, 156.265, 83.8412, -24.2176, 0.00246412, 54.8386, 0.671527, -114.38, 0.674697, 65.3459
661, 11.01667, 0.349526, -33.2591, 83.438, 156.253, 83.7552, -24.228, 0.00245062, 54.6884, 0.671352, -114.391, 0.674526, 65.3356
662, 11.02500, 0.347643, -33.3819, 83.352, 156.242, 83.6695, -24.2385, 0.00243716, 54.5374, 0.671177, -114.402, 0.674354, 65.3254
662, 11.03333, 0.345768, -33.5051, 83.2661, 156.231, 83.5839, -24.2489, 0.00242375, 54.3856, 0.671003, -114.413, 0.674184, 65.3153
663, 11.04167, 0.3439, -33.6288, 83.1804, 156.22, 83.4986, -24.2592, 0.00241038, 54.233, 0.67083, -114.423, 0.674014, 65.3051
663, 11.05000, 0.342041, -33.7528, 83.095, 156.209, 83.4134, -24.2695, 0.00239706, 54.0796, 0.670657, -114.434, 0.673844, 65.295
664, 11.05833, 0.340189, -33.8772, 83.0097, 156.197, 83.3285, -24.2798, 0.00238377, 53.9254, 0.670485, -114.445, 0.673675, 65.2849
664, 11.06667, 0.338345, -34.002, 82.9247, 156.186, 83.2437, -24.2901, 0.00237053, 53.7703, 0.670313, -114.456, 0.673507, 65.2749
665, 11.07500, 0.336509, -34.1273, 82.8398, 156.175, 83.1592, -24.3004, 0.00235733, 53.6144, 0.670142, -114.466, 0.673339, 65.2648
665, 11.08333, 0.33468, -34.253, 82.7552, 156.164, 83.0748, -24.3106, 0.00234418, 53.4577, 0.669972, -114.477, 0.673172, 65.2548
666, 11.09167, 0.332859, -34.3791, 82.6707, 156.153, 82.9907, -24.3208, 0.00233106, 53.3, 0.669802, -114.488, 0.673005, 65.2448
666, 11.10000, 0.331046, -34.5056, 82.5865, 156.142, 82.9067, -24.331, 0.00231799, 53.1415, 0.669633, -114.498, 0.672839, 65.2349
667, 11.10833, 0.32924, -34.6326, 82.5024, 156.131, 82.823, -24.3411, 0.00230496, 52.982, 0.669464, -114.509, 0.672674, 65.2249
667, 11.11667, 0.327441, -34.76, 82.4186, 156.12, 82.7394, -24.3512, 0.00229197, 52.8217, 0.669296, -114.52, 0.672509, 65.215
668, 11.12500, 0.325651, -34.8879, 82.3349, 156.109, 82.656, -24.3613, 0.00227903, 52.6604, 0.669129, -114.53, 0.672345, 65.2052
668, 11.13333, 0.323867, -35.0162, 82.2515, 156.098, 82.5729, -24.3714, 0.00226613, 52.4982, 0.668962, -114.541, 0.672181, 65.1953
669, 11.14167, 0.322091, -35.145, 82.1682, 156.087, 82.4899, -24.3814, 0.00225326, 52.335, 0.668796, -114.551, 0.672018, 65.1855
669, 11.15000, 0.320323, -35.2743, 82.0852, 156.077, 82.4071, -24.3914, 0.00224044, 52.1709, 0.66863, -114.562, 0.671855, 65.1757
670, 11.15833, 0.318562, -35.404, 82.0023, 156.066, 82.3245, -24.4014, 0.00222766, 52.0058, 0.668465, -114.572, 0.671693, 65.1659
670, 11.16667, 0.316808, -35.5342, 81.9196, 156.055, 82.2421, -24.4113, 0.00221493, 51.8397, 0.668301, -114.582, 0.671531, 65.1562
671, 11.17500, 0.315062, -35.6649, 81.8372, 156.044, 82.1599, -24.4213, 0.00220223, 51.6726, 0.668137, -114.593, 0.67137, 65.1464
671, 11.18333, 0.313322, -35.7961, 81.7549, 156.034, 82.0779, -24.4312, 0.00218958, 51.5045, 0.667973, -114.603, 0.67121, 65.1367
672, 11.19167, 0.31159, -35.9278, 81.6728, 156.023, 81.996, -24.4411, 0.00217696, 51.3353, 0.66781, -114.613, 0.67105, 65.1271
672, 11.20000, 0.309866, -36.0599, 81.5909, 156.012, 81.9144, -24.4509, 0.00216439, 51.1651, 0.667648, -114.624, 0.670891, 65.1174
673, 11.20833, 0.308148, -36.1926, 81.5092, 156.002, 81.8329, -24.4607, 0.00215186, 50.9938, 0.667486, -114.634, 0.670732, 65.1078
673, 11.21667, 0.306437, -36.3259, 81.4277, 155.991, 81.7516, -24.4705, 0.00213937, 50.8214, 0.667325, -114.644, 0.670574, 65.0982
674, 11.22500, 0.304734, -36.4596, 81.3464, 155.98, 81.6706, -24.4803, 0.00212692, 50.6479, 0.667165, -114.654, 0.670416, 65.0886
674, 11.23333, 0.303038, -36.5939, 81.2652, 155.97, 81.5897, -24.4901, 0.00211452, 50.4734, 0.667005, -114.665, 0.670259, 65.0791
675, 11.24167, 0.301349, -36.7287, 81.1843, 155.959, 81.509, -24.4998, 0.00210215, 50.2976, 0.666845, -114.675, 0.670102, 65.0696
675, 11.25000, 0.299667, -36.864, 81.1035, 155.949, 81.4284, -24.5095, 0.00208982, 50.1208, 0.666686, -114.685, 0.669946, 65.0601
676, 11.25833, 0.297992, -36.9999, 81.023, 155.938, 81.3481, -24.5192, 0.00207754, 49.9428, 0.666528, -114.695, 0.669791, 65.0506
676, 11.26667, 0.296323, -37.1364, 80.9426, 155.928, 81.2679, -24.5288, 0.0020653, 49.7636, 0.66637, -114.705, 0.669636, 65.0411
677, 11.27500, 0.294662, -37.2734, 80.8624, 155.918, 81.188, -24.5384, 0.0020531, 49.5832, 0.666213, -114.715, 0.669481, 65.0317
677, 11.28333, 0.293008, -37.411, 80.7824, 155.907, 81.1082, -24.548, 0.00204094, 49.4016, 0.666056, -114.725, 0.669327, 65.0223
678, 11.29167, 0.29136, -37.5491, 80.7025, 155.897, 81.0285, -24.5576, 0.00202882, 49.2187, 0.6659, -114.735, 0.669174, 65.013
678, 11.30000, 0.28972, -37.6879, 80.6229, 155.886, 80.9491, -24.5672, 0.00201674, 49.0346, 0.665745, -114.745, 0.669021, 65.0036
679, 11.30833, 0.288086, -37.8272, 80.5434, 155.876, 80.8699, -24.5767, 0.0020047, 48.8492, 0.66559, -114.755, 0.668868, 64.9943
679, 11.31667, 0.286459, -37.9672, 80.4641, 155.866, 80.7908, -24.5862, 0.0019927, 48.6625, 0.665435, -114.765, 0.668716, 64.985
680, 11.32500, 0.284839, -38.1077, 80.3851, 155.856, 80.7119, -24.5957, 0.00198075, 48.4746, 0.665281, -114.775, 0.668565, 64.9757
680, 11.33333, 0.283226, -38.2489, 80.3061, 155.845, 80.6332, -24.6051, 0.00196883, 48.2853, 0.665128, -114.785, 0.668414, 64.9664
681, 11.34167, 0.281619, -38.3907, 80.2274, 155.835, 80.5547, -24.6146, 0.00195696, 48.0946, 0.664975, -114.795, 0.668264, 64.9572
681, 11.35000, 0.280019, -38.5331, 80.1489, 155.825, 80.4763, -24.624, 0.00194513, 47.9026, 0.664822, -114.804, 0.668114, 64.948
682, 11.35833, 0.278426, -38.6762, 80.0705, 155.815, 80.3981, -24.6333, 0.00193333, 47.7093, 0.664671, -114.814, 0.667965, 64.9388
682, 11.36667, 0.276839, -38.8199, 79.9923, 155.805, 80.3201, -24.6427, 0.00192158, 47.5144, 0.664519, -114.824, 0.667816, 64.9297
683, 11.37500, 0.275259, -38.9643, 79.9143, 155.795, 80.2423, -24.652, 0.00190987, 47.3182, 0.664369, -114.834, 0.667668, 64.9205
683, 11.38333, 0.273685, -39.1093, 79.8364, 155.785, 80.1647, -24.6614, 0.0018982, 47.1206, 0.664218, -114.843, 0.66752, 64.9114
684, 11.39167, 0.272118, -39.255, 79.7588, 155.775, 80.0872, -24.6706, 0.00188657, 46.9214, 0.664069, -114.853, 0.667373, 64.9023
684, 11.40000, 0.270558, -39.4014, 79.6813, 155.765, 80.0099, -24.6799, 0.00187499, 46.7208, 0.663919, -114.863, 0.667226, 64.8932
685, 11.40833, 0.269004, -39.5485, 79.604, 155.755, 79.9328, -24.6891, 0.00186344, 46.5186, 0.663771, -114.872, 0.66708, 64.8842
685, 11.41667, 0.267457, -39.6963, 79.5269, 155.745, 79.8558, -24.6984, 0.00185194, 46.3149, 0.663623, -114.882, 0.666934, 64.8752
686, 11.42500, 0.265916, -39.8447, 79.4499, 155.735, 79.779, -24.7076, 0.00184047, 46.1097, 0.663475, -114.892, 0.666789, 64.8662
686, 11.43333, 0.264382, -39.9939, 79.3731, 155.725, 79.7024, -24.7167, 0.00182905, 45.9028, 0.663328, -114.901, 0.666644, 64.8572
687, 11.44167, 0.262854, -40.1439, 79.2965, 155.715, 79.6259, -24.7259, 0.00181767, 45.6944, 0.663181, -114.911, 0.6665, 64.8483
687, 11.45000, 0.261332, -40.2945, 79.2201, 155.705, 79.5497, -24.735, 0.00180633, 45.4843, 0.663035, -114.92, 0.666356, 64.8393
688, 11.45833, 0.259817, -40.4459, 79.1438, 155.695, 79.4736, -24.7441, 0.00179503, 45.2726, 0.66289, -114.93, 0.666213, 64.8304
688, 11.46667, 0.258308, -40.5981, 79.0677, 155.685, 79.3976, -24.7532, 0.00178377, 45.0592, 0.662744, -114.939, 0.66607, 64.8215
689, 11.47500, 0.256806, -40.751, 78.9918, 155.675, 79.3219, -24.7622, 0.00177256, 44.8441, 0.6626, -114.949, 0.665928, 64.8127
689, 11.48333, 0.255309, -40.9047, 78.9161, 155.666, 79.2463, -24.7713, 0.00176138, 44.6272, 0.662456, -114.958, 0.665786, 64.8038
690, 11.49167, 0.253819, -41.0592, 78.8405, 155.656, 79.1709, -24.7803, 0.00175025, 44.4086, 0.662312, -114.967, 0.665645, 64.795
690, 11.50000, 0.252336, -41.2144, 78.7651, 155.646, 79.0956, -24.7893, 0.00173916, 44.1882, 0.662169, -114.977, 0.665504, 64.7862
691, 11.50833, 0.250859, -41.3705, 78.6898, 155.637, 79.0205, -24.7982, 0.00172811, 43.9661, 0.662027, -114.986, 0.665364, 64.7774
691, 11.51667, 0.249387, -41.5274, 78.6148, 155.627, 78.9456, -24.8072, 0.0017171, 43.742, 0.661885, -114.995, 0.665224, 64.7687
692, 11.52500, 0.247922, -41.685, 78.5399, 155.617, 78.8708, -24.8161, 0.00170614, 43.5161, 0.661743, -115.005, 0.665084, 64.7599
692, 11.53333, 0.246464, -41.8436, 78.4651, 155.608, 78.7962, -24.825, 0.00169522, 43.2883, 0.661602, -115.014, 0.664945, 64.7512
693, 11.54167, 0.245011, -42.003, 78.3906, 155.598, 78.7218, -24.8339, 0.00168434, 43.0586, 0.661461, -115.023, 0.664807, 64.7425
693, 11.55000, 0.243565, -42.1632, 78.3162, 155.588, 78.6475, -24.8428, 0.0016735, 42.8269, 0.661321, -115.033, 0.664669, 64.7339
694, 11.55833, 0.242125, -42.3243, 78.2419, 155.579, 78.5734, -24.8516, 0.0016627, 42.5933, 0.661182, -115.042, 0.664532, 64.7252
694, 11.56667, 0.24069, -42.4862, 78.1679, 155.569, 78.4995, -24.8604, 0.00165195, 42.3576, 0.661043, -115.051, 0.664395, 64.7166
695, 11.57500, 0.239262, -42.6491, 78.0939, 155.56, 78.4257, -24.8692, 0.00164124, 42.1199, 0.660904, -115.06, 0.664258, 64.708
695, 11.58333, 0.23784, -42.8128, 78.0202, 155.55, 78.3521, -24.878, 0.00163057, 41.8802, 0.660766, -115.069, 0.664122, 64.6994
696, 11.59167, 0.236424, -42.9775, 77.9466, 155.541, 78.2786, -24.8867, 0.00161995, 41.6383, 0.660628, -115.078, 0.663986, 64.6908
696, 11.60000, 0.235015, -43.1431, 77.8732, 155.531, 78.2053, -24.8954, 0.00160937, 41.3943, 0.660491, -115.087, 0.663851, 64.6823
697, 11.60833, 0.233611, -43.3096, 77.8, 155.522, 78.1321, -24.9042, 0.00159883, 41.1481, 0.660354, -115.097, 0.663717, 64.6738
697, 11.61667, 0.232213, -43.4771, 77.7269, 155.513, 78.0592, -24.9128, 0.00158834, 40.8997, 0.660218, -115.106, 0.663582, 64.6653
698, 11.62500, 0.230821, -43.6455, 77.6539, 155.503, 77.9864, -24.9215, 0.00157789, 40.6491, 0.660083, -115.115, 0.663449, 64.6568
698, 11.63333, 0.229435, -43.8148, 77.5812, 155.494, 77.9137, -24.9301, 0.00156748, 40.3963, 0.659947, -115.124, 0.663315, 64.6483
699, 11.64167, 0.228055, -43.9852, 77.5086, 155.485, 77.8412, -24.9388, 0.00155712, 40.1411, 0.659813, -115.133, 0.663183, 64.6399
699, 11.65000, 0.226681, -44.1566, 77.4361, 155.475, 77.7688, -24.9474, 0.0015468, 39.8836, 0.659678, -115.142, 0.66305, 64.6315
700, 11.65833, 0.225313, -44.3289, 77.3638, 155.466, 77.6966, -24.956, 0.00153652, 39.6237, 0.659545, -115.151, 0.662918, 64.6231
700, 11.66667, 0.223951, -44.5023, 77.2917, 155.457, 77.6246, -24.9645, 0.00152629, 39.3614, 0.659411, -115.159, 0.662787, 64.6147
701, 11.67500, 0.222595, -44.6768, 77.2197, 155.447, 77.5527, -24.9731, 0.00151611, 39.0966, 0.659278, -115.168, 0.662656, 64.6064
701, 11.68333, 0.221244, -44.8522, 77.1479, 155.438, 77.481, -24.9816, 0.00150597, 38.8294, 0.659146, -115.177, 0.662525, 64.598
702, 11.69167, 0.2199, -45.0288, 77.0762, 155.429, 77.4094, -24.9901, 0.00149588, 38.5596, 0.659014, -115.186, 0.662395, 64.5897
702, 11.70000, 0.218561, -45.2064, 77.0048, 155.42, 77.338, -24.9985, 0.00148583, 38.2873, 0.658882, -115.195, 0.662266, 64.5814
703, 11.70833, 0.217228, -45.385, 76.9334, 155.411, 77.2668, -25.007, 0.00147583, 38.0125, 0.658751, -115.204, 0.662136, 64.5731
703, 11.71667, 0.215901, -45.5648, 76.8622, 155.402, 77.1957, -25.0154, 0.00146587, 37.7349, 0.658621, -115.213, 0.662008, 64.5649
704, 11.72500, 0.21458, -45.7457, 76.7912, 155.393, 77.1247, -25.0239, 0.00145596, 37.4547, 0.658491, -115.221, 0.661879, 64.5566
704, 11.73333, 0.213265, -45.9278, 76.7203, 155.383, 77.0539, -25.0323, 0.00144609, 37.1718, 0.658361, -115.23, 0.661751, 64.5484
705, 11.74167, 0.211955, -46.111, 76.6496, 155.374, 76.9833, -25.0406, 0.00143628, 36.8861, 0.658232, -115.239, 0.661624, 64.5402
705, 11.75000, 0.210651, -46.2953, 76.579, 155.365, 76.9128, -25.049, 0.00142651, 36.5976, 0.658103, -115.247, 0.661497, 64.5321
706, 11.75833, 0.209353, -46.4808, 76.5086, 155.356, 76.8424, -25.0573, 0.00141678, 36.3063, 0.657975, -115.256, 0.661371, 64.5239
706, 11.76667, 0.208061, -46.6675, 76.4383, 155.347, 76.7722, -25.0656, 0.00140711, 36.0121, 0.657847, -115.265, 0.661244, 64.5158
707, 11.77500, 0.206774, -46.8554, 76.3682, 155.338, 76.7022, -25.0739, 0.00139748, 35.7149, 0.65772, -115.273, 0.661119, 64.5076
707, 11.78333, 0.205494, -47.0445, 76.2983, 155.329, 76.6323, -25.0822, 0.0013879, 35.4149, 0.657593, -115.282, 0.660993, 64.4995
708, 11.79167, 0.204218, -47.2349, 76.2284, 155.321, 76.5625, -25.0905, 0.00137837, 35.1117, 0.657467, -115.291, 0.660869, 64.4915
708, 11.80000, 0.202949, -47.4265, 76.1588, 155.312, 76.4929, -25.0987, 0.00136889, 34.8056, 0.657341, -115.299, 0.660744, 64.4834
709, 11.80833, 0.201685, -47.6194, 76.0893, 155.303, 76.4235, -25.1069, 0.00135946, 34.4963, 0.657215, -115.308, 0.66062, 64.4753
709, 11.81667, 0.200427, -47.8135, 76.0199, 155.294, 76.3542, -25.1151, 0.00135007, 34.1838, 0.65709, -115.316, 0.660497, 64.4673
710, 11.82500, 0.199175, -48.009, 75.9507, 155.285, 76.285, -25.1233, 0.00134074, 33.8682, 0.656965, -115.325, 0.660374, 64.4593
710, 11.83333, 0.197928, -48.2058, 75.8816, 155.276, 76.216, -25.1315, 0.00133146, 33.5494, 0.656841, -115.333, 0.660251, 64.4513
711, 11.84167, 0.196687, -48.4039, 75.8127, 155.267, 76.1471, -25.1396, 0.00132223, 33.2272, 0.656717, -115.342, 0.660129, 64.4434
711, 11.85000, 0.195452, -48.6034, 75.744, 155.259, 76.0784, -25.1477, 0.00131305, 32.9018, 0.656594, -115.35, 0.660007, 64.4354
712, 11.85833, 0.194222, -48.8042, 75.6753, 155.25, 76.0098, -25.1559, 0.00130392, 32.5729, 0.656471, -115.359, 0.659886, 64.4275
712, 11.86667, 0.192998, -49.0064, 75.6069, 155.241, 75.9414, -25.1639, 0.00129484, 32.2406, 0.656349, -115.367, 0.659765, 64.4196
713, 11.87500, 0.191779, -49.2101, 75.5386, 155.232, 75.8731, -25.172, 0.00128582, 31.9048, 0.656227, -115.376, 0.659644, 64.4117
713, 11.88333, 0.190567, -49.4151, 75.4704, 155.224, 75.805, -25.1801, 0.00127685, 31.5655, 0.656105, -115.384, 0.659524, 64.4038
714, 11.89167, 0.189359, -49.6216, 75.4023, 155.215, 75.737, -25.1881, 0.00126793, 31.2225, 0.655984, -115.392, 0.659404, 64.396
714, 11.90000, 0.188158, -49.8296, 75.3344, 155.206, 75.6691, -25.1961, 0.00125907, 30.876, 0.655863, -115.401, 0.659285, 64.3881
715, 11.90833, 0.186962, -50.039, 75.2667, 155.198, 75.6014, -25.2041, 0.00125026, 30.5258, 0.655743, -115.409, 0.659166, 64.3803
715, 11.91667, 0.185771, -50.25, 75.1991, 155.189, 75.5339, -25.2121, 0.0012415, 30.1718, 0.655623, -115.417, 0.659047, 64.3725
716, 11.92500, 0.184586, -50.4624, 75.1317, 155.18, 75.4664, -25.22, 0.0012328, 29.8141, 0.655503, -115.426, 0.658929, 64.3647
716, 11.93333, 0.183407, -50.6764, 75.0643, 155.172, 75.3991, -25.2279, 0.00122416, 29.4525, 0.655384, -115.434, 0.658812, 64.357
717, 11.94167, 0.182234, -50.892, 74.9972, 155.163, 75.332, -25.2359, 0.00121557, 29.087, 0.655266, -115.442, 0.658695, 64.3492
717, 11.95000, 0.181066, -51.1091, 74.9301, 155.155, 75.265, -25.2438, 0.00120704, 28.7176, 0.655148, -115.45, 0.658578, 64.3415
718, 11.95833, 0.179903, -51.3278, 74.8633, 155.146, 75.1981, -25.2516, 0.00119856, 28.3442, 0.65503, -115.458, 0.658461, 64.3338
718, 11.96667, 0.178746, -51.5482, 74.7965, 155.138, 75.1314, -25.2595, 0.00119014, 27.9667, 0.654912, -115.467, 0.658345, 64.3261
719, 11.97500, 0.177595, -51.7702, 74.7299, 155.129, 75.0648, -25.2674, 0.00118179, 27.5852, 0.654796, -115.475, 0.65823, 64.3184
719, 11.98333, 0.176449, -51.9938, 74.6634, 155.121, 74.9984, -25.2752, 0.00117349, 27.1994, 0.654679, -115.483, 0.658114, 64.3108
720, 11.99167, 0.175309, -52.2192, 74.5971, 155.112, 74.9321, -25.283, 0.00116525, 26.8095, 0.654563, -115.491, 0.658, 64.3031
720, 12.00000, 0.174174, -52.4463, 74.5309, 155.104, 74.8659, -25.2908, 0.00115707, 26.4153, 0.654447, -115.499, 0.657885, 64.2955
721, 12.00833, 0.173045, -52.675, 74.4649, 155.096, 74.7999, -25.2986, 0.00114895, 26.0168, 0.654332, -115.507, 0.657771, 64.2879
721, 12.01667, 0.171922, -52.9056, 74.399, 155.087, 74.7339, -25.3063, 0.0011409, 25.6139, 0.654217, -115.515, 0.657657, 64.2803
722, 12.02500, 0.170804, -53.1379, 74.3332, 155.079, 74.6682, -25.3141, 0.0011329, 25.2066, 0.654103, -115.523, 0.657544, 64.2727
722, 12.03333, 0.169692, -53.372, 74.2676, 155.07, 74.6026, -25.3218, 0.00112497, 24.7948, 0.653989, -115.531, 0.657431, 64.2652
723, 12.04167, 0.168585, -53.6079, 74.2021, 155.062, 74.5371, -25.3295, 0.0011171, 24.3784, 0.653875, -115.539, 0.657319, 64.2577
723, 12.05000, 0.167484, -53.8457, 74.1367, 155.054, 74.4717, -25.3372, 0.0011093, 23.9576, 0.653762, -115.547, 0.657207, 64.2501
724, 12.05833, 0.166388, -54.0853, 74.0715, 155.046, 74.4065, -25.3448, 0.00110156, 23.532, 0.653649, -115.555, 0.657095, 64.2426
724, 12.06667, 0.165298, -54.3268, 74.0064, 155.037, 74.3414, -25.3525, 0.00109388, 23.1018, 0.653537, -115.563, 0.656984, 64.2351
725, 12.07500, 0.164214, -54.5703, 73.9415, 155.029, 74.2764, -25.3601, 0.00108628, 22.6668, 0.653425, -115.571, 0.656873, 64.2277
725, 12.08333, 0.163135, -54.8157, 73.8767, 155.021, 74.2116, -25.3677, 0.00107874, 22.2271, 0.653313, -115.579, 0.656763, 64.2202
726, 12.09167, 0.162061, -55.063, 73.812, 155.013, 74.1469, -25.3753, 0.00107126, 21.7825, 0.653202, -115.587, 0.656653, 64.2128
726, 12.10000, 0.160994, -55.3124, 73.7475, 155.004, 74.0824, -25.3829, 0.00106386, 21.333, 0.653091, -115.595, 0.656543, 64.2054
727, 12.10833, 0.159932, -55.5637, 73.6831, 154.996, 74.018, -25.3905, 0.00105653, 20.8786, 0.652981, -115.603, 0.656434, 64.198
727, 12.11667, 0.158875, -55.8171, 73.6188, 154.988, 73.9537, -25.398, 0.00104926, 20.4191, 0.652871, -115.611, 0.656325, 64.1906
728, 12.12500, 0.157824, -56.0726, 73.5546, 154.98, 73.8895, -25.4056, 0.00104207, 19.9547, 0.652761, -115.619, 0.656216, 64.1832
728, 12.13333, 0.156779, -56.3301, 73.4906, 154.972, 73.8255, -25.4131, 0.00103495, 19.4852, 0.652652, -115.626, 0.656108, 64.1759
729, 12.14167, 0.155739, -56.5899, 73.4268, 154.964, 73.7616, -25.4206, 0.0010279, 19.0105, 0.652543, -115.634, 0.656, 64.1685
729, 12.15000, 0.154705, -56.8517, 73.363, 154.956, 73.6978, -25.428, 0.00102092, 18.5308, 0.652435, -115.642, 0.655893, 64.1612
730, 12.15833, 0.153677, -57.1157, 73.2994, 154.948, 73.6342, -25.4355, 0.00101402, 18.0458, 0.652327, -115.65, 0.655786, 64.1539
730, 12.16667, 0.152654, -57.3819, 73.2359, 154.939, 73.5707, -25.443, 0.0010072, 17.5555, 0.652219, -115.658, 0.655679, 64.1467
731, 12.17500, 0.151637, -57.6504, 73.1726, 154.931, 73.5073, -25.4504, 0.00100045, 17.0599, 0.652112, -115.665, 0.655573, 64.1394
731, 12.18333, 0.150626, -57.9211, 73.1094, 154.923, 73.444, -25.4578, 0.000993775, 16.5591, 0.652005, -115.673, 0.655467, 64.1321
732, 12.19167, 0.14962, -58.1941, 73.0463, 154.915, 73.3809, -25.4652, 0.00098718, 16.0528, 0.651899, -115.681, 0.655361, 64.1249
732, 12.20000, 0.14862, -58.4694, 72.9833, 154.907, 73.3179, -25.4726, 0.000980665, 15.5412, 0.651793, -115.688, 0.655256, 64.1177
733, 12.20833, 0.147626, -58.747, 72.9205, 154.899, 73.2551, -25.4799, 0.000974229, 15.0242, 0.651687, -115.696, 0.655151, 64.1105
733, 12.21667, 0.146637, -59.0271, 72.8578, 154.892, 73.1923, -25.4873, 0.000967874, 14.5017, 0.651582, -115.704, 0.655047, 64.1033
734, 12.22500, 0.145654, -59.3095, 72.7952, 154.884, 73.1297, -25.4946, 0.0009616, 13.9737, 0.651477, -115.711, 0.654943, 64.0961
734, 12.23333, 0.144677, -59.5944, 72.7328, 154.876, 73.0672, -25.5019, 0.00095541, 13.4403, 0.651372, -115.719, 0.654839, 64.089
735, 12.24167, 0.143705, -59.8818, 72.6704, 154.868, 73.0049, -25.5092, 0.000949302, 12.9012, 0.651268, -115.727, 0.654736, 64.0818
735, 12.25000, 0.14274, -60.1716, 72.6083, 154.86, 72.9426, -25.5165, 0.00094328, 12.3567, 0.651164, -115.734, 0.654633, 64.0747
736, 12.25833, 0.14178, -60.4639, 72.5462, 154.852, 72.8805, -25.5238, 0.000937344, 11.8067, 0.651061, -115.742, 0.65453, 64.0676
736, 12.26667, 0.140826, -60.7589, 72.4843, 154.844, 72.8185, -25.531, 0.000931493, 11.251, 0.650958, -115.749, 0.654428, 64.0605
737, 12.27500, 0.139877, -61.0564, 72.4224, 154.836, 72.7567, -25.5383, 0.000925731, 10.6899, 0.650855, -115.757, 0.654326, 64.0534
737, 12.28333, 0.138935, -61.3565, 72.3608, 154.829, 72.6949, -25.5455, 0.000920057, 10.1231, 0.650753, -115.764, 0.654225, 64.0464
738, 12.29167, 0.137998, -61.6593, 72.2992, 154.821, 72.6333, -25.5527, 0.000914472, 9.55073, 0.650651, -115.772, 0.654123, 64.0393
738, 12.30000, 0.137068, -61.9647, 72.2378, 154.813, 72.5718, -25.5599, 0.000908979, 8.97285, 0.65055, -115.779, 0.654023, 64.0323
739, 12.30833, 0.136143, -62.2729, 72.1765, 154.805, 72.5105, -25.5671, 0.000903577, 8.38941, 0.650449, -115.787, 0.653922, 64.0253
739, 12.31667, 0.135224, -62.5838, 72.1153, 154.798, 72.4492, -25.5742, 0.000898267, 7.80034, 0.650348, -115.794, 0.653822, 64.0183
740, 12.32500, 0.134311, -62.8975, 72.0542, 154.79, 72.3881, -25.5814, 0.000893052, 7.20582, 0.650248, -115.802, 0.653722, 64.0113
740, 12.33333, 0.133403, -63.214, 71.9933, 154.782, 72.3271, -25.5885, 0.000887931, 6.60579, 0.650147, -115.809, 0.653623, 64.0043
741, 12.34167, 0.132502, -63.5334, 71.9324, 154.774, 72.2662, -25.5956, 0.000882906, 6.0002, 0.650048, -115.816, 0.653524, 63.9974
741, 12.35000, 0.131607, -63.8556, 71.8718, 154.767, 72.2055, -25.6027, 0.000877977, 5.38923, 0.649949, -115.824, 0.653425, 63.9904
742, 12.35833, 0.130718, -64.1807, 71.8112, 154.759, 72.1448, -25.6098, 0.000873147, 4.77284, 0.64985, -115.831, 0.653327, 63.9835
742, 12.36667, 0.129835, -64.5088, 71.7507, 154.752, 72.0843, -25.6168, 0.000868415, 4.151, 0.649751, -115.838, 0.653229, 63.9766
743, 12.37500, 0.128957, -64.8398, 71.6904, 154.744, 72.0239, -25.6239, 0.000863783, 3.5239, 0.649653, -115.846, 0.653132, 63.9697
743, 12.38333, 0.128086, -65.1738, 71.6302, 154.736, 71.9636, -25.6309, 0.000859252, 2.89153, 0.649555, -115.853, 0.653034, 63.9628
744, 12.39167, 0.127221, -65.5109, 71.5701, 154.729, 71.9035, -25.6379, 0.000854822, 2.25385, 0.649458, -115.86, 0.652938, 63.956
744, 12.40000, 0.126363, -65.8511, 71.5102, 154.721, 71.8434, -25.6449, 0.000850495, 1.61109, 0.64936, -115.868, 0.652841, 63.9491
745, 12.40833, 0.12551, -66.1943, 71.4503, 154.714, 71.7835, -25.6519, 0.000846272, 0.963243, 0.649264, -115.875, 0.652745, 63.9423
745, 12.41667, 0.124663, -66.5407, 71.3906, 154.706, 71.7237, -25.6589, 0.000842154, 0.310298, 0.649167, -115.882, 0.652649, 63.9355
746, 12.42500, 0.123823, -66.8903, 71.331, 154.699, 71.664, -25.6659, 0.000838141, -0.347506, 0.649071, -115.889, 0.652553, 63.9286
746, 12.43333, 0.122989, -67.2431, 71.2715, 154.691, 71.6045, -25.6728, 0.000834234, -1.01016, 0.648976, -115.897, 0.652458, 63.9219
747, 12.44167, 0.122161, -67.5991, 71.2121, 154.684, 71.545, -25.6797, 0.000830435, -1.67765, 0.64888, -115.904, 0.652363, 63.9151
747, 12.45000, 0.12134, -67.9584, 71.1529, 154.676, 71.4857, -25.6866, 0.000826744, -2.34973, 0.648785, -115.911, 0.652269, 63.9083
748, 12.45833, 0.120524, -68.3209, 71.0938, 154.669, 71.4265, -25.6935, 0.000823163, -3.02635, 0.648691, -115.918, 0.652175, 63.9016
748, 12.46667, 0.119716, -68.6869, 71.0347, 154.661, 71.3674, -25.7004, 0.00081969, -3.70751, 0.648596, -115.925, 0.652081, 63.8948
749, 12.47500, 0.118913, -69.0561, 70.9758, 154.654, 71.3084, -25.7073, 0.000816329, -4.39291, 0.648503, -115.933, 0.651987, 63.8881
749, 12.48333, 0.118117, -69.4288, 70.9171, 154.646, 71.2495, -25.7142, 0.00081308, -5.08252, 0.648409, -115.94, 0.651894, 63.8814
750, 12.49167, 0.117327, -69.8049, 70.8584, 154.639, 71.1908, -25.721, 0.000809942, -5.77628, 0.648316, -115.947, 0.651802, 63.8747
750, 12.50000, 0.116544, -70.1845, 70.7999, 154.632, 71.1321, -25.7278, 0.000806918, -6.47391, 0.648223, -115.954, 0.651709, 63.868
751, 12.50833, 0.115768, -70.5675, 70.7414, 154.624, 71.0736, -25.7346, 0.000804007, -7.17533, 0.64813, -115.961, 0.651617, 63.8614
751, 12.51667, 0.114998, -70.9541, 70.6831, 154.617, 71.0152, -25.7414, 0.00080121, -7.8805, 0.648038, -115.968, 0.651525, 63.8547
752, 12.52500, 0.114234, -71.3443, 70.6249, 154.609, 70.9569, -25.7482, 0.000798528, -8.58908, 0.647946, -115.975, 0.651434, 63.8481
752, 12.53333, 0.113478, -71.738, 70.5668, 154.602, 70.8987, -25.755, 0.000795962, -9.30101, 0.647855, -115.982, 0.651343, 63.8415
753, 12.54167, 0.112727, -72.1353, 70.5089, 154.595, 70.8406, -25.7617, 0.000793512, -10.0162, 0.647764, -115.989, 0.651252, 63.8349
753, 12.55000, 0.111984, -72.5363, 70.451, 154.588, 70.7827, -25.7685, 0.000791178, -10.7343, 0.647673, -115.996, 0.651161, 63.8283
754, 12.55833, 0.111247, -72.9409, 70.3933, 154.58, 70.7249, -25.7752, 0.000788961, -11.4553, 0.647583, -116.003, 0.651071, 63.8217
754, 12.56667, 0.110517, -73.3493, 70.3356, 154.573, 70.6671, -25.7819, 0.000786862, -12.179, 0.647493, -116.01, 0.650981, 63.8152
755, 12.57500, 0.109794, -73.7613, 70.2781, 154.566, 70.6095, -25.7886, 0.00078488, -12.9051, 0.647403, -116.017, 0.650892, 63.8086
755, 12.58333, 0.109078, -74.1771, 70.2207, 154.559, 70.552, -25.7953, 0.000783017, -13.6335, 0.647313, -116.024, 0.650803, 63.8021
756, 12.59167, 0.108369, -74.5968, 70.1634, 154.551, 70.4946, -25.802, 0.000781271, -14.3641, 0.647224, -116.031, 0.650714, 63.7955
756, 12.60000, 0.107667, -75.0201, 70.1063, 154.544, 70.4373, -25.8086, 0.000779645, -15.0965, 0.647135, -116.038, 0.650625, 63.789
757, 12.60833, 0.106971, -75.4473, 70.0492, 154.537, 70.3801, -25.8153, 0.000778137, -15.8306, 0.647047, -116.045, 0.650537, 63.7825
757, 12.61667, 0.106283, -75.8784, 69.9922, 154.53, 70.3231, -25.8219, 0.000776748, -16.5663, 0.646959, -116.052, 0.650449, 63.7761
758, 12.62500, 0.105602, -76.3134, 69.9354, 154.523, 70.2661, -25.8285, 0.000775479, -17.3033, 0.646871, -116.059, 0.650362, 63.7696
758, 12.63333, 0.104928, -76.7522, 69.8787, 154.516, 70.2093, -25.8351, 0.000774328, -18.0413, 0.646784, -116.065, 0.650275, 63.7631
759, 12.64167, 0.10426, -77.1949, 69.8221, 154.508, 70.1525, -25.8417, 0.000773296, -18.7803, 0.646697, -116.072, 0.650188, 63.7567
759, 12.65000, 0.103601, -77.6416, 69.7655, 154.501, 70.0959, -25.8483, 0.000772384, -19.5199, 0.64661, -116.079, 0.650101, 63.7503
760, 12.65833, 0.102948, -78.0921, 69.7091, 154.494, 70.0394, -25.8548, 0.00077159, -20.26, 0.646524, -116.086, 0.650015, 63.7438
760, 12.66667, 0.102303, -78.5467, 69.6529, 154.487, 69.983, -25.8614, 0.000770915, -21.0004, 0.646438, -116.093, 0.649929, 63.7374
761, 12.67500, 0.101665, -79.0052, 69.5967, 154.48, 69.9267, -25.8679, 0.000770358, -21.7407, 0.646352, -116.1, 0.649843, 63.7311
761, 12.68333, 0.101035, -79.4677, 69.5406, 154.473, 69.8705, -25.8744, 0.00076992, -22.4809, 0.646266, -116.106, 0.649758, 63.7247
762, 12.69167, 0.100412, -79.9343, 69.4846, 154.466, 69.8144, -25.8809, 0.0007696, -23.2208, 0.646181, -116.113, 0.649673, 63.7183
762, 12.70000, 0.0997961, -80.4048, 69.4288, 154.459, 69.7584, -25.8874, 0.000769397, -23.9601, 0.646096, -116.12, 0.649588, 63.712
763, 12.70833, 0.0991881, -80.8793, 69.373, 154.452, 69.7025, -25.8939, 0.000769311, -24.6985, 0.646012, -116.127, 0.649504, 63.7056
763, 12.71667, 0.0985876, -81.3579, 69.3174, 154.445, 69.6468, -25.9004, 0.000769342, -25.436, 0.645928, -116.133, 0.64942, 63.6993
764, 12.72500, 0.0979949, -81.8405, 69.2619, 154.438, 69.5911, -25.9068, 0.000769489, -26.1721, 0.645844, -116.14, 0.649336, 63.693
764, 12.73333, 0.0974098, -82.3271, 69.2065, 154.431, 69.5356, -25.9133, 0.000769752, -26.9069, 0.645761, -116.147, 0.649253, 63.6867
765, 12.74167, 0.0968323, -82.8178, 69.1511, 154.424, 69.4801, -25.9197, 0.00077013, -27.6401, 0.645678, -116.153, 0.64917, 63.6804
765, 12.75000, 0.0962627, -83.3124, 69.0959, 154.417, 69.4248, -25.9261, 0.000770622, -28.3714, 0.645595, -116.16, 0.649087, 63.6742
766, 12.75833, 0.0957009, -83.8111, 69.0408, 154.41, 69.3695, -25.9325, 0.000771227, -29.1006, 0.645512, -116.167, 0.649004, 63.6679
766, 12.76667, 0.0951469, -84.3139, 68.9858, 154.403, 69.3144, -25.9389, 0.000771946, -29.8278, 0.64543, -116.173, 0.648922, 63.6616
767, 12.77500, 0.094601, -84.8206, 68.9309, 154.396, 69.2594, -25.9453, 0.000772777, -30.5524, 0.645348, -116.18, 0.64884, 63.6554
767, 12.78333, 0.0940629, -85.3313, 68.8762, 154.39, 69.2045, -25.9516, 0.000773718, -31.2744, 0.645267, -116.187, 0.648759, 63.6492
768, 12.79167, 0.0935328, -85.846, 68.8215, 154.383, 69.1496, -25.958, 0.000774771, -31.9937, 0.645185, -116.193, 0.648677, 63.643
768, 12.80000, 0.0930109, -86.3647, 68.7669, 154.376, 69.0949, -25.9643, 0.000775932, -32.71, 0.645104, -116.2, 0.648596, 63.6368
769, 12.80833, 0.0924971, -86.8874, 68.7124, 154.369, 69.0403, -25.9706, 0.000777203, -33.4231, 0.645024, -116.206, 0.648516, 63.6306
769, 12.81667, 0.0919913, -87.414, 68.6581, 154.362, 68.9858, -25.977, 0.00077858, -34.133, 0.644943, -116.213, 0.648435, 63.6244
770, 12.82500, 0.0914938, -87.9445, 68.6038, 154.355, 68.9314, -25.9832, 0.000780065, -34.8394, 0.644863, -116.22, 0.648355, 63.6183
770, 12.83333, 0.0910046, -88.4788, 68.5496, 154.349, 68.8771, -25.9895, 0.000781654, -35.5422, 0.644784, -116.226, 0.648275, 63.6121
771, 12.84167, 0.0905236, -89.0171, 68.4956, 154.342, 68.8229, -25.9958, 0.000783348, -36.2412, 0.644704, -116.233, 0.648196, 63.606
771, 12.85000, 0.090051, -89.5592, 68.4416, 154.335, 68.7688, -26.0021, 0.000785146, -36.9363, 0.644625, -116.239, 0.648117, 63.5999
772, 12.85833, 0.0895868, -90.105, 68.3878, 154.328, 68.7148, -26.0083, 0.000787045, -37.6273, 0.644547, -116.246, 0.648038, 63.5938
772, 12.86667, 0.089131, -90.6547, 68.334, 154.321, 68.6609, -26.0145, 0.000789045, -38.3142, 0.644468, -116.252, 0.647959, 63.5877
773, 12.87500, 0.0886837, -91.2081, 68.2804, 154.315, 68.6071, -26.0208, 0.000791145, -38.9967, 0.64439, -116.259, 0.647881, 63.5816
773, 12.88333, 0.0882449, -91.7651, 68.2269, 154.308, 68.5534, -26.027, 0.000793344, -39.6747, 0.644312, -116.265, 0.647803, 63.5755
774, 12.89167, 0.0878146, -92.3258, 68.1734, 154.301, 68.4998, -26.0332, 0.00079564, -40.3483, 0.644235, -116.271, 0.647725, 63.5695
774, 12.90000, 0.087393, -92.89, 68.1201, 154.295, 68.4463, -26.0394, 0.000798032, -41.0172, 0.644158, -116.278, 0.647648, 63.5634
775, 12.90833, 0.08698, -93.4577, 68.0668, 154.288, 68.3929, -26.0455, 0.000800519, -41.6812, 0.644081, -116.284, 0.647571, 63.5574
775, 12.91667, 0.0865756, -94.029, 68.0137, 154.281, 68.3396, -26.0517, 0.000803099, -42.3405, 0.644004, -116.291, 0.647494, 63.5514
776, 12.92500, 0.08618, -94.6036, 67.9607, 154.275, 68.2864, -26.0578, 0.000805772, -42.9947, 0.643928, -116.297, 0.647417, 63.5453
776, 12.93333, 0.0857931, -95.1816, 67.9077, 154.268, 68.2333, -26.064, 0.000808535, -43.6439, 0.643852, -116.303, 0.647341, 63.5393
777, 12.94167, 0.085415, -95.763, 67.8549, 154.261, 68.1803, -26.0701, 0.000811389, -44.288, 0.643776, -116.31, 0.647265, 63.5334
777, 12.95000, 0.0850458, -96.3474, 67.8021, 154.255, 68.1274, -26.0762, 0.00081433, -44.9269, 0.643701, -116.316, 0.647189, 63.5274
778, 12.95833, 0.0846854, -96.9351, 67.7495, 154.248, 68.0746, -26.0823, 0.000817358, -45.5605, 0.643626, -116.323, 0.647114, 63.5214
778, 12.96667, 0.0843338, -97.5259, 67.697, 154.242, 68.0219, -26.0884, 0.000820472, -46.1889, 0.643551, -116.329, 0.647039, 63.5155
779, 12.97500, 0.0839912, -98.1196, 67.6445, 154.235, 67.9693, -26.0945, 0.00082367, -46.8118, 0.643476, -116.335, 0.646964, 63.5095
779, 12.98333, 0.0836575, -98.7162, 67.5922, 154.228, 67.9168, -26.1005, 0.000826951, -47.4292, 0.643402, -116.341, 0.64689, 63.5036
780, 12.99167, 0.0833328, -99.3157, 67.5399, 154.222, 67.8643, -26.1066, 0.000830314, -48.0413, 0.643328, -116.348, 0.646816, 63.4977
780, 13.00000, 0.0830171, -99.9179, 67.4878, 154.215, 67.812, -26.1126, 0.000833757, -48.6477, 0.643255, -116.354, 0.646742, 63.4918
781, 13.00833, 0.0827103, -100.523, 67.4357, 154.209, 67.7598, -26.1187, 0.000837279, -49.2486, 0.643181, -116.36, 0.646668, 63.4859
781, 13.01667, 0.0824126, -101.13, 67.3838, 154.202, 67.7077, -26.1247, 0.000840879, -49.844, 0.643108, -116.367, 0.646595, 63.48
782, 13.02500, 0.082124, -101.74, 67.3319, 154.196, 67.6557, -26.1307, 0.000844554, -50.4337, 0.643036, -116.373, 0.646522, 63.4741
782, 13.03333, 0.0818444, -102.352, 67.2802, 154.189, 67.6037, -26.1367, 0.000848305, -51.0178, 0.642963, -116.379, 0.646449, 63.4683
783, 13.04167, 0.0815738, -102.967, 67.2285, 154.183, 67.5519, -26.1426, 0.000852129, -51.5962, 0.642891, -116.385, 0.646376, 63.4624
783, 13.05000, 0.0813124, -103.584, 67.177, 154.176, 67.5002, -26.1486, 0.000856026, -52.169, 0.642819, -116.391, 0.646304, 63.4566
784, 13.05833, 0.0810601, -104.202, 67.1255, 154.17, 67.4485, -26.1546, 0.000859993, -52.7361, 0.642748, -116.398, 0.646232, 63.4508
784, 13.06667, 0.0808168, -104.823, 67.0741, 154.164, 67.397, -26.1605, 0.00086403, -53.2976, 0.642677, -116.404, 0.64616, 63.445
785, 13.07500, 0.0805827, -105.445, 67.0228, 154.157, 67.3455, -26.1664, 0.000868136, -53.8534, 0.642606, -116.41, 0.646089, 63.4391
785, 13.08333, 0.0803577, -106.07, 66.9717, 154.151, 67.2941, -26.1724, 0.000872308, -54.4035, 0.642535, -116.416, 0.646018, 63.4334
786, 13.09167, 0.0801418, -106.696, 66.9206, 154.144, 67.2429, -26.1783, 0.000876547, -54.948, 0.642465, -116.422, 0.645947, 63.4276
786, 13.10000, 0.079935, -107.323, 66.8696, 154.138, 67.1917, -26.1842, 0.00088085, -55.4868, 0.642395, -116.428, 0.645876, 63.4218
787, 13.10833, 0.0797373, -107.951, 66.8187, 154.132, 67.1406, -26.1901, 0.000885216, -56.0199, 0.642325, -116.435, 0.645806, 63.4161
787, 13.11667, 0.0795487, -108.581, 66.7679, 154.125, 67.0896, -26.1959, 0.000889644, -56.5475, 0.642255, -116.441, 0.645736, 63.4103
788, 13.12500, 0.0793692, -109.212, 66.7172, 154.119, 67.0387, -26.2018, 0.000894134, -57.0695, 0.642186, -116.447, 0.645666, 63.4046
788, 13.13333, 0.0791987, -109.844, 66.6666, 154.113, 66.9879, -26.2077, 0.000898682, -57.5859, 0.642117, -116.453, 0.645597, 63.3988
789, 13.14167, 0.0790373, -110.477, 66.616, 154.106, 66.9372, -26.2135, 0.00090329, -58.0968, 0.642048, -116.459, 0.645528, 63.3931
789, 13.15000, 0.078885, -111.111, 66.5656, 154.1, 66.8866, -26.2193, 0.000907955, -58.6021, 0.64198, -116.465, 0.645459, 63.3874
790, 13.15833, 0.0787416, -111.745, 66.5153, 154.094, 66.8361, -26.2252, 0.000912676, -59.1019, 0.641912, -116.471, 0.64539, 63.3817
790, 13.16667, 0.0786073, -112.38, 66.465, 154.087, 66.7856, -26.231, 0.000917452, -59.5964, 0.641844, -116.477, 0.645321, 63.3761
791, 13.17500, 0.0784819, -113.015, 66.4149, 154.081, 66.7353, -26.2368, 0.000922282, -60.0854, 0.641777, -116.483, 0.645253, 63.3704
791, 13.18333, 0.0783655, -113.65, 66.3648, 154.075, 66.6851, -26.2426, 0.000927164, -60.569, 0.641709, -116.489, 0.645186, 63.3647
792, 13.19167, 0.0782579, -114.285, 66.3149, 154.069, 66.6349, -26.2483, 0.000932099, -61.0473, 0.641642, -116.495, 0.645118, 63.3591
792, 13.20000, 0.0781593, -114.921, 66.265, 154.062, 66.5848, -26.2541, 0.000937084, -61.5202, 0.641576, -116.501, 0.645051, 63.3535
793, 13.20833, 0.0780694, -115.556, 66.2152, 154.056, 66.5349, -26.2598, 0.000942118, -61.9879, 0.641509, -116.507, 0.644984, 63.3478
793, 13.21667, 0.0779884, -116.191, 66.1655, 154.05, 66.485, -26.2656, 0.000947202, -62.4505, 0.641443, -116.513, 0.644917, 63.3422
794, 13.22500, 0.0779161, -116.825, 66.1159, 154.044, 66.4352, -26.2713, 0.000952332, -62.9078, 0.641377, -116.519, 0.64485, 63.3366
794, 13.23333, 0.0778526, -117.459, 66.0664, 154.037, 66.3855, -26.277, 0.000957509, -63.36, 0.641312, -116.525, 0.644784, 63.331
795, 13.24167, 0.0777977, -118.092, 66.017, 154.031, 66.3358, -26.2828, 0.000962732, -63.8071, 0.641246, -116.531, 0.644718, 63.3254
795, 13.25000, 0.0777514, -118.724, 65.9677, 154.025, 66.2863, -26.2885, 0.000967999, -64.2492, 0.641181, -116.537, 0.644652, 63.3199
796, 13.25833, 0.0777137, -119.356, 65.9184, 154.019, 66.2369, -26.2941, 0.00097331, -64.6863, 0.641116, -116.543, 0.644587, 63.3143
796, 13.26667, 0.0776845, -119.986, 65.8693, 154.013, 66.1875, -26.2998, 0.000978663, -65.1185, 0.641052, -116.549, 0.644522, 63.3087
797, 13.27500, 0.0776637, -120.615, 65.8202, 154.007, 66.1382, -26.3055, 0.000984058, -65.5458, 0.640988, -116.555, 0.644457, 63.3032
797, 13.28333, 0.0776514, -121.243, 65.7713, 154.001, 66.0891, -26.3111, 0.000989494, -65.9682, 0.640924, -116.561, 0.644392, 63.2977
798, 13.29167, 0.0776473, -121.869, 65.7224, 153.994, 66.04, -26.3168, 0.00099497, -66.386, 0.64086, -116.566, 0.644328, 63.2921
798, 13.30000, 0.0776516, -122.493, 65.6736, 153.988, 65.991, -26.3224, 0.00100048, -66.7989, 0.640797, -116.572, 0.644263, 63.2866
799, 13.30833, 0.077664, -123.116, 65.6249, 153.982, 65.9421, -26.3281, 0.00100604, -67.2072, 0.640734, -116.578, 0.6442, 63.2811
799, 13.31667, 0.0776846, -123.738, 65.5763, 153.976, 65.8932, -26.3337, 0.00101163, -67.6109, 0.640671, -116.584, 0.644136, 63.2756
800, 13.32500, 0.0777133, -124.357, 65.5278, 153.97, 65.8445, -26.3393, 0.00101725, -68.0099, 0.640608, -116.59, 0.644072, 63.2702
800, 13.33333, 0.07775, -124.974, 65.4793, 153.964, 65.7959, -26.3449, 0.00102292, -68.4045, 0.640546, -116.596, 0.644009, 63.2647
801, 13.34167, 0.0777945, -125.589, 65.431, 153.958, 65.7473, -26.3504, 0.00102861, -68.7947, 0.640484, -116.601, 0.643946, 63.2592
801, 13.35000, 0.077847, -126.202, 65.3827, 153.952, 65.6988, -26.356, 0.00103435, -69.1803, 0.640422, -116.607, 0.643884, 63.2538
802, 13.35833, 0.0779072, -126.813, 65.3345, 153.946, 65.6504, -26.3616, 0.00104011, -69.5617, 0.640361, -116.613, 0.643822, 63.2484
802, 13.36667, 0.0779751, -127.421, 65.2865, 153.94, 65.6021, -26.3671, 0.00104591, -69.9388, 0.640299, -116.619, 0.643759, 63.2429
803, 13.37500, 0.0780506, -128.026, 65.2384, 153.934, 65.5539, -26.3727, 0.00105174, -70.3115, 0.640238, -116.625, 0.643698, 63.2375
803, 13.38333, 0.0781337, -128.629, 65.1905, 153.928, 65.5058, -26.3782, 0.0010576, -70.6801, 0.640178, -116.63, 0.643636, 63.2321
804, 13.39167, 0.0782242, -129.229, 65.1427, 153.922, 65.4577, -26.3837, 0.00106349, -71.0446, 0.640117, -116.636, 0.643575, 63.2267
804, 13.40000, 0.0783221, -129.826, 65.095, 153.916, 65.4098, -26.3892, 0.00106941, -71.405, 0.640057, -116.642, 0.643514, 63.2213
805, 13.40833, 0.0784272, -130.421, 65.0473, 153.91, 65.3619, -26.3947, 0.00107536, -71.7613, 0.639997, -116.648, 0.643453, 63.2159
805, 13.41667, 0.0785396, -131.012, 64.9997, 153.904, 65.3141, -26.4002, 0.00108134, -72.1136, 0.639937, -116.653, 0.643392, 63.2106
806, 13.42500, 0.0786591, -131.6, 64.9523, 153.898, 65.2664, -26.4057, 0.00108735, -72.462, 0.639878, -116.659, 0.643332, 63.2052
806, 13.43333, 0.0787856, -132.186, 64.9049, 153.892, 65.2188, -26.4112, 0.00109338, -72.8065, 0.639819, -116.665, 0.643272, 63.1999
807, 13.44167, 0.078919, -132.768, 64.8575, 153.886, 65.1712, -26.4166, 0.00109944, -73.1473, 0.63976, -116.67, 0.643212, 63.1945
807, 13.45000, 0.0790593, -133.346, 64.8103, 153.88, 65.1238, -26.4221, 0.00110552, -73.4842, 0.639701, -116.676, 0.643152, 63.1892
807, 13.45833, 0.0792063, -133.921, 64.7632, 153.874, 65.0764, -26.4275, 0.00111164, -73.8174, 0.639643, -116.682, 0.643093, 63.1839
808, 13.46667, 0.0793601, -134.493, 64.7161, 153.869, 65.0291, -26.4329, 0.00111777, -74.1469, 0.639585, -116.687, 0.643034, 63.1786
809, 13.47500, 0.0795203, -135.061, 64.6691, 153.863, 64.9819, -26.4384, 0.00112393, -74.4728, 0.639527, -116.693, 0.642975, 63.1733
809, 13.48333, 0.0796871, -135.626, 64.6222, 153.857, 64.9348, -26.4438, 0.00113012, -74.7951, 0.639469, -116.699, 0.642916, 63.168
810, 13.49167, 0.0798603, -136.187, 64.5754, 153.851, 64.8877, -26.4492, 0.00113632, -75.1139, 0.639412, -116.704, 0.642858, 63.1627
810, 13.50000, 0.0800397, -136.745, 64.5287, 153.845, 64.8408, -26.4546, 0.00114255, -75.4292, 0.639355, -116.71, 0.6428, 63.1574
811, 13.50833, 0.0802254, -137.298, 64.4821, 153.839, 64.7939, -26.4599, 0.0011488, -75.741, 0.639298, -116.715, 0.642742, 63.1522
811, 13.51667, 0.0804172, -137.848, 64.4355, 153.834, 64.7471, -26.4653, 0.00115508, -76.0495, 0.639241, -116.721, 0.642684, 63.1469
812, 13.52500, 0.080615, -138.395, 64.389, 153.828, 64.7004, -26.4707, 0.00116137, -76.3547, 0.639185, -116.727, 0.642627, 63.1417
812, 13.53333, 0.0808187, -138.937, 64.3426, 153.822, 64.6538, -26.476, 0.00116769, -76.6565, 0.639129, -116.732, 0.64257, 63.1364
813, 13.54167, 0.0810282, -139.475, 64.2963, 153.816, 64.6072, -26.4814, 0.00117402, -76.9551, 0.639073, -116.738, 0.642513, 63.1312
813, 13.55000, 0.0812435, -140.01, 64.2501, 153.81, 64.5608, -26.4867, 0.00118038, -77.2505, 0.639018, -116.743, 0.642456, 63.126
814, 13.55833, 0.0814644, -140.541, 64.2039, 153.805, 64.5144, -26.492, 0.00118675, -77.5428, 0.638962, -116.749, 0.6424, 63.1208
814, 13.56667, 0.081691, -141.067, 64.1579, 153.799, 64.4681, -26.4973, 0.00119314, -77.8319, 0.638907, -116.754, 0.642344, 63.1156
815, 13.57500, 0.0819229, -141.59, 64.1119, 153.793, 64.4219, -26.5026, 0.00119955, -78.118, 0.638852, -116.76, 0.642288, 63.1104
815, 13.58333, 0.0821602, -142.108, 64.066, 153.787, 64.3757, -26.5079, 0.00120598, -78.4011, 0.638798, -116.765, 0.642232, 63.1052
816, 13.59167, 0.0824028, -142.623, 64.0201, 153.782, 64.3296, -26.5132, 0.00121243, -78.6812, 0.638744, -116.771, 0.642177, 63.1001
816, 13.60000, 0.0826506, -143.134, 63.9744, 153.776, 64.2837, -26.5185, 0.00121889, -78.9583, 0.638689, -116.776, 0.642121, 63.0949
816, 13.60833, 0.0829035, -143.64, 63.9288, 153.77, 64.2378, -26.5238, 0.00122537, -79.2325, 0.638636, -116.782, 0.642066, 63.0898
817, 13.61667, 0.0831614, -144.143, 63.8832, 153.764, 64.1919, -26.529, 0.00123187, -79.5039, 0.638582, -116.787, 0.642012, 63.0846
818, 13.62500, 0.0834242, -144.641, 63.8377, 153.759, 64.1462, -26.5343, 0.00123838, -79.7725, 0.638529, -116.793, 0.641957, 63.0795
818, 13.63333, 0.0836918, -145.135, 63.7923, 153.753, 64.1005, -26.5395, 0.0012449, -80.0383, 0.638476, -116.798, 0.641903, 63.0744
819, 13.64167, 0.0839642, -145.625, 63.7469, 153.747, 64.0549, -26.5447, 0.00125145, -80.3014, 0.638423, -116.804, 0.641849, 63.0693
819, 13.65000, 0.0842412, -146.111, 63.7016, 153.742, 64.0094, -26.5499, 0.001258, -80.5618, 0.63837, -116.809, 0.641795, 63.0642
820, 13.65833, 0.0845228, -146.593, 63.6565, 153.736, 63.964, -26.5551, 0.00126458, -80.8195, 0.638318, -116.815, 0.641741, 63.0591
820, 13.66667, 0.0848089, -147.071, 63.6114, 153.731, 63.9187, -26.5603, 0.00127116, -81.0746, 0.638266, -116.82, 0.641688, 63.054
821, 13.67500, 0.0850994, -147.544, 63.5663, 153.725, 63.8734, -26.5655, 0.00127776, -81.3271, 0.638214, -116.825, 0.641635, 63.0489
821, 13.68333, 0.0853941, -148.014, 63.5214, 153.719, 63.8282, -26.5707, 0.00128437, -81.5771, 0.638162, -116.831, 0.641582, 63.0439
822, 13.69167, 0.0856931, -148.479, 63.4765, 153.714, 63.7831, -26.5759, 0.001291, -81.8246, 0.638111, -116.836, 0.641529, 63.0388
822, 13.70000, 0.0859963, -148.941, 63.4317, 153.708, 63.738, -26.581, 0.00129764, -82.0695, 0.63806, -116.842, 0.641477, 63.0338
823, 13.70833, 0.0863035, -149.398, 63.387, 153.702, 63.6931, -26.5862, 0.00130429, -82.3121, 0.638009, -116.847, 0.641425, 63.0287
823, 13.71667, 0.0866147, -149.851, 63.3424, 153.697, 63.6482, -26.5913, 0.00131096, -82.5523, 0.637958, -116.852, 0.641373, 63.0237
824, 13.72500, 0.0869297, -150.301, 63.2978, 153.691, 63.6034, -26.5965, 0.00131763, -82.7901, 0.637908, -116.858, 0.641321, 63.0187
824, 13.73333, 0.0872486, -150.746, 63.2534, 153.686, 63.5586, -26.6016, 0.00132432, -83.0255, 0.637858, -116.863, 0.64127, 63.0136
824, 13.74167, 0.0875712, -151.187, 63.209, 153.68, 63.514, -26.6067, 0.00133102, -83.2587, 0.637808, -116.868, 0.641218, 63.0086
825, 13.75000, 0.0878975, -151.624, 63.1646, 153.675, 63.4694, -26.6118, 0.00133773, -83.4895, 0.637758, -116.874, 0.641167, 63.0037
826, 13.75833, 0.0882274, -152.057, 63.1204, 153.669, 63.4249, -26.6169, 0.00134445, -83.7182, 0.637709, -116.879, 0.641117, 62.9987
826, 13.76667, 0.0885608, -152.486, 63.0762, 153.664, 63.3805, -26.622, 0.00135118, -83.9446, 0.637659, -116.884, 0.641066, 62.9937
827, 13.77500, 0.0888976, -152.912, 63.0322, 153.658, 63.3361, -26.6271, 0.00135792, -84.1689, 0.63761, -116.89, 0.641016, 62.9887
827, 13.78333, 0.0892378, -153.333, 62.9881, 153.653, 63.2919, -26.6322, 0.00136467, -84.391, 0.637562, -116.895, 0.640966, 62.9838
828, 13.79167, 0.0895813, -153.75, 62.9442, 153.647, 63.2477, -26.6372, 0.00137143, -84.6111, 0.637513, -116.9, 0.640916, 62.9788
828, 13.80000, 0.089928, -154.164, 62.9003, 153.642, 63.2035, -26.6423, 0.0013782, -84.829, 0.637465, -116.905, 0.640866, 62.9739
829, 13.80833, 0.0902778, -154.574, 62.8565, 153.636, 63.1595, -26.6473, 0.00138498, -85.0448, 0.637417, -116.911, 0.640816, 62.9689
829, 13.81667, 0.0906308, -154.979, 62.8128, 153.631, 63.1155, -26.6524, 0.00139177, -85.2587, 0.637369, -116.916, 0.640767, 62.964
830, 13.82500, 0.0909867, -155.382, 62.7692, 153.625, 63.0716, -26.6574, 0.00139857, -85.4706, 0.637321, -116.921, 0.640718, 62.9591
830, 13.83333, 0.0913456, -155.78, 62.7256, 153.62, 63.0278, -26.6624, 0.00140538, -85.6804, 0.637274, -116.926, 0.640669, 62.9542
831, 13.84167, 0.0917074, -156.174, 62.6822, 153.614, 62.9841, -26.6674, 0.0014122, -85.8884, 0.637227, -116.932, 0.640621, 62.9493
831, 13.85000, 0.0920719, -156.565, 62.6387, 153.609, 62.9404, -26.6724, 0.00141902, -86.0944, 0.63718, -116.937, 0.640573, 62.9444
832, 13.85833, 0.0924392, -156.952, 62.5954, 153.604, 62.8968, -26.6774, 0.00142585, -86.2986, 0.637133, -116.942, 0.640524, 62.9395
832, 13.86667, 0.0928093, -157.336, 62.5522, 153.598, 62.8532, -26.6824, 0.00143269, -86.5009, 0.637087, -116.947, 0.640477, 62.9346
832, 13.87500, 0.0931819, -157.716, 62.509, 153.593, 62.8098, -26.6874, 0.00143954, -86.7013, 0.637041, -116.952, 0.640429, 62.9298
833, 13.88333, 0.0935571, -158.092, 62.4659, 153.587, 62.7664, -26.6923, 0.0014464, -86.8999, 0.636995, -116.958, 0.640381, 62.9249
834, 13.89167, 0.0939348, -158.465, 62.4228, 153.582, 62.7231, -26.6973, 0.00145326, -87.0968, 0.636949, -116.963, 0.640334, 62.9201
834, 13.90000, 0.0943149, -158.834, 62.3799, 153.577, 62.6799, -26.7022, 0.00146013, -87.2919, 0.636904, -116.968, 0.640287, 62.9152
835, 13.90833, 0.0946974, -159.199, 62.337, 153.571, 62.6367, -26.7072, 0.00146701, -87.4853, 0.636858, -116.973, 0.64024, 62.9104
835, 13.91667, 0.0950823, -159.561, 62.2941, 153.566, 62.5936, -26.7121, 0.00147389, -87.6769, 0.636813, -116.978, 0.640194, 62.9056
836, 13.92500, 0.0954694, -159.92, 62.2514, 153.561, 62.5506, -26.717, 0.00148078, -87.8669, 0.636769, -116.983, 0.640147, 62.9008
836, 13.93333, 0.0958588, -160.275, 62.2087, 153.555, 62.5077, -26.722, 0.00148768, -88.0552, 0.636724, -116.989, 0.640101, 62.896
837, 13.94167, 0.0962503, -160.627, 62.1661, 153.55, 62.4648, -26.7269, 0.00149458, -88.2418, 0.63668, -116.994, 0.640055, 62.8912
837, 13.95000, 0.0966439, -160.976, 62.1236, 153.545, 62.422, -26.7318, 0.00150149, -88.4268, 0.636636, -116.999, 0.64001, 62.8864
838, 13.95833, 0.0970396, -161.321, 62.0812, 153.539, 62.3793, -26.7366, 0.0015084, -88.6103, 0.636592, -117.004, 0.639964, 62.8816
838, 13.96667, 0.0974373, -161.663, 62.0388, 153.534, 62.3366, -26.7415, 0.00151533, -88.7921, 0.636548, -117.009, 0.639919, 62.8768
839, 13.97500, 0.0978369, -162.002, 61.9965, 153.529, 62.294, -26.7464, 0.00152225, -88.9724, 0.636505, -117.014, 0.639874, 62.872
839, 13.98333, 0.0982384, -162.337, 61.9542, 153.523, 62.2515, -26.7513, 0.00152919, -89.1512, 0.636461, -117.019, 0.639829, 62.8673
840, 13.99167, 0.0986419, -162.67, 61.9121, 153.518, 62.2091, -26.7561, 0.00153612, -89.3285, 0.636418, -117.024, 0.639784, 62.8625
840, 14.00000, 0.099047, -162.999, 61.87, 153.513, 62.1667, -26.761, 0.00154307, -89.5042, 0.636376, -117.029, 0.63974, 62.8578
841, 14.00833, 0.099454, -163.325, 61.828, 153.508, 62.1244, -26.7658, 0.00155002, -89.6785, 0.636333, -117.034, 0.639696, 62.8531
841, 14.01667, 0.0998627, -163.648, 61.786, 153.502, 62.0822, -26.7706, 0.00155697, -89.8513, 0.636291, -117.039, 0.639652, 62.8483
841, 14.02500, 0.100273, -163.968, 61.7441, 153.497, 62.04, -26.7755, 0.00156393, -90.0227, 0.636249, -117.044, 0.639608, 62.8436
842, 14.03333, 0.100685, -164.285, 61.7023, 153.492, 61.9979, -26.7803, 0.00157089, -90.1927, 0.636207, -117.049, 0.639564, 62.8389
843, 14.04167, 0.101099, -164.599, 61.6606, 153.487, 61.9559, -26.7851, 0.00157786, -90.3613, 0.636165, -117.054, 0.639521, 62.8342
843, 14.05000, 0.101514, -164.91, 61.6189, 153.481, 61.9139, -26.7899, 0.00158483, -90.5285, 0.636124, -117.059, 0.639478, 62.8295
844, 14.05833, 0.10193, -165.218, 61.5773, 153.476, 61.8721, -26.7947, 0.00159181, -90.6943, 0.636082, -117.064, 0.639435, 62.8248
844, 14.06667, 0.102348, -165.523, 61.5358, 153.471, 61.8303, -26.7995, 0.00159879, -90.8588, 0.636041, -117.069, 0.639392, 62.8201
845, 14.07500, 0.102768, -165.825, 61.4943, 153.466, 61.7885, -26.8042, 0.00160578, -91.022, 0.636001, -117.074, 0.639349, 62.8155
845, 14.08333, 0.103189, -166.125, 61.453, 153.461, 61.7468, -26.809, 0.00161277, -91.1839, 0.63596, -117.079, 0.639307, 62.8108
846, 14.09167, 0.103611, -166.421, 61.4116, 153.455, 61.7052, -26.8138, 0.00161976, -91.3445, 0.63592, -117.084, 0.639265, 62.8061
846, 14.10000, 0.104035, -166.715, 61.3704, 153.45, 61.6637, -26.8185, 0.00162676, -91.5037, 0.635879, -117.089, 0.639223, 62.8015
847, 14.10833, 0.104459, -167.007, 61.3292, 153.445, 61.6222, -26.8233, 0.00163376, -91.6618, 0.63584, -117.094, 0.639181, 62.7969
847, 14.11667, 0.104885, -167.295, 61.2881, 153.44, 61.5809, -26.828, 0.00164077, -91.8186, 0.6358, -117.099, 0.63914, 62.7922
848, 14.12500, 0.105313, -167.581, 61.2471, 153.435, 61.5395, -26.8327, 0.00164778, -91.9742, 0.63576, -117.104, 0.639099, 62.7876
848, 14.13333, 0.105741, -167.864, 61.2061, 153.43, 61.4983, -26.8374, 0.00165479, -92.1285, 0.635721, -117.109, 0.639058, 62.783
849, 14.14167, 0.10617, -168.145, 61.1652, 153.425, 61.4571, -26.8422, 0.0016618, -92.2817, 0.635682, -117.114, 0.639017, 62.7784
849, 14.15000, 0.106601, -168.423, 61.1244, 153.42, 61.416, -26.8469, 0.00166882, -92.4337, 0.635643, -117.119, 0.638976, 62.7738
849, 14.15833, 0.107033, -168.698, 61.0836, 153.414, 61.3749, -26.8516, 0.00167585, -92.5845, 0.635605, -117.124, 0.638936, 62.7692
850, 14.16667, 0.107465, -168.971, 61.0429, 153.409, 61.3339, -26.8562, 0.00168287, -92.7342, 0.635566, -117.129, 0.638895, 62.7646
851, 14.17500, 0.107899, -169.242, 61.0023, 153.404, 61.293, -26.8609, 0.0016899, -92.8828, 0.635528, -117.134, 0.638855, 62.76
851, 14.18333, 0.108334, -169.51, 60.9617, 153.399, 61.2521, -26.8656, 0.00169693, -93.0302, 0.63549, -117.139, 0.638815, 62.7555
852, 14.19167, 0.108769, -169.775, 60.9212, 153.394, 61.2113, -26.8703, 0.00170397, -93.1765, 0.635452, -117.143, 0.638776, 62.7509
852, 14.20000, 0.109206, -170.039, 60.8808, 153.389, 61.1706, -26.8749, 0.00171101, -93.3218, 0.635415, -117.148, 0.638736, 62.7463
853, 14.20833, 0.109643, -170.299, 60.8405, 153.384, 61.13, -26.8796, 0.00171805, -93.4659, 0.635377, -117.153, 0.638697, 62.7418
853, 14.21667, 0.110081, -170.558, 60.8002, 153.379, 61.0894, -26.8842, 0.00172509, -93.609, 0.63534, -117.158, 0.638658, 62.7372
854, 14.22500, 0.11052, -170.814, 60.7599, 153.374, 61.0489, -26.8888, 0.00173214, -93.751, 0.635303, -117.163, 0.638619, 62.7327
854, 14.23333, 0.11096, -171.068, 60.7198, 153.369, 61.0084, -26.8935, 0.00173918, -93.892, 0.635266, -117.168, 0.63858, 62.7282
855, 14.24167, 0.111401, -171.32, 60.6797, 153.364, 60.968, -26.8981, 0.00174624, -94.032, 0.63523, -117.172, 0.638542, 62.7237
855, 14.25000, 0.111842, -171.569, 60.6397, 153.359, 60.9277, -26.9027, 0.00175329, -94.171, 0.635194, -117.177, 0.638504, 62.7192
856, 14.25833, 0.112284, -171.816, 60.5997, 153.354, 60.8875, -26.9073, 0.00176034, -94.3089, 0.635158, -117.182, 0.638466, 62.7147
856, 14.26667, 0.112727, -172.061, 60.5598, 153.349, 60.8473, -26.9119, 0.0017674, -94.4459, 0.635122, -117.187, 0.638428, 62.7102
857, 14.27500, 0.11317, -172.304, 60.52, 153.344, 60.8071, -26.9165, 0.00177446, -94.5819, 0.635086, -117.192, 0.63839, 62.7057
857, 14.28333, 0.113614, -172.545, 60.4803, 153.339, 60.7671, -26.9211, 0.00178153, -94.7169, 0.635051, -117.196, 0.638353, 62.7012
857, 14.29167, 0.114059, -172.784, 60.4406, 153.334, 60.7271, -26.9256, 0.00178859, -94.851, 0.635015, -117.201, 0.638315, 62.6967
858, 14.30000, 0.114504, -173.02, 60.4009, 153.329, 60.6872, -26.9302, 0.00179566, -94.9841, 0.63498, -117.206, 0.638278, 62.6922
859, 14.30833, 0.11495, -173.255, 60.3614, 153.324, 60.6473, -26.9348, 0.00180273, -95.1163, 0.634945, -117.211, 0.638241, 62.6878
859, 14.31667, 0.115396, -173.487, 60.3219, 153.319, 60.6075, -26.9393, 0.0018098, -95.2476, 0.634911, -117.216, 0.638205, 62.6833
860, 14.32500, 0.115843, -173.718, 60.2825, 153.314, 60.5678, -26.9439, 0.00181687, -95.3779, 0.634876, -117.22, 0.638168, 62.6789
860, 14.33333, 0.11629, -173.946, 60.2431, 153.309, 60.5281, -26.9484, 0.00182394, -95.5074, 0.634842, -117.225, 0.638132, 62.6745
861, 14.34167, 0.116738, -174.173, 60.2038, 153.304, 60.4885, -26.9529, 0.00183102, -95.636, 0.634808, -117.23, 0.638096, 62.67
861, 14.35000, 0.117186, -174.398, 60.1646, 153.299, 60.4489, -26.9575, 0.0018381, -95.7637, 0.634774, -117.235, 0.63806, 62.6656
862, 14.35833, 0.117635, -174.62, 60.1254, 153.294, 60.4095, -26.962, 0.00184518, -95.8906, 0.634741, -117.239, 0.638024, 62.6612
862, 14.36667, 0.118084, -174.841, 60.0863, 153.289, 60.37, -26.9665, 0.00185226, -96.0166, 0.634707, -117.244, 0.637989, 62.6568
863, 14.37500, 0.118534, -175.06, 60.0472, 153.285, 60.3307, -26.971, 0.00185934, -96.1417, 0.634674, -117.249, 0.637954, 62.6524
863, 14.38333, 0.118984, -175.278, 60.0083, 153.28, 60.2914, -26.9755, 0.00186643, -96.266, 0.634641, -117.253, 0.637918, 62.648
864, 14.39167, 0.119434, -175.493, 59.9694, 153.275, 60.2522, -26.98, 0.00187351, -96.3895, 0.634608, -117.258, 0.637884, 62.6436
864, 14.40000, 0.119885, -175.707, 59.9305, 153.27, 60.213, -26.9844, 0.0018806, -96.5121, 0.634576, -117.263, 0.637849, 62.6392
865, 14.40833, 0.120336, -175.918, 59.8917, 153.265, 60.1739, -26.9889, 0.00188769, -96.634, 0.634543, -117.267, 0.637814, 62.6348
865, 14.41667, 0.120787, -176.129, 59.853, 153.26, 60.1349, -26.9934, 0.00189478, -96.7551, 0.634511, -117.272, 0.63778, 62.6305
866, 14.42500, 0.121239, -176.337, 59.8143, 153.255, 60.0959, -26.9978, 0.00190187, -96.8753, 0.634479, -117.277, 0.637746, 62.6261
866, 14.43333, 0.121691, -176.544, 59.7757, 153.25, 60.057, -27.0023, 0.00190897, -96.9948, 0.634447, -117.281, 0.637712, 62.6217
866, 14.44167, 0.122143, -176.749, 59.7372, 153.246, 60.0182, -27.0067, 0.00191606, -97.1136, 0.634416, -117.286, 0.637678, 62.6174
867, 14.45000, 0.122595, -176.952, 59.6987, 153.241, 59.9794, -27.0112, 0.00192316, -97.2315, 0.634384, -117.291, 0.637644, 62.6131
868, 14.45833, 0.123048, -177.154, 59.6603, 153.236, 59.9407, -27.0156, 0.00193025, -97.3487, 0.634353, -117.295, 0.637611, 62.6087
868, 14.46667, 0.123501, -177.354, 59.622, 153.231, 59.902, -27.02, 0.00193735, -97.4652, 0.634322, -117.3, 0.637578, 62.6044
869, 14.47500, 0.123954, -177.552, 59.5837, 153.226, 59.8634, -27.0244, 0.00194445, -97.5809, 0.634291, -117.305, 0.637545, 62.6001
869, 14.48333, 0.124407, -177.749, 59.5455, 153.222, 59.8249, -27.0288, 0.00195155, -97.6959, 0.634261, -117.309, 0.637512, 62.5958
870, 14.49167, 0.124861, -177.944, 59.5073, 153.217, 59.7864, -27.0332, 0.00195865, -97.8102, 0.63423, -117.314, 0.637479, 62.5915
870, 14.50000, 0.125314, -178.138, 59.4692, 153.212, 59.748, -27.0376, 0.00196576, -97.9238, 0.6342, -117.318, 0.637447, 62.5872
871, 14.50833, 0.125768, -178.33, 59.4312, 153.207, 59.7096, -27.042, 0.00197286, -98.0366, 0.63417, -117.323, 0.637415, 62.5829
871, 14.51667, 0.126222, -178.521, 59.3932, 153.202, 59.6713, -27.0464, 0.00197996, -98.1488, 0.63414, -117.328, 0.637383, 62.5786
872, 14.52500, 0.126676, -178.71, 59.3553, 153.198, 59.6331, -27.0508, 0.00198707, -98.2603, 0.634111, -117.332, 0.637351, 62.5743
872, 14.53333, 0.12713, -178.898, 59.3175, 153.193, 59.5949, -27.0551, 0.00199418, -98.3711, 0.634081, -117.337, 0.637319, 62.57
873, 14.54167, 0.127585, -179.084, 59.2797, 153.188, 59.5568, -27.0595, 0.00200128, -98.4812, 0.634052, -117.341, 0.637287, 62.5658
873, 14.55000, 0.128039, -179.269, 59.242, 153.183, 59.5188, -27.0638, 0.00200839, -98.5907, 0.634023, -117.346, 0.637256, 62.5615
874, 14.55833, 0.128493, -179.452, 59.2043, 153.179, 59.4808, -27.0682, 0.0020155, -98.6995, 0.633994, -117.35, 0.637225, 62.5573
874, 14.56667, 0.128948, -179.634, 59.1667, 153.174, 59.4429, -27.0725, 0.00202261, -98.8077, 0.633966, -117.355, 0.637194, 62.553
874, 14.57500, 0.129402, -179.815, 59.1292, 153.169, 59.405, -27.0769, 0.00202972, -98.9152, 0.633937, -117.36, 0.637163, 62.5488
875, 14.58333, 0.129857, -179.994, 59.0917, 153.165, 59.3672, -27.0812, 0.00203683, -99.022, 0.633909, -117.364, 0.637133, 62.5446
876, 14.59167, 0.130311, 179.828, 59.0543, 153.16, 59.3295, -27.0855, 0.00204395, -99.1283, 0.633881, -117.369, 0.637102, 62.5403
876, 14.60000, 0.130766, 179.651, 59.0169, 153.155, 59.2918, -27.0898, 0.00205106, -99.2339, 0.633853, -117.373, 0.637072, 62.5361
877, 14.60833, 0.131221, 179.476, 58.9796, 153.15, 59.2542, -27.0941, 0.00205817, -99.3389, 0.633825, -117.378, 0.637042, 62.5319
877, 14.61667, 0.131675, 179.302, 58.9424, 153.146, 59.2166, -27.0984, 0.00206529, -99.4433, 0.633798, -117.382, 0.637012, 62.5277
878, 14.62500, 0.13213, 179.129, 58.9052, 153.141, 59.1791, -27.1027, 0.00207241, -99.5471, 0.633771, -117.387, 0.636982, 62.5235
878, 14.63333, 0.132585, 178.958, 58.8681, 153.136, 59.1416, -27.107, 0.00207952, -99.6503, 0.633743, -117.391, 0.636953, 62.5193
879, 14.64167, 0.133039, 178.788, 58.831, 153.132, 59.1042, -27.1113, 0.00208664, -99.7529, 0.633717, -117.396, 0.636924, 62.5151
879, 14.65000, 0.133494, 178.619, 58.794, 153.127, 59.0669, -27.1155, 0.00209376, -99.8549, 0.63369, -117.4, 0.636894, 62.5109
880, 14.65833, 0.133948, 178.451, 58.757, 153.122, 59.0296, -27.1198, 0.00210087, -99.9564, 0.633663, -117.405, 0.636865, 62.5068
880, 14.66667, 0.134403, 178.285, 58.7202, 153.118, 58.9924, -27.1241, 0.00210799, -100.057, 0.633637, -117.409, 0.636837, 62.5026
881, 14.67500, 0.134857, 178.12, 58.6833, 153.113, 58.9553, -27.1283, 0.00211511, -100.158, 0.633611, -117.413, 0.636808, 62.4985
881, 14.68333, 0.135311, 177.956, 58.6466, 153.108, 58.9182, -27.1325, 0.00212223, -100.257, 0.633585, -117.418, 0.63678, 62.4943
882, 14.69167, 0.135766, 177.793, 58.6099, 153.104, 58.8811, -27.1368, 0.00212935, -100.357, 0.633559, -117.422, 0.636751, 62.4902
882, 14.70000, 0.13622, 177.631, 58.5732, 153.099, 58.8442, -27.141, 0.00213647, -100.455, 0.633533, -117.427, 0.636723, 62.486
882, 14.70833, 0.136674, 177.471, 58.5366, 153.095, 58.8072, -27.1452, 0.00214359, -100.553, 0.633508, -117.431, 0.636696, 62.4819
883, 14.71667, 0.137128, 177.311, 58.5001, 153.09, 58.7704, -27.1495, 0.00215072, -100.651, 0.633483, -117.436, 0.636668, 62.4777
884, 14.72500, 0.137581, 177.153, 58.4636, 153.085, 58.7336, -27.1537, 0.00215784, -100.748, 0.633458, -117.44, 0.63664, 62.4736
884, 14.73333, 0.138035, 176.996, 58.4272, 153.081, 58.6968, -27.1579, 0.00216496, -100.844, 0.633433, -117.444, 0.636613, 62.4695
885, 14.74167, 0.138489, 176.84, 58.3909, 153.076, 58.6601, -27.1621, 0.00217209, -100.94, 0.633408, -117.449, 0.636586, 62.4654
885, 14.75000, 0.138942, 176.685, 58.3546, 153.072, 58.6235, -27.1663, 0.00217921, -101.036, 0.633384, -117.453, 0.636559, 62.4613
886, 14.75833, 0.139395, 176.531, 58.3183, 153.067, 58.5869, -27.1705, 0.00218633, -101.131, 0.63336, -117.458, 0.636532, 62.4572
886, 14.76667, 0.139849, 176.378, 58.2821, 153.063, 58.5504, -27.1746, 0.00219346, -101.225, 0.633336, -117.462, 0.636505, 62.4531
887, 14.77500, 0.140302, 176.226, 58.246, 153.058, 58.5139, -27.1788, 0.00220058, -101.319, 0.633312, -117.466, 0.636479, 62.449
887, 14.78333, 0.140754, 176.075, 58.21, 153.053, 58.4775, -27.183, 0.00220771, -101.413, 0.633288, -117.471, 0.636453, 62.445
888, 14.79167, 0.141207, 175.925, 58.1739, 153.049, 58.4412, -27.1871, 0.00221484, -101.506, 0.633264, -117.475, 0.636426, 62.4409
888, 14.80000, 0.14166, 175.777, 58.138, 153.044, 58.4049, -27.1913, 0.00222196, -101.598, 0.633241, -117.48, 0.636401, 62.4368
889, 14.80833, 0.142112, 175.629, 58.1021, 153.04, 58.3687, -27.1954, 0.00222909, -101.69, 0.633218, -117.484, 0.636375, 62.4328
889, 14.81667, 0.142564, 175.482, 58.0663, 153.035, 58.3325, -27.1996, 0.00223622, -101.782, 0.633195, -117.488, 0.636349, 62.4287
890, 14.82500, 0.143016, 175.336, 58.0305, 153.031, 58.2964, -27.2037, 0.00224335, -101.873, 0.633172, -117.493, 0.636324, 62.4247
890, 14.83333, 0.143468, 175.192, 57.9947, 153.026, 58.2603, -27.2078, 0.00225047, -101.963, 0.63315, -117.497, 0.636298, 62.4206
891, 14.84167, 0.14392, 175.048, 57.9591, 153.022, 58.2243, -27.212, 0.0022576, -102.053, 0.633127, -117.501, 0.636273, 62.4166
891, 14.85000, 0.144371, 174.905, 57.9235, 153.017, 58.1883, -27.2161, 0.00226473, -102.143, 0.633105, -117.506, 0.636249, 62.4126
891, 14.85833, 0.144822, 174.763, 57.8879, 153.013, 58.1524, -27.2202, 0.00227186, -102.232, 0.633083, -117.51, 0.636224, 62.4085
892, 14.86667, 0.145273, 174.622, 57.8524, 153.008, 58.1166, -27.2243, 0.00227899, -102.321, 0.633061, -117.514, 0.636199, 62.4045
893, 14.87500, 0.145724, 174.482, 57.817, 153.004, 58.0808, -27.2284, 0.00228612, -102.41, 0.633039, -117.519, 0.636175, 62.4005
893, 14.88333, 0.146174, 174.342, 57.7816, 152.999, 58.0451, -27.2325, 0.00229325, -102.497, 0.633018, -117.523, 0.636151, 62.3965
894, 14.89167, 0.146624, 174.204, 57.7462, 152.995, 58.0094, -27.2366, 0.00230038, -102.585, 0.632996, -117.527, 0.636127, 62.3925
894, 14.90000, 0.147074, 174.067, 57.711, 152.99, 57.9738, -27.2406, 0.00230752, -102.672, 0.632975, -117.531, 0.636103, 62.3885
895, 14.90833, 0.147524, 173.93, 57.6757, 152.986, 57.9382, -27.2447, 0.00231465, -102.759, 0.632954, -117.536, 0.636079, 62.3845
895, 14.91667, 0.147974, 173.794, 57.6406, 152.982, 57.9027, -27.2488, 0.00232178, -102.845, 0.632934, -117.54, 0.636055, 62.3805
896, 14.92500, 0.148423, 173.659, 57.6055, 152.977, 57.8672, -27.2528, 0.00232891, -102.93, 0.632913, -117.544, 0.636032, 62.3766
896, 14.93333, 0.148872, 173.525, 57.5704, 152.973, 57.8318, -27.2569, 0.00233604, -103.016, 0.632892, -117.548, 0.636009, 62.3726
897, 14.94167, 0.149321, 173.392, 57.5354, 152.968, 57.7965, -27.261, 0.00234318, -103.101, 0.632872, -117.553, 0.635986, 62.3686
897, 14.95000, 0.14977, 173.26, 57.5005, 152.964, 57.7612, -27.265, 0.00235031, -103.185, 0.632852, -117.557, 0.635963, 62.3647
898, 14.95833, 0.150218, 173.128, 57.4656, 152.959, 57.726, -27.269, 0.00235744, -103.269, 0.632832, -117.561, 0.63594, 62.3607
898, 14.96667, 0.150666, 172.998, 57.4307, 152.955, 57.6908, -27.2731, 0.00236458, -103.353, 0.632813, -117.565, 0.635918, 62.3568
899, 14.97500, 0.151114, 172.868, 57.396, 152.951, 57.6556, -27.2771, 0.00237171, -103.437, 0.632793, -117.57, 0.635895, 62.3528
899, 14.98333, 0.151561, 172.739, 57.3612, 152.946, 57.6206, -27.2811, 0.00237885, -103.519, 0.632774, -117.574, 0.635873, 62.3489
899, 14.99167, 0.152008, 172.61, 57.3266, 152.942, 57.5855, -27.2851, 0.00238598, -103.602, 0.632754, -117.578, 0.635851, 62.345
900, 15.00000, 0.152455, 172.483, 57.2919, 152.937, 57.5506, -27.2891, 0.00239312, -103.684, 0.632735, -117.582, 0.635829, 62.3411
901, 15.00833, 0.152902, 172.356, 57.2574, 152.933, 57.5157, -27.2931, 0.00240025, -103.766, 0.632717, -117.587, 0.635808, 62.3371
901, 15.01667, 0.153348, 172.23, 57.2229, 152.929, 57.4808, -27.2971, 0.00240739, -103.847, 0.632698, -117.591, 0.635786, 62.3332
902, 15.02500, 0.153794, 172.105, 57.1884, 152.924, 57.446, -27.3011, 0.00241453, -103.929, 0.632679, -117.595, 0.635765, 62.3293
902, 15.03333, 0.15424, 171.98, 57.154, 152.92, 57.4112, -27.3051, 0.00242166, -104.009, 0.632661, -117.599, 0.635744, 62.3254
903, 15.04167, 0.154686, 171.856, 57.1197, 152.916, 57.3765, -27.3091, 0.0024288, -104.09, 0.632643, -117.603, 0.635723, 62.3215
903, 15.05000, 0.155131, 171.733, 57.0854, 152.911, 57.3419, -27.313, 0.00243594, -104.169, 0.632625, -117.608, 0.635702, 62.3176
904, 15.05833, 0.155576, 171.611, 57.0511, 152.907, 57.3073, -27.317, 0.00244308, -104.249, 0.632607, -117.612, 0.635681, 62.3138
904, 15.06667, 0.156021, 171.489, 57.0169, 152.903, 57.2727, -27.321, 0.00245022, -104.328, 0.63259, -117.616, 0.635661, 62.3099
905, 15.07500, 0.156465, 171.368, 56.9828, 152.898, 57.2382, -27.3249, 0.00245736, -104.407, 0.632572, -117.62, 0.63564, 62.306
905, 15.08333, 0.156909, 171.248, 56.9487, 152.894, 57.2038, -27.3289, 0.00246449, -104.486, 0.632555, -117.624, 0.63562, 62.3022
906, 15.09167, 0.157353, 171.128, 56.9147, 152.89, 57.1694, -27.3328, 0.00247163, -104.564, 0.632538, -117.628, 0.6356, 62.2983
906, 15.10000, 0.157796, 171.01, 56.8807, 152.885, 57.1351, -27.3368, 0.00247877, -104.642, 0.632521, -117.633, 0.63558, 62.2944
907, 15.10833, 0.158239, 170.891, 56.8468, 152.881, 57.1008, -27.3407, 0.00248591, -104.719, 0.632504, -117.637, 0.635561, 62.2906
907, 15.11667, 0.158682, 170.774, 56.8129, 152.877, 57.0666, -27.3446, 0.00249305, -104.796, 0.632488, -117.641, 0.635541, 62.2867
907, 15.12500, 0.159124, 170.657, 56.7791, 152.872, 57.0324, -27.3485, 0.0025002, -104.873, 0.632471, -117.645, 0.635522, 62.2829
908, 15.13333, 0.159566, 170.541, 56.7453, 152.868, 56.9983, -27.3524, 0.00250734, -104.95, 0.632455, -117.649, 0.635502, 62.2791
909, 15.14167, 0.160008, 170.425, 56.7116, 152.864, 56.9642, -27.3564, 0.00251448, -105.026, 0.632439, -117.653, 0.635483, 62.2752
909, 15.15000, 0.16045, 170.31, 56.6779, 152.86, 56.9302, -27.3603, 0.00252162, -105.102, 0.632423, -117.657, 0.635464, 62.2714
910, 15.15833, 0.160891, 170.196, 56.6443, 152.855, 56.8962, -27.3642, 0.00252876, -105.177, 0.632407, -117.661, 0.635446, 62.2676
910, 15.16667, 0.161332, 170.082, 56.6108, 152.851, 56.8623, -27.368, 0.00253591, -105.253, 0.632392, -117.665, 0.635427, 62.2638
911, 15.17500, 0.161772, 169.969, 56.5773, 152.847, 56.8284, -27.3719, 0.00254305, -105.327, 0.632376, -117.67, 0.635409, 62.26
911, 15.18333, 0.162212, 169.857, 56.5438, 152.843, 56.7946, -27.3758, 0.00255019, -105.402, 0.632361, -117.674, 0.63539, 62.2562
912, 15.19167, 0.162652, 169.745, 56.5104, 152.838, 56.7608, -27.3797, 0.00255734, -105.476, 0.632346, -117.678, 0.635372, 62.2524
912, 15.20000, 0.163092, 169.634, 56.477, 152.834, 56.7271, -27.3836, 0.00256448, -105.55, 0.632331, -117.682, 0.635354, 62.2486
913, 15.20833, 0.163531, 169.524, 56.4437, 152.83, 56.6934, -27.3874, 0.00257163, -105.624, 0.632317, -117.686, 0.635337, 62.2448
913, 15.21667, 0.16397, 169.414, 56.4105, 152.826, 56.6598, -27.3913, 0.00257877, -105.697, 0.632302, -117.69, 0.635319, 62.2411
914, 15.22500, 0.164408, 169.304, 56.3773, 152.821, 56.6263, -27.3951, 0.00258592, -105.77, 0.632288, -117.694, 0.635302, 62.2373
914, 15.23333, 0.164846, 169.195, 56.3441, 152.817, 56.5927, -27.399, 0.00259306, -105.843, 0.632274, -117.698, 0.635284, 62.2335
915, 15.24167, 0.165284, 169.087, 56.311, 152.813, 56.5593, -27.4028, 0.00260021, -105.915, 0.63226, -117.702, 0.635267, 62.2298
915, 15.25000, 0.165722, 168.979, 56.278, 152.809, 56.5259, -27.4066, 0.00260736, -105.988, 0.632246, -117.706, 0.63525, 62.226
916, 15.25833, 0.166159, 168.872, 56.245, 152.805, 56.4925, -27.4105, 0.00261451, -106.06, 0.632232, -117.71, 0.635233, 62.2223
916, 15.26667, 0.166596, 168.766, 56.2121, 152.8, 56.4592, -27.4143, 0.00262166, -106.131, 0.632218, -117.714, 0.635217, 62.2185
916, 15.27500, 0.167032, 168.66, 56.1792, 152.796, 56.4259, -27.4181, 0.0026288, -106.202, 0.632205, -117.718, 0.6352, 62.2148
917, 15.28333, 0.167468, 168.554, 56.1463, 152.792, 56.3927, -27.4219, 0.00263595, -106.273, 0.632192, -117.722, 0.635184, 62.211
918, 15.29167, 0.167904, 168.449, 56.1135, 152.788, 56.3596, -27.4257, 0.0026431, -106.344, 0.632179, -117.726, 0.635168, 62.2073
918, 15.30000, 0.16834, 168.345, 56.0808, 152.784, 56.3264, -27.4295, 0.00265025, -106.415, 0.632166, -117.73, 0.635152, 62.2036
919, 15.30833, 0.168775, 168.241, 56.0481, 152.779, 56.2934, -27.4333, 0.0026574, -106.485, 0.632153, -117.734, 0.635136, 62.1999
919, 15.31667, 0.169209, 168.138, 56.0154, 152.775, 56.2604, -27.4371, 0.00266456, -106.555, 0.632141, -117.738, 0.63512, 62.1962
920, 15.32500, 0.169644, 168.035, 55.9828, 152.771, 56.2274, -27.4409, 0.00267171, -106.624, 0.632129, -117.742, 0.635105, 62.1925
920, 15.33333, 0.170078, 167.933, 55.9503, 152.767, 56.1945, -27.4447, 0.00267886, -106.694, 0.632116, -117.746, 0.635089, 62.1888
921, 15.34167, 0.170512, 167.831, 55.9178, 152.763, 56.1616, -27.4485, 0.00268601, -106.763, 0.632104, -117.75, 0.635074, 62.1851
921, 15.35000, 0.170945, 167.73, 55.8854, 152.759, 56.1288, -27.4522, 0.00269317, -106.832, 0.632092, -117.754, 0.635059, 62.1814
922, 15.35833, 0.171378, 167.629, 55.853, 152.755, 56.096, -27.456, 0.00270032, -106.9, 0.632081, -117.758, 0.635044, 62.1777
922, 15.36667, 0.171811, 167.529, 55.8206, 152.75, 56.0633, -27.4598, 0.00270747, -106.969, 0.632069, -117.762, 0.635029, 62.174
923, 15.37500, 0.172243, 167.429, 55.7883, 152.746, 56.0306, -27.4635, 0.00271463, -107.037, 0.632058, -117.766, 0.635014, 62.1703
923, 15.38333, 0.172675, 167.329, 55.7561, 152.742, 55.998, -27.4673, 0.00272178, -107.105, 0.632047, -117.77, 0.635, 62.1666
924, 15.39167, 0.173107, 167.231, 55.7239, 152.738, 55.9654, -27.471, 0.00272894, -107.172, 0.632036, -117.774, 0.634986, 62.163
924, 15.40000, 0.173538, 167.132, 55.6917, 152.734, 55.9329, -27.4748, 0.0027361, -107.239, 0.632025, -117.778, 0.634971, 62.1593
924, 15.40833, 0.173969, 167.034, 55.6596, 152.73, 55.9004, -27.4785, 0.00274326, -107.306, 0.632014, -117.782, 0.634957, 62.1557
925, 15.41667, 0.174399, 166.937, 55.6276, 152.726, 55.868, -27.4822, 0.00275041, -107.373, 0.632004, -117.786, 0.634944, 62.152
926, 15.42500, 0.174829, 166.84, 55.5956, 152.722, 55.8356, -27.4859, 0.00275757, -107.44, 0.631993, -117.79, 0.63493, 62.1484
926, 15.43333, 0.175259, 166.744, 55.5636, 152.718, 55.8033, -27.4897, 0.00276473, -107.506, 0.631983, -117.794, 0.634916, 62.1447
927, 15.44167, 0.175689, 166.648, 55.5317, 152.714, 55.771, -27.4934, 0.00277189, -107.572, 0.631973, -117.798, 0.634903, 62.1411
927, 15.45000, 0.176118, 166.552, 55.4998, 152.709, 55.7388, -27.4971, 0.00277905, -107.638, 0.631963, -117.802, 0.63489, 62.1375
928, 15.45833, 0.176547, 166.457, 55.468, 152.705, 55.7066, -27.5008, 0.00278621, -107.704, 0.631953, -117.806, 0.634877, 62.1338
928, 15.46667, 0.176975, 166.362, 55.4362, 152.701, 55.6744, -27.5045, 0.00279338, -107.769, 0.631944, -117.81, 0.634864, 62.1302
929, 15.47500, 0.177403, 166.268, 55.4045, 152.697, 55.6423, -27.5082, 0.00280054, -107.834, 0.631934, -117.813, 0.634851, 62.1266
929, 15.48333, 0.177831, 166.174, 55.3729, 152.693, 55.6103, -27.5119, 0.0028077, -107.899, 0.631925, -117.817, 0.634838, 62.123
930, 15.49167, 0.178258, 166.081, 55.3412, 152.689, 55.5783, -27.5155, 0.00281487, -107.964, 0.631916, -117.821, 0.634826, 62.1194
930, 15.50000, 0.178685, 165.988, 55.3097, 152.685, 55.5463, -27.5192, 0.00282203, -108.028, 0.631907, -117.825, 0.634813, 62.1158
931, 15.50833, 0.179112, 165.895, 55.2781, 152.681, 55.5144, -27.5229, 0.0028292, -108.092, 0.631898, -117.829, 0.634801, 62.1122
931, 15.51667, 0.179538, 165.803, 55.2467, 152.677, 55.4826, -27.5266, 0.00283636, -108.156, 0.63189, -117.833, 0.634789, 62.1086
932, 15.52500, 0.179964, 165.712, 55.2152, 152.673, 55.4508, -27.5302, 0.00284353, -108.22, 0.631881, -117.837, 0.634777, 62.105
932, 15.53333, 0.18039, 165.62, 55.1838, 152.669, 55.419, -27.5339, 0.0028507, -108.284, 0.631873, -117.841, 0.634765, 62.1014
932, 15.54167, 0.180815, 165.53, 55.1525, 152.665, 55.3873, -27.5375, 0.00285787, -108.347, 0.631865, -117.845, 0.634754, 62.0978
933, 15.55000, 0.18124, 165.439, 55.1212, 152.661, 55.3556, -27.5412, 0.00286504, -108.41, 0.631857, -117.848, 0.634742, 62.0943
934, 15.55833, 0.181664, 165.349, 55.09, 152.657, 55.324, -27.5448, 0.00287221, -108.473, 0.631849, -117.852, 0.634731, 62.0907
934, 15.56667, 0.182089, 165.259, 55.0588, 152.653, 55.2924, -27.5485, 0.00287938, -108.536, 0.631841, -117.856, 0.63472, 62.0871
935, 15.57500, 0.182512, 165.17, 55.0276, 152.649, 55.2609, -27.5521, 0.00288655, -108.598, 0.631834, -117.86, 0.634709, 62.0836
935, 15.58333, 0.182936, 165.081, 54.9965, 152.645, 55.2294, -27.5557, 0.00289372, -108.661, 0.631826, -117.864, 0.634698, 62.08
936, 15.59167, 0.183359, 164.993, 54.9655, 152.641, 55.1979, -27.5593, 0.0029009, -108.723, 0.631819, -117.868, 0.634687, 62.0765
936, 15.60000, 0.183782, 164.905, 54.9345, 152.637, 55.1666, -27.563, 0.00290807, -108.785, 0.631812, -117.871, 0.634677, 62.0729
937, 15.60833, 0.184204, 164.817, 54.9035, 152.633, 55.1352, -27.5666, 0.00291525, -108.846, 0.631805, -117.875, 0.634666, 62.0694
937, 15.61667, 0.184626, 164.73, 54.8726, 152.629, 55.1039, -27.5702, 0.00292242, -108.908, 0.631799, -117.879, 0.634656, 62.0659
938, 15.62500, 0.185048, 164.643, 54.8417, 152.625, 55.0726, -27.5738, 0.0029296, -108.969, 0.631792, -117.883, 0.634646, 62.0623
938, 15.63333, 0.185469, 164.556, 54.8109, 152.621, 55.0414, -27.5774, 0.00293678, -109.03, 0.631786, -117.887, 0.634636, 62.0588
939, 15.64167, 0.18589, 164.47, 54.7801, 152.617, 55.0103, -27.581, 0.00294396, -109.091, 0.631779, -117.891, 0.634626, 62.0553
939, 15.65000, 0.186311, 164.384, 54.7494, 152.613, 54.9791, -27.5845, 0.00295114, -109.151, 0.631773, -117.894, 0.634616, 62.0518
940, 15.65833, 0.186731, 164.298, 54.7187, 152.609, 54.9481, -27.5881, 0.00295832, -109.212, 0.631767, -117.898, 0.634607, 62.0483
940, 15.66667, 0.187151, 164.213, 54.688, 152.605, 54.917, -27.5917, 0.0029655, -109.272, 0.631761, -117.902, 0.634597, 62.0448
941, 15.67500, 0.187571, 164.128, 54.6575, 152.601, 54.8861, -27.5953, 0.00297268, -109.332, 0.631756, -117.906, 0.634588, 62.0413
941, 15.68333, 0.18799, 164.044, 54.6269, 152.598, 54.8551, -27.5988, 0.00297987, -109.392, 0.63175, -117.91, 0.634579, 62.0378
941, 15.69167, 0.188409, 163.96, 54.5964, 152.594, 54.8242, -27.6024, 0.00298705, -109.452, 0.631745, -117.913, 0.63457, 62.0343
942, 15.70000, 0.188827, 163.876, 54.5659, 152.59, 54.7934, -27.606, 0.00299424, -109.511, 0.63174, -117.917, 0.634561, 62.0308
943, 15.70833, 0.189246, 163.793, 54.5355, 152.586, 54.7626, -27.6095, 0.00300142, -109.571, 0.631735, -117.921, 0.634553, 62.0273
943, 15.71667, 0.189663, 163.709, 54.5052, 152.582, 54.7318, -27.6131, 0.00300861, -109.63, 0.63173, -117.925, 0.634544, 62.0239
944, 15.72500, 0.190081, 163.627, 54.4748, 152.578, 54.7011, -27.6166, 0.0030158, -109.689, 0.631725, -117.928, 0.634536, 62.0204
944, 15.73333, 0.190498, 163.544, 54.4446, 152.574, 54.6704, -27.6202, 0.00302299, -109.747, 0.631721, -117.932, 0.634528, 62.0169
945, 15.74167, 0.190915, 163.462, 54.4143, 152.57, 54.6398, -27.6237, 0.00303018, -109.806, 0.631716, -117.936, 0.634519, 62.0135
945, 15.75000, 0.191331, 163.38, 54.3841, 152.566, 54.6092, -27.6272, 0.00303737, -109.864, 0.631712, -117.94, 0.634511, 62.01
946, 15.75833, 0.191748, 163.299, 54.354, 152.562, 54.5787, -27.6307, 0.00304457, -109.923, 0.631708, -117.943, 0.634504, 62.0065
946, 15.76667, 0.192163, 163.218, 54.3239, 152.558, 54.5482, -27.6343, 0.00305176, -109.981, 0.631704, -117.947, 0.634496, 62.0031
947, 15.77500, 0.192579, 163.137, 54.2938, 152.555, 54.5177, -27.6378, 0.00305896, -110.039, 0.6317, -117.951, 0.634488, 61.9996
947, 15.78333, 0.192994, 163.057, 54.2638, 152.551, 54.4873, -27.6413, 0.00306615, -110.096, 0.631697, -117.955, 0.634481, 61.9962
948, 15.79167, 0.193409, 162.976, 54.2339, 152.547, 54.457, -27.6448, 0.00307335, -110.154, 0.631693, -117.958, 0.634474, 61.9928
948, 15.80000, 0.193823, 162.896, 54.2039, 152.543, 54.4267, -27.6483, 0.00308055, -110.211, 0.63169, -117.962, 0.634467, 61.9893
949, 15.80833, 0.194237, 162.817, 54.1741, 152.539, 54.3964, -27.6518, 0.00308775, -110.268, 0.631687, -117.966, 0.63446, 61.9859
949, 15.81667, 0.194651, 162.738, 54.1442, 152.535, 54.3661, -27.6553, 0.00309495, -110.325, 0.631684, -117.97, 0.634453, 61.9825
949, 15.82500, 0.195064, 162.659, 54.1144, 152.531, 54.336, -27.6588, 0.00310215, -110.382, 0.631681, -117.973, 0.634446, 61.9791
950, 15.83333, 0.195478, 162.58, 54.0847, 152.528, 54.3058, -27.6623, 0.00310936, -110.439, 0.631678, -117.977, 0.63444, 61.9757
951, 15.84167, 0.19589, 162.502, 54.055, 152.524, 54.2757, -27.6657, 0.00311656, -110.495, 0.631675, -117.981, 0.634433, 61.9723
951, 15.85000, 0.196303, 162.424, 54.0253, 152.52, 54.2457, -27.6692, 0.00312377, -110.552, 0.631673, -117.984, 0.634427, 61.9689
952, 15.85833, 0.196715, 162.346, 53.9957, 152.516, 54.2156, -27.6727, 0.00313097, -110.608, 0.631671, -117.988, 0.634421, 61.9655
952, 15.86667, 0.197127, 162.268, 53.9661, 152.512, 54.1857, -27.6761, 0.00313818, -110.664, 0.631669, -117.992, 0.634415, 61.9621
953, 15.87500, 0.197538, 162.191, 53.9366, 152.508, 54.1557, -27.6796, 0.00314539, -110.72, 0.631667, -117.995, 0.634409, 61.9587
953, 15.88333, 0.197949, 162.114, 53.9071, 152.505, 54.1259, -27.6831, 0.0031526, -110.775, 0.631665, -117.999, 0.634404, 61.9553
954, 15.89167, 0.19836, 162.038, 53.8777, 152.501, 54.096, -27.6865, 0.00315982, -110.831, 0.631663, -118.003, 0.634398, 61.9519
954, 15.90000, 0.19877, 161.961, 53.8483, 152.497, 54.0662, -27.6899, 0.00316703, -110.886, 0.631662, -118.006, 0.634393, 61.9485
955, 15.90833, 0.19918, 161.885, 53.8189, 152.493, 54.0365, -27.6934, 0.00317425, -110.942, 0.63166, -118.01, 0.634387, 61.9452
955, 15.91667, 0.19959, 161.809, 53.7896, 152.489, 54.0067, -27.6968, 0.00318146, -110.997, 0.631659, -118.014, 0.634382, 61.9418
956, 15.92500, 0.199999, 161.734, 53.7603, 152.486, 53.9771, -27.7003, 0.00318868, -111.052, 0.631658, -118.017, 0.634377, 61.9384
956, 15.93333, 0.200409, 161.659, 53.7311, 152.482, 53.9475, -27.7037, 0.0031959, -111.106, 0.631657, -118.021, 0.634372, 61.9351
957, 15.94167, 0.200817, 161.584, 53.7019, 152.478, 53.9179, -27.7071, 0.00320312, -111.161, 0.631656, -118.025, 0.634368, 61.9317
957, 15.95000, 0.201226, 161.509, 53.6728, 152.474, 53.8883, -27.7105, 0.00321034, -111.215, 0.631656, -118.028, 0.634363, 61.9284
957, 15.95833, 0.201634, 161.435, 53.6437, 152.47, 53.8588, -27.7139, 0.00321756, -111.27, 0.631655, -118.032, 0.634359, 61.925
958, 15.96667, 0.202042, 161.36, 53.6146, 152.467, 53.8294, -27.7174, 0.00322479, -111.324, 0.631655, -118.036, 0.634354, 61.9217
959, 15.97500, 0.202449, 161.286, 53.5856, 152.463, 53.7999, -27.7208, 0.00323201, -111.378, 0.631655, -118.039, 0.63435, 61.9183
959, 15.98333, 0.202856, 161.213, 53.5566, 152.459, 53.7706, -27.7242, 0.00323924, -111.432, 0.631655, -118.043, 0.634346, 61.915
960, 15.99167, 0.203263, 161.139, 53.5277, 152.455, 53.7412, -27.7276, 0.00324647, -111.486, 0.631655, -118.047, 0.634342, 61.9117
960, 16.00000, 0.20367, 161.066, 53.4988, 152.452, 53.7119, -27.731, 0.0032537, -111.539, 0.631655, -118.05, 0.634338, 61.9084
961, 16.00833, 0.204076, 160.993, 53.47, 152.448, 53.6827, -27.7343, 0.00326093, -111.593, 0.631655, -118.054, 0.634335, 61.905
961, 16.01667, 0.204482, 160.921, 53.4412, 152.444, 53.6535, -27.7377, 0.00326817, -111.646, 0.631656, -118.057, 0.634331, 61.9017
962, 16.02500, 0.204887, 160.848, 53.4124, 152.44, 53.6243, -27.7411, 0.0032754, -111.699, 0.631657, -118.061, 0.634328, 61.8984
962, 16.03333, 0.205293, 160.776, 53.3837, 152.437, 53.5952, -27.7445, 0.00328264, -111.752, 0.631657, -118.065, 0.634325, 61.8951
963, 16.04167, 0.205698, 160.704, 53.355, 152.433, 53.5661, -27.7479, 0.00328988, -111.805, 0.631658, -118.068, 0.634322, 61.8918
963, 16.05000, 0.206102, 160.633, 53.3264, 152.429, 53.5371, -27.7512, 0.00329712, -111.858, 0.631659, -118.072, 0.634319, 61.8885
964, 16.05833, 0.206507, 160.561, 53.2978, 152.425, 53.508, -27.7546, 0.00330436, -111.91, 0.631661, -118.075, 0.634316, 61.8852
964, 16.06667, 0.206911, 160.49, 53.2692, 152.422, 53.4791, -27.7579, 0.0033116, -111.963, 0.631662, -118.079, 0.634313, 61.8819
965, 16.07500, 0.207314, 160.419, 53.2407, 152.418, 53.4502, -27.7613, 0.00331885, -112.015, 0.631664, -118.083, 0.634311, 61.8786
965, 16.08333, 0.207718, 160.348, 53.2123, 152.414, 53.4213, -27.7646, 0.00332609, -112.067, 0.631665, -118.086, 0.634308, 61.8753
966, 16.09167, 0.208121, 160.278, 53.1838, 152.411, 53.3924, -27.768, 0.00333334, -112.119, 0.631667, -118.09, 0.634306, 61.8721
966, 16.10000, 0.208524, 160.208, 53.1554, 152.407, 53.3636, -27.7713, 0.00334059, -112.171, 0.631669, -118.093, 0.634304, 61.8688
966, 16.10833, 0.208926, 160.138, 53.1271, 152.403, 53.3349, -27.7747, 0.00334784, -112.223, 0.631671, -118.097, 0.634302, 61.8655
967, 16.11667, 0.209328, 160.068, 53.0988, 152.4, 53.3062, -27.778, 0.00335509, -112.275, 0.631674, -118.1, 0.6343, 61.8622
968, 16.12500, 0.20973, 159.998, 53.0705, 152.396, 53.2775, -27.7813, 0.00336235, -112.326, 0.631676, -118.104, 0.634298, 61.859
968, 16.13333, 0.210132, 159.929, 53.0423, 152.392, 53.2489, -27.7846, 0.0033696, -112.378, 0.631679, -118.107, 0.634297, 61.8557
969, 16.14167, 0.210533, 159.86, 53.0141, 152.388, 53.2203, -27.788, 0.00337686, -112.429, 0.631681, -118.111, 0.634295, 61.8525
969, 16.15000, 0.210934, 159.791, 52.986, 152.385, 53.1917, -27.7913, 0.00338412, -112.48, 0.631684, -118.115, 0.634294, 61.8492
970, 16.15833, 0.211334, 159.722, 52.9579, 152.381, 53.1632, -27.7946, 0.00339138, -112.531, 0.631687, -118.118, 0.634293, 61.846
970, 16.16667, 0.211735, 159.654, 52.9298, 152.377, 53.1347, -27.7979, 0.00339864, -112.582, 0.63169, -118.122, 0.634292, 61.8427
971, 16.17500, 0.212135, 159.585, 52.9018, 152.374, 53.1063, -27.8012, 0.00340591, -112.633, 0.631694, -118.125, 0.634291, 61.8395
971, 16.18333, 0.212535, 159.517, 52.8738, 152.37, 53.0779, -27.8045, 0.00341318, -112.684, 0.631697, -118.129, 0.63429, 61.8363
972, 16.19167, 0.212934, 159.449, 52.8459, 152.366, 53.0495, -27.8078, 0.00342044, -112.734, 0.631701, -118.132, 0.634289, 61.833
972, 16.20000, 0.213333, 159.382, 52.818, 152.363, 53.0212, -27.8111, 0.00342771, -112.785, 0.631704, -118.136, 0.634289, 61.8298
973, 16.20833, 0.213732, 159.314, 52.7901, 152.359, 52.9929, -27.8144, 0.00343499, -112.835, 0.631708, -118.139, 0.634288, 61.8266
973, 16.21667, 0.214131, 159.247, 52.7623, 152.356, 52.9647, -27.8176, 0.00344226, -112.885, 0.631712, -118.143, 0.634288, 61.8234
974, 16.22500, 0.214529, 159.18, 52.7345, 152.352, 52.9365, -27.8209, 0.00344954, -112.935, 0.631716, -118.146, 0.634288, 61.8202
974, 16.23333, 0.214927, 159.113, 52.7068, 152.348, 52.9084, -27.8242, 0.00345681, -112.985, 0.631721, -118.15, 0.634288, 61.817
974, 16.24167, 0.215325, 159.047, 52.6791, 152.345, 52.8802, -27.8275, 0.00346409, -113.035, 0.631725, -118.153, 0.634288, 61.8138
975, 16.25000, 0.215722, 158.98, 52.6514, 152.341, 52.8522, -27.8307, 0.00347138, -113.085, 0.63173, -118.157, 0.634288, 61.8106
976, 16.25833, 0.216119, 158.914, 52.6238, 152.337, 52.8241, -27.834, 0.00347866, -113.134, 0.631734, -118.16, 0.634289, 61.8074
976, 16.26667, 0.216516, 158.848, 52.5962, 152.334, 52.7961, -27.8372, 0.00348594, -113.184, 0.631739, -118.164, 0.634289, 61.8042
977, 16.27500, 0.216913, 158.782, 52.5687, 152.33, 52.7682, -27.8405, 0.00349323, -113.233, 0.631744, -118.167, 0.63429, 61.801
977, 16.28333, 0.217309, 158.717, 52.5412, 152.327, 52.7402, -27.8438, 0.00350052, -113.282, 0.631749, -118.171, 0.634291, 61.7978
978, 16.29167, 0.217705, 158.651, 52.5137, 152.323, 52.7124, -27.847, 0.00350781, -113.331, 0.631755, -118.174, 0.634292, 61.7946
978, 16.30000, 0.218101, 158.586, 52.4863, 152.319, 52.6845, -27.8502, 0.00351511, -113.381, 0.63176, -118.178, 0.634293, 61.7914
979, 16.30833, 0.218496, 158.521, 52.4589, 152.316, 52.6567, -27.8535, 0.0035224, -113.429, 0.631766, -118.181, 0.634294, 61.7883
979, 16.31667, 0.218892, 158.456, 52.4315, 152.312, 52.6289, -27.8567, 0.0035297, -113.478, 0.631771, -118.185, 0.634295, 61.7851
980, 16.32500, 0.219287, 158.392, 52.4042, 152.309, 52.6012, -27.8599, 0.003537, -113.527, 0.631777, -118.188, 0.634297, 61.7819
980, 16.33333, 0.219681, 158.327, 52.377, 152.305, 52.5735, -27.8632, 0.0035443, -113.576, 0.631783, -118.192, 0.634298, 61.7788
981, 16.34167, 0.220076, 158.263, 52.3497, 152.301, 52.5459, -27.8664, 0.0035516, -113.624, 0.631789, -118.195, 0.6343, 61.7756
981, 16.35000, 0.22047, 158.199, 52.3226, 152.298, 52.5183, -27.8696, 0.00355891, -113.672, 0.631795, -118.199, 0.634302, 61.7724
982, 16.35833, 0.220864, 158.135, 52.2954, 152.294, 52.4907, -27.8728, 0.00356622, -113.721, 0.631802, -118.202, 0.634304, 61.7693
982, 16.36667, 0.221257, 158.071, 52.2683, 152.291, 52.4632, -27.876, 0.00357353, -113.769, 0.631808, -118.205, 0.634306, 61.7662
982, 16.37500, 0.22165, 158.008, 52.2412, 152.287, 52.4357, -27.8792, 0.00358084, -113.817, 0.631815, -118.209, 0.634308, 61.763
983, 16.38333, 0.222043, 157.944, 52.2142, 152.283, 52.4082, -27.8824, 0.00358815, -113.865, 0.631822, -118.212, 0.63431, 61.7599
984, 16.39167, 0.222436, 157.881, 52.1872, 152.28, 52.3808, -27.8856, 0.00359547, -113.913, 0.631829, -118.216, 0.634313, 61.7567
984, 16.40000, 0.222829, 157.818, 52.1602, 152.276, 52.3534, -27.8888, 0.00360279, -113.96, 0.631836, -118.219, 0.634315, 61.7536
985, 16.40833, 0.223221, 157.755, 52.1333, 152.273, 52.326, -27.892, 0.00361011, -114.008, 0.631843, -118.223, 0.634318, 61.7505
985, 16.41667, 0.223613, 157.692, 52.1064, 152.269, 52.2987, -27.8952, 0.00361743, -114.056, 0.63185, -118.226, 0.634321, 61.7474
986, 16.42500, 0.224005, 157.63, 52.0796, 152.266, 52.2715, -27.8984, 0.00362476, -114.103, 0.631858, -118.229, 0.634324, 61.7442
986, 16.43333, 0.224396, 157.567, 52.0528, 152.262, 52.2442, -27.9015, 0.00363208, -114.15, 0.631865, -118.233, 0.634327, 61.7411
987, 16.44167, 0.224787, 157.505, 52.026, 152.259, 52.217, -27.9047, 0.00363941, -114.198, 0.631873, -118.236, 0.63433, 61.738
987, 16.45000, 0.225178, 157.443, 51.9993, 152.255, 52.1899, -27.9079, 0.00364675, -114.245, 0.631881, -118.24, 0.634333, 61.7349
988, 16.45833, 0.225569, 157.381, 51.9726, 152.252, 52.1628, -27.9111, 0.00365408, -114.292, 0.631889, -118.243, 0.634337, 61.7318
988, 16.46667, 0.225959, 157.32, 51.9459, 152.248, 52.1357, -27.9142, 0.00366142, -114.339, 0.631897, -118.246, 0.63434, 61.7287
989, 16.47500, 0.226349, 157.258, 51.9193, 152.245, 52.1086, -27.9174, 0.00366876, -114.386, 0.631906, -118.25, 0.634344, 61.7256
989, 16.48333, 0.226739, 157.197, 51.8927, 152.241, 52.0816, -27.9205, 0.0036761, -114.432, 0.631914, -118.253, 0.634348, 61.7225
990, 16.49167, 0.227129, 157.136, 51.8662, 152.238, 52.0547, -27.9237, 0.00368344, -114.479, 0.631923, -118.257, 0.634352, 61.7194
990, 16.50000, 0.227518, 157.075, 51.8397, 152.234, 52.0277, -27.9268, 0.00369079, -114.526, 0.631931, -118.26, 0.634356, 61.7163
991, 16.50833, 0.227908, 157.014, 51.8132, 152.23, 52.0008, -27.93, 0.00369813, -114.572, 0.63194, -118.263, 0.63436, 61.7133
991, 16.51667, 0.228296, 156.953, 51.7868, 152.227, 51.974, -27.9331, 0.00370549, -114.618, 0.631949, -118.267, 0.634365, 61.7102
991, 16.52500, 0.228685, 156.893, 51.7604, 152.223, 51.9472, -27.9362, 0.00371284, -114.665, 0.631958, -118.27, 0.634369, 61.7071
992, 16.53333, 0.229074, 156.832, 51.7341, 152.22, 51.9204, -27.9394, 0.00372019, -114.711, 0.631968, -118.274, 0.634374, 61.704
993, 16.54167, 0.229462, 156.772, 51.7077, 152.217, 51.8936, -27.9425, 0.00372755, -114.757, 0.631977, -118.277, 0.634379, 61.701
993, 16.55000, 0.22985, 156.712, 51.6815, 152.213, 51.8669, -27.9456, 0.00373491, -114.803, 0.631986, -118.28, 0.634383, 61.6979
994, 16.55833, 0.230237, 156.652, 51.6552, 152.21, 51.8402, -27.9487, 0.00374228, -114.849, 0.631996, -118.284, 0.634388, 61.6948
994, 16.56667, 0.230625, 156.592, 51.629, 152.206, 51.8136, -27.9519, 0.00374964, -114.895, 0.632006, -118.287, 0.634394, 61.6918
995, 16.57500, 0.231012, 156.532, 51.6029, 152.203, 51.787, -27.955, 0.00375701, -114.94, 0.632016, -118.29, 0.634399, 61.6887
995, 16.58333, 0.231399, 156.473, 51.5767, 152.199, 51.7604, -27.9581, 0.00376438, -114.986, 0.632026, -118.294, 0.634404, 61.6857
996, 16.59167, 0.231786, 156.414, 51.5506, 152.196, 51.7339, -27.9612, 0.00377175, -115.032, 0.632036, -118.297, 0.63441, 61.6826
996, 16.60000, 0.232172, 156.354, 51.5246, 152.192, 51.7074, -27.9643, 0.00377913, -115.077, 0.632047, -118.3, 0.634415, 61.6796
997, 16.60833, 0.232559, 156.295, 51.4986, 152.189, 51.681, -27.9674, 0.00378651, -115.123, 0.632057, -118.304, 0.634421, 61.6766
997, 16.61667, 0.232945, 156.236, 51.4726, 152.185, 51.6545, -27.9705, 0.00379389, -115.168, 0.632068, -118.307, 0.634427, 61.6735
998, 16.62500, 0.23333, 156.178, 51.4466, 152.182, 51.6282, -27.9736, 0.00380127, -115.213, 0.632078, -118.31, 0.634433, 61.6705
998, 16.63333, 0.233716, 156.119, 51.4207, 152.178, 51.6018, -27.9766, 0.00380866, -115.258, 0.632089, -118.314, 0.634439, 61.6675
999, 16.64167, 0.234101, 156.06, 51.3948, 152.175, 51.5755, -27.9797, 0.00381605, -115.303, 0.6321, -118.317, 0.634445, 61.6644
999, 16.65000, 0.234487, 156.002, 51.369, 152.171, 51.5492, -27.9828, 0.00382344, -115.348, 0.632111, -118.32, 0.634451, 61.6614
999, 16.65833, 0.234871, 155.944, 51.3432, 152.168, 51.523, -27.9859, 0.00383083, -115.393, 0.632123, -118.324, 0.634458, 61.6584
1000, 16.66667, 0.235256, 155.886, 51.3174, 152.165, 51.4968, -27.989, 0.00383823, -115.438, 0.632134, -118.327, 0.634464, 61.6554
1001, 16.67500, 0.235641, 155.828, 51.2917, 152.161, 51.4706, -27.992, 0.00384563, -115.483, 0.632146, -118.33, 0.634471, 61.6524
1001, 16.68333, 0.236025, 155.77, 51.266, 152.158, 51.4445, -27.9951, 0.00385303, -115.527, 0.632157, -118.334, 0.634478, 61.6494
1002, 16.69167, 0.236409, 155.712, 51.2403, 152.154, 51.4184, -27.9981, 0.00386043, -115.572, 0.632169, -118.337, 0.634485, 61.6464
1002, 16.70000, 0.236793, 155.655, 51.2147, 152.151, 51.3923, -28.0012, 0.00386784, -115.616, 0.632181, -118.34, 0.634492, 61.6434
1003, 16.70833, 0.237176, 155.598, 51.1891, 152.147, 51.3663, -28.0043, 0.00387525, -115.661, 0.632193, -118.344, 0.634499, 61.6404
1003, 16.71667, 0.23756, 155.54, 51.1636, 152.144, 51.3403, -28.0073, 0.00388266, -115.705, 0.632205, -118.347, 0.634507, 61.6374
1004, 16.72500, 0.237943, 155.483, 51.1381, 152.141, 51.3144, -28.0104, 0.00389008, -115.749, 0.632218, -118.35, 0.634514, 61.6344
1004, 16.73333, 0.238326, 155.426, 51.1126, 152.137, 51.2884, -28.0134, 0.0038975, -115.793, 0.63223, -118.354, 0.634522, 61.6314
1005, 16.74167, 0.238708, 155.369, 51.0871, 152.134, 51.2625, -28.0164, 0.00390492, -115.837, 0.632243, -118.357, 0.634529, 61.6284
1005, 16.75000, 0.239091, 155.313, 51.0617, 152.13, 51.2367, -28.0195, 0.00391234, -115.881, 0.632255, -118.36, 0.634537, 61.6255
1006, 16.75833, 0.239473, 155.256, 51.0364, 152.127, 51.2109, -28.0225, 0.00391977, -115.925, 0.632268, -118.363, 0.634545, 61.6225
1006, 16.76667, 0.239855, 155.199, 51.011, 152.124, 51.1851, -28.0255, 0.0039272, -115.969, 0.632281, -118.367, 0.634553, 61.6195
1007, 16.77500, 0.240237, 155.143, 50.9857, 152.12, 51.1594, -28.0286, 0.00393463, -116.013, 0.632294, -118.37, 0.634561, 61.6166
1007, 16.78333, 0.240619, 155.087, 50.9604, 152.117, 51.1336, -28.0316, 0.00394207, -116.057, 0.632308, -118.373, 0.634569, 61.6136
1007, 16.79167, 0.241, 155.031, 50.9352, 152.113, 51.108, -28.0346, 0.00394951, -116.1, 0.632321, -118.377, 0.634578, 61.6106
1008, 16.80000, 0.241382, 154.975, 50.91, 152.11, 51.0823, -28.0376, 0.00395695, -116.144, 0.632335, -118.38, 0.634586, 61.6077
1009, 16.80833, 0.241763, 154.919, 50.8849, 152.107, 51.0567, -28.0406, 0.00396439, -116.187, 0.632348, -118.383, 0.634595, 61.6047
1009, 16.81667, 0.242144, 154.863, 50.8597, 152.103, 51.0311, -28.0436, 0.00397184, -116.231, 0.632362, -118.386, 0.634604, 61.6018
1010, 16.82500, 0.242524, 154.808, 50.8346, 152.1, 51.0056, -28.0466, 0.00397929, -116.274, 0.632376, -118.39, 0.634613, 61.5988
1010, 16.83333, 0.242905, 154.752, 50.8096, 152.097, 50.9801, -28.0496, 0.00398674, -116.317, 0.63239, -118.393, 0.634622, 61.5959
1011, 16.84167, 0.243285, 154.697, 50.7846, 152.093, 50.9546, -28.0526, 0.0039942, -116.36, 0.632404, -118.396, 0.634631, 61.5929
1011, 16.85000, 0.243665, 154.641, 50.7596, 152.09, 50.9292, -28.0556, 0.00400166, -116.404, 0.632419, -118.399, 0.63464, 61.59
1012, 16.85833, 0.244045, 154.586, 50.7346, 152.086, 50.9038, -28.0586, 0.00400912, -116.447, 0.632433, -118.403, 0.63465, 61.5871
1012, 16.86667, 0.244425, 154.531, 50.7097, 152.083, 50.8784, -28.0616, 0.00401659, -116.49, 0.632447, -118.406, 0.634659, 61.5841
1013, 16.87500, 0.244804, 154.476, 50.6848, 152.08, 50.8531, -28.0646, 0.00402406, -116.532, 0.632462, -118.409, 0.634669, 61.5812
1013, 16.88333, 0.245183, 154.422, 50.66, 152.076, 50.8278, -28.0676, 0.00403153, -116.575, 0.632477, -118.412, 0.634678, 61.5783
1014, 16.89167, 0.245563, 154.367, 50.6352, 152.073, 50.8026, -28.0705, 0.004039, -116.618, 0.632492, -118.416, 0.634688, 61.5754
1014, 16.90000, 0.245942, 154.312, 50.6104, 152.07, 50.7773, -28.0735, 0.00404648, -116.661, 0.632507, -118.419, 0.634698, 61.5724
1015, 16.90833, 0.24632, 154.258, 50.5856, 152.066, 50.7521, -28.0765, 0.00405396, -116.703, 0.632522, -118.422, 0.634708, 61.5695
1015, 16.91667, 0.246699, 154.204, 50.5609, 152.063, 50.727, -28.0794, 0.00406145, -116.746, 0.632538, -118.425, 0.634718, 61.5666
1016, 16.92500, 0.247077, 154.149, 50.5362, 152.06, 50.7018, -28.0824, 0.00406893, -116.788, 0.632553, -118.428, 0.634729, 61.5637
1016, 16.93333, 0.247455, 154.095, 50.5116, 152.056, 50.6767, -28.0854, 0.00407642, -116.831, 0.632569, -118.432, 0.634739, 61.5608
1016, 16.94167, 0.247833, 154.041, 50.487, 152.053, 50.6517, -28.0883, 0.00408392, -116.873, 0.632584, -118.435, 0.63475, 61.5579
1017, 16.95000, 0.248211, 153.987, 50.4624, 152.05, 50.6267, -28.0913, 0.00409141, -116.915, 0.6326, -118.438, 0.63476, 61.555
1018, 16.95833, 0.248589, 153.933, 50.4379, 152.046, 50.6017, -28.0942, 0.00409891, -116.958, 0.632616, -118.441, 0.634771, 61.5521
1018, 16.96667, 0.248966, 153.88, 50.4134, 152.043, 50.5767, -28.0972, 0.00410642, -117, 0.632632, -118.445, 0.634782, 61.5492
1019, 16.97500, 0.249344, 153.826, 50.3889, 152.04, 50.5518, -28.1001, 0.00411392, -117.042, 0.632649, -118.448, 0.634793, 61.5463
1019, 16.98333, 0.249721, 153.773, 50.3644, 152.036, 50.5269, -28.103, 0.00412143, -117.084, 0.632665, -118.451, 0.634804, 61.5435
1020, 16.99167, 0.250098, 153.719, 50.34, 152.033, 50.502, -28.106, 0.00412895, -117.126, 0.632681, -118.454, 0.634815, 61.5406
1020, 17.00000, 0.250475, 153.666, 50.3157, 152.03, 50.4772, -28.1089, 0.00413646, -117.168, 0.632698, -118.457, 0.634827, 61.5377
1021, 17.00833, 0.250851, 153.613, 50.2913, 152.027, 50.4524, -28.1118, 0.00414398, -117.21, 0.632715, -118.461, 0.634838, 61.5348
1021, 17.01667, 0.251228, 153.56, 50.267, 152.023, 50.4276, -28.1148, 0.00415151, -117.251, 0.632732, -118.464, 0.63485, 61.532
1022, 17.02500, 0.251604, 153.507, 50.2427, 152.02, 50.4029, -28.1177, 0.00415903, -117.293, 0.632749, -118.467, 0.634862, 61.5291
1022, 17.03333, 0.25198, 153.454, 50.2185, 152.017, 50.3782, -28.1206, 0.00416656, -117.335, 0.632766, -118.47, 0.634874, 61.5262
1023, 17.04167, 0.252356, 153.401, 50.1943, 152.013, 50.3536, -28.1235, 0.0041741, -117.376, 0.632783, -118.473, 0.634885, 61.5234
1023, 17.05000, 0.252732, 153.349, 50.1701, 152.01, 50.3289, -28.1264, 0.00418163, -117.418, 0.6328, -118.476, 0.634898, 61.5205
1024, 17.05833, 0.253107, 153.296, 50.146, 152.007, 50.3043, -28.1293, 0.00418917, -117.459, 0.632818, -118.48, 0.63491, 61.5177
1024, 17.06667, 0.253483, 153.244, 50.1219, 152.004, 50.2798, -28.1322, 0.00419672, -117.501, 0.632836, -118.483, 0.634922, 61.5148
1025, 17.07500, 0.253858, 153.191, 50.0978, 152, 50.2552, -28.1351, 0.00420426, -117.542, 0.632853, -118.486, 0.634934, 61.512
1025, 17.08333, 0.254233, 153.139, 50.0738, 151.997, 50.2308, -28.138, 0.00421182, -117.583, 0.632871, -118.489, 0.634947, 61.5091
1026, 17.09167, 0.254608, 153.087, 50.0498, 151.994, 50.2063, -28.1409, 0.00421937, -117.625, 0.632889, -118.492, 0.63496, 61.5063
1026, 17.10000, 0.254983, 153.035, 50.0258, 151.99, 50.1819, -28.1438, 0.00422693, -117.666, 0.632907, -118.495, 0.634972, 61.5034
1027, 17.10833, 0.255357, 152.983, 50.0018, 151.987, 50.1575, -28.1467, 0.00423449, -117.707, 0.632926, -118.499, 0.634985, 61.5006
1027, 17.11667, 0.255732, 152.931, 49.9779, 151.984, 50.1331, -28.1496, 0.00424205, -117.748, 0.632944, -118.502, 0.634998, 61.4978
1028, 17.12500, 0.256106, 152.879, 49.9541, 151.981, 50.1088, -28.1525, 0.00424962, -117.789, 0.632963, -118.505, 0.635011, 61.4949
1028, 17.13333, 0.25648, 152.827, 49.9302, 151.977, 50.0844, -28.1554, 0.00425719, -117.83, 0.632981, -118.508, 0.635025, 61.4921
1029, 17.14167, 0.256855, 152.776, 49.9064, 151.974, 50.0602, -28.1582, 0.00426477, -117.871, 0.633, -118.511, 0.635038, 61.4893
1029, 17.15000, 0.257228, 152.724, 49.8826, 151.971, 50.0359, -28.1611, 0.00427235, -117.912, 0.633019, -118.514, 0.635051, 61.4865
1030, 17.15833, 0.257602, 152.673, 49.8589, 151.968, 50.0117, -28.164, 0.00427993, -117.952, 0.633038, -118.517, 0.635065, 61.4837
1030, 17.16667, 0.257976, 152.621, 49.8352, 151.964, 49.9876, -28.1669, 0.00428752, -117.993, 0.633057, -118.521, 0.635079, 61.4808
1031, 17.17500, 0.258349, 152.57, 49.8115, 151.961, 49.9634, -28.1697, 0.0042951, -118.034, 0.633076, -118.524, 0.635092, 61.478
1031, 17.18333, 0.258723, 152.519, 49.7878, 151.958, 49.9393, -28.1726, 0.0043027, -118.074, 0.633096, -118.527, 0.635106, 61.4752
1032, 17.19167, 0.259096, 152.468, 49.7642, 151.955, 49.9152, -28.1754, 0.0043103, -118.115, 0.633115, -118.53, 0.63512, 61.4724
1032, 17.20000, 0.259469, 152.417, 49.7406, 151.952, 49.8912, -28.1783, 0.0043179, -118.155, 0.633135, -118.533, 0.635135, 61.4696
1033, 17.20833, 0.259842, 152.366, 49.7171, 151.948, 49.8672, -28.1811, 0.0043255, -118.196, 0.633155, -118.536, 0.635149, 61.4668
1033, 17.21667, 0.260214, 152.315, 49.6936, 151.945, 49.8432, -28.184, 0.00433311, -118.236, 0.633175, -118.539, 0.635163, 61.464
1034, 17.22500, 0.260587, 152.265, 49.6701, 151.942, 49.8192, -28.1868, 0.00434072, -118.277, 0.633195, -118.542, 0.635178, 61.4612
1034, 17.23333, 0.260959, 152.214, 49.6466, 151.939, 49.7953, -28.1897, 0.00434834, -118.317, 0.633215, -118.546, 0.635192, 61.4584
1035, 17.24167, 0.261332, 152.163, 49.6232, 151.935, 49.7714, -28.1925, 0.00435596, -118.357, 0.633235, -118.549, 0.635207, 61.4557
1035, 17.25000, 0.261704, 152.113, 49.5998, 151.932, 49.7476, -28.1953, 0.00436358, -118.397, 0.633256, -118.552, 0.635222, 61.4529
1036, 17.25833, 0.262076, 152.062, 49.5764, 151.929, 49.7237, -28.1982, 0.00437121, -118.437, 0.633276, -118.555, 0.635237, 61.4501
1036, 17.26667, 0.262448, 152.012, 49.5531, 151.926, 49.7, -28.201, 0.00437884, -118.477, 0.633297, -118.558, 0.635252, 61.4473
1037, 17.27500, 0.26282, 151.962, 49.5298, 151.923, 49.6762, -28.2038, 0.00438647, -118.518, 0.633317, -118.561, 0.635267, 61.4445
1037, 17.28333, 0.263191, 151.912, 49.5066, 151.919, 49.6525, -28.2066, 0.00439411, -118.557, 0.633338, -118.564, 0.635282, 61.4418
1038, 17.29167, 0.263563, 151.862, 49.4833, 151.916, 49.6288, -28.2095, 0.00440175, -118.597, 0.633359, -118.567, 0.635298, 61.439
1038, 17.30000, 0.263934, 151.812, 49.4601, 151.913, 49.6051, -28.2123, 0.0044094, -118.637, 0.633381, -118.57, 0.635313, 61.4362
1039, 17.30833, 0.264306, 151.762, 49.437, 151.91, 49.5815, -28.2151, 0.00441705, -118.677, 0.633402, -118.574, 0.635329, 61.4335
1039, 17.31667, 0.264677, 151.712, 49.4138, 151.907, 49.5578, -28.2179, 0.0044247, -118.717, 0.633423, -118.577, 0.635344, 61.4307
1040, 17.32500, 0.265048, 151.662, 49.3907, 151.903, 49.5343, -28.2207, 0.00443236, -118.757, 0.633445, -118.58, 0.63536, 61.428
1040, 17.33333, 0.265419, 151.613, 49.3676, 151.9, 49.5107, -28.2235, 0.00444002, -118.796, 0.633466, -118.583, 0.635376, 61.4252
1041, 17.34167, 0.26579, 151.563, 49.3446, 151.897, 49.4872, -28.2263, 0.00444769, -118.836, 0.633488, -118.586, 0.635392, 61.4225
1041, 17.35000, 0.26616, 151.514, 49.3216, 151.894, 49.4637, -28.2291, 0.00445536, -118.876, 0.63351, -118.589, 0.635408, 61.4197
1042, 17.35833, 0.266531, 151.464, 49.2986, 151.891, 49.4403, -28.2319, 0.00446303, -118.915, 0.633532, -118.592, 0.635425, 61.417
1042, 17.36667, 0.266901, 151.415, 49.2756, 151.888, 49.4169, -28.2347, 0.00447071, -118.955, 0.633554, -118.595, 0.635441, 61.4142
1043, 17.37500, 0.267272, 151.366, 49.2527, 151.884, 49.3935, -28.2375, 0.00447839, -118.994, 0.633576, -118.598, 0.635458, 61.4115
1043, 17.38333, 0.267642, 151.316, 49.2298, 151.881, 49.3701, -28.2403, 0.00448608, -119.034, 0.633599, -118.601, 0.635474, 61.4088
1044, 17.39167, 0.268012, 151.267, 49.207, 151.878, 49.3468, -28.2431, 0.00449377, -119.073, 0.633621, -118.604, 0.635491, 61.406
1044, 17.40000, 0.268382, 151.218, 49.1841, 151.875, 49.3235, -28.2458, 0.00450146, -119.112, 0.633644, -118.607, 0.635508, 61.4033
1045, 17.40833, 0.268752, 151.169, 49.1613, 151.872, 49.3002, -28.2486, 0.00450916, -119.151, 0.633667, -118.61, 0.635525, 61.4006
1045, 17.41667, 0.269122, 151.12, 49.1386, 151.869, 49.277, -28.2514, 0.00451687, -119.191, 0.633689, -118.613, 0.635542, 61.3979
1046, 17.42500, 0.269491, 151.071, 49.1158, 151.865, 49.2538, -28.2542, 0.00452457, -119.23, 0.633712, -118.617, 0.635559, 61.3951
1046, 17.43333, 0.269861, 151.023, 49.0931, 151.862, 49.2306, -28.2569, 0.00453228, -119.269, 0.633736, -118.62, 0.635576, 61.3924
1047, 17.44167, 0.27023, 150.974, 49.0705, 151.859, 49.2074, -28.2597, 0.00454, -119.308, 0.633759, -118.623, 0.635594, 61.3897
1047, 17.45000, 0.2706, 150.925, 49.0478, 151.856, 49.1843, -28.2625, 0.00454772, -119.347, 0.633782, -118.626, 0.635611, 61.387
1048, 17.45833, 0.270969, 150.877, 49.0252, 151.853, 49.1612, -28.2652, 0.00455544, -119.386, 0.633806, -118.629, 0.635629, 61.3843
1048, 17.46667, 0.271338, 150.828, 49.0026, 151.85, 49.1382, -28.268, 0.00456317, -119.425, 0.633829, -118.632, 0.635646, 61.3816
1049, 17.47500, 0.271707, 150.78, 48.9801, 151.847, 49.1151, -28.2707, 0.0045709, -119.464, 0.633853, -118.635, 0.635664, 61.3789
1049, 17.48333, 0.272076, 150.732, 48.9576, 151.843, 49.0922, -28.2735, 0.00457864, -119.503, 0.633877, -118.638, 0.635682, 61.3762
1050, 17.49167, 0.272445, 150.683, 48.9351, 151.84, 49.0692, -28.2762, 0.00458638, -119.542, 0.633901, -118.641, 0.6357, 61.3735
1050, 17.50000, 0.272814, 150.635, 48.9126, 151.837, 49.0462, -28.279, 0.00459412, -119.581, 0.633925, -118.644, 0.635718, 61.3708
1051, 17.50833, 0.273182, 150.587, 48.8902, 151.834, 49.0233, -28.2817, 0.00460187, -119.619, 0.633949, -118.647, 0.635737, 61.3681
1051, 17.51667, 0.273551, 150.539, 48.8678, 151.831, 49.0005, -28.2844, 0.00460962, -119.658, 0.633973, -118.65, 0.635755, 61.3654
1052, 17.52500, 0.273919, 150.491, 48.8454, 151.828, 48.9776, -28.2872, 0.00461738, -119.697, 0.633998, -118.653, 0.635774, 61.3627
1052, 17.53333, 0.274288, 150.443, 48.8231, 151.825, 48.9548, -28.2899, 0.00462514, -119.735, 0.634022, -118.656, 0.635792, 61.36
1053, 17.54167, 0.274656, 150.395, 48.8008, 151.822, 48.932, -28.2926, 0.00463291, -119.774, 0.634047, -118.659, 0.635811, 61.3573
1053, 17.55000, 0.275024, 150.347, 48.7785, 151.818, 48.9093, -28.2954, 0.00464068, -119.813, 0.634072, -118.662, 0.63583, 61.3547
1054, 17.55833, 0.275393, 150.3, 48.7562, 151.815, 48.8865, -28.2981, 0.00464845, -119.851, 0.634097, -118.665, 0.635849, 61.352
1054, 17.56667, 0.275761, 150.252, 48.734, 151.812, 48.8638, -28.3008, 0.00465623, -119.89, 0.634122, -118.668, 0.635868, 61.3493
1055, 17.57500, 0.276129, 150.204, 48.7118, 151.809, 48.8412, -28.3035, 0.00466402, -119.928, 0.634147, -118.671, 0.635887, 61.3467
1055, 17.58333, 0.276496, 150.157, 48.6897, 151.806, 48.8185, -28.3062, 0.0046718, -119.966, 0.634172, -118.674, 0.635906, 61.344
1056, 17.59167, 0.276864, 150.109, 48.6675, 151.803, 48.7959, -28.3089, 0.0046796, -120.005, 0.634198, -118.677, 0.635925, 61.3413
1056, 17.60000, 0.277232, 150.062, 48.6454, 151.8, 48.7733, -28.3117, 0.00468739, -120.043, 0.634223, -118.68, 0.635945, 61.3387
1057, 17.60833, 0.277599, 150.015, 48.6234, 151.797, 48.7508, -28.3144, 0.0046952, -120.081, 0.634249, -118.683, 0.635964, 61.336
1057, 17.61667, 0.277967, 149.967, 48.6013, 151.794, 48.7282, -28.3171, 0.004703, -120.12, 0.634275, -118.686, 0.635984, 61.3334
1058, 17.62500, 0.278335, 149.92, 48.5793, 151.791, 48.7057, -28.3198, 0.00471081, -120.158, 0.6343, -118.689, 0.636004, 61.3307
1058, 17.63333, 0.278702, 149.873, 48.5573, 151.788, 48.6833, -28.3225, 0.00471863, -120.196, 0.634326, -118.692, 0.636024, 61.3281
1059, 17.64167, 0.279069, 149.826, 48.5354, 151.784, 48.6608, -28.3252, 0.00472645, -120.234, 0.634353, -118.695, 0.636044, 61.3254
1059, 17.65000, 0.279436, 149.779, 48.5134, 151.781, 48.6384, -28.3278, 0.00473427, -120.272, 0.634379, -118.698, 0.636064, 61.3228
1060, 17.65833, 0.279804, 149.732, 48.4915, 151.778, 48.6161, -28.3305, 0.0047421, -120.31, 0.634405, -118.701, 0.636084, 61.3201
1060, 17.66667, 0.280171, 149.685, 48.4697, 151.775, 48.5937, -28.3332, 0.00474993, -120.348, 0.634432, -118.704, 0.636104, 61.3175
1061, 17.67500, 0.280538, 149.638, 48.4478, 151.772, 48.5714, -28.3359, 0.00475777, -120.386, 0.634458, -118.707, 0.636125, 61.3148
1061, 17.68333, 0.280905, 149.591, 48.426, 151.769, 48.5491, -28.3386, 0.00476562, -120.424, 0.634485, -118.71, 0.636145, 61.3122
1062, 17.69167, 0.281272, 149.544, 48.4043, 151.766, 48.5268, -28.3413, 0.00477346, -120.462, 0.634512, -118.713, 0.636166, 61.3096
1062, 17.70000, 0.281638, 149.497, 48.3825, 151.763, 48.5046, -28.3439, 0.00478132, -120.5, 0.634539, -118.716, 0.636187, 61.307
1063, 17.70833, 0.282005, 149.451, 48.3608, 151.76, 48.4824, -28.3466, 0.00478917, -120.538, 0.634566, -118.719, 0.636208, 61.3043
1063, 17.71667, 0.282372, 149.404, 48.3391, 151.757, 48.4602, -28.3493, 0.00479703, -120.576, 0.634593, -118.722, 0.636229, 61.3017
1063, 17.72500, 0.282739, 149.358, 48.3174, 151.754, 48.4381, -28.3519, 0.0048049, -120.614, 0.63462, -118.725, 0.63625, 61.2991
1064, 17.73333, 0.283105, 149.311, 48.2958, 151.751, 48.4159, -28.3546, 0.00481277, -120.651, 0.634648, -118.728, 0.636271, 61.2965
1065, 17.74167, 0.283472, 149.265, 48.2742, 151.748, 48.3938, -28.3573, 0.00482065, -120.689, 0.634675, -118.731, 0.636292, 61.2939
1065, 17.75000, 0.283838, 149.218, 48.2526, 151.745, 48.3718, -28.3599, 0.00482853, -120.727, 0.634703, -118.734, 0.636314, 61.2912
1065, 17.75833, 0.284204, 149.172, 48.2311, 151.742, 48.3498, -28.3626, 0.00483641, -120.764, 0.634731, -118.737, 0.636335, 61.2886
1066, 17.76667, 0.284571, 149.126, 48.2096, 151.738, 48.3277, -28.3652, 0.0048443, -120.802, 0.634759, -118.74, 0.636357, 61.286
1067, 17.77500, 0.284937, 149.08, 48.1881, 151.735, 48.3058, -28.3679, 0.0048522, -120.84, 0.634787, -118.743, 0.636379, 61.2834
1067, 17.78333, 0.285303, 149.033, 48.1666, 151.732, 48.2838, -28.3705, 0.0048601, -120.877, 0.634815, -118.746, 0.6364, 61.2808
1067, 17.79167, 0.285669, 148.987, 48.1452, 151.729, 48.2619, -28.3732, 0.004868, -120.915, 0.634843, -118.748, 0.636422, 61.2782
1068, 17.80000, 0.286036, 148.941, 48.1238, 151.726, 48.24, -28.3758, 0.00487591, -120.952, 0.634872, -118.751, 0.636444, 61.2756
1069, 17.80833, 0.286402, 148.895, 48.1024, 151.723, 48.2181, -28.3785, 0.00488383, -120.99, 0.6349, -118.754, 0.636467, 61.273
1069, 17.81667, 0.286768, 148.849, 48.0811, 151.72, 48.1963, -28.3811, 0.00489175, -121.027, 0.634929, -118.757, 0.636489, 61.2705
1069, 17.82500, 0.287134, 148.803, 48.0597, 151.717, 48.1745, -28.3837, 0.00489967, -121.064, 0.634957, -118.76, 0.636511, 61.2679
1070, 17.83333, 0.287499, 148.758, 48.0384, 151.714, 48.1527, -28.3864, 0.0049076, -121.102, 0.634986, -118.763, 0.636534, 61.2653
1071, 17.84167, 0.287865, 148.712, 48.0172, 151.711, 48.1309, -28.389, 0.00491553, -121.139, 0.635015, -118.766, 0.636556, 61.2627
1071, 17.85000, 0.288231, 148.666, 47.996, 151.708, 48.1092, -28.3916, 0.00492347, -121.176, 0.635044, -118.769, 0.636579, 61.2601
1071, 17.85833, 0.288597, 148.62, 47.9747, 151.705, 48.0875, -28.3942, 0.00493142, -121.214, 0.635074, -118.772, 0.636602, 61.2575
1072, 17.86667, 0.288963, 148.575, 47.9536, 151.702, 48.0658, -28.3969, 0.00493936, -121.251, 0.635103, -118.775, 0.636625, 61.255
1073, 17.87500, 0.289328, 148.529, 47.9324, 151.699, 48.0442, -28.3995, 0.00494732, -121.288, 0.635132, -118.778, 0.636647, 61.2524
1073, 17.88333, 0.289694, 148.483, 47.9113, 151.696, 48.0226, -28.4021, 0.00495528, -121.325, 0.635162, -118.781, 0.636671, 61.2498
1073, 17.89167, 0.29006, 148.438, 47.8902, 151.693, 48.001, -28.4047, 0.00496324, -121.363, 0.635192, -118.784, 0.636694, 61.2473
1074, 17.90000, 0.290425, 148.392, 47.8691, 151.69, 47.9794, -28.4073, 0.00497121, -121.4, 0.635221, -118.787, 0.636717, 61.2447
1075, 17.90833, 0.290791, 148.347, 47.8481, 151.687, 47.9579, -28.4099, 0.00497919, -121.437, 0.635251, -118.79, 0.636741, 61.2421
1075, 17.91667, 0.291156, 148.302, 47.8271, 151.684, 47.9364, -28.4125, 0.00498717, -121.474, 0.635281, -118.792, 0.636764, 61.2396
1075, 17.92500, 0.291522, 148.256, 47.8061, 151.681, 47.9149, -28.4151, 0.00499515, -121.511, 0.635311, -118.795, 0.636788, 61.237
1076, 17.93333, 0.291887, 148.211, 47.7852, 151.678, 47.8935, -28.4177, 0.00500314, -121.548, 0.635342, -118.798, 0.636811, 61.2345
1077, 17.94167, 0.292253, 148.166, 47.7642, 151.675, 47.8721, -28.4203, 0.00501113, -121.585, 0.635372, -118.801, 0.636835, 61.2319
1077, 17.95000, 0.292618, 148.121, 47.7433, 151.672, 47.8507, -28.4229, 0.00501913, -121.622, 0.635403, -118.804, 0.636859, 61.2294
1077, 17.95833, 0.292983, 148.075, 47.7225, 151.669, 47.8293, -28.4255, 0.00502714, -121.659, 0.635433, -118.807, 0.636883, 61.2268
1078, 17.96667, 0.293349, 148.03, 47.7016, 151.666, 47.8079, -28.4281, 0.00503515, -121.696, 0.635464, -118.81, 0.636907, 61.2243
1079, 17.97500, 0.293714, 147.985, 47.6808, 151.663, 47.7866, -28.4307, 0.00504317, -121.733, 0.635495, -118.813, 0.636932, 61.2217
1079, 17.98333, 0.294079, 147.94, 47.66, 151.66, 47.7653, -28.4333, 0.00505119, -121.77, 0.635526, -118.816, 0.636956, 61.2192
1079, 17.99167, 0.294445, 147.895, 47.6393, 151.657, 47.7441, -28.4358, 0.00505921, -121.806, 0.635557, -118.819, 0.63698, 61.2167
1080, 18.00000, 0.29481, 147.85, 47.6185, 151.654, 47.7228, -28.4384, 0.00506724, -121.843, 0.635588, -118.822, 0.637005, 61.2141
1081, 18.00833, 0.295175, 147.805, 47.5978, 151.651, 47.7016, -28.441, 0.00507528, -121.88, 0.635619, -118.824, 0.63703, 61.2116
1081, 18.01667, 0.29554, 147.761, 47.5771, 151.648, 47.6805, -28.4436, 0.00508332, -121.917, 0.635651, -118.827, 0.637054, 61.2091
1081, 18.02500, 0.295905, 147.716, 47.5565, 151.645, 47.6593, -28.4461, 0.00509137, -121.954, 0.635682, -118.83, 0.637079, 61.2066
1082, 18.03333, 0.29627, 147.671, 47.5359, 151.642, 47.6382, -28.4487, 0.00509942, -121.99, 0.635714, -118.833, 0.637104, 61.204
1083, 18.04167, 0.296636, 147.626, 47.5153, 151.639, 47.6171, -28.4513, 0.00510748, -122.027, 0.635746, -118.836, 0.637129, 61.2015
1083, 18.05000, 0.297001, 147.582, 47.4947, 151.636, 47.596, -28.4538, 0.00511554, -122.064, 0.635778, -118.839, 0.637154, 61.199
1083, 18.05833, 0.297366, 147.537, 47.4742, 151.633, 47.575, -28.4564, 0.00512361, -122.1, 0.63581, -118.842, 0.63718, 61.1965
1084, 18.06667, 0.297731, 147.492, 47.4536, 151.63, 47.5539, -28.459, 0.00513169, -122.137, 0.635842, -118.845, 0.637205, 61.194
1085, 18.07500, 0.298096, 147.448, 47.4332, 151.627, 47.533, -28.4615, 0.00513977, -122.174, 0.635874, -118.848, 0.637231, 61.1914
1085, 18.08333, 0.298461, 147.403, 47.4127, 151.624, 47.512, -28.4641, 0.00514785, -122.21, 0.635906, -118.85, 0.637256, 61.1889
1085, 18.09167, 0.298826, 147.359, 47.3923, 151.621, 47.491, -28.4666, 0.00515594, -122.247, 0.635939, -118.853, 0.637282, 61.1864
1086, 18.10000, 0.299191, 147.314, 47.3719, 151.619, 47.4701, -28.4692, 0.00516404, -122.283, 0.635971, -118.856, 0.637308, 61.1839
1087, 18.10833, 0.299556, 147.27, 47.3515, 151.616, 47.4493, -28.4717, 0.00517214, -122.32, 0.636004, -118.859, 0.637334, 61.1814
1087, 18.11667, 0.299921, 147.226, 47.3311, 151.613, 47.4284, -28.4742, 0.00518025, -122.356, 0.636037, -118.862, 0.63736, 61.1789
1087, 18.12500, 0.300286, 147.181, 47.3108, 151.61, 47.4076, -28.4768, 0.00518836, -122.393, 0.63607, -118.865, 0.637386, 61.1764
1088, 18.13333, 0.300651, 147.137, 47.2905, 151.607, 47.3867, -28.4793, 0.00519648, -122.429, 0.636103, -118.868, 0.637412, 61.1739
1089, 18.14167, 0.301016, 147.093, 47.2702, 151.604, 47.366, -28.4819, 0.0052046, -122.466, 0.636136, -118.87, 0.637438, 61.1715
1089, 18.15000, 0.301381, 147.049, 47.25, 151.601, 47.3452, -28.4844, 0.00521273, -122.502, 0.636169, -118.873, 0.637465, 61.169
1089, 18.15833, 0.301746, 147.004, 47.2298, 151.598, 47.3245, -28.4869, 0.00522086, -122.538, 0.636203, -118.876, 0.637491, 61.1665
1090, 18.16667, 0.302111, 146.96, 47.2096, 151.595, 47.3038, -28.4894, 0.00522901, -122.575, 0.636236, -118.879, 0.637518, 61.164
1091, 18.17500, 0.302476, 146.916, 47.1894, 151.592, 47.2831, -28.492, 0.00523715, -122.611, 0.63627, -118.882, 0.637545, 61.1615
1091, 18.18333, 0.302841, 146.872, 47.1693, 151.589, 47.2625, -28.4945, 0.0052453, -122.647, 0.636303, -118.885, 0.637571, 61.159
1091, 18.19167, 0.303206, 146.828, 47.1491, 151.586, 47.2418, -28.497, 0.00525346, -122.684, 0.636337, -118.888, 0.637598, 61.1566
1092, 18.20000, 0.303571, 146.784, 47.129, 151.583, 47.2212, -28.4995, 0.00526162, -122.72, 0.636371, -118.89, 0.637625, 61.1541
1093, 18.20833, 0.303936, 146.74, 47.109, 151.58, 47.2007, -28.502, 0.00526979, -122.756, 0.636405, -118.893, 0.637652, 61.1516
1093, 18.21667, 0.304301, 146.696, 47.089, 151.577, 47.1801, -28.5046, 0.00527797, -122.792, 0.63644, -118.896, 0.63768, 61.1491
1093, 18.22500, 0.304666, 146.652, 47.0689, 151.574, 47.1596, -28.5071, 0.00528615, -122.829, 0.636474, -118.899, 0.637707, 61.1467
1094, 18.23333, 0.305031, 146.608, 47.049, 151.572, 47.1391, -28.5096, 0.00529433, -122.865, 0.636508, -118.902, 0.637734, 61.1442
1095, 18.24167, 0.305396, 146.564, 47.029, 151.569, 47.1186, -28.5121, 0.00530252, -122.901, 0.636543, -118.905, 0.637762, 61.1418
1095, 18.25000, 0.305761, 146.521, 47.0091, 151.566, 47.0982, -28.5146, 0.00531072, -122.937, 0.636577, -118.908, 0.63779, 61.1393
1095, 18.25833, 0.306126, 146.477, 46.9892, 151.563, 47.0778, -28.5171, 0.00531892, -122.973, 0.636612, -118.91, 0.637817, 61.1368
1096, 18.26667, 0.306492, 146.433, 46.9693, 151.56, 47.0574, -28.5196, 0.00532713, -123.009, 0.636647, -118.913, 0.637845, 61.1344
1097, 18.27500, 0.306857, 146.389, 46.9494, 151.557, 47.037, -28.5221, 0.00533535, -123.046, 0.636682, -118.916, 0.637873, 61.1319
1097, 18.28333, 0.307222, 146.346, 46.9296, 151.554, 47.0167, -28.5246, 0.00534357, -123.082, 0.636717, -118.919, 0.637901, 61.1295
1098, 18.29167, 0.307587, 146.302, 46.9098, 151.551, 46.9964, -28.5271, 0.0053518, -123.118, 0.636752, -118.922, 0.637929, 61.127
1098, 18.30000, 0.307952, 146.259, 46.89, 151.548, 46.9761, -28.5295, 0.00536003, -123.154, 0.636788, -118.925, 0.637958, 61.1246
1099, 18.30833, 0.308317, 146.215, 46.8703, 151.545, 46.9558, -28.532, 0.00536827, -123.19, 0.636823, -118.927, 0.637986, 61.1221
1099, 18.31667, 0.308682, 146.171, 46.8506, 151.542, 46.9356, -28.5345, 0.00537651, -123.226, 0.636859, -118.93, 0.638014, 61.1197
1100, 18.32500, 0.309048, 146.128, 46.8309, 151.54, 46.9153, -28.537, 0.00538476, -123.262, 0.636894, -118.933, 0.638043, 61.1173
1100, 18.33333, 0.309413, 146.084, 46.8112, 151.537, 46.8952, -28.5395, 0.00539302, -123.298, 0.63693, -118.936, 0.638072, 61.1148
1101, 18.34167, 0.309778, 146.041, 46.7915, 151.534, 46.875, -28.5419, 0.00540128, -123.334, 0.636966, -118.939, 0.6381, 61.1124
1101, 18.35000, 0.310143, 145.998, 46.7719, 151.531, 46.8549, -28.5444, 0.00540955, -123.37, 0.637002, -118.941, 0.638129, 61.11
1102, 18.35833, 0.310509, 145.954, 46.7523, 151.528, 46.8347, -28.5469, 0.00541782, -123.406, 0.637038, -118.944, 0.638158, 61.1075
1102, 18.36667, 0.310874, 145.911, 46.7328, 151.525, 46.8147, -28.5494, 0.0054261, -123.442, 0.637075, -118.947, 0.638187, 61.1051
1103, 18.37500, 0.311239, 145.867, 46.7132, 151.522, 46.7946, -28.5518, 0.00543439, -123.478, 0.637111, -118.95, 0.638216, 61.1027
1103, 18.38333, 0.311605, 145.824, 46.6937, 151.519, 46.7746, -28.5543, 0.00544268, -123.513, 0.637147, -118.953, 0.638246, 61.1003
1104, 18.39167, 0.31197, 145.781, 46.6742, 151.516, 46.7545, -28.5567, 0.00545098, -123.549, 0.637184, -118.955, 0.638275, 61.0978
1104, 18.40000, 0.312336, 145.738, 46.6548, 151.514, 46.7346, -28.5592, 0.00545928, -123.585, 0.637221, -118.958, 0.638304, 61.0954
1105, 18.40833, 0.312701, 145.694, 46.6353, 151.511, 46.7146, -28.5617, 0.00546759, -123.621, 0.637257, -118.961, 0.638334, 61.093
1105, 18.41667, 0.313067, 145.651, 46.6159, 151.508, 46.6947, -28.5641, 0.00547591, -123.657, 0.637294, -118.964, 0.638364, 61.0906
1106, 18.42500, 0.313432, 145.608, 46.5965, 151.505, 46.6748, -28.5666, 0.00548423, -123.693, 0.637331, -118.967, 0.638393, 61.0882
1106, 18.43333, 0.313798, 145.565, 46.5771, 151.502, 46.6549, -28.569, 0.00549256, -123.729, 0.637369, -118.969, 0.638423, 61.0858
1107, 18.44167, 0.314164, 145.522, 46.5578, 151.499, 46.635, -28.5715, 0.0055009, -123.764, 0.637406, -118.972, 0.638453, 61.0834
1107, 18.45000, 0.314529, 145.479, 46.5385, 151.496, 46.6152, -28.5739, 0.00550924, -123.8, 0.637443, -118.975, 0.638483, 61.081
1108, 18.45833, 0.314895, 145.435, 46.5192, 151.493, 46.5953, -28.5764, 0.00551759, -123.836, 0.637481, -118.978, 0.638513, 61.0786
1108, 18.46667, 0.315261, 145.392, 46.4999, 151.491, 46.5756, -28.5788, 0.00552594, -123.872, 0.637518, -118.981, 0.638544, 61.0762
1109, 18.47500, 0.315626, 145.349, 46.4807, 151.488, 46.5558, -28.5812, 0.0055343, -123.907, 0.637556, -118.983, 0.638574, 61.0738
1109, 18.48333, 0.315992, 145.306, 46.4615, 151.485, 46.5361, -28.5837, 0.00554266, -123.943, 0.637594, -118.986, 0.638604, 61.0714
1110, 18.49167, 0.316358, 145.263, 46.4423, 151.482, 46.5163, -28.5861, 0.00555104, -123.979, 0.637632, -118.989, 0.638635, 61.069
1110, 18.50000, 0.316724, 145.22, 46.4231, 151.479, 46.4967, -28.5885, 0.00555942, -124.014, 0.63767, -118.992, 0.638666, 61.0666
1111, 18.50833, 0.31709, 145.178, 46.404, 151.476, 46.477, -28.591, 0.0055678, -124.05, 0.637708, -118.995, 0.638696, 61.0642
1111, 18.51667, 0.317456, 145.135, 46.3849, 151.473, 46.4573, -28.5934, 0.00557619, -124.086, 0.637746, -118.997, 0.638727, 61.0618
1112, 18.52500, 0.317822, 145.092, 46.3658, 151.471, 46.4377, -28.5958, 0.00558459, -124.122, 0.637785, -119, 0.638758, 61.0594
1112, 18.53333, 0.318188, 145.049, 46.3467, 151.468, 46.4181, -28.5982, 0.00559299, -124.157, 0.637823, -119.003, 0.638789, 61.0571
1113, 18.54167, 0.318554, 145.006, 46.3277, 151.465, 46.3986, -28.6007, 0.00560141, -124.193, 0.637862, -119.006, 0.63882, 61.0547
1113, 18.55000, 0.318921, 144.963, 46.3087, 151.462, 46.379, -28.6031, 0.00560982, -124.228, 0.6379, -119.009, 0.638852, 61.0523
1114, 18.55833, 0.319287, 144.92, 46.2897, 151.459, 46.3595, -28.6055, 0.00561824, -124.264, 0.637939, -119.011, 0.638883, 61.0499
1114, 18.56667, 0.319653, 144.878, 46.2707, 151.456, 46.34, -28.6079, 0.00562668, -124.3, 0.637978, -119.014, 0.638914, 61.0476
1115, 18.57500, 0.32002, 144.835, 46.2518, 151.453, 46.3205, -28.6103, 0.00563511, -124.335, 0.638017, -119.017, 0.638946, 61.0452
1115, 18.58333, 0.320386, 144.792, 46.2328, 151.451, 46.3011, -28.6127, 0.00564355, -124.371, 0.638056, -119.02, 0.638978, 61.0428
1116, 18.59167, 0.320753, 144.749, 46.2139, 151.448, 46.2817, -28.6151, 0.005652, -124.406, 0.638096, -119.022, 0.639009, 61.0404
1116, 18.60000, 0.321119, 144.707, 46.1951, 151.445, 46.2623, -28.6175, 0.00566046, -124.442, 0.638135, -119.025, 0.639041, 61.0381
1117, 18.60833, 0.321486, 144.664, 46.1762, 151.442, 46.2429, -28.6199, 0.00566892, -124.478, 0.638175, -119.028, 0.639073, 61.0357
1117, 18.61667, 0.321852, 144.621, 46.1574, 151.439, 46.2235, -28.6223, 0.00567739, -124.513, 0.638214, -119.031, 0.639105, 61.0334
1118, 18.62500, 0.322219, 144.579, 46.1386, 151.436, 46.2042, -28.6247, 0.00568586, -124.549, 0.638254, -119.033, 0.639137, 61.031
1118, 18.63333, 0.322586, 144.536, 46.1198, 151.434, 46.1849, -28.6271, 0.00569435, -124.584, 0.638294, -119.036, 0.63917, 61.0286
1119, 18.64167, 0.322953, 144.494, 46.1011, 151.431, 46.1656, -28.6295, 0.00570284, -124.62, 0.638334, -119.039, 0.639202, 61.0263
1119, 18.65000, 0.32332, 144.451, 46.0824, 151.428, 46.1464, -28.6319, 0.00571133, -124.655, 0.638374, -119.042, 0.639234, 61.0239
1120, 18.65833, 0.323687, 144.409, 46.0637, 151.425, 46.1271, -28.6343, 0.00571983, -124.691, 0.638414, -119.044, 0.639267, 61.0216
1120, 18.66667, 0.324054, 144.366, 46.045, 151.422, 46.1079, -28.6367, 0.00572834, -124.726, 0.638454, -119.047, 0.6393, 61.0193
1121, 18.67500, 0.324421, 144.324, 46.0264, 151.419, 46.0888, -28.6391, 0.00573685, -124.762, 0.638495, -119.05, 0.639332, 61.0169
1121, 18.68333, 0.324788, 144.281, 46.0077, 151.417, 46.0696, -28.6414, 0.00574538, -124.797, 0.638535, -119.053, 0.639365, 61.0146
1122, 18.69167, 0.325155, 144.239, 45.9891, 151.414, 46.0505, -28.6438, 0.00575391, -124.833, 0.638576, -119.055, 0.639398, 61.0122
1122, 18.70000, 0.325523, 144.196, 45.9706, 151.411, 46.0313, -28.6462, 0.00576244, -124.868, 0.638617, -119.058, 0.639431, 61.0099
1123, 18.70833, 0.32589, 144.154, 45.952, 151.408, 46.0123, -28.6486, 0.00577098, -124.904, 0.638657, -119.061, 0.639464, 61.0076
1123, 18.71667, 0.326258, 144.111, 45.9335, 151.405, 45.9932, -28.651, 0.00577953, -124.939, 0.638698, -119.064, 0.639497, 61.0052
1124, 18.72500, 0.326625, 144.069, 45.915, 151.403, 45.9742, -28.6533, 0.00578809, -124.974, 0.638739, -119.066, 0.639531, 61.0029
1124, 18.73333, 0.326993, 144.026, 45.8965, 151.4, 45.9551, -28.6557, 0.00579665, -125.01, 0.638781, -119.069, 0.639564, 61.0006
1125, 18.74167, 0.327361, 143.984, 45.878, 151.397, 45.9361, -28.6581, 0.00580522, -125.045, 0.638822, -119.072, 0.639598, 60.9982
1125, 18.75000, 0.327729, 143.942, 45.8596, 151.394, 45.9172, -28.6604, 0.00581379, -125.081, 0.638863, -119.075, 0.639631, 60.9959
1126, 18.75833, 0.328096, 143.899, 45.8412, 151.391, 45.8982, -28.6628, 0.00582237, -125.116, 0.638905, -119.077, 0.639665, 60.9936
1126, 18.76667, 0.328464, 143.857, 45.8228, 151.389, 45.8793, -28.6651, 0.00583096, -125.152, 0.638947, -119.08, 0.639699, 60.9913
1127, 18.77500, 0.328832, 143.815, 45.8044, 151.386, 45.8604, -28.6675, 0.00583956, -125.187, 0.638988, -119.083, 0.639733, 60.9889
1127, 18.78333, 0.329201, 143.772, 45.7861, 151.383, 45.8415, -28.6699, 0.00584816, -125.222, 0.63903, -119.086, 0.639767, 60.9866
1128, 18.79167, 0.329569, 143.73, 45.7678, 151.38, 45.8227, -28.6722, 0.00585677, -125.258, 0.639072, -119.088, 0.639801, 60.9843
1128, 18.80000, 0.329937, 143.688, 45.7495, 151.377, 45.8038, -28.6746, 0.00586539, -125.293, 0.639114, -119.091, 0.639835, 60.982
1129, 18.80833, 0.330305, 143.646, 45.7312, 151.375, 45.785, -28.6769, 0.00587401, -125.328, 0.639156, -119.094, 0.639869, 60.9797
1129, 18.81667, 0.330674, 143.603, 45.713, 151.372, 45.7662, -28.6793, 0.00588264, -125.364, 0.639199, -119.097, 0.639904, 60.9774
1130, 18.82500, 0.331042, 143.561, 45.6948, 151.369, 45.7475, -28.6816, 0.00589128, -125.399, 0.639241, -119.099, 0.639938, 60.9751
1130, 18.83333, 0.331411, 143.519, 45.6766, 151.366, 45.7287, -28.6839, 0.00589993, -125.435, 0.639284, -119.102, 0.639973, 60.9728
1131, 18.84167, 0.33178, 143.477, 45.6584, 151.363, 45.71, -28.6863, 0.00590858, -125.47, 0.639326, -119.105, 0.640007, 60.9705
1131, 18.85000, 0.332149, 143.435, 45.6402, 151.361, 45.6913, -28.6886, 0.00591724, -125.505, 0.639369, -119.107, 0.640042, 60.9682
1132, 18.85833, 0.332518, 143.393, 45.6221, 151.358, 45.6726, -28.691, 0.0059259, -125.541, 0.639412, -119.11, 0.640077, 60.9659
1132, 18.86667, 0.332887, 143.35, 45.604, 151.355, 45.654, -28.6933, 0.00593458, -125.576, 0.639455, -119.113, 0.640112, 60.9636
1133, 18.87500, 0.333256, 143.308, 45.5859, 151.352, 45.6354, -28.6956, 0.00594326, -125.611, 0.639498, -119.116, 0.640147, 60.9613
1133, 18.88333, 0.333625, 143.266, 45.5679, 151.349, 45.6168, -28.698, 0.00595194, -125.647, 0.639541, -119.118, 0.640182, 60.959
1134, 18.89167, 0.333994, 143.224, 45.5498, 151.347, 45.5982, -28.7003, 0.00596064, -125.682, 0.639584, -119.121, 0.640217, 60.9567
1134, 18.90000, 0.334364, 143.182, 45.5318, 151.344, 45.5796, -28.7026, 0.00596934, -125.717, 0.639628, -119.124, 0.640253, 60.9544
1135, 18.90833, 0.334733, 143.14, 45.5139, 151.341, 45.5611, -28.7049, 0.00597805, -125.753, 0.639671, -119.126, 0.640288, 60.9521
1135, 18.91667, 0.335103, 143.098, 45.4959, 151.338, 45.5426, -28.7073, 0.00598676, -125.788, 0.639715, -119.129, 0.640324, 60.9499
1136, 18.92500, 0.335472, 143.056, 45.4779, 151.336, 45.5241, -28.7096, 0.00599549, -125.823, 0.639759, -119.132, 0.640359, 60.9476
1136, 18.93333, 0.335842, 143.014, 45.46, 151.333, 45.5056, -28.7119, 0.00600422, -125.858, 0.639802, -119.135, 0.640395, 60.9453
1137, 18.94167, 0.336212, 142.972, 45.4421, 151.33, 45.4872, -28.7142, 0.00601295, -125.894, 0.639846, -119.137, 0.640431, 60.943
1137, 18.95000, 0.336582, 142.93, 45.4243, 151.327, 45.4688, -28.7165, 0.0060217, -125.929, 0.63989, -119.14, 0.640467, 60.9408
1138, 18.95833, 0.336952, 142.887, 45.4064, 151.325, 45.4504, -28.7188, 0.00603045, -125.964, 0.639935, -119.143, 0.640503, 60.9385
1138, 18.96667, 0.337323, 142.845, 45.3886, 151.322, 45.432, -28.7211, 0.00603921, -126, 0.639979, -119.145, 0.640539, 60.9362
1139, 18.97500, 0.337693, 142.803, 45.3708, 151.319, 45.4137, -28.7234, 0.00604797, -126.035, 0.640023, -119.148, 0.640575, 60.9339
1139, 18.98333, 0.338063, 142.761, 45.353, 151.316, 45.3953, -28.7257, 0.00605675, -126.07, 0.640068, -119.151, 0.640612, 60.9317
1140, 18.99167, 0.338434, 142.719, 45.3353, 151.313, 45.377, -28.728, 0.00606553, -126.106, 0.640112, -119.153, 0.640648, 60.9294
1140, 19.00000, 0.338804, 142.678, 45.3175, 151.311, 45.3587, -28.7303, 0.00607432, -126.141, 0.640157, -119.156, 0.640685, 60.9271
1141, 19.00833, 0.339175, 142.636, 45.2998, 151.308, 45.3405, -28.7326, 0.00608311, -126.176, 0.640202, -119.159, 0.640721, 60.9249
1141, 19.01667, 0.339546, 142.594, 45.2821, 151.305, 45.3222, -28.7349, 0.00609192, -126.211, 0.640247, -119.162, 0.640758, 60.9226
1142, 19.02500, 0.339917, 142.552, 45.2645, 151.302, 45.304, -28.7372, 0.00610073, -126.247, 0.640292, -119.164, 0.640795, 60.9204
1142, 19.03333, 0.340288, 142.51, 45.2468, 151.3, 45.2858, -28.7395, 0.00610954, -126.282, 0.640337, -119.167, 0.640832, 60.9181
1143, 19.04167, 0.340659, 142.468, 45.2292, 151.297, 45.2676, -28.7418, 0.00611837, -126.317, 0.640382, -119.17, 0.640869, 60.9159
1143, 19.05000, 0.341031, 142.426, 45.2116, 151.294, 45.2495, -28.7441, 0.0061272, -126.353, 0.640428, -119.172, 0.640906, 60.9136
1144, 19.05833, 0.341402, 142.384, 45.194, 151.291, 45.2314, -28.7464, 0.00613604, -126.388, 0.640473, -119.175, 0.640943, 60.9114
1144, 19.06667, 0.341774, 142.342, 45.1765, 151.289, 45.2132, -28.7487, 0.00614489, -126.423, 0.640519, -119.178, 0.64098, 60.9091
1145, 19.07500, 0.342146, 142.3, 45.1589, 151.286, 45.1952, -28.751, 0.00615375, -126.458, 0.640565, -119.18, 0.641017, 60.9069
1145, 19.08333, 0.342517, 142.258, 45.1414, 151.283, 45.1771, -28.7532, 0.00616261, -126.494, 0.64061, -119.183, 0.641055, 60.9046
1146, 19.09167, 0.342889, 142.216, 45.1239, 151.28, 45.1591, -28.7555, 0.00617148, -126.529, 0.640656, -119.186, 0.641092, 60.9024
1146, 19.10000, 0.343261, 142.174, 45.1065, 151.278, 45.141, -28.7578, 0.00618036, -126.564, 0.640702, -119.188, 0.64113, 60.9002
1147, 19.10833, 0.343634, 142.133, 45.089, 151.275, 45.123, -28.7601, 0.00618924, -126.6, 0.640749, -119.191, 0.641168, 60.8979
1147, 19.11667, 0.344006, 142.091, 45.0716, 151.272, 45.1051, -28.7623, 0.00619814, -126.635, 0.640795, -119.194, 0.641206, 60.8957
1148, 19.12500, 0.344378, 142.049, 45.0542, 151.269, 45.0871, -28.7646, 0.00620704, -126.67, 0.640841, -119.196, 0.641244, 60.8934
1148, 19.13333, 0.344751, 142.007, 45.0369, 151.267, 45.0692, -28.7669, 0.00621594, -126.705, 0.640888, -119.199, 0.641282, 60.8912
1149, 19.14167, 0.345124, 141.965, 45.0195, 151.264, 45.0513, -28.7691, 0.00622486, -126.741, 0.640934, -119.202, 0.64132, 60.889
1149, 19.15000, 0.345497, 141.923, 45.0022, 151.261, 45.0334, -28.7714, 0.00623378, -126.776, 0.640981, -119.205, 0.641358, 60.8868
1150, 19.15833, 0.345869, 141.881, 44.9849, 151.259, 45.0155, -28.7737, 0.00624271, -126.811, 0.641028, -119.207, 0.641396, 60.8845
1150, 19.16667, 0.346243, 141.84, 44.9676, 151.256, 44.9977, -28.7759, 0.00625165, -126.847, 0.641075, -119.21, 0.641435, 60.8823
1151, 19.17500, 0.346616, 141.798, 44.9503, 151.253, 44.9798, -28.7782, 0.0062606, -126.882, 0.641122, -119.213, 0.641473, 60.8801
1151, 19.18333, 0.346989, 141.756, 44.9331, 151.25, 44.962, -28.7804, 0.00626955, -126.917, 0.641169, -119.215, 0.641512, 60.8779
1152, 19.19167, 0.347363, 141.714, 44.9159, 151.248, 44.9443, -28.7827, 0.00627852, -126.953, 0.641216, -119.218, 0.641551, 60.8757
1152, 19.20000, 0.347736, 141.672, 44.8987, 151.245, 44.9265, -28.785, 0.00628749, -126.988, 0.641264, -119.221, 0.641589, 60.8734
1153, 19.20833, 0.34811, 141.63, 44.8815, 151.242, 44.9088, -28.7872, 0.00629646, -127.023, 0.641311, -119.223, 0.641628, 60.8712
1153, 19.21667, 0.348484, 141.589, 44.8643, 151.239, 44.891, -28.7895, 0.00630545, -127.058, 0.641359, -119.226, 0.641667, 60.869
1154, 19.22500, 0.348858, 141.547, 44.8472, 151.237, 44.8734, -28.7917, 0.00631444, -127.094, 0.641406, -119.229, 0.641706, 60.8668
1154, 19.23333, 0.349232, 141.505, 44.8301, 151.234, 44.8557, -28.7939, 0.00632344, -127.129, 0.641454, -119.231, 0.641746, 60.8646
1155, 19.24167, 0.349607, 141.463, 44.813, 151.231, 44.838, -28.7962, 0.00633245, -127.164, 0.641502, -119.234, 0.641785, 60.8624
1155, 19.25000, 0.349981, 141.421, 44.796, 151.229, 44.8204, -28.7984, 0.00634147, -127.2, 0.64155, -119.237, 0.641824, 60.8602
1156, 19.25833, 0.350356, 141.38, 44.7789, 151.226, 44.8028, -28.8007, 0.0063505, -127.235, 0.641598, -119.239, 0.641864, 60.858
1156, 19.26667, 0.35073, 141.338, 44.7619, 151.223, 44.7852, -28.8029, 0.00635953, -127.27, 0.641646, -119.242, 0.641903, 60.8558
1157, 19.27500, 0.351105, 141.296, 44.7449, 151.22, 44.7676, -28.8051, 0.00636857, -127.306, 0.641695, -119.245, 0.641943, 60.8536
1157, 19.28333, 0.35148, 141.254, 44.7279, 151.218, 44.7501, -28.8074, 0.00637762, -127.341, 0.641743, -119.247, 0.641983, 60.8514
1158, 19.29167, 0.351856, 141.212, 44.711, 151.215, 44.7326, -28.8096, 0.00638668, -127.376, 0.641792, -119.25, 0.642022, 60.8492
1158, 19.30000, 0.352231, 141.171, 44.694, 151.212, 44.7151, -28.8118, 0.00639574, -127.412, 0.641841, -119.252, 0.642062, 60.847
1159, 19.30833, 0.352606, 141.129, 44.6771, 151.21, 44.6976, -28.8141, 0.00640481, -127.447, 0.641889, -119.255, 0.642102, 60.8448
1159, 19.31667, 0.352982, 141.087, 44.6602, 151.207, 44.6801, -28.8163, 0.00641389, -127.483, 0.641938, -119.258, 0.642143, 60.8426
1160, 19.32500, 0.353358, 141.045, 44.6434, 151.204, 44.6627, -28.8185, 0.00642298, -127.518, 0.641987, -119.26, 0.642183, 60.8404
1160, 19.33333, 0.353734, 141.003, 44.6265, 151.201, 44.6453, -28.8207, 0.00643208, -127.553, 0.642036, -119.263, 0.642223, 60.8383
1161, 19.34167, 0.35411, 140.962, 44.6097, 151.199, 44.6279, -28.8229, 0.00644118, -127.589, 0.642085, -119.266, 0.642264, 60.8361
1161, 19.35000, 0.354486, 140.92, 44.5929, 151.196, 44.6105, -28.8252, 0.0064503, -127.624, 0.642135, -119.268, 0.642304, 60.8339
1162, 19.35833, 0.354863, 140.878, 44.5761, 151.193, 44.5932, -28.8274, 0.00645942, -127.659, 0.642184, -119.271, 0.642345, 60.8317
1162, 19.36667, 0.355239, 140.836, 44.5594, 151.191, 44.5758, -28.8296, 0.00646855, -127.695, 0.642234, -119.274, 0.642385, 60.8295
1163, 19.37500, 0.355616, 140.794, 44.5426, 151.188, 44.5585, -28.8318, 0.00647769, -127.73, 0.642283, -119.276, 0.642426, 60.8274
1163, 19.38333, 0.355993, 140.753, 44.5259, 151.185, 44.5412, -28.834, 0.00648683, -127.766, 0.642333, -119.279, 0.642467, 60.8252
1164, 19.39167, 0.35637, 140.711, 44.5092, 151.183, 44.5239, -28.8362, 0.00649599, -127.801, 0.642383, -119.282, 0.642508, 60.823
1164, 19.40000, 0.356747, 140.669, 44.4925, 151.18, 44.5067, -28.8384, 0.00650515, -127.836, 0.642433, -119.284, 0.642549, 60.8209
1165, 19.40833, 0.357125, 140.627, 44.4759, 151.177, 44.4895, -28.8406, 0.00651432, -127.872, 0.642483, -119.287, 0.64259, 60.8187
1165, 19.41667, 0.357502, 140.585, 44.4592, 151.174, 44.4723, -28.8428, 0.0065235, -127.907, 0.642533, -119.29, 0.642631, 60.8165
1166, 19.42500, 0.35788, 140.544, 44.4426, 151.172, 44.4551, -28.845, 0.00653268, -127.943, 0.642584, -119.292, 0.642673, 60.8144
1166, 19.43333, 0.358258, 140.502, 44.426, 151.169, 44.4379, -28.8472, 0.00654188, -127.978, 0.642634, -119.295, 0.642714, 60.8122
1167, 19.44167, 0.358636, 140.46, 44.4095, 151.166, 44.4208, -28.8494, 0.00655108, -128.014, 0.642685, -119.297, 0.642756, 60.81
1167, 19.45000, 0.359014, 140.418, 44.3929, 151.164, 44.4036, -28.8516, 0.00656029, -128.049, 0.642735, -119.3, 0.642797, 60.8079
1168, 19.45833, 0.359392, 140.376, 44.3764, 151.161, 44.3865, -28.8538, 0.00656951, -128.084, 0.642786, -119.303, 0.642839, 60.8057
1168, 19.46667, 0.359771, 140.335, 44.3599, 151.158, 44.3695, -28.856, 0.00657874, -128.12, 0.642837, -119.305, 0.642881, 60.8036
1169, 19.47500, 0.36015, 140.293, 44.3434, 151.156, 44.3524, -28.8582, 0.00658798, -128.155, 0.642888, -119.308, 0.642923, 60.8014
1169, 19.48333, 0.360529, 140.251, 44.3269, 151.153, 44.3353, -28.8604, 0.00659722, -128.191, 0.642939, -119.311, 0.642965, 60.7993
1170, 19.49167, 0.360908, 140.209, 44.3105, 151.15, 44.3183, -28.8626, 0.00660648, -128.226, 0.64299, -119.313, 0.643007, 60.7971
1170, 19.50000, 0.361287, 140.167, 44.2941, 151.148, 44.3013, -28.8647, 0.00661574, -128.262, 0.643041, -119.316, 0.643049, 60.795
1171, 19.50833, 0.361666, 140.125, 44.2777, 151.145, 44.2843, -28.8669, 0.00662501, -128.297, 0.643093, -119.319, 0.643091, 60.7928
1171, 19.51667, 0.362046, 140.084, 44.2613, 151.142, 44.2674, -28.8691, 0.00663429, -128.333, 0.643144, -119.321, 0.643134, 60.7907
1172, 19.52500, 0.362426, 140.042, 44.2449, 151.14, 44.2504, -28.8713, 0.00664358, -128.368, 0.643196, -119.324, 0.643176, 60.7885
1172, 19.53333, 0.362806, 140, 44.2286, 151.137, 44.2335, -28.8735, 0.00665287, -128.404, 0.643248, -119.326, 0.643219, 60.7864
1173, 19.54167, 0.363186, 139.958, 44.2123, 151.134, 44.2166, -28.8756, 0.00666218, -128.44, 0.6433, -119.329, 0.643262, 60.7842
1173, 19.55000, 0.363566, 139.916, 44.196, 151.132, 44.1997, -28.8778, 0.00667149, -128.475, 0.643351, -119.332, 0.643304, 60.7821
1174, 19.55833, 0.363946, 139.874, 44.1797, 151.129, 44.1829, -28.88, 0.00668081, -128.511, 0.643404, -119.334, 0.643347, 60.78
1174, 19.56667, 0.364327, 139.832, 44.1635, 151.126, 44.166, -28.8821, 0.00669014, -128.546, 0.643456, -119.337, 0.64339, 60.7778
1175, 19.57500, 0.364708, 139.791, 44.1472, 151.123, 44.1492, -28.8843, 0.00669948, -128.582, 0.643508, -119.34, 0.643433, 60.7757
1175, 19.58333, 0.365089, 139.749, 44.131, 151.121, 44.1324, -28.8865, 0.00670883, -128.617, 0.64356, -119.342, 0.643476, 60.7736
1176, 19.59167, 0.36547, 139.707, 44.1148, 151.118, 44.1157, -28.8886, 0.00671818, -128.653, 0.643613, -119.345, 0.643519, 60.7715
1176, 19.60000, 0.365852, 139.665, 44.0986, 151.115, 44.0989, -28.8908, 0.00672755, -128.689, 0.643665, -119.347, 0.643563, 60.7693
1177, 19.60833, 0.366233, 139.623, 44.0825, 151.113, 44.0822, -28.893, 0.00673692, -128.724, 0.643718, -119.35, 0.643606, 60.7672
1177, 19.61667, 0.366615, 139.581, 44.0664, 151.11, 44.0654, -28.8951, 0.0067463, -128.76, 0.643771, -119.353, 0.64365, 60.7651
1178, 19.62500, 0.366997, 139.539, 44.0503, 151.107, 44.0487, -28.8973, 0.00675569, -128.796, 0.643824, -119.355, 0.643693, 60.763
1178, 19.63333, 0.367379, 139.497, 44.0342, 151.105, 44.0321, -28.8994, 0.00676509, -128.831, 0.643877, -119.358, 0.643737, 60.7608
1179, 19.64167, 0.367761, 139.455, 44.0181, 151.102, 44.0154, -28.9016, 0.0067745, -128.867, 0.64393, -119.36, 0.643781, 60.7587
1179, 19.65000, 0.368144, 139.413, 44.002, 151.099, 43.9988, -28.9037, 0.00678392, -128.903, 0.643983, -119.363, 0.643825, 60.7566
1180, 19.65833, 0.368527, 139.371, 43.986, 151.097, 43.9822, -28.9059, 0.00679334, -128.938, 0.644037, -119.366, 0.643869, 60.7545
1180, 19.66667, 0.36891, 139.33, 43.97, 151.094, 43.9656, -28.908, 0.00680278, -128.974, 0.64409, -119.368, 0.643913, 60.7524
1181, 19.67500, 0.369293, 139.288, 43.954, 151.092, 43.949, -28.9102, 0.00681222, -129.01, 0.644144, -119.371, 0.643957, 60.7503
1181, 19.68333, 0.369676, 139.246, 43.9381, 151.089, 43.9324, -28.9123, 0.00682167, -129.045, 0.644197, -119.374, 0.644001, 60.7482
1182, 19.69167, 0.37006, 139.204, 43.9221, 151.086, 43.9159, -28.9145, 0.00683114, -129.081, 0.644251, -119.376, 0.644045, 60.7461
1182, 19.70000, 0.370443, 139.162, 43.9062, 151.084, 43.8994, -28.9166, 0.00684061, -129.117, 0.644305, -119.379, 0.64409, 60.744
1183, 19.70833, 0.370827, 139.12, 43.8903, 151.081, 43.8829, -28.9187, 0.00685008, -129.153, 0.644359, -119.381, 0.644134, 60.7418
1183, 19.71667, 0.371211, 139.078, 43.8744, 151.078, 43.8664, -28.9209, 0.00685957, -129.189, 0.644413, -119.384, 0.644179, 60.7397
1184, 19.72500, 0.371596, 139.036, 43.8585, 151.076, 43.8499, -28.923, 0.00686907, -129.224, 0.644468, -119.387, 0.644224, 60.7376
1184, 19.73333, 0.37198, 138.994, 43.8427, 151.073, 43.8335, -28.9251, 0.00687857, -129.26, 0.644522, -119.389, 0.644268, 60.7355
1185, 19.74167, 0.372365, 138.952, 43.8269, 151.07, 43.8171, -28.9273, 0.00688809, -129.296, 0.644576, -119.392, 0.644313, 60.7335
1185, 19.75000, 0.37275, 138.91, 43.8111, 151.068, 43.8007, -28.9294, 0.00689761, -129.332, 0.644631, -119.394, 0.644358, 60.7314
1186, 19.75833, 0.373135, 138.868, 43.7953, 151.065, 43.7843, -28.9315, 0.00690715, -129.368, 0.644686, -119.397, 0.644403, 60.7293
1186, 19.76667, 0.37352, 138.826, 43.7795, 151.062, 43.7679, -28.9337, 0.00691669, -129.403, 0.64474, -119.4, 0.644449, 60.7272
1187, 19.77500, 0.373906, 138.783, 43.7638, 151.06, 43.7516, -28.9358, 0.00692624, -129.439, 0.644795, -119.402, 0.644494, 60.7251
1187, 19.78333, 0.374291, 138.741, 43.748, 151.057, 43.7353, -28.9379, 0.0069358, -129.475, 0.64485, -119.405, 0.644539, 60.723
1188, 19.79167, 0.374677, 138.699, 43.7323, 151.054, 43.719, -28.94, 0.00694537, -129.511, 0.644905, -119.407, 0.644585, 60.7209
1188, 19.80000, 0.375064, 138.657, 43.7166, 151.052, 43.7027, -28.9421, 0.00695494, -129.547, 0.64496, -119.41, 0.64463, 60.7188
1188, 19.80833, 0.37545, 138.615, 43.701, 151.049, 43.6864, -28.9443, 0.00696453, -129.583, 0.645016, -119.413, 0.644676, 60.7167
1189, 19.81667, 0.375837, 138.573, 43.6853, 151.046, 43.6702, -28.9464, 0.00697413, -129.619, 0.645071, -119.415, 0.644722, 60.7147
1190, 19.82500, 0.376223, 138.531, 43.6697, 151.044, 43.654, -28.9485, 0.00698373, -129.655, 0.645127, -119.418, 0.644767, 60.7126
1190, 19.83333, 0.37661, 138.489, 43.6541, 151.041, 43.6378, -28.9506, 0.00699335, -129.691, 0.645182, -119.42, 0.644813, 60.7105
1190, 19.84167, 0.376998, 138.447, 43.6385, 151.039, 43.6216, -28.9527, 0.00700297, -129.727, 0.645238, -119.423, 0.644859, 60.7084
1191, 19.85000, 0.377385, 138.404, 43.623, 151.036, 43.6054, -28.9548, 0.0070126, -129.763, 0.645294, -119.426, 0.644905, 60.7064
1192, 19.85833, 0.377773, 138.362, 43.6074, 151.033, 43.5893, -28.9569, 0.00702225, -129.799, 0.64535, -119.428, 0.644952, 60.7043
1192, 19.86667, 0.378161, 138.32, 43.5919, 151.031, 43.5731, -28.959, 0.0070319, -129.835, 0.645406, -119.431, 0.644998, 60.7022
1192, 19.87500, 0.378549, 138.278, 43.5764, 151.028, 43.557, -28.9611, 0.00704156, -129.871, 0.645462, -119.433, 0.645044, 60.7001
1193, 19.88333, 0.378937, 138.236, 43.5609, 151.025, 43.5409, -28.9632, 0.00705123, -129.907, 0.645518, -119.436, 0.645091, 60.6981
1194, 19.89167, 0.379326, 138.193, 43.5454, 151.023, 43.5249, -28.9653, 0.00706091, -129.943, 0.645575, -119.439, 0.645137, 60.696
1194, 19.90000, 0.379714, 138.151, 43.53, 151.02, 43.5088, -28.9674, 0.0070706, -129.979, 0.645631, -119.441, 0.645184, 60.694
1194, 19.90833, 0.380103, 138.109, 43.5146, 151.017, 43.4928, -28.9695, 0.00708029, -130.015, 0.645688, -119.444, 0.645231, 60.6919
1195, 19.91667, 0.380492, 138.067, 43.4991, 151.015, 43.4768, -28.9716, 0.00709, -130.051, 0.645745, -119.446, 0.645277, 60.6898
1196, 19.92500, 0.380882, 138.024, 43.4838, 151.012, 43.4608, -28.9737, 0.00709972, -130.087, 0.645802, -119.449, 0.645324, 60.6878
1196, 19.93333, 0.381272, 137.982, 43.4684, 151.01, 43.4448, -28.9758, 0.00710944, -130.124, 0.645858, -119.451, 0.645371, 60.6857
1196, 19.94167, 0.381661, 137.94, 43.453, 151.007, 43.4289, -28.9779, 0.00711918, -130.16, 0.645916, -119.454, 0.645418, 60.6837
1197, 19.95000, 0.382052, 137.897, 43.4377, 151.004, 43.4129, -28.98, 0.00712892, -130.196, 0.645973, -119.457, 0.645466, 60.6816
1198, 19.95833, 0.382442, 137.855, 43.4224, 151.002, 43.397, -28.9821, 0.00713868, -130.232, 0.64603, -119.459, 0.645513, 60.6796
1198, 19.96667, 0.382832, 137.813, 43.4071, 150.999, 43.3811, -28.9842, 0.00714844, -130.268, 0.646087, -119.462, 0.64556, 60.6775
1198, 19.97500, 0.383223, 137.77, 43.3918, 150.996, 43.3652, -28.9862, 0.00715821, -130.305, 0.646145, -119.464, 0.645608, 60.6755
1199, 19.98333, 0.383614, 137.728, 43.3766, 150.994, 43.3494, -28.9883, 0.007168, -130.341, 0.646202, -119.467, 0.645655, 60.6734
1200, 19.99167, 0.384006, 137.686, 43.3614, 150.991, 43.3335, -28.9904, 0.00717779, -130.377, 0.64626, -119.47, 0.645703, 60.6714
1200, 20.00000, 0.384397, 137.643, 43.3461, 150.988, 43.3177, -28.9925, 0.00718759, -130.413, 0.646318, -119.472, 0.645751, 60.6693
1200, 20.00833, 0.384789, 137.601, 43.331, 150.986, 43.3019, -28.9946, 0.0071974, -130.45, 0.646376, -119.475, 0.645799, 60.6673
1201, 20.01667, 0.385181, 137.558, 43.3158, 150.983, 43.2861, -28.9966, 0.00720722, -130.486, 0.646434, -119.477, 0.645847, 60.6652
1202, 20.02500, 0.385573, 137.516, 43.3006, 150.981, 43.2704, -28.9987, 0.00721705, -130.522, 0.646492, -119.48, 0.645895, 60.6632
1202, 20.03333, 0.385965, 137.473, 43.2855, 150.978, 43.2546, -29.0008, 0.00722689, -130.559, 0.64655, -119.483, 0.645943, 60.6612
1202, 20.04167, 0.386358, 137.431, 43.2704, 150.975, 43.2389, -29.0028, 0.00723675, -130.595, 0.646609, -119.485, 0.645991, 60.6591
1203, 20.05000, 0.386751, 137.388, 43.2553, 150.973, 43.2232, -29.0049, 0.0072466, -130.632, 0.646667, -119.488, 0.646039, 60.6571
1204, 20.05833, 0.387144, 137.346, 43.2402, 150.97, 43.2075, -29.007, 0.00725647, -130.668, 0.646726, -119.49, 0.646088, 60.6551
1204, 20.06667, 0.387538, 137.303, 43.2251, 150.968, 43.1918, -29.009, 0.00726635, -130.704, 0.646784, -119.493, 0.646136, 60.653
1204, 20.07500, 0.387931, 137.261, 43.2101, 150.965, 43.1762, -29.0111, 0.00727624, -130.741, 0.646843, -119.495, 0.646185, 60.651
1205, 20.08333, 0.388325, 137.218, 43.1951, 150.962, 43.1605, -29.0132, 0.00728614, -130.777, 0.646902, -119.498, 0.646233, 60.649
1206, 20.09167, 0.388719, 137.175, 43.1801, 150.96, 43.1449, -29.0152, 0.00729605, -130.814, 0.646961, -119.501, 0.646282, 60.647
1206, 20.10000, 0.389114, 137.133, 43.1651, 150.957, 43.1293, -29.0173, 0.00730597, -130.85, 0.64702, -119.503, 0.646331, 60.6449
1206, 20.10833, 0.389508, 137.09, 43.1501, 150.954, 43.1137, -29.0193, 0.00731589, -130.887, 0.647079, -119.506, 0.64638, 60.6429
1207, 20.11667, 0.389903, 137.048, 43.1352, 150.952, 43.0982, -29.0214, 0.00732583, -130.924, 0.647139, -119.508, 0.646429, 60.6409
1208, 20.12500, 0.390298, 137.005, 43.1203, 150.949, 43.0826, -29.0235, 0.00733578, -130.96, 0.647198, -119.511, 0.646478, 60.6389
1208, 20.13333, 0.390694, 136.962, 43.1054, 150.947, 43.0671, -29.0255, 0.00734573, -130.997, 0.647258, -119.513, 0.646527, 60.6368
1208, 20.14167, 0.391089, 136.92, 43.0905, 150.944, 43.0516, -29.0276, 0.0073557, -131.033, 0.647317, -119.516, 0.646577, 60.6348
1209, 20.15000, 0.391485, 136.877, 43.0756, 150.941, 43.0361, -29.0296, 0.00736568, -131.07, 0.647377, -119.519, 0.646626, 60.6328
1210, 20.15833, 0.391881, 136.834, 43.0608, 150.939, 43.0206, -29.0317, 0.00737566, -131.107, 0.647437, -119.521, 0.646676, 60.6308
1210, 20.16667, 0.392278, 136.791, 43.0459, 150.936, 43.0052, -29.0337, 0.00738566, -131.143, 0.647497, -119.524, 0.646725, 60.6288
1210, 20.17500, 0.392674, 136.749, 43.0311, 150.934, 42.9898, -29.0357, 0.00739567, -131.18, 0.647557, -119.526, 0.646775, 60.6268
1211, 20.18333, 0.393071, 136.706, 43.0163, 150.931, 42.9743, -29.0378, 0.00740568, -131.217, 0.647617, -119.529, 0.646825, 60.6248
1212, 20.19167, 0.393468, 136.663, 43.0016, 150.928, 42.959, -29.0398, 0.00741571, -131.254, 0.647677, -119.531, 0.646875, 60.6228
1212, 20.20000, 0.393866, 136.62, 42.9868, 150.926, 42.9436, -29.0419, 0.00742575, -131.29, 0.647738, -119.534, 0.646924, 60.6208
1212, 20.20833, 0.394264, 136.577, 42.9721, 150.923, 42.9282, -29.0439, 0.00743579, -131.327, 0.647798, -119.537, 0.646975, 60.6188
1213, 20.21667, 0.394661, 136.534, 42.9574, 150.921, 42.9129, -29.0459, 0.00744585, -131.364, 0.647859, -119.539, 0.647025, 60.6168
1214, 20.22500, 0.39506, 136.491, 42.9427, 150.918, 42.8976, -29.048, 0.00745592, -131.401, 0.64792, -119.542, 0.647075, 60.6148
1214, 20.23333, 0.395458, 136.448, 42.928, 150.915, 42.8823, -29.05, 0.00746599, -131.438, 0.647981, -119.544, 0.647125, 60.6128
1214, 20.24167, 0.395857, 136.406, 42.9133, 150.913, 42.867, -29.052, 0.00747608, -131.474, 0.648042, -119.547, 0.647176, 60.6108
1215, 20.25000, 0.396256, 136.363, 42.8987, 150.91, 42.8517, -29.0541, 0.00748618, -131.511, 0.648103, -119.549, 0.647226, 60.6088
1216, 20.25833, 0.396655, 136.32, 42.8841, 150.908, 42.8365, -29.0561, 0.00749628, -131.548, 0.648164, -119.552, 0.647277, 60.6068
1216, 20.26667, 0.397055, 136.277, 42.8694, 150.905, 42.8212, -29.0581, 0.0075064, -131.585, 0.648225, -119.555, 0.647327, 60.6048
1216, 20.27500, 0.397454, 136.234, 42.8549, 150.902, 42.806, -29.0601, 0.00751653, -131.622, 0.648286, -119.557, 0.647378, 60.6028
1217, 20.28333, 0.397854, 136.19, 42.8403, 150.9, 42.7908, -29.0622, 0.00752667, -131.659, 0.648348, -119.56, 0.647429, 60.6008
1218, 20.29167, 0.398255, 136.147, 42.8257, 150.897, 42.7756, -29.0642, 0.00753682, -131.696, 0.64841, -119.562, 0.64748, 60.5988
1218, 20.30000, 0.398655, 136.104, 42.8112, 150.894, 42.7605, -29.0662, 0.00754697, -131.733, 0.648471, -119.565, 0.647531, 60.5968
1218, 20.30833, 0.399056, 136.061, 42.7967, 150.892, 42.7453, -29.0682, 0.00755714, -131.77, 0.648533, -119.567, 0.647582, 60.5949
1219, 20.31667, 0.399457, 136.018, 42.7822, 150.889, 42.7302, -29.0702, 0.00756732, -131.807, 0.648595, -119.57, 0.647634, 60.5929
1220, 20.32500, 0.399859, 135.975, 42.7677, 150.887, 42.7151, -29.0722, 0.00757751, -131.844, 0.648657, -119.573, 0.647685, 60.5909
1220, 20.33333, 0.40026, 135.932, 42.7533, 150.884, 42.7, -29.0743, 0.00758771, -131.882, 0.648719, -119.575, 0.647736, 60.5889
1220, 20.34167, 0.400662, 135.889, 42.7388, 150.882, 42.685, -29.0763, 0.00759792, -131.919, 0.648782, -119.578, 0.647788, 60.5869
1221, 20.35000, 0.401064, 135.845, 42.7244, 150.879, 42.6699, -29.0783, 0.00760814, -131.956, 0.648844, -119.58, 0.647839, 60.585
1222, 20.35833, 0.401467, 135.802, 42.71, 150.876, 42.6549, -29.0803, 0.00761837, -131.993, 0.648906, -119.583, 0.647891, 60.583
1222, 20.36667, 0.40187, 135.759, 42.6956, 150.874, 42.6399, -29.0823, 0.00762861, -132.03, 0.648969, -119.585, 0.647943, 60.581
1223, 20.37500, 0.402273, 135.715, 42.6813, 150.871, 42.6249, -29.0843, 0.00763886, -132.068, 0.649032, -119.588, 0.647995, 60.579
1223, 20.38333, 0.402676, 135.672, 42.6669, 150.869, 42.6099, -29.0863, 0.00764912, -132.105, 0.649094, -119.59, 0.648047, 60.5771
1224, 20.39167, 0.40308, 135.629, 42.6526, 150.866, 42.5949, -29.0883, 0.00765939, -132.142, 0.649157, -119.593, 0.648099, 60.5751
1224, 20.40000, 0.403483, 135.585, 42.6383, 150.863, 42.58, -29.0903, 0.00766967, -132.18, 0.64922, -119.596, 0.648151, 60.5731
1225, 20.40833, 0.403888, 135.542, 42.624, 150.861, 42.565, -29.0923, 0.00767996, -132.217, 0.649284, -119.598, 0.648203, 60.5712
1225, 20.41667, 0.404292, 135.499, 42.6097, 150.858, 42.5501, -29.0943, 0.00769027, -132.254, 0.649347, -119.601, 0.648256, 60.5692
1226, 20.42500, 0.404697, 135.455, 42.5955, 150.856, 42.5352, -29.0963, 0.00770058, -132.292, 0.64941, -119.603, 0.648308, 60.5672
1226, 20.43333, 0.405102, 135.412, 42.5812, 150.853, 42.5204, -29.0983, 0.0077109, -132.329, 0.649474, -119.606, 0.64836, 60.5653
1227, 20.44167, 0.405507, 135.368, 42.567, 150.85, 42.5055, -29.1003, 0.00772124, -132.367, 0.649537, -119.608, 0.648413, 60.5633
1227, 20.45000, 0.405913, 135.325, 42.5528, 150.848, 42.4907, -29.1023, 0.00773158, -132.404, 0.649601, -119.611, 0.648466, 60.5614
1228, 20.45833, 0.406319, 135.281, 42.5386, 150.845, 42.4758, -29.1043, 0.00774194, -132.442, 0.649665, -119.613, 0.648519, 60.5594
1228, 20.46667, 0.406725, 135.237, 42.5245, 150.843, 42.461, -29.1063, 0.00775231, -132.479, 0.649728, -119.616, 0.648571, 60.5575
1229, 20.47500, 0.407131, 135.194, 42.5103, 150.84, 42.4463, -29.1082, 0.00776268, -132.517, 0.649792, -119.619, 0.648624, 60.5555
1229, 20.48333, 0.407538, 135.15, 42.4962, 150.837, 42.4315, -29.1102, 0.00777307, -132.554, 0.649857, -119.621, 0.648678, 60.5536
1230, 20.49167, 0.407945, 135.107, 42.4821, 150.835, 42.4167, -29.1122, 0.00778347, -132.592, 0.649921, -119.624, 0.648731, 60.5516
1230, 20.50000, 0.408352, 135.063, 42.468, 150.832, 42.402, -29.1142, 0.00779388, -132.63, 0.649985, -119.626, 0.648784, 60.5497
1231, 20.50833, 0.40876, 135.019, 42.4539, 150.83, 42.3873, -29.1162, 0.0078043, -132.667, 0.65005, -119.629, 0.648837, 60.5477
1231, 20.51667, 0.409168, 134.975, 42.4399, 150.827, 42.3726, -29.1182, 0.00781473, -132.705, 0.650114, -119.631, 0.648891, 60.5458
1232, 20.52500, 0.409576, 134.932, 42.4258, 150.825, 42.3579, -29.1201, 0.00782517, -132.743, 0.650179, -119.634, 0.648944, 60.5438
1232, 20.53333, 0.409984, 134.888, 42.4118, 150.822, 42.3432, -29.1221, 0.00783562, -132.78, 0.650244, -119.636, 0.648998, 60.5419
1233, 20.54167, 0.410393, 134.844, 42.3978, 150.819, 42.3286, -29.1241, 0.00784608, -132.818, 0.650308, -119.639, 0.649052, 60.5399
1233, 20.55000, 0.410802, 134.8, 42.3838, 150.817, 42.314, -29.1261, 0.00785656, -132.856, 0.650373, -119.642, 0.649105, 60.538
1234, 20.55833, 0.411212, 134.756, 42.3698, 150.814, 42.2994, -29.128, 0.00786704, -132.894, 0.650438, -119.644, 0.649159, 60.5361
1234, 20.56667, 0.411621, 134.712, 42.3559, 150.812, 42.2848, -29.13, 0.00787754, -132.932, 0.650504, -119.647, 0.649213, 60.5341
1235, 20.57500, 0.412031, 134.668, 42.342, 150.809, 42.2702, -29.132, 0.00788804, -132.97, 0.650569, -119.649, 0.649267, 60.5322
1235, 20.58333, 0.412442, 134.625, 42.328, 150.806, 42.2556, -29.1339, 0.00789856, -133.008, 0.650634, -119.652, 0.649321, 60.5303
1236, 20.59167, 0.412852, 134.581, 42.3141, 150.804, 42.2411, -29.1359, 0.00790908, -133.045, 0.6507, -119.654, 0.649376, 60.5283
1236, 20.60000, 0.413263, 134.537, 42.3003, 150.801, 42.2265, -29.1379, 0.00791962, -133.083, 0.650766, -119.657, 0.64943, 60.5264
1237, 20.60833, 0.413674, 134.492, 42.2864, 150.799, 42.212, -29.1398, 0.00793017, -133.121, 0.650831, -119.659, 0.649484, 60.5245
1237, 20.61667, 0.414086, 134.448, 42.2726, 150.796, 42.1975, -29.1418, 0.00794073, -133.16, 0.650897, -119.662, 0.649539, 60.5225
1238, 20.62500, 0.414498, 134.404, 42.2587, 150.794, 42.1831, -29.1438, 0.0079513, -133.198, 0.650963, -119.665, 0.649594, 60.5206
1238, 20.63333, 0.41491, 134.36, 42.2449, 150.791, 42.1686, -29.1457, 0.00796189, -133.236, 0.651029, -119.667, 0.649648, 60.5187
1239, 20.64167, 0.415322, 134.316, 42.2311, 150.788, 42.1542, -29.1477, 0.00797248, -133.274, 0.651095, -119.67, 0.649703, 60.5168
1239, 20.65000, 0.415735, 134.272, 42.2174, 150.786, 42.1397, -29.1496, 0.00798308, -133.312, 0.651162, -119.672, 0.649758, 60.5148
1240, 20.65833, 0.416148, 134.228, 42.2036, 150.783, 42.1253, -29.1516, 0.0079937, -133.35, 0.651228, -119.675, 0.649813, 60.5129
1240, 20.66667, 0.416561, 134.183, 42.1899, 150.781, 42.111, -29.1535, 0.00800432, -133.388, 0.651295, -119.677, 0.649868, 60.511
1241, 20.67500, 0.416975, 134.139, 42.1762, 150.778, 42.0966, -29.1555, 0.00801496, -133.427, 0.651361, -119.68, 0.649923, 60.5091
1241, 20.68333, 0.417389, 134.095, 42.1625, 150.775, 42.0822, -29.1574, 0.00802561, -133.465, 0.651428, -119.682, 0.649979, 60.5072
1242, 20.69167, 0.417803, 134.05, 42.1488, 150.773, 42.0679, -29.1594, 0.00803627, -133.503, 0.651495, -119.685, 0.650034, 60.5053
1242, 20.70000, 0.418218, 134.006, 42.1351, 150.77, 42.0536, -29.1613, 0.00804694, -133.542, 0.651562, -119.688, 0.650089, 60.5033
1243, 20.70833, 0.418633, 133.962, 42.1215, 150.768, 42.0393, -29.1633, 0.00805762, -133.58, 0.651629, -119.69, 0.650145, 60.5014
1243, 20.71667, 0.419048, 133.917, 42.1078, 150.765, 42.025, -29.1652, 0.00806831, -133.618, 0.651696, -119.693, 0.6502, 60.4995
1244, 20.72500, 0.419464, 133.873, 42.0942, 150.763, 42.0107, -29.1672, 0.00807902, -133.657, 0.651763, -119.695, 0.650256, 60.4976
1244, 20.73333, 0.419879, 133.828, 42.0806, 150.76, 41.9964, -29.1691, 0.00808973, -133.695, 0.651831, -119.698, 0.650312, 60.4957
1245, 20.74167, 0.420296, 133.784, 42.067, 150.757, 41.9822, -29.171, 0.00810046, -133.734, 0.651898, -119.7, 0.650368, 60.4938
1245, 20.75000, 0.420712, 133.739, 42.0535, 150.755, 41.968, -29.173, 0.0081112, -133.772, 0.651966, -119.703, 0.650424, 60.4919
1246, 20.75833, 0.421129, 133.694, 42.0399, 150.752, 41.9538, -29.1749, 0.00812194, -133.811, 0.652033, -119.705, 0.65048, 60.49
1246, 20.76667, 0.421546, 133.65, 42.0264, 150.75, 41.9396, -29.1768, 0.00813271, -133.849, 0.652101, -119.708, 0.650536, 60.4881
1247, 20.77500, 0.421964, 133.605, 42.0129, 150.747, 41.9254, -29.1788, 0.00814348, -133.888, 0.652169, -119.71, 0.650592, 60.4862
1247, 20.78333, 0.422381, 133.56, 41.9994, 150.745, 41.9113, -29.1807, 0.00815426, -133.927, 0.652237, -119.713, 0.650649, 60.4843
1248, 20.79167, 0.4228, 133.516, 41.9859, 150.742, 41.8971, -29.1826, 0.00816505, -133.965, 0.652305, -119.716, 0.650705, 60.4824
1248, 20.80000, 0.423218, 133.471, 41.9725, 150.739, 41.883, -29.1846, 0.00817586, -134.004, 0.652374, -119.718, 0.650762, 60.4805
1249, 20.80833, 0.423637, 133.426, 41.959, 150.737, 41.8689, -29.1865, 0.00818667, -134.043, 0.652442, -119.721, 0.650818, 60.4786
1249, 20.81667, 0.424056, 133.381, 41.9456, 150.734, 41.8548, -29.1884, 0.0081975, -134.082, 0.65251, -119.723, 0.650875, 60.4767
1250, 20.82500, 0.424475, 133.336, 41.9322, 150.732, 41.8408, -29.1903, 0.00820834, -134.121, 0.652579, -119.726, 0.650932, 60.4748
1250, 20.83333, 0.424895, 133.291, 41.9188, 150.729, 41.8267, -29.1923, 0.00821919, -134.159, 0.652648, -119.728, 0.650989, 60.4729
1251, 20.84167, 0.425315, 133.247, 41.9054, 150.727, 41.8127, -29.1942, 0.00823006, -134.198, 0.652717, -119.731, 0.651046, 60.4711
1251, 20.85000, 0.425735, 133.202, 41.8921, 150.724, 41.7986, -29.1961, 0.00824093, -134.237, 0.652785, -119.733, 0.651103, 60.4692
1252, 20.85833, 0.426156, 133.157, 41.8787, 150.721, 41.7846, -29.198, 0.00825181, -134.276, 0.652855, -119.736, 0.65116, 60.4673
1252, 20.86667, 0.426577, 133.112, 41.8654, 150.719, 41.7707, -29.1999, 0.00826271, -134.315, 0.652924, -119.739, 0.651217, 60.4654
1253, 20.87500, 0.426999, 133.066, 41.8521, 150.716, 41.7567, -29.2019, 0.00827362, -134.354, 0.652993, -119.741, 0.651275, 60.4635
1253, 20.88333, 0.42742, 133.021, 41.8388, 150.714, 41.7427, -29.2038, 0.00828454, -134.393, 0.653062, -119.744, 0.651332, 60.4616
1254, 20.89167, 0.427843, 132.976, 41.8255, 150.711, 41.7288, -29.2057, 0.00829547, -134.432, 0.653132, -119.746, 0.65139, 60.4598
1254, 20.90000, 0.428265, 132.931, 41.8123, 150.709, 41.7149, -29.2076, 0.00830641, -134.472, 0.653201, -119.749, 0.651447, 60.4579
1255, 20.90833, 0.428688, 132.886, 41.799, 150.706, 41.701, -29.2095, 0.00831737, -134.511, 0.653271, -119.751, 0.651505, 60.456
1255, 20.91667, 0.429111, 132.841, 41.7858, 150.703, 41.6871, -29.2114, 0.00832833, -134.55, 0.653341, -119.754, 0.651563, 60.4541
1256, 20.92500, 0.429534, 132.795, 41.7726, 150.701, 41.6732, -29.2133, 0.00833931, -134.589, 0.653411, -119.756, 0.651621, 60.4523
1256, 20.93333, 0.429958, 132.75, 41.7594, 150.698, 41.6593, -29.2152, 0.0083503, -134.628, 0.653481, -119.759, 0.651679, 60.4504
1257, 20.94167, 0.430382, 132.705, 41.7463, 150.696, 41.6455, -29.2171, 0.0083613, -134.668, 0.653551, -119.761, 0.651737, 60.4485
1257, 20.95000, 0.430807, 132.659, 41.7331, 150.693, 41.6317, -29.219, 0.00837231, -134.707, 0.653621, -119.764, 0.651795, 60.4467
1258, 20.95833, 0.431231, 132.614, 41.72, 150.691, 41.6179, -29.2209, 0.00838334, -134.747, 0.653691, -119.767, 0.651853, 60.4448
1258, 20.96667, 0.431657, 132.568, 41.7069, 150.688, 41.6041, -29.2228, 0.00839437, -134.786, 0.653762, -119.769, 0.651912, 60.4429
1259, 20.97500, 0.432082, 132.523, 41.6938, 150.685, 41.5903, -29.2247, 0.00840542, -134.825, 0.653832, -119.772, 0.65197, 60.4411
1259, 20.98333, 0.432508, 132.477, 41.6807, 150.683, 41.5766, -29.2266, 0.00841648, -134.865, 0.653903, -119.774, 0.652029, 60.4392
1260, 20.99167, 0.432934, 132.432, 41.6676, 150.68, 41.5628, -29.2285, 0.00842755, -134.904, 0.653974, -119.777, 0.652087, 60.4373
1260, 21.00000, 0.43336, 132.386, 41.6546, 150.678, 41.5491, -29.2304, 0.00843863, -134.944, 0.654045, -119.779, 0.652146, 60.4355
1261, 21.00833, 0.433787, 132.34, 41.6415, 150.675, 41.5354, -29.2323, 0.00844973, -134.984, 0.654116, -119.782, 0.652205, 60.4336
1261, 21.01667, 0.434215, 132.295, 41.6285, 150.673, 41.5217, -29.2342, 0.00846083, -135.023, 0.654187, -119.784, 0.652264, 60.4318
1262, 21.02500, 0.434642, 132.249, 41.6155, 150.67, 41.508, -29.2361, 0.00847195, -135.063, 0.654258, -119.787, 0.652323, 60.4299
1262, 21.03333, 0.43507, 132.203, 41.6025, 150.667, 41.4943, -29.238, 0.00848308, -135.103, 0.65433, -119.789, 0.652382, 60.428
1263, 21.04167, 0.435498, 132.157, 41.5896, 150.665, 41.4807, -29.2399, 0.00849422, -135.142, 0.654401, -119.792, 0.652441, 60.4262
1263, 21.05000, 0.435927, 132.111, 41.5766, 150.662, 41.4671, -29.2418, 0.00850538, -135.182, 0.654473, -119.795, 0.6525, 60.4243
1264, 21.05833, 0.436356, 132.065, 41.5637, 150.66, 41.4535, -29.2437, 0.00851654, -135.222, 0.654544, -119.797, 0.65256, 60.4225
1264, 21.06667, 0.436785, 132.02, 41.5508, 150.657, 41.4399, -29.2455, 0.00852772, -135.262, 0.654616, -119.8, 0.652619, 60.4206
1265, 21.07500, 0.437215, 131.974, 41.5379, 150.655, 41.4263, -29.2474, 0.00853891, -135.302, 0.654688, -119.802, 0.652679, 60.4188
1265, 21.08333, 0.437645, 131.928, 41.525, 150.652, 41.4127, -29.2493, 0.00855011, -135.342, 0.65476, -119.805, 0.652738, 60.4169
1266, 21.09167, 0.438075, 131.881, 41.5121, 150.649, 41.3992, -29.2512, 0.00856133, -135.382, 0.654832, -119.807, 0.652798, 60.4151
1266, 21.10000, 0.438506, 131.835, 41.4993, 150.647, 41.3856, -29.2531, 0.00857255, -135.422, 0.654904, -119.81, 0.652858, 60.4133
1267, 21.10833, 0.438937, 131.789, 41.4864, 150.644, 41.3721, -29.2549, 0.00858379, -135.462, 0.654977, -119.812, 0.652918, 60.4114
1267, 21.11667, 0.439369, 131.743, 41.4736, 150.642, 41.3586, -29.2568, 0.00859504, -135.502, 0.655049, -119.815, 0.652978, 60.4096
1268, 21.12500, 0.4398, 131.697, 41.4608, 150.639, 41.3451, -29.2587, 0.0086063, -135.542, 0.655122, -119.818, 0.653038, 60.4077
1268, 21.13333, 0.440233, 131.651, 41.448, 150.637, 41.3317, -29.2606, 0.00861757, -135.582, 0.655194, -119.82, 0.653098, 60.4059
1269, 21.14167, 0.440665, 131.604, 41.4352, 150.634, 41.3182, -29.2624, 0.00862886, -135.622, 0.655267, -119.823, 0.653158, 60.4041
1269, 21.15000, 0.441098, 131.558, 41.4225, 150.632, 41.3048, -29.2643, 0.00864016, -135.663, 0.65534, -119.825, 0.653219, 60.4022
1270, 21.15833, 0.441531, 131.512, 41.4098, 150.629, 41.2914, -29.2662, 0.00865146, -135.703, 0.655413, -119.828, 0.653279, 60.4004
1270, 21.16667, 0.441965, 131.465, 41.397, 150.626, 41.2779, -29.268, 0.00866279, -135.743, 0.655486, -119.83, 0.65334, 60.3986
1271, 21.17500, 0.442399, 131.419, 41.3843, 150.624, 41.2646, -29.2699, 0.00867412, -135.784, 0.655559, -119.833, 0.6534, 60.3967
1271, 21.18333, 0.442833, 131.372, 41.3717, 150.621, 41.2512, -29.2718, 0.00868547, -135.824, 0.655633, -119.835, 0.653461, 60.3949
1272, 21.19167, 0.443268, 131.326, 41.359, 150.619, 41.2378, -29.2736, 0.00869683, -135.865, 0.655706, -119.838, 0.653522, 60.3931
1272, 21.20000, 0.443703, 131.279, 41.3463, 150.616, 41.2245, -29.2755, 0.0087082, -135.905, 0.65578, -119.84, 0.653583, 60.3912
1273, 21.20833, 0.444139, 131.232, 41.3337, 150.614, 41.2112, -29.2774, 0.00871958, -135.946, 0.655853, -119.843, 0.653644, 60.3894
1273, 21.21667, 0.444574, 131.186, 41.3211, 150.611, 41.1978, -29.2792, 0.00873097, -135.986, 0.655927, -119.846, 0.653705, 60.3876
1274, 21.22500, 0.445011, 131.139, 41.3085, 150.608, 41.1845, -29.2811, 0.00874238, -136.027, 0.656001, -119.848, 0.653766, 60.3858
1274, 21.23333, 0.445447, 131.092, 41.2959, 150.606, 41.1713, -29.2829, 0.0087538, -136.068, 0.656075, -119.851, 0.653827, 60.3839
1275, 21.24167, 0.445884, 131.045, 41.2833, 150.603, 41.158, -29.2848, 0.00876523, -136.108, 0.656149, -119.853, 0.653889, 60.3821
1275, 21.25000, 0.446321, 130.999, 41.2707, 150.601, 41.1448, -29.2866, 0.00877668, -136.149, 0.656223, -119.856, 0.65395, 60.3803
1276, 21.25833, 0.446759, 130.952, 41.2582, 150.598, 41.1315, -29.2885, 0.00878813, -136.19, 0.656298, -119.858, 0.654012, 60.3785
1276, 21.26667, 0.447197, 130.905, 41.2457, 150.596, 41.1183, -29.2903, 0.0087996, -136.231, 0.656372, -119.861, 0.654073, 60.3767
1277, 21.27500, 0.447636, 130.858, 41.2332, 150.593, 41.1051, -29.2922, 0.00881108, -136.272, 0.656447, -119.863, 0.654135, 60.3749
1277, 21.28333, 0.448074, 130.811, 41.2207, 150.59, 41.0919, -29.294, 0.00882258, -136.312, 0.656521, -119.866, 0.654197, 60.373
1278, 21.29167, 0.448514, 130.764, 41.2082, 150.588, 41.0787, -29.2959, 0.00883408, -136.353, 0.656596, -119.869, 0.654259, 60.3712
1278, 21.30000, 0.448953, 130.717, 41.1957, 150.585, 41.0656, -29.2977, 0.0088456, -136.394, 0.656671, -119.871, 0.654321, 60.3694
1279, 21.30833, 0.449393, 130.669, 41.1833, 150.583, 41.0525, -29.2996, 0.00885713, -136.435, 0.656746, -119.874, 0.654383, 60.3676
1279, 21.31667, 0.449833, 130.622, 41.1709, 150.58, 41.0393, -29.3014, 0.00886867, -136.477, 0.656821, -119.876, 0.654445, 60.3658
1280, 21.32500, 0.450274, 130.575, 41.1585, 150.578, 41.0262, -29.3033, 0.00888023, -136.518, 0.656896, -119.879, 0.654508, 60.364
1280, 21.33333, 0.450715, 130.528, 41.1461, 150.575, 41.0131, -29.3051, 0.0088918, -136.559, 0.656972, -119.881, 0.65457, 60.3622
1281, 21.34167, 0.451157, 130.48, 41.1337, 150.573, 41, -29.3069, 0.00890338, -136.6, 0.657047, -119.884, 0.654632, 60.3604
1281, 21.35000, 0.451599, 130.433, 41.1213, 150.57, 40.987, -29.3088, 0.00891497, -136.641, 0.657122, -119.886, 0.654695, 60.3586
1282, 21.35833, 0.452041, 130.385, 41.109, 150.567, 40.9739, -29.3106, 0.00892658, -136.683, 0.657198, -119.889, 0.654758, 60.3568
1282, 21.36667, 0.452483, 130.338, 41.0966, 150.565, 40.9609, -29.3124, 0.00893819, -136.724, 0.657274, -119.892, 0.65482, 60.355
1283, 21.37500, 0.452926, 130.29, 41.0843, 150.562, 40.9479, -29.3143, 0.00894982, -136.765, 0.65735, -119.894, 0.654883, 60.3532
1283, 21.38333, 0.45337, 130.243, 41.072, 150.56, 40.9349, -29.3161, 0.00896147, -136.807, 0.657426, -119.897, 0.654946, 60.3514
1284, 21.39167, 0.453814, 130.195, 41.0598, 150.557, 40.9219, -29.3179, 0.00897312, -136.848, 0.657502, -119.899, 0.655009, 60.3496
1284, 21.40000, 0.454258, 130.148, 41.0475, 150.555, 40.9089, -29.3198, 0.00898479, -136.89, 0.657578, -119.902, 0.655072, 60.3478
1285, 21.40833, 0.454702, 130.1, 41.0352, 150.552, 40.896, -29.3216, 0.00899647, -136.931, 0.657655, -119.904, 0.655136, 60.346
1285, 21.41667, 0.455147, 130.052, 41.023, 150.549, 40.883, -29.3234, 0.00900817, -136.973, 0.657731, -119.907, 0.655199, 60.3442
1286, 21.42500, 0.455592, 130.004, 41.0108, 150.547, 40.8701, -29.3253, 0.00901987, -137.015, 0.657808, -119.909, 0.655262, 60.3424
1286, 21.43333, 0.456038, 129.956, 40.9986, 150.544, 40.8572, -29.3271, 0.00903159, -137.056, 0.657884, -119.912, 0.655326, 60.3406
1287, 21.44167, 0.456484, 129.908, 40.9864, 150.542, 40.8443, -29.3289, 0.00904332, -137.098, 0.657961, -119.915, 0.655389, 60.3389
1287, 21.45000, 0.456931, 129.86, 40.9742, 150.539, 40.8314, -29.3307, 0.00905506, -137.14, 0.658038, -119.917, 0.655453, 60.3371
1288, 21.45833, 0.457378, 129.812, 40.9621, 150.537, 40.8186, -29.3325, 0.00906682, -137.182, 0.658115, -119.92, 0.655517, 60.3353
1288, 21.46667, 0.457825, 129.764, 40.9499, 150.534, 40.8057, -29.3344, 0.00907859, -137.224, 0.658192, -119.922, 0.655581, 60.3335
1289, 21.47500, 0.458273, 129.716, 40.9378, 150.531, 40.7929, -29.3362, 0.00909037, -137.266, 0.658269, -119.925, 0.655645, 60.3317
1289, 21.48333, 0.458721, 129.668, 40.9257, 150.529, 40.7801, -29.338, 0.00910217, -137.308, 0.658347, -119.927, 0.655709, 60.3299
1290, 21.49167, 0.459169, 129.62, 40.9136, 150.526, 40.7673, -29.3398, 0.00911398, -137.35, 0.658424, -119.93, 0.655773, 60.3282
1290, 21.50000, 0.459618, 129.572, 40.9015, 150.524, 40.7545, -29.3416, 0.0091258, -137.392, 0.658502, -119.932, 0.655837, 60.3264
1291, 21.50833, 0.460067, 129.523, 40.8895, 150.521, 40.7417, -29.3434, 0.00913763, -137.434, 0.658579, -119.935, 0.655901, 60.3246
1291, 21.51667, 0.460517, 129.475, 40.8774, 150.519, 40.729, -29.3453, 0.00914948, -137.476, 0.658657, -119.938, 0.655966, 60.3228
1292, 21.52500, 0.460967, 129.427, 40.8654, 150.516, 40.7162, -29.3471, 0.00916134, -137.518, 0.658735, -119.94, 0.65603, 60.3211
1292, 21.53333, 0.461417, 129.378, 40.8534, 150.513, 40.7035, -29.3489, 0.00917321, -137.561, 0.658813, -119.943, 0.656095, 60.3193
1293, 21.54167, 0.461868, 129.33, 40.8414, 150.511, 40.6908, -29.3507, 0.00918509, -137.603, 0.658891, -119.945, 0.65616, 60.3175
1293, 21.55000, 0.46232, 129.281, 40.8294, 150.508, 40.6781, -29.3525, 0.00919699, -137.645, 0.658969, -119.948, 0.656224, 60.3157
1294, 21.55833, 0.462771, 129.232, 40.8174, 150.506, 40.6654, -29.3543, 0.0092089, -137.688, 0.659048, -119.95, 0.656289, 60.314
1294, 21.56667, 0.463223, 129.184, 40.8055, 150.503, 40.6527, -29.3561, 0.00922083, -137.73, 0.659126, -119.953, 0.656354, 60.3122
1295, 21.57500, 0.463676, 129.135, 40.7935, 150.501, 40.6401, -29.3579, 0.00923276, -137.773, 0.659205, -119.956, 0.656419, 60.3104
1295, 21.58333, 0.464129, 129.086, 40.7816, 150.498, 40.6274, -29.3597, 0.00924471, -137.815, 0.659284, -119.958, 0.656484, 60.3087
1296, 21.59167, 0.464582, 129.038, 40.7697, 150.495, 40.6148, -29.3615, 0.00925667, -137.858, 0.659362, -119.961, 0.65655, 60.3069
1296, 21.60000, 0.465035, 128.989, 40.7578, 150.493, 40.6022, -29.3633, 0.00926865, -137.901, 0.659441, -119.963, 0.656615, 60.3051
1297, 21.60833, 0.46549, 128.94, 40.7459, 150.49, 40.5896, -29.3651, 0.00928064, -137.943, 0.65952, -119.966, 0.65668, 60.3034
1297, 21.61667, 0.465944, 128.891, 40.7341, 150.488, 40.577, -29.3669, 0.00929264, -137.986, 0.659599, -119.968, 0.656746, 60.3016
1298, 21.62500, 0.466399, 128.842, 40.7222, 150.485, 40.5645, -29.3687, 0.00930465, -138.029, 0.659679, -119.971, 0.656812, 60.2999
1298, 21.63333, 0.466854, 128.793, 40.7104, 150.483, 40.5519, -29.3705, 0.00931668, -138.072, 0.659758, -119.973, 0.656877, 60.2981
1299, 21.64167, 0.46731, 128.744, 40.6986, 150.48, 40.5394, -29.3723, 0.00932872, -138.115, 0.659838, -119.976, 0.656943, 60.2964
1299, 21.65000, 0.467766, 128.694, 40.6868, 150.477, 40.5269, -29.3741, 0.00934077, -138.158, 0.659917, -119.979, 0.657009, 60.2946
1300, 21.65833, 0.468223, 128.645, 40.675, 150.475, 40.5144, -29.3759, 0.00935284, -138.201, 0.659997, -119.981, 0.657075, 60.2928
1300, 21.66667, 0.46868, 128.596, 40.6632, 150.472, 40.5019, -29.3776, 0.00936492, -138.244, 0.660077, -119.984, 0.657141, 60.2911
1301, 21.67500, 0.469137, 128.547, 40.6515, 150.47, 40.4894, -29.3794, 0.00937701, -138.287, 0.660157, -119.986, 0.657207, 60.2893
1301, 21.68333, 0.469595, 128.497, 40.6398, 150.467, 40.477, -29.3812, 0.00938912, -138.33, 0.660237, -119.989, 0.657274, 60.2876
1302, 21.69167, 0.470053, 128.448, 40.628, 150.465, 40.4645, -29.383, 0.00940124, -138.373, 0.660317, -119.991, 0.65734, 60.2858
1302, 21.70000, 0.470512, 128.398, 40.6163, 150.462, 40.4521, -29.3848, 0.00941337, -138.417, 0.660397, -119.994, 0.657406, 60.2841
1303, 21.70833, 0.470971, 128.349, 40.6046, 150.459, 40.4397, -29.3866, 0.00942552, -138.46, 0.660477, -119.997, 0.657473, 60.2824
1303, 21.71667, 0.47143, 128.299, 40.593, 150.457, 40.4273, -29.3884, 0.00943768, -138.503, 0.660558, -119.999, 0.65754, 60.2806
1304, 21.72500, 0.47189, 128.249, 40.5813, 150.454, 40.4149, -29.3901, 0.00944985, -138.547, 0.660639, -120.002, 0.657606, 60.2789
1304, 21.73333, 0.47235, 128.2, 40.5697, 150.452, 40.4025, -29.3919, 0.00946203, -138.59, 0.660719, -120.004, 0.657673, 60.2771
1305, 21.74167, 0.472811, 128.15, 40.558, 150.449, 40.3902, -29.3937, 0.00947423, -138.634, 0.6608, -120.007, 0.65774, 60.2754
1305, 21.75000, 0.473272, 128.1, 40.5464, 150.447, 40.3778, -29.3955, 0.00948644, -138.677, 0.660881, -120.009, 0.657807, 60.2736
1306, 21.75833, 0.473733, 128.05, 40.5348, 150.444, 40.3655, -29.3972, 0.00949867, -138.721, 0.660962, -120.012, 0.657874, 60.2719
1306, 21.76667, 0.474195, 128, 40.5232, 150.441, 40.3532, -29.399, 0.0095109, -138.765, 0.661043, -120.015, 0.657941, 60.2702
1307, 21.77500, 0.474658, 127.95, 40.5117, 150.439, 40.3409, -29.4008, 0.00952316, -138.808, 0.661125, -120.017, 0.658009, 60.2684
1307, 21.78333, 0.47512, 127.9, 40.5001, 150.436, 40.3286, -29.4026, 0.00953542, -138.852, 0.661206, -120.02, 0.658076, 60.2667
1308, 21.79167, 0.475584, 127.85, 40.4886, 150.434, 40.3163, -29.4043, 0.0095477, -138.896, 0.661288, -120.022, 0.658144, 60.265
1308, 21.80000, 0.476047, 127.8, 40.4771, 150.431, 40.3041, -29.4061, 0.00955999, -138.94, 0.661369, -120.025, 0.658211, 60.2632
1309, 21.80833, 0.476511, 127.75, 40.4656, 150.428, 40.2918, -29.4079, 0.00957229, -138.984, 0.661451, -120.028, 0.658279, 60.2615
1309, 21.81667, 0.476976, 127.699, 40.4541, 150.426, 40.2796, -29.4096, 0.00958461, -139.028, 0.661533, -120.03, 0.658347, 60.2598
1310, 21.82500, 0.477441, 127.649, 40.4426, 150.423, 40.2674, -29.4114, 0.00959694, -139.072, 0.661615, -120.033, 0.658414, 60.258
1310, 21.83333, 0.477906, 127.599, 40.4311, 150.421, 40.2552, -29.4132, 0.00960929, -139.116, 0.661697, -120.035, 0.658482, 60.2563
1311, 21.84167, 0.478372, 127.548, 40.4197, 150.418, 40.243, -29.4149, 0.00962165, -139.16, 0.661779, -120.038, 0.65855, 60.2546
1311, 21.85000, 0.478838, 127.498, 40.4082, 150.416, 40.2309, -29.4167, 0.00963402, -139.204, 0.661861, -120.04, 0.658618, 60.2529
1312, 21.85833, 0.479305, 127.447, 40.3968, 150.413, 40.2187, -29.4184, 0.0096464, -139.249, 0.661944, -120.043, 0.658687, 60.2512
1312, 21.86667, 0.479772, 127.396, 40.3854, 150.41, 40.2066, -29.4202, 0.0096588, -139.293, 0.662026, -120.046, 0.658755, 60.2494
1313, 21.87500, 0.480239, 127.346, 40.374, 150.408, 40.1945, -29.422, 0.00967121, -139.337, 0.662109, -120.048, 0.658823, 60.2477
1313, 21.88333, 0.480707, 127.295, 40.3627, 150.405, 40.1823, -29.4237, 0.00968364, -139.382, 0.662192, -120.051, 0.658892, 60.246
1313, 21.89167, 0.481175, 127.244, 40.3513, 150.403, 40.1702, -29.4255, 0.00969608, -139.426, 0.662275, -120.053, 0.658961, 60.2443
1314, 21.90000, 0.481644, 127.193, 40.34, 150.4, 40.1582, -29.4272, 0.00970853, -139.471, 0.662358, -120.056, 0.659029, 60.2426
1315, 21.90833, 0.482113, 127.142, 40.3286, 150.398, 40.1461, -29.429, 0.00972099, -139.516, 0.662441, -120.059, 0.659098, 60.2408
1315, 21.91667, 0.482583, 127.091, 40.3173, 150.395, 40.134, -29.4307, 0.00973347, -139.56, 0.662524, -120.061, 0.659167, 60.2391
1315, 21.92500, 0.483053, 127.04, 40.306, 150.392, 40.122, -29.4325, 0.00974597, -139.605, 0.662607, -120.064, 0.659236, 60.2374
1316, 21.93333, 0.483523, 126.989, 40.2948, 150.39, 40.11, -29.4342, 0.00975847, -139.65, 0.662691, -120.066, 0.659305, 60.2357
1317, 21.94167, 0.483994, 126.938, 40.2835, 150.387, 40.098, -29.436, 0.00977099, -139.695, 0.662775, -120.069, 0.659374, 60.234
1317, 21.95000, 0.484466, 126.887, 40.2722, 150.385, 40.086, -29.4377, 0.00978353, -139.739, 0.662858, -120.071, 0.659443, 60.2323
1317, 21.95833, 0.484937, 126.836, 40.261, 150.382, 40.074, -29.4395, 0.00979607, -139.784, 0.662942, -120.074, 0.659513, 60.2306
1318, 21.96667, 0.48541, 126.784, 40.2498, 150.379, 40.062, -29.4412, 0.00980863, -139.829, 0.663026, -120.077, 0.659582, 60.2289
1319, 21.97500, 0.485882, 126.733, 40.2386, 150.377, 40.0501, -29.443, 0.00982121, -139.874, 0.66311, -120.079, 0.659652, 60.2272
1319, 21.98333, 0.486355, 126.681, 40.2274, 150.374, 40.0382, -29.4447, 0.00983379, -139.92, 0.663194, -120.082, 0.659721, 60.2255
1319, 21.99167, 0.486829, 126.63, 40.2162, 150.372, 40.0262, -29.4464, 0.0098464, -139.965, 0.663278, -120.084, 0.659791, 60.2238
1320, 22.00000, 0.487303, 126.578, 40.205, 150.369, 40.0143, -29.4482, 0.00985901, -140.01, 0.663363, -120.087, 0.659861, 60.2221
1321, 22.00833, 0.487777, 126.526, 40.1939, 150.366, 40.0024, -29.4499, 0.00987164, -140.055, 0.663447, -120.09, 0.659931, 60.2204
1321, 22.01667, 0.488252, 126.475, 40.1828, 150.364, 39.9905, -29.4516, 0.00988428, -140.101, 0.663532, -120.092, 0.660001, 60.2187
1321, 22.02500, 0.488727, 126.423, 40.1716, 150.361, 39.9787, -29.4534, 0.00989694, -140.146, 0.663617, -120.095, 0.660071, 60.217
1322, 22.03333, 0.489203, 126.371, 40.1605, 150.359, 39.9668, -29.4551, 0.00990961, -140.192, 0.663701, -120.097, 0.660141, 60.2153
1323, 22.04167, 0.489679, 126.319, 40.1494, 150.356, 39.955, -29.4569, 0.00992229, -140.237, 0.663786, -120.1, 0.660211, 60.2136
1323, 22.05000, 0.490156, 126.267, 40.1384, 150.353, 39.9432, -29.4586, 0.00993499, -140.283, 0.663871, -120.103, 0.660282, 60.2119
1323, 22.05833, 0.490633, 126.215, 40.1273, 150.351, 39.9314, -29.4603, 0.0099477, -140.328, 0.663957, -120.105, 0.660352, 60.2102
1324, 22.06667, 0.491111, 126.163, 40.1163, 150.348, 39.9196, -29.462, 0.00996042, -140.374, 0.664042, -120.108, 0.660423, 60.2085
1325, 22.07500, 0.491589, 126.111, 40.1052, 150.346, 39.9078, -29.4638, 0.00997316, -140.42, 0.664127, -120.11, 0.660493, 60.2068
1325, 22.08333, 0.492067, 126.059, 40.0942, 150.343, 39.896, -29.4655, 0.00998591, -140.466, 0.664213, -120.113, 0.660564, 60.2051
1325, 22.09167, 0.492546, 126.006, 40.0832, 150.341, 39.8843, -29.4672, 0.00999868, -140.512, 0.664299, -120.116, 0.660635, 60.2034
1326, 22.10000, 0.493025, 125.954, 40.0722, 150.338, 39.8725, -29.469, 0.0100115, -140.558, 0.664384, -120.118, 0.660706, 60.2018
1327, 22.10833, 0.493505, 125.902, 40.0612, 150.335, 39.8608, -29.4707, 0.0100243, -140.604, 0.66447, -120.121, 0.660777, 60.2001
1327, 22.11667, 0.493985, 125.849, 40.0503, 150.333, 39.8491, -29.4724, 0.0100371, -140.65, 0.664556, -120.123, 0.660848, 60.1984
1327, 22.12500, 0.494466, 125.797, 40.0393, 150.33, 39.8374, -29.4741, 0.0100499, -140.696, 0.664642, -120.126, 0.660919, 60.1967
1328, 22.13333, 0.494947, 125.744, 40.0284, 150.328, 39.8257, -29.4758, 0.0100627, -140.742, 0.664729, -120.129, 0.660991, 60.195
1329, 22.14167, 0.495428, 125.691, 40.0175, 150.325, 39.814, -29.4776, 0.0100756, -140.788, 0.664815, -120.131, 0.661062, 60.1934
1329, 22.15000, 0.49591, 125.639, 40.0066, 150.322, 39.8024, -29.4793, 0.0100884, -140.835, 0.664901, -120.134, 0.661134, 60.1917
1329, 22.15833, 0.496392, 125.586, 39.9957, 150.32, 39.7907, -29.481, 0.0101013, -140.881, 0.664988, -120.136, 0.661205, 60.19
1330, 22.16667, 0.496875, 125.533, 39.9848, 150.317, 39.7791, -29.4827, 0.0101142, -140.927, 0.665075, -120.139, 0.661277, 60.1883
1331, 22.17500, 0.497359, 125.48, 39.974, 150.315, 39.7675, -29.4844, 0.0101271, -140.974, 0.665161, -120.142, 0.661349, 60.1866
1331, 22.18333, 0.497842, 125.427, 39.9632, 150.312, 39.7559, -29.4861, 0.01014, -141.02, 0.665248, -120.144, 0.661421, 60.185
1331, 22.19167, 0.498327, 125.374, 39.9523, 150.309, 39.7443, -29.4878, 0.0101529, -141.067, 0.665335, -120.147, 0.661493, 60.1833
1332, 22.20000, 0.498811, 125.321, 39.9415, 150.307, 39.7327, -29.4896, 0.0101659, -141.114, 0.665423, -120.149, 0.661565, 60.1816
1333, 22.20833, 0.499296, 125.267, 39.9307, 150.304, 39.7212, -29.4913, 0.0101789, -141.161, 0.66551, -120.152, 0.661637, 60.18
1333, 22.21667, 0.499782, 125.214, 39.9199, 150.301, 39.7096, -29.493, 0.0101918, -141.207, 0.665597, -120.155, 0.661709, 60.1783
1333, 22.22500, 0.500268, 125.161, 39.9092, 150.299, 39.6981, -29.4947, 0.0102048, -141.254, 0.665685, -120.157, 0.661782, 60.1766
1334, 22.23333, 0.500754, 125.107, 39.8984, 150.296, 39.6866, -29.4964, 0.0102178, -141.301, 0.665772, -120.16, 0.661854, 60.175
1335, 22.24167, 0.501241, 125.054, 39.8877, 150.294, 39.6751, -29.4981, 0.0102308, -141.348, 0.66586, -120.163, 0.661927, 60.1733
1335, 22.25000, 0.501729, 125, 39.8769, 150.291, 39.6636, -29.4998, 0.0102439, -141.395, 0.665948, -120.165, 0.661999, 60.1716
1335, 22.25833, 0.502217, 124.947, 39.8662, 150.288, 39.6521, -29.5015, 0.0102569, -141.442, 0.666036, -120.168, 0.662072, 60.17
1336, 22.26667, 0.502705, 124.893, 39.8555, 150.286, 39.6406, -29.5032, 0.01027, -141.49, 0.666124, -120.17, 0.662145, 60.1683
1337, 22.27500, 0.503194, 124.839, 39.8448, 150.283, 39.6292, -29.5049, 0.010283, -141.537, 0.666212, -120.173, 0.662218, 60.1666
1337, 22.28333, 0.503683, 124.786, 39.8342, 150.281, 39.6178, -29.5066, 0.0102961, -141.584, 0.6663, -120.176, 0.662291, 60.165
1337, 22.29167, 0.504173, 124.732, 39.8235, 150.278, 39.6063, -29.5083, 0.0103092, -141.632, 0.666389, -120.178, 0.662364, 60.1633
1338, 22.30000, 0.504663, 124.678, 39.8129, 150.275, 39.5949, -29.51, 0.0103223, -141.679, 0.666478, -120.181, 0.662437, 60.1617
1339, 22.30833, 0.505153, 124.624, 39.8023, 150.273, 39.5835, -29.5117, 0.0103355, -141.727, 0.666566, -120.184, 0.662511, 60.16
1339, 22.31667, 0.505644, 124.57, 39.7916, 150.27, 39.5721, -29.5134, 0.0103486, -141.774, 0.666655, -120.186, 0.662584, 60.1584
1339, 22.32500, 0.506136, 124.515, 39.781, 150.268, 39.5608, -29.5151, 0.0103617, -141.822, 0.666744, -120.189, 0.662658, 60.1567
1340, 22.33333, 0.506628, 124.461, 39.7705, 150.265, 39.5494, -29.5168, 0.0103749, -141.87, 0.666833, -120.191, 0.662731, 60.1551
1341, 22.34167, 0.50712, 124.407, 39.7599, 150.262, 39.5381, -29.5185, 0.0103881, -141.917, 0.666922, -120.194, 0.662805, 60.1534
1341, 22.35000, 0.507613, 124.352, 39.7493, 150.26, 39.5268, -29.5202, 0.0104013, -141.965, 0.667011, -120.197, 0.662879, 60.1518
1341, 22.35833, 0.508106, 124.298, 39.7388, 150.257, 39.5154, -29.5218, 0.0104145, -142.013, 0.667101, -120.199, 0.662953, 60.1501
1342, 22.36667, 0.5086, 124.243, 39.7283, 150.254, 39.5042, -29.5235, 0.0104277, -142.061, 0.66719, -120.202, 0.663027, 60.1485
1343, 22.37500, 0.509095, 124.189, 39.7178, 150.252, 39.4929, -29.5252, 0.010441, -142.109, 0.66728, -120.205, 0.663101, 60.1468
1343, 22.38333, 0.509589, 124.134, 39.7073, 150.249, 39.4816, -29.5269, 0.0104542, -142.157, 0.667369, -120.207, 0.663175, 60.1452
1343, 22.39167, 0.510084, 124.079, 39.6968, 150.247, 39.4703, -29.5286, 0.0104675, -142.205, 0.667459, -120.21, 0.663249, 60.1435
1344, 22.40000, 0.51058, 124.025, 39.6863, 150.244, 39.4591, -29.5303, 0.0104808, -142.254, 0.667549, -120.212, 0.663324, 60.1419
1345, 22.40833, 0.511076, 123.97, 39.6759, 150.241, 39.4479, -29.5319, 0.0104941, -142.302, 0.667639, -120.215, 0.663398, 60.1403
1345, 22.41667, 0.511573, 123.915, 39.6654, 150.239, 39.4366, -29.5336, 0.0105074, -142.35, 0.667729, -120.218, 0.663473, 60.1386
1345, 22.42500, 0.51207, 123.86, 39.655, 150.236, 39.4254, -29.5353, 0.0105207, -142.399, 0.66782, -120.22, 0.663547, 60.137
1346, 22.43333, 0.512567, 123.805, 39.6446, 150.233, 39.4142, -29.537, 0.010534, -142.447, 0.66791, -120.223, 0.663622, 60.1353
1347, 22.44167, 0.513065, 123.749, 39.6342, 150.231, 39.4031, -29.5387, 0.0105474, -142.496, 0.668001, -120.226, 0.663697, 60.1337
1347, 22.45000, 0.513564, 123.694, 39.6238, 150.228, 39.3919, -29.5403, 0.0105608, -142.545, 0.668091, -120.228, 0.663772, 60.1321
1348, 22.45833, 0.514063, 123.639, 39.6134, 150.226, 39.3808, -29.542, 0.0105741, -142.593, 0.668182, -120.231, 0.663847, 60.1304
1348, 22.46667, 0.514562, 123.583, 39.6031, 150.223, 39.3696, -29.5437, 0.0105875, -142.642, 0.668273, -120.234, 0.663922, 60.1288
1349, 22.47500, 0.515062, 123.528, 39.5927, 150.22, 39.3585, -29.5454, 0.0106009, -142.691, 0.668364, -120.236, 0.663997, 60.1272
1349, 22.48333, 0.515562, 123.472, 39.5824, 150.218, 39.3474, -29.547, 0.0106144, -142.74, 0.668455, -120.239, 0.664073, 60.1256
1350, 22.49167, 0.516063, 123.417, 39.5721, 150.215, 39.3363, -29.5487, 0.0106278, -142.789, 0.668546, -120.242, 0.664148, 60.1239
1350, 22.50000, 0.516564, 123.361, 39.5618, 150.212, 39.3252, -29.5504, 0.0106413, -142.838, 0.668638, -120.244, 0.664224, 60.1223
1351, 22.50833, 0.517066, 123.305, 39.5515, 150.21, 39.3141, -29.552, 0.0106547, -142.887, 0.668729, -120.247, 0.664299, 60.1207
1351, 22.51667, 0.517568, 123.249, 39.5412, 150.207, 39.3031, -29.5537, 0.0106682, -142.936, 0.668821, -120.249, 0.664375, 60.119
1352, 22.52500, 0.518071, 123.194, 39.531, 150.205, 39.292, -29.5554, 0.0106817, -142.986, 0.668913, -120.252, 0.664451, 60.1174
1352, 22.53333, 0.518574, 123.138, 39.5207, 150.202, 39.281, -29.557, 0.0106952, -143.035, 0.669005, -120.255, 0.664527, 60.1158
1353, 22.54167, 0.519077, 123.081, 39.5105, 150.199, 39.27, -29.5587, 0.0107087, -143.085, 0.669097, -120.257, 0.664603, 60.1142
1353, 22.55000, 0.519581, 123.025, 39.5003, 150.197, 39.259, -29.5604, 0.0107223, -143.134, 0.669189, -120.26, 0.664679, 60.1126
1354, 22.55833, 0.520086, 122.969, 39.4901, 150.194, 39.248, -29.562, 0.0107358, -143.184, 0.669281, -120.263, 0.664755, 60.1109
1354, 22.56667, 0.520591, 122.913, 39.4799, 150.191, 39.237, -29.5637, 0.0107494, -143.233, 0.669373, -120.265, 0.664832, 60.1093
1355, 22.57500, 0.521096, 122.856, 39.4697, 150.189, 39.2261, -29.5653, 0.010763, -143.283, 0.669466, -120.268, 0.664908, 60.1077
1355, 22.58333, 0.521602, 122.8, 39.4595, 150.186, 39.2151, -29.567, 0.0107766, -143.333, 0.669558, -120.271, 0.664985, 60.1061
1356, 22.59167, 0.522109, 122.743, 39.4494, 150.183, 39.2042, -29.5687, 0.0107902, -143.383, 0.669651, -120.273, 0.665061, 60.1045
1356, 22.60000, 0.522616, 122.687, 39.4392, 150.181, 39.1933, -29.5703, 0.0108038, -143.433, 0.669744, -120.276, 0.665138, 60.1029
1357, 22.60833, 0.523123, 122.63, 39.4291, 150.178, 39.1823, -29.572, 0.0108174, -143.483, 0.669836, -120.279, 0.665215, 60.1013
1357, 22.61667, 0.523631, 122.573, 39.419, 150.176, 39.1714, -29.5736, 0.0108311, -143.533, 0.66993, -120.281, 0.665292, 60.0997
1358, 22.62500, 0.524139, 122.516, 39.4089, 150.173, 39.1606, -29.5753, 0.0108447, -143.583, 0.670023, -120.284, 0.665369, 60.098
1358, 22.63333, 0.524648, 122.46, 39.3988, 150.17, 39.1497, -29.5769, 0.0108584, -143.633, 0.670116, -120.287, 0.665446, 60.0964
1359, 22.64167, 0.525157, 122.403, 39.3888, 150.168, 39.1388, -29.5786, 0.0108721, -143.683, 0.670209, -120.289, 0.665523, 60.0948
1359, 22.65000, 0.525667, 122.345, 39.3787, 150.165, 39.128, -29.5802, 0.0108858, -143.734, 0.670303, -120.292, 0.6656, 60.0932
1360, 22.65833, 0.526177, 122.288, 39.3687, 150.162, 39.1172, -29.5819, 0.0108995, -143.784, 0.670396, -120.295, 0.665678, 60.0916
1360, 22.66667, 0.526688, 122.231, 39.3587, 150.16, 39.1063, -29.5835, 0.0109133, -143.835, 0.67049, -120.297, 0.665755, 60.09
1361, 22.67500, 0.527199, 122.174, 39.3487, 150.157, 39.0955, -29.5852, 0.010927, -143.885, 0.670584, -120.3, 0.665833, 60.0884
1361, 22.68333, 0.52771, 122.116, 39.3387, 150.154, 39.0847, -29.5868, 0.0109408, -143.936, 0.670678, -120.303, 0.66591, 60.0868
1362, 22.69167, 0.528223, 122.059, 39.3287, 150.152, 39.074, -29.5885, 0.0109546, -143.987, 0.670772, -120.305, 0.665988, 60.0852
1362, 22.70000, 0.528735, 122.001, 39.3187, 150.149, 39.0632, -29.5901, 0.0109684, -144.038, 0.670866, -120.308, 0.666066, 60.0836
1363, 22.70833, 0.529248, 121.944, 39.3087, 150.146, 39.0524, -29.5917, 0.0109822, -144.088, 0.670961, -120.311, 0.666144, 60.082
1363, 22.71667, 0.529762, 121.886, 39.2988, 150.144, 39.0417, -29.5934, 0.010996, -144.139, 0.671055, -120.313, 0.666222, 60.0804
1364, 22.72500, 0.530276, 121.828, 39.2889, 150.141, 39.031, -29.595, 0.0110098, -144.19, 0.67115, -120.316, 0.6663, 60.0788
1364, 22.73333, 0.53079, 121.77, 39.279, 150.138, 39.0203, -29.5967, 0.0110237, -144.242, 0.671245, -120.319, 0.666378, 60.0772
1365, 22.74167, 0.531305, 121.712, 39.2691, 150.136, 39.0096, -29.5983, 0.0110375, -144.293, 0.671339, -120.321, 0.666457, 60.0756
1365, 22.75000, 0.53182, 121.654, 39.2592, 150.133, 38.9989, -29.5999, 0.0110514, -144.344, 0.671434, -120.324, 0.666535, 60.0741
1366, 22.75833, 0.532336, 121.596, 39.2493, 150.13, 38.9882, -29.6016, 0.0110653, -144.395, 0.671529, -120.327, 0.666614, 60.0725
1366, 22.76667, 0.532853, 121.538, 39.2394, 150.128, 38.9775, -29.6032, 0.0110792, -144.447, 0.671624, -120.33, 0.666693, 60.0709
1367, 22.77500, 0.533369, 121.48, 39.2296, 150.125, 38.9669, -29.6048, 0.0110931, -144.498, 0.67172, -120.332, 0.666771, 60.0693
1367, 22.78333, 0.533887, 121.421, 39.2198, 150.122, 38.9563, -29.6065, 0.0111071, -144.55, 0.671815, -120.335, 0.66685, 60.0677
1368, 22.79167, 0.534404, 121.363, 39.2099, 150.12, 38.9456, -29.6081, 0.011121, -144.602, 0.671911, -120.338, 0.666929, 60.0661
1368, 22.80000, 0.534923, 121.304, 39.2001, 150.117, 38.935, -29.6097, 0.011135, -144.653, 0.672006, -120.34, 0.667008, 60.0645
1369, 22.80833, 0.535441, 121.246, 39.1903, 150.114, 38.9244, -29.6114, 0.0111489, -144.705, 0.672102, -120.343, 0.667087, 60.063
1369, 22.81667, 0.535961, 121.187, 39.1806, 150.112, 38.9138, -29.613, 0.0111629, -144.757, 0.672198, -120.346, 0.667167, 60.0614
1370, 22.82500, 0.53648, 121.128, 39.1708, 150.109, 38.9033, -29.6146, 0.0111769, -144.809, 0.672294, -120.348, 0.667246, 60.0598
1370, 22.83333, 0.537, 121.069, 39.161, 150.106, 38.8927, -29.6162, 0.011191, -144.861, 0.67239, -120.351, 0.667325, 60.0582
1371, 22.84167, 0.537521, 121.01, 39.1513, 150.104, 38.8822, -29.6179, 0.011205, -144.913, 0.672487, -120.354, 0.667405, 60.0566
1371, 22.85000, 0.538042, 120.951, 39.1416, 150.101, 38.8716, -29.6195, 0.0112191, -144.965, 0.672583, -120.356, 0.667485, 60.0551
1372, 22.85833, 0.538564, 120.892, 39.1319, 150.098, 38.8611, -29.6211, 0.0112331, -145.018, 0.672679, -120.359, 0.667565, 60.0535
1372, 22.86667, 0.539086, 120.833, 39.1222, 150.096, 38.8506, -29.6227, 0.0112472, -145.07, 0.672776, -120.362, 0.667644, 60.0519
1373, 22.87500, 0.539608, 120.774, 39.1125, 150.093, 38.8401, -29.6243, 0.0112613, -145.122, 0.672873, -120.365, 0.667724, 60.0503
1373, 22.88333, 0.540131, 120.714, 39.1028, 150.09, 38.8296, -29.626, 0.0112754, -145.175, 0.67297, -120.367, 0.667804, 60.0488
1374, 22.89167, 0.540655, 120.655, 39.0932, 150.088, 38.8192, -29.6276, 0.0112895, -145.227, 0.673067, -120.37, 0.667885, 60.0472
1374, 22.90000, 0.541179, 120.595, 39.0835, 150.085, 38.8087, -29.6292, 0.0113036, -145.28, 0.673164, -120.373, 0.667965, 60.0456
1375, 22.90833, 0.541703, 120.535, 39.0739, 150.082, 38.7983, -29.6308, 0.0113178, -145.333, 0.673261, -120.375, 0.668045, 60.0441
1375, 22.91667, 0.542228, 120.476, 39.0643, 150.08, 38.7878, -29.6324, 0.011332, -145.386, 0.673358, -120.378, 0.668126, 60.0425
1376, 22.92500, 0.542754, 120.416, 39.0547, 150.077, 38.7774, -29.634, 0.0113461, -145.439, 0.673456, -120.381, 0.668206, 60.0409
1376, 22.93333, 0.54328, 120.356, 39.0451, 150.074, 38.767, -29.6356, 0.0113603, -145.492, 0.673553, -120.384, 0.668287, 60.0394
1377, 22.94167, 0.543806, 120.296, 39.0355, 150.072, 38.7566, -29.6373, 0.0113745, -145.545, 0.673651, -120.386, 0.668368, 60.0378
1377, 22.95000, 0.544333, 120.236, 39.0259, 150.069, 38.7463, -29.6389, 0.0113887, -145.598, 0.673749, -120.389, 0.668448, 60.0362
1378, 22.95833, 0.54486, 120.176, 39.0164, 150.066, 38.7359, -29.6405, 0.011403, -145.651, 0.673847, -120.392, 0.668529, 60.0347
1378, 22.96667, 0.545388, 120.116, 39.0068, 150.063, 38.7255, -29.6421, 0.0114172, -145.704, 0.673945, -120.394, 0.66861, 60.0331
1379, 22.97500, 0.545916, 120.055, 38.9973, 150.061, 38.7152, -29.6437, 0.0114315, -145.758, 0.674043, -120.397, 0.668692, 60.0315
1379, 22.98333, 0.546445, 119.995, 38.9878, 150.058, 38.7049, -29.6453, 0.0114458, -145.811, 0.674142, -120.4, 0.668773, 60.03
1380, 22.99167, 0.546974, 119.934, 38.9783, 150.055, 38.6946, -29.6469, 0.0114601, -145.865, 0.67424, -120.403, 0.668854, 60.0284
1380, 23.00000, 0.547504, 119.874, 38.9688, 150.053, 38.6843, -29.6485, 0.0114744, -145.919, 0.674339, -120.405, 0.668936, 60.0269
1381, 23.00833, 0.548034, 119.813, 38.9593, 150.05, 38.674, -29.6501, 0.0114887, -145.972, 0.674437, -120.408, 0.669017, 60.0253
1381, 23.01667, 0.548565, 119.752, 38.9499, 150.047, 38.6637, -29.6517, 0.011503, -146.026, 0.674536, -120.411, 0.669099, 60.0238
1382, 23.02500, 0.549096, 119.691, 38.9404, 150.045, 38.6534, -29.6533, 0.0115174, -146.08, 0.674635, -120.413, 0.669181, 60.0222
1382, 23.03333, 0.549627, 119.63, 38.931, 150.042, 38.6432, -29.6549, 0.0115317, -146.134, 0.674734, -120.416, 0.669263, 60.0207
1383, 23.04167, 0.55016, 119.569, 38.9216, 150.039, 38.6329, -29.6565, 0.0115461, -146.188, 0.674833, -120.419, 0.669345, 60.0191
1383, 23.05000, 0.550692, 119.508, 38.9122, 150.037, 38.6227, -29.6581, 0.0115605, -146.242, 0.674933, -120.422, 0.669427, 60.0176
1384, 23.05833, 0.551225, 119.447, 38.9028, 150.034, 38.6125, -29.6597, 0.0115749, -146.297, 0.675032, -120.424, 0.669509, 60.016
1384, 23.06667, 0.551759, 119.386, 38.8934, 150.031, 38.6023, -29.6613, 0.0115893, -146.351, 0.675132, -120.427, 0.669591, 60.0145
1385, 23.07500, 0.552293, 119.324, 38.884, 150.028, 38.5921, -29.6629, 0.0116037, -146.405, 0.675231, -120.43, 0.669673, 60.0129
1385, 23.08333, 0.552827, 119.263, 38.8747, 150.026, 38.5819, -29.6645, 0.0116182, -146.46, 0.675331, -120.433, 0.669756, 60.0114
1386, 23.09167, 0.553362, 119.201, 38.8654, 150.023, 38.5718, -29.6661, 0.0116326, -146.514, 0.675431, -120.435, 0.669838, 60.0098
1386, 23.10000, 0.553897, 119.139, 38.856, 150.02, 38.5616, -29.6677, 0.0116471, -146.569, 0.675531, -120.438, 0.669921, 60.0083
1387, 23.10833, 0.554433, 119.078, 38.8467, 150.018, 38.5515, -29.6693, 0.0116616, -146.624, 0.675631, -120.441, 0.670004, 60.0068
1387, 23.11667, 0.55497, 119.016, 38.8374, 150.015, 38.5414, -29.6708, 0.0116761, -146.679, 0.675731, -120.444, 0.670087, 60.0052
1388, 23.12500, 0.555507, 118.954, 38.8281, 150.012, 38.5313, -29.6724, 0.0116906, -146.733, 0.675832, -120.446, 0.67017, 60.0037
1388, 23.13333, 0.556044, 118.892, 38.8189, 150.009, 38.5212, -29.674, 0.0117052, -146.788, 0.675932, -120.449, 0.670253, 60.0021
1389, 23.14167, 0.556582, 118.83, 38.8096, 150.007, 38.5111, -29.6756, 0.0117197, -146.844, 0.676033, -120.452, 0.670336, 60.0006
1389, 23.15000, 0.55712, 118.767, 38.8003, 150.004, 38.501, -29.6772, 0.0117343, -146.899, 0.676134, -120.455, 0.670419, 59.9991
1390, 23.15833, 0.557659, 118.705, 38.7911, 150.001, 38.4909, -29.6788, 0.0117488, -146.954, 0.676235, -120.457, 0.670503, 59.9975
1390, 23.16667, 0.558198, 118.643, 38.7819, 149.999, 38.4809, -29.6804, 0.0117634, -147.009, 0.676336, -120.46, 0.670586, 59.996
1391, 23.17500, 0.558738, 118.58, 38.7727, 149.996, 38.4708, -29.6819, 0.011778, -147.065, 0.676437, -120.463, 0.67067, 59.9945
1391, 23.18333, 0.559278, 118.517, 38.7635, 149.993, 38.4608, -29.6835, 0.0117926, -147.12, 0.676538, -120.466, 0.670753, 59.9929
1392, 23.19167, 0.559818, 118.455, 38.7543, 149.99, 38.4508, -29.6851, 0.0118073, -147.176, 0.67664, -120.468, 0.670837, 59.9914
1392, 23.20000, 0.560359, 118.392, 38.7451, 149.988, 38.4408, -29.6867, 0.0118219, -147.232, 0.676741, -120.471, 0.670921, 59.9899
1393, 23.20833, 0.560901, 118.329, 38.736, 149.985, 38.4308, -29.6882, 0.0118366, -147.287, 0.676843, -120.474, 0.671005, 59.9884
1393, 23.21667, 0.561443, 118.266, 38.7268, 149.982, 38.4208, -29.6898, 0.0118512, -147.343, 0.676944, -120.477, 0.671089, 59.9868
1394, 23.22500, 0.561986, 118.203, 38.7177, 149.979, 38.4109, -29.6914, 0.0118659, -147.399, 0.677046, -120.479, 0.671173, 59.9853
1394, 23.23333, 0.562529, 118.14, 38.7086, 149.977, 38.4009, -29.693, 0.0118806, -147.455, 0.677148, -120.482, 0.671258, 59.9838
1395, 23.24167, 0.563072, 118.076, 38.6995, 149.974, 38.391, -29.6945, 0.0118953, -147.511, 0.677251, -120.485, 0.671342, 59.9823
1395, 23.25000, 0.563616, 118.013, 38.6904, 149.971, 38.3811, -29.6961, 0.01191, -147.568, 0.677353, -120.488, 0.671427, 59.9807
1396, 23.25833, 0.56416, 117.95, 38.6813, 149.969, 38.3712, -29.6977, 0.0119248, -147.624, 0.677455, -120.491, 0.671511, 59.9792
1396, 23.26667, 0.564705, 117.886, 38.6722, 149.966, 38.3613, -29.6993, 0.0119395, -147.68, 0.677558, -120.493, 0.671596, 59.9777
1397, 23.27500, 0.565251, 117.822, 38.6632, 149.963, 38.3514, -29.7008, 0.0119543, -147.737, 0.67766, -120.496, 0.671681, 59.9762
1397, 23.28333, 0.565796, 117.759, 38.6541, 149.96, 38.3415, -29.7024, 0.0119691, -147.794, 0.677763, -120.499, 0.671766, 59.9747
1398, 23.29167, 0.566343, 117.695, 38.6451, 149.958, 38.3316, -29.704, 0.0119839, -147.85, 0.677866, -120.502, 0.671851, 59.9732
1398, 23.30000, 0.56689, 117.631, 38.6361, 149.955, 38.3218, -29.7055, 0.0119987, -147.907, 0.677969, -120.504, 0.671936, 59.9716
1399, 23.30833, 0.567437, 117.567, 38.6271, 149.952, 38.3119, -29.7071, 0.0120135, -147.964, 0.678072, -120.507, 0.672021, 59.9701
1399, 23.31667, 0.567984, 117.503, 38.6181, 149.949, 38.3021, -29.7087, 0.0120284, -148.021, 0.678175, -120.51, 0.672107, 59.9686
1400, 23.32500, 0.568533, 117.438, 38.6091, 149.947, 38.2923, -29.7102, 0.0120432, -148.078, 0.678279, -120.513, 0.672192, 59.9671
1400, 23.33333, 0.569081, 117.374, 38.6002, 149.944, 38.2825, -29.7118, 0.0120581, -148.135, 0.678382, -120.516, 0.672278, 59.9656
1401, 23.34167, 0.56963, 117.309, 38.5912, 149.941, 38.2727, -29.7133, 0.0120729, -148.192, 0.678486, -120.518, 0.672363, 59.9641
1401, 23.35000, 0.57018, 117.245, 38.5823, 149.938, 38.2629, -29.7149, 0.0120878, -148.249, 0.67859, -120.521, 0.672449, 59.9626
1402, 23.35833, 0.57073, 117.18, 38.5734, 149.936, 38.2532, -29.7165, 0.0121027, -148.307, 0.678693, -120.524, 0.672535, 59.9611
1402, 23.36667, 0.57128, 117.116, 38.5644, 149.933, 38.2434, -29.718, 0.0121177, -148.364, 0.678797, -120.527, 0.672621, 59.9596
1403, 23.37500, 0.571831, 117.051, 38.5555, 149.93, 38.2337, -29.7196, 0.0121326, -148.422, 0.678902, -120.53, 0.672707, 59.9581
1403, 23.38333, 0.572383, 116.986, 38.5467, 149.927, 38.2239, -29.7211, 0.0121475, -148.48, 0.679006, -120.532, 0.672793, 59.9566
1404, 23.39167, 0.572935, 116.921, 38.5378, 149.925, 38.2142, -29.7227, 0.0121625, -148.537, 0.67911, -120.535, 0.672879, 59.9551
1404, 23.40000, 0.573487, 116.856, 38.5289, 149.922, 38.2045, -29.7242, 0.0121775, -148.595, 0.679215, -120.538, 0.672966, 59.9536
1405, 23.40833, 0.57404, 116.79, 38.5201, 149.919, 38.1948, -29.7258, 0.0121925, -148.653, 0.679319, -120.541, 0.673052, 59.9521
1405, 23.41667, 0.574593, 116.725, 38.5112, 149.916, 38.1852, -29.7273, 0.0122075, -148.711, 0.679424, -120.544, 0.673139, 59.9506
1406, 23.42500, 0.575147, 116.66, 38.5024, 149.913, 38.1755, -29.7289, 0.0122225, -148.77, 0.679529, -120.546, 0.673225, 59.9491
1406, 23.43333, 0.575701, 116.594, 38.4936, 149.911, 38.1658, -29.7304, 0.0122375, -148.828, 0.679634, -120.549, 0.673312, 59.9476
1407, 23.44167, 0.576256, 116.528, 38.4848, 149.908, 38.1562, -29.732, 0.0122525, -148.886, 0.679739, -120.552, 0.673399, 59.9461
1407, 23.45000, 0.576811, 116.463, 38.476, 149.905, 38.1466, -29.7335, 0.0122676, -148.945, 0.679844, -120.555, 0.673486, 59.9446
1408, 23.45833, 0.577366, 116.397, 38.4673, 149.902, 38.1369, -29.7351, 0.0122827, -149.003, 0.67995, -120.558, 0.673573, 59.9431
1408, 23.46667, 0.577923, 116.331, 38.4585, 149.9, 38.1273, -29.7366, 0.0122977, -149.062, 0.680055, -120.56, 0.673661, 59.9416
1409, 23.47500, 0.578479, 116.265, 38.4498, 149.897, 38.1177, -29.7382, 0.0123128, -149.12, 0.680161, -120.563, 0.673748, 59.9401
1409, 23.48333, 0.579036, 116.199, 38.441, 149.894, 38.1082, -29.7397, 0.0123279, -149.179, 0.680267, -120.566, 0.673835, 59.9386
1410, 23.49167, 0.579593, 116.132, 38.4323, 149.891, 38.0986, -29.7413, 0.0123431, -149.238, 0.680373, -120.569, 0.673923, 59.9371
1410, 23.50000, 0.580151, 116.066, 38.4236, 149.888, 38.089, -29.7428, 0.0123582, -149.297, 0.680479, -120.572, 0.67401, 59.9356
1411, 23.50833, 0.58071, 115.999, 38.4149, 149.886, 38.0795, -29.7444, 0.0123734, -149.356, 0.680585, -120.575, 0.674098, 59.9341
1411, 23.51667, 0.581268, 115.933, 38.4062, 149.883, 38.07, -29.7459, 0.0123885, -149.415, 0.680691, -120.577, 0.674186, 59.9327
1412, 23.52500, 0.581828, 115.866, 38.3975, 149.88, 38.0604, -29.7474, 0.0124037, -149.475, 0.680797, -120.58, 0.674274, 59.9312
1412, 23.53333, 0.582387, 115.799, 38.3889, 149.877, 38.0509, -29.749, 0.0124189, -149.534, 0.680904, -120.583, 0.674362, 59.9297
1413, 23.54167, 0.582948, 115.733, 38.3802, 149.875, 38.0414, -29.7505, 0.0124341, -149.594, 0.68101, -120.586, 0.67445, 59.9282
1413, 23.55000, 0.583508, 115.666, 38.3716, 149.872, 38.0319, -29.752, 0.0124493, -149.653, 0.681117, -120.589, 0.674538, 59.9267
1414, 23.55833, 0.584069, 115.598, 38.363, 149.869, 38.0225, -29.7536, 0.0124645, -149.713, 0.681224, -120.592, 0.674627, 59.9252
1414, 23.56667, 0.584631, 115.531, 38.3544, 149.866, 38.013, -29.7551, 0.0124798, -149.773, 0.681331, -120.594, 0.674715, 59.9238
1415, 23.57500, 0.585193, 115.464, 38.3458, 149.863, 38.0036, -29.7566, 0.012495, -149.833, 0.681438, -120.597, 0.674804, 59.9223
1415, 23.58333, 0.585755, 115.397, 38.3372, 149.861, 37.9941, -29.7582, 0.0125103, -149.893, 0.681546, -120.6, 0.674893, 59.9208
1416, 23.59167, 0.586318, 115.329, 38.3286, 149.858, 37.9847, -29.7597, 0.0125256, -149.953, 0.681653, -120.603, 0.674981, 59.9193
1416, 23.60000, 0.586881, 115.261, 38.3201, 149.855, 37.9753, -29.7612, 0.0125409, -150.013, 0.681761, -120.606, 0.67507, 59.9179
1417, 23.60833, 0.587445, 115.194, 38.3115, 149.852, 37.9659, -29.7628, 0.0125562, -150.073, 0.681868, -120.609, 0.675159, 59.9164
1417, 23.61667, 0.588009, 115.126, 38.303, 149.849, 37.9565, -29.7643, 0.0125715, -150.133, 0.681976, -120.612, 0.675249, 59.9149
1418, 23.62500, 0.588574, 115.058, 38.2945, 149.847, 37.9471, -29.7658, 0.0125868, -150.194, 0.682084, -120.614, 0.675338, 59.9134
1418, 23.63333, 0.589139, 114.99, 38.286, 149.844, 37.9377, -29.7673, 0.0126022, -150.255, 0.682192, -120.617, 0.675427, 59.912
1419, 23.64167, 0.589705, 114.922, 38.2775, 149.841, 37.9284, -29.7689, 0.0126175, -150.315, 0.6823, -120.62, 0.675517, 59.9105
1419, 23.65000, 0.59027, 114.853, 38.269, 149.838, 37.9191, -29.7704, 0.0126329, -150.376, 0.682408, -120.623, 0.675606, 59.909
1420, 23.65833, 0.590837, 114.785, 38.2605, 149.835, 37.9097, -29.7719, 0.0126483, -150.437, 0.682517, -120.626, 0.675696, 59.9076
1420, 23.66667, 0.591404, 114.717, 38.2521, 149.833, 37.9004, -29.7734, 0.0126637, -150.498, 0.682625, -120.629, 0.675786, 59.9061
1421, 23.67500, 0.591971, 114.648, 38.2436, 149.83, 37.8911, -29.775, 0.0126791, -150.559, 0.682734, -120.632, 0.675875, 59.9046
1421, 23.68333, 0.592539, 114.579, 38.2352, 149.827, 37.8818, -29.7765, 0.0126945, -150.62, 0.682843, -120.634, 0.675965, 59.9032
1422, 23.69167, 0.593107, 114.511, 38.2268, 149.824, 37.8725, -29.778, 0.0127099, -150.681, 0.682952, -120.637, 0.676056, 59.9017
1422, 23.70000, 0.593676, 114.442, 38.2184, 149.821, 37.8633, -29.7795, 0.0127254, -150.743, 0.683061, -120.64, 0.676146, 59.9003
1423, 23.70833, 0.594245, 114.373, 38.21, 149.818, 37.854, -29.781, 0.0127409, -150.804, 0.68317, -120.643, 0.676236, 59.8988
1423, 23.71667, 0.594814, 114.303, 38.2016, 149.816, 37.8448, -29.7826, 0.0127563, -150.866, 0.683279, -120.646, 0.676327, 59.8973
1424, 23.72500, 0.595384, 114.234, 38.1932, 149.813, 37.8355, -29.7841, 0.0127718, -150.927, 0.683389, -120.649, 0.676417, 59.8959
1424, 23.73333, 0.595954, 114.165, 38.1849, 149.81, 37.8263, -29.7856, 0.0127873, -150.989, 0.683498, -120.652, 0.676508, 59.8944
1425, 23.74167, 0.596525, 114.095, 38.1765, 149.807, 37.8171, -29.7871, 0.0128028, -151.051, 0.683608, -120.655, 0.676598, 59.893
1425, 23.75000, 0.597096, 114.026, 38.1682, 149.804, 37.8079, -29.7886, 0.0128183, -151.113, 0.683718, -120.657, 0.676689, 59.8915
1426, 23.75833, 0.597668, 113.956, 38.1599, 149.801, 37.7987, -29.7901, 0.0128339, -151.175, 0.683828, -120.66, 0.67678, 59.8901
1426, 23.76667, 0.59824, 113.886, 38.1515, 149.799, 37.7895, -29.7916, 0.0128494, -151.237, 0.683938, -120.663, 0.676871, 59.8886
1427, 23.77500, 0.598813, 113.816, 38.1432, 149.796, 37.7804, -29.7931, 0.012865, -151.3, 0.684048, -120.666, 0.676962, 59.8872
1427, 23.78333, 0.599386, 113.746, 38.135, 149.793, 37.7712, -29.7947, 0.0128806, -151.362, 0.684158, -120.669, 0.677054, 59.8857
1428, 23.79167, 0.599959, 113.676, 38.1267, 149.79, 37.7621, -29.7962, 0.0128962, -151.425, 0.684269, -120.672, 0.677145, 59.8843
1428, 23.80000, 0.600533, 113.606, 38.1184, 149.787, 37.753, -29.7977, 0.0129118, -151.487, 0.68438, -120.675, 0.677237, 59.8828
1429, 23.80833, 0.601107, 113.536, 38.1102, 149.784, 37.7439, -29.7992, 0.0129274, -151.55, 0.68449, -120.678, 0.677328, 59.8814
1429, 23.81667, 0.601682, 113.465, 38.1019, 149.782, 37.7347, -29.8007, 0.012943, -151.613, 0.684601, -120.681, 0.67742, 59.8799
1430, 23.82500, 0.602257, 113.395, 38.0937, 149.779, 37.7257, -29.8022, 0.0129586, -151.676, 0.684712, -120.683, 0.677512, 59.8785
1430, 23.83333, 0.602832, 113.324, 38.0855, 149.776, 37.7166, -29.8037, 0.0129743, -151.739, 0.684823, -120.686, 0.677604, 59.877
1431, 23.84167, 0.603408, 113.253, 38.0773, 149.773, 37.7075, -29.8052, 0.0129899, -151.802, 0.684934, -120.689, 0.677696, 59.8756
1431, 23.85000, 0.603984, 113.182, 38.0691, 149.77, 37.6985, -29.8067, 0.0130056, -151.865, 0.685046, -120.692, 0.677788, 59.8741
1432, 23.85833, 0.604561, 113.111, 38.061, 149.767, 37.6894, -29.8082, 0.0130213, -151.928, 0.685157, -120.695, 0.67788, 59.8727
1432, 23.86667, 0.605138, 113.04, 38.0528, 149.764, 37.6804, -29.8097, 0.013037, -151.992, 0.685269, -120.698, 0.677973, 59.8713
1433, 23.87500, 0.605716, 112.969, 38.0446, 149.762, 37.6714, -29.8112, 0.0130527, -152.056, 0.685381, -120.701, 0.678065, 59.8698
1433, 23.88333, 0.606294, 112.897, 38.0365, 149.759, 37.6623, -29.8127, 0.0130684, -152.119, 0.685493, -120.704, 0.678158, 59.8684
1434, 23.89167, 0.606872, 112.826, 38.0284, 149.756, 37.6534, -29.8142, 0.0130841, -152.183, 0.685605, -120.707, 0.67825, 59.8669
1434, 23.90000, 0.607451, 112.754, 38.0203, 149.753, 37.6444, -29.8157, 0.0130999, -152.247, 0.685717, -120.71, 0.678343, 59.8655
1435, 23.90833, 0.60803, 112.683, 38.0122, 149.75, 37.6354, -29.8172, 0.0131156, -152.311, 0.685829, -120.713, 0.678436, 59.8641
1435, 23.91667, 0.60861, 112.611, 38.0041, 149.747, 37.6264, -29.8187, 0.0131314, -152.375, 0.685942, -120.716, 0.678529, 59.8626
1436, 23.92500, 0.60919, 112.539, 37.996, 149.744, 37.6175, -29.8202, 0.0131472, -152.439, 0.686054, -120.718, 0.678622, 59.8612
1436, 23.93333, 0.60977, 112.467, 37.9879, 149.741, 37.6085, -29.8217, 0.013163, -152.503, 0.686167, -120.721, 0.678716, 59.8598
1437, 23.94167, 0.610351, 112.395, 37.9799, 149.739, 37.5996, -29.8232, 0.0131788, -152.568, 0.68628, -120.724, 0.678809, 59.8583
1437, 23.95000, 0.610933, 112.322, 37.9718, 149.736, 37.5907, -29.8246, 0.0131946, -152.632, 0.686392, -120.727, 0.678903, 59.8569
1438, 23.95833, 0.611514, 112.25, 37.9638, 149.733, 37.5818, -29.8261, 0.0132104, -152.697, 0.686505, -120.73, 0.678996, 59.8555
1438, 23.96667, 0.612096, 112.177, 37.9558, 149.73, 37.5729, -29.8276, 0.0132263, -152.762, 0.686619, -120.733, 0.67909, 59.8541
1438, 23.97500, 0.612679, 112.105, 37.9478, 149.727, 37.564, -29.8291, 0.0132421, -152.827, 0.686732, -120.736, 0.679184, 59.8526
1439, 23.98333, 0.613262, 112.032, 37.9398, 149.724, 37.5552, -29.8306, 0.013258, -152.892, 0.686845, -120.739, 0.679278, 59.8512
1440, 23.99167, 0.613845, 111.959, 37.9318, 149.721, 37.5463, -29.8321, 0.0132738, -152.957, 0.686959, -120.742, 0.679372, 59.8498
1440, 24.00000, 0.614428, 111.886, 37.9239, 149.718, 37.5375, -29.8336, 0.0132897, -153.022, 0.687073, -120.745, 0.679466, 59.8484
1440, 24.00833, 0.615012, 111.813, 37.9159, 149.716, 37.5286, -29.835, 0.0133056, -153.087, 0.687187, -120.748, 0.67956, 59.8469
1441, 24.01667, 0.615597, 111.74, 37.908, 149.713, 37.5198, -29.8365, 0.0133215, -153.152, 0.687301, -120.751, 0.679655, 59.8455
1442, 24.02500, 0.616182, 111.666, 37.9, 149.71, 37.511, -29.838, 0.0133374, -153.218, 0.687415, -120.754, 0.679749, 59.8441
1442, 24.03333, 0.616767, 111.593, 37.8921, 149.707, 37.5022, -29.8395, 0.0133534, -153.284, 0.687529, -120.757, 0.679844, 59.8427
1443, 24.04167, 0.617353, 111.519, 37.8842, 149.704, 37.4934, -29.841, 0.0133693, -153.349, 0.687643, -120.76, 0.679938, 59.8413
1443, 24.05000, 0.617938, 111.445, 37.8763, 149.701, 37.4846, -29.8425, 0.0133853, -153.415, 0.687758, -120.763, 0.680033, 59.8398
1444, 24.05833, 0.618525, 111.372, 37.8684, 149.698, 37.4759, -29.8439, 0.0134012, -153.481, 0.687872, -120.766, 0.680128, 59.8384
1444, 24.06667, 0.619112, 111.298, 37.8606, 149.695, 37.4671, -29.8454, 0.0134172, -153.547, 0.687987, -120.769, 0.680223, 59.837
1445, 24.07500, 0.619699, 111.224, 37.8527, 149.692, 37.4584, -29.8469, 0.0134332, -153.613, 0.688102, -120.772, 0.680318, 59.8356
1445, 24.08333, 0.620286, 111.149, 37.8449, 149.689, 37.4497, -29.8484, 0.0134492, -153.68, 0.688217, -120.775, 0.680414, 59.8342
1446, 24.09167, 0.620874, 111.075, 37.837, 149.686, 37.4409, -29.8498, 0.0134652, -153.746, 0.688332, -120.778, 0.680509, 59.8328
1446, 24.10000, 0.621462, 111.001, 37.8292, 149.684, 37.4322, -29.8513, 0.0134812, -153.813, 0.688448, -120.781, 0.680605, 59.8314
1447, 24.10833, 0.622051, 110.926, 37.8214, 149.681, 37.4235, -29.8528, 0.0134972, -153.879, 0.688563, -120.783, 0.6807, 59.83
1447, 24.11667, 0.62264, 110.851, 37.8136, 149.678, 37.4149, -29.8543, 0.0135133, -153.946, 0.688679, -120.786, 0.680796, 59.8286
1448, 24.12500, 0.623229, 110.777, 37.8058, 149.675, 37.4062, -29.8557, 0.0135293, -154.013, 0.688794, -120.789, 0.680892, 59.8271
1448, 24.13333, 0.623819, 110.702, 37.798, 149.672, 37.3975, -29.8572, 0.0135454, -154.08, 0.68891, -120.792, 0.680988, 59.8257
1449, 24.14167, 0.624409, 110.627, 37.7903, 149.669, 37.3889, -29.8587, 0.0135614, -154.147, 0.689026, -120.795, 0.681084, 59.8243
1449, 24.15000, 0.625, 110.551, 37.7825, 149.666, 37.3803, -29.8601, 0.0135775, -154.214, 0.689142, -120.798, 0.68118, 59.8229
1450, 24.15833, 0.625591, 110.476, 37.7748, 149.663, 37.3716, -29.8616, 0.0135936, -154.281, 0.689258, -120.801, 0.681276, 59.8215
1450, 24.16667, 0.626182, 110.401, 37.767, 149.66, 37.363, -29.8631, 0.0136097, -154.349, 0.689375, -120.804, 0.681373, 59.8201
1451, 24.17500, 0.626773, 110.325, 37.7593, 149.657, 37.3544, -29.8645, 0.0136258, -154.416, 0.689491, -120.807, 0.681469, 59.8187
1451, 24.18333, 0.627365, 110.25, 37.7516, 149.654, 37.3458, -29.866, 0.013642, -154.484, 0.689608, -120.81, 0.681566, 59.8173
1452, 24.19167, 0.627958, 110.174, 37.7439, 149.651, 37.3373, -29.8675, 0.0136581, -154.552, 0.689725, -120.813, 0.681663, 59.8159
1452, 24.20000, 0.62855, 110.098, 37.7363, 149.648, 37.3287, -29.8689, 0.0136742, -154.62, 0.689841, -120.816, 0.68176, 59.8145
1453, 24.20833, 0.629143, 110.022, 37.7286, 149.646, 37.3201, -29.8704, 0.0136904, -154.688, 0.689958, -120.819, 0.681857, 59.8131
1453, 24.21667, 0.629737, 109.946, 37.7209, 149.643, 37.3116, -29.8719, 0.0137065, -154.756, 0.690076, -120.822, 0.681954, 59.8117
1454, 24.22500, 0.63033, 109.869, 37.7133, 149.64, 37.3031, -29.8733, 0.0137227, -154.824, 0.690193, -120.825, 0.682051, 59.8103
1454, 24.23333, 0.630924, 109.793, 37.7057, 149.637, 37.2945, -29.8748, 0.0137389, -154.892, 0.69031, -120.828, 0.682148, 59.8089
1455, 24.24167, 0.631519, 109.716, 37.698, 149.634, 37.286, -29.8763, 0.0137551, -154.961, 0.690428, -120.831, 0.682246, 59.8075
1455, 24.25000, 0.632113, 109.64, 37.6904, 149.631, 37.2775, -29.8777, 0.0137713, -155.029, 0.690545, -120.834, 0.682343, 59.8061
1456, 24.25833, 0.632709, 109.563, 37.6828, 149.628, 37.269, -29.8792, 0.0137875, -155.098, 0.690663, -120.838, 0.682441, 59.8048
1456, 24.26667, 0.633304, 109.486, 37.6752, 149.625, 37.2606, -29.8806, 0.0138037, -155.167, 0.690781, -120.841, 0.682539, 59.8034
1457, 24.27500, 0.6339, 109.409, 37.6677, 149.622, 37.2521, -29.8821, 0.01382, -155.236, 0.690899, -120.844, 0.682637, 59.802
1457, 24.28333, 0.634496, 109.332, 37.6601, 149.619, 37.2437, -29.8835, 0.0138362, -155.305, 0.691017, -120.847, 0.682735, 59.8006
1458, 24.29167, 0.635092, 109.255, 37.6526, 149.616, 37.2352, -29.885, 0.0138525, -155.374, 0.691136, -120.85, 0.682833, 59.7992
1458, 24.30000, 0.635689, 109.177, 37.645, 149.613, 37.2268, -29.8864, 0.0138687, -155.443, 0.691254, -120.853, 0.682931, 59.7978
1459, 24.30833, 0.636286, 109.1, 37.6375, 149.61, 37.2184, -29.8879, 0.013885, -155.512, 0.691373, -120.856, 0.68303, 59.7964
1459, 24.31667, 0.636884, 109.022, 37.63, 149.607, 37.21, -29.8894, 0.0139013, -155.582, 0.691492, -120.859, 0.683128, 59.795
1460, 24.32500, 0.637481, 108.944, 37.6225, 149.604, 37.2016, -29.8908, 0.0139176, -155.652, 0.691611, -120.862, 0.683227, 59.7937
1460, 24.33333, 0.638079, 108.866, 37.615, 149.601, 37.1932, -29.8923, 0.0139338, -155.721, 0.691729, -120.865, 0.683325, 59.7923
1461, 24.34167, 0.638678, 108.788, 37.6075, 149.598, 37.1848, -29.8937, 0.0139502, -155.791, 0.691849, -120.868, 0.683424, 59.7909
1461, 24.35000, 0.639276, 108.71, 37.6001, 149.595, 37.1765, -29.8952, 0.0139665, -155.861, 0.691968, -120.871, 0.683523, 59.7895
1462, 24.35833, 0.639875, 108.632, 37.5926, 149.592, 37.1681, -29.8966, 0.0139828, -155.931, 0.692087, -120.874, 0.683622, 59.7881
1462, 24.36667, 0.640475, 108.553, 37.5852, 149.589, 37.1598, -29.8981, 0.0139991, -156.002, 0.692207, -120.877, 0.683722, 59.7868
1463, 24.37500, 0.641074, 108.475, 37.5777, 149.586, 37.1515, -29.8995, 0.0140155, -156.072, 0.692327, -120.88, 0.683821, 59.7854
1463, 24.38333, 0.641674, 108.396, 37.5703, 149.583, 37.1431, -29.9009, 0.0140318, -156.142, 0.692446, -120.883, 0.68392, 59.784
1464, 24.39167, 0.642275, 108.317, 37.5629, 149.58, 37.1348, -29.9024, 0.0140482, -156.213, 0.692566, -120.886, 0.68402, 59.7826
1464, 24.40000, 0.642875, 108.238, 37.5555, 149.577, 37.1265, -29.9038, 0.0140646, -156.284, 0.692686, -120.889, 0.68412, 59.7812
1465, 24.40833, 0.643476, 108.159, 37.5481, 149.574, 37.1183, -29.9053, 0.0140809, -156.354, 0.692807, -120.892, 0.684219, 59.7799
1465, 24.41667, 0.644077, 108.08, 37.5407, 149.571, 37.11, -29.9067, 0.0140973, -156.425, 0.692927, -120.895, 0.684319, 59.7785
1466, 24.42500, 0.644679, 108.001, 37.5334, 149.568, 37.1017, -29.9082, 0.0141137, -156.496, 0.693048, -120.898, 0.684419, 59.7771
1466, 24.43333, 0.645281, 107.921, 37.526, 149.565, 37.0935, -29.9096, 0.0141301, -156.568, 0.693168, -120.902, 0.684519, 59.7758
1467, 24.44167, 0.645883, 107.842, 37.5187, 149.562, 37.0853, -29.911, 0.0141465, -156.639, 0.693289, -120.905, 0.68462, 59.7744
1467, 24.45000, 0.646485, 107.762, 37.5114, 149.559, 37.077, -29.9125, 0.0141629, -156.71, 0.69341, -120.908, 0.68472, 59.773
1468, 24.45833, 0.647088, 107.682, 37.5041, 149.556, 37.0688, -29.9139, 0.0141794, -156.782, 0.693531, -120.911, 0.684821, 59.7716
1468, 24.46667, 0.647691, 107.602, 37.4967, 149.553, 37.0606, -29.9154, 0.0141958, -156.854, 0.693652, -120.914, 0.684921, 59.7703
1469, 24.47500, 0.648294, 107.522, 37.4895, 149.55, 37.0524, -29.9168, 0.0142122, -156.925, 0.693773, -120.917, 0.685022, 59.7689
1469, 24.48333, 0.648897, 107.442, 37.4822, 149.547, 37.0443, -29.9182, 0.0142287, -156.997, 0.693895, -120.92, 0.685123, 59.7675
1470, 24.49167, 0.649501, 107.361, 37.4749, 149.544, 37.0361, -29.9197, 0.0142452, -157.069, 0.694016, -120.923, 0.685224, 59.7662
1470, 24.50000, 0.650105, 107.281, 37.4677, 149.541, 37.0279, -29.9211, 0.0142616, -157.141, 0.694138, -120.926, 0.685325, 59.7648
1471, 24.50833, 0.65071, 107.2, 37.4604, 149.538, 37.0198, -29.9225, 0.0142781, -157.214, 0.69426, -120.929, 0.685426, 59.7635
1471, 24.51667, 0.651314, 107.119, 37.4532, 149.535, 37.0117, -29.924, 0.0142946, -157.286, 0.694382, -120.932, 0.685527, 59.7621
1472, 24.52500, 0.651919, 107.039, 37.4459, 149.532, 37.0035, -29.9254, 0.0143111, -157.359, 0.694504, -120.936, 0.685629, 59.7607
1472, 24.53333, 0.652524, 106.958, 37.4387, 149.529, 36.9954, -29.9268, 0.0143276, -157.431, 0.694626, -120.939, 0.68573, 59.7594
1473, 24.54167, 0.65313, 106.876, 37.4315, 149.526, 36.9873, -29.9283, 0.0143441, -157.504, 0.694749, -120.942, 0.685832, 59.758
1473, 24.55000, 0.653735, 106.795, 37.4244, 149.523, 36.9792, -29.9297, 0.0143606, -157.577, 0.694871, -120.945, 0.685934, 59.7566
1474, 24.55833, 0.654341, 106.714, 37.4172, 149.52, 36.9712, -29.9311, 0.0143771, -157.65, 0.694994, -120.948, 0.686036, 59.7553
1474, 24.56667, 0.654948, 106.632, 37.41, 149.517, 36.9631, -29.9326, 0.0143936, -157.723, 0.695117, -120.951, 0.686138, 59.7539
1475, 24.57500, 0.655554, 106.55, 37.4029, 149.514, 36.955, -29.934, 0.0144102, -157.797, 0.69524, -120.954, 0.68624, 59.7526
1475, 24.58333, 0.656161, 106.468, 37.3957, 149.511, 36.947, -29.9354, 0.0144267, -157.87, 0.695363, -120.957, 0.686342, 59.7512
1476, 24.59167, 0.656768, 106.386, 37.3886, 149.508, 36.939, -29.9368, 0.0144433, -157.943, 0.695486, -120.96, 0.686445, 59.7499
1476, 24.60000, 0.657375, 106.304, 37.3815, 149.505, 36.9309, -29.9383, 0.0144598, -158.017, 0.695609, -120.964, 0.686547, 59.7485
1477, 24.60833, 0.657982, 106.222, 37.3744, 149.502, 36.9229, -29.9397, 0.0144764, -158.091, 0.695733, -120.967, 0.68665, 59.7472
1477, 24.61667, 0.65859, 106.14, 37.3673, 149.499, 36.9149, -29.9411, 0.014493, -158.165, 0.695856, -120.97, 0.686753, 59.7458
1478, 24.62500, 0.659198, 106.057, 37.3602, 149.496, 36.907, -29.9425, 0.0145095, -158.239, 0.69598, -120.973, 0.686856, 59.7445
1478, 24.63333, 0.659806, 105.974, 37.3531, 149.493, 36.899, -29.944, 0.0145261, -158.313, 0.696104, -120.976, 0.686959, 59.7431
1479, 24.64167, 0.660415, 105.892, 37.3461, 149.49, 36.891, -29.9454, 0.0145427, -158.387, 0.696228, -120.979, 0.687062, 59.7418
1479, 24.65000, 0.661023, 105.809, 37.339, 149.486, 36.8831, -29.9468, 0.0145593, -158.462, 0.696352, -120.982, 0.687165, 59.7404
1480, 24.65833, 0.661632, 105.726, 37.332, 149.483, 36.8751, -29.9482, 0.0145759, -158.536, 0.696477, -120.986, 0.687269, 59.7391
1480, 24.66667, 0.662241, 105.642, 37.325, 149.48, 36.8672, -29.9496, 0.0145925, -158.611, 0.696601, -120.989, 0.687372, 59.7377
1481, 24.67500, 0.66285, 105.559, 37.3179, 149.477, 36.8593, -29.9511, 0.0146091, -158.686, 0.696726, -120.992, 0.687476, 59.7364
1481, 24.68333, 0.66346, 105.476, 37.3109, 149.474, 36.8514, -29.9525, 0.0146257, -158.761, 0.69685, -120.995, 0.687579, 59.735
1482, 24.69167, 0.66407, 105.392, 37.3039, 149.471, 36.8435, -29.9539, 0.0146424, -158.836, 0.696975, -120.998, 0.687683, 59.7337
1482, 24.70000, 0.66468, 105.308, 37.297, 149.468, 36.8356, -29.9553, 0.014659, -158.911, 0.6971, -121.001, 0.687787, 59.7323
1483, 24.70833, 0.66529, 105.224, 37.29, 149.465, 36.8277, -29.9567, 0.0146756, -158.986, 0.697225, -121.004, 0.687891, 59.731
1483, 24.71667, 0.6659, 105.14, 37.283, 149.462, 36.8198, -29.9581, 0.0146923, -159.062, 0.697351, -121.008, 0.687996, 59.7297
1484, 24.72500, 0.666511, 105.056, 37.2761, 149.459, 36.812, -29.9596, 0.0147089, -159.137, 0.697476, -121.011, 0.6881, 59.7283
1484, 24.73333, 0.667121, 104.972, 37.2692, 149.456, 36.8042, -29.961, 0.0147256, -159.213, 0.697602, -121.014, 0.688205, 59.727
1485, 24.74167, 0.667732, 104.887, 37.2622, 149.453, 36.7963, -29.9624, 0.0147422, -159.289, 0.697727, -121.017, 0.688309, 59.7256
1485, 24.75000, 0.668343, 104.803, 37.2553, 149.45, 36.7885, -29.9638, 0.0147589, -159.365, 0.697853, -121.02, 0.688414, 59.7243
1486, 24.75833, 0.668955, 104.718, 37.2484, 149.446, 36.7807, -29.9652, 0.0147756, -159.441, 0.697979, -121.023, 0.688519, 59.723
1486, 24.76667, 0.669566, 104.633, 37.2415, 149.443, 36.7729, -29.9666, 0.0147923, -159.517, 0.698105, -121.027, 0.688624, 59.7216
1487, 24.77500, 0.670178, 104.548, 37.2347, 149.44, 36.7651, -29.968, 0.0148089, -159.593, 0.698231, -121.03, 0.688729, 59.7203
1487, 24.78333, 0.67079, 104.463, 37.2278, 149.437, 36.7573, -29.9694, 0.0148256, -159.67, 0.698358, -121.033, 0.688834, 59.719
1488, 24.79167, 0.671402, 104.378, 37.2209, 149.434, 36.7496, -29.9709, 0.0148423, -159.746, 0.698484, -121.036, 0.68894, 59.7176
1488, 24.80000, 0.672014, 104.292, 37.2141, 149.431, 36.7418, -29.9723, 0.014859, -159.823, 0.698611, -121.039, 0.689045, 59.7163
1489, 24.80833, 0.672627, 104.207, 37.2073, 149.428, 36.7341, -29.9737, 0.0148757, -159.9, 0.698738, -121.043, 0.689151, 59.715
1489, 24.81667, 0.673239, 104.121, 37.2004, 149.425, 36.7264, -29.9751, 0.0148924, -159.977, 0.698865, -121.046, 0.689256, 59.7136
1490, 24.82500, 0.673852, 104.035, 37.1936, 149.422, 36.7186, -29.9765, 0.0149091, -160.054, 0.698992, -121.049, 0.689362, 59.7123
1490, 24.83333, 0.674465, 103.949, 37.1868, 149.418, 36.7109, -29.9779, 0.0149258, -160.131, 0.699119, -121.052, 0.689468, 59.711
1491, 24.84167, 0.675078, 103.863, 37.1801, 149.415, 36.7032, -29.9793, 0.0149425, -160.208, 0.699246, -121.055, 0.689574, 59.7096
1491, 24.85000, 0.675691, 103.777, 37.1733, 149.412, 36.6956, -29.9807, 0.0149593, -160.286, 0.699374, -121.059, 0.689681, 59.7083
1492, 24.85833, 0.676305, 103.691, 37.1665, 149.409, 36.6879, -29.9821, 0.014976, -160.364, 0.699502, -121.062, 0.689787, 59.707
1492, 24.86667, 0.676918, 103.604, 37.1598, 149.406, 36.6802, -29.9835, 0.0149927, -160.441, 0.699629, -121.065, 0.689894, 59.7057
1493, 24.87500, 0.677532, 103.517, 37.153, 149.403, 36.6726, -29.9849, 0.0150095, -160.519, 0.699757, -121.068, 0.69, 59.7043
1493, 24.88333, 0.678146, 103.43, 37.1463, 149.4, 36.6649, -29.9863, 0.0150262, -160.597, 0.699885, -121.071, 0.690107, 59.703
1494, 24.89167, 0.67876, 103.343, 37.1396, 149.397, 36.6573, -29.9877, 0.0150429, -160.676, 0.700014, -121.075, 0.690214, 59.7017
1494, 24.90000, 0.679374, 103.256, 37.1329, 149.393, 36.6497, -29.9891, 0.0150597, -160.754, 0.700142, -121.078, 0.690321, 59.7004
1495, 24.90833, 0.679988, 103.169, 37.1262, 149.39, 36.6421, -29.9905, 0.0150764, -160.832, 0.70027, -121.081, 0.690428, 59.699
1495, 24.91667, 0.680602, 103.082, 37.1195, 149.387, 36.6345, -29.9919, 0.0150932, -160.911, 0.700399, -121.084, 0.690535, 59.6977
1496, 24.92500, 0.681217, 102.994, 37.1128, 149.384, 36.6269, -29.9933, 0.0151099, -160.99, 0.700528, -121.088, 0.690643, 59.6964
1496, 24.93333, 0.681832, 102.906, 37.1062, 149.381, 36.6193, -29.9947, 0.0151267, -161.068, 0.700657, -121.091, 0.69075, 59.6951
1497, 24.94167, 0.682446, 102.819, 37.0995, 149.378, 36.6118, -29.9961, 0.0151435, -161.147, 0.700786, -121.094, 0.690858, 59.6938
1497, 24.95000, 0.683061, 102.731, 37.0929, 149.375, 36.6042, -29.9975, 0.0151602, -161.226, 0.700915, -121.097, 0.690966, 59.6924
1498, 24.95833, 0.683676, 102.643, 37.0862, 149.371, 36.5967, -29.9989, 0.015177, -161.306, 0.701044, -121.101, 0.691073, 59.6911
1498, 24.96667, 0.684291, 102.554, 37.0796, 149.368, 36.5891, -30.0003, 0.0151938, -161.385, 0.701174, -121.104, 0.691181, 59.6898
1499, 24.97500, 0.684906, 102.466, 37.073, 149.365, 36.5816, -30.0017, 0.0152105, -161.465, 0.701303, -121.107, 0.69129, 59.6885
1499, 24.98333, 0.685522, 102.377, 37.0664, 149.362, 36.5741, -30.0031, 0.0152273, -161.544, 0.701433, -121.11, 0.691398, 59.6872
1500, 24.99167, 0.686137, 102.289, 37.0598, 149.359, 36.5666, -30.0045, 0.0152441, -161.624, 0.701563, -121.114, 0.691506, 59.6859
1500, 25.00000, 0.686752, 102.2, 37.0533, 149.356, 36.5591, -30.0059, 0.0152609, -161.704, 0.701693, -121.117, 0.691615, 59.6845
1501, 25.00833, 0.687368, 102.111, 37.0467, 149.352, 36.5517, -30.0073, 0.0152776, -161.784, 0.701823, -121.12, 0.691724, 59.6832
1501, 25.01667, 0.687984, 102.022, 37.0402, 149.349, 36.5442, -30.0087, 0.0152944, -161.864, 0.701954, -121.123, 0.691832, 59.6819
1502, 25.02500, 0.688599, 101.932, 37.0336, 149.346, 36.5367, -30.0101, 0.0153112, -161.944, 0.702084, -121.127, 0.691941, 59.6806
1502, 25.03333, 0.689215, 101.843, 37.0271, 149.343, 36.5293, -30.0115, 0.015328, -162.025, 0.702215, -121.13, 0.69205, 59.6793
1503, 25.04167, 0.689831, 101.753, 37.0206, 149.34, 36.5219, -30.0129, 0.0153448, -162.105, 0.702345, -121.133, 0.692159, 59.678
1503, 25.05000, 0.690447, 101.664, 37.0141, 149.337, 36.5145, -30.0142, 0.0153616, -162.186, 0.702476, -121.136, 0.692269, 59.6767
1504, 25.05833, 0.691063, 101.574, 37.0076, 149.333, 36.507, -30.0156, 0.0153784, -162.267, 0.702607, -121.14, 0.692378, 59.6754
1504, 25.06667, 0.691679, 101.484, 37.0011, 149.33, 36.4997, -30.017, 0.0153952, -162.348, 0.702739, -121.143, 0.692488, 59.674
1505, 25.07500, 0.692295, 101.394, 36.9946, 149.327, 36.4923, -30.0184, 0.015412, -162.429, 0.70287, -121.146, 0.692598, 59.6727
1505, 25.08333, 0.692911, 101.303, 36.9882, 149.324, 36.4849, -30.0198, 0.0154288, -162.51, 0.703001, -121.15, 0.692707, 59.6714
1506, 25.09167, 0.693528, 101.213, 36.9817, 149.321, 36.4775, -30.0212, 0.0154455, -162.592, 0.703133, -121.153, 0.692817, 59.6701
1506, 25.10000, 0.694144, 101.122, 36.9753, 149.317, 36.4702, -30.0226, 0.0154623, -162.673, 0.703265, -121.156, 0.692927, 59.6688
1507, 25.10833, 0.69476, 101.031, 36.9689, 149.314, 36.4628, -30.024, 0.0154791, -162.755, 0.703397, -121.159, 0.693038, 59.6675
1507, 25.11667, 0.695377, 100.941, 36.9624, 149.311, 36.4555, -30.0254, 0.0154959, -162.837, 0.703529, -121.163, 0.693148, 59.6662
1508, 25.12500, 0.695993, 100.85, 36.956, 149.308, 36.4482, -30.0267, 0.0155127, -162.919, 0.703661, -121.166, 0.693258, 59.6649
1508, 25.13333, 0.696609, 100.758, 36.9496, 149.305, 36.4409, -30.0281, 0.0155295, -163.001, 0.703793, -121.169, 0.693369, 59.6636
1509, 25.14167, 0.697226, 100.667, 36.9433, 149.301, 36.4336, -30.0295, 0.0155463, -163.083, 0.703926, -121.173, 0.69348, 59.6623
1509, 25.15000, 0.697842, 100.576, 36.9369, 149.298, 36.4263, -30.0309, 0.0155631, -163.165, 0.704058, -121.176, 0.693591, 59.661
1510, 25.15833, 0.698459, 100.484, 36.9305, 149.295, 36.419, -30.0323, 0.0155799, -163.248, 0.704191, -121.179, 0.693702, 59.6597
1510, 25.16667, 0.699075, 100.392, 36.9242, 149.292, 36.4117, -30.0337, 0.0155968, -163.331, 0.704324, -121.183, 0.693813, 59.6584
1511, 25.17500, 0.699692, 100.3, 36.9178, 149.288, 36.4045, -30.035, 0.0156136, -163.413, 0.704457, -121.186, 0.693924, 59.6571
1511, 25.18333, 0.700308, 100.208, 36.9115, 149.285, 36.3973, -30.0364, 0.0156303, -163.496, 0.70459, -121.189, 0.694036, 59.6558
1512, 25.19167, 0.700925, 100.116, 36.9052, 149.282, 36.39, -30.0378, 0.0156472, -163.579, 0.704724, -121.193, 0.694147, 59.6545
1512, 25.20000, 0.701542, 100.024, 36.8989, 149.279, 36.3828, -30.0392, 0.015664, -163.662, 0.704857, -121.196, 0.694259, 59.6532
1513, 25.20833, 0.702158, 99.931, 36.8926, 149.276, 36.3756, -30.0406, 0.0156807, -163.746, 0.704991, -121.199, 0.694371, 59.6519
1513, 25.21667, 0.702775, 99.8383, 36.8863, 149.272, 36.3684, -30.042, 0.0156975, -163.829, 0.705124, -121.203, 0.694483, 59.6506
1514, 25.22500, 0.703391, 99.7455, 36.8801, 149.269, 36.3612, -30.0433, 0.0157143, -163.913, 0.705258, -121.206, 0.694595, 59.6493
1514, 25.23333, 0.704008, 99.6526, 36.8738, 149.266, 36.354, -30.0447, 0.0157311, -163.997, 0.705392, -121.209, 0.694707, 59.648
1515, 25.24167, 0.704624, 99.5594, 36.8675, 149.263, 36.3469, -30.0461, 0.0157479, -164.081, 0.705527, -121.213, 0.694819, 59.6467
1515, 25.25000, 0.705241, 99.4662, 36.8613, 149.259, 36.3397, -30.0475, 0.0157647, -164.165, 0.705661, -121.216, 0.694932, 59.6454
1516, 25.25833, 0.705857, 99.3727, 36.8551, 149.256, 36.3326, -30.0488, 0.0157815, -164.249, 0.705796, -121.219, 0.695044, 59.6441
1516, 25.26667, 0.706473, 99.2792, 36.8489, 149.253, 36.3254, -30.0502, 0.0157983, -164.333, 0.70593, -121.223, 0.695157, 59.6428
1517, 25.27500, 0.70709, 99.1854, 36.8427, 149.25, 36.3183, -30.0516, 0.0158151, -164.418, 0.706065, -121.226, 0.69527, 59.6415
1517, 25.28333, 0.707706, 99.0916, 36.8365, 149.246, 36.3112, -30.053, 0.0158319, -164.502, 0.7062, -121.229, 0.695383, 59.6403
1518, 25.29167, 0.708322, 98.9975, 36.8303, 149.243, 36.3041, -30.0544, 0.0158487, -164.587, 0.706335, -121.233, 0.695496, 59.639
1518, 25.30000, 0.708938, 98.9034, 36.8241, 149.24, 36.297, -30.0557, 0.0158655, -164.672, 0.70647, -121.236, 0.695609, 59.6377
1519, 25.30833, 0.709555, 98.809, 36.818, 149.236, 36.2899, -30.0571, 0.0158822, -164.757, 0.706606, -121.24, 0.695723, 59.6364
1519, 25.31667, 0.710171, 98.7145, 36.8118, 149.233, 36.2829, -30.0585, 0.015899, -164.842, 0.706741, -121.243, 0.695836, 59.6351
1520, 25.32500, 0.710787, 98.6199, 36.8057, 149.23, 36.2758, -30.0599, 0.0159158, -164.927, 0.706877, -121.246, 0.69595, 59.6338
1520, 25.33333, 0.711403, 98.5251, 36.7995, 149.227, 36.2688, -30.0612, 0.0159326, -165.013, 0.707013, -121.25, 0.696064, 59.6325
1521, 25.34167, 0.712019, 98.4302, 36.7934, 149.223, 36.2617, -30.0626, 0.0159493, -165.098, 0.707149, -121.253, 0.696178, 59.6312
1521, 25.35000, 0.712634, 98.3351, 36.7873, 149.22, 36.2547, -30.064, 0.0159661, -165.184, 0.707285, -121.256, 0.696292, 59.6299
1522, 25.35833, 0.71325, 98.2399, 36.7812, 149.217, 36.2477, -30.0654, 0.0159829, -165.27, 0.707421, -121.26, 0.696406, 59.6287
1522, 25.36667, 0.713866, 98.1445, 36.7752, 149.214, 36.2407, -30.0667, 0.0159996, -165.356, 0.707557, -121.263, 0.69652, 59.6274
1523, 25.37500, 0.714481, 98.0489, 36.7691, 149.21, 36.2337, -30.0681, 0.0160164, -165.442, 0.707694, -121.267, 0.696635, 59.6261
1523, 25.38333, 0.715097, 97.9532, 36.763, 149.207, 36.2267, -30.0695, 0.0160331, -165.528, 0.707831, -121.27, 0.696749, 59.6248
1524, 25.39167, 0.715712, 97.8574, 36.757, 149.204, 36.2197, -30.0708, 0.0160499, -165.615, 0.707968, -121.273, 0.696864, 59.6235
1524, 25.40000, 0.716327, 97.7614, 36.7509, 149.2, 36.2128, -30.0722, 0.0160666, -165.701, 0.708105, -121.277, 0.696979, 59.6222
1525, 25.40833, 0.716942, 97.6652, 36.7449, 149.197, 36.2058, -30.0736, 0.0160834, -165.788, 0.708242, -121.28, 0.697094, 59.6209
1525, 25.41667, 0.717557, 97.5689, 36.7389, 149.194, 36.1989, -30.075, 0.0161001, -165.875, 0.708379, -121.284, 0.697209, 59.6197
1526, 25.42500, 0.718172, 97.4725, 36.7329, 149.19, 36.192, -30.0763, 0.0161169, -165.962, 0.708516, -121.287, 0.697325, 59.6184
1526, 25.43333, 0.718787, 97.3758, 36.7269, 149.187, 36.1851, -30.0777, 0.0161336, -166.049, 0.708654, -121.29, 0.69744, 59.6171
1527, 25.44167, 0.719402, 97.2791, 36.7209, 149.184, 36.1781, -30.0791, 0.0161503, -166.136, 0.708792, -121.294, 0.697556, 59.6158
1527, 25.45000, 0.720016, 97.1822, 36.7149, 149.181, 36.1713, -30.0804, 0.016167, -166.224, 0.70893, -121.297, 0.697671, 59.6145
1528, 25.45833, 0.72063, 97.0851, 36.709, 149.177, 36.1644, -30.0818, 0.0161838, -166.311, 0.709068, -121.301, 0.697787, 59.6132
1528, 25.46667, 0.721245, 96.9878, 36.703, 149.174, 36.1575, -30.0832, 0.0162005, -166.399, 0.709206, -121.304, 0.697903, 59.612
1529, 25.47500, 0.721859, 96.8905, 36.6971, 149.171, 36.1506, -30.0845, 0.0162172, -166.487, 0.709344, -121.308, 0.698019, 59.6107
1529, 25.48333, 0.722473, 96.7929, 36.6912, 149.167, 36.1438, -30.0859, 0.0162339, -166.575, 0.709483, -121.311, 0.698136, 59.6094
1530, 25.49167, 0.723086, 96.6952, 36.6852, 149.164, 36.1369, -30.0873, 0.0162506, -166.663, 0.709621, -121.314, 0.698252, 59.6081
1530, 25.50000, 0.7237, 96.5974, 36.6793, 149.161, 36.1301, -30.0886, 0.0162673, -166.751, 0.70976, -121.318, 0.698369, 59.6068
1531, 25.50833, 0.724313, 96.4994, 36.6734, 149.157, 36.1233, -30.09, 0.016284, -166.84, 0.709899, -121.321, 0.698485, 59.6056
1531, 25.51667, 0.724927, 96.4012, 36.6675, 149.154, 36.1165, -30.0914, 0.0163006, -166.928, 0.710038, -121.325, 0.698602, 59.6043
1532, 25.52500, 0.72554, 96.3029, 36.6617, 149.151, 36.1097, -30.0927, 0.0163173, -167.017, 0.710177, -121.328, 0.698719, 59.603
1532, 25.53333, 0.726153, 96.2044, 36.6558, 149.147, 36.1029, -30.0941, 0.016334, -167.106, 0.710317, -121.332, 0.698836, 59.6017
1533, 25.54167, 0.726765, 96.1058, 36.65, 149.144, 36.0961, -30.0955, 0.0163507, -167.195, 0.710456, -121.335, 0.698954, 59.6005
1533, 25.55000, 0.727378, 96.007, 36.6441, 149.141, 36.0894, -30.0968, 0.0163673, -167.284, 0.710596, -121.339, 0.699071, 59.5992
1534, 25.55833, 0.72799, 95.9081, 36.6383, 149.137, 36.0826, -30.0982, 0.016384, -167.373, 0.710736, -121.342, 0.699188, 59.5979
1534, 25.56667, 0.728602, 95.809, 36.6325, 149.134, 36.0759, -30.0996, 0.0164006, -167.463, 0.710876, -121.345, 0.699306, 59.5966
1535, 25.57500, 0.729214, 95.7098, 36.6267, 149.13, 36.0691, -30.1009, 0.0164172, -167.552, 0.711016, -121.349, 0.699424, 59.5953
1535, 25.58333, 0.729826, 95.6104, 36.6209, 149.127, 36.0624, -30.1023, 0.0164339, -167.642, 0.711156, -121.352, 0.699542, 59.5941
1536, 25.59167, 0.730437, 95.5108, 36.6151, 149.124, 36.0557, -30.1037, 0.0164505, -167.732, 0.711297, -121.356, 0.69966, 59.5928
1536, 25.60000, 0.731048, 95.4111, 36.6093, 149.12, 36.049, -30.105, 0.0164671, -167.822, 0.711437, -121.359, 0.699778, 59.5915
1537, 25.60833, 0.731659, 95.3113, 36.6035, 149.117, 36.0423, -30.1064, 0.0164837, -167.912, 0.711578, -121.363, 0.699897, 59.5903
1537, 25.61667, 0.73227, 95.2112, 36.5978, 149.114, 36.0357, -30.1078, 0.0165003, -168.002, 0.711719, -121.366, 0.700015, 59.589
1538, 25.62500, 0.732881, 95.1111, 36.592, 149.11, 36.029, -30.1091, 0.0165169, -168.093, 0.71186, -121.37, 0.700134, 59.5877
1538, 25.63333, 0.733491, 95.0107, 36.5863, 149.107, 36.0223, -30.1105, 0.0165335, -168.184, 0.712001, -121.373, 0.700253, 59.5864
1539, 25.64167, 0.734101, 94.9102, 36.5806, 149.103, 36.0157, -30.1118, 0.0165501, -168.274, 0.712143, -121.377, 0.700372, 59.5852
1539, 25.65000, 0.734711, 94.8096, 36.5749, 149.1, 36.0091, -30.1132, 0.0165666, -168.365, 0.712284, -121.38, 0.700491, 59.5839
1540, 25.65833, 0.735321, 94.7088, 36.5692, 149.097, 36.0024, -30.1146, 0.0165832, -168.456, 0.712426, -121.384, 0.70061, 59.5826
1540, 25.66667, 0.73593, 94.6078, 36.5635, 149.093, 35.9958, -30.1159, 0.0165997, -168.547, 0.712567, -121.387, 0.700729, 59.5813
1541, 25.67500, 0.736539, 94.5067, 36.5578, 149.09, 35.9892, -30.1173, 0.0166163, -168.639, 0.712709, -121.391, 0.700849, 59.5801
1541, 25.68333, 0.737148, 94.4054, 36.5521, 149.087, 35.9826, -30.1187, 0.0166328, -168.73, 0.712852, -121.394, 0.700968, 59.5788
1542, 25.69167, 0.737756, 94.304, 36.5465, 149.083, 35.9761, -30.12, 0.0166493, -168.822, 0.712994, -121.398, 0.701088, 59.5775
1542, 25.70000, 0.738364, 94.2024, 36.5408, 149.08, 35.9695, -30.1214, 0.0166659, -168.914, 0.713136, -121.401, 0.701208, 59.5763
1543, 25.70833, 0.738972, 94.1007, 36.5352, 149.076, 35.9629, -30.1227, 0.0166824, -169.006, 0.713279, -121.405, 0.701328, 59.575
1543, 25.71667, 0.73958, 93.9987, 36.5296, 149.073, 35.9564, -30.1241, 0.0166989, -169.098, 0.713422, -121.408, 0.701448, 59.5737
1544, 25.72500, 0.740187, 93.8967, 36.524, 149.069, 35.9498, -30.1255, 0.0167153, -169.19, 0.713564, -121.412, 0.701569, 59.5724
1544, 25.73333, 0.740794, 93.7945, 36.5184, 149.066, 35.9433, -30.1268, 0.0167318, -169.282, 0.713707, -121.415, 0.701689, 59.5712
1545, 25.74167, 0.741401, 93.6921, 36.5128, 149.063, 35.9368, -30.1282, 0.0167483, -169.375, 0.713851, -121.419, 0.70181, 59.5699
1545, 25.75000, 0.742007, 93.5896, 36.5072, 149.059, 35.9303, -30.1296, 0.0167648, -169.467, 0.713994, -121.422, 0.701931, 59.5686
1546, 25.75833, 0.742613, 93.4869, 36.5016, 149.056, 35.9238, -30.1309, 0.0167812, -169.56, 0.714137, -121.426, 0.702052, 59.5674
1546, 25.76667, 0.743219, 93.384, 36.4961, 149.052, 35.9173, -30.1323, 0.0167976, -169.653, 0.714281, -121.43, 0.702173, 59.5661
1547, 25.77500, 0.743824, 93.281, 36.4905, 149.049, 35.9109, -30.1336, 0.0168141, -169.746, 0.714425, -121.433, 0.702294, 59.5648
1547, 25.78333, 0.744429, 93.1778, 36.485, 149.046, 35.9044, -30.135, 0.0168305, -169.84, 0.714569, -121.437, 0.702415, 59.5636
1548, 25.79167, 0.745034, 93.0745, 36.4795, 149.042, 35.8979, -30.1364, 0.0168469, -169.933, 0.714713, -121.44, 0.702537, 59.5623
1548, 25.80000, 0.745638, 92.971, 36.474, 149.039, 35.8915, -30.1377, 0.0168633, -170.027, 0.714857, -121.444, 0.702659, 59.561
1549, 25.80833, 0.746243, 92.8674, 36.4685, 149.035, 35.8851, -30.1391, 0.0168797, -170.12, 0.715002, -121.447, 0.70278, 59.5598
1549, 25.81667, 0.746846, 92.7636, 36.463, 149.032, 35.8787, -30.1404, 0.016896, -170.214, 0.715146, -121.451, 0.702902, 59.5585
1550, 25.82500, 0.747449, 92.6597, 36.4575, 149.028, 35.8722, -30.1418, 0.0169124, -170.308, 0.715291, -121.454, 0.703025, 59.5572
1550, 25.83333, 0.748052, 92.5555, 36.452, 149.025, 35.8659, -30.1432, 0.0169287, -170.402, 0.715436, -121.458, 0.703147, 59.556
1551, 25.84167, 0.748655, 92.4513, 36.4466, 149.021, 35.8595, -30.1445, 0.0169451, -170.496, 0.715581, -121.462, 0.703269, 59.5547
1551, 25.85000, 0.749257, 92.3468, 36.4411, 149.018, 35.8531, -30.1459, 0.0169614, -170.591, 0.715726, -121.465, 0.703392, 59.5534
1552, 25.85833, 0.749859, 92.2422, 36.4357, 149.015, 35.8467, -30.1472, 0.0169777, -170.685, 0.715872, -121.469, 0.703514, 59.5522
1552, 25.86667, 0.75046, 92.1375, 36.4302, 149.011, 35.8404, -30.1486, 0.016994, -170.78, 0.716017, -121.472, 0.703637, 59.5509
1553, 25.87500, 0.751061, 92.0326, 36.4248, 149.008, 35.834, -30.15, 0.0170103, -170.875, 0.716163, -121.476, 0.70376, 59.5496
1553, 25.88333, 0.751662, 91.9275, 36.4194, 149.004, 35.8277, -30.1513, 0.0170266, -170.97, 0.716309, -121.479, 0.703883, 59.5484
1554, 25.89167, 0.752262, 91.8223, 36.414, 149.001, 35.8214, -30.1527, 0.0170428, -171.065, 0.716455, -121.483, 0.704007, 59.5471
1554, 25.90000, 0.752862, 91.7169, 36.4086, 148.997, 35.8151, -30.154, 0.0170591, -171.161, 0.716601, -121.487, 0.70413, 59.5458
1555, 25.90833, 0.753461, 91.6114, 36.4033, 148.994, 35.8088, -30.1554, 0.0170753, -171.256, 0.716747, -121.49, 0.704254, 59.5446
1555, 25.91667, 0.75406, 91.5057, 36.3979, 148.99, 35.8025, -30.1567, 0.0170915, -171.352, 0.716894, -121.494, 0.704377, 59.5433
1556, 25.92500, 0.754659, 91.3998, 36.3925, 148.987, 35.7962, -30.1581, 0.0171077, -171.447, 0.71704, -121.497, 0.704501, 59.542
1556, 25.93333, 0.755257, 91.2938, 36.3872, 148.983, 35.7899, -30.1595, 0.0171239, -171.543, 0.717187, -121.501, 0.704625, 59.5408
1557, 25.94167, 0.755855, 91.1876, 36.3819, 148.98, 35.7837, -30.1608, 0.0171401, -171.639, 0.717334, -121.505, 0.70475, 59.5395
1557, 25.95000, 0.756452, 91.0813, 36.3766, 148.976, 35.7774, -30.1622, 0.0171563, -171.736, 0.717481, -121.508, 0.704874, 59.5382
1558, 25.95833, 0.757048, 90.9748, 36.3713, 148.973, 35.7712, -30.1635, 0.0171724, -171.832, 0.717628, -121.512, 0.704998, 59.537
1558, 25.96667, 0.757645, 90.8681, 36.366, 148.969, 35.765, -30.1649, 0.0171886, -171.929, 0.717776, -121.515, 0.705123, 59.5357
1559, 25.97500, 0.758241, 90.7613, 36.3607, 148.966, 35.7588, -30.1663, 0.0172047, -172.025, 0.717923, -121.519, 0.705248, 59.5345
1559, 25.98333, 0.758836, 90.6543, 36.3554, 148.962, 35.7525, -30.1676, 0.0172208, -172.122, 0.718071, -121.523, 0.705373, 59.5332
1560, 25.99167, 0.759431, 90.5472, 36.3501, 148.959, 35.7464, -30.169, 0.0172369, -172.219, 0.718219, -121.526, 0.705498, 59.5319
1560, 26.00000, 0.760025, 90.4399, 36.3449, 148.955, 35.7402, -30.1703, 0.017253, -172.316, 0.718367, -121.53, 0.705623, 59.5307
1561, 26.00833, 0.760619, 90.3325, 36.3396, 148.952, 35.734, -30.1717, 0.017269, -172.413, 0.718515, -121.534, 0.705748, 59.5294
1561, 26.01667, 0.761213, 90.2248, 36.3344, 148.948, 35.7278, -30.1731, 0.0172851, -172.511, 0.718664, -121.537, 0.705874, 59.5281
1562, 26.02500, 0.761806, 90.1171, 36.3292, 148.945, 35.7217, -30.1744, 0.0173011, -172.608, 0.718812, -121.541, 0.705999, 59.5269
1562, 26.03333, 0.762398, 90.0091, 36.324, 148.941, 35.7156, -30.1758, 0.0173171, -172.706, 0.718961, -121.544, 0.706125, 59.5256
1563, 26.04167, 0.76299, 89.901, 36.3188, 148.938, 35.7094, -30.1771, 0.0173331, -172.804, 0.71911, -121.548, 0.706251, 59.5243
1563, 26.05000, 0.763581, 89.7928, 36.3136, 148.934, 35.7033, -30.1785, 0.0173491, -172.902, 0.719259, -121.552, 0.706377, 59.5231
1564, 26.05833, 0.764172, 89.6844, 36.3084, 148.931, 35.6972, -30.1799, 0.0173651, -173, 0.719408, -121.555, 0.706504, 59.5218
1564, 26.06667, 0.764763, 89.5758, 36.3032, 148.927, 35.6911, -30.1812, 0.017381, -173.098, 0.719557, -121.559, 0.70663, 59.5205
1565, 26.07500, 0.765353, 89.4671, 36.2981, 148.924, 35.685, -30.1826, 0.0173969, -173.197, 0.719707, -121.563, 0.706757, 59.5193
1565, 26.08333, 0.765942, 89.3582, 36.2929, 148.92, 35.6789, -30.184, 0.0174129, -173.295, 0.719857, -121.566, 0.706883, 59.518
1566, 26.09167, 0.766531, 89.2492, 36.2878, 148.917, 35.6729, -30.1853, 0.0174288, -173.394, 0.720006, -121.57, 0.70701, 59.5167
1566, 26.10000, 0.767119, 89.14, 36.2827, 148.913, 35.6668, -30.1867, 0.0174446, -173.493, 0.720156, -121.574, 0.707137, 59.5155
1567, 26.10833, 0.767707, 89.0306, 36.2776, 148.909, 35.6608, -30.188, 0.0174605, -173.592, 0.720307, -121.577, 0.707264, 59.5142
1567, 26.11667, 0.768294, 88.9211, 36.2725, 148.906, 35.6548, -30.1894, 0.0174763, -173.691, 0.720457, -121.581, 0.707392, 59.5129
1568, 26.12500, 0.76888, 88.8114, 36.2674, 148.902, 35.6487, -30.1908, 0.0174922, -173.791, 0.720607, -121.585, 0.707519, 59.5117
1568, 26.13333, 0.769466, 88.7015, 36.2623, 148.899, 35.6427, -30.1921, 0.017508, -173.89, 0.720758, -121.588, 0.707647, 59.5104
1569, 26.14167, 0.770052, 88.5915, 36.2572, 148.895, 35.6367, -30.1935, 0.0175238, -173.99, 0.720909, -121.592, 0.707775, 59.5092
1569, 26.15000, 0.770636, 88.4814, 36.2522, 148.892, 35.6307, -30.1948, 0.0175395, -174.089, 0.72106, -121.596, 0.707903, 59.5079
1570, 26.15833, 0.771221, 88.371, 36.2471, 148.888, 35.6247, -30.1962, 0.0175553, -174.189, 0.721211, -121.599, 0.708031, 59.5066
1570, 26.16667, 0.771804, 88.2605, 36.2421, 148.885, 35.6188, -30.1976, 0.017571, -174.289, 0.721362, -121.603, 0.708159, 59.5054
1571, 26.17500, 0.772387, 88.1499, 36.237, 148.881, 35.6128, -30.1989, 0.0175868, -174.39, 0.721514, -121.607, 0.708287, 59.5041
1571, 26.18333, 0.77297, 88.0391, 36.232, 148.877, 35.6069, -30.2003, 0.0176024, -174.49, 0.721665, -121.61, 0.708416, 59.5028
1572, 26.19167, 0.773552, 87.9281, 36.227, 148.874, 35.6009, -30.2017, 0.0176181, -174.591, 0.721817, -121.614, 0.708545, 59.5016
1572, 26.20000, 0.774133, 87.817, 36.222, 148.87, 35.595, -30.203, 0.0176338, -174.691, 0.721969, -121.618, 0.708673, 59.5003
1573, 26.20833, 0.774714, 87.7057, 36.2171, 148.867, 35.5891, -30.2044, 0.0176494, -174.792, 0.722121, -121.622, 0.708802, 59.499
1573, 26.21667, 0.775294, 87.5943, 36.2121, 148.863, 35.5832, -30.2058, 0.017665, -174.893, 0.722274, -121.625, 0.708932, 59.4978
1574, 26.22500, 0.775873, 87.4827, 36.2071, 148.859, 35.5773, -30.2071, 0.0176806, -174.994, 0.722426, -121.629, 0.709061, 59.4965
1574, 26.23333, 0.776452, 87.3709, 36.2022, 148.856, 35.5714, -30.2085, 0.0176962, -175.096, 0.722579, -121.633, 0.70919, 59.4952
1575, 26.24167, 0.77703, 87.259, 36.1972, 148.852, 35.5655, -30.2098, 0.0177118, -175.197, 0.722732, -121.636, 0.70932, 59.4939
1575, 26.25000, 0.777607, 87.1469, 36.1923, 148.849, 35.5597, -30.2112, 0.0177273, -175.299, 0.722885, -121.64, 0.70945, 59.4927
1576, 26.25833, 0.778184, 87.0347, 36.1874, 148.845, 35.5538, -30.2126, 0.0177428, -175.4, 0.723038, -121.644, 0.70958, 59.4914
1576, 26.26667, 0.77876, 86.9223, 36.1825, 148.841, 35.548, -30.2139, 0.0177583, -175.502, 0.723191, -121.648, 0.70971, 59.4901
1577, 26.27500, 0.779335, 86.8097, 36.1776, 148.838, 35.5422, -30.2153, 0.0177738, -175.604, 0.723344, -121.651, 0.70984, 59.4889
1577, 26.28333, 0.77991, 86.697, 36.1727, 148.834, 35.5363, -30.2167, 0.0177893, -175.706, 0.723498, -121.655, 0.709971, 59.4876
1578, 26.29167, 0.780484, 86.5841, 36.1678, 148.831, 35.5305, -30.218, 0.0178047, -175.809, 0.723652, -121.659, 0.710101, 59.4863
1578, 26.30000, 0.781058, 86.4711, 36.163, 148.827, 35.5247, -30.2194, 0.0178201, -175.911, 0.723806, -121.663, 0.710232, 59.4851
1579, 26.30833, 0.781631, 86.3579, 36.1581, 148.823, 35.5189, -30.2208, 0.0178355, -176.014, 0.72396, -121.666, 0.710363, 59.4838
1579, 26.31667, 0.782203, 86.2445, 36.1533, 148.82, 35.5132, -30.2221, 0.0178509, -176.117, 0.724114, -121.67, 0.710494, 59.4825
1580, 26.32500, 0.782774, 86.131, 36.1484, 148.816, 35.5074, -30.2235, 0.0178662, -176.22, 0.724269, -121.674, 0.710625, 59.4813
1580, 26.33333, 0.783345, 86.0173, 36.1436, 148.813, 35.5016, -30.2249, 0.0178815, -176.323, 0.724423, -121.678, 0.710756, 59.48
1581, 26.34167, 0.783915, 85.9035, 36.1388, 148.809, 35.4959, -30.2263, 0.0178968, -176.426, 0.724578, -121.681, 0.710888, 59.4787
1581, 26.35000, 0.784484, 85.7895, 36.134, 148.805, 35.4902, -30.2276, 0.0179121, -176.529, 0.724733, -121.685, 0.711019, 59.4774
1582, 26.35833, 0.785052, 85.6754, 36.1292, 148.802, 35.4844, -30.229, 0.0179274, -176.633, 0.724889, -121.689, 0.711151, 59.4762
1582, 26.36667, 0.78562, 85.561, 36.1244, 148.798, 35.4787, -30.2304, 0.0179426, -176.736, 0.725044, -121.693, 0.711283, 59.4749
1583, 26.37500, 0.786187, 85.4466, 36.1197, 148.794, 35.473, -30.2317, 0.0179578, -176.84, 0.725199, -121.696, 0.711415, 59.4736
1583, 26.38333, 0.786753, 85.3319, 36.1149, 148.791, 35.4673, -30.2331, 0.017973, -176.944, 0.725355, -121.7, 0.711548, 59.4724
1584, 26.39167, 0.787319, 85.2171, 36.1102, 148.787, 35.4617, -30.2345, 0.0179881, -177.048, 0.725511, -121.704, 0.71168, 59.4711
1584, 26.40000, 0.787884, 85.1022, 36.1054, 148.783, 35.456, -30.2358, 0.0180033, -177.153, 0.725667, -121.708, 0.711813, 59.4698
1585, 26.40833, 0.788448, 84.9871, 36.1007, 148.78, 35.4503, -30.2372, 0.0180184, -177.257, 0.725823, -121.712, 0.711946, 59.4685
1585, 26.41667, 0.789011, 84.8718, 36.096, 148.776, 35.4447, -30.2386, 0.0180335, -177.362, 0.725979, -121.715, 0.712078, 59.4673
1586, 26.42500, 0.789573, 84.7564, 36.0913, 148.772, 35.439, -30.24, 0.0180485, -177.466, 0.726136, -121.719, 0.712212, 59.466
1586, 26.43333, 0.790135, 84.6408, 36.0866, 148.769, 35.4334, -30.2413, 0.0180636, -177.571, 0.726293, -121.723, 0.712345, 59.4647
1587, 26.44167, 0.790696, 84.5251, 36.082, 148.765, 35.4278, -30.2427, 0.0180786, -177.676, 0.72645, -121.727, 0.712478, 59.4634
1587, 26.45000, 0.791256, 84.4092, 36.0773, 148.761, 35.4222, -30.2441, 0.0180936, -177.781, 0.726607, -121.73, 0.712612, 59.4622
1588, 26.45833, 0.791816, 84.2931, 36.0726, 148.758, 35.4166, -30.2455, 0.0181086, -177.887, 0.726764, -121.734, 0.712745, 59.4609
1588, 26.46667, 0.792374, 84.1769, 36.068, 148.754, 35.411, -30.2468, 0.0181235, -177.992, 0.726921, -121.738, 0.712879, 59.4596
1589, 26.47500, 0.792932, 84.0605, 36.0633, 148.75, 35.4054, -30.2482, 0.0181384, -178.098, 0.727079, -121.742, 0.713013, 59.4583
1589, 26.48333, 0.793489, 83.944, 36.0587, 148.747, 35.3999, -30.2496, 0.0181533, -178.204, 0.727237, -121.746, 0.713148, 59.4571
1590, 26.49167, 0.794045, 83.8273, 36.0541, 148.743, 35.3943, -30.251, 0.0181682, -178.31, 0.727395, -121.75, 0.713282, 59.4558
1590, 26.50000, 0.794601, 83.7105, 36.0495, 148.739, 35.3888, -30.2523, 0.018183, -178.416, 0.727553, -121.753, 0.713417, 59.4545
1591, 26.50833, 0.795155, 83.5935, 36.0449, 148.736, 35.3832, -30.2537, 0.0181978, -178.522, 0.727711, -121.757, 0.713551, 59.4532
1591, 26.51667, 0.795709, 83.4763, 36.0403, 148.732, 35.3777, -30.2551, 0.0182126, -178.628, 0.727869, -121.761, 0.713686, 59.4519
1592, 26.52500, 0.796262, 83.359, 36.0358, 148.728, 35.3722, -30.2565, 0.0182273, -178.735, 0.728028, -121.765, 0.713821, 59.4507
1592, 26.53333, 0.796814, 83.2415, 36.0312, 148.725, 35.3667, -30.2579, 0.0182421, -178.841, 0.728187, -121.769, 0.713956, 59.4494
1593, 26.54167, 0.797365, 83.1238, 36.0267, 148.721, 35.3612, -30.2592, 0.0182568, -178.948, 0.728346, -121.772, 0.714092, 59.4481
1593, 26.55000, 0.797915, 83.0061, 36.0221, 148.717, 35.3557, -30.2606, 0.0182715, -179.055, 0.728505, -121.776, 0.714227, 59.4468
1594, 26.55833, 0.798465, 82.8881, 36.0176, 148.713, 35.3503, -30.262, 0.0182861, -179.162, 0.728664, -121.78, 0.714363, 59.4455
1594, 26.56667, 0.799013, 82.77, 36.0131, 148.71, 35.3448, -30.2634, 0.0183007, -179.269, 0.728824, -121.784, 0.714499, 59.4443
1595, 26.57500, 0.799561, 82.6517, 36.0086, 148.706, 35.3393, -30.2648, 0.0183153, -179.377, 0.728984, -121.788, 0.714635, 59.443
1595, 26.58333, 0.800108, 82.5333, 36.0041, 148.702, 35.3339, -30.2661, 0.0183299, -179.484, 0.729144, -121.792, 0.714771, 59.4417
1596, 26.59167, 0.800654, 82.4147, 35.9996, 148.699, 35.3285, -30.2675, 0.0183444, -179.592, 0.729304, -121.796, 0.714907, 59.4404
1596, 26.60000, 0.801199, 82.296, 35.9951, 148.695, 35.3231, -30.2689, 0.0183589, -179.7, 0.729464, -121.799, 0.715043, 59.4391
1597, 26.60833, 0.801743, 82.1771, 35.9907, 148.691, 35.3177, -30.2703, 0.0183734, -179.808, 0.729624, -121.803, 0.71518, 59.4378
1597, 26.61667, 0.802287, 82.058, 35.9862, 148.687, 35.3123, -30.2717, 0.0183879, -179.916, 0.729785, -121.807, 0.715317, 59.4365
1598, 26.62500, 0.802829, 81.9388, 35.9818, 148.684, 35.3069, -30.2731, 0.0184023, 179.976, 0.729946, -121.811, 0.715454, 59.4353
1598, 26.63333, 0.803371, 81.8195, 35.9774, 148.68, 35.3015, -30.2745, 0.0184167, 179.867, 0.730107, -121.815, 0.715591, 59.434
1599, 26.64167, 0.803912, 81.6999, 35.973, 148.676, 35.2961, -30.2759, 0.018431, 179.759, 0.730268, -121.819, 0.715728, 59.4327
1599, 26.65000, 0.804451, 81.5802, 35.9686, 148.672, 35.2908, -30.2772, 0.0184454, 179.65, 0.730429, -121.823, 0.715866, 59.4314
1600, 26.65833, 0.80499, 81.4604, 35.9642, 148.669, 35.2854, -30.2786, 0.0184597, 179.541, 0.73059, -121.826, 0.716003, 59.4301
1600, 26.66667, 0.805528, 81.3404, 35.9598, 148.665, 35.2801, -30.28, 0.018474, 179.432, 0.730752, -121.83, 0.716141, 59.4288
1601, 26.67500, 0.806065, 81.2203, 35.9554, 148.661, 35.2748, -30.2814, 0.0184882, 179.323, 0.730914, -121.834, 0.716279, 59.4275
1601, 26.68333, 0.806601, 81.1, 35.9511, 148.657, 35.2695, -30.2828, 0.0185024, 179.214, 0.731076, -121.838, 0.716417, 59.4262
1602, 26.69167, 0.807136, 80.9795, 35.9467, 148.654, 35.2642, -30.2842, 0.0185166, 179.104, 0.731238, -121.842, 0.716555, 59.4249
1602, 26.70000, 0.80767, 80.8589, 35.9424, 148.65, 35.2589, -30.2856, 0.0185308, 178.995, 0.731401, -121.846, 0.716694, 59.4236
1603, 26.70833, 0.808203, 80.7381, 35.938, 148.646, 35.2536, -30.287, 0.0185449, 178.885, 0.731563, -121.85, 0.716832, 59.4223
1603, 26.71667, 0.808736, 80.6172, 35.9337, 148.642, 35.2483, -30.2884, 0.018559, 178.775, 0.731726, -121.854, 0.716971, 59.4211
1604, 26.72500, 0.809267, 80.4961, 35.9294, 148.639, 35.2431, -30.2898, 0.018573, 178.665, 0.731889, -121.858, 0.71711, 59.4198
1604, 26.73333, 0.809797, 80.3749, 35.9251, 148.635, 35.2378, -30.2912, 0.0185871, 178.555, 0.732052, -121.862, 0.717249, 59.4185
1605, 26.74167, 0.810327, 80.2535, 35.9208, 148.631, 35.2326, -30.2926, 0.0186011, 178.444, 0.732216, -121.865, 0.717388, 59.4172
1605, 26.75000, 0.810855, 80.132, 35.9166, 148.627, 35.2273, -30.294, 0.018615, 178.334, 0.732379, -121.869, 0.717528, 59.4159
1606, 26.75833, 0.811382, 80.0103, 35.9123, 148.623, 35.2221, -30.2954, 0.018629, 178.223, 0.732543, -121.873, 0.717667, 59.4146
1606, 26.76667, 0.811909, 79.8884, 35.9081, 148.62, 35.2169, -30.2968, 0.0186429, 178.113, 0.732707, -121.877, 0.717807, 59.4133
1607, 26.77500, 0.812434, 79.7664, 35.9038, 148.616, 35.2117, -30.2982, 0.0186568, 178.002, 0.732871, -121.881, 0.717947, 59.412
1607, 26.78333, 0.812959, 79.6442, 35.8996, 148.612, 35.2065, -30.2996, 0.0186706, 177.891, 0.733035, -121.885, 0.718087, 59.4107
1608, 26.79167, 0.813482, 79.5219, 35.8954, 148.608, 35.2014, -30.301, 0.0186844, 177.779, 0.733199, -121.889, 0.718228, 59.4094
1608, 26.80000, 0.814005, 79.3994, 35.8912, 148.604, 35.1962, -30.3024, 0.0186982, 177.668, 0.733364, -121.893, 0.718368, 59.4081
1609, 26.80833, 0.814526, 79.2768, 35.887, 148.601, 35.191, -30.3038, 0.0187119, 177.557, 0.733529, -121.897, 0.718509, 59.4068
1609, 26.81667, 0.815046, 79.154, 35.8828, 148.597, 35.1859, -30.3052, 0.0187257, 177.445, 0.733694, -121.901, 0.718649, 59.4055
1610, 26.82500, 0.815566, 79.0311, 35.8786, 148.593, 35.1808, -30.3066, 0.0187393, 177.333, 0.733859, -121.905, 0.71879, 59.4041
1610, 26.83333, 0.816084, 78.908, 35.8745, 148.589, 35.1756, -30.308, 0.018753, 177.221, 0.734025, -121.909, 0.718931, 59.4028
1611, 26.84167, 0.816602, 78.7848, 35.8703, 148.585, 35.1705, -30.3094, 0.0187666, 177.109, 0.73419, -121.913, 0.719073, 59.4015
1611, 26.85000, 0.817118, 78.6614, 35.8662, 148.582, 35.1654, -30.3108, 0.0187802, 176.997, 0.734356, -121.917, 0.719214, 59.4002
1612, 26.85833, 0.817633, 78.5378, 35.8621, 148.578, 35.1603, -30.3122, 0.0187937, 176.884, 0.734522, -121.921, 0.719356, 59.3989
1612, 26.86667, 0.818147, 78.4141, 35.858, 148.574, 35.1553, -30.3136, 0.0188072, 176.772, 0.734688, -121.924, 0.719497, 59.3976
1613, 26.87500, 0.818661, 78.2903, 35.8538, 148.57, 35.1502, -30.315, 0.0188207, 176.659, 0.734854, -121.928, 0.719639, 59.3963
1613, 26.88333, 0.819173, 78.1663, 35.8498, 148.566, 35.1451, -30.3164, 0.0188341, 176.546, 0.735021, -121.932, 0.719781, 59.395
1614, 26.89167, 0.819684, 78.0421, 35.8457, 148.562, 35.1401, -30.3178, 0.0188476, 176.433, 0.735188, -121.936, 0.719924, 59.3937
1614, 26.90000, 0.820194, 77.9178, 35.8416, 148.559, 35.135, -30.3192, 0.0188609, 176.32, 0.735355, -121.94, 0.720066, 59.3924
1615, 26.90833, 0.820703, 77.7934, 35.8375, 148.555, 35.13, -30.3207, 0.0188743, 176.207, 0.735522, -121.944, 0.720209, 59.391
1615, 26.91667, 0.821211, 77.6687, 35.8335, 148.551, 35.125, -30.3221, 0.0188876, 176.094, 0.735689, -121.948, 0.720351, 59.3897
1616, 26.92500, 0.821718, 77.544, 35.8295, 148.547, 35.12, -30.3235, 0.0189008, 175.98, 0.735856, -121.952, 0.720494, 59.3884
1616, 26.93333, 0.822223, 77.4191, 35.8254, 148.543, 35.115, -30.3249, 0.0189141, 175.867, 0.736024, -121.956, 0.720638, 59.3871
1617, 26.94167, 0.822728, 77.294, 35.8214, 148.539, 35.11, -30.3263, 0.0189273, 175.753, 0.736192, -121.96, 0.720781, 59.3858
1617, 26.95000, 0.823232, 77.1688, 35.8174, 148.536, 35.105, -30.3277, 0.0189404, 175.639, 0.73636, -121.964, 0.720924, 59.3845
1618, 26.95833, 0.823734, 77.0434, 35.8134, 148.532, 35.1001, -30.3292, 0.0189536, 175.525, 0.736528, -121.968, 0.721068, 59.3831
1618, 26.96667, 0.824235, 76.9179, 35.8095, 148.528, 35.0951, -30.3306, 0.0189667, 175.41, 0.736697, -121.972, 0.721212, 59.3818
1619, 26.97500, 0.824736, 76.7923, 35.8055, 148.524, 35.0902, -30.332, 0.0189797, 175.296, 0.736866, -121.976, 0.721356, 59.3805
1619, 26.98333, 0.825235, 76.6664, 35.8015, 148.52, 35.0852, -30.3334, 0.0189927, 175.182, 0.737034, -121.98, 0.7215, 59.3792
1620, 26.99167, 0.825733, 76.5405, 35.7976, 148.516, 35.0803, -30.3348, 0.0190057, 175.067, 0.737204, -121.984, 0.721644, 59.3778
1620, 27.00000, 0.82623, 76.4143, 35.7936, 148.512, 35.0754, -30.3363, 0.0190187, 174.952, 0.737373, -121.988, 0.721789, 59.3765
1621, 27.00833, 0.826726, 76.2881, 35.7897, 148.508, 35.0705, -30.3377, 0.0190316, 174.837, 0.737542, -121.992, 0.721933, 59.3752
1621, 27.01667, 0.827221, 76.1617, 35.7858, 148.505, 35.0656, -30.3391, 0.0190444, 174.722, 0.737712, -121.996, 0.722078, 59.3739
1622, 27.02500, 0.827714, 76.0351, 35.7819, 148.501, 35.0607, -30.3406, 0.0190573, 174.607, 0.737882, -122, 0.722223, 59.3725
1622, 27.03333, 0.828207, 75.9084, 35.778, 148.497, 35.0558, -30.342, 0.0190701, 174.491, 0.738052, -122.004, 0.722368, 59.3712
1623, 27.04167, 0.828698, 75.7815, 35.7741, 148.493, 35.051, -30.3434, 0.0190828, 174.376, 0.738222, -122.008, 0.722513, 59.3699
1623, 27.05000, 0.829188, 75.6545, 35.7703, 148.489, 35.0461, -30.3448, 0.0190956, 174.26, 0.738393, -122.012, 0.722659, 59.3686
1624, 27.05833, 0.829678, 75.5273, 35.7664, 148.485, 35.0413, -30.3463, 0.0191083, 174.144, 0.738563, -122.016, 0.722805, 59.3672
1624, 27.06667, 0.830166, 75.4, 35.7626, 148.481, 35.0364, -30.3477, 0.0191209, 174.028, 0.738734, -122.02, 0.722951, 59.3659
1625, 27.07500, 0.830652, 75.2726, 35.7587, 148.477, 35.0316, -30.3491, 0.0191335, 173.912, 0.738905, -122.025, 0.723097, 59.3645
1625, 27.08333, 0.831138, 75.145, 35.7549, 148.473, 35.0268, -30.3506, 0.0191461, 173.796, 0.739076, -122.029, 0.723243, 59.3632
1626, 27.09167, 0.831623, 75.0172, 35.7511, 148.469, 35.022, -30.352, 0.0191586, 173.68, 0.739248, -122.033, 0.723389, 59.3619
1626, 27.10000, 0.832106, 74.8893, 35.7473, 148.466, 35.0172, -30.3534, 0.0191711, 173.563, 0.73942, -122.037, 0.723536, 59.3605
1627, 27.10833, 0.832588, 74.7613, 35.7435, 148.462, 35.0125, -30.3549, 0.0191836, 173.447, 0.739591, -122.041, 0.723682, 59.3592
1627, 27.11667, 0.833069, 74.6331, 35.7398, 148.458, 35.0077, -30.3563, 0.019196, 173.33, 0.739763, -122.045, 0.723829, 59.3579
1628, 27.12500, 0.833549, 74.5047, 35.736, 148.454, 35.0029, -30.3578, 0.0192084, 173.213, 0.739936, -122.049, 0.723976, 59.3565
1628, 27.13333, 0.834028, 74.3762, 35.7322, 148.45, 34.9982, -30.3592, 0.0192207, 173.096, 0.740108, -122.053, 0.724124, 59.3552
1629, 27.14167, 0.834505, 74.2476, 35.7285, 148.446, 34.9934, -30.3606, 0.019233, 172.979, 0.740281, -122.057, 0.724271, 59.3538
1629, 27.15000, 0.834982, 74.1188, 35.7248, 148.442, 34.9887, -30.3621, 0.0192453, 172.861, 0.740454, -122.061, 0.724419, 59.3525
1630, 27.15833, 0.835457, 73.9899, 35.7211, 148.438, 34.984, -30.3635, 0.0192575, 172.744, 0.740627, -122.065, 0.724566, 59.3511
1630, 27.16667, 0.835931, 73.8608, 35.7174, 148.434, 34.9793, -30.365, 0.0192697, 172.626, 0.7408, -122.069, 0.724714, 59.3498
1631, 27.17500, 0.836404, 73.7316, 35.7137, 148.43, 34.9746, -30.3664, 0.0192819, 172.508, 0.740974, -122.073, 0.724862, 59.3484
1631, 27.18333, 0.836875, 73.6022, 35.71, 148.426, 34.9699, -30.3679, 0.019294, 172.39, 0.741147, -122.077, 0.725011, 59.3471
1632, 27.19167, 0.837346, 73.4727, 35.7063, 148.422, 34.9652, -30.3693, 0.0193061, 172.272, 0.741321, -122.081, 0.725159, 59.3457
1632, 27.20000, 0.837815, 73.3431, 35.7026, 148.418, 34.9606, -30.3708, 0.0193181, 172.154, 0.741496, -122.086, 0.725308, 59.3444
1633, 27.20833, 0.838283, 73.2133, 35.699, 148.414, 34.9559, -30.3722, 0.0193301, 172.036, 0.74167, -122.09, 0.725456, 59.343
1633, 27.21667, 0.83875, 73.0833, 35.6954, 148.41, 34.9513, -30.3737, 0.019342, 171.917, 0.741844, -122.094, 0.725605, 59.3417
1634, 27.22500, 0.839215, 72.9533, 35.6917, 148.406, 34.9466, -30.3751, 0.0193539, 171.799, 0.742019, -122.098, 0.725754, 59.3403
1634, 27.23333, 0.83968, 72.823, 35.6881, 148.402, 34.942, -30.3766, 0.0193658, 171.68, 0.742194, -122.102, 0.725904, 59.339
1635, 27.24167, 0.840143, 72.6926, 35.6845, 148.398, 34.9374, -30.3781, 0.0193776, 171.561, 0.742369, -122.106, 0.726053, 59.3376
1635, 27.25000, 0.840605, 72.5621, 35.6809, 148.394, 34.9328, -30.3795, 0.0193894, 171.442, 0.742545, -122.11, 0.726203, 59.3362
1636, 27.25833, 0.841066, 72.4315, 35.6774, 148.391, 34.9282, -30.381, 0.0194011, 171.323, 0.74272, -122.114, 0.726353, 59.3349
1636, 27.26667, 0.841525, 72.3007, 35.6738, 148.387, 34.9236, -30.3824, 0.0194129, 171.204, 0.742896, -122.118, 0.726503, 59.3335
1637, 27.27500, 0.841984, 72.1697, 35.6702, 148.383, 34.9191, -30.3839, 0.0194245, 171.084, 0.743072, -122.122, 0.726653, 59.3321
1637, 27.28333, 0.842441, 72.0386, 35.6667, 148.379, 34.9145, -30.3854, 0.0194361, 170.965, 0.743248, -122.127, 0.726803, 59.3308
1638, 27.29167, 0.842897, 71.9074, 35.6632, 148.375, 34.9099, -30.3868, 0.0194477, 170.845, 0.743425, -122.131, 0.726954, 59.3294
1638, 27.30000, 0.843351, 71.776, 35.6596, 148.371, 34.9054, -30.3883, 0.0194593, 170.725, 0.743602, -122.135, 0.727105, 59.328
1639, 27.30833, 0.843805, 71.6445, 35.6561, 148.367, 34.9009, -30.3898, 0.0194708, 170.605, 0.743779, -122.139, 0.727256, 59.3267
1639, 27.31667, 0.844257, 71.5129, 35.6526, 148.363, 34.8964, -30.3912, 0.0194822, 170.485, 0.743956, -122.143, 0.727407, 59.3253
1640, 27.32500, 0.844708, 71.3811, 35.6492, 148.359, 34.8918, -30.3927, 0.0194936, 170.365, 0.744133, -122.147, 0.727558, 59.3239
1640, 27.33333, 0.845158, 71.2491, 35.6457, 148.355, 34.8873, -30.3942, 0.019505, 170.244, 0.74431, -122.151, 0.727709, 59.3225
1641, 27.34167, 0.845606, 71.117, 35.6422, 148.351, 34.8829, -30.3956, 0.0195163, 170.124, 0.744488, -122.156, 0.727861, 59.3212
1641, 27.35000, 0.846054, 70.9848, 35.6388, 148.346, 34.8784, -30.3971, 0.0195276, 170.003, 0.744666, -122.16, 0.728013, 59.3198
1642, 27.35833, 0.8465, 70.8525, 35.6353, 148.342, 34.8739, -30.3986, 0.0195389, 169.882, 0.744844, -122.164, 0.728165, 59.3184
1642, 27.36667, 0.846944, 70.72, 35.6319, 148.338, 34.8695, -30.4001, 0.0195501, 169.761, 0.745023, -122.168, 0.728317, 59.317
1643, 27.37500, 0.847388, 70.5873, 35.6285, 148.334, 34.865, -30.4015, 0.0195612, 169.64, 0.745202, -122.172, 0.728469, 59.3156
1643, 27.38333, 0.84783, 70.4546, 35.6251, 148.33, 34.8606, -30.403, 0.0195723, 169.519, 0.74538, -122.176, 0.728622, 59.3143
1644, 27.39167, 0.848271, 70.3216, 35.6217, 148.326, 34.8561, -30.4045, 0.0195834, 169.398, 0.745559, -122.181, 0.728774, 59.3129
1644, 27.40000, 0.848711, 70.1886, 35.6183, 148.322, 34.8517, -30.406, 0.0195945, 169.276, 0.745739, -122.185, 0.728927, 59.3115
1645, 27.40833, 0.849149, 70.0554, 35.615, 148.318, 34.8473, -30.4075, 0.0196054, 169.155, 0.745918, -122.189, 0.72908, 59.3101
1645, 27.41667, 0.849587, 69.9221, 35.6116, 148.314, 34.8429, -30.409, 0.0196164, 169.033, 0.746098, -122.193, 0.729233, 59.3087
1646, 27.42500, 0.850023, 69.7886, 35.6083, 148.31, 34.8385, -30.4104, 0.0196273, 168.911, 0.746278, -122.197, 0.729387, 59.3073
1646, 27.43333, 0.850457, 69.655, 35.6049, 148.306, 34.8342, -30.4119, 0.0196382, 168.789, 0.746458, -122.201, 0.72954, 59.3059
1647, 27.44167, 0.850891, 69.5212, 35.6016, 148.302, 34.8298, -30.4134, 0.019649, 168.667, 0.746639, -122.206, 0.729694, 59.3045
1647, 27.45000, 0.851323, 69.3874, 35.5983, 148.298, 34.8254, -30.4149, 0.0196598, 168.545, 0.746819, -122.21, 0.729848, 59.3031
1648, 27.45833, 0.851754, 69.2533, 35.595, 148.294, 34.8211, -30.4164, 0.0196705, 168.422, 0.747, -122.214, 0.730002, 59.3017
1648, 27.46667, 0.852184, 69.1192, 35.5917, 148.29, 34.8168, -30.4179, 0.0196812, 168.3, 0.747181, -122.218, 0.730156, 59.3003
1649, 27.47500, 0.852612, 68.9849, 35.5885, 148.286, 34.8124, -30.4194, 0.0196918, 168.177, 0.747362, -122.222, 0.730311, 59.2989
1649, 27.48333, 0.853039, 68.8505, 35.5852, 148.282, 34.8081, -30.4209, 0.0197024, 168.054, 0.747544, -122.227, 0.730466, 59.2975
1650, 27.49167, 0.853465, 68.7159, 35.582, 148.278, 34.8038, -30.4224, 0.019713, 167.931, 0.747726, -122.231, 0.73062, 59.2961
1650, 27.50000, 0.85389, 68.5812, 35.5787, 148.274, 34.7995, -30.4239, 0.0197235, 167.808, 0.747908, -122.235, 0.730775, 59.2947
1651, 27.50833, 0.854313, 68.4464, 35.5755, 148.27, 34.7952, -30.4254, 0.0197339, 167.685, 0.74809, -122.239, 0.730931, 59.2933
1651, 27.51667, 0.854735, 68.3114, 35.5723, 148.265, 34.791, -30.4269, 0.0197444, 167.562, 0.748272, -122.243, 0.731086, 59.2919
1652, 27.52500, 0.855156, 68.1763, 35.5691, 148.261, 34.7867, -30.4284, 0.0197547, 167.438, 0.748455, -122.248, 0.731241, 59.2905
1652, 27.53333, 0.855576, 68.041, 35.5659, 148.257, 34.7825, -30.4299, 0.0197651, 167.315, 0.748638, -122.252, 0.731397, 59.2891
1653, 27.54167, 0.855994, 67.9057, 35.5628, 148.253, 34.7782, -30.4314, 0.0197754, 167.191, 0.748821, -122.256, 0.731553, 59.2877
1653, 27.55000, 0.856411, 67.7702, 35.5596, 148.249, 34.774, -30.4329, 0.0197856, 167.067, 0.749005, -122.26, 0.731709, 59.2863
1654, 27.55833, 0.856826, 67.6345, 35.5564, 148.245, 34.7698, -30.4344, 0.0197958, 166.943, 0.749188, -122.265, 0.731865, 59.2849
1654, 27.56667, 0.857241, 67.4987, 35.5533, 148.241, 34.7655, -30.4359, 0.019806, 166.819, 0.749372, -122.269, 0.732022, 59.2834
1655, 27.57500, 0.857654, 67.3628, 35.5502, 148.237, 34.7613, -30.4374, 0.0198161, 166.695, 0.749556, -122.273, 0.732179, 59.282
1655, 27.58333, 0.858066, 67.2268, 35.5471, 148.233, 34.7572, -30.439, 0.0198262, 166.57, 0.74974, -122.277, 0.732335, 59.2806
1656, 27.59167, 0.858476, 67.0906, 35.544, 148.228, 34.753, -30.4405, 0.0198362, 166.446, 0.749925, -122.282, 0.732492, 59.2792
1656, 27.60000, 0.858886, 66.9543, 35.5409, 148.224, 34.7488, -30.442, 0.0198462, 166.321, 0.75011, -122.286, 0.732649, 59.2778
1657, 27.60833, 0.859294, 66.8179, 35.5378, 148.22, 34.7446, -30.4435, 0.0198561, 166.197, 0.750295, -122.29, 0.732807, 59.2763
1657, 27.61667, 0.859701, 66.6813, 35.5348, 148.216, 34.7405, -30.445, 0.019866, 166.072, 0.75048, -122.294, 0.732964, 59.2749
1658, 27.62500, 0.860106, 66.5446, 35.5317, 148.212, 34.7364, -30.4466, 0.0198758, 165.947, 0.750666, -122.299, 0.733122, 59.2735
1658, 27.63333, 0.86051, 66.4078, 35.5287, 148.208, 34.7322, -30.4481, 0.0198856, 165.821, 0.750851, -122.303, 0.73328, 59.272
1659, 27.64167, 0.860913, 66.2708, 35.5256, 148.204, 34.7281, -30.4496, 0.0198954, 165.696, 0.751037, -122.307, 0.733438, 59.2706
1659, 27.65000, 0.861315, 66.1337, 35.5226, 148.2, 34.724, -30.4511, 0.0199051, 165.571, 0.751223, -122.311, 0.733596, 59.2692
1660, 27.65833, 0.861715, 65.9965, 35.5196, 148.195, 34.7199, -30.4527, 0.0199147, 165.445, 0.75141, -122.316, 0.733755, 59.2677
1660, 27.66667, 0.862114, 65.8592, 35.5166, 148.191, 34.7158, -30.4542, 0.0199244, 165.32, 0.751597, -122.32, 0.733913, 59.2663
1661, 27.67500, 0.862512, 65.7217, 35.5137, 148.187, 34.7117, -30.4557, 0.0199339, 165.194, 0.751784, -122.324, 0.734072, 59.2649
1661, 27.68333, 0.862908, 65.5841, 35.5107, 148.183, 34.7077, -30.4573, 0.0199435, 165.068, 0.751971, -122.329, 0.734231, 59.2634
1662, 27.69167, 0.863304, 65.4463, 35.5077, 148.179, 34.7036, -30.4588, 0.0199529, 164.942, 0.752158, -122.333, 0.73439, 59.262
1662, 27.70000, 0.863698, 65.3085, 35.5048, 148.175, 34.6996, -30.4603, 0.0199624, 164.816, 0.752346, -122.337, 0.73455, 59.2605
1663, 27.70833, 0.86409, 65.1705, 35.5019, 148.17, 34.6955, -30.4619, 0.0199718, 164.689, 0.752534, -122.342, 0.734709, 59.2591
1663, 27.71667, 0.864482, 65.0323, 35.499, 148.166, 34.6915, -30.4634, 0.0199811, 164.563, 0.752722, -122.346, 0.734869, 59.2576
1664, 27.72500, 0.864872, 64.8941, 35.4961, 148.162, 34.6875, -30.4649, 0.0199904, 164.436, 0.75291, -122.35, 0.735029, 59.2562
1664, 27.73333, 0.865261, 64.7557, 35.4932, 148.158, 34.6835, -30.4665, 0.0199997, 164.31, 0.753099, -122.354, 0.735189, 59.2547
1665, 27.74167, 0.865648, 64.6172, 35.4903, 148.154, 34.6795, -30.468, 0.0200089, 164.183, 0.753288, -122.359, 0.735349, 59.2533
1665, 27.75000, 0.866035, 64.4786, 35.4874, 148.149, 34.6755, -30.4696, 0.020018, 164.056, 0.753477, -122.363, 0.73551, 59.2518
1666, 27.75833, 0.86642, 64.3398, 35.4846, 148.145, 34.6715, -30.4711, 0.0200271, 163.929, 0.753666, -122.367, 0.73567, 59.2504
1666, 27.76667, 0.866804, 64.2009, 35.4817, 148.141, 34.6675, -30.4727, 0.0200362, 163.801, 0.753856, -122.372, 0.735831, 59.2489
1667, 27.77500, 0.867186, 64.0619, 35.4789, 148.137, 34.6636, -30.4742, 0.0200452, 163.674, 0.754046, -122.376, 0.735992, 59.2475
1667, 27.78333, 0.867567, 63.9228, 35.4761, 148.133, 34.6596, -30.4758, 0.0200542, 163.547, 0.754236, -122.38, 0.736153, 59.246
1668, 27.79167, 0.867947, 63.7835, 35.4733, 148.128, 34.6557, -30.4773, 0.0200631, 163.419, 0.754426, -122.385, 0.736315, 59.2445
1668, 27.80000, 0.868326, 63.6441, 35.4705, 148.124, 34.6518, -30.4789, 0.020072, 163.291, 0.754617, -122.389, 0.736476, 59.2431
1669, 27.80833, 0.868703, 63.5046, 35.4677, 148.12, 34.6479, -30.4804, 0.0200809, 163.164, 0.754808, -122.393, 0.736638, 59.2416
1669, 27.81667, 0.86908, 63.365, 35.465, 148.116, 34.6439, -30.482, 0.0200897, 163.036, 0.754999, -122.398, 0.7368, 59.2401
1670, 27.82500, 0.869455, 63.2252, 35.4622, 148.112, 34.6401, -30.4836, 0.0200984, 162.908, 0.75519, -122.402, 0.736962, 59.2387
1670, 27.83333, 0.869828, 63.0854, 35.4595, 148.107, 34.6362, -30.4851, 0.0201071, 162.779, 0.755382, -122.407, 0.737125, 59.2372
1671, 27.84167, 0.870201, 62.9453, 35.4568, 148.103, 34.6323, -30.4867, 0.0201158, 162.651, 0.755574, -122.411, 0.737287, 59.2357
1671, 27.85000, 0.870572, 62.8052, 35.4541, 148.099, 34.6284, -30.4883, 0.0201244, 162.523, 0.755766, -122.415, 0.73745, 59.2342
1672, 27.85833, 0.870942, 62.665, 35.4514, 148.095, 34.6246, -30.4898, 0.0201329, 162.394, 0.755958, -122.42, 0.737613, 59.2328
1672, 27.86667, 0.87131, 62.5246, 35.4487, 148.09, 34.6207, -30.4914, 0.0201414, 162.265, 0.756151, -122.424, 0.737776, 59.2313
1673, 27.87500, 0.871678, 62.3841, 35.446, 148.086, 34.6169, -30.493, 0.0201499, 162.136, 0.756344, -122.428, 0.737939, 59.2298
1673, 27.88333, 0.872044, 62.2435, 35.4433, 148.082, 34.6131, -30.4945, 0.0201583, 162.008, 0.756537, -122.433, 0.738102, 59.2283
1674, 27.89167, 0.872409, 62.1027, 35.4407, 148.078, 34.6093, -30.4961, 0.0201667, 161.878, 0.75673, -122.437, 0.738266, 59.2268
1674, 27.90000, 0.872773, 61.9619, 35.4381, 148.073, 34.6054, -30.4977, 0.020175, 161.749, 0.756924, -122.442, 0.73843, 59.2253
1675, 27.90833, 0.873135, 61.8209, 35.4354, 148.069, 34.6017, -30.4993, 0.0201833, 161.62, 0.757118, -122.446, 0.738594, 59.2238
1675, 27.91667, 0.873496, 61.6798, 35.4328, 148.065, 34.5979, -30.5008, 0.0201916, 161.49, 0.757312, -122.45, 0.738758, 59.2224
1676, 27.92500, 0.873856, 61.5386, 35.4302, 148.06, 34.5941, -30.5024, 0.0201998, 161.361, 0.757507, -122.455, 0.738922, 59.2209
1676, 27.93333, 0.874215, 61.3972, 35.4277, 148.056, 34.5903, -30.504, 0.0202079, 161.231, 0.757702, -122.459, 0.739087, 59.2194
1677, 27.94167, 0.874572, 61.2557, 35.4251, 148.052, 34.5866, -30.5056, 0.020216, 161.101, 0.757897, -122.464, 0.739251, 59.2179
1677, 27.95000, 0.874929, 61.1142, 35.4225, 148.048, 34.5828, -30.5072, 0.0202241, 160.971, 0.758092, -122.468, 0.739416, 59.2164
1678, 27.95833, 0.875284, 60.9725, 35.42, 148.043, 34.5791, -30.5088, 0.0202321, 160.841, 0.758287, -122.472, 0.739582, 59.2149
1678, 27.96667, 0.875637, 60.8307, 35.4175, 148.039, 34.5754, -30.5104, 0.02024, 160.711, 0.758483, -122.477, 0.739747, 59.2134
1679, 27.97500, 0.87599, 60.6887, 35.4149, 148.035, 34.5717, -30.512, 0.0202479, 160.581, 0.758679, -122.481, 0.739912, 59.2119
1679, 27.98333, 0.876341, 60.5467, 35.4124, 148.03, 34.568, -30.5135, 0.0202558, 160.451, 0.758876, -122.486, 0.740078, 59.2104
1680, 27.99167, 0.876692, 60.4045, 35.4099, 148.026, 34.5643, -30.5151, 0.0202636, 160.32, 0.759072, -122.49, 0.740244, 59.2089
1680, 28.00000, 0.877041, 60.2622, 35.4075, 148.022, 34.5606, -30.5167, 0.0202714, 160.189, 0.759269, -122.495, 0.74041, 59.2073
1681, 28.00833, 0.877388, 60.1198, 35.405, 148.017, 34.5569, -30.5183, 0.0202791, 160.059, 0.759466, -122.499, 0.740576, 59.2058
1681, 28.01667, 0.877735, 59.9773, 35.4026, 148.013, 34.5533, -30.5199, 0.0202868, 159.928, 0.759664, -122.504, 0.740743, 59.2043
1682, 28.02500, 0.87808, 59.8346, 35.4001, 148.009, 34.5496, -30.5215, 0.0202945, 159.797, 0.759861, -122.508, 0.740909, 59.2028
1682, 28.03333, 0.878424, 59.6919, 35.3977, 148.004, 34.546, -30.5231, 0.020302, 159.666, 0.760059, -122.513, 0.741076, 59.2013
1683, 28.04167, 0.878767, 59.549, 35.3953, 148, 34.5423, -30.5247, 0.0203096, 159.534, 0.760257, -122.517, 0.741243, 59.1998
1683, 28.05000, 0.879109, 59.406, 35.3929, 147.996, 34.5387, -30.5264, 0.0203171, 159.403, 0.760456, -122.521, 0.74141, 59.1982
1684, 28.05833, 0.87945, 59.2629, 35.3905, 147.991, 34.5351, -30.528, 0.0203245, 159.271, 0.760655, -122.526, 0.741578, 59.1967
1684, 28.06667, 0.879789, 59.1197, 35.3881, 147.987, 34.5315, -30.5296, 0.0203319, 159.14, 0.760854, -122.53, 0.741745, 59.1952
1685, 28.07500, 0.880127, 58.9764, 35.3858, 147.983, 34.5279, -30.5312, 0.0203393, 159.008, 0.761053, -122.535, 0.741913, 59.1937
1685, 28.08333, 0.880464, 58.8329, 35.3834, 147.978, 34.5243, -30.5328, 0.0203466, 158.876, 0.761253, -122.539, 0.742081, 59.1921
1686, 28.09167, 0.8808, 58.6893, 35.3811, 147.974, 34.5207, -30.5344, 0.0203539, 158.744, 0.761452, -122.544, 0.742249, 59.1906
1686, 28.10000, 0.881135, 58.5457, 35.3788, 147.97, 34.5172, -30.536, 0.0203611, 158.612, 0.761653, -122.548, 0.742417, 59.1891
1687, 28.10833, 0.881468, 58.4019, 35.3765, 147.965, 34.5136, -30.5377, 0.0203683, 158.48, 0.761853, -122.553, 0.742586, 59.1875
1687, 28.11667, 0.881801, 58.258, 35.3742, 147.961, 34.5101, -30.5393, 0.0203754, 158.348, 0.762054, -122.557, 0.742754, 59.186
1688, 28.12500, 0.882132, 58.114, 35.3719, 147.956, 34.5066, -30.5409, 0.0203825, 158.215, 0.762255, -122.562, 0.742923, 59.1845
1688, 28.13333, 0.882462, 57.9698, 35.3696, 147.952, 34.503, -30.5425, 0.0203896, 158.083, 0.762456, -122.566, 0.743092, 59.1829
1689, 28.14167, 0.882791, 57.8256, 35.3674, 147.948, 34.4995, -30.5442, 0.0203965, 157.95, 0.762658, -122.571, 0.743262, 59.1814
1689, 28.15000, 0.883119, 57.6813, 35.3651, 147.943, 34.496, -30.5458, 0.0204035, 157.817, 0.762859, -122.575, 0.743431, 59.1798
1690, 28.15833, 0.883446, 57.5368, 35.3629, 147.939, 34.4925, -30.5474, 0.0204104, 157.684, 0.763062, -122.58, 0.743601, 59.1783
1690, 28.16667, 0.883771, 57.3922, 35.3607, 147.934, 34.4891, -30.5491, 0.0204173, 157.551, 0.763264, -122.585, 0.743771, 59.1767
1691, 28.17500, 0.884096, 57.2475, 35.3585, 147.93, 34.4856, -30.5507, 0.0204241, 157.418, 0.763467, -122.589, 0.743941, 59.1752
1691, 28.18333, 0.884419, 57.1028, 35.3563, 147.926, 34.4821, -30.5523, 0.0204308, 157.285, 0.76367, -122.594, 0.744111, 59.1736
1692, 28.19167, 0.884741, 56.9578, 35.3542, 147.921, 34.4787, -30.554, 0.0204376, 157.151, 0.763873, -122.598, 0.744281, 59.1721
1692, 28.20000, 0.885062, 56.8128, 35.352, 147.917, 34.4752, -30.5556, 0.0204442, 157.018, 0.764076, -122.603, 0.744452, 59.1705
1693, 28.20833, 0.885382, 56.6677, 35.3499, 147.912, 34.4718, -30.5572, 0.0204509, 156.884, 0.76428, -122.607, 0.744623, 59.169
1693, 28.21667, 0.885701, 56.5225, 35.3477, 147.908, 34.4684, -30.5589, 0.0204575, 156.75, 0.764484, -122.612, 0.744794, 59.1674
1694, 28.22500, 0.886019, 56.3771, 35.3456, 147.903, 34.465, -30.5605, 0.020464, 156.616, 0.764689, -122.616, 0.744965, 59.1659
1694, 28.23333, 0.886336, 56.2317, 35.3435, 147.899, 34.4616, -30.5622, 0.0204705, 156.482, 0.764893, -122.621, 0.745136, 59.1643
1695, 28.24167, 0.886651, 56.0861, 35.3414, 147.895, 34.4582, -30.5638, 0.020477, 156.348, 0.765098, -122.626, 0.745308, 59.1627
1695, 28.25000, 0.886966, 55.9405, 35.3394, 147.89, 34.4548, -30.5655, 0.0204834, 156.214, 0.765304, -122.63, 0.74548, 59.1612
1696, 28.25833, 0.887279, 55.7947, 35.3373, 147.886, 34.4514, -30.5671, 0.0204897, 156.08, 0.765509, -122.635, 0.745652, 59.1596
1696, 28.26667, 0.887592, 55.6488, 35.3353, 147.881, 34.4481, -30.5688, 0.020496, 155.945, 0.765715, -122.639, 0.745824, 59.158
1697, 28.27500, 0.887903, 55.5028, 35.3332, 147.877, 34.4447, -30.5704, 0.0205023, 155.811, 0.765921, -122.644, 0.745996, 59.1564
1697, 28.28333, 0.888213, 55.3567, 35.3312, 147.872, 34.4414, -30.5721, 0.0205086, 155.676, 0.766128, -122.649, 0.746169, 59.1549
1698, 28.29167, 0.888522, 55.2105, 35.3292, 147.868, 34.438, -30.5738, 0.0205147, 155.541, 0.766334, -122.653, 0.746342, 59.1533
1698, 28.30000, 0.888831, 55.0642, 35.3272, 147.863, 34.4347, -30.5754, 0.0205209, 155.406, 0.766542, -122.658, 0.746514, 59.1517
1699, 28.30833, 0.889138, 54.9178, 35.3252, 147.859, 34.4314, -30.5771, 0.020527, 155.271, 0.766749, -122.662, 0.746688, 59.1501
1699, 28.31667, 0.889444, 54.7713, 35.3233, 147.854, 34.4281, -30.5788, 0.020533, 155.136, 0.766957, -122.667, 0.746861, 59.1485
1700, 28.32500, 0.889749, 54.6247, 35.3213, 147.85, 34.4248, -30.5804, 0.020539, 155.001, 0.767164, -122.672, 0.747034, 59.147
1700, 28.33333, 0.890053, 54.478, 35.3194, 147.845, 34.4215, -30.5821, 0.020545, 154.866, 0.767373, -122.676, 0.747208, 59.1454
1701, 28.34167, 0.890356, 54.3311, 35.3175, 147.841, 34.4183, -30.5838, 0.0205509, 154.73, 0.767581, -122.681, 0.747382, 59.1438
1701, 28.35000, 0.890658, 54.1842, 35.3156, 147.836, 34.415, -30.5854, 0.0205568, 154.595, 0.76779, -122.686, 0.747556, 59.1422
1702, 28.35833, 0.890959, 54.0372, 35.3137, 147.832, 34.4118, -30.5871, 0.0205626, 154.459, 0.767999, -122.69, 0.74773, 59.1406
1702, 28.36667, 0.89126, 53.89, 35.3118, 147.827, 34.4085, -30.5888, 0.0205684, 154.323, 0.768209, -122.695, 0.747905, 59.139
1703, 28.37500, 0.891559, 53.7428, 35.3099, 147.823, 34.4053, -30.5905, 0.0205742, 154.187, 0.768418, -122.7, 0.74808, 59.1374
1703, 28.38333, 0.891857, 53.5954, 35.3081, 147.818, 34.4021, -30.5921, 0.0205799, 154.051, 0.768629, -122.704, 0.748255, 59.1358
1704, 28.39167, 0.892154, 53.448, 35.3063, 147.813, 34.3989, -30.5938, 0.0205856, 153.915, 0.768839, -122.709, 0.74843, 59.1342
1704, 28.40000, 0.89245, 53.3004, 35.3044, 147.809, 34.3957, -30.5955, 0.0205912, 153.779, 0.76905, -122.714, 0.748605, 59.1326
1705, 28.40833, 0.892745, 53.1528, 35.3026, 147.804, 34.3925, -30.5972, 0.0205968, 153.642, 0.769261, -122.718, 0.74878, 59.131
1705, 28.41667, 0.89304, 53.005, 35.3008, 147.8, 34.3893, -30.5989, 0.0206023, 153.506, 0.769472, -122.723, 0.748956, 59.1294
1706, 28.42500, 0.893333, 52.8571, 35.2991, 147.795, 34.3861, -30.6006, 0.0206078, 153.369, 0.769684, -122.728, 0.749132, 59.1278
1706, 28.43333, 0.893625, 52.7092, 35.2973, 147.791, 34.383, -30.6023, 0.0206132, 153.232, 0.769895, -122.732, 0.749308, 59.1262
1707, 28.44167, 0.893917, 52.5611, 35.2956, 147.786, 34.3798, -30.604, 0.0206186, 153.095, 0.770108, -122.737, 0.749484, 59.1246
1707, 28.45000, 0.894208, 52.413, 35.2938, 147.781, 34.3767, -30.6056, 0.020624, 152.959, 0.77032, -122.742, 0.749661, 59.123
1708, 28.45833, 0.894497, 52.2647, 35.2921, 147.777, 34.3735, -30.6073, 0.0206293, 152.821, 0.770533, -122.747, 0.749837, 59.1213
1708, 28.46667, 0.894786, 52.1163, 35.2904, 147.772, 34.3704, -30.609, 0.0206346, 152.684, 0.770746, -122.751, 0.750014, 59.1197
1709, 28.47500, 0.895074, 51.9679, 35.2887, 147.768, 34.3673, -30.6107, 0.0206398, 152.547, 0.77096, -122.756, 0.750191, 59.1181
1709, 28.48333, 0.895361, 51.8193, 35.287, 147.763, 34.3642, -30.6124, 0.020645, 152.41, 0.771174, -122.761, 0.750368, 59.1165
1710, 28.49167, 0.895647, 51.6707, 35.2854, 147.758, 34.3611, -30.6141, 0.0206502, 152.272, 0.771388, -122.765, 0.750546, 59.1148
1710, 28.50000, 0.895932, 51.5219, 35.2837, 147.754, 34.358, -30.6159, 0.0206553, 152.134, 0.771602, -122.77, 0.750724, 59.1132
1711, 28.50833, 0.896217, 51.3731, 35.2821, 147.749, 34.355, -30.6176, 0.0206604, 151.997, 0.771817, -122.775, 0.750901, 59.1116
1711, 28.51667, 0.8965, 51.2241, 35.2805, 147.744, 34.3519, -30.6193, 0.0206654, 151.859, 0.772032, -122.78, 0.751079, 59.11
1712, 28.52500, 0.896783, 51.075, 35.2789, 147.74, 34.3489, -30.621, 0.0206704, 151.721, 0.772247, -122.785, 0.751258, 59.1083
1712, 28.53333, 0.897065, 50.9259, 35.2773, 147.735, 34.3458, -30.6227, 0.0206754, 151.583, 0.772463, -122.789, 0.751436, 59.1067
1713, 28.54167, 0.897346, 50.7766, 35.2757, 147.731, 34.3428, -30.6244, 0.0206803, 151.444, 0.772679, -122.794, 0.751615, 59.1051
1713, 28.55000, 0.897626, 50.6273, 35.2741, 147.726, 34.3398, -30.6261, 0.0206851, 151.306, 0.772896, -122.799, 0.751794, 59.1034
1714, 28.55833, 0.897905, 50.4779, 35.2726, 147.721, 34.3368, -30.6278, 0.02069, 151.168, 0.773112, -122.804, 0.751973, 59.1018
1714, 28.56667, 0.898184, 50.3283, 35.2711, 147.717, 34.3338, -30.6296, 0.0206947, 151.029, 0.773329, -122.808, 0.752152, 59.1001
1715, 28.57500, 0.898462, 50.1787, 35.2696, 147.712, 34.3308, -30.6313, 0.0206995, 150.89, 0.773547, -122.813, 0.752331, 59.0985
1715, 28.58333, 0.898739, 50.029, 35.2681, 147.707, 34.3278, -30.633, 0.0207042, 150.752, 0.773764, -122.818, 0.752511, 59.0969
1716, 28.59167, 0.899015, 49.8791, 35.2666, 147.702, 34.3248, -30.6347, 0.0207089, 150.613, 0.773982, -122.823, 0.752691, 59.0952
1716, 28.60000, 0.89929, 49.7292, 35.2651, 147.698, 34.3219, -30.6365, 0.0207135, 150.474, 0.774201, -122.828, 0.752871, 59.0936
1717, 28.60833, 0.899565, 49.5792, 35.2636, 147.693, 34.3189, -30.6382, 0.0207181, 150.335, 0.774419, -122.832, 0.753051, 59.0919
1717, 28.61667, 0.899839, 49.4291, 35.2622, 147.688, 34.316, -30.6399, 0.0207226, 150.195, 0.774638, -122.837, 0.753231, 59.0903
1718, 28.62500, 0.900112, 49.2789, 35.2608, 147.684, 34.313, -30.6416, 0.0207272, 150.056, 0.774858, -122.842, 0.753412, 59.0886
1718, 28.63333, 0.900385, 49.1286, 35.2594, 147.679, 34.3101, -30.6434, 0.0207316, 149.917, 0.775077, -122.847, 0.753593, 59.0869
1719, 28.64167, 0.900656, 48.9782, 35.258, 147.674, 34.3072, -30.6451, 0.0207361, 149.777, 0.775297, -122.852, 0.753774, 59.0853
1719, 28.65000, 0.900927, 48.8277, 35.2566, 147.669, 34.3043, -30.6469, 0.0207405, 149.637, 0.775518, -122.857, 0.753955, 59.0836
1720, 28.65833, 0.901198, 48.6772, 35.2552, 147.665, 34.3014, -30.6486, 0.0207448, 149.498, 0.775738, -122.862, 0.754137, 59.082
1720, 28.66667, 0.901467, 48.5265, 35.2539, 147.66, 34.2986, -30.6503, 0.0207491, 149.358, 0.775959, -122.866, 0.754318, 59.0803
1721, 28.67500, 0.901736, 48.3757, 35.2525, 147.655, 34.2957, -30.6521, 0.0207534, 149.218, 0.776181, -122.871, 0.7545, 59.0786
1721, 28.68333, 0.902005, 48.2249, 35.2512, 147.65, 34.2928, -30.6538, 0.0207577, 149.078, 0.776402, -122.876, 0.754682, 59.077
1722, 28.69167, 0.902272, 48.0739, 35.2499, 147.646, 34.29, -30.6556, 0.0207619, 148.937, 0.776624, -122.881, 0.754864, 59.0753
1722, 28.70000, 0.902539, 47.9229, 35.2486, 147.641, 34.2871, -30.6573, 0.0207661, 148.797, 0.776847, -122.886, 0.755047, 59.0736
1723, 28.70833, 0.902806, 47.7718, 35.2473, 147.636, 34.2843, -30.6591, 0.0207702, 148.657, 0.777069, -122.891, 0.755229, 59.072
1723, 28.71667, 0.903071, 47.6205, 35.2461, 147.631, 34.2815, -30.6608, 0.0207743, 148.516, 0.777292, -122.896, 0.755412, 59.0703
1724, 28.72500, 0.903336, 47.4692, 35.2448, 147.626, 34.2787, -30.6626, 0.0207783, 148.375, 0.777516, -122.901, 0.755595, 59.0686
1724, 28.73333, 0.903601, 47.3178, 35.2436, 147.622, 34.2759, -30.6643, 0.0207824, 148.235, 0.777739, -122.906, 0.755779, 59.0669
1725, 28.74167, 0.903865, 47.1663, 35.2424, 147.617, 34.2731, -30.6661, 0.0207864, 148.094, 0.777964, -122.911, 0.755962, 59.0652
1725, 28.75000, 0.904128, 47.0147, 35.2412, 147.612, 34.2703, -30.6678, 0.0207903, 147.953, 0.778188, -122.916, 0.756146, 59.0636
1726, 28.75833, 0.904391, 46.8631, 35.24, 147.607, 34.2675, -30.6696, 0.0207942, 147.812, 0.778413, -122.92, 0.75633, 59.0619
1726, 28.76667, 0.904653, 46.7113, 35.2388, 147.602, 34.2648, -30.6714, 0.0207981, 147.67, 0.778638, -122.925, 0.756514, 59.0602
1727, 28.77500, 0.904914, 46.5594, 35.2377, 147.598, 34.262, -30.6731, 0.0208019, 147.529, 0.778863, -122.93, 0.756698, 59.0585
1727, 28.78333, 0.905175, 46.4075, 35.2366, 147.593, 34.2593, -30.6749, 0.0208058, 147.388, 0.779089, -122.935, 0.756883, 59.0568
1728, 28.79167, 0.905436, 46.2555, 35.2354, 147.588, 34.2566, -30.6767, 0.0208095, 147.246, 0.779315, -122.94, 0.757067, 59.0551
1728, 28.80000, 0.905696, 46.1034, 35.2343, 147.583, 34.2538, -30.6784, 0.0208133, 147.104, 0.779542, -122.945, 0.757252, 59.0534
1729, 28.80833, 0.905955, 45.9512, 35.2332, 147.578, 34.2511, -30.6802, 0.020817, 146.963, 0.779769, -122.95, 0.757437, 59.0517
1729, 28.81667, 0.906214, 45.7988, 35.2322, 147.573, 34.2484, -30.682, 0.0208206, 146.821, 0.779996, -122.955, 0.757623, 59.05
1730, 28.82500, 0.906472, 45.6465, 35.2311, 147.568, 34.2458, -30.6838, 0.0208243, 146.679, 0.780223, -122.96, 0.757808, 59.0483
1730, 28.83333, 0.90673, 45.494, 35.2301, 147.563, 34.2431, -30.6855, 0.0208279, 146.537, 0.780451, -122.965, 0.757994, 59.0466
1731, 28.84167, 0.906988, 45.3414, 35.229, 147.559, 34.2404, -30.6873, 0.0208314, 146.394, 0.78068, -122.97, 0.75818, 59.0449
1731, 28.85000, 0.907245, 45.1888, 35.228, 147.554, 34.2377, -30.6891, 0.020835, 146.252, 0.780908, -122.975, 0.758366, 59.0432
1732, 28.85833, 0.907501, 45.0361, 35.227, 147.549, 34.2351, -30.6909, 0.0208385, 146.11, 0.781137, -122.98, 0.758552, 59.0415
1732, 28.86667, 0.907758, 44.8832, 35.226, 147.544, 34.2325, -30.6927, 0.020842, 145.967, 0.781367, -122.985, 0.758739, 59.0398
1733, 28.87500, 0.908013, 44.7303, 35.2251, 147.539, 34.2298, -30.6944, 0.0208454, 145.824, 0.781596, -122.99, 0.758926, 59.0381
1733, 28.88333, 0.908269, 44.5774, 35.2241, 147.534, 34.2272, -30.6962, 0.0208488, 145.682, 0.781826, -122.996, 0.759112, 59.0364
1734, 28.89167, 0.908523, 44.4243, 35.2232, 147.529, 34.2246, -30.698, 0.0208522, 145.539, 0.782057, -123.001, 0.7593, 59.0347
1734, 28.90000, 0.908778, 44.2711, 35.2223, 147.524, 34.222, -30.6998, 0.0208555, 145.396, 0.782288, -123.006, 0.759487, 59.033
1735, 28.90833, 0.909032, 44.1179, 35.2214, 147.519, 34.2194, -30.7016, 0.0208588, 145.252, 0.782519, -123.011, 0.759675, 59.0313
1735, 28.91667, 0.909286, 43.9645, 35.2205, 147.514, 34.2168, -30.7034, 0.0208621, 145.109, 0.78275, -123.016, 0.759862, 59.0295
1736, 28.92500, 0.909539, 43.8111, 35.2196, 147.509, 34.2143, -30.7052, 0.0208653, 144.966, 0.782982, -123.021, 0.76005, 59.0278
1736, 28.93333, 0.909792, 43.6576, 35.2188, 147.504, 34.2117, -30.707, 0.0208686, 144.822, 0.783215, -123.026, 0.760239, 59.0261
1737, 28.94167, 0.910045, 43.504, 35.2179, 147.499, 34.2092, -30.7088, 0.0208717, 144.679, 0.783447, -123.031, 0.760427, 59.0244
1737, 28.95000, 0.910298, 43.3503, 35.2171, 147.494, 34.2066, -30.7106, 0.0208749, 144.535, 0.78368, -123.036, 0.760616, 59.0226
1738, 28.95833, 0.91055, 43.1966, 35.2163, 147.489, 34.2041, -30.7124, 0.020878, 144.391, 0.783914, -123.041, 0.760805, 59.0209
1738, 28.96667, 0.910801, 43.0428, 35.2155, 147.484, 34.2016, -30.7142, 0.0208811, 144.247, 0.784148, -123.046, 0.760994, 59.0192
1739, 28.97500, 0.911053, 42.8888, 35.2147, 147.479, 34.1991, -30.716, 0.0208842, 144.103, 0.784382, -123.052, 0.761183, 59.0175
1739, 28.98333, 0.911304, 42.7348, 35.214, 147.474, 34.1966, -30.7178, 0.0208872, 143.959, 0.784616, -123.057, 0.761372, 59.0157
1740, 28.99167, 0.911555, 42.5807, 35.2132, 147.469, 34.1941, -30.7196, 0.0208902, 143.815, 0.784851, -123.062, 0.761562, 59.014
1740, 29.00000, 0.911806, 42.4266, 35.2125, 147.464, 34.1916, -30.7214, 0.0208932, 143.671, 0.785086, -123.067, 0.761752, 59.0123
1741, 29.00833, 0.912057, 42.2723, 35.2118, 147.459, 34.1891, -30.7232, 0.0208961, 143.526, 0.785322, -123.072, 0.761942, 59.0105
1741, 29.01667, 0.912307, 42.118, 35.2111, 147.454, 34.1867, -30.725, 0.0208991, 143.382, 0.785558, -123.077, 0.762132, 59.0088
1742, 29.02500, 0.912557, 41.9636, 35.2104, 147.449, 34.1842, -30.7268, 0.020902, 143.237, 0.785794, -123.083, 0.762323, 59.007
1742, 29.03333, 0.912807, 41.8091, 35.2098, 147.444, 34.1818, -30.7287, 0.0209048, 143.092, 0.786031, -123.088, 0.762514, 59.0053
1743, 29.04167, 0.913057, 41.6545, 35.2091, 147.439, 34.1794, -30.7305, 0.0209077, 142.947, 0.786268, -123.093, 0.762705, 59.0036
1743, 29.05000, 0.913306, 41.4998, 35.2085, 147.434, 34.177, -30.7323, 0.0209105, 142.802, 0.786506, -123.098, 0.762896, 59.0018
1744, 29.05833, 0.913556, 41.3451, 35.2079, 147.428, 34.1745, -30.7341, 0.0209132, 142.657, 0.786744, -123.103, 0.763087, 59.0001
1744, 29.06667, 0.913805, 41.1903, 35.2073, 147.423, 34.1721, -30.7359, 0.020916, 142.512, 0.786982, -123.109, 0.763279, 58.9983
1745, 29.07500, 0.914054, 41.0354, 35.2067, 147.418, 34.1698, -30.7378, 0.0209187, 142.366, 0.787221, -123.114, 0.763471, 58.9966
1745, 29.08333, 0.914303, 40.8804, 35.2062, 147.413, 34.1674, -30.7396, 0.0209214, 142.221, 0.78746, -123.119, 0.763663, 58.9948
1746, 29.09167, 0.914552, 40.7253, 35.2056, 147.408, 34.165, -30.7414, 0.0209241, 142.075, 0.787699, -123.124, 0.763855, 58.9931
1746, 29.10000, 0.914801, 40.5702, 35.2051, 147.403, 34.1627, -30.7432, 0.0209268, 141.93, 0.787939, -123.13, 0.764047, 58.9913
1747, 29.10833, 0.91505, 40.415, 35.2046, 147.398, 34.1603, -30.7451, 0.0209294, 141.784, 0.788179, -123.135, 0.76424, 58.9896
1747, 29.11667, 0.915299, 40.2596, 35.2041, 147.392, 34.158, -30.7469, 0.020932, 141.638, 0.78842, -123.14, 0.764433, 58.9878
1748, 29.12500, 0.915548, 40.1043, 35.2036, 147.387, 34.1557, -30.7487, 0.0209346, 141.492, 0.788661, -123.146, 0.764626, 58.986
1748, 29.13333, 0.915796, 39.9488, 35.2031, 147.382, 34.1533, -30.7506, 0.0209371, 141.346, 0.788903, -123.151, 0.764819, 58.9843
1749, 29.14167, 0.916045, 39.7933, 35.2027, 147.377, 34.151, -30.7524, 0.0209397, 141.199, 0.789144, -123.156, 0.765013, 58.9825
1749, 29.15000, 0.916294, 39.6376, 35.2023, 147.372, 34.1487, -30.7542, 0.0209422, 141.053, 0.789387, -123.162, 0.765207, 58.9808
1750, 29.15833, 0.916542, 39.482, 35.2018, 147.366, 34.1465, -30.7561, 0.0209447, 140.906, 0.789629, -123.167, 0.765401, 58.979
1750, 29.16667, 0.916791, 39.3262, 35.2015, 147.361, 34.1442, -30.7579, 0.0209471, 140.76, 0.789872, -123.172, 0.765595, 58.9772
1751, 29.17500, 0.91704, 39.1703, 35.2011, 147.356, 34.1419, -30.7598, 0.0209496, 140.613, 0.790116, -123.178, 0.765789, 58.9755
1751, 29.18333, 0.917289, 39.0144, 35.2007, 147.351, 34.1397, -30.7616, 0.020952, 140.466, 0.790359, -123.183, 0.765984, 58.9737
1752, 29.19167, 0.917538, 38.8584, 35.2004, 147.345, 34.1374, -30.7634, 0.0209544, 140.319, 0.790604, -123.188, 0.766179, 58.9719
1752, 29.20000, 0.917787, 38.7023, 35.2, 147.34, 34.1352, -30.7653, 0.0209567, 140.172, 0.790848, -123.194, 0.766374, 58.9702
1753, 29.20833, 0.918036, 38.5461, 35.1997, 147.335, 34.133, -30.7671, 0.0209591, 140.025, 0.791093, -123.199, 0.766569, 58.9684
1753, 29.21667, 0.918285, 38.3899, 35.1994, 147.33, 34.1307, -30.769, 0.0209614, 139.878, 0.791339, -123.204, 0.766764, 58.9666
1754, 29.22500, 0.918534, 38.2336, 35.1992, 147.324, 34.1285, -30.7708, 0.0209637, 139.73, 0.791585, -123.21, 0.76696, 58.9648
1754, 29.23333, 0.918784, 38.0772, 35.1989, 147.319, 34.1263, -30.7727, 0.020966, 139.583, 0.791831, -123.215, 0.767156, 58.9631
1755, 29.24167, 0.919033, 37.9207, 35.1987, 147.314, 34.1242, -30.7745, 0.0209683, 139.435, 0.792077, -123.221, 0.767352, 58.9613
1755, 29.25000, 0.919283, 37.7642, 35.1984, 147.308, 34.122, -30.7764, 0.0209705, 139.287, 0.792324, -123.226, 0.767549, 58.9595
1756, 29.25833, 0.919533, 37.6076, 35.1982, 147.303, 34.1198, -30.7783, 0.0209728, 139.139, 0.792572, -123.232, 0.767745, 58.9577
1756, 29.26667, 0.919783, 37.4508, 35.198, 147.298, 34.1177, -30.7801, 0.020975, 138.991, 0.79282, -123.237, 0.767942, 58.9559
1757, 29.27500, 0.920034, 37.2941, 35.1979, 147.292, 34.1155, -30.782, 0.0209772, 138.843, 0.793068, -123.243, 0.768139, 58.9541
1757, 29.28333, 0.920284, 37.1372, 35.1977, 147.287, 34.1134, -30.7838, 0.0209793, 138.695, 0.793317, -123.248, 0.768336, 58.9524
1758, 29.29167, 0.920535, 36.9803, 35.1976, 147.282, 34.1113, -30.7857, 0.0209815, 138.547, 0.793566, -123.253, 0.768534, 58.9506
1758, 29.30000, 0.920786, 36.8233, 35.1974, 147.276, 34.1092, -30.7876, 0.0209836, 138.398, 0.793815, -123.259, 0.768731, 58.9488
1759, 29.30833, 0.921038, 36.6662, 35.1973, 147.271, 34.1071, -30.7894, 0.0209858, 138.25, 0.794065, -123.264, 0.768929, 58.947
1759, 29.31667, 0.92129, 36.5091, 35.1972, 147.266, 34.105, -30.7913, 0.0209879, 138.101, 0.794316, -123.27, 0.769127, 58.9452
1760, 29.32500, 0.921542, 36.3519, 35.1972, 147.26, 34.1029, -30.7931, 0.0209899, 137.952, 0.794566, -123.275, 0.769326, 58.9434
1760, 29.33333, 0.921794, 36.1946, 35.1971, 147.255, 34.1008, -30.795, 0.020992, 137.803, 0.794818, -123.281, 0.769524, 58.9416
1761, 29.34167, 0.922047, 36.0372, 35.1971, 147.249, 34.0988, -30.7969, 0.0209941, 137.654, 0.795069, -123.287, 0.769723, 58.9398
1761, 29.35000, 0.9223, 35.8797, 35.1971, 147.244, 34.0967, -30.7988, 0.0209961, 137.505, 0.795321, -123.292, 0.769922, 58.938
1762, 29.35833, 0.922553, 35.7222, 35.1971, 147.238, 34.0947, -30.8006, 0.0209981, 137.356, 0.795574, -123.298, 0.770121, 58.9362
1762, 29.36667, 0.922807, 35.5646, 35.1971, 147.233, 34.0926, -30.8025, 0.0210001, 137.206, 0.795827, -123.303, 0.770321, 58.9344
1763, 29.37500, 0.923061, 35.407, 35.1971, 147.227, 34.0906, -30.8044, 0.0210021, 137.057, 0.79608, -123.309, 0.770521, 58.9326
1763, 29.38333, 0.923316, 35.2492, 35.1972, 147.222, 34.0886, -30.8063, 0.0210041, 136.907, 0.796334, -123.314, 0.77072, 58.9308
1764, 29.39167, 0.923571, 35.0914, 35.1972, 147.216, 34.0866, -30.8081, 0.0210061, 136.757, 0.796588, -123.32, 0.770921, 58.929
1764, 29.40000, 0.923827, 34.9335, 35.1973, 147.211, 34.0846, -30.81, 0.021008, 136.607, 0.796842, -123.326, 0.771121, 58.9272
1765, 29.40833, 0.924083, 34.7756, 35.1974, 147.205, 34.0826, -30.8119, 0.02101, 136.457, 0.797097, -123.331, 0.771322, 58.9254
1765, 29.41667, 0.924339, 34.6175, 35.1975, 147.2, 34.0807, -30.8138, 0.0210119, 136.307, 0.797353, -123.337, 0.771522, 58.9236
1766, 29.42500, 0.924596, 34.4594, 35.1977, 147.194, 34.0787, -30.8157, 0.0210138, 136.157, 0.797609, -123.343, 0.771724, 58.9218
1766, 29.43333, 0.924854, 34.3013, 35.1978, 147.189, 34.0768, -30.8175, 0.0210157, 136.007, 0.797865, -123.348, 0.771925, 58.92
1767, 29.44167, 0.925112, 34.143, 35.198, 147.183, 34.0748, -30.8194, 0.0210176, 135.856, 0.798122, -123.354, 0.772126, 58.9182
1767, 29.45000, 0.92537, 33.9847, 35.1982, 147.178, 34.0729, -30.8213, 0.0210195, 135.706, 0.798379, -123.36, 0.772328, 58.9164
1768, 29.45833, 0.92563, 33.8263, 35.1984, 147.172, 34.071, -30.8232, 0.0210214, 135.555, 0.798637, -123.365, 0.77253, 58.9146
1768, 29.46667, 0.925889, 33.6678, 35.1987, 147.167, 34.0691, -30.8251, 0.0210232, 135.404, 0.798895, -123.371, 0.772732, 58.9128
1769, 29.47500, 0.92615, 33.5093, 35.1989, 147.161, 34.0672, -30.827, 0.0210251, 135.253, 0.799153, -123.377, 0.772935, 58.9109
1769, 29.48333, 0.926411, 33.3507, 35.1992, 147.155, 34.0653, -30.8289, 0.0210269, 135.102, 0.799412, -123.383, 0.773137, 58.9091
1770, 29.49167, 0.926672, 33.192, 35.1994, 147.15, 34.0634, -30.8308, 0.0210288, 134.951, 0.799671, -123.388, 0.77334, 58.9073
1770, 29.50000, 0.926934, 33.0333, 35.1997, 147.144, 34.0616, -30.8326, 0.0210306, 134.799, 0.799931, -123.394, 0.773543, 58.9055
1771, 29.50833, 0.927197, 32.8745, 35.2001, 147.138, 34.0597, -30.8345, 0.0210324, 134.648, 0.800192, -123.4, 0.773747, 58.9037
1771, 29.51667, 0.927461, 32.7156, 35.2004, 147.133, 34.0579, -30.8364, 0.0210342, 134.496, 0.800452, -123.406, 0.77395, 58.9019
1772, 29.52500, 0.927725, 32.5566, 35.2008, 147.127, 34.056, -30.8383, 0.021036, 134.345, 0.800713, -123.411, 0.774154, 58.9
1772, 29.53333, 0.92799, 32.3976, 35.2011, 147.121, 34.0542, -30.8402, 0.0210378, 134.193, 0.800975, -123.417, 0.774358, 58.8982
1773, 29.54167, 0.928256, 32.2385, 35.2015, 147.116, 34.0524, -30.8421, 0.0210396, 134.041, 0.801237, -123.423, 0.774562, 58.8964
1773, 29.55000, 0.928522, 32.0793, 35.2019, 147.11, 34.0506, -30.844, 0.0210414, 133.889, 0.801499, -123.429, 0.774767, 58.8946
1774, 29.55833, 0.92879, 31.9201, 35.2024, 147.104, 34.0488, -30.8459, 0.0210431, 133.737, 0.801762, -123.435, 0.774971, 58.8928
1774, 29.56667, 0.929058, 31.7608, 35.2028, 147.098, 34.047, -30.8478, 0.0210449, 133.584, 0.802026, -123.441, 0.775177, 58.8909
1775, 29.57500, 0.929327, 31.6014, 35.2033, 147.093, 34.0453, -30.8497, 0.0210466, 133.432, 0.80229, -123.446, 0.775382, 58.8891
1775, 29.58333, 0.929596, 31.4419, 35.2038, 147.087, 34.0435, -30.8516, 0.0210484, 133.279, 0.802554, -123.452, 0.775587, 58.8873
1776, 29.59167, 0.929867, 31.2824, 35.2043, 147.081, 34.0417, -30.8535, 0.0210502, 133.127, 0.802819, -123.458, 0.775793, 58.8855
1776, 29.60000, 0.930138, 31.1228, 35.2048, 147.075, 34.04, -30.8554, 0.0210519, 132.974, 0.803084, -123.464, 0.775999, 58.8836
1777, 29.60833, 0.93041, 30.9632, 35.2053, 147.07, 34.0383, -30.8573, 0.0210536, 132.821, 0.80335, -123.47, 0.776205, 58.8818
1777, 29.61667, 0.930683, 30.8035, 35.2059, 147.064, 34.0366, -30.8593, 0.0210554, 132.668, 0.803616, -123.476, 0.776411, 58.88
1778, 29.62500, 0.930957, 30.6437, 35.2065, 147.058, 34.0349, -30.8612, 0.0210571, 132.515, 0.803882, -123.482, 0.776618, 58.8781
1778, 29.63333, 0.931232, 30.4838, 35.2071, 147.052, 34.0332, -30.8631, 0.0210589, 132.361, 0.804149, -123.488, 0.776825, 58.8763
1779, 29.64167, 0.931508, 30.3239, 35.2077, 147.046, 34.0315, -30.865, 0.0210606, 132.208, 0.804417, -123.494, 0.777032, 58.8745
1779, 29.65000, 0.931785, 30.1639, 35.2083, 147.04, 34.0298, -30.8669, 0.0210623, 132.054, 0.804685, -123.5, 0.777239, 58.8726
1780, 29.65833, 0.932063, 30.0038, 35.2089, 147.035, 34.0281, -30.8688, 0.0210641, 131.901, 0.804953, -123.506, 0.777447, 58.8708
1780, 29.66667, 0.932342, 29.8437, 35.2096, 147.029, 34.0265, -30.8707, 0.0210658, 131.747, 0.805222, -123.512, 0.777654, 58.869
1781, 29.67500, 0.932621, 29.6835, 35.2103, 147.023, 34.0248, -30.8726, 0.0210675, 131.593, 0.805492, -123.518, 0.777862, 58.8671
1781, 29.68333, 0.932902, 29.5232, 35.211, 147.017, 34.0232, -30.8746, 0.0210693, 131.439, 0.805762, -123.524, 0.778071, 58.8653
1782, 29.69167, 0.933184, 29.3629, 35.2117, 147.011, 34.0216, -30.8765, 0.021071, 131.285, 0.806032, -123.53, 0.778279, 58.8635
1782, 29.70000, 0.933467, 29.2025, 35.2125, 147.005, 34.02, -30.8784, 0.0210727, 131.13, 0.806303, -123.536, 0.778488, 58.8616
1783, 29.70833, 0.933751, 29.042, 35.2132, 146.999, 34.0184, -30.8803, 0.0210745, 130.976, 0.806574, -123.542, 0.778697, 58.8598
1783, 29.71667, 0.934036, 28.8815, 35.214, 146.993, 34.0168, -30.8822, 0.0210762, 130.821, 0.806846, -123.548, 0.778906, 58.8579
1784, 29.72500, 0.934323, 28.7209, 35.2148, 146.987, 34.0152, -30.8841, 0.0210779, 130.667, 0.807118, -123.554, 0.779116, 58.8561
1784, 29.73333, 0.93461, 28.5602, 35.2156, 146.981, 34.0136, -30.8861, 0.0210797, 130.512, 0.807391, -123.56, 0.779325, 58.8543
1785, 29.74167, 0.934899, 28.3995, 35.2165, 146.975, 34.0121, -30.888, 0.0210814, 130.357, 0.807664, -123.566, 0.779535, 58.8524
1785, 29.75000, 0.935189, 28.2387, 35.2173, 146.969, 34.0105, -30.8899, 0.0210832, 130.202, 0.807937, -123.573, 0.779746, 58.8506
1786, 29.75833, 0.935479, 28.0778, 35.2182, 146.963, 34.009, -30.8918, 0.0210849, 130.047, 0.808211, -123.579, 0.779956, 58.8487
1786, 29.76667, 0.935772, 27.9168, 35.2191, 146.957, 34.0074, -30.8938, 0.0210867, 129.891, 0.808486, -123.585, 0.780167, 58.8469
1787, 29.77500, 0.936065, 27.7558, 35.22, 146.951, 34.0059, -30.8957, 0.0210884, 129.736, 0.808761, -123.591, 0.780378, 58.845
1787, 29.78333, 0.93636, 27.5948, 35.221, 146.945, 34.0044, -30.8976, 0.0210902, 129.58, 0.809037, -123.597, 0.780589, 58.8432
1788, 29.79167, 0.936656, 27.4336, 35.2219, 146.939, 34.0029, -30.8995, 0.021092, 129.425, 0.809313, -123.603, 0.7808, 58.8414
1788, 29.80000, 0.936953, 27.2724, 35.2229, 146.933, 34.0014, -30.9015, 0.0210938, 129.269, 0.809589, -123.61, 0.781012, 58.8395
1789, 29.80833, 0.937251, 27.1112, 35.2239, 146.927, 34, -30.9034, 0.0210956, 129.113, 0.809866, -123.616, 0.781224, 58.8377
1789, 29.81667, 0.937551, 26.9498, 35.2249, 146.92, 33.9985, -30.9053, 0.0210974, 128.957, 0.810144, -123.622, 0.781436, 58.8358
1790, 29.82500, 0.937853, 26.7884, 35.2259, 146.914, 33.997, -30.9073, 0.0210992, 128.8, 0.810422, -123.628, 0.781648, 58.834
1790, 29.83333, 0.938155, 26.627, 35.227, 146.908, 33.9956, -30.9092, 0.021101, 128.644, 0.8107, -123.635, 0.781861, 58.8321
1791, 29.84167, 0.938459, 26.4654, 35.228, 146.902, 33.9942, -30.9111, 0.0211028, 128.487, 0.810979, -123.641, 0.782074, 58.8303
1791, 29.85000, 0.938764, 26.3039, 35.2291, 146.896, 33.9928, -30.913, 0.0211046, 128.331, 0.811259, -123.647, 0.782287, 58.8284
1792, 29.85833, 0.939071, 26.1422, 35.2302, 146.89, 33.9913, -30.915, 0.0211065, 128.174, 0.811539, -123.654, 0.782501, 58.8266
1792, 29.86667, 0.939379, 25.9805, 35.2314, 146.883, 33.9899, -30.9169, 0.0211083, 128.017, 0.811819, -123.66, 0.782714, 58.8247
1793, 29.87500, 0.939689, 25.8187, 35.2325, 146.877, 33.9886, -30.9188, 0.0211102, 127.86, 0.8121, -123.666, 0.782928, 58.8229
1793, 29.88333, 0.94, 25.6568, 35.2337, 146.871, 33.9872, -30.9208, 0.021112, 127.703, 0.812382, -123.673, 0.783142, 58.821
1794, 29.89167, 0.940313, 25.4949, 35.2349, 146.865, 33.9858, -30.9227, 0.0211139, 127.545, 0.812664, -123.679, 0.783357, 58.8192
1794, 29.90000, 0.940627, 25.3329, 35.2361, 146.858, 33.9845, -30.9247, 0.0211158, 127.388, 0.812946, -123.685, 0.783571, 58.8173
1795, 29.90833, 0.940943, 25.1709, 35.2373, 146.852, 33.9831, -30.9266, 0.0211177, 127.23, 0.813229, -123.692, 0.783786, 58.8155
1795, 29.91667, 0.94126, 25.0088, 35.2386, 146.846, 33.9818, -30.9285, 0.0211197, 127.073, 0.813513, -123.698, 0.784001, 58.8136
1796, 29.92500, 0.941579, 24.8466, 35.2398, 146.839, 33.9805, -30.9305, 0.0211216, 126.915, 0.813796, -123.705, 0.784217, 58.8118
1796, 29.93333, 0.941899, 24.6844, 35.2411, 146.833, 33.9791, -30.9324, 0.0211235, 126.757, 0.814081, -123.711, 0.784432, 58.8099
1797, 29.94167, 0.942222, 24.5221, 35.2424, 146.827, 33.9778, -30.9343, 0.0211255, 126.599, 0.814366, -123.718, 0.784648, 58.8081
1797, 29.95000, 0.942545, 24.3597, 35.2437, 146.82, 33.9766, -30.9363, 0.0211275, 126.44, 0.814651, -123.724, 0.784865, 58.8062
1798, 29.95833, 0.942871, 24.1973, 35.2451, 146.814, 33.9753, -30.9382, 0.0211295, 126.282, 0.814937, -123.731, 0.785081, 58.8044
1798, 29.96667, 0.943198, 24.0348, 35.2464, 146.808, 33.974, -30.9402, 0.0211315, 126.123, 0.815224, -123.737, 0.785298, 58.8025
1799, 29.97500, 0.943526, 23.8722, 35.2478, 146.801, 33.9728, -30.9421, 0.0211335, 125.965, 0.815511, -123.744, 0.785515, 58.8007
1799, 29.98333, 0.943857, 23.7096, 35.2492, 146.795, 33.9715, -30.944, 0.0211356, 125.806, 0.815799, -123.75, 0.785732, 58.7988
1800, 29.99167, 0.944189, 23.5469, 35.2507, 146.788, 33.9703, -30.946, 0.0211376, 125.647, 0.816087, -123.757, 0.785949, 58.7969
1800, 30.00000, 0.944523, 23.3842, 35.2521, 146.782, 33.9691, -30.9479, 0.0211397, 125.488, 0.816375, -123.763, 0.786167, 58.7951
1801, 30.00833, 0.944859, 23.2214, 35.2536, 146.775, 33.9678, -30.9499, 0.0211418, 125.328, 0.816664, -123.77, 0.786385, 58.7932
1801, 30.01667, 0.945196, 23.0585, 35.2551, 146.769, 33.9666, -30.9518, 0.0211439, 125.169, 0.816954, -123.777, 0.786603, 58.7914
1802, 30.02500, 0.945536, 22.8956, 35.2566, 146.762, 33.9654, -30.9538, 0.0211461, 125.01, 0.817244, -123.783, 0.786822, 58.7895
1802, 30.03333, 0.945877, 22.7326, 35.2581, 146.756, 33.9643, -30.9557, 0.0211482, 124.85, 0.817535, -123.79, 0.78704, 58.7877
1803, 30.04167, 0.94622, 22.5695, 35.2596, 146.749, 33.9631, -30.9576, 0.0211504, 124.69, 0.817826, -123.797, 0.787259, 58.7858
1803, 30.05000, 0.946565, 22.4064, 35.2612, 146.743, 33.9619, -30.9596, 0.0211526, 124.53, 0.818118, -123.803, 0.787479, 58.784
1804, 30.05833, 0.946912, 22.2432, 35.2628, 146.736, 33.9608, -30.9615, 0.0211548, 124.37, 0.81841, -123.81, 0.787698, 58.7821
1804, 30.06667, 0.94726, 22.0799, 35.2644, 146.73, 33.9597, -30.9635, 0.0211571, 124.21, 0.818703, -123.817, 0.787918, 58.7802
1805, 30.07500, 0.947611, 21.9166, 35.266, 146.723, 33.9585, -30.9654, 0.0211593, 124.049, 0.818996, -123.824, 0.788138, 58.7784
1805, 30.08333, 0.947964, 21.7533, 35.2677, 146.716, 33.9574, -30.9674, 0.0211616, 123.889, 0.81929, -123.83, 0.788358, 58.7765
1806, 30.09167, 0.948318, 21.5898, 35.2693, 146.71, 33.9563, -30.9693, 0.021164, 123.728, 0.819584, -123.837, 0.788579, 58.7747
1806, 30.10000, 0.948675, 21.4263, 35.271, 146.703, 33.9552, -30.9713, 0.0211663, 123.568, 0.819879, -123.844, 0.7888, 58.7728
1807, 30.10833, 0.949033, 21.2628, 35.2727, 146.696, 33.9542, -30.9732, 0.0211687, 123.407, 0.820174, -123.851, 0.789021, 58.771
1807, 30.11667, 0.949394, 21.0992, 35.2745, 146.69, 33.9531, -30.9752, 0.021171, 123.245, 0.82047, -123.857, 0.789242, 58.7691
1808, 30.12500, 0.949757, 20.9355, 35.2762, 146.683, 33.952, -30.9771, 0.0211735, 123.084, 0.820767, -123.864, 0.789464, 58.7673
1808, 30.13333, 0.950122, 20.7718, 35.278, 146.676, 33.951, -30.9791, 0.0211759, 122.923, 0.821064, -123.871, 0.789686, 58.7654
1809, 30.14167, 0.950489, 20.6079, 35.2798, 146.669, 33.9499, -30.981, 0.0211784, 122.761, 0.821361, -123.878, 0.789908, 58.7635
1809, 30.15000, 0.950858, 20.4441, 35.2816, 146.663, 33.9489, -30.983, 0.0211809, 122.6, 0.821659, -123.885, 0.79013, 58.7617
1810, 30.15833, 0.951229, 20.2802, 35.2834, 146.656, 33.9479, -30.9849, 0.0211834, 122.438, 0.821958, -123.892, 0.790353, 58.7598
1810, 30.16667, 0.951602, 20.1162, 35.2853, 146.649, 33.9469, -30.9869, 0.0211859, 122.276, 0.822257, -123.899, 0.790576, 58.758
1811, 30.17500, 0.951978, 19.9521, 35.2872, 146.642, 33.9459, -30.9888, 0.0211885, 122.114, 0.822557, -123.906, 0.790799, 58.7561
1811, 30.18333, 0.952356, 19.788, 35.2891, 146.635, 33.9449, -30.9908, 0.0211911, 121.952, 0.822857, -123.913, 0.791023, 58.7543
1812, 30.19167, 0.952736, 19.6238, 35.291, 146.629, 33.944, -30.9927, 0.0211938, 121.789, 0.823158, -123.92, 0.791247, 58.7524
1812, 30.20000, 0.953118, 19.4596, 35.2929, 146.622, 33.943, -30.9947, 0.0211964, 121.627, 0.823459, -123.927, 0.791471, 58.7506
1813, 30.20833, 0.953502, 19.2953, 35.2949, 146.615, 33.9421, -30.9966, 0.0211992, 121.464, 0.823761, -123.934, 0.791695, 58.7487
1813, 30.21667, 0.953889, 19.131, 35.2969, 146.608, 33.9411, -30.9986, 0.0212019, 121.301, 0.824064, -123.941, 0.79192, 58.7469
1814, 30.22500, 0.954278, 18.9666, 35.2989, 146.601, 33.9402, -31.0005, 0.0212047, 121.138, 0.824367, -123.948, 0.792144, 58.745
1814, 30.23333, 0.95467, 18.8021, 35.3009, 146.594, 33.9393, -31.0025, 0.0212075, 120.975, 0.82467, -123.955, 0.79237, 58.7432
1815, 30.24167, 0.955064, 18.6376, 35.3029, 146.587, 33.9384, -31.0044, 0.0212103, 120.812, 0.824975, -123.962, 0.792595, 58.7413
1815, 30.25000, 0.95546, 18.473, 35.305, 146.58, 33.9375, -31.0064, 0.0212132, 120.648, 0.825279, -123.969, 0.792821, 58.7394
1816, 30.25833, 0.955859, 18.3083, 35.3071, 146.573, 33.9367, -31.0083, 0.0212161, 120.485, 0.825585, -123.976, 0.793047, 58.7376
1816, 30.26667, 0.95626, 18.1436, 35.3092, 146.566, 33.9358, -31.0103, 0.021219, 120.321, 0.82589, -123.983, 0.793273, 58.7357
1817, 30.27500, 0.956663, 17.9789, 35.3113, 146.559, 33.9349, -31.0122, 0.021222, 120.157, 0.826197, -123.991, 0.7935, 58.7339
1817, 30.28333, 0.957069, 17.814, 35.3135, 146.552, 33.9341, -31.0142, 0.021225, 119.993, 0.826504, -123.998, 0.793726, 58.732
1818, 30.29167, 0.957478, 17.6491, 35.3157, 146.545, 33.9333, -31.0161, 0.021228, 119.829, 0.826811, -124.005, 0.793953, 58.7302
1818, 30.30000, 0.957889, 17.4842, 35.3178, 146.538, 33.9324, -31.0181, 0.0212311, 119.665, 0.827119, -124.012, 0.794181, 58.7283
1819, 30.30833, 0.958302, 17.3192, 35.3201, 146.531, 33.9316, -31.02, 0.0212343, 119.5, 0.827428, -124.019, 0.794408, 58.7265
1819, 30.31667, 0.958718, 17.1541, 35.3223, 146.523, 33.9308, -31.022, 0.0212374, 119.336, 0.827737, -124.027, 0.794636, 58.7246
1820, 30.32500, 0.959137, 16.989, 35.3246, 146.516, 33.9301, -31.0239, 0.0212406, 119.171, 0.828047, -124.034, 0.794865, 58.7228
1820, 30.33333, 0.959558, 16.8238, 35.3268, 146.509, 33.9293, -31.0259, 0.0212439, 119.006, 0.828357, -124.041, 0.795093, 58.721
1821, 30.34167, 0.959982, 16.6586, 35.3291, 146.502, 33.9285, -31.0278, 0.0212471, 118.841, 0.828668, -124.049, 0.795322, 58.7191
1821, 30.35000, 0.960409, 16.4933, 35.3315, 146.495, 33.9278, -31.0298, 0.0212505, 118.675, 0.82898, -124.056, 0.795551, 58.7173
1822, 30.35833, 0.960838, 16.3279, 35.3338, 146.488, 33.927, -31.0317, 0.0212538, 118.51, 0.829292, -124.063, 0.79578, 58.7154
1822, 30.36667, 0.96127, 16.1625, 35.3362, 146.48, 33.9263, -31.0337, 0.0212572, 118.345, 0.829604, -124.071, 0.79601, 58.7136
1823, 30.37500, 0.961704, 15.997, 35.3386, 146.473, 33.9256, -31.0356, 0.0212607, 118.179, 0.829918, -124.078, 0.79624, 58.7117
1823, 30.38333, 0.962142, 15.8315, 35.341, 146.466, 33.9249, -31.0376, 0.0212642, 118.013, 0.830231, -124.086, 0.79647, 58.7099
1824, 30.39167, 0.962582, 15.6659, 35.3434, 146.458, 33.9242, -31.0395, 0.0212677, 117.847, 0.830546, -124.093, 0.796701, 58.708
1824, 30.40000, 0.963024, 15.5002, 35.3459, 146.451, 33.9235, -31.0415, 0.0212713, 117.681, 0.830861, -124.101, 0.796931, 58.7062
1825, 30.40833, 0.96347, 15.3345, 35.3483, 146.444, 33.9229, -31.0434, 0.0212749, 117.515, 0.831176, -124.108, 0.797162, 58.7043
1825, 30.41667, 0.963919, 15.1687, 35.3508, 146.436, 33.9222, -31.0454, 0.0212786, 117.348, 0.831492, -124.116, 0.797394, 58.7025
1826, 30.42500, 0.96437, 15.0029, 35.3534, 146.429, 33.9216, -31.0473, 0.0212823, 117.181, 0.831809, -124.123, 0.797625, 58.7007
1826, 30.43333, 0.964824, 14.837, 35.3559, 146.421, 33.921, -31.0493, 0.0212861, 117.015, 0.832126, -124.131, 0.797857, 58.6988
1827, 30.44167, 0.965281, 14.6711, 35.3585, 146.414, 33.9203, -31.0512, 0.0212899, 116.848, 0.832444, -124.138, 0.79809, 58.697
1827, 30.45000, 0.965741, 14.5051, 35.3611, 146.407, 33.9197, -31.0532, 0.0212938, 116.681, 0.832763, -124.146, 0.798322, 58.6951
1828, 30.45833, 0.966204, 14.339, 35.3637, 146.399, 33.9191, -31.0551, 0.0212977, 116.513, 0.833082, -124.154, 0.798555, 58.6933
1828, 30.46667, 0.96667, 14.1729, 35.3663, 146.392, 33.9185, -31.0571, 0.0213017, 116.346, 0.833402, -124.161, 0.798788, 58.6915
1829, 30.47500, 0.967139, 14.0067, 35.369, 146.384, 33.918, -31.059, 0.0213057, 116.178, 0.833722, -124.169, 0.799021, 58.6896
1829, 30.48333, 0.967611, 13.8405, 35.3716, 146.377, 33.9174, -31.061, 0.0213097, 116.011, 0.834043, -124.177, 0.799255, 58.6878
1830, 30.49167, 0.968086, 13.6742, 35.3743, 146.369, 33.9169, -31.0629, 0.0213138, 115.843, 0.834364, -124.184, 0.799489, 58.686
1830, 30.50000, 0.968564, 13.5078, 35.3771, 146.361, 33.9163, -31.0648, 0.021318, 115.675, 0.834686, -124.192, 0.799723, 58.6841
1831, 30.50833, 0.969045, 13.3414, 35.3798, 146.354, 33.9158, -31.0668, 0.0213222, 115.506, 0.835009, -124.2, 0.799958, 58.6823
1831, 30.51667, 0.969529, 13.175, 35.3826, 146.346, 33.9153, -31.0687, 0.0213265, 115.338, 0.835332, -124.208, 0.800193, 58.6805
1832, 30.52500, 0.970016, 13.0084, 35.3853, 146.338, 33.9148, -31.0707, 0.0213308, 115.17, 0.835656, -124.215, 0.800428, 58.6786
1832, 30.53333, 0.970507, 12.8419, 35.3882, 146.331, 33.9143, -31.0726, 0.0213352, 115.001, 0.835981, -124.223, 0.800663, 58.6768
1833, 30.54167, 0.971, 12.6752, 35.391, 146.323, 33.9138, -31.0746, 0.0213396, 114.832, 0.836306, -124.231, 0.800899, 58.675
1833, 30.55000, 0.971497, 12.5085, 35.3939, 146.315, 33.9134, -31.0765, 0.0213441, 114.663, 0.836631, -124.239, 0.801135, 58.6732
1834, 30.55833, 0.971997, 12.3418, 35.3967, 146.308, 33.9129, -31.0785, 0.0213487, 114.494, 0.836958, -124.247, 0.801372, 58.6713
1834, 30.56667, 0.9725, 12.175, 35.3996, 146.3, 33.9125, -31.0804, 0.0213533, 114.324, 0.837285, -124.255, 0.801608, 58.6695
1835, 30.57500, 0.973007, 12.0081, 35.4026, 146.292, 33.9121, -31.0823, 0.021358, 114.155, 0.837612, -124.263, 0.801845, 58.6677
1835, 30.58333, 0.973517, 11.8412, 35.4055, 146.284, 33.9117, -31.0843, 0.0213627, 113.985, 0.83794, -124.271, 0.802083, 58.6659
1836, 30.59167, 0.97403, 11.6742, 35.4085, 146.276, 33.9113, -31.0862, 0.0213675, 113.815, 0.838269, -124.279, 0.80232, 58.664
1836, 30.60000, 0.974546, 11.5072, 35.4115, 146.269, 33.9109, -31.0882, 0.0213723, 113.645, 0.838599, -124.287, 0.802558, 58.6622
1837, 30.60833, 0.975066, 11.3401, 35.4145, 146.261, 33.9105, -31.0901, 0.0213772, 113.475, 0.838929, -124.295, 0.802796, 58.6604
1837, 30.61667, 0.975589, 11.173, 35.4175, 146.253, 33.9101, -31.092, 0.0213822, 113.305, 0.839259, -124.303, 0.803035, 58.6586
1838, 30.62500, 0.976116, 11.0058, 35.4206, 146.245, 33.9098, -31.094, 0.0213872, 113.135, 0.83959, -124.311, 0.803274, 58.6568
1838, 30.63333, 0.976646, 10.8385, 35.4237, 146.237, 33.9094, -31.0959, 0.0213923, 112.964, 0.839922, -124.319, 0.803513, 58.6549
1839, 30.64167, 0.977179, 10.6712, 35.4268, 146.229, 33.9091, -31.0979, 0.0213974, 112.793, 0.840255, -124.327, 0.803752, 58.6531
1839, 30.65000, 0.977716, 10.5039, 35.4299, 146.221, 33.9088, -31.0998, 0.0214026, 112.622, 0.840588, -124.335, 0.803992, 58.6513
1840, 30.65833, 0.978257, 10.3365, 35.4331, 146.213, 33.9085, -31.1017, 0.0214079, 112.451, 0.840922, -124.343, 0.804232, 58.6495
1840, 30.66667, 0.978801, 10.169, 35.4363, 146.205, 33.9082, -31.1037, 0.0214133, 112.28, 0.841256, -124.352, 0.804472, 58.6477
1841, 30.67500, 0.979348, 10.0014, 35.4395, 146.197, 33.9079, -31.1056, 0.0214187, 112.108, 0.841591, -124.36, 0.804713, 58.6459
1841, 30.68333, 0.9799, 9.83386, 35.4427, 146.189, 33.9077, -31.1075, 0.0214241, 111.937, 0.841927, -124.368, 0.804954, 58.6441
1842, 30.69167, 0.980454, 9.66621, 35.4459, 146.181, 33.9074, -31.1095, 0.0214297, 111.765, 0.842263, -124.376, 0.805195, 58.6423
1842, 30.70000, 0.981013, 9.49852, 35.4492, 146.172, 33.9072, -31.1114, 0.0214353, 111.593, 0.8426, -124.385, 0.805437, 58.6405
1843, 30.70833, 0.981575, 9.33078, 35.4525, 146.164, 33.9069, -31.1133, 0.021441, 111.421, 0.842938, -124.393, 0.805679, 58.6387
1843, 30.71667, 0.98214, 9.16296, 35.4558, 146.156, 33.9067, -31.1153, 0.0214467, 111.249, 0.843276, -124.401, 0.805921, 58.6369
1844, 30.72500, 0.98271, 8.9951, 35.4592, 146.148, 33.9065, -31.1172, 0.0214525, 111.076, 0.843615, -124.41, 0.806164, 58.6351
1844, 30.73333, 0.983283, 8.8272, 35.4625, 146.14, 33.9063, -31.1191, 0.0214584, 110.903, 0.843954, -124.418, 0.806407, 58.6333
1845, 30.74167, 0.98386, 8.65921, 35.4659, 146.131, 33.9062, -31.1211, 0.0214644, 110.731, 0.844294, -124.427, 0.80665, 58.6315
1845, 30.75000, 0.98444, 8.4912, 35.4693, 146.123, 33.906, -31.123, 0.0214704, 110.558, 0.844635, -124.435, 0.806893, 58.6297
1846, 30.75833, 0.985025, 8.32312, 35.4728, 146.115, 33.9058, -31.1249, 0.0214765, 110.385, 0.844977, -124.444, 0.807137, 58.6279
1846, 30.76667, 0.985613, 8.15498, 35.4762, 146.106, 33.9057, -31.1268, 0.0214827, 110.211, 0.845319, -124.452, 0.807382, 58.6261
1847, 30.77500, 0.986205, 7.9868, 35.4797, 146.098, 33.9056, -31.1288, 0.0214889, 110.038, 0.845662, -124.461, 0.807626, 58.6243
1847, 30.78333, 0.986801, 7.81857, 35.4832, 146.09, 33.9055, -31.1307, 0.0214953, 109.864, 0.846005, -124.469, 0.807871, 58.6225
1848, 30.79167, 0.987401, 7.65026, 35.4868, 146.081, 33.9054, -31.1326, 0.0215017, 109.69, 0.846349, -124.478, 0.808116, 58.6207
1848, 30.80000, 0.988004, 7.48191, 35.4903, 146.073, 33.9053, -31.1345, 0.0215081, 109.516, 0.846694, -124.486, 0.808362, 58.6189
1849, 30.80833, 0.988612, 7.31352, 35.4939, 146.064, 33.9052, -31.1364, 0.0215147, 109.342, 0.847039, -124.495, 0.808607, 58.6171
1849, 30.81667, 0.989224, 7.14505, 35.4975, 146.056, 33.9051, -31.1384, 0.0215213, 109.168, 0.847385, -124.504, 0.808854, 58.6154
1850, 30.82500, 0.98984, 6.97655, 35.5011, 146.047, 33.9051, -31.1403, 0.021528, 108.994, 0.847732, -124.512, 0.8091, 58.6136
1850, 30.83333, 0.990459, 6.80799, 35.5048, 146.039, 33.9051, -31.1422, 0.0215348, 108.819, 0.848079, -124.521, 0.809347, 58.6118
1851, 30.84167, 0.991083, 6.63936, 35.5085, 146.03, 33.905, -31.1441, 0.0215417, 108.644, 0.848427, -124.53, 0.809594, 58.61
1851, 30.85000, 0.991711, 6.4707, 35.5122, 146.021, 33.905, -31.146, 0.0215486, 108.469, 0.848776, -124.539, 0.809841, 58.6082
1852, 30.85833, 0.992343, 6.30198, 35.5159, 146.013, 33.905, -31.148, 0.0215556, 108.294, 0.849125, -124.547, 0.810089, 58.6065
1852, 30.86667, 0.992979, 6.13319, 35.5196, 146.004, 33.905, -31.1499, 0.0215628, 108.119, 0.849475, -124.556, 0.810337, 58.6047
1853, 30.87500, 0.993619, 5.96437, 35.5234, 145.995, 33.9051, -31.1518, 0.0215699, 107.943, 0.849826, -124.565, 0.810586, 58.6029
1853, 30.88333, 0.994263, 5.79549, 35.5272, 145.987, 33.9051, -31.1537, 0.0215772, 107.768, 0.850177, -124.574, 0.810835, 58.6012
1854, 30.89167, 0.994912, 5.62654, 35.531, 145.978, 33.9052, -31.1556, 0.0215846, 107.592, 0.850529, -124.583, 0.811084, 58.5994
1854, 30.90000, 0.995565, 5.45756, 35.5349, 145.969, 33.9052, -31.1575, 0.021592, 107.416, 0.850882, -124.592, 0.811333, 58.5976
1855, 30.90833, 0.996222, 5.28853, 35.5388, 145.96, 33.9053, -31.1594, 0.0215996, 107.24, 0.851235, -124.601, 0.811583, 58.5959
1855, 30.91667, 0.996883, 5.11942, 35.5427, 145.952, 33.9054, -31.1613, 0.0216072, 107.063, 0.85159, -124.61, 0.811833, 58.5941
1856, 30.92500, 0.997549, 4.95028, 35.5466, 145.943, 33.9055, -31.1632, 0.0216149, 106.887, 0.851944, -124.619, 0.812084, 58.5924
1856, 30.93333, 0.998219, 4.78109, 35.5505, 145.934, 33.9057, -31.1651, 0.0216227, 106.71, 0.8523, -124.628, 0.812335, 58.5906
1857, 30.94167, 0.998893, 4.61182, 35.5545, 145.925, 33.9058, -31.167, 0.0216305, 106.533, 0.852656, -124.637, 0.812586, 58.5888
1857, 30.95000, 0.999572, 4.44253, 35.5585, 145.916, 33.9059, -31.1689, 0.0216385, 106.356, 0.853013, -124.646, 0.812837, 58.5871
1858, 30.95833, 1.00026, 4.27318, 35.5625, 145.907, 33.9061, -31.1708, 0.0216466, 106.179, 0.85337, -124.655, 0.813089, 58.5853
1858, 30.96667, 1.00094, 4.10376, 35.5666, 145.898, 33.9063, -31.1727, 0.0216547, 106.002, 0.853728, -124.664, 0.813341, 58.5836
1859, 30.97500, 1.00163, 3.93431, 35.5706, 145.889, 33.9065, -31.1746, 0.021663, 105.824, 0.854087, -124.674, 0.813594, 58.5819
1859, 30.98333, 1.00233, 3.7648, 35.5747, 145.88, 33.9067, -31.1765, 0.0216713, 105.646, 0.854447, -124.683, 0.813847, 58.5801
1860, 30.99167, 1.00303, 3.59523, 35.5788, 145.871, 33.9069, -31.1784, 0.0216797, 105.468, 0.854807, -124.692, 0.8141, 58.5784
1860, 31.00000, 1.00374, 3.42562, 35.583, 145.862, 33.9071, -31.1803, 0.0216882, 105.29, 0.855168, -124.701, 0.814354, 58.5766
1861, 31.00833, 1.00445, 3.25596, 35.5872, 145.853, 33.9074, -31.1822, 0.0216969, 105.112, 0.85553, -124.711, 0.814608, 58.5749
1861, 31.01667, 1.00516, 3.08623, 35.5914, 145.843, 33.9076, -31.1841, 0.0217056, 104.934, 0.855892, -124.72, 0.814862, 58.5732
1862, 31.02500, 1.00588, 2.91647, 35.5956, 145.834, 33.9079, -31.186, 0.0217144, 104.755, 0.856255, -124.73, 0.815117, 58.5714
1862, 31.03333, 1.00661, 2.74666, 35.5998, 145.825, 33.9082, -31.1879, 0.0217233, 104.576, 0.856619, -124.739, 0.815372, 58.5697
1863, 31.04167, 1.00734, 2.57677, 35.6041, 145.816, 33.9085, -31.1897, 0.0217323, 104.397, 0.856983, -124.748, 0.815627, 58.568
1863, 31.05000, 1.00807, 2.40686, 35.6084, 145.806, 33.9088, -31.1916, 0.0217414, 104.218, 0.857348, -124.758, 0.815883, 58.5663
1864, 31.05833, 1.00881, 2.23689, 35.6127, 145.797, 33.9091, -31.1935, 0.0217506, 104.039, 0.857714, -124.767, 0.816139, 58.5645
1864, 31.06667, 1.00955, 2.06686, 35.6171, 145.788, 33.9094, -31.1954, 0.0217599, 103.86, 0.858081, -124.777, 0.816395, 58.5628
1865, 31.07500, 1.0103, 1.89679, 35.6214, 145.778, 33.9098, -31.1973, 0.0217693, 103.68, 0.858448, -124.787, 0.816652, 58.5611
1865, 31.08333, 1.01105, 1.72667, 35.6258, 145.769, 33.9102, -31.1991, 0.0217788, 103.5, 0.858816, -124.796, 0.816909, 58.5594
1866, 31.09167, 1.01181, 1.55649, 35.6303, 145.759, 33.9105, -31.201, 0.0217884, 103.32, 0.859185, -124.806, 0.817167, 58.5577
1866, 31.10000, 1.01257, 1.38627, 35.6347, 145.75, 33.9109, -31.2029, 0.0217981, 103.14, 0.859554, -124.815, 0.817425, 58.556
1867, 31.10833, 1.01334, 1.216, 35.6392, 145.74, 33.9113, -31.2048, 0.0218079, 102.96, 0.859924, -124.825, 0.817683, 58.5543
1867, 31.11667, 1.01411, 1.04566, 35.6437, 145.731, 33.9118, -31.2066, 0.0218178, 102.779, 0.860295, -124.835, 0.817942, 58.5526
1868, 31.12500, 1.01489, 0.87529, 35.6482, 145.721, 33.9122, -31.2085, 0.0218278, 102.599, 0.860667, -124.845, 0.818201, 58.5509
1868, 31.13333, 1.01567, 0.704871, 35.6528, 145.712, 33.9127, -31.2104, 0.021838, 102.418, 0.861039, -124.854, 0.81846, 58.5492
1869, 31.14167, 1.01645, 0.534381, 35.6573, 145.702, 33.9131, -31.2122, 0.0218482, 102.237, 0.861412, -124.864, 0.81872, 58.5475
1869, 31.15000, 1.01725, 0.363862, 35.662, 145.692, 33.9136, -31.2141, 0.0218585, 102.056, 0.861786, -124.874, 0.81898, 58.5458
1870, 31.15833, 1.01804, 0.193294, 35.6666, 145.683, 33.9141, -31.216, 0.021869, 101.874, 0.86216, -124.884, 0.81924, 58.5441
1870, 31.16667, 1.01885, 0.022655, 35.6712, 145.673, 33.9146, -31.2178, 0.0218796, 101.693, 0.862536, -124.894, 0.819501, 58.5424
1871, 31.17500, 1.01965, -0.148013, 35.6759, 145.663, 33.9151, -31.2197, 0.0218902, 101.511, 0.862912, -124.904, 0.819762, 58.5407
1871, 31.18333, 1.02047, -0.31873, 35.6806, 145.653, 33.9157, -31.2215, 0.021901, 101.329, 0.863288, -124.914, 0.820024, 58.539
1872, 31.19167, 1.02128, -0.489517, 35.6854, 145.644, 33.9162, -31.2234, 0.0219119, 101.147, 0.863666, -124.924, 0.820286, 58.5374
1872, 31.20000, 1.02211, -0.660333, 35.6901, 145.634, 33.9168, -31.2252, 0.0219229, 100.965, 0.864044, -124.934, 0.820548, 58.5357
1873, 31.20833, 1.02293, -0.831197, 35.6949, 145.624, 33.9173, -31.2271, 0.021934, 100.783, 0.864423, -124.944, 0.820811, 58.534
1873, 31.21667, 1.02377, -1.00213, 35.6997, 145.614, 33.9179, -31.2289, 0.0219453, 100.6, 0.864802, -124.954, 0.821074, 58.5323
1874, 31.22500, 1.02461, -1.17309, 35.7046, 145.604, 33.9185, -31.2308, 0.0219566, 100.417, 0.865183, -124.964, 0.821338, 58.5307
1874, 31.23333, 1.02545, -1.34411, 35.7094, 145.594, 33.9192, -31.2326, 0.0219681, 100.234, 0.865564, -124.975, 0.821602, 58.529
1875, 31.24167, 1.0263, -1.51519, 35.7143, 145.584, 33.9198, -31.2345, 0.0219797, 100.051, 0.865946, -124.985, 0.821866, 58.5274
1875, 31.25000, 1.02715, -1.6863, 35.7192, 145.574, 33.9205, -31.2363, 0.0219914, 99.8681, 0.866328, -124.995, 0.822131, 58.5257
1876, 31.25833, 1.02801, -1.85745, 35.7242, 145.564, 33.9211, -31.2381, 0.0220032, 99.6847, 0.866712, -125.005, 0.822396, 58.524
1876, 31.26667, 1.02888, -2.02868, 35.7292, 145.553, 33.9218, -31.24, 0.0220152, 99.5011, 0.867096, -125.016, 0.822661, 58.5224
1877, 31.27500, 1.02975, -2.19993, 35.7342, 145.543, 33.9225, -31.2418, 0.0220272, 99.3173, 0.867481, -125.026, 0.822927, 58.5207
1877, 31.28333, 1.03063, -2.37124, 35.7392, 145.533, 33.9232, -31.2436, 0.0220394, 99.1333, 0.867866, -125.037, 0.823193, 58.5191
1878, 31.29167, 1.03151, -2.54261, 35.7442, 145.523, 33.9239, -31.2455, 0.0220517, 98.9492, 0.868253, -125.047, 0.82346, 58.5175
1878, 31.30000, 1.0324, -2.71401, 35.7493, 145.513, 33.9247, -31.2473, 0.0220642, 98.7649, 0.86864, -125.058, 0.823727, 58.5158
1879, 31.30833, 1.03329, -2.88546, 35.7544, 145.502, 33.9254, -31.2491, 0.0220767, 98.5804, 0.869028, -125.068, 0.823994, 58.5142
1879, 31.31667, 1.03419, -3.05697, 35.7596, 145.492, 33.9262, -31.2509, 0.0220894, 98.3958, 0.869417, -125.079, 0.824262, 58.5126
1880, 31.32500, 1.03509, -3.22851, 35.7647, 145.482, 33.927, -31.2528, 0.0221022, 98.211, 0.869806, -125.089, 0.82453, 58.5109
1880, 31.33333, 1.036, -3.4001, 35.7699, 145.471, 33.9278, -31.2546, 0.0221151, 98.026, 0.870196, -125.1, 0.824798, 58.5093
1881, 31.34167, 1.03692, -3.57176, 35.7751, 145.461, 33.9286, -31.2564, 0.0221282, 97.8408, 0.870587, -125.111, 0.825067, 58.5077
1881, 31.35000, 1.03784, -3.74345, 35.7804, 145.45, 33.9294, -31.2582, 0.0221414, 97.6555, 0.870979, -125.121, 0.825337, 58.5061
1882, 31.35833, 1.03877, -3.91518, 35.7856, 145.44, 33.9303, -31.26, 0.0221547, 97.47, 0.871371, -125.132, 0.825606, 58.5045
1882, 31.36667, 1.0397, -4.08698, 35.7909, 145.429, 33.9311, -31.2618, 0.0221682, 97.2843, 0.871765, -125.143, 0.825877, 58.5028
1883, 31.37500, 1.04064, -4.25881, 35.7963, 145.418, 33.932, -31.2636, 0.0221818, 97.0985, 0.872159, -125.154, 0.826147, 58.5012
1883, 31.38333, 1.04158, -4.43068, 35.8016, 145.408, 33.9329, -31.2654, 0.0221955, 96.9125, 0.872554, -125.164, 0.826418, 58.4996
1884, 31.39167, 1.04253, -4.60263, 35.807, 145.397, 33.9338, -31.2672, 0.0222093, 96.7263, 0.872949, -125.175, 0.82669, 58.498
1884, 31.40000, 1.04349, -4.77459, 35.8124, 145.386, 33.9347, -31.269, 0.0222233, 96.5399, 0.873346, -125.186, 0.826961, 58.4964
1885, 31.40833, 1.04445, -4.94661, 35.8178, 145.376, 33.9356, -31.2708, 0.0222374, 96.3534, 0.873743, -125.197, 0.827234, 58.4949
1885, 31.41667, 1.04542, -5.11869, 35.8233, 145.365, 33.9366, -31.2726, 0.0222517, 96.1667, 0.874141, -125.208, 0.827506, 58.4933
1886, 31.42500, 1.04639, -5.2908, 35.8288, 145.354, 33.9375, -31.2744, 0.0222661, 95.9798, 0.874539, -125.219, 0.827779, 58.4917
1886, 31.43333, 1.04737, -5.46296, 35.8343, 145.343, 33.9385, -31.2762, 0.0222806, 95.7927, 0.874939, -125.23, 0.828053, 58.4901
1887, 31.44167, 1.04836, -5.63518, 35.8398, 145.332, 33.9395, -31.278, 0.0222952, 95.6055, 0.875339, -125.242, 0.828327, 58.4885
1887, 31.45000, 1.04935, -5.80743, 35.8454, 145.321, 33.9405, -31.2798, 0.0223101, 95.4181, 0.87574, -125.253, 0.828601, 58.487
1888, 31.45833, 1.05035, -5.97973, 35.851, 145.31, 33.9416, -31.2815, 0.022325, 95.2306, 0.876142, -125.264, 0.828875, 58.4854
1888, 31.46667, 1.05136, -6.15209, 35.8566, 145.299, 33.9426, -31.2833, 0.0223401, 95.0428, 0.876545, -125.275, 0.829151, 58.4838
1889, 31.47500, 1.05237, -6.32447, 35.8623, 145.288, 33.9437, -31.2851, 0.0223553, 94.8549, 0.876949, -125.286, 0.829426, 58.4823
1889, 31.48333, 1.05338, -6.49691, 35.8679, 145.277, 33.9447, -31.2869, 0.0223707, 94.6669, 0.877353, -125.298, 0.829702, 58.4807
1890, 31.49167, 1.05441, -6.66941, 35.8737, 145.266, 33.9458, -31.2886, 0.0223862, 94.4786, 0.877758, -125.309, 0.829978, 58.4791
1890, 31.50000, 1.05544, -6.84194, 35.8794, 145.255, 33.9469, -31.2904, 0.0224019, 94.2902, 0.878164, -125.321, 0.830255, 58.4776
1891, 31.50833, 1.05647, -7.01451, 35.8852, 145.244, 33.948, -31.2921, 0.0224177, 94.1017, 0.87857, -125.332, 0.830532, 58.4761
1891, 31.51667, 1.05752, -7.18714, 35.8909, 145.232, 33.9492, -31.2939, 0.0224336, 93.9129, 0.878978, -125.343, 0.83081, 58.4745
1892, 31.52500, 1.05856, -7.35981, 35.8968, 145.221, 33.9503, -31.2957, 0.0224497, 93.724, 0.879386, -125.355, 0.831088, 58.473
1892, 31.53333, 1.05962, -7.53252, 35.9026, 145.21, 33.9515, -31.2974, 0.022466, 93.535, 0.879795, -125.367, 0.831367, 58.4714
1893, 31.54167, 1.06068, -7.70529, 35.9085, 145.198, 33.9527, -31.2992, 0.0224824, 93.3457, 0.880205, -125.378, 0.831646, 58.4699
1893, 31.55000, 1.06175, -7.87809, 35.9144, 145.187, 33.9539, -31.3009, 0.0224989, 93.1563, 0.880616, -125.39, 0.831925, 58.4684
1894, 31.55833, 1.06282, -8.05094, 35.9203, 145.176, 33.9551, -31.3027, 0.0225156, 92.9667, 0.881028, -125.402, 0.832205, 58.4669
1894, 31.56667, 1.0639, -8.22385, 35.9263, 145.164, 33.9563, -31.3044, 0.0225325, 92.777, 0.88144, -125.413, 0.832485, 58.4654
1895, 31.57500, 1.06499, -8.39678, 35.9323, 145.153, 33.9576, -31.3061, 0.0225495, 92.5871, 0.881853, -125.425, 0.832766, 58.4638
1895, 31.58333, 1.06609, -8.56977, 35.9383, 145.141, 33.9589, -31.3079, 0.0225667, 92.397, 0.882267, -125.437, 0.833047, 58.4623
1896, 31.59167, 1.06719, -8.74281, 35.9444, 145.129, 33.9601, -31.3096, 0.022584, 92.2067, 0.882682, -125.449, 0.833329, 58.4608
1896, 31.60000, 1.06829, -8.91588, 35.9504, 145.118, 33.9614, -31.3113, 0.0226015, 92.0163, 0.883098, -125.461, 0.833611, 58.4593
1897, 31.60833, 1.06941, -9.089, 35.9565, 145.106, 33.9627, -31.3131, 0.0226191, 91.8258, 0.883514, -125.473, 0.833893, 58.4578
1897, 31.61667, 1.07053, -9.26218, 35.9627, 145.094, 33.9641, -31.3148, 0.0226369, 91.635, 0.883932, -125.485, 0.834176, 58.4564
1898, 31.62500, 1.07166, -9.43539, 35.9688, 145.082, 33.9654, -31.3165, 0.0226549, 91.4441, 0.88435, -125.497, 0.834459, 58.4549
1898, 31.63333, 1.07279, -9.60864, 35.975, 145.071, 33.9668, -31.3182, 0.022673, 91.253, 0.884769, -125.509, 0.834743, 58.4534
1899, 31.64167, 1.07393, -9.78195, 35.9812, 145.059, 33.9682, -31.3199, 0.0226913, 91.0618, 0.885189, -125.521, 0.835028, 58.4519
1899, 31.65000, 1.07508, -9.95529, 35.9875, 145.047, 33.9696, -31.3217, 0.0227097, 90.8704, 0.885609, -125.533, 0.835312, 58.4505
1900, 31.65833, 1.07623, -10.1287, 35.9938, 145.035, 33.971, -31.3234, 0.0227283, 90.6789, 0.886031, -125.545, 0.835598, 58.449
1900, 31.66667, 1.0774, -10.3021, 36.0001, 145.023, 33.9724, -31.3251, 0.0227471, 90.4871, 0.886453, -125.558, 0.835883, 58.4475
1901, 31.67500, 1.07856, -10.4756, 36.0064, 145.011, 33.9739, -31.3268, 0.022766, 90.2952, 0.886876, -125.57, 0.836169, 58.4461
1901, 31.68333, 1.07974, -10.6491, 36.0128, 144.999, 33.9753, -31.3285, 0.0227851, 90.1032, 0.8873, -125.582, 0.836456, 58.4446
1902, 31.69167, 1.08092, -10.8227, 36.0192, 144.987, 33.9768, -31.3302, 0.0228044, 89.911, 0.887725, -125.595, 0.836743, 58.4432
1902, 31.70000, 1.08211, -10.9963, 36.0256, 144.974, 33.9783, -31.3318, 0.0228238, 89.7186, 0.888151, -125.607, 0.83703, 58.4417
1903, 31.70833, 1.08331, -11.17, 36.032, 144.962, 33.9798, -31.3335, 0.0228434, 89.5261, 0.888577, -125.619, 0.837318, 58.4403
1903, 31.71667, 1.08451, -11.3437, 36.0385, 144.95, 33.9813, -31.3352, 0.0228632, 89.3334, 0.889005, -125.632, 0.837607, 58.4389
1904, 31.72500, 1.08572, -11.5174, 36.045, 144.938, 33.9829, -31.3369, 0.0228831, 89.1406, 0.889433, -125.645, 0.837896, 58.4374
1904, 31.73333, 1.08694, -11.6912, 36.0516, 144.925, 33.9845, -31.3386, 0.0229033, 88.9476, 0.889862, -125.657, 0.838185, 58.436
1905, 31.74167, 1.08817, -11.8651, 36.0581, 144.913, 33.986, -31.3402, 0.0229236, 88.7544, 0.890292, -125.67, 0.838475, 58.4346
1905, 31.75000, 1.0894, -12.0389, 36.0647, 144.9, 33.9876, -31.3419, 0.022944, 88.5611, 0.890723, -125.683, 0.838765, 58.4332
1906, 31.75833, 1.09064, -12.2128, 36.0714, 144.888, 33.9893, -31.3436, 0.0229647, 88.3676, 0.891155, -125.695, 0.839056, 58.4318
1906, 31.76667, 1.09189, -12.3868, 36.078, 144.875, 33.9909, -31.3452, 0.0229855, 88.1739, 0.891587, -125.708, 0.839347, 58.4304
1907, 31.77500, 1.09314, -12.5608, 36.0847, 144.863, 33.9925, -31.3469, 0.0230065, 87.9801, 0.892021, -125.721, 0.839639, 58.429
1907, 31.78333, 1.0944, -12.7349, 36.0914, 144.85, 33.9942, -31.3485, 0.0230277, 87.7862, 0.892455, -125.734, 0.839931, 58.4276
1908, 31.79167, 1.09567, -12.909, 36.0982, 144.837, 33.9959, -31.3502, 0.023049, 87.592, 0.89289, -125.747, 0.840224, 58.4262
1908, 31.80000, 1.09695, -13.0831, 36.105, 144.825, 33.9976, -31.3518, 0.0230706, 87.3978, 0.893326, -125.76, 0.840517, 58.4248
1909, 31.80833, 1.09824, -13.2573, 36.1118, 144.812, 33.9993, -31.3535, 0.0230923, 87.2034, 0.893763, -125.773, 0.840811, 58.4234
1909, 31.81667, 1.09953, -13.4315, 36.1186, 144.799, 34.0011, -31.3551, 0.0231142, 87.0088, 0.894201, -125.786, 0.841105, 58.4221
1910, 31.82500, 1.10083, -13.6058, 36.1255, 144.786, 34.0028, -31.3568, 0.0231363, 86.814, 0.894639, -125.799, 0.8414, 58.4207
1910, 31.83333, 1.10213, -13.7801, 36.1324, 144.773, 34.0046, -31.3584, 0.0231586, 86.6192, 0.895079, -125.813, 0.841695, 58.4194
1911, 31.84167, 1.10345, -13.9545, 36.1393, 144.76, 34.0064, -31.36, 0.0231811, 86.4241, 0.895519, -125.826, 0.841991, 58.418
1911, 31.85000, 1.10477, -14.1289, 36.1462, 144.747, 34.0082, -31.3616, 0.0232037, 86.2289, 0.89596, -125.839, 0.842287, 58.4166
1912, 31.85833, 1.1061, -14.3033, 36.1532, 144.734, 34.01, -31.3632, 0.0232265, 86.0336, 0.896403, -125.852, 0.842584, 58.4153
1912, 31.86667, 1.10744, -14.4778, 36.1602, 144.721, 34.0119, -31.3649, 0.0232496, 85.8381, 0.896846, -125.866, 0.842881, 58.414
1913, 31.87500, 1.10879, -14.6524, 36.1673, 144.708, 34.0137, -31.3665, 0.0232728, 85.6424, 0.89729, -125.879, 0.843179, 58.4126
1913, 31.88333, 1.11014, -14.8269, 36.1744, 144.695, 34.0156, -31.3681, 0.0232962, 85.4466, 0.897734, -125.893, 0.843477, 58.4113
1914, 31.89167, 1.1115, -15.0016, 36.1815, 144.681, 34.0175, -31.3697, 0.0233198, 85.2507, 0.89818, -125.906, 0.843775, 58.41
1914, 31.90000, 1.11287, -15.1762, 36.1886, 144.668, 34.0194, -31.3713, 0.0233436, 85.0546, 0.898627, -125.92, 0.844075, 58.4087
1915, 31.90833, 1.11425, -15.3509, 36.1958, 144.655, 34.0214, -31.3729, 0.0233676, 84.8583, 0.899074, -125.934, 0.844374, 58.4074
1915, 31.91667, 1.11563, -15.5257, 36.203, 144.641, 34.0233, -31.3745, 0.0233918, 84.6619, 0.899523, -125.947, 0.844675, 58.4061
1916, 31.92500, 1.11702, -15.7005, 36.2102, 144.628, 34.0253, -31.376, 0.0234162, 84.4654, 0.899972, -125.961, 0.844975, 58.4048
1916, 31.93333, 1.11843, -15.8753, 36.2175, 144.614, 34.0273, -31.3776, 0.0234408, 84.2687, 0.900422, -125.975, 0.845277, 58.4035
1917, 31.94167, 1.11983, -16.0502, 36.2248, 144.6, 34.0293, -31.3792, 0.0234656, 84.0718, 0.900873, -125.989, 0.845578, 58.4022
1917, 31.95000, 1.12125, -16.2251, 36.2321, 144.587, 34.0314, -31.3808, 0.0234906, 83.8748, 0.901325, -126.003, 0.845881, 58.4009
1918, 31.95833, 1.12268, -16.4001, 36.2394, 144.573, 34.0334, -31.3823, 0.0235158, 83.6777, 0.901778, -126.017, 0.846184, 58.3997
1918, 31.96667, 1.12411, -16.5751, 36.2468, 144.559, 34.0355, -31.3839, 0.0235412, 83.4804, 0.902232, -126.031, 0.846487, 58.3984
1919, 31.97500, 1.12555, -16.7502, 36.2542, 144.546, 34.0376, -31.3855, 0.0235668, 83.283, 0.902686, -126.045, 0.846791, 58.3971
1919, 31.98333, 1.127, -16.9253, 36.2617, 144.532, 34.0397, -31.387, 0.0235926, 83.0854, 0.903142, -126.059, 0.847095, 58.3959
1920, 31.99167, 1.12846, -17.1004, 36.2691, 144.518, 34.0418, -31.3886, 0.0236186, 82.8877, 0.903599, -126.073, 0.8474, 58.3946
1920, 32.00000, 1.12993, -17.2756, 36.2766, 144.504, 34.0439, -31.3901, 0.0236448, 82.6898, 0.904056, -126.088, 0.847706, 58.3934
1921, 32.00833, 1.1314, -17.4508, 36.2842, 144.49, 34.0461, -31.3917, 0.0236713, 82.4919, 0.904514, -126.102, 0.848012, 58.3921
1921, 32.01667, 1.13289, -17.6261, 36.2917, 144.476, 34.0483, -31.3932, 0.0236979, 82.2937, 0.904974, -126.116, 0.848318, 58.3909
1922, 32.02500, 1.13438, -17.8014, 36.2993, 144.462, 34.0505, -31.3947, 0.0237247, 82.0954, 0.905434, -126.131, 0.848625, 58.3897
1922, 32.03333, 1.13588, -17.9768, 36.307, 144.448, 34.0527, -31.3962, 0.0237518, 81.897, 0.905895, -126.145, 0.848933, 58.3885
1923, 32.04167, 1.13739, -18.1522, 36.3146, 144.433, 34.0549, -31.3978, 0.0237791, 81.6984, 0.906357, -126.16, 0.849241, 58.3873
1923, 32.05000, 1.1389, -18.3276, 36.3223, 144.419, 34.0572, -31.3993, 0.0238066, 81.4997, 0.90682, -126.174, 0.84955, 58.3861
1924, 32.05833, 1.14043, -18.5031, 36.33, 144.405, 34.0595, -31.4008, 0.0238343, 81.3009, 0.907284, -126.189, 0.849859, 58.3849
1924, 32.06667, 1.14197, -18.6787, 36.3378, 144.39, 34.0618, -31.4023, 0.0238622, 81.1019, 0.907749, -126.204, 0.850169, 58.3837
1925, 32.07500, 1.14351, -18.8543, 36.3456, 144.376, 34.0641, -31.4038, 0.0238904, 80.9028, 0.908214, -126.218, 0.85048, 58.3825
1925, 32.08333, 1.14506, -19.0299, 36.3534, 144.361, 34.0664, -31.4053, 0.0239187, 80.7036, 0.908681, -126.233, 0.850791, 58.3813
1926, 32.09167, 1.14662, -19.2056, 36.3612, 144.347, 34.0688, -31.4068, 0.0239473, 80.5042, 0.909149, -126.248, 0.851102, 58.3801
1926, 32.10000, 1.14819, -19.3813, 36.3691, 144.332, 34.0712, -31.4083, 0.0239761, 80.3046, 0.909617, -126.263, 0.851414, 58.379
1927, 32.10833, 1.14977, -19.557, 36.377, 144.318, 34.0736, -31.4098, 0.0240052, 80.105, 0.910087, -126.278, 0.851727, 58.3778
1927, 32.11667, 1.15136, -19.7328, 36.385, 144.303, 34.076, -31.4112, 0.0240344, 79.9052, 0.910557, -126.293, 0.85204, 58.3767
1928, 32.12500, 1.15295, -19.9087, 36.3929, 144.288, 34.0784, -31.4127, 0.0240639, 79.7053, 0.911029, -126.308, 0.852354, 58.3755
1928, 32.13333, 1.15456, -20.0845, 36.401, 144.273, 34.0809, -31.4142, 0.0240936, 79.5052, 0.911501, -126.323, 0.852668, 58.3744
1929, 32.14167, 1.15617, -20.2605, 36.409, 144.258, 34.0834, -31.4157, 0.0241235, 79.305, 0.911974, -126.339, 0.852983, 58.3733
1929, 32.15000, 1.15779, -20.4365, 36.4171, 144.243, 34.0859, -31.4171, 0.0241537, 79.1047, 0.912448, -126.354, 0.853299, 58.3722
1930, 32.15833, 1.15943, -20.6125, 36.4252, 144.228, 34.0884, -31.4186, 0.0241841, 78.9042, 0.912923, -126.369, 0.853615, 58.371
1930, 32.16667, 1.16107, -20.7886, 36.4333, 144.213, 34.0909, -31.42, 0.0242147, 78.7036, 0.9134, -126.385, 0.853932, 58.3699
1931, 32.17500, 1.16272, -20.9647, 36.4415, 144.198, 34.0935, -31.4215, 0.0242456, 78.5029, 0.913877, -126.4, 0.854249, 58.3688
1931, 32.18333, 1.16438, -21.1408, 36.4496, 144.183, 34.0961, -31.4229, 0.0242767, 78.3021, 0.914355, -126.416, 0.854567, 58.3677
1932, 32.19167, 1.16605, -21.317, 36.4579, 144.168, 34.0987, -31.4243, 0.024308, 78.1011, 0.914834, -126.431, 0.854885, 58.3666
1932, 32.20000, 1.16772, -21.4933, 36.4661, 144.152, 34.1013, -31.4257, 0.0243396, 77.9, 0.915313, -126.447, 0.855204, 58.3656
1933, 32.20833, 1.16941, -21.6696, 36.4744, 144.137, 34.1039, -31.4272, 0.0243714, 77.6988, 0.915794, -126.463, 0.855524, 58.3645
1933, 32.21667, 1.17111, -21.8459, 36.4827, 144.122, 34.1066, -31.4286, 0.0244034, 77.4974, 0.916276, -126.478, 0.855844, 58.3634
1934, 32.22500, 1.17281, -22.0223, 36.4911, 144.106, 34.1093, -31.43, 0.0244357, 77.296, 0.916759, -126.494, 0.856165, 58.3624
1934, 32.23333, 1.17453, -22.1987, 36.4995, 144.09, 34.112, -31.4314, 0.0244682, 77.0944, 0.917243, -126.51, 0.856486, 58.3613
1935, 32.24167, 1.17626, -22.3752, 36.5079, 144.075, 34.1147, -31.4328, 0.024501, 76.8926, 0.917727, -126.526, 0.856808, 58.3603
1935, 32.25000, 1.17799, -22.5517, 36.5164, 144.059, 34.1175, -31.4342, 0.024534, 76.6908, 0.918213, -126.542, 0.857131, 58.3593
1936, 32.25833, 1.17973, -22.7283, 36.5248, 144.043, 34.1203, -31.4356, 0.0245673, 76.4888, 0.9187, -126.558, 0.857454, 58.3582
1936, 32.26667, 1.18149, -22.9049, 36.5334, 144.028, 34.1231, -31.437, 0.0246008, 76.2867, 0.919187, -126.574, 0.857778, 58.3572
1937, 32.27500, 1.18325, -23.0815, 36.5419, 144.012, 34.1259, -31.4383, 0.0246345, 76.0845, 0.919676, -126.591, 0.858103, 58.3562
1937, 32.28333, 1.18502, -23.2582, 36.5505, 143.996, 34.1287, -31.4397, 0.0246685, 75.8822, 0.920166, -126.607, 0.858428, 58.3552
1938, 32.29167, 1.18681, -23.435, 36.5591, 143.98, 34.1316, -31.4411, 0.0247028, 75.6797, 0.920656, -126.623, 0.858754, 58.3542
1938, 32.30000, 1.1886, -23.6118, 36.5677, 143.964, 34.1344, -31.4424, 0.0247373, 75.4771, 0.921148, -126.64, 0.85908, 58.3532
1939, 32.30833, 1.1904, -23.7886, 36.5764, 143.948, 34.1373, -31.4438, 0.024772, 75.2744, 0.92164, -126.656, 0.859407, 58.3522
1939, 32.31667, 1.19221, -23.9655, 36.5851, 143.931, 34.1403, -31.4451, 0.024807, 75.0716, 0.922134, -126.673, 0.859735, 58.3513
1940, 32.32500, 1.19403, -24.1424, 36.5939, 143.915, 34.1432, -31.4465, 0.0248423, 74.8687, 0.922628, -126.689, 0.860063, 58.3503
1940, 32.33333, 1.19587, -24.3194, 36.6027, 143.899, 34.1462, -31.4478, 0.0248778, 74.6656, 0.923124, -126.706, 0.860392, 58.3493
1941, 32.34167, 1.19771, -24.4964, 36.6115, 143.882, 34.1492, -31.4491, 0.0249136, 74.4625, 0.92362, -126.723, 0.860721, 58.3484
1941, 32.35000, 1.19956, -24.6735, 36.6203, 143.866, 34.1522, -31.4505, 0.0249496, 74.2592, 0.924117, -126.74, 0.861052, 58.3475
1942, 32.35833, 1.20142, -24.8506, 36.6292, 143.849, 34.1552, -31.4518, 0.0249859, 74.0558, 0.924616, -126.757, 0.861382, 58.3465
1942, 32.36667, 1.20329, -25.0278, 36.6381, 143.833, 34.1583, -31.4531, 0.0250225, 73.8523, 0.925115, -126.774, 0.861714, 58.3456
1943, 32.37500, 1.20518, -25.205, 36.647, 143.816, 34.1614, -31.4544, 0.0250593, 73.6487, 0.925616, -126.791, 0.862046, 58.3447
1943, 32.38333, 1.20707, -25.3823, 36.656, 143.799, 34.1645, -31.4557, 0.0250964, 73.445, 0.926117, -126.808, 0.862379, 58.3438
1944, 32.39167, 1.20897, -25.5596, 36.665, 143.783, 34.1676, -31.457, 0.0251338, 73.2411, 0.926619, -126.825, 0.862712, 58.3429
1944, 32.40000, 1.21088, -25.737, 36.674, 143.766, 34.1707, -31.4583, 0.0251714, 73.0372, 0.927123, -126.842, 0.863046, 58.342
1945, 32.40833, 1.21281, -25.9144, 36.6831, 143.749, 34.1739, -31.4595, 0.0252093, 72.8331, 0.927627, -126.86, 0.863381, 58.3411
1945, 32.41667, 1.21474, -26.0918, 36.6922, 143.732, 34.1771, -31.4608, 0.0252475, 72.6289, 0.928132, -126.877, 0.863717, 58.3402
1946, 32.42500, 1.21668, -26.2693, 36.7013, 143.715, 34.1803, -31.4621, 0.0252859, 72.4247, 0.928639, -126.894, 0.864053, 58.3394
1946, 32.43333, 1.21864, -26.4469, 36.7105, 143.697, 34.1836, -31.4633, 0.0253246, 72.2203, 0.929146, -126.912, 0.86439, 58.3385
1947, 32.44167, 1.2206, -26.6245, 36.7197, 143.68, 34.1868, -31.4646, 0.0253636, 72.0158, 0.929655, -126.93, 0.864727, 58.3377
1947, 32.45000, 1.22258, -26.8021, 36.7289, 143.663, 34.1901, -31.4659, 0.0254029, 71.8112, 0.930164, -126.947, 0.865065, 58.3368
1948, 32.45833, 1.22456, -26.9798, 36.7382, 143.646, 34.1934, -31.4671, 0.0254424, 71.6065, 0.930674, -126.965, 0.865404, 58.336
1948, 32.46667, 1.22656, -27.1576, 36.7475, 143.628, 34.1968, -31.4683, 0.0254822, 71.4017, 0.931186, -126.983, 0.865744, 58.3352
1949, 32.47500, 1.22857, -27.3354, 36.7568, 143.611, 34.2001, -31.4696, 0.0255223, 71.1968, 0.931698, -127.001, 0.866084, 58.3344
1949, 32.48333, 1.23059, -27.5133, 36.7662, 143.593, 34.2035, -31.4708, 0.0255627, 70.9918, 0.932211, -127.019, 0.866425, 58.3335
1950, 32.49167, 1.23261, -27.6912, 36.7756, 143.575, 34.2069, -31.472, 0.0256034, 70.7866, 0.932726, -127.037, 0.866766, 58.3328
1950, 32.50000, 1.23465, -27.8691, 36.785, 143.558, 34.2103, -31.4732, 0.0256443, 70.5814, 0.933241, -127.055, 0.867109, 58.332
1951, 32.50833, 1.2367, -28.0471, 36.7945, 143.54, 34.2138, -31.4744, 0.0256855, 70.3761, 0.933758, -127.073, 0.867452, 58.3312
1951, 32.51667, 1.23877, -28.2252, 36.804, 143.522, 34.2173, -31.4756, 0.025727, 70.1707, 0.934275, -127.091, 0.867795, 58.3304
1952, 32.52500, 1.24084, -28.4033, 36.8135, 143.504, 34.2208, -31.4768, 0.0257688, 69.9651, 0.934794, -127.11, 0.86814, 58.3297
1952, 32.53333, 1.24292, -28.5815, 36.8231, 143.486, 34.2243, -31.478, 0.0258109, 69.7595, 0.935313, -127.128, 0.868485, 58.3289
1953, 32.54167, 1.24502, -28.7597, 36.8327, 143.468, 34.2279, -31.4792, 0.0258533, 69.5538, 0.935834, -127.147, 0.868831, 58.3282
1953, 32.55000, 1.24712, -28.938, 36.8423, 143.45, 34.2314, -31.4803, 0.025896, 69.348, 0.936355, -127.165, 0.869177, 58.3274
1954, 32.55833, 1.24924, -29.1163, 36.852, 143.432, 34.235, -31.4815, 0.025939, 69.1421, 0.936877, -127.184, 0.869525, 58.3267
1954, 32.56667, 1.25137, -29.2947, 36.8617, 143.413, 34.2387, -31.4826, 0.0259822, 68.936, 0.937401, -127.203, 0.869873, 58.326
1955, 32.57500, 1.2535, -29.4731, 36.8714, 143.395, 34.2423, -31.4838, 0.0260258, 68.7299, 0.937926, -127.221, 0.870221, 58.3253
1955, 32.58333, 1.25565, -29.6516, 36.8812, 143.376, 34.246, -31.4849, 0.0260696, 68.5237, 0.938451, -127.24, 0.870571, 58.3246
1956, 32.59167, 1.25782, -29.8301, 36.891, 143.358, 34.2497, -31.4861, 0.0261138, 68.3174, 0.938978, -127.259, 0.870921, 58.3239
1956, 32.60000, 1.25999, -30.0087, 36.9008, 143.339, 34.2534, -31.4872, 0.0261583, 68.111, 0.939506, -127.278, 0.871272, 58.3232
1957, 32.60833, 1.26217, -30.1873, 36.9107, 143.321, 34.2572, -31.4883, 0.026203, 67.9046, 0.940034, -127.297, 0.871624, 58.3226
1957, 32.61667, 1.26437, -30.366, 36.9206, 143.302, 34.261, -31.4894, 0.0262481, 67.698, 0.940564, -127.317, 0.871976, 58.3219
1958, 32.62500, 1.26658, -30.5448, 36.9305, 143.283, 34.2648, -31.4905, 0.0262934, 67.4913, 0.941095, -127.336, 0.87233, 58.3213
1958, 32.63333, 1.2688, -30.7236, 36.9405, 143.264, 34.2686, -31.4916, 0.0263391, 67.2846, 0.941626, -127.355, 0.872684, 58.3206
1959, 32.64167, 1.27103, -30.9025, 36.9505, 143.245, 34.2725, -31.4927, 0.0263851, 67.0777, 0.942159, -127.375, 0.873038, 58.32
1959, 32.65000, 1.27327, -31.0814, 36.9605, 143.226, 34.2764, -31.4938, 0.0264314, 66.8708, 0.942693, -127.394, 0.873394, 58.3194
1960, 32.65833, 1.27552, -31.2604, 36.9706, 143.207, 34.2803, -31.4949, 0.026478, 66.6637, 0.943228, -127.414, 0.87375, 58.3188
1960, 32.66667, 1.27779, -31.4394, 36.9807, 143.187, 34.2842, -31.4959, 0.0265249, 66.4566, 0.943764, -127.434, 0.874107, 58.3182
1961, 32.67500, 1.28007, -31.6185, 36.9908, 143.168, 34.2882, -31.497, 0.0265722, 66.2494, 0.944301, -127.453, 0.874465, 58.3176
1961, 32.68333, 1.28236, -31.7976, 37.001, 143.149, 34.2922, -31.4981, 0.0266197, 66.0421, 0.944839, -127.473, 0.874824, 58.317
1962, 32.69167, 1.28466, -31.9769, 37.0112, 143.129, 34.2962, -31.4991, 0.0266676, 65.8347, 0.945378, -127.493, 0.875183, 58.3164
1962, 32.70000, 1.28697, -32.1561, 37.0214, 143.11, 34.3002, -31.5001, 0.0267157, 65.6273, 0.945918, -127.513, 0.875543, 58.3159
1963, 32.70833, 1.2893, -32.3354, 37.0317, 143.09, 34.3043, -31.5012, 0.0267642, 65.4197, 0.946459, -127.533, 0.875905, 58.3153
1963, 32.71667, 1.29163, -32.5149, 37.042, 143.07, 34.3084, -31.5022, 0.0268131, 65.2121, 0.947001, -127.554, 0.876266, 58.3148
1964, 32.72500, 1.29398, -32.6943, 37.0523, 143.05, 34.3125, -31.5032, 0.0268622, 65.0044, 0.947544, -127.574, 0.876629, 58.3143
1964, 32.73333, 1.29634, -32.8738, 37.0627, 143.03, 34.3167, -31.5042, 0.0269117, 64.7966, 0.948088, -127.594, 0.876992, 58.3138
1965, 32.74167, 1.29872, -33.0534, 37.0731, 143.01, 34.3209, -31.5052, 0.0269615, 64.5887, 0.948634, -127.615, 0.877357, 58.3132
1965, 32.75000, 1.3011, -33.233, 37.0835, 142.99, 34.3251, -31.5062, 0.0270116, 64.3807, 0.94918, -127.635, 0.877722, 58.3127
1966, 32.75833, 1.3035, -33.4127, 37.094, 142.97, 34.3293, -31.5072, 0.0270621, 64.1727, 0.949727, -127.656, 0.878087, 58.3123
1966, 32.76667, 1.30591, -33.5924, 37.1045, 142.95, 34.3336, -31.5082, 0.0271128, 63.9645, 0.950275, -127.677, 0.878454, 58.3118
1967, 32.77500, 1.30834, -33.7722, 37.115, 142.93, 34.3379, -31.5091, 0.027164, 63.7563, 0.950825, -127.697, 0.878822, 58.3113
1967, 32.78333, 1.31077, -33.9521, 37.1256, 142.909, 34.3422, -31.5101, 0.0272154, 63.548, 0.951375, -127.718, 0.87919, 58.3109
1968, 32.79167, 1.31322, -34.1321, 37.1362, 142.889, 34.3465, -31.5111, 0.0272672, 63.3397, 0.951927, -127.739, 0.879559, 58.3104
1968, 32.80000, 1.31568, -34.3121, 37.1468, 142.868, 34.3509, -31.512, 0.0273193, 63.1312, 0.952479, -127.76, 0.879929, 58.31
1969, 32.80833, 1.31815, -34.4921, 37.1575, 142.847, 34.3553, -31.513, 0.0273718, 62.9227, 0.953033, -127.782, 0.8803, 58.3096
1969, 32.81667, 1.32064, -34.6723, 37.1682, 142.827, 34.3597, -31.5139, 0.0274246, 62.7141, 0.953588, -127.803, 0.880672, 58.3091
1970, 32.82500, 1.32314, -34.8524, 37.1789, 142.806, 34.3642, -31.5148, 0.0274777, 62.5054, 0.954143, -127.824, 0.881044, 58.3087
1970, 32.83333, 1.32565, -35.0327, 37.1897, 142.785, 34.3687, -31.5157, 0.0275312, 62.2966, 0.9547, -127.846, 0.881418, 58.3083
1971, 32.84167, 1.32817, -35.213, 37.2005, 142.764, 34.3732, -31.5166, 0.027585, 62.0878, 0.955258, -127.867, 0.881792, 58.308
1971, 32.85000, 1.33071, -35.3934, 37.2113, 142.743, 34.3778, -31.5175, 0.0276392, 61.8789, 0.955817, -127.889, 0.882167, 58.3076
1972, 32.85833, 1.33326, -35.5739, 37.2222, 142.721, 34.3824, -31.5184, 0.0276937, 61.6699, 0.956376, -127.911, 0.882543, 58.3072
1972, 32.86667, 1.33582, -35.7544, 37.2331, 142.7, 34.387, -31.5193, 0.0277486, 61.4608, 0.956937, -127.932, 0.88292, 58.3069
1973, 32.87500, 1.3384, -35.935, 37.244, 142.679, 34.3916, -31.5202, 0.0278038, 61.2517, 0.957499, -127.954, 0.883298, 58.3066
1973, 32.88333, 1.34099, -36.1157, 37.255, 142.657, 34.3963, -31.521, 0.0278594, 61.0425, 0.958062, -127.976, 0.883677, 58.3062
1974, 32.89167, 1.34359, -36.2964, 37.266, 142.635, 34.401, -31.5219, 0.0279153, 60.8332, 0.958626, -127.998, 0.884056, 58.3059
1974, 32.90000, 1.34621, -36.4772, 37.277, 142.614, 34.4057, -31.5227, 0.0279716, 60.6239, 0.959192, -128.021, 0.884437, 58.3056
1975, 32.90833, 1.34884, -36.6581, 37.2881, 142.592, 34.4105, -31.5236, 0.0280282, 60.4145, 0.959758, -128.043, 0.884818, 58.3053
1975, 32.91667, 1.35148, -36.839, 37.2992, 142.57, 34.4153, -31.5244, 0.0280852, 60.2049, 0.960325, -128.065, 0.885201, 58.305
1976, 32.92500, 1.35413, -37.02, 37.3103, 142.548, 34.4201, -31.5252, 0.0281426, 59.9954, 0.960893, -128.088, 0.885584, 58.3048
1976, 32.93333, 1.3568, -37.2011, 37.3215, 142.526, 34.4249, -31.5261, 0.0282003, 59.7858, 0.961462, -128.11, 0.885968, 58.3045
1977, 32.94167, 1.35948, -37.3823, 37.3327, 142.504, 34.4298, -31.5269, 0.0282584, 59.576, 0.962033, -128.133, 0.886353, 58.3043
1977, 32.95000, 1.36218, -37.5635, 37.3439, 142.482, 34.4347, -31.5277, 0.0283168, 59.3663, 0.962604, -128.156, 0.886739, 58.304
1978, 32.95833, 1.36489, -37.7448, 37.3552, 142.459, 34.4397, -31.5285, 0.0283756, 59.1564, 0.963177, -128.179, 0.887126, 58.3038
1978, 32.96667, 1.36761, -37.9262, 37.3665, 142.437, 34.4447, -31.5292, 0.0284348, 58.9465, 0.96375, -128.202, 0.887514, 58.3036
1979, 32.97500, 1.37035, -38.1076, 37.3778, 142.414, 34.4497, -31.53, 0.0284943, 58.7365, 0.964325, -128.225, 0.887903, 58.3034
1979, 32.98333, 1.3731, -38.2892, 37.3892, 142.391, 34.4547, -31.5308, 0.0285543, 58.5265, 0.9649, -128.248, 0.888292, 58.3032
1980, 32.99167, 1.37586, -38.4708, 37.4006, 142.369, 34.4598, -31.5315, 0.0286146, 58.3163, 0.965477, -128.271, 0.888683, 58.303
1980, 33.00000, 1.37864, -38.6524, 37.412, 142.346, 34.4649, -31.5323, 0.0286752, 58.1062, 0.966055, -128.295, 0.889075, 58.3028
1981, 33.00833, 1.38143, -38.8342, 37.4235, 142.323, 34.47, -31.533, 0.0287363, 57.8959, 0.966633, -128.318, 0.889467, 58.3027
1981, 33.01667, 1.38424, -39.016, 37.435, 142.3, 34.4752, -31.5337, 0.0287977, 57.6856, 0.967213, -128.342, 0.889861, 58.3025
1982, 33.02500, 1.38706, -39.1979, 37.4465, 142.277, 34.4804, -31.5345, 0.0288595, 57.4752, 0.967794, -128.366, 0.890256, 58.3024
1982, 33.03333, 1.38989, -39.3799, 37.458, 142.253, 34.4856, -31.5352, 0.0289217, 57.2647, 0.968376, -128.389, 0.890651, 58.3023
1983, 33.04167, 1.39274, -39.562, 37.4696, 142.23, 34.4909, -31.5359, 0.0289843, 57.0542, 0.968959, -128.413, 0.891048, 58.3022
1983, 33.05000, 1.3956, -39.7442, 37.4813, 142.207, 34.4962, -31.5366, 0.0290472, 56.8436, 0.969543, -128.437, 0.891445, 58.3021
1984, 33.05833, 1.39848, -39.9264, 37.4929, 142.183, 34.5015, -31.5373, 0.0291105, 56.633, 0.970128, -128.461, 0.891844, 58.302
1984, 33.06667, 1.40137, -40.1087, 37.5046, 142.159, 34.5069, -31.5379, 0.0291743, 56.4223, 0.970714, -128.486, 0.892244, 58.3019
1985, 33.07500, 1.40428, -40.2911, 37.5163, 142.136, 34.5123, -31.5386, 0.0292384, 56.2115, 0.971301, -128.51, 0.892644, 58.3018
1985, 33.08333, 1.4072, -40.4736, 37.5281, 142.112, 34.5177, -31.5393, 0.0293029, 56.0006, 0.971889, -128.534, 0.893046, 58.3018
1986, 33.09167, 1.41013, -40.6562, 37.5399, 142.088, 34.5232, -31.5399, 0.0293678, 55.7897, 0.972478, -128.559, 0.893448, 58.3018
1986, 33.10000, 1.41308, -40.8388, 37.5517, 142.064, 34.5287, -31.5406, 0.0294331, 55.5788, 0.973068, -128.584, 0.893852, 58.3017
1987, 33.10833, 1.41604, -41.0215, 37.5636, 142.039, 34.5343, -31.5412, 0.0294988, 55.3677, 0.973659, -128.608, 0.894257, 58.3017
1987, 33.11667, 1.41902, -41.2043, 37.5755, 142.015, 34.5398, -31.5418, 0.0295649, 55.1566, 0.974252, -128.633, 0.894662, 58.3017
1988, 33.12500, 1.42201, -41.3872, 37.5874, 141.991, 34.5455, -31.5424, 0.0296314, 54.9455, 0.974845, -128.658, 0.895069, 58.3017
1988, 33.13333, 1.42502, -41.5702, 37.5993, 141.966, 34.5511, -31.5431, 0.0296983, 54.7342, 0.975439, -128.683, 0.895477, 58.3017
1989, 33.14167, 1.42804, -41.7533, 37.6113, 141.942, 34.5568, -31.5436, 0.0297656, 54.5229, 0.976035, -128.709, 0.895886, 58.3018
1989, 33.15000, 1.43108, -41.9365, 37.6233, 141.917, 34.5625, -31.5442, 0.0298333, 54.3116, 0.976631, -128.734, 0.896296, 58.3018
1990, 33.15833, 1.43413, -42.1197, 37.6354, 141.892, 34.5682, -31.5448, 0.0299014, 54.1002, 0.977228, -128.759, 0.896707, 58.3019
1990, 33.16667, 1.4372, -42.3031, 37.6474, 141.867, 34.574, -31.5454, 0.0299699, 53.8887, 0.977827, -128.785, 0.897119, 58.3019
1991, 33.17500, 1.44028, -42.4865, 37.6596, 141.842, 34.5798, -31.546, 0.0300388, 53.6772, 0.978426, -128.811, 0.897532, 58.302
1991, 33.18333, 1.44338, -42.6701, 37.6717, 141.817, 34.5857, -31.5465, 0.0301082, 53.4656, 0.979027, -128.836, 0.897946, 58.3021
1992, 33.19167, 1.44649, -42.8537, 37.6839, 141.791, 34.5916, -31.547, 0.0301779, 53.2539, 0.979628, -128.862, 0.898362, 58.3022
1992, 33.20000, 1.44962, -43.0374, 37.6961, 141.766, 34.5975, -31.5476, 0.0302481, 53.0422, 0.980231, -128.888, 0.898778, 58.3023
1993, 33.20833, 1.45276, -43.2212, 37.7083, 141.74, 34.6035, -31.5481, 0.0303187, 52.8304, 0.980834, -128.914, 0.899196, 58.3025
1993, 33.21667, 1.45592, -43.4051, 37.7206, 141.715, 34.6095, -31.5486, 0.0303897, 52.6186, 0.981439, -128.941, 0.899615, 58.3026
1994, 33.22500, 1.45909, -43.5891, 37.7329, 141.689, 34.6156, -31.5491, 0.0304611, 52.4067, 0.982044, -128.967, 0.900034, 58.3028
1994, 33.23333, 1.46228, -43.7732, 37.7452, 141.663, 34.6216, -31.5496, 0.0305329, 52.1947, 0.982651, -128.994, 0.900455, 58.3029
1995, 33.24167, 1.46548, -43.9574, 37.7576, 141.637, 34.6277, -31.5501, 0.0306052, 51.9827, 0.983259, -129.02, 0.900877, 58.3031
1995, 33.25000, 1.4687, -44.1417, 37.7699, 141.611, 34.6339, -31.5506, 0.0306779, 51.7706, 0.983867, -129.047, 0.901301, 58.3033
1996, 33.25833, 1.47194, -44.3261, 37.7824, 141.585, 34.6401, -31.5511, 0.030751, 51.5585, 0.984477, -129.074, 0.901725, 58.3035
1996, 33.26667, 1.47519, -44.5106, 37.7948, 141.559, 34.6463, -31.5515, 0.0308246, 51.3463, 0.985088, -129.101, 0.902151, 58.3037
1997, 33.27500, 1.47846, -44.6952, 37.8073, 141.532, 34.6526, -31.552, 0.0308986, 51.134, 0.985699, -129.128, 0.902577, 58.304
1997, 33.28333, 1.48174, -44.8799, 37.8198, 141.506, 34.6589, -31.5524, 0.030973, 50.9217, 0.986312, -129.155, 0.903005, 58.3042
1998, 33.29167, 1.48504, -45.0647, 37.8323, 141.479, 34.6653, -31.5529, 0.0310478, 50.7093, 0.986925, -129.182, 0.903434, 58.3045
1998, 33.30000, 1.48835, -45.2496, 37.8449, 141.452, 34.6716, -31.5533, 0.0311231, 50.4968, 0.98754, -129.21, 0.903865, 58.3047
1999, 33.30833, 1.49169, -45.4346, 37.8575, 141.425, 34.6781, -31.5537, 0.0311988, 50.2843, 0.988156, -129.237, 0.904296, 58.305
1999, 33.31667, 1.49503, -45.6198, 37.8702, 141.398, 34.6845, -31.5541, 0.031275, 50.0718, 0.988772, -129.265, 0.904729, 58.3053
2000, 33.32500, 1.49839, -45.805, 37.8828, 141.371, 34.691, -31.5545, 0.0313516, 49.8591, 0.98939, -129.293, 0.905163, 58.3056
2000, 33.33333, 1.50177, -45.9903, 37.8955, 141.344, 34.6976, -31.5549, 0.0314287, 49.6464, 0.990008, -129.321, 0.905598, 58.3059
2001, 33.34167, 1.50517, -46.1757, 37.9082, 141.316, 34.7042, -31.5553, 0.0315062, 49.4337, 0.990628, -129.349, 0.906034, 58.3063
2001, 33.35000, 1.50858, -46.3613, 37.921, 141.289, 34.7108, -31.5557, 0.0315841, 49.2209, 0.991248, -129.377, 0.906472, 58.3066
2002, 33.35833, 1.51201, -46.5469, 37.9338, 141.261, 34.7175, -31.556, 0.0316625, 49.008, 0.99187, -129.405, 0.906911, 58.307
2002, 33.36667, 1.51545, -46.7327, 37.9466, 141.233, 34.7242, -31.5564, 0.0317414, 48.795, 0.992492, -129.434, 0.907351, 58.3073
2003, 33.37500, 1.51891, -46.9186, 37.9594, 141.205, 34.7309, -31.5567, 0.0318207, 48.5821, 0.993116, -129.462, 0.907792, 58.3077
2003, 33.38333, 1.52239, -47.1046, 37.9723, 141.177, 34.7377, -31.557, 0.0319004, 48.369, 0.99374, -129.491, 0.908235, 58.3081
2003, 33.39167, 1.52588, -47.2907, 37.9852, 141.149, 34.7446, -31.5574, 0.0319806, 48.1559, 0.994366, -129.52, 0.908678, 58.3085
2004, 33.40000, 1.5294, -47.4769, 37.9981, 141.121, 34.7514, -31.5577, 0.0320613, 47.9427, 0.994992, -129.549, 0.909124, 58.3089
2005, 33.40833, 1.53292, -47.6632, 38.011, 141.092, 34.7584, -31.558, 0.0321424, 47.7294, 0.995619, -129.578, 0.90957, 58.3093
2005, 33.41667, 1.53647, -47.8497, 38.024, 141.064, 34.7653, -31.5583, 0.032224, 47.5161, 0.996247, -129.607, 0.910018, 58.3098
2006, 33.42500, 1.54003, -48.0363, 38.037, 141.035, 34.7723, -31.5586, 0.0323061, 47.3028, 0.996877, -129.636, 0.910467, 58.3102
2006, 33.43333, 1.54361, -48.223, 38.0501, 141.006, 34.7794, -31.5589, 0.0323886, 47.0893, 0.997507, -129.666, 0.910917, 58.3107
2007, 33.44167, 1.5472, -48.4098, 38.0631, 140.977, 34.7865, -31.5591, 0.0324716, 46.8758, 0.998138, -129.696, 0.911369, 58.3112
2007, 33.45000, 1.55081, -48.5967, 38.0762, 140.948, 34.7936, -31.5594, 0.032555, 46.6623, 0.99877, -129.725, 0.911822, 58.3117
2008, 33.45833, 1.55444, -48.7838, 38.0893, 140.919, 34.8008, -31.5597, 0.032639, 46.4486, 0.999403, -129.755, 0.912276, 58.3122
2008, 33.46667, 1.55809, -48.971, 38.1025, 140.89, 34.808, -31.5599, 0.0327234, 46.2349, 1.00004, -129.785, 0.912732, 58.3127
2009, 33.47500, 1.56175, -49.1583, 38.1156, 140.86, 34.8153, -31.5601, 0.0328082, 46.0212, 1.00067, -129.816, 0.913189, 58.3132
2009, 33.48333, 1.56543, -49.3457, 38.1288, 140.831, 34.8226, -31.5604, 0.0328936, 45.8074, 1.00131, -129.846, 0.913647, 58.3138
2010, 33.49167, 1.56913, -49.5332, 38.1421, 140.801, 34.8299, -31.5606, 0.0329794, 45.5935, 1.00194, -129.876, 0.914107, 58.3143
2010, 33.50000, 1.57284, -49.7209, 38.1553, 140.771, 34.8373, -31.5608, 0.0330657, 45.3795, 1.00258, -129.907, 0.914568, 58.3149
2011, 33.50833, 1.57658, -49.9087, 38.1686, 140.741, 34.8448, -31.561, 0.0331525, 45.1655, 1.00322, -129.938, 0.915031, 58.3155
2011, 33.51667, 1.58033, -50.0967, 38.1819, 140.711, 34.8523, -31.5612, 0.0332398, 44.9514, 1.00386, -129.968, 0.915495, 58.3161
2012, 33.52500, 1.5841, -50.2847, 38.1952, 140.681, 34.8598, -31.5614, 0.0333276, 44.7373, 1.0045, -129.999, 0.91596, 58.3167
2012, 33.53333, 1.58788, -50.4729, 38.2086, 140.65, 34.8674, -31.5615, 0.0334158, 44.5231, 1.00514, -130.031, 0.916427, 58.3173
2013, 33.54167, 1.59168, -50.6613, 38.222, 140.62, 34.875, -31.5617, 0.0335046, 44.3088, 1.00578, -130.062, 0.916895, 58.3179
2013, 33.55000, 1.59551, -50.8498, 38.2354, 140.589, 34.8827, -31.5619, 0.0335938, 44.0945, 1.00642, -130.093, 0.917365, 58.3185
2014, 33.55833, 1.59934, -51.0384, 38.2488, 140.558, 34.8904, -31.562, 0.0336835, 43.8801, 1.00707, -130.125, 0.917836, 58.3192
2014, 33.56667, 1.6032, -51.2271, 38.2623, 140.527, 34.8982, -31.5622, 0.0337737, 43.6656, 1.00771, -130.157, 0.918308, 58.3198
2015, 33.57500, 1.60708, -51.416, 38.2757, 140.496, 34.906, -31.5623, 0.0338644, 43.451, 1.00836, -130.189, 0.918782, 58.3205
2015, 33.58333, 1.61097, -51.605, 38.2892, 140.465, 34.9139, -31.5624, 0.0339557, 43.2364, 1.009, -130.221, 0.919258, 58.3212
2016, 33.59167, 1.61488, -51.7942, 38.3028, 140.433, 34.9218, -31.5625, 0.0340474, 43.0217, 1.00965, -130.253, 0.919735, 58.3219
2016, 33.60000, 1.61881, -51.9835, 38.3163, 140.402, 34.9298, -31.5626, 0.0341396, 42.8069, 1.0103, -130.285, 0.920213, 58.3226
2017, 33.60833, 1.62276, -52.1729, 38.3299, 140.37, 34.9378, -31.5627, 0.0342323, 42.5921, 1.01095, -130.317, 0.920693, 58.3233
2017, 33.61667, 1.62672, -52.3625, 38.3435, 140.338, 34.9458, -31.5628, 0.0343256, 42.3772, 1.0116, -130.35, 0.921175, 58.3241
2018, 33.62500, 1.6307, -52.5522, 38.3571, 140.306, 34.9539, -31.5629, 0.0344193, 42.1622, 1.01225, -130.383, 0.921658, 58.3248
2018, 33.63333, 1.63471, -52.7421, 38.3708, 140.274, 34.9621, -31.563, 0.0345135, 41.9472, 1.0129, -130.416, 0.922142, 58.3256
2019, 33.64167, 1.63873, -52.9322, 38.3844, 140.242, 34.9703, -31.5631, 0.0346083, 41.732, 1.01355, -130.449, 0.922628, 58.3263
2019, 33.65000, 1.64277, -53.1223, 38.3981, 140.209, 34.9786, -31.5631, 0.0347036, 41.5169, 1.0142, -130.482, 0.923116, 58.3271
2020, 33.65833, 1.64682, -53.3127, 38.4118, 140.177, 34.9869, -31.5632, 0.0347994, 41.3016, 1.01486, -130.515, 0.923605, 58.3279
2020, 33.66667, 1.6509, -53.5031, 38.4255, 140.144, 34.9953, -31.5632, 0.0348957, 41.0862, 1.01551, -130.549, 0.924096, 58.3287
2021, 33.67500, 1.655, -53.6938, 38.4393, 140.111, 35.0037, -31.5633, 0.0349925, 40.8708, 1.01617, -130.583, 0.924588, 58.3295
2021, 33.68333, 1.65911, -53.8845, 38.4531, 140.078, 35.0121, -31.5633, 0.0350899, 40.6553, 1.01682, -130.616, 0.925082, 58.3304
2022, 33.69167, 1.66324, -54.0755, 38.4669, 140.045, 35.0207, -31.5633, 0.0351877, 40.4397, 1.01748, -130.65, 0.925578, 58.3312
2022, 33.70000, 1.66739, -54.2666, 38.4807, 140.012, 35.0292, -31.5633, 0.0352861, 40.2241, 1.01814, -130.684, 0.926075, 58.332
2023, 33.70833, 1.67156, -54.4578, 38.4945, 139.978, 35.0379, -31.5633, 0.035385, 40.0084, 1.0188, -130.719, 0.926574, 58.3329
2023, 33.71667, 1.67575, -54.6493, 38.5084, 139.945, 35.0465, -31.5633, 0.0354845, 39.7926, 1.01946, -130.753, 0.927074, 58.3338
2024, 33.72500, 1.67996, -54.8408, 38.5223, 139.911, 35.0553, -31.5633, 0.0355845, 39.5767, 1.02011, -130.788, 0.927576, 58.3346
2024, 33.73333, 1.68419, -55.0325, 38.5361, 139.877, 35.0641, -31.5633, 0.035685, 39.3607, 1.02078, -130.823, 0.92808, 58.3355
2025, 33.74167, 1.68844, -55.2244, 38.5501, 139.843, 35.0729, -31.5633, 0.0357861, 39.1446, 1.02144, -130.857, 0.928586, 58.3364
2025, 33.75000, 1.6927, -55.4165, 38.564, 139.808, 35.0818, -31.5632, 0.0358876, 38.9285, 1.0221, -130.893, 0.929093, 58.3373
2026, 33.75833, 1.69699, -55.6087, 38.5779, 139.774, 35.0907, -31.5632, 0.0359898, 38.7123, 1.02276, -130.928, 0.929602, 58.3383
2026, 33.76667, 1.70129, -55.8011, 38.5919, 139.739, 35.0997, -31.5632, 0.0360924, 38.496, 1.02342, -130.963, 0.930112, 58.3392
2027, 33.77500, 1.70562, -55.9937, 38.6059, 139.705, 35.1088, -31.5631, 0.0361957, 38.2796, 1.02409, -130.999, 0.930625, 58.3401
2027, 33.78333, 1.70996, -56.1864, 38.6199, 139.67, 35.1179, -31.5631, 0.0362994, 38.0632, 1.02475, -131.035, 0.931139, 58.3411
2028, 33.79167, 1.71433, -56.3793, 38.6339, 139.635, 35.1271, -31.563, 0.0364037, 37.8466, 1.02542, -131.07, 0.931654, 58.3421
2028, 33.80000, 1.71871, -56.5724, 38.648, 139.599, 35.1363, -31.5629, 0.0365085, 37.63, 1.02608, -131.107, 0.932172, 58.343
2029, 33.80833, 1.72311, -56.7656, 38.662, 139.564, 35.1456, -31.5629, 0.0366139, 37.4133, 1.02675, -131.143, 0.932691, 58.344
2029, 33.81667, 1.72753, -56.9591, 38.6761, 139.529, 35.1549, -31.5628, 0.0367199, 37.1964, 1.02742, -131.179, 0.933212, 58.345
2030, 33.82500, 1.73198, -57.1526, 38.6902, 139.493, 35.1643, -31.5627, 0.0368264, 36.9795, 1.02809, -131.216, 0.933735, 58.346
2030, 33.83333, 1.73644, -57.3464, 38.7043, 139.457, 35.1738, -31.5626, 0.0369334, 36.7625, 1.02875, -131.252, 0.934259, 58.347
2031, 33.84167, 1.74092, -57.5404, 38.7184, 139.421, 35.1833, -31.5625, 0.0370411, 36.5454, 1.02942, -131.289, 0.934786, 58.348
2031, 33.85000, 1.74542, -57.7345, 38.7325, 139.385, 35.1929, -31.5624, 0.0371492, 36.3283, 1.03009, -131.326, 0.935314, 58.3491
2032, 33.85833, 1.74994, -57.9288, 38.7466, 139.348, 35.2025, -31.5623, 0.037258, 36.111, 1.03076, -131.364, 0.935844, 58.3501
2032, 33.86667, 1.75449, -58.1233, 38.7608, 139.312, 35.2122, -31.5622, 0.0373673, 35.8936, 1.03143, -131.401, 0.936376, 58.3511
2033, 33.87500, 1.75905, -58.318, 38.775, 139.275, 35.222, -31.5621, 0.0374771, 35.6762, 1.0321, -131.439, 0.93691, 58.3522
2033, 33.88333, 1.76363, -58.5129, 38.7891, 139.238, 35.2318, -31.562, 0.0375875, 35.4586, 1.03278, -131.476, 0.937446, 58.3533
2034, 33.89167, 1.76823, -58.708, 38.8033, 139.201, 35.2417, -31.5618, 0.0376985, 35.241, 1.03345, -131.514, 0.937983, 58.3543
2034, 33.90000, 1.77286, -58.9032, 38.8175, 139.164, 35.2516, -31.5617, 0.0378101, 35.0232, 1.03412, -131.553, 0.938523, 58.3554
2035, 33.90833, 1.7775, -59.0986, 38.8318, 139.127, 35.2616, -31.5616, 0.0379222, 34.8054, 1.0348, -131.591, 0.939064, 58.3565
2035, 33.91667, 1.78217, -59.2943, 38.846, 139.089, 35.2717, -31.5614, 0.038035, 34.5874, 1.03547, -131.629, 0.939608, 58.3576
2036, 33.92500, 1.78685, -59.4901, 38.8602, 139.051, 35.2818, -31.5613, 0.0381482, 34.3694, 1.03614, -131.668, 0.940153, 58.3587
2036, 33.93333, 1.79155, -59.6861, 38.8745, 139.013, 35.292, -31.5611, 0.0382621, 34.1512, 1.03682, -131.707, 0.9407, 58.3598
2037, 33.94167, 1.79628, -59.8823, 38.8887, 138.975, 35.3022, -31.561, 0.0383765, 33.9329, 1.03749, -131.746, 0.941249, 58.3609
2037, 33.95000, 1.80103, -60.0788, 38.903, 138.937, 35.3125, -31.5608, 0.0384916, 33.7146, 1.03817, -131.785, 0.941801, 58.362
2038, 33.95833, 1.80579, -60.2754, 38.9173, 138.899, 35.3229, -31.5607, 0.0386072, 33.4961, 1.03885, -131.824, 0.942354, 58.3632
2038, 33.96667, 1.81058, -60.4722, 38.9315, 138.86, 35.3333, -31.5605, 0.0387233, 33.2775, 1.03952, -131.864, 0.942909, 58.3643
2039, 33.97500, 1.81539, -60.6692, 38.9458, 138.821, 35.3438, -31.5603, 0.0388401, 33.0589, 1.0402, -131.904, 0.943466, 58.3655
2039, 33.98333, 1.82022, -60.8664, 38.9601, 138.782, 35.3544, -31.5602, 0.0389575, 32.8401, 1.04088, -131.943, 0.944026, 58.3666
2040, 33.99167, 1.82507, -61.0639, 38.9744, 138.743, 35.365, -31.56, 0.0390754, 32.6212, 1.04156, -131.984, 0.944587, 58.3678
2040, 34.00000, 1.82994, -61.2615, 38.9887, 138.704, 35.3757, -31.5598, 0.039194, 32.4022, 1.04223, -132.024, 0.94515, 58.3689
2041, 34.00833, 1.83483, -61.4594, 39.0031, 138.664, 35.3865, -31.5597, 0.0393131, 32.1831, 1.04291, -132.064, 0.945716, 58.3701
2041, 34.01667, 1.83975, -61.6574, 39.0174, 138.625, 35.3973, -31.5595, 0.0394328, 31.9638, 1.04359, -132.105, 0.946283, 58.3713
2042, 34.02500, 1.84468, -61.8557, 39.0317, 138.585, 35.4082, -31.5593, 0.0395532, 31.7445, 1.04427, -132.146, 0.946853, 58.3725
2042, 34.03333, 1.84964, -62.0542, 39.046, 138.545, 35.4192, -31.5591, 0.0396741, 31.525, 1.04495, -132.187, 0.947425, 58.3736
2043, 34.04167, 1.85462, -62.2529, 39.0604, 138.504, 35.4303, -31.5589, 0.0397956, 31.3054, 1.04563, -132.228, 0.947999, 58.3748
2043, 34.05000, 1.85961, -62.4518, 39.0747, 138.464, 35.4414, -31.5588, 0.0399177, 31.0857, 1.04631, -132.269, 0.948575, 58.376
2044, 34.05833, 1.86463, -62.6509, 39.089, 138.423, 35.4525, -31.5586, 0.0400405, 30.8659, 1.04699, -132.311, 0.949153, 58.3772
2044, 34.06667, 1.86968, -62.8503, 39.1034, 138.382, 35.4638, -31.5584, 0.0401638, 30.646, 1.04767, -132.353, 0.949734, 58.3784
2045, 34.07500, 1.87474, -63.0499, 39.1177, 138.342, 35.4751, -31.5582, 0.0402877, 30.4259, 1.04835, -132.395, 0.950316, 58.3796
2045, 34.08333, 1.87982, -63.2497, 39.132, 138.3, 35.4865, -31.558, 0.0404123, 30.2057, 1.04903, -132.437, 0.950901, 58.3808
2046, 34.09167, 1.88493, -63.4497, 39.1464, 138.259, 35.4979, -31.5578, 0.0405375, 29.9854, 1.04971, -132.479, 0.951488, 58.382
2046, 34.10000, 1.89006, -63.6499, 39.1607, 138.217, 35.5095, -31.5577, 0.0406632, 29.765, 1.0504, -132.522, 0.952078, 58.3832
2047, 34.10833, 1.89521, -63.8504, 39.1751, 138.176, 35.5211, -31.5575, 0.0407896, 29.5444, 1.05108, -132.565, 0.952669, 58.3845
2047, 34.11667, 1.90038, -64.0511, 39.1894, 138.134, 35.5327, -31.5573, 0.0409166, 29.3237, 1.05176, -132.607, 0.953263, 58.3857
2048, 34.12500, 1.90557, -64.2521, 39.2037, 138.092, 35.5445, -31.5571, 0.0410442, 29.1029, 1.05244, -132.651, 0.953859, 58.3869
2048, 34.13333, 1.91078, -64.4532, 39.2181, 138.049, 35.5563, -31.557, 0.0411725, 28.882, 1.05312, -132.694, 0.954458, 58.3881
2049, 34.14167, 1.91602, -64.6547, 39.2324, 138.007, 35.5682, -31.5568, 0.0413013, 28.6608, 1.0538, -132.737, 0.955059, 58.3893
2049, 34.15000, 1.92128, -64.8563, 39.2467, 137.964, 35.5802, -31.5566, 0.0414308, 28.4396, 1.05449, -132.781, 0.955662, 58.3906
2050, 34.15833, 1.92656, -65.0582, 39.261, 137.921, 35.5922, -31.5564, 0.0415609, 28.2183, 1.05517, -132.825, 0.956267, 58.3918
2050, 34.16667, 1.93186, -65.2603, 39.2753, 137.878, 35.6043, -31.5563, 0.0416916, 27.9968, 1.05585, -132.869, 0.956875, 58.393
2051, 34.17500, 1.93718, -65.4627, 39.2896, 137.835, 35.6165, -31.5561, 0.041823, 27.7752, 1.05653, -132.914, 0.957485, 58.3942
2051, 34.18333, 1.94253, -65.6653, 39.3039, 137.791, 35.6288, -31.5559, 0.0419549, 27.5534, 1.05722, -132.958, 0.958098, 58.3955
2052, 34.19167, 1.9479, -65.8682, 39.3182, 137.748, 35.6411, -31.5558, 0.0420876, 27.3315, 1.0579, -133.003, 0.958713, 58.3967
2052, 34.20000, 1.95329, -66.0713, 39.3325, 137.704, 35.6536, -31.5556, 0.0422208, 27.1094, 1.05858, -133.048, 0.959331, 58.3979
2053, 34.20833, 1.9587, -66.2746, 39.3468, 137.66, 35.6661, -31.5555, 0.0423547, 26.8873, 1.05926, -133.093, 0.959951, 58.3991
2053, 34.21667, 1.96414, -66.4782, 39.361, 137.615, 35.6786, -31.5553, 0.0424892, 26.6649, 1.05994, -133.138, 0.960573, 58.4003
2054, 34.22500, 1.96959, -66.682, 39.3753, 137.571, 35.6913, -31.5552, 0.0426243, 26.4424, 1.06063, -133.184, 0.961198, 58.4015
2054, 34.23333, 1.97507, -66.8861, 39.3895, 137.526, 35.704, -31.5551, 0.0427601, 26.2198, 1.06131, -133.23, 0.961826, 58.4028
2055, 34.24167, 1.98057, -67.0905, 39.4038, 137.481, 35.7169, -31.555, 0.0428965, 25.997, 1.06199, -133.276, 0.962456, 58.404
2055, 34.25000, 1.9861, -67.2951, 39.418, 137.436, 35.7298, -31.5548, 0.0430335, 25.7741, 1.06267, -133.322, 0.963088, 58.4052
2056, 34.25833, 1.99164, -67.5, 39.4322, 137.391, 35.7427, -31.5547, 0.0431712, 25.551, 1.06335, -133.368, 0.963723, 58.4064
2056, 34.26667, 1.99721, -67.7051, 39.4464, 137.345, 35.7558, -31.5546, 0.0433096, 25.3277, 1.06403, -133.415, 0.964361, 58.4076
2057, 34.27500, 2.0028, -67.9105, 39.4605, 137.3, 35.769, -31.5545, 0.0434486, 25.1044, 1.06472, -133.462, 0.965001, 58.4088
2057, 34.28333, 2.00842, -68.1162, 39.4747, 137.254, 35.7822, -31.5544, 0.0435882, 24.8808, 1.0654, -133.509, 0.965644, 58.4099
2058, 34.29167, 2.01405, -68.3221, 39.4888, 137.208, 35.7955, -31.5544, 0.0437285, 24.6571, 1.06608, -133.556, 0.96629, 58.4111
2058, 34.30000, 2.01971, -68.5283, 39.5029, 137.161, 35.8089, -31.5543, 0.0438694, 24.4332, 1.06676, -133.603, 0.966938, 58.4123
2059, 34.30833, 2.02539, -68.7347, 39.517, 137.115, 35.8224, -31.5542, 0.0440109, 24.2092, 1.06744, -133.651, 0.967589, 58.4135
2059, 34.31667, 2.0311, -68.9415, 39.5311, 137.068, 35.8359, -31.5542, 0.0441532, 23.985, 1.06812, -133.699, 0.968242, 58.4146
2060, 34.32500, 2.03683, -69.1485, 39.5452, 137.021, 35.8496, -31.5541, 0.044296, 23.7606, 1.06879, -133.747, 0.968899, 58.4158
2060, 34.33333, 2.04258, -69.3557, 39.5592, 136.974, 35.8633, -31.5541, 0.0444395, 23.5361, 1.06947, -133.795, 0.969557, 58.4169
2061, 34.34167, 2.04835, -69.5633, 39.5732, 136.926, 35.8771, -31.5541, 0.0445837, 23.3114, 1.07015, -133.844, 0.970219, 58.4181
2061, 34.35000, 2.05414, -69.7711, 39.5872, 136.879, 35.891, -31.5541, 0.0447285, 23.0866, 1.07083, -133.893, 0.970884, 58.4192
2062, 34.35833, 2.05996, -69.9792, 39.6012, 136.831, 35.905, -31.5541, 0.044874, 22.8615, 1.07151, -133.942, 0.971551, 58.4203
2062, 34.36667, 2.0658, -70.1876, 39.6151, 136.783, 35.9191, -31.5541, 0.0450202, 22.6363, 1.07218, -133.991, 0.972221, 58.4214
2063, 34.37500, 2.07167, -70.3962, 39.6291, 136.735, 35.9333, -31.5541, 0.045167, 22.411, 1.07286, -134.04, 0.972894, 58.4225
2063, 34.38333, 2.07755, -70.6052, 39.643, 136.686, 35.9475, -31.5542, 0.0453144, 22.1854, 1.07353, -134.09, 0.973569, 58.4236
2064, 34.39167, 2.08346, -70.8144, 39.6568, 136.638, 35.9619, -31.5542, 0.0454625, 21.9597, 1.07421, -134.14, 0.974248, 58.4247
2064, 34.40000, 2.08939, -71.0239, 39.6707, 136.589, 35.9763, -31.5543, 0.0456113, 21.7338, 1.07488, -134.19, 0.974929, 58.4257
2064, 34.40833, 2.09535, -71.2337, 39.6845, 136.54, 35.9909, -31.5544, 0.0457607, 21.5077, 1.07556, -134.24, 0.975614, 58.4268
2065, 34.41667, 2.10133, -71.4439, 39.6982, 136.49, 36.0055, -31.5545, 0.0459109, 21.2814, 1.07623, -134.291, 0.976301, 58.4278
2066, 34.42500, 2.10733, -71.6542, 39.712, 136.441, 36.0202, -31.5546, 0.0460616, 21.055, 1.0769, -134.341, 0.976991, 58.4288
2066, 34.43333, 2.11335, -71.8649, 39.7257, 136.391, 36.035, -31.5547, 0.0462131, 20.8283, 1.07758, -134.392, 0.977684, 58.4298
2067, 34.44167, 2.1194, -72.0759, 39.7394, 136.341, 36.0499, -31.5549, 0.0463652, 20.6015, 1.07825, -134.443, 0.97838, 58.4308
2067, 34.45000, 2.12547, -72.2872, 39.753, 136.291, 36.0649, -31.555, 0.0465179, 20.3745, 1.07892, -134.495, 0.979079, 58.4318
2068, 34.45833, 2.13156, -72.4988, 39.7666, 136.24, 36.08, -31.5552, 0.0466714, 20.1473, 1.07959, -134.547, 0.979782, 58.4328
2068, 34.46667, 2.13767, -72.7107, 39.7802, 136.19, 36.0952, -31.5554, 0.0468255, 19.9199, 1.08025, -134.598, 0.980487, 58.4337
2068, 34.47500, 2.14381, -72.9228, 39.7938, 136.139, 36.1105, -31.5557, 0.0469802, 19.6923, 1.08092, -134.651, 0.981195, 58.4346
2069, 34.48333, 2.14997, -73.1353, 39.8073, 136.088, 36.1258, -31.5559, 0.0471357, 19.4646, 1.08159, -134.703, 0.981906, 58.4355
2070, 34.49167, 2.15616, -73.3481, 39.8207, 136.036, 36.1413, -31.5562, 0.0472918, 19.2366, 1.08226, -134.755, 0.982621, 58.4364
2070, 34.50000, 2.16237, -73.5612, 39.8341, 135.985, 36.1569, -31.5565, 0.0474486, 19.0084, 1.08292, -134.808, 0.983338, 58.4373
2071, 34.50833, 2.1686, -73.7746, 39.8475, 135.933, 36.1726, -31.5568, 0.047606, 18.78, 1.08358, -134.861, 0.984059, 58.4381
2071, 34.51667, 2.17485, -73.9884, 39.8609, 135.881, 36.1883, -31.5571, 0.0477642, 18.5514, 1.08425, -134.914, 0.984782, 58.4389
2072, 34.52500, 2.18113, -74.2024, 39.8741, 135.829, 36.2042, -31.5575, 0.047923, 18.3227, 1.08491, -134.968, 0.985509, 58.4397
2072, 34.53333, 2.18743, -74.4167, 39.8874, 135.776, 36.2202, -31.5579, 0.0480824, 18.0937, 1.08557, -135.022, 0.986239, 58.4405
2072, 34.54167, 2.19375, -74.6314, 39.9006, 135.724, 36.2362, -31.5583, 0.0482426, 17.8645, 1.08623, -135.076, 0.986973, 58.4413
2073, 34.55000, 2.2001, -74.8464, 39.9137, 135.671, 36.2524, -31.5587, 0.0484034, 17.6351, 1.08689, -135.13, 0.987709, 58.442
2074, 34.55833, 2.20646, -75.0617, 39.9268, 135.617, 36.2687, -31.5592, 0.0485649, 17.4055, 1.08755, -135.184, 0.988449, 58.4427
2074, 34.56667, 2.21286, -75.2773, 39.9399, 135.564, 36.285, -31.5597, 0.0487271, 17.1757, 1.0882, -135.239, 0.989192, 58.4434
2075, 34.57500, 2.21927, -75.4933, 39.9529, 135.51, 36.3015, -31.5602, 0.0488899, 16.9457, 1.08886, -135.294, 0.989939, 58.444
2075, 34.58333, 2.22571, -75.7095, 39.9659, 135.457, 36.3181, -31.5607, 0.0490535, 16.7155, 1.08951, -135.349, 0.990689, 58.4446
2076, 34.59167, 2.23217, -75.9261, 39.9788, 135.403, 36.3348, -31.5613, 0.0492177, 16.485, 1.09016, -135.404, 0.991442, 58.4452
2076, 34.60000, 2.23865, -76.1431, 39.9916, 135.348, 36.3516, -31.5619, 0.0493826, 16.2543, 1.09081, -135.46, 0.992198, 58.4458
2076, 34.60833, 2.24516, -76.3603, 40.0044, 135.294, 36.3685, -31.5625, 0.0495481, 16.0234, 1.09146, -135.516, 0.992958, 58.4463
2077, 34.61667, 2.25169, -76.5779, 40.0171, 135.239, 36.3855, -31.5632, 0.0497144, 15.7923, 1.09211, -135.572, 0.993722, 58.4468
2078, 34.62500, 2.25824, -76.7958, 40.0298, 135.184, 36.4026, -31.5639, 0.0498813, 15.561, 1.09276, -135.628, 0.994488, 58.4473
2078, 34.63333, 2.26482, -77.0141, 40.0424, 135.129, 36.4198, -31.5646, 0.0500489, 15.3294, 1.0934, -135.685, 0.995258, 58.4478
2079, 34.64167, 2.27141, -77.2327, 40.055, 135.073, 36.4371, -31.5654, 0.0502171, 15.0976, 1.09405, -135.742, 0.996032, 58.4482
2079, 34.65000, 2.27803, -77.4516, 40.0675, 135.018, 36.4546, -31.5662, 0.0503861, 14.8656, 1.09469, -135.799, 0.996809, 58.4485
2080, 34.65833, 2.28468, -77.6709, 40.0799, 134.962, 36.4721, -31.567, 0.0505557, 14.6334, 1.09533, -135.856, 0.99759, 58.4489
2080, 34.66667, 2.29134, -77.8905, 40.0923, 134.905, 36.4898, -31.5679, 0.050726, 14.4009, 1.09597, -135.913, 0.998374, 58.4492
2080, 34.67500, 2.29803, -78.1104, 40.1046, 134.849, 36.5075, -31.5688, 0.050897, 14.1682, 1.09661, -135.971, 0.999162, 58.4495
2081, 34.68333, 2.30475, -78.3307, 40.1168, 134.792, 36.5254, -31.5697, 0.0510686, 13.9353, 1.09724, -136.029, 0.999953, 58.4497
2082, 34.69167, 2.31148, -78.5514, 40.129, 134.735, 36.5434, -31.5707, 0.051241, 13.7021, 1.09787, -136.087, 1.00075, 58.4499
2082, 34.70000, 2.31824, -78.7724, 40.1411, 134.678, 36.5615, -31.5717, 0.051414, 13.4687, 1.09851, -136.146, 1.00155, 58.45
2083, 34.70833, 2.32502, -78.9937, 40.1531, 134.621, 36.5797, -31.5728, 0.0515877, 13.2351, 1.09914, -136.205, 1.00235, 58.4501
2083, 34.71667, 2.33182, -79.2154, 40.1651, 134.563, 36.5981, -31.5739, 0.0517621, 13.0012, 1.09976, -136.264, 1.00316, 58.4502
2084, 34.72500, 2.33864, -79.4374, 40.1769, 134.506, 36.6165, -31.575, 0.0519371, 12.7671, 1.10039, -136.323, 1.00397, 58.4502
2084, 34.73333, 2.34549, -79.6598, 40.1887, 134.447, 36.6351, -31.5762, 0.0521128, 12.5328, 1.10102, -136.382, 1.00478, 58.4502
2084, 34.74167, 2.35236, -79.8826, 40.2005, 134.389, 36.6537, -31.5775, 0.0522892, 12.2981, 1.10164, -136.442, 1.0056, 58.4501
2085, 34.75000, 2.35925, -80.1057, 40.2121, 134.331, 36.6725, -31.5788, 0.0524663, 12.0633, 1.10226, -136.502, 1.00642, 58.45
2086, 34.75833, 2.36617, -80.3291, 40.2237, 134.272, 36.6914, -31.5801, 0.052644, 11.8282, 1.10288, -136.562, 1.00724, 58.4499
2086, 34.76667, 2.3731, -80.553, 40.2352, 134.213, 36.7105, -31.5815, 0.0528224, 11.5928, 1.10349, -136.623, 1.00807, 58.4496
2087, 34.77500, 2.38006, -80.7771, 40.2466, 134.153, 36.7296, -31.5829, 0.0530015, 11.3572, 1.10411, -136.683, 1.0089, 58.4494
2087, 34.78333, 2.38704, -81.0017, 40.2579, 134.094, 36.7489, -31.5844, 0.0531812, 11.1214, 1.10472, -136.744, 1.00974, 58.4491
2088, 34.79167, 2.39405, -81.2266, 40.2692, 134.034, 36.7683, -31.5859, 0.0533617, 10.8853, 1.10533, -136.806, 1.01058, 58.4487
2088, 34.80000, 2.40107, -81.4519, 40.2803, 133.974, 36.7878, -31.5875, 0.0535428, 10.6489, 1.10593, -136.867, 1.01142, 58.4483
2088, 34.80833, 2.40812, -81.6775, 40.2914, 133.914, 36.8074, -31.5891, 0.0537245, 10.4123, 1.10654, -136.929, 1.01227, 58.4478
2089, 34.81667, 2.41519, -81.9035, 40.3024, 133.853, 36.8272, -31.5908, 0.053907, 10.1754, 1.10714, -136.991, 1.01312, 58.4473
2090, 34.82500, 2.42228, -82.1299, 40.3132, 133.793, 36.847, -31.5925, 0.0540901, 9.93833, 1.10774, -137.053, 1.01398, 58.4468
2090, 34.83333, 2.42939, -82.3567, 40.324, 133.732, 36.867, -31.5943, 0.0542738, 9.70095, 1.10834, -137.115, 1.01484, 58.4461
2091, 34.84167, 2.43653, -82.5838, 40.3347, 133.67, 36.8872, -31.5961, 0.0544583, 9.46328, 1.10893, -137.178, 1.0157, 58.4454
2091, 34.85000, 2.44368, -82.8113, 40.3453, 133.609, 36.9074, -31.598, 0.0546434, 9.22537, 1.10952, -137.241, 1.01657, 58.4447
2092, 34.85833, 2.45086, -83.0392, 40.3558, 133.547, 36.9278, -31.6, 0.0548291, 8.98721, 1.11011, -137.304, 1.01744, 58.4439
2092, 34.86667, 2.45806, -83.2674, 40.3662, 133.485, 36.9483, -31.602, 0.0550156, 8.74874, 1.1107, -137.368, 1.01832, 58.443
2092, 34.87500, 2.46528, -83.496, 40.3765, 133.423, 36.9689, -31.6041, 0.0552026, 8.51004, 1.11128, -137.431, 1.0192, 58.442
2093, 34.88333, 2.47252, -83.7251, 40.3867, 133.361, 36.9896, -31.6063, 0.0553904, 8.27107, 1.11186, -137.495, 1.02008, 58.441
2094, 34.89167, 2.47979, -83.9545, 40.3968, 133.298, 37.0105, -31.6085, 0.0555788, 8.03181, 1.11244, -137.559, 1.02097, 58.44
2094, 34.90000, 2.48707, -84.1842, 40.4068, 133.235, 37.0315, -31.6108, 0.0557678, 7.79229, 1.11302, -137.624, 1.02186, 58.4388
2095, 34.90833, 2.49438, -84.4144, 40.4167, 133.172, 37.0527, -31.6131, 0.0559575, 7.55251, 1.11359, -137.688, 1.02276, 58.4376
2095, 34.91667, 2.5017, -84.6449, 40.4265, 133.109, 37.0739, -31.6155, 0.0561479, 7.31243, 1.11416, -137.753, 1.02366, 58.4364
2096, 34.92500, 2.50905, -84.8758, 40.4362, 133.045, 37.0953, -31.618, 0.0563389, 7.07209, 1.11473, -137.819, 1.02457, 58.435
2096, 34.93333, 2.51642, -85.1071, 40.4457, 132.981, 37.1169, -31.6206, 0.0565305, 6.83149, 1.11529, -137.884, 1.02548, 58.4336
2096, 34.94167, 2.5238, -85.3388, 40.4552, 132.917, 37.1385, -31.6232, 0.0567228, 6.59057, 1.11585, -137.95, 1.02639, 58.4321
2097, 34.95000, 2.53121, -85.5709, 40.4645, 132.853, 37.1603, -31.6259, 0.0569157, 6.34941, 1.11641, -138.016, 1.02731, 58.4305
2098, 34.95833, 2.53864, -85.8034, 40.4737, 132.788, 37.1823, -31.6286, 0.0571093, 6.10796, 1.11696, -138.082, 1.02823, 58.4289
2098, 34.96667, 2.54609, -86.0363, 40.4828, 132.723, 37.2043, -31.6315, 0.0573035, 5.86621, 1.11751, -138.148, 1.02916, 58.4272
2099, 34.97500, 2.55356, -86.2695, 40.4918, 132.658, 37.2265, -31.6344, 0.0574984, 5.6242, 1.11806, -138.215, 1.03009, 58.4253
2099, 34.98333, 2.56105, -86.5031, 40.5006, 132.593, 37.2489, -31.6374, 0.0576939, 5.38191, 1.11861, -138.282, 1.03103, 58.4235
2100, 34.99167, 2.56856, -86.7372, 40.5094, 132.527, 37.2713, -31.6405, 0.05789, 5.13931, 1.11915, -138.349, 1.03197, 58.4215
2100, 35.00000, 2.57609, -86.9716, 40.518, 132.461, 37.2939, -31.6436, 0.0580868, 4.89645, 1.11968, -138.416, 1.03291, 58.4194
2100, 35.00833, 2.58364, -87.2065, 40.5264, 132.395, 37.3167, -31.6469, 0.0582842, 4.6533, 1.12022, -138.484, 1.03386, 58.4173
2101, 35.01667, 2.59121, -87.4417, 40.5348, 132.329, 37.3396, -31.6502, 0.0584822, 4.40984, 1.12075, -138.552, 1.03481, 58.4151
2102, 35.02500, 2.5988, -87.6773, 40.543, 132.262, 37.3626, -31.6536, 0.0586808, 4.16611, 1.12128, -138.62, 1.03577, 58.4128
2102, 35.03333, 2.6064, -87.9133, 40.5511, 132.195, 37.3857, -31.6571, 0.0588801, 3.9221, 1.1218, -138.688, 1.03673, 58.4104
2103, 35.04167, 2.61403, -88.1498, 40.559, 132.128, 37.409, -31.6606, 0.0590799, 3.67777, 1.12232, -138.757, 1.0377, 58.4079
2103, 35.05000, 2.62168, -88.3866, 40.5669, 132.061, 37.4325, -31.6643, 0.0592804, 3.43317, 1.12283, -138.826, 1.03867, 58.4053
2104, 35.05833, 2.62934, -88.6238, 40.5745, 131.994, 37.456, -31.6681, 0.0594815, 3.18828, 1.12334, -138.895, 1.03965, 58.4026
2104, 35.06667, 2.63703, -88.8615, 40.5821, 131.926, 37.4798, -31.6719, 0.0596832, 2.94307, 1.12385, -138.965, 1.04063, 58.3998
2104, 35.07500, 2.64473, -89.0995, 40.5895, 131.858, 37.5036, -31.6759, 0.0598855, 2.6976, 1.12436, -139.034, 1.04162, 58.3969
2105, 35.08333, 2.65245, -89.3379, 40.5967, 131.79, 37.5276, -31.6799, 0.0600885, 2.45183, 1.12486, -139.104, 1.04261, 58.3939
2106, 35.09167, 2.66019, -89.5768, 40.6038, 131.721, 37.5518, -31.684, 0.060292, 2.20573, 1.12535, -139.174, 1.0436, 58.3909
2106, 35.10000, 2.66794, -89.816, 40.6108, 131.652, 37.5761, -31.6883, 0.0604961, 1.95936, 1.12584, -139.244, 1.0446, 58.3877
2107, 35.10833, 2.67572, -90.0557, 40.6176, 131.583, 37.6005, -31.6926, 0.0607008, 1.7127, 1.12633, -139.315, 1.04561, 58.3844
2107, 35.11667, 2.68351, -90.2958, 40.6243, 131.514, 37.6251, -31.697, 0.0609061, 1.46571, 1.12681, -139.386, 1.04662, 58.381
2108, 35.12500, 2.69132, -90.5362, 40.6308, 131.445, 37.6498, -31.7015, 0.061112, 1.21845, 1.12729, -139.457, 1.04763, 58.3775
2108, 35.13333, 2.69915, -90.7771, 40.6371, 131.375, 37.6747, -31.7062, 0.0613184, 0.970895, 1.12777, -139.528, 1.04865, 58.3739
2108, 35.14167, 2.70699, -91.0184, 40.6433, 131.305, 37.6997, -31.7109, 0.0615255, 0.723005, 1.12824, -139.6, 1.04967, 58.3702
2109, 35.15000, 2.71485, -91.2601, 40.6494, 131.235, 37.7249, -31.7158, 0.0617331, 0.474845, 1.1287, -139.672, 1.0507, 58.3663
2110, 35.15833, 2.72273, -91.5022, 40.6552, 131.165, 37.7502, -31.7207, 0.0619413, 0.226382, 1.12916, -139.744, 1.05173, 58.3624
2110, 35.16667, 2.73063, -91.7447, 40.661, 131.094, 37.7757, -31.7258, 0.06215, -0.0224126, 1.12962, -139.816, 1.05277, 58.3583
2111, 35.17500, 2.73854, -91.9876, 40.6665, 131.023, 37.8013, -31.731, 0.0623593, -0.27148, 1.13007, -139.889, 1.05382, 58.3541
2111, 35.18333, 2.74647, -92.231, 40.6719, 130.952, 37.827, -31.7363, 0.0625692, -0.520852, 1.13052, -139.961, 1.05486, 58.3498
2112, 35.19167, 2.75441, -92.4747, 40.6771, 130.881, 37.853, -31.7417, 0.0627796, -0.770557, 1.13096, -140.034, 1.05592, 58.3454
2112, 35.20000, 2.76237, -92.7189, 40.6822, 130.81, 37.879, -31.7472, 0.0629906, -1.02054, 1.1314, -140.108, 1.05698, 58.3408
2112, 35.20833, 2.77035, -92.9634, 40.6871, 130.738, 37.9052, -31.7528, 0.0632021, -1.27082, 1.13183, -140.181, 1.05804, 58.3361
2113, 35.21667, 2.77834, -93.2085, 40.6918, 130.666, 37.9316, -31.7586, 0.0634142, -1.52144, 1.13226, -140.255, 1.05911, 58.3313
2114, 35.22500, 2.78635, -93.4538, 40.6963, 130.594, 37.9581, -31.7645, 0.0636268, -1.77233, 1.13268, -140.329, 1.06018, 58.3264
2114, 35.23333, 2.79437, -93.6996, 40.7007, 130.521, 37.9848, -31.7705, 0.0638399, -2.02354, 1.1331, -140.403, 1.06126, 58.3213
2115, 35.24167, 2.80241, -93.9459, 40.7049, 130.449, 38.0116, -31.7766, 0.0640536, -2.27507, 1.13351, -140.477, 1.06234, 58.3161
2115, 35.25000, 2.81046, -94.1925, 40.7089, 130.376, 38.0386, -31.7829, 0.0642678, -2.52689, 1.13392, -140.552, 1.06343, 58.3108
2116, 35.25833, 2.81853, -94.4395, 40.7127, 130.303, 38.0657, -31.7892, 0.0644825, -2.77901, 1.13432, -140.627, 1.06452, 58.3053
2116, 35.26667, 2.82661, -94.687, 40.7164, 130.229, 38.093, -31.7958, 0.0646977, -3.03146, 1.13472, -140.702, 1.06562, 58.2997
2116, 35.27500, 2.8347, -94.9349, 40.7198, 130.156, 38.1204, -31.8024, 0.0649134, -3.2842, 1.13511, -140.777, 1.06672, 58.2939
2117, 35.28333, 2.84281, -95.1832, 40.7231, 130.082, 38.148, -31.8092, 0.0651296, -3.53724, 1.1355, -140.852, 1.06783, 58.2881
2118, 35.29167, 2.85093, -95.4319, 40.7261, 130.008, 38.1758, -31.8161, 0.0653464, -3.79062, 1.13588, -140.928, 1.06895, 58.282
2118, 35.30000, 2.85907, -95.681, 40.729, 129.934, 38.2037, -31.8232, 0.0655636, -4.04427, 1.13625, -141.004, 1.07007, 58.2758
2119, 35.30833, 2.86722, -95.9305, 40.7317, 129.86, 38.2318, -31.8304, 0.0657812, -4.29823, 1.13662, -141.08, 1.07119, 58.2695
2119, 35.31667, 2.87538, -96.1805, 40.7342, 129.785, 38.26, -31.8377, 0.0659994, -4.55253, 1.13699, -141.157, 1.07232, 58.263
2120, 35.32500, 2.88355, -96.4308, 40.7365, 129.71, 38.2884, -31.8452, 0.0662181, -4.80711, 1.13735, -141.233, 1.07345, 58.2564
2120, 35.33333, 2.89174, -96.6815, 40.7386, 129.635, 38.3169, -31.8528, 0.0664372, -5.06199, 1.1377, -141.31, 1.07459, 58.2496
2120, 35.34167, 2.89994, -96.9327, 40.7405, 129.56, 38.3456, -31.8606, 0.0666568, -5.31721, 1.13805, -141.387, 1.07574, 58.2426
2121, 35.35000, 2.90815, -97.1843, 40.7422, 129.484, 38.3745, -31.8685, 0.0668768, -5.57271, 1.13839, -141.464, 1.07689, 58.2355
2122, 35.35833, 2.91637, -97.4363, 40.7437, 129.409, 38.4035, -31.8765, 0.0670973, -5.82851, 1.13872, -141.542, 1.07805, 58.2283
2122, 35.36667, 2.9246, -97.6887, 40.745, 129.333, 38.4327, -31.8848, 0.0673183, -6.08465, 1.13905, -141.62, 1.07921, 58.2208
2123, 35.37500, 2.93284, -97.9415, 40.7461, 129.257, 38.462, -31.8931, 0.0675396, -6.34107, 1.13937, -141.697, 1.08037, 58.2132
2123, 35.38333, 2.9411, -98.1948, 40.7469, 129.181, 38.4915, -31.9017, 0.0677614, -6.59779, 1.13969, -141.776, 1.08154, 58.2055
2124, 35.39167, 2.94936, -98.4484, 40.7476, 129.104, 38.5211, -31.9104, 0.0679837, -6.85484, 1.14, -141.854, 1.08272, 58.1975
2124, 35.40000, 2.95764, -98.7025, 40.748, 129.028, 38.5509, -31.9192, 0.0682063, -7.11217, 1.14031, -141.932, 1.0839, 58.1894
2124, 35.40833, 2.96592, -98.9569, 40.7482, 128.951, 38.5809, -31.9282, 0.0684294, -7.3698, 1.14061, -142.011, 1.08509, 58.1812
2125, 35.41667, 2.97422, -99.2118, 40.7483, 128.874, 38.6111, -31.9374, 0.0686529, -7.62777, 1.1409, -142.09, 1.08629, 58.1727
2126, 35.42500, 2.98252, -99.467, 40.748, 128.796, 38.6414, -31.9467, 0.0688768, -7.88601, 1.14118, -142.169, 1.08748, 58.1641
2126, 35.43333, 2.99084, -99.7227, 40.7476, 128.719, 38.6718, -31.9562, 0.0691011, -8.14455, 1.14146, -142.248, 1.08869, 58.1553
2127, 35.44167, 2.99916, -99.9788, 40.747, 128.641, 38.7025, -31.9659, 0.0693257, -8.40342, 1.14174, -142.328, 1.0899, 58.1463
2127, 35.45000, 3.00749, -100.235, 40.7461, 128.564, 38.7332, -31.9757, 0.0695508, -8.66257, 1.142, -142.407, 1.09111, 58.1372
2128, 35.45833, 3.01583, -100.492, 40.745, 128.486, 38.7642, -31.9858, 0.0697762, -8.92201, 1.14226, -142.487, 1.09233, 58.1278
2128, 35.46667, 3.02418, -100.749, 40.7436, 128.407, 38.7953, -31.9959, 0.070002, -9.18179, 1.14252, -142.567, 1.09356, 58.1183
2128, 35.47500, 3.03253, -101.007, 40.7421, 128.329, 38.8266, -32.0063, 0.0702281, -9.44183, 1.14276, -142.648, 1.09479, 58.1085
2129, 35.48333, 3.04089, -101.265, 40.7403, 128.251, 38.858, -32.0169, 0.0704546, -9.70217, 1.143, -142.728, 1.09603, 58.0986
2130, 35.49167, 3.04926, -101.524, 40.7382, 128.172, 38.8896, -32.0276, 0.0706815, -9.96283, 1.14323, -142.809, 1.09727, 58.0885
2130, 35.50000, 3.05764, -101.783, 40.736, 128.093, 38.9214, -32.0385, 0.0709086, -10.2238, 1.14346, -142.889, 1.09851, 58.0782
2131, 35.50833, 3.06602, -102.042, 40.7335, 128.014, 38.9533, -32.0496, 0.0711361, -10.485, 1.14368, -142.97, 1.09977, 58.0677
2131, 35.51667, 3.07441, -102.302, 40.7307, 127.935, 38.9854, -32.0609, 0.071364, -10.7465, 1.14389, -143.051, 1.10103, 58.057
2132, 35.52500, 3.0828, -102.562, 40.7278, 127.855, 39.0177, -32.0723, 0.0715921, -11.0083, 1.14409, -143.133, 1.10229, 58.0461
2132, 35.53333, 3.0912, -102.822, 40.7245, 127.776, 39.0501, -32.084, 0.0718205, -11.2704, 1.14429, -143.214, 1.10356, 58.035
2133, 35.54167, 3.0996, -103.083, 40.7211, 127.696, 39.0827, -32.0959, 0.0720493, -11.5329, 1.14448, -143.296, 1.10484, 58.0237
2133, 35.55000, 3.10801, -103.344, 40.7174, 127.616, 39.1154, -32.1079, 0.0722783, -11.7956, 1.14467, -143.378, 1.10612, 58.0121
2134, 35.55833, 3.11642, -103.606, 40.7134, 127.536, 39.1483, -32.1201, 0.0725076, -12.0585, 1.14484, -143.46, 1.1074, 58.0004
2134, 35.56667, 3.12484, -103.868, 40.7092, 127.456, 39.1814, -32.1326, 0.0727372, -12.3218, 1.14501, -143.542, 1.10869, 57.9885
2135, 35.57500, 3.13326, -104.13, 40.7048, 127.376, 39.2147, -32.1452, 0.0729671, -12.5853, 1.14517, -143.624, 1.10999, 57.9763
2135, 35.58333, 3.14168, -104.393, 40.7001, 127.295, 39.2481, -32.1581, 0.0731972, -12.8492, 1.14533, -143.706, 1.11129, 57.9639
2136, 35.59167, 3.15011, -104.656, 40.6951, 127.215, 39.2816, -32.1711, 0.0734276, -13.1133, 1.14547, -143.789, 1.1126, 57.9513
2136, 35.60000, 3.15854, -104.92, 40.6899, 127.134, 39.3154, -32.1844, 0.0736581, -13.3777, 1.14561, -143.872, 1.11392, 57.9385
2137, 35.60833, 3.16697, -105.184, 40.6844, 127.053, 39.3493, -32.1978, 0.073889, -13.6423, 1.14574, -143.955, 1.11524, 57.9255
2137, 35.61667, 3.17541, -105.448, 40.6787, 126.972, 39.3834, -32.2115, 0.0741201, -13.9073, 1.14587, -144.038, 1.11656, 57.9122
2138, 35.62500, 3.18384, -105.713, 40.6727, 126.891, 39.4176, -32.2254, 0.0743513, -14.1725, 1.14598, -144.121, 1.11789, 57.8987
2138, 35.63333, 3.19228, -105.978, 40.6665, 126.809, 39.452, -32.2395, 0.0745828, -14.438, 1.14609, -144.204, 1.11923, 57.885
2139, 35.64167, 3.20071, -106.243, 40.66, 126.728, 39.4865, -32.2538, 0.0748145, -14.7038, 1.14619, -144.287, 1.12057, 57.871
2139, 35.65000, 3.20915, -106.509, 40.6532, 126.646, 39.5213, -32.2683, 0.0750464, -14.9698, 1.14628, -144.371, 1.12192, 57.8568
2140, 35.65833, 3.21759, -106.775, 40.6461, 126.564, 39.5562, -32.2831, 0.0752784, -15.2361, 1.14637, -144.455, 1.12327, 57.8424
2140, 35.66667, 3.22603, -107.042, 40.6388, 126.483, 39.5912, -32.2981, 0.0755106, -15.5027, 1.14645, -144.539, 1.12463, 57.8278
2141, 35.67500, 3.23446, -107.309, 40.6313, 126.401, 39.6264, -32.3133, 0.075743, -15.7695, 1.14652, -144.622, 1.12599, 57.8129
2141, 35.68333, 3.2429, -107.576, 40.6235, 126.319, 39.6618, -32.3287, 0.0759755, -16.0366, 1.14658, -144.707, 1.12736, 57.7977
2142, 35.69167, 3.25134, -107.844, 40.6153, 126.236, 39.6974, -32.3443, 0.0762082, -16.3039, 1.14663, -144.791, 1.12874, 57.7823
2142, 35.70000, 3.25977, -108.112, 40.607, 126.154, 39.7331, -32.3602, 0.076441, -16.5715, 1.14667, -144.875, 1.13012, 57.7667
2143, 35.70833, 3.2682, -108.38, 40.5983, 126.072, 39.7689, -32.3763, 0.076674, -16.8394, 1.14671, -144.959, 1.1315, 57.7508
2143, 35.71667, 3.27663, -108.649, 40.5894, 125.989, 39.805, -32.3927, 0.076907, -17.1075, 1.14674, -145.044, 1.1329, 57.7347
2144, 35.72500, 3.28505, -108.918, 40.5802, 125.906, 39.8412, -32.4093, 0.0771402, -17.3759, 1.14676, -145.128, 1.13429, 57.7183
2144, 35.73333, 3.29348, -109.187, 40.5707, 125.824, 39.8775, -32.4261, 0.0773734, -17.6445, 1.14677, -145.213, 1.1357, 57.7017
2145, 35.74167, 3.3019, -109.457, 40.561, 125.741, 39.9141, -32.4431, 0.0776068, -17.9133, 1.14678, -145.298, 1.13711, 57.6848
2145, 35.75000, 3.31031, -109.727, 40.551, 125.658, 39.9508, -32.4604, 0.0778402, -18.1824, 1.14677, -145.383, 1.13852, 57.6676
2146, 35.75833, 3.31872, -109.998, 40.5407, 125.575, 39.9876, -32.478, 0.0780737, -18.4518, 1.14676, -145.468, 1.13994, 57.6502
2146, 35.76667, 3.32713, -110.268, 40.5301, 125.492, 40.0246, -32.4958, 0.0783073, -18.7213, 1.14674, -145.553, 1.14136, 57.6326
2147, 35.77500, 3.33553, -110.539, 40.5192, 125.409, 40.0618, -32.5138, 0.0785409, -18.9911, 1.14671, -145.638, 1.14279, 57.6146
2147, 35.78333, 3.34392, -110.811, 40.5081, 125.326, 40.0991, -32.5321, 0.0787745, -19.2612, 1.14667, -145.723, 1.14423, 57.5964
2148, 35.79167, 3.35231, -111.083, 40.4967, 125.242, 40.1366, -32.5506, 0.0790082, -19.5315, 1.14662, -145.809, 1.14567, 57.5779
2148, 35.80000, 3.3607, -111.355, 40.485, 125.159, 40.1743, -32.5694, 0.0792419, -19.8019, 1.14657, -145.894, 1.14712, 57.5592
2149, 35.80833, 3.36907, -111.627, 40.473, 125.076, 40.2121, -32.5884, 0.0794755, -20.0727, 1.14651, -145.979, 1.14857, 57.5402
2149, 35.81667, 3.37744, -111.9, 40.4607, 124.992, 40.2501, -32.6077, 0.0797093, -20.3436, 1.14643, -146.065, 1.15003, 57.5209
2150, 35.82500, 3.3858, -112.173, 40.4482, 124.909, 40.2882, -32.6272, 0.0799429, -20.6148, 1.14635, -146.15, 1.15149, 57.5014
2150, 35.83333, 3.39416, -112.446, 40.4353, 124.825, 40.3265, -32.6471, 0.0801766, -20.8861, 1.14626, -146.236, 1.15296, 57.4815
2151, 35.84167, 3.4025, -112.72, 40.4222, 124.741, 40.365, -32.6671, 0.0804102, -21.1577, 1.14617, -146.322, 1.15444, 57.4614
2151, 35.85000, 3.41084, -112.994, 40.4088, 124.658, 40.4036, -32.6875, 0.0806438, -21.4295, 1.14606, -146.407, 1.15592, 57.441
2152, 35.85833, 3.41917, -113.268, 40.3951, 124.574, 40.4423, -32.708, 0.0808774, -21.7015, 1.14594, -146.493, 1.1574, 57.4203
2152, 35.86667, 3.42749, -113.543, 40.3811, 124.49, 40.4813, -32.7289, 0.0811109, -21.9737, 1.14582, -146.579, 1.15889, 57.3993
2153, 35.87500, 3.43579, -113.818, 40.3668, 124.406, 40.5203, -32.75, 0.0813443, -22.2461, 1.14569, -146.665, 1.16039, 57.3781
2153, 35.88333, 3.44409, -114.093, 40.3522, 124.322, 40.5596, -32.7714, 0.0815776, -22.5186, 1.14554, -146.751, 1.16189, 57.3566
2154, 35.89167, 3.45238, -114.368, 40.3373, 124.238, 40.599, -32.7931, 0.0818109, -22.7914, 1.14539, -146.837, 1.1634, 57.3347
2154, 35.90000, 3.46066, -114.644, 40.3222, 124.154, 40.6385, -32.8151, 0.082044, -23.0644, 1.14523, -146.923, 1.16491, 57.3126
2155, 35.90833, 3.46892, -114.92, 40.3067, 124.071, 40.6782, -32.8373, 0.082277, -23.3375, 1.14507, -147.009, 1.16643, 57.2902
2155, 35.91667, 3.47717, -115.196, 40.291, 123.987, 40.7181, -32.8598, 0.0825099, -23.6109, 1.14489, -147.094, 1.16795, 57.2675
2156, 35.92500, 3.48542, -115.473, 40.275, 123.903, 40.7581, -32.8825, 0.0827427, -23.8844, 1.1447, -147.18, 1.16948, 57.2445
2156, 35.93333, 3.49364, -115.75, 40.2587, 123.819, 40.7982, -32.9056, 0.0829753, -24.1581, 1.14451, -147.266, 1.17101, 57.2211
2157, 35.94167, 3.50186, -116.027, 40.2421, 123.735, 40.8386, -32.9289, 0.0832078, -24.4319, 1.1443, -147.352, 1.17255, 57.1975
2157, 35.95000, 3.51006, -116.304, 40.2252, 123.651, 40.879, -32.9525, 0.0834401, -24.706, 1.14409, -147.438, 1.1741, 57.1736
2158, 35.95833, 3.51825, -116.582, 40.208, 123.567, 40.9196, -32.9764, 0.0836723, -24.9801, 1.14387, -147.524, 1.17565, 57.1494
2158, 35.96667, 3.52642, -116.86, 40.1905, 123.483, 40.9604, -33.0006, 0.0839043, -25.2545, 1.14364, -147.61, 1.1772, 57.1249
2159, 35.97500, 3.53458, -117.138, 40.1727, 123.399, 41.0013, -33.0251, 0.084136, -25.529, 1.1434, -147.696, 1.17876, 57.1001
2159, 35.98333, 3.54272, -117.416, 40.1546, 123.315, 41.0424, -33.0499, 0.0843676, -25.8036, 1.14315, -147.782, 1.18033, 57.0749
2160, 35.99167, 3.55085, -117.695, 40.1363, 123.231, 41.0836, -33.0749, 0.084599, -26.0784, 1.14289, -147.868, 1.1819, 57.0495
2160, 36.00000, 3.55897, -117.974, 40.1176, 123.147, 41.125, -33.1003, 0.0848301, -26.3534, 1.14263, -147.954, 1.18347, 57.0237
2161, 36.00833, 3.56706, -118.253, 40.0987, 123.063, 41.1665, -33.1259, 0.085061, -26.6284, 1.14235, -148.04, 1.18505, 56.9977
2161, 36.01667, 3.57514, -118.532, 40.0795, 122.979, 41.2081, -33.1518, 0.0852916, -26.9037, 1.14207, -148.126, 1.18664, 56.9713
2162, 36.02500, 3.5832, -118.812, 40.06, 122.896, 41.2499, -33.1781, 0.085522, -27.179, 1.14178, -148.212, 1.18823, 56.9446
2162, 36.03333, 3.59125, -119.091, 40.0401, 122.812, 41.2919, -33.2046, 0.0857521, -27.4545, 1.14147, -148.297, 1.18983, 56.9176
2163, 36.04167, 3.59928, -119.371, 40.0201, 122.728, 41.334, -33.2314, 0.085982, -27.7301, 1.14116, -148.383, 1.19143, 56.8902
2163, 36.05000, 3.60729, -119.652, 39.9997, 122.645, 41.3762, -33.2585, 0.0862116, -28.0058, 1.14084, -148.469, 1.19303, 56.8626
2164, 36.05833, 3.61528, -119.932, 39.979, 122.561, 41.4186, -33.286, 0.0864408, -28.2816, 1.14051, -148.554, 1.19464, 56.8346
2164, 36.06667, 3.62325, -120.213, 39.958, 122.478, 41.4611, -33.3137, 0.0866698, -28.5576, 1.14018, -148.64, 1.19626, 56.8063
2165, 36.07500, 3.63121, -120.494, 39.9368, 122.394, 41.5037, -33.3417, 0.0868985, -28.8336, 1.13983, -148.725, 1.19788, 56.7777
2165, 36.08333, 3.63914, -120.775, 39.9152, 122.311, 41.5465, -33.37, 0.0871268, -29.1097, 1.13947, -148.81, 1.19951, 56.7487
2166, 36.09167, 3.64705, -121.056, 39.8934, 122.227, 41.5895, -33.3987, 0.0873548, -29.386, 1.13911, -148.896, 1.20114, 56.7194
2166, 36.10000, 3.65495, -121.337, 39.8713, 122.144, 41.6325, -33.4276, 0.0875825, -29.6623, 1.13873, -148.981, 1.20277, 56.6898
2167, 36.10833, 3.66282, -121.619, 39.8489, 122.061, 41.6757, -33.4569, 0.0878098, -29.9387, 1.13835, -149.066, 1.20441, 56.6599
2167, 36.11667, 3.67067, -121.901, 39.8262, 121.978, 41.7191, -33.4865, 0.0880367, -30.2153, 1.13796, -149.151, 1.20606, 56.6296
2168, 36.12500, 3.6785, -122.183, 39.8032, 121.895, 41.7626, -33.5164, 0.0882633, -30.4918, 1.13756, -149.236, 1.20771, 56.599
2168, 36.13333, 3.68631, -122.465, 39.78, 121.812, 41.8062, -33.5465, 0.0884894, -30.7685, 1.13715, -149.321, 1.20937, 56.5681
2169, 36.14167, 3.69409, -122.747, 39.7565, 121.729, 41.8499, -33.5771, 0.0887152, -31.0452, 1.13673, -149.406, 1.21103, 56.5369
2169, 36.15000, 3.70186, -123.03, 39.7327, 121.647, 41.8938, -33.6079, 0.0889406, -31.322, 1.13631, -149.49, 1.21269, 56.5053
2170, 36.15833, 3.7096, -123.312, 39.7086, 121.564, 41.9378, -33.639, 0.0891656, -31.5988, 1.13587, -149.575, 1.21436, 56.4733
2170, 36.16667, 3.71731, -123.595, 39.6842, 121.482, 41.982, -33.6705, 0.0893901, -31.8758, 1.13543, -149.659, 1.21603, 56.4411
2171, 36.17500, 3.72501, -123.878, 39.6596, 121.399, 42.0263, -33.7022, 0.0896142, -32.1527, 1.13498, -149.743, 1.21771, 56.4085
2171, 36.18333, 3.73268, -124.161, 39.6347, 121.317, 42.0707, -33.7343, 0.0898379, -32.4297, 1.13452, -149.828, 1.2194, 56.3755
2172, 36.19167, 3.74032, -124.444, 39.6095, 121.235, 42.1152, -33.7667, 0.0900612, -32.7068, 1.13405, -149.912, 1.22108, 56.3422
2172, 36.20000, 3.74794, -124.727, 39.584, 121.153, 42.1599, -33.7995, 0.0902839, -32.9838, 1.13357, -149.995, 1.22278, 56.3086
2173, 36.20833, 3.75554, -125.011, 39.5583, 121.071, 42.2047, -33.8325, 0.0905062, -33.2609, 1.13308, -150.079, 1.22447, 56.2746
2173, 36.21667, 3.76311, -125.294, 39.5323, 120.99, 42.2496, -33.8659, 0.0907281, -33.5381, 1.13259, -150.163, 1.22618, 56.2403
2174, 36.22500, 3.77066, -125.578, 39.506, 120.908, 42.2946, -33.8996, 0.0909494, -33.8153, 1.13208, -150.246, 1.22788, 56.2057
2174, 36.23333, 3.77818, -125.862, 39.4794, 120.827, 42.3398, -33.9336, 0.0911702, -34.0924, 1.13157, -150.33, 1.22959, 56.1707
2175, 36.24167, 3.78567, -126.146, 39.4526, 120.745, 42.3851, -33.968, 0.0913906, -34.3696, 1.13105, -150.413, 1.23131, 56.1353
2175, 36.25000, 3.79314, -126.43, 39.4256, 120.664, 42.4305, -34.0026, 0.0916104, -34.6468, 1.13052, -150.496, 1.23303, 56.0997
2176, 36.25833, 3.80058, -126.714, 39.3982, 120.583, 42.476, -34.0376, 0.0918297, -34.924, 1.12998, -150.578, 1.23475, 56.0636
2176, 36.26667, 3.80799, -126.998, 39.3706, 120.503, 42.5217, -34.0729, 0.0920485, -35.2012, 1.12944, -150.661, 1.23648, 56.0272
2177, 36.27500, 3.81538, -127.283, 39.3428, 120.422, 42.5674, -34.1086, 0.0922668, -35.4784, 1.12888, -150.743, 1.23821, 55.9905
2177, 36.28333, 3.82273, -127.567, 39.3147, 120.342, 42.6133, -34.1446, 0.0924845, -35.7556, 1.12832, -150.826, 1.23995, 55.9534
2178, 36.29167, 3.83006, -127.851, 39.2863, 120.262, 42.6593, -34.1809, 0.0927016, -36.0327, 1.12775, -150.908, 1.24169, 55.916
2178, 36.30000, 3.83737, -128.136, 39.2577, 120.182, 42.7055, -34.2175, 0.0929182, -36.3099, 1.12717, -150.99, 1.24344, 55.8782
2179, 36.30833, 3.84464, -128.42, 39.2289, 120.102, 42.7517, -34.2545, 0.0931342, -36.587, 1.12658, -151.071, 1.24519, 55.8401
2179, 36.31667, 3.85188, -128.705, 39.1997, 120.022, 42.7981, -34.2918, 0.0933497, -36.8641, 1.12599, -151.153, 1.24694, 55.8016
2180, 36.32500, 3.8591, -128.99, 39.1704, 119.943, 42.8445, -34.3295, 0.0935645, -37.1411, 1.12539, -151.234, 1.2487, 55.7628
2180, 36.33333, 3.86628, -129.275, 39.1408, 119.863, 42.8911, -34.3674, 0.0937788, -37.4181, 1.12478, -151.315, 1.25046, 55.7236
2181, 36.34167, 3.87344, -129.559, 39.1109, 119.784, 42.9378, -34.4057, 0.0939924, -37.695, 1.12416, -151.396, 1.25223, 55.6841
2181, 36.35000, 3.88057, -129.844, 39.0808, 119.705, 42.9846, -34.4444, 0.0942055, -37.9719, 1.12353, -151.476, 1.254, 55.6442
2182, 36.35833, 3.88766, -130.129, 39.0505, 119.627, 43.0315, -34.4833, 0.0944179, -38.2487, 1.1229, -151.557, 1.25577, 55.604
2182, 36.36667, 3.89473, -130.414, 39.02, 119.549, 43.0785, -34.5226, 0.0946298, -38.5255, 1.12226, -151.637, 1.25755, 55.5634
2183, 36.37500, 3.90177, -130.699, 38.9892, 119.47, 43.1256, -34.5623, 0.094841, -38.8022, 1.12161, -151.717, 1.25933, 55.5224
2183, 36.38333, 3.90877, -130.984, 38.9582, 119.392, 43.1729, -34.6023, 0.0950515, -39.0788, 1.12095, -151.797, 1.26112, 55.4811
2184, 36.39167, 3.91575, -131.269, 38.9269, 119.315, 43.2202, -34.6426, 0.0952614, -39.3554, 1.12029, -151.876, 1.26291, 55.4395
2184, 36.40000, 3.92269, -131.554, 38.8954, 119.237, 43.2677, -34.6832, 0.0954707, -39.6318, 1.11962, -151.955, 1.2647, 55.3974
2185, 36.40833, 3.9296, -131.839, 38.8637, 119.16, 43.3152, -34.7242, 0.0956793, -39.9082, 1.11894, -152.034, 1.2665, 55.3551
2185, 36.41667, 3.93648, -132.124, 38.8318, 119.083, 43.3629, -34.7655, 0.0958872, -40.1845, 1.11826, -152.113, 1.2683, 55.3124
2186, 36.42500, 3.94333, -132.409, 38.7997, 119.006, 43.4106, -34.8072, 0.0960945, -40.4606, 1.11756, -152.191, 1.27011, 55.2693
2186, 36.43333, 3.95014, -132.694, 38.7673, 118.93, 43.4585, -34.8492, 0.0963011, -40.7367, 1.11686, -152.269, 1.27192, 55.2258
2187, 36.44167, 3.95693, -132.979, 38.7348, 118.854, 43.5064, -34.8915, 0.096507, -41.0127, 1.11616, -152.347, 1.27373, 55.182
2187, 36.45000, 3.96368, -133.264, 38.702, 118.778, 43.5545, -34.9342, 0.0967123, -41.2885, 1.11544, -152.425, 1.27555, 55.1379
2188, 36.45833, 3.97039, -133.549, 38.669, 118.702, 43.6026, -34.9772, 0.0969168, -41.5642, 1.11472, -152.502, 1.27737, 55.0934
2188, 36.46667, 3.97708, -133.834, 38.6358, 118.626, 43.6509, -35.0206, 0.0971207, -41.8398, 1.114, -152.579, 1.27919, 55.0485
2189, 36.47500, 3.98373, -134.119, 38.6024, 118.551, 43.6992, -35.0643, 0.0973238, -42.1153, 1.11326, -152.656, 1.28102, 55.0033
2189, 36.48333, 3.99035, -134.404, 38.5689, 118.476, 43.7476, -35.1083, 0.0975262, -42.3906, 1.11252, -152.733, 1.28285, 54.9577
2189, 36.49167, 3.99694, -134.688, 38.5351, 118.402, 43.7962, -35.1527, 0.097728, -42.6658, 1.11177, -152.809, 1.28469, 54.9118
2190, 36.50000, 4.00349, -134.973, 38.5011, 118.327, 43.8448, -35.1974, 0.097929, -42.9409, 1.11102, -152.885, 1.28653, 54.8655
2191, 36.50833, 4.01001, -135.258, 38.4669, 118.253, 43.8935, -35.2425, 0.0981293, -43.2157, 1.11026, -152.961, 1.28837, 54.8188
2191, 36.51667, 4.01649, -135.542, 38.4326, 118.18, 43.9423, -35.2879, 0.0983288, -43.4905, 1.10949, -153.036, 1.29022, 54.7718
2192, 36.52500, 4.02294, -135.827, 38.3981, 118.106, 43.9912, -35.3336, 0.0985276, -43.7651, 1.10872, -153.111, 1.29207, 54.7244
2192, 36.53333, 4.02936, -136.111, 38.3634, 118.033, 44.0402, -35.3797, 0.0987257, -44.0395, 1.10794, -153.186, 1.29392, 54.6767
2193, 36.54167, 4.03575, -136.396, 38.3285, 117.96, 44.0893, -35.4261, 0.0989231, -44.3137, 1.10716, -153.26, 1.29577, 54.6286
2193, 36.55000, 4.04209, -136.68, 38.2934, 117.887, 44.1385, -35.4729, 0.0991197, -44.5878, 1.10637, -153.334, 1.29763, 54.5802
2193, 36.55833, 4.04841, -136.964, 38.2582, 117.815, 44.1877, -35.52, 0.0993155, -44.8617, 1.10557, -153.408, 1.2995, 54.5313
2194, 36.56667, 4.05469, -137.249, 38.2228, 117.743, 44.2371, -35.5674, 0.0995107, -45.1354, 1.10477, -153.481, 1.30136, 54.4822
2195, 36.57500, 4.06093, -137.533, 38.1872, 117.672, 44.2865, -35.6152, 0.099705, -45.4089, 1.10396, -153.554, 1.30323, 54.4327
2195, 36.58333, 4.06715, -137.817, 38.1515, 117.6, 44.336, -35.6634, 0.0998986, -45.6822, 1.10315, -153.627, 1.30511, 54.3828
2196, 36.59167, 4.07332, -138.1, 38.1156, 117.529, 44.3856, -35.7118, 0.100091, -45.9553, 1.10233, -153.7, 1.30698, 54.3325
2196, 36.60000, 4.07946, -138.384, 38.0796, 117.459, 44.4353, -35.7606, 0.100283, -46.2282, 1.10151, -153.772, 1.30886, 54.2819
2197, 36.60833, 4.08557, -138.668, 38.0434, 117.388, 44.4851, -35.8098, 0.100475, -46.5009, 1.10068, -153.843, 1.31074, 54.231
2197, 36.61667, 4.09164, -138.951, 38.0071, 117.318, 44.5349, -35.8593, 0.100665, -46.7734, 1.09984, -153.915, 1.31263, 54.1797
2197, 36.62500, 4.09768, -139.235, 37.9706, 117.248, 44.5849, -35.9091, 0.100855, -47.0457, 1.099, -153.986, 1.31452, 54.128
2198, 36.63333, 4.10368, -139.518, 37.934, 117.179, 44.6349, -35.9593, 0.101044, -47.3177, 1.09816, -154.057, 1.31641, 54.076
2199, 36.64167, 4.10965, -139.801, 37.8972, 117.11, 44.685, -36.0099, 0.101232, -47.5896, 1.09731, -154.127, 1.31831, 54.0236
2199, 36.65000, 4.11558, -140.084, 37.8604, 117.041, 44.7351, -36.0607, 0.10142, -47.8611, 1.09645, -154.197, 1.32021, 53.9708
2200, 36.65833, 4.12148, -140.367, 37.8233, 116.973, 44.7854, -36.1119, 0.101606, -48.1325, 1.0956, -154.267, 1.32211, 53.9177
2200, 36.66667, 4.12734, -140.65, 37.7862, 116.905, 44.8357, -36.1635, 0.101792, -48.4036, 1.09473, -154.336, 1.32401, 53.8643
2201, 36.67500, 4.13316, -140.932, 37.7489, 116.837, 44.8861, -36.2154, 0.101977, -48.6744, 1.09386, -154.405, 1.32592, 53.8105
2201, 36.68333, 4.13895, -141.215, 37.7116, 116.77, 44.9366, -36.2676, 0.102161, -48.945, 1.09299, -154.473, 1.32783, 53.7563
2201, 36.69167, 4.14471, -141.497, 37.6741, 116.703, 44.9871, -36.3202, 0.102345, -49.2154, 1.09212, -154.542, 1.32974, 53.7017
2202, 36.70000, 4.15043, -141.779, 37.6365, 116.636, 45.0378, -36.3732, 0.102528, -49.4855, 1.09123, -154.609, 1.33166, 53.6469
2203, 36.70833, 4.15611, -142.061, 37.5988, 116.57, 45.0885, -36.4264, 0.102709, -49.7553, 1.09035, -154.677, 1.33358, 53.5916
2203, 36.71667, 4.16177, -142.343, 37.5609, 116.504, 45.1393, -36.48, 0.102891, -50.0249, 1.08946, -154.744, 1.3355, 53.536
2204, 36.72500, 4.16738, -142.625, 37.523, 116.438, 45.1901, -36.534, 0.103071, -50.2942, 1.08857, -154.811, 1.33743, 53.48
2204, 36.73333, 4.17296, -142.906, 37.485, 116.373, 45.241, -36.5883, 0.10325, -50.5632, 1.08767, -154.877, 1.33936, 53.4237
2205, 36.74167, 4.1785, -143.187, 37.4469, 116.308, 45.292, -36.6429, 0.103429, -50.8319, 1.08677, -154.943, 1.34129, 53.3671
2205, 36.75000, 4.18401, -143.468, 37.4087, 116.244, 45.3431, -36.6979, 0.103607, -51.1004, 1.08587, -155.009, 1.34322, 53.31
2205, 36.75833, 4.18949, -143.749, 37.3704, 116.179, 45.3943, -36.7532, 0.103784, -51.3685, 1.08496, -155.074, 1.34516, 53.2526
2206, 36.76667, 4.19493, -144.03, 37.3321, 116.116, 45.4455, -36.8089, 0.103961, -51.6364, 1.08405, -155.139, 1.3471, 53.1949
2207, 36.77500, 4.20033, -144.31, 37.2936, 116.052, 45.4968, -36.8649, 0.104136, -51.9039, 1.08314, -155.203, 1.34905, 53.1368
2207, 36.78333, 4.2057, -144.59, 37.2551, 115.989, 45.5481, -36.9213, 0.104311, -52.1712, 1.08222, -155.267, 1.35099, 53.0784
2208, 36.79167, 4.21104, -144.871, 37.2165, 115.926, 45.5995, -36.978, 0.104485, -52.4382, 1.0813, -155.331, 1.35294, 53.0195
2208, 36.80000, 4.21634, -145.15, 37.1779, 115.864, 45.651, -37.035, 0.104658, -52.7048, 1.08038, -155.394, 1.35489, 52.9604
2209, 36.80833, 4.2216, -145.43, 37.1391, 115.802, 45.7026, -37.0924, 0.10483, -52.9711, 1.07946, -155.457, 1.35685, 52.9009
2209, 36.81667, 4.22683, -145.709, 37.1004, 115.741, 45.7542, -37.1501, 0.105002, -53.2371, 1.07853, -155.519, 1.3588, 52.841
2209, 36.82500, 4.23203, -145.989, 37.0615, 115.679, 45.8059, -37.2082, 0.105173, -53.5028, 1.0776, -155.581, 1.36076, 52.7808
2210, 36.83333, 4.23719, -146.268, 37.0226, 115.619, 45.8577, -37.2666, 0.105343, -53.7682, 1.07667, -155.643, 1.36273, 52.7202
2211, 36.84167, 4.24232, -146.546, 36.9837, 115.558, 45.9095, -37.3253, 0.105512, -54.0332, 1.07573, -155.704, 1.36469, 52.6592
2211, 36.85000, 4.24741, -146.825, 36.9447, 115.498, 45.9614, -37.3844, 0.10568, -54.298, 1.0748, -155.765, 1.36666, 52.5979
2212, 36.85833, 4.25247, -147.103, 36.9057, 115.438, 46.0134, -37.4439, 0.105848, -54.5623, 1.07386, -155.825, 1.36863, 52.5363
2212, 36.86667, 4.2575, -147.381, 36.8667, 115.379, 46.0654, -37.5037, 0.106015, -54.8264, 1.07292, -155.885, 1.3706, 52.4743
2213, 36.87500, 4.26249, -147.659, 36.8276, 115.32, 46.1175, -37.5638, 0.106181, -55.0901, 1.07198, -155.945, 1.37258, 52.4119
2213, 36.88333, 4.26745, -147.936, 36.7885, 115.262, 46.1697, -37.6243, 0.106346, -55.3534, 1.07103, -156.004, 1.37456, 52.3492
2213, 36.89167, 4.27237, -148.214, 36.7493, 115.203, 46.2219, -37.6851, 0.106511, -55.6164, 1.07009, -156.063, 1.37654, 52.2862
2214, 36.90000, 4.27727, -148.491, 36.7101, 115.146, 46.2742, -37.7462, 0.106675, -55.8791, 1.06914, -156.122, 1.37852, 52.2227
2215, 36.90833, 4.28212, -148.768, 36.671, 115.088, 46.3265, -37.8077, 0.106838, -56.1413, 1.06819, -156.18, 1.38051, 52.159
2215, 36.91667, 4.28695, -149.044, 36.6318, 115.031, 46.379, -37.8696, 0.107, -56.4033, 1.06724, -156.237, 1.3825, 52.0948
2216, 36.92500, 4.29174, -149.32, 36.5925, 114.974, 46.4314, -37.9318, 0.107162, -56.6649, 1.06629, -156.294, 1.38449, 52.0304
2216, 36.93333, 4.2965, -149.596, 36.5533, 114.918, 46.484, -37.9943, 0.107322, -56.9261, 1.06534, -156.351, 1.38649, 51.9655
2217, 36.94167, 4.30122, -149.872, 36.5141, 114.862, 46.5366, -38.0572, 0.107482, -57.1869, 1.06438, -156.408, 1.38848, 51.9003
2217, 36.95000, 4.30592, -150.148, 36.4749, 114.807, 46.5893, -38.1204, 0.107642, -57.4474, 1.06343, -156.464, 1.39048, 51.8348
2217, 36.95833, 4.31058, -150.423, 36.4357, 114.751, 46.642, -38.184, 0.1078, -57.7075, 1.06247, -156.519, 1.39249, 51.7689
2218, 36.96667, 4.31521, -150.698, 36.3964, 114.697, 46.6948, -38.2479, 0.107958, -57.9672, 1.06152, -156.575, 1.39449, 51.7026
2219, 36.97500, 4.31981, -150.972, 36.3572, 114.642, 46.7477, -38.3121, 0.108115, -58.2266, 1.06056, -156.629, 1.3965, 51.636
2219, 36.98333, 4.32437, -151.247, 36.3181, 114.588, 46.8006, -38.3767, 0.108271, -58.4855, 1.0596, -156.684, 1.39851, 51.569
2220, 36.99167, 4.32891, -151.521, 36.2789, 114.534, 46.8536, -38.4417, 0.108426, -58.7441, 1.05865, -156.738, 1.40053, 51.5017
2220, 37.00000, 4.33341, -151.795, 36.2397, 114.481, 46.9067, -38.507, 0.108581, -59.0023, 1.05769, -156.791, 1.40254, 51.4341
2221, 37.00833, 4.33788, -152.068, 36.2006, 114.428, 46.9598, -38.5726, 0.108735, -59.2601, 1.05673, -156.844, 1.40456, 51.366
2221, 37.01667, 4.34232, -152.341, 36.1615, 114.376, 47.013, -38.6386, 0.108889, -59.5176, 1.05578, -156.897, 1.40658, 51.2976
2221, 37.02500, 4.34673, -152.614, 36.1225, 114.323, 47.0662, -38.705, 0.109041, -59.7746, 1.05482, -156.95, 1.4086, 51.2289
2222, 37.03333, 4.35111, -152.887, 36.0834, 114.272, 47.1195, -38.7716, 0.109193, -60.0312, 1.05386, -157.002, 1.41063, 51.1598
2223, 37.04167, 4.35546, -153.159, 36.0444, 114.22, 47.1729, -38.8387, 0.109344, -60.2875, 1.05291, -157.053, 1.41266, 51.0903
2223, 37.05000, 4.35978, -153.432, 36.0055, 114.169, 47.2263, -38.9061, 0.109495, -60.5433, 1.05195, -157.104, 1.41469, 51.0205
2224, 37.05833, 4.36407, -153.703, 35.9666, 114.118, 47.2798, -38.9738, 0.109645, -60.7987, 1.05099, -157.155, 1.41673, 50.9504
2224, 37.06667, 4.36832, -153.975, 35.9277, 114.068, 47.3334, -39.0419, 0.109794, -61.0538, 1.05004, -157.206, 1.41876, 50.8798
2225, 37.07500, 4.37255, -154.246, 35.889, 114.018, 47.387, -39.1103, 0.109942, -61.3084, 1.04909, -157.256, 1.4208, 50.8089
2225, 37.08333, 4.37675, -154.517, 35.8502, 113.968, 47.4407, -39.1791, 0.11009, -61.5626, 1.04813, -157.305, 1.42284, 50.7377
2225, 37.09167, 4.38093, -154.787, 35.8115, 113.919, 47.4944, -39.2482, 0.110237, -61.8164, 1.04718, -157.354, 1.42489, 50.6661
2226, 37.10000, 4.38507, -155.058, 35.7729, 113.87, 47.5482, -39.3177, 0.110383, -62.0698, 1.04623, -157.403, 1.42694, 50.5941
2227, 37.10833, 4.38918, -155.328, 35.7343, 113.821, 47.6021, -39.3875, 0.110529, -62.3228, 1.04528, -157.452, 1.42899, 50.5218
2227, 37.11667, 4.39327, -155.597, 35.6959, 113.773, 47.656, -39.4577, 0.110674, -62.5754, 1.04433, -157.5, 1.43104, 50.4491
2228, 37.12500, 4.39733, -155.867, 35.6574, 113.725, 47.71, -39.5283, 0.110819, -62.8275, 1.04338, -157.547, 1.43309, 50.3761
2228, 37.13333, 4.40136, -156.136, 35.6191, 113.678, 47.7641, -39.5991, 0.110962, -63.0793, 1.04244, -157.595, 1.43515, 50.3027
2229, 37.14167, 4.40536, -156.404, 35.5808, 113.631, 47.8182, -39.6704, 0.111106, -63.3306, 1.04149, -157.642, 1.43721, 50.2289
2229, 37.15000, 4.40934, -156.673, 35.5427, 113.584, 47.8724, -39.742, 0.111248, -63.5815, 1.04055, -157.688, 1.43928, 50.1548
2229, 37.15833, 4.41328, -156.941, 35.5046, 113.537, 47.9267, -39.814, 0.11139, -63.832, 1.03961, -157.734, 1.44134, 50.0803
2230, 37.16667, 4.41721, -157.209, 35.4666, 113.491, 47.981, -39.8863, 0.111531, -64.082, 1.03867, -157.78, 1.44341, 50.0055
2231, 37.17500, 4.4211, -157.476, 35.4286, 113.445, 48.0354, -39.959, 0.111672, -64.3317, 1.03773, -157.826, 1.44548, 49.9303
2231, 37.18333, 4.42497, -157.743, 35.3908, 113.4, 48.0898, -40.032, 0.111812, -64.5809, 1.0368, -157.871, 1.44756, 49.8547
2232, 37.19167, 4.42882, -158.01, 35.3531, 113.354, 48.1443, -40.1054, 0.111951, -64.8297, 1.03586, -157.915, 1.44963, 49.7788
2232, 37.20000, 4.43263, -158.276, 35.3155, 113.31, 48.1989, -40.1792, 0.11209, -65.0781, 1.03493, -157.96, 1.45171, 49.7024
2233, 37.20833, 4.43643, -158.543, 35.2779, 113.265, 48.2535, -40.2533, 0.112228, -65.326, 1.034, -158.004, 1.4538, 49.6258
2233, 37.21667, 4.44019, -158.809, 35.2405, 113.221, 48.3083, -40.3278, 0.112366, -65.5735, 1.03308, -158.047, 1.45588, 49.5487
2233, 37.22500, 4.44394, -159.074, 35.2032, 113.177, 48.363, -40.4026, 0.112503, -65.8206, 1.03215, -158.091, 1.45797, 49.4713
2234, 37.23333, 4.44765, -159.339, 35.166, 113.133, 48.4179, -40.4778, 0.112639, -66.0672, 1.03123, -158.134, 1.46006, 49.3935
2235, 37.24167, 4.45135, -159.604, 35.1289, 113.09, 48.4728, -40.5534, 0.112775, -66.3135, 1.03031, -158.176, 1.46215, 49.3154
2235, 37.25000, 4.45502, -159.869, 35.0919, 113.047, 48.5277, -40.6293, 0.112911, -66.5593, 1.0294, -158.219, 1.46425, 49.2368
2236, 37.25833, 4.45867, -160.133, 35.055, 113.004, 48.5828, -40.7056, 0.113046, -66.8046, 1.02848, -158.26, 1.46635, 49.1579
2236, 37.26667, 4.46229, -160.397, 35.0183, 112.962, 48.6379, -40.7823, 0.11318, -67.0496, 1.02757, -158.302, 1.46845, 49.0787
2237, 37.27500, 4.46589, -160.661, 34.9817, 112.92, 48.693, -40.8593, 0.113314, -67.2941, 1.02666, -158.343, 1.47055, 48.999
2237, 37.28333, 4.46947, -160.924, 34.9452, 112.878, 48.7483, -40.9368, 0.113447, -67.5382, 1.02576, -158.384, 1.47266, 48.919
2237, 37.29167, 4.47302, -161.187, 34.9088, 112.837, 48.8036, -41.0145, 0.113579, -67.7818, 1.02486, -158.425, 1.47477, 48.8386
2238, 37.30000, 4.47655, -161.45, 34.8726, 112.795, 48.859, -41.0927, 0.113712, -68.025, 1.02396, -158.465, 1.47688, 48.7578
2239, 37.30833, 4.48007, -161.712, 34.8365, 112.755, 48.9144, -41.1712, 0.113843, -68.2678, 1.02307, -158.505, 1.479, 48.6767
2239, 37.31667, 4.48355, -161.974, 34.8006, 112.714, 48.9699, -41.2502, 0.113975, -68.5102, 1.02217, -158.545, 1.48111, 48.5951
2240, 37.32500, 4.48702, -162.236, 34.7647, 112.673, 49.0255, -41.3295, 0.114105, -68.7521, 1.02129, -158.584, 1.48324, 48.5132
2240, 37.33333, 4.49047, -162.497, 34.729, 112.633, 49.0811, -41.4091, 0.114235, -68.9936, 1.0204, -158.623, 1.48536, 48.4309
2241, 37.34167, 4.4939, -162.758, 34.6935, 112.593, 49.1368, -41.4892, 0.114365, -69.2347, 1.01952, -158.662, 1.48749, 48.3482
2241, 37.35000, 4.4973, -163.019, 34.6581, 112.554, 49.1926, -41.5696, 0.114494, -69.4753, 1.01864, -158.7, 1.48962, 48.2651
2241, 37.35833, 4.50069, -163.279, 34.6229, 112.514, 49.2485, -41.6504, 0.114623, -69.7155, 1.01777, -158.738, 1.49175, 48.1817
2242, 37.36667, 4.50405, -163.539, 34.5877, 112.475, 49.3044, -41.7316, 0.114752, -69.9553, 1.0169, -158.776, 1.49388, 48.0978
2243, 37.37500, 4.5074, -163.799, 34.5528, 112.437, 49.3604, -41.8132, 0.11488, -70.1946, 1.01603, -158.814, 1.49602, 48.0136
2243, 37.38333, 4.51073, -164.059, 34.518, 112.398, 49.4164, -41.8952, 0.115007, -70.4336, 1.01517, -158.851, 1.49816, 47.929
2244, 37.39167, 4.51404, -164.318, 34.4833, 112.359, 49.4726, -41.9776, 0.115134, -70.6721, 1.01431, -158.888, 1.50031, 47.8439
2244, 37.40000, 4.51733, -164.577, 34.4489, 112.321, 49.5288, -42.0603, 0.115261, -70.9102, 1.01346, -158.925, 1.50245, 47.7585
2245, 37.40833, 4.5206, -164.835, 34.4145, 112.283, 49.5851, -42.1435, 0.115387, -71.1478, 1.01261, -158.961, 1.5046, 47.6727
2245, 37.41667, 4.52385, -165.094, 34.3804, 112.246, 49.6414, -42.227, 0.115513, -71.385, 1.01177, -158.997, 1.50676, 47.5865
2245, 37.42500, 4.52709, -165.352, 34.3463, 112.208, 49.6978, -42.311, 0.115638, -71.6218, 1.01092, -159.033, 1.50891, 47.4999
2246, 37.43333, 4.53031, -165.609, 34.3125, 112.171, 49.7543, -42.3953, 0.115763, -71.8582, 1.01009, -159.069, 1.51107, 47.4128
2247, 37.44167, 4.53351, -165.867, 34.2788, 112.134, 49.8109, -42.4801, 0.115888, -72.0942, 1.00925, -159.104, 1.51324, 47.3254
2247, 37.45000, 4.53669, -166.124, 34.2453, 112.097, 49.8675, -42.5652, 0.116012, -72.3297, 1.00842, -159.14, 1.5154, 47.2376
2248, 37.45833, 4.53986, -166.38, 34.212, 112.06, 49.9242, -42.6508, 0.116136, -72.5648, 1.0076, -159.175, 1.51757, 47.1494
2248, 37.46667, 4.54301, -166.637, 34.1788, 112.024, 49.981, -42.7367, 0.116259, -72.7996, 1.00678, -159.209, 1.51974, 47.0607
2249, 37.47500, 4.54615, -166.893, 34.1458, 111.987, 50.0378, -42.8231, 0.116383, -73.0339, 1.00597, -159.244, 1.52191, 46.9716
2249, 37.48333, 4.54927, -167.149, 34.1129, 111.951, 50.0948, -42.9099, 0.116506, -73.2677, 1.00516, -159.278, 1.52409, 46.8822
2249, 37.49167, 4.55238, -167.404, 34.0803, 111.915, 50.1518, -42.9971, 0.116628, -73.5012, 1.00435, -159.312, 1.52627, 46.7923
2250, 37.50000, 4.55547, -167.66, 34.0478, 111.88, 50.2088, -43.0847, 0.11675, -73.7343, 1.00355, -159.346, 1.52845, 46.702
2251, 37.50833, 4.55854, -167.915, 34.0155, 111.844, 50.266, -43.1727, 0.116872, -73.9669, 1.00275, -159.38, 1.53064, 46.6113
2251, 37.51667, 4.5616, -168.169, 33.9833, 111.808, 50.3232, -43.2612, 0.116994, -74.1992, 1.00196, -159.413, 1.53283, 46.5201
2252, 37.52500, 4.56465, -168.424, 33.9514, 111.773, 50.3805, -43.35, 0.117115, -74.431, 1.00117, -159.446, 1.53502, 46.4285
2252, 37.53333, 4.56768, -168.678, 33.9196, 111.738, 50.4379, -43.4393, 0.117236, -74.6624, 1.00039, -159.479, 1.53722, 46.3365
2253, 37.54167, 4.5707, -168.932, 33.888, 111.703, 50.4953, -43.5291, 0.117357, -74.8935, 0.999613, -159.512, 1.53942, 46.2441
2253, 37.55000, 4.57371, -169.185, 33.8566, 111.668, 50.5528, -43.6192, 0.117477, -75.1241, 0.998841, -159.545, 1.54162, 46.1513
2253, 37.55833, 4.5767, -169.438, 33.8254, 111.633, 50.6104, -43.7098, 0.117597, -75.3543, 0.998074, -159.578, 1.54382, 46.058
2254, 37.56667, 4.57968, -169.691, 33.7944, 111.599, 50.6681, -43.8008, 0.117717, -75.5842, 0.997312, -159.61, 1.54603, 45.9642
2255, 37.57500, 4.58265, -169.944, 33.7635, 111.564, 50.7258, -43.8923, 0.117837, -75.8136, 0.996554, -159.642, 1.54824, 45.8701
2255, 37.58333, 4.58561, -170.196, 33.7328, 111.53, 50.7836, -43.9842, 0.117956, -76.0427, 0.995802, -159.674, 1.55046, 45.7755
2256, 37.59167, 4.58855, -170.449, 33.7023, 111.495, 50.8415, -44.0765, 0.118075, -76.2714, 0.995055, -159.706, 1.55267, 45.6804
2256, 37.60000, 4.59149, -170.701, 33.6721, 111.461, 50.8995, -44.1693, 0.118194, -76.4996, 0.994313, -159.738, 1.55489, 45.5849
2257, 37.60833, 4.59441, -170.952, 33.6419, 111.427, 50.9575, -44.2625, 0.118313, -76.7275, 0.993576, -159.77, 1.55712, 45.489
2257, 37.61667, 4.59732, -171.204, 33.612, 111.393, 51.0157, -44.3562, 0.118431, -76.9551, 0.992845, -159.801, 1.55935, 45.3925
2258, 37.62500, 4.60022, -171.455, 33.5823, 111.359, 51.0738, -44.4503, 0.11855, -77.1822, 0.992118, -159.833, 1.56158, 45.2957
2258, 37.63333, 4.60311, -171.706, 33.5527, 111.325, 51.1321, -44.5449, 0.118668, -77.4089, 0.991397, -159.864, 1.56381, 45.1984
2259, 37.64167, 4.60599, -171.956, 33.5234, 111.291, 51.1905, -44.64, 0.118786, -77.6354, 0.990681, -159.895, 1.56604, 45.1006
2259, 37.65000, 4.60885, -172.207, 33.4942, 111.257, 51.2489, -44.7355, 0.118903, -77.8614, 0.98997, -159.926, 1.56828, 45.0024
2260, 37.65833, 4.61171, -172.457, 33.4653, 111.224, 51.3074, -44.8314, 0.119021, -78.087, 0.989265, -159.957, 1.57053, 44.9037
2260, 37.66667, 4.61456, -172.707, 33.4365, 111.19, 51.3659, -44.9279, 0.119138, -78.3123, 0.988565, -159.988, 1.57277, 44.8045
2261, 37.67500, 4.6174, -172.956, 33.4079, 111.156, 51.4245, -45.0248, 0.119255, -78.5372, 0.98787, -160.019, 1.57502, 44.7048
2261, 37.68333, 4.62024, -173.206, 33.3795, 111.123, 51.4833, -45.1222, 0.119372, -78.7618, 0.98718, -160.049, 1.57727, 44.6047
2262, 37.69167, 4.62306, -173.455, 33.3513, 111.089, 51.542, -45.22, 0.119489, -78.986, 0.986496, -160.08, 1.57953, 44.5041
2262, 37.70000, 4.62587, -173.704, 33.3233, 111.056, 51.6009, -45.3184, 0.119606, -79.2099, 0.985817, -160.111, 1.58179, 44.4031
2263, 37.70833, 4.62868, -173.953, 33.2955, 111.022, 51.6598, -45.4172, 0.119723, -79.4334, 0.985144, -160.141, 1.58405, 44.3015
2263, 37.71667, 4.63148, -174.201, 33.2678, 110.988, 51.7188, -45.5165, 0.119839, -79.6566, 0.984476, -160.172, 1.58631, 44.1994
2264, 37.72500, 4.63427, -174.45, 33.2404, 110.955, 51.7779, -45.6163, 0.119956, -79.8794, 0.983813, -160.202, 1.58858, 44.0969
2264, 37.73333, 4.63705, -174.698, 33.2132, 110.921, 51.8371, -45.7166, 0.120072, -80.1019, 0.983156, -160.232, 1.59085, 43.9939
2265, 37.74167, 4.63983, -174.946, 33.1861, 110.888, 51.8963, -45.8174, 0.120188, -80.324, 0.982504, -160.263, 1.59312, 43.8903
2265, 37.75000, 4.6426, -175.193, 33.1593, 110.854, 51.9556, -45.9187, 0.120304, -80.5458, 0.981857, -160.293, 1.5954, 43.7863
2266, 37.75833, 4.64536, -175.441, 33.1326, 110.821, 52.0149, -46.0205, 0.12042, -80.7673, 0.981216, -160.323, 1.59768, 43.6818
2266, 37.76667, 4.64811, -175.688, 33.1061, 110.787, 52.0744, -46.1228, 0.120536, -80.9885, 0.980581, -160.354, 1.59996, 43.5767
2267, 37.77500, 4.65086, -175.935, 33.0798, 110.753, 52.1339, -46.2256, 0.120652, -81.2093, 0.97995, -160.384, 1.60225, 43.4711
2267, 37.78333, 4.65361, -176.182, 33.0537, 110.72, 52.1934, -46.3289, 0.120768, -81.4299, 0.979325, -160.414, 1.60454, 43.3651
2268, 37.79167, 4.65634, -176.429, 33.0278, 110.686, 52.2531, -46.4328, 0.120883, -81.6501, 0.978706, -160.444, 1.60683, 43.2585
2268, 37.80000, 4.65908, -176.676, 33.0021, 110.652, 52.3128, -46.5371, 0.120999, -81.87, 0.978091, -160.475, 1.60913, 43.1514
2269, 37.80833, 4.6618, -176.922, 32.9766, 110.618, 52.3725, -46.642, 0.121115, -82.0896, 0.977482, -160.505, 1.61142, 43.0437
2269, 37.81667, 4.66452, -177.168, 32.9513, 110.584, 52.4324, -46.7474, 0.12123, -82.3089, 0.976879, -160.535, 1.61373, 42.9355
2270, 37.82500, 4.66724, -177.414, 32.9261, 110.55, 52.4923, -46.8534, 0.121346, -82.5279, 0.976281, -160.566, 1.61603, 42.8268
2270, 37.83333, 4.66995, -177.66, 32.9011, 110.516, 52.5523, -46.9599, 0.121461, -82.7466, 0.975688, -160.596, 1.61834, 42.7176
2271, 37.84167, 4.67265, -177.906, 32.8764, 110.482, 52.6123, -47.0669, 0.121577, -82.965, 0.9751, -160.627, 1.62065, 42.6078
2271, 37.85000, 4.67535, -178.152, 32.8518, 110.447, 52.6724, -47.1745, 0.121692, -83.1831, 0.974518, -160.657, 1.62296, 42.4975
2272, 37.85833, 4.67805, -178.397, 32.8274, 110.413, 52.7325, -47.2826, 0.121808, -83.4009, 0.973941, -160.688, 1.62527, 42.3866
2272, 37.86667, 4.68074, -178.642, 32.8032, 110.378, 52.7928, -47.3913, 0.121923, -83.6185, 0.973369, -160.719, 1.62759, 42.2751
2273, 37.87500, 4.68343, -178.887, 32.7791, 110.343, 52.853, -47.5005, 0.122038, -83.8358, 0.972802, -160.749, 1.62991, 42.1632
2273, 37.88333, 4.68612, -179.132, 32.7553, 110.309, 52.9134, -47.6103, 0.122154, -84.0528, 0.972241, -160.78, 1.63224, 42.0506
2274, 37.89167, 4.6888, -179.377, 32.7316, 110.274, 52.9738, -47.7207, 0.122269, -84.2696, 0.971685, -160.811, 1.63456, 41.9375
2274, 37.90000, 4.69147, -179.622, 32.7081, 110.238, 53.0342, -47.8316, 0.122385, -84.4861, 0.971134, -160.842, 1.63689, 41.8238
2275, 37.90833, 4.69415, -179.867, 32.6848, 110.203, 53.0947, -47.9431, 0.1225, -84.7023, 0.970588, -160.873, 1.63922, 41.7095
2275, 37.91667, 4.69682, 179.889, 32.6616, 110.168, 53.1553, -48.0552, 0.122616, -84.9184, 0.970047, -160.905, 1.64156, 41.5947
2276, 37.92500, 4.69948, 179.644, 32.6387, 110.132, 53.2159, -48.1678, 0.122732, -85.1341, 0.969511, -160.936, 1.6439, 41.4793
2276, 37.93333, 4.70215, 179.4, 32.6159, 110.096, 53.2766, -48.2811, 0.122847, -85.3496, 0.96898, -160.968, 1.64624, 41.3632
2277, 37.94167, 4.70481, 179.156, 32.5933, 110.06, 53.3373, -48.3949, 0.122963, -85.5649, 0.968454, -160.999, 1.64858, 41.2466
2277, 37.95000, 4.70747, 178.912, 32.5708, 110.024, 53.3981, -48.5094, 0.123079, -85.7799, 0.967933, -161.031, 1.65092, 41.1294
2278, 37.95833, 4.71012, 178.668, 32.5485, 109.988, 53.4589, -48.6244, 0.123194, -85.9947, 0.967418, -161.063, 1.65327, 41.0116
2278, 37.96667, 4.71278, 178.424, 32.5264, 109.951, 53.5197, -48.74, 0.12331, -86.2094, 0.966906, -161.095, 1.65562, 40.8932
2279, 37.97500, 4.71543, 178.18, 32.5045, 109.914, 53.5806, -48.8563, 0.123426, -86.4237, 0.9664, -161.127, 1.65797, 40.7742
2279, 37.98333, 4.71807, 177.936, 32.4827, 109.877, 53.6416, -48.9731, 0.123542, -86.6379, 0.965899, -161.16, 1.66033, 40.6546
2280, 37.99167, 4.72072, 177.692, 32.4611, 109.84, 53.7025, -49.0906, 0.123658, -86.8519, 0.965402, -161.192, 1.66268, 40.5343
2280, 38.00000, 4.72336, 177.449, 32.4397, 109.803, 53.7635, -49.2087, 0.123775, -87.0656, 0.96491, -161.225, 1.66504, 40.4134
2281, 38.00833, 4.726, 177.205, 32.4184, 109.765, 53.8246, -49.3274, 0.123891, -87.2792, 0.964423, -161.258, 1.6674, 40.2919
2281, 38.01667, 4.72864, 176.962, 32.3973, 109.727, 53.8857, -49.4468, 0.124007, -87.4925, 0.96394, -161.291, 1.66976, 40.1698
2282, 38.02500, 4.73128, 176.718, 32.3763, 109.689, 53.9468, -49.5668, 0.124123, -87.7057, 0.963462, -161.325, 1.67213, 40.047
2282, 38.03333, 4.73392, 176.475, 32.3555, 109.65, 54.0079, -49.6874, 0.12424, -87.9187, 0.962988, -161.358, 1.67449, 39.9236
2283, 38.04167, 4.73655, 176.231, 32.3348, 109.612, 54.0691, -49.8087, 0.124357, -88.1316, 0.962519, -161.392, 1.67686, 39.7995
2283, 38.05000, 4.73918, 175.988, 32.3143, 109.573, 54.1303, -49.9307, 0.124473, -88.3442, 0.962054, -161.426, 1.67923, 39.6748
2284, 38.05833, 4.74181, 175.744, 32.294, 109.533, 54.1915, -50.0533, 0.12459, -88.5567, 0.961594, -161.461, 1.6816, 39.5494
2284, 38.06667, 4.74444, 175.501, 32.2738, 109.494, 54.2528, -50.1765, 0.124707, -88.7691, 0.961137, -161.495, 1.68398, 39.4234
2285, 38.07500, 4.74707, 175.258, 32.2537, 109.454, 54.314, -50.3004, 0.124824, -88.9812, 0.960685, -161.53, 1.68635, 39.2967
2285, 38.08333, 4.74969, 175.014, 32.2337, 109.413, 54.3753, -50.425, 0.124941, -89.1933, 0.960237, -161.565, 1.68873, 39.1693
2286, 38.09167, 4.75231, 174.771, 32.214, 109.373, 54.4366, -50.5503, 0.125059, -89.4052, 0.959794, -161.601, 1.6911, 39.0412
2286, 38.10000, 4.75493, 174.527, 32.1943, 109.332, 54.4979, -50.6763, 0.125176, -89.6169, 0.959354, -161.636, 1.69348, 38.9125
2287, 38.10833, 4.75755, 174.284, 32.1748, 109.291, 54.5592, -50.8029, 0.125294, -89.8285, 0.958918, -161.672, 1.69586, 38.7831
2287, 38.11667, 4.76017, 174.041, 32.1554, 109.249, 54.6205, -50.9302, 0.125411, -90.04, 0.958486, -161.708, 1.69824, 38.6529
2288, 38.12500, 4.76279, 173.797, 32.1362, 109.207, 54.6818, -51.0583, 0.125529, -90.2514, 0.958058, -161.745, 1.70063, 38.5221
2288, 38.13333, 4.7654, 173.554, 32.117, 109.165, 54.7431, -51.187, 0.125647, -90.4627, 0.957633, -161.781, 1.70301, 38.3906
2289, 38.14167, 4.76802, 173.31, 32.098, 109.123, 54.8044, -51.3165, 0.125765, -90.6738, 0.957212, -161.819, 1.70539, 38.2584
2289, 38.15000, 4.77063, 173.067, 32.0791, 109.08, 54.8657, -51.4466, 0.125883, -90.8849, 0.956795, -161.856, 1.70778, 38.1254
2290, 38.15833, 4.77324, 172.823, 32.0604, 109.036, 54.9269, -51.5775, 0.126001, -91.0958, 0.956381, -161.894, 1.71016, 37.9917
2290, 38.16667, 4.77584, 172.58, 32.0417, 108.993, 54.9882, -51.7091, 0.12612, -91.3067, 0.955971, -161.932, 1.71255, 37.8573
2291, 38.17500, 4.77845, 172.336, 32.0232, 108.949, 55.0494, -51.8414, 0.126238, -91.5175, 0.955564, -161.97, 1.71494, 37.7222
2291, 38.18333, 4.78105, 172.092, 32.0048, 108.904, 55.1106, -51.9745, 0.126357, -91.7282, 0.95516, -162.009, 1.71732, 37.5863
2292, 38.19167, 4.78365, 171.848, 31.9864, 108.859, 55.1718, -52.1083, 0.126476, -91.9388, 0.95476, -162.048, 1.71971, 37.4497
2292, 38.20000, 4.78625, 171.604, 31.9682, 108.814, 55.233, -52.2428, 0.126595, -92.1494, 0.954362, -162.087, 1.72209, 37.3124
2293, 38.20833, 4.78885, 171.36, 31.9501, 108.768, 55.2941, -52.3781, 0.126714, -92.3599, 0.953968, -162.127, 1.72448, 37.1743
2293, 38.21667, 4.79144, 171.116, 31.9321, 108.722, 55.3552, -52.5142, 0.126833, -92.5704, 0.953576, -162.168, 1.72687, 37.0354
2294, 38.22500, 4.79403, 170.872, 31.9142, 108.675, 55.4162, -52.651, 0.126953, -92.7807, 0.953187, -162.208, 1.72925, 36.8958
2294, 38.23333, 4.79662, 170.628, 31.8963, 108.628, 55.4772, -52.7886, 0.127072, -92.9911, 0.952801, -162.249, 1.73164, 36.7554
2295, 38.24167, 4.79921, 170.383, 31.8786, 108.581, 55.5381, -52.927, 0.127192, -93.2014, 0.952417, -162.29, 1.73402, 36.6142
2295, 38.25000, 4.80179, 170.139, 31.8609, 108.533, 55.599, -53.0661, 0.127312, -93.4117, 0.952036, -162.332, 1.73641, 36.4722
2296, 38.25833, 4.80437, 169.894, 31.8433, 108.485, 55.6598, -53.206, 0.127432, -93.622, 0.951658, -162.374, 1.73879, 36.3295
2296, 38.26667, 4.80695, 169.649, 31.8258, 108.436, 55.7205, -53.3468, 0.127552, -93.8323, 0.951281, -162.417, 1.74117, 36.1859
2297, 38.27500, 4.80952, 169.404, 31.8084, 108.387, 55.7812, -53.4883, 0.127672, -94.0425, 0.950907, -162.46, 1.74355, 36.0416
2297, 38.28333, 4.81209, 169.159, 31.791, 108.337, 55.8418, -53.6306, 0.127793, -94.2528, 0.950535, -162.503, 1.74593, 35.8964
2298, 38.29167, 4.81466, 168.914, 31.7737, 108.287, 55.9023, -53.7738, 0.127913, -94.463, 0.950165, -162.547, 1.74831, 35.7505
2298, 38.30000, 4.81722, 168.669, 31.7565, 108.236, 55.9627, -53.9177, 0.128034, -94.6733, 0.949797, -162.592, 1.75069, 35.6037
2299, 38.30833, 4.81978, 168.423, 31.7393, 108.185, 56.023, -54.0625, 0.128154, -94.8835, 0.949431, -162.636, 1.75306, 35.4561
2299, 38.31667, 4.82233, 168.177, 31.7222, 108.133, 56.0832, -54.2081, 0.128275, -95.0938, 0.949066, -162.681, 1.75543, 35.3077
2300, 38.32500, 4.82488, 167.931, 31.7051, 108.081, 56.1433, -54.3545, 0.128396, -95.3042, 0.948702, -162.727, 1.7578, 35.1584
2300, 38.33333, 4.82743, 167.685, 31.6881, 108.028, 56.2034, -54.5017, 0.128517, -95.5145, 0.948341, -162.773, 1.76017, 35.0083
2301, 38.34167, 4.82997, 167.439, 31.6711, 107.975, 56.2633, -54.6498, 0.128639, -95.7249, 0.94798, -162.82, 1.76253, 34.8574
2301, 38.35000, 4.8325, 167.192, 31.6542, 107.921, 56.323, -54.7988, 0.12876, -95.9354, 0.947621, -162.867, 1.7649, 34.7056
2302, 38.35833, 4.83503, 166.946, 31.6373, 107.866, 56.3827, -54.9486, 0.128881, -96.1459, 0.947262, -162.915, 1.76726, 34.5529
2302, 38.36667, 4.83755, 166.699, 31.6204, 107.811, 56.4422, -55.0993, 0.129003, -96.3565, 0.946905, -162.963, 1.76961, 34.3994
2303, 38.37500, 4.84006, 166.451, 31.6035, 107.756, 56.5015, -55.2508, 0.129125, -96.5671, 0.946548, -163.011, 1.77196, 34.245
2303, 38.38333, 4.84257, 166.204, 31.5867, 107.7, 56.5607, -55.4032, 0.129246, -96.7778, 0.946192, -163.06, 1.77431, 34.0898
2304, 38.39167, 4.84508, 165.956, 31.5699, 107.643, 56.6198, -55.5565, 0.129368, -96.9886, 0.945836, -163.11, 1.77666, 33.9336
2304, 38.40000, 4.84757, 165.709, 31.553, 107.586, 56.6787, -55.7107, 0.12949, -97.1995, 0.945481, -163.16, 1.779, 33.7766
2305, 38.40833, 4.85006, 165.461, 31.5362, 107.528, 56.7374, -55.8657, 0.129612, -97.4104, 0.945126, -163.211, 1.78133, 33.6186
2305, 38.41667, 4.85254, 165.212, 31.5194, 107.47, 56.796, -56.0217, 0.129734, -97.6215, 0.944772, -163.262, 1.78367, 33.4598
2306, 38.42500, 4.85501, 164.964, 31.5026, 107.411, 56.8543, -56.1786, 0.129856, -97.8327, 0.944417, -163.313, 1.78599, 33.3001
2306, 38.43333, 4.85747, 164.715, 31.4858, 107.352, 56.9125, -56.3363, 0.129979, -98.044, 0.944062, -163.366, 1.78831, 33.1395
2307, 38.44167, 4.85992, 164.465, 31.469, 107.292, 56.9705, -56.495, 0.130101, -98.2554, 0.943706, -163.418, 1.79063, 32.9779
2307, 38.45000, 4.86237, 164.216, 31.4521, 107.231, 57.0283, -56.6546, 0.130223, -98.4669, 0.943351, -163.472, 1.79294, 32.8154
2308, 38.45833, 4.8648, 163.966, 31.4353, 107.17, 57.0858, -56.8152, 0.130345, -98.6786, 0.942994, -163.526, 1.79525, 32.652
2308, 38.46667, 4.86723, 163.716, 31.4184, 107.108, 57.1431, -56.9767, 0.130468, -98.8904, 0.942637, -163.58, 1.79755, 32.4876
2309, 38.47500, 4.86964, 163.466, 31.4014, 107.045, 57.2002, -57.139, 0.13059, -99.1024, 0.942279, -163.635, 1.79984, 32.3223
2309, 38.48333, 4.87204, 163.215, 31.3845, 106.982, 57.2571, -57.3024, 0.130713, -99.3145, 0.94192, -163.691, 1.80213, 32.1561
2310, 38.49167, 4.87443, 162.964, 31.3674, 106.918, 57.3137, -57.4667, 0.130835, -99.5268, 0.941559, -163.747, 1.80441, 31.9889
2310, 38.50000, 4.87681, 162.713, 31.3504, 106.854, 57.37, -57.6319, 0.130957, -99.7393, 0.941198, -163.804, 1.80668, 31.8208
2311, 38.50833, 4.87917, 162.461, 31.3333, 106.788, 57.4261, -57.7982, 0.13108, -99.9519, 0.940834, -163.861, 1.80895, 31.6517
2311, 38.51667, 4.88153, 162.209, 31.3161, 106.723, 57.4819, -57.9653, 0.131202, -100.165, 0.940469, -163.919, 1.8112, 31.4816
2312, 38.52500, 4.88387, 161.957, 31.2988, 106.656, 57.5374, -58.1335, 0.131325, -100.378, 0.940102, -163.977, 1.81345, 31.3105
2312, 38.53333, 4.88619, 161.704, 31.2815, 106.589, 57.5926, -58.3026, 0.131447, -100.591, 0.939733, -164.036, 1.81569, 31.1385
2313, 38.54167, 4.8885, 161.451, 31.2641, 106.522, 57.6475, -58.4727, 0.131569, -100.804, 0.939362, -164.096, 1.81793, 30.9654
2313, 38.55000, 4.89079, 161.198, 31.2466, 106.453, 57.7021, -58.6438, 0.131691, -101.018, 0.938989, -164.157, 1.82015, 30.7914
2314, 38.55833, 4.89307, 160.944, 31.2291, 106.384, 57.7564, -58.8159, 0.131813, -101.232, 0.938612, -164.218, 1.82236, 30.6164
2314, 38.56667, 4.89534, 160.69, 31.2114, 106.314, 57.8103, -58.9891, 0.131935, -101.446, 0.938233, -164.279, 1.82457, 30.4404
2314, 38.57500, 4.89758, 160.436, 31.1936, 106.244, 57.8639, -59.1632, 0.132057, -101.66, 0.937851, -164.341, 1.82676, 30.2633
2315, 38.58333, 4.89981, 160.181, 31.1758, 106.173, 57.9171, -59.3383, 0.132179, -101.874, 0.937467, -164.404, 1.82895, 30.0853
2316, 38.59167, 4.90202, 159.925, 31.1578, 106.101, 57.97, -59.5144, 0.132301, -102.089, 0.937078, -164.468, 1.83112, 29.9062
2316, 38.60000, 4.90421, 159.67, 31.1397, 106.028, 58.0225, -59.6916, 0.132422, -102.304, 0.936686, -164.532, 1.83328, 29.7261
2317, 38.60833, 4.90638, 159.414, 31.1214, 105.955, 58.0746, -59.8697, 0.132544, -102.519, 0.936291, -164.597, 1.83543, 29.545
2317, 38.61667, 4.90853, 159.157, 31.1031, 105.881, 58.1263, -60.049, 0.132665, -102.735, 0.935892, -164.662, 1.83757, 29.3628
2318, 38.62500, 4.91066, 158.9, 31.0846, 105.807, 58.1775, -60.2292, 0.132786, -102.951, 0.935488, -164.728, 1.8397, 29.1796
2318, 38.63333, 4.91277, 158.643, 31.0659, 105.731, 58.2284, -60.4105, 0.132907, -103.167, 0.935081, -164.795, 1.84181, 28.9953
2318, 38.64167, 4.91485, 158.385, 31.0471, 105.655, 58.2788, -60.5929, 0.133028, -103.383, 0.934669, -164.862, 1.84391, 28.81
2319, 38.65000, 4.91691, 158.127, 31.0282, 105.578, 58.3287, -60.7763, 0.133148, -103.599, 0.934252, -164.93, 1.846, 28.6236
2320, 38.65833, 4.91895, 157.868, 31.0091, 105.501, 58.3782, -60.9608, 0.133268, -103.816, 0.933831, -164.999, 1.84808, 28.4362
2320, 38.66667, 4.92097, 157.609, 30.9898, 105.423, 58.4272, -61.1463, 0.133388, -104.033, 0.933404, -165.068, 1.85014, 28.2477
2321, 38.67500, 4.92295, 157.35, 30.9703, 105.344, 58.4757, -61.3329, 0.133508, -104.251, 0.932973, -165.138, 1.85218, 28.0581
2321, 38.68333, 4.92492, 157.089, 30.9506, 105.264, 58.5238, -61.5205, 0.133627, -104.469, 0.932536, -165.209, 1.85421, 27.8674
2322, 38.69167, 4.92685, 156.829, 30.9308, 105.184, 58.5713, -61.7093, 0.133746, -104.687, 0.932093, -165.28, 1.85623, 27.6757
2322, 38.70000, 4.92876, 156.568, 30.9107, 105.102, 58.6183, -61.8991, 0.133865, -104.905, 0.931644, -165.352, 1.85823, 27.4828
2322, 38.70833, 4.93064, 156.307, 30.8905, 105.021, 58.6647, -62.09, 0.133984, -105.124, 0.931189, -165.425, 1.86021, 27.2889
2323, 38.71667, 4.93249, 156.045, 30.87, 104.938, 58.7106, -62.2821, 0.134102, -105.343, 0.930728, -165.498, 1.86217, 27.0939
2324, 38.72500, 4.93431, 155.782, 30.8493, 104.855, 58.7559, -62.4752, 0.134219, -105.562, 0.930261, -165.572, 1.86412, 26.8978
2324, 38.73333, 4.93609, 155.519, 30.8284, 104.77, 58.8006, -62.6694, 0.134337, -105.782, 0.929787, -165.647, 1.86605, 26.7006
2325, 38.74167, 4.93785, 155.256, 30.8073, 104.686, 58.8448, -62.8647, 0.134453, -106.002, 0.929305, -165.723, 1.86797, 26.5022
2325, 38.75000, 4.93957, 154.992, 30.7859, 104.6, 58.8883, -63.0611, 0.13457, -106.222, 0.928817, -165.799, 1.86986, 26.3028
2326, 38.75833, 4.94126, 154.728, 30.7642, 104.514, 58.9312, -63.2586, 0.134686, -106.443, 0.928322, -165.876, 1.87174, 26.1022
2326, 38.76667, 4.94291, 154.463, 30.7423, 104.426, 58.9734, -63.4573, 0.134801, -106.664, 0.927818, -165.953, 1.87359, 25.9005
2326, 38.77500, 4.94453, 154.197, 30.7202, 104.339, 59.015, -63.657, 0.134916, -106.886, 0.927307, -166.031, 1.87543, 25.6977
2327, 38.78333, 4.94611, 153.931, 30.6977, 104.25, 59.0559, -63.8579, 0.13503, -107.108, 0.926788, -166.11, 1.87724, 25.4938
2328, 38.79167, 4.94765, 153.665, 30.675, 104.16, 59.0961, -64.0599, 0.135144, -107.33, 0.926261, -166.19, 1.87904, 25.2887
2328, 38.80000, 4.94916, 153.398, 30.652, 104.07, 59.1356, -64.2631, 0.135258, -107.553, 0.925725, -166.27, 1.88081, 25.0825
2329, 38.80833, 4.95062, 153.13, 30.6287, 103.979, 59.1744, -64.4673, 0.13537, -107.776, 0.92518, -166.351, 1.88256, 24.8751
2329, 38.81667, 4.95204, 152.862, 30.6051, 103.888, 59.2125, -64.6727, 0.135482, -107.999, 0.924626, -166.433, 1.88428, 24.6666
2330, 38.82500, 4.95342, 152.594, 30.5812, 103.795, 59.2498, -64.8793, 0.135594, -108.223, 0.924064, -166.515, 1.88599, 24.457
2330, 38.83333, 4.95476, 152.325, 30.557, 103.702, 59.2863, -65.087, 0.135705, -108.447, 0.923491, -166.598, 1.88767, 24.2462
2330, 38.84167, 4.95606, 152.055, 30.5324, 103.608, 59.3221, -65.2958, 0.135815, -108.671, 0.922909, -166.682, 1.88932, 24.0343
2331, 38.85000, 4.9573, 151.785, 30.5075, 103.514, 59.357, -65.5058, 0.135924, -108.896, 0.922318, -166.766, 1.89095, 23.8212
2332, 38.85833, 4.95851, 151.514, 30.4823, 103.418, 59.3911, -65.7169, 0.136032, -109.122, 0.921716, -166.851, 1.89256, 23.607
2332, 38.86667, 4.95966, 151.242, 30.4567, 103.322, 59.4244, -65.9292, 0.13614, -109.348, 0.921103, -166.937, 1.89414, 23.3915
2333, 38.87500, 4.96077, 150.971, 30.4308, 103.225, 59.4568, -66.1426, 0.136247, -109.574, 0.92048, -167.023, 1.89569, 23.175
2333, 38.88333, 4.96182, 150.698, 30.4045, 103.127, 59.4883, -66.3572, 0.136353, -109.8, 0.919846, -167.11, 1.89721, 22.9573
2334, 38.89167, 4.96283, 150.425, 30.3778, 103.029, 59.519, -66.5729, 0.136459, -110.027, 0.919201, -167.198, 1.89871, 22.7384
2334, 38.90000, 4.96378, 150.151, 30.3507, 102.93, 59.5487, -66.7898, 0.136563, -110.255, 0.918545, -167.286, 1.90018, 22.5184
2334, 38.90833, 4.96469, 149.877, 30.3233, 102.83, 59.5775, -67.0078, 0.136667, -110.483, 0.917877, -167.376, 1.90162, 22.2972
2335, 38.91667, 4.96553, 149.602, 30.2954, 102.729, 59.6054, -67.227, 0.136769, -110.711, 0.917197, -167.465, 1.90303, 22.0748
2336, 38.92500, 4.96632, 149.327, 30.2671, 102.628, 59.6323, -67.4474, 0.136871, -110.94, 0.916505, -167.556, 1.9044, 21.8512
2336, 38.93333, 4.96706, 149.051, 30.2385, 102.526, 59.6582, -67.6689, 0.136972, -111.169, 0.915801, -167.647, 1.90575, 21.6265
2337, 38.94167, 4.96773, 148.775, 30.2094, 102.423, 59.6831, -67.8916, 0.137071, -111.399, 0.915084, -167.739, 1.90707, 21.4007
2337, 38.95000, 4.96835, 148.498, 30.1799, 102.32, 59.707, -68.1154, 0.13717, -111.629, 0.914354, -167.831, 1.90835, 21.1736
2338, 38.95833, 4.96891, 148.22, 30.1499, 102.215, 59.7299, -68.3404, 0.137267, -111.859, 0.913612, -167.924, 1.90961, 20.9454
2338, 38.96667, 4.9694, 147.942, 30.1195, 102.11, 59.7517, -68.5666, 0.137363, -112.09, 0.912856, -168.018, 1.91082, 20.716
2338, 38.97500, 4.96983, 147.663, 30.0886, 102.005, 59.7724, -68.7939, 0.137459, -112.321, 0.912086, -168.112, 1.91201, 20.4855
2339, 38.98333, 4.9702, 147.384, 30.0573, 101.898, 59.792, -69.0223, 0.137553, -112.553, 0.911303, -168.207, 1.91316, 20.2538
2340, 38.99167, 4.9705, 147.104, 30.0255, 101.791, 59.8104, -69.252, 0.137645, -112.785, 0.910505, -168.302, 1.91427, 20.0209
2340, 39.00000, 4.97074, 146.824, 29.9932, 101.683, 59.8278, -69.4827, 0.137737, -113.018, 0.909693, -168.399, 1.91535, 19.7869
2341, 39.00833, 4.9709, 146.543, 29.9604, 101.575, 59.844, -69.7147, 0.137827, -113.251, 0.908867, -168.495, 1.91639, 19.5517
2341, 39.01667, 4.971, 146.261, 29.9271, 101.466, 59.859, -69.9478, 0.137916, -113.485, 0.908026, -168.593, 1.91739, 19.3154
2342, 39.02500, 4.97102, 145.979, 29.8934, 101.356, 59.8728, -70.182, 0.138004, -113.719, 0.90717, -168.691, 1.91836, 19.0779
2342, 39.03333, 4.97098, 145.696, 29.8591, 101.246, 59.8854, -70.4174, 0.13809, -113.953, 0.906298, -168.789, 1.91929, 18.8392
2342, 39.04167, 4.97086, 145.413, 29.8243, 101.135, 59.8967, -70.6539, 0.138174, -114.188, 0.905411, -168.888, 1.92017, 18.5994
2343, 39.05000, 4.97066, 145.129, 29.789, 101.023, 59.9068, -70.8915, 0.138258, -114.423, 0.904509, -168.988, 1.92102, 18.3584
2344, 39.05833, 4.97039, 144.844, 29.7531, 100.91, 59.9157, -71.1303, 0.13834, -114.659, 0.90359, -169.088, 1.92183, 18.1163
2344, 39.06667, 4.97005, 144.559, 29.7167, 100.797, 59.9232, -71.3703, 0.13842, -114.895, 0.902655, -169.189, 1.92259, 17.873
2345, 39.07500, 4.96962, 144.274, 29.6797, 100.684, 59.9294, -71.6113, 0.138499, -115.132, 0.901704, -169.29, 1.92332, 17.6287
2345, 39.08333, 4.96911, 143.988, 29.6422, 100.569, 59.9342, -71.8535, 0.138576, -115.369, 0.900736, -169.392, 1.924, 17.3831
2346, 39.09167, 4.96852, 143.701, 29.6042, 100.454, 59.9377, -72.0968, 0.138651, -115.607, 0.899751, -169.495, 1.92463, 17.1365
2346, 39.10000, 4.96785, 143.414, 29.5655, 100.339, 59.9398, -72.3412, 0.138725, -115.845, 0.898749, -169.597, 1.92523, 16.8887
2346, 39.10833, 4.96709, 143.126, 29.5263, 100.223, 59.9405, -72.5868, 0.138797, -116.083, 0.89773, -169.701, 1.92577, 16.6398
2347, 39.11667, 4.96625, 142.838, 29.4864, 100.106, 59.9398, -72.8334, 0.138868, -116.322, 0.896693, -169.805, 1.92627, 16.3898
2348, 39.12500, 4.96532, 142.549, 29.446, 99.9891, 59.9377, -73.0811, 0.138936, -116.561, 0.895638, -169.909, 1.92673, 16.1386
2348, 39.13333, 4.96431, 142.259, 29.405, 99.8714, 59.9341, -73.33, 0.139003, -116.801, 0.894565, -170.014, 1.92714, 15.8864
2349, 39.14167, 4.9632, 141.969, 29.3634, 99.7531, 59.929, -73.5799, 0.139068, -117.041, 0.893474, -170.119, 1.9275, 15.6331
2349, 39.15000, 4.962, 141.679, 29.3211, 99.6344, 59.9224, -73.8309, 0.139131, -117.281, 0.892364, -170.225, 1.92781, 15.3786
2350, 39.15833, 4.96071, 141.388, 29.2782, 99.5151, 59.9143, -74.0829, 0.139193, -117.522, 0.891236, -170.331, 1.92807, 15.1232
2350, 39.16667, 4.95933, 141.097, 29.2347, 99.3953, 59.9046, -74.3361, 0.139252, -117.763, 0.890089, -170.437, 1.92829, 14.8665
2350, 39.17500, 4.95785, 140.805, 29.1906, 99.275, 59.8934, -74.5903, 0.139309, -118.005, 0.888923, -170.544, 1.92845, 14.6089
2351, 39.18333, 4.95627, 140.512, 29.1458, 99.1543, 59.8806, -74.8455, 0.139364, -118.247, 0.887737, -170.652, 1.92856, 14.3502
2352, 39.19167, 4.9546, 140.22, 29.1004, 99.0331, 59.8661, -75.1018, 0.139417, -118.489, 0.886532, -170.759, 1.92862, 14.0904
2352, 39.20000, 4.95283, 139.926, 29.0543, 98.9114, 59.8501, -75.3591, 0.139469, -118.732, 0.885308, -170.867, 1.92863, 13.8296
2353, 39.20833, 4.95095, 139.632, 29.0075, 98.7894, 59.8324, -75.6174, 0.139517, -118.975, 0.884063, -170.976, 1.92859, 13.5678
2353, 39.21667, 4.94898, 139.338, 28.9601, 98.6669, 59.8131, -75.8768, 0.139564, -119.219, 0.882799, -171.084, 1.92849, 13.3049
2354, 39.22500, 4.9469, 139.043, 28.912, 98.5441, 59.7921, -76.1372, 0.139609, -119.463, 0.881514, -171.193, 1.92833, 13.041
2354, 39.23333, 4.94472, 138.748, 28.8633, 98.4208, 59.7693, -76.3985, 0.139651, -119.707, 0.880209, -171.302, 1.92812, 12.7762
2354, 39.24167, 4.94243, 138.452, 28.8138, 98.2973, 59.7449, -76.6608, 0.139691, -119.952, 0.878883, -171.412, 1.92786, 12.5103
2355, 39.25000, 4.94003, 138.156, 28.7636, 98.1733, 59.7187, -76.9241, 0.139729, -120.197, 0.877537, -171.522, 1.92754, 12.2434
2356, 39.25833, 4.93753, 137.86, 28.7128, 98.0491, 59.6908, -77.1884, 0.139764, -120.442, 0.87617, -171.632, 1.92716, 11.9756
2356, 39.26667, 4.93492, 137.563, 28.6613, 97.9246, 59.6611, -77.4536, 0.139797, -120.688, 0.874782, -171.742, 1.92672, 11.7068
2357, 39.27500, 4.9322, 137.266, 28.609, 97.7998, 59.6296, -77.7197, 0.139828, -120.933, 0.873373, -171.852, 1.92623, 11.437
2357, 39.28333, 4.92936, 136.968, 28.556, 97.6747, 59.5963, -77.9868, 0.139856, -121.18, 0.871942, -171.963, 1.92568, 11.1664
2358, 39.29167, 4.92642, 136.67, 28.5024, 97.5494, 59.5612, -78.2548, 0.139882, -121.426, 0.87049, -172.073, 1.92506, 10.8947
2358, 39.30000, 4.92336, 136.372, 28.448, 97.4239, 59.5242, -78.5236, 0.139905, -121.673, 0.869017, -172.184, 1.92439, 10.6222
2358, 39.30833, 4.92018, 136.073, 28.3929, 97.2981, 59.4854, -78.7934, 0.139925, -121.92, 0.867522, -172.295, 1.92366, 10.3489
2359, 39.31667, 4.91689, 135.774, 28.337, 97.1722, 59.4447, -79.064, 0.139943, -122.167, 0.866005, -172.406, 1.92286, 10.0745
2360, 39.32500, 4.91348, 135.475, 28.2805, 97.0462, 59.4021, -79.3355, 0.139959, -122.415, 0.864466, -172.517, 1.922, 9.79941
2360, 39.33333, 4.90995, 135.175, 28.2232, 96.92, 59.3576, -79.6078, 0.139971, -122.663, 0.862906, -172.628, 1.92108, 9.52341
2361, 39.34167, 4.9063, 134.875, 28.1651, 96.7937, 59.3111, -79.8809, 0.139981, -122.911, 0.861323, -172.739, 1.9201, 9.24655
2361, 39.35000, 4.90254, 134.575, 28.1063, 96.6673, 59.2628, -80.1548, 0.139989, -123.159, 0.859718, -172.85, 1.91906, 8.96891
2362, 39.35833, 4.89865, 134.275, 28.0468, 96.5408, 59.2125, -80.4295, 0.139993, -123.407, 0.858091, -172.961, 1.91795, 8.69045
2362, 39.36667, 4.89463, 133.974, 27.9866, 96.4143, 59.1602, -80.7051, 0.139995, -123.656, 0.856442, -173.072, 1.91677, 8.41118
2362, 39.37500, 4.8905, 133.673, 27.9256, 96.2879, 59.1059, -80.9813, 0.139994, -123.905, 0.85477, -173.183, 1.91553, 8.13117
2363, 39.38333, 4.88624, 133.372, 27.8638, 96.1614, 59.0497, -81.2583, 0.13999, -124.154, 0.853077, -173.293, 1.91423, 7.8504
2364, 39.39167, 4.88186, 133.071, 27.8013, 96.0349, 58.9914, -81.536, 0.139983, -124.403, 0.85136, -173.404, 1.91286, 7.56887
2364, 39.40000, 4.87735, 132.769, 27.7381, 95.9085, 58.9311, -81.8144, 0.139974, -124.652, 0.849621, -173.514, 1.91142, 7.28665
2365, 39.40833, 4.87271, 132.468, 27.6741, 95.7823, 58.8688, -82.0935, 0.139961, -124.901, 0.84786, -173.625, 1.90991, 7.00373
2365, 39.41667, 4.86795, 132.166, 27.6094, 95.6561, 58.8044, -82.3733, 0.139946, -125.151, 0.846077, -173.735, 1.90834, 6.7201
2366, 39.42500, 4.86306, 131.864, 27.5439, 95.5301, 58.738, -82.6537, 0.139927, -125.4, 0.84427, -173.844, 1.9067, 6.43583
2366, 39.43333, 4.85804, 131.562, 27.4776, 95.4042, 58.6696, -82.9348, 0.139906, -125.65, 0.842442, -173.954, 1.90499, 6.15093
2366, 39.44167, 4.85289, 131.26, 27.4107, 95.2786, 58.599, -83.2164, 0.139881, -125.9, 0.840591, -174.063, 1.90322, 5.86537
2367, 39.45000, 4.84761, 130.958, 27.3429, 95.1532, 58.5264, -83.4987, 0.139854, -126.15, 0.838717, -174.172, 1.90137, 5.57924
2368, 39.45833, 4.8422, 130.656, 27.2745, 95.028, 58.4517, -83.7815, 0.139823, -126.399, 0.836822, -174.28, 1.89946, 5.29253
2368, 39.46667, 4.83665, 130.353, 27.2052, 94.9032, 58.3749, -84.0648, 0.139789, -126.649, 0.834903, -174.388, 1.89748, 5.00523
2369, 39.47500, 4.83098, 130.051, 27.1353, 94.7786, 58.296, -84.3487, 0.139753, -126.899, 0.832963, -174.496, 1.89542, 4.71742
2369, 39.48333, 4.82518, 129.749, 27.0645, 94.6544, 58.215, -84.633, 0.139713, -127.149, 0.831, -174.603, 1.8933, 4.42909
2370, 39.49167, 4.81924, 129.446, 26.9931, 94.5306, 58.1318, -84.9179, 0.13967, -127.399, 0.829015, -174.71, 1.89111, 4.14024
2370, 39.50000, 4.81317, 129.144, 26.9209, 94.4072, 58.0465, -85.2032, 0.139624, -127.648, 0.827009, -174.816, 1.88884, 3.85094
2370, 39.50833, 4.80696, 128.842, 26.848, 94.2843, 57.9591, -85.4889, 0.139574, -127.898, 0.82498, -174.922, 1.88651, 3.5612
2371, 39.51667, 4.80063, 128.54, 26.7743, 94.1618, 57.8696, -85.7751, 0.139522, -128.147, 0.822929, -175.027, 1.8841, 3.271
2372, 39.52500, 4.79415, 128.238, 26.7, 94.0399, 57.778, -86.0616, 0.139466, -128.397, 0.820857, -175.131, 1.88162, 2.98042
2372, 39.53333, 4.78755, 127.936, 26.6249, 93.9185, 57.6842, -86.3485, 0.139407, -128.646, 0.818763, -175.235, 1.87907, 2.68947
2373, 39.54167, 4.78081, 127.635, 26.549, 93.7976, 57.5882, -86.6358, 0.139344, -128.895, 0.816647, -175.338, 1.87645, 2.39813
2373, 39.55000, 4.77394, 127.333, 26.4725, 93.6774, 57.4901, -86.9233, 0.139279, -129.144, 0.81451, -175.44, 1.87376, 2.10649
2374, 39.55833, 4.76693, 127.032, 26.3953, 93.5578, 57.3899, -87.2111, 0.13921, -129.393, 0.812352, -175.542, 1.871, 1.81454
2374, 39.56667, 4.75979, 126.731, 26.3173, 93.4389, 57.2875, -87.4993, 0.139138, -129.642, 0.810173, -175.643, 1.86816, 1.52227
2374, 39.57500, 4.75251, 126.43, 26.2387, 93.3207, 57.183, -87.7876, 0.139063, -129.89, 0.807973, -175.743, 1.86526, 1.22979
2375, 39.58333, 4.7451, 126.13, 26.1594, 93.2033, 57.0763, -88.0761, 0.138984, -130.138, 0.805753, -175.842, 1.86228, 0.937073
2376, 39.59167, 4.73756, 125.83, 26.0794, 93.0866, 56.9675, -88.3649, 0.138902, -130.386, 0.803512, -175.94, 1.85923, 0.644116
2376, 39.60000, 4.72988, 125.53, 25.9987, 92.9708, 56.8566, -88.6538, 0.138817, -130.634, 0.801251, -176.037, 1.85611, 0.351015
2377, 39.60833, 4.72207, 125.23, 25.9173, 92.8558, 56.7435, -88.9428, 0.138729, -130.881, 0.79897, -176.134, 1.85291, 0.0577612
2377, 39.61667, 4.71413, 124.931, 25.8353, 92.7417, 56.6283, -89.2319, 0.138637, -131.128, 0.796669, -176.229, 1.84965, -0.235655
2378, 39.62500, 4.70605, 124.633, 25.7526, 92.6285, 56.511, -89.5212, 0.138542, -131.375, 0.794349, -176.324, 1.84631, -0.529135
2378, 39.63333, 4.69784, 124.334, 25.6693, 92.5163, 56.3916, -89.8104, 0.138444, -131.621, 0.792009, -176.417, 1.84291, -0.822689
2378, 39.64167, 4.6895, 124.036, 25.5854, 92.4051, 56.27, -90.0997, 0.138342, -131.867, 0.789651, -176.509, 1.83943, -1.11632
2379, 39.65000, 4.68103, 123.739, 25.5008, 92.2949, 56.1463, -90.389, 0.138237, -132.112, 0.787273, -176.6, 1.83588, -1.40994
2380, 39.65833, 4.67243, 123.442, 25.4156, 92.1858, 56.0206, -90.6783, 0.138129, -132.357, 0.784878, -176.69, 1.83226, -1.70355
2380, 39.66667, 4.66369, 123.146, 25.3298, 92.0778, 55.8927, -90.9675, 0.138018, -132.602, 0.782464, -176.779, 1.82856, -1.99716
2381, 39.67500, 4.65483, 122.85, 25.2434, 91.971, 55.7628, -91.2566, 0.137903, -132.846, 0.780032, -176.866, 1.8248, -2.29067
2381, 39.68333, 4.64584, 122.555, 25.1564, 91.8653, 55.6308, -91.5456, 0.137785, -133.09, 0.777583, -176.952, 1.82097, -2.58408
2382, 39.69167, 4.63672, 122.26, 25.0688, 91.7608, 55.4967, -91.8345, 0.137664, -133.333, 0.775117, -177.037, 1.81707, -2.87741
2382, 39.70000, 4.62747, 121.966, 24.9806, 91.6577, 55.3606, -92.1232, 0.137539, -133.576, 0.772634, -177.12, 1.8131, -3.17056
2383, 39.70833, 4.6181, 121.672, 24.8919, 91.5558, 55.2225, -92.4117, 0.137412, -133.818, 0.770135, -177.202, 1.80906, -3.46353
2383, 39.71667, 4.6086, 121.38, 24.8027, 91.4552, 55.0823, -92.7, 0.137281, -134.059, 0.767619, -177.283, 1.80495, -3.75633
2384, 39.72500, 4.59898, 121.088, 24.7129, 91.3561, 54.9402, -92.988, 0.137147, -134.3, 0.765087, -177.362, 1.80077, -4.04886
2384, 39.73333, 4.58924, 120.796, 24.6226, 91.2583, 54.796, -93.2758, 0.13701, -134.54, 0.762541, -177.44, 1.79653, -4.34112
2385, 39.74167, 4.57937, 120.506, 24.5318, 91.162, 54.6498, -93.5632, 0.136869, -134.78, 0.759979, -177.516, 1.79221, -4.63313
2385, 39.75000, 4.56938, 120.216, 24.4405, 91.0672, 54.5017, -93.8503, 0.136726, -135.019, 0.757403, -177.59, 1.78783, -4.92479
2386, 39.75833, 4.55927, 119.927, 24.3487, 90.9739, 54.3517, -94.137, 0.136579, -135.257, 0.754812, -177.663, 1.78339, -5.21609
2386, 39.76667, 4.54904, 119.639, 24.2564, 90.8821, 54.1997, -94.4233, 0.136429, -135.495, 0.752208, -177.734, 1.77887, -5.50705
2387, 39.77500, 4.5387, 119.351, 24.1637, 90.792, 54.0458, -94.7092, 0.136276, -135.732, 0.74959, -177.804, 1.7743, -5.79757
2387, 39.78333, 4.52823, 119.065, 24.0706, 90.7035, 53.8901, -94.9946, 0.136121, -135.968, 0.74696, -177.872, 1.76965, -6.08765
2388, 39.79167, 4.51766, 118.78, 23.977, 90.6167, 53.7324, -95.2795, 0.135962, -136.203, 0.744316, -177.938, 1.76495, -6.3773
2388, 39.80000, 4.50697, 118.495, 23.883, 90.5316, 53.5729, -95.5639, 0.1358, -136.438, 0.741661, -178.002, 1.76018, -6.66643
2389, 39.80833, 4.49617, 118.211, 23.7886, 90.4482, 53.4115, -95.8478, 0.135635, -136.672, 0.738995, -178.064, 1.75534, -6.95503
2389, 39.81667, 4.48525, 117.929, 23.6938, 90.3667, 53.2484, -96.1311, 0.135467, -136.905, 0.736317, -178.125, 1.75044, -7.24311
2390, 39.82500, 4.47423, 117.647, 23.5986, 90.287, 53.0834, -96.4138, 0.135296, -137.137, 0.733629, -178.184, 1.74549, -7.53057
2390, 39.83333, 4.4631, 117.367, 23.5031, 90.2091, 52.9167, -96.6958, 0.135123, -137.368, 0.73093, -178.24, 1.74047, -7.81743
2391, 39.84167, 4.45187, 117.087, 23.4073, 90.1332, 52.7483, -96.9772, 0.134946, -137.598, 0.728221, -178.295, 1.73539, -8.10368
2391, 39.85000, 4.44053, 116.809, 23.3111, 90.0592, 52.5781, -97.2579, 0.134767, -137.828, 0.725504, -178.348, 1.73025, -8.38924
2392, 39.85833, 4.42909, 116.531, 23.2147, 89.9871, 52.4062, -97.5379, 0.134585, -138.056, 0.722778, -178.398, 1.72505, -8.67409
2392, 39.86667, 4.41754, 116.255, 23.1179, 89.9171, 52.2327, -97.8171, 0.1344, -138.284, 0.720043, -178.447, 1.71979, -8.95826
2393, 39.87500, 4.4059, 115.98, 23.0209, 89.8491, 52.0575, -98.0956, 0.134213, -138.51, 0.717301, -178.493, 1.71448, -9.24163
2393, 39.88333, 4.39416, 115.706, 22.9236, 89.7832, 51.8807, -98.3732, 0.134022, -138.736, 0.714552, -178.537, 1.70911, -9.52423
2394, 39.89167, 4.38233, 115.434, 22.826, 89.7195, 51.7022, -98.65, 0.13383, -138.961, 0.711795, -178.579, 1.70368, -9.80605
2394, 39.90000, 4.3704, 115.162, 22.7283, 89.6579, 51.5223, -98.9259, 0.133634, -139.184, 0.709033, -178.619, 1.6982, -10.087
2395, 39.90833, 4.35838, 114.892, 22.6303, 89.5985, 51.3407, -99.201, 0.133436, -139.407, 0.706265, -178.657, 1.69266, -10.3671
2395, 39.91667, 4.34627, 114.623, 22.5321, 89.5413, 51.1577, -99.4751, 0.133236, -139.628, 0.703491, -178.692, 1.68707, -10.6463
2396, 39.92500, 4.33407, 114.356, 22.4338, 89.4864, 50.9731, -99.7483, 0.133033, -139.849, 0.700714, -178.725, 1.68143, -10.9246
2396, 39.93333, 4.32179, 114.089, 22.3353, 89.4338, 50.7872, -100.021, 0.132828, -140.068, 0.697932, -178.756, 1.67574, -11.2019
2397, 39.94167, 4.30942, 113.825, 22.2367, 89.3835, 50.5997, -100.292, 0.13262, -140.286, 0.695146, -178.784, 1.66999, -11.4783
2397, 39.95000, 4.29697, 113.561, 22.1379, 89.3356, 50.4109, -100.562, 0.13241, -140.503, 0.692358, -178.81, 1.6642, -11.7536
2398, 39.95833, 4.28445, 113.299, 22.0391, 89.29, 50.2207, -100.831, 0.132197, -140.719, 0.689567, -178.834, 1.65836, -12.028
2398, 39.96667, 4.27184, 113.038, 21.9401, 89.2469, 50.0292, -101.099, 0.131983, -140.934, 0.686774, -178.855, 1.65246, -12.3013
2399, 39.97500, 4.25916, 112.779, 21.8411, 89.2063, 49.8363, -101.366, 0.131766, -141.147, 0.683979, -178.873, 1.64653, -12.5735
2399, 39.98333, 4.2464, 112.521, 21.7421, 89.1681, 49.6422, -101.632, 0.131547, -141.359, 0.681184, -178.889, 1.64054, -12.8445
2400, 39.99167, 4.23358, 112.265, 21.6429, 89.1325, 49.4468, -101.896, 0.131326, -141.57, 0.678389, -178.902, 1.63452, -13.1145
2400, 40.00000, 4.22068, 112.01, 21.5438, 89.0994, 49.2502, -102.16, 0.131103, -141.78, 0.675593, -178.913, 1.62844, -13.3833
2401, 40.00833, 4.20772, 111.757, 21.4447, 89.069, 49.0524, -102.422, 0.130878, -141.989, 0.672799, -178.922, 1.62233, -13.6509
2401, 40.01667, 4.19469, 111.505, 21.3456, 89.0411, 48.8534, -102.683, 0.130651, -142.196, 0.670006, -178.927, 1.61617, -13.9173
2402, 40.02500, 4.1816, 111.255, 21.2465, 89.0159, 48.6533, -102.943, 0.130422, -142.402, 0.667215, -178.93, 1.60997, -14.1825
2402, 40.03333, 4.16845, 111.007, 21.1475, 88.9933, 48.4521, -103.201, 0.130191, -142.607, 0.664426, -178.93, 1.60373, -14.4464
2403, 40.04167, 4.15524, 110.76, 21.0486, 88.9734, 48.2498, -103.458, 0.129958, -142.81, 0.66164, -178.928, 1.59745, -14.709
2403, 40.05000, 4.14197, 110.514, 20.9497, 88.9563, 48.0465, -103.714, 0.129724, -143.013, 0.658858, -178.923, 1.59114, -14.9703
2404, 40.05833, 4.12866, 110.271, 20.851, 88.9419, 47.8422, -103.969, 0.129488, -143.213, 0.656079, -178.915, 1.58479, -15.2303
2404, 40.06667, 4.11528, 110.029, 20.7523, 88.9303, 47.6369, -104.222, 0.12925, -143.413, 0.653305, -178.904, 1.5784, -15.489
2405, 40.07500, 4.10186, 109.788, 20.6539, 88.9215, 47.4307, -104.473, 0.129011, -143.611, 0.650537, -178.891, 1.57197, -15.7462
2405, 40.08333, 4.0884, 109.55, 20.5555, 88.9155, 47.2236, -104.723, 0.12877, -143.808, 0.647774, -178.875, 1.56552, -16.0021
2406, 40.09167, 4.07488, 109.313, 20.4574, 88.9123, 47.0156, -104.972, 0.128527, -144.003, 0.645017, -178.856, 1.55902, -16.2565
2406, 40.10000, 4.06133, 109.077, 20.3594, 88.9121, 46.8068, -105.22, 0.128283, -144.197, 0.642267, -178.834, 1.5525, -16.5095
2407, 40.10833, 4.04773, 108.844, 20.2617, 88.9147, 46.5972, -105.465, 0.128038, -144.39, 0.639524, -178.809, 1.54595, -16.761
2407, 40.11667, 4.0341, 108.612, 20.1641, 88.9202, 46.3867, -105.71, 0.127792, -144.581, 0.636789, -178.782, 1.53937, -17.0111
2408, 40.12500, 4.02043, 108.382, 20.0668, 88.9287, 46.1756, -105.952, 0.127544, -144.77, 0.634063, -178.752, 1.53276, -17.2596
2408, 40.13333, 4.00673, 108.154, 19.9698, 88.9401, 45.9637, -106.193, 0.127295, -144.959, 0.631345, -178.718, 1.52612, -17.5066
2409, 40.14167, 3.99299, 107.928, 19.8731, 88.9545, 45.7511, -106.433, 0.127044, -145.146, 0.628636, -178.682, 1.51945, -17.752
2409, 40.15000, 3.97923, 107.703, 19.7766, 88.9719, 45.5379, -106.671, 0.126793, -145.331, 0.625937, -178.643, 1.51276, -17.9959
2410, 40.15833, 3.96544, 107.481, 19.6805, 88.9923, 45.3241, -106.907, 0.12654, -145.515, 0.623249, -178.601, 1.50604, -18.2382
2410, 40.16667, 3.95162, 107.26, 19.5847, 89.0157, 45.1096, -107.142, 0.126287, -145.697, 0.620571, -178.556, 1.4993, -18.4789
2411, 40.17500, 3.93778, 107.041, 19.4892, 89.0422, 44.8946, -107.375, 0.126032, -145.878, 0.617905, -178.508, 1.49254, -18.7179
2411, 40.18333, 3.92392, 106.824, 19.3941, 89.0717, 44.6791, -107.606, 0.125777, -146.058, 0.615251, -178.457, 1.48576, -18.9553
2412, 40.19167, 3.91004, 106.608, 19.2993, 89.1043, 44.4631, -107.836, 0.125521, -146.236, 0.612608, -178.403, 1.47895, -19.191
2412, 40.20000, 3.89615, 106.395, 19.205, 89.14, 44.2467, -108.064, 0.125264, -146.412, 0.609979, -178.346, 1.47213, -19.4251
2413, 40.20833, 3.88224, 106.184, 19.111, 89.1787, 44.0298, -108.29, 0.125006, -146.588, 0.607363, -178.287, 1.46529, -19.6574
2413, 40.21667, 3.86831, 105.974, 19.0175, 89.2206, 43.8125, -108.515, 0.124747, -146.761, 0.60476, -178.224, 1.45843, -19.888
2414, 40.22500, 3.85438, 105.766, 18.9244, 89.2655, 43.5948, -108.737, 0.124488, -146.933, 0.602171, -178.158, 1.45155, -20.1169
2414, 40.23333, 3.84045, 105.561, 18.8317, 89.3136, 43.3768, -108.958, 0.124228, -147.104, 0.599598, -178.089, 1.44466, -20.344
2415, 40.24167, 3.8265, 105.357, 18.7395, 89.3649, 43.1585, -109.177, 0.123968, -147.273, 0.597039, -178.018, 1.43776, -20.5694
2415, 40.25000, 3.81255, 105.155, 18.6478, 89.4192, 42.9399, -109.394, 0.123707, -147.44, 0.594495, -177.943, 1.43084, -20.793
2416, 40.25833, 3.7986, 104.955, 18.5566, 89.4767, 42.7211, -109.61, 0.123446, -147.606, 0.591968, -177.866, 1.42391, -21.0147
2416, 40.26667, 3.78465, 104.757, 18.4659, 89.5374, 42.502, -109.823, 0.123184, -147.77, 0.589457, -177.785, 1.41696, -21.2347
2417, 40.27500, 3.7707, 104.562, 18.3757, 89.6011, 42.2827, -110.035, 0.122922, -147.933, 0.586962, -177.701, 1.41001, -21.4528
2417, 40.28333, 3.75676, 104.368, 18.286, 89.6681, 42.0633, -110.245, 0.12266, -148.095, 0.584485, -177.615, 1.40304, -21.669
2418, 40.29167, 3.74282, 104.176, 18.1969, 89.7382, 41.8437, -110.453, 0.122397, -148.254, 0.582025, -177.525, 1.39607, -21.8834
2418, 40.30000, 3.7289, 103.986, 18.1083, 89.8114, 41.6241, -110.659, 0.122134, -148.413, 0.579583, -177.433, 1.38909, -22.0959
2419, 40.30833, 3.71498, 103.798, 18.0203, 89.8878, 41.4043, -110.863, 0.121871, -148.569, 0.577159, -177.338, 1.38211, -22.3066
2419, 40.31667, 3.70107, 103.612, 17.9329, 89.9674, 41.1845, -111.065, 0.121608, -148.725, 0.574754, -177.239, 1.37511, -22.5153
2420, 40.32500, 3.68718, 103.428, 17.8461, 90.0501, 40.9647, -111.265, 0.121344, -148.878, 0.572368, -177.138, 1.36812, -22.7221
2420, 40.33333, 3.6733, 103.246, 17.7599, 90.136, 40.7448, -111.463, 0.121081, -149.03, 0.570002, -177.034, 1.36111, -22.927
2421, 40.34167, 3.65944, 103.066, 17.6743, 90.225, 40.525, -111.659, 0.120818, -149.181, 0.567655, -176.927, 1.35411, -23.1299
2421, 40.35000, 3.64559, 102.889, 17.5893, 90.3171, 40.3053, -111.853, 0.120555, -149.33, 0.565328, -176.817, 1.3471, -23.3309
2422, 40.35833, 3.63177, 102.713, 17.505, 90.4124, 40.0856, -112.045, 0.120292, -149.478, 0.563021, -176.705, 1.34009, -23.5299
2422, 40.36667, 3.61797, 102.539, 17.4214, 90.5108, 39.866, -112.236, 0.120029, -149.624, 0.560735, -176.589, 1.33308, -23.7269
2423, 40.37500, 3.6042, 102.367, 17.3383, 90.6123, 39.6466, -112.424, 0.119766, -149.768, 0.558471, -176.471, 1.32607, -23.9219
2423, 40.38333, 3.59045, 102.197, 17.256, 90.7169, 39.4273, -112.61, 0.119503, -149.911, 0.556227, -176.349, 1.31906, -24.1149
2424, 40.39167, 3.57673, 102.03, 17.1744, 90.8246, 39.2081, -112.794, 0.119241, -150.052, 0.554005, -176.225, 1.31206, -24.3059
2424, 40.40000, 3.56304, 101.864, 17.0934, 90.9353, 38.9892, -112.976, 0.118979, -150.192, 0.551805, -176.099, 1.30505, -24.4949
2425, 40.40833, 3.54938, 101.701, 17.0132, 91.0491, 38.7705, -113.156, 0.118718, -150.331, 0.549627, -175.969, 1.29805, -24.6818
2425, 40.41667, 3.53575, 101.539, 16.9336, 91.166, 38.5521, -113.333, 0.118456, -150.467, 0.547472, -175.837, 1.29105, -24.8668
2426, 40.42500, 3.52215, 101.379, 16.8548, 91.2859, 38.3339, -113.509, 0.118196, -150.603, 0.545339, -175.702, 1.28406, -25.0496
2426, 40.43333, 3.50859, 101.222, 16.7767, 91.4088, 38.116, -113.683, 0.117935, -150.736, 0.543229, -175.564, 1.27707, -25.2304
2427, 40.44167, 3.49507, 101.066, 16.6993, 91.5348, 37.8985, -113.854, 0.117676, -150.869, 0.541142, -175.424, 1.27009, -25.4091
2427, 40.45000, 3.48159, 100.913, 16.6227, 91.6637, 37.6812, -114.023, 0.117416, -150.999, 0.539079, -175.281, 1.26312, -25.5857
2428, 40.45833, 3.46814, 100.762, 16.5468, 91.7955, 37.4644, -114.19, 0.117158, -151.129, 0.537039, -175.136, 1.25616, -25.7602
2428, 40.46667, 3.45473, 100.612, 16.4717, 91.9303, 37.2478, -114.356, 0.1169, -151.257, 0.535023, -174.988, 1.2492, -25.9326
2429, 40.47500, 3.44137, 100.465, 16.3974, 92.068, 37.0318, -114.518, 0.116642, -151.383, 0.533031, -174.837, 1.24225, -26.1029
2429, 40.48333, 3.42805, 100.32, 16.3238, 92.2086, 36.8161, -114.679, 0.116385, -151.508, 0.531063, -174.684, 1.23531, -26.2711
2430, 40.49167, 3.41478, 100.176, 16.251, 92.352, 36.6008, -114.838, 0.116129, -151.631, 0.529119, -174.529, 1.22838, -26.4372
2430, 40.50000, 3.40155, 100.035, 16.179, 92.4983, 36.386, -114.994, 0.115874, -151.753, 0.527201, -174.371, 1.22147, -26.6011
2431, 40.50833, 3.38837, 99.8958, 16.1078, 92.6474, 36.1717, -115.148, 0.11562, -151.873, 0.525306, -174.211, 1.21456, -26.7629
2431, 40.51667, 3.37524, 99.7585, 16.0374, 92.7993, 35.9579, -115.3, 0.115366, -151.992, 0.523437, -174.048, 1.20767, -26.9226
2432, 40.52500, 3.36215, 99.6233, 15.9678, 92.9539, 35.7445, -115.45, 0.115113, -152.11, 0.521592, -173.883, 1.20079, -27.08
2432, 40.53333, 3.34912, 99.4901, 15.899, 93.1113, 35.5318, -115.598, 0.114861, -152.226, 0.519773, -173.716, 1.19393, -27.2354
2433, 40.54167, 3.33614, 99.3589, 15.831, 93.2713, 35.3195, -115.743, 0.11461, -152.341, 0.517979, -173.546, 1.18708, -27.3885
2433, 40.55000, 3.32321, 99.2297, 15.7638, 93.434, 35.1078, -115.886, 0.11436, -152.454, 0.51621, -173.374, 1.18024, -27.5395
2434, 40.55833, 3.31034, 99.1024, 15.6975, 93.5994, 34.8967, -116.027, 0.114111, -152.566, 0.514467, -173.2, 1.17342, -27.6883
2434, 40.56667, 3.29752, 98.9772, 15.632, 93.7673, 34.6862, -116.166, 0.113862, -152.676, 0.512749, -173.024, 1.16661, -27.8349
2435, 40.57500, 3.28476, 98.8539, 15.5673, 93.9378, 34.4763, -116.302, 0.113615, -152.785, 0.511057, -172.846, 1.15982, -27.9793
2435, 40.58333, 3.27205, 98.7326, 15.5034, 94.1108, 34.267, -116.436, 0.113369, -152.893, 0.50939, -172.666, 1.15305, -28.1215
2436, 40.59167, 3.2594, 98.6133, 15.4404, 94.2863, 34.0584, -116.568, 0.113124, -152.999, 0.507749, -172.484, 1.1463, -28.2615
2436, 40.60000, 3.24682, 98.4959, 15.3782, 94.4642, 33.8504, -116.698, 0.11288, -153.104, 0.506134, -172.3, 1.13956, -28.3993
2437, 40.60833, 3.23429, 98.3804, 15.3169, 94.6445, 33.6431, -116.825, 0.112637, -153.207, 0.504545, -172.114, 1.13284, -28.5348
2437, 40.61667, 3.22182, 98.267, 15.2563, 94.8272, 33.4364, -116.95, 0.112395, -153.309, 0.502982, -171.926, 1.12614, -28.6682
2438, 40.62500, 3.20941, 98.1554, 15.1967, 95.0123, 33.2305, -117.073, 0.112155, -153.41, 0.501445, -171.736, 1.11946, -28.7993
2438, 40.63333, 3.19706, 98.0458, 15.1379, 95.1996, 33.0252, -117.194, 0.111915, -153.509, 0.499934, -171.544, 1.1128, -28.9282
2439, 40.64167, 3.18478, 97.9381, 15.0799, 95.3891, 32.8207, -117.312, 0.111677, -153.607, 0.498448, -171.351, 1.10616, -29.0548
2439, 40.65000, 3.17256, 97.8323, 15.0228, 95.5809, 32.6169, -117.428, 0.11144, -153.704, 0.496989, -171.156, 1.09954, -29.1792
2439, 40.65833, 3.16041, 97.7284, 14.9665, 95.7748, 32.4139, -117.542, 0.111204, -153.8, 0.495556, -170.959, 1.09295, -29.3014
2440, 40.66667, 3.14832, 97.6264, 14.9111, 95.9708, 32.2116, -117.653, 0.110969, -153.894, 0.494149, -170.761, 1.08637, -29.4213
2441, 40.67500, 3.13629, 97.5263, 14.8566, 96.1689, 32.0101, -117.762, 0.110736, -153.987, 0.492767, -170.561, 1.07981, -29.5389
2441, 40.68333, 3.12433, 97.428, 14.8029, 96.369, 31.8093, -117.869, 0.110504, -154.078, 0.491412, -170.36, 1.07328, -29.6543
2442, 40.69167, 3.11244, 97.3316, 14.75, 96.5711, 31.6094, -117.973, 0.110273, -154.169, 0.490082, -170.157, 1.06677, -29.7674
2442, 40.70000, 3.10062, 97.2371, 14.698, 96.7751, 31.4102, -118.075, 0.110044, -154.258, 0.488779, -169.953, 1.06028, -29.8782
2443, 40.70833, 3.08886, 97.1444, 14.6468, 96.981, 31.2119, -118.175, 0.109816, -154.346, 0.487501, -169.747, 1.05382, -29.9868
2443, 40.71667, 3.07717, 97.0536, 14.5965, 97.1888, 31.0143, -118.273, 0.109589, -154.432, 0.486249, -169.54, 1.04738, -30.0931
2443, 40.72500, 3.06556, 96.9645, 14.5471, 97.3982, 30.8176, -118.368, 0.109364, -154.518, 0.485023, -169.332, 1.04097, -30.1971
2444, 40.73333, 3.05401, 96.8773, 14.4985, 97.6095, 30.6218, -118.461, 0.10914, -154.602, 0.483822, -169.123, 1.03458, -30.2988
2445, 40.74167, 3.04253, 96.7919, 14.4507, 97.8224, 30.4267, -118.551, 0.108917, -154.685, 0.482647, -168.912, 1.02821, -30.3982
2445, 40.75000, 3.03112, 96.7083, 14.4038, 98.037, 30.2326, -118.639, 0.108696, -154.767, 0.481497, -168.701, 1.02187, -30.4954
2446, 40.75833, 3.01978, 96.6265, 14.3577, 98.2531, 30.0393, -118.725, 0.108476, -154.847, 0.480373, -168.488, 1.01555, -30.5902
2446, 40.76667, 3.00852, 96.5464, 14.3125, 98.4708, 29.8468, -118.808, 0.108258, -154.927, 0.479274, -168.274, 1.00926, -30.6827
2447, 40.77500, 2.99732, 96.4681, 14.2681, 98.6899, 29.6553, -118.889, 0.108041, -155.005, 0.4782, -168.06, 1.003, -30.773
2447, 40.78333, 2.9862, 96.3915, 14.2245, 98.9105, 29.4646, -118.968, 0.107825, -155.082, 0.477151, -167.844, 0.996757, -30.8609
2447, 40.79167, 2.97515, 96.3167, 14.1818, 99.1325, 29.2748, -119.044, 0.107611, -155.158, 0.476127, -167.628, 0.990544, -30.9465
2448, 40.80000, 2.96417, 96.2436, 14.1399, 99.3558, 29.0859, -119.118, 0.107399, -155.233, 0.475128, -167.41, 0.984358, -31.0298
2449, 40.80833, 2.95327, 96.1722, 14.0988, 99.5804, 28.8979, -119.19, 0.107188, -155.307, 0.474154, -167.192, 0.978199, -31.1108
2449, 40.81667, 2.94244, 96.1025, 14.0585, 99.8062, 28.7108, -119.259, 0.106978, -155.38, 0.473204, -166.974, 0.972067, -31.1894
2450, 40.82500, 2.93168, 96.0344, 14.0191, 100.033, 28.5247, -119.326, 0.10677, -155.451, 0.472279, -166.754, 0.965963, -31.2657
2450, 40.83333, 2.921, 95.9681, 13.9805, 100.261, 28.3394, -119.39, 0.106564, -155.522, 0.471378, -166.534, 0.959886, -31.3397
2451, 40.84167, 2.91039, 95.9034, 13.9426, 100.49, 28.1551, -119.452, 0.106359, -155.591, 0.470501, -166.314, 0.953836, -31.4114
2451, 40.85000, 2.89985, 95.8404, 13.9056, 100.721, 27.9717, -119.512, 0.106155, -155.66, 0.469649, -166.092, 0.947814, -31.4807
2451, 40.85833, 2.88939, 95.7789, 13.8694, 100.952, 27.7893, -119.569, 0.105953, -155.727, 0.46882, -165.871, 0.941821, -31.5477
2452, 40.86667, 2.879, 95.7192, 13.834, 101.184, 27.6078, -119.624, 0.105753, -155.793, 0.468014, -165.649, 0.935855, -31.6123
2453, 40.87500, 2.86869, 95.661, 13.7994, 101.417, 27.4272, -119.677, 0.105554, -155.859, 0.467232, -165.426, 0.929919, -31.6746
2453, 40.88333, 2.85845, 95.6044, 13.7656, 101.65, 27.2476, -119.727, 0.105356, -155.923, 0.466474, -165.203, 0.924011, -31.7345
2454, 40.89167, 2.84829, 95.5494, 13.7325, 101.885, 27.0689, -119.774, 0.10516, -155.986, 0.465739, -164.98, 0.918131, -31.7921
2454, 40.90000, 2.8382, 95.4959, 13.7003, 102.12, 26.8912, -119.82, 0.104966, -156.049, 0.465026, -164.757, 0.912281, -31.8473
2455, 40.90833, 2.82819, 95.444, 13.6688, 102.356, 26.7145, -119.863, 0.104773, -156.11, 0.464337, -164.534, 0.90646, -31.9002
2455, 40.91667, 2.81825, 95.3937, 13.6381, 102.592, 26.5387, -119.903, 0.104582, -156.17, 0.46367, -164.31, 0.900667, -31.9507
2455, 40.92500, 2.80839, 95.3448, 13.6081, 102.829, 26.3639, -119.941, 0.104392, -156.23, 0.463026, -164.086, 0.894904, -31.9988
2456, 40.93333, 2.7986, 95.2975, 13.5789, 103.067, 26.1901, -119.977, 0.104204, -156.288, 0.462404, -163.862, 0.889171, -32.0446
2457, 40.94167, 2.78889, 95.2517, 13.5504, 103.305, 26.0172, -120.01, 0.104018, -156.346, 0.461803, -163.638, 0.883467, -32.088
2457, 40.95000, 2.77926, 95.2074, 13.5227, 103.543, 25.8454, -120.04, 0.103833, -156.403, 0.461225, -163.414, 0.877793, -32.129
2458, 40.95833, 2.7697, 95.1645, 13.4958, 103.782, 25.6745, -120.069, 0.103649, -156.459, 0.460668, -163.19, 0.872148, -32.1676
2458, 40.96667, 2.76021, 95.1231, 13.4695, 104.021, 25.5045, -120.095, 0.103467, -156.514, 0.460133, -162.967, 0.866533, -32.2039
2459, 40.97500, 2.7508, 95.0831, 13.444, 104.26, 25.3356, -120.118, 0.103287, -156.568, 0.459619, -162.743, 0.860949, -32.2377
2459, 40.98333, 2.74146, 95.0446, 13.4192, 104.5, 25.1677, -120.139, 0.103109, -156.621, 0.459126, -162.52, 0.855395, -32.2692
2459, 40.99167, 2.7322, 95.0074, 13.3951, 104.739, 25.0007, -120.157, 0.102931, -156.673, 0.458654, -162.296, 0.84987, -32.2982
2460, 41.00000, 2.72302, 94.9717, 13.3717, 104.979, 24.8347, -120.173, 0.102756, -156.725, 0.458202, -162.073, 0.844377, -32.3249
2461, 41.00833, 2.71391, 94.9374, 13.3491, 105.219, 24.6697, -120.187, 0.102582, -156.775, 0.457771, -161.851, 0.838913, -32.3491
2461, 41.01667, 2.70487, 94.9044, 13.3271, 105.459, 24.5057, -120.198, 0.102409, -156.825, 0.45736, -161.628, 0.833479, -32.371
2462, 41.02500, 2.69591, 94.8727, 13.3058, 105.699, 24.3427, -120.207, 0.102238, -156.874, 0.456969, -161.406, 0.828077, -32.3904
2462, 41.03333, 2.68702, 94.8425, 13.2852, 105.938, 24.1807, -120.213, 0.102069, -156.923, 0.456598, -161.184, 0.822705, -32.4074
2463, 41.04167, 2.67821, 94.8135, 13.2652, 106.178, 24.0197, -120.217, 0.101901, -156.97, 0.456246, -160.963, 0.817363, -32.422
2463, 41.05000, 2.66947, 94.7858, 13.2459, 106.418, 23.8597, -120.218, 0.101735, -157.017, 0.455914, -160.743, 0.812052, -32.4342
2463, 41.05833, 2.66081, 94.7595, 13.2273, 106.657, 23.7007, -120.217, 0.101571, -157.063, 0.4556, -160.522, 0.806772, -32.4439
2464, 41.06667, 2.65222, 94.7344, 13.2093, 106.896, 23.5427, -120.213, 0.101408, -157.108, 0.455305, -160.303, 0.801522, -32.4513
2465, 41.07500, 2.64371, 94.7106, 13.192, 107.135, 23.3857, -120.207, 0.101246, -157.152, 0.455029, -160.083, 0.796303, -32.4561
2465, 41.08333, 2.63526, 94.688, 13.1753, 107.373, 23.2297, -120.198, 0.101086, -157.196, 0.454772, -159.865, 0.791115, -32.4586
2466, 41.09167, 2.62689, 94.6667, 13.1592, 107.611, 23.0747, -120.187, 0.100928, -157.239, 0.454532, -159.647, 0.785957, -32.4586
2466, 41.10000, 2.6186, 94.6466, 13.1438, 107.849, 22.9206, -120.174, 0.100771, -157.281, 0.454311, -159.43, 0.780831, -32.4561
2467, 41.10833, 2.61038, 94.6277, 13.129, 108.086, 22.7676, -120.158, 0.100616, -157.323, 0.454107, -159.213, 0.775736, -32.4512
2467, 41.11667, 2.60223, 94.61, 13.1148, 108.323, 22.6156, -120.139, 0.100462, -157.364, 0.45392, -158.997, 0.770671, -32.4438
2467, 41.12500, 2.59415, 94.5935, 13.1011, 108.56, 22.4646, -120.118, 0.10031, -157.404, 0.453751, -158.782, 0.765637, -32.434
2468, 41.13333, 2.58615, 94.5781, 13.0881, 108.796, 22.3146, -120.094, 0.100159, -157.444, 0.453599, -158.567, 0.760635, -32.4217
2469, 41.14167, 2.57822, 94.5639, 13.0757, 109.031, 22.1656, -120.068, 0.10001, -157.483, 0.453464, -158.354, 0.755663, -32.4069
2469, 41.15000, 2.57036, 94.5508, 13.0638, 109.265, 22.0175, -120.039, 0.099862, -157.521, 0.453345, -158.141, 0.750722, -32.3896
2470, 41.15833, 2.56257, 94.5388, 13.0525, 109.499, 21.8705, -120.008, 0.0997158, -157.559, 0.453243, -157.929, 0.745812, -32.3699
2470, 41.16667, 2.55485, 94.528, 13.0418, 109.733, 21.7245, -119.974, 0.0995712, -157.596, 0.453156, -157.718, 0.740933, -32.3477
2471, 41.17500, 2.54721, 94.5182, 13.0316, 109.965, 21.5795, -119.938, 0.0994281, -157.632, 0.453086, -157.507, 0.736086, -32.323
2471, 41.18333, 2.53963, 94.5095, 13.022, 110.197, 21.4354, -119.899, 0.0992864, -157.668, 0.453031, -157.298, 0.731269, -32.2958
2471, 41.19167, 2.53213, 94.5019, 13.0129, 110.429, 21.2924, -119.858, 0.0991463, -157.704, 0.452992, -157.09, 0.726483, -32.2661
2472, 41.20000, 2.52469, 94.4953, 13.0044, 110.659, 21.1503, -119.814, 0.0990077, -157.738, 0.452968, -156.882, 0.721728, -32.2339
2473, 41.20833, 2.51733, 94.4897, 12.9964, 110.888, 21.0093, -119.768, 0.0988705, -157.772, 0.452959, -156.675, 0.717004, -32.1992
2473, 41.21667, 2.51004, 94.4851, 12.9889, 111.117, 20.8692, -119.719, 0.0987349, -157.806, 0.452964, -156.47, 0.71231, -32.1619
2474, 41.22500, 2.50281, 94.4816, 12.9819, 111.345, 20.7302, -119.667, 0.0986007, -157.839, 0.452984, -156.265, 0.707648, -32.1222
2474, 41.23333, 2.49566, 94.479, 12.9754, 111.572, 20.5921, -119.613, 0.098468, -157.871, 0.453019, -156.062, 0.703017, -32.0799
2475, 41.24167, 2.48857, 94.4774, 12.9694, 111.798, 20.455, -119.557, 0.0983367, -157.903, 0.453068, -155.859, 0.698417, -32.0351
2475, 41.25000, 2.48155, 94.4768, 12.9639, 112.023, 20.3189, -119.497, 0.0982069, -157.935, 0.45313, -155.658, 0.693847, -31.9878
2475, 41.25833, 2.4746, 94.4771, 12.9588, 112.247, 20.1838, -119.436, 0.0980786, -157.966, 0.453206, -155.457, 0.689309, -31.9379
2476, 41.26667, 2.46772, 94.4783, 12.9543, 112.47, 20.0496, -119.371, 0.0979517, -157.996, 0.453296, -155.258, 0.684801, -31.8855
2477, 41.27500, 2.46091, 94.4805, 12.9502, 112.692, 19.9165, -119.304, 0.0978262, -158.026, 0.453399, -155.059, 0.680324, -31.8305
2477, 41.28333, 2.45416, 94.4835, 12.9466, 112.913, 19.7843, -119.235, 0.0977022, -158.056, 0.453515, -154.862, 0.675878, -31.773
2478, 41.29167, 2.44748, 94.4874, 12.9434, 113.133, 19.6532, -119.163, 0.0975796, -158.085, 0.453644, -154.666, 0.671462, -31.7129
2478, 41.30000, 2.44087, 94.4922, 12.9407, 113.352, 19.523, -119.088, 0.0974584, -158.113, 0.453785, -154.471, 0.667077, -31.6502
2479, 41.30833, 2.43432, 94.4979, 12.9384, 113.57, 19.3937, -119.011, 0.0973387, -158.141, 0.453939, -154.277, 0.662724, -31.585
2479, 41.31667, 2.42784, 94.5044, 12.9366, 113.787, 19.2655, -118.931, 0.0972203, -158.169, 0.454105, -154.085, 0.6584, -31.5172
2479, 41.32500, 2.42142, 94.5117, 12.9351, 114.002, 19.1382, -118.849, 0.0971033, -158.196, 0.454283, -153.893, 0.654107, -31.4468
2480, 41.33333, 2.41507, 94.5199, 12.9341, 114.217, 19.0119, -118.764, 0.0969878, -158.223, 0.454472, -153.703, 0.649845, -31.3738
2481, 41.34167, 2.40879, 94.5288, 12.9335, 114.43, 18.8866, -118.676, 0.0968736, -158.249, 0.454674, -153.513, 0.645613, -31.2982
2481, 41.35000, 2.40256, 94.5386, 12.9333, 114.642, 18.7622, -118.586, 0.0967608, -158.275, 0.454886, -153.325, 0.641412, -31.2201
2482, 41.35833, 2.39641, 94.5491, 12.9335, 114.853, 18.6388, -118.493, 0.0966493, -158.3, 0.45511, -153.138, 0.637242, -31.1393
2482, 41.36667, 2.39031, 94.5603, 12.9341, 115.063, 18.5164, -118.397, 0.0965393, -158.325, 0.455345, -152.953, 0.633102, -31.0559
2483, 41.37500, 2.38428, 94.5723, 12.9351, 115.272, 18.3949, -118.299, 0.0964306, -158.35, 0.455591, -152.768, 0.628992, -30.9699
2483, 41.38333, 2.37832, 94.5851, 12.9364, 115.479, 18.2744, -118.199, 0.0963232, -158.374, 0.455847, -152.585, 0.624913, -30.8813
2483, 41.39167, 2.37241, 94.5985, 12.9381, 115.685, 18.1549, -118.095, 0.0962171, -158.398, 0.456114, -152.403, 0.620864, -30.7901
2484, 41.40000, 2.36657, 94.6127, 12.9402, 115.89, 18.0363, -117.989, 0.0961125, -158.422, 0.456391, -152.222, 0.616845, -30.6962
2485, 41.40833, 2.36079, 94.6275, 12.9427, 116.094, 17.9187, -117.881, 0.0960091, -158.445, 0.456678, -152.043, 0.612857, -30.5997
2485, 41.41667, 2.35507, 94.6431, 12.9455, 116.296, 17.802, -117.77, 0.095907, -158.468, 0.456975, -151.864, 0.608898, -30.5006
2486, 41.42500, 2.34941, 94.6593, 12.9486, 116.497, 17.6863, -117.656, 0.0958063, -158.491, 0.457282, -151.687, 0.60497, -30.3988
2486, 41.43333, 2.34381, 94.6761, 12.9521, 116.697, 17.5715, -117.539, 0.0957069, -158.513, 0.457598, -151.511, 0.601073, -30.2944
2487, 41.44167, 2.33828, 94.6936, 12.9559, 116.895, 17.4577, -117.42, 0.0956087, -158.535, 0.457924, -151.337, 0.597204, -30.1873
2487, 41.45000, 2.3328, 94.7117, 12.96, 117.093, 17.3448, -117.298, 0.0955119, -158.556, 0.458258, -151.163, 0.593367, -30.0776
2487, 41.45833, 2.32738, 94.7304, 12.9645, 117.289, 17.2329, -117.174, 0.0954163, -158.578, 0.458602, -150.991, 0.589559, -29.9652
2488, 41.46667, 2.32202, 94.7498, 12.9692, 117.483, 17.1219, -117.047, 0.095322, -158.599, 0.458954, -150.82, 0.585781, -29.8501
2489, 41.47500, 2.31672, 94.7697, 12.9743, 117.677, 17.0119, -116.917, 0.095229, -158.619, 0.459315, -150.65, 0.582033, -29.7324
2489, 41.48333, 2.31148, 94.7902, 12.9797, 117.869, 16.9028, -116.785, 0.0951372, -158.64, 0.459685, -150.482, 0.578315, -29.6119
2490, 41.49167, 2.3063, 94.8112, 12.9854, 118.059, 16.7946, -116.65, 0.0950467, -158.66, 0.460063, -150.314, 0.574627, -29.4888
2490, 41.50000, 2.30118, 94.8328, 12.9913, 118.249, 16.6874, -116.512, 0.0949574, -158.68, 0.460449, -150.148, 0.570968, -29.363
2491, 41.50833, 2.29611, 94.8549, 12.9976, 118.437, 16.5811, -116.372, 0.0948693, -158.699, 0.460843, -149.984, 0.56734, -29.2346
2491, 41.51667, 2.2911, 94.8776, 13.0041, 118.623, 16.4757, -116.229, 0.0947825, -158.719, 0.461245, -149.82, 0.56374, -29.1034
2491, 41.52500, 2.28614, 94.9008, 13.0109, 118.809, 16.3713, -116.083, 0.0946969, -158.738, 0.461654, -149.658, 0.560171, -28.9695
2492, 41.53333, 2.28124, 94.9244, 13.018, 118.993, 16.2678, -115.935, 0.0946125, -158.757, 0.462071, -149.497, 0.556631, -28.833
2493, 41.54167, 2.2764, 94.9486, 13.0253, 119.176, 16.1652, -115.784, 0.0945293, -158.775, 0.462496, -149.337, 0.55312, -28.6937
2493, 41.55000, 2.27161, 94.9732, 13.0329, 119.357, 16.0635, -115.631, 0.0944473, -158.794, 0.462927, -149.178, 0.54964, -28.5517
2494, 41.55833, 2.26688, 94.9983, 13.0407, 119.537, 15.9628, -115.475, 0.0943665, -158.812, 0.463366, -149.021, 0.546188, -28.407
2494, 41.56667, 2.2622, 95.0239, 13.0488, 119.716, 15.8629, -115.316, 0.0942869, -158.83, 0.463812, -148.865, 0.542766, -28.2596
2495, 41.57500, 2.25758, 95.0499, 13.0572, 119.893, 15.764, -115.154, 0.0942084, -158.847, 0.464264, -148.71, 0.539374, -28.1095
2495, 41.58333, 2.25301, 95.0763, 13.0657, 120.069, 15.666, -114.99, 0.0941311, -158.865, 0.464723, -148.556, 0.53601, -27.9567
2495, 41.59167, 2.24849, 95.1031, 13.0745, 120.244, 15.5689, -114.823, 0.094055, -158.882, 0.465189, -148.404, 0.532676, -27.8011
2496, 41.60000, 2.24403, 95.1304, 13.0836, 120.417, 15.4727, -114.654, 0.09398, -158.899, 0.46566, -148.252, 0.529371, -27.6429
2497, 41.60833, 2.23962, 95.158, 13.0928, 120.589, 15.3775, -114.482, 0.0939062, -158.916, 0.466138, -148.102, 0.526096, -27.4819
2497, 41.61667, 2.23526, 95.1861, 13.1023, 120.76, 15.2831, -114.307, 0.0938334, -158.933, 0.466623, -147.953, 0.522849, -27.3181
2498, 41.62500, 2.23096, 95.2145, 13.112, 120.93, 15.1896, -114.13, 0.0937619, -158.949, 0.467113, -147.806, 0.519632, -27.1517
2498, 41.63333, 2.2267, 95.2432, 13.1218, 121.098, 15.0971, -113.95, 0.0936914, -158.966, 0.467609, -147.659, 0.516443, -26.9825
2499, 41.64167, 2.2225, 95.2724, 13.1319, 121.265, 15.0054, -113.768, 0.093622, -158.982, 0.468111, -147.514, 0.513283, -26.8106
2499, 41.65000, 2.21834, 95.3018, 13.1422, 121.43, 14.9147, -113.582, 0.0935538, -158.998, 0.468618, -147.37, 0.510153, -26.6359
2499, 41.65833, 2.21424, 95.3316, 13.1527, 121.594, 14.8248, -113.395, 0.0934866, -159.014, 0.46913, -147.227, 0.507051, -26.4586
2500, 41.66667, 2.21019, 95.3617, 13.1634, 121.757, 14.7358, -113.204, 0.0934205, -159.029, 0.469649, -147.085, 0.503978, -26.2785
2501, 41.67500, 2.20618, 95.3921, 13.1742, 121.919, 14.6477, -113.011, 0.0933555, -159.045, 0.470172, -146.945, 0.500935, -26.0957
2501, 41.68333, 2.20223, 95.4229, 13.1853, 122.079, 14.5605, -112.815, 0.0932916, -159.061, 0.4707, -146.805, 0.497919, -25.9101
2502, 41.69167, 2.19832, 95.4539, 13.1965, 122.238, 14.4742, -112.617, 0.0932288, -159.076, 0.471233, -146.667, 0.494933, -25.7218
2502, 41.70000, 2.19447, 95.4852, 13.2079, 122.395, 14.3888, -112.416, 0.093167, -159.091, 0.471772, -146.53, 0.491975, -25.5308
2503, 41.70833, 2.19066, 95.5167, 13.2195, 122.552, 14.3042, -112.213, 0.0931062, -159.106, 0.472315, -146.394, 0.489046, -25.3371
2503, 41.71667, 2.1869, 95.5485, 13.2312, 122.707, 14.2206, -112.007, 0.0930465, -159.121, 0.472862, -146.259, 0.486145, -25.1407
2503, 41.72500, 2.18318, 95.5806, 13.2431, 122.861, 14.1378, -111.799, 0.0929878, -159.136, 0.473414, -146.126, 0.483273, -24.9415
2504, 41.73333, 2.17952, 95.6129, 13.2551, 123.013, 14.0559, -111.587, 0.0929302, -159.15, 0.473971, -145.993, 0.480429, -24.7397
2505, 41.74167, 2.1759, 95.6454, 13.2673, 123.165, 13.9748, -111.374, 0.0928736, -159.165, 0.474532, -145.862, 0.477614, -24.5351
2505, 41.75000, 2.17232, 95.6782, 13.2797, 123.315, 13.8946, -111.158, 0.0928179, -159.18, 0.475097, -145.732, 0.474827, -24.3278
2506, 41.75833, 2.16879, 95.7111, 13.2922, 123.463, 13.8153, -110.939, 0.0927633, -159.194, 0.475666, -145.602, 0.472069, -24.1178
2506, 41.76667, 2.16531, 95.7443, 13.3048, 123.611, 13.7369, -110.718, 0.0927097, -159.208, 0.476239, -145.474, 0.469338, -23.9051
2507, 41.77500, 2.16187, 95.7777, 13.3176, 123.757, 13.6593, -110.494, 0.0926571, -159.222, 0.476816, -145.347, 0.466636, -23.6897
2507, 41.78333, 2.15848, 95.8112, 13.3305, 123.902, 13.5826, -110.268, 0.0926055, -159.237, 0.477397, -145.222, 0.463963, -23.4717
2508, 41.79167, 2.15513, 95.8449, 13.3435, 124.046, 13.5068, -110.039, 0.0925548, -159.251, 0.477982, -145.097, 0.461317, -23.251
2508, 41.80000, 2.15183, 95.8788, 13.3567, 124.189, 13.4318, -109.808, 0.0925051, -159.265, 0.47857, -144.973, 0.4587, -23.0276
2509, 41.80833, 2.14856, 95.9128, 13.37, 124.33, 13.3576, -109.574, 0.0924564, -159.279, 0.479162, -144.85, 0.45611, -22.8015
2509, 41.81667, 2.14535, 95.947, 13.3834, 124.47, 13.2843, -109.338, 0.0924086, -159.292, 0.479757, -144.729, 0.453549, -22.5728
2510, 41.82500, 2.14217, 95.9813, 13.397, 124.609, 13.2119, -109.1, 0.0923618, -159.306, 0.480355, -144.608, 0.451015, -22.3414
2510, 41.83333, 2.13904, 96.0158, 13.4106, 124.747, 13.1403, -108.859, 0.0923159, -159.32, 0.480957, -144.489, 0.44851, -22.1075
2511, 41.84167, 2.13595, 96.0504, 13.4244, 124.884, 13.0696, -108.616, 0.092271, -159.334, 0.481562, -144.37, 0.446032, -21.8708
2511, 41.85000, 2.1329, 96.0851, 13.4383, 125.019, 12.9997, -108.37, 0.092227, -159.347, 0.48217, -144.253, 0.443583, -21.6316
2512, 41.85833, 2.1299, 96.1199, 13.4523, 125.154, 12.9306, -108.122, 0.0921839, -159.361, 0.482781, -144.137, 0.441161, -21.3898
2512, 41.86667, 2.12693, 96.1548, 13.4664, 125.287, 12.8624, -107.871, 0.0921417, -159.374, 0.483396, -144.021, 0.438766, -21.1453
2513, 41.87500, 2.12401, 96.1898, 13.4806, 125.419, 12.795, -107.619, 0.0921004, -159.388, 0.484013, -143.907, 0.4364, -20.8983
2513, 41.88333, 2.12112, 96.2249, 13.4948, 125.55, 12.7284, -107.364, 0.09206, -159.401, 0.484632, -143.793, 0.434061, -20.6488
2514, 41.89167, 2.11828, 96.26, 13.5092, 125.679, 12.6627, -107.106, 0.0920205, -159.415, 0.485255, -143.681, 0.43175, -20.3966
2514, 41.90000, 2.11547, 96.2952, 13.5237, 125.808, 12.5978, -106.847, 0.0919819, -159.428, 0.48588, -143.57, 0.429466, -20.142
2515, 41.90833, 2.11271, 96.3305, 13.5383, 125.935, 12.5337, -106.585, 0.0919442, -159.441, 0.486507, -143.459, 0.42721, -19.8848
2515, 41.91667, 2.10998, 96.3658, 13.5529, 126.062, 12.4705, -106.321, 0.0919074, -159.455, 0.487137, -143.35, 0.424981, -19.6251
2516, 41.92500, 2.1073, 96.4012, 13.5677, 126.187, 12.408, -106.055, 0.0918714, -159.468, 0.48777, -143.241, 0.422779, -19.363
2516, 41.93333, 2.10465, 96.4366, 13.5825, 126.311, 12.3464, -105.786, 0.0918363, -159.481, 0.488405, -143.134, 0.420605, -19.0984
2517, 41.94167, 2.10204, 96.4721, 13.5974, 126.434, 12.2856, -105.516, 0.091802, -159.495, 0.489042, -143.027, 0.418458, -18.8312
2517, 41.95000, 2.09947, 96.5075, 13.6124, 126.556, 12.2257, -105.243, 0.0917686, -159.508, 0.489681, -142.922, 0.416339, -18.5617
2518, 41.95833, 2.09693, 96.543, 13.6274, 126.677, 12.1665, -104.968, 0.091736, -159.521, 0.490323, -142.817, 0.414246, -18.2898
2518, 41.96667, 2.09443, 96.5785, 13.6425, 126.797, 12.1081, -104.691, 0.0917043, -159.534, 0.490966, -142.713, 0.412181, -18.0154
2519, 41.97500, 2.09197, 96.614, 13.6577, 126.915, 12.0506, -104.412, 0.0916734, -159.548, 0.491612, -142.611, 0.410143, -17.7387
2519, 41.98333, 2.08955, 96.6495, 13.673, 127.033, 11.9938, -104.131, 0.0916433, -159.561, 0.492259, -142.509, 0.408132, -17.4597
2520, 41.99167, 2.08716, 96.685, 13.6883, 127.15, 11.9379, -103.848, 0.091614, -159.574, 0.492908, -142.408, 0.406147, -17.1783
2520, 42.00000, 2.08481, 96.7205, 13.7037, 127.266, 11.8827, -103.563, 0.0915856, -159.587, 0.493559, -142.307, 0.40419, -16.8946
2521, 42.00833, 2.08249, 96.756, 13.7192, 127.38, 11.8283, -103.276, 0.0915579, -159.601, 0.494212, -142.208, 0.402259, -16.6086
2521, 42.01667, 2.08021, 96.7914, 13.7347, 127.494, 11.7747, -102.988, 0.0915311, -159.614, 0.494867, -142.11, 0.400355, -16.3204
2522, 42.02500, 2.07797, 96.8268, 13.7502, 127.606, 11.722, -102.697, 0.091505, -159.627, 0.495523, -142.012, 0.398478, -16.0299
2522, 42.03333, 2.07575, 96.8621, 13.7659, 127.718, 11.6699, -102.404, 0.0914797, -159.641, 0.496181, -141.916, 0.396628, -15.7373
2523, 42.04167, 2.07358, 96.8974, 13.7816, 127.829, 11.6187, -102.11, 0.0914552, -159.654, 0.496841, -141.82, 0.394804, -15.4424
2523, 42.05000, 2.07143, 96.9327, 13.7973, 127.938, 11.5683, -101.814, 0.0914315, -159.668, 0.497501, -141.725, 0.393007, -15.1454
2524, 42.05833, 2.06932, 96.9679, 13.8131, 128.047, 11.5186, -101.516, 0.0914085, -159.681, 0.498164, -141.631, 0.391236, -14.8463
2524, 42.06667, 2.06725, 97.003, 13.8289, 128.155, 11.4697, -101.216, 0.0913863, -159.694, 0.498827, -141.538, 0.389491, -14.5451
2525, 42.07500, 2.06521, 97.0381, 13.8448, 128.261, 11.4216, -100.915, 0.0913649, -159.708, 0.499492, -141.446, 0.387773, -14.2419
2525, 42.08333, 2.0632, 97.0731, 13.8607, 128.367, 11.3742, -100.612, 0.0913442, -159.721, 0.500159, -141.354, 0.386081, -13.9366
2526, 42.09167, 2.06122, 97.108, 13.8766, 128.472, 11.3276, -100.307, 0.0913243, -159.735, 0.500826, -141.264, 0.384415, -13.6293
2526, 42.10000, 2.05927, 97.1428, 13.8926, 128.576, 11.2818, -100.001, 0.0913051, -159.749, 0.501495, -141.174, 0.382776, -13.32
2527, 42.10833, 2.05736, 97.1775, 13.9087, 128.679, 11.2367, -99.6931, 0.0912866, -159.762, 0.502165, -141.085, 0.381162, -13.0089
2527, 42.11667, 2.05548, 97.2122, 13.9247, 128.781, 11.1923, -99.3838, 0.0912688, -159.776, 0.502836, -140.996, 0.379574, -12.6958
2528, 42.12500, 2.05363, 97.2467, 13.9408, 128.882, 11.1488, -99.073, 0.0912518, -159.79, 0.503508, -140.909, 0.378012, -12.3808
2528, 42.13333, 2.05181, 97.2812, 13.957, 128.982, 11.1059, -98.7609, 0.0912355, -159.803, 0.504181, -140.822, 0.376476, -12.0641
2529, 42.14167, 2.05002, 97.3155, 13.9732, 129.082, 11.0638, -98.4472, 0.0912199, -159.817, 0.504855, -140.736, 0.374965, -11.7455
2529, 42.15000, 2.04826, 97.3497, 13.9894, 129.18, 11.0225, -98.1323, 0.091205, -159.831, 0.50553, -140.651, 0.373481, -11.4252
2530, 42.15833, 2.04654, 97.3838, 14.0056, 129.278, 10.9818, -97.816, 0.0911909, -159.845, 0.506205, -140.566, 0.372021, -11.1032
2530, 42.16667, 2.04484, 97.4177, 14.0219, 129.374, 10.9419, -97.4985, 0.0911774, -159.859, 0.506882, -140.483, 0.370587, -10.7795
2531, 42.17500, 2.04317, 97.4516, 14.0382, 129.47, 10.9028, -97.1797, 0.0911646, -159.873, 0.507559, -140.4, 0.369179, -10.4542
2531, 42.18333, 2.04153, 97.4853, 14.0545, 129.565, 10.8643, -96.8597, 0.0911524, -159.887, 0.508237, -140.318, 0.367796, -10.1272
2532, 42.19167, 2.03993, 97.5189, 14.0708, 129.659, 10.8266, -96.5386, 0.091141, -159.901, 0.508916, -140.236, 0.366438, -9.79871
2532, 42.20000, 2.03835, 97.5523, 14.0872, 129.752, 10.7896, -96.2163, 0.0911302, -159.916, 0.509596, -140.156, 0.365105, -9.46872
2533, 42.20833, 2.03679, 97.5856, 14.1035, 129.845, 10.7533, -95.893, 0.0911202, -159.93, 0.510276, -140.076, 0.363797, -9.13725
2533, 42.21667, 2.03527, 97.6187, 14.1199, 129.937, 10.7177, -95.5686, 0.0911107, -159.944, 0.510957, -139.996, 0.362513, -8.80431
2534, 42.22500, 2.03378, 97.6517, 14.1364, 130.027, 10.6828, -95.2433, 0.091102, -159.959, 0.511638, -139.918, 0.361255, -8.47001
2534, 42.23333, 2.03231, 97.6845, 14.1528, 130.117, 10.6487, -94.917, 0.0910939, -159.973, 0.51232, -139.84, 0.360021, -8.13438
2535, 42.24167, 2.03087, 97.7171, 14.1692, 130.206, 10.6152, -94.5898, 0.0910864, -159.988, 0.513003, -139.763, 0.358812, -7.7974
2535, 42.25000, 2.02946, 97.7496, 14.1857, 130.295, 10.5824, -94.2617, 0.0910796, -160.003, 0.513685, -139.686, 0.357627, -7.4592
2536, 42.25833, 2.02807, 97.7819, 14.2022, 130.382, 10.5503, -93.9329, 0.0910734, -160.017, 0.514369, -139.611, 0.356467, -7.1198
2536, 42.26667, 2.02672, 97.8141, 14.2187, 130.469, 10.5188, -93.6032, 0.0910678, -160.032, 0.515053, -139.535, 0.355331, -6.77918
2537, 42.27500, 2.02539, 97.8461, 14.2352, 130.555, 10.4881, -93.2729, 0.0910629, -160.047, 0.515737, -139.461, 0.354219, -6.43749
2537, 42.28333, 2.02408, 97.8778, 14.2517, 130.641, 10.458, -92.9418, 0.0910586, -160.062, 0.516421, -139.387, 0.353131, -6.09472
2538, 42.29167, 2.0228, 97.9094, 14.2682, 130.725, 10.4286, -92.6101, 0.091055, -160.077, 0.517106, -139.314, 0.352067, -5.75088
2538, 42.30000, 2.02155, 97.9409, 14.2847, 130.809, 10.3999, -92.2779, 0.0910519, -160.092, 0.517791, -139.242, 0.351027, -5.4061
2539, 42.30833, 2.02032, 97.9721, 14.3013, 130.892, 10.3718, -91.945, 0.0910495, -160.107, 0.518476, -139.17, 0.35001, -5.06039
2539, 42.31667, 2.01912, 98.0031, 14.3178, 130.974, 10.3444, -91.6117, 0.0910476, -160.123, 0.519162, -139.099, 0.349017, -4.71375
2540, 42.32500, 2.01794, 98.034, 14.3344, 131.056, 10.3176, -91.2779, 0.0910464, -160.138, 0.519848, -139.028, 0.348048, -4.36631
2540, 42.33333, 2.01679, 98.0646, 14.3509, 131.137, 10.2915, -90.9437, 0.0910458, -160.154, 0.520534, -138.958, 0.347102, -4.01809
2541, 42.34167, 2.01567, 98.095, 14.3675, 131.217, 10.2661, -90.6091, 0.0910457, -160.169, 0.52122, -138.889, 0.346178, -3.66908
2541, 42.35000, 2.01456, 98.1253, 14.384, 131.296, 10.2412, -90.2742, 0.0910463, -160.185, 0.521906, -138.82, 0.345278, -3.31942
2542, 42.35833, 2.01349, 98.1553, 14.4006, 131.375, 10.217, -89.939, 0.0910474, -160.201, 0.522592, -138.752, 0.344401, -2.96912
2542, 42.36667, 2.01243, 98.1851, 14.4171, 131.453, 10.1934, -89.6036, 0.0910491, -160.217, 0.523279, -138.685, 0.343547, -2.61818
2543, 42.37500, 2.0114, 98.2147, 14.4337, 131.53, 10.1705, -89.268, 0.0910514, -160.233, 0.523965, -138.618, 0.342715, -2.26674
2543, 42.38333, 2.0104, 98.244, 14.4503, 131.606, 10.1482, -88.9322, 0.0910542, -160.249, 0.524651, -138.552, 0.341906, -1.9148
2544, 42.39167, 2.00941, 98.2732, 14.4668, 131.682, 10.1264, -88.5964, 0.0910577, -160.265, 0.525338, -138.486, 0.341119, -1.56238
2544, 42.40000, 2.00845, 98.3021, 14.4834, 131.758, 10.1053, -88.2604, 0.0910616, -160.281, 0.526024, -138.421, 0.340354, -1.2096
2545, 42.40833, 2.00751, 98.3308, 14.4999, 131.832, 10.0848, -87.9245, 0.0910662, -160.297, 0.526711, -138.356, 0.339611, -0.856466
2545, 42.41667, 2.0066, 98.3593, 14.5164, 131.906, 10.0649, -87.5886, 0.0910713, -160.314, 0.527397, -138.292, 0.33889, -0.502994
2546, 42.42500, 2.00571, 98.3876, 14.533, 131.979, 10.0456, -87.2528, 0.0910769, -160.33, 0.528084, -138.229, 0.338191, -0.149314
2546, 42.43333, 2.00484, 98.4156, 14.5495, 132.052, 10.0269, -86.917, 0.0910831, -160.347, 0.52877, -138.166, 0.337514, 0.204567
2547, 42.44167, 2.00399, 98.4434, 14.566, 132.124, 10.0088, -86.5815, 0.0910899, -160.364, 0.529456, -138.104, 0.336858, 0.558642
2547, 42.45000, 2.00317, 98.4709, 14.5826, 132.195, 9.99122, -86.2461, 0.0910971, -160.381, 0.530142, -138.042, 0.336223, 0.912779
2548, 42.45833, 2.00236, 98.4982, 14.5991, 132.266, 9.97424, -85.911, 0.0911049, -160.398, 0.530828, -137.981, 0.33561, 1.26697
2548, 42.46667, 2.00158, 98.5253, 14.6156, 132.336, 9.95782, -85.5761, 0.0911133, -160.415, 0.531513, -137.921, 0.335017, 1.62121
2549, 42.47500, 2.00082, 98.5521, 14.6321, 132.405, 9.94197, -85.2416, 0.0911221, -160.432, 0.532199, -137.86, 0.334446, 1.97537
2549, 42.48333, 2.00008, 98.5787, 14.6485, 132.474, 9.92668, -84.9074, 0.0911315, -160.449, 0.532884, -137.801, 0.333895, 2.32943
2550, 42.49167, 1.99936, 98.605, 14.665, 132.542, 9.91194, -84.5737, 0.0911414, -160.467, 0.533569, -137.742, 0.333364, 2.68341
2550, 42.50000, 1.99866, 98.6311, 14.6815, 132.61, 9.89775, -84.2404, 0.0911518, -160.484, 0.534254, -137.683, 0.332854, 3.03715
2551, 42.50833, 1.99798, 98.6569, 14.6979, 132.677, 9.8841, -83.9075, 0.0911628, -160.502, 0.534938, -137.625, 0.332365, 3.39067
2551, 42.51667, 1.99732, 98.6825, 14.7143, 132.744, 9.87099, -83.5752, 0.0911742, -160.52, 0.535622, -137.568, 0.331895, 3.74395
2552, 42.52500, 1.99669, 98.7078, 14.7308, 132.809, 9.85841, -83.2435, 0.0911861, -160.538, 0.536306, -137.511, 0.331445, 4.09686
2552, 42.53333, 1.99607, 98.7329, 14.7472, 132.875, 9.84636, -82.9123, 0.0911986, -160.556, 0.53699, -137.455, 0.331014, 4.44941
2553, 42.54167, 1.99547, 98.7577, 14.7636, 132.939, 9.83482, -82.5818, 0.0912115, -160.574, 0.537673, -137.399, 0.330604, 4.80158
2553, 42.55000, 1.99489, 98.7823, 14.78, 133.003, 9.82381, -82.252, 0.0912249, -160.592, 0.538356, -137.343, 0.330212, 5.15326
2554, 42.55833, 1.99433, 98.8065, 14.7963, 133.067, 9.8133, -81.9228, 0.0912388, -160.61, 0.539038, -137.288, 0.32984, 5.50443
2554, 42.56667, 1.99379, 98.8306, 14.8127, 133.13, 9.8033, -81.5944, 0.0912532, -160.629, 0.53972, -137.234, 0.329487, 5.8551
2555, 42.57500, 1.99327, 98.8543, 14.829, 133.192, 9.7938, -81.2668, 0.0912681, -160.647, 0.540402, -137.18, 0.329152, 6.20514
2555, 42.58333, 1.99277, 98.8778, 14.8453, 133.254, 9.78479, -80.94, 0.0912835, -160.666, 0.541084, -137.126, 0.328836, 6.55454
2556, 42.59167, 1.99229, 98.9011, 14.8616, 133.316, 9.77627, -80.6141, 0.0912993, -160.685, 0.541765, -137.073, 0.328539, 6.90332
2556, 42.60000, 1.99182, 98.924, 14.8779, 133.377, 9.76823, -80.289, 0.0913156, -160.704, 0.542445, -137.021, 0.32826, 7.25134
2557, 42.60833, 1.99137, 98.9467, 14.8942, 133.437, 9.76068, -79.9648, 0.0913324, -160.723, 0.543125, -136.968, 0.327999, 7.59861
2557, 42.61667, 1.99095, 98.9691, 14.9104, 133.497, 9.75359, -79.6416, 0.0913496, -160.742, 0.543805, -136.917, 0.327756, 7.94512
2558, 42.62500, 1.99053, 98.9913, 14.9266, 133.556, 9.74697, -79.3194, 0.0913673, -160.762, 0.544484, -136.866, 0.327531, 8.29076
2558, 42.63333, 1.99014, 99.0131, 14.9428, 133.615, 9.74081, -78.9981, 0.0913854, -160.781, 0.545163, -136.815, 0.327324, 8.63553
2559, 42.64167, 1.98977, 99.0347, 14.959, 133.673, 9.73511, -78.6779, 0.0914041, -160.801, 0.545841, -136.764, 0.327133, 8.97943
2559, 42.65000, 1.98941, 99.0561, 14.9752, 133.731, 9.72986, -78.3588, 0.0914231, -160.82, 0.546519, -136.715, 0.32696, 9.32234
2560, 42.65833, 1.98907, 99.0771, 14.9913, 133.788, 9.72505, -78.0407, 0.0914426, -160.84, 0.547196, -136.665, 0.326804, 9.66426
2560, 42.66667, 1.98874, 99.0979, 15.0075, 133.844, 9.72069, -77.7238, 0.0914626, -160.86, 0.547873, -136.616, 0.326665, 10.0052
2561, 42.67500, 1.98844, 99.1184, 15.0236, 133.901, 9.71676, -77.408, 0.0914829, -160.88, 0.548549, -136.568, 0.326543, 10.3451
2561, 42.68333, 1.98815, 99.1386, 15.0397, 133.956, 9.71326, -77.0934, 0.0915038, -160.9, 0.549225, -136.519, 0.326437, 10.6838
2562, 42.69167, 1.98787, 99.1585, 15.0557, 134.012, 9.71018, -76.7799, 0.091525, -160.921, 0.5499, -136.472, 0.326347, 11.0215
2562, 42.70000, 1.98762, 99.1781, 15.0718, 134.066, 9.70752, -76.4678, 0.0915467, -160.941, 0.550574, -136.424, 0.326274, 11.358
2563, 42.70833, 1.98738, 99.1975, 15.0878, 134.121, 9.70527, -76.1568, 0.0915688, -160.962, 0.551248, -136.377, 0.326216, 11.6933
2563, 42.71667, 1.98715, 99.2166, 15.1038, 134.174, 9.70343, -75.8471, 0.0915914, -160.982, 0.551922, -136.331, 0.326174, 12.0275
2564, 42.72500, 1.98694, 99.2354, 15.1197, 134.228, 9.702, -75.5387, 0.0916144, -161.003, 0.552595, -136.285, 0.326148, 12.3603
2564, 42.73333, 1.98675, 99.2539, 15.1357, 134.281, 9.70096, -75.2317, 0.0916378, -161.024, 0.553267, -136.239, 0.326137, 12.6919
2564, 42.74167, 1.98657, 99.2721, 15.1516, 134.333, 9.70031, -74.9259, 0.0916616, -161.045, 0.553938, -136.194, 0.326142, 13.0222
2565, 42.75000, 1.98641, 99.29, 15.1675, 134.385, 9.70005, -74.6215, 0.0916858, -161.067, 0.554609, -136.149, 0.326161, 13.3512
2566, 42.75833, 1.98627, 99.3077, 15.1834, 134.437, 9.70017, -74.3186, 0.0917104, -161.088, 0.55528, -136.104, 0.326195, 13.6788
2566, 42.76667, 1.98614, 99.3251, 15.1992, 134.488, 9.70067, -74.0169, 0.0917354, -161.109, 0.55595, -136.06, 0.326244, 14.005
2567, 42.77500, 1.98602, 99.3421, 15.2151, 134.538, 9.70154, -73.7167, 0.0917609, -161.131, 0.556619, -136.017, 0.326308, 14.3298
2567, 42.78333, 1.98592, 99.3589, 15.2309, 134.589, 9.70278, -73.418, 0.0917867, -161.153, 0.557287, -135.973, 0.326385, 14.6532
2568, 42.79167, 1.98584, 99.3754, 15.2466, 134.638, 9.70437, -73.1206, 0.091813, -161.175, 0.557955, -135.93, 0.326477, 14.9751
2568, 42.80000, 1.98576, 99.3916, 15.2624, 134.688, 9.70632, -72.8248, 0.0918396, -161.197, 0.558622, -135.888, 0.326583, 15.2955
2568, 42.80833, 1.98571, 99.4075, 15.2781, 134.737, 9.70862, -72.5304, 0.0918666, -161.219, 0.559289, -135.845, 0.326702, 15.6145
2569, 42.81667, 1.98567, 99.4232, 15.2938, 134.785, 9.71127, -72.2375, 0.0918941, -161.241, 0.559955, -135.804, 0.326835, 15.9319
2570, 42.82500, 1.98564, 99.4385, 15.3095, 134.833, 9.71426, -71.9461, 0.0919219, -161.264, 0.56062, -135.762, 0.326982, 16.2478
2570, 42.83333, 1.98563, 99.4535, 15.3251, 134.881, 9.71759, -71.6562, 0.0919501, -161.286, 0.561285, -135.721, 0.327141, 16.5621
2571, 42.84167, 1.98563, 99.4683, 15.3408, 134.928, 9.72124, -71.3679, 0.0919787, -161.309, 0.561949, -135.68, 0.327314, 16.8748
2571, 42.85000, 1.98564, 99.4827, 15.3563, 134.975, 9.72523, -71.0811, 0.0920076, -161.332, 0.562612, -135.64, 0.3275, 17.1859
2572, 42.85833, 1.98567, 99.4969, 15.3719, 135.022, 9.72953, -70.7959, 0.0920369, -161.355, 0.563274, -135.6, 0.327698, 17.4955
2572, 42.86667, 1.98571, 99.5108, 15.3875, 135.068, 9.73415, -70.5122, 0.0920667, -161.378, 0.563936, -135.56, 0.327909, 17.8034
2572, 42.87500, 1.98577, 99.5244, 15.403, 135.113, 9.73908, -70.2302, 0.0920967, -161.401, 0.564597, -135.521, 0.328132, 18.1096
2573, 42.88333, 1.98583, 99.5376, 15.4185, 135.159, 9.74432, -69.9497, 0.0921272, -161.425, 0.565257, -135.482, 0.328367, 18.4142
2574, 42.89167, 1.98592, 99.5506, 15.4339, 135.203, 9.74986, -69.6708, 0.092158, -161.448, 0.565917, -135.443, 0.328614, 18.7171
2574, 42.90000, 1.98601, 99.5633, 15.4493, 135.248, 9.75569, -69.3935, 0.0921892, -161.472, 0.566576, -135.404, 0.328874, 19.0183
2575, 42.90833, 1.98612, 99.5757, 15.4647, 135.292, 9.76182, -69.1178, 0.0922207, -161.496, 0.567234, -135.366, 0.329144, 19.3178
2575, 42.91667, 1.98624, 99.5878, 15.4801, 135.336, 9.76824, -68.8438, 0.0922526, -161.52, 0.567892, -135.329, 0.329427, 19.6157
2576, 42.92500, 1.98637, 99.5997, 15.4955, 135.379, 9.77494, -68.5713, 0.0922849, -161.544, 0.568548, -135.291, 0.32972, 19.9117
2576, 42.93333, 1.98652, 99.6112, 15.5108, 135.422, 9.78192, -68.3006, 0.0923175, -161.568, 0.569204, -135.254, 0.330025, 20.2061
2576, 42.94167, 1.98668, 99.6224, 15.5261, 135.465, 9.78918, -68.0314, 0.0923505, -161.592, 0.56986, -135.218, 0.330341, 20.4987
2577, 42.95000, 1.98685, 99.6333, 15.5413, 135.507, 9.7967, -67.7639, 0.0923838, -161.617, 0.570514, -135.181, 0.330667, 20.7895
2578, 42.95833, 1.98703, 99.644, 15.5565, 135.549, 9.80449, -67.4981, 0.0924175, -161.641, 0.571168, -135.145, 0.331004, 21.0786
2578, 42.96667, 1.98723, 99.6543, 15.5717, 135.591, 9.81254, -67.2338, 0.0924515, -161.666, 0.571821, -135.109, 0.331352, 21.366
2579, 42.97500, 1.98743, 99.6643, 15.5869, 135.632, 9.82085, -66.9713, 0.0924858, -161.691, 0.572473, -135.074, 0.33171, 21.6515
2579, 42.98333, 1.98765, 99.6741, 15.6021, 135.673, 9.82941, -66.7104, 0.0925205, -161.716, 0.573124, -135.039, 0.332078, 21.9353
2580, 42.99167, 1.98788, 99.6835, 15.6172, 135.713, 9.83822, -66.4512, 0.0925555, -161.741, 0.573775, -135.004, 0.332457, 22.2173
2580, 43.00000, 1.98813, 99.6927, 15.6323, 135.753, 9.84728, -66.1937, 0.0925909, -161.767, 0.574425, -134.969, 0.332845, 22.4974
2580, 43.00833, 1.98838, 99.7016, 15.6473, 135.793, 9.85657, -65.9378, 0.0926266, -161.792, 0.575074, -134.935, 0.333242, 22.7758
2581, 43.01667, 1.98865, 99.7101, 15.6623, 135.833, 9.8661, -65.6835, 0.0926626, -161.818, 0.575722, -134.901, 0.33365, 23.0524
2582, 43.02500, 1.98892, 99.7184, 15.6773, 135.872, 9.87587, -65.431, 0.092699, -161.844, 0.57637, -134.867, 0.334067, 23.3272
2582, 43.03333, 1.98921, 99.7264, 15.6923, 135.911, 9.88586, -65.1801, 0.0927356, -161.87, 0.577017, -134.834, 0.334493, 23.6001
2583, 43.04167, 1.98951, 99.7341, 15.7072, 135.949, 9.89607, -64.9309, 0.0927726, -161.896, 0.577663, -134.801, 0.334928, 23.8713
2583, 43.05000, 1.98982, 99.7415, 15.7221, 135.987, 9.90651, -64.6834, 0.09281, -161.922, 0.578308, -134.768, 0.335372, 24.1407
2584, 43.05833, 1.99015, 99.7486, 15.737, 136.025, 9.91716, -64.4375, 0.0928476, -161.948, 0.578952, -134.736, 0.335825, 24.4082
2584, 43.06667, 1.99048, 99.7554, 15.7519, 136.063, 9.92802, -64.1933, 0.0928856, -161.975, 0.579596, -134.703, 0.336286, 24.6739
2584, 43.07500, 1.99082, 99.7619, 15.7667, 136.1, 9.93909, -63.9507, 0.0929238, -162.001, 0.580239, -134.671, 0.336757, 24.9378
2585, 43.08333, 1.99118, 99.7681, 15.7815, 136.137, 9.95037, -63.7099, 0.0929624, -162.028, 0.580881, -134.64, 0.337235, 25.1999
2586, 43.09167, 1.99154, 99.774, 15.7962, 136.173, 9.96185, -63.4706, 0.0930013, -162.055, 0.581522, -134.608, 0.337722, 25.4602
2586, 43.10000, 1.99191, 99.7796, 15.8109, 136.21, 9.97352, -63.2331, 0.0930405, -162.082, 0.582163, -134.577, 0.338217, 25.7187
2587, 43.10833, 1.9923, 99.785, 15.8256, 136.246, 9.98539, -62.9972, 0.0930801, -162.109, 0.582802, -134.546, 0.338719, 25.9753
2587, 43.11667, 1.99269, 99.79, 15.8403, 136.281, 9.99745, -62.7629, 0.0931199, -162.136, 0.583441, -134.516, 0.33923, 26.2302
2588, 43.12500, 1.9931, 99.7948, 15.8549, 136.317, 10.0097, -62.5303, 0.09316, -162.164, 0.584079, -134.485, 0.339748, 26.4832
2588, 43.13333, 1.99352, 99.7992, 15.8695, 136.352, 10.0221, -62.2993, 0.0932004, -162.191, 0.584716, -134.455, 0.340274, 26.7345
2588, 43.14167, 1.99394, 99.8034, 15.8841, 136.387, 10.0347, -62.07, 0.0932411, -162.219, 0.585353, -134.425, 0.340808, 26.9839
2589, 43.15000, 1.99438, 99.8073, 15.8986, 136.421, 10.0475, -61.8423, 0.0932822, -162.247, 0.585988, -134.396, 0.341348, 27.2316
2590, 43.15833, 1.99482, 99.8109, 15.9131, 136.455, 10.0605, -61.6162, 0.0933235, -162.275, 0.586623, -134.367, 0.341896, 27.4774
2590, 43.16667, 1.99528, 99.8141, 15.9276, 136.489, 10.0736, -61.3918, 0.0933651, -162.303, 0.587257, -134.338, 0.342451, 27.7215
2591, 43.17500, 1.99574, 99.8171, 15.9421, 136.523, 10.0869, -61.169, 0.093407, -162.332, 0.58789, -134.309, 0.343013, 27.9638
2591, 43.18333, 1.99621, 99.8198, 15.9565, 136.556, 10.1004, -60.9478, 0.0934491, -162.36, 0.588522, -134.28, 0.343581, 28.2043
2592, 43.19167, 1.9967, 99.8223, 15.9709, 136.589, 10.114, -60.7282, 0.0934916, -162.389, 0.589154, -134.252, 0.344157, 28.443
2592, 43.20000, 1.99719, 99.8244, 15.9852, 136.622, 10.1278, -60.5102, 0.0935344, -162.417, 0.589785, -134.224, 0.344739, 28.68
2592, 43.20833, 1.99769, 99.8262, 15.9995, 136.655, 10.1417, -60.2938, 0.0935774, -162.446, 0.590414, -134.196, 0.345327, 28.9152
2593, 43.21667, 1.9982, 99.8278, 16.0138, 136.687, 10.1558, -60.079, 0.0936207, -162.475, 0.591044, -134.168, 0.345922, 29.1486
2594, 43.22500, 1.99872, 99.829, 16.0281, 136.719, 10.17, -59.8658, 0.0936643, -162.505, 0.591672, -134.141, 0.346522, 29.3803
2594, 43.23333, 1.99925, 99.83, 16.0423, 136.751, 10.1844, -59.6541, 0.0937082, -162.534, 0.592299, -134.114, 0.347129, 29.6103
2595, 43.24167, 1.99979, 99.8307, 16.0565, 136.782, 10.1989, -59.444, 0.0937523, -162.563, 0.592926, -134.087, 0.347742, 29.8385
2595, 43.25000, 2.00034, 99.8311, 16.0707, 136.813, 10.2135, -59.2355, 0.0937967, -162.593, 0.593551, -134.061, 0.348361, 30.065
2596, 43.25833, 2.00089, 99.8312, 16.0848, 136.844, 10.2283, -59.0286, 0.0938414, -162.623, 0.594176, -134.034, 0.348985, 30.2898
2596, 43.26667, 2.00146, 99.831, 16.099, 136.875, 10.2432, -58.8231, 0.0938864, -162.653, 0.5948, -134.008, 0.349616, 30.5129
2596, 43.27500, 2.00203, 99.8306, 16.113, 136.905, 10.2583, -58.6193, 0.0939316, -162.683, 0.595424, -133.982, 0.350251, 30.7342
2597, 43.28333, 2.00261, 99.8298, 16.1271, 136.935, 10.2735, -58.4169, 0.0939771, -162.713, 0.596046, -133.956, 0.350892, 30.9539
2598, 43.29167, 2.0032, 99.8288, 16.1411, 136.965, 10.2888, -58.2161, 0.0940229, -162.743, 0.596668, -133.931, 0.351539, 31.1719
2598, 43.30000, 2.0038, 99.8275, 16.1551, 136.995, 10.3042, -58.0168, 0.0940689, -162.774, 0.597288, -133.906, 0.352191, 31.3882
2599, 43.30833, 2.0044, 99.8259, 16.169, 137.024, 10.3198, -57.819, 0.0941152, -162.804, 0.597908, -133.881, 0.352848, 31.6028
2599, 43.31667, 2.00502, 99.824, 16.1829, 137.053, 10.3354, -57.6227, 0.0941617, -162.835, 0.598527, -133.856, 0.35351, 31.8158
2600, 43.32500, 2.00564, 99.8218, 16.1968, 137.082, 10.3512, -57.4279, 0.0942085, -162.866, 0.599146, -133.831, 0.354176, 32.0271
2600, 43.33333, 2.00627, 99.8193, 16.2107, 137.111, 10.3671, -57.2346, 0.0942556, -162.897, 0.599763, -133.807, 0.354848, 32.2367
2600, 43.34167, 2.00691, 99.8166, 16.2245, 137.139, 10.3831, -57.0427, 0.0943029, -162.928, 0.60038, -133.783, 0.355525, 32.4448
2601, 43.35000, 2.00755, 99.8136, 16.2383, 137.167, 10.3992, -56.8523, 0.0943504, -162.959, 0.600995, -133.759, 0.356206, 32.6512
2602, 43.35833, 2.0082, 99.8103, 16.2521, 137.195, 10.4154, -56.6634, 0.0943982, -162.991, 0.60161, -133.735, 0.356891, 32.8559
2602, 43.36667, 2.00887, 99.8067, 16.2658, 137.223, 10.4318, -56.4759, 0.0944463, -163.023, 0.602224, -133.711, 0.357581, 33.0591
2603, 43.37500, 2.00954, 99.8028, 16.2795, 137.251, 10.4482, -56.2899, 0.0944946, -163.054, 0.602838, -133.688, 0.358276, 33.2607
2603, 43.38333, 2.01021, 99.7987, 16.2932, 137.278, 10.4647, -56.1052, 0.0945431, -163.086, 0.60345, -133.665, 0.358975, 33.4607
2604, 43.39167, 2.0109, 99.7943, 16.3068, 137.305, 10.4813, -55.922, 0.0945919, -163.118, 0.604062, -133.642, 0.359678, 33.6592
2604, 43.40000, 2.01159, 99.7896, 16.3204, 137.332, 10.498, -55.7402, 0.094641, -163.15, 0.604673, -133.619, 0.360385, 33.856
2604, 43.40833, 2.01228, 99.7846, 16.334, 137.358, 10.5148, -55.5599, 0.0946902, -163.183, 0.605282, -133.597, 0.361096, 34.0513
2605, 43.41667, 2.01299, 99.7793, 16.3476, 137.385, 10.5317, -55.3809, 0.0947398, -163.215, 0.605892, -133.574, 0.361811, 34.2451
2606, 43.42500, 2.0137, 99.7738, 16.3611, 137.411, 10.5487, -55.2033, 0.0947895, -163.248, 0.6065, -133.552, 0.36253, 34.4373
2606, 43.43333, 2.01442, 99.768, 16.3746, 137.437, 10.5657, -55.027, 0.0948395, -163.281, 0.607107, -133.53, 0.363252, 34.628
2607, 43.44167, 2.01515, 99.7619, 16.388, 137.462, 10.5829, -54.8521, 0.0948897, -163.314, 0.607714, -133.509, 0.363979, 34.8172
2607, 43.45000, 2.01589, 99.7555, 16.4015, 137.488, 10.6001, -54.6786, 0.0949401, -163.347, 0.60832, -133.487, 0.364709, 35.0048
2608, 43.45833, 2.01663, 99.7489, 16.4148, 137.513, 10.6174, -54.5065, 0.0949908, -163.38, 0.608925, -133.466, 0.365443, 35.191
2608, 43.46667, 2.01737, 99.7419, 16.4282, 137.538, 10.6348, -54.3356, 0.0950417, -163.413, 0.609529, -133.445, 0.36618, 35.3757
2608, 43.47500, 2.01813, 99.7347, 16.4415, 137.563, 10.6522, -54.1661, 0.0950929, -163.447, 0.610132, -133.424, 0.36692, 35.5589
2609, 43.48333, 2.01889, 99.7273, 16.4548, 137.588, 10.6698, -53.9979, 0.0951442, -163.48, 0.610735, -133.403, 0.367664, 35.7407
2610, 43.49167, 2.01966, 99.7195, 16.4681, 137.612, 10.6874, -53.831, 0.0951958, -163.514, 0.611336, -133.382, 0.368411, 35.921
2610, 43.50000, 2.02043, 99.7115, 16.4814, 137.636, 10.705, -53.6654, 0.0952476, -163.548, 0.611937, -133.362, 0.369161, 36.0999
2611, 43.50833, 2.02121, 99.7033, 16.4946, 137.66, 10.7228, -53.5011, 0.0952997, -163.582, 0.612537, -133.342, 0.369915, 36.2773
2611, 43.51667, 2.022, 99.6947, 16.5077, 137.684, 10.7406, -53.3381, 0.0953519, -163.616, 0.613136, -133.321, 0.370671, 36.4534
2612, 43.52500, 2.0228, 99.6859, 16.5209, 137.708, 10.7584, -53.1763, 0.0954044, -163.651, 0.613734, -133.302, 0.371431, 36.628
2612, 43.53333, 2.0236, 99.6768, 16.534, 137.731, 10.7764, -53.0158, 0.0954571, -163.685, 0.614332, -133.282, 0.372193, 36.8012
2612, 43.54167, 2.0244, 99.6674, 16.5471, 137.755, 10.7944, -52.8566, 0.09551, -163.72, 0.614929, -133.262, 0.372958, 36.973
2613, 43.55000, 2.02522, 99.6578, 16.5602, 137.778, 10.8124, -52.6986, 0.0955631, -163.754, 0.615524, -133.243, 0.373726, 37.1435
2614, 43.55833, 2.02603, 99.6479, 16.5732, 137.8, 10.8305, -52.5418, 0.0956164, -163.789, 0.616119, -133.224, 0.374497, 37.3125
2614, 43.56667, 2.02686, 99.6377, 16.5862, 137.823, 10.8487, -52.3862, 0.0956699, -163.824, 0.616714, -133.205, 0.37527, 37.4803
2615, 43.57500, 2.02769, 99.6273, 16.5991, 137.846, 10.8669, -52.2319, 0.0957237, -163.86, 0.617307, -133.186, 0.376046, 37.6466
2615, 43.58333, 2.02853, 99.6166, 16.6121, 137.868, 10.8852, -52.0788, 0.0957776, -163.895, 0.617899, -133.167, 0.376824, 37.8117
2616, 43.59167, 2.02937, 99.6056, 16.625, 137.89, 10.9035, -51.9268, 0.0958318, -163.93, 0.618491, -133.149, 0.377605, 37.9754
2616, 43.60000, 2.03022, 99.5943, 16.6379, 137.912, 10.9219, -51.776, 0.0958861, -163.966, 0.619082, -133.13, 0.378389, 38.1378
2616, 43.60833, 2.03107, 99.5828, 16.6507, 137.934, 10.9403, -51.6264, 0.0959407, -164.002, 0.619672, -133.112, 0.379174, 38.299
2617, 43.61667, 2.03193, 99.5711, 16.6635, 137.955, 10.9588, -51.478, 0.0959955, -164.038, 0.620261, -133.094, 0.379963, 38.4588
2618, 43.62500, 2.0328, 99.559, 16.6763, 137.976, 10.9773, -51.3307, 0.0960504, -164.074, 0.62085, -133.076, 0.380753, 38.6173
2618, 43.63333, 2.03367, 99.5467, 16.6891, 137.998, 10.9959, -51.1846, 0.0961056, -164.11, 0.621437, -133.059, 0.381545, 38.7746
2619, 43.64167, 2.03455, 99.5342, 16.7018, 138.019, 11.0145, -51.0396, 0.096161, -164.146, 0.622024, -133.041, 0.38234, 38.9306
2619, 43.65000, 2.03543, 99.5214, 16.7145, 138.039, 11.0331, -50.8958, 0.0962165, -164.183, 0.62261, -133.024, 0.383137, 39.0854
2620, 43.65833, 2.03632, 99.5083, 16.7271, 138.06, 11.0518, -50.753, 0.0962723, -164.219, 0.623195, -133.007, 0.383935, 39.2389
2620, 43.66667, 2.03721, 99.4949, 16.7398, 138.081, 11.0705, -50.6114, 0.0963283, -164.256, 0.62378, -132.99, 0.384736, 39.3912
2620, 43.67500, 2.03811, 99.4813, 16.7524, 138.101, 11.0893, -50.4708, 0.0963844, -164.293, 0.624363, -132.973, 0.385539, 39.5423
2621, 43.68333, 2.03902, 99.4675, 16.765, 138.121, 11.1081, -50.3314, 0.0964407, -164.33, 0.624946, -132.956, 0.386343, 39.6921
2622, 43.69167, 2.03993, 99.4534, 16.7775, 138.141, 11.1269, -50.193, 0.0964973, -164.367, 0.625528, -132.939, 0.38715, 39.8408
2622, 43.70000, 2.04084, 99.439, 16.79, 138.161, 11.1458, -50.0557, 0.096554, -164.405, 0.626109, -132.923, 0.387958, 39.9883
2623, 43.70833, 2.04176, 99.4243, 16.8025, 138.18, 11.1647, -49.9195, 0.0966109, -164.442, 0.626689, -132.907, 0.388768, 40.1346
2623, 43.71667, 2.04268, 99.4094, 16.815, 138.2, 11.1836, -49.7843, 0.0966679, -164.48, 0.627269, -132.891, 0.38958, 40.2798
2624, 43.72500, 2.04361, 99.3943, 16.8274, 138.219, 11.2026, -49.6502, 0.0967252, -164.518, 0.627847, -132.875, 0.390393, 40.4238
2624, 43.73333, 2.04455, 99.3789, 16.8398, 138.238, 11.2216, -49.5171, 0.0967826, -164.555, 0.628425, -132.859, 0.391208, 40.5666
2624, 43.74167, 2.04549, 99.3632, 16.8522, 138.257, 11.2406, -49.3851, 0.0968403, -164.594, 0.629002, -132.843, 0.392025, 40.7083
2625, 43.75000, 2.04643, 99.3473, 16.8645, 138.276, 11.2597, -49.254, 0.0968981, -164.632, 0.629579, -132.827, 0.392843, 40.8489
2626, 43.75833, 2.04738, 99.3311, 16.8768, 138.295, 11.2788, -49.124, 0.0969561, -164.67, 0.630154, -132.812, 0.393662, 40.9883
2626, 43.76667, 2.04834, 99.3147, 16.8891, 138.313, 11.2979, -48.995, 0.0970142, -164.709, 0.630729, -132.797, 0.394483, 41.1267
2627, 43.77500, 2.0493, 99.298, 16.9013, 138.331, 11.317, -48.8669, 0.0970726, -164.747, 0.631302, -132.782, 0.395306, 41.2639
2627, 43.78333, 2.05026, 99.2811, 16.9136, 138.35, 11.3361, -48.7399, 0.0971311, -164.786, 0.631875, -132.767, 0.396129, 41.4001
2628, 43.79167, 2.05123, 99.2639, 16.9257, 138.368, 11.3553, -48.6138, 0.0971898, -164.825, 0.632448, -132.752, 0.396955, 41.5352
2628, 43.80000, 2.0522, 99.2465, 16.9379, 138.385, 11.3745, -48.4887, 0.0972486, -164.864, 0.633019, -132.737, 0.397781, 41.6692
2628, 43.80833, 2.05318, 99.2288, 16.95, 138.403, 11.3937, -48.3645, 0.0973077, -164.903, 0.63359, -132.723, 0.398609, 41.8022
2629, 43.81667, 2.05416, 99.2108, 16.9622, 138.421, 11.413, -48.2413, 0.0973669, -164.942, 0.63416, -132.708, 0.399438, 41.9341
2630, 43.82500, 2.05515, 99.1927, 16.9742, 138.438, 11.4322, -48.1191, 0.0974262, -164.982, 0.634729, -132.694, 0.400268, 42.065
2630, 43.83333, 2.05614, 99.1742, 16.9863, 138.455, 11.4515, -47.9978, 0.0974858, -165.021, 0.635297, -132.68, 0.401099, 42.1948
2631, 43.84167, 2.05713, 99.1555, 16.9983, 138.472, 11.4708, -47.8774, 0.0975455, -165.061, 0.635864, -132.666, 0.401931, 42.3237
2631, 43.85000, 2.05813, 99.1366, 17.0103, 138.489, 11.4901, -47.7579, 0.0976053, -165.101, 0.636431, -132.652, 0.402765, 42.4515
2632, 43.85833, 2.05913, 99.1174, 17.0222, 138.506, 11.5094, -47.6394, 0.0976654, -165.141, 0.636997, -132.638, 0.403599, 42.5783
2632, 43.86667, 2.06014, 99.098, 17.0342, 138.523, 11.5288, -47.5217, 0.0977256, -165.181, 0.637562, -132.625, 0.404435, 42.7041
2633, 43.87500, 2.06115, 99.0783, 17.0461, 138.539, 11.5481, -47.4049, 0.0977859, -165.222, 0.638126, -132.611, 0.405271, 42.8289
2633, 43.88333, 2.06217, 99.0584, 17.058, 138.556, 11.5675, -47.2891, 0.0978464, -165.262, 0.638689, -132.598, 0.406109, 42.9528
2634, 43.89167, 2.06319, 99.0383, 17.0698, 138.572, 11.5868, -47.1741, 0.0979071, -165.303, 0.639252, -132.585, 0.406947, 43.0756
2634, 43.90000, 2.06421, 99.0179, 17.0816, 138.588, 11.6062, -47.0599, 0.0979679, -165.343, 0.639814, -132.572, 0.407786, 43.1976
2635, 43.90833, 2.06524, 98.9972, 17.0934, 138.604, 11.6256, -46.9467, 0.0980289, -165.384, 0.640375, -132.559, 0.408626, 43.3185
2635, 43.91667, 2.06627, 98.9763, 17.1052, 138.62, 11.645, -46.8343, 0.09809, -165.425, 0.640935, -132.546, 0.409467, 43.4386
2636, 43.92500, 2.06731, 98.9552, 17.1169, 138.636, 11.6645, -46.7227, 0.0981513, -165.466, 0.641495, -132.533, 0.410309, 43.5577
2636, 43.93333, 2.06835, 98.9338, 17.1286, 138.651, 11.6839, -46.612, 0.0982127, -165.508, 0.642054, -132.52, 0.411152, 43.6758
2637, 43.94167, 2.06939, 98.9122, 17.1403, 138.667, 11.7033, -46.5021, 0.0982743, -165.549, 0.642612, -132.508, 0.411995, 43.7931
2637, 43.95000, 2.07044, 98.8904, 17.1519, 138.682, 11.7228, -46.3931, 0.098336, -165.591, 0.643169, -132.496, 0.412839, 43.9095
2638, 43.95833, 2.07149, 98.8683, 17.1636, 138.697, 11.7422, -46.2848, 0.0983979, -165.632, 0.643725, -132.483, 0.413683, 44.0249
2638, 43.96667, 2.07254, 98.8459, 17.1751, 138.712, 11.7617, -46.1774, 0.09846, -165.674, 0.644281, -132.471, 0.414529, 44.1395
2639, 43.97500, 2.0736, 98.8233, 17.1867, 138.727, 11.7811, -46.0708, 0.0985221, -165.716, 0.644836, -132.459, 0.415375, 44.2532
2639, 43.98333, 2.07466, 98.8005, 17.1982, 138.742, 11.8006, -45.965, 0.0985844, -165.758, 0.64539, -132.448, 0.416221, 44.366
2640, 43.99167, 2.07573, 98.7775, 17.2098, 138.756, 11.82, -45.86, 0.0986469, -165.801, 0.645943, -132.436, 0.417069, 44.4779
2640, 44.00000, 2.0768, 98.7542, 17.2212, 138.771, 11.8395, -45.7557, 0.0987095, -165.843, 0.646496, -132.424, 0.417917, 44.589
2641, 44.00833, 2.07787, 98.7307, 17.2327, 138.785, 11.859, -45.6522, 0.0987723, -165.886, 0.647047, -132.413, 0.418765, 44.6992
2641, 44.01667, 2.07895, 98.7069, 17.2441, 138.799, 11.8785, -45.5495, 0.0988351, -165.928, 0.647598, -132.401, 0.419614, 44.8086
2642, 44.02500, 2.08002, 98.6829, 17.2555, 138.813, 11.8979, -45.4476, 0.0988982, -165.971, 0.648148, -132.39, 0.420463, 44.9171
2642, 44.03333, 2.08111, 98.6587, 17.2669, 138.827, 11.9174, -45.3464, 0.0989613, -166.014, 0.648698, -132.379, 0.421313, 45.0248
2643, 44.04167, 2.08219, 98.6342, 17.2782, 138.841, 11.9369, -45.246, 0.0990246, -166.057, 0.649247, -132.368, 0.422163, 45.1318
2643, 44.05000, 2.08328, 98.6095, 17.2895, 138.855, 11.9564, -45.1463, 0.099088, -166.101, 0.649794, -132.357, 0.423014, 45.2378
2644, 44.05833, 2.08437, 98.5846, 17.3008, 138.869, 11.9758, -45.0473, 0.0991516, -166.144, 0.650342, -132.346, 0.423865, 45.3431
2644, 44.06667, 2.08547, 98.5594, 17.3121, 138.882, 11.9953, -44.9491, 0.0992153, -166.187, 0.650888, -132.335, 0.424717, 45.4476
2645, 44.07500, 2.08657, 98.534, 17.3233, 138.896, 12.0148, -44.8516, 0.0992791, -166.231, 0.651433, -132.325, 0.425569, 45.5513
2645, 44.08333, 2.08767, 98.5084, 17.3345, 138.909, 12.0342, -44.7548, 0.099343, -166.275, 0.651978, -132.314, 0.426421, 45.6542
2646, 44.09167, 2.08877, 98.4826, 17.3457, 138.922, 12.0537, -44.6588, 0.0994071, -166.319, 0.652522, -132.304, 0.427274, 45.7563
2646, 44.10000, 2.08988, 98.4565, 17.3569, 138.935, 12.0732, -44.5634, 0.0994713, -166.363, 0.653066, -132.294, 0.428127, 45.8577
2647, 44.10833, 2.09099, 98.4302, 17.368, 138.948, 12.0926, -44.4687, 0.0995357, -166.407, 0.653608, -132.283, 0.42898, 45.9583
2647, 44.11667, 2.09211, 98.4036, 17.3791, 138.961, 12.1121, -44.3747, 0.0996001, -166.452, 0.65415, -132.273, 0.429834, 46.0582
2648, 44.12500, 2.09322, 98.3768, 17.3902, 138.973, 12.1316, -44.2814, 0.0996647, -166.496, 0.654691, -132.263, 0.430687, 46.1573
2648, 44.13333, 2.09434, 98.3498, 17.4012, 138.986, 12.151, -44.1888, 0.0997294, -166.541, 0.655231, -132.254, 0.431541, 46.2556
2649, 44.14167, 2.09546, 98.3226, 17.4122, 138.998, 12.1705, -44.0969, 0.0997942, -166.585, 0.655771, -132.244, 0.432396, 46.3532
2649, 44.15000, 2.09659, 98.2952, 17.4232, 139.011, 12.1899, -44.0056, 0.0998592, -166.63, 0.656309, -132.234, 0.43325, 46.4501
2650, 44.15833, 2.09772, 98.2675, 17.4342, 139.023, 12.2093, -43.915, 0.0999242, -166.675, 0.656847, -132.225, 0.434105, 46.5463
2650, 44.16667, 2.09885, 98.2396, 17.4451, 139.035, 12.2287, -43.825, 0.0999894, -166.721, 0.657385, -132.215, 0.43496, 46.6418
2651, 44.17500, 2.09998, 98.2114, 17.456, 139.047, 12.2482, -43.7357, 0.100055, -166.766, 0.657921, -132.206, 0.435815, 46.7365
2651, 44.18333, 2.10111, 98.1831, 17.4669, 139.059, 12.2676, -43.647, 0.10012, -166.811, 0.658457, -132.197, 0.43667, 46.8306
2652, 44.19167, 2.10225, 98.1545, 17.4778, 139.071, 12.287, -43.559, 0.100186, -166.857, 0.658992, -132.188, 0.437526, 46.9239
2652, 44.20000, 2.10339, 98.1257, 17.4886, 139.082, 12.3064, -43.4716, 0.100251, -166.903, 0.659526, -132.178, 0.438381, 47.0166
2653, 44.20833, 2.10454, 98.0967, 17.4994, 139.094, 12.3258, -43.3848, 0.100317, -166.949, 0.660059, -132.17, 0.439237, 47.1086
2653, 44.21667, 2.10568, 98.0674, 17.5102, 139.105, 12.3451, -43.2987, 0.100383, -166.995, 0.660592, -132.161, 0.440093, 47.1999
2654, 44.22500, 2.10683, 98.0379, 17.5209, 139.117, 12.3645, -43.2132, 0.100449, -167.041, 0.661124, -132.152, 0.440948, 47.2906
2654, 44.23333, 2.10798, 98.0083, 17.5316, 139.128, 12.3839, -43.1282, 0.100515, -167.087, 0.661655, -132.143, 0.441804, 47.3805
2655, 44.24167, 2.10913, 97.9783, 17.5423, 139.139, 12.4032, -43.0439, 0.100581, -167.134, 0.662186, -132.135, 0.44266, 47.4698
2655, 44.25000, 2.11029, 97.9482, 17.553, 139.15, 12.4226, -42.9602, 0.100647, -167.18, 0.662715, -132.126, 0.443516, 47.5585
2656, 44.25833, 2.11145, 97.9179, 17.5637, 139.161, 12.4419, -42.8771, 0.100714, -167.227, 0.663244, -132.118, 0.444372, 47.6465
2656, 44.26667, 2.11261, 97.8873, 17.5743, 139.172, 12.4612, -42.7945, 0.10078, -167.274, 0.663773, -132.11, 0.445228, 47.7339
2657, 44.27500, 2.11377, 97.8565, 17.5849, 139.183, 12.4805, -42.7126, 0.100847, -167.321, 0.6643, -132.102, 0.446084, 47.8207
2657, 44.28333, 2.11493, 97.8255, 17.5955, 139.193, 12.4998, -42.6312, 0.100914, -167.368, 0.664827, -132.093, 0.44694, 47.9068
2658, 44.29167, 2.1161, 97.7943, 17.606, 139.204, 12.5191, -42.5504, 0.10098, -167.415, 0.665353, -132.085, 0.447797, 47.9923
2658, 44.30000, 2.11727, 97.7628, 17.6165, 139.214, 12.5384, -42.4702, 0.101047, -167.462, 0.665878, -132.078, 0.448653, 48.0772
2659, 44.30833, 2.11844, 97.7312, 17.627, 139.225, 12.5577, -42.3905, 0.101114, -167.51, 0.666403, -132.07, 0.449509, 48.1614
2659, 44.31667, 2.11961, 97.6993, 17.6375, 139.235, 12.5769, -42.3114, 0.101181, -167.558, 0.666927, -132.062, 0.450365, 48.2451
2660, 44.32500, 2.12079, 97.6672, 17.6479, 139.245, 12.5962, -42.2328, 0.101249, -167.605, 0.66745, -132.054, 0.45122, 48.3282
2660, 44.33333, 2.12196, 97.6349, 17.6583, 139.255, 12.6154, -42.1548, 0.101316, -167.653, 0.667972, -132.047, 0.452076, 48.4106
2661, 44.34167, 2.12314, 97.6024, 17.6687, 139.265, 12.6346, -42.0774, 0.101383, -167.701, 0.668494, -132.039, 0.452932, 48.4925
2661, 44.35000, 2.12432, 97.5696, 17.6791, 139.275, 12.6538, -42.0004, 0.101451, -167.75, 0.669015, -132.032, 0.453788, 48.5738
2662, 44.35833, 2.12551, 97.5367, 17.6894, 139.284, 12.673, -41.924, 0.101518, -167.798, 0.669535, -132.025, 0.454643, 48.6545
2662, 44.36667, 2.12669, 97.5035, 17.6997, 139.294, 12.6922, -41.8482, 0.101586, -167.846, 0.670054, -132.018, 0.455499, 48.7347
2663, 44.37500, 2.12788, 97.4701, 17.71, 139.304, 12.7113, -41.7728, 0.101654, -167.895, 0.670573, -132.011, 0.456354, 48.8142
2663, 44.38333, 2.12907, 97.4366, 17.7203, 139.313, 12.7305, -41.698, 0.101721, -167.944, 0.671091, -132.004, 0.457209, 48.8932
2664, 44.39167, 2.13026, 97.4028, 17.7305, 139.323, 12.7496, -41.6237, 0.101789, -167.993, 0.671608, -131.997, 0.458065, 48.9717
2664, 44.40000, 2.13145, 97.3687, 17.7407, 139.332, 12.7687, -41.5499, 0.101857, -168.042, 0.672124, -131.99, 0.45892, 49.0496
2665, 44.40833, 2.13264, 97.3345, 17.7509, 139.341, 12.7878, -41.4767, 0.101925, -168.091, 0.67264, -131.983, 0.459775, 49.1269
2665, 44.41667, 2.13384, 97.3001, 17.7611, 139.35, 12.8069, -41.4039, 0.101994, -168.14, 0.673155, -131.976, 0.460629, 49.2038
2666, 44.42500, 2.13503, 97.2655, 17.7712, 139.359, 12.826, -41.3316, 0.102062, -168.19, 0.67367, -131.97, 0.461484, 49.28
2666, 44.43333, 2.13623, 97.2306, 17.7813, 139.368, 12.8451, -41.2598, 0.10213, -168.239, 0.674183, -131.963, 0.462338, 49.3558
2667, 44.44167, 2.13743, 97.1956, 17.7914, 139.377, 12.8641, -41.1885, 0.102198, -168.289, 0.674696, -131.957, 0.463193, 49.431
2667, 44.45000, 2.13863, 97.1603, 17.8015, 139.386, 12.8832, -41.1177, 0.102267, -168.339, 0.675208, -131.951, 0.464047, 49.5056
2668, 44.45833, 2.13983, 97.1248, 17.8115, 139.394, 12.9022, -41.0474, 0.102335, -168.389, 0.67572, -131.944, 0.4649, 49.5798
2668, 44.46667, 2.14104, 97.0892, 17.8215, 139.403, 12.9212, -40.9775, 0.102404, -168.439, 0.67623, -131.938, 0.465754, 49.6534
2669, 44.47500, 2.14224, 97.0533, 17.8315, 139.411, 12.9401, -40.9081, 0.102473, -168.489, 0.67674, -131.932, 0.466608, 49.7266
2669, 44.48333, 2.14345, 97.0172, 17.8415, 139.42, 12.9591, -40.8392, 0.102542, -168.539, 0.677249, -131.926, 0.467461, 49.7992
2670, 44.49167, 2.14466, 96.9809, 17.8514, 139.428, 12.9781, -40.7708, 0.10261, -168.59, 0.677758, -131.92, 0.468314, 49.8713
2670, 44.50000, 2.14587, 96.9444, 17.8613, 139.436, 12.997, -40.7028, 0.102679, -168.641, 0.678266, -131.914, 0.469167, 49.943
2671, 44.50833, 2.14708, 96.9077, 17.8712, 139.445, 13.0159, -40.6353, 0.102748, -168.691, 0.678773, -131.908, 0.47002, 50.0141
2671, 44.51667, 2.14829, 96.8708, 17.8811, 139.453, 13.0348, -40.5682, 0.102817, -168.742, 0.679279, -131.903, 0.470872, 50.0847
2672, 44.52500, 2.14951, 96.8337, 17.8909, 139.461, 13.0537, -40.5016, 0.102886, -168.793, 0.679785, -131.897, 0.471724, 50.1549
2672, 44.53333, 2.15072, 96.7964, 17.9007, 139.469, 13.0726, -40.4354, 0.102956, -168.844, 0.68029, -131.891, 0.472576, 50.2246
2673, 44.54167, 2.15194, 96.7588, 17.9105, 139.476, 13.0914, -40.3697, 0.103025, -168.896, 0.680794, -131.886, 0.473428, 50.2938
2673, 44.55000, 2.15315, 96.7211, 17.9203, 139.484, 13.1103, -40.3044, 0.103094, -168.947, 0.681298, -131.881, 0.474279, 50.3625
2674, 44.55833, 2.15437, 96.6832, 17.93, 139.492, 13.1291, -40.2395, 0.103164, -168.999, 0.681801, -131.875, 0.475131, 50.4308
2674, 44.56667, 2.15559, 96.6451, 17.9397, 139.499, 13.1479, -40.1751, 0.103233, -169.05, 0.682303, -131.87, 0.475982, 50.4986
2675, 44.57500, 2.15681, 96.6068, 17.9494, 139.507, 13.1667, -40.1111, 0.103302, -169.102, 0.682804, -131.865, 0.476832, 50.5659
2675, 44.58333, 2.15803, 96.5682, 17.9591, 139.514, 13.1854, -40.0475, 0.103372, -169.154, 0.683305, -131.86, 0.477683, 50.6328
2676, 44.59167, 2.15925, 96.5295, 17.9688, 139.522, 13.2042, -39.9843, 0.103442, -169.206, 0.683805, -131.855, 0.478533, 50.6993
2676, 44.60000, 2.16048, 96.4906, 17.9784, 139.529, 13.2229, -39.9216, 0.103511, -169.259, 0.684304, -131.85, 0.479383, 50.7652
2677, 44.60833, 2.1617, 96.4515, 17.988, 139.536, 13.2416, -39.8592, 0.103581, -169.311, 0.684803, -131.845, 0.480233, 50.8308
2677, 44.61667, 2.16293, 96.4122, 17.9976, 139.543, 13.2603, -39.7973, 0.103651, -169.364, 0.685301, -131.84, 0.481082, 50.8959
2678, 44.62500, 2.16415, 96.3727, 18.0071, 139.55, 13.279, -39.7358, 0.103721, -169.416, 0.685798, -131.835, 0.481931, 50.9606
2678, 44.63333, 2.16538, 96.3329, 18.0166, 139.557, 13.2977, -39.6747, 0.10379, -169.469, 0.686294, -131.831, 0.48278, 51.0248
2679, 44.64167, 2.16661, 96.293, 18.0261, 139.564, 13.3163, -39.6139, 0.10386, -169.522, 0.68679, -131.826, 0.483628, 51.0886
2679, 44.65000, 2.16783, 96.2529, 18.0356, 139.571, 13.3349, -39.5536, 0.10393, -169.575, 0.687285, -131.821, 0.484477, 51.152
2680, 44.65833, 2.16906, 96.2126, 18.0451, 139.578, 13.3535, -39.4937, 0.104, -169.628, 0.687779, -131.817, 0.485325, 51.2149
2680, 44.66667, 2.17029, 96.1721, 18.0545, 139.585, 13.3721, -39.4341, 0.10407, -169.681, 0.688273, -131.812, 0.486172, 51.2775
2681, 44.67500, 2.17152, 96.1315, 18.0639, 139.591, 13.3907, -39.375, 0.104141, -169.735, 0.688766, -131.808, 0.48702, 51.3396
2681, 44.68333, 2.17275, 96.0906, 18.0733, 139.598, 13.4092, -39.3162, 0.104211, -169.788, 0.689258, -131.804, 0.487867, 51.4013
2682, 44.69167, 2.17399, 96.0495, 18.0826, 139.604, 13.4278, -39.2578, 0.104281, -169.842, 0.68975, -131.8, 0.488713, 51.4626
2682, 44.70000, 2.17522, 96.0082, 18.092, 139.611, 13.4463, -39.1998, 0.104351, -169.896, 0.690241, -131.796, 0.48956, 51.5235
2683, 44.70833, 2.17645, 95.9668, 18.1013, 139.617, 13.4648, -39.1422, 0.104421, -169.95, 0.690731, -131.791, 0.490406, 51.584
2683, 44.71667, 2.17768, 95.9251, 18.1106, 139.623, 13.4833, -39.0849, 0.104492, -170.004, 0.69122, -131.787, 0.491252, 51.6441
2684, 44.72500, 2.17892, 95.8832, 18.1199, 139.629, 13.5017, -39.028, 0.104562, -170.058, 0.691709, -131.783, 0.492097, 51.7038
2684, 44.73333, 2.18015, 95.8412, 18.1291, 139.635, 13.5202, -38.9714, 0.104632, -170.113, 0.692197, -131.78, 0.492942, 51.7631
2685, 44.74167, 2.18139, 95.799, 18.1383, 139.641, 13.5386, -38.9152, 0.104703, -170.167, 0.692684, -131.776, 0.493787, 51.8221
2685, 44.75000, 2.18262, 95.7566, 18.1475, 139.647, 13.557, -38.8594, 0.104773, -170.222, 0.693171, -131.772, 0.494632, 51.8806
2686, 44.75833, 2.18386, 95.7139, 18.1567, 139.653, 13.5754, -38.804, 0.104844, -170.277, 0.693657, -131.768, 0.495476, 51.9388
2686, 44.76667, 2.18509, 95.6711, 18.1658, 139.659, 13.5937, -38.7488, 0.104914, -170.331, 0.694142, -131.765, 0.49632, 51.9966
2687, 44.77500, 2.18633, 95.6281, 18.175, 139.665, 13.6121, -38.6941, 0.104985, -170.386, 0.694627, -131.761, 0.497164, 52.054
2687, 44.78333, 2.18756, 95.585, 18.1841, 139.671, 13.6304, -38.6397, 0.105055, -170.442, 0.695111, -131.758, 0.498007, 52.111
2688, 44.79167, 2.1888, 95.5416, 18.1932, 139.676, 13.6487, -38.5856, 0.105126, -170.497, 0.695594, -131.754, 0.49885, 52.1677
2688, 44.80000, 2.19004, 95.498, 18.2022, 139.682, 13.667, -38.5319, 0.105197, -170.552, 0.696077, -131.751, 0.499692, 52.224
2689, 44.80833, 2.19127, 95.4543, 18.2113, 139.687, 13.6853, -38.4785, 0.105267, -170.608, 0.696558, -131.748, 0.500535, 52.28
2689, 44.81667, 2.19251, 95.4104, 18.2203, 139.693, 13.7035, -38.4254, 0.105338, -170.663, 0.697039, -131.744, 0.501377, 52.3356
2689, 44.82500, 2.19375, 95.3662, 18.2293, 139.698, 13.7218, -38.3727, 0.105409, -170.719, 0.69752, -131.741, 0.502218, 52.3908
2690, 44.83333, 2.19498, 95.3219, 18.2382, 139.703, 13.74, -38.3203, 0.10548, -170.775, 0.698, -131.738, 0.503059, 52.4457
2691, 44.84167, 2.19622, 95.2774, 18.2472, 139.709, 13.7582, -38.2682, 0.10555, -170.831, 0.698479, -131.735, 0.5039, 52.5002
2691, 44.85000, 2.19746, 95.2328, 18.2561, 139.714, 13.7763, -38.2165, 0.105621, -170.887, 0.698957, -131.732, 0.504741, 52.5544
2692, 44.85833, 2.1987, 95.1879, 18.265, 139.719, 13.7945, -38.1651, 0.105692, -170.944, 0.699435, -131.729, 0.505581, 52.6082
2692, 44.86667, 2.19993, 95.1428, 18.2739, 139.724, 13.8126, -38.114, 0.105763, -171, 0.699912, -131.726, 0.506421, 52.6617
2693, 44.87500, 2.20117, 95.0976, 18.2827, 139.729, 13.8308, -38.0632, 0.105834, -171.057, 0.700388, -131.723, 0.507261, 52.7148
2693, 44.88333, 2.20241, 95.0522, 18.2916, 139.734, 13.8489, -38.0127, 0.105904, -171.114, 0.700864, -131.72, 0.5081, 52.7676
2693, 44.89167, 2.20364, 95.0066, 18.3004, 139.739, 13.8669, -37.9626, 0.105975, -171.17, 0.701339, -131.718, 0.508939, 52.8201
2694, 44.90000, 2.20488, 94.9608, 18.3092, 139.744, 13.885, -37.9127, 0.106046, -171.227, 0.701813, -131.715, 0.509778, 52.8723
2695, 44.90833, 2.20612, 94.9149, 18.3179, 139.748, 13.903, -37.8632, 0.106117, -171.284, 0.702286, -131.712, 0.510616, 52.9241
2695, 44.91667, 2.20735, 94.8687, 18.3267, 139.753, 13.9211, -37.814, 0.106188, -171.342, 0.702759, -131.71, 0.511454, 52.9756
2696, 44.92500, 2.20859, 94.8224, 18.3354, 139.758, 13.9391, -37.765, 0.106259, -171.399, 0.703232, -131.707, 0.512292, 53.0267
2696, 44.93333, 2.20983, 94.7759, 18.3441, 139.762, 13.9571, -37.7164, 0.10633, -171.456, 0.703703, -131.705, 0.513129, 53.0776
2697, 44.94167, 2.21106, 94.7292, 18.3528, 139.767, 13.975, -37.6681, 0.106401, -171.514, 0.704174, -131.702, 0.513966, 53.1281
2697, 44.95000, 2.2123, 94.6823, 18.3614, 139.771, 13.993, -37.6201, 0.106471, -171.572, 0.704644, -131.7, 0.514802, 53.1783
2697, 44.95833, 2.21353, 94.6353, 18.37, 139.776, 14.0109, -37.5723, 0.106542, -171.63, 0.705114, -131.698, 0.515639, 53.2282
2698, 44.96667, 2.21477, 94.5881, 18.3787, 139.78, 14.0288, -37.5249, 0.106613, -171.688, 0.705582, -131.696, 0.516475, 53.2778
2699, 44.97500, 2.216, 94.5406, 18.3872, 139.784, 14.0467, -37.4777, 0.106684, -171.746, 0.70605, -131.693, 0.51731, 53.327
2699, 44.98333, 2.21723, 94.4931, 18.3958, 139.789, 14.0646, -37.4309, 0.106755, -171.804, 0.706518, -131.691, 0.518145, 53.376
2700, 44.99167, 2.21847, 94.4453, 18.4043, 139.793, 14.0824, -37.3843, 0.106826, -171.862, 0.706985, -131.689, 0.51898, 53.4247
2700, 45.00000, 2.2197, 94.3974, 18.4129, 139.797, 14.1003, -37.338, 0.106897, -171.921, 0.707451, -131.687, 0.519815, 53.473
2701, 45.00833, 2.22093, 94.3493, 18.4214, 139.801, 14.1181, -37.292, 0.106968, -171.98, 0.707916, -131.685, 0.520649, 53.5211
2701, 45.01667, 2.22216, 94.301, 18.4298, 139.805, 14.1359, -37.2462, 0.107039, -172.038, 0.708381, -131.683, 0.521483, 53.5689
2701, 45.02500, 2.22339, 94.2525, 18.4383, 139.809, 14.1537, -37.2007, 0.10711, -172.097, 0.708845, -131.681, 0.522317, 53.6163
2702, 45.03333, 2.22462, 94.2038, 18.4467, 139.813, 14.1714, -37.1556, 0.107181, -172.156, 0.709308, -131.68, 0.52315, 53.6635
2703, 45.04167, 2.22585, 94.155, 18.4551, 139.817, 14.1892, -37.1106, 0.107251, -172.215, 0.709771, -131.678, 0.523983, 53.7104
2703, 45.05000, 2.22708, 94.106, 18.4635, 139.821, 14.2069, -37.066, 0.107322, -172.275, 0.710233, -131.676, 0.524816, 53.757
2704, 45.05833, 2.22831, 94.0569, 18.4719, 139.824, 14.2246, -37.0216, 0.107393, -172.334, 0.710694, -131.674, 0.525648, 53.8033
2704, 45.06667, 2.22954, 94.0075, 18.4803, 139.828, 14.2423, -36.9775, 0.107464, -172.394, 0.711155, -131.673, 0.52648, 53.8493
2705, 45.07500, 2.23076, 93.958, 18.4886, 139.832, 14.26, -36.9336, 0.107535, -172.453, 0.711615, -131.671, 0.527311, 53.8951
2705, 45.08333, 2.23199, 93.9083, 18.4969, 139.835, 14.2776, -36.89, 0.107606, -172.513, 0.712074, -131.67, 0.528143, 53.9406
2705, 45.09167, 2.23322, 93.8584, 18.5052, 139.839, 14.2952, -36.8467, 0.107676, -172.573, 0.712533, -131.668, 0.528974, 53.9858
2706, 45.10000, 2.23444, 93.8084, 18.5134, 139.842, 14.3129, -36.8036, 0.107747, -172.633, 0.712991, -131.667, 0.529804, 54.0307
2707, 45.10833, 2.23566, 93.7582, 18.5217, 139.846, 14.3305, -36.7608, 0.107818, -172.693, 0.713448, -131.665, 0.530635, 54.0753
2707, 45.11667, 2.23689, 93.7078, 18.5299, 139.849, 14.348, -36.7183, 0.107889, -172.753, 0.713905, -131.664, 0.531465, 54.1197
2708, 45.12500, 2.23811, 93.6572, 18.5381, 139.853, 14.3656, -36.676, 0.107959, -172.814, 0.714361, -131.663, 0.532294, 54.1638
2708, 45.13333, 2.23933, 93.6065, 18.5462, 139.856, 14.3831, -36.6339, 0.10803, -172.874, 0.714816, -131.661, 0.533124, 54.2076
2709, 45.14167, 2.24055, 93.5556, 18.5544, 139.859, 14.4006, -36.5921, 0.108101, -172.935, 0.715271, -131.66, 0.533953, 54.2512
2709, 45.15000, 2.24176, 93.5046, 18.5625, 139.862, 14.4181, -36.5505, 0.108171, -172.996, 0.715725, -131.659, 0.534782, 54.2945
2709, 45.15833, 2.24298, 93.4533, 18.5706, 139.865, 14.4356, -36.5092, 0.108242, -173.056, 0.716178, -131.658, 0.53561, 54.3375
2710, 45.16667, 2.2442, 93.4019, 18.5787, 139.868, 14.4531, -36.4681, 0.108312, -173.117, 0.716631, -131.657, 0.536438, 54.3803
2711, 45.17500, 2.24541, 93.3504, 18.5868, 139.872, 14.4705, -36.4273, 0.108383, -173.179, 0.717083, -131.656, 0.537266, 54.4228
2711, 45.18333, 2.24663, 93.2986, 18.5949, 139.875, 14.488, -36.3867, 0.108453, -173.24, 0.717534, -131.655, 0.538093, 54.4651
2712, 45.19167, 2.24784, 93.2467, 18.6029, 139.878, 14.5054, -36.3464, 0.108524, -173.301, 0.717984, -131.654, 0.538921, 54.5071
2712, 45.20000, 2.24905, 93.1947, 18.6109, 139.88, 14.5228, -36.3062, 0.108594, -173.363, 0.718434, -131.653, 0.539748, 54.5489
2713, 45.20833, 2.25026, 93.1424, 18.6189, 139.883, 14.5402, -36.2664, 0.108665, -173.424, 0.718884, -131.652, 0.540574, 54.5904
2713, 45.21667, 2.25147, 93.09, 18.6268, 139.886, 14.5575, -36.2267, 0.108735, -173.486, 0.719332, -131.651, 0.5414, 54.6317
2713, 45.22500, 2.25268, 93.0374, 18.6348, 139.889, 14.5749, -36.1873, 0.108805, -173.548, 0.71978, -131.651, 0.542226, 54.6727
2714, 45.23333, 2.25388, 92.9847, 18.6427, 139.892, 14.5922, -36.1481, 0.108876, -173.61, 0.720227, -131.65, 0.543052, 54.7134
2715, 45.24167, 2.25509, 92.9318, 18.6506, 139.894, 14.6095, -36.1092, 0.108946, -173.672, 0.720674, -131.649, 0.543877, 54.754
2715, 45.25000, 2.25629, 92.8787, 18.6585, 139.897, 14.6268, -36.0704, 0.109016, -173.734, 0.72112, -131.648, 0.544702, 54.7943
2716, 45.25833, 2.25749, 92.8255, 18.6663, 139.9, 14.644, -36.0319, 0.109086, -173.797, 0.721565, -131.648, 0.545527, 54.8343
2716, 45.26667, 2.25869, 92.7721, 18.6742, 139.902, 14.6613, -35.9936, 0.109156, -173.859, 0.72201, -131.647, 0.546352, 54.8741
2717, 45.27500, 2.25989, 92.7185, 18.682, 139.905, 14.6785, -35.9556, 0.109227, -173.922, 0.722454, -131.647, 0.547176, 54.9137
2717, 45.28333, 2.26109, 92.6648, 18.6898, 139.907, 14.6957, -35.9177, 0.109297, -173.985, 0.722897, -131.646, 0.548, 54.953
2717, 45.29167, 2.26229, 92.6109, 18.6976, 139.909, 14.7129, -35.8801, 0.109367, -174.047, 0.72334, -131.646, 0.548823, 54.9921
2718, 45.30000, 2.26348, 92.5569, 18.7053, 139.912, 14.7301, -35.8427, 0.109436, -174.11, 0.723782, -131.645, 0.549647, 55.031
2719, 45.30833, 2.26467, 92.5027, 18.713, 139.914, 14.7473, -35.8055, 0.109506, -174.174, 0.724223, -131.645, 0.55047, 55.0696
2719, 45.31667, 2.26587, 92.4483, 18.7208, 139.917, 14.7644, -35.7686, 0.109576, -174.237, 0.724664, -131.645, 0.551293, 55.1081
2720, 45.32500, 2.26705, 92.3938, 18.7285, 139.919, 14.7816, -35.7318, 0.109646, -174.3, 0.725104, -131.644, 0.552115, 55.1462
2720, 45.33333, 2.26824, 92.3391, 18.7361, 139.921, 14.7987, -35.6952, 0.109716, -174.364, 0.725543, -131.644, 0.552937, 55.1842
2721, 45.34167, 2.26943, 92.2842, 18.7438, 139.923, 14.8158, -35.6589, 0.109785, -174.427, 0.725982, -131.644, 0.553759, 55.2219
2721, 45.35000, 2.27061, 92.2292, 18.7514, 139.925, 14.8329, -35.6228, 0.109855, -174.491, 0.72642, -131.644, 0.554581, 55.2594
2721, 45.35833, 2.2718, 92.174, 18.759, 139.927, 14.8499, -35.5869, 0.109924, -174.555, 0.726857, -131.644, 0.555402, 55.2967
2722, 45.36667, 2.27298, 92.1187, 18.7666, 139.929, 14.867, -35.5511, 0.109994, -174.619, 0.727294, -131.644, 0.556223, 55.3338
2723, 45.37500, 2.27415, 92.0632, 18.7742, 139.931, 14.884, -35.5156, 0.110063, -174.683, 0.72773, -131.643, 0.557044, 55.3707
2723, 45.38333, 2.27533, 92.0076, 18.7817, 139.933, 14.901, -35.4803, 0.110132, -174.747, 0.728165, -131.643, 0.557865, 55.4073
2724, 45.39167, 2.27651, 91.9518, 18.7893, 139.935, 14.918, -35.4452, 0.110202, -174.811, 0.7286, -131.643, 0.558685, 55.4437
2724, 45.40000, 2.27768, 91.8958, 18.7968, 139.937, 14.935, -35.4103, 0.110271, -174.876, 0.729034, -131.643, 0.559505, 55.4799
2725, 45.40833, 2.27885, 91.8397, 18.8043, 139.939, 14.9519, -35.3756, 0.11034, -174.94, 0.729467, -131.644, 0.560325, 55.5159
2725, 45.41667, 2.28002, 91.7834, 18.8117, 139.941, 14.9689, -35.3411, 0.110409, -175.005, 0.7299, -131.644, 0.561144, 55.5517
2725, 45.42500, 2.28119, 91.727, 18.8192, 139.943, 14.9858, -35.3068, 0.110478, -175.069, 0.730332, -131.644, 0.561964, 55.5873
2726, 45.43333, 2.28235, 91.6704, 18.8266, 139.944, 15.0027, -35.2727, 0.110547, -175.134, 0.730763, -131.644, 0.562783, 55.6227
2727, 45.44167, 2.28352, 91.6137, 18.834, 139.946, 15.0196, -35.2387, 0.110616, -175.199, 0.731194, -131.644, 0.563601, 55.6578
2727, 45.45000, 2.28468, 91.5568, 18.8414, 139.948, 15.0365, -35.205, 0.110685, -175.264, 0.731624, -131.644, 0.56442, 55.6928
2728, 45.45833, 2.28583, 91.4997, 18.8488, 139.95, 15.0534, -35.1715, 0.110753, -175.33, 0.732054, -131.645, 0.565238, 55.7276
2728, 45.46667, 2.28699, 91.4425, 18.8561, 139.951, 15.0702, -35.1381, 0.110822, -175.395, 0.732482, -131.645, 0.566056, 55.7621
2729, 45.47500, 2.28815, 91.3852, 18.8635, 139.953, 15.087, -35.1049, 0.11089, -175.461, 0.73291, -131.645, 0.566874, 55.7965
2729, 45.48333, 2.2893, 91.3276, 18.8708, 139.954, 15.1039, -35.072, 0.110959, -175.526, 0.733338, -131.646, 0.567691, 55.8306
2729, 45.49167, 2.29045, 91.27, 18.8781, 139.956, 15.1207, -35.0392, 0.111027, -175.592, 0.733765, -131.646, 0.568509, 55.8646
2730, 45.50000, 2.2916, 91.2122, 18.8853, 139.957, 15.1374, -35.0066, 0.111095, -175.658, 0.734191, -131.647, 0.569326, 55.8983
2731, 45.50833, 2.29274, 91.1542, 18.8926, 139.959, 15.1542, -34.9742, 0.111164, -175.724, 0.734616, -131.647, 0.570142, 55.9319
2731, 45.51667, 2.29388, 91.0961, 18.8998, 139.96, 15.171, -34.9419, 0.111232, -175.79, 0.735041, -131.648, 0.570959, 55.9652
2732, 45.52500, 2.29502, 91.0378, 18.907, 139.961, 15.1877, -34.9099, 0.1113, -175.856, 0.735466, -131.648, 0.571775, 55.9984
2732, 45.53333, 2.29616, 90.9794, 18.9142, 139.963, 15.2044, -34.878, 0.111368, -175.922, 0.735889, -131.649, 0.572591, 56.0314
2733, 45.54167, 2.2973, 90.9208, 18.9214, 139.964, 15.2211, -34.8463, 0.111436, -175.988, 0.736312, -131.649, 0.573407, 56.0642
2733, 45.55000, 2.29843, 90.8621, 18.9285, 139.965, 15.2378, -34.8148, 0.111503, -176.055, 0.736734, -131.65, 0.574223, 56.0967
2733, 45.55833, 2.29956, 90.8033, 18.9356, 139.966, 15.2545, -34.7835, 0.111571, -176.122, 0.737156, -131.65, 0.575038, 56.1291
2734, 45.56667, 2.30069, 90.7443, 18.9428, 139.968, 15.2711, -34.7523, 0.111638, -176.188, 0.737577, -131.651, 0.575854, 56.1614
2735, 45.57500, 2.30182, 90.6851, 18.9499, 139.969, 15.2878, -34.7213, 0.111706, -176.255, 0.737997, -131.652, 0.576669, 56.1934
2735, 45.58333, 2.30294, 90.6258, 18.9569, 139.97, 15.3044, -34.6905, 0.111773, -176.322, 0.738417, -131.653, 0.577483, 56.2252
2736, 45.59167, 2.30406, 90.5663, 18.964, 139.971, 15.321, -34.6599, 0.11184, -176.389, 0.738836, -131.653, 0.578298, 56.2569
2736, 45.60000, 2.30518, 90.5067, 18.971, 139.972, 15.3376, -34.6294, 0.111908, -176.456, 0.739254, -131.654, 0.579112, 56.2884
2737, 45.60833, 2.30629, 90.447, 18.978, 139.973, 15.3542, -34.5991, 0.111975, -176.524, 0.739672, -131.655, 0.579927, 56.3197
2737, 45.61667, 2.3074, 90.3871, 18.985, 139.974, 15.3708, -34.569, 0.112042, -176.591, 0.740089, -131.656, 0.580741, 56.3508
2737, 45.62500, 2.30851, 90.3271, 18.992, 139.975, 15.3873, -34.539, 0.112108, -176.659, 0.740506, -131.657, 0.581554, 56.3817
2738, 45.63333, 2.30962, 90.2669, 18.999, 139.976, 15.4038, -34.5093, 0.112175, -176.726, 0.740921, -131.658, 0.582368, 56.4124
2739, 45.64167, 2.31072, 90.2066, 19.0059, 139.977, 15.4204, -34.4796, 0.112242, -176.794, 0.741336, -131.658, 0.583181, 56.443
2739, 45.65000, 2.31183, 90.1461, 19.0128, 139.978, 15.4369, -34.4502, 0.112308, -176.862, 0.741751, -131.659, 0.583994, 56.4734
2740, 45.65833, 2.31292, 90.0855, 19.0197, 139.979, 15.4534, -34.4209, 0.112375, -176.93, 0.742165, -131.66, 0.584807, 56.5036
2740, 45.66667, 2.31402, 90.0247, 19.0266, 139.98, 15.4698, -34.3918, 0.112441, -176.998, 0.742578, -131.661, 0.58562, 56.5337
2741, 45.67500, 2.31511, 89.9638, 19.0334, 139.98, 15.4863, -34.3628, 0.112507, -177.066, 0.742991, -131.662, 0.586433, 56.5635
2741, 45.68333, 2.3162, 89.9028, 19.0403, 139.981, 15.5027, -34.334, 0.112573, -177.134, 0.743402, -131.663, 0.587245, 56.5932
2741, 45.69167, 2.31729, 89.8416, 19.0471, 139.982, 15.5192, -34.3054, 0.112639, -177.203, 0.743814, -131.665, 0.588057, 56.6228
2742, 45.70000, 2.31837, 89.7803, 19.0539, 139.983, 15.5356, -34.2769, 0.112705, -177.271, 0.744224, -131.666, 0.588869, 56.6521
2743, 45.70833, 2.31945, 89.7188, 19.0607, 139.983, 15.552, -34.2486, 0.112771, -177.34, 0.744634, -131.667, 0.589681, 56.6813
2743, 45.71667, 2.32053, 89.6572, 19.0675, 139.984, 15.5684, -34.2204, 0.112836, -177.409, 0.745044, -131.668, 0.590493, 56.7103
2744, 45.72500, 2.3216, 89.5955, 19.0742, 139.985, 15.5848, -34.1924, 0.112902, -177.478, 0.745453, -131.669, 0.591304, 56.7392
2744, 45.73333, 2.32267, 89.5336, 19.0809, 139.985, 15.6011, -34.1646, 0.112967, -177.547, 0.745861, -131.67, 0.592116, 56.7678
2745, 45.74167, 2.32374, 89.4715, 19.0876, 139.986, 15.6175, -34.1369, 0.113032, -177.616, 0.746268, -131.671, 0.592927, 56.7963
2745, 45.75000, 2.32481, 89.4094, 19.0943, 139.987, 15.6338, -34.1093, 0.113097, -177.685, 0.746675, -131.673, 0.593738, 56.8247
2745, 45.75833, 2.32587, 89.3471, 19.101, 139.987, 15.6501, -34.0819, 0.113162, -177.754, 0.747081, -131.674, 0.594548, 56.8529
2746, 45.76667, 2.32693, 89.2846, 19.1076, 139.988, 15.6664, -34.0547, 0.113227, -177.823, 0.747486, -131.675, 0.595359, 56.8809
2747, 45.77500, 2.32798, 89.2221, 19.1143, 139.988, 15.6827, -34.0276, 0.113292, -177.893, 0.747891, -131.677, 0.59617, 56.9087
2747, 45.78333, 2.32904, 89.1594, 19.1209, 139.989, 15.699, -34.0007, 0.113356, -177.963, 0.748296, -131.678, 0.59698, 56.9364
2748, 45.79167, 2.33008, 89.0965, 19.1275, 139.989, 15.7153, -33.9739, 0.113421, -178.032, 0.748699, -131.679, 0.59779, 56.964
2748, 45.80000, 2.33113, 89.0335, 19.1341, 139.989, 15.7315, -33.9473, 0.113485, -178.102, 0.749102, -131.681, 0.5986, 56.9913
2749, 45.80833, 2.33217, 88.9704, 19.1406, 139.99, 15.7478, -33.9208, 0.113549, -178.172, 0.749505, -131.682, 0.59941, 57.0186
2749, 45.81667, 2.33321, 88.9072, 19.1472, 139.99, 15.764, -33.8945, 0.113613, -178.242, 0.749906, -131.683, 0.60022, 57.0456
2749, 45.82500, 2.33424, 88.8438, 19.1537, 139.991, 15.7802, -33.8683, 0.113677, -178.312, 0.750307, -131.685, 0.601029, 57.0725
2750, 45.83333, 2.33528, 88.7803, 19.1602, 139.991, 15.7964, -33.8423, 0.113741, -178.382, 0.750708, -131.686, 0.601838, 57.0992
2751, 45.84167, 2.3363, 88.7166, 19.1667, 139.991, 15.8126, -33.8164, 0.113804, -178.453, 0.751108, -131.688, 0.602648, 57.1258
2751, 45.85000, 2.33733, 88.6528, 19.1731, 139.991, 15.8287, -33.7906, 0.113868, -178.523, 0.751507, -131.689, 0.603457, 57.1523
2752, 45.85833, 2.33835, 88.5889, 19.1796, 139.992, 15.8449, -33.765, 0.113931, -178.594, 0.751905, -131.691, 0.604266, 57.1785
2752, 45.86667, 2.33937, 88.5249, 19.186, 139.992, 15.861, -33.7396, 0.113994, -178.664, 0.752303, -131.692, 0.605075, 57.2047
2753, 45.87500, 2.34038, 88.4607, 19.1924, 139.992, 15.8772, -33.7143, 0.114057, -178.735, 0.7527, -131.694, 0.605883, 57.2306
2753, 45.88333, 2.34139, 88.3964, 19.1988, 139.992, 15.8933, -33.6891, 0.11412, -178.806, 0.753097, -131.695, 0.606692, 57.2564
2753, 45.89167, 2.3424, 88.3319, 19.2052, 139.993, 15.9094, -33.664, 0.114182, -178.877, 0.753493, -131.697, 0.6075, 57.2821
2754, 45.90000, 2.3434, 88.2674, 19.2115, 139.993, 15.9255, -33.6391, 0.114245, -178.948, 0.753888, -131.698, 0.608309, 57.3076
2755, 45.90833, 2.3444, 88.2027, 19.2179, 139.993, 15.9416, -33.6144, 0.114307, -179.019, 0.754283, -131.7, 0.609117, 57.333
2755, 45.91667, 2.34539, 88.1379, 19.2242, 139.993, 15.9576, -33.5898, 0.11437, -179.09, 0.754677, -131.702, 0.609925, 57.3582
2756, 45.92500, 2.34638, 88.0729, 19.2305, 139.993, 15.9737, -33.5653, 0.114432, -179.162, 0.755071, -131.703, 0.610733, 57.3833
2756, 45.93333, 2.34737, 88.0078, 19.2368, 139.993, 15.9897, -33.541, 0.114493, -179.233, 0.755464, -131.705, 0.61154, 57.4082
2757, 45.94167, 2.34836, 87.9426, 19.2431, 139.993, 16.0057, -33.5168, 0.114555, -179.305, 0.755856, -131.707, 0.612348, 57.433
2757, 45.95000, 2.34933, 87.8773, 19.2493, 139.993, 16.0218, -33.4927, 0.114617, -179.376, 0.756248, -131.708, 0.613156, 57.4576
2758, 45.95833, 2.35031, 87.8118, 19.2555, 139.993, 16.0378, -33.4688, 0.114678, -179.448, 0.756639, -131.71, 0.613963, 57.4821
2758, 45.96667, 2.35128, 87.7462, 19.2617, 139.993, 16.0537, -33.445, 0.114739, -179.52, 0.757029, -131.712, 0.61477, 57.5064
2759, 45.97500, 2.35225, 87.6805, 19.2679, 139.993, 16.0697, -33.4213, 0.1148, -179.592, 0.757419, -131.713, 0.615578, 57.5306
2759, 45.98333, 2.35321, 87.6147, 19.2741, 139.993, 16.0857, -33.3978, 0.114861, -179.664, 0.757808, -131.715, 0.616385, 57.5546
2760, 45.99167, 2.35417, 87.5487, 19.2803, 139.993, 16.1016, -33.3744, 0.114922, -179.736, 0.758196, -131.717, 0.617192, 57.5786
2760, 46.00000, 2.35513, 87.4826, 19.2864, 139.993, 16.1176, -33.3511, 0.114983, -179.808, 0.758584, -131.719, 0.617999, 57.6023
2761, 46.00833, 2.35608, 87.4164, 19.2925, 139.993, 16.1335, -33.328, 0.115043, -179.881, 0.758972, -131.72, 0.618805, 57.6259
2761, 46.01667, 2.35703, 87.3501, 19.2986, 139.993, 16.1494, -33.305, 0.115103, -179.953, 0.759358, -131.722, 0.619612, 57.6494
2762, 46.02500, 2.35797, 87.2836, 19.3047, 139.993, 16.1653, -33.2821, 0.115163, 179.974, 0.759744, -131.724, 0.620419, 57.6728
2762, 46.03333, 2.35891, 87.2171, 19.3108, 139.993, 16.1812, -33.2593, 0.115223, 179.902, 0.76013, -131.726, 0.621225, 57.696
2763, 46.04167, 2.35985, 87.1504, 19.3168, 139.992, 16.1971, -33.2367, 0.115283, 179.829, 0.760515, -131.728, 0.622032, 57.7191
2763, 46.05000, 2.36078, 87.0835, 19.3229, 139.992, 16.213, -33.2142, 0.115342, 179.756, 0.760899, -131.73, 0.622838, 57.742
2764, 46.05833, 2.3617, 87.0166, 19.3289, 139.992, 16.2288, -33.1919, 0.115402, 179.683, 0.761282, -131.731, 0.623644, 57.7648
2764, 46.06667, 2.36263, 86.9495, 19.3349, 139.992, 16.2447, -33.1696, 0.115461, 179.61, 0.761665, -131.733, 0.62445, 57.7874
2765, 46.07500, 2.36354, 86.8824, 19.3409, 139.992, 16.2605, -33.1475, 0.11552, 179.537, 0.762048, -131.735, 0.625256, 57.81
2765, 46.08333, 2.36446, 86.8151, 19.3468, 139.991, 16.2763, -33.1256, 0.115578, 179.464, 0.762429, -131.737, 0.626062, 57.8323
2766, 46.09167, 2.36537, 86.7477, 19.3528, 139.991, 16.2921, -33.1037, 0.115637, 179.39, 0.762811, -131.739, 0.626868, 57.8546
2766, 46.10000, 2.36627, 86.6801, 19.3587, 139.991, 16.3079, -33.082, 0.115695, 179.317, 0.763191, -131.741, 0.627674, 57.8767
2767, 46.10833, 2.36717, 86.6125, 19.3646, 139.991, 16.3237, -33.0604, 0.115753, 179.243, 0.763571, -131.743, 0.62848, 57.8987
2767, 46.11667, 2.36807, 86.5447, 19.3705, 139.99, 16.3395, -33.0389, 0.115811, 179.17, 0.76395, -131.745, 0.629285, 57.9205
2768, 46.12500, 2.36896, 86.4769, 19.3764, 139.99, 16.3553, -33.0175, 0.115869, 179.096, 0.764329, -131.747, 0.630091, 57.9423
2768, 46.13333, 2.36985, 86.4089, 19.3822, 139.99, 16.371, -32.9963, 0.115927, 179.022, 0.764707, -131.749, 0.630896, 57.9638
2769, 46.14167, 2.37073, 86.3407, 19.3881, 139.989, 16.3868, -32.9751, 0.115984, 178.949, 0.765085, -131.751, 0.631702, 57.9853
2769, 46.15000, 2.37161, 86.2725, 19.3939, 139.989, 16.4025, -32.9542, 0.116042, 178.875, 0.765461, -131.753, 0.632507, 58.0066
2770, 46.15833, 2.37248, 86.2042, 19.3997, 139.989, 16.4182, -32.9333, 0.116099, 178.801, 0.765838, -131.754, 0.633312, 58.0278
2770, 46.16667, 2.37335, 86.1357, 19.4055, 139.988, 16.4339, -32.9125, 0.116155, 178.726, 0.766213, -131.756, 0.634118, 58.0489
2771, 46.17500, 2.37421, 86.0672, 19.4113, 139.988, 16.4496, -32.8919, 0.116212, 178.652, 0.766588, -131.758, 0.634923, 58.0698
2771, 46.18333, 2.37507, 85.9985, 19.4171, 139.988, 16.4653, -32.8714, 0.116268, 178.578, 0.766963, -131.76, 0.635728, 58.0906
2772, 46.19167, 2.37593, 85.9297, 19.4228, 139.987, 16.481, -32.851, 0.116325, 178.504, 0.767337, -131.762, 0.636533, 58.1113
2772, 46.20000, 2.37677, 85.8608, 19.4285, 139.987, 16.4966, -32.8307, 0.116381, 178.429, 0.76771, -131.764, 0.637338, 58.1319
2773, 46.20833, 2.37762, 85.7918, 19.4342, 139.986, 16.5123, -32.8105, 0.116436, 178.355, 0.768083, -131.767, 0.638143, 58.1523
2773, 46.21667, 2.37846, 85.7227, 19.4399, 139.986, 16.5279, -32.7905, 0.116492, 178.28, 0.768455, -131.769, 0.638948, 58.1726
2774, 46.22500, 2.3793, 85.6535, 19.4456, 139.985, 16.5436, -32.7705, 0.116547, 178.205, 0.768826, -131.771, 0.639752, 58.1928
2774, 46.23333, 2.38013, 85.5841, 19.4512, 139.985, 16.5592, -32.7507, 0.116602, 178.13, 0.769197, -131.773, 0.640557, 58.2128
2775, 46.24167, 2.38095, 85.5147, 19.4569, 139.985, 16.5748, -32.731, 0.116657, 178.055, 0.769567, -131.775, 0.641362, 58.2327
2775, 46.25000, 2.38177, 85.4451, 19.4625, 139.984, 16.5904, -32.7114, 0.116712, 177.98, 0.769937, -131.777, 0.642166, 58.2525
2776, 46.25833, 2.38259, 85.3755, 19.4681, 139.984, 16.606, -32.692, 0.116767, 177.905, 0.770306, -131.779, 0.642971, 58.2722
2776, 46.26667, 2.3834, 85.3057, 19.4737, 139.983, 16.6216, -32.6726, 0.116821, 177.83, 0.770675, -131.781, 0.643775, 58.2918
2777, 46.27500, 2.3842, 85.2358, 19.4793, 139.983, 16.6371, -32.6534, 0.116875, 177.755, 0.771043, -131.783, 0.64458, 58.3112
2777, 46.28333, 2.385, 85.1659, 19.4848, 139.982, 16.6527, -32.6342, 0.116929, 177.68, 0.77141, -131.785, 0.645384, 58.3305
2778, 46.29167, 2.3858, 85.0958, 19.4904, 139.982, 16.6683, -32.6152, 0.116982, 177.604, 0.771777, -131.787, 0.646189, 58.3497
2778, 46.30000, 2.38659, 85.0256, 19.4959, 139.981, 16.6838, -32.5963, 0.117036, 177.529, 0.772143, -131.789, 0.646993, 58.3687
2779, 46.30833, 2.38738, 84.9553, 19.5014, 139.98, 16.6993, -32.5775, 0.117089, 177.453, 0.772509, -131.791, 0.647797, 58.3877
2779, 46.31667, 2.38816, 84.8849, 19.5069, 139.98, 16.7148, -32.5588, 0.117142, 177.377, 0.772874, -131.793, 0.648602, 58.4065
2780, 46.32500, 2.38893, 84.8144, 19.5124, 139.979, 16.7303, -32.5402, 0.117195, 177.302, 0.773238, -131.795, 0.649406, 58.4252
2780, 46.33333, 2.3897, 84.7438, 19.5178, 139.979, 16.7458, -32.5218, 0.117247, 177.226, 0.773602, -131.797, 0.65021, 58.4438
2781, 46.34167, 2.39047, 84.6731, 19.5233, 139.978, 16.7613, -32.5034, 0.117299, 177.15, 0.773965, -131.8, 0.651014, 58.4623
2781, 46.35000, 2.39123, 84.6023, 19.5287, 139.978, 16.7768, -32.4852, 0.117351, 177.074, 0.774328, -131.802, 0.651818, 58.4806
2782, 46.35833, 2.39198, 84.5315, 19.5341, 139.977, 16.7923, -32.467, 0.117403, 176.998, 0.77469, -131.804, 0.652623, 58.4988
2782, 46.36667, 2.39273, 84.4604, 19.5395, 139.976, 16.8077, -32.449, 0.117455, 176.922, 0.775051, -131.806, 0.653427, 58.517
2783, 46.37500, 2.39348, 84.3894, 19.5449, 139.976, 16.8232, -32.4311, 0.117506, 176.845, 0.775412, -131.808, 0.654231, 58.535
2783, 46.38333, 2.39421, 84.3182, 19.5503, 139.975, 16.8386, -32.4133, 0.117557, 176.769, 0.775773, -131.81, 0.655035, 58.5528
2784, 46.39167, 2.39495, 84.2469, 19.5556, 139.975, 16.854, -32.3956, 0.117608, 176.693, 0.776133, -131.812, 0.655839, 58.5706
2784, 46.40000, 2.39567, 84.1755, 19.5609, 139.974, 16.8695, -32.378, 0.117658, 176.616, 0.776492, -131.814, 0.656643, 58.5882
2785, 46.40833, 2.3964, 84.104, 19.5663, 139.973, 16.8849, -32.3605, 0.117709, 176.54, 0.77685, -131.816, 0.657447, 58.6058
2785, 46.41667, 2.39711, 84.0324, 19.5716, 139.973, 16.9003, -32.3431, 0.117759, 176.463, 0.777209, -131.818, 0.658251, 58.6232
2786, 46.42500, 2.39783, 83.9607, 19.5769, 139.972, 16.9157, -32.3258, 0.117809, 176.386, 0.777566, -131.821, 0.659054, 58.6405
2786, 46.43333, 2.39853, 83.889, 19.5821, 139.972, 16.931, -32.3086, 0.117858, 176.31, 0.777923, -131.823, 0.659858, 58.6577
2787, 46.44167, 2.39923, 83.8171, 19.5874, 139.971, 16.9464, -32.2915, 0.117908, 176.233, 0.778279, -131.825, 0.660662, 58.6748
2787, 46.45000, 2.39993, 83.7451, 19.5926, 139.97, 16.9618, -32.2746, 0.117957, 176.156, 0.778635, -131.827, 0.661466, 58.6917
2788, 46.45833, 2.40062, 83.6731, 19.5978, 139.97, 16.9771, -32.2577, 0.118006, 176.079, 0.778991, -131.829, 0.66227, 58.7086
2788, 46.46667, 2.4013, 83.6009, 19.603, 139.969, 16.9925, -32.2409, 0.118054, 176.002, 0.779345, -131.831, 0.663074, 58.7253
2789, 46.47500, 2.40198, 83.5287, 19.6082, 139.968, 17.0078, -32.2243, 0.118103, 175.925, 0.779699, -131.833, 0.663877, 58.7419
2789, 46.48333, 2.40265, 83.4564, 19.6134, 139.968, 17.0231, -32.2077, 0.118151, 175.847, 0.780053, -131.835, 0.664681, 58.7584
2790, 46.49167, 2.40332, 83.384, 19.6186, 139.967, 17.0384, -32.1913, 0.118199, 175.77, 0.780406, -131.837, 0.665485, 58.7748
2790, 46.50000, 2.40398, 83.3114, 19.6237, 139.966, 17.0537, -32.1749, 0.118246, 175.693, 0.780759, -131.839, 0.666289, 58.7911
2791, 46.50833, 2.40463, 83.2389, 19.6289, 139.966, 17.069, -32.1586, 0.118294, 175.615, 0.781111, -131.842, 0.667092, 58.8073
2791, 46.51667, 2.40528, 83.1662, 19.634, 139.965, 17.0843, -32.1425, 0.118341, 175.538, 0.781462, -131.844, 0.667896, 58.8234
2792, 46.52500, 2.40593, 83.0934, 19.6391, 139.964, 17.0996, -32.1264, 0.118388, 175.46, 0.781813, -131.846, 0.6687, 58.8393
2792, 46.53333, 2.40657, 83.0205, 19.6442, 139.964, 17.1148, -32.1105, 0.118434, 175.383, 0.782163, -131.848, 0.669504, 58.8552
2793, 46.54167, 2.4072, 82.9476, 19.6492, 139.963, 17.1301, -32.0946, 0.11848, 175.305, 0.782513, -131.85, 0.670307, 58.8709
2793, 46.55000, 2.40783, 82.8745, 19.6543, 139.962, 17.1454, -32.0789, 0.118526, 175.227, 0.782862, -131.852, 0.671111, 58.8866
2794, 46.55833, 2.40845, 82.8014, 19.6593, 139.962, 17.1606, -32.0632, 0.118572, 175.149, 0.783211, -131.854, 0.671915, 58.9021
2794, 46.56667, 2.40906, 82.7282, 19.6644, 139.961, 17.1758, -32.0477, 0.118618, 175.071, 0.783559, -131.856, 0.672719, 58.9175
2795, 46.57500, 2.40967, 82.6549, 19.6694, 139.96, 17.191, -32.0322, 0.118663, 174.993, 0.783907, -131.858, 0.673522, 58.9328
2795, 46.58333, 2.41027, 82.5816, 19.6744, 139.96, 17.2063, -32.0169, 0.118708, 174.915, 0.784254, -131.86, 0.674326, 58.948
2796, 46.59167, 2.41087, 82.5081, 19.6793, 139.959, 17.2215, -32.0016, 0.118753, 174.837, 0.7846, -131.862, 0.67513, 58.9631
2796, 46.60000, 2.41146, 82.4346, 19.6843, 139.958, 17.2367, -31.9864, 0.118797, 174.759, 0.784946, -131.864, 0.675933, 58.9781
2797, 46.60833, 2.41205, 82.3609, 19.6893, 139.958, 17.2518, -31.9714, 0.118841, 174.681, 0.785292, -131.866, 0.676737, 58.993
2797, 46.61667, 2.41263, 82.2872, 19.6942, 139.957, 17.267, -31.9564, 0.118885, 174.603, 0.785636, -131.868, 0.677541, 59.0078
2798, 46.62500, 2.4132, 82.2135, 19.6991, 139.956, 17.2822, -31.9415, 0.118929, 174.524, 0.785981, -131.87, 0.678344, 59.0225
2798, 46.63333, 2.41377, 82.1396, 19.704, 139.956, 17.2973, -31.9268, 0.118972, 174.446, 0.786325, -131.872, 0.679148, 59.037
2799, 46.64167, 2.41433, 82.0657, 19.7089, 139.955, 17.3125, -31.9121, 0.119015, 174.367, 0.786668, -131.874, 0.679952, 59.0515
2799, 46.65000, 2.41488, 81.9916, 19.7138, 139.954, 17.3276, -31.8975, 0.119058, 174.289, 0.787011, -131.876, 0.680756, 59.0659
2800, 46.65833, 2.41543, 81.9175, 19.7187, 139.954, 17.3428, -31.883, 0.1191, 174.21, 0.787353, -131.878, 0.681559, 59.0801
2800, 46.66667, 2.41597, 81.8434, 19.7235, 139.953, 17.3579, -31.8686, 0.119142, 174.132, 0.787695, -131.88, 0.682363, 59.0943
2801, 46.67500, 2.41651, 81.7691, 19.7284, 139.952, 17.373, -31.8543, 0.119184, 174.053, 0.788036, -131.882, 0.683167, 59.1083
2801, 46.68333, 2.41704, 81.6948, 19.7332, 139.952, 17.3881, -31.8401, 0.119226, 173.974, 0.788377, -131.884, 0.683971, 59.1223
2802, 46.69167, 2.41756, 81.6204, 19.738, 139.951, 17.4032, -31.826, 0.119267, 173.895, 0.788717, -131.886, 0.684774, 59.1361
2802, 46.70000, 2.41808, 81.5459, 19.7428, 139.951, 17.4183, -31.812, 0.119308, 173.816, 0.789057, -131.888, 0.685578, 59.1499
2803, 46.70833, 2.41859, 81.4714, 19.7476, 139.95, 17.4334, -31.798, 0.119349, 173.737, 0.789396, -131.89, 0.686382, 59.1635
2803, 46.71667, 2.4191, 81.3967, 19.7523, 139.949, 17.4485, -31.7842, 0.119389, 173.658, 0.789735, -131.892, 0.687186, 59.1771
2804, 46.72500, 2.4196, 81.322, 19.7571, 139.949, 17.4635, -31.7705, 0.11943, 173.579, 0.790073, -131.894, 0.687989, 59.1905
2804, 46.73333, 2.42009, 81.2473, 19.7618, 139.948, 17.4786, -31.7568, 0.119469, 173.5, 0.790411, -131.896, 0.688793, 59.2038
2805, 46.74167, 2.42057, 81.1724, 19.7666, 139.947, 17.4936, -31.7432, 0.119509, 173.421, 0.790748, -131.898, 0.689597, 59.2171
2805, 46.75000, 2.42105, 81.0975, 19.7713, 139.947, 17.5087, -31.7298, 0.119548, 173.342, 0.791085, -131.9, 0.690401, 59.2302
2806, 46.75833, 2.42153, 81.0226, 19.776, 139.946, 17.5237, -31.7164, 0.119587, 173.263, 0.791421, -131.902, 0.691205, 59.2433
2806, 46.76667, 2.42199, 80.9475, 19.7807, 139.945, 17.5387, -31.7031, 0.119626, 173.183, 0.791757, -131.903, 0.692008, 59.2562
2807, 46.77500, 2.42245, 80.8724, 19.7853, 139.945, 17.5537, -31.6899, 0.119664, 173.104, 0.792092, -131.905, 0.692812, 59.269
2807, 46.78333, 2.42291, 80.7972, 19.79, 139.944, 17.5687, -31.6768, 0.119702, 173.024, 0.792427, -131.907, 0.693616, 59.2818
2808, 46.79167, 2.42336, 80.7219, 19.7947, 139.944, 17.5837, -31.6638, 0.11974, 172.945, 0.792761, -131.909, 0.69442, 59.2944
2808, 46.80000, 2.4238, 80.6466, 19.7993, 139.943, 17.5987, -31.6509, 0.119778, 172.865, 0.793095, -131.911, 0.695224, 59.307
2809, 46.80833, 2.42423, 80.5712, 19.8039, 139.942, 17.6137, -31.638, 0.119815, 172.786, 0.793428, -131.913, 0.696028, 59.3194
2809, 46.81667, 2.42466, 80.4958, 19.8085, 139.942, 17.6287, -31.6253, 0.119852, 172.706, 0.793761, -131.915, 0.696832, 59.3317
2810, 46.82500, 2.42508, 80.4203, 19.8131, 139.941, 17.6436, -31.6126, 0.119888, 172.626, 0.794093, -131.916, 0.697636, 59.344
2810, 46.83333, 2.4255, 80.3447, 19.8177, 139.941, 17.6586, -31.6001, 0.119925, 172.547, 0.794425, -131.918, 0.69844, 59.3562
2811, 46.84167, 2.4259, 80.2691, 19.8223, 139.94, 17.6735, -31.5876, 0.119961, 172.467, 0.794756, -131.92, 0.699244, 59.3682
2811, 46.85000, 2.42631, 80.1934, 19.8268, 139.939, 17.6885, -31.5752, 0.119996, 172.387, 0.795087, -131.922, 0.700048, 59.3802
2812, 46.85833, 2.4267, 80.1176, 19.8314, 139.939, 17.7034, -31.5629, 0.120032, 172.307, 0.795417, -131.923, 0.700852, 59.392
2812, 46.86667, 2.42709, 80.0418, 19.8359, 139.938, 17.7183, -31.5507, 0.120067, 172.227, 0.795747, -131.925, 0.701656, 59.4038
2813, 46.87500, 2.42747, 79.9659, 19.8404, 139.938, 17.7332, -31.5385, 0.120101, 172.147, 0.796077, -131.927, 0.70246, 59.4155
2813, 46.88333, 2.42785, 79.8899, 19.8449, 139.937, 17.7482, -31.5265, 0.120136, 172.067, 0.796406, -131.929, 0.703264, 59.427
2814, 46.89167, 2.42822, 79.8139, 19.8494, 139.937, 17.7631, -31.5145, 0.12017, 171.987, 0.796734, -131.93, 0.704068, 59.4385
2814, 46.90000, 2.42858, 79.7379, 19.8539, 139.936, 17.7779, -31.5027, 0.120204, 171.907, 0.797062, -131.932, 0.704872, 59.4499
2814, 46.90833, 2.42893, 79.6618, 19.8583, 139.936, 17.7928, -31.4909, 0.120237, 171.827, 0.79739, -131.934, 0.705676, 59.4612
2815, 46.91667, 2.42928, 79.5856, 19.8628, 139.935, 17.8077, -31.4792, 0.12027, 171.747, 0.797717, -131.935, 0.70648, 59.4724
2816, 46.92500, 2.42962, 79.5093, 19.8672, 139.935, 17.8226, -31.4675, 0.120303, 171.666, 0.798044, -131.937, 0.707284, 59.4835
2816, 46.93333, 2.42996, 79.4331, 19.8717, 139.934, 17.8374, -31.456, 0.120336, 171.586, 0.79837, -131.939, 0.708088, 59.4945
2817, 46.94167, 2.43028, 79.3567, 19.8761, 139.934, 17.8523, -31.4446, 0.120368, 171.506, 0.798696, -131.94, 0.708892, 59.5054
2817, 46.95000, 2.43061, 79.2803, 19.8805, 139.933, 17.8671, -31.4332, 0.1204, 171.425, 0.799021, -131.942, 0.709697, 59.5163
2818, 46.95833, 2.43092, 79.2039, 19.8849, 139.933, 17.882, -31.4219, 0.120431, 171.345, 0.799346, -131.943, 0.710501, 59.527
2818, 46.96667, 2.43123, 79.1274, 19.8893, 139.932, 17.8968, -31.4107, 0.120462, 171.265, 0.799671, -131.945, 0.711305, 59.5376
2818, 46.97500, 2.43153, 79.0508, 19.8936, 139.932, 17.9116, -31.3996, 0.120493, 171.184, 0.799995, -131.946, 0.712109, 59.5482
2819, 46.98333, 2.43182, 78.9742, 19.898, 139.931, 17.9264, -31.3886, 0.120524, 171.104, 0.800319, -131.948, 0.712913, 59.5586
2820, 46.99167, 2.43211, 78.8975, 19.9023, 139.931, 17.9412, -31.3777, 0.120554, 171.023, 0.800642, -131.949, 0.713718, 59.569
2820, 47.00000, 2.43239, 78.8208, 19.9067, 139.931, 17.956, -31.3668, 0.120584, 170.943, 0.800964, -131.951, 0.714522, 59.5793
2821, 47.00833, 2.43266, 78.7441, 19.911, 139.93, 17.9708, -31.356, 0.120614, 170.862, 0.801287, -131.952, 0.715326, 59.5894
2821, 47.01667, 2.43293, 78.6673, 19.9153, 139.93, 17.9856, -31.3453, 0.120643, 170.781, 0.801609, -131.954, 0.716131, 59.5995
2822, 47.02500, 2.43318, 78.5904, 19.9196, 139.929, 18.0003, -31.3347, 0.120672, 170.701, 0.80193, -131.955, 0.716935, 59.6095
2822, 47.03333, 2.43344, 78.5135, 19.9239, 139.929, 18.0151, -31.3242, 0.120701, 170.62, 0.802251, -131.957, 0.717739, 59.6194
2822, 47.04167, 2.43368, 78.4366, 19.9282, 139.929, 18.0299, -31.3137, 0.120729, 170.539, 0.802572, -131.958, 0.718544, 59.6293
2823, 47.05000, 2.43392, 78.3596, 19.9324, 139.928, 18.0446, -31.3034, 0.120757, 170.458, 0.802892, -131.96, 0.719348, 59.639
2824, 47.05833, 2.43415, 78.2826, 19.9367, 139.928, 18.0593, -31.2931, 0.120784, 170.378, 0.803212, -131.961, 0.720152, 59.6486
2824, 47.06667, 2.43437, 78.2055, 19.9409, 139.928, 18.0741, -31.2829, 0.120812, 170.297, 0.803531, -131.962, 0.720957, 59.6582
2825, 47.07500, 2.43459, 78.1284, 19.9451, 139.927, 18.0888, -31.2728, 0.120839, 170.216, 0.80385, -131.964, 0.721761, 59.6676
2825, 47.08333, 2.4348, 78.0512, 19.9494, 139.927, 18.1035, -31.2627, 0.120865, 170.135, 0.804169, -131.965, 0.722565, 59.677
2826, 47.09167, 2.435, 77.974, 19.9536, 139.927, 18.1182, -31.2528, 0.120891, 170.054, 0.804487, -131.966, 0.72337, 59.6863
2826, 47.10000, 2.4352, 77.8968, 19.9578, 139.926, 18.1329, -31.2429, 0.120917, 169.973, 0.804805, -131.968, 0.724174, 59.6955
2826, 47.10833, 2.43539, 77.8195, 19.962, 139.926, 18.1476, -31.2331, 0.120943, 169.892, 0.805122, -131.969, 0.724979, 59.7046
2827, 47.11667, 2.43557, 77.7422, 19.9661, 139.926, 18.1623, -31.2234, 0.120968, 169.811, 0.805439, -131.97, 0.725783, 59.7136
2828, 47.12500, 2.43574, 77.6648, 19.9703, 139.926, 18.177, -31.2137, 0.120993, 169.73, 0.805756, -131.971, 0.726588, 59.7225
2828, 47.13333, 2.43591, 77.5874, 19.9745, 139.925, 18.1917, -31.2042, 0.121018, 169.649, 0.806072, -131.972, 0.727392, 59.7314
2829, 47.14167, 2.43607, 77.51, 19.9786, 139.925, 18.2063, -31.1947, 0.121042, 169.568, 0.806388, -131.974, 0.728197, 59.7402
2829, 47.15000, 2.43622, 77.4325, 19.9827, 139.925, 18.221, -31.1853, 0.121066, 169.487, 0.806704, -131.975, 0.729001, 59.7488
2830, 47.15833, 2.43637, 77.355, 19.9869, 139.925, 18.2356, -31.1759, 0.121089, 169.406, 0.807019, -131.976, 0.729806, 59.7574
2830, 47.16667, 2.43651, 77.2774, 19.991, 139.924, 18.2503, -31.1667, 0.121112, 169.324, 0.807334, -131.977, 0.73061, 59.7659
2830, 47.17500, 2.43664, 77.1999, 19.9951, 139.924, 18.2649, -31.1575, 0.121135, 169.243, 0.807648, -131.978, 0.731415, 59.7743
2831, 47.18333, 2.43676, 77.1222, 19.9992, 139.924, 18.2795, -31.1484, 0.121158, 169.162, 0.807962, -131.979, 0.732219, 59.7826
2832, 47.19167, 2.43688, 77.0446, 20.0032, 139.924, 18.2941, -31.1394, 0.12118, 169.081, 0.808276, -131.98, 0.733024, 59.7909
2832, 47.20000, 2.43699, 76.9669, 20.0073, 139.924, 18.3087, -31.1304, 0.121202, 168.999, 0.808589, -131.981, 0.733829, 59.799
2833, 47.20833, 2.43709, 76.8892, 20.0114, 139.924, 18.3233, -31.1216, 0.121223, 168.918, 0.808902, -131.982, 0.734633, 59.8071
2833, 47.21667, 2.43718, 76.8115, 20.0154, 139.924, 18.3379, -31.1128, 0.121244, 168.837, 0.809214, -131.983, 0.735438, 59.8151
2834, 47.22500, 2.43727, 76.7337, 20.0195, 139.924, 18.3525, -31.1041, 0.121265, 168.756, 0.809526, -131.984, 0.736242, 59.823
2834, 47.23333, 2.43735, 76.6559, 20.0235, 139.923, 18.3671, -31.0954, 0.121286, 168.674, 0.809838, -131.985, 0.737047, 59.8308
2834, 47.24167, 2.43743, 76.5781, 20.0275, 139.923, 18.3817, -31.0869, 0.121306, 168.593, 0.81015, -131.986, 0.737852, 59.8386
2835, 47.25000, 2.43749, 76.5002, 20.0315, 139.923, 18.3962, -31.0784, 0.121325, 168.512, 0.810461, -131.987, 0.738656, 59.8462
2836, 47.25833, 2.43755, 76.4224, 20.0355, 139.923, 18.4108, -31.07, 0.121345, 168.43, 0.810772, -131.988, 0.739461, 59.8538
2836, 47.26667, 2.4376, 76.3444, 20.0395, 139.923, 18.4253, -31.0617, 0.121364, 168.349, 0.811082, -131.989, 0.740265, 59.8613
2837, 47.27500, 2.43764, 76.2665, 20.0435, 139.923, 18.4398, -31.0534, 0.121382, 168.268, 0.811392, -131.99, 0.74107, 59.8687
2837, 47.28333, 2.43768, 76.1886, 20.0475, 139.923, 18.4544, -31.0452, 0.121401, 168.186, 0.811702, -131.991, 0.741875, 59.876
2838, 47.29167, 2.43771, 76.1106, 20.0515, 139.923, 18.4689, -31.0371, 0.121419, 168.105, 0.812012, -131.991, 0.742679, 59.8832
2838, 47.30000, 2.43773, 76.0326, 20.0554, 139.923, 18.4834, -31.0291, 0.121436, 168.023, 0.812321, -131.992, 0.743484, 59.8904
2838, 47.30833, 2.43775, 75.9546, 20.0594, 139.923, 18.4979, -31.0211, 0.121453, 167.942, 0.81263, -131.993, 0.744289, 59.8975
2839, 47.31667, 2.43775, 75.8765, 20.0633, 139.924, 18.5124, -31.0132, 0.12147, 167.86, 0.812938, -131.994, 0.745093, 59.9044
2840, 47.32500, 2.43775, 75.7984, 20.0672, 139.924, 18.5269, -31.0054, 0.121487, 167.779, 0.813246, -131.994, 0.745898, 59.9114
2840, 47.33333, 2.43774, 75.7204, 20.0711, 139.924, 18.5414, -30.9977, 0.121503, 167.697, 0.813554, -131.995, 0.746702, 59.9182
2841, 47.34167, 2.43773, 75.6423, 20.0751, 139.924, 18.5559, -30.99, 0.121519, 167.616, 0.813862, -131.996, 0.747507, 59.9249
2841, 47.35000, 2.43771, 75.5641, 20.079, 139.924, 18.5703, -30.9824, 0.121534, 167.535, 0.814169, -131.996, 0.748312, 59.9316
2842, 47.35833, 2.43768, 75.486, 20.0829, 139.924, 18.5848, -30.9749, 0.121549, 167.453, 0.814476, -131.997, 0.749116, 59.9382
2842, 47.36667, 2.43764, 75.4078, 20.0867, 139.924, 18.5992, -30.9675, 0.121564, 167.372, 0.814783, -131.998, 0.749921, 59.9447
2842, 47.37500, 2.43759, 75.3297, 20.0906, 139.925, 18.6137, -30.9601, 0.121578, 167.29, 0.815089, -131.998, 0.750726, 59.9511
2843, 47.38333, 2.43754, 75.2515, 20.0945, 139.925, 18.6281, -30.9528, 0.121592, 167.209, 0.815395, -131.999, 0.75153, 59.9575
2844, 47.39167, 2.43748, 75.1733, 20.0984, 139.925, 18.6426, -30.9455, 0.121606, 167.127, 0.815701, -131.999, 0.752335, 59.9637
2844, 47.40000, 2.43741, 75.0951, 20.1022, 139.925, 18.657, -30.9384, 0.121619, 167.045, 0.816007, -132, 0.753139, 59.9699
2845, 47.40833, 2.43734, 75.0168, 20.106, 139.925, 18.6714, -30.9313, 0.121632, 166.964, 0.816312, -132, 0.753944, 59.976
2845, 47.41667, 2.43726, 74.9386, 20.1099, 139.926, 18.6858, -30.9243, 0.121645, 166.882, 0.816617, -132, 0.754748, 59.9821
2846, 47.42500, 2.43717, 74.8603, 20.1137, 139.926, 18.7002, -30.9173, 0.121657, 166.801, 0.816921, -132.001, 0.755553, 59.988
2846, 47.43333, 2.43707, 74.7821, 20.1175, 139.926, 18.7146, -30.9105, 0.121669, 166.719, 0.817226, -132.001, 0.756357, 59.9939
2846, 47.44167, 2.43697, 74.7038, 20.1213, 139.927, 18.729, -30.9037, 0.12168, 166.638, 0.81753, -132.002, 0.757162, 59.9997
2847, 47.45000, 2.43685, 74.6255, 20.1252, 139.927, 18.7433, -30.8969, 0.121691, 166.556, 0.817834, -132.002, 0.757967, 60.0054
2848, 47.45833, 2.43673, 74.5472, 20.1289, 139.927, 18.7577, -30.8903, 0.121702, 166.475, 0.818137, -132.002, 0.758771, 60.011
2848, 47.46667, 2.43661, 74.4689, 20.1327, 139.928, 18.7721, -30.8837, 0.121712, 166.393, 0.818441, -132.003, 0.759576, 60.0166
2849, 47.47500, 2.43647, 74.3906, 20.1365, 139.928, 18.7864, -30.8771, 0.121722, 166.312, 0.818744, -132.003, 0.76038, 60.0221
2849, 47.48333, 2.43633, 74.3123, 20.1403, 139.929, 18.8008, -30.8707, 0.121732, 166.23, 0.819047, -132.003, 0.761184, 60.0275
2850, 47.49167, 2.43618, 74.234, 20.1441, 139.929, 18.8151, -30.8643, 0.121741, 166.149, 0.819349, -132.003, 0.761989, 60.0328
2850, 47.50000, 2.43602, 74.1557, 20.1478, 139.929, 18.8294, -30.858, 0.12175, 166.067, 0.819652, -132.003, 0.762793, 60.0381
2850, 47.50833, 2.43586, 74.0774, 20.1516, 139.93, 18.8437, -30.8517, 0.121759, 165.986, 0.819954, -132.004, 0.763598, 60.0433
2851, 47.51667, 2.43569, 73.999, 20.1553, 139.93, 18.858, -30.8455, 0.121767, 165.904, 0.820256, -132.004, 0.764402, 60.0484
2852, 47.52500, 2.43551, 73.9207, 20.1591, 139.931, 18.8723, -30.8394, 0.121775, 165.823, 0.820557, -132.004, 0.765206, 60.0534
2852, 47.53333, 2.43532, 73.8424, 20.1628, 139.931, 18.8866, -30.8334, 0.121782, 165.742, 0.820859, -132.004, 0.766011, 60.0584
2853, 47.54167, 2.43513, 73.764, 20.1665, 139.932, 18.9009, -30.8274, 0.121789, 165.66, 0.82116, -132.004, 0.766815, 60.0633
2853, 47.55000, 2.43493, 73.6857, 20.1702, 139.933, 18.9152, -30.8215, 0.121796, 165.579, 0.821461, -132.004, 0.767619, 60.0681
2854, 47.55833, 2.43472, 73.6074, 20.1739, 139.933, 18.9295, -30.8157, 0.121802, 165.497, 0.821762, -132.004, 0.768423, 60.0728
2854, 47.56667, 2.4345, 73.529, 20.1776, 139.934, 18.9437, -30.8099, 0.121808, 165.416, 0.822062, -132.004, 0.769228, 60.0774
2854, 47.57500, 2.43427, 73.4507, 20.1813, 139.934, 18.958, -30.8042, 0.121814, 165.334, 0.822362, -132.004, 0.770032, 60.082
2855, 47.58333, 2.43404, 73.3724, 20.185, 139.935, 18.9722, -30.7985, 0.121819, 165.253, 0.822663, -132.004, 0.770836, 60.0865
2856, 47.59167, 2.4338, 73.2941, 20.1887, 139.936, 18.9865, -30.793, 0.121824, 165.172, 0.822962, -132.003, 0.77164, 60.091
2856, 47.60000, 2.43355, 73.2158, 20.1924, 139.936, 19.0007, -30.7875, 0.121828, 165.09, 0.823262, -132.003, 0.772444, 60.0953
2857, 47.60833, 2.4333, 73.1375, 20.1961, 139.937, 19.0149, -30.782, 0.121832, 165.009, 0.823562, -132.003, 0.773248, 60.0996
2857, 47.61667, 2.43304, 73.0592, 20.1997, 139.938, 19.0292, -30.7767, 0.121836, 164.928, 0.823861, -132.003, 0.774053, 60.1038
2858, 47.62500, 2.43277, 72.9809, 20.2034, 139.939, 19.0434, -30.7713, 0.121839, 164.846, 0.82416, -132.003, 0.774857, 60.108
2858, 47.63333, 2.43249, 72.9026, 20.207, 139.939, 19.0576, -30.7661, 0.121842, 164.765, 0.824459, -132.002, 0.77566, 60.112
2858, 47.64167, 2.43221, 72.8243, 20.2107, 139.94, 19.0718, -30.7609, 0.121845, 164.684, 0.824758, -132.002, 0.776464, 60.116
2859, 47.65000, 2.43191, 72.746, 20.2143, 139.941, 19.0859, -30.7558, 0.121847, 164.602, 0.825056, -132.002, 0.777268, 60.12
2860, 47.65833, 2.43161, 72.6678, 20.218, 139.942, 19.1001, -30.7508, 0.121849, 164.521, 0.825355, -132.001, 0.778072, 60.1238
2860, 47.66667, 2.43131, 72.5895, 20.2216, 139.943, 19.1143, -30.7458, 0.12185, 164.44, 0.825653, -132.001, 0.778876, 60.1276
2861, 47.67500, 2.43099, 72.5113, 20.2252, 139.943, 19.1284, -30.7409, 0.121852, 164.359, 0.825951, -132.001, 0.77968, 60.1313
2861, 47.68333, 2.43067, 72.4331, 20.2288, 139.944, 19.1426, -30.736, 0.121852, 164.278, 0.826249, -132, 0.780483, 60.135
2862, 47.69167, 2.43034, 72.3549, 20.2325, 139.945, 19.1567, -30.7312, 0.121853, 164.196, 0.826547, -132, 0.781287, 60.1385
2862, 47.70000, 2.43, 72.2767, 20.2361, 139.946, 19.1709, -30.7265, 0.121853, 164.115, 0.826844, -131.999, 0.782091, 60.142
2862, 47.70833, 2.42966, 72.1985, 20.2397, 139.947, 19.185, -30.7218, 0.121852, 164.034, 0.827142, -131.999, 0.782894, 60.1455
2863, 47.71667, 2.4293, 72.1203, 20.2433, 139.948, 19.1991, -30.7172, 0.121852, 163.953, 0.827439, -131.998, 0.783698, 60.1488
2864, 47.72500, 2.42894, 72.0422, 20.2469, 139.949, 19.2132, -30.7127, 0.12185, 163.872, 0.827736, -131.998, 0.784501, 60.1521
2864, 47.73333, 2.42858, 71.964, 20.2504, 139.95, 19.2273, -30.7082, 0.121849, 163.791, 0.828033, -131.997, 0.785305, 60.1553
2865, 47.74167, 2.4282, 71.8859, 20.254, 139.951, 19.2414, -30.7038, 0.121847, 163.71, 0.82833, -131.996, 0.786108, 60.1585
2865, 47.75000, 2.42782, 71.8078, 20.2576, 139.952, 19.2555, -30.6994, 0.121845, 163.629, 0.828627, -131.996, 0.786912, 60.1616
2866, 47.75833, 2.42743, 71.7298, 20.2612, 139.953, 19.2696, -30.6952, 0.121842, 163.548, 0.828923, -131.995, 0.787715, 60.1646
2866, 47.76667, 2.42703, 71.6517, 20.2648, 139.954, 19.2837, -30.6909, 0.121839, 163.467, 0.82922, -131.994, 0.788518, 60.1675
2866, 47.77500, 2.42663, 71.5737, 20.2683, 139.956, 19.2977, -30.6868, 0.121836, 163.386, 0.829516, -131.993, 0.789321, 60.1704
2867, 47.78333, 2.42621, 71.4957, 20.2719, 139.957, 19.3118, -30.6827, 0.121832, 163.305, 0.829813, -131.993, 0.790124, 60.1732
2868, 47.79167, 2.42579, 71.4177, 20.2754, 139.958, 19.3258, -30.6786, 0.121828, 163.224, 0.830109, -131.992, 0.790928, 60.176
2868, 47.80000, 2.42537, 71.3397, 20.279, 139.959, 19.3399, -30.6747, 0.121824, 163.144, 0.830405, -131.991, 0.791731, 60.1786
2869, 47.80833, 2.42493, 71.2618, 20.2825, 139.96, 19.3539, -30.6707, 0.121819, 163.063, 0.830701, -131.99, 0.792534, 60.1812
2869, 47.81667, 2.42449, 71.1839, 20.2861, 139.961, 19.3679, -30.6669, 0.121813, 162.982, 0.830996, -131.989, 0.793337, 60.1838
2870, 47.82500, 2.42404, 71.106, 20.2896, 139.963, 19.3819, -30.6631, 0.121808, 162.901, 0.831292, -131.988, 0.794139, 60.1863
2870, 47.83333, 2.42358, 71.0281, 20.2931, 139.964, 19.3959, -30.6593, 0.121802, 162.821, 0.831588, -131.987, 0.794942, 60.1887
2870, 47.84167, 2.42312, 70.9503, 20.2967, 139.965, 19.4099, -30.6557, 0.121796, 162.74, 0.831883, -131.986, 0.795745, 60.191
2871, 47.85000, 2.42265, 70.8725, 20.3002, 139.967, 19.4239, -30.6521, 0.121789, 162.66, 0.832179, -131.985, 0.796547, 60.1933
2872, 47.85833, 2.42217, 70.7947, 20.3037, 139.968, 19.4379, -30.6485, 0.121782, 162.579, 0.832474, -131.984, 0.79735, 60.1955
2872, 47.86667, 2.42168, 70.7169, 20.3072, 139.969, 19.4519, -30.645, 0.121774, 162.499, 0.832769, -131.983, 0.798153, 60.1976
2873, 47.87500, 2.42118, 70.6392, 20.3108, 139.971, 19.4658, -30.6416, 0.121767, 162.418, 0.833065, -131.982, 0.798955, 60.1997
2873, 47.88333, 2.42068, 70.5616, 20.3143, 139.972, 19.4798, -30.6382, 0.121758, 162.338, 0.83336, -131.981, 0.799757, 60.2017
2874, 47.89167, 2.42017, 70.4839, 20.3178, 139.973, 19.4937, -30.6349, 0.12175, 162.257, 0.833655, -131.979, 0.80056, 60.2037
2874, 47.90000, 2.41966, 70.4063, 20.3213, 139.975, 19.5076, -30.6316, 0.121741, 162.177, 0.83395, -131.978, 0.801362, 60.2056
2874, 47.90833, 2.41913, 70.3287, 20.3248, 139.976, 19.5216, -30.6284, 0.121732, 162.097, 0.834245, -131.977, 0.802164, 60.2074
2875, 47.91667, 2.4186, 70.2511, 20.3283, 139.978, 19.5355, -30.6253, 0.121722, 162.016, 0.83454, -131.976, 0.802966, 60.2091
2876, 47.92500, 2.41806, 70.1736, 20.3318, 139.979, 19.5494, -30.6222, 0.121712, 161.936, 0.834835, -131.974, 0.803768, 60.2108
2876, 47.93333, 2.41752, 70.0961, 20.3353, 139.981, 19.5633, -30.6191, 0.121701, 161.856, 0.835129, -131.973, 0.80457, 60.2125
2877, 47.94167, 2.41696, 70.0187, 20.3388, 139.982, 19.5772, -30.6162, 0.121691, 161.776, 0.835424, -131.972, 0.805372, 60.214
2877, 47.95000, 2.4164, 69.9413, 20.3423, 139.984, 19.5911, -30.6133, 0.121679, 161.696, 0.835719, -131.97, 0.806174, 60.2155
2878, 47.95833, 2.41583, 69.8639, 20.3457, 139.986, 19.605, -30.6104, 0.121668, 161.616, 0.836014, -131.969, 0.806975, 60.217
2878, 47.96667, 2.41526, 69.7866, 20.3492, 139.987, 19.6188, -30.6076, 0.121656, 161.536, 0.836308, -131.967, 0.807777, 60.2183
2878, 47.97500, 2.41468, 69.7093, 20.3527, 139.989, 19.6327, -30.6049, 0.121644, 161.456, 0.836603, -131.966, 0.808578, 60.2197
2879, 47.98333, 2.41409, 69.632, 20.3562, 139.991, 19.6465, -30.6022, 0.121631, 161.376, 0.836898, -131.964, 0.80938, 60.2209
2880, 47.99167, 2.41349, 69.5548, 20.3597, 139.992, 19.6604, -30.5995, 0.121618, 161.296, 0.837192, -131.963, 0.810181, 60.2221
2880, 48.00000, 2.41288, 69.4776, 20.3631, 139.994, 19.6742, -30.597, 0.121605, 161.216, 0.837487, -131.961, 0.810982, 60.2232
2881, 48.00833, 2.41227, 69.4005, 20.3666, 139.996, 19.6881, -30.5944, 0.121591, 161.136, 0.837781, -131.959, 0.811783, 60.2243
2881, 48.01667, 2.41165, 69.3234, 20.3701, 139.998, 19.7019, -30.592, 0.121577, 161.057, 0.838076, -131.958, 0.812585, 60.2253
2882, 48.02500, 2.41103, 69.2464, 20.3735, 139.999, 19.7157, -30.5896, 0.121562, 160.977, 0.838371, -131.956, 0.813386, 60.2262
2882, 48.03333, 2.41039, 69.1694, 20.377, 140.001, 19.7295, -30.5872, 0.121547, 160.897, 0.838665, -131.954, 0.814186, 60.2271
2883, 48.04167, 2.40975, 69.0925, 20.3805, 140.003, 19.7433, -30.5849, 0.121532, 160.818, 0.83896, -131.952, 0.814987, 60.228
2883, 48.05000, 2.4091, 69.0156, 20.3839, 140.005, 19.7571, -30.5827, 0.121517, 160.738, 0.839254, -131.951, 0.815788, 60.2287
2884, 48.05833, 2.40845, 68.9387, 20.3874, 140.007, 19.7708, -30.5805, 0.121501, 160.659, 0.839549, -131.949, 0.816589, 60.2294
2884, 48.06667, 2.40778, 68.8619, 20.3908, 140.009, 19.7846, -30.5784, 0.121484, 160.579, 0.839844, -131.947, 0.817389, 60.2301
2885, 48.07500, 2.40711, 68.7851, 20.3943, 140.01, 19.7984, -30.5763, 0.121468, 160.5, 0.840138, -131.945, 0.81819, 60.2306
2885, 48.08333, 2.40644, 68.7084, 20.3978, 140.012, 19.8121, -30.5743, 0.121451, 160.421, 0.840433, -131.943, 0.81899, 60.2312
2886, 48.09167, 2.40575, 68.6318, 20.4012, 140.014, 19.8258, -30.5723, 0.121433, 160.341, 0.840728, -131.941, 0.81979, 60.2316
2886, 48.10000, 2.40506, 68.5552, 20.4047, 140.016, 19.8396, -30.5704, 0.121415, 160.262, 0.841023, -131.939, 0.82059, 60.2321
2887, 48.10833, 2.40436, 68.4786, 20.4081, 140.018, 19.8533, -30.5685, 0.121397, 160.183, 0.841317, -131.937, 0.82139, 60.2324
2887, 48.11667, 2.40366, 68.4021, 20.4116, 140.02, 19.867, -30.5667, 0.121379, 160.104, 0.841612, -131.935, 0.82219, 60.2327
2888, 48.12500, 2.40295, 68.3256, 20.415, 140.022, 19.8807, -30.5649, 0.12136, 160.025, 0.841907, -131.933, 0.82299, 60.2329
2888, 48.13333, 2.40223, 68.2492, 20.4185, 140.025, 19.8944, -30.5632, 0.121341, 159.946, 0.842202, -131.931, 0.82379, 60.2331
2889, 48.14167, 2.4015, 68.1729, 20.4219, 140.027, 19.9081, -30.5616, 0.121321, 159.867, 0.842497, -131.929, 0.824589, 60.2332
2889, 48.15000, 2.40076, 68.0966, 20.4254, 140.029, 19.9218, -30.56, 0.121301, 159.789, 0.842792, -131.927, 0.825389, 60.2333
2890, 48.15833, 2.40002, 68.0204, 20.4288, 140.031, 19.9354, -30.5584, 0.121281, 159.71, 0.843087, -131.925, 0.826188, 60.2333
2890, 48.16667, 2.39928, 67.9442, 20.4322, 140.033, 19.9491, -30.5569, 0.12126, 159.631, 0.843382, -131.922, 0.826987, 60.2332
2891, 48.17500, 2.39852, 67.8681, 20.4357, 140.035, 19.9628, -30.5555, 0.121239, 159.553, 0.843678, -131.92, 0.827786, 60.2331
2891, 48.18333, 2.39776, 67.792, 20.4391, 140.038, 19.9764, -30.5541, 0.121218, 159.474, 0.843973, -131.918, 0.828585, 60.233
2892, 48.19167, 2.39699, 67.716, 20.4426, 140.04, 19.99, -30.5527, 0.121196, 159.396, 0.844268, -131.915, 0.829384, 60.2328
2892, 48.20000, 2.39621, 67.6401, 20.446, 140.042, 20.0037, -30.5514, 0.121174, 159.317, 0.844564, -131.913, 0.830183, 60.2325
2893, 48.20833, 2.39543, 67.5642, 20.4495, 140.044, 20.0173, -30.5502, 0.121151, 159.239, 0.844859, -131.911, 0.830982, 60.2321
2893, 48.21667, 2.39464, 67.4884, 20.4529, 140.047, 20.0309, -30.549, 0.121129, 159.16, 0.845155, -131.908, 0.83178, 60.2318
2894, 48.22500, 2.39384, 67.4126, 20.4563, 140.049, 20.0445, -30.5478, 0.121105, 159.082, 0.845451, -131.906, 0.832579, 60.2313
2894, 48.23333, 2.39304, 67.3369, 20.4598, 140.051, 20.0581, -30.5468, 0.121082, 159.004, 0.845747, -131.903, 0.833377, 60.2308
2895, 48.24167, 2.39223, 67.2613, 20.4632, 140.054, 20.0716, -30.5457, 0.121058, 158.926, 0.846043, -131.901, 0.834175, 60.2303
2895, 48.25000, 2.39141, 67.1857, 20.4667, 140.056, 20.0852, -30.5447, 0.121034, 158.848, 0.846339, -131.898, 0.834973, 60.2297
2896, 48.25833, 2.39059, 67.1102, 20.4701, 140.058, 20.0988, -30.5438, 0.121009, 158.77, 0.846635, -131.896, 0.835771, 60.229
2896, 48.26667, 2.38975, 67.0348, 20.4736, 140.061, 20.1123, -30.5429, 0.120984, 158.692, 0.846931, -131.893, 0.836569, 60.2283
2897, 48.27500, 2.38892, 66.9594, 20.477, 140.063, 20.1259, -30.542, 0.120959, 158.614, 0.847228, -131.89, 0.837367, 60.2275
2897, 48.28333, 2.38807, 66.8841, 20.4804, 140.066, 20.1394, -30.5412, 0.120933, 158.537, 0.847524, -131.888, 0.838165, 60.2267
2898, 48.29167, 2.38722, 66.8089, 20.4839, 140.068, 20.1529, -30.5405, 0.120907, 158.459, 0.847821, -131.885, 0.838962, 60.2259
2898, 48.30000, 2.38636, 66.7337, 20.4873, 140.071, 20.1665, -30.5398, 0.120881, 158.382, 0.848118, -131.882, 0.839759, 60.2249
2899, 48.30833, 2.38549, 66.6586, 20.4908, 140.073, 20.18, -30.5391, 0.120854, 158.304, 0.848415, -131.88, 0.840557, 60.224
2899, 48.31667, 2.38462, 66.5836, 20.4942, 140.076, 20.1935, -30.5385, 0.120827, 158.227, 0.848712, -131.877, 0.841354, 60.2229
2900, 48.32500, 2.38374, 66.5086, 20.4977, 140.079, 20.207, -30.538, 0.1208, 158.149, 0.849009, -131.874, 0.842151, 60.2219
2900, 48.33333, 2.38286, 66.4337, 20.5011, 140.081, 20.2204, -30.5375, 0.120772, 158.072, 0.849306, -131.871, 0.842947, 60.2207
2901, 48.34167, 2.38197, 66.3589, 20.5046, 140.084, 20.2339, -30.537, 0.120744, 157.995, 0.849604, -131.868, 0.843744, 60.2195
2901, 48.35000, 2.38107, 66.2841, 20.508, 140.087, 20.2474, -30.5366, 0.120715, 157.918, 0.849901, -131.865, 0.844541, 60.2183
2902, 48.35833, 2.38016, 66.2095, 20.5115, 140.089, 20.2608, -30.5362, 0.120687, 157.841, 0.850199, -131.862, 0.845337, 60.217
2902, 48.36667, 2.37925, 66.1349, 20.5149, 140.092, 20.2743, -30.5359, 0.120658, 157.764, 0.850497, -131.859, 0.846133, 60.2157
2903, 48.37500, 2.37833, 66.0603, 20.5184, 140.095, 20.2877, -30.5356, 0.120628, 157.687, 0.850796, -131.856, 0.846929, 60.2143
2903, 48.38333, 2.3774, 65.9859, 20.5218, 140.097, 20.3011, -30.5354, 0.120598, 157.61, 0.851094, -131.853, 0.847725, 60.2129
2904, 48.39167, 2.37647, 65.9115, 20.5253, 140.1, 20.3146, -30.5352, 0.120568, 157.533, 0.851392, -131.85, 0.848521, 60.2114
2904, 48.40000, 2.37553, 65.8372, 20.5288, 140.103, 20.328, -30.5351, 0.120538, 157.457, 0.851691, -131.847, 0.849317, 60.2098
2905, 48.40833, 2.37459, 65.763, 20.5322, 140.106, 20.3414, -30.535, 0.120507, 157.38, 0.85199, -131.844, 0.850113, 60.2083
2905, 48.41667, 2.37363, 65.6889, 20.5357, 140.109, 20.3548, -30.5349, 0.120476, 157.304, 0.852289, -131.841, 0.850908, 60.2066
2906, 48.42500, 2.37268, 65.6148, 20.5392, 140.112, 20.3681, -30.5349, 0.120444, 157.227, 0.852588, -131.838, 0.851703, 60.2049
2906, 48.43333, 2.37171, 65.5408, 20.5426, 140.114, 20.3815, -30.535, 0.120412, 157.151, 0.852888, -131.834, 0.852498, 60.2032
2907, 48.44167, 2.37074, 65.4669, 20.5461, 140.117, 20.3949, -30.5351, 0.12038, 157.075, 0.853187, -131.831, 0.853293, 60.2014
2907, 48.45000, 2.36976, 65.3931, 20.5496, 140.12, 20.4082, -30.5352, 0.120347, 156.999, 0.853487, -131.828, 0.854088, 60.1996
2908, 48.45833, 2.36878, 65.3193, 20.553, 140.123, 20.4216, -30.5354, 0.120315, 156.923, 0.853787, -131.824, 0.854883, 60.1977
2908, 48.46667, 2.36779, 65.2457, 20.5565, 140.126, 20.4349, -30.5356, 0.120281, 156.847, 0.854088, -131.821, 0.855678, 60.1958
2909, 48.47500, 2.36679, 65.1721, 20.56, 140.129, 20.4482, -30.5359, 0.120248, 156.771, 0.854388, -131.818, 0.856472, 60.1938
2909, 48.48333, 2.36579, 65.0986, 20.5635, 140.132, 20.4616, -30.5362, 0.120214, 156.695, 0.854689, -131.814, 0.857266, 60.1918
2910, 48.49167, 2.36478, 65.0252, 20.567, 140.135, 20.4749, -30.5365, 0.12018, 156.62, 0.85499, -131.811, 0.85806, 60.1898
2910, 48.50000, 2.36376, 64.9519, 20.5704, 140.138, 20.4882, -30.5369, 0.120145, 156.544, 0.855291, -131.807, 0.858854, 60.1876
2911, 48.50833, 2.36274, 64.8786, 20.5739, 140.141, 20.5014, -30.5374, 0.12011, 156.468, 0.855592, -131.804, 0.859648, 60.1855
2911, 48.51667, 2.36171, 64.8055, 20.5774, 140.144, 20.5147, -30.5378, 0.120075, 156.393, 0.855894, -131.8, 0.860442, 60.1833
2912, 48.52500, 2.36067, 64.7324, 20.5809, 140.148, 20.528, -30.5384, 0.12004, 156.318, 0.856196, -131.797, 0.861235, 60.181
2912, 48.53333, 2.35963, 64.6594, 20.5844, 140.151, 20.5413, -30.5389, 0.120004, 156.243, 0.856498, -131.793, 0.862029, 60.1787
2913, 48.54167, 2.35858, 64.5865, 20.5879, 140.154, 20.5545, -30.5395, 0.119967, 156.167, 0.8568, -131.79, 0.862822, 60.1764
2913, 48.55000, 2.35753, 64.5137, 20.5914, 140.157, 20.5678, -30.5402, 0.119931, 156.092, 0.857103, -131.786, 0.863615, 60.174
2914, 48.55833, 2.35647, 64.441, 20.5949, 140.16, 20.581, -30.5409, 0.119894, 156.017, 0.857405, -131.782, 0.864408, 60.1716
2914, 48.56667, 2.3554, 64.3683, 20.5984, 140.164, 20.5942, -30.5416, 0.119857, 155.943, 0.857709, -131.779, 0.865201, 60.1691
2915, 48.57500, 2.35433, 64.2958, 20.6019, 140.167, 20.6074, -30.5424, 0.119819, 155.868, 0.858012, -131.775, 0.865993, 60.1666
2915, 48.58333, 2.35325, 64.2234, 20.6055, 140.17, 20.6206, -30.5432, 0.119782, 155.793, 0.858316, -131.771, 0.866786, 60.164
2916, 48.59167, 2.35217, 64.151, 20.609, 140.173, 20.6338, -30.5441, 0.119744, 155.719, 0.85862, -131.767, 0.867578, 60.1614
2916, 48.60000, 2.35108, 64.0788, 20.6125, 140.177, 20.647, -30.545, 0.119705, 155.644, 0.858924, -131.763, 0.86837, 60.1588
2917, 48.60833, 2.34998, 64.0066, 20.616, 140.18, 20.6602, -30.5459, 0.119666, 155.57, 0.859228, -131.76, 0.869162, 60.1561
2917, 48.61667, 2.34888, 63.9345, 20.6196, 140.183, 20.6734, -30.5469, 0.119627, 155.496, 0.859533, -131.756, 0.869954, 60.1533
2918, 48.62500, 2.34777, 63.8625, 20.6231, 140.187, 20.6865, -30.5479, 0.119588, 155.421, 0.859838, -131.752, 0.870745, 60.1506
2918, 48.63333, 2.34666, 63.7906, 20.6266, 140.19, 20.6997, -30.5489, 0.119548, 155.347, 0.860143, -131.748, 0.871537, 60.1477
2919, 48.64167, 2.34554, 63.7188, 20.6302, 140.194, 20.7128, -30.55, 0.119508, 155.273, 0.860449, -131.744, 0.872328, 60.1449
2919, 48.65000, 2.34441, 63.6471, 20.6337, 140.197, 20.726, -30.5512, 0.119468, 155.2, 0.860754, -131.74, 0.873119, 60.142
2920, 48.65833, 2.34328, 63.5755, 20.6373, 140.2, 20.7391, -30.5524, 0.119427, 155.126, 0.861061, -131.736, 0.87391, 60.139
2920, 48.66667, 2.34214, 63.504, 20.6408, 140.204, 20.7522, -30.5536, 0.119386, 155.052, 0.861367, -131.732, 0.874701, 60.136
2921, 48.67500, 2.34099, 63.4326, 20.6444, 140.207, 20.7653, -30.5548, 0.119345, 154.979, 0.861674, -131.728, 0.875492, 60.133
2921, 48.68333, 2.33984, 63.3613, 20.6479, 140.211, 20.7784, -30.5561, 0.119303, 154.905, 0.861981, -131.724, 0.876282, 60.1299
2922, 48.69167, 2.33869, 63.2901, 20.6515, 140.215, 20.7915, -30.5574, 0.119261, 154.832, 0.862288, -131.72, 0.877072, 60.1268
2922, 48.70000, 2.33753, 63.219, 20.6551, 140.218, 20.8046, -30.5588, 0.119219, 154.759, 0.862596, -131.715, 0.877863, 60.1236
2923, 48.70833, 2.33636, 63.148, 20.6586, 140.222, 20.8176, -30.5602, 0.119177, 154.686, 0.862904, -131.711, 0.878653, 60.1204
2923, 48.71667, 2.33519, 63.0771, 20.6622, 140.225, 20.8307, -30.5617, 0.119134, 154.613, 0.863212, -131.707, 0.879442, 60.1172
2924, 48.72500, 2.33401, 63.0063, 20.6658, 140.229, 20.8437, -30.5631, 0.119091, 154.54, 0.863521, -131.703, 0.880232, 60.1139
2924, 48.73333, 2.33282, 62.9356, 20.6694, 140.232, 20.8568, -30.5647, 0.119047, 154.467, 0.86383, -131.698, 0.881021, 60.1106
2925, 48.74167, 2.33163, 62.865, 20.673, 140.236, 20.8698, -30.5662, 0.119003, 154.394, 0.864139, -131.694, 0.881811, 60.1072
2925, 48.75000, 2.33044, 62.7945, 20.6766, 140.24, 20.8828, -30.5678, 0.118959, 154.321, 0.864449, -131.69, 0.8826, 60.1038
2926, 48.75833, 2.32924, 62.7241, 20.6802, 140.244, 20.8958, -30.5694, 0.118915, 154.249, 0.864759, -131.685, 0.883389, 60.1004
2926, 48.76667, 2.32803, 62.6538, 20.6838, 140.247, 20.9088, -30.5711, 0.11887, 154.177, 0.865069, -131.681, 0.884178, 60.0969
2927, 48.77500, 2.32682, 62.5836, 20.6874, 140.251, 20.9218, -30.5728, 0.118825, 154.104, 0.86538, -131.677, 0.884966, 60.0934
2927, 48.78333, 2.3256, 62.5136, 20.691, 140.255, 20.9348, -30.5746, 0.11878, 154.032, 0.865691, -131.672, 0.885755, 60.0899
2928, 48.79167, 2.32437, 62.4436, 20.6946, 140.259, 20.9478, -30.5763, 0.118735, 153.96, 0.866003, -131.668, 0.886543, 60.0863
2928, 48.80000, 2.32314, 62.3737, 20.6983, 140.262, 20.9607, -30.5781, 0.118689, 153.888, 0.866314, -131.663, 0.887331, 60.0826
2929, 48.80833, 2.32191, 62.304, 20.7019, 140.266, 20.9737, -30.58, 0.118643, 153.816, 0.866626, -131.659, 0.888119, 60.079
2929, 48.81667, 2.32067, 62.2343, 20.7055, 140.27, 20.9866, -30.5819, 0.118596, 153.745, 0.866939, -131.654, 0.888907, 60.0753
2930, 48.82500, 2.31942, 62.1648, 20.7092, 140.274, 20.9996, -30.5838, 0.118549, 153.673, 0.867252, -131.65, 0.889694, 60.0715
2930, 48.83333, 2.31817, 62.0953, 20.7128, 140.278, 21.0125, -30.5857, 0.118502, 153.602, 0.867565, -131.645, 0.890482, 60.0678
2931, 48.84167, 2.31692, 62.026, 20.7165, 140.282, 21.0254, -30.5877, 0.118455, 153.53, 0.867878, -131.64, 0.891269, 60.0639
2931, 48.85000, 2.31565, 61.9568, 20.7201, 140.285, 21.0383, -30.5897, 0.118408, 153.459, 0.868192, -131.636, 0.892056, 60.0601
2932, 48.85833, 2.31439, 61.8877, 20.7238, 140.289, 21.0512, -30.5918, 0.11836, 153.388, 0.868507, -131.631, 0.892843, 60.0562
2932, 48.86667, 2.31311, 61.8187, 20.7274, 140.293, 21.0641, -30.5939, 0.118312, 153.317, 0.868822, -131.626, 0.89363, 60.0523
2933, 48.87500, 2.31184, 61.7498, 20.7311, 140.297, 21.077, -30.596, 0.118263, 153.246, 0.869137, -131.622, 0.894416, 60.0483
2933, 48.88333, 2.31055, 61.6811, 20.7348, 140.301, 21.0899, -30.5982, 0.118214, 153.175, 0.869452, -131.617, 0.895203, 60.0443
2934, 48.89167, 2.30927, 61.6124, 20.7385, 140.305, 21.1027, -30.6003, 0.118165, 153.104, 0.869768, -131.612, 0.895989, 60.0403
2934, 48.90000, 2.30797, 61.5439, 20.7422, 140.309, 21.1156, -30.6026, 0.118116, 153.034, 0.870084, -131.607, 0.896775, 60.0362
2935, 48.90833, 2.30667, 61.4754, 20.7459, 140.313, 21.1284, -30.6048, 0.118067, 152.964, 0.870401, -131.602, 0.897561, 60.0321
2935, 48.91667, 2.30537, 61.4071, 20.7496, 140.317, 21.1413, -30.6071, 0.118017, 152.893, 0.870718, -131.598, 0.898346, 60.028
2936, 48.92500, 2.30406, 61.3389, 20.7533, 140.321, 21.1541, -30.6094, 0.117967, 152.823, 0.871036, -131.593, 0.899132, 60.0238
2936, 48.93333, 2.30275, 61.2709, 20.757, 140.325, 21.1669, -30.6118, 0.117916, 152.753, 0.871354, -131.588, 0.899917, 60.0196
2937, 48.94167, 2.30143, 61.2029, 20.7607, 140.33, 21.1797, -30.6142, 0.117865, 152.683, 0.871672, -131.583, 0.900702, 60.0154
2937, 48.95000, 2.30011, 61.135, 20.7645, 140.334, 21.1925, -30.6166, 0.117815, 152.613, 0.871991, -131.578, 0.901487, 60.0111
2938, 48.95833, 2.29878, 61.0673, 20.7682, 140.338, 21.2053, -30.619, 0.117763, 152.543, 0.87231, -131.573, 0.902272, 60.0068
2938, 48.96667, 2.29744, 60.9997, 20.7719, 140.342, 21.2181, -30.6215, 0.117712, 152.474, 0.872629, -131.568, 0.903057, 60.0025
2939, 48.97500, 2.29611, 60.9322, 20.7757, 140.346, 21.2308, -30.624, 0.11766, 152.404, 0.872949, -131.563, 0.903841, 59.9981
2939, 48.98333, 2.29476, 60.8648, 20.7794, 140.35, 21.2436, -30.6266, 0.117608, 152.335, 0.87327, -131.558, 0.904625, 59.9937
2940, 48.99167, 2.29341, 60.7976, 20.7832, 140.355, 21.2564, -30.6292, 0.117556, 152.266, 0.873591, -131.553, 0.905409, 59.9893
2940, 49.00000, 2.29206, 60.7304, 20.787, 140.359, 21.2691, -30.6318, 0.117503, 152.197, 0.873912, -131.548, 0.906193, 59.9848
2941, 49.00833, 2.2907, 60.6634, 20.7907, 140.363, 21.2818, -30.6344, 0.11745, 152.128, 0.874234, -131.543, 0.906977, 59.9803
2941, 49.01667, 2.28934, 60.5965, 20.7945, 140.367, 21.2945, -30.6371, 0.117397, 152.059, 0.874556, -131.538, 0.907761, 59.9758
2942, 49.02500, 2.28797, 60.5297, 20.7983, 140.372, 21.3073, -30.6398, 0.117344, 151.99, 0.874879, -131.532, 0.908544, 59.9712
2942, 49.03333, 2.2866, 60.4631, 20.8021, 140.376, 21.32, -30.6425, 0.11729, 151.922, 0.875202, -131.527, 0.909327, 59.9666
2943, 49.04167, 2.28522, 60.3965, 20.8059, 140.38, 21.3327, -30.6453, 0.117236, 151.853, 0.875525, -131.522, 0.91011, 59.962
2943, 49.05000, 2.28384, 60.3301, 20.8097, 140.384, 21.3454, -30.6481, 0.117182, 151.785, 0.875849, -131.517, 0.910893, 59.9573
2944, 49.05833, 2.28245, 60.2639, 20.8135, 140.389, 21.358, -30.6509, 0.117128, 151.717, 0.876174, -131.511, 0.911676, 59.9526
2944, 49.06667, 2.28106, 60.1977, 20.8173, 140.393, 21.3707, -30.6537, 0.117073, 151.648, 0.876499, -131.506, 0.912458, 59.9479
2945, 49.07500, 2.27966, 60.1316, 20.8212, 140.397, 21.3834, -30.6566, 0.117018, 151.58, 0.876824, -131.501, 0.91324, 59.9432
2945, 49.08333, 2.27826, 60.0657, 20.825, 140.402, 21.396, -30.6595, 0.116963, 151.513, 0.87715, -131.496, 0.914023, 59.9384
2946, 49.09167, 2.27686, 59.9999, 20.8288, 140.406, 21.4086, -30.6624, 0.116908, 151.445, 0.877476, -131.49, 0.914805, 59.9336
2946, 49.10000, 2.27545, 59.9343, 20.8327, 140.411, 21.4213, -30.6654, 0.116852, 151.377, 0.877803, -131.485, 0.915586, 59.9288
2947, 49.10833, 2.27403, 59.8688, 20.8365, 140.415, 21.4339, -30.6684, 0.116796, 151.31, 0.87813, -131.479, 0.916368, 59.9239
2947, 49.11667, 2.27261, 59.8033, 20.8404, 140.42, 21.4465, -30.6714, 0.11674, 151.243, 0.878458, -131.474, 0.917149, 59.919
2948, 49.12500, 2.27119, 59.7381, 20.8443, 140.424, 21.4591, -30.6745, 0.116683, 151.175, 0.878786, -131.469, 0.917931, 59.9141
2948, 49.13333, 2.26976, 59.6729, 20.8482, 140.428, 21.4717, -30.6775, 0.116627, 151.108, 0.879115, -131.463, 0.918712, 59.9091
2949, 49.14167, 2.26833, 59.6079, 20.852, 140.433, 21.4843, -30.6806, 0.11657, 151.041, 0.879444, -131.458, 0.919493, 59.9041
2949, 49.15000, 2.2669, 59.543, 20.8559, 140.437, 21.4969, -30.6838, 0.116513, 150.975, 0.879773, -131.452, 0.920273, 59.8991
2950, 49.15833, 2.26546, 59.4782, 20.8598, 140.442, 21.5095, -30.6869, 0.116455, 150.908, 0.880104, -131.447, 0.921054, 59.8941
2950, 49.16667, 2.26401, 59.4136, 20.8637, 140.446, 21.522, -30.6901, 0.116398, 150.842, 0.880434, -131.441, 0.921834, 59.889
2951, 49.17500, 2.26256, 59.3491, 20.8677, 140.451, 21.5346, -30.6933, 0.11634, 150.775, 0.880765, -131.436, 0.922614, 59.8839
2951, 49.18333, 2.26111, 59.2847, 20.8716, 140.456, 21.5471, -30.6966, 0.116282, 150.709, 0.881097, -131.43, 0.923394, 59.8788
2952, 49.19167, 2.25965, 59.2204, 20.8755, 140.46, 21.5596, -30.6998, 0.116223, 150.643, 0.881429, -131.424, 0.924174, 59.8736
2952, 49.20000, 2.25819, 59.1563, 20.8795, 140.465, 21.5722, -30.7031, 0.116165, 150.577, 0.881762, -131.419, 0.924954, 59.8684
2953, 49.20833, 2.25672, 59.0923, 20.8834, 140.469, 21.5847, -30.7064, 0.116106, 150.511, 0.882095, -131.413, 0.925733, 59.8632
2953, 49.21667, 2.25525, 59.0285, 20.8874, 140.474, 21.5972, -30.7098, 0.116047, 150.445, 0.882429, -131.408, 0.926513, 59.858
2954, 49.22500, 2.25378, 58.9648, 20.8913, 140.479, 21.6097, -30.7132, 0.115987, 150.38, 0.882763, -131.402, 0.927292, 59.8527
2954, 49.23333, 2.2523, 58.9012, 20.8953, 140.483, 21.6222, -30.7166, 0.115928, 150.314, 0.883097, -131.396, 0.928071, 59.8475
2955, 49.24167, 2.25081, 58.8377, 20.8993, 140.488, 21.6346, -30.72, 0.115868, 150.249, 0.883433, -131.39, 0.92885, 59.8422
2955, 49.25000, 2.24933, 58.7744, 20.9033, 140.493, 21.6471, -30.7234, 0.115808, 150.184, 0.883768, -131.385, 0.929628, 59.8368
2956, 49.25833, 2.24784, 58.7112, 20.9073, 140.497, 21.6596, -30.7269, 0.115748, 150.119, 0.884105, -131.379, 0.930407, 59.8315
2956, 49.26667, 2.24634, 58.6482, 20.9113, 140.502, 21.672, -30.7304, 0.115687, 150.054, 0.884441, -131.373, 0.931185, 59.8261
2957, 49.27500, 2.24484, 58.5852, 20.9153, 140.507, 21.6845, -30.7339, 0.115627, 149.989, 0.884779, -131.367, 0.931963, 59.8207
2957, 49.28333, 2.24334, 58.5225, 20.9193, 140.511, 21.6969, -30.7375, 0.115566, 149.925, 0.885116, -131.362, 0.932741, 59.8152
2958, 49.29167, 2.24183, 58.4598, 20.9233, 140.516, 21.7093, -30.741, 0.115505, 149.86, 0.885455, -131.356, 0.933519, 59.8097
2958, 49.30000, 2.24032, 58.3973, 20.9274, 140.521, 21.7218, -30.7446, 0.115443, 149.796, 0.885794, -131.35, 0.934297, 59.8043
2959, 49.30833, 2.23881, 58.3349, 20.9314, 140.526, 21.7342, -30.7482, 0.115382, 149.732, 0.886133, -131.344, 0.935074, 59.7987
2959, 49.31667, 2.23729, 58.2727, 20.9355, 140.53, 21.7466, -30.7519, 0.11532, 149.668, 0.886473, -131.338, 0.935851, 59.7932
2960, 49.32500, 2.23577, 58.2106, 20.9395, 140.535, 21.759, -30.7556, 0.115258, 149.604, 0.886814, -131.332, 0.936628, 59.7877
2960, 49.33333, 2.23424, 58.1486, 20.9436, 140.54, 21.7713, -30.7592, 0.115196, 149.54, 0.887155, -131.326, 0.937405, 59.7821
2961, 49.34167, 2.23271, 58.0868, 20.9477, 140.545, 21.7837, -30.763, 0.115134, 149.476, 0.887496, -131.32, 0.938182, 59.7765
2961, 49.35000, 2.23118, 58.0251, 20.9518, 140.55, 21.7961, -30.7667, 0.115071, 149.413, 0.887838, -131.314, 0.938959, 59.7708
2962, 49.35833, 2.22964, 57.9636, 20.9559, 140.554, 21.8084, -30.7705, 0.115008, 149.349, 0.888181, -131.308, 0.939735, 59.7652
2962, 49.36667, 2.2281, 57.9022, 20.96, 140.559, 21.8208, -30.7742, 0.114945, 149.286, 0.888524, -131.302, 0.940512, 59.7595
2963, 49.37500, 2.22656, 57.8409, 20.9641, 140.564, 21.8331, -30.778, 0.114882, 149.223, 0.888868, -131.296, 0.941288, 59.7538
2963, 49.38333, 2.22501, 57.7798, 20.9682, 140.569, 21.8454, -30.7819, 0.114818, 149.16, 0.889213, -131.29, 0.942064, 59.7481
2964, 49.39167, 2.22346, 57.7188, 20.9723, 140.574, 21.8578, -30.7857, 0.114755, 149.098, 0.889558, -131.284, 0.942839, 59.7423
2964, 49.40000, 2.2219, 57.658, 20.9765, 140.579, 21.8701, -30.7896, 0.114691, 149.035, 0.889903, -131.278, 0.943615, 59.7366
2965, 49.40833, 2.22035, 57.5973, 20.9806, 140.584, 21.8824, -30.7935, 0.114627, 148.972, 0.890249, -131.272, 0.94439, 59.7308
2965, 49.41667, 2.21878, 57.5367, 20.9848, 140.588, 21.8947, -30.7974, 0.114562, 148.91, 0.890596, -131.266, 0.945166, 59.725
2966, 49.42500, 2.21722, 57.4763, 20.9889, 140.593, 21.907, -30.8014, 0.114498, 148.848, 0.890943, -131.26, 0.945941, 59.7191
2966, 49.43333, 2.21565, 57.4161, 20.9931, 140.598, 21.9193, -30.8053, 0.114433, 148.786, 0.891291, -131.254, 0.946716, 59.7133
2967, 49.44167, 2.21408, 57.3559, 20.9973, 140.603, 21.9315, -30.8093, 0.114368, 148.724, 0.891639, -131.248, 0.947491, 59.7074
2967, 49.45000, 2.2125, 57.2959, 21.0015, 140.608, 21.9438, -30.8133, 0.114303, 148.662, 0.891988, -131.242, 0.948265, 59.7015
2968, 49.45833, 2.21092, 57.2361, 21.0057, 140.613, 21.956, -30.8173, 0.114238, 148.601, 0.892338, -131.235, 0.94904, 59.6956
2968, 49.46667, 2.20934, 57.1764, 21.0099, 140.618, 21.9683, -30.8214, 0.114172, 148.539, 0.892688, -131.229, 0.949814, 59.6896
2969, 49.47500, 2.20776, 57.1169, 21.0141, 140.623, 21.9805, -30.8254, 0.114107, 148.478, 0.893038, -131.223, 0.950589, 59.6837
2969, 49.48333, 2.20617, 57.0575, 21.0184, 140.628, 21.9928, -30.8295, 0.114041, 148.417, 0.89339, -131.217, 0.951363, 59.6777
2970, 49.49167, 2.20458, 56.9982, 21.0226, 140.633, 22.005, -30.8336, 0.113975, 148.356, 0.893741, -131.211, 0.952137, 59.6717
2970, 49.50000, 2.20298, 56.9391, 21.0269, 140.638, 22.0172, -30.8378, 0.113909, 148.295, 0.894094, -131.204, 0.95291, 59.6657
2971, 49.50833, 2.20138, 56.8801, 21.0311, 140.643, 22.0294, -30.8419, 0.113842, 148.234, 0.894447, -131.198, 0.953684, 59.6596
2971, 49.51667, 2.19978, 56.8213, 21.0354, 140.648, 22.0416, -30.8461, 0.113776, 148.174, 0.894801, -131.192, 0.954457, 59.6536
2972, 49.52500, 2.19818, 56.7626, 21.0397, 140.653, 22.0538, -30.8503, 0.113709, 148.113, 0.895155, -131.186, 0.955231, 59.6475
2972, 49.53333, 2.19657, 56.7041, 21.044, 140.658, 22.066, -30.8545, 0.113642, 148.053, 0.89551, -131.179, 0.956004, 59.6414
2973, 49.54167, 2.19496, 56.6457, 21.0482, 140.663, 22.0781, -30.8587, 0.113575, 147.993, 0.895865, -131.173, 0.956777, 59.6353
2973, 49.55000, 2.19334, 56.5875, 21.0526, 140.668, 22.0903, -30.8629, 0.113507, 147.933, 0.896221, -131.167, 0.95755, 59.6291
2974, 49.55833, 2.19173, 56.5294, 21.0569, 140.673, 22.1025, -30.8672, 0.11344, 147.873, 0.896578, -131.16, 0.958322, 59.623
2974, 49.56667, 2.19011, 56.4714, 21.0612, 140.679, 22.1146, -30.8715, 0.113372, 147.814, 0.896935, -131.154, 0.959095, 59.6168
2975, 49.57500, 2.18848, 56.4136, 21.0655, 140.684, 22.1267, -30.8758, 0.113304, 147.754, 0.897293, -131.148, 0.959867, 59.6106
2975, 49.58333, 2.18686, 56.356, 21.0699, 140.689, 22.1389, -30.8801, 0.113236, 147.695, 0.897651, -131.141, 0.960639, 59.6044
2976, 49.59167, 2.18523, 56.2985, 21.0742, 140.694, 22.151, -30.8844, 0.113168, 147.636, 0.89801, -131.135, 0.961412, 59.5982
2976, 49.60000, 2.1836, 56.2412, 21.0786, 140.699, 22.1631, -30.8888, 0.1131, 147.577, 0.89837, -131.128, 0.962183, 59.5919
2977, 49.60833, 2.18196, 56.184, 21.083, 140.704, 22.1752, -30.8932, 0.113031, 147.518, 0.89873, -131.122, 0.962955, 59.5857
2977, 49.61667, 2.18033, 56.1269, 21.0873, 140.709, 22.1873, -30.8976, 0.112962, 147.459, 0.899091, -131.115, 0.963727, 59.5794
2978, 49.62500, 2.17869, 56.07, 21.0917, 140.714, 22.1994, -30.902, 0.112893, 147.4, 0.899453, -131.109, 0.964499, 59.5731
2978, 49.63333, 2.17704, 56.0133, 21.0961, 140.719, 22.2115, -30.9064, 0.112824, 147.342, 0.899815, -131.103, 0.96527, 59.5668
2979, 49.64167, 2.1754, 55.9567, 21.1006, 140.725, 22.2236, -30.9109, 0.112755, 147.284, 0.900178, -131.096, 0.966041, 59.5604
2979, 49.65000, 2.17375, 55.9003, 21.105, 140.73, 22.2356, -30.9153, 0.112686, 147.226, 0.900541, -131.09, 0.966812, 59.5541
2980, 49.65833, 2.1721, 55.844, 21.1094, 140.735, 22.2477, -30.9198, 0.112616, 147.168, 0.900905, -131.083, 0.967583, 59.5477
2980, 49.66667, 2.17045, 55.7878, 21.1139, 140.74, 22.2597, -30.9243, 0.112546, 147.11, 0.90127, -131.077, 0.968354, 59.5413
2981, 49.67500, 2.16879, 55.7319, 21.1183, 140.745, 22.2718, -30.9288, 0.112477, 147.052, 0.901635, -131.07, 0.969125, 59.5349
2981, 49.68333, 2.16713, 55.676, 21.1228, 140.751, 22.2838, -30.9333, 0.112407, 146.995, 0.902001, -131.064, 0.969895, 59.5285
2982, 49.69167, 2.16547, 55.6204, 21.1272, 140.756, 22.2959, -30.9379, 0.112336, 146.937, 0.902367, -131.057, 0.970666, 59.5221
2982, 49.70000, 2.16381, 55.5648, 21.1317, 140.761, 22.3079, -30.9425, 0.112266, 146.88, 0.902735, -131.051, 0.971436, 59.5156
2983, 49.70833, 2.16214, 55.5095, 21.1362, 140.766, 22.3199, -30.947, 0.112195, 146.823, 0.903102, -131.044, 0.972206, 59.5092
2983, 49.71667, 2.16047, 55.4543, 21.1407, 140.771, 22.3319, -30.9516, 0.112125, 146.766, 0.903471, -131.037, 0.972977, 59.5027
2984, 49.72500, 2.1588, 55.3992, 21.1452, 140.777, 22.3439, -30.9563, 0.112054, 146.71, 0.90384, -131.031, 0.973746, 59.4962
2984, 49.73333, 2.15713, 55.3443, 21.1498, 140.782, 22.3559, -30.9609, 0.111983, 146.653, 0.90421, -131.024, 0.974516, 59.4897
2985, 49.74167, 2.15545, 55.2895, 21.1543, 140.787, 22.3679, -30.9655, 0.111912, 146.597, 0.90458, -131.018, 0.975286, 59.4832
2985, 49.75000, 2.15377, 55.235, 21.1588, 140.792, 22.3798, -30.9702, 0.111841, 146.54, 0.904951, -131.011, 0.976056, 59.4766
2986, 49.75833, 2.15209, 55.1805, 21.1634, 140.798, 22.3918, -30.9749, 0.111769, 146.484, 0.905323, -131.004, 0.976825, 59.4701
2986, 49.76667, 2.15041, 55.1262, 21.1679, 140.803, 22.4038, -30.9796, 0.111697, 146.428, 0.905695, -130.998, 0.977594, 59.4635
2987, 49.77500, 2.14872, 55.0721, 21.1725, 140.808, 22.4157, -30.9843, 0.111626, 146.373, 0.906068, -130.991, 0.978364, 59.4569
2987, 49.78333, 2.14703, 55.0181, 21.1771, 140.813, 22.4277, -30.989, 0.111554, 146.317, 0.906442, -130.984, 0.979133, 59.4503
2988, 49.79167, 2.14534, 54.9643, 21.1817, 140.819, 22.4396, -30.9937, 0.111482, 146.262, 0.906816, -130.978, 0.979902, 59.4437
2988, 49.80000, 2.14365, 54.9106, 21.1863, 140.824, 22.4515, -30.9985, 0.11141, 146.206, 0.907191, -130.971, 0.98067, 59.4371
2989, 49.80833, 2.14196, 54.8571, 21.1909, 140.829, 22.4635, -31.0033, 0.111337, 146.151, 0.907566, -130.965, 0.981439, 59.4305
2989, 49.81667, 2.14026, 54.8038, 21.1955, 140.834, 22.4754, -31.0081, 0.111265, 146.096, 0.907943, -130.958, 0.982208, 59.4238
2990, 49.82500, 2.13856, 54.7506, 21.2002, 140.84, 22.4873, -31.0128, 0.111192, 146.041, 0.90832, -130.951, 0.982976, 59.4171
2990, 49.83333, 2.13686, 54.6976, 21.2048, 140.845, 22.4992, -31.0177, 0.11112, 145.987, 0.908697, -130.944, 0.983745, 59.4105
2991, 49.84167, 2.13516, 54.6447, 21.2095, 140.85, 22.5111, -31.0225, 0.111047, 145.932, 0.909075, -130.938, 0.984513, 59.4038
2991, 49.85000, 2.13345, 54.592, 21.2142, 140.856, 22.523, -31.0273, 0.110974, 145.878, 0.909454, -130.931, 0.985281, 59.3971
2992, 49.85833, 2.13174, 54.5394, 21.2188, 140.861, 22.5349, -31.0322, 0.110901, 145.824, 0.909834, -130.924, 0.986049, 59.3904
2992, 49.86667, 2.13003, 54.487, 21.2235, 140.866, 22.5467, -31.0371, 0.110828, 145.77, 0.910214, -130.918, 0.986817, 59.3836
2993, 49.87500, 2.12832, 54.4348, 21.2282, 140.872, 22.5586, -31.0419, 0.110754, 145.716, 0.910595, -130.911, 0.987585, 59.3769
2993, 49.88333, 2.12661, 54.3827, 21.2329, 140.877, 22.5705, -31.0468, 0.110681, 145.662, 0.910976, -130.904, 0.988353, 59.3701
2994, 49.89167, 2.12489, 54.3308, 21.2376, 140.882, 22.5823, -31.0517, 0.110607, 145.609, 0.911359, -130.897, 0.989121, 59.3634
2994, 49.90000, 2.12318, 54.279, 21.2424, 140.888, 22.5942, -31.0567, 0.110533, 145.556, 0.911742, -130.891, 0.989888, 59.3566
2995, 49.90833, 2.12146, 54.2274, 21.2471, 140.893, 22.606, -31.0616, 0.110459, 145.502, 0.912125, -130.884, 0.990655, 59.3498
2995, 49.91667, 2.11974, 54.176, 21.2519, 140.898, 22.6178, -31.0665, 0.110385, 145.449, 0.912509, -130.877, 0.991423, 59.343
2996, 49.92500, 2.11802, 54.1247, 21.2566, 140.904, 22.6296, -31.0715, 0.110311, 145.396, 0.912894, -130.87, 0.99219, 59.3362
2996, 49.93333, 2.11629, 54.0736, 21.2614, 140.909, 22.6415, -31.0765, 0.110237, 145.344, 0.91328, -130.863, 0.992957, 59.3293
2997, 49.94167, 2.11456, 54.0226, 21.2662, 140.914, 22.6533, -31.0815, 0.110163, 145.291, 0.913666, -130.857, 0.993724, 59.3225
2997, 49.95000, 2.11284, 53.9718, 21.271, 140.92, 22.6651, -31.0865, 0.110088, 145.239, 0.914053, -130.85, 0.994491, 59.3157
2998, 49.95833, 2.11111, 53.9212, 21.2758, 140.925, 22.6769, -31.0915, 0.110014, 145.187, 0.914441, -130.843, 0.995258, 59.3088
2998, 49.96667, 2.10937, 53.8707, 21.2806, 140.93, 22.6887, -31.0965, 0.109939, 145.135, 0.914829, -130.836, 0.996025, 59.3019
2999, 49.97500, 2.10764, 53.8204, 21.2854, 140.936, 22.7005, -31.1015, 0.109864, 145.083, 0.915218, -130.829, 0.996792, 59.295
2999, 49.98333, 2.10591, 53.7703, 21.2903, 140.941, 22.7122, -31.1066, 0.109789, 145.031, 0.915608, -130.823, 0.997558, 59.2882
3000, 49.99167, 2.10417, 53.7203, 21.2951, 140.946, 22.724, -31.1117, 0.109714, 144.98, 0.915998, -130.816, 0.998325, 59.2813
3000, 50.00000, 2.10243, 53.6705, 21.3, 140.952, 22.7358, -31.1167, 0.109639, 144.928, 0.916389, -130.809, 0.999091, 59.2743
