Freq, Harmonic, V1, VAngle1, V2, VAngle2, V3, VAngle3, I1, IAngle1, I2, IAngle2, I3, IAngle3
60, 1.00000, 14698.3, -2.35645, 14543.9, -122.895, 14564.8, 117.785, 35.4051, -10.3213, 37.0803, -126.874, 37.9987, 116.512
60, 1.00833, 12848.7, -1.47803, 13346, -123.206, 13379.7, 118.346, 68.6431, -27.0335, 71.3071, -144.201, 71.0601, 100.521
61, 1.01667, 34.1628, 31.511, 28.4852, -83.2531, 31.9655, 152.544, 0.0792498, 24.8031, 0.0733269, -88.8977, 0.0851656, 153.281
62, 1.02500, 34.2719, 31.6669, 28.5744, -83.0335, 32.0713, 152.718, 0.0792778, 25.3065, 0.073367, -88.3723, 0.0853027, 153.75
62, 1.03333, 34.3817, 31.8217, 28.6644, -82.815, 32.1776, 152.891, 0.0793098, 25.8101, 0.0734106, -87.847, 0.0854435, 154.218
63, 1.04167, 34.4922, 31.9754, 28.7551, -82.5979, 32.2845, 153.063, 0.0793457, 26.314, 0.0734577, -87.3218, 0.0855882, 154.686
63, 1.05000, 34.6032, 32.128, 28.8466, -82.382, 32.392, 153.234, 0.0793858, 26.8183, 0.0735084, -86.7967, 0.0857367, 155.152
63, 1.05833, 34.7149, 32.2794, 28.9387, -82.1673, 32.5001, 153.403, 0.0794299, 27.3228, 0.0735627, -86.2718, 0.0858891, 155.618
64, 1.06667, 34.8272, 32.4298, 29.0316, -81.9539, 32.6087, 153.572, 0.0794782, 27.8277, 0.0736207, -85.7468, 0.0860454, 156.082
65, 1.07500, 34.9401, 32.5791, 29.1252, -81.7418, 32.7179, 153.739, 0.0795306, 28.3329, 0.0736822, -85.222, 0.0862056, 156.546
65, 1.08333, 35.0536, 32.7272, 29.2196, -81.5309, 32.8276, 153.904, 0.0795873, 28.8384, 0.0737475, -84.6973, 0.0863698, 157.009
66, 1.09167, 35.1677, 32.8743, 29.3147, -81.3213, 32.9379, 154.069, 0.0796483, 29.3442, 0.0738164, -84.1725, 0.0865379, 157.471
66, 1.10000, 35.2825, 33.0202, 29.4104, -81.1129, 33.0488, 154.232, 0.0797136, 29.8504, 0.0738891, -83.6478, 0.0867101, 157.933
66, 1.10833, 35.3978, 33.165, 29.5069, -80.9059, 33.1602, 154.394, 0.0797833, 30.3569, 0.0739655, -83.1231, 0.0868862, 158.393
67, 1.11667, 35.5138, 33.3088, 29.6041, -80.7, 33.2722, 154.555, 0.0798575, 30.8637, 0.0740458, -82.5984, 0.0870665, 158.853
68, 1.12500, 35.6304, 33.4514, 29.7021, -80.4955, 33.3847, 154.715, 0.0799362, 31.3708, 0.0741299, -82.0737, 0.0872509, 159.312
68, 1.13333, 35.7476, 33.5929, 29.8007, -80.2922, 33.4977, 154.873, 0.0800195, 31.8783, 0.0742178, -81.5491, 0.0874394, 159.77
69, 1.14167, 35.8654, 33.7333, 29.9, -80.0901, 33.6113, 155.031, 0.0801074, 32.386, 0.0743097, -81.0244, 0.0876321, 160.227
69, 1.15000, 35.9838, 33.8726, 30.0001, -79.8894, 33.7255, 155.187, 0.0801999, 32.8941, 0.0744055, -80.4997, 0.087829, 160.684
69, 1.15833, 36.1028, 34.0108, 30.1008, -79.6899, 33.8402, 155.342, 0.0802972, 33.4023, 0.0745053, -79.9751, 0.0880301, 161.139
70, 1.16667, 36.2225, 34.148, 30.2023, -79.4916, 33.9554, 155.495, 0.0803994, 33.9109, 0.0746092, -79.4505, 0.0882355, 161.594
71, 1.17500, 36.3427, 34.284, 30.3045, -79.2946, 34.0711, 155.648, 0.0805064, 34.4197, 0.0747171, -78.9259, 0.0884452, 162.048
71, 1.18333, 36.4635, 34.4189, 30.4073, -79.0989, 34.1874, 155.799, 0.0806183, 34.9287, 0.0748291, -78.4013, 0.0886593, 162.501
72, 1.19167, 36.585, 34.5527, 30.5109, -78.9044, 34.3043, 155.949, 0.0807352, 35.4379, 0.0749453, -77.8767, 0.0888778, 162.954
72, 1.20000, 36.707, 34.6854, 30.6152, -78.7111, 34.4216, 156.098, 0.0808572, 35.9473, 0.0750657, -77.3522, 0.0891006, 163.405
72, 1.20833, 36.8296, 34.8171, 30.7201, -78.5191, 34.5395, 156.246, 0.0809843, 36.4568, 0.0751903, -76.8277, 0.089328, 163.856
73, 1.21667, 36.9528, 34.9476, 30.8258, -78.3284, 34.6579, 156.393, 0.0811166, 36.9665, 0.0753193, -76.3032, 0.0895599, 164.306
74, 1.22500, 37.0767, 35.0771, 30.9321, -78.1389, 34.7768, 156.538, 0.0812541, 37.4763, 0.0754525, -75.7788, 0.0897963, 164.755
74, 1.23333, 37.2011, 35.2054, 31.0392, -77.9507, 34.8962, 156.682, 0.081397, 37.9861, 0.0755902, -75.2545, 0.0900373, 165.203
75, 1.24167, 37.3261, 35.3327, 31.1469, -77.7636, 35.0162, 156.826, 0.0815452, 38.496, 0.0757323, -74.7303, 0.0902829, 165.65
75, 1.25000, 37.4517, 35.4589, 31.2554, -77.5779, 35.1367, 156.967, 0.0816989, 39.0059, 0.0758789, -74.2061, 0.0905332, 166.096
75, 1.25833, 37.5779, 35.584, 31.3645, -77.3933, 35.2577, 157.108, 0.0818582, 39.5158, 0.07603, -73.6821, 0.0907881, 166.541
76, 1.26667, 37.7047, 35.7081, 31.4743, -77.21, 35.3792, 157.248, 0.082023, 40.0256, 0.0761857, -73.1582, 0.0910479, 166.986
77, 1.27500, 37.8321, 35.831, 31.5848, -77.0279, 35.5012, 157.387, 0.0821935, 40.5354, 0.076346, -72.6345, 0.0913124, 167.429
77, 1.28333, 37.9601, 35.9529, 31.696, -76.8471, 35.6237, 157.524, 0.0823697, 41.045, 0.076511, -72.1109, 0.0915817, 167.872
78, 1.29167, 38.0886, 36.0737, 31.8079, -76.6674, 35.7467, 157.66, 0.0825517, 41.5544, 0.0766808, -71.5875, 0.091856, 168.313
78, 1.30000, 38.2178, 36.1935, 31.9205, -76.489, 35.8703, 157.796, 0.0827395, 42.0637, 0.0768554, -71.0643, 0.0921351, 168.754
78, 1.30833, 38.3475, 36.3121, 32.0338, -76.3119, 35.9943, 157.93, 0.0829333, 42.5727, 0.0770348, -70.5414, 0.0924192, 169.193
79, 1.31667, 38.4779, 36.4297, 32.1478, -76.1358, 36.1188, 158.063, 0.0831332, 43.0814, 0.0772191, -70.0187, 0.0927082, 169.632
80, 1.32500, 38.6088, 36.5463, 32.2624, -75.9611, 36.2438, 158.195, 0.0833391, 43.5898, 0.0774083, -69.4962, 0.0930023, 170.069
80, 1.33333, 38.7403, 36.6617, 32.3777, -75.7875, 36.3694, 158.325, 0.0835511, 44.0978, 0.0776026, -68.9741, 0.0933015, 170.505
81, 1.34167, 38.8724, 36.7761, 32.4938, -75.6151, 36.4954, 158.455, 0.0837693, 44.6054, 0.077802, -68.4523, 0.0936058, 170.941
81, 1.35000, 39.0051, 36.8895, 32.6105, -75.444, 36.6219, 158.584, 0.0839938, 45.1125, 0.0780064, -67.9308, 0.0939153, 171.375
81, 1.35833, 39.1383, 37.0017, 32.7278, -75.274, 36.7489, 158.711, 0.0842247, 45.6191, 0.0782161, -67.4098, 0.0942299, 171.808
82, 1.36667, 39.2722, 37.113, 32.8459, -75.1052, 36.8764, 158.838, 0.084462, 46.1252, 0.0784309, -66.889, 0.0945498, 172.24
83, 1.37500, 39.4066, 37.2231, 32.9647, -74.9376, 37.0043, 158.963, 0.0847058, 46.6306, 0.0786511, -66.3688, 0.094875, 172.671
83, 1.38333, 39.5416, 37.3323, 33.0841, -74.7712, 37.1328, 159.087, 0.0849561, 47.1354, 0.0788766, -65.849, 0.0952054, 173.101
84, 1.39167, 39.6773, 37.4403, 33.2043, -74.6059, 37.2618, 159.21, 0.0852131, 47.6395, 0.0791076, -65.3297, 0.0955413, 173.529
84, 1.40000, 39.8134, 37.5474, 33.3251, -74.4418, 37.3912, 159.333, 0.0854767, 48.1428, 0.079344, -64.8109, 0.0958826, 173.956
84, 1.40833, 39.9502, 37.6533, 33.4466, -74.2789, 37.5211, 159.454, 0.0857471, 48.6453, 0.0795859, -64.2927, 0.0962293, 174.383
85, 1.41667, 40.0876, 37.7583, 33.5688, -74.1172, 37.6515, 159.574, 0.0860244, 49.147, 0.0798334, -63.775, 0.0965815, 174.807
86, 1.42500, 40.2255, 37.8622, 33.6917, -73.9566, 37.7823, 159.693, 0.0863085, 49.6478, 0.0800865, -63.258, 0.0969392, 175.231
86, 1.43333, 40.364, 37.965, 33.8153, -73.7972, 37.9137, 159.811, 0.0865996, 50.1475, 0.0803454, -62.7416, 0.0973025, 175.653
87, 1.44167, 40.5031, 38.0668, 33.9396, -73.6389, 38.0455, 159.928, 0.0868977, 50.6463, 0.08061, -62.2259, 0.0976714, 176.074
87, 1.45000, 40.6428, 38.1676, 34.0645, -73.4818, 38.1778, 160.044, 0.087203, 51.144, 0.0808804, -61.7109, 0.098046, 176.494
87, 1.45833, 40.783, 38.2673, 34.1902, -73.3258, 38.3105, 160.158, 0.0875153, 51.6405, 0.0811568, -61.1967, 0.0984262, 176.912
88, 1.46667, 40.9239, 38.3661, 34.3165, -73.1709, 38.4438, 160.272, 0.087835, 52.1359, 0.081439, -60.6832, 0.0988122, 177.329
89, 1.47500, 41.0653, 38.4637, 34.4436, -73.0172, 38.5775, 160.385, 0.0881618, 52.63, 0.0817273, -60.1706, 0.0992039, 177.744
89, 1.48333, 41.2073, 38.5604, 34.5713, -72.8646, 38.7116, 160.497, 0.0884961, 53.1228, 0.0820216, -59.6588, 0.0996014, 178.158
90, 1.49167, 41.3499, 38.656, 34.6997, -72.7131, 38.8463, 160.608, 0.0888378, 53.6144, 0.0823221, -59.1479, 0.100005, 178.571
90, 1.50000, 41.493, 38.7506, 34.8288, -72.5628, 38.9813, 160.718, 0.0891869, 54.1044, 0.0826287, -58.6379, 0.100414, 178.982
90, 1.50833, 41.6368, 38.8442, 34.9587, -72.4136, 39.1169, 160.826, 0.0895436, 54.593, 0.0829416, -58.1289, 0.100829, 179.391
91, 1.51667, 41.7811, 38.9367, 35.0892, -72.2655, 39.2529, 160.934, 0.089908, 55.0802, 0.0832609, -57.6209, 0.10125, 179.799
92, 1.52500, 41.926, 39.0283, 35.2204, -72.1185, 39.3894, 161.041, 0.0902799, 55.5657, 0.0835864, -57.1139, 0.101677, -179.794
92, 1.53333, 42.0715, 39.1188, 35.3523, -71.9726, 39.5263, 161.147, 0.0906596, 56.0496, 0.0839184, -56.6081, 0.10211, -179.389
93, 1.54167, 42.2175, 39.2083, 35.4849, -71.8278, 39.6637, 161.252, 0.0910471, 56.5319, 0.084257, -56.1032, 0.10255, -178.986
93, 1.55000, 42.3641, 39.2968, 35.6182, -71.6841, 39.8015, 161.356, 0.0914424, 57.0124, 0.084602, -55.5996, 0.102995, -178.584
93, 1.55833, 42.5113, 39.3842, 35.7523, -71.5414, 39.9398, 161.459, 0.0918457, 57.4911, 0.0849537, -55.0972, 0.103446, -178.184
94, 1.56667, 42.6591, 39.4707, 35.887, -71.3999, 40.0786, 161.561, 0.0922569, 57.968, 0.0853121, -54.5959, 0.103904, -177.785
94, 1.57500, 42.8075, 39.5562, 36.0224, -71.2595, 40.2178, 161.662, 0.0926761, 58.443, 0.0856772, -54.0959, 0.104368, -177.388
95, 1.58333, 42.9564, 39.6406, 36.1586, -71.1201, 40.3574, 161.762, 0.0931034, 58.916, 0.0860491, -53.5973, 0.104838, -176.993
96, 1.59167, 43.106, 39.7241, 36.2955, -70.9818, 40.4975, 161.862, 0.0935389, 59.3871, 0.0864279, -53.0999, 0.105314, -176.6
96, 1.60000, 43.256, 39.8065, 36.4331, -70.8445, 40.638, 161.96, 0.0939825, 59.856, 0.0868136, -52.6039, 0.105797, -176.208
96, 1.60833, 43.4067, 39.8879, 36.5714, -70.7084, 40.779, 162.057, 0.0944343, 60.3229, 0.0872063, -52.1094, 0.106285, -175.818
97, 1.61667, 43.558, 39.9683, 36.7104, -70.5733, 40.9205, 162.154, 0.0948945, 60.7877, 0.0876061, -51.6162, 0.106781, -175.43
98, 1.62500, 43.7098, 40.0478, 36.8501, -70.4392, 41.0623, 162.249, 0.095363, 61.2502, 0.088013, -51.1246, 0.107282, -175.043
98, 1.63333, 43.8622, 40.1262, 36.9906, -70.3062, 41.2046, 162.344, 0.0958399, 61.7105, 0.0884271, -50.6345, 0.10779, -174.659
99, 1.64167, 44.0152, 40.2036, 37.1318, -70.1743, 41.3474, 162.438, 0.0963253, 62.1685, 0.0888485, -50.1459, 0.108305, -174.276
99, 1.65000, 44.1687, 40.2801, 37.2737, -70.0434, 41.4906, 162.531, 0.0968192, 62.6241, 0.0892771, -49.6589, 0.108826, -173.895
99, 1.65833, 44.3228, 40.3555, 37.4164, -69.9135, 41.6342, 162.623, 0.0973216, 63.0773, 0.0897131, -49.1735, 0.109354, -173.516
100, 1.66667, 44.4775, 40.4299, 37.5598, -69.7846, 41.7783, 162.714, 0.0978326, 63.5281, 0.0901566, -48.6898, 0.109888, -173.138
101, 1.67500, 44.6328, 40.5034, 37.7039, -69.6568, 41.9228, 162.804, 0.0983523, 63.9764, 0.0906076, -48.2078, 0.110428, -172.763
101, 1.68333, 44.7887, 40.5758, 37.8488, -69.5301, 42.0677, 162.893, 0.0988807, 64.4222, 0.0910661, -47.7275, 0.110976, -172.389
102, 1.69167, 44.9451, 40.6473, 37.9944, -69.4043, 42.2131, 162.982, 0.0994178, 64.8654, 0.0915323, -47.249, 0.11153, -172.018
102, 1.70000, 45.1021, 40.7178, 38.1408, -69.2796, 42.3589, 163.069, 0.0999637, 65.306, 0.0920062, -46.7723, 0.11209, -171.648
102, 1.70833, 45.2597, 40.7872, 38.2879, -69.1559, 42.5052, 163.156, 0.100518, 65.7439, 0.0924878, -46.2974, 0.112657, -171.281
103, 1.71667, 45.4178, 40.8557, 38.4358, -69.0332, 42.6519, 163.242, 0.101082, 66.1791, 0.0929773, -45.8244, 0.113231, -170.915
104, 1.72500, 45.5765, 40.9232, 38.5844, -68.9115, 42.799, 163.327, 0.101655, 66.6115, 0.0934746, -45.3532, 0.113812, -170.551
104, 1.73333, 45.7358, 40.9897, 38.7338, -68.7908, 42.9465, 163.411, 0.102236, 67.0412, 0.0939799, -44.8841, 0.1144, -170.19
105, 1.74167, 45.8957, 41.0552, 38.884, -68.6712, 43.0945, 163.494, 0.102827, 67.4681, 0.0944933, -44.4168, 0.114994, -169.83
105, 1.75000, 46.0562, 41.1198, 39.0349, -68.5525, 43.2429, 163.577, 0.103426, 67.8921, 0.0950147, -43.9516, 0.115595, -169.472
105, 1.75833, 46.2172, 41.1833, 39.1866, -68.4348, 43.3917, 163.658, 0.104035, 68.3132, 0.0955443, -43.4883, 0.116203, -169.117
106, 1.76667, 46.3787, 41.2459, 39.3391, -68.3181, 43.5409, 163.739, 0.104653, 68.7314, 0.0960821, -43.0271, 0.116818, -168.763
107, 1.77500, 46.5409, 41.3075, 39.4924, -68.2024, 43.6906, 163.819, 0.10528, 69.1465, 0.0966282, -42.5681, 0.117439, -168.411
107, 1.78333, 46.7036, 41.3681, 39.6464, -68.0877, 43.8407, 163.898, 0.105916, 69.5587, 0.0971827, -42.1111, 0.118068, -168.062
108, 1.79167, 46.8669, 41.4277, 39.8013, -67.974, 43.9912, 163.977, 0.106562, 69.9679, 0.0977456, -41.6562, 0.118703, -167.715
108, 1.80000, 47.0308, 41.4863, 39.9569, -67.8613, 44.1421, 164.054, 0.107217, 70.374, 0.098317, -41.2036, 0.119346, -167.369
108, 1.80833, 47.1952, 41.5439, 40.1134, -67.7495, 44.2935, 164.131, 0.107881, 70.777, 0.0988969, -40.7531, 0.119995, -167.026
109, 1.81667, 47.3602, 41.6006, 40.2706, -67.6388, 44.4453, 164.207, 0.108554, 71.1769, 0.0994855, -40.3048, 0.120651, -166.685
109, 1.82500, 47.5257, 41.6562, 40.4287, -67.529, 44.5975, 164.282, 0.109237, 71.5737, 0.100083, -39.8588, 0.121315, -166.346
110, 1.83333, 47.6919, 41.7109, 40.5875, -67.4202, 44.7501, 164.357, 0.109929, 71.9672, 0.100689, -39.4151, 0.121985, -166.009
111, 1.84167, 47.8586, 41.7646, 40.7472, -67.3123, 44.9031, 164.431, 0.110631, 72.3576, 0.101304, -38.9737, 0.122662, -165.675
111, 1.85000, 48.0258, 41.8174, 40.9077, -67.2054, 45.0566, 164.504, 0.111342, 72.7447, 0.101928, -38.5346, 0.123347, -165.342
111, 1.85833, 48.1936, 41.8691, 41.069, -67.0995, 45.2104, 164.576, 0.112063, 73.1286, 0.10256, -38.0978, 0.124038, -165.012
112, 1.86667, 48.362, 41.9198, 41.2312, -66.9946, 45.3647, 164.647, 0.112794, 73.5092, 0.103202, -37.6634, 0.124737, -164.684
113, 1.87500, 48.5309, 41.9696, 41.3942, -66.8906, 45.5194, 164.718, 0.113534, 73.8865, 0.103853, -37.2314, 0.125443, -164.357
113, 1.88333, 48.7004, 42.0184, 41.5581, -66.7876, 45.6746, 164.788, 0.114283, 74.2604, 0.104513, -36.8019, 0.126156, -164.033
114, 1.89167, 48.8704, 42.0662, 41.7228, -66.6855, 45.8301, 164.857, 0.115043, 74.6311, 0.105183, -36.3747, 0.126876, -163.712
114, 1.90000, 49.041, 42.113, 41.8883, -66.5844, 45.9861, 164.925, 0.115812, 74.9984, 0.105862, -35.95, 0.127603, -163.392
114, 1.90833, 49.2122, 42.1588, 42.0548, -66.4842, 46.1424, 164.993, 0.11659, 75.3622, 0.10655, -35.5278, 0.128337, -163.075
115, 1.91667, 49.3839, 42.2037, 42.2221, -66.385, 46.2992, 165.06, 0.117379, 75.7228, 0.107248, -35.1081, 0.129079, -162.759
116, 1.92500, 49.5561, 42.2475, 42.3902, -66.2868, 46.4564, 165.127, 0.118177, 76.0798, 0.107955, -34.6909, 0.129827, -162.446
116, 1.93333, 49.7289, 42.2904, 42.5593, -66.1895, 46.614, 165.192, 0.118985, 76.4335, 0.108672, -34.2763, 0.130583, -162.135
117, 1.94167, 49.9023, 42.3323, 42.7292, -66.0932, 46.7721, 165.257, 0.119803, 76.7837, 0.109399, -33.8642, 0.131346, -161.827
117, 1.95000, 50.0762, 42.3732, 42.9, -65.9978, 46.9305, 165.322, 0.12063, 77.1305, 0.110135, -33.4547, 0.132117, -161.52
117, 1.95833, 50.2506, 42.4131, 43.0718, -65.9034, 47.0894, 165.385, 0.121468, 77.4737, 0.110881, -33.0478, 0.132894, -161.216
118, 1.96667, 50.4256, 42.452, 43.2444, -65.81, 47.2486, 165.448, 0.122315, 77.8136, 0.111638, -32.6434, 0.133679, -160.913
119, 1.97500, 50.6011, 42.4899, 43.418, -65.7175, 47.4083, 165.51, 0.123173, 78.1499, 0.112404, -32.2417, 0.134472, -160.613
119, 1.98333, 50.7771, 42.5269, 43.5924, -65.6259, 47.5684, 165.572, 0.12404, 78.4827, 0.113181, -31.8427, 0.135271, -160.316
120, 1.99167, 50.9537, 42.5628, 43.7678, -65.5353, 47.729, 165.633, 0.124917, 78.812, 0.113968, -31.4463, 0.136078, -160.02
120, 2.00000, 51.1308, 42.5978, 43.9442, -65.4457, 47.8899, 165.693, 0.125805, 79.1377, 0.114765, -31.0526, 0.136892, -159.726
120, 2.00833, 51.3084, 42.6318, 44.1214, -65.357, 48.0512, 165.753, 0.126702, 79.46, 0.115572, -30.6615, 0.137713, -159.435
121, 2.01667, 51.4866, 42.6647, 44.2997, -65.2693, 48.213, 165.811, 0.127609, 79.7787, 0.11639, -30.2732, 0.138542, -159.146
122, 2.02500, 51.6652, 42.6967, 44.4788, -65.1825, 48.3752, 165.87, 0.128527, 80.0939, 0.117219, -29.8875, 0.139378, -158.858
122, 2.03333, 51.8444, 42.7277, 44.659, -65.0967, 48.5378, 165.928, 0.129454, 80.4055, 0.118058, -29.5047, 0.140222, -158.574
123, 2.04167, 52.0241, 42.7577, 44.8401, -65.0118, 48.7009, 165.985, 0.130392, 80.7135, 0.118908, -29.1245, 0.141072, -158.291
123, 2.05000, 52.2043, 42.7867, 45.0222, -64.9279, 48.8643, 166.041, 0.131339, 81.018, 0.119769, -28.7471, 0.141931, -158.01
123, 2.05833, 52.385, 42.8147, 45.2052, -64.845, 49.0282, 166.097, 0.132297, 81.3189, 0.12064, -28.3724, 0.142796, -157.731
124, 2.06667, 52.5662, 42.8417, 45.3893, -64.7631, 49.1925, 166.152, 0.133265, 81.6163, 0.121523, -28.0005, 0.143669, -157.455
125, 2.07500, 52.7479, 42.8677, 45.5744, -64.6821, 49.3572, 166.207, 0.134242, 81.9101, 0.122417, -27.6315, 0.144549, -157.181
125, 2.08333, 52.9301, 42.8927, 45.7605, -64.602, 49.5224, 166.261, 0.13523, 82.2003, 0.123322, -27.2652, 0.145437, -156.908
126, 2.09167, 53.1128, 42.9167, 45.9476, -64.523, 49.688, 166.315, 0.136229, 82.487, 0.124239, -26.9017, 0.146332, -156.638
126, 2.10000, 53.2959, 42.9398, 46.1357, -64.4449, 49.854, 166.368, 0.137237, 82.7701, 0.125166, -26.541, 0.147235, -156.37
126, 2.10833, 53.4795, 42.9618, 46.3249, -64.3678, 50.0204, 166.42, 0.138256, 83.0496, 0.126106, -26.1832, 0.148145, -156.104
127, 2.11667, 53.6637, 42.9828, 46.5151, -64.2917, 50.1873, 166.472, 0.139284, 83.3256, 0.127057, -25.8282, 0.149063, -155.84
128, 2.12500, 53.8482, 43.0028, 46.7064, -64.2166, 50.3546, 166.523, 0.140323, 83.5979, 0.128019, -25.4761, 0.149988, -155.578
128, 2.13333, 54.0332, 43.0218, 46.8987, -64.1424, 50.5224, 166.574, 0.141372, 83.8667, 0.128994, -25.1268, 0.15092, -155.318
129, 2.14167, 54.2187, 43.0398, 47.0921, -64.0693, 50.6906, 166.624, 0.142432, 84.132, 0.12998, -24.7804, 0.15186, -155.06
129, 2.15000, 54.4047, 43.0568, 47.2866, -63.9971, 50.8592, 166.674, 0.143501, 84.3936, 0.130978, -24.4369, 0.152808, -154.804
129, 2.15833, 54.591, 43.0728, 47.4821, -63.926, 51.0283, 166.723, 0.144581, 84.6517, 0.131989, -24.0963, 0.153763, -154.55
130, 2.16667, 54.7778, 43.0878, 47.6788, -63.8559, 51.1978, 166.772, 0.145671, 84.9063, 0.133012, -23.7586, 0.154725, -154.298
131, 2.17500, 54.9651, 43.1018, 47.8765, -63.7867, 51.3678, 166.82, 0.146771, 85.1573, 0.134047, -23.4238, 0.155695, -154.048
131, 2.18333, 55.1527, 43.1147, 48.0754, -63.7186, 51.5383, 166.867, 0.147881, 85.4047, 0.135094, -23.0919, 0.156673, -153.8
132, 2.19167, 55.3408, 43.1267, 48.2754, -63.6515, 51.7092, 166.915, 0.149001, 85.6486, 0.136154, -22.7629, 0.157658, -153.554
132, 2.20000, 55.5293, 43.1377, 48.4765, -63.5855, 51.8806, 166.961, 0.150132, 85.889, 0.137227, -22.4369, 0.158651, -153.31
132, 2.20833, 55.7181, 43.1477, 48.6788, -63.5204, 52.0525, 167.008, 0.151272, 86.1258, 0.138313, -22.1138, 0.159652, -153.067
133, 2.21667, 55.9074, 43.1566, 48.8822, -63.4564, 52.2248, 167.053, 0.152423, 86.3592, 0.139411, -21.7936, 0.16066, -152.827
134, 2.22500, 56.097, 43.1646, 49.0867, -63.3935, 52.3977, 167.099, 0.153584, 86.589, 0.140523, -21.4765, 0.161675, -152.588
134, 2.23333, 56.287, 43.1715, 49.2924, -63.3316, 52.571, 167.144, 0.154755, 86.8152, 0.141648, -21.1623, 0.162699, -152.351
135, 2.24167, 56.4774, 43.1775, 49.4993, -63.2708, 52.7448, 167.188, 0.155936, 87.038, 0.142786, -20.8511, 0.16373, -152.116
135, 2.25000, 56.6681, 43.1824, 49.7074, -63.211, 52.9191, 167.232, 0.157128, 87.2573, 0.143937, -20.5429, 0.164769, -151.883
135, 2.25833, 56.8592, 43.1863, 49.9167, -63.1523, 53.0939, 167.275, 0.158329, 87.4731, 0.145102, -20.2377, 0.165815, -151.652
136, 2.26667, 57.0506, 43.1893, 50.1272, -63.0947, 53.2693, 167.319, 0.159541, 87.6855, 0.146281, -19.9355, 0.166869, -151.422
137, 2.27500, 57.2423, 43.1912, 50.3388, -63.0382, 53.4451, 167.361, 0.160762, 87.8944, 0.147473, -19.6363, 0.167931, -151.194
137, 2.28333, 57.4343, 43.1922, 50.5517, -62.9828, 53.6215, 167.404, 0.161993, 88.0998, 0.148679, -19.3402, 0.169001, -150.968
138, 2.29167, 57.6267, 43.1921, 50.7658, -62.9285, 53.7984, 167.446, 0.163235, 88.3018, 0.1499, -19.0471, 0.170079, -150.744
138, 2.30000, 57.8193, 43.191, 50.9812, -62.8753, 53.9759, 167.487, 0.164486, 88.5003, 0.151134, -18.757, 0.171165, -150.521
138, 2.30833, 58.0122, 43.189, 51.1977, -62.8232, 54.1539, 167.528, 0.165747, 88.6954, 0.152383, -18.4701, 0.172258, -150.3
139, 2.31667, 58.2054, 43.186, 51.4156, -62.7723, 54.3325, 167.569, 0.167018, 88.8872, 0.153646, -18.1861, 0.17336, -150.081
140, 2.32500, 58.3988, 43.1819, 51.6347, -62.7225, 54.5116, 167.609, 0.168299, 89.0755, 0.154923, -17.9053, 0.174469, -149.863
140, 2.33333, 58.5925, 43.1769, 51.855, -62.6738, 54.6913, 167.649, 0.16959, 89.2604, 0.156216, -17.6276, 0.175586, -149.646
141, 2.34167, 58.7864, 43.1709, 52.0766, -62.6263, 54.8716, 167.689, 0.17089, 89.442, 0.157523, -17.353, 0.176712, -149.432
141, 2.35000, 58.9805, 43.1639, 52.2995, -62.58, 55.0526, 167.728, 0.1722, 89.6203, 0.158845, -17.0815, 0.177846, -149.219
141, 2.35833, 59.1748, 43.156, 52.5237, -62.5349, 55.2341, 167.767, 0.17352, 89.7951, 0.160182, -16.8131, 0.178987, -149.007
142, 2.36667, 59.3693, 43.147, 52.7491, -62.491, 55.4163, 167.806, 0.174849, 89.9667, 0.161534, -16.5478, 0.180138, -148.797
143, 2.37500, 59.564, 43.1371, 52.9759, -62.4482, 55.599, 167.844, 0.176188, 90.135, 0.162902, -16.2857, 0.181296, -148.588
143, 2.38333, 59.7589, 43.1262, 53.2039, -62.4067, 55.7825, 167.882, 0.177536, 90.2999, 0.164285, -16.0268, 0.182462, -148.381
144, 2.39167, 59.9539, 43.1144, 53.4333, -62.3664, 55.9666, 167.92, 0.178894, 90.4616, 0.165684, -15.7711, 0.183638, -148.175
144, 2.40000, 60.149, 43.1016, 53.664, -62.3274, 56.1514, 167.957, 0.180261, 90.6201, 0.167098, -15.5185, 0.184821, -147.971
144, 2.40833, 60.3442, 43.0879, 53.896, -62.2896, 56.3369, 167.994, 0.181638, 90.7753, 0.168528, -15.2691, 0.186013, -147.768
145, 2.41667, 60.5396, 43.0732, 54.1293, -62.253, 56.5231, 168.031, 0.183023, 90.9272, 0.169974, -15.023, 0.187214, -147.567
146, 2.42500, 60.735, 43.0576, 54.3639, -62.2177, 56.71, 168.068, 0.184418, 91.076, 0.171437, -14.7801, 0.188423, -147.366
146, 2.43333, 60.9305, 43.041, 54.5999, -62.1838, 56.8976, 168.104, 0.185822, 91.2216, 0.172915, -14.5404, 0.189641, -147.167
147, 2.44167, 61.1261, 43.0235, 54.8372, -62.1511, 57.0861, 168.14, 0.187234, 91.3641, 0.17441, -14.3039, 0.190868, -146.97
147, 2.45000, 61.3217, 43.0051, 55.0758, -62.1197, 57.2752, 168.175, 0.188656, 91.5034, 0.175921, -14.0707, 0.192104, -146.773
147, 2.45833, 61.5173, 42.9858, 55.3158, -62.0896, 57.4652, 168.21, 0.190086, 91.6395, 0.177449, -13.8409, 0.193349, -146.578
148, 2.46667, 61.7129, 42.9656, 55.5571, -62.0609, 57.656, 168.245, 0.191526, 91.7726, 0.178994, -13.6142, 0.194603, -146.384
149, 2.47500, 61.9085, 42.9445, 55.7998, -62.0335, 57.8476, 168.28, 0.192973, 91.9027, 0.180556, -13.3909, 0.195867, -146.192
149, 2.48333, 62.1041, 42.9226, 56.0438, -62.0075, 58.0401, 168.315, 0.19443, 92.0296, 0.182135, -13.1709, 0.19714, -146
150, 2.49167, 62.2997, 42.8997, 56.2891, -61.9828, 58.2334, 168.349, 0.195895, 92.1536, 0.18373, -12.9543, 0.198422, -145.81
150, 2.50000, 62.4951, 42.876, 56.5358, -61.9595, 58.4277, 168.383, 0.197368, 92.2746, 0.185343, -12.741, 0.199714, -145.621
150, 2.50833, 62.6905, 42.8514, 56.7838, -61.9377, 58.6228, 168.416, 0.198849, 92.3925, 0.186974, -12.531, 0.201015, -145.433
151, 2.51667, 62.8859, 42.826, 57.0332, -61.9172, 58.8189, 168.45, 0.200338, 92.5076, 0.188622, -12.3244, 0.202327, -145.246
152, 2.52500, 63.081, 42.7997, 57.2839, -61.8982, 59.0159, 168.483, 0.201836, 92.6197, 0.190287, -12.1212, 0.203648, -145.06
152, 2.53333, 63.2761, 42.7727, 57.5359, -61.8805, 59.2139, 168.516, 0.203341, 92.729, 0.19197, -11.9214, 0.20498, -144.875
153, 2.54167, 63.471, 42.7448, 57.7893, -61.8644, 59.413, 168.548, 0.204854, 92.8354, 0.193671, -11.725, 0.206322, -144.691
153, 2.55000, 63.6657, 42.7161, 58.0439, -61.8496, 59.613, 168.581, 0.206375, 92.939, 0.195389, -11.532, 0.207675, -144.508
153, 2.55833, 63.8603, 42.6867, 58.2999, -61.8364, 59.8141, 168.613, 0.207903, 93.0398, 0.197126, -11.3425, 0.209038, -144.326
154, 2.56667, 64.0547, 42.6565, 58.5573, -61.8246, 60.0163, 168.644, 0.209439, 93.1378, 0.198881, -11.1564, 0.210412, -144.145
155, 2.57500, 64.2488, 42.6255, 58.8159, -61.8144, 60.2196, 168.676, 0.210982, 93.2331, 0.200654, -10.9738, 0.211797, -143.966
155, 2.58333, 64.4427, 42.5939, 59.0758, -61.8056, 60.424, 168.707, 0.212533, 93.3257, 0.202445, -10.7946, 0.213193, -143.787
156, 2.59167, 64.6364, 42.5615, 59.337, -61.7983, 60.6296, 168.738, 0.21409, 93.4157, 0.204254, -10.6189, 0.214601, -143.609
156, 2.60000, 64.8298, 42.5284, 59.5995, -61.7926, 60.8364, 168.768, 0.215654, 93.503, 0.206082, -10.4467, 0.21602, -143.432
156, 2.60833, 65.0229, 42.4946, 59.8632, -61.7884, 61.0444, 168.799, 0.217225, 93.5877, 0.207928, -10.278, 0.217451, -143.256
157, 2.61667, 65.2158, 42.4601, 60.1282, -61.7857, 61.2537, 168.828, 0.218803, 93.67, 0.209793, -10.1128, 0.218894, -143.081
158, 2.62500, 65.4083, 42.425, 60.3945, -61.7846, 61.4642, 168.858, 0.220387, 93.7497, 0.211676, -9.95116, 0.22035, -142.906
158, 2.63333, 65.6005, 42.3893, 60.662, -61.7851, 61.6761, 168.887, 0.221977, 93.8269, 0.213578, -9.79303, 0.221818, -142.733
159, 2.64167, 65.7924, 42.3529, 60.9307, -61.7871, 61.8893, 168.916, 0.223574, 93.9017, 0.215499, -9.63841, 0.223298, -142.561
159, 2.65000, 65.9839, 42.316, 61.2006, -61.7907, 62.1038, 168.945, 0.225177, 93.9741, 0.217439, -9.48736, 0.224792, -142.389
159, 2.65833, 66.175, 42.2785, 61.4717, -61.7959, 62.3197, 168.973, 0.226786, 94.0442, 0.219397, -9.33985, 0.226299, -142.218
160, 2.66667, 66.3658, 42.2405, 61.744, -61.8027, 62.5371, 169.001, 0.228401, 94.112, 0.221374, -9.19588, 0.227819, -142.049
161, 2.67500, 66.5562, 42.2019, 62.0175, -61.8111, 62.756, 169.028, 0.230021, 94.1776, 0.223369, -9.05548, 0.229353, -141.88
161, 2.68333, 66.7462, 42.1628, 62.2921, -61.821, 62.9763, 169.055, 0.231647, 94.2409, 0.225384, -8.91864, 0.230902, -141.712
162, 2.69167, 66.9358, 42.1232, 62.5678, -61.8326, 63.1982, 169.081, 0.233278, 94.3021, 0.227417, -8.78534, 0.232464, -141.545
162, 2.70000, 67.125, 42.0832, 62.8446, -61.8458, 63.4216, 169.107, 0.234915, 94.3611, 0.22947, -8.65563, 0.234042, -141.379
162, 2.70833, 67.3137, 42.0427, 63.1225, -61.8607, 63.6465, 169.133, 0.236557, 94.4181, 0.231541, -8.52948, 0.235634, -141.213
163, 2.71667, 67.5021, 42.0018, 63.4014, -61.8771, 63.8732, 169.158, 0.238204, 94.4731, 0.233631, -8.40687, 0.237242, -141.049
164, 2.72500, 67.69, 41.9605, 63.6814, -61.8952, 64.1014, 169.182, 0.239855, 94.5261, 0.235739, -8.28784, 0.238865, -140.886
164, 2.73333, 67.8774, 41.9188, 63.9624, -61.9149, 64.3314, 169.206, 0.241512, 94.5772, 0.237867, -8.17237, 0.240503, -140.723
165, 2.74167, 68.0645, 41.8768, 64.2444, -61.9362, 64.563, 169.23, 0.243173, 94.6264, 0.240013, -8.06043, 0.242159, -140.562
165, 2.75000, 68.251, 41.8345, 64.5274, -61.9591, 64.7964, 169.253, 0.244839, 94.6738, 0.242178, -7.95205, 0.24383, -140.402
165, 2.75833, 68.4372, 41.7919, 64.8113, -61.9837, 65.0315, 169.275, 0.246509, 94.7195, 0.244362, -7.8472, 0.245519, -140.242
166, 2.76667, 68.6229, 41.7489, 65.0961, -62.0099, 65.2685, 169.296, 0.248184, 94.7634, 0.246564, -7.74587, 0.247225, -140.084
167, 2.77500, 68.8081, 41.7058, 65.3819, -62.0377, 65.5073, 169.317, 0.249863, 94.8057, 0.248785, -7.64807, 0.248948, -139.927
167, 2.78333, 68.9929, 41.6624, 65.6684, -62.0671, 65.7479, 169.338, 0.251546, 94.8463, 0.251024, -7.55378, 0.250689, -139.77
168, 2.79167, 69.1773, 41.6188, 65.9559, -62.0981, 65.9905, 169.357, 0.253233, 94.8854, 0.253282, -7.46297, 0.252449, -139.615
168, 2.80000, 69.3613, 41.575, 66.2441, -62.1307, 66.2349, 169.376, 0.254925, 94.923, 0.255558, -7.37564, 0.254227, -139.461
168, 2.80833, 69.5448, 41.531, 66.5331, -62.165, 66.4812, 169.394, 0.25662, 94.9592, 0.257852, -7.29178, 0.256024, -139.309
169, 2.81667, 69.7279, 41.4869, 66.8229, -62.2008, 66.7296, 169.411, 0.258319, 94.994, 0.260165, -7.21134, 0.25784, -139.157
170, 2.82500, 69.9106, 41.4427, 67.1134, -62.2382, 66.9799, 169.428, 0.260022, 95.0274, 0.262496, -7.13435, 0.259676, -139.007
170, 2.83333, 70.0929, 41.3984, 67.4046, -62.2771, 67.2322, 169.443, 0.261728, 95.0596, 0.264844, -7.06075, 0.261532, -138.858
171, 2.84167, 70.2749, 41.3541, 67.6965, -62.3176, 67.4866, 169.458, 0.263439, 95.0905, 0.267211, -6.99053, 0.263408, -138.71
171, 2.85000, 70.4564, 41.3097, 67.9891, -62.3597, 67.743, 169.471, 0.265153, 95.1202, 0.269595, -6.92367, 0.265305, -138.564
171, 2.85833, 70.6376, 41.2652, 68.2822, -62.4033, 68.0015, 169.484, 0.26687, 95.1489, 0.271997, -6.86014, 0.267223, -138.419
172, 2.86667, 70.8185, 41.2208, 68.576, -62.4484, 68.262, 169.496, 0.268592, 95.1764, 0.274416, -6.7999, 0.269162, -138.276
173, 2.87500, 70.9991, 41.1764, 68.8702, -62.4951, 68.5247, 169.507, 0.270317, 95.2029, 0.276853, -6.74295, 0.271123, -138.134
173, 2.88333, 71.1794, 41.132, 69.1651, -62.5432, 68.7895, 169.516, 0.272046, 95.2285, 0.279307, -6.68925, 0.273107, -137.994
174, 2.89167, 71.3594, 41.0876, 69.4604, -62.5928, 69.0564, 169.525, 0.273778, 95.2532, 0.281779, -6.63875, 0.275112, -137.855
174, 2.90000, 71.5392, 41.0434, 69.7562, -62.6439, 69.3255, 169.532, 0.275515, 95.2769, 0.284267, -6.59144, 0.277141, -137.718
174, 2.90833, 71.7187, 40.9992, 70.0524, -62.6964, 69.5967, 169.538, 0.277254, 95.2999, 0.286772, -6.54728, 0.279192, -137.583
175, 2.91667, 71.898, 40.9551, 70.3491, -62.7503, 69.8702, 169.543, 0.278998, 95.3221, 0.289294, -6.50623, 0.281267, -137.45
176, 2.92500, 72.0772, 40.9111, 70.6462, -62.8056, 70.1458, 169.547, 0.280746, 95.3436, 0.291833, -6.46825, 0.283366, -137.318
176, 2.93333, 72.2562, 40.8673, 70.9436, -62.8624, 70.4235, 169.55, 0.282498, 95.3644, 0.294388, -6.43332, 0.285489, -137.188
177, 2.94167, 72.4352, 40.8236, 71.2414, -62.9205, 70.7035, 169.551, 0.284253, 95.3845, 0.296959, -6.40137, 0.287636, -137.06
177, 2.95000, 72.614, 40.78, 71.5396, -62.9799, 70.9856, 169.551, 0.286013, 95.4041, 0.299547, -6.3724, 0.289807, -136.935
177, 2.95833, 72.7928, 40.7366, 71.838, -63.0407, 71.27, 169.549, 0.287777, 95.4231, 0.302151, -6.34634, 0.292004, -136.811
178, 2.96667, 72.9715, 40.6934, 72.1367, -63.1028, 71.5566, 169.546, 0.289546, 95.4417, 0.30477, -6.32315, 0.294226, -136.689
179, 2.97500, 73.1503, 40.6504, 72.4356, -63.1662, 71.8453, 169.542, 0.291319, 95.4597, 0.307406, -6.3028, 0.296473, -136.569
179, 2.98333, 73.3291, 40.6076, 72.7348, -63.2308, 72.1362, 169.536, 0.293096, 95.4774, 0.310057, -6.28525, 0.298746, -136.452
180, 2.99167, 73.5081, 40.5649, 73.0342, -63.2967, 72.4293, 169.529, 0.294879, 95.4946, 0.312724, -6.27043, 0.301046, -136.337
180, 3.00000, 73.6871, 40.5225, 73.3338, -63.3638, 72.7246, 169.52, 0.296666, 95.5115, 0.315406, -6.25832, 0.303371, -136.224
180, 3.00833, 73.8663, 40.4802, 73.6336, -63.4321, 73.022, 169.51, 0.298458, 95.5281, 0.318104, -6.24887, 0.305722, -136.114
181, 3.01667, 74.0457, 40.4382, 73.9336, -63.5015, 73.3217, 169.498, 0.300256, 95.5443, 0.320817, -6.24202, 0.308101, -136.006
182, 3.02500, 74.2254, 40.3964, 74.2337, -63.5721, 73.6234, 169.484, 0.30206, 95.5603, 0.323545, -6.23774, 0.310506, -135.9
182, 3.03333, 74.4053, 40.3547, 74.534, -63.6439, 73.9273, 169.469, 0.303869, 95.5761, 0.326288, -6.23598, 0.312938, -135.797
183, 3.04167, 74.5856, 40.3133, 74.8344, -63.7167, 74.2333, 169.452, 0.305684, 95.5916, 0.329046, -6.23668, 0.315398, -135.697
183, 3.05000, 74.7662, 40.2721, 75.1348, -63.7906, 74.5415, 169.434, 0.307505, 95.607, 0.331819, -6.23981, 0.317884, -135.599
183, 3.05833, 74.9472, 40.231, 75.4355, -63.8655, 74.8516, 169.414, 0.309332, 95.6221, 0.334606, -6.24532, 0.320399, -135.504
184, 3.06667, 75.1286, 40.1902, 75.7362, -63.9415, 75.1639, 169.392, 0.311167, 95.6371, 0.337409, -6.25316, 0.322941, -135.411
185, 3.07500, 75.3105, 40.1495, 76.037, -64.0185, 75.4782, 169.368, 0.313008, 95.652, 0.340226, -6.26328, 0.325511, -135.322
185, 3.08333, 75.4929, 40.109, 76.3379, -64.0965, 75.7945, 169.342, 0.314856, 95.6667, 0.343057, -6.27563, 0.328108, -135.235
186, 3.09167, 75.6759, 40.0686, 76.6389, -64.1755, 76.1129, 169.315, 0.316712, 95.6813, 0.345903, -6.29018, 0.330734, -135.151
186, 3.10000, 75.8595, 40.0284, 76.9399, -64.2554, 76.4332, 169.286, 0.318575, 95.6958, 0.348763, -6.30687, 0.333388, -135.07
186, 3.10833, 76.0437, 39.9884, 77.2411, -64.3362, 76.7555, 169.255, 0.320447, 95.7102, 0.351638, -6.32566, 0.33607, -134.991
187, 3.11667, 76.2286, 39.9484, 77.5424, -64.4179, 77.0797, 169.222, 0.322326, 95.7245, 0.354528, -6.3465, 0.338781, -134.916
188, 3.12500, 76.4142, 39.9086, 77.8437, -64.5005, 77.4058, 169.187, 0.324215, 95.7387, 0.357431, -6.36935, 0.34152, -134.844
188, 3.13333, 76.6006, 39.8688, 78.1451, -64.5839, 77.7337, 169.151, 0.326111, 95.7528, 0.360349, -6.39417, 0.344287, -134.775
189, 3.14167, 76.7877, 39.8291, 78.4466, -64.6682, 78.0635, 169.112, 0.328018, 95.7669, 0.363281, -6.42091, 0.347083, -134.708
189, 3.15000, 76.9757, 39.7895, 78.7482, -64.7533, 78.3951, 169.072, 0.329933, 95.7808, 0.366228, -6.44953, 0.349907, -134.645
189, 3.15833, 77.1645, 39.7499, 79.0499, -64.8392, 78.7285, 169.03, 0.331859, 95.7946, 0.369189, -6.47999, 0.35276, -134.585
190, 3.16667, 77.3542, 39.7103, 79.3517, -64.926, 79.0637, 168.985, 0.333794, 95.8083, 0.372164, -6.51225, 0.355642, -134.528
191, 3.17500, 77.5448, 39.6707, 79.6536, -65.0134, 79.4006, 168.939, 0.33574, 95.8218, 0.375154, -6.54626, 0.358551, -134.474
191, 3.18333, 77.7364, 39.6311, 79.9557, -65.1017, 79.7391, 168.891, 0.337696, 95.8353, 0.378159, -6.582, 0.361489, -134.424
192, 3.19167, 77.929, 39.5914, 80.2579, -65.1906, 80.0794, 168.841, 0.339664, 95.8485, 0.381178, -6.61942, 0.364457, -134.376
192, 3.20000, 78.1226, 39.5516, 80.5603, -65.2803, 80.4212, 168.789, 0.341642, 95.8617, 0.384211, -6.65849, 0.367452, -134.332
192, 3.20833, 78.3173, 39.5117, 80.8628, -65.3708, 80.7646, 168.735, 0.343632, 95.8746, 0.387259, -6.69917, 0.370476, -134.291
193, 3.21667, 78.513, 39.4718, 81.1655, -65.4619, 81.1096, 168.679, 0.345634, 95.8873, 0.390323, -6.74143, 0.373528, -134.253
194, 3.22500, 78.7099, 39.4316, 81.4684, -65.5537, 81.4561, 168.621, 0.347649, 95.8998, 0.393401, -6.78523, 0.376609, -134.219
194, 3.23333, 78.9078, 39.3913, 81.7715, -65.6462, 81.8041, 168.561, 0.349675, 95.9121, 0.396493, -6.83054, 0.379717, -134.187
195, 3.24167, 79.107, 39.3508, 82.0749, -65.7393, 82.1536, 168.5, 0.351715, 95.9241, 0.399602, -6.87735, 0.382855, -134.159
195, 3.25000, 79.3073, 39.31, 82.3785, -65.8331, 82.5045, 168.436, 0.353768, 95.9359, 0.402725, -6.9256, 0.38602, -134.134
195, 3.25833, 79.5088, 39.269, 82.6824, -65.9276, 82.8568, 168.37, 0.355834, 95.9473, 0.405863, -6.97528, 0.389214, -134.113
196, 3.26667, 79.7116, 39.2277, 82.9866, -66.0227, 83.2104, 168.302, 0.357914, 95.9583, 0.409017, -7.02637, 0.392436, -134.094
197, 3.27500, 79.9156, 39.1861, 83.291, -66.1185, 83.5653, 168.232, 0.360007, 95.969, 0.412187, -7.07882, 0.395685, -134.079
197, 3.28333, 80.1208, 39.1442, 83.5958, -66.2149, 83.9216, 168.161, 0.362115, 95.9793, 0.415372, -7.13263, 0.398963, -134.067
198, 3.29167, 80.3273, 39.1018, 83.901, -66.3119, 84.2791, 168.087, 0.364238, 95.9892, 0.418573, -7.18777, 0.402269, -134.059
198, 3.30000, 80.5351, 39.0591, 84.2065, -66.4096, 84.6378, 168.011, 0.366375, 95.9986, 0.421791, -7.24422, 0.405602, -134.053
198, 3.30833, 80.7442, 39.016, 84.5124, -66.5078, 84.9977, 167.934, 0.368527, 96.0076, 0.425024, -7.30195, 0.408963, -134.051
199, 3.31667, 80.9547, 38.9724, 84.8187, -66.6068, 85.3587, 167.854, 0.370695, 96.016, 0.428274, -7.36096, 0.412352, -134.052
200, 3.32500, 81.1665, 38.9283, 85.1254, -66.7063, 85.7209, 167.773, 0.372879, 96.0239, 0.431541, -7.42122, 0.415768, -134.057
200, 3.33333, 81.3796, 38.8837, 85.4326, -66.8064, 86.0842, 167.689, 0.375078, 96.0312, 0.434824, -7.48272, 0.419211, -134.064
201, 3.34167, 81.594, 38.8386, 85.7403, -66.9072, 86.4485, 167.604, 0.377293, 96.0378, 0.438125, -7.54545, 0.422682, -134.075
201, 3.35000, 81.8098, 38.7929, 86.0485, -67.0086, 86.8139, 167.517, 0.379525, 96.0438, 0.441442, -7.60938, 0.42618, -134.089
201, 3.35833, 82.027, 38.7466, 86.3571, -67.1106, 87.1802, 167.427, 0.381773, 96.0492, 0.444777, -7.67451, 0.429705, -134.106
202, 3.36667, 82.2455, 38.6997, 86.6664, -67.2133, 87.5475, 167.336, 0.384038, 96.0538, 0.44813, -7.74083, 0.433258, -134.126
203, 3.37500, 82.4654, 38.6521, 86.9762, -67.3166, 87.9158, 167.243, 0.38632, 96.0576, 0.4515, -7.80833, 0.436837, -134.15
203, 3.38333, 82.6867, 38.6039, 87.2866, -67.4205, 88.2849, 167.148, 0.38862, 96.0607, 0.454889, -7.87699, 0.440443, -134.176
204, 3.39167, 82.9093, 38.555, 87.5976, -67.5251, 88.655, 167.051, 0.390936, 96.063, 0.458296, -7.94683, 0.444076, -134.206
204, 3.40000, 83.1333, 38.5053, 87.9092, -67.6304, 89.0259, 166.952, 0.393271, 96.0644, 0.461721, -8.01782, 0.447736, -134.239
204, 3.40833, 83.3587, 38.4549, 88.2215, -67.7363, 89.3975, 166.852, 0.395623, 96.0649, 0.465165, -8.08996, 0.451422, -134.275
205, 3.41667, 83.5855, 38.4037, 88.5345, -67.8428, 89.77, 166.749, 0.397993, 96.0645, 0.468628, -8.16325, 0.455135, -134.314
206, 3.42500, 83.8135, 38.3517, 88.8481, -67.9501, 90.1433, 166.645, 0.400381, 96.0631, 0.47211, -8.23769, 0.458874, -134.356
206, 3.43333, 84.043, 38.2989, 89.1625, -68.058, 90.5172, 166.538, 0.402788, 96.0607, 0.475612, -8.31327, 0.462639, -134.401
207, 3.44167, 84.2738, 38.2452, 89.4776, -68.1667, 90.8919, 166.43, 0.405214, 96.0573, 0.479133, -8.39, 0.466431, -134.449
207, 3.45000, 84.5059, 38.1907, 89.7934, -68.276, 91.2673, 166.32, 0.407657, 96.0529, 0.482674, -8.46787, 0.470248, -134.5
207, 3.45833, 84.7394, 38.1352, 90.1101, -68.386, 91.6432, 166.208, 0.41012, 96.0473, 0.486236, -8.54689, 0.474092, -134.554
208, 3.46667, 84.9742, 38.0789, 90.4275, -68.4968, 92.0199, 166.095, 0.412602, 96.0407, 0.489818, -8.62706, 0.477962, -134.612
209, 3.47500, 85.2103, 38.0216, 90.7458, -68.6084, 92.3971, 165.979, 0.415102, 96.0329, 0.49342, -8.70838, 0.481857, -134.672
209, 3.48333, 85.4477, 37.9633, 91.0648, -68.7206, 92.7748, 165.862, 0.417622, 96.0238, 0.497043, -8.79085, 0.485778, -134.735
210, 3.49167, 85.6865, 37.904, 91.3848, -68.8337, 93.1532, 165.742, 0.420162, 96.0136, 0.500688, -8.87449, 0.489726, -134.801
210, 3.50000, 85.9264, 37.8438, 91.7056, -68.9475, 93.532, 165.621, 0.42272, 96.0022, 0.504354, -8.9593, 0.493698, -134.869
210, 3.50833, 86.1677, 37.7825, 92.0272, -69.0621, 93.9113, 165.499, 0.425298, 95.9894, 0.508041, -9.04527, 0.497696, -134.941
211, 3.51667, 86.4102, 37.7202, 92.3498, -69.1775, 94.291, 165.374, 0.427896, 95.9754, 0.511751, -9.13243, 0.501719, -135.016
212, 3.52500, 86.6539, 37.6568, 92.6733, -69.2938, 94.6712, 165.247, 0.430514, 95.96, 0.515483, -9.22078, 0.505768, -135.093
212, 3.53333, 86.8988, 37.5923, 92.9977, -69.4108, 95.0518, 165.119, 0.433151, 95.9432, 0.519236, -9.31032, 0.509842, -135.173
213, 3.54167, 87.145, 37.5268, 93.3231, -69.5287, 95.4328, 164.989, 0.435809, 95.9251, 0.523013, -9.40107, 0.513941, -135.257
213, 3.55000, 87.3923, 37.4601, 93.6494, -69.6475, 95.8141, 164.857, 0.438486, 95.9055, 0.526813, -9.49304, 0.518065, -135.343
213, 3.55833, 87.6408, 37.3923, 93.9767, -69.7672, 96.1958, 164.724, 0.441183, 95.8845, 0.530635, -9.58623, 0.522214, -135.431
214, 3.56667, 87.8905, 37.3233, 94.3049, -69.8878, 96.5778, 164.588, 0.443901, 95.8621, 0.534481, -9.68067, 0.526388, -135.523
215, 3.57500, 88.1412, 37.2532, 94.6342, -70.0093, 96.96, 164.451, 0.446638, 95.8381, 0.53835, -9.77634, 0.530587, -135.617
215, 3.58333, 88.3931, 37.1819, 94.9644, -70.1317, 97.3425, 164.312, 0.449395, 95.8127, 0.542244, -9.87328, 0.53481, -135.714
216, 3.59167, 88.6461, 37.1094, 95.2956, -70.255, 97.7252, 164.171, 0.452174, 95.7857, 0.546161, -9.97151, 0.539058, -135.814
216, 3.60000, 88.9001, 37.0357, 95.6279, -70.3794, 98.1081, 164.029, 0.454972, 95.7571, 0.550103, -10.071, 0.543331, -135.916
216, 3.60833, 89.1551, 36.9608, 95.9611, -70.5047, 98.4911, 163.884, 0.45779, 95.7269, 0.554069, -10.1718, 0.547628, -136.021
217, 3.61667, 89.4112, 36.8846, 96.2955, -70.631, 98.8743, 163.738, 0.460629, 95.6952, 0.55806, -10.2739, 0.551949, -136.129
217, 3.62500, 89.6683, 36.8072, 96.6308, -70.7583, 99.2576, 163.591, 0.463488, 95.6618, 0.562075, -10.3774, 0.556294, -136.24
218, 3.63333, 89.9263, 36.7285, 96.9671, -70.8867, 99.641, 163.441, 0.466367, 95.6268, 0.566116, -10.4822, 0.560664, -136.353
219, 3.64167, 90.1853, 36.6486, 97.3046, -71.0161, 100.024, 163.29, 0.469267, 95.5901, 0.570182, -10.5883, 0.565058, -136.468
219, 3.65000, 90.4452, 36.5674, 97.643, -71.1466, 100.408, 163.137, 0.472187, 95.5517, 0.574274, -10.6958, 0.569475, -136.587
219, 3.65833, 90.706, 36.4849, 97.9825, -71.2781, 100.791, 162.982, 0.475127, 95.5116, 0.578391, -10.8047, 0.573916, -136.708
220, 3.66667, 90.9677, 36.401, 98.3231, -71.4108, 101.175, 162.825, 0.478088, 95.4699, 0.582535, -10.9151, 0.578382, -136.832
221, 3.67500, 91.2302, 36.3159, 98.6646, -71.5446, 101.558, 162.667, 0.481069, 95.4263, 0.586705, -11.0268, 0.58287, -136.958
221, 3.68333, 91.4936, 36.2295, 99.0073, -71.6796, 101.941, 162.507, 0.48407, 95.3811, 0.590901, -11.14, 0.587382, -137.087
222, 3.69167, 91.7578, 36.1417, 99.351, -71.8157, 102.324, 162.345, 0.487091, 95.334, 0.595124, -11.2546, 0.591918, -137.218
222, 3.70000, 92.0227, 36.0525, 99.6957, -71.9529, 102.707, 162.181, 0.490133, 95.2852, 0.599373, -11.3707, 0.596476, -137.352
222, 3.70833, 92.2883, 35.9621, 100.041, -72.0914, 103.09, 162.016, 0.493195, 95.2346, 0.603649, -11.4883, 0.601057, -137.489
223, 3.71667, 92.5547, 35.8702, 100.388, -72.2312, 103.473, 161.849, 0.496277, 95.1822, 0.607953, -11.6074, 0.605662, -137.628
224, 3.72500, 92.8217, 35.777, 100.736, -72.3721, 103.855, 161.68, 0.499379, 95.128, 0.612283, -11.728, 0.610289, -137.769
224, 3.73333, 93.0894, 35.6825, 101.085, -72.5143, 104.237, 161.509, 0.502501, 95.0719, 0.616641, -11.8502, 0.614939, -137.914
225, 3.74167, 93.3578, 35.5865, 101.435, -72.6578, 104.618, 161.337, 0.505643, 95.014, 0.621027, -11.9739, 0.619612, -138.06
225, 3.75000, 93.6267, 35.4892, 101.786, -72.8025, 105, 161.163, 0.508805, 94.9543, 0.62544, -12.0992, 0.624307, -138.209
225, 3.75833, 93.8962, 35.3904, 102.137, -72.9486, 105.38, 160.987, 0.511987, 94.8926, 0.629881, -12.2261, 0.629024, -138.361
226, 3.76667, 94.1662, 35.2903, 102.49, -73.096, 105.761, 160.809, 0.515189, 94.8291, 0.63435, -12.3546, 0.633763, -138.515
227, 3.77500, 94.4368, 35.1888, 102.844, -73.2448, 106.141, 160.63, 0.51841, 94.7638, 0.638847, -12.4847, 0.638524, -138.672
227, 3.78333, 94.7078, 35.0858, 103.199, -73.3949, 106.52, 160.449, 0.521651, 94.6965, 0.643372, -12.6165, 0.643306, -138.831
228, 3.79167, 94.9792, 34.9815, 103.554, -73.5464, 106.899, 160.266, 0.524912, 94.6273, 0.647926, -12.7499, 0.64811, -138.993
228, 3.80000, 95.2511, 34.8757, 103.911, -73.6993, 107.277, 160.081, 0.528192, 94.5563, 0.652508, -12.885, 0.652935, -139.157
228, 3.80833, 95.5233, 34.7685, 104.268, -73.8536, 107.655, 159.895, 0.531491, 94.4833, 0.657119, -13.0218, 0.657781, -139.324
229, 3.81667, 95.796, 34.6599, 104.627, -74.0094, 108.032, 159.707, 0.53481, 94.4084, 0.661758, -13.1604, 0.662649, -139.493
230, 3.82500, 96.0689, 34.5498, 104.986, -74.1666, 108.408, 159.517, 0.538148, 94.3315, 0.666426, -13.3006, 0.667536, -139.664
230, 3.83333, 96.3421, 34.4383, 105.346, -74.3253, 108.783, 159.325, 0.541505, 94.2528, 0.671123, -13.4427, 0.672444, -139.838
231, 3.84167, 96.6155, 34.3254, 105.707, -74.4855, 109.158, 159.132, 0.544881, 94.1721, 0.675849, -13.5865, 0.677373, -140.014
231, 3.85000, 96.8892, 34.211, 106.069, -74.6472, 109.531, 158.936, 0.548276, 94.0894, 0.680603, -13.7321, 0.682321, -140.193
231, 3.85833, 97.163, 34.0952, 106.431, -74.8105, 109.904, 158.739, 0.551689, 94.0048, 0.685386, -13.8794, 0.687288, -140.374
232, 3.86667, 97.4371, 33.9779, 106.795, -74.9753, 110.276, 158.54, 0.555121, 93.9182, 0.690199, -14.0287, 0.692276, -140.558
233, 3.87500, 97.7112, 33.8592, 107.159, -75.1416, 110.647, 158.34, 0.558572, 93.8297, 0.69504, -14.1797, 0.697282, -140.744
233, 3.88333, 97.9854, 33.7391, 107.523, -75.3095, 111.016, 158.138, 0.56204, 93.7393, 0.69991, -14.3327, 0.702307, -140.933
234, 3.89167, 98.2596, 33.6174, 107.889, -75.4791, 111.385, 157.933, 0.565527, 93.6468, 0.70481, -14.4875, 0.70735, -141.124
234, 3.90000, 98.5339, 33.4944, 108.255, -75.6502, 111.753, 157.728, 0.569032, 93.5524, 0.709738, -14.6442, 0.712412, -141.317
234, 3.90833, 98.8081, 33.3699, 108.621, -75.823, 112.119, 157.52, 0.572555, 93.456, 0.714695, -14.8028, 0.717491, -141.513
235, 3.91667, 99.0823, 33.2439, 108.989, -75.9974, 112.484, 157.31, 0.576096, 93.3577, 0.719682, -14.9633, 0.722589, -141.711
236, 3.92500, 99.3563, 33.1165, 109.356, -76.1735, 112.847, 157.099, 0.579654, 93.2574, 0.724697, -15.1258, 0.727703, -141.911
236, 3.93333, 99.6303, 32.9876, 109.725, -76.3513, 113.209, 156.886, 0.58323, 93.1551, 0.72974, -15.2902, 0.732834, -142.114
237, 3.94167, 99.904, 32.8572, 110.093, -76.5308, 113.57, 156.671, 0.586823, 93.0509, 0.734814, -15.4567, 0.737982, -142.319
237, 3.95000, 100.178, 32.7255, 110.463, -76.7119, 113.929, 156.455, 0.590433, 92.9446, 0.739915, -15.6251, 0.743145, -142.527
237, 3.95833, 100.451, 32.5922, 110.832, -76.8949, 114.287, 156.236, 0.594059, 92.8364, 0.745045, -15.7955, 0.748325, -142.737
238, 3.96667, 100.724, 32.4575, 111.202, -77.0795, 114.643, 156.016, 0.597703, 92.7263, 0.750205, -15.968, 0.75352, -142.949
238, 3.97500, 100.997, 32.3213, 111.572, -77.2659, 114.997, 155.794, 0.601363, 92.6141, 0.755392, -16.1425, 0.758729, -143.164
239, 3.98333, 101.269, 32.1837, 111.943, -77.4541, 115.35, 155.571, 0.60504, 92.5, 0.760607, -16.319, 0.763953, -143.381
240, 3.99167, 101.541, 32.0446, 112.314, -77.6441, 115.701, 155.345, 0.608733, 92.3839, 0.765852, -16.4977, 0.769191, -143.6
240, 4.00000, 101.812, 31.9041, 112.684, -77.8359, 116.049, 155.118, 0.612441, 92.2659, 0.771123, -16.6784, 0.774442, -143.822
240, 4.00833, 102.084, 31.7621, 113.055, -78.0295, 116.396, 154.889, 0.616165, 92.1459, 0.776423, -16.8612, 0.779707, -144.046
241, 4.01667, 102.354, 31.6187, 113.426, -78.225, 116.741, 154.658, 0.619905, 92.0239, 0.781751, -17.0461, 0.784984, -144.273
242, 4.02500, 102.624, 31.4738, 113.798, -78.4223, 117.084, 154.425, 0.62366, 91.8999, 0.787106, -17.2332, 0.790273, -144.501
242, 4.03333, 102.893, 31.3275, 114.169, -78.6214, 117.424, 154.191, 0.627431, 91.774, 0.792488, -17.4224, 0.795574, -144.732
243, 4.04167, 103.162, 31.1797, 114.54, -78.8225, 117.763, 153.955, 0.631216, 91.6462, 0.797898, -17.6138, 0.800886, -144.966
243, 4.05000, 103.43, 31.0305, 114.91, -79.0254, 118.099, 153.717, 0.635016, 91.5163, 0.803334, -17.8074, 0.806209, -145.201
243, 4.05833, 103.698, 30.8799, 115.281, -79.2301, 118.432, 153.477, 0.63883, 91.3846, 0.808797, -18.0031, 0.811541, -145.439
244, 4.06667, 103.964, 30.7278, 115.651, -79.4369, 118.763, 153.236, 0.642659, 91.2509, 0.814286, -18.2011, 0.816883, -145.68
245, 4.07500, 104.23, 30.5743, 116.022, -79.6455, 119.092, 152.993, 0.646501, 91.1152, 0.819801, -18.4012, 0.822233, -145.922
245, 4.08333, 104.495, 30.4194, 116.391, -79.8561, 119.418, 152.748, 0.650357, 90.9777, 0.825342, -18.6036, 0.827591, -146.167
246, 4.09167, 104.759, 30.263, 116.76, -80.0686, 119.741, 152.501, 0.654227, 90.8381, 0.830909, -18.8082, 0.832958, -146.414
246, 4.10000, 105.022, 30.1053, 117.129, -80.2831, 120.062, 152.253, 0.658109, 90.6967, 0.8365, -19.015, 0.838331, -146.664
246, 4.10833, 105.284, 29.9461, 117.497, -80.4995, 120.379, 152.002, 0.662005, 90.5533, 0.842116, -19.2241, 0.84371, -146.915
247, 4.11667, 105.545, 29.7854, 117.865, -80.7179, 120.694, 151.75, 0.665913, 90.408, 0.847757, -19.4355, 0.849095, -147.169
248, 4.12500, 105.806, 29.6234, 118.232, -80.9383, 121.006, 151.497, 0.669834, 90.2608, 0.853421, -19.6492, 0.854485, -147.426
248, 4.13333, 106.065, 29.46, 118.598, -81.1607, 121.314, 151.241, 0.673766, 90.1117, 0.859109, -19.8651, 0.859879, -147.684
249, 4.14167, 106.322, 29.2952, 118.963, -81.3851, 121.62, 150.984, 0.677711, 89.9607, 0.864821, -20.0834, 0.865277, -147.945
249, 4.15000, 106.579, 29.129, 119.327, -81.6114, 121.922, 150.725, 0.681667, 89.8078, 0.870554, -20.3039, 0.870677, -148.207
249, 4.15833, 106.835, 28.9614, 119.69, -81.8398, 122.22, 150.465, 0.685634, 89.6531, 0.87631, -20.5267, 0.876079, -148.472
250, 4.16667, 107.089, 28.7924, 120.052, -82.0703, 122.516, 150.203, 0.689613, 89.4964, 0.882088, -20.7519, 0.881484, -148.74
251, 4.17500, 107.342, 28.622, 120.413, -82.3027, 122.807, 149.939, 0.693602, 89.3379, 0.887887, -20.9794, 0.886888, -149.009
251, 4.18333, 107.593, 28.4503, 120.773, -82.5372, 123.095, 149.673, 0.697601, 89.1775, 0.893706, -21.2092, 0.892292, -149.28
252, 4.19167, 107.843, 28.2772, 121.131, -82.7738, 123.38, 149.406, 0.70161, 89.0152, 0.899547, -21.4414, 0.897695, -149.554
252, 4.20000, 108.092, 28.1028, 121.488, -83.0124, 123.66, 149.137, 0.705629, 88.8511, 0.905406, -21.6759, 0.903096, -149.83
252, 4.20833, 108.339, 27.927, 121.844, -83.253, 123.937, 148.867, 0.709657, 88.6852, 0.911284, -21.9128, 0.908495, -150.108
253, 4.21667, 108.585, 27.7498, 122.198, -83.4957, 124.21, 148.594, 0.713695, 88.5174, 0.917181, -22.152, 0.91389, -150.388
254, 4.22500, 108.829, 27.5713, 122.55, -83.7404, 124.479, 148.321, 0.717741, 88.3478, 0.923096, -22.3936, 0.919281, -150.67
254, 4.23333, 109.071, 27.3915, 122.9, -83.9872, 124.743, 148.045, 0.721795, 88.1764, 0.929027, -22.6375, 0.924666, -150.955
255, 4.24167, 109.312, 27.2103, 123.249, -84.2361, 125.003, 147.768, 0.725858, 88.0031, 0.934976, -22.8839, 0.930046, -151.241
255, 4.25000, 109.551, 27.0279, 123.595, -84.4871, 125.259, 147.49, 0.729928, 87.8281, 0.94094, -23.1325, 0.935418, -151.529
255, 4.25833, 109.789, 26.8441, 123.94, -84.7401, 125.511, 147.21, 0.734006, 87.6513, 0.946919, -23.3836, 0.940782, -151.82
256, 4.26667, 110.024, 26.659, 124.282, -84.9951, 125.758, 146.928, 0.738091, 87.4726, 0.952913, -23.637, 0.946138, -152.112
257, 4.27500, 110.258, 26.4726, 124.623, -85.2523, 126, 146.645, 0.742182, 87.2923, 0.95892, -23.8928, 0.951483, -152.407
257, 4.28333, 110.49, 26.285, 124.96, -85.5115, 126.238, 146.36, 0.74628, 87.1101, 0.964939, -24.151, 0.956818, -152.703
258, 4.29167, 110.719, 26.096, 125.296, -85.7728, 126.471, 146.074, 0.750384, 86.9262, 0.970972, -24.4115, 0.962142, -153.001
258, 4.30000, 110.947, 25.9058, 125.629, -86.0361, 126.699, 145.786, 0.754493, 86.7406, 0.977015, -24.6744, 0.967452, -153.302
258, 4.30833, 111.173, 25.7144, 125.959, -86.3015, 126.922, 145.497, 0.758607, 86.5533, 0.983068, -24.9397, 0.972749, -153.604
259, 4.31667, 111.397, 25.5217, 126.287, -86.5689, 127.14, 145.207, 0.762727, 86.3642, 0.989132, -25.2073, 0.978031, -153.908
260, 4.32500, 111.618, 25.3277, 126.611, -86.8384, 127.352, 144.915, 0.76685, 86.1734, 0.995204, -25.4773, 0.983298, -154.214
260, 4.33333, 111.838, 25.1325, 126.933, -87.11, 127.56, 144.621, 0.770978, 85.9809, 1.00128, -25.7496, 0.988548, -154.522
261, 4.34167, 112.055, 24.9361, 127.252, -87.3836, 127.762, 144.327, 0.77511, 85.7867, 1.00737, -26.0243, 0.993781, -154.832
261, 4.35000, 112.27, 24.7385, 127.567, -87.6592, 127.959, 144.031, 0.779244, 85.5908, 1.01346, -26.3014, 0.998994, -155.143
261, 4.35833, 112.483, 24.5397, 127.879, -87.9368, 128.15, 143.733, 0.783382, 85.3933, 1.01956, -26.5807, 1.00419, -155.457
262, 4.36667, 112.693, 24.3396, 128.188, -88.2165, 128.336, 143.435, 0.787522, 85.1941, 1.02566, -26.8624, 1.00936, -155.772
263, 4.37500, 112.901, 24.1384, 128.494, -88.4982, 128.516, 143.135, 0.791664, 84.9933, 1.03177, -27.1465, 1.01451, -156.089
263, 4.38333, 113.107, 23.9361, 128.796, -88.7819, 128.69, 142.833, 0.795808, 84.7908, 1.03787, -27.4328, 1.01964, -156.407
264, 4.39167, 113.31, 23.7325, 129.094, -89.0676, 128.858, 142.531, 0.799953, 84.5867, 1.04398, -27.7214, 1.02475, -156.727
264, 4.40000, 113.51, 23.5279, 129.388, -89.3552, 129.02, 142.227, 0.804099, 84.3811, 1.05009, -28.0124, 1.02983, -157.049
264, 4.40833, 113.708, 23.3221, 129.678, -89.6448, 129.177, 141.923, 0.808245, 84.1738, 1.0562, -28.3056, 1.03488, -157.373
265, 4.41667, 113.904, 23.1151, 129.965, -89.9365, 129.327, 141.617, 0.812392, 83.9649, 1.0623, -28.6011, 1.03991, -157.698
265, 4.42500, 114.096, 22.907, 130.247, -90.23, 129.471, 141.31, 0.816538, 83.7545, 1.0684, -28.8988, 1.04491, -158.025
266, 4.43333, 114.287, 22.6979, 130.525, -90.5254, 129.609, 141.002, 0.820683, 83.5425, 1.0745, -29.1988, 1.04988, -158.353
267, 4.44167, 114.474, 22.4876, 130.798, -90.8228, 129.74, 140.692, 0.824827, 83.329, 1.08059, -29.501, 1.05482, -158.683
267, 4.45000, 114.658, 22.2762, 131.067, -91.1221, 129.865, 140.382, 0.828969, 83.1139, 1.08667, -29.8054, 1.05973, -159.014
267, 4.45833, 114.84, 22.0638, 131.332, -91.4232, 129.983, 140.071, 0.833109, 82.8974, 1.09275, -30.112, 1.0646, -159.346
268, 4.46667, 115.019, 21.8503, 131.591, -91.7262, 130.095, 139.759, 0.837247, 82.6793, 1.09882, -30.4208, 1.06944, -159.681
269, 4.47500, 115.195, 21.6358, 131.846, -92.0311, 130.201, 139.446, 0.841381, 82.4597, 1.10488, -30.7318, 1.07425, -160.016
269, 4.48333, 115.368, 21.4203, 132.096, -92.3378, 130.299, 139.132, 0.845512, 82.2386, 1.11092, -31.0448, 1.07903, -160.353
270, 4.49167, 115.538, 21.2037, 132.341, -92.6463, 130.391, 138.817, 0.84964, 82.0161, 1.11696, -31.3601, 1.08376, -160.691
270, 4.50000, 115.705, 20.9861, 132.581, -92.9566, 130.476, 138.502, 0.853763, 81.7921, 1.12297, -31.6774, 1.08846, -161.03
270, 4.50833, 115.869, 20.7676, 132.815, -93.2686, 130.555, 138.185, 0.857881, 81.5667, 1.12898, -31.9968, 1.09312, -161.371
271, 4.51667, 116.03, 20.548, 133.044, -93.5824, 130.626, 137.868, 0.861994, 81.3399, 1.13497, -32.3183, 1.09774, -161.713
272, 4.52500, 116.187, 20.3275, 133.268, -93.8979, 130.69, 137.55, 0.866101, 81.1116, 1.14094, -32.6417, 1.10232, -162.056
272, 4.53333, 116.342, 20.106, 133.486, -94.2151, 130.747, 137.232, 0.870202, 80.882, 1.14689, -32.9672, 1.10686, -162.4
273, 4.54167, 116.493, 19.8835, 133.698, -94.534, 130.797, 136.913, 0.874297, 80.651, 1.15282, -33.2948, 1.11136, -162.745
273, 4.55000, 116.641, 19.6602, 133.904, -94.8546, 130.84, 136.593, 0.878384, 80.4186, 1.15873, -33.6242, 1.11581, -163.091
273, 4.55833, 116.786, 19.4359, 134.105, -95.1767, 130.876, 136.273, 0.882464, 80.1849, 1.16462, -33.9556, 1.12022, -163.439
274, 4.56667, 116.927, 19.2107, 134.299, -95.5005, 130.904, 135.952, 0.886536, 79.9498, 1.17048, -34.289, 1.12458, -163.787
275, 4.57500, 117.065, 18.9847, 134.487, -95.8258, 130.926, 135.631, 0.890599, 79.7134, 1.17632, -34.6241, 1.12889, -164.136
275, 4.58333, 117.2, 18.7578, 134.67, -96.1526, 130.94, 135.309, 0.894653, 79.4757, 1.18213, -34.9612, 1.13316, -164.486
276, 4.59167, 117.331, 18.5299, 134.845, -96.481, 130.946, 134.987, 0.898699, 79.2366, 1.18791, -35.3001, 1.13738, -164.837
276, 4.60000, 117.458, 18.3013, 135.015, -96.8108, 130.946, 134.664, 0.902734, 78.9964, 1.19366, -35.6407, 1.14156, -165.189
276, 4.60833, 117.582, 18.0719, 135.177, -97.142, 130.937, 134.342, 0.906759, 78.7548, 1.19938, -35.9831, 1.14568, -165.541
277, 4.61667, 117.703, 17.8415, 135.333, -97.4748, 130.922, 134.019, 0.910773, 78.512, 1.20507, -36.3273, 1.14975, -165.895
278, 4.62500, 117.82, 17.6105, 135.483, -97.8088, 130.899, 133.695, 0.914776, 78.268, 1.21073, -36.6732, 1.15377, -166.249
278, 4.63333, 117.933, 17.3786, 135.625, -98.1442, 130.868, 133.372, 0.918766, 78.0227, 1.21635, -37.0207, 1.15773, -166.603
279, 4.64167, 118.043, 17.1459, 135.761, -98.481, 130.83, 133.049, 0.922745, 77.7762, 1.22194, -37.3699, 1.16165, -166.958
279, 4.65000, 118.149, 16.9125, 135.89, -98.819, 130.785, 132.725, 0.926711, 77.5286, 1.22749, -37.7207, 1.16551, -167.314
279, 4.65833, 118.251, 16.6784, 136.012, -99.1582, 130.732, 132.401, 0.930664, 77.2798, 1.233, -38.073, 1.16931, -167.67
280, 4.66667, 118.349, 16.4435, 136.126, -99.4987, 130.672, 132.078, 0.934603, 77.0298, 1.23847, -38.4269, 1.17306, -168.027
281, 4.67500, 118.444, 16.2079, 136.233, -99.8404, 130.604, 131.754, 0.938528, 76.7787, 1.2439, -38.7822, 1.17676, -168.384
281, 4.68333, 118.535, 15.9717, 136.333, -100.183, 130.528, 131.431, 0.942438, 76.5264, 1.24929, -39.139, 1.18039, -168.742
282, 4.69167, 118.622, 15.7347, 136.426, -100.527, 130.445, 131.107, 0.946334, 76.273, 1.25463, -39.4973, 1.18397, -169.1
282, 4.70000, 118.705, 15.4971, 136.511, -100.872, 130.355, 130.784, 0.950213, 76.0186, 1.25993, -39.8569, 1.18749, -169.458
282, 4.70833, 118.784, 15.2588, 136.588, -101.218, 130.257, 130.461, 0.954076, 75.7631, 1.26519, -40.2179, 1.19096, -169.816
283, 4.71667, 118.859, 15.0199, 136.658, -101.565, 130.152, 130.138, 0.957923, 75.5065, 1.27039, -40.5802, 1.19436, -170.175
284, 4.72500, 118.93, 14.7804, 136.721, -101.913, 130.039, 129.816, 0.961753, 75.2488, 1.27555, -40.9437, 1.19771, -170.534
284, 4.73333, 118.998, 14.5403, 136.775, -102.262, 129.919, 129.494, 0.965564, 74.9902, 1.28066, -41.3084, 1.20099, -170.892
285, 4.74167, 119.061, 14.2996, 136.822, -102.611, 129.792, 129.172, 0.969359, 74.7305, 1.28571, -41.6744, 1.20422, -171.251
285, 4.75000, 119.12, 14.0583, 136.861, -102.962, 129.657, 128.851, 0.973134, 74.4698, 1.29072, -42.0414, 1.20738, -171.61
285, 4.75833, 119.175, 13.8165, 136.892, -103.313, 129.515, 128.53, 0.97689, 74.2082, 1.29567, -42.4096, 1.21048, -171.969
286, 4.76667, 119.226, 13.5742, 136.915, -103.665, 129.366, 128.21, 0.980627, 73.9456, 1.30057, -42.7788, 1.21352, -172.328
287, 4.77500, 119.273, 13.3313, 136.93, -104.018, 129.209, 127.891, 0.984344, 73.682, 1.30541, -43.1491, 1.2165, -172.687
287, 4.78333, 119.315, 13.088, 136.937, -104.371, 129.045, 127.572, 0.98804, 73.4175, 1.31019, -43.5203, 1.21941, -173.046
288, 4.79167, 119.354, 12.8442, 136.936, -104.725, 128.874, 127.254, 0.991715, 73.1521, 1.31492, -43.8925, 1.22227, -173.404
288, 4.80000, 119.388, 12.5999, 136.927, -105.079, 128.696, 126.936, 0.995369, 72.8859, 1.31959, -44.2655, 1.22506, -173.762
288, 4.80833, 119.418, 12.3552, 136.91, -105.434, 128.511, 126.619, 0.999, 72.6187, 1.3242, -44.6393, 1.22778, -174.12
289, 4.81667, 119.444, 12.11, 136.885, -105.79, 128.319, 126.303, 1.00261, 72.3507, 1.32875, -45.014, 1.23045, -174.478
290, 4.82500, 119.465, 11.8644, 136.852, -106.146, 128.12, 125.988, 1.0062, 72.0818, 1.33323, -45.3895, 1.23305, -174.835
290, 4.83333, 119.482, 11.6185, 136.81, -106.502, 127.915, 125.674, 1.00976, 71.8122, 1.33766, -45.7656, 1.23558, -175.192
291, 4.84167, 119.495, 11.3722, 136.76, -106.859, 127.702, 125.361, 1.0133, 71.5417, 1.34202, -46.1424, 1.23806, -175.549
291, 4.85000, 119.504, 11.1255, 136.702, -107.215, 127.483, 125.049, 1.01681, 71.2704, 1.34631, -46.5198, 1.24047, -175.904
291, 4.85833, 119.508, 10.8785, 136.636, -107.573, 127.257, 124.737, 1.0203, 70.9984, 1.35054, -46.8978, 1.24281, -176.26
292, 4.86667, 119.507, 10.6312, 136.562, -107.93, 127.025, 124.427, 1.02377, 70.7256, 1.35471, -47.2763, 1.24509, -176.615
293, 4.87500, 119.503, 10.3836, 136.479, -108.288, 126.786, 124.118, 1.0272, 70.4521, 1.35881, -47.6553, 1.24731, -176.969
293, 4.88333, 119.494, 10.1358, 136.388, -108.645, 126.541, 123.81, 1.03062, 70.178, 1.36284, -48.0348, 1.24947, -177.322
294, 4.89167, 119.48, 9.88763, 136.289, -109.003, 126.289, 123.503, 1.034, 69.903, 1.3668, -48.4146, 1.25156, -177.675
294, 4.90000, 119.462, 9.63929, 136.182, -109.361, 126.031, 123.198, 1.03736, 69.6275, 1.37069, -48.7948, 1.25358, -178.027
294, 4.90833, 119.44, 9.39073, 136.066, -109.718, 125.767, 122.894, 1.04069, 69.3513, 1.37452, -49.1753, 1.25555, -178.379
295, 4.91667, 119.413, 9.14196, 135.943, -110.076, 125.497, 122.591, 1.04399, 69.0745, 1.37827, -49.5561, 1.25745, -178.729
296, 4.92500, 119.382, 8.89305, 135.811, -110.434, 125.221, 122.289, 1.04727, 68.797, 1.38195, -49.937, 1.25929, -179.079
296, 4.93333, 119.346, 8.64398, 135.671, -110.791, 124.939, 121.989, 1.05051, 68.519, 1.38556, -50.3182, 1.26106, -179.428
297, 4.94167, 119.306, 8.39476, 135.523, -111.148, 124.651, 121.69, 1.05373, 68.2404, 1.3891, -50.6995, 1.26278, -179.776
297, 4.95000, 119.261, 8.14546, 135.367, -111.505, 124.357, 121.393, 1.05691, 67.9613, 1.39257, -51.0808, 1.26443, 179.877
297, 4.95833, 119.212, 7.89608, 135.203, -111.862, 124.058, 121.097, 1.06007, 67.6816, 1.39596, -51.4621, 1.26602, 179.531
298, 4.96667, 119.158, 7.6466, 135.031, -112.218, 123.754, 120.803, 1.06319, 67.4014, 1.39928, -51.8435, 1.26754, 179.186
299, 4.97500, 119.1, 7.39711, 134.85, -112.574, 123.444, 120.51, 1.06629, 67.1208, 1.40253, -52.2248, 1.26901, 178.842
299, 4.98333, 119.037, 7.1476, 134.663, -112.929, 123.128, 120.219, 1.06935, 66.8397, 1.4057, -52.606, 1.27041, 178.499
300, 4.99167, 118.97, 6.89807, 134.467, -113.284, 122.808, 119.929, 1.07238, 66.5581, 1.4088, -52.9871, 1.27176, 178.157
300, 5.00000, 118.898, 6.64858, 134.263, -113.639, 122.482, 119.641, 1.07537, 66.2761, 1.41182, -53.368, 1.27305, 177.817
300, 5.00833, 118.822, 6.39915, 134.052, -113.993, 122.152, 119.355, 1.07834, 65.9938, 1.41477, -53.7486, 1.27427, 177.477
301, 5.01667, 118.741, 6.14976, 133.833, -114.346, 121.816, 119.07, 1.08127, 65.711, 1.41764, -54.129, 1.27544, 177.139
302, 5.02500, 118.656, 5.90049, 133.606, -114.698, 121.476, 118.788, 1.08417, 65.4279, 1.42043, -54.509, 1.27655, 176.802
302, 5.03333, 118.566, 5.65133, 133.372, -115.05, 121.132, 118.507, 1.08703, 65.1445, 1.42316, -54.8887, 1.2776, 176.466
303, 5.04167, 118.472, 5.40229, 133.13, -115.402, 120.782, 118.227, 1.08986, 64.8607, 1.4258, -55.268, 1.27859, 176.132
303, 5.05000, 118.373, 5.15344, 132.881, -115.752, 120.428, 117.95, 1.09266, 64.5767, 1.42837, -55.6469, 1.27953, 175.798
303, 5.05833, 118.269, 4.90478, 132.625, -116.102, 120.07, 117.674, 1.09542, 64.2924, 1.43086, -56.0253, 1.28041, 175.467
304, 5.06667, 118.161, 4.6563, 132.361, -116.45, 119.708, 117.401, 1.09814, 64.0079, 1.43328, -56.4031, 1.28123, 175.136
305, 5.07500, 118.049, 4.40808, 132.09, -116.798, 119.341, 117.129, 1.10083, 63.7232, 1.43562, -56.7804, 1.282, 174.807
305, 5.08333, 117.932, 4.16012, 131.812, -117.145, 118.971, 116.859, 1.10348, 63.4382, 1.43789, -57.1571, 1.28272, 174.479
306, 5.09167, 117.811, 3.91241, 131.527, -117.491, 118.596, 116.591, 1.1061, 63.1531, 1.44008, -57.5332, 1.28338, 174.153
306, 5.10000, 117.685, 3.66504, 131.235, -117.836, 118.218, 116.325, 1.10868, 62.8679, 1.4422, -57.9085, 1.28399, 173.828
306, 5.10833, 117.555, 3.418, 130.936, -118.18, 117.836, 116.062, 1.11123, 62.5825, 1.44423, -58.2832, 1.28454, 173.505
307, 5.11667, 117.421, 3.17128, 130.63, -118.523, 117.451, 115.8, 1.11373, 62.297, 1.4462, -58.6571, 1.28504, 173.183
308, 5.12500, 117.282, 2.92497, 130.318, -118.864, 117.062, 115.54, 1.1162, 62.0115, 1.44809, -59.0302, 1.2855, 172.862
308, 5.13333, 117.138, 2.67907, 129.999, -119.205, 116.67, 115.282, 1.11863, 61.7259, 1.4499, -59.4025, 1.2859, 172.544
309, 5.14167, 116.991, 2.43357, 129.674, -119.544, 116.274, 115.026, 1.12103, 61.4402, 1.45164, -59.7739, 1.28625, 172.226
309, 5.15000, 116.838, 2.18854, 129.342, -119.882, 115.876, 114.773, 1.12338, 61.1546, 1.45331, -60.1444, 1.28655, 171.911
309, 5.15833, 116.682, 1.944, 129.004, -120.218, 115.474, 114.521, 1.1257, 60.869, 1.4549, -60.514, 1.28681, 171.596
310, 5.16667, 116.521, 1.69993, 128.66, -120.554, 115.07, 114.272, 1.12798, 60.5834, 1.45641, -60.8826, 1.28701, 171.284
311, 5.17500, 116.357, 1.45641, 128.31, -120.888, 114.663, 114.025, 1.13022, 60.2979, 1.45786, -61.2502, 1.28717, 170.973
311, 5.18333, 116.187, 1.21345, 127.954, -121.22, 114.253, 113.78, 1.13242, 60.0125, 1.45923, -61.6168, 1.28728, 170.663
312, 5.19167, 116.014, 0.971027, 127.592, -121.552, 113.84, 113.537, 1.13459, 59.7272, 1.46053, -61.9823, 1.28735, 170.356
312, 5.20000, 115.837, 0.729238, 127.224, -121.881, 113.425, 113.296, 1.13671, 59.442, 1.46176, -62.3467, 1.28737, 170.05
312, 5.20833, 115.655, 0.488073, 126.851, -122.21, 113.008, 113.058, 1.1388, 59.157, 1.46291, -62.71, 1.28735, 169.745
313, 5.21667, 115.469, 0.247529, 126.472, -122.536, 112.588, 112.821, 1.14084, 58.8721, 1.464, -63.0721, 1.28729, 169.442
314, 5.22500, 115.279, 0.00768771, 126.087, -122.862, 112.166, 112.587, 1.14285, 58.5875, 1.46501, -63.433, 1.28718, 169.141
314, 5.23333, 115.085, -0.231456, 125.698, -123.185, 111.742, 112.356, 1.14482, 58.3032, 1.46596, -63.7927, 1.28703, 168.842
315, 5.24167, 114.887, -0.469906, 125.303, -123.507, 111.316, 112.126, 1.14674, 58.019, 1.46683, -64.1512, 1.28684, 168.544
315, 5.25000, 114.685, -0.707581, 124.903, -123.827, 110.888, 111.899, 1.14863, 57.7352, 1.46764, -64.5084, 1.28661, 168.248
315, 5.25833, 114.479, -0.944485, 124.498, -124.146, 110.458, 111.674, 1.15048, 57.4516, 1.46838, -64.8643, 1.28634, 167.954
316, 5.26667, 114.269, -1.18062, 124.088, -124.463, 110.027, 111.451, 1.15228, 57.1684, 1.46905, -65.2188, 1.28603, 167.661
317, 5.27500, 114.056, -1.41592, 123.673, -124.778, 109.594, 111.23, 1.15405, 56.8855, 1.46965, -65.572, 1.28568, 167.37
317, 5.28333, 113.838, -1.65037, 123.254, -125.092, 109.16, 111.012, 1.15578, 56.603, 1.47019, -65.9239, 1.2853, 167.081
318, 5.29167, 113.617, -1.88398, 122.83, -125.404, 108.724, 110.796, 1.15747, 56.3208, 1.47066, -66.2743, 1.28488, 166.794
318, 5.30000, 113.392, -2.11668, 122.402, -125.714, 108.286, 110.583, 1.15912, 56.0391, 1.47107, -66.6233, 1.28442, 166.508
318, 5.30833, 113.163, -2.34846, 121.97, -126.022, 107.848, 110.371, 1.16073, 55.7578, 1.47141, -66.9708, 1.28393, 166.224
319, 5.31667, 112.93, -2.57934, 121.533, -126.328, 107.408, 110.162, 1.16229, 55.477, 1.47169, -67.3169, 1.2834, 165.942
320, 5.32500, 112.694, -2.80923, 121.092, -126.632, 106.968, 109.955, 1.16382, 55.1967, 1.47191, -67.6615, 1.28284, 165.662
320, 5.33333, 112.455, -3.03814, 120.648, -126.935, 106.526, 109.751, 1.16531, 54.9168, 1.47207, -68.0045, 1.28225, 165.383
321, 5.34167, 112.211, -3.26608, 120.199, -127.235, 106.083, 109.549, 1.16676, 54.6375, 1.47216, -68.3461, 1.28162, 165.106
321, 5.35000, 111.965, -3.49296, 119.747, -127.534, 105.64, 109.349, 1.16817, 54.3587, 1.4722, -68.6861, 1.28096, 164.831
321, 5.35833, 111.715, -3.7188, 119.292, -127.831, 105.196, 109.152, 1.16954, 54.0805, 1.47217, -69.0245, 1.28027, 164.557
322, 5.36667, 111.461, -3.9436, 118.832, -128.125, 104.751, 108.957, 1.17087, 53.8029, 1.47209, -69.3613, 1.27956, 164.286
323, 5.37500, 111.205, -4.16727, 118.37, -128.418, 104.306, 108.764, 1.17217, 53.5259, 1.47195, -69.6965, 1.27881, 164.016
323, 5.38333, 110.944, -4.38984, 117.904, -128.709, 103.86, 108.573, 1.17342, 53.2495, 1.47175, -70.0301, 1.27803, 163.747
324, 5.39167, 110.681, -4.61131, 117.435, -128.997, 103.413, 108.385, 1.17463, 52.9737, 1.4715, -70.362, 1.27723, 163.481
324, 5.40000, 110.415, -4.83159, 116.963, -129.284, 102.967, 108.2, 1.17581, 52.6986, 1.47119, -70.6923, 1.27639, 163.216
324, 5.40833, 110.145, -5.0507, 116.488, -129.568, 102.52, 108.016, 1.17695, 52.4242, 1.47082, -71.0209, 1.27553, 162.953
325, 5.41667, 109.873, -5.26864, 116.01, -129.851, 102.072, 107.835, 1.17805, 52.1505, 1.4704, -71.3479, 1.27465, 162.692
326, 5.42500, 109.597, -5.48535, 115.53, -130.131, 101.625, 107.656, 1.17911, 51.8775, 1.46993, -71.6731, 1.27374, 162.433
326, 5.43333, 109.318, -5.70082, 115.047, -130.409, 101.177, 107.48, 1.18013, 51.6053, 1.46941, -71.9966, 1.2728, 162.175
327, 5.44167, 109.037, -5.91507, 114.561, -130.685, 100.73, 107.306, 1.18111, 51.3338, 1.46884, -72.3184, 1.27184, 161.919
327, 5.45000, 108.753, -6.12802, 114.073, -130.959, 100.282, 107.134, 1.18206, 51.063, 1.46821, -72.6384, 1.27086, 161.665
327, 5.45833, 108.466, -6.33968, 113.583, -131.231, 99.8346, 106.964, 1.18297, 50.7931, 1.46754, -72.9567, 1.26985, 161.412
328, 5.46667, 108.176, -6.55006, 113.091, -131.501, 99.3872, 106.797, 1.18384, 50.524, 1.46682, -73.2733, 1.26882, 161.161
329, 5.47500, 107.883, -6.75909, 112.596, -131.768, 98.9401, 106.632, 1.18468, 50.2557, 1.46605, -73.5881, 1.26777, 160.912
329, 5.48333, 107.588, -6.96678, 112.1, -132.033, 98.4933, 106.47, 1.18548, 49.9883, 1.46523, -73.901, 1.2667, 160.665
330, 5.49167, 107.29, -7.17313, 111.602, -132.296, 98.0467, 106.309, 1.18624, 49.7217, 1.46437, -74.2123, 1.26561, 160.419
330, 5.50000, 106.99, -7.37808, 111.102, -132.557, 97.6005, 106.151, 1.18697, 49.456, 1.46347, -74.5217, 1.26449, 160.175
330, 5.50833, 106.687, -7.58164, 110.6, -132.816, 97.1548, 105.996, 1.18766, 49.1911, 1.46251, -74.8293, 1.26336, 159.933
331, 5.51667, 106.382, -7.78381, 110.097, -133.072, 96.7095, 105.842, 1.18832, 48.9272, 1.46152, -75.1351, 1.26221, 159.692
332, 5.52500, 106.075, -7.98453, 109.592, -133.326, 96.2647, 105.691, 1.18894, 48.6642, 1.46048, -75.4391, 1.26104, 159.453
332, 5.53333, 105.765, -8.18381, 109.086, -133.578, 95.8206, 105.543, 1.18952, 48.4021, 1.45941, -75.7413, 1.25985, 159.216
333, 5.54167, 105.453, -8.38166, 108.579, -133.827, 95.377, 105.396, 1.19007, 48.141, 1.45829, -76.0416, 1.25865, 158.981
333, 5.55000, 105.139, -8.57801, 108.07, -134.074, 94.9341, 105.252, 1.19059, 47.8808, 1.45713, -76.3401, 1.25743, 158.747
333, 5.55833, 104.823, -8.77288, 107.56, -134.319, 94.4919, 105.11, 1.19107, 47.6216, 1.45593, -76.6368, 1.25619, 158.515
334, 5.56667, 104.505, -8.96627, 107.05, -134.562, 94.0504, 104.971, 1.19152, 47.3634, 1.4547, -76.9317, 1.25494, 158.284
335, 5.57500, 104.185, -9.15812, 106.538, -134.802, 93.6098, 104.833, 1.19194, 47.1061, 1.45342, -77.2246, 1.25367, 158.055
335, 5.58333, 103.863, -9.34845, 106.026, -135.04, 93.17, 104.698, 1.19232, 46.8499, 1.45212, -77.5158, 1.25238, 157.828
336, 5.59167, 103.539, -9.53726, 105.512, -135.276, 92.731, 104.565, 1.19268, 46.5947, 1.45077, -77.8051, 1.25108, 157.602
336, 5.60000, 103.213, -9.72449, 104.998, -135.51, 92.293, 104.435, 1.193, 46.3406, 1.44939, -78.0925, 1.24977, 157.378
336, 5.60833, 102.886, -9.91016, 104.484, -135.741, 91.856, 104.306, 1.19328, 46.0874, 1.44798, -78.3781, 1.24845, 157.155
337, 5.61667, 102.556, -10.0943, 103.969, -135.969, 91.4199, 104.18, 1.19354, 45.8354, 1.44653, -78.6618, 1.24711, 156.934
338, 5.62500, 102.226, -10.2768, 103.453, -136.196, 90.9848, 104.056, 1.19376, 45.5844, 1.44505, -78.9437, 1.24576, 156.715
338, 5.63333, 101.893, -10.4577, 102.938, -136.42, 90.5508, 103.935, 1.19396, 45.3344, 1.44354, -79.2237, 1.2444, 156.497
339, 5.64167, 101.559, -10.637, 102.422, -136.642, 90.1179, 103.815, 1.19412, 45.0856, 1.442, -79.5019, 1.24302, 156.281
339, 5.65000, 101.224, -10.8146, 101.905, -136.861, 89.6861, 103.698, 1.19426, 44.8378, 1.44043, -79.7782, 1.24164, 156.067
339, 5.65833, 100.887, -10.9907, 101.389, -137.078, 89.2555, 103.583, 1.19436, 44.5911, 1.43883, -80.0527, 1.24024, 155.854
340, 5.66667, 100.548, -11.1651, 100.873, -137.293, 88.826, 103.47, 1.19444, 44.3456, 1.4372, -80.3253, 1.23883, 155.642
341, 5.67500, 100.209, -11.3378, 100.356, -137.506, 88.3978, 103.36, 1.19448, 44.1011, 1.43555, -80.596, 1.23742, 155.432
341, 5.68333, 99.8681, -11.5089, 99.8399, -137.716, 87.9708, 103.251, 1.1945, 43.8578, 1.43387, -80.8649, 1.23599, 155.224
342, 5.69167, 99.526, -11.6783, 99.3237, -137.923, 87.545, 103.145, 1.19449, 43.6156, 1.43216, -81.132, 1.23456, 155.017
342, 5.70000, 99.1829, -11.8461, 98.8077, -138.129, 87.1206, 103.041, 1.19445, 43.3746, 1.43042, -81.3972, 1.23311, 154.812
342, 5.70833, 98.8386, -12.0121, 98.2921, -138.332, 86.6975, 102.939, 1.19439, 43.1347, 1.42867, -81.6606, 1.23166, 154.608
343, 5.71667, 98.4933, -12.1765, 97.7767, -138.533, 86.2756, 102.84, 1.1943, 42.8959, 1.42688, -81.9222, 1.2302, 154.405
344, 5.72500, 98.147, -12.3391, 97.2618, -138.731, 85.8552, 102.742, 1.19418, 42.6583, 1.42508, -82.1819, 1.22873, 154.204
344, 5.73333, 97.7998, -12.5, 96.7473, -138.927, 85.4362, 102.647, 1.19404, 42.4218, 1.42325, -82.4397, 1.22725, 154.005
345, 5.74167, 97.4516, -12.6593, 96.2333, -139.121, 85.0185, 102.554, 1.19387, 42.1865, 1.4214, -82.6958, 1.22577, 153.807
345, 5.75000, 97.1027, -12.8167, 95.72, -139.312, 84.6024, 102.463, 1.19367, 41.9524, 1.41953, -82.95, 1.22428, 153.61
345, 5.75833, 96.7529, -12.9725, 95.2073, -139.501, 84.1876, 102.374, 1.19345, 41.7195, 1.41764, -83.2024, 1.22278, 153.415
346, 5.76667, 96.4024, -13.1265, 94.6952, -139.687, 83.7743, 102.287, 1.19321, 41.4877, 1.41573, -83.453, 1.22128, 153.222
347, 5.77500, 96.0512, -13.2788, 94.1839, -139.872, 83.3625, 102.202, 1.19294, 41.2572, 1.4138, -83.7018, 1.21977, 153.029
347, 5.78333, 95.6994, -13.4293, 93.6734, -140.054, 82.9522, 102.12, 1.19265, 41.0278, 1.41185, -83.9488, 1.21826, 152.839
348, 5.79167, 95.347, -13.5781, 93.1637, -140.233, 82.5434, 102.039, 1.19234, 40.7996, 1.40989, -84.194, 1.21674, 152.649
348, 5.80000, 94.994, -13.7251, 92.6549, -140.41, 82.1362, 101.961, 1.192, 40.5726, 1.4079, -84.4375, 1.21521, 152.461
348, 5.80833, 94.6405, -13.8703, 92.1471, -140.585, 81.7306, 101.885, 1.19164, 40.3468, 1.4059, -84.6791, 1.21368, 152.274
349, 5.81667, 94.2866, -14.0138, 91.6402, -140.758, 81.3264, 101.811, 1.19126, 40.1222, 1.40389, -84.919, 1.21215, 152.089
350, 5.82500, 93.9322, -14.1555, 91.1344, -140.928, 80.9239, 101.739, 1.19085, 39.8988, 1.40186, -85.1571, 1.21061, 151.905
350, 5.83333, 93.5775, -14.2954, 90.6297, -141.096, 80.523, 101.669, 1.19043, 39.6766, 1.39981, -85.3934, 1.20907, 151.723
351, 5.84167, 93.2225, -14.4336, 90.1261, -141.262, 80.1236, 101.601, 1.18998, 39.4556, 1.39775, -85.628, 1.20752, 151.542
351, 5.85000, 92.8671, -14.5699, 89.6236, -141.425, 79.726, 101.535, 1.18952, 39.2358, 1.39568, -85.8608, 1.20597, 151.362
351, 5.85833, 92.5116, -14.7045, 89.1224, -141.586, 79.3299, 101.472, 1.18903, 39.0173, 1.39359, -86.0919, 1.20442, 151.183
352, 5.86667, 92.1558, -14.8373, 88.6223, -141.744, 78.9355, 101.41, 1.18852, 38.7999, 1.3915, -86.3213, 1.20287, 151.006
353, 5.87500, 91.7999, -14.9682, 88.1236, -141.901, 78.5427, 101.35, 1.188, 38.5837, 1.38939, -86.5489, 1.20131, 150.83
353, 5.88333, 91.4439, -15.0974, 87.6262, -142.055, 78.1517, 101.293, 1.18745, 38.3688, 1.38726, -86.7749, 1.19975, 150.655
354, 5.89167, 91.0878, -15.2248, 87.13, -142.206, 77.7622, 101.237, 1.18689, 38.155, 1.38513, -86.9991, 1.19818, 150.482
354, 5.90000, 90.7316, -15.3503, 86.6353, -142.356, 77.3745, 101.184, 1.18631, 37.9425, 1.38299, -87.2216, 1.19662, 150.31
354, 5.90833, 90.3755, -15.4741, 86.1421, -142.503, 76.9885, 101.132, 1.18571, 37.7312, 1.38084, -87.4425, 1.19505, 150.139
355, 5.91667, 90.0194, -15.5961, 85.6502, -142.647, 76.6042, 101.083, 1.18509, 37.5211, 1.37867, -87.6616, 1.19348, 149.97
356, 5.92500, 89.6634, -15.7162, 85.1598, -142.79, 76.2216, 101.036, 1.18446, 37.3122, 1.3765, -87.8791, 1.19192, 149.801
356, 5.93333, 89.3075, -15.8345, 84.671, -142.93, 75.8407, 100.99, 1.18381, 37.1045, 1.37432, -88.0949, 1.19034, 149.634
357, 5.94167, 88.9517, -15.951, 84.1836, -143.068, 75.4615, 100.947, 1.18314, 36.898, 1.37213, -88.3091, 1.18877, 149.469
357, 5.95000, 88.5961, -16.0657, 83.6978, -143.204, 75.0841, 100.906, 1.18246, 36.6927, 1.36994, -88.5217, 1.1872, 149.304
357, 5.95833, 88.2408, -16.1786, 83.2137, -143.337, 74.7085, 100.866, 1.18176, 36.4887, 1.36774, -88.7326, 1.18563, 149.141
358, 5.96667, 87.8857, -16.2897, 82.731, -143.468, 74.3345, 100.829, 1.18105, 36.2858, 1.36553, -88.9418, 1.18405, 148.978
359, 5.97500, 87.5309, -16.399, 82.2501, -143.597, 73.9624, 100.794, 1.18032, 36.0841, 1.36331, -89.1495, 1.18248, 148.817
359, 5.98333, 87.1764, -16.5064, 81.7709, -143.723, 73.592, 100.76, 1.17957, 35.8836, 1.36109, -89.3555, 1.1809, 148.658
360, 5.99167, 86.8222, -16.612, 81.2933, -143.848, 73.2233, 100.729, 1.17882, 35.6843, 1.35887, -89.56, 1.17933, 148.499
360, 6.00000, 86.4684, -16.7158, 80.8174, -143.97, 72.8564, 100.7, 1.17804, 35.4863, 1.35664, -89.7629, 1.17775, 148.342
360, 6.00833, 86.1151, -16.8178, 80.3433, -144.089, 72.4913, 100.672, 1.17726, 35.2894, 1.3544, -89.9642, 1.17618, 148.185
361, 6.01667, 85.7622, -16.918, 79.8709, -144.207, 72.1279, 100.647, 1.17646, 35.0936, 1.35216, -90.1639, 1.17461, 148.03
362, 6.02500, 85.4097, -17.0163, 79.4003, -144.322, 71.7664, 100.623, 1.17565, 34.8991, 1.34992, -90.3621, 1.17303, 147.876
362, 6.03333, 85.0578, -17.1129, 78.9314, -144.435, 71.4066, 100.602, 1.17482, 34.7058, 1.34767, -90.5587, 1.17146, 147.723
363, 6.04167, 84.7064, -17.2076, 78.4644, -144.546, 71.0486, 100.582, 1.17398, 34.5136, 1.34542, -90.7538, 1.16989, 147.571
363, 6.05000, 84.3555, -17.3005, 77.9992, -144.654, 70.6924, 100.565, 1.17313, 34.3227, 1.34317, -90.9473, 1.16832, 147.421
363, 6.05833, 84.0053, -17.3916, 77.5358, -144.761, 70.3381, 100.549, 1.17227, 34.1328, 1.34091, -91.1394, 1.16675, 147.271
364, 6.06667, 83.6556, -17.4809, 77.0742, -144.865, 69.9854, 100.536, 1.1714, 33.9442, 1.33866, -91.3299, 1.16518, 147.123
365, 6.07500, 83.3066, -17.5683, 76.6146, -144.966, 69.6346, 100.524, 1.17051, 33.7567, 1.3364, -91.519, 1.16362, 146.975
365, 6.08333, 82.9582, -17.6539, 76.1569, -145.066, 69.2856, 100.514, 1.16962, 33.5704, 1.33414, -91.7065, 1.16205, 146.829
366, 6.09167, 82.6105, -17.7378, 75.701, -145.163, 68.9384, 100.506, 1.16871, 33.3853, 1.33187, -91.8926, 1.16049, 146.684
366, 6.10000, 82.2635, -17.8198, 75.247, -145.259, 68.593, 100.5, 1.1678, 33.2013, 1.32961, -92.0772, 1.15893, 146.54
366, 6.10833, 81.9173, -17.9, 74.795, -145.352, 68.2494, 100.496, 1.16687, 33.0184, 1.32735, -92.2604, 1.15737, 146.397
367, 6.11667, 81.5718, -17.9784, 74.3448, -145.442, 67.9075, 100.494, 1.16594, 32.8367, 1.32509, -92.4421, 1.15581, 146.255
368, 6.12500, 81.2271, -18.055, 73.8967, -145.531, 67.5675, 100.494, 1.16499, 32.6561, 1.32282, -92.6224, 1.15425, 146.114
368, 6.13333, 80.8832, -18.1298, 73.4505, -145.617, 67.2293, 100.496, 1.16404, 32.4767, 1.32056, -92.8012, 1.1527, 145.974
369, 6.14167, 80.5401, -18.2028, 73.0062, -145.701, 66.8929, 100.499, 1.16307, 32.2984, 1.3183, -92.9787, 1.15115, 145.835
369, 6.15000, 80.1979, -18.274, 72.5639, -145.783, 66.5583, 100.505, 1.1621, 32.1212, 1.31604, -93.1547, 1.1496, 145.697
369, 6.15833, 79.8565, -18.3433, 72.1236, -145.863, 66.2255, 100.512, 1.16112, 31.9452, 1.31378, -93.3294, 1.14805, 145.56
370, 6.16667, 79.5159, -18.4109, 71.6853, -145.941, 65.8945, 100.522, 1.16013, 31.7703, 1.31152, -93.5026, 1.14651, 145.424
371, 6.17500, 79.1764, -18.4767, 71.249, -146.016, 65.5653, 100.533, 1.15914, 31.5965, 1.30926, -93.6745, 1.14497, 145.289
371, 6.18333, 78.8377, -18.5407, 70.8147, -146.089, 65.2379, 100.546, 1.15813, 31.4238, 1.307, -93.845, 1.14343, 145.155
372, 6.19167, 78.4999, -18.6029, 70.3823, -146.16, 64.9123, 100.561, 1.15712, 31.2521, 1.30475, -94.0142, 1.1419, 145.022
372, 6.20000, 78.1631, -18.6633, 69.952, -146.229, 64.5885, 100.578, 1.1561, 31.0816, 1.3025, -94.1821, 1.14036, 144.89
372, 6.20833, 77.8273, -18.7219, 69.5237, -146.296, 64.2665, 100.597, 1.15507, 30.9122, 1.30025, -94.3486, 1.13883, 144.758
373, 6.21667, 77.4924, -18.7787, 69.0974, -146.361, 63.9463, 100.617, 1.15404, 30.7439, 1.298, -94.5138, 1.13731, 144.628
374, 6.22500, 77.1586, -18.8338, 68.6732, -146.423, 63.6279, 100.64, 1.153, 30.5767, 1.29576, -94.6776, 1.13578, 144.499
374, 6.23333, 76.8258, -18.8871, 68.251, -146.483, 63.3113, 100.664, 1.15196, 30.4105, 1.29352, -94.8402, 1.13426, 144.371
375, 6.24167, 76.494, -18.9385, 67.8308, -146.541, 62.9964, 100.691, 1.1509, 30.2454, 1.29128, -95.0015, 1.13275, 144.243
375, 6.25000, 76.1633, -18.9882, 67.4127, -146.597, 62.6834, 100.719, 1.14985, 30.0814, 1.28905, -95.1615, 1.13123, 144.117
375, 6.25833, 75.8337, -19.0362, 66.9966, -146.651, 62.3722, 100.749, 1.14878, 29.9184, 1.28682, -95.3202, 1.12972, 143.991
376, 6.26667, 75.5051, -19.0823, 66.5825, -146.702, 62.0627, 100.781, 1.14771, 29.7565, 1.28459, -95.4777, 1.12822, 143.867
377, 6.27500, 75.1776, -19.1267, 66.1705, -146.752, 61.7551, 100.815, 1.14664, 29.5956, 1.28237, -95.6339, 1.12671, 143.743
377, 6.28333, 74.8512, -19.1693, 65.7606, -146.799, 61.4492, 100.851, 1.14556, 29.4358, 1.28015, -95.7889, 1.12521, 143.62
378, 6.29167, 74.526, -19.2102, 65.3526, -146.844, 61.1451, 100.888, 1.14448, 29.277, 1.27794, -95.9427, 1.12372, 143.498
378, 6.30000, 74.2018, -19.2493, 64.9468, -146.887, 60.8428, 100.927, 1.14339, 29.1193, 1.27573, -96.0952, 1.12223, 143.377
378, 6.30833, 73.8789, -19.2866, 64.543, -146.928, 60.5422, 100.969, 1.1423, 28.9626, 1.27352, -96.2465, 1.12074, 143.257
379, 6.31667, 73.557, -19.3222, 64.1412, -146.966, 60.2434, 101.012, 1.1412, 28.8069, 1.27132, -96.3967, 1.11925, 143.137
380, 6.32500, 73.2364, -19.356, 63.7415, -147.003, 59.9465, 101.057, 1.1401, 28.6522, 1.26913, -96.5456, 1.11777, 143.019
380, 6.33333, 72.9169, -19.388, 63.3438, -147.037, 59.6512, 101.104, 1.13899, 28.4985, 1.26694, -96.6934, 1.1163, 142.901
381, 6.34167, 72.5986, -19.4183, 62.9482, -147.069, 59.3578, 101.152, 1.13789, 28.3458, 1.26475, -96.84, 1.11482, 142.784
381, 6.35000, 72.2815, -19.4469, 62.5546, -147.099, 59.0661, 101.203, 1.13677, 28.1942, 1.26257, -96.9854, 1.11335, 142.668
381, 6.35833, 71.9656, -19.4737, 62.1631, -147.127, 58.7761, 101.255, 1.13566, 28.0435, 1.2604, -97.1297, 1.11189, 142.553
382, 6.36667, 71.6509, -19.4988, 61.7736, -147.153, 58.4879, 101.309, 1.13454, 27.8938, 1.25823, -97.2728, 1.11043, 142.438
383, 6.37500, 71.3375, -19.5221, 61.3862, -147.177, 58.2015, 101.365, 1.13342, 27.7451, 1.25606, -97.4148, 1.10897, 142.325
383, 6.38333, 71.0253, -19.5437, 61.0008, -147.198, 57.9169, 101.423, 1.13229, 27.5974, 1.25391, -97.5557, 1.10752, 142.212
384, 6.39167, 70.7143, -19.5635, 60.6174, -147.217, 57.6339, 101.483, 1.13117, 27.4506, 1.25175, -97.6955, 1.10607, 142.1
384, 6.40000, 70.4046, -19.5817, 60.2361, -147.235, 57.3528, 101.544, 1.13004, 27.3048, 1.24961, -97.8341, 1.10463, 141.989
384, 6.40833, 70.0962, -19.5981, 59.8568, -147.25, 57.0734, 101.607, 1.1289, 27.1599, 1.24747, -97.9717, 1.10319, 141.878
385, 6.41667, 69.789, -19.6127, 59.4795, -147.262, 56.7957, 101.673, 1.12777, 27.016, 1.24533, -98.1082, 1.10175, 141.769
386, 6.42500, 69.4831, -19.6257, 59.1043, -147.273, 56.5197, 101.74, 1.12663, 26.873, 1.24321, -98.2436, 1.10032, 141.66
386, 6.43333, 69.1785, -19.6369, 58.7311, -147.282, 56.2455, 101.808, 1.12549, 26.731, 1.24109, -98.3779, 1.0989, 141.551
387, 6.44167, 68.8752, -19.6464, 58.3599, -147.288, 55.973, 101.879, 1.12435, 26.5899, 1.23897, -98.5112, 1.09747, 141.444
387, 6.45000, 68.5732, -19.6541, 57.9908, -147.292, 55.7023, 101.952, 1.12321, 26.4498, 1.23686, -98.6435, 1.09606, 141.338
387, 6.45833, 68.2725, -19.6602, 57.6237, -147.294, 55.4333, 102.026, 1.12207, 26.3105, 1.23476, -98.7747, 1.09464, 141.232
388, 6.46667, 67.973, -19.6646, 57.2585, -147.294, 55.1659, 102.102, 1.12092, 26.1722, 1.23267, -98.9049, 1.09323, 141.126
389, 6.47500, 67.6749, -19.6672, 56.8954, -147.292, 54.9004, 102.18, 1.11977, 26.0348, 1.23058, -99.034, 1.09183, 141.022
389, 6.48333, 67.3782, -19.6681, 56.5344, -147.287, 54.6365, 102.26, 1.11863, 25.8983, 1.2285, -99.1621, 1.09043, 140.918
390, 6.49167, 67.0827, -19.6674, 56.1752, -147.281, 54.3743, 102.341, 1.11748, 25.7626, 1.22642, -99.2893, 1.08903, 140.815
390, 6.50000, 66.7886, -19.6649, 55.8181, -147.272, 54.1139, 102.424, 1.11633, 25.6279, 1.22435, -99.4154, 1.08764, 140.713
390, 6.50833, 66.4958, -19.6607, 55.463, -147.261, 53.8552, 102.51, 1.11518, 25.4941, 1.22229, -99.5406, 1.08626, 140.612
391, 6.51667, 66.2044, -19.6548, 55.1099, -147.248, 53.5981, 102.597, 1.11403, 25.3611, 1.22024, -99.6647, 1.08487, 140.511
392, 6.52500, 65.9143, -19.6473, 54.7588, -147.233, 53.3428, 102.685, 1.11287, 25.229, 1.21819, -99.7879, 1.0835, 140.411
392, 6.53333, 65.6256, -19.638, 54.4096, -147.215, 53.0891, 102.776, 1.11172, 25.0978, 1.21615, -99.9102, 1.08212, 140.311
393, 6.54167, 65.3382, -19.6271, 54.0625, -147.195, 52.8372, 102.868, 1.11057, 24.9674, 1.21412, -100.031, 1.08076, 140.213
393, 6.55000, 65.0522, -19.6145, 53.7173, -147.174, 52.5869, 102.962, 1.10942, 24.8379, 1.21209, -100.152, 1.07939, 140.114
393, 6.55833, 64.7675, -19.6001, 53.374, -147.149, 52.3384, 103.058, 1.10826, 24.7093, 1.21007, -100.271, 1.07803, 140.017
394, 6.56667, 64.4842, -19.5841, 53.0327, -147.123, 52.0914, 103.156, 1.10711, 24.5814, 1.20806, -100.39, 1.07668, 139.92
395, 6.57500, 64.2023, -19.5665, 52.6935, -147.095, 51.8462, 103.256, 1.10596, 24.4545, 1.20606, -100.507, 1.07533, 139.824
395, 6.58333, 63.9217, -19.5471, 52.3561, -147.064, 51.6027, 103.357, 1.1048, 24.3283, 1.20406, -100.624, 1.07399, 139.729
396, 6.59167, 63.6425, -19.5261, 52.0207, -147.031, 51.3608, 103.46, 1.10365, 24.203, 1.20207, -100.74, 1.07265, 139.634
396, 6.60000, 63.3648, -19.5034, 51.6872, -146.996, 51.1206, 103.565, 1.1025, 24.0785, 1.20009, -100.855, 1.07131, 139.54
396, 6.60833, 63.0884, -19.479, 51.3557, -146.958, 50.8821, 103.672, 1.10135, 23.9548, 1.19812, -100.969, 1.06998, 139.447
397, 6.61667, 62.8133, -19.453, 51.0261, -146.919, 50.6452, 103.781, 1.10019, 23.8319, 1.19615, -101.082, 1.06866, 139.354
398, 6.62500, 62.5397, -19.4253, 50.6985, -146.877, 50.4101, 103.891, 1.09904, 23.7099, 1.19419, -101.194, 1.06733, 139.261
398, 6.63333, 62.2674, -19.3959, 50.3727, -146.833, 50.1765, 104.003, 1.09789, 23.5886, 1.19224, -101.305, 1.06602, 139.17
399, 6.64167, 61.9965, -19.3649, 50.0489, -146.787, 49.9446, 104.117, 1.09674, 23.4681, 1.1903, -101.416, 1.06471, 139.079
399, 6.65000, 61.7271, -19.3322, 49.727, -146.738, 49.7144, 104.232, 1.0956, 23.3484, 1.18836, -101.525, 1.0634, 138.989
399, 6.65833, 61.459, -19.2979, 49.407, -146.687, 49.4858, 104.35, 1.09445, 23.2295, 1.18643, -101.634, 1.0621, 138.899
400, 6.66667, 61.1923, -19.2619, 49.0889, -146.634, 49.2588, 104.469, 1.0933, 23.1113, 1.18451, -101.742, 1.0608, 138.81
401, 6.67500, 60.927, -19.2242, 48.7727, -146.579, 49.0335, 104.59, 1.09215, 22.994, 1.1826, -101.849, 1.05951, 138.721
401, 6.68333, 60.6632, -19.1849, 48.4585, -146.521, 48.8098, 104.713, 1.09101, 22.8774, 1.1807, -101.956, 1.05822, 138.633
402, 6.69167, 60.4006, -19.144, 48.146, -146.461, 48.5878, 104.837, 1.08987, 22.7615, 1.1788, -102.061, 1.05694, 138.546
402, 6.70000, 60.1396, -19.1014, 47.8355, -146.399, 48.3674, 104.963, 1.08872, 22.6464, 1.17691, -102.166, 1.05566, 138.459
402, 6.70833, 59.8799, -19.0572, 47.5269, -146.334, 48.1486, 105.091, 1.08758, 22.5321, 1.17503, -102.27, 1.05439, 138.373
403, 6.71667, 59.6216, -19.0114, 47.2201, -146.267, 47.9314, 105.221, 1.08644, 22.4184, 1.17315, -102.373, 1.05312, 138.288
404, 6.72500, 59.3647, -18.9639, 46.9152, -146.198, 47.7159, 105.353, 1.08531, 22.3056, 1.17128, -102.475, 1.05186, 138.203
404, 6.73333, 59.1093, -18.9148, 46.6122, -146.126, 47.502, 105.486, 1.08417, 22.1934, 1.16942, -102.577, 1.0506, 138.118
405, 6.74167, 58.8552, -18.864, 46.3111, -146.052, 47.2897, 105.621, 1.08304, 22.082, 1.16757, -102.678, 1.04934, 138.034
405, 6.75000, 58.6026, -18.8116, 46.0118, -145.976, 47.079, 105.758, 1.0819, 21.9713, 1.16573, -102.778, 1.04809, 137.951
405, 6.75833, 58.3513, -18.7576, 45.7143, -145.898, 46.8699, 105.896, 1.08077, 21.8613, 1.16389, -102.877, 1.04685, 137.868
406, 6.76667, 58.1015, -18.702, 45.4187, -145.817, 46.6624, 106.037, 1.07964, 21.7521, 1.16206, -102.975, 1.04561, 137.786
407, 6.77500, 57.8531, -18.6447, 45.1249, -145.733, 46.4566, 106.179, 1.07851, 21.6435, 1.16024, -103.073, 1.04437, 137.704
407, 6.78333, 57.6061, -18.5858, 44.833, -145.647, 46.2523, 106.322, 1.07739, 21.5356, 1.15843, -103.17, 1.04314, 137.623
408, 6.79167, 57.3604, -18.5253, 44.5429, -145.559, 46.0496, 106.468, 1.07626, 21.4284, 1.15663, -103.267, 1.04192, 137.542
408, 6.80000, 57.1162, -18.4632, 44.2546, -145.469, 45.8486, 106.615, 1.07514, 21.322, 1.15483, -103.362, 1.0407, 137.462
408, 6.80833, 56.8734, -18.3995, 43.9682, -145.376, 45.6491, 106.764, 1.07402, 21.2162, 1.15304, -103.457, 1.03948, 137.383
409, 6.81667, 56.632, -18.3342, 43.6836, -145.28, 45.4512, 106.915, 1.0729, 21.111, 1.15126, -103.551, 1.03827, 137.304
410, 6.82500, 56.3921, -18.2672, 43.4008, -145.182, 45.2549, 107.067, 1.07179, 21.0066, 1.14948, -103.645, 1.03706, 137.225
410, 6.83333, 56.1535, -18.1987, 43.1198, -145.082, 45.0602, 107.221, 1.07067, 20.9028, 1.14772, -103.737, 1.03586, 137.147
411, 6.84167, 55.9163, -18.1286, 42.8406, -144.979, 44.867, 107.377, 1.06956, 20.7997, 1.14596, -103.829, 1.03466, 137.07
411, 6.85000, 55.6806, -18.0568, 42.5632, -144.874, 44.6754, 107.534, 1.06845, 20.6973, 1.14421, -103.921, 1.03347, 136.993
411, 6.85833, 55.4463, -17.9835, 42.2877, -144.766, 44.4854, 107.693, 1.06735, 20.5955, 1.14246, -104.012, 1.03228, 136.916
412, 6.86667, 55.2133, -17.9085, 42.0139, -144.656, 44.297, 107.854, 1.06624, 20.4943, 1.14073, -104.102, 1.0311, 136.84
413, 6.87500, 54.9818, -17.832, 41.7419, -144.544, 44.1102, 108.017, 1.06514, 20.3938, 1.139, -104.191, 1.02992, 136.765
413, 6.88333, 54.7517, -17.7539, 41.4717, -144.428, 43.9249, 108.181, 1.06404, 20.2939, 1.13728, -104.28, 1.02875, 136.69
414, 6.89167, 54.5229, -17.6742, 41.2032, -144.311, 43.7411, 108.347, 1.06294, 20.1947, 1.13557, -104.368, 1.02758, 136.616
414, 6.90000, 54.2956, -17.5929, 40.9366, -144.19, 43.559, 108.514, 1.06185, 20.0961, 1.13386, -104.455, 1.02641, 136.542
414, 6.90833, 54.0697, -17.51, 40.6718, -144.067, 43.3784, 108.684, 1.06076, 19.9981, 1.13217, -104.542, 1.02525, 136.468
415, 6.91667, 53.8452, -17.4255, 40.4087, -143.942, 43.1993, 108.855, 1.05967, 19.9007, 1.13048, -104.628, 1.0241, 136.395
416, 6.92500, 53.6221, -17.3395, 40.1474, -143.814, 43.0218, 109.027, 1.05858, 19.804, 1.12879, -104.714, 1.02295, 136.322
416, 6.93333, 53.4004, -17.2519, 39.8878, -143.683, 42.8459, 109.201, 1.05749, 19.7079, 1.12712, -104.798, 1.0218, 136.25
417, 6.94167, 53.1801, -17.1627, 39.63, -143.55, 42.6715, 109.377, 1.05641, 19.6123, 1.12545, -104.883, 1.02066, 136.179
417, 6.95000, 52.9612, -17.072, 39.374, -143.414, 42.4986, 109.555, 1.05533, 19.5174, 1.12379, -104.966, 1.01952, 136.107
417, 6.95833, 52.7437, -16.9797, 39.1198, -143.276, 42.3273, 109.734, 1.05426, 19.4231, 1.12214, -105.049, 1.01839, 136.037
418, 6.96667, 52.5276, -16.8858, 38.8672, -143.135, 42.1575, 109.915, 1.05318, 19.3293, 1.1205, -105.132, 1.01726, 135.966
418, 6.97500, 52.3129, -16.7904, 38.6165, -142.991, 41.9893, 110.097, 1.05211, 19.2362, 1.11886, -105.214, 1.01614, 135.896
419, 6.98333, 52.0996, -16.6934, 38.3675, -142.845, 41.8226, 110.281, 1.05104, 19.1436, 1.11723, -105.295, 1.01502, 135.827
420, 6.99167, 51.8876, -16.5948, 38.1202, -142.695, 41.6574, 110.467, 1.04998, 19.0516, 1.11561, -105.375, 1.01391, 135.758
420, 7.00000, 51.6771, -16.4947, 37.8747, -142.544, 41.4938, 110.654, 1.04891, 18.9602, 1.11399, -105.455, 1.0128, 135.69
420, 7.00833, 51.468, -16.3931, 37.631, -142.389, 41.3317, 110.843, 1.04785, 18.8694, 1.11238, -105.535, 1.01169, 135.622
421, 7.01667, 51.2603, -16.2899, 37.389, -142.232, 41.171, 111.033, 1.0468, 18.7791, 1.11078, -105.614, 1.01059, 135.554
422, 7.02500, 51.0539, -16.1851, 37.1487, -142.072, 41.012, 111.225, 1.04574, 18.6894, 1.10919, -105.692, 1.00949, 135.487
422, 7.03333, 50.849, -16.0789, 36.9102, -141.909, 40.8544, 111.419, 1.04469, 18.6003, 1.10761, -105.77, 1.0084, 135.42
423, 7.04167, 50.6454, -15.9711, 36.6733, -141.744, 40.6984, 111.614, 1.04364, 18.5117, 1.10603, -105.847, 1.00732, 135.354
423, 7.05000, 50.4432, -15.8617, 36.4383, -141.575, 40.5438, 111.81, 1.0426, 18.4236, 1.10446, -105.924, 1.00623, 135.288
423, 7.05833, 50.2424, -15.7509, 36.2049, -141.404, 40.3908, 112.008, 1.04156, 18.3361, 1.10289, -106, 1.00515, 135.222
424, 7.06667, 50.043, -15.6384, 35.9733, -141.23, 40.2393, 112.208, 1.04052, 18.2491, 1.10134, -106.076, 1.00408, 135.157
425, 7.07500, 49.8449, -15.5245, 35.7434, -141.053, 40.0893, 112.409, 1.03948, 18.1627, 1.09979, -106.151, 1.00301, 135.092
425, 7.08333, 49.6483, -15.4091, 35.5153, -140.874, 39.9408, 112.612, 1.03845, 18.0768, 1.09825, -106.225, 1.00195, 135.028
426, 7.09167, 49.453, -15.2921, 35.2889, -140.691, 39.7938, 112.816, 1.03742, 17.9915, 1.09671, -106.299, 1.00089, 134.964
426, 7.10000, 49.2591, -15.1737, 35.0642, -140.506, 39.6483, 113.022, 1.03639, 17.9066, 1.09518, -106.372, 0.999829, 134.9
426, 7.10833, 49.0666, -15.0537, 34.8412, -140.318, 39.5043, 113.229, 1.03536, 17.8223, 1.09366, -106.445, 0.998777, 134.837
427, 7.11667, 48.8755, -14.9322, 34.6199, -140.127, 39.3618, 113.438, 1.03434, 17.7385, 1.09215, -106.518, 0.997729, 134.775
428, 7.12500, 48.6857, -14.8093, 34.4004, -139.933, 39.2207, 113.648, 1.03332, 17.6552, 1.09064, -106.59, 0.996686, 134.712
428, 7.13333, 48.4973, -14.6848, 34.1826, -139.736, 39.0812, 113.86, 1.03231, 17.5724, 1.08914, -106.661, 0.995647, 134.65
429, 7.14167, 48.3103, -14.5588, 33.9666, -139.536, 38.9431, 114.073, 1.0313, 17.4901, 1.08765, -106.732, 0.994612, 134.589
429, 7.15000, 48.1247, -14.4314, 33.7522, -139.333, 38.8066, 114.287, 1.03029, 17.4084, 1.08616, -106.802, 0.993581, 134.527
429, 7.15833, 47.9404, -14.3024, 33.5396, -139.127, 38.6715, 114.503, 1.02928, 17.3271, 1.08469, -106.872, 0.992555, 134.467
430, 7.16667, 47.7575, -14.172, 33.3287, -138.919, 38.5378, 114.721, 1.02828, 17.2463, 1.08321, -106.942, 0.991533, 134.406
431, 7.17500, 47.5759, -14.0401, 33.1195, -138.707, 38.4057, 114.939, 1.02728, 17.166, 1.08175, -107.011, 0.990515, 134.346
431, 7.18333, 47.3958, -13.9068, 32.912, -138.492, 38.275, 115.16, 1.02628, 17.0862, 1.08029, -107.079, 0.989501, 134.286
432, 7.19167, 47.2169, -13.772, 32.7063, -138.274, 38.1458, 115.381, 1.02529, 17.0069, 1.07884, -107.147, 0.988492, 134.227
432, 7.20000, 47.0395, -13.6357, 32.5023, -138.053, 38.0181, 115.604, 1.0243, 16.928, 1.0774, -107.215, 0.987487, 134.168
432, 7.20833, 46.8634, -13.4979, 32.3, -137.829, 37.8918, 115.828, 1.02332, 16.8497, 1.07596, -107.282, 0.986486, 134.11
433, 7.21667, 46.6886, -13.3587, 32.0994, -137.602, 37.767, 116.054, 1.02233, 16.7718, 1.07453, -107.348, 0.985489, 134.051
434, 7.22500, 46.5153, -13.2181, 31.9006, -137.372, 37.6436, 116.281, 1.02135, 16.6943, 1.0731, -107.414, 0.984496, 133.993
434, 7.23333, 46.3432, -13.076, 31.7034, -137.139, 37.5217, 116.509, 1.02037, 16.6174, 1.07169, -107.48, 0.983507, 133.936
435, 7.24167, 46.1726, -12.9325, 31.508, -136.903, 37.4013, 116.738, 1.0194, 16.5408, 1.07027, -107.545, 0.982523, 133.879
435, 7.25000, 46.0032, -12.7876, 31.3144, -136.663, 37.2822, 116.969, 1.01843, 16.4648, 1.06887, -107.61, 0.981542, 133.822
435, 7.25833, 45.8353, -12.6412, 31.1225, -136.421, 37.1647, 117.201, 1.01746, 16.3892, 1.06747, -107.674, 0.980566, 133.765
436, 7.26667, 45.6687, -12.4934, 30.9322, -136.175, 37.0486, 117.434, 1.0165, 16.3141, 1.06608, -107.738, 0.979594, 133.709
437, 7.27500, 45.5034, -12.3442, 30.7438, -135.927, 36.9339, 117.669, 1.01554, 16.2394, 1.0647, -107.801, 0.978625, 133.653
437, 7.28333, 45.3395, -12.1936, 30.557, -135.675, 36.8206, 117.904, 1.01458, 16.1651, 1.06332, -107.864, 0.977661, 133.598
438, 7.29167, 45.1769, -12.0415, 30.372, -135.42, 36.7088, 118.141, 1.01362, 16.0913, 1.06195, -107.927, 0.976701, 133.543
438, 7.30000, 45.0156, -11.8881, 30.1888, -135.161, 36.5985, 118.38, 1.01267, 16.0179, 1.06058, -107.989, 0.975745, 133.488
438, 7.30833, 44.8557, -11.7333, 30.0073, -134.9, 36.4895, 118.619, 1.01172, 15.945, 1.05922, -108.051, 0.974792, 133.433
439, 7.31667, 44.6972, -11.5771, 29.8274, -134.635, 36.382, 118.859, 1.01078, 15.8725, 1.05787, -108.112, 0.973844, 133.379
439, 7.32500, 44.5399, -11.4195, 29.6494, -134.367, 36.2759, 119.101, 1.00984, 15.8004, 1.05653, -108.173, 0.9729, 133.325
440, 7.33333, 44.3841, -11.2606, 29.4731, -134.096, 36.1712, 119.344, 1.0089, 15.7287, 1.05519, -108.233, 0.971959, 133.272
441, 7.34167, 44.2295, -11.1003, 29.2986, -133.822, 36.0679, 119.588, 1.00796, 15.6575, 1.05385, -108.293, 0.971023, 133.219
441, 7.35000, 44.0763, -10.9386, 29.1258, -133.544, 35.9661, 119.832, 1.00703, 15.5866, 1.05253, -108.353, 0.97009, 133.166
441, 7.35833, 43.9244, -10.7756, 28.9547, -133.264, 35.8656, 120.078, 1.0061, 15.5162, 1.05121, -108.412, 0.969162, 133.113
442, 7.36667, 43.7738, -10.6112, 28.7854, -132.98, 35.7666, 120.326, 1.00518, 15.4462, 1.04989, -108.471, 0.968237, 133.061
443, 7.37500, 43.6246, -10.4455, 28.6179, -132.692, 35.6689, 120.574, 1.00426, 15.3767, 1.04858, -108.53, 0.967316, 133.009
443, 7.38333, 43.4767, -10.2785, 28.4521, -132.402, 35.5727, 120.823, 1.00334, 15.3075, 1.04728, -108.588, 0.966399, 132.957
444, 7.39167, 43.3301, -10.1101, 28.2881, -132.108, 35.4778, 121.073, 1.00242, 15.2387, 1.04598, -108.645, 0.965485, 132.906
444, 7.40000, 43.1848, -9.94043, 28.1258, -131.811, 35.3844, 121.324, 1.00151, 15.1703, 1.04469, -108.703, 0.964576, 132.855
444, 7.40833, 43.0409, -9.76945, 27.9653, -131.511, 35.2923, 121.576, 1.0006, 15.1023, 1.04341, -108.76, 0.96367, 132.804
445, 7.41667, 42.8983, -9.59715, 27.8066, -131.208, 35.2016, 121.829, 0.999693, 15.0347, 1.04213, -108.816, 0.962768, 132.754
446, 7.42500, 42.757, -9.42358, 27.6497, -130.901, 35.1123, 122.083, 0.99879, 14.9675, 1.04086, -108.872, 0.96187, 132.704
446, 7.43333, 42.617, -9.24872, 27.4945, -130.591, 35.0244, 122.338, 0.99789, 14.9007, 1.03959, -108.928, 0.960975, 132.654
447, 7.44167, 42.4783, -9.07256, 27.3411, -130.278, 34.9378, 122.594, 0.996994, 14.8343, 1.03833, -108.984, 0.960085, 132.604
447, 7.45000, 42.3409, -8.89516, 27.1895, -129.961, 34.8526, 122.851, 0.9961, 14.7682, 1.03708, -109.039, 0.959198, 132.555
447, 7.45833, 42.2049, -8.71649, 27.0397, -129.642, 34.7688, 123.108, 0.995211, 14.7026, 1.03583, -109.093, 0.958314, 132.506
448, 7.46667, 42.0701, -8.53656, 26.8916, -129.319, 34.6863, 123.367, 0.994324, 14.6373, 1.03459, -109.148, 0.957435, 132.457
449, 7.47500, 41.9367, -8.3554, 26.7454, -128.992, 34.6052, 123.626, 0.99344, 14.5723, 1.03335, -109.202, 0.956559, 132.409
449, 7.48333, 41.8045, -8.17301, 26.601, -128.663, 34.5255, 123.886, 0.99256, 14.5078, 1.03212, -109.255, 0.955686, 132.361
450, 7.49167, 41.6737, -7.98937, 26.4583, -128.33, 34.4471, 124.147, 0.991683, 14.4436, 1.0309, -109.309, 0.954818, 132.313
450, 7.50000, 41.5441, -7.80454, 26.3175, -127.995, 34.37, 124.408, 0.990809, 14.3798, 1.02968, -109.361, 0.953953, 132.265
450, 7.50833, 41.4159, -7.6185, 26.1784, -127.655, 34.2943, 124.671, 0.989938, 14.3163, 1.02847, -109.414, 0.953091, 132.218
451, 7.51667, 41.2889, -7.43124, 26.0412, -127.313, 34.22, 124.934, 0.98907, 14.2532, 1.02726, -109.466, 0.952233, 132.171
452, 7.52500, 41.1633, -7.24282, 25.9058, -126.968, 34.1469, 125.197, 0.988206, 14.1905, 1.02606, -109.518, 0.951379, 132.124
452, 7.53333, 41.0389, -7.05322, 25.7722, -126.619, 34.0752, 125.462, 0.987345, 14.1281, 1.02486, -109.57, 0.950528, 132.078
453, 7.54167, 40.9159, -6.86243, 25.6404, -126.267, 34.0048, 125.727, 0.986487, 14.0661, 1.02367, -109.621, 0.949681, 132.031
453, 7.55000, 40.7941, -6.67051, 25.5105, -125.913, 33.9358, 125.992, 0.985632, 14.0044, 1.02248, -109.672, 0.948837, 131.985
453, 7.55833, 40.6736, -6.47744, 25.3823, -125.555, 33.868, 126.259, 0.98478, 13.943, 1.0213, -109.722, 0.947997, 131.94
454, 7.56667, 40.5544, -6.28321, 25.256, -125.194, 33.8016, 126.526, 0.983931, 13.882, 1.02013, -109.773, 0.94716, 131.894
455, 7.57500, 40.4364, -6.08787, 25.1315, -124.829, 33.7364, 126.793, 0.983086, 13.8214, 1.01896, -109.823, 0.946327, 131.849
455, 7.58333, 40.3198, -5.89143, 25.0089, -124.462, 33.6726, 127.061, 0.982244, 13.7611, 1.0178, -109.872, 0.945497, 131.804
456, 7.59167, 40.2044, -5.69385, 24.8881, -124.092, 33.6101, 127.33, 0.981405, 13.7011, 1.01664, -109.922, 0.944671, 131.759
456, 7.60000, 40.0903, -5.49521, 24.7691, -123.719, 33.5488, 127.599, 0.980569, 13.6415, 1.01549, -109.971, 0.943848, 131.715
456, 7.60833, 39.9775, -5.29548, 24.652, -123.342, 33.4889, 127.868, 0.979736, 13.5821, 1.01434, -110.019, 0.943029, 131.671
457, 7.61667, 39.8659, -5.09466, 24.5367, -122.963, 33.4302, 128.138, 0.978906, 13.5232, 1.0132, -110.068, 0.942212, 131.627
458, 7.62500, 39.7556, -4.8928, 24.4233, -122.581, 33.3728, 128.408, 0.97808, 13.4645, 1.01206, -110.116, 0.9414, 131.583
458, 7.63333, 39.6466, -4.6899, 24.3118, -122.196, 33.3167, 128.679, 0.977256, 13.4062, 1.01093, -110.163, 0.940591, 131.54
459, 7.64167, 39.5389, -4.48594, 24.202, -121.808, 33.2618, 128.951, 0.976436, 13.3481, 1.00981, -110.211, 0.939784, 131.497
459, 7.65000, 39.4324, -4.28098, 24.0942, -121.417, 33.2082, 129.222, 0.975618, 13.2905, 1.00869, -110.258, 0.938982, 131.454
459, 7.65833, 39.3271, -4.075, 23.9882, -121.024, 33.1559, 129.494, 0.974804, 13.2331, 1.00757, -110.305, 0.938183, 131.411
460, 7.66667, 39.2231, -3.868, 23.8841, -120.627, 33.1048, 129.766, 0.973993, 13.176, 1.00646, -110.351, 0.937386, 131.368
461, 7.67500, 39.1204, -3.66004, 23.7818, -120.228, 33.0549, 130.039, 0.973185, 13.1193, 1.00536, -110.398, 0.936594, 131.326
461, 7.68333, 39.019, -3.45111, 23.6814, -119.827, 33.0063, 130.312, 0.97238, 13.0628, 1.00426, -110.444, 0.935804, 131.284
462, 7.69167, 38.9187, -3.24119, 23.5828, -119.422, 32.959, 130.585, 0.971578, 13.0067, 1.00316, -110.489, 0.935018, 131.242
462, 7.70000, 38.8198, -3.03034, 23.4862, -119.015, 32.9128, 130.858, 0.970779, 12.9509, 1.00207, -110.535, 0.934235, 131.201
462, 7.70833, 38.722, -2.81856, 23.3914, -118.606, 32.8679, 131.132, 0.969983, 12.8953, 1.00099, -110.58, 0.933455, 131.16
463, 7.71667, 38.6255, -2.60584, 23.2985, -118.194, 32.8242, 131.406, 0.96919, 12.8401, 0.999906, -110.625, 0.932679, 131.119
464, 7.72500, 38.5303, -2.39222, 23.2074, -117.779, 32.7818, 131.68, 0.9684, 12.7852, 0.998832, -110.669, 0.931906, 131.078
464, 7.73333, 38.4363, -2.17772, 23.1182, -117.362, 32.7405, 131.954, 0.967614, 12.7306, 0.997762, -110.713, 0.931136, 131.037
465, 7.74167, 38.3435, -1.9623, 23.0309, -116.943, 32.7004, 132.228, 0.96683, 12.6762, 0.996697, -110.757, 0.930369, 130.997
465, 7.75000, 38.252, -1.74604, 22.9455, -116.521, 32.6616, 132.503, 0.966049, 12.6222, 0.995637, -110.801, 0.929605, 130.956
465, 7.75833, 38.1617, -1.52893, 22.862, -116.097, 32.6239, 132.777, 0.965271, 12.5685, 0.994582, -110.845, 0.928844, 130.917
466, 7.76667, 38.0726, -1.31095, 22.7803, -115.671, 32.5874, 133.052, 0.964496, 12.515, 0.993532, -110.888, 0.928087, 130.877
467, 7.77500, 37.9847, -1.09217, 22.7005, -115.243, 32.5521, 133.326, 0.963725, 12.4618, 0.992487, -110.931, 0.927332, 130.837
467, 7.78333, 37.8981, -0.872571, 22.6226, -114.813, 32.518, 133.601, 0.962956, 12.4089, 0.991446, -110.973, 0.926581, 130.798
468, 7.79167, 37.8126, -0.652152, 22.5465, -114.38, 32.485, 133.876, 0.96219, 12.3563, 0.99041, -111.016, 0.925833, 130.759
468, 7.80000, 37.7284, -0.430976, 22.4724, -113.946, 32.4532, 134.15, 0.961427, 12.304, 0.98938, -111.058, 0.925088, 130.72
468, 7.80833, 37.6454, -0.20903, 22.4001, -113.51, 32.4225, 134.425, 0.960667, 12.252, 0.988353, -111.1, 0.924346, 130.681
469, 7.81667, 37.5636, 0.0136977, 22.3297, -113.071, 32.393, 134.699, 0.95991, 12.2002, 0.987332, -111.141, 0.923607, 130.643
470, 7.82500, 37.4831, 0.237138, 22.2611, -112.631, 32.3646, 134.974, 0.959156, 12.1487, 0.986315, -111.183, 0.922871, 130.605
470, 7.83333, 37.4037, 0.461304, 22.1945, -112.19, 32.3374, 135.248, 0.958404, 12.0975, 0.985303, -111.224, 0.922138, 130.567
471, 7.84167, 37.3255, 0.686206, 22.1296, -111.746, 32.3113, 135.522, 0.957656, 12.0465, 0.984295, -111.265, 0.921408, 130.529
471, 7.85000, 37.2485, 0.911777, 22.0667, -111.302, 32.2863, 135.796, 0.956911, 11.9958, 0.983292, -111.305, 0.920681, 130.491
471, 7.85833, 37.1727, 1.13803, 22.0056, -110.855, 32.2625, 136.07, 0.956168, 11.9454, 0.982294, -111.346, 0.919957, 130.454
472, 7.86667, 37.0981, 1.36497, 21.9464, -110.407, 32.2397, 136.344, 0.955428, 11.8952, 0.9813, -111.386, 0.919236, 130.417
472, 7.87500, 37.0247, 1.59253, 21.889, -109.958, 32.2181, 136.617, 0.954692, 11.8453, 0.98031, -111.426, 0.918518, 130.379
473, 7.88333, 36.9525, 1.82073, 21.8335, -109.507, 32.1975, 136.891, 0.953958, 11.7957, 0.979326, -111.465, 0.917802, 130.343
474, 7.89167, 36.8814, 2.04957, 21.7799, -109.055, 32.1781, 137.164, 0.953227, 11.7463, 0.978345, -111.505, 0.91709, 130.306
474, 7.90000, 36.8116, 2.27899, 21.7281, -108.603, 32.1597, 137.437, 0.952498, 11.6972, 0.977369, -111.544, 0.916381, 130.27
474, 7.90833, 36.7429, 2.50899, 21.6781, -108.148, 32.1424, 137.709, 0.951773, 11.6484, 0.976398, -111.583, 0.915674, 130.233
475, 7.91667, 36.6753, 2.7396, 21.63, -107.693, 32.1262, 137.981, 0.95105, 11.5997, 0.975431, -111.622, 0.914971, 130.197
476, 7.92500, 36.609, 2.97072, 21.5837, -107.237, 32.111, 138.253, 0.95033, 11.5514, 0.974468, -111.66, 0.91427, 130.161
476, 7.93333, 36.5438, 3.20239, 21.5392, -106.78, 32.0969, 138.525, 0.949614, 11.5033, 0.97351, -111.698, 0.913572, 130.126
477, 7.94167, 36.4797, 3.43461, 21.4965, -106.323, 32.0838, 138.796, 0.948899, 11.4554, 0.972556, -111.737, 0.912877, 130.09
477, 7.95000, 36.4169, 3.66731, 21.4557, -105.864, 32.0718, 139.067, 0.948188, 11.4078, 0.971606, -111.774, 0.912185, 130.055
477, 7.95833, 36.3552, 3.9005, 21.4167, -105.405, 32.0608, 139.337, 0.947479, 11.3605, 0.970661, -111.812, 0.911495, 130.02
478, 7.96667, 36.2946, 4.13419, 21.3794, -104.946, 32.0509, 139.607, 0.946773, 11.3133, 0.96972, -111.849, 0.910809, 129.985
479, 7.97500, 36.2351, 4.36831, 21.344, -104.486, 32.042, 139.877, 0.94607, 11.2664, 0.968783, -111.886, 0.910125, 129.95
479, 7.98333, 36.1769, 4.60287, 21.3103, -104.025, 32.0341, 140.146, 0.94537, 11.2198, 0.96785, -111.923, 0.909444, 129.916
480, 7.99167, 36.1197, 4.83789, 21.2785, -103.565, 32.0272, 140.415, 0.944672, 11.1734, 0.966922, -111.96, 0.908766, 129.881
480, 8.00000, 36.0637, 5.07329, 21.2484, -103.104, 32.0213, 140.683, 0.943978, 11.1272, 0.965997, -111.997, 0.90809, 129.847
480, 8.00833, 36.0088, 5.30908, 21.2201, -102.643, 32.0164, 140.951, 0.943285, 11.0813, 0.965077, -112.033, 0.907417, 129.813
481, 8.01667, 35.955, 5.54527, 21.1935, -102.181, 32.0125, 141.218, 0.942596, 11.0356, 0.964161, -112.069, 0.906747, 129.779
482, 8.02500, 35.9024, 5.7818, 21.1687, -101.72, 32.0095, 141.484, 0.941909, 10.9901, 0.963249, -112.105, 0.90608, 129.746
482, 8.03333, 35.8509, 6.01866, 21.1456, -101.259, 32.0076, 141.751, 0.941225, 10.9449, 0.962342, -112.14, 0.905415, 129.712
483, 8.04167, 35.8005, 6.25589, 21.1242, -100.798, 32.0066, 142.016, 0.940544, 10.8999, 0.961438, -112.176, 0.904753, 129.679
483, 8.05000, 35.7512, 6.4934, 21.1046, -100.337, 32.0066, 142.281, 0.939865, 10.8551, 0.960538, -112.211, 0.904094, 129.646
483, 8.05833, 35.703, 6.7312, 21.0867, -99.8768, 32.0075, 142.545, 0.939189, 10.8105, 0.959642, -112.246, 0.903437, 129.613
484, 8.06667, 35.6559, 6.9693, 21.0705, -99.4167, 32.0094, 142.809, 0.938516, 10.7662, 0.958751, -112.281, 0.902783, 129.58
485, 8.07500, 35.6099, 7.20764, 21.0559, -98.9572, 32.0122, 143.072, 0.937845, 10.7221, 0.957863, -112.316, 0.902131, 129.547
485, 8.08333, 35.565, 7.44622, 21.0431, -98.4981, 32.0159, 143.335, 0.937177, 10.6782, 0.956979, -112.35, 0.901483, 129.515
486, 8.09167, 35.5212, 7.68506, 21.0319, -98.0397, 32.0206, 143.597, 0.936511, 10.6345, 0.956099, -112.384, 0.900836, 129.483
486, 8.10000, 35.4785, 7.92408, 21.0224, -97.582, 32.0261, 143.858, 0.935849, 10.591, 0.955223, -112.418, 0.900193, 129.451
486, 8.10833, 35.4369, 8.1633, 21.0145, -97.125, 32.0326, 144.118, 0.935188, 10.5478, 0.954351, -112.452, 0.899552, 129.419
487, 8.11667, 35.3963, 8.40272, 21.0083, -96.6688, 32.04, 144.378, 0.934531, 10.5048, 0.953483, -112.486, 0.898913, 129.387
488, 8.12500, 35.3568, 8.64228, 21.0036, -96.2136, 32.0483, 144.637, 0.933876, 10.462, 0.952619, -112.519, 0.898277, 129.355
488, 8.13333, 35.3184, 8.88198, 21.0006, -95.7594, 32.0575, 144.896, 0.933223, 10.4194, 0.951758, -112.552, 0.897644, 129.324
489, 8.14167, 35.281, 9.12184, 20.9992, -95.3061, 32.0676, 145.153, 0.932573, 10.377, 0.950901, -112.585, 0.897013, 129.292
489, 8.15000, 35.2447, 9.36179, 20.9994, -94.854, 32.0785, 145.41, 0.931926, 10.3348, 0.950049, -112.618, 0.896385, 129.261
489, 8.15833, 35.2095, 9.60183, 21.0011, -94.4031, 32.0903, 145.666, 0.931281, 10.2928, 0.949199, -112.651, 0.895759, 129.23
490, 8.16667, 35.1753, 9.84198, 21.0044, -93.9534, 32.103, 145.922, 0.930639, 10.251, 0.948354, -112.684, 0.895136, 129.199
491, 8.17500, 35.1421, 10.0822, 21.0092, -93.5051, 32.1165, 146.176, 0.929999, 10.2095, 0.947512, -112.716, 0.894515, 129.169
491, 8.18333, 35.11, 10.3224, 21.0156, -93.0581, 32.1308, 146.43, 0.929362, 10.1681, 0.946674, -112.748, 0.893896, 129.138
492, 8.19167, 35.0789, 10.5627, 21.0235, -92.6125, 32.146, 146.683, 0.928727, 10.1269, 0.94584, -112.78, 0.89328, 129.108
492, 8.20000, 35.0489, 10.803, 21.0329, -92.1685, 32.1621, 146.935, 0.928095, 10.086, 0.945009, -112.812, 0.892667, 129.078
492, 8.20833, 35.0199, 11.0433, 21.0438, -91.7261, 32.1789, 147.187, 0.927465, 10.0452, 0.944182, -112.843, 0.892056, 129.048
493, 8.21667, 34.9919, 11.2836, 21.0562, -91.2852, 32.1966, 147.437, 0.926838, 10.0046, 0.943359, -112.875, 0.891447, 129.018
493, 8.22500, 34.9649, 11.5238, 21.07, -90.846, 32.2151, 147.687, 0.926213, 9.96427, 0.942539, -112.906, 0.890841, 128.988
494, 8.23333, 34.9389, 11.764, 21.0853, -90.4085, 32.2343, 147.936, 0.925591, 9.9241, 0.941723, -112.937, 0.890237, 128.958
495, 8.24167, 34.9139, 12.0041, 21.102, -89.9728, 32.2544, 148.184, 0.924971, 9.88411, 0.94091, -112.968, 0.889636, 128.929
495, 8.25000, 34.89, 12.2442, 21.1201, -89.539, 32.2753, 148.431, 0.924353, 9.84432, 0.940101, -112.999, 0.889037, 128.9
495, 8.25833, 34.867, 12.4841, 21.1396, -89.107, 32.2969, 148.677, 0.923738, 9.80472, 0.939295, -113.029, 0.88844, 128.87
496, 8.26667, 34.845, 12.724, 21.1605, -88.6769, 32.3194, 148.922, 0.923126, 9.76531, 0.938493, -113.06, 0.887846, 128.841
497, 8.27500, 34.824, 12.9637, 21.1828, -88.2489, 32.3425, 149.167, 0.922516, 9.72609, 0.937695, -113.09, 0.887254, 128.813
497, 8.28333, 34.804, 13.2033, 21.2065, -87.8229, 32.3665, 149.41, 0.921908, 9.68706, 0.9369, -113.12, 0.886665, 128.784
498, 8.29167, 34.7849, 13.4428, 21.2315, -87.3989, 32.3912, 149.653, 0.921303, 9.64821, 0.936108, -113.15, 0.886077, 128.755
498, 8.30000, 34.7669, 13.6821, 21.2578, -86.9771, 32.4167, 149.894, 0.9207, 9.60954, 0.93532, -113.18, 0.885492, 128.727
498, 8.30833, 34.7498, 13.9211, 21.2854, -86.5574, 32.4428, 150.135, 0.920099, 9.57106, 0.934535, -113.209, 0.88491, 128.698
499, 8.31667, 34.7336, 14.1601, 21.3144, -86.1399, 32.4698, 150.375, 0.919501, 9.53276, 0.933753, -113.239, 0.884329, 128.67
500, 8.32500, 34.7184, 14.3987, 21.3446, -85.7247, 32.4974, 150.614, 0.918905, 9.49465, 0.932975, -113.268, 0.883751, 128.642
500, 8.33333, 34.7042, 14.6372, 21.3761, -85.3117, 32.5258, 150.852, 0.918312, 9.45671, 0.932201, -113.297, 0.883175, 128.614
501, 8.34167, 34.6909, 14.8754, 21.4088, -84.901, 32.5549, 151.089, 0.91772, 9.41895, 0.931429, -113.326, 0.882602, 128.587
501, 8.35000, 34.6785, 15.1134, 21.4428, -84.4926, 32.5847, 151.325, 0.917131, 9.38137, 0.930661, -113.355, 0.882031, 128.559
501, 8.35833, 34.6671, 15.351, 21.478, -84.0867, 32.6151, 151.56, 0.916545, 9.34396, 0.929897, -113.383, 0.881462, 128.531
502, 8.36667, 34.6566, 15.5885, 21.5144, -83.6831, 32.6463, 151.794, 0.915961, 9.30673, 0.929135, -113.412, 0.880895, 128.504
503, 8.37500, 34.647, 15.8256, 21.552, -83.2819, 32.6782, 152.027, 0.915379, 9.26967, 0.928377, -113.44, 0.88033, 128.477
503, 8.38333, 34.6384, 16.0624, 21.5907, -82.8832, 32.7107, 152.259, 0.914799, 9.23279, 0.927622, -113.468, 0.879768, 128.45
504, 8.39167, 34.6306, 16.2989, 21.6307, -82.487, 32.7439, 152.49, 0.914222, 9.19608, 0.92687, -113.496, 0.879207, 128.423
504, 8.40000, 34.6238, 16.535, 21.6717, -82.0933, 32.7778, 152.72, 0.913647, 9.15954, 0.926122, -113.524, 0.878649, 128.396
504, 8.40833, 34.6179, 16.7708, 21.7139, -81.7021, 32.8123, 152.949, 0.913074, 9.12316, 0.925377, -113.552, 0.878093, 128.369
505, 8.41667, 34.6128, 17.0062, 21.7572, -81.3135, 32.8475, 153.177, 0.912504, 9.08696, 0.924634, -113.579, 0.87754, 128.343
506, 8.42500, 34.6087, 17.2413, 21.8017, -80.9274, 32.8834, 153.404, 0.911935, 9.05092, 0.923895, -113.607, 0.876988, 128.316
506, 8.43333, 34.6054, 17.4759, 21.8471, -80.544, 32.9198, 153.63, 0.911369, 9.01505, 0.92316, -113.634, 0.876439, 128.29
507, 8.44167, 34.603, 17.7102, 21.8937, -80.1631, 32.9569, 153.855, 0.910806, 8.97934, 0.922427, -113.661, 0.875892, 128.264
507, 8.45000, 34.6015, 17.9441, 21.9413, -79.7848, 32.9947, 154.079, 0.910244, 8.9438, 0.921697, -113.688, 0.875346, 128.238
507, 8.45833, 34.6009, 18.1775, 21.99, -79.4092, 33.033, 154.302, 0.909685, 8.90842, 0.920971, -113.715, 0.874803, 128.212
508, 8.46667, 34.6011, 18.4105, 22.0397, -79.0362, 33.072, 154.524, 0.909127, 8.8732, 0.920248, -113.742, 0.874263, 128.186
509, 8.47500, 34.6022, 18.6431, 22.0903, -78.6659, 33.1115, 154.745, 0.908573, 8.83814, 0.919527, -113.768, 0.873724, 128.161
509, 8.48333, 34.6041, 18.8751, 22.142, -78.2983, 33.1517, 154.965, 0.90802, 8.80324, 0.91881, -113.795, 0.873187, 128.135
510, 8.49167, 34.6069, 19.1068, 22.1947, -77.9333, 33.1925, 155.184, 0.907469, 8.7685, 0.918096, -113.821, 0.872652, 128.11
510, 8.50000, 34.6105, 19.3379, 22.2483, -77.571, 33.2338, 155.402, 0.906921, 8.73392, 0.917385, -113.847, 0.87212, 128.084
510, 8.50833, 34.6149, 19.5686, 22.3029, -77.2114, 33.2757, 155.619, 0.906375, 8.6995, 0.916677, -113.873, 0.871589, 128.059
511, 8.51667, 34.6202, 19.7987, 22.3584, -76.8545, 33.3183, 155.835, 0.90583, 8.66522, 0.915971, -113.899, 0.871061, 128.034
512, 8.52500, 34.6263, 20.0283, 22.4148, -76.5003, 33.3613, 156.049, 0.905288, 8.63111, 0.915269, -113.925, 0.870534, 128.009
512, 8.53333, 34.6332, 20.2574, 22.4721, -76.1489, 33.405, 156.263, 0.904749, 8.59715, 0.91457, -113.95, 0.87001, 127.984
513, 8.54167, 34.641, 20.486, 22.5303, -75.8, 33.4492, 156.476, 0.904211, 8.56334, 0.913873, -113.976, 0.869487, 127.959
513, 8.55000, 34.6495, 20.714, 22.5894, -75.454, 33.4939, 156.687, 0.903675, 8.52968, 0.91318, -114.001, 0.868967, 127.935
514, 8.55833, 34.6589, 20.9415, 22.6494, -75.1107, 33.5392, 156.898, 0.903142, 8.49617, 0.912489, -114.026, 0.868449, 127.91
514, 8.56667, 34.669, 21.1684, 22.7102, -74.77, 33.585, 157.108, 0.90261, 8.46281, 0.911802, -114.051, 0.867932, 127.886
514, 8.57500, 34.6799, 21.3947, 22.7719, -74.4321, 33.6314, 157.316, 0.902081, 8.4296, 0.911117, -114.076, 0.867418, 127.862
515, 8.58333, 34.6917, 21.6205, 22.8344, -74.0968, 33.6783, 157.524, 0.901554, 8.39654, 0.910435, -114.101, 0.866905, 127.838
516, 8.59167, 34.7042, 21.8456, 22.8977, -73.7643, 33.7257, 157.73, 0.901029, 8.36362, 0.909756, -114.126, 0.866395, 127.814
516, 8.60000, 34.7174, 22.0702, 22.9617, -73.4345, 33.7737, 157.935, 0.900506, 8.33086, 0.90908, -114.15, 0.865886, 127.79
517, 8.60833, 34.7315, 22.2941, 23.0266, -73.1073, 33.8221, 158.14, 0.899985, 8.29823, 0.908407, -114.175, 0.86538, 127.766
517, 8.61667, 34.7463, 22.5174, 23.0923, -72.7829, 33.8711, 158.343, 0.899466, 8.26575, 0.907736, -114.199, 0.864875, 127.742
518, 8.62500, 34.7618, 22.7401, 23.1587, -72.4611, 33.9205, 158.545, 0.898949, 8.23341, 0.907068, -114.223, 0.864372, 127.719
518, 8.63333, 34.7781, 22.9621, 23.2258, -72.142, 33.9704, 158.746, 0.898434, 8.20122, 0.906403, -114.247, 0.863872, 127.695
518, 8.64167, 34.7952, 23.1835, 23.2937, -71.8256, 34.0209, 158.947, 0.897921, 8.16916, 0.905741, -114.271, 0.863373, 127.672
519, 8.65000, 34.813, 23.4043, 23.3623, -71.5118, 34.0718, 159.146, 0.89741, 8.13725, 0.905081, -114.295, 0.862876, 127.649
520, 8.65833, 34.8315, 23.6244, 23.4316, -71.2007, 34.1232, 159.344, 0.896901, 8.10547, 0.904424, -114.318, 0.862381, 127.626
520, 8.66667, 34.8507, 23.8438, 23.5016, -70.8922, 34.175, 159.541, 0.896395, 8.07383, 0.90377, -114.342, 0.861887, 127.602
521, 8.67500, 34.8707, 24.0625, 23.5723, -70.5863, 34.2274, 159.737, 0.89589, 8.04234, 0.903119, -114.365, 0.861396, 127.58
521, 8.68333, 34.8914, 24.2806, 23.6437, -70.2831, 34.2802, 159.932, 0.895387, 8.01098, 0.90247, -114.389, 0.860906, 127.557
522, 8.69167, 34.9128, 24.498, 23.7157, -69.9824, 34.3334, 160.126, 0.894886, 7.97975, 0.901824, -114.412, 0.860419, 127.534
522, 8.70000, 34.9349, 24.7146, 23.7884, -69.6844, 34.3871, 160.319, 0.894387, 7.94866, 0.901181, -114.435, 0.859933, 127.511
522, 8.70833, 34.9577, 24.9306, 23.8617, -69.389, 34.4413, 160.511, 0.89389, 7.9177, 0.90054, -114.458, 0.859449, 127.489
523, 8.71667, 34.9813, 25.1459, 23.9357, -69.096, 34.4958, 160.702, 0.893395, 7.88688, 0.899902, -114.481, 0.858967, 127.467
524, 8.72500, 35.0055, 25.3604, 24.0102, -68.8057, 34.5509, 160.891, 0.892902, 7.85619, 0.899266, -114.503, 0.858487, 127.444
524, 8.73333, 35.0303, 25.5742, 24.0854, -68.5179, 34.6063, 161.08, 0.892411, 7.82563, 0.898634, -114.526, 0.858008, 127.422
525, 8.74167, 35.0559, 25.7873, 24.1612, -68.2326, 34.6622, 161.268, 0.891922, 7.7952, 0.898003, -114.549, 0.857531, 127.4
525, 8.75000, 35.0821, 25.9997, 24.2375, -67.9499, 34.7185, 161.455, 0.891434, 7.7649, 0.897376, -114.571, 0.857057, 127.378
526, 8.75833, 35.1091, 26.2113, 24.3144, -67.6696, 34.7752, 161.64, 0.890949, 7.73473, 0.89675, -114.593, 0.856583, 127.356
526, 8.76667, 35.1366, 26.4222, 24.3919, -67.3918, 34.8323, 161.825, 0.890465, 7.70469, 0.896128, -114.615, 0.856112, 127.334
527, 8.77500, 35.1648, 26.6323, 24.47, -67.1165, 34.8898, 162.009, 0.889984, 7.67478, 0.895508, -114.637, 0.855643, 127.313
527, 8.78333, 35.1937, 26.8416, 24.5485, -66.8437, 34.9478, 162.192, 0.889504, 7.64499, 0.89489, -114.659, 0.855175, 127.291
528, 8.79167, 35.2233, 27.0503, 24.6277, -66.5732, 35.0061, 162.373, 0.889026, 7.61533, 0.894275, -114.681, 0.854709, 127.27
528, 8.80000, 35.2534, 27.2581, 24.7073, -66.3052, 35.0648, 162.554, 0.88855, 7.58579, 0.893663, -114.703, 0.854245, 127.248
529, 8.80833, 35.2842, 27.4651, 24.7875, -66.0396, 35.1239, 162.734, 0.888076, 7.55639, 0.893053, -114.725, 0.853782, 127.227
529, 8.81667, 35.3157, 27.6714, 24.8681, -65.7764, 35.1834, 162.912, 0.887604, 7.5271, 0.892445, -114.746, 0.853321, 127.206
530, 8.82500, 35.3477, 27.8769, 24.9493, -65.5155, 35.2433, 163.09, 0.887134, 7.49793, 0.89184, -114.767, 0.852862, 127.185
530, 8.83333, 35.3804, 28.0817, 25.0309, -65.257, 35.3035, 163.267, 0.886665, 7.46889, 0.891237, -114.789, 0.852405, 127.164
531, 8.84167, 35.4137, 28.2856, 25.113, -65.0008, 35.3641, 163.443, 0.886198, 7.43997, 0.890637, -114.81, 0.851949, 127.143
531, 8.85000, 35.4476, 28.4888, 25.1956, -64.7469, 35.4251, 163.617, 0.885734, 7.41117, 0.890039, -114.831, 0.851495, 127.122
532, 8.85833, 35.4821, 28.6911, 25.2786, -64.4953, 35.4864, 163.791, 0.885271, 7.38249, 0.889444, -114.852, 0.851043, 127.101
532, 8.86667, 35.5172, 28.8927, 25.3621, -64.246, 35.5481, 163.964, 0.884809, 7.35393, 0.888851, -114.873, 0.850592, 127.08
533, 8.87500, 35.5529, 29.0934, 25.4461, -63.999, 35.6101, 164.136, 0.88435, 7.32549, 0.88826, -114.894, 0.850143, 127.06
533, 8.88333, 35.5892, 29.2933, 25.5304, -63.7542, 35.6725, 164.307, 0.883892, 7.29716, 0.887672, -114.914, 0.849696, 127.039
534, 8.89167, 35.6261, 29.4925, 25.6152, -63.5116, 35.7352, 164.476, 0.883436, 7.26895, 0.887086, -114.935, 0.849251, 127.019
534, 8.90000, 35.6635, 29.6908, 25.7004, -63.2712, 35.7983, 164.645, 0.882982, 7.24086, 0.886502, -114.955, 0.848807, 126.999
535, 8.90833, 35.7015, 29.8883, 25.786, -63.0331, 35.8617, 164.813, 0.88253, 7.21289, 0.885921, -114.976, 0.848365, 126.979
535, 8.91667, 35.7401, 30.085, 25.8721, -62.797, 35.9254, 164.98, 0.882079, 7.18502, 0.885342, -114.996, 0.847924, 126.959
536, 8.92500, 35.7793, 30.2809, 25.9585, -62.5632, 35.9895, 165.146, 0.881631, 7.15728, 0.884766, -115.016, 0.847485, 126.938
536, 8.93333, 35.819, 30.476, 26.0452, -62.3314, 36.0539, 165.311, 0.881184, 7.12965, 0.884191, -115.036, 0.847048, 126.919
537, 8.94167, 35.8593, 30.6702, 26.1324, -62.1018, 36.1186, 165.476, 0.880738, 7.10212, 0.883619, -115.056, 0.846612, 126.899
537, 8.95000, 35.9001, 30.8636, 26.22, -61.8743, 36.1836, 165.639, 0.880295, 7.07472, 0.88305, -115.076, 0.846178, 126.879
538, 8.95833, 35.9415, 31.0562, 26.3079, -61.6488, 36.2489, 165.801, 0.879853, 7.04742, 0.882482, -115.096, 0.845745, 126.859
538, 8.96667, 35.9834, 31.248, 26.3961, -61.4254, 36.3145, 165.962, 0.879413, 7.02023, 0.881917, -115.116, 0.845314, 126.84
539, 8.97500, 36.0258, 31.4389, 26.4848, -61.2041, 36.3805, 166.123, 0.878975, 6.99316, 0.881354, -115.135, 0.844885, 126.82
539, 8.98333, 36.0688, 31.629, 26.5737, -60.9847, 36.4467, 166.282, 0.878538, 6.96619, 0.880794, -115.155, 0.844457, 126.801
539, 8.99167, 36.1123, 31.8182, 26.663, -60.7674, 36.5132, 166.441, 0.878103, 6.93933, 0.880235, -115.174, 0.844031, 126.782
540, 9.00000, 36.1563, 32.0066, 26.7526, -60.552, 36.5801, 166.598, 0.87767, 6.91258, 0.879679, -115.194, 0.843606, 126.762
541, 9.00833, 36.2008, 32.1942, 26.8426, -60.3386, 36.6472, 166.755, 0.877238, 6.88594, 0.879125, -115.213, 0.843183, 126.743
541, 9.01667, 36.2458, 32.381, 26.9328, -60.1271, 36.7146, 166.911, 0.876808, 6.8594, 0.878573, -115.232, 0.842762, 126.724
542, 9.02500, 36.2914, 32.5669, 27.0234, -59.9176, 36.7822, 167.066, 0.87638, 6.83297, 0.878023, -115.251, 0.842342, 126.705
542, 9.03333, 36.3374, 32.7519, 27.1143, -59.71, 36.8502, 167.22, 0.875954, 6.80665, 0.877476, -115.27, 0.841923, 126.686
543, 9.04167, 36.3839, 32.9362, 27.2054, -59.5043, 36.9184, 167.373, 0.875529, 6.78043, 0.87693, -115.289, 0.841507, 126.668
543, 9.05000, 36.431, 33.1196, 27.2969, -59.3004, 36.9869, 167.525, 0.875106, 6.75431, 0.876387, -115.308, 0.841091, 126.649
543, 9.05833, 36.4785, 33.3021, 27.3886, -59.0984, 37.0556, 167.677, 0.874684, 6.7283, 0.875846, -115.326, 0.840677, 126.63
544, 9.06667, 36.5265, 33.4839, 27.4807, -58.8982, 37.1247, 167.827, 0.874264, 6.70239, 0.875307, -115.345, 0.840265, 126.612
545, 9.07500, 36.575, 33.6647, 27.573, -58.6999, 37.194, 167.977, 0.873846, 6.67659, 0.87477, -115.364, 0.839854, 126.593
545, 9.08333, 36.6239, 33.8447, 27.6655, -58.5034, 37.2635, 168.126, 0.873429, 6.65088, 0.874235, -115.382, 0.839445, 126.575
546, 9.09167, 36.6733, 34.0239, 27.7583, -58.3086, 37.3333, 168.274, 0.873014, 6.62528, 0.873703, -115.4, 0.839037, 126.556
546, 9.10000, 36.7232, 34.2023, 27.8514, -58.1156, 37.4033, 168.421, 0.8726, 6.59977, 0.873172, -115.419, 0.838631, 126.538
547, 9.10833, 36.7735, 34.3798, 27.9448, -57.9243, 37.4736, 168.567, 0.872189, 6.57437, 0.872644, -115.437, 0.838226, 126.52
547, 9.11667, 36.8243, 34.5565, 28.0384, -57.7348, 37.5442, 168.712, 0.871778, 6.54907, 0.872117, -115.455, 0.837823, 126.502
547, 9.12500, 36.8756, 34.7323, 28.1322, -57.547, 37.6149, 168.856, 0.87137, 6.52386, 0.871593, -115.473, 0.837421, 126.484
548, 9.13333, 36.9273, 34.9073, 28.2262, -57.3609, 37.6859, 169, 0.870963, 6.49876, 0.87107, -115.491, 0.83702, 126.466
549, 9.14167, 36.9794, 35.0814, 28.3205, -57.1764, 37.7572, 169.143, 0.870557, 6.47375, 0.87055, -115.509, 0.836621, 126.448
549, 9.15000, 37.032, 35.2547, 28.415, -56.9936, 37.8287, 169.285, 0.870153, 6.44883, 0.870032, -115.526, 0.836224, 126.43
550, 9.15833, 37.085, 35.4272, 28.5098, -56.8125, 37.9004, 169.426, 0.869751, 6.42402, 0.869515, -115.544, 0.835828, 126.413
550, 9.16667, 37.1385, 35.5988, 28.6047, -56.633, 37.9723, 169.566, 0.86935, 6.3993, 0.869001, -115.562, 0.835433, 126.395
551, 9.17500, 37.1923, 35.7696, 28.6999, -56.4551, 38.0445, 169.706, 0.868951, 6.37467, 0.868489, -115.579, 0.83504, 126.377
551, 9.18333, 37.2466, 35.9396, 28.7953, -56.2788, 38.1168, 169.844, 0.868554, 6.35014, 0.867979, -115.597, 0.834648, 126.36
552, 9.19167, 37.3013, 36.1087, 28.8909, -56.1041, 38.1894, 169.982, 0.868157, 6.32571, 0.86747, -115.614, 0.834257, 126.343
552, 9.20000, 37.3564, 36.277, 28.9866, -55.9309, 38.2622, 170.119, 0.867763, 6.30137, 0.866964, -115.631, 0.833868, 126.325
553, 9.20833, 37.412, 36.4445, 29.0826, -55.7593, 38.3353, 170.255, 0.86737, 6.27712, 0.866459, -115.648, 0.833481, 126.308
553, 9.21667, 37.4679, 36.6111, 29.1788, -55.5892, 38.4085, 170.391, 0.866978, 6.25296, 0.865957, -115.666, 0.833095, 126.291
554, 9.22500, 37.5242, 36.7769, 29.2751, -55.4206, 38.4819, 170.525, 0.866588, 6.2289, 0.865456, -115.683, 0.83271, 126.274
554, 9.23333, 37.581, 36.9419, 29.3716, -55.2535, 38.5555, 170.659, 0.8662, 6.20492, 0.864958, -115.7, 0.832326, 126.257
555, 9.24167, 37.6381, 37.1061, 29.4684, -55.0879, 38.6294, 170.792, 0.865813, 6.18104, 0.864461, -115.716, 0.831944, 126.24
555, 9.25000, 37.6956, 37.2694, 29.5652, -54.9238, 38.7034, 170.924, 0.865427, 6.15725, 0.863966, -115.733, 0.831564, 126.223
556, 9.25833, 37.7535, 37.4319, 29.6623, -54.7611, 38.7776, 171.056, 0.865044, 6.13355, 0.863473, -115.75, 0.831184, 126.206
556, 9.26667, 37.8118, 37.5936, 29.7595, -54.5999, 38.8521, 171.187, 0.864661, 6.10993, 0.862982, -115.767, 0.830806, 126.189
557, 9.27500, 37.8705, 37.7545, 29.8569, -54.4401, 38.9267, 171.317, 0.86428, 6.08641, 0.862493, -115.783, 0.83043, 126.172
557, 9.28333, 37.9295, 37.9145, 29.9544, -54.2817, 39.0015, 171.446, 0.863901, 6.06297, 0.862006, -115.8, 0.830055, 126.156
558, 9.29167, 37.9889, 38.0737, 30.0521, -54.1246, 39.0765, 171.574, 0.863522, 6.03963, 0.86152, -115.816, 0.829681, 126.139
558, 9.30000, 38.0487, 38.2322, 30.15, -53.969, 39.1516, 171.702, 0.863146, 6.01637, 0.861037, -115.833, 0.829308, 126.123
559, 9.30833, 38.1088, 38.3898, 30.248, -53.8147, 39.227, 171.829, 0.862771, 5.99319, 0.860555, -115.849, 0.828937, 126.106
559, 9.31667, 38.1693, 38.5466, 30.3461, -53.6618, 39.3025, 171.955, 0.862397, 5.9701, 0.860075, -115.865, 0.828567, 126.09
560, 9.32500, 38.2302, 38.7026, 30.4444, -53.5102, 39.3782, 172.081, 0.862025, 5.9471, 0.859597, -115.881, 0.828198, 126.074
560, 9.33333, 38.2914, 38.8578, 30.5428, -53.3599, 39.4541, 172.205, 0.861654, 5.92419, 0.859121, -115.897, 0.827831, 126.058
561, 9.34167, 38.353, 39.0122, 30.6414, -53.2109, 39.5301, 172.329, 0.861285, 5.90135, 0.858646, -115.913, 0.827465, 126.041
561, 9.35000, 38.4149, 39.1657, 30.7401, -53.0632, 39.6063, 172.453, 0.860917, 5.87861, 0.858174, -115.929, 0.827101, 126.025
562, 9.35833, 38.4771, 39.3185, 30.8389, -52.9168, 39.6827, 172.575, 0.86055, 5.85594, 0.857703, -115.945, 0.826737, 126.009
562, 9.36667, 38.5397, 39.4705, 30.9378, -52.7717, 39.7592, 172.697, 0.860185, 5.83336, 0.857234, -115.961, 0.826375, 125.993
563, 9.37500, 38.6026, 39.6217, 31.0369, -52.6278, 39.8359, 172.818, 0.859822, 5.81086, 0.856767, -115.977, 0.826014, 125.978
563, 9.38333, 38.6659, 39.7721, 31.1361, -52.4851, 39.9128, 172.938, 0.859459, 5.78845, 0.856301, -115.992, 0.825655, 125.962
564, 9.39167, 38.7295, 39.9218, 31.2354, -52.3437, 39.9898, 173.058, 0.859098, 5.76612, 0.855837, -116.008, 0.825297, 125.946
564, 9.40000, 38.7934, 40.0706, 31.3348, -52.2035, 40.067, 173.177, 0.858739, 5.74386, 0.855375, -116.023, 0.82494, 125.93
564, 9.40833, 38.8576, 40.2187, 31.4343, -52.0645, 40.1443, 173.296, 0.858381, 5.72169, 0.854915, -116.039, 0.824584, 125.915
565, 9.41667, 38.9222, 40.3659, 31.534, -51.9266, 40.2218, 173.413, 0.858024, 5.6996, 0.854456, -116.054, 0.82423, 125.899
566, 9.42500, 38.987, 40.5124, 31.6337, -51.79, 40.2994, 173.53, 0.857669, 5.67759, 0.853999, -116.069, 0.823876, 125.884
566, 9.43333, 39.0522, 40.6582, 31.7335, -51.6545, 40.3771, 173.646, 0.857315, 5.65566, 0.853544, -116.085, 0.823524, 125.868
567, 9.44167, 39.1177, 40.8031, 31.8335, -51.5201, 40.4551, 173.762, 0.856963, 5.63381, 0.853091, -116.1, 0.823174, 125.853
567, 9.45000, 39.1835, 40.9473, 31.9335, -51.3869, 40.5331, 173.877, 0.856611, 5.61204, 0.852639, -116.115, 0.822824, 125.838
568, 9.45833, 39.2496, 41.0907, 32.0337, -51.2549, 40.6113, 173.991, 0.856261, 5.59034, 0.852189, -116.13, 0.822476, 125.822
568, 9.46667, 39.316, 41.2334, 32.1339, -51.1239, 40.6897, 174.105, 0.855913, 5.56872, 0.851741, -116.145, 0.822129, 125.807
568, 9.47500, 39.3827, 41.3753, 32.2342, -50.994, 40.7681, 174.218, 0.855566, 5.54718, 0.851294, -116.16, 0.821783, 125.792
569, 9.48333, 39.4497, 41.5164, 32.3347, -50.8652, 40.8467, 174.33, 0.85522, 5.52572, 0.850849, -116.175, 0.821439, 125.777
570, 9.49167, 39.517, 41.6568, 32.4352, -50.7375, 40.9255, 174.442, 0.854876, 5.50433, 0.850406, -116.189, 0.821095, 125.762
570, 9.50000, 39.5845, 41.7964, 32.5358, -50.6109, 41.0043, 174.552, 0.854532, 5.48303, 0.849964, -116.204, 0.820753, 125.747
571, 9.50833, 39.6524, 41.9353, 32.6364, -50.4853, 41.0833, 174.663, 0.854191, 5.46179, 0.849524, -116.219, 0.820412, 125.732
571, 9.51667, 39.7205, 42.0734, 32.7372, -50.3608, 41.1625, 174.773, 0.85385, 5.44063, 0.849086, -116.233, 0.820073, 125.717
572, 9.52500, 39.7889, 42.2108, 32.838, -50.2373, 41.2417, 174.882, 0.853511, 5.41955, 0.848649, -116.248, 0.819734, 125.703
572, 9.53333, 39.8576, 42.3474, 32.9389, -50.1148, 41.3211, 174.99, 0.853173, 5.39854, 0.848214, -116.262, 0.819397, 125.688
572, 9.54167, 39.9266, 42.4834, 33.0399, -49.9933, 41.4006, 175.098, 0.852837, 5.3776, 0.84778, -116.277, 0.819061, 125.673
573, 9.55000, 39.9958, 42.6185, 33.1409, -49.8729, 41.4802, 175.205, 0.852501, 5.35673, 0.847348, -116.291, 0.818726, 125.659
574, 9.55833, 40.0653, 42.753, 33.242, -49.7534, 41.56, 175.312, 0.852167, 5.33595, 0.846918, -116.305, 0.818392, 125.644
574, 9.56667, 40.1351, 42.8867, 33.3432, -49.6349, 41.6398, 175.418, 0.851835, 5.31523, 0.846489, -116.32, 0.818059, 125.63
575, 9.57500, 40.2051, 43.0197, 33.4445, -49.5174, 41.7198, 175.523, 0.851503, 5.29458, 0.846062, -116.334, 0.817728, 125.615
575, 9.58333, 40.2754, 43.152, 33.5458, -49.4008, 41.7999, 175.628, 0.851173, 5.27401, 0.845636, -116.348, 0.817397, 125.601
576, 9.59167, 40.346, 43.2836, 33.6472, -49.2852, 41.8801, 175.732, 0.850844, 5.2535, 0.845212, -116.362, 0.817068, 125.587
576, 9.60000, 40.4168, 43.4144, 33.7486, -49.1705, 41.9604, 175.835, 0.850517, 5.23307, 0.84479, -116.376, 0.81674, 125.573
577, 9.60833, 40.4878, 43.5445, 33.8501, -49.0568, 42.0408, 175.938, 0.850191, 5.21272, 0.844369, -116.39, 0.816413, 125.558
577, 9.61667, 40.5591, 43.674, 33.9517, -48.9439, 42.1213, 176.041, 0.849866, 5.19242, 0.843949, -116.404, 0.816087, 125.544
578, 9.62500, 40.6307, 43.8027, 34.0533, -48.832, 42.202, 176.142, 0.849542, 5.1722, 0.843531, -116.418, 0.815763, 125.53
578, 9.63333, 40.7025, 43.9307, 34.1549, -48.721, 42.2827, 176.244, 0.849219, 5.15205, 0.843115, -116.431, 0.815439, 125.516
579, 9.64167, 40.7745, 44.058, 34.2566, -48.6109, 42.3635, 176.344, 0.848898, 5.13197, 0.8427, -116.445, 0.815117, 125.502
579, 9.65000, 40.8468, 44.1846, 34.3584, -48.5016, 42.4445, 176.444, 0.848578, 5.11196, 0.842287, -116.459, 0.814796, 125.488
580, 9.65833, 40.9193, 44.3106, 34.4602, -48.3933, 42.5255, 176.544, 0.848259, 5.09201, 0.841875, -116.472, 0.814476, 125.475
580, 9.66667, 40.9921, 44.4358, 34.5621, -48.2858, 42.6067, 176.643, 0.847942, 5.07214, 0.841465, -116.486, 0.814157, 125.461
581, 9.67500, 41.065, 44.5604, 34.664, -48.1791, 42.6879, 176.741, 0.847625, 5.05233, 0.841056, -116.499, 0.813839, 125.447
581, 9.68333, 41.1382, 44.6843, 34.7659, -48.0733, 42.7692, 176.839, 0.84731, 5.03259, 0.840649, -116.513, 0.813522, 125.433
582, 9.69167, 41.2117, 44.8075, 34.8679, -47.9683, 42.8506, 176.936, 0.846996, 5.01291, 0.840243, -116.526, 0.813206, 125.42
582, 9.70000, 41.2853, 44.93, 34.97, -47.8642, 42.9322, 177.033, 0.846683, 4.9933, 0.839839, -116.539, 0.812891, 125.406
583, 9.70833, 41.3592, 45.0518, 35.072, -47.7609, 43.0138, 177.129, 0.846372, 4.97376, 0.839436, -116.552, 0.812578, 125.393
583, 9.71667, 41.4333, 45.173, 35.1742, -47.6584, 43.0955, 177.224, 0.846062, 4.95428, 0.839035, -116.566, 0.812265, 125.379
584, 9.72500, 41.5076, 45.2935, 35.2763, -47.5567, 43.1773, 177.319, 0.845753, 4.93487, 0.838635, -116.579, 0.811954, 125.366
584, 9.73333, 41.5822, 45.4134, 35.3785, -47.4558, 43.2591, 177.414, 0.845445, 4.91552, 0.838236, -116.592, 0.811644, 125.352
585, 9.74167, 41.6569, 45.5326, 35.4807, -47.3556, 43.3411, 177.508, 0.845138, 4.89624, 0.837839, -116.605, 0.811334, 125.339
585, 9.75000, 41.7319, 45.6511, 35.583, -47.2563, 43.4231, 177.601, 0.844832, 4.87702, 0.837444, -116.618, 0.811026, 125.326
586, 9.75833, 41.8071, 45.769, 35.6852, -47.1577, 43.5053, 177.694, 0.844528, 4.85787, 0.83705, -116.631, 0.810719, 125.313
586, 9.76667, 41.8824, 45.8863, 35.7876, -47.0599, 43.5875, 177.787, 0.844225, 4.83878, 0.836657, -116.644, 0.810413, 125.299
587, 9.77500, 41.958, 46.0029, 35.8899, -46.9628, 43.6698, 177.879, 0.843923, 4.81975, 0.836266, -116.656, 0.810108, 125.286
587, 9.78333, 42.0338, 46.1188, 35.9923, -46.8665, 43.7521, 177.97, 0.843622, 4.80079, 0.835876, -116.669, 0.809804, 125.273
588, 9.79167, 42.1098, 46.2341, 36.0947, -46.7709, 43.8346, 178.061, 0.843322, 4.78189, 0.835487, -116.682, 0.809501, 125.26
588, 9.80000, 42.186, 46.3488, 36.1971, -46.6761, 43.9171, 178.151, 0.843024, 4.76305, 0.8351, -116.695, 0.809199, 125.247
589, 9.80833, 42.2623, 46.4629, 36.2996, -46.582, 43.9997, 178.241, 0.842727, 4.74427, 0.834715, -116.707, 0.808898, 125.234
589, 9.81667, 42.3389, 46.5763, 36.4021, -46.4886, 44.0824, 178.33, 0.84243, 4.72555, 0.83433, -116.72, 0.808599, 125.222
590, 9.82500, 42.4157, 46.6891, 36.5046, -46.3959, 44.1652, 178.419, 0.842135, 4.7069, 0.833947, -116.732, 0.8083, 125.209
590, 9.83333, 42.4926, 46.8013, 36.6071, -46.3039, 44.248, 178.507, 0.841841, 4.6883, 0.833566, -116.745, 0.808002, 125.196
591, 9.84167, 42.5698, 46.9128, 36.7096, -46.2126, 44.3309, 178.595, 0.841549, 4.66977, 0.833186, -116.757, 0.807705, 125.183
591, 9.85000, 42.6471, 47.0238, 36.8122, -46.122, 44.4139, 178.683, 0.841257, 4.6513, 0.832807, -116.769, 0.80741, 125.171
592, 9.85833, 42.7246, 47.1341, 36.9148, -46.0321, 44.4969, 178.77, 0.840966, 4.63288, 0.832429, -116.782, 0.807115, 125.158
592, 9.86667, 42.8023, 47.2438, 37.0174, -45.9429, 44.58, 178.856, 0.840677, 4.61453, 0.832053, -116.794, 0.806821, 125.145
593, 9.87500, 42.8802, 47.3529, 37.12, -45.8543, 44.6632, 178.942, 0.840389, 4.59623, 0.831678, -116.806, 0.806528, 125.133
593, 9.88333, 42.9583, 47.4614, 37.2227, -45.7664, 44.7464, 179.027, 0.840101, 4.578, 0.831305, -116.818, 0.806237, 125.12
594, 9.89167, 43.0365, 47.5693, 37.3253, -45.6791, 44.8298, 179.112, 0.839815, 4.55982, 0.830933, -116.83, 0.805946, 125.108
594, 9.90000, 43.1149, 47.6766, 37.428, -45.5925, 44.9131, 179.197, 0.83953, 4.5417, 0.830562, -116.843, 0.805656, 125.096
595, 9.90833, 43.1935, 47.7834, 37.5307, -45.5065, 44.9966, 179.281, 0.839247, 4.52364, 0.830193, -116.855, 0.805367, 125.083
595, 9.91667, 43.2723, 47.8895, 37.6334, -45.4212, 45.0801, 179.365, 0.838964, 4.50563, 0.829825, -116.866, 0.80508, 125.071
596, 9.92500, 43.3512, 47.9951, 37.7361, -45.3365, 45.1636, 179.448, 0.838682, 4.48769, 0.829458, -116.878, 0.804793, 125.059
596, 9.93333, 43.4303, 48.1, 37.8388, -45.2524, 45.2472, 179.53, 0.838401, 4.4698, 0.829092, -116.89, 0.804507, 125.047
597, 9.94167, 43.5096, 48.2044, 37.9415, -45.1689, 45.3309, 179.613, 0.838122, 4.45197, 0.828728, -116.902, 0.804222, 125.035
597, 9.95000, 43.589, 48.3082, 38.0443, -45.0861, 45.4147, 179.694, 0.837844, 4.43419, 0.828365, -116.914, 0.803938, 125.022
598, 9.95833, 43.6686, 48.4115, 38.147, -45.0038, 45.4985, 179.776, 0.837566, 4.41647, 0.828003, -116.926, 0.803655, 125.01
598, 9.96667, 43.7483, 48.5141, 38.2498, -44.9222, 45.5823, 179.857, 0.83729, 4.3988, 0.827643, -116.937, 0.803373, 124.998
599, 9.97500, 43.8282, 48.6162, 38.3525, -44.8411, 45.6662, 179.937, 0.837015, 4.3812, 0.827284, -116.949, 0.803092, 124.986
599, 9.98333, 43.9083, 48.7178, 38.4553, -44.7606, 45.7502, -179.983, 0.836741, 4.36364, 0.826926, -116.96, 0.802812, 124.975
600, 9.99167, 43.9885, 48.8187, 38.5581, -44.6807, 45.8342, -179.903, 0.836468, 4.34614, 0.826569, -116.972, 0.802533, 124.963
600, 10.00000, 44.0689, 48.9192, 38.6609, -44.6014, 45.9183, -179.824, 0.836196, 4.3287, 0.826214, -116.984, 0.802255, 124.951
601, 10.00833, 44.1494, 49.019, 38.7637, -44.5227, 46.0024, -179.745, 0.835925, 4.31131, 0.82586, -116.995, 0.801978, 124.939
601, 10.01667, 44.2301, 49.1184, 38.8665, -44.4445, 46.0866, -179.667, 0.835655, 4.29397, 0.825507, -117.006, 0.801701, 124.927
602, 10.02500, 44.311, 49.2171, 38.9692, -44.3668, 46.1708, -179.589, 0.835386, 4.27669, 0.825156, -117.018, 0.801426, 124.916
602, 10.03333, 44.392, 49.3153, 39.072, -44.2898, 46.2551, -179.512, 0.835118, 4.25946, 0.824805, -117.029, 0.801152, 124.904
603, 10.04167, 44.4731, 49.413, 39.1749, -44.2132, 46.3394, -179.435, 0.834851, 4.24228, 0.824456, -117.04, 0.800878, 124.892
603, 10.05000, 44.5544, 49.5102, 39.2777, -44.1373, 46.4238, -179.358, 0.834585, 4.22516, 0.824108, -117.052, 0.800606, 124.881
604, 10.05833, 44.6358, 49.6068, 39.3805, -44.0618, 46.5082, -179.282, 0.834321, 4.20809, 0.823762, -117.063, 0.800334, 124.869
604, 10.06667, 44.7174, 49.7029, 39.4833, -43.9869, 46.5927, -179.206, 0.834057, 4.19107, 0.823416, -117.074, 0.800063, 124.858
605, 10.07500, 44.7991, 49.7984, 39.5861, -43.9125, 46.6772, -179.131, 0.833794, 4.17411, 0.823072, -117.085, 0.799793, 124.846
605, 10.08333, 44.8809, 49.8935, 39.6889, -43.8386, 46.7617, -179.056, 0.833533, 4.15719, 0.822729, -117.096, 0.799524, 124.835
606, 10.09167, 44.9629, 49.988, 39.7917, -43.7653, 46.8463, -178.981, 0.833272, 4.14033, 0.822387, -117.107, 0.799256, 124.824
606, 10.10000, 45.045, 50.0819, 39.8945, -43.6925, 46.931, -178.907, 0.833012, 4.12352, 0.822047, -117.118, 0.798989, 124.812
607, 10.10833, 45.1273, 50.1754, 39.9973, -43.6201, 47.0156, -178.833, 0.832754, 4.10676, 0.821707, -117.129, 0.798723, 124.801
607, 10.11667, 45.2097, 50.2684, 40.1001, -43.5483, 47.1004, -178.76, 0.832496, 4.09005, 0.821369, -117.14, 0.798458, 124.79
608, 10.12500, 45.2922, 50.3608, 40.2029, -43.477, 47.1852, -178.687, 0.832239, 4.07339, 0.821032, -117.151, 0.798193, 124.779
608, 10.13333, 45.3749, 50.4527, 40.3057, -43.4061, 47.27, -178.614, 0.831984, 4.05678, 0.820696, -117.161, 0.79793, 124.767
609, 10.14167, 45.4577, 50.5442, 40.4085, -43.3358, 47.3548, -178.542, 0.831729, 4.04022, 0.820361, -117.172, 0.797667, 124.756
609, 10.15000, 45.5406, 50.6351, 40.5112, -43.2659, 47.4397, -178.47, 0.831476, 4.02371, 0.820028, -117.183, 0.797405, 124.745
610, 10.15833, 45.6236, 50.7255, 40.614, -43.1965, 47.5246, -178.398, 0.831223, 4.00725, 0.819695, -117.194, 0.797144, 124.734
610, 10.16667, 45.7068, 50.8155, 40.7168, -43.1276, 47.6096, -178.327, 0.830971, 3.99083, 0.819364, -117.204, 0.796884, 124.723
611, 10.17500, 45.7901, 50.9049, 40.8196, -43.0592, 47.6946, -178.257, 0.83072, 3.97447, 0.819034, -117.215, 0.796625, 124.712
611, 10.18333, 45.8736, 50.9939, 40.9223, -42.9912, 47.7796, -178.186, 0.830471, 3.95816, 0.818705, -117.225, 0.796366, 124.701
612, 10.19167, 45.9571, 51.0823, 41.0251, -42.9237, 47.8647, -178.116, 0.830222, 3.94189, 0.818377, -117.236, 0.796109, 124.691
612, 10.20000, 46.0408, 51.1703, 41.1278, -42.8566, 47.9498, -178.046, 0.829974, 3.92567, 0.81805, -117.246, 0.795852, 124.68
613, 10.20833, 46.1246, 51.2578, 41.2306, -42.79, 48.035, -177.977, 0.829727, 3.9095, 0.817725, -117.257, 0.795597, 124.669
613, 10.21667, 46.2085, 51.3449, 41.3333, -42.7238, 48.1202, -177.908, 0.829482, 3.89338, 0.8174, -117.267, 0.795342, 124.658
614, 10.22500, 46.2925, 51.4314, 41.436, -42.6581, 48.2054, -177.84, 0.829237, 3.8773, 0.817077, -117.278, 0.795088, 124.648
614, 10.23333, 46.3766, 51.5175, 41.5387, -42.5928, 48.2906, -177.772, 0.828993, 3.86128, 0.816755, -117.288, 0.794834, 124.637
615, 10.24167, 46.4609, 51.6031, 41.6414, -42.528, 48.3759, -177.704, 0.82875, 3.84529, 0.816434, -117.298, 0.794582, 124.626
615, 10.25000, 46.5453, 51.6882, 41.7441, -42.4636, 48.4612, -177.636, 0.828508, 3.82936, 0.816114, -117.309, 0.79433, 124.616
616, 10.25833, 46.6298, 51.7729, 41.8468, -42.3996, 48.5465, -177.569, 0.828267, 3.81347, 0.815795, -117.319, 0.79408, 124.605
616, 10.26667, 46.7144, 51.8571, 41.9495, -42.336, 48.6319, -177.502, 0.828026, 3.79763, 0.815477, -117.329, 0.79383, 124.595
617, 10.27500, 46.7991, 51.9409, 42.0522, -42.2729, 48.7173, -177.436, 0.827787, 3.78183, 0.81516, -117.339, 0.793581, 124.584
617, 10.28333, 46.8839, 52.0242, 42.1548, -42.2102, 48.8027, -177.37, 0.827549, 3.76608, 0.814845, -117.349, 0.793333, 124.574
618, 10.29167, 46.9689, 52.107, 42.2575, -42.1479, 48.8882, -177.304, 0.827311, 3.75037, 0.81453, -117.359, 0.793085, 124.563
618, 10.30000, 47.0539, 52.1894, 42.3601, -42.0859, 48.9737, -177.238, 0.827075, 3.73471, 0.814217, -117.369, 0.792839, 124.553
619, 10.30833, 47.139, 52.2713, 42.4627, -42.0245, 49.0592, -177.173, 0.82684, 3.7191, 0.813904, -117.379, 0.792593, 124.543
619, 10.31667, 47.2243, 52.3529, 42.5654, -41.9634, 49.1447, -177.109, 0.826605, 3.70352, 0.813593, -117.389, 0.792348, 124.532
620, 10.32500, 47.3097, 52.4339, 42.668, -41.9027, 49.2303, -177.044, 0.826371, 3.688, 0.813283, -117.399, 0.792104, 124.522
620, 10.33333, 47.3951, 52.5145, 42.7706, -41.8424, 49.3159, -176.98, 0.826138, 3.67251, 0.812974, -117.409, 0.791861, 124.512
621, 10.34167, 47.4807, 52.5947, 42.8731, -41.7824, 49.4015, -176.916, 0.825907, 3.65707, 0.812666, -117.419, 0.791618, 124.502
621, 10.35000, 47.5664, 52.6745, 42.9757, -41.7229, 49.4872, -176.853, 0.825676, 3.64168, 0.812359, -117.429, 0.791376, 124.491
622, 10.35833, 47.6521, 52.7538, 43.0783, -41.6638, 49.5728, -176.79, 0.825446, 3.62633, 0.812053, -117.438, 0.791135, 124.481
622, 10.36667, 47.738, 52.8327, 43.1808, -41.605, 49.6585, -176.727, 0.825216, 3.61102, 0.811747, -117.448, 0.790895, 124.471
623, 10.37500, 47.824, 52.9111, 43.2833, -41.5466, 49.7442, -176.664, 0.824988, 3.59575, 0.811444, -117.458, 0.790656, 124.461
623, 10.38333, 47.9101, 52.9892, 43.3858, -41.4886, 49.83, -176.602, 0.824761, 3.58053, 0.811141, -117.467, 0.790417, 124.451
624, 10.39167, 47.9962, 53.0668, 43.4884, -41.4309, 49.9157, -176.54, 0.824534, 3.56535, 0.810839, -117.477, 0.79018, 124.441
624, 10.40000, 48.0825, 53.144, 43.5908, -41.3736, 50.0015, -176.479, 0.824309, 3.55021, 0.810538, -117.487, 0.789943, 124.431
625, 10.40833, 48.1689, 53.2208, 43.6933, -41.3167, 50.0873, -176.417, 0.824084, 3.53512, 0.810238, -117.496, 0.789707, 124.421
625, 10.41667, 48.2553, 53.2971, 43.7958, -41.2602, 50.1732, -176.357, 0.82386, 3.52006, 0.809939, -117.506, 0.789471, 124.412
626, 10.42500, 48.3419, 53.3731, 43.8982, -41.204, 50.259, -176.296, 0.823637, 3.50505, 0.809642, -117.515, 0.789236, 124.402
626, 10.43333, 48.4285, 53.4486, 44.0006, -41.1481, 50.3449, -176.236, 0.823415, 3.49008, 0.809345, -117.525, 0.789003, 124.392
627, 10.44167, 48.5153, 53.5238, 44.1031, -41.0926, 50.4308, -176.176, 0.823194, 3.47515, 0.809049, -117.534, 0.788769, 124.382
627, 10.45000, 48.6021, 53.5985, 44.2055, -41.0375, 50.5167, -176.116, 0.822974, 3.46026, 0.808754, -117.544, 0.788537, 124.372
628, 10.45833, 48.689, 53.6728, 44.3078, -40.9827, 50.6026, -176.056, 0.822754, 3.44542, 0.80846, -117.553, 0.788306, 124.363
628, 10.46667, 48.776, 53.7468, 44.4102, -40.9282, 50.6885, -175.997, 0.822536, 3.43061, 0.808168, -117.562, 0.788075, 124.353
629, 10.47500, 48.8631, 53.8203, 44.5126, -40.8741, 50.7745, -175.938, 0.822318, 3.41584, 0.807876, -117.571, 0.787845, 124.344
629, 10.48333, 48.9503, 53.8935, 44.6149, -40.8203, 50.8605, -175.88, 0.822101, 3.40112, 0.807585, -117.581, 0.787615, 124.334
630, 10.49167, 49.0376, 53.9662, 44.7172, -40.7668, 50.9465, -175.822, 0.821885, 3.38643, 0.807295, -117.59, 0.787387, 124.324
630, 10.50000, 49.1249, 54.0386, 44.8195, -40.7137, 51.0325, -175.764, 0.82167, 3.37178, 0.807006, -117.599, 0.787159, 124.315
631, 10.50833, 49.2123, 54.1106, 44.9218, -40.6609, 51.1185, -175.706, 0.821456, 3.35718, 0.806718, -117.608, 0.786932, 124.305
631, 10.51667, 49.2999, 54.1822, 45.0241, -40.6084, 51.2045, -175.648, 0.821242, 3.34261, 0.806431, -117.617, 0.786706, 124.296
632, 10.52500, 49.3875, 54.2534, 45.1264, -40.5562, 51.2906, -175.591, 0.82103, 3.32808, 0.806146, -117.627, 0.78648, 124.286
632, 10.53333, 49.4752, 54.3242, 45.2286, -40.5044, 51.3767, -175.535, 0.820818, 3.31359, 0.805861, -117.636, 0.786255, 124.277
633, 10.54167, 49.563, 54.3946, 45.3308, -40.4528, 51.4628, -175.478, 0.820607, 3.29914, 0.805577, -117.645, 0.786031, 124.268
633, 10.55000, 49.6508, 54.4647, 45.433, -40.4016, 51.5489, -175.422, 0.820397, 3.28473, 0.805293, -117.654, 0.785808, 124.258
634, 10.55833, 49.7388, 54.5344, 45.5352, -40.3507, 51.635, -175.366, 0.820188, 3.27036, 0.805011, -117.663, 0.785585, 124.249
634, 10.56667, 49.8268, 54.6038, 45.6374, -40.3001, 51.7211, -175.31, 0.819979, 3.25602, 0.80473, -117.671, 0.785363, 124.24
635, 10.57500, 49.9149, 54.6727, 45.7396, -40.2498, 51.8073, -175.254, 0.819772, 3.24173, 0.80445, -117.68, 0.785142, 124.231
635, 10.58333, 50.0031, 54.7413, 45.8417, -40.1998, 51.8934, -175.199, 0.819565, 3.22747, 0.804171, -117.689, 0.784922, 124.221
636, 10.59167, 50.0913, 54.8095, 45.9438, -40.1501, 51.9796, -175.144, 0.819359, 3.21325, 0.803892, -117.698, 0.784702, 124.212
636, 10.60000, 50.1797, 54.8774, 46.046, -40.1007, 52.0658, -175.09, 0.819154, 3.19906, 0.803615, -117.707, 0.784483, 124.203
637, 10.60833, 50.2681, 54.9449, 46.148, -40.0516, 52.152, -175.035, 0.818949, 3.18492, 0.803338, -117.716, 0.784265, 124.194
637, 10.61667, 50.3566, 55.0121, 46.2501, -40.0028, 52.2382, -174.981, 0.818746, 3.1708, 0.803063, -117.724, 0.784047, 124.185
638, 10.62500, 50.4451, 55.0789, 46.3522, -39.9543, 52.3244, -174.927, 0.818543, 3.15673, 0.802788, -117.733, 0.78383, 124.176
638, 10.63333, 50.5338, 55.1453, 46.4542, -39.9061, 52.4107, -174.874, 0.818341, 3.1427, 0.802514, -117.742, 0.783614, 124.167
639, 10.64167, 50.6225, 55.2114, 46.5562, -39.8581, 52.4969, -174.82, 0.81814, 3.1287, 0.802241, -117.75, 0.783398, 124.158
639, 10.65000, 50.7113, 55.2772, 46.6582, -39.8105, 52.5832, -174.767, 0.81794, 3.11473, 0.801969, -117.759, 0.783184, 124.149
640, 10.65833, 50.8001, 55.3425, 46.7602, -39.7631, 52.6694, -174.714, 0.81774, 3.10081, 0.801698, -117.768, 0.78297, 124.14
640, 10.66667, 50.8891, 55.4076, 46.8622, -39.7159, 52.7557, -174.662, 0.817542, 3.08691, 0.801428, -117.776, 0.782756, 124.131
641, 10.67500, 50.9781, 55.4723, 46.9641, -39.6691, 52.842, -174.609, 0.817344, 3.07306, 0.801159, -117.785, 0.782543, 124.122
641, 10.68333, 51.0671, 55.5367, 47.0661, -39.6226, 52.9283, -174.557, 0.817147, 3.05924, 0.800891, -117.793, 0.782332, 124.113
642, 10.69167, 51.1563, 55.6007, 47.168, -39.5763, 53.0146, -174.505, 0.81695, 3.04545, 0.800623, -117.802, 0.78212, 124.105
642, 10.70000, 51.2455, 55.6644, 47.2699, -39.5302, 53.1009, -174.454, 0.816755, 3.0317, 0.800357, -117.81, 0.78191, 124.096
643, 10.70833, 51.3348, 55.7277, 47.3718, -39.4845, 53.1872, -174.402, 0.81656, 3.01799, 0.800091, -117.819, 0.7817, 124.087
643, 10.71667, 51.4241, 55.7908, 47.4736, -39.439, 53.2735, -174.351, 0.816366, 3.00431, 0.799826, -117.827, 0.78149, 124.078
644, 10.72500, 51.5136, 55.8535, 47.5755, -39.3937, 53.3599, -174.3, 0.816173, 2.99066, 0.799562, -117.835, 0.781282, 124.07
644, 10.73333, 51.6031, 55.9158, 47.6773, -39.3488, 53.4462, -174.25, 0.81598, 2.97705, 0.799299, -117.844, 0.781074, 124.061
645, 10.74167, 51.6926, 55.9779, 47.7791, -39.304, 53.5326, -174.199, 0.815789, 2.96348, 0.799037, -117.852, 0.780867, 124.052
645, 10.75000, 51.7822, 56.0396, 47.8809, -39.2596, 53.6189, -174.149, 0.815598, 2.94994, 0.798776, -117.86, 0.78066, 124.044
646, 10.75833, 51.8719, 56.101, 47.9827, -39.2154, 53.7053, -174.099, 0.815408, 2.93643, 0.798515, -117.869, 0.780454, 124.035
646, 10.76667, 51.9617, 56.1621, 48.0844, -39.1714, 53.7917, -174.05, 0.815218, 2.92295, 0.798256, -117.877, 0.780249, 124.027
647, 10.77500, 52.0515, 56.2228, 48.1862, -39.1277, 53.878, -174, 0.81503, 2.90951, 0.797997, -117.885, 0.780044, 124.018
647, 10.78333, 52.1414, 56.2832, 48.2879, -39.0842, 53.9644, -173.951, 0.814842, 2.89611, 0.797739, -117.893, 0.77984, 124.01
648, 10.79167, 52.2313, 56.3434, 48.3896, -39.041, 54.0508, -173.902, 0.814655, 2.88273, 0.797482, -117.901, 0.779637, 124.001
648, 10.80000, 52.3214, 56.4032, 48.4913, -38.998, 54.1372, -173.853, 0.814468, 2.86939, 0.797226, -117.909, 0.779435, 123.993
649, 10.80833, 52.4114, 56.4627, 48.5929, -38.9553, 54.2236, -173.805, 0.814283, 2.85608, 0.796971, -117.918, 0.779233, 123.984
649, 10.81667, 52.5016, 56.5218, 48.6946, -38.9128, 54.31, -173.756, 0.814098, 2.84281, 0.796716, -117.926, 0.779031, 123.976
650, 10.82500, 52.5918, 56.5807, 48.7962, -38.8706, 54.3964, -173.708, 0.813914, 2.82957, 0.796463, -117.934, 0.778831, 123.968
650, 10.83333, 52.682, 56.6393, 48.8978, -38.8285, 54.4828, -173.66, 0.813731, 2.81636, 0.79621, -117.942, 0.778631, 123.959
651, 10.84167, 52.7724, 56.6976, 48.9994, -38.7867, 54.5693, -173.613, 0.813548, 2.80318, 0.795958, -117.95, 0.778431, 123.951
651, 10.85000, 52.8627, 56.7555, 49.101, -38.7452, 54.6557, -173.565, 0.813366, 2.79003, 0.795707, -117.958, 0.778233, 123.943
652, 10.85833, 52.9532, 56.8132, 49.2026, -38.7038, 54.7421, -173.518, 0.813185, 2.77692, 0.795456, -117.965, 0.778035, 123.935
652, 10.86667, 53.0437, 56.8706, 49.3041, -38.6627, 54.8285, -173.471, 0.813005, 2.76384, 0.795207, -117.973, 0.777837, 123.926
653, 10.87500, 53.1343, 56.9276, 49.4056, -38.6219, 54.915, -173.424, 0.812825, 2.75079, 0.794958, -117.981, 0.777641, 123.918
653, 10.88333, 53.2249, 56.9844, 49.5071, -38.5812, 55.0014, -173.378, 0.812646, 2.73777, 0.79471, -117.989, 0.777444, 123.91
654, 10.89167, 53.3156, 57.0409, 49.6086, -38.5408, 55.0879, -173.331, 0.812468, 2.72478, 0.794463, -117.997, 0.777249, 123.902
654, 10.90000, 53.4063, 57.0971, 49.7101, -38.5006, 55.1743, -173.285, 0.81229, 2.71182, 0.794217, -118.005, 0.777054, 123.894
655, 10.90833, 53.4971, 57.153, 49.8115, -38.4606, 55.2607, -173.239, 0.812114, 2.6989, 0.793972, -118.012, 0.77686, 123.886
655, 10.91667, 53.5879, 57.2086, 49.913, -38.4208, 55.3472, -173.193, 0.811938, 2.68601, 0.793727, -118.02, 0.776666, 123.878
656, 10.92500, 53.6789, 57.2639, 50.0144, -38.3813, 55.4336, -173.148, 0.811762, 2.67314, 0.793483, -118.028, 0.776473, 123.87
656, 10.93333, 53.7698, 57.319, 50.1158, -38.3419, 55.5201, -173.103, 0.811588, 2.66031, 0.79324, -118.036, 0.776281, 123.862
657, 10.94167, 53.8608, 57.3737, 50.2172, -38.3028, 55.6066, -173.058, 0.811414, 2.64751, 0.792998, -118.043, 0.776089, 123.854
657, 10.95000, 53.9519, 57.4282, 50.3185, -38.2639, 55.693, -173.013, 0.811241, 2.63473, 0.792756, -118.051, 0.775898, 123.846
658, 10.95833, 54.043, 57.4824, 50.4199, -38.2251, 55.7795, -172.968, 0.811068, 2.62199, 0.792516, -118.059, 0.775707, 123.838
658, 10.96667, 54.1342, 57.5363, 50.5212, -38.1866, 55.8659, -172.923, 0.810896, 2.60928, 0.792276, -118.066, 0.775517, 123.83
659, 10.97500, 54.2255, 57.59, 50.6225, -38.1483, 55.9524, -172.879, 0.810725, 2.5966, 0.792037, -118.074, 0.775328, 123.822
659, 10.98333, 54.3168, 57.6433, 50.7238, -38.1102, 56.0388, -172.835, 0.810555, 2.58394, 0.791798, -118.081, 0.775139, 123.814
660, 10.99167, 54.4081, 57.6964, 50.8251, -38.0723, 56.1253, -172.791, 0.810385, 2.57132, 0.791561, -118.089, 0.774951, 123.807
660, 11.00000, 54.4995, 57.7492, 50.9263, -38.0346, 56.2118, -172.747, 0.810217, 2.55873, 0.791324, -118.096, 0.774764, 123.799
661, 11.00833, 54.591, 57.8018, 51.0276, -37.9971, 56.2982, -172.704, 0.810048, 2.54616, 0.791088, -118.104, 0.774577, 123.791
661, 11.01667, 54.6825, 57.8541, 51.1288, -37.9598, 56.3847, -172.661, 0.809881, 2.53363, 0.790853, -118.111, 0.774391, 123.783
662, 11.02500, 54.774, 57.9061, 51.23, -37.9227, 56.4712, -172.617, 0.809714, 2.52112, 0.790618, -118.119, 0.774205, 123.776
662, 11.03333, 54.8656, 57.9579, 51.3312, -37.8858, 56.5576, -172.575, 0.809548, 2.50864, 0.790384, -118.126, 0.77402, 123.768
663, 11.04167, 54.9573, 58.0094, 51.4324, -37.8491, 56.6441, -172.532, 0.809382, 2.49619, 0.790151, -118.133, 0.773835, 123.76
663, 11.05000, 55.049, 58.0606, 51.5335, -37.8126, 56.7306, -172.489, 0.809217, 2.48377, 0.789919, -118.141, 0.773651, 123.753
664, 11.05833, 55.1408, 58.1115, 51.6346, -37.7763, 56.817, -172.447, 0.809053, 2.47138, 0.789688, -118.148, 0.773468, 123.745
664, 11.06667, 55.2326, 58.1623, 51.7358, -37.7401, 56.9035, -172.405, 0.80889, 2.45901, 0.789457, -118.155, 0.773285, 123.737
665, 11.07500, 55.3244, 58.2127, 51.8369, -37.7041, 56.99, -172.363, 0.808727, 2.44668, 0.789227, -118.163, 0.773103, 123.73
665, 11.08333, 55.4163, 58.2629, 51.9379, -37.6684, 57.0764, -172.321, 0.808565, 2.43437, 0.788998, -118.17, 0.772922, 123.722
666, 11.09167, 55.5083, 58.3129, 52.039, -37.6328, 57.1629, -172.279, 0.808404, 2.42209, 0.788769, -118.177, 0.772741, 123.715
666, 11.10000, 55.6003, 58.3625, 52.1401, -37.5974, 57.2493, -172.238, 0.808243, 2.40983, 0.788542, -118.184, 0.77256, 123.707
667, 11.10833, 55.6924, 58.412, 52.2411, -37.5622, 57.3358, -172.197, 0.808083, 2.39761, 0.788315, -118.192, 0.77238, 123.7
667, 11.11667, 55.7845, 58.4612, 52.3421, -37.5271, 57.4223, -172.155, 0.807923, 2.38541, 0.788088, -118.199, 0.772201, 123.692
668, 11.12500, 55.8766, 58.5101, 52.4431, -37.4922, 57.5087, -172.115, 0.807765, 2.37324, 0.787863, -118.206, 0.772022, 123.685
668, 11.13333, 55.9688, 58.5588, 52.5441, -37.4576, 57.5952, -172.074, 0.807607, 2.36109, 0.787638, -118.213, 0.771844, 123.678
669, 11.14167, 56.0611, 58.6072, 52.6451, -37.423, 57.6816, -172.033, 0.807449, 2.34898, 0.787414, -118.22, 0.771667, 123.67
669, 11.15000, 56.1534, 58.6554, 52.746, -37.3887, 57.7681, -171.993, 0.807292, 2.33689, 0.78719, -118.227, 0.77149, 123.663
670, 11.15833, 56.2457, 58.7034, 52.847, -37.3545, 57.8545, -171.953, 0.807136, 2.32482, 0.786968, -118.234, 0.771313, 123.655
670, 11.16667, 56.3381, 58.7511, 52.9479, -37.3205, 57.941, -171.913, 0.806981, 2.31278, 0.786746, -118.241, 0.771138, 123.648
671, 11.17500, 56.4306, 58.7986, 53.0488, -37.2867, 58.0274, -171.873, 0.806826, 2.30077, 0.786525, -118.248, 0.770962, 123.641
671, 11.18333, 56.523, 58.8458, 53.1497, -37.2531, 58.1138, -171.833, 0.806672, 2.28879, 0.786304, -118.255, 0.770788, 123.634
672, 11.19167, 56.6156, 58.8928, 53.2506, -37.2196, 58.2003, -171.794, 0.806519, 2.27683, 0.786084, -118.262, 0.770613, 123.626
672, 11.20000, 56.7081, 58.9396, 53.3514, -37.1863, 58.2867, -171.754, 0.806366, 2.2649, 0.785865, -118.269, 0.77044, 123.619
673, 11.20833, 56.8008, 58.9861, 53.4523, -37.1531, 58.3731, -171.715, 0.806214, 2.25299, 0.785647, -118.276, 0.770267, 123.612
673, 11.21667, 56.8934, 59.0324, 53.5531, -37.1201, 58.4596, -171.676, 0.806062, 2.24111, 0.785429, -118.283, 0.770094, 123.605
674, 11.22500, 56.9861, 59.0785, 53.6539, -37.0873, 58.546, -171.637, 0.805911, 2.22926, 0.785212, -118.29, 0.769922, 123.598
674, 11.23333, 57.0789, 59.1243, 53.7547, -37.0547, 58.6324, -171.599, 0.805761, 2.21743, 0.784996, -118.297, 0.769751, 123.591
675, 11.24167, 57.1717, 59.1699, 53.8555, -37.0222, 58.7189, -171.56, 0.805611, 2.20562, 0.78478, -118.304, 0.76958, 123.583
675, 11.25000, 57.2645, 59.2153, 53.9563, -36.9898, 58.8053, -171.522, 0.805462, 2.19384, 0.784565, -118.31, 0.76941, 123.576
676, 11.25833, 57.3574, 59.2605, 54.057, -36.9576, 58.8917, -171.484, 0.805314, 2.18209, 0.784351, -118.317, 0.76924, 123.569
676, 11.26667, 57.4503, 59.3054, 54.1578, -36.9256, 58.9781, -171.446, 0.805166, 2.17036, 0.784138, -118.324, 0.769071, 123.562
677, 11.27500, 57.5433, 59.3501, 54.2585, -36.8938, 59.0645, -171.408, 0.805019, 2.15866, 0.783925, -118.331, 0.768902, 123.555
677, 11.28333, 57.6363, 59.3946, 54.3592, -36.862, 59.1509, -171.37, 0.804873, 2.14698, 0.783713, -118.338, 0.768734, 123.548
678, 11.29167, 57.7294, 59.4388, 54.4599, -36.8305, 59.2373, -171.332, 0.804727, 2.13532, 0.783501, -118.344, 0.768566, 123.541
678, 11.30000, 57.8225, 59.4829, 54.5606, -36.7991, 59.3237, -171.295, 0.804582, 2.12369, 0.78329, -118.351, 0.768399, 123.534
679, 11.30833, 57.9156, 59.5267, 54.6612, -36.7678, 59.4101, -171.258, 0.804437, 2.11209, 0.78308, -118.358, 0.768233, 123.527
679, 11.31667, 58.0088, 59.5703, 54.7619, -36.7367, 59.4965, -171.221, 0.804293, 2.1005, 0.782871, -118.364, 0.768067, 123.521
680, 11.32500, 58.102, 59.6137, 54.8625, -36.7058, 59.5828, -171.184, 0.80415, 2.08895, 0.782662, -118.371, 0.767901, 123.514
680, 11.33333, 58.1953, 59.6568, 54.9632, -36.675, 59.6692, -171.147, 0.804007, 2.07741, 0.782454, -118.378, 0.767736, 123.507
681, 11.34167, 58.2886, 59.6998, 55.0638, -36.6443, 59.7556, -171.11, 0.803865, 2.0659, 0.782246, -118.384, 0.767572, 123.5
681, 11.35000, 58.3819, 59.7425, 55.1644, -36.6138, 59.842, -171.074, 0.803723, 2.05442, 0.78204, -118.391, 0.767408, 123.493
682, 11.35833, 58.4753, 59.7851, 55.2649, -36.5835, 59.9283, -171.038, 0.803582, 2.04295, 0.781834, -118.397, 0.767245, 123.486
682, 11.36667, 58.5688, 59.8274, 55.3655, -36.5532, 60.0147, -171.002, 0.803442, 2.03151, 0.781628, -118.404, 0.767082, 123.48
683, 11.37500, 58.6622, 59.8695, 55.4661, -36.5232, 60.101, -170.966, 0.803303, 2.0201, 0.781423, -118.41, 0.766919, 123.473
683, 11.38333, 58.7558, 59.9114, 55.5666, -36.4932, 60.1874, -170.93, 0.803163, 2.00871, 0.781219, -118.417, 0.766758, 123.466
684, 11.39167, 58.8493, 59.9531, 55.6671, -36.4634, 60.2737, -170.894, 0.803025, 1.99734, 0.781016, -118.423, 0.766596, 123.459
684, 11.40000, 58.9429, 59.9946, 55.7676, -36.4338, 60.3601, -170.858, 0.802887, 1.98599, 0.780813, -118.43, 0.766435, 123.453
685, 11.40833, 59.0365, 60.0359, 55.8681, -36.4043, 60.4464, -170.823, 0.80275, 1.97467, 0.78061, -118.436, 0.766275, 123.446
685, 11.41667, 59.1302, 60.077, 55.9686, -36.3749, 60.5327, -170.788, 0.802613, 1.96337, 0.780409, -118.443, 0.766115, 123.439
686, 11.42500, 59.2239, 60.1178, 56.0691, -36.3457, 60.619, -170.753, 0.802477, 1.95209, 0.780208, -118.449, 0.765956, 123.433
686, 11.43333, 59.3177, 60.1585, 56.1696, -36.3166, 60.7054, -170.718, 0.802342, 1.94084, 0.780008, -118.455, 0.765797, 123.426
687, 11.44167, 59.4115, 60.199, 56.27, -36.2876, 60.7917, -170.683, 0.802207, 1.92961, 0.779808, -118.462, 0.765639, 123.42
687, 11.45000, 59.5053, 60.2393, 56.3704, -36.2588, 60.878, -170.648, 0.802073, 1.9184, 0.779609, -118.468, 0.765481, 123.413
688, 11.45833, 59.5992, 60.2793, 56.4709, -36.2301, 60.9643, -170.614, 0.801939, 1.90721, 0.779411, -118.475, 0.765324, 123.406
688, 11.46667, 59.6931, 60.3192, 56.5713, -36.2015, 61.0506, -170.579, 0.801806, 1.89604, 0.779213, -118.481, 0.765167, 123.4
689, 11.47500, 59.787, 60.3589, 56.6717, -36.1731, 61.1369, -170.545, 0.801673, 1.8849, 0.779016, -118.487, 0.765011, 123.393
689, 11.48333, 59.881, 60.3984, 56.7721, -36.1448, 61.2232, -170.511, 0.801541, 1.87378, 0.778819, -118.493, 0.764855, 123.387
690, 11.49167, 59.975, 60.4377, 56.8724, -36.1166, 61.3094, -170.477, 0.80141, 1.86268, 0.778623, -118.5, 0.7647, 123.38
690, 11.50000, 60.0691, 60.4768, 56.9728, -36.0886, 61.3957, -170.443, 0.801279, 1.8516, 0.778428, -118.506, 0.764545, 123.374
691, 11.50833, 60.1632, 60.5157, 57.0732, -36.0607, 61.482, -170.409, 0.801149, 1.84054, 0.778233, -118.512, 0.764391, 123.368
691, 11.51667, 60.2573, 60.5544, 57.1735, -36.0329, 61.5682, -170.376, 0.801019, 1.82951, 0.778039, -118.518, 0.764237, 123.361
692, 11.52500, 60.3515, 60.593, 57.2738, -36.0052, 61.6545, -170.342, 0.80089, 1.81849, 0.777846, -118.524, 0.764084, 123.355
692, 11.53333, 60.4457, 60.6313, 57.3741, -35.9777, 61.7407, -170.309, 0.800762, 1.8075, 0.777653, -118.531, 0.763931, 123.348
693, 11.54167, 60.54, 60.6695, 57.4744, -35.9503, 61.827, -170.276, 0.800634, 1.79653, 0.777461, -118.537, 0.763779, 123.342
693, 11.55000, 60.6343, 60.7075, 57.5747, -35.923, 61.9132, -170.243, 0.800507, 1.78558, 0.777269, -118.543, 0.763627, 123.336
694, 11.55833, 60.7286, 60.7453, 57.675, -35.8958, 61.9994, -170.21, 0.80038, 1.77465, 0.777078, -118.549, 0.763476, 123.329
694, 11.56667, 60.8229, 60.7829, 57.7753, -35.8688, 62.0857, -170.177, 0.800254, 1.76374, 0.776888, -118.555, 0.763325, 123.323
695, 11.57500, 60.9173, 60.8203, 57.8756, -35.8419, 62.1719, -170.144, 0.800128, 1.75286, 0.776698, -118.561, 0.763174, 123.317
695, 11.58333, 61.0118, 60.8575, 57.9758, -35.8151, 62.2581, -170.112, 0.800003, 1.74199, 0.776509, -118.567, 0.763025, 123.311
696, 11.59167, 61.1063, 60.8946, 58.076, -35.7884, 62.3443, -170.079, 0.799879, 1.73114, 0.77632, -118.573, 0.762875, 123.304
696, 11.60000, 61.2008, 60.9314, 58.1763, -35.7618, 62.4305, -170.047, 0.799755, 1.72032, 0.776132, -118.579, 0.762726, 123.298
697, 11.60833, 61.2953, 60.9681, 58.2765, -35.7354, 62.5167, -170.015, 0.799632, 1.70951, 0.775945, -118.585, 0.762578, 123.292
697, 11.61667, 61.3899, 61.0047, 58.3767, -35.709, 62.6029, -169.983, 0.799509, 1.69873, 0.775758, -118.591, 0.76243, 123.286
698, 11.62500, 61.4845, 61.041, 58.4769, -35.6828, 62.689, -169.951, 0.799387, 1.68796, 0.775572, -118.597, 0.762282, 123.28
698, 11.63333, 61.5792, 61.0772, 58.5771, -35.6567, 62.7752, -169.919, 0.799265, 1.67722, 0.775386, -118.603, 0.762135, 123.273
699, 11.64167, 61.6738, 61.1132, 58.6773, -35.6308, 62.8614, -169.888, 0.799144, 1.66649, 0.775201, -118.609, 0.761989, 123.267
699, 11.65000, 61.7686, 61.149, 58.7774, -35.6049, 62.9475, -169.856, 0.799023, 1.65579, 0.775017, -118.615, 0.761842, 123.261
700, 11.65833, 61.8633, 61.1846, 58.8776, -35.5791, 63.0337, -169.825, 0.798903, 1.6451, 0.774833, -118.621, 0.761697, 123.255
700, 11.66667, 61.9581, 61.2201, 58.9777, -35.5535, 63.1198, -169.794, 0.798784, 1.63443, 0.77465, -118.627, 0.761551, 123.249
701, 11.67500, 62.053, 61.2554, 59.0779, -35.528, 63.206, -169.762, 0.798665, 1.62379, 0.774467, -118.633, 0.761407, 123.243
701, 11.68333, 62.1478, 61.2905, 59.178, -35.5026, 63.2921, -169.731, 0.798546, 1.61316, 0.774285, -118.639, 0.761263, 123.237
702, 11.69167, 62.2427, 61.3255, 59.2781, -35.4773, 63.3782, -169.7, 0.798428, 1.60255, 0.774103, -118.645, 0.761119, 123.231
702, 11.70000, 62.3377, 61.3603, 59.3782, -35.4521, 63.4643, -169.67, 0.798311, 1.59196, 0.773922, -118.65, 0.760975, 123.225
703, 11.70833, 62.4326, 61.3949, 59.4783, -35.427, 63.5504, -169.639, 0.798194, 1.5814, 0.773742, -118.656, 0.760832, 123.219
703, 11.71667, 62.5276, 61.4293, 59.5784, -35.402, 63.6366, -169.608, 0.798078, 1.57084, 0.773562, -118.662, 0.76069, 123.213
704, 11.72500, 62.6227, 61.4636, 59.6785, -35.3771, 63.7226, -169.578, 0.797963, 1.56031, 0.773383, -118.668, 0.760548, 123.207
704, 11.73333, 62.7178, 61.4977, 59.7786, -35.3524, 63.8087, -169.548, 0.797847, 1.5498, 0.773204, -118.674, 0.760406, 123.201
705, 11.74167, 62.8129, 61.5317, 59.8787, -35.3277, 63.8948, -169.518, 0.797733, 1.53931, 0.773026, -118.679, 0.760265, 123.195
705, 11.75000, 62.908, 61.5655, 59.9787, -35.3031, 63.9809, -169.487, 0.797619, 1.52883, 0.772848, -118.685, 0.760125, 123.189
706, 11.75833, 63.0032, 61.5991, 60.0788, -35.2787, 64.0669, -169.458, 0.797505, 1.51838, 0.772671, -118.691, 0.759984, 123.183
706, 11.76667, 63.0984, 61.6326, 60.1788, -35.2543, 64.153, -169.428, 0.797392, 1.50794, 0.772495, -118.696, 0.759845, 123.177
707, 11.77500, 63.1937, 61.6659, 60.2789, -35.2301, 64.2391, -169.398, 0.79728, 1.49752, 0.772319, -118.702, 0.759705, 123.172
707, 11.78333, 63.2889, 61.699, 60.3789, -35.206, 64.3251, -169.368, 0.797168, 1.48712, 0.772143, -118.708, 0.759567, 123.166
708, 11.79167, 63.3843, 61.732, 60.4789, -35.1819, 64.4111, -169.339, 0.797056, 1.47673, 0.771969, -118.713, 0.759428, 123.16
708, 11.80000, 63.4796, 61.7649, 60.5789, -35.158, 64.4972, -169.309, 0.796946, 1.46637, 0.771794, -118.719, 0.75929, 123.154
709, 11.80833, 63.575, 61.7975, 60.6789, -35.1342, 64.5832, -169.28, 0.796835, 1.45602, 0.771621, -118.725, 0.759153, 123.148
709, 11.81667, 63.6704, 61.83, 60.7789, -35.1104, 64.6692, -169.251, 0.796725, 1.44569, 0.771447, -118.73, 0.759016, 123.143
710, 11.82500, 63.7659, 61.8624, 60.8789, -35.0868, 64.7552, -169.222, 0.796616, 1.43538, 0.771275, -118.736, 0.758879, 123.137
710, 11.83333, 63.8614, 61.8946, 60.9789, -35.0632, 64.8412, -169.193, 0.796507, 1.42509, 0.771103, -118.741, 0.758743, 123.131
711, 11.84167, 63.9569, 61.9266, 61.0789, -35.0398, 64.9272, -169.164, 0.796399, 1.41481, 0.770931, -118.747, 0.758607, 123.125
711, 11.85000, 64.0524, 61.9585, 61.1789, -35.0165, 65.0132, -169.135, 0.796291, 1.40455, 0.77076, -118.753, 0.758471, 123.12
712, 11.85833, 64.148, 61.9903, 61.2788, -34.9932, 65.0992, -169.107, 0.796184, 1.39431, 0.77059, -118.758, 0.758337, 123.114
712, 11.86667, 64.2437, 62.0219, 61.3788, -34.9701, 65.1851, -169.078, 0.796077, 1.38409, 0.77042, -118.764, 0.758202, 123.108
713, 11.87500, 64.3393, 62.0533, 61.4787, -34.947, 65.2711, -169.05, 0.795971, 1.37388, 0.77025, -118.769, 0.758068, 123.103
713, 11.88333, 64.435, 62.0846, 61.5787, -34.924, 65.357, -169.022, 0.795865, 1.36369, 0.770081, -118.775, 0.757934, 123.097
714, 11.89167, 64.5307, 62.1157, 61.6786, -34.9012, 65.443, -168.993, 0.79576, 1.35352, 0.769913, -118.78, 0.757801, 123.092
714, 11.90000, 64.6265, 62.1467, 61.7786, -34.8784, 65.5289, -168.965, 0.795656, 1.34337, 0.769745, -118.785, 0.757668, 123.086
715, 11.90833, 64.7223, 62.1776, 61.8785, -34.8557, 65.6149, -168.937, 0.795551, 1.33323, 0.769578, -118.791, 0.757536, 123.08
715, 11.91667, 64.8181, 62.2083, 61.9784, -34.8331, 65.7008, -168.909, 0.795448, 1.32311, 0.769411, -118.796, 0.757404, 123.075
716, 11.92500, 64.914, 62.2388, 62.0783, -34.8106, 65.7867, -168.882, 0.795345, 1.313, 0.769245, -118.802, 0.757273, 123.069
716, 11.93333, 65.0098, 62.2692, 62.1782, -34.7882, 65.8726, -168.854, 0.795242, 1.30291, 0.769079, -118.807, 0.757141, 123.064
717, 11.94167, 65.1058, 62.2995, 62.2781, -34.7659, 65.9585, -168.826, 0.79514, 1.29284, 0.768914, -118.813, 0.757011, 123.058
717, 11.95000, 65.2017, 62.3296, 62.378, -34.7437, 66.0444, -168.799, 0.795038, 1.28279, 0.768749, -118.818, 0.756881, 123.053
718, 11.95833, 65.2977, 62.3595, 62.4779, -34.7216, 66.1303, -168.772, 0.794937, 1.27275, 0.768585, -118.823, 0.756751, 123.047
718, 11.96667, 65.3937, 62.3894, 62.5778, -34.6995, 66.2162, -168.744, 0.794836, 1.26273, 0.768421, -118.829, 0.756621, 123.042
719, 11.97500, 65.4898, 62.419, 62.6777, -34.6776, 66.302, -168.717, 0.794736, 1.25272, 0.768258, -118.834, 0.756492, 123.036
719, 11.98333, 65.5859, 62.4486, 62.7776, -34.6557, 66.3879, -168.69, 0.794636, 1.24273, 0.768096, -118.839, 0.756364, 123.031
720, 11.99167, 65.682, 62.478, 62.8775, -34.6339, 66.4737, -168.663, 0.794537, 1.23276, 0.767933, -118.845, 0.756235, 123.025
720, 12.00000, 65.7782, 62.5072, 62.9774, -34.6122, 66.5596, -168.636, 0.794439, 1.2228, 0.767772, -118.85, 0.756108, 123.02
721, 12.00833, 65.8743, 62.5364, 63.0772, -34.5906, 66.6454, -168.609, 0.79434, 1.21286, 0.767611, -118.855, 0.75598, 123.015
721, 12.01667, 65.9706, 62.5653, 63.1771, -34.5691, 66.7313, -168.583, 0.794243, 1.20293, 0.76745, -118.86, 0.755853, 123.009
722, 12.02500, 66.0668, 62.5942, 63.277, -34.5477, 66.8171, -168.556, 0.794146, 1.19302, 0.76729, -118.866, 0.755727, 123.004
722, 12.03333, 66.1631, 62.6229, 63.3768, -34.5263, 66.9029, -168.53, 0.794049, 1.18313, 0.76713, -118.871, 0.755601, 122.999
723, 12.04167, 66.2594, 62.6515, 63.4767, -34.5051, 66.9887, -168.503, 0.793953, 1.17325, 0.766971, -118.876, 0.755475, 122.993
723, 12.05000, 66.3558, 62.6799, 63.5765, -34.4839, 67.0745, -168.477, 0.793857, 1.16339, 0.766813, -118.881, 0.755349, 122.988
724, 12.05833, 66.4521, 62.7082, 63.6764, -34.4628, 67.1603, -168.451, 0.793762, 1.15354, 0.766655, -118.886, 0.755225, 122.983
724, 12.06667, 66.5486, 62.7364, 63.7762, -34.4418, 67.2461, -168.425, 0.793667, 1.14371, 0.766497, -118.892, 0.7551, 122.977
725, 12.07500, 66.645, 62.7644, 63.8761, -34.4208, 67.3318, -168.399, 0.793573, 1.13389, 0.76634, -118.897, 0.754976, 122.972
725, 12.08333, 66.7415, 62.7923, 63.9759, -34.4, 67.4176, -168.373, 0.793479, 1.12409, 0.766183, -118.902, 0.754852, 122.967
726, 12.09167, 66.838, 62.8201, 64.0757, -34.3792, 67.5034, -168.347, 0.793385, 1.1143, 0.766027, -118.907, 0.754729, 122.962
726, 12.10000, 66.9346, 62.8477, 64.1756, -34.3585, 67.5891, -168.321, 0.793293, 1.10453, 0.765871, -118.912, 0.754606, 122.956
727, 12.10833, 67.0311, 62.8752, 64.2754, -34.3379, 67.6749, -168.296, 0.7932, 1.09477, 0.765716, -118.917, 0.754483, 122.951
727, 12.11667, 67.1277, 62.9026, 64.3752, -34.3174, 67.7606, -168.27, 0.793108, 1.08503, 0.765561, -118.922, 0.754361, 122.946
728, 12.12500, 67.2244, 62.9298, 64.4751, -34.2969, 67.8463, -168.245, 0.793017, 1.0753, 0.765407, -118.928, 0.754239, 122.941
728, 12.13333, 67.3211, 62.9569, 64.5749, -34.2765, 67.932, -168.219, 0.792926, 1.06559, 0.765254, -118.933, 0.754118, 122.936
729, 12.14167, 67.4178, 62.9839, 64.6747, -34.2562, 68.0178, -168.194, 0.792835, 1.05589, 0.7651, -118.938, 0.753997, 122.93
729, 12.15000, 67.5145, 63.0107, 64.7745, -34.236, 68.1035, -168.169, 0.792745, 1.04621, 0.764948, -118.943, 0.753876, 122.925
730, 12.15833, 67.6113, 63.0375, 64.8743, -34.2159, 68.1892, -168.144, 0.792656, 1.03654, 0.764795, -118.948, 0.753756, 122.92
730, 12.16667, 67.7081, 63.0641, 64.9742, -34.1958, 68.2748, -168.119, 0.792567, 1.02689, 0.764643, -118.953, 0.753636, 122.915
731, 12.17500, 67.8049, 63.0905, 65.074, -34.1758, 68.3605, -168.094, 0.792478, 1.01725, 0.764492, -118.958, 0.753517, 122.91
731, 12.18333, 67.9018, 63.1169, 65.1738, -34.1559, 68.4462, -168.069, 0.79239, 1.00762, 0.764341, -118.963, 0.753398, 122.905
732, 12.19167, 67.9987, 63.1431, 65.2736, -34.1361, 68.5319, -168.044, 0.792302, 0.99801, 0.764191, -118.968, 0.753279, 122.9
732, 12.20000, 68.0956, 63.1692, 65.3734, -34.1163, 68.6175, -168.02, 0.792215, 0.988413, 0.764041, -118.973, 0.753161, 122.895
733, 12.20833, 68.1926, 63.1952, 65.4732, -34.0966, 68.7032, -167.995, 0.792128, 0.97883, 0.763891, -118.978, 0.753043, 122.89
733, 12.21667, 68.2896, 63.221, 65.5731, -34.077, 68.7888, -167.971, 0.792042, 0.969259, 0.763742, -118.983, 0.752925, 122.885
734, 12.22500, 68.3866, 63.2468, 65.6729, -34.0575, 68.8744, -167.946, 0.791956, 0.959704, 0.763594, -118.988, 0.752808, 122.88
734, 12.23333, 68.4837, 63.2724, 65.7727, -34.038, 68.9601, -167.922, 0.791871, 0.950163, 0.763446, -118.992, 0.752691, 122.875
735, 12.24167, 68.5808, 63.2979, 65.8725, -34.0186, 69.0457, -167.898, 0.791786, 0.940634, 0.763298, -118.997, 0.752575, 122.87
735, 12.25000, 68.6779, 63.3232, 65.9723, -33.9993, 69.1313, -167.874, 0.791702, 0.93112, 0.763151, -119.002, 0.752459, 122.865
736, 12.25833, 68.7751, 63.3485, 66.0721, -33.98, 69.2169, -167.85, 0.791618, 0.92162, 0.763004, -119.007, 0.752343, 122.86
736, 12.26667, 68.8723, 63.3736, 66.1719, -33.9608, 69.3025, -167.826, 0.791534, 0.912132, 0.762858, -119.012, 0.752228, 122.855
737, 12.27500, 68.9695, 63.3986, 66.2717, -33.9417, 69.3881, -167.802, 0.791451, 0.902658, 0.762713, -119.017, 0.752113, 122.85
737, 12.28333, 69.0668, 63.4235, 66.3715, -33.9227, 69.4736, -167.778, 0.791368, 0.893198, 0.762567, -119.022, 0.751998, 122.845
738, 12.29167, 69.1641, 63.4483, 66.4713, -33.9037, 69.5592, -167.754, 0.791286, 0.883751, 0.762422, -119.027, 0.751884, 122.84
738, 12.30000, 69.2614, 63.4729, 66.5712, -33.8848, 69.6448, -167.731, 0.791204, 0.874317, 0.762278, -119.031, 0.75177, 122.835
739, 12.30833, 69.3587, 63.4974, 66.671, -33.866, 69.7303, -167.707, 0.791123, 0.864897, 0.762134, -119.036, 0.751657, 122.83
739, 12.31667, 69.4561, 63.5219, 66.7708, -33.8473, 69.8159, -167.684, 0.791042, 0.855489, 0.761991, -119.041, 0.751544, 122.825
740, 12.32500, 69.5536, 63.5462, 66.8706, -33.8286, 69.9014, -167.66, 0.790962, 0.846095, 0.761847, -119.046, 0.751431, 122.821
740, 12.33333, 69.651, 63.5704, 66.9704, -33.8099, 69.987, -167.637, 0.790882, 0.836713, 0.761705, -119.051, 0.751319, 122.816
741, 12.34167, 69.7485, 63.5944, 67.0702, -33.7914, 70.0725, -167.614, 0.790802, 0.827344, 0.761563, -119.055, 0.751207, 122.811
741, 12.35000, 69.846, 63.6184, 67.17, -33.7729, 70.158, -167.59, 0.790723, 0.817988, 0.761421, -119.06, 0.751095, 122.806
742, 12.35833, 69.9436, 63.6422, 67.2699, -33.7545, 70.2435, -167.567, 0.790645, 0.808646, 0.76128, -119.065, 0.750984, 122.801
742, 12.36667, 70.0412, 63.666, 67.3697, -33.7361, 70.329, -167.544, 0.790567, 0.799315, 0.761139, -119.07, 0.750873, 122.796
743, 12.37500, 70.1388, 63.6896, 67.4695, -33.7178, 70.4145, -167.521, 0.790489, 0.789997, 0.760999, -119.074, 0.750763, 122.792
743, 12.38333, 70.2364, 63.7131, 67.5693, -33.6996, 70.5, -167.499, 0.790412, 0.780692, 0.760859, -119.079, 0.750653, 122.787
744, 12.39167, 70.3341, 63.7365, 67.6692, -33.6815, 70.5855, -167.476, 0.790335, 0.771399, 0.760719, -119.084, 0.750543, 122.782
744, 12.40000, 70.4318, 63.7598, 67.769, -33.6634, 70.6709, -167.453, 0.790258, 0.762119, 0.76058, -119.088, 0.750433, 122.777
745, 12.40833, 70.5295, 63.783, 67.8688, -33.6453, 70.7564, -167.431, 0.790182, 0.752851, 0.760441, -119.093, 0.750324, 122.773
745, 12.41667, 70.6273, 63.806, 67.9687, -33.6274, 70.8418, -167.408, 0.790107, 0.743594, 0.760303, -119.098, 0.750215, 122.768
746, 12.42500, 70.7251, 63.829, 68.0685, -33.6095, 70.9273, -167.386, 0.790032, 0.734351, 0.760165, -119.102, 0.750107, 122.763
746, 12.43333, 70.823, 63.8518, 68.1683, -33.5916, 71.0127, -167.363, 0.789957, 0.72512, 0.760028, -119.107, 0.749999, 122.759
747, 12.44167, 70.9209, 63.8746, 68.2682, -33.5739, 71.0982, -167.341, 0.789883, 0.7159, 0.759891, -119.112, 0.749891, 122.754
747, 12.45000, 71.0188, 63.8972, 68.368, -33.5562, 71.1836, -167.319, 0.789809, 0.706693, 0.759755, -119.116, 0.749784, 122.749
748, 12.45833, 71.1167, 63.9197, 68.4679, -33.5385, 71.269, -167.297, 0.789736, 0.697498, 0.759619, -119.121, 0.749677, 122.745
748, 12.46667, 71.2147, 63.9421, 68.5677, -33.5209, 71.3544, -167.274, 0.789663, 0.688314, 0.759483, -119.126, 0.74957, 122.74
749, 12.47500, 71.3127, 63.9644, 68.6676, -33.5034, 71.4398, -167.252, 0.78959, 0.679142, 0.759348, -119.13, 0.749464, 122.735
749, 12.48333, 71.4107, 63.9867, 68.7675, -33.4859, 71.5252, -167.231, 0.789518, 0.669983, 0.759213, -119.135, 0.749358, 122.731
750, 12.49167, 71.5088, 64.0088, 68.8673, -33.4685, 71.6106, -167.209, 0.789447, 0.660834, 0.759079, -119.139, 0.749253, 122.726
750, 12.50000, 71.6069, 64.0307, 68.9672, -33.4512, 71.696, -167.187, 0.789375, 0.651697, 0.758945, -119.144, 0.749147, 122.722
751, 12.50833, 71.7051, 64.0526, 69.0671, -33.4339, 71.7813, -167.165, 0.789304, 0.642573, 0.758811, -119.148, 0.749042, 122.717
751, 12.51667, 71.8032, 64.0744, 69.167, -33.4167, 71.8667, -167.144, 0.789234, 0.633458, 0.758678, -119.153, 0.748938, 122.713
752, 12.52500, 71.9014, 64.0961, 69.2668, -33.3995, 71.952, -167.122, 0.789164, 0.624356, 0.758545, -119.157, 0.748834, 122.708
752, 12.53333, 71.9997, 64.1177, 69.3667, -33.3824, 72.0374, -167.1, 0.789095, 0.615266, 0.758413, -119.162, 0.74873, 122.703
753, 12.54167, 72.0979, 64.1392, 69.4666, -33.3654, 72.1227, -167.079, 0.789025, 0.606185, 0.758281, -119.166, 0.748626, 122.699
753, 12.55000, 72.1962, 64.1605, 69.5665, -33.3484, 72.2081, -167.058, 0.788957, 0.597117, 0.75815, -119.171, 0.748523, 122.694
754, 12.55833, 72.2946, 64.1818, 69.6664, -33.3315, 72.2934, -167.036, 0.788889, 0.588061, 0.758019, -119.175, 0.74842, 122.69
754, 12.56667, 72.393, 64.203, 69.7663, -33.3146, 72.3787, -167.015, 0.788821, 0.579014, 0.757888, -119.18, 0.748318, 122.685
755, 12.57500, 72.4913, 64.2241, 69.8662, -33.2978, 72.464, -166.994, 0.788753, 0.569979, 0.757758, -119.184, 0.748215, 122.681
755, 12.58333, 72.5898, 64.245, 69.9661, -33.2811, 72.5493, -166.973, 0.788686, 0.560955, 0.757628, -119.189, 0.748114, 122.676
756, 12.59167, 72.6883, 64.2659, 70.0661, -33.2644, 72.6346, -166.952, 0.78862, 0.551942, 0.757499, -119.193, 0.748012, 122.672
756, 12.60000, 72.7868, 64.2867, 70.166, -33.2477, 72.7199, -166.931, 0.788553, 0.54294, 0.75737, -119.198, 0.747911, 122.668
757, 12.60833, 72.8853, 64.3073, 70.2659, -33.2311, 72.8052, -166.91, 0.788488, 0.533948, 0.757241, -119.202, 0.74781, 122.663
757, 12.61667, 72.9839, 64.3279, 70.3659, -33.2146, 72.8905, -166.889, 0.788422, 0.524967, 0.757113, -119.207, 0.74771, 122.659
758, 12.62500, 73.0825, 64.3484, 70.4658, -33.1981, 72.9757, -166.869, 0.788357, 0.515997, 0.756985, -119.211, 0.747609, 122.654
758, 12.63333, 73.1811, 64.3688, 70.5658, -33.1817, 73.061, -166.848, 0.788293, 0.507038, 0.756858, -119.215, 0.74751, 122.65
759, 12.64167, 73.2798, 64.3891, 70.6657, -33.1654, 73.1462, -166.827, 0.788228, 0.498089, 0.756731, -119.22, 0.74741, 122.646
759, 12.65000, 73.3785, 64.4092, 70.7657, -33.1491, 73.2315, -166.807, 0.788165, 0.48915, 0.756604, -119.224, 0.747311, 122.641
760, 12.65833, 73.4772, 64.4293, 70.8657, -33.1328, 73.3167, -166.786, 0.788101, 0.480223, 0.756478, -119.229, 0.747212, 122.637
760, 12.66667, 73.576, 64.4493, 70.9656, -33.1166, 73.4019, -166.766, 0.788038, 0.471304, 0.756352, -119.233, 0.747113, 122.633
761, 12.67500, 73.6748, 64.4692, 71.0656, -33.1005, 73.4872, -166.745, 0.787976, 0.462398, 0.756227, -119.237, 0.747015, 122.628
761, 12.68333, 73.7736, 64.489, 71.1656, -33.0844, 73.5724, -166.725, 0.787914, 0.453501, 0.756102, -119.242, 0.746917, 122.624
762, 12.69167, 73.8725, 64.5087, 71.2656, -33.0684, 73.6576, -166.705, 0.787852, 0.444613, 0.755977, -119.246, 0.74682, 122.62
762, 12.70000, 73.9714, 64.5283, 71.3656, -33.0524, 73.7428, -166.685, 0.787791, 0.435737, 0.755853, -119.25, 0.746723, 122.615
763, 12.70833, 74.0703, 64.5479, 71.4656, -33.0364, 73.828, -166.665, 0.78773, 0.426871, 0.755729, -119.254, 0.746626, 122.611
763, 12.71667, 74.1693, 64.5673, 71.5657, -33.0206, 73.9132, -166.645, 0.787669, 0.418013, 0.755606, -119.259, 0.746529, 122.607
764, 12.72500, 74.2683, 64.5866, 71.6657, -33.0047, 73.9984, -166.625, 0.787609, 0.409167, 0.755483, -119.263, 0.746433, 122.602
764, 12.73333, 74.3673, 64.6059, 71.7657, -32.989, 74.0835, -166.605, 0.78755, 0.40033, 0.75536, -119.267, 0.746337, 122.598
765, 12.74167, 74.4664, 64.625, 71.8658, -32.9732, 74.1687, -166.585, 0.78749, 0.391503, 0.755238, -119.272, 0.746241, 122.594
765, 12.75000, 74.5655, 64.6441, 71.9658, -32.9576, 74.2538, -166.565, 0.787431, 0.382686, 0.755116, -119.276, 0.746146, 122.59
766, 12.75833, 74.6647, 64.663, 72.0659, -32.942, 74.339, -166.546, 0.787373, 0.373879, 0.754995, -119.28, 0.746051, 122.585
766, 12.76667, 74.7638, 64.6819, 72.166, -32.9264, 74.4241, -166.526, 0.787315, 0.365081, 0.754874, -119.284, 0.745956, 122.581
767, 12.77500, 74.863, 64.7007, 72.266, -32.9109, 74.5093, -166.506, 0.787257, 0.356293, 0.754753, -119.289, 0.745862, 122.577
767, 12.78333, 74.9623, 64.7194, 72.3661, -32.8954, 74.5944, -166.487, 0.7872, 0.347515, 0.754632, -119.293, 0.745768, 122.573
768, 12.79167, 75.0616, 64.738, 72.4662, -32.88, 74.6795, -166.467, 0.787143, 0.338745, 0.754512, -119.297, 0.745674, 122.569
768, 12.80000, 75.1609, 64.7565, 72.5663, -32.8646, 74.7647, -166.448, 0.787086, 0.329985, 0.754393, -119.301, 0.74558, 122.564
769, 12.80833, 75.2602, 64.7749, 72.6664, -32.8493, 74.8498, -166.429, 0.78703, 0.321236, 0.754274, -119.305, 0.745487, 122.56
769, 12.81667, 75.3596, 64.7933, 72.7666, -32.834, 74.9349, -166.409, 0.786974, 0.312494, 0.754155, -119.31, 0.745395, 122.556
770, 12.82500, 75.459, 64.8115, 72.8667, -32.8188, 75.02, -166.39, 0.786919, 0.303763, 0.754036, -119.314, 0.745302, 122.552
770, 12.83333, 75.5585, 64.8297, 72.9669, -32.8036, 75.105, -166.371, 0.786864, 0.295041, 0.753918, -119.318, 0.74521, 122.548
771, 12.84167, 75.658, 64.8477, 73.067, -32.7885, 75.1901, -166.352, 0.786809, 0.286327, 0.753801, -119.322, 0.745118, 122.544
771, 12.85000, 75.7575, 64.8657, 73.1672, -32.7734, 75.2752, -166.333, 0.786755, 0.277623, 0.753683, -119.326, 0.745026, 122.54
772, 12.85833, 75.857, 64.8836, 73.2673, -32.7584, 75.3603, -166.314, 0.786701, 0.268928, 0.753566, -119.33, 0.744935, 122.536
772, 12.86667, 75.9566, 64.9014, 73.3675, -32.7434, 75.4454, -166.295, 0.786648, 0.260241, 0.75345, -119.335, 0.744844, 122.532
773, 12.87500, 76.0562, 64.9192, 73.4677, -32.7285, 75.5304, -166.276, 0.786595, 0.251565, 0.753333, -119.339, 0.744753, 122.527
773, 12.88333, 76.1559, 64.9368, 73.5679, -32.7136, 75.6154, -166.257, 0.786542, 0.242897, 0.753218, -119.343, 0.744663, 122.523
774, 12.89167, 76.2556, 64.9544, 73.6681, -32.6988, 75.7005, -166.239, 0.78649, 0.234237, 0.753102, -119.347, 0.744573, 122.519
774, 12.90000, 76.3553, 64.9718, 73.7684, -32.684, 75.7855, -166.22, 0.786438, 0.225586, 0.752987, -119.351, 0.744483, 122.515
775, 12.90833, 76.4551, 64.9892, 73.8686, -32.6693, 75.8706, -166.201, 0.786386, 0.216945, 0.752872, -119.355, 0.744394, 122.511
775, 12.91667, 76.5549, 65.0065, 73.9688, -32.6546, 75.9556, -166.183, 0.786335, 0.208311, 0.752758, -119.359, 0.744305, 122.507
776, 12.92500, 76.6547, 65.0237, 74.0691, -32.6399, 76.0406, -166.164, 0.786285, 0.199686, 0.752644, -119.363, 0.744216, 122.503
776, 12.93333, 76.7546, 65.0409, 74.1694, -32.6253, 76.1256, -166.146, 0.786234, 0.191071, 0.75253, -119.367, 0.744127, 122.499
777, 12.94167, 76.8545, 65.0579, 74.2696, -32.6107, 76.2106, -166.127, 0.786184, 0.182463, 0.752417, -119.371, 0.744039, 122.495
777, 12.95000, 76.9544, 65.0749, 74.3699, -32.5962, 76.2956, -166.109, 0.786135, 0.173864, 0.752304, -119.375, 0.743951, 122.491
778, 12.95833, 77.0544, 65.0918, 74.4702, -32.5817, 76.3806, -166.091, 0.786085, 0.165274, 0.752191, -119.379, 0.743864, 122.487
778, 12.96667, 77.1544, 65.1086, 74.5706, -32.5673, 76.4656, -166.072, 0.786037, 0.156691, 0.752079, -119.383, 0.743776, 122.483
779, 12.97500, 77.2544, 65.1253, 74.6709, -32.5529, 76.5506, -166.054, 0.785988, 0.148117, 0.751967, -119.388, 0.743689, 122.479
779, 12.98333, 77.3545, 65.1419, 74.7712, -32.5386, 76.6355, -166.036, 0.78594, 0.139552, 0.751855, -119.392, 0.743602, 122.475
780, 12.99167, 77.4546, 65.1585, 74.8716, -32.5243, 76.7205, -166.018, 0.785892, 0.130993, 0.751744, -119.396, 0.743516, 122.471
780, 13.00000, 77.5548, 65.175, 74.9719, -32.51, 76.8055, -166, 0.785845, 0.122444, 0.751633, -119.4, 0.74343, 122.468
781, 13.00833, 77.655, 65.1914, 75.0723, -32.4958, 76.8904, -165.982, 0.785798, 0.113903, 0.751523, -119.404, 0.743344, 122.464
781, 13.01667, 77.7552, 65.2077, 75.1727, -32.4817, 76.9754, -165.964, 0.785751, 0.105369, 0.751413, -119.408, 0.743258, 122.46
782, 13.02500, 77.8554, 65.2239, 75.2731, -32.4676, 77.0603, -165.946, 0.785705, 0.0968445, 0.751303, -119.411, 0.743173, 122.456
782, 13.03333, 77.9557, 65.2401, 75.3735, -32.4535, 77.1452, -165.929, 0.785659, 0.0883275, 0.751194, -119.415, 0.743088, 122.452
783, 13.04167, 78.0561, 65.2561, 75.4739, -32.4394, 77.2302, -165.911, 0.785614, 0.0798174, 0.751085, -119.419, 0.743003, 122.448
783, 13.05000, 78.1564, 65.2721, 75.5744, -32.4254, 77.3151, -165.893, 0.785568, 0.0713162, 0.750976, -119.423, 0.742919, 122.444
784, 13.05833, 78.2568, 65.2881, 75.6748, -32.4115, 77.4, -165.876, 0.785524, 0.0628227, 0.750867, -119.427, 0.742835, 122.44
784, 13.06667, 78.3573, 65.3039, 75.7753, -32.3976, 77.4849, -165.858, 0.785479, 0.054336, 0.750759, -119.431, 0.742751, 122.437
785, 13.07500, 78.4577, 65.3197, 75.8758, -32.3837, 77.5698, -165.84, 0.785435, 0.045858, 0.750652, -119.435, 0.742667, 122.433
785, 13.08333, 78.5583, 65.3353, 75.9763, -32.3699, 77.6547, -165.823, 0.785392, 0.0373876, 0.750544, -119.439, 0.742584, 122.429
786, 13.09167, 78.6588, 65.351, 76.0768, -32.3561, 77.7396, -165.805, 0.785348, 0.0289238, 0.750437, -119.443, 0.742501, 122.425
786, 13.10000, 78.7594, 65.3665, 76.1773, -32.3424, 77.8245, -165.788, 0.785305, 0.0204686, 0.750331, -119.447, 0.742419, 122.421
787, 13.10833, 78.86, 65.3819, 76.2778, -32.3287, 77.9094, -165.771, 0.785263, 0.0120208, 0.750224, -119.451, 0.742336, 122.417
787, 13.11667, 78.9607, 65.3973, 76.3784, -32.315, 77.9942, -165.753, 0.785221, 0.00357947, 0.750118, -119.455, 0.742254, 122.414
788, 13.12500, 79.0614, 65.4126, 76.4789, -32.3014, 78.0791, -165.736, 0.785179, -0.00485346, 0.750013, -119.459, 0.742172, 122.41
788, 13.13333, 79.1621, 65.4278, 76.5795, -32.2878, 78.164, -165.719, 0.785137, -0.013279, 0.749908, -119.462, 0.742091, 122.406
789, 13.14167, 79.2629, 65.443, 76.6801, -32.2743, 78.2488, -165.702, 0.785096, -0.0216983, 0.749803, -119.466, 0.742009, 122.402
789, 13.15000, 79.3637, 65.4581, 76.7807, -32.2608, 78.3337, -165.685, 0.785055, -0.0301094, 0.749698, -119.47, 0.741928, 122.399
790, 13.15833, 79.4645, 65.4731, 76.8813, -32.2473, 78.4185, -165.668, 0.785015, -0.0385132, 0.749594, -119.474, 0.741848, 122.395
790, 13.16667, 79.5654, 65.488, 76.982, -32.2339, 78.5033, -165.651, 0.784975, -0.0469109, 0.74949, -119.478, 0.741767, 122.391
791, 13.17500, 79.6663, 65.5028, 77.0826, -32.2205, 78.5882, -165.634, 0.784935, -0.0553005, 0.749386, -119.482, 0.741687, 122.387
791, 13.18333, 79.7672, 65.5176, 77.1833, -32.2072, 78.673, -165.617, 0.784896, -0.0636831, 0.749283, -119.485, 0.741607, 122.384
792, 13.19167, 79.8682, 65.5323, 77.284, -32.1939, 78.7578, -165.6, 0.784857, -0.0720596, 0.74918, -119.489, 0.741527, 122.38
792, 13.20000, 79.9693, 65.5469, 77.3847, -32.1806, 78.8426, -165.583, 0.784818, -0.0804282, 0.749077, -119.493, 0.741448, 122.376
793, 13.20833, 80.0703, 65.5615, 77.4854, -32.1674, 78.9274, -165.567, 0.78478, -0.0887899, 0.748975, -119.497, 0.741369, 122.373
793, 13.21667, 80.1714, 65.576, 77.5861, -32.1542, 79.0123, -165.55, 0.784742, -0.0971457, 0.748873, -119.501, 0.74129, 122.369
794, 13.22500, 80.2726, 65.5904, 77.6869, -32.141, 79.097, -165.533, 0.784704, -0.105494, 0.748771, -119.504, 0.741212, 122.365
794, 13.23333, 80.3737, 65.6047, 77.7876, -32.1279, 79.1818, -165.517, 0.784667, -0.113835, 0.74867, -119.508, 0.741134, 122.362
795, 13.24167, 80.475, 65.619, 77.8884, -32.1148, 79.2666, -165.5, 0.78463, -0.122171, 0.748569, -119.512, 0.741056, 122.358
795, 13.25000, 80.5762, 65.6332, 77.9892, -32.1018, 79.3514, -165.484, 0.784594, -0.130498, 0.748468, -119.516, 0.740978, 122.354
796, 13.25833, 80.6775, 65.6473, 78.09, -32.0888, 79.4362, -165.467, 0.784558, -0.13882, 0.748368, -119.52, 0.740901, 122.351
796, 13.26667, 80.7788, 65.6614, 78.1909, -32.0758, 79.521, -165.451, 0.784522, -0.147135, 0.748268, -119.523, 0.740824, 122.347
797, 13.27500, 80.8802, 65.6753, 78.2917, -32.0629, 79.6057, -165.435, 0.784486, -0.155443, 0.748168, -119.527, 0.740747, 122.344
797, 13.28333, 80.9816, 65.6892, 78.3926, -32.05, 79.6905, -165.418, 0.784451, -0.163745, 0.748069, -119.531, 0.74067, 122.34
798, 13.29167, 81.0831, 65.7031, 78.4935, -32.0372, 79.7752, -165.402, 0.784417, -0.172041, 0.74797, -119.535, 0.740594, 122.336
798, 13.30000, 81.1845, 65.7168, 78.5943, -32.0243, 79.86, -165.386, 0.784382, -0.18033, 0.747871, -119.538, 0.740518, 122.333
799, 13.30833, 81.286, 65.7305, 78.6953, -32.0116, 79.9447, -165.37, 0.784348, -0.188612, 0.747773, -119.542, 0.740442, 122.329
799, 13.31667, 81.3876, 65.7442, 78.7962, -31.9988, 80.0295, -165.354, 0.784314, -0.19689, 0.747675, -119.546, 0.740366, 122.326
800, 13.32500, 81.4892, 65.7577, 78.8971, -31.9861, 80.1142, -165.338, 0.784281, -0.205159, 0.747577, -119.549, 0.740291, 122.322
800, 13.33333, 81.5908, 65.7712, 78.9981, -31.9734, 80.1989, -165.322, 0.784248, -0.213423, 0.74748, -119.553, 0.740216, 122.318
801, 13.34167, 81.6925, 65.7846, 79.0991, -31.9608, 80.2836, -165.306, 0.784215, -0.221682, 0.747383, -119.557, 0.740141, 122.315
801, 13.35000, 81.7942, 65.798, 79.2001, -31.9482, 80.3684, -165.29, 0.784183, -0.229933, 0.747286, -119.56, 0.740067, 122.311
802, 13.35833, 81.896, 65.8113, 79.3011, -31.9356, 80.4531, -165.274, 0.784151, -0.238178, 0.747189, -119.564, 0.739993, 122.308
802, 13.36667, 81.9978, 65.8245, 79.4022, -31.9231, 80.5378, -165.258, 0.784119, -0.246419, 0.747093, -119.568, 0.739919, 122.304
803, 13.37500, 82.0996, 65.8376, 79.5032, -31.9106, 80.6225, -165.242, 0.784088, -0.254652, 0.746997, -119.571, 0.739845, 122.301
803, 13.38333, 82.2014, 65.8507, 79.6043, -31.8981, 80.7072, -165.226, 0.784057, -0.262879, 0.746902, -119.575, 0.739772, 122.297
804, 13.39167, 82.3034, 65.8637, 79.7054, -31.8857, 80.7919, -165.211, 0.784027, -0.271102, 0.746806, -119.579, 0.739699, 122.294
804, 13.40000, 82.4053, 65.8767, 79.8065, -31.8733, 80.8765, -165.195, 0.783996, -0.279317, 0.746712, -119.582, 0.739626, 122.29
805, 13.40833, 82.5073, 65.8895, 79.9076, -31.861, 80.9612, -165.179, 0.783966, -0.287527, 0.746617, -119.586, 0.739553, 122.287
805, 13.41667, 82.6093, 65.9024, 80.0088, -31.8486, 81.0459, -165.164, 0.783937, -0.295732, 0.746523, -119.59, 0.739481, 122.283
806, 13.42500, 82.7114, 65.9151, 80.11, -31.8364, 81.1306, -165.148, 0.783907, -0.303931, 0.746429, -119.593, 0.739409, 122.28
806, 13.43333, 82.8135, 65.9278, 80.2112, -31.8241, 81.2152, -165.133, 0.783879, -0.312123, 0.746335, -119.597, 0.739337, 122.276
807, 13.44167, 82.9156, 65.9404, 80.3124, -31.8119, 81.2999, -165.117, 0.78385, -0.320311, 0.746242, -119.601, 0.739265, 122.273
807, 13.45000, 83.0178, 65.9529, 80.4136, -31.7997, 81.3846, -165.102, 0.783822, -0.328493, 0.746148, -119.604, 0.739194, 122.27
807, 13.45833, 83.12, 65.9654, 80.5148, -31.7875, 81.4692, -165.086, 0.783794, -0.336669, 0.746056, -119.608, 0.739123, 122.266
808, 13.46667, 83.2223, 65.9778, 80.6161, -31.7754, 81.5539, -165.071, 0.783766, -0.34484, 0.745963, -119.611, 0.739052, 122.263
809, 13.47500, 83.3246, 65.9902, 80.7174, -31.7633, 81.6385, -165.056, 0.783739, -0.353005, 0.745871, -119.615, 0.738981, 122.259
809, 13.48333, 83.4269, 66.0025, 80.8187, -31.7513, 81.7231, -165.041, 0.783712, -0.361164, 0.745779, -119.618, 0.738911, 122.256
810, 13.49167, 83.5293, 66.0147, 80.9201, -31.7392, 81.8078, -165.025, 0.783686, -0.36932, 0.745688, -119.622, 0.738841, 122.253
810, 13.50000, 83.6317, 66.0269, 81.0214, -31.7272, 81.8924, -165.01, 0.783659, -0.377468, 0.745596, -119.626, 0.738771, 122.249
811, 13.50833, 83.7342, 66.0389, 81.1228, -31.7153, 81.977, -164.995, 0.783633, -0.385612, 0.745505, -119.629, 0.738702, 122.246
811, 13.51667, 83.8367, 66.051, 81.2242, -31.7033, 82.0616, -164.98, 0.783608, -0.393751, 0.745415, -119.633, 0.738633, 122.242
812, 13.52500, 83.9392, 66.063, 81.3256, -31.6914, 82.1462, -164.965, 0.783583, -0.401884, 0.745324, -119.636, 0.738563, 122.239
812, 13.53333, 84.0418, 66.0749, 81.427, -31.6796, 82.2308, -164.95, 0.783558, -0.410012, 0.745234, -119.64, 0.738495, 122.236
813, 13.54167, 84.1445, 66.0867, 81.5285, -31.6677, 82.3155, -164.935, 0.783533, -0.418136, 0.745145, -119.643, 0.738426, 122.232
813, 13.55000, 84.2471, 66.0985, 81.63, -31.6559, 82.4, -164.92, 0.783509, -0.426254, 0.745055, -119.647, 0.738358, 122.229
814, 13.55833, 84.3498, 66.1102, 81.7314, -31.6442, 82.4846, -164.905, 0.783485, -0.434366, 0.744966, -119.65, 0.73829, 122.226
814, 13.56667, 84.4526, 66.1218, 81.833, -31.6324, 82.5692, -164.891, 0.783461, -0.442475, 0.744877, -119.654, 0.738222, 122.222
815, 13.57500, 84.5554, 66.1334, 81.9345, -31.6207, 82.6538, -164.876, 0.783438, -0.450578, 0.744788, -119.657, 0.738155, 122.219
815, 13.58333, 84.6582, 66.1449, 82.0361, -31.609, 82.7384, -164.861, 0.783415, -0.458676, 0.7447, -119.661, 0.738087, 122.216
816, 13.59167, 84.7611, 66.1564, 82.1377, -31.5974, 82.823, -164.846, 0.783392, -0.46677, 0.744612, -119.664, 0.73802, 122.212
816, 13.60000, 84.864, 66.1678, 82.2393, -31.5858, 82.9075, -164.832, 0.78337, -0.474858, 0.744524, -119.668, 0.737953, 122.209
816, 13.60833, 84.9669, 66.1792, 82.3409, -31.5742, 82.9921, -164.817, 0.783348, -0.482941, 0.744437, -119.671, 0.737887, 122.206
817, 13.61667, 85.0699, 66.1904, 82.4426, -31.5626, 83.0767, -164.802, 0.783327, -0.491021, 0.74435, -119.675, 0.737821, 122.203
818, 13.62500, 85.173, 66.2017, 82.5442, -31.5511, 83.1612, -164.788, 0.783305, -0.499095, 0.744263, -119.678, 0.737755, 122.199
818, 13.63333, 85.276, 66.2128, 82.6459, -31.5396, 83.2458, -164.773, 0.783284, -0.507164, 0.744177, -119.682, 0.737689, 122.196
819, 13.64167, 85.3792, 66.2239, 82.7477, -31.5282, 83.3303, -164.759, 0.783264, -0.51523, 0.74409, -119.685, 0.737623, 122.193
819, 13.65000, 85.4823, 66.235, 82.8494, -31.5167, 83.4149, -164.744, 0.783243, -0.52329, 0.744004, -119.689, 0.737558, 122.19
820, 13.65833, 85.5855, 66.2459, 82.9512, -31.5053, 83.4994, -164.73, 0.783223, -0.531345, 0.743919, -119.692, 0.737493, 122.186
820, 13.66667, 85.6888, 66.2569, 83.053, -31.4939, 83.584, -164.716, 0.783204, -0.539397, 0.743833, -119.696, 0.737428, 122.183
821, 13.67500, 85.7921, 66.2677, 83.1548, -31.4826, 83.6685, -164.701, 0.783184, -0.547444, 0.743748, -119.699, 0.737363, 122.18
821, 13.68333, 85.8954, 66.2785, 83.2566, -31.4713, 83.753, -164.687, 0.783165, -0.555486, 0.743663, -119.702, 0.737299, 122.177
822, 13.69167, 85.9988, 66.2892, 83.3585, -31.46, 83.8376, -164.673, 0.783146, -0.563525, 0.743579, -119.706, 0.737235, 122.173
822, 13.70000, 86.1022, 66.2999, 83.4604, -31.4487, 83.9221, -164.659, 0.783128, -0.571558, 0.743495, -119.709, 0.737171, 122.17
823, 13.70833, 86.2056, 66.3105, 83.5623, -31.4375, 84.0066, -164.644, 0.78311, -0.579587, 0.743411, -119.713, 0.737107, 122.167
823, 13.71667, 86.3091, 66.3211, 83.6642, -31.4263, 84.0911, -164.63, 0.783092, -0.587613, 0.743327, -119.716, 0.737044, 122.164
824, 13.72500, 86.4127, 66.3316, 83.7662, -31.4151, 84.1756, -164.616, 0.783075, -0.595634, 0.743244, -119.719, 0.736981, 122.161
824, 13.73333, 86.5162, 66.3421, 83.8681, -31.404, 84.2601, -164.602, 0.783058, -0.603651, 0.74316, -119.723, 0.736918, 122.158
824, 13.74167, 86.6199, 66.3524, 83.9701, -31.3928, 84.3446, -164.588, 0.783041, -0.611664, 0.743078, -119.726, 0.736855, 122.154
825, 13.75000, 86.7235, 66.3628, 84.0722, -31.3818, 84.4291, -164.574, 0.783024, -0.619672, 0.742995, -119.73, 0.736793, 122.151
826, 13.75833, 86.8272, 66.3731, 84.1742, -31.3707, 84.5136, -164.56, 0.783008, -0.627676, 0.742913, -119.733, 0.736731, 122.148
826, 13.76667, 86.931, 66.3833, 84.2763, -31.3597, 84.5981, -164.546, 0.782992, -0.635677, 0.742831, -119.736, 0.736669, 122.145
827, 13.77500, 87.0348, 66.3934, 84.3784, -31.3487, 84.6826, -164.532, 0.782977, -0.643674, 0.742749, -119.74, 0.736607, 122.142
827, 13.78333, 87.1386, 66.4035, 84.4805, -31.3377, 84.7671, -164.518, 0.782961, -0.651666, 0.742667, -119.743, 0.736545, 122.139
828, 13.79167, 87.2425, 66.4136, 84.5827, -31.3267, 84.8516, -164.505, 0.782946, -0.659655, 0.742586, -119.746, 0.736484, 122.136
828, 13.80000, 87.3465, 66.4236, 84.6849, -31.3158, 84.936, -164.491, 0.782932, -0.66764, 0.742505, -119.75, 0.736423, 122.132
829, 13.80833, 87.4504, 66.4335, 84.7871, -31.3049, 85.0205, -164.477, 0.782917, -0.67562, 0.742425, -119.753, 0.736362, 122.129
829, 13.81667, 87.5545, 66.4434, 84.8893, -31.294, 85.105, -164.463, 0.782903, -0.683598, 0.742344, -119.757, 0.736302, 122.126
830, 13.82500, 87.6585, 66.4532, 84.9916, -31.2832, 85.1894, -164.45, 0.78289, -0.691571, 0.742264, -119.76, 0.736241, 122.123
830, 13.83333, 87.7626, 66.4629, 85.0939, -31.2724, 85.2739, -164.436, 0.782876, -0.699541, 0.742185, -119.763, 0.736181, 122.12
831, 13.84167, 87.8668, 66.4726, 85.1962, -31.2616, 85.3584, -164.423, 0.782863, -0.707507, 0.742105, -119.766, 0.736121, 122.117
831, 13.85000, 87.971, 66.4823, 85.2985, -31.2508, 85.4428, -164.409, 0.782851, -0.71547, 0.742026, -119.77, 0.736062, 122.114
832, 13.85833, 88.0752, 66.4919, 85.4009, -31.2401, 85.5272, -164.395, 0.782838, -0.723428, 0.741947, -119.773, 0.736002, 122.111
832, 13.86667, 88.1795, 66.5014, 85.5033, -31.2294, 85.6117, -164.382, 0.782826, -0.731384, 0.741868, -119.776, 0.735943, 122.108
832, 13.87500, 88.2838, 66.5109, 85.6057, -31.2187, 85.6961, -164.369, 0.782814, -0.739335, 0.74179, -119.78, 0.735884, 122.105
833, 13.88333, 88.3882, 66.5203, 85.7081, -31.208, 85.7806, -164.355, 0.782803, -0.747283, 0.741711, -119.783, 0.735826, 122.102
834, 13.89167, 88.4926, 66.5297, 85.8106, -31.1974, 85.865, -164.342, 0.782792, -0.755229, 0.741634, -119.786, 0.735767, 122.099
834, 13.90000, 88.597, 66.539, 85.9131, -31.1868, 85.9494, -164.328, 0.782781, -0.76317, 0.741556, -119.79, 0.735709, 122.096
835, 13.90833, 88.7015, 66.5483, 86.0156, -31.1762, 86.0339, -164.315, 0.78277, -0.771108, 0.741479, -119.793, 0.735651, 122.093
835, 13.91667, 88.8061, 66.5575, 86.1182, -31.1657, 86.1183, -164.302, 0.78276, -0.779043, 0.741401, -119.796, 0.735593, 122.09
836, 13.92500, 88.9107, 66.5666, 86.2207, -31.1551, 86.2027, -164.288, 0.78275, -0.786974, 0.741325, -119.799, 0.735535, 122.087
836, 13.93333, 89.0153, 66.5757, 86.3233, -31.1446, 86.2871, -164.275, 0.78274, -0.794902, 0.741248, -119.803, 0.735478, 122.084
837, 13.94167, 89.12, 66.5848, 86.426, -31.1342, 86.3716, -164.262, 0.782731, -0.802828, 0.741172, -119.806, 0.735421, 122.081
837, 13.95000, 89.2247, 66.5938, 86.5286, -31.1237, 86.456, -164.249, 0.782722, -0.810749, 0.741096, -119.809, 0.735364, 122.078
838, 13.95833, 89.3295, 66.6027, 86.6313, -31.1133, 86.5404, -164.236, 0.782713, -0.818667, 0.74102, -119.812, 0.735307, 122.075
838, 13.96667, 89.4343, 66.6116, 86.7341, -31.1029, 86.6248, -164.223, 0.782705, -0.826584, 0.740944, -119.816, 0.735251, 122.072
839, 13.97500, 89.5392, 66.6204, 86.8368, -31.0925, 86.7092, -164.21, 0.782696, -0.834496, 0.740869, -119.819, 0.735195, 122.069
839, 13.98333, 89.6441, 66.6292, 86.9396, -31.0822, 86.7936, -164.197, 0.782689, -0.842405, 0.740794, -119.822, 0.735139, 122.066
840, 13.99167, 89.7491, 66.638, 87.0424, -31.0718, 86.878, -164.184, 0.782681, -0.850312, 0.740719, -119.825, 0.735083, 122.063
840, 14.00000, 89.8541, 66.6466, 87.1452, -31.0615, 86.9624, -164.171, 0.782674, -0.858215, 0.740645, -119.829, 0.735027, 122.06
841, 14.00833, 89.9591, 66.6553, 87.2481, -31.0512, 87.0467, -164.158, 0.782667, -0.866115, 0.740571, -119.832, 0.734972, 122.057
841, 14.01667, 90.0642, 66.6638, 87.351, -31.041, 87.1311, -164.145, 0.78266, -0.874013, 0.740497, -119.835, 0.734917, 122.054
841, 14.02500, 90.1693, 66.6723, 87.4539, -31.0308, 87.2155, -164.132, 0.782654, -0.881908, 0.740423, -119.838, 0.734862, 122.051
842, 14.03333, 90.2745, 66.6808, 87.5568, -31.0206, 87.2999, -164.119, 0.782648, -0.889799, 0.74035, -119.842, 0.734807, 122.048
843, 14.04167, 90.3798, 66.6892, 87.6598, -31.0104, 87.3843, -164.106, 0.782642, -0.897689, 0.740276, -119.845, 0.734753, 122.045
843, 14.05000, 90.485, 66.6976, 87.7628, -31.0002, 87.4687, -164.094, 0.782637, -0.905575, 0.740203, -119.848, 0.734699, 122.042
844, 14.05833, 90.5904, 66.7059, 87.8659, -30.9901, 87.553, -164.081, 0.782632, -0.913459, 0.740131, -119.851, 0.734645, 122.039
844, 14.06667, 90.6957, 66.7142, 87.9689, -30.98, 87.6374, -164.068, 0.782627, -0.92134, 0.740058, -119.854, 0.734591, 122.036
845, 14.07500, 90.8012, 66.7224, 88.072, -30.9699, 87.7218, -164.055, 0.782622, -0.929219, 0.739986, -119.857, 0.734537, 122.034
845, 14.08333, 90.9066, 66.7305, 88.1751, -30.9598, 87.8061, -164.043, 0.782618, -0.937094, 0.739914, -119.861, 0.734484, 122.031
846, 14.09167, 91.0121, 66.7386, 88.2783, -30.9498, 87.8905, -164.03, 0.782614, -0.944968, 0.739843, -119.864, 0.734431, 122.028
846, 14.10000, 91.1177, 66.7467, 88.3815, -30.9398, 87.9748, -164.018, 0.782611, -0.952838, 0.739771, -119.867, 0.734378, 122.025
847, 14.10833, 91.2233, 66.7547, 88.4847, -30.9298, 88.0592, -164.005, 0.782607, -0.960706, 0.7397, -119.87, 0.734325, 122.022
847, 14.11667, 91.329, 66.7626, 88.588, -30.9198, 88.1435, -163.992, 0.782604, -0.968573, 0.739629, -119.873, 0.734272, 122.019
848, 14.12500, 91.4347, 66.7705, 88.6912, -30.9099, 88.2279, -163.98, 0.782601, -0.976436, 0.739559, -119.876, 0.73422, 122.016
848, 14.13333, 91.5404, 66.7784, 88.7946, -30.8999, 88.3122, -163.968, 0.782599, -0.984296, 0.739488, -119.88, 0.734168, 122.014
849, 14.14167, 91.6462, 66.7862, 88.8979, -30.89, 88.3966, -163.955, 0.782597, -0.992155, 0.739418, -119.883, 0.734116, 122.011
849, 14.15000, 91.7521, 66.794, 89.0013, -30.8801, 88.4809, -163.943, 0.782595, -1.00001, 0.739348, -119.886, 0.734065, 122.008
849, 14.15833, 91.8579, 66.8017, 89.1047, -30.8703, 88.5653, -163.93, 0.782593, -1.00787, 0.739278, -119.889, 0.734013, 122.005
850, 14.16667, 91.9639, 66.8093, 89.2081, -30.8605, 88.6496, -163.918, 0.782592, -1.01572, 0.739209, -119.892, 0.733962, 122.002
851, 14.17500, 92.0699, 66.8169, 89.3116, -30.8506, 88.7339, -163.906, 0.782591, -1.02357, 0.73914, -119.895, 0.733911, 121.999
851, 14.18333, 92.1759, 66.8245, 89.4151, -30.8409, 88.8183, -163.893, 0.78259, -1.03141, 0.739071, -119.898, 0.73386, 121.997
852, 14.19167, 92.282, 66.832, 89.5186, -30.8311, 88.9026, -163.881, 0.78259, -1.03926, 0.739002, -119.902, 0.73381, 121.994
852, 14.20000, 92.3881, 66.8394, 89.6222, -30.8213, 88.9869, -163.869, 0.78259, -1.0471, 0.738934, -119.905, 0.733759, 121.991
853, 14.20833, 92.4943, 66.8469, 89.7258, -30.8116, 89.0712, -163.857, 0.78259, -1.05494, 0.738866, -119.908, 0.733709, 121.988
853, 14.21667, 92.6005, 66.8542, 89.8294, -30.8019, 89.1556, -163.844, 0.782591, -1.06278, 0.738798, -119.911, 0.733659, 121.985
854, 14.22500, 92.7068, 66.8615, 89.9331, -30.7922, 89.2399, -163.832, 0.782591, -1.07062, 0.73873, -119.914, 0.733609, 121.983
854, 14.23333, 92.8131, 66.8688, 90.0367, -30.7826, 89.3242, -163.82, 0.782592, -1.07845, 0.738663, -119.917, 0.73356, 121.98
855, 14.24167, 92.9195, 66.876, 90.1405, -30.7729, 89.4085, -163.808, 0.782594, -1.08629, 0.738596, -119.92, 0.73351, 121.977
855, 14.25000, 93.0259, 66.8832, 90.2442, -30.7633, 89.4928, -163.796, 0.782595, -1.09412, 0.738529, -119.923, 0.733461, 121.974
856, 14.25833, 93.1324, 66.8903, 90.348, -30.7537, 89.5771, -163.784, 0.782597, -1.10195, 0.738462, -119.926, 0.733412, 121.972
856, 14.26667, 93.2389, 66.8974, 90.4519, -30.7442, 89.6614, -163.772, 0.7826, -1.10978, 0.738396, -119.929, 0.733364, 121.969
857, 14.27500, 93.3455, 66.9044, 90.5557, -30.7346, 89.7457, -163.76, 0.782602, -1.1176, 0.738329, -119.932, 0.733315, 121.966
857, 14.28333, 93.4521, 66.9114, 90.6596, -30.7251, 89.83, -163.748, 0.782605, -1.12542, 0.738263, -119.936, 0.733267, 121.963
857, 14.29167, 93.5588, 66.9183, 90.7635, -30.7156, 89.9143, -163.736, 0.782608, -1.13325, 0.738198, -119.939, 0.733219, 121.961
858, 14.30000, 93.6655, 66.9252, 90.8675, -30.7061, 89.9986, -163.724, 0.782611, -1.14107, 0.738132, -119.942, 0.733171, 121.958
859, 14.30833, 93.7723, 66.932, 90.9715, -30.6966, 90.0829, -163.712, 0.782615, -1.14889, 0.738067, -119.945, 0.733123, 121.955
859, 14.31667, 93.8791, 66.9388, 91.0755, -30.6872, 90.1672, -163.701, 0.782619, -1.1567, 0.738002, -119.948, 0.733076, 121.953
860, 14.32500, 93.986, 66.9455, 91.1796, -30.6777, 90.2515, -163.689, 0.782623, -1.16452, 0.737937, -119.951, 0.733029, 121.95
860, 14.33333, 94.0929, 66.9522, 91.2836, -30.6683, 90.3358, -163.677, 0.782628, -1.17233, 0.737872, -119.954, 0.732982, 121.947
861, 14.34167, 94.1999, 66.9589, 91.3878, -30.659, 90.4201, -163.665, 0.782633, -1.18015, 0.737808, -119.957, 0.732935, 121.944
861, 14.35000, 94.3069, 66.9655, 91.4919, -30.6496, 90.5044, -163.654, 0.782638, -1.18796, 0.737744, -119.96, 0.732888, 121.942
862, 14.35833, 94.414, 66.972, 91.5961, -30.6403, 90.5887, -163.642, 0.782643, -1.19577, 0.73768, -119.963, 0.732842, 121.939
862, 14.36667, 94.5211, 66.9785, 91.7004, -30.6309, 90.6729, -163.63, 0.782649, -1.20357, 0.737617, -119.966, 0.732795, 121.936
863, 14.37500, 94.6283, 66.985, 91.8046, -30.6216, 90.7572, -163.618, 0.782655, -1.21138, 0.737553, -119.969, 0.732749, 121.934
863, 14.38333, 94.7355, 66.9914, 91.9089, -30.6123, 90.8415, -163.607, 0.782661, -1.21919, 0.73749, -119.972, 0.732704, 121.931
864, 14.39167, 94.8428, 66.9978, 92.0133, -30.6031, 90.9258, -163.595, 0.782667, -1.22699, 0.737427, -119.975, 0.732658, 121.928
864, 14.40000, 94.9501, 67.0041, 92.1177, -30.5938, 91.01, -163.584, 0.782674, -1.23479, 0.737365, -119.978, 0.732612, 121.926
865, 14.40833, 95.0575, 67.0104, 92.2221, -30.5846, 91.0943, -163.572, 0.782681, -1.24259, 0.737302, -119.981, 0.732567, 121.923
865, 14.41667, 95.1649, 67.0166, 92.3265, -30.5754, 91.1786, -163.561, 0.782688, -1.25039, 0.73724, -119.984, 0.732522, 121.92
866, 14.42500, 95.2724, 67.0228, 92.431, -30.5662, 91.2629, -163.549, 0.782696, -1.25819, 0.737178, -119.987, 0.732477, 121.918
866, 14.43333, 95.3799, 67.0289, 92.5355, -30.5571, 91.3471, -163.538, 0.782704, -1.26599, 0.737116, -119.99, 0.732433, 121.915
866, 14.44167, 95.4875, 67.035, 92.6401, -30.5479, 91.4314, -163.526, 0.782712, -1.27379, 0.737055, -119.993, 0.732388, 121.913
867, 14.45000, 95.5951, 67.0411, 92.7446, -30.5388, 91.5156, -163.515, 0.782721, -1.28158, 0.736994, -119.996, 0.732344, 121.91
868, 14.45833, 95.7028, 67.0471, 92.8493, -30.5297, 91.5999, -163.503, 0.78273, -1.28938, 0.736933, -119.999, 0.7323, 121.907
868, 14.46667, 95.8105, 67.053, 92.9539, -30.5206, 91.6842, -163.492, 0.782739, -1.29717, 0.736872, -120.002, 0.732256, 121.905
869, 14.47500, 95.9183, 67.0589, 93.0586, -30.5115, 91.7684, -163.481, 0.782748, -1.30496, 0.736811, -120.005, 0.732213, 121.902
869, 14.48333, 96.0261, 67.0648, 93.1634, -30.5025, 91.8527, -163.469, 0.782758, -1.31275, 0.736751, -120.008, 0.732169, 121.9
870, 14.49167, 96.134, 67.0706, 93.2681, -30.4935, 91.9369, -163.458, 0.782767, -1.32055, 0.736691, -120.011, 0.732126, 121.897
870, 14.50000, 96.242, 67.0764, 93.3729, -30.4845, 92.0212, -163.447, 0.782778, -1.32834, 0.736631, -120.014, 0.732083, 121.894
871, 14.50833, 96.35, 67.0821, 93.4778, -30.4755, 92.1054, -163.436, 0.782788, -1.33612, 0.736571, -120.017, 0.73204, 121.892
871, 14.51667, 96.458, 67.0878, 93.5827, -30.4665, 92.1897, -163.424, 0.782799, -1.34391, 0.736512, -120.02, 0.731997, 121.889
872, 14.52500, 96.5661, 67.0935, 93.6876, -30.4575, 92.2739, -163.413, 0.78281, -1.3517, 0.736453, -120.023, 0.731955, 121.887
872, 14.53333, 96.6743, 67.0991, 93.7925, -30.4486, 92.3582, -163.402, 0.782821, -1.35949, 0.736394, -120.026, 0.731913, 121.884
873, 14.54167, 96.7825, 67.1047, 93.8975, -30.4397, 92.4424, -163.391, 0.782833, -1.36727, 0.736335, -120.029, 0.731871, 121.881
873, 14.55000, 96.8908, 67.1102, 94.0026, -30.4308, 92.5267, -163.38, 0.782844, -1.37506, 0.736276, -120.032, 0.731829, 121.879
874, 14.55833, 96.9991, 67.1156, 94.1076, -30.4219, 92.6109, -163.369, 0.782856, -1.38284, 0.736218, -120.035, 0.731787, 121.876
874, 14.56667, 97.1074, 67.1211, 94.2128, -30.4131, 92.6952, -163.358, 0.782869, -1.39062, 0.73616, -120.038, 0.731746, 121.874
874, 14.57500, 97.2159, 67.1265, 94.3179, -30.4042, 92.7794, -163.347, 0.782881, -1.39841, 0.736102, -120.04, 0.731704, 121.871
875, 14.58333, 97.3243, 67.1318, 94.4231, -30.3954, 92.8636, -163.336, 0.782894, -1.40619, 0.736044, -120.043, 0.731663, 121.869
876, 14.59167, 97.4329, 67.1371, 94.5283, -30.3866, 92.9479, -163.325, 0.782908, -1.41397, 0.735987, -120.046, 0.731622, 121.866
876, 14.60000, 97.5414, 67.1424, 94.6336, -30.3778, 93.0321, -163.314, 0.782921, -1.42175, 0.73593, -120.049, 0.731582, 121.864
877, 14.60833, 97.6501, 67.1476, 94.7389, -30.369, 93.1163, -163.303, 0.782935, -1.42953, 0.735873, -120.052, 0.731541, 121.861
877, 14.61667, 97.7588, 67.1527, 94.8442, -30.3603, 93.2006, -163.292, 0.782949, -1.43731, 0.735816, -120.055, 0.731501, 121.859
878, 14.62500, 97.8675, 67.1579, 94.9496, -30.3515, 93.2848, -163.281, 0.782963, -1.44509, 0.735759, -120.058, 0.731461, 121.856
878, 14.63333, 97.9763, 67.163, 95.055, -30.3428, 93.369, -163.27, 0.782978, -1.45287, 0.735703, -120.061, 0.731421, 121.854
879, 14.64167, 98.0851, 67.168, 95.1605, -30.3341, 93.4533, -163.259, 0.782993, -1.46065, 0.735647, -120.064, 0.731381, 121.851
879, 14.65000, 98.194, 67.173, 95.266, -30.3254, 93.5375, -163.248, 0.783008, -1.46843, 0.735591, -120.067, 0.731341, 121.849
880, 14.65833, 98.303, 67.178, 95.3715, -30.3168, 93.6217, -163.238, 0.783023, -1.47621, 0.735536, -120.07, 0.731302, 121.846
880, 14.66667, 98.412, 67.1829, 95.4771, -30.3081, 93.7059, -163.227, 0.783039, -1.48399, 0.73548, -120.072, 0.731263, 121.844
881, 14.67500, 98.5211, 67.1877, 95.5827, -30.2995, 93.7902, -163.216, 0.783055, -1.49176, 0.735425, -120.075, 0.731224, 121.841
881, 14.68333, 98.6302, 67.1926, 95.6884, -30.2909, 93.8744, -163.205, 0.783071, -1.49954, 0.73537, -120.078, 0.731185, 121.839
882, 14.69167, 98.7394, 67.1974, 95.7941, -30.2823, 93.9586, -163.195, 0.783087, -1.50732, 0.735315, -120.081, 0.731146, 121.836
882, 14.70000, 98.8486, 67.2021, 95.8998, -30.2737, 94.0428, -163.184, 0.783104, -1.5151, 0.735261, -120.084, 0.731108, 121.834
882, 14.70833, 98.9579, 67.2068, 96.0056, -30.2652, 94.127, -163.173, 0.783121, -1.52287, 0.735206, -120.087, 0.73107, 121.831
883, 14.71667, 99.0672, 67.2115, 96.1114, -30.2566, 94.2113, -163.163, 0.783139, -1.53065, 0.735152, -120.09, 0.731031, 121.829
884, 14.72500, 99.1766, 67.2161, 96.2173, -30.2481, 94.2955, -163.152, 0.783156, -1.53843, 0.735098, -120.093, 0.730994, 121.827
884, 14.73333, 99.2861, 67.2207, 96.3232, -30.2396, 94.3797, -163.141, 0.783174, -1.54621, 0.735044, -120.095, 0.730956, 121.824
885, 14.74167, 99.3956, 67.2252, 96.4291, -30.2311, 94.4639, -163.131, 0.783192, -1.55398, 0.734991, -120.098, 0.730918, 121.822
885, 14.75000, 99.5052, 67.2297, 96.5351, -30.2226, 94.5481, -163.12, 0.78321, -1.56176, 0.734938, -120.101, 0.730881, 121.819
886, 14.75833, 99.6148, 67.2342, 96.6411, -30.2142, 94.6323, -163.11, 0.783229, -1.56954, 0.734885, -120.104, 0.730844, 121.817
886, 14.76667, 99.7245, 67.2386, 96.7472, -30.2057, 94.7166, -163.099, 0.783248, -1.57732, 0.734832, -120.107, 0.730807, 121.814
887, 14.77500, 99.8342, 67.243, 96.8533, -30.1973, 94.8008, -163.089, 0.783267, -1.58509, 0.734779, -120.11, 0.73077, 121.812
887, 14.78333, 99.944, 67.2473, 96.9595, -30.1889, 94.885, -163.078, 0.783287, -1.59287, 0.734727, -120.113, 0.730734, 121.81
888, 14.79167, 100.054, 67.2516, 97.0657, -30.1805, 94.9692, -163.068, 0.783306, -1.60065, 0.734674, -120.115, 0.730697, 121.807
888, 14.80000, 100.164, 67.2558, 97.1719, -30.1721, 95.0534, -163.057, 0.783326, -1.60843, 0.734622, -120.118, 0.730661, 121.805
889, 14.80833, 100.274, 67.26, 97.2782, -30.1638, 95.1376, -163.047, 0.783347, -1.6162, 0.734571, -120.121, 0.730625, 121.802
889, 14.81667, 100.384, 67.2642, 97.3845, -30.1554, 95.2218, -163.036, 0.783367, -1.62398, 0.734519, -120.124, 0.730589, 121.8
890, 14.82500, 100.494, 67.2684, 97.4909, -30.1471, 95.306, -163.026, 0.783388, -1.63176, 0.734468, -120.127, 0.730554, 121.798
890, 14.83333, 100.604, 67.2724, 97.5973, -30.1388, 95.3902, -163.016, 0.783409, -1.63954, 0.734417, -120.13, 0.730518, 121.795
891, 14.84167, 100.714, 67.2765, 97.7037, -30.1305, 95.4744, -163.005, 0.78343, -1.64732, 0.734366, -120.132, 0.730483, 121.793
891, 14.85000, 100.824, 67.2805, 97.8102, -30.1222, 95.5586, -162.995, 0.783452, -1.6551, 0.734315, -120.135, 0.730448, 121.79
891, 14.85833, 100.935, 67.2845, 97.9167, -30.114, 95.6428, -162.985, 0.783474, -1.66288, 0.734264, -120.138, 0.730413, 121.788
892, 14.86667, 101.045, 67.2884, 98.0233, -30.1057, 95.727, -162.975, 0.783496, -1.67066, 0.734214, -120.141, 0.730378, 121.786
893, 14.87500, 101.155, 67.2923, 98.1299, -30.0975, 95.8112, -162.964, 0.783518, -1.67844, 0.734164, -120.144, 0.730344, 121.783
893, 14.88333, 101.266, 67.2961, 98.2366, -30.0893, 95.8954, -162.954, 0.783541, -1.68623, 0.734114, -120.147, 0.730309, 121.781
894, 14.89167, 101.376, 67.2999, 98.3433, -30.0811, 95.9797, -162.944, 0.783564, -1.69401, 0.734064, -120.149, 0.730275, 121.779
894, 14.90000, 101.487, 67.3037, 98.4501, -30.0729, 96.0639, -162.934, 0.783587, -1.70179, 0.734015, -120.152, 0.730241, 121.776
895, 14.90833, 101.598, 67.3074, 98.5569, -30.0647, 96.148, -162.924, 0.78361, -1.70957, 0.733966, -120.155, 0.730207, 121.774
895, 14.91667, 101.708, 67.3111, 98.6637, -30.0566, 96.2323, -162.913, 0.783634, -1.71736, 0.733916, -120.158, 0.730173, 121.772
896, 14.92500, 101.819, 67.3148, 98.7706, -30.0484, 96.3165, -162.903, 0.783658, -1.72514, 0.733868, -120.161, 0.73014, 121.769
896, 14.93333, 101.93, 67.3184, 98.8775, -30.0403, 96.4006, -162.893, 0.783682, -1.73293, 0.733819, -120.163, 0.730107, 121.767
897, 14.94167, 102.041, 67.322, 98.9845, -30.0322, 96.4848, -162.883, 0.783707, -1.74072, 0.73377, -120.166, 0.730074, 121.765
897, 14.95000, 102.152, 67.3255, 99.0915, -30.0241, 96.569, -162.873, 0.783731, -1.7485, 0.733722, -120.169, 0.730041, 121.762
898, 14.95833, 102.263, 67.329, 99.1986, -30.016, 96.6532, -162.863, 0.783756, -1.75629, 0.733674, -120.172, 0.730008, 121.76
898, 14.96667, 102.374, 67.3325, 99.3057, -30.008, 96.7374, -162.853, 0.783782, -1.76408, 0.733626, -120.174, 0.729975, 121.758
899, 14.97500, 102.485, 67.3359, 99.4128, -29.9999, 96.8216, -162.843, 0.783807, -1.77187, 0.733579, -120.177, 0.729943, 121.755
899, 14.98333, 102.596, 67.3393, 99.52, -29.9919, 96.9058, -162.833, 0.783833, -1.77966, 0.733531, -120.18, 0.72991, 121.753
899, 14.99167, 102.707, 67.3426, 99.6273, -29.9839, 96.99, -162.823, 0.783859, -1.78745, 0.733484, -120.183, 0.729878, 121.751
900, 15.00000, 102.819, 67.3459, 99.7346, -29.9759, 97.0742, -162.813, 0.783885, -1.79524, 0.733437, -120.186, 0.729847, 121.749
901, 15.00833, 102.93, 67.3492, 99.8419, -29.9679, 97.1584, -162.803, 0.783912, -1.80304, 0.73339, -120.188, 0.729815, 121.746
901, 15.01667, 103.041, 67.3524, 99.9493, -29.9599, 97.2426, -162.793, 0.783939, -1.81083, 0.733343, -120.191, 0.729783, 121.744
902, 15.02500, 103.153, 67.3556, 100.057, -29.952, 97.3268, -162.784, 0.783966, -1.81863, 0.733297, -120.194, 0.729752, 121.742
902, 15.03333, 103.264, 67.3587, 100.164, -29.944, 97.411, -162.774, 0.783993, -1.82642, 0.733251, -120.197, 0.729721, 121.74
903, 15.04167, 103.376, 67.3618, 100.272, -29.9361, 97.4952, -162.764, 0.784021, -1.83422, 0.733205, -120.199, 0.72969, 121.737
903, 15.05000, 103.488, 67.3649, 100.379, -29.9282, 97.5794, -162.754, 0.784049, -1.84202, 0.733159, -120.202, 0.729659, 121.735
904, 15.05833, 103.599, 67.3679, 100.487, -29.9203, 97.6636, -162.744, 0.784077, -1.84982, 0.733113, -120.205, 0.729628, 121.733
904, 15.06667, 103.711, 67.3709, 100.595, -29.9124, 97.7478, -162.734, 0.784105, -1.85762, 0.733068, -120.208, 0.729598, 121.731
905, 15.07500, 103.823, 67.3739, 100.702, -29.9045, 97.832, -162.725, 0.784134, -1.86542, 0.733022, -120.21, 0.729567, 121.728
905, 15.08333, 103.935, 67.3768, 100.81, -29.8967, 97.9162, -162.715, 0.784163, -1.87323, 0.732977, -120.213, 0.729537, 121.726
906, 15.09167, 104.047, 67.3797, 100.918, -29.8889, 98.0004, -162.705, 0.784192, -1.88103, 0.732933, -120.216, 0.729507, 121.724
906, 15.10000, 104.159, 67.3825, 101.026, -29.881, 98.0846, -162.695, 0.784222, -1.88884, 0.732888, -120.218, 0.729478, 121.722
907, 15.10833, 104.271, 67.3853, 101.134, -29.8732, 98.1688, -162.686, 0.784251, -1.89664, 0.732843, -120.221, 0.729448, 121.719
907, 15.11667, 104.383, 67.3881, 101.242, -29.8654, 98.253, -162.676, 0.784281, -1.90445, 0.732799, -120.224, 0.729419, 121.717
907, 15.12500, 104.495, 67.3908, 101.35, -29.8576, 98.3371, -162.666, 0.784311, -1.91226, 0.732755, -120.227, 0.729389, 121.715
908, 15.13333, 104.607, 67.3935, 101.458, -29.8499, 98.4213, -162.657, 0.784342, -1.92007, 0.732711, -120.229, 0.72936, 121.713
909, 15.14167, 104.72, 67.3962, 101.566, -29.8421, 98.5055, -162.647, 0.784373, -1.92789, 0.732668, -120.232, 0.729331, 121.71
909, 15.15000, 104.832, 67.3988, 101.674, -29.8344, 98.5897, -162.638, 0.784404, -1.9357, 0.732624, -120.235, 0.729302, 121.708
910, 15.15833, 104.945, 67.4014, 101.782, -29.8266, 98.6739, -162.628, 0.784435, -1.94352, 0.732581, -120.238, 0.729274, 121.706
910, 15.16667, 105.057, 67.4039, 101.89, -29.8189, 98.7581, -162.618, 0.784466, -1.95134, 0.732538, -120.24, 0.729245, 121.704
911, 15.17500, 105.17, 67.4064, 101.998, -29.8112, 98.8423, -162.609, 0.784498, -1.95915, 0.732495, -120.243, 0.729217, 121.702
911, 15.18333, 105.282, 67.4089, 102.107, -29.8036, 98.9265, -162.599, 0.78453, -1.96697, 0.732452, -120.246, 0.729189, 121.699
912, 15.19167, 105.395, 67.4113, 102.215, -29.7959, 99.0107, -162.59, 0.784562, -1.9748, 0.73241, -120.248, 0.729161, 121.697
912, 15.20000, 105.508, 67.4137, 102.324, -29.7882, 99.0949, -162.58, 0.784595, -1.98262, 0.732367, -120.251, 0.729133, 121.695
913, 15.20833, 105.62, 67.4161, 102.432, -29.7806, 99.1791, -162.571, 0.784628, -1.99045, 0.732325, -120.254, 0.729106, 121.693
913, 15.21667, 105.733, 67.4184, 102.541, -29.7729, 99.2633, -162.561, 0.784661, -1.99827, 0.732283, -120.256, 0.729078, 121.691
914, 15.22500, 105.846, 67.4207, 102.649, -29.7653, 99.3475, -162.552, 0.784694, -2.0061, 0.732241, -120.259, 0.729051, 121.689
914, 15.23333, 105.959, 67.4229, 102.758, -29.7577, 99.4317, -162.542, 0.784727, -2.01393, 0.7322, -120.262, 0.729024, 121.686
915, 15.24167, 106.072, 67.4251, 102.867, -29.7501, 99.5159, -162.533, 0.784761, -2.02176, 0.732159, -120.265, 0.728997, 121.684
915, 15.25000, 106.186, 67.4273, 102.975, -29.7426, 99.6001, -162.524, 0.784795, -2.0296, 0.732117, -120.267, 0.728971, 121.682
916, 15.25833, 106.299, 67.4295, 103.084, -29.735, 99.6842, -162.514, 0.78483, -2.03743, 0.732076, -120.27, 0.728944, 121.68
916, 15.26667, 106.412, 67.4316, 103.193, -29.7275, 99.7684, -162.505, 0.784864, -2.04527, 0.732036, -120.273, 0.728918, 121.678
916, 15.27500, 106.525, 67.4336, 103.302, -29.7199, 99.8526, -162.496, 0.784899, -2.05311, 0.731995, -120.275, 0.728891, 121.676
917, 15.28333, 106.639, 67.4357, 103.411, -29.7124, 99.9368, -162.486, 0.784934, -2.06095, 0.731955, -120.278, 0.728865, 121.674
918, 15.29167, 106.752, 67.4377, 103.52, -29.7049, 100.021, -162.477, 0.784969, -2.0688, 0.731914, -120.281, 0.728839, 121.671
918, 15.30000, 106.866, 67.4396, 103.629, -29.6974, 100.105, -162.468, 0.785005, -2.07664, 0.731874, -120.283, 0.728814, 121.669
919, 15.30833, 106.979, 67.4415, 103.738, -29.6899, 100.189, -162.458, 0.785041, -2.08449, 0.731835, -120.286, 0.728788, 121.667
919, 15.31667, 107.093, 67.4434, 103.847, -29.6824, 100.274, -162.449, 0.785077, -2.09234, 0.731795, -120.289, 0.728763, 121.665
920, 15.32500, 107.207, 67.4453, 103.956, -29.675, 100.358, -162.44, 0.785113, -2.10019, 0.731755, -120.291, 0.728738, 121.663
920, 15.33333, 107.32, 67.4471, 104.065, -29.6675, 100.442, -162.431, 0.78515, -2.10805, 0.731716, -120.294, 0.728712, 121.661
921, 15.34167, 107.434, 67.4489, 104.175, -29.6601, 100.526, -162.421, 0.785186, -2.1159, 0.731677, -120.297, 0.728688, 121.659
921, 15.35000, 107.548, 67.4506, 104.284, -29.6527, 100.61, -162.412, 0.785224, -2.12376, 0.731638, -120.299, 0.728663, 121.657
922, 15.35833, 107.662, 67.4523, 104.393, -29.6453, 100.695, -162.403, 0.785261, -2.13162, 0.731599, -120.302, 0.728638, 121.655
922, 15.36667, 107.776, 67.454, 104.503, -29.6379, 100.779, -162.394, 0.785298, -2.13948, 0.731561, -120.305, 0.728614, 121.652
923, 15.37500, 107.89, 67.4556, 104.612, -29.6305, 100.863, -162.385, 0.785336, -2.14735, 0.731523, -120.307, 0.72859, 121.65
923, 15.38333, 108.004, 67.4572, 104.722, -29.6231, 100.947, -162.376, 0.785374, -2.15522, 0.731484, -120.31, 0.728566, 121.648
924, 15.39167, 108.118, 67.4588, 104.831, -29.6158, 101.031, -162.367, 0.785413, -2.16309, 0.731446, -120.313, 0.728542, 121.646
924, 15.40000, 108.233, 67.4603, 104.941, -29.6084, 101.116, -162.357, 0.785451, -2.17096, 0.731409, -120.315, 0.728518, 121.644
924, 15.40833, 108.347, 67.4618, 105.051, -29.6011, 101.2, -162.348, 0.78549, -2.17883, 0.731371, -120.318, 0.728494, 121.642
925, 15.41667, 108.461, 67.4633, 105.161, -29.5938, 101.284, -162.339, 0.785529, -2.18671, 0.731334, -120.32, 0.728471, 121.64
926, 15.42500, 108.576, 67.4647, 105.27, -29.5865, 101.368, -162.33, 0.785568, -2.19459, 0.731296, -120.323, 0.728448, 121.638
926, 15.43333, 108.691, 67.4661, 105.38, -29.5792, 101.452, -162.321, 0.785608, -2.20247, 0.731259, -120.326, 0.728424, 121.636
927, 15.44167, 108.805, 67.4674, 105.49, -29.5719, 101.537, -162.312, 0.785648, -2.21035, 0.731222, -120.328, 0.728402, 121.634
927, 15.45000, 108.92, 67.4688, 105.6, -29.5646, 101.621, -162.303, 0.785688, -2.21824, 0.731186, -120.331, 0.728379, 121.632
928, 15.45833, 109.035, 67.4701, 105.71, -29.5574, 101.705, -162.294, 0.785728, -2.22613, 0.731149, -120.334, 0.728356, 121.63
928, 15.46667, 109.149, 67.4713, 105.82, -29.5501, 101.789, -162.285, 0.785769, -2.23402, 0.731113, -120.336, 0.728334, 121.628
929, 15.47500, 109.264, 67.4725, 105.93, -29.5429, 101.873, -162.276, 0.78581, -2.24191, 0.731077, -120.339, 0.728311, 121.626
929, 15.48333, 109.379, 67.4737, 106.041, -29.5357, 101.958, -162.267, 0.785851, -2.24981, 0.731041, -120.341, 0.728289, 121.624
930, 15.49167, 109.494, 67.4748, 106.151, -29.5285, 102.042, -162.258, 0.785892, -2.25771, 0.731005, -120.344, 0.728267, 121.621
930, 15.50000, 109.609, 67.476, 106.261, -29.5213, 102.126, -162.25, 0.785934, -2.26561, 0.730969, -120.347, 0.728245, 121.619
931, 15.50833, 109.724, 67.477, 106.372, -29.5141, 102.21, -162.241, 0.785975, -2.27351, 0.730934, -120.349, 0.728224, 121.617
931, 15.51667, 109.84, 67.4781, 106.482, -29.5069, 102.295, -162.232, 0.786017, -2.28142, 0.730899, -120.352, 0.728202, 121.615
932, 15.52500, 109.955, 67.4791, 106.592, -29.4997, 102.379, -162.223, 0.78606, -2.28933, 0.730864, -120.355, 0.728181, 121.613
932, 15.53333, 110.07, 67.48, 106.703, -29.4926, 102.463, -162.214, 0.786102, -2.29724, 0.730829, -120.357, 0.72816, 121.611
932, 15.54167, 110.186, 67.481, 106.814, -29.4854, 102.547, -162.205, 0.786145, -2.30516, 0.730794, -120.36, 0.728139, 121.609
933, 15.55000, 110.301, 67.4819, 106.924, -29.4783, 102.631, -162.196, 0.786188, -2.31308, 0.73076, -120.362, 0.728118, 121.607
934, 15.55833, 110.417, 67.4828, 107.035, -29.4712, 102.716, -162.188, 0.786232, -2.321, 0.730725, -120.365, 0.728097, 121.605
934, 15.56667, 110.532, 67.4836, 107.146, -29.4641, 102.8, -162.179, 0.786275, -2.32892, 0.730691, -120.368, 0.728077, 121.603
935, 15.57500, 110.648, 67.4844, 107.256, -29.457, 102.884, -162.17, 0.786319, -2.33685, 0.730657, -120.37, 0.728056, 121.601
935, 15.58333, 110.764, 67.4852, 107.367, -29.4499, 102.968, -162.161, 0.786363, -2.34478, 0.730623, -120.373, 0.728036, 121.599
936, 15.59167, 110.88, 67.4859, 107.478, -29.4429, 103.052, -162.152, 0.786407, -2.35272, 0.73059, -120.375, 0.728016, 121.597
936, 15.60000, 110.995, 67.4866, 107.589, -29.4358, 103.137, -162.144, 0.786452, -2.36065, 0.730556, -120.378, 0.727996, 121.595
937, 15.60833, 111.111, 67.4873, 107.7, -29.4288, 103.221, -162.135, 0.786496, -2.36859, 0.730523, -120.381, 0.727976, 121.593
937, 15.61667, 111.227, 67.4879, 107.811, -29.4217, 103.305, -162.126, 0.786541, -2.37653, 0.73049, -120.383, 0.727957, 121.591
938, 15.62500, 111.344, 67.4885, 107.922, -29.4147, 103.389, -162.118, 0.786587, -2.38448, 0.730457, -120.386, 0.727937, 121.589
938, 15.63333, 111.46, 67.489, 108.034, -29.4077, 103.474, -162.109, 0.786632, -2.39243, 0.730424, -120.388, 0.727918, 121.587
939, 15.64167, 111.576, 67.4896, 108.145, -29.4007, 103.558, -162.1, 0.786678, -2.40038, 0.730392, -120.391, 0.727899, 121.585
939, 15.65000, 111.692, 67.4901, 108.256, -29.3937, 103.642, -162.092, 0.786724, -2.40833, 0.730359, -120.394, 0.72788, 121.584
940, 15.65833, 111.809, 67.4905, 108.368, -29.3867, 103.726, -162.083, 0.78677, -2.41629, 0.730327, -120.396, 0.727861, 121.582
940, 15.66667, 111.925, 67.491, 108.479, -29.3798, 103.81, -162.074, 0.786817, -2.42425, 0.730295, -120.399, 0.727843, 121.58
941, 15.67500, 112.042, 67.4913, 108.591, -29.3728, 103.895, -162.066, 0.786863, -2.43221, 0.730263, -120.401, 0.727824, 121.578
941, 15.68333, 112.158, 67.4917, 108.702, -29.3659, 103.979, -162.057, 0.78691, -2.44018, 0.730232, -120.404, 0.727806, 121.576
941, 15.69167, 112.275, 67.492, 108.814, -29.3589, 104.063, -162.049, 0.786958, -2.44815, 0.7302, -120.406, 0.727787, 121.574
942, 15.70000, 112.392, 67.4923, 108.925, -29.352, 104.147, -162.04, 0.787005, -2.45613, 0.730169, -120.409, 0.727769, 121.572
943, 15.70833, 112.508, 67.4926, 109.037, -29.3451, 104.232, -162.031, 0.787053, -2.4641, 0.730138, -120.412, 0.727752, 121.57
943, 15.71667, 112.625, 67.4928, 109.149, -29.3382, 104.316, -162.023, 0.787101, -2.47209, 0.730107, -120.414, 0.727734, 121.568
944, 15.72500, 112.742, 67.493, 109.261, -29.3313, 104.4, -162.014, 0.787149, -2.48007, 0.730076, -120.417, 0.727716, 121.566
944, 15.73333, 112.859, 67.4932, 109.373, -29.3245, 104.484, -162.006, 0.787197, -2.48806, 0.730045, -120.419, 0.727699, 121.564
945, 15.74167, 112.976, 67.4933, 109.485, -29.3176, 104.569, -161.997, 0.787246, -2.49605, 0.730015, -120.422, 0.727682, 121.562
945, 15.75000, 113.093, 67.4934, 109.597, -29.3107, 104.653, -161.989, 0.787295, -2.50404, 0.729985, -120.424, 0.727664, 121.56
946, 15.75833, 113.211, 67.4935, 109.709, -29.3039, 104.737, -161.98, 0.787344, -2.51204, 0.729954, -120.427, 0.727647, 121.558
946, 15.76667, 113.328, 67.4935, 109.821, -29.2971, 104.821, -161.972, 0.787394, -2.52004, 0.729924, -120.429, 0.727631, 121.556
947, 15.77500, 113.445, 67.4935, 109.933, -29.2902, 104.905, -161.963, 0.787443, -2.52805, 0.729895, -120.432, 0.727614, 121.554
947, 15.78333, 113.563, 67.4934, 110.045, -29.2834, 104.99, -161.955, 0.787493, -2.53606, 0.729865, -120.435, 0.727598, 121.553
948, 15.79167, 113.68, 67.4934, 110.158, -29.2766, 105.074, -161.947, 0.787543, -2.54407, 0.729836, -120.437, 0.727581, 121.551
948, 15.80000, 113.798, 67.4933, 110.27, -29.2698, 105.158, -161.938, 0.787594, -2.55209, 0.729806, -120.44, 0.727565, 121.549
949, 15.80833, 113.915, 67.4931, 110.382, -29.2631, 105.242, -161.93, 0.787644, -2.56011, 0.729777, -120.442, 0.727549, 121.547
949, 15.81667, 114.033, 67.493, 110.495, -29.2563, 105.327, -161.921, 0.787695, -2.56813, 0.729748, -120.445, 0.727533, 121.545
949, 15.82500, 114.151, 67.4927, 110.607, -29.2495, 105.411, -161.913, 0.787746, -2.57616, 0.72972, -120.447, 0.727517, 121.543
950, 15.83333, 114.269, 67.4925, 110.72, -29.2428, 105.495, -161.905, 0.787798, -2.58419, 0.729691, -120.45, 0.727502, 121.541
951, 15.84167, 114.387, 67.4922, 110.833, -29.236, 105.579, -161.896, 0.787849, -2.59223, 0.729663, -120.452, 0.727486, 121.539
951, 15.85000, 114.505, 67.4919, 110.945, -29.2293, 105.664, -161.888, 0.787901, -2.60026, 0.729634, -120.455, 0.727471, 121.537
952, 15.85833, 114.623, 67.4916, 111.058, -29.2226, 105.748, -161.88, 0.787953, -2.60831, 0.729606, -120.457, 0.727456, 121.536
952, 15.86667, 114.741, 67.4912, 111.171, -29.2159, 105.832, -161.871, 0.788005, -2.61635, 0.729578, -120.46, 0.727441, 121.534
953, 15.87500, 114.859, 67.4908, 111.284, -29.2092, 105.916, -161.863, 0.788058, -2.6244, 0.729551, -120.463, 0.727426, 121.532
953, 15.88333, 114.978, 67.4904, 111.397, -29.2025, 106.001, -161.855, 0.788111, -2.63246, 0.729523, -120.465, 0.727411, 121.53
954, 15.89167, 115.096, 67.4899, 111.51, -29.1958, 106.085, -161.846, 0.788164, -2.64052, 0.729496, -120.468, 0.727397, 121.528
954, 15.90000, 115.214, 67.4894, 111.623, -29.1892, 106.169, -161.838, 0.788217, -2.64858, 0.729468, -120.47, 0.727382, 121.526
955, 15.90833, 115.333, 67.4889, 111.736, -29.1825, 106.253, -161.83, 0.78827, -2.65665, 0.729441, -120.473, 0.727368, 121.524
955, 15.91667, 115.451, 67.4883, 111.85, -29.1759, 106.338, -161.822, 0.788324, -2.66472, 0.729414, -120.475, 0.727354, 121.523
956, 15.92500, 115.57, 67.4878, 111.963, -29.1692, 106.422, -161.813, 0.788378, -2.67279, 0.729388, -120.478, 0.72734, 121.521
956, 15.93333, 115.689, 67.4871, 112.076, -29.1626, 106.506, -161.805, 0.788432, -2.68087, 0.729361, -120.48, 0.727326, 121.519
957, 15.94167, 115.808, 67.4865, 112.19, -29.156, 106.591, -161.797, 0.788487, -2.68895, 0.729335, -120.483, 0.727313, 121.517
957, 15.95000, 115.927, 67.4858, 112.303, -29.1494, 106.675, -161.789, 0.788542, -2.69704, 0.729308, -120.485, 0.727299, 121.515
957, 15.95833, 116.046, 67.4851, 112.417, -29.1428, 106.759, -161.781, 0.788597, -2.70513, 0.729282, -120.488, 0.727286, 121.513
958, 15.96667, 116.165, 67.4843, 112.531, -29.1362, 106.843, -161.772, 0.788652, -2.71323, 0.729257, -120.49, 0.727273, 121.512
959, 15.97500, 116.284, 67.4835, 112.644, -29.1296, 106.928, -161.764, 0.788707, -2.72133, 0.729231, -120.493, 0.72726, 121.51
959, 15.98333, 116.403, 67.4827, 112.758, -29.1231, 107.012, -161.756, 0.788763, -2.72943, 0.729205, -120.495, 0.727247, 121.508
960, 15.99167, 116.522, 67.4818, 112.872, -29.1165, 107.096, -161.748, 0.788819, -2.73754, 0.72918, -120.498, 0.727234, 121.506
960, 16.00000, 116.642, 67.481, 112.986, -29.11, 107.18, -161.74, 0.788875, -2.74565, 0.729155, -120.5, 0.727221, 121.504
961, 16.00833, 116.761, 67.48, 113.1, -29.1034, 107.265, -161.732, 0.788931, -2.75377, 0.729129, -120.503, 0.727209, 121.502
961, 16.01667, 116.88, 67.4791, 113.214, -29.0969, 107.349, -161.724, 0.788988, -2.76189, 0.729105, -120.505, 0.727197, 121.501
962, 16.02500, 117, 67.4781, 113.328, -29.0904, 107.433, -161.715, 0.789045, -2.77002, 0.72908, -120.508, 0.727184, 121.499
962, 16.03333, 117.12, 67.4771, 113.442, -29.0839, 107.518, -161.707, 0.789102, -2.77814, 0.729055, -120.51, 0.727172, 121.497
963, 16.04167, 117.239, 67.4761, 113.556, -29.0774, 107.602, -161.699, 0.789159, -2.78628, 0.729031, -120.513, 0.727161, 121.495
963, 16.05000, 117.359, 67.475, 113.67, -29.0709, 107.686, -161.691, 0.789217, -2.79442, 0.729007, -120.515, 0.727149, 121.493
964, 16.05833, 117.479, 67.4739, 113.785, -29.0644, 107.77, -161.683, 0.789275, -2.80256, 0.728983, -120.518, 0.727137, 121.492
964, 16.06667, 117.599, 67.4727, 113.899, -29.058, 107.855, -161.675, 0.789333, -2.81071, 0.728959, -120.52, 0.727126, 121.49
965, 16.07500, 117.719, 67.4716, 114.014, -29.0515, 107.939, -161.667, 0.789391, -2.81886, 0.728935, -120.523, 0.727114, 121.488
965, 16.08333, 117.839, 67.4704, 114.128, -29.0451, 108.023, -161.659, 0.789449, -2.82702, 0.728911, -120.525, 0.727103, 121.486
966, 16.09167, 117.959, 67.4691, 114.243, -29.0386, 108.108, -161.651, 0.789508, -2.83518, 0.728888, -120.528, 0.727092, 121.484
966, 16.10000, 118.08, 67.4679, 114.357, -29.0322, 108.192, -161.643, 0.789567, -2.84335, 0.728864, -120.53, 0.727082, 121.483
966, 16.10833, 118.2, 67.4666, 114.472, -29.0258, 108.276, -161.635, 0.789626, -2.85152, 0.728841, -120.533, 0.727071, 121.481
967, 16.11667, 118.32, 67.4652, 114.587, -29.0194, 108.36, -161.627, 0.789686, -2.8597, 0.728818, -120.535, 0.72706, 121.479
968, 16.12500, 118.441, 67.4639, 114.702, -29.013, 108.445, -161.619, 0.789746, -2.86788, 0.728796, -120.538, 0.72705, 121.477
968, 16.13333, 118.561, 67.4625, 114.817, -29.0066, 108.529, -161.611, 0.789806, -2.87606, 0.728773, -120.54, 0.72704, 121.476
969, 16.14167, 118.682, 67.4611, 114.932, -29.0002, 108.613, -161.603, 0.789866, -2.88425, 0.72875, -120.543, 0.727029, 121.474
969, 16.15000, 118.803, 67.4596, 115.047, -28.9938, 108.698, -161.595, 0.789926, -2.89245, 0.728728, -120.545, 0.727019, 121.472
970, 16.15833, 118.923, 67.4581, 115.162, -28.9875, 108.782, -161.587, 0.789987, -2.90065, 0.728706, -120.548, 0.72701, 121.47
970, 16.16667, 119.044, 67.4566, 115.277, -28.9811, 108.866, -161.579, 0.790048, -2.90885, 0.728684, -120.55, 0.727, 121.469
971, 16.17500, 119.165, 67.4551, 115.392, -28.9748, 108.951, -161.572, 0.790109, -2.91706, 0.728662, -120.553, 0.72699, 121.467
971, 16.18333, 119.286, 67.4535, 115.508, -28.9684, 109.035, -161.564, 0.79017, -2.92528, 0.72864, -120.555, 0.726981, 121.465
972, 16.19167, 119.407, 67.4519, 115.623, -28.9621, 109.119, -161.556, 0.790232, -2.9335, 0.728619, -120.558, 0.726972, 121.463
972, 16.20000, 119.529, 67.4502, 115.739, -28.9558, 109.204, -161.548, 0.790294, -2.94172, 0.728598, -120.56, 0.726963, 121.462
973, 16.20833, 119.65, 67.4485, 115.854, -28.9495, 109.288, -161.54, 0.790356, -2.94995, 0.728576, -120.563, 0.726954, 121.46
973, 16.21667, 119.771, 67.4468, 115.97, -28.9432, 109.372, -161.532, 0.790418, -2.95819, 0.728555, -120.565, 0.726945, 121.458
974, 16.22500, 119.893, 67.4451, 116.085, -28.9369, 109.456, -161.524, 0.79048, -2.96643, 0.728535, -120.568, 0.726936, 121.456
974, 16.23333, 120.014, 67.4433, 116.201, -28.9306, 109.541, -161.517, 0.790543, -2.97467, 0.728514, -120.57, 0.726928, 121.455
974, 16.24167, 120.136, 67.4415, 116.317, -28.9243, 109.625, -161.509, 0.790606, -2.98292, 0.728493, -120.573, 0.726919, 121.453
975, 16.25000, 120.257, 67.4397, 116.433, -28.9181, 109.709, -161.501, 0.79067, -2.99118, 0.728473, -120.575, 0.726911, 121.451
976, 16.25833, 120.379, 67.4378, 116.549, -28.9118, 109.794, -161.493, 0.790733, -2.99944, 0.728453, -120.578, 0.726903, 121.449
976, 16.26667, 120.501, 67.436, 116.665, -28.9056, 109.878, -161.485, 0.790797, -3.0077, 0.728432, -120.58, 0.726895, 121.448
977, 16.27500, 120.623, 67.434, 116.781, -28.8993, 109.962, -161.477, 0.790861, -3.01597, 0.728413, -120.582, 0.726887, 121.446
977, 16.28333, 120.745, 67.4321, 116.897, -28.8931, 110.047, -161.47, 0.790925, -3.02425, 0.728393, -120.585, 0.726879, 121.444
978, 16.29167, 120.867, 67.4301, 117.013, -28.8869, 110.131, -161.462, 0.790989, -3.03253, 0.728373, -120.587, 0.726872, 121.443
978, 16.30000, 120.989, 67.4281, 117.13, -28.8807, 110.215, -161.454, 0.791054, -3.04082, 0.728354, -120.59, 0.726864, 121.441
979, 16.30833, 121.111, 67.426, 117.246, -28.8745, 110.3, -161.446, 0.791119, -3.04911, 0.728334, -120.592, 0.726857, 121.439
979, 16.31667, 121.234, 67.424, 117.363, -28.8683, 110.384, -161.439, 0.791184, -3.05741, 0.728315, -120.595, 0.72685, 121.437
980, 16.32500, 121.356, 67.4218, 117.479, -28.8621, 110.468, -161.431, 0.791249, -3.06571, 0.728296, -120.597, 0.726843, 121.436
980, 16.33333, 121.478, 67.4197, 117.596, -28.8559, 110.553, -161.423, 0.791315, -3.07402, 0.728277, -120.6, 0.726836, 121.434
981, 16.34167, 121.601, 67.4175, 117.712, -28.8498, 110.637, -161.416, 0.791381, -3.08233, 0.728259, -120.602, 0.726829, 121.432
981, 16.35000, 121.724, 67.4153, 117.829, -28.8436, 110.721, -161.408, 0.791447, -3.09065, 0.72824, -120.605, 0.726823, 121.431
982, 16.35833, 121.846, 67.4131, 117.946, -28.8375, 110.806, -161.4, 0.791513, -3.09898, 0.728222, -120.607, 0.726816, 121.429
982, 16.36667, 121.969, 67.4108, 118.063, -28.8313, 110.89, -161.392, 0.791579, -3.10731, 0.728204, -120.61, 0.72681, 121.427
982, 16.37500, 122.092, 67.4085, 118.18, -28.8252, 110.974, -161.385, 0.791646, -3.11564, 0.728186, -120.612, 0.726804, 121.426
983, 16.38333, 122.215, 67.4062, 118.297, -28.8191, 111.059, -161.377, 0.791713, -3.12398, 0.728168, -120.614, 0.726798, 121.424
984, 16.39167, 122.338, 67.4039, 118.414, -28.813, 111.143, -161.369, 0.79178, -3.13233, 0.72815, -120.617, 0.726792, 121.422
984, 16.40000, 122.461, 67.4015, 118.531, -28.8069, 111.228, -161.362, 0.791848, -3.14068, 0.728132, -120.619, 0.726786, 121.421
985, 16.40833, 122.584, 67.399, 118.648, -28.8008, 111.312, -161.354, 0.791916, -3.14904, 0.728115, -120.622, 0.726781, 121.419
985, 16.41667, 122.708, 67.3966, 118.766, -28.7947, 111.396, -161.346, 0.791984, -3.15741, 0.728097, -120.624, 0.726775, 121.417
986, 16.42500, 122.831, 67.3941, 118.883, -28.7886, 111.481, -161.339, 0.792052, -3.16578, 0.72808, -120.627, 0.72677, 121.416
986, 16.43333, 122.954, 67.3916, 119.001, -28.7825, 111.565, -161.331, 0.79212, -3.17415, 0.728063, -120.629, 0.726765, 121.414
987, 16.44167, 123.078, 67.3891, 119.118, -28.7765, 111.649, -161.324, 0.792189, -3.18253, 0.728047, -120.632, 0.72676, 121.412
987, 16.45000, 123.202, 67.3865, 119.236, -28.7704, 111.734, -161.316, 0.792258, -3.19092, 0.72803, -120.634, 0.726755, 121.411
988, 16.45833, 123.325, 67.3839, 119.354, -28.7644, 111.818, -161.308, 0.792327, -3.19931, 0.728013, -120.636, 0.72675, 121.409
988, 16.46667, 123.449, 67.3813, 119.471, -28.7583, 111.902, -161.301, 0.792396, -3.20771, 0.727997, -120.639, 0.726745, 121.407
989, 16.47500, 123.573, 67.3786, 119.589, -28.7523, 111.987, -161.293, 0.792466, -3.21612, 0.727981, -120.641, 0.726741, 121.406
989, 16.48333, 123.697, 67.3759, 119.707, -28.7463, 112.071, -161.286, 0.792535, -3.22453, 0.727965, -120.644, 0.726736, 121.404
990, 16.49167, 123.821, 67.3732, 119.825, -28.7403, 112.156, -161.278, 0.792605, -3.23295, 0.727949, -120.646, 0.726732, 121.402
990, 16.50000, 123.945, 67.3704, 119.943, -28.7343, 112.24, -161.271, 0.792676, -3.24137, 0.727933, -120.649, 0.726728, 121.401
991, 16.50833, 124.069, 67.3677, 120.061, -28.7283, 112.324, -161.263, 0.792746, -3.2498, 0.727917, -120.651, 0.726724, 121.399
991, 16.51667, 124.193, 67.3648, 120.18, -28.7223, 112.409, -161.256, 0.792817, -3.25823, 0.727902, -120.654, 0.72672, 121.398
991, 16.52500, 124.318, 67.362, 120.298, -28.7163, 112.493, -161.248, 0.792888, -3.26667, 0.727887, -120.656, 0.726717, 121.396
992, 16.53333, 124.442, 67.3591, 120.416, -28.7104, 112.577, -161.24, 0.792959, -3.27512, 0.727871, -120.658, 0.726713, 121.394
993, 16.54167, 124.567, 67.3562, 120.535, -28.7044, 112.662, -161.233, 0.79303, -3.28357, 0.727856, -120.661, 0.72671, 121.393
993, 16.55000, 124.691, 67.3533, 120.653, -28.6984, 112.746, -161.225, 0.793102, -3.29203, 0.727842, -120.663, 0.726707, 121.391
994, 16.55833, 124.816, 67.3503, 120.772, -28.6925, 112.831, -161.218, 0.793174, -3.3005, 0.727827, -120.666, 0.726703, 121.389
994, 16.56667, 124.941, 67.3473, 120.891, -28.6866, 112.915, -161.21, 0.793246, -3.30897, 0.727812, -120.668, 0.7267, 121.388
995, 16.57500, 125.066, 67.3443, 121.009, -28.6806, 112.999, -161.203, 0.793318, -3.31745, 0.727798, -120.671, 0.726698, 121.386
995, 16.58333, 125.191, 67.3412, 121.128, -28.6747, 113.084, -161.195, 0.793391, -3.32593, 0.727784, -120.673, 0.726695, 121.385
996, 16.59167, 125.316, 67.3382, 121.247, -28.6688, 113.168, -161.188, 0.793464, -3.33442, 0.72777, -120.675, 0.726692, 121.383
996, 16.60000, 125.441, 67.335, 121.366, -28.6629, 113.253, -161.181, 0.793537, -3.34292, 0.727756, -120.678, 0.72669, 121.381
997, 16.60833, 125.566, 67.3319, 121.485, -28.657, 113.337, -161.173, 0.79361, -3.35142, 0.727742, -120.68, 0.726688, 121.38
997, 16.61667, 125.691, 67.3287, 121.604, -28.6511, 113.421, -161.166, 0.793683, -3.35993, 0.727728, -120.683, 0.726685, 121.378
998, 16.62500, 125.817, 67.3255, 121.723, -28.6452, 113.506, -161.158, 0.793757, -3.36845, 0.727715, -120.685, 0.726683, 121.377
998, 16.63333, 125.942, 67.3223, 121.843, -28.6394, 113.59, -161.151, 0.793831, -3.37697, 0.727701, -120.688, 0.726681, 121.375
999, 16.64167, 126.068, 67.319, 121.962, -28.6335, 113.675, -161.143, 0.793905, -3.3855, 0.727688, -120.69, 0.72668, 121.373
999, 16.65000, 126.194, 67.3157, 122.082, -28.6276, 113.759, -161.136, 0.79398, -3.39403, 0.727675, -120.692, 0.726678, 121.372
999, 16.65833, 126.319, 67.3124, 122.201, -28.6218, 113.843, -161.129, 0.794054, -3.40258, 0.727662, -120.695, 0.726677, 121.37
1000, 16.66667, 126.445, 67.309, 122.321, -28.616, 113.928, -161.121, 0.794129, -3.41112, 0.727649, -120.697, 0.726675, 121.369
1001, 16.67500, 126.571, 67.3056, 122.44, -28.6101, 114.012, -161.114, 0.794204, -3.41968, 0.727637, -120.7, 0.726674, 121.367
1001, 16.68333, 126.697, 67.3022, 122.56, -28.6043, 114.097, -161.106, 0.79428, -3.42824, 0.727624, -120.702, 0.726673, 121.365
1002, 16.69167, 126.823, 67.2988, 122.68, -28.5985, 114.181, -161.099, 0.794355, -3.43681, 0.727612, -120.705, 0.726672, 121.364
1002, 16.70000, 126.949, 67.2953, 122.8, -28.5927, 114.266, -161.092, 0.794431, -3.44538, 0.7276, -120.707, 0.726671, 121.362
1003, 16.70833, 127.076, 67.2918, 122.92, -28.5869, 114.35, -161.084, 0.794507, -3.45396, 0.727588, -120.709, 0.72667, 121.361
1003, 16.71667, 127.202, 67.2882, 123.04, -28.5811, 114.434, -161.077, 0.794583, -3.46255, 0.727576, -120.712, 0.72667, 121.359
1004, 16.72500, 127.328, 67.2847, 123.16, -28.5753, 114.519, -161.07, 0.79466, -3.47115, 0.727564, -120.714, 0.726669, 121.358
1004, 16.73333, 127.455, 67.2811, 123.281, -28.5695, 114.603, -161.062, 0.794736, -3.47975, 0.727552, -120.717, 0.726669, 121.356
1005, 16.74167, 127.582, 67.2774, 123.401, -28.5638, 114.688, -161.055, 0.794813, -3.48836, 0.727541, -120.719, 0.726669, 121.354
1005, 16.75000, 127.708, 67.2738, 123.521, -28.558, 114.772, -161.048, 0.794891, -3.49697, 0.72753, -120.721, 0.726669, 121.353
1006, 16.75833, 127.835, 67.2701, 123.642, -28.5522, 114.857, -161.04, 0.794968, -3.5056, 0.727519, -120.724, 0.726669, 121.351
1006, 16.76667, 127.962, 67.2664, 123.762, -28.5465, 114.941, -161.033, 0.795046, -3.51423, 0.727508, -120.726, 0.726669, 121.35
1007, 16.77500, 128.089, 67.2626, 123.883, -28.5408, 115.025, -161.026, 0.795123, -3.52286, 0.727497, -120.729, 0.72667, 121.348
1007, 16.78333, 128.216, 67.2588, 124.004, -28.535, 115.11, -161.018, 0.795202, -3.5315, 0.727486, -120.731, 0.72667, 121.347
1007, 16.79167, 128.343, 67.255, 124.125, -28.5293, 115.194, -161.011, 0.79528, -3.54015, 0.727475, -120.734, 0.726671, 121.345
1008, 16.80000, 128.47, 67.2512, 124.246, -28.5236, 115.279, -161.004, 0.795358, -3.54881, 0.727465, -120.736, 0.726672, 121.344
1009, 16.80833, 128.598, 67.2473, 124.367, -28.5179, 115.363, -160.996, 0.795437, -3.55747, 0.727455, -120.738, 0.726673, 121.342
1009, 16.81667, 128.725, 67.2434, 124.488, -28.5122, 115.448, -160.989, 0.795516, -3.56615, 0.727445, -120.741, 0.726674, 121.341
1010, 16.82500, 128.853, 67.2395, 124.609, -28.5065, 115.532, -160.982, 0.795595, -3.57482, 0.727435, -120.743, 0.726675, 121.339
1010, 16.83333, 128.98, 67.2355, 124.73, -28.5008, 115.617, -160.975, 0.795675, -3.58351, 0.727425, -120.746, 0.726676, 121.338
1011, 16.84167, 129.108, 67.2315, 124.851, -28.4951, 115.701, -160.967, 0.795755, -3.5922, 0.727415, -120.748, 0.726677, 121.336
1011, 16.85000, 129.236, 67.2275, 124.973, -28.4894, 115.786, -160.96, 0.795835, -3.6009, 0.727405, -120.75, 0.726679, 121.334
1012, 16.85833, 129.363, 67.2235, 125.094, -28.4838, 115.87, -160.953, 0.795915, -3.60961, 0.727396, -120.753, 0.726681, 121.333
1012, 16.86667, 129.491, 67.2194, 125.216, -28.4781, 115.954, -160.946, 0.795995, -3.61832, 0.727387, -120.755, 0.726683, 121.331
1013, 16.87500, 129.62, 67.2153, 125.338, -28.4725, 116.039, -160.938, 0.796076, -3.62704, 0.727378, -120.758, 0.726685, 121.33
1013, 16.88333, 129.748, 67.2111, 125.459, -28.4668, 116.123, -160.931, 0.796157, -3.63577, 0.727369, -120.76, 0.726687, 121.328
1014, 16.89167, 129.876, 67.207, 125.581, -28.4612, 116.208, -160.924, 0.796238, -3.64451, 0.72736, -120.762, 0.726689, 121.327
1014, 16.90000, 130.004, 67.2028, 125.703, -28.4556, 116.292, -160.917, 0.796319, -3.65325, 0.727351, -120.765, 0.726691, 121.325
1015, 16.90833, 130.133, 67.1985, 125.825, -28.45, 116.377, -160.909, 0.7964, -3.662, 0.727343, -120.767, 0.726694, 121.324
1015, 16.91667, 130.261, 67.1943, 125.947, -28.4444, 116.461, -160.902, 0.796482, -3.67076, 0.727334, -120.77, 0.726696, 121.322
1016, 16.92500, 130.39, 67.19, 126.069, -28.4388, 116.546, -160.895, 0.796564, -3.67952, 0.727326, -120.772, 0.726699, 121.321
1016, 16.93333, 130.518, 67.1857, 126.191, -28.4332, 116.63, -160.888, 0.796646, -3.6883, 0.727318, -120.774, 0.726702, 121.319
1016, 16.94167, 130.647, 67.1813, 126.314, -28.4276, 116.715, -160.881, 0.796729, -3.69708, 0.72731, -120.777, 0.726705, 121.318
1017, 16.95000, 130.776, 67.177, 126.436, -28.422, 116.799, -160.873, 0.796812, -3.70587, 0.727302, -120.779, 0.726708, 121.316
1018, 16.95833, 130.905, 67.1726, 126.559, -28.4164, 116.884, -160.866, 0.796894, -3.71466, 0.727294, -120.782, 0.726711, 121.315
1018, 16.96667, 131.034, 67.1681, 126.681, -28.4108, 116.968, -160.859, 0.796978, -3.72346, 0.727287, -120.784, 0.726715, 121.313
1019, 16.97500, 131.163, 67.1637, 126.804, -28.4053, 117.053, -160.852, 0.797061, -3.73227, 0.727279, -120.786, 0.726718, 121.312
1019, 16.98333, 131.293, 67.1592, 126.927, -28.3997, 117.137, -160.845, 0.797145, -3.74109, 0.727272, -120.789, 0.726722, 121.31
1020, 16.99167, 131.422, 67.1546, 127.05, -28.3942, 117.222, -160.837, 0.797228, -3.74992, 0.727265, -120.791, 0.726726, 121.309
1020, 17.00000, 131.551, 67.1501, 127.173, -28.3887, 117.306, -160.83, 0.797312, -3.75875, 0.727258, -120.794, 0.72673, 121.307
1021, 17.00833, 131.681, 67.1455, 127.296, -28.3831, 117.391, -160.823, 0.797397, -3.76759, 0.727251, -120.796, 0.726734, 121.306
1021, 17.01667, 131.81, 67.1409, 127.419, -28.3776, 117.475, -160.816, 0.797481, -3.77644, 0.727245, -120.799, 0.726738, 121.304
1022, 17.02500, 131.94, 67.1362, 127.542, -28.3721, 117.56, -160.809, 0.797566, -3.7853, 0.727238, -120.801, 0.726742, 121.303
1022, 17.03333, 132.07, 67.1316, 127.665, -28.3666, 117.644, -160.802, 0.797651, -3.79416, 0.727232, -120.803, 0.726747, 121.302
1023, 17.04167, 132.2, 67.1268, 127.789, -28.3611, 117.729, -160.795, 0.797736, -3.80304, 0.727225, -120.806, 0.726751, 121.3
1023, 17.05000, 132.33, 67.1221, 127.912, -28.3556, 117.813, -160.787, 0.797822, -3.81192, 0.727219, -120.808, 0.726756, 121.299
1024, 17.05833, 132.46, 67.1174, 128.036, -28.3501, 117.898, -160.78, 0.797907, -3.8208, 0.727213, -120.81, 0.726761, 121.297
1024, 17.06667, 132.59, 67.1126, 128.159, -28.3446, 117.982, -160.773, 0.797993, -3.8297, 0.727207, -120.813, 0.726766, 121.296
1025, 17.07500, 132.72, 67.1077, 128.283, -28.3391, 118.067, -160.766, 0.798079, -3.83861, 0.727202, -120.815, 0.726771, 121.294
1025, 17.08333, 132.851, 67.1029, 128.407, -28.3337, 118.151, -160.759, 0.798165, -3.84752, 0.727196, -120.818, 0.726776, 121.293
1026, 17.09167, 132.981, 67.098, 128.531, -28.3282, 118.236, -160.752, 0.798252, -3.85644, 0.727191, -120.82, 0.726781, 121.291
1026, 17.10000, 133.112, 67.0931, 128.655, -28.3228, 118.32, -160.745, 0.798339, -3.86537, 0.727185, -120.822, 0.726787, 121.29
1027, 17.10833, 133.243, 67.0882, 128.779, -28.3173, 118.405, -160.738, 0.798426, -3.8743, 0.72718, -120.825, 0.726792, 121.288
1027, 17.11667, 133.373, 67.0832, 128.903, -28.3119, 118.489, -160.731, 0.798513, -3.88325, 0.727175, -120.827, 0.726798, 121.287
1028, 17.12500, 133.504, 67.0782, 129.027, -28.3065, 118.574, -160.724, 0.7986, -3.8922, 0.72717, -120.83, 0.726804, 121.285
1028, 17.13333, 133.635, 67.0731, 129.152, -28.301, 118.658, -160.716, 0.798688, -3.90116, 0.727166, -120.832, 0.72681, 121.284
1029, 17.14167, 133.766, 67.0681, 129.276, -28.2956, 118.743, -160.709, 0.798776, -3.91013, 0.727161, -120.834, 0.726816, 121.283
1029, 17.15000, 133.897, 67.063, 129.401, -28.2902, 118.827, -160.702, 0.798864, -3.9191, 0.727157, -120.837, 0.726822, 121.281
1030, 17.15833, 134.029, 67.0579, 129.525, -28.2848, 118.912, -160.695, 0.798953, -3.92809, 0.727152, -120.839, 0.726829, 121.28
1030, 17.16667, 134.16, 67.0527, 129.65, -28.2794, 118.997, -160.688, 0.799041, -3.93708, 0.727148, -120.842, 0.726835, 121.278
1031, 17.17500, 134.291, 67.0475, 129.775, -28.274, 119.081, -160.681, 0.79913, -3.94609, 0.727144, -120.844, 0.726842, 121.277
1031, 17.18333, 134.423, 67.0423, 129.9, -28.2687, 119.166, -160.674, 0.799219, -3.9551, 0.72714, -120.846, 0.726848, 121.275
1032, 17.19167, 134.554, 67.0371, 130.025, -28.2633, 119.25, -160.667, 0.799308, -3.96411, 0.727136, -120.849, 0.726855, 121.274
1032, 17.20000, 134.686, 67.0318, 130.15, -28.2579, 119.335, -160.66, 0.799398, -3.97314, 0.727133, -120.851, 0.726862, 121.273
1033, 17.20833, 134.818, 67.0265, 130.275, -28.2526, 119.419, -160.653, 0.799488, -3.98218, 0.727129, -120.854, 0.72687, 121.271
1033, 17.21667, 134.95, 67.0212, 130.4, -28.2472, 119.504, -160.646, 0.799578, -3.99122, 0.727126, -120.856, 0.726877, 121.27
1034, 17.22500, 135.082, 67.0158, 130.526, -28.2419, 119.588, -160.639, 0.799668, -4.00027, 0.727123, -120.858, 0.726884, 121.268
1034, 17.23333, 135.214, 67.0105, 130.651, -28.2365, 119.673, -160.632, 0.799758, -4.00933, 0.72712, -120.861, 0.726892, 121.267
1035, 17.24167, 135.346, 67.005, 130.777, -28.2312, 119.757, -160.625, 0.799849, -4.0184, 0.727117, -120.863, 0.726899, 121.265
1035, 17.25000, 135.479, 66.9996, 130.902, -28.2259, 119.842, -160.618, 0.79994, -4.02748, 0.727114, -120.866, 0.726907, 121.264
1036, 17.25833, 135.611, 66.9941, 131.028, -28.2205, 119.927, -160.611, 0.800031, -4.03657, 0.727111, -120.868, 0.726915, 121.263
1036, 17.26667, 135.743, 66.9886, 131.154, -28.2152, 120.011, -160.604, 0.800122, -4.04566, 0.727109, -120.87, 0.726923, 121.261
1037, 17.27500, 135.876, 66.9831, 131.28, -28.2099, 120.096, -160.597, 0.800214, -4.05477, 0.727106, -120.873, 0.726931, 121.26
1037, 17.28333, 136.009, 66.9775, 131.406, -28.2046, 120.18, -160.59, 0.800305, -4.06388, 0.727104, -120.875, 0.726939, 121.258
1038, 17.29167, 136.142, 66.9719, 131.532, -28.1993, 120.265, -160.583, 0.800397, -4.073, 0.727102, -120.878, 0.726948, 121.257
1038, 17.30000, 136.275, 66.9663, 131.658, -28.1941, 120.349, -160.576, 0.80049, -4.08213, 0.7271, -120.88, 0.726956, 121.256
1039, 17.30833, 136.408, 66.9606, 131.785, -28.1888, 120.434, -160.569, 0.800582, -4.09127, 0.727098, -120.882, 0.726965, 121.254
1039, 17.31667, 136.541, 66.955, 131.911, -28.1835, 120.519, -160.562, 0.800675, -4.10042, 0.727096, -120.885, 0.726974, 121.253
1040, 17.32500, 136.674, 66.9492, 132.038, -28.1782, 120.603, -160.555, 0.800768, -4.10957, 0.727095, -120.887, 0.726983, 121.251
1040, 17.33333, 136.807, 66.9435, 132.164, -28.173, 120.688, -160.548, 0.800861, -4.11874, 0.727093, -120.889, 0.726992, 121.25
1041, 17.34167, 136.941, 66.9377, 132.291, -28.1677, 120.772, -160.541, 0.800954, -4.12791, 0.727092, -120.892, 0.727001, 121.249
1041, 17.35000, 137.074, 66.9319, 132.418, -28.1625, 120.857, -160.534, 0.801048, -4.13709, 0.727091, -120.894, 0.72701, 121.247
1042, 17.35833, 137.208, 66.9261, 132.545, -28.1573, 120.941, -160.527, 0.801142, -4.14629, 0.72709, -120.897, 0.727019, 121.246
1042, 17.36667, 137.341, 66.9202, 132.672, -28.152, 121.026, -160.52, 0.801235, -4.15549, 0.727089, -120.899, 0.727029, 121.245
1043, 17.37500, 137.475, 66.9143, 132.799, -28.1468, 121.111, -160.513, 0.80133, -4.1647, 0.727088, -120.901, 0.727039, 121.243
1043, 17.38333, 137.609, 66.9084, 132.926, -28.1416, 121.195, -160.506, 0.801424, -4.17392, 0.727088, -120.904, 0.727048, 121.242
1044, 17.39167, 137.743, 66.9025, 133.053, -28.1364, 121.28, -160.499, 0.801519, -4.18315, 0.727087, -120.906, 0.727058, 121.24
1044, 17.40000, 137.877, 66.8965, 133.181, -28.1312, 121.364, -160.492, 0.801614, -4.19238, 0.727087, -120.909, 0.727068, 121.239
1045, 17.40833, 138.011, 66.8905, 133.308, -28.126, 121.449, -160.485, 0.801709, -4.20163, 0.727087, -120.911, 0.727078, 121.238
1045, 17.41667, 138.146, 66.8844, 133.436, -28.1208, 121.534, -160.478, 0.801804, -4.21089, 0.727087, -120.913, 0.727089, 121.236
1046, 17.42500, 138.28, 66.8784, 133.563, -28.1156, 121.618, -160.471, 0.8019, -4.22015, 0.727087, -120.916, 0.727099, 121.235
1046, 17.43333, 138.415, 66.8723, 133.691, -28.1104, 121.703, -160.464, 0.801996, -4.22942, 0.727087, -120.918, 0.72711, 121.234
1047, 17.44167, 138.549, 66.8661, 133.819, -28.1053, 121.787, -160.457, 0.802092, -4.23871, 0.727087, -120.921, 0.72712, 121.232
1047, 17.45000, 138.684, 66.86, 133.947, -28.1001, 121.872, -160.45, 0.802188, -4.248, 0.727088, -120.923, 0.727131, 121.231
1048, 17.45833, 138.819, 66.8538, 134.075, -28.095, 121.957, -160.443, 0.802285, -4.2573, 0.727088, -120.925, 0.727142, 121.229
1048, 17.46667, 138.954, 66.8476, 134.203, -28.0898, 122.041, -160.436, 0.802382, -4.26661, 0.727089, -120.928, 0.727153, 121.228
1049, 17.47500, 139.089, 66.8413, 134.331, -28.0847, 122.126, -160.429, 0.802479, -4.27593, 0.72709, -120.93, 0.727164, 121.227
1049, 17.48333, 139.224, 66.835, 134.46, -28.0795, 122.21, -160.422, 0.802576, -4.28526, 0.727091, -120.932, 0.727175, 121.225
1050, 17.49167, 139.359, 66.8287, 134.588, -28.0744, 122.295, -160.415, 0.802673, -4.2946, 0.727092, -120.935, 0.727187, 121.224
1050, 17.50000, 139.494, 66.8224, 134.717, -28.0693, 122.38, -160.408, 0.802771, -4.30395, 0.727093, -120.937, 0.727198, 121.223
1051, 17.50833, 139.63, 66.816, 134.845, -28.0642, 122.464, -160.402, 0.802869, -4.31331, 0.727095, -120.94, 0.72721, 121.221
1051, 17.51667, 139.765, 66.8096, 134.974, -28.0591, 122.549, -160.395, 0.802967, -4.32268, 0.727096, -120.942, 0.727222, 121.22
1052, 17.52500, 139.901, 66.8032, 135.103, -28.054, 122.633, -160.388, 0.803065, -4.33206, 0.727098, -120.944, 0.727234, 121.219
1052, 17.53333, 140.037, 66.7967, 135.232, -28.0489, 122.718, -160.381, 0.803164, -4.34145, 0.7271, -120.947, 0.727246, 121.217
1053, 17.54167, 140.173, 66.7902, 135.361, -28.0438, 122.803, -160.374, 0.803262, -4.35084, 0.727102, -120.949, 0.727258, 121.216
1053, 17.55000, 140.309, 66.7837, 135.49, -28.0387, 122.887, -160.367, 0.803361, -4.36025, 0.727104, -120.952, 0.72727, 121.215
1054, 17.55833, 140.445, 66.7772, 135.62, -28.0336, 122.972, -160.36, 0.803461, -4.36967, 0.727106, -120.954, 0.727282, 121.213
1054, 17.56667, 140.581, 66.7706, 135.749, -28.0285, 123.057, -160.353, 0.80356, -4.37909, 0.727108, -120.956, 0.727295, 121.212
1055, 17.57500, 140.717, 66.764, 135.878, -28.0235, 123.141, -160.346, 0.80366, -4.38853, 0.727111, -120.959, 0.727308, 121.211
1055, 17.58333, 140.854, 66.7574, 136.008, -28.0184, 123.226, -160.339, 0.80376, -4.39797, 0.727113, -120.961, 0.72732, 121.209
1056, 17.59167, 140.99, 66.7507, 136.138, -28.0134, 123.311, -160.332, 0.80386, -4.40743, 0.727116, -120.964, 0.727333, 121.208
1056, 17.60000, 141.127, 66.744, 136.268, -28.0083, 123.395, -160.325, 0.80396, -4.41689, 0.727119, -120.966, 0.727346, 121.207
1057, 17.60833, 141.263, 66.7373, 136.397, -28.0033, 123.48, -160.318, 0.804061, -4.42637, 0.727122, -120.968, 0.727359, 121.205
1057, 17.61667, 141.4, 66.7305, 136.527, -27.9983, 123.564, -160.312, 0.804162, -4.43586, 0.727125, -120.971, 0.727373, 121.204
1058, 17.62500, 141.537, 66.7237, 136.658, -27.9932, 123.649, -160.305, 0.804263, -4.44535, 0.727129, -120.973, 0.727386, 121.203
1058, 17.63333, 141.674, 66.7169, 136.788, -27.9882, 123.734, -160.298, 0.804364, -4.45485, 0.727132, -120.975, 0.727399, 121.201
1059, 17.64167, 141.811, 66.7101, 136.918, -27.9832, 123.818, -160.291, 0.804465, -4.46437, 0.727135, -120.978, 0.727413, 121.2
1059, 17.65000, 141.948, 66.7032, 137.049, -27.9782, 123.903, -160.284, 0.804567, -4.4739, 0.727139, -120.98, 0.727427, 121.199
1060, 17.65833, 142.086, 66.6963, 137.179, -27.9732, 123.988, -160.277, 0.804669, -4.48343, 0.727143, -120.983, 0.727441, 121.198
1060, 17.66667, 142.223, 66.6893, 137.31, -27.9682, 124.072, -160.27, 0.804771, -4.49298, 0.727147, -120.985, 0.727455, 121.196
1061, 17.67500, 142.361, 66.6824, 137.44, -27.9632, 124.157, -160.263, 0.804874, -4.50253, 0.727151, -120.987, 0.727469, 121.195
1061, 17.68333, 142.498, 66.6754, 137.571, -27.9583, 124.242, -160.256, 0.804976, -4.5121, 0.727155, -120.99, 0.727483, 121.194
1062, 17.69167, 142.636, 66.6684, 137.702, -27.9533, 124.326, -160.249, 0.805079, -4.52167, 0.727159, -120.992, 0.727497, 121.192
1062, 17.70000, 142.774, 66.6613, 137.833, -27.9483, 124.411, -160.243, 0.805182, -4.53126, 0.727164, -120.995, 0.727512, 121.191
1063, 17.70833, 142.912, 66.6542, 137.964, -27.9434, 124.496, -160.236, 0.805285, -4.54086, 0.727169, -120.997, 0.727526, 121.19
1063, 17.71667, 143.05, 66.6471, 138.096, -27.9384, 124.58, -160.229, 0.805389, -4.55046, 0.727173, -120.999, 0.727541, 121.188
1063, 17.72500, 143.188, 66.64, 138.227, -27.9335, 124.665, -160.222, 0.805493, -4.56008, 0.727178, -121.002, 0.727556, 121.187
1064, 17.73333, 143.327, 66.6328, 138.359, -27.9285, 124.75, -160.215, 0.805597, -4.56971, 0.727183, -121.004, 0.727571, 121.186
1065, 17.74167, 143.465, 66.6256, 138.49, -27.9236, 124.834, -160.208, 0.805701, -4.57935, 0.727188, -121.007, 0.727586, 121.185
1065, 17.75000, 143.604, 66.6183, 138.622, -27.9187, 124.919, -160.201, 0.805805, -4.58899, 0.727193, -121.009, 0.727601, 121.183
1065, 17.75833, 143.742, 66.6111, 138.754, -27.9137, 125.004, -160.194, 0.80591, -4.59865, 0.727199, -121.011, 0.727616, 121.182
1066, 17.76667, 143.881, 66.6038, 138.886, -27.9088, 125.088, -160.187, 0.806015, -4.60832, 0.727204, -121.014, 0.727632, 121.181
1067, 17.77500, 144.02, 66.5965, 139.018, -27.9039, 125.173, -160.181, 0.80612, -4.618, 0.72721, -121.016, 0.727647, 121.179
1067, 17.78333, 144.159, 66.5891, 139.15, -27.899, 125.258, -160.174, 0.806225, -4.62769, 0.727216, -121.019, 0.727663, 121.178
1067, 17.79167, 144.298, 66.5817, 139.282, -27.8941, 125.342, -160.167, 0.806331, -4.63739, 0.727222, -121.021, 0.727679, 121.177
1068, 17.80000, 144.437, 66.5743, 139.414, -27.8892, 125.427, -160.16, 0.806436, -4.6471, 0.727228, -121.023, 0.727695, 121.176
1069, 17.80833, 144.576, 66.5668, 139.547, -27.8844, 125.512, -160.153, 0.806542, -4.65683, 0.727234, -121.026, 0.727711, 121.174
1069, 17.81667, 144.716, 66.5594, 139.679, -27.8795, 125.596, -160.146, 0.806648, -4.66656, 0.72724, -121.028, 0.727727, 121.173
1069, 17.82500, 144.855, 66.5519, 139.812, -27.8746, 125.681, -160.139, 0.806755, -4.6763, 0.727246, -121.031, 0.727743, 121.172
1070, 17.83333, 144.995, 66.5443, 139.945, -27.8698, 125.766, -160.132, 0.806862, -4.68606, 0.727253, -121.033, 0.72776, 121.171
1071, 17.84167, 145.135, 66.5368, 140.078, -27.8649, 125.85, -160.126, 0.806969, -4.69582, 0.72726, -121.035, 0.727776, 121.169
1071, 17.85000, 145.274, 66.5292, 140.211, -27.8601, 125.935, -160.119, 0.807076, -4.7056, 0.727266, -121.038, 0.727793, 121.168
1071, 17.85833, 145.414, 66.5215, 140.344, -27.8552, 126.02, -160.112, 0.807183, -4.71538, 0.727273, -121.04, 0.72781, 121.167
1072, 17.86667, 145.554, 66.5139, 140.477, -27.8504, 126.105, -160.105, 0.80729, -4.72518, 0.72728, -121.042, 0.727827, 121.165
1073, 17.87500, 145.695, 66.5062, 140.61, -27.8456, 126.189, -160.098, 0.807398, -4.73499, 0.727288, -121.045, 0.727844, 121.164
1073, 17.88333, 145.835, 66.4985, 140.744, -27.8407, 126.274, -160.091, 0.807506, -4.74481, 0.727295, -121.047, 0.727861, 121.163
1073, 17.89167, 145.975, 66.4907, 140.877, -27.8359, 126.359, -160.084, 0.807615, -4.75464, 0.727302, -121.05, 0.727878, 121.162
1074, 17.90000, 146.116, 66.4829, 141.011, -27.8311, 126.443, -160.077, 0.807723, -4.76448, 0.72731, -121.052, 0.727896, 121.16
1075, 17.90833, 146.256, 66.4751, 141.145, -27.8263, 126.528, -160.07, 0.807832, -4.77433, 0.727318, -121.054, 0.727913, 121.159
1075, 17.91667, 146.397, 66.4673, 141.279, -27.8215, 126.613, -160.064, 0.807941, -4.7842, 0.727326, -121.057, 0.727931, 121.158
1075, 17.92500, 146.538, 66.4594, 141.413, -27.8167, 126.697, -160.057, 0.80805, -4.79407, 0.727334, -121.059, 0.727948, 121.157
1076, 17.93333, 146.679, 66.4515, 141.547, -27.8119, 126.782, -160.05, 0.808159, -4.80396, 0.727342, -121.062, 0.727966, 121.155
1077, 17.94167, 146.82, 66.4436, 141.681, -27.8071, 126.867, -160.043, 0.808269, -4.81386, 0.72735, -121.064, 0.727984, 121.154
1077, 17.95000, 146.961, 66.4356, 141.816, -27.8024, 126.952, -160.036, 0.808378, -4.82376, 0.727358, -121.066, 0.728002, 121.153
1077, 17.95833, 147.102, 66.4276, 141.95, -27.7976, 127.036, -160.029, 0.808488, -4.83368, 0.727367, -121.069, 0.728021, 121.152
1078, 17.96667, 147.244, 66.4196, 142.085, -27.7929, 127.121, -160.022, 0.808599, -4.84362, 0.727375, -121.071, 0.728039, 121.151
1079, 17.97500, 147.385, 66.4116, 142.219, -27.7881, 127.206, -160.015, 0.808709, -4.85356, 0.727384, -121.074, 0.728057, 121.149
1079, 17.98333, 147.527, 66.4035, 142.354, -27.7834, 127.29, -160.009, 0.80882, -4.86351, 0.727393, -121.076, 0.728076, 121.148
1079, 17.99167, 147.669, 66.3954, 142.489, -27.7786, 127.375, -160.002, 0.808931, -4.87348, 0.727402, -121.078, 0.728095, 121.147
1080, 18.00000, 147.811, 66.3872, 142.624, -27.7739, 127.46, -159.995, 0.809042, -4.88345, 0.727411, -121.081, 0.728114, 121.146
1081, 18.00833, 147.953, 66.379, 142.759, -27.7691, 127.545, -159.988, 0.809153, -4.89344, 0.72742, -121.083, 0.728133, 121.144
1081, 18.01667, 148.095, 66.3708, 142.895, -27.7644, 127.629, -159.981, 0.809265, -4.90344, 0.72743, -121.086, 0.728152, 121.143
1081, 18.02500, 148.237, 66.3626, 143.03, -27.7597, 127.714, -159.974, 0.809377, -4.91345, 0.727439, -121.088, 0.728171, 121.142
1082, 18.03333, 148.379, 66.3543, 143.165, -27.755, 127.799, -159.967, 0.809489, -4.92347, 0.727449, -121.091, 0.72819, 121.141
1083, 18.04167, 148.522, 66.346, 143.301, -27.7503, 127.884, -159.96, 0.809601, -4.93351, 0.727459, -121.093, 0.72821, 121.139
1083, 18.05000, 148.664, 66.3377, 143.437, -27.7456, 127.968, -159.954, 0.809713, -4.94355, 0.727469, -121.095, 0.728229, 121.138
1083, 18.05833, 148.807, 66.3293, 143.573, -27.7409, 128.053, -159.947, 0.809826, -4.95361, 0.727479, -121.098, 0.728249, 121.137
1084, 18.06667, 148.95, 66.321, 143.709, -27.7362, 128.138, -159.94, 0.809939, -4.96368, 0.727489, -121.1, 0.728269, 121.136
1085, 18.07500, 149.093, 66.3125, 143.845, -27.7316, 128.222, -159.933, 0.810052, -4.97376, 0.727499, -121.103, 0.728288, 121.135
1085, 18.08333, 149.236, 66.3041, 143.981, -27.7269, 128.307, -159.926, 0.810166, -4.98385, 0.727509, -121.105, 0.728308, 121.133
1085, 18.09167, 149.379, 66.2956, 144.117, -27.7222, 128.392, -159.919, 0.810279, -4.99395, 0.72752, -121.107, 0.728329, 121.132
1086, 18.10000, 149.522, 66.2871, 144.254, -27.7176, 128.477, -159.912, 0.810393, -5.00407, 0.727531, -121.11, 0.728349, 121.131
1087, 18.10833, 149.665, 66.2785, 144.39, -27.7129, 128.561, -159.905, 0.810507, -5.0142, 0.727541, -121.112, 0.728369, 121.13
1087, 18.11667, 149.809, 66.27, 144.527, -27.7083, 128.646, -159.898, 0.810622, -5.02434, 0.727552, -121.115, 0.72839, 121.129
1087, 18.12500, 149.952, 66.2614, 144.664, -27.7036, 128.731, -159.892, 0.810736, -5.03449, 0.727563, -121.117, 0.72841, 121.127
1088, 18.13333, 150.096, 66.2527, 144.801, -27.699, 128.816, -159.885, 0.810851, -5.04465, 0.727575, -121.119, 0.728431, 121.126
1089, 18.14167, 150.24, 66.2441, 144.938, -27.6944, 128.9, -159.878, 0.810966, -5.05483, 0.727586, -121.122, 0.728452, 121.125
1089, 18.15000, 150.384, 66.2354, 145.075, -27.6898, 128.985, -159.871, 0.811081, -5.06502, 0.727597, -121.124, 0.728473, 121.124
1089, 18.15833, 150.528, 66.2266, 145.212, -27.6852, 129.07, -159.864, 0.811196, -5.07521, 0.727609, -121.127, 0.728494, 121.123
1090, 18.16667, 150.672, 66.2179, 145.35, -27.6805, 129.155, -159.857, 0.811312, -5.08543, 0.72762, -121.129, 0.728515, 121.121
1091, 18.17500, 150.817, 66.2091, 145.487, -27.6759, 129.239, -159.85, 0.811428, -5.09565, 0.727632, -121.132, 0.728537, 121.12
1091, 18.18333, 150.961, 66.2003, 145.625, -27.6714, 129.324, -159.843, 0.811544, -5.10589, 0.727644, -121.134, 0.728558, 121.119
1091, 18.19167, 151.105, 66.1914, 145.763, -27.6668, 129.409, -159.836, 0.81166, -5.11613, 0.727656, -121.136, 0.72858, 121.118
1092, 18.20000, 151.25, 66.1825, 145.901, -27.6622, 129.494, -159.829, 0.811777, -5.12639, 0.727668, -121.139, 0.728601, 121.117
1093, 18.20833, 151.395, 66.1736, 146.039, -27.6576, 129.578, -159.822, 0.811893, -5.13667, 0.727681, -121.141, 0.728623, 121.115
1093, 18.21667, 151.54, 66.1647, 146.177, -27.653, 129.663, -159.816, 0.81201, -5.14695, 0.727693, -121.144, 0.728645, 121.114
1093, 18.22500, 151.685, 66.1557, 146.315, -27.6485, 129.748, -159.809, 0.812128, -5.15725, 0.727706, -121.146, 0.728667, 121.113
1094, 18.23333, 151.83, 66.1467, 146.454, -27.6439, 129.833, -159.802, 0.812245, -5.16756, 0.727718, -121.148, 0.728689, 121.112
1095, 18.24167, 151.975, 66.1377, 146.592, -27.6394, 129.917, -159.795, 0.812363, -5.17788, 0.727731, -121.151, 0.728712, 121.111
1095, 18.25000, 152.121, 66.1286, 146.731, -27.6348, 130.002, -159.788, 0.81248, -5.18822, 0.727744, -121.153, 0.728734, 121.11
1095, 18.25833, 152.266, 66.1195, 146.87, -27.6303, 130.087, -159.781, 0.812599, -5.19856, 0.727757, -121.156, 0.728757, 121.108
1096, 18.26667, 152.412, 66.1104, 147.009, -27.6258, 130.172, -159.774, 0.812717, -5.20892, 0.727771, -121.158, 0.728779, 121.107
1097, 18.27500, 152.557, 66.1012, 147.148, -27.6213, 130.256, -159.767, 0.812835, -5.21929, 0.727784, -121.161, 0.728802, 121.106
1097, 18.28333, 152.703, 66.092, 147.287, -27.6167, 130.341, -159.76, 0.812954, -5.22968, 0.727797, -121.163, 0.728825, 121.105
1098, 18.29167, 152.849, 66.0828, 147.426, -27.6122, 130.426, -159.753, 0.813073, -5.24008, 0.727811, -121.165, 0.728848, 121.104
1098, 18.30000, 152.995, 66.0735, 147.565, -27.6077, 130.511, -159.746, 0.813192, -5.25049, 0.727825, -121.168, 0.728871, 121.103
1099, 18.30833, 153.142, 66.0642, 147.705, -27.6032, 130.596, -159.739, 0.813312, -5.26091, 0.727838, -121.17, 0.728894, 121.101
1099, 18.31667, 153.288, 66.0549, 147.845, -27.5987, 130.68, -159.732, 0.813431, -5.27134, 0.727852, -121.173, 0.728918, 121.1
1100, 18.32500, 153.434, 66.0456, 147.984, -27.5943, 130.765, -159.726, 0.813551, -5.28179, 0.727866, -121.175, 0.728941, 121.099
1100, 18.33333, 153.581, 66.0362, 148.124, -27.5898, 130.85, -159.719, 0.813671, -5.29225, 0.727881, -121.178, 0.728965, 121.098
1101, 18.34167, 153.728, 66.0268, 148.264, -27.5853, 130.935, -159.712, 0.813792, -5.30273, 0.727895, -121.18, 0.728988, 121.097
1101, 18.35000, 153.874, 66.0173, 148.404, -27.5808, 131.019, -159.705, 0.813912, -5.31321, 0.727909, -121.182, 0.729012, 121.096
1102, 18.35833, 154.021, 66.0079, 148.545, -27.5764, 131.104, -159.698, 0.814033, -5.32371, 0.727924, -121.185, 0.729036, 121.094
1102, 18.36667, 154.168, 65.9984, 148.685, -27.5719, 131.189, -159.691, 0.814154, -5.33423, 0.727939, -121.187, 0.72906, 121.093
1103, 18.37500, 154.316, 65.9888, 148.826, -27.5675, 131.274, -159.684, 0.814275, -5.34475, 0.727953, -121.19, 0.729085, 121.092
1103, 18.38333, 154.463, 65.9793, 148.966, -27.563, 131.359, -159.677, 0.814397, -5.35529, 0.727968, -121.192, 0.729109, 121.091
1104, 18.39167, 154.61, 65.9697, 149.107, -27.5586, 131.443, -159.67, 0.814518, -5.36584, 0.727983, -121.195, 0.729133, 121.09
1104, 18.40000, 154.758, 65.96, 149.248, -27.5542, 131.528, -159.663, 0.81464, -5.3764, 0.727999, -121.197, 0.729158, 121.089
1105, 18.40833, 154.906, 65.9504, 149.389, -27.5498, 131.613, -159.656, 0.814762, -5.38698, 0.728014, -121.199, 0.729182, 121.088
1105, 18.41667, 155.053, 65.9407, 149.53, -27.5454, 131.698, -159.649, 0.814885, -5.39757, 0.728029, -121.202, 0.729207, 121.086
1106, 18.42500, 155.201, 65.9309, 149.672, -27.541, 131.783, -159.642, 0.815007, -5.40818, 0.728045, -121.204, 0.729232, 121.085
1106, 18.43333, 155.349, 65.9212, 149.813, -27.5366, 131.867, -159.635, 0.81513, -5.41879, 0.728061, -121.207, 0.729257, 121.084
1107, 18.44167, 155.498, 65.9114, 149.955, -27.5322, 131.952, -159.628, 0.815253, -5.42943, 0.728077, -121.209, 0.729282, 121.083
1107, 18.45000, 155.646, 65.9016, 150.096, -27.5278, 132.037, -159.621, 0.815376, -5.44007, 0.728092, -121.212, 0.729308, 121.082
1108, 18.45833, 155.794, 65.8917, 150.238, -27.5234, 132.122, -159.614, 0.8155, -5.45073, 0.728109, -121.214, 0.729333, 121.081
1108, 18.46667, 155.943, 65.8818, 150.38, -27.519, 132.206, -159.607, 0.815623, -5.4614, 0.728125, -121.216, 0.729358, 121.08
1109, 18.47500, 156.092, 65.8719, 150.522, -27.5146, 132.291, -159.6, 0.815747, -5.47208, 0.728141, -121.219, 0.729384, 121.078
1109, 18.48333, 156.24, 65.862, 150.665, -27.5103, 132.376, -159.593, 0.815871, -5.48278, 0.728157, -121.221, 0.72941, 121.077
1110, 18.49167, 156.389, 65.852, 150.807, -27.5059, 132.461, -159.586, 0.815996, -5.49349, 0.728174, -121.224, 0.729436, 121.076
1110, 18.50000, 156.538, 65.842, 150.949, -27.5016, 132.546, -159.579, 0.81612, -5.50421, 0.728191, -121.226, 0.729461, 121.075
1111, 18.50833, 156.687, 65.8319, 151.092, -27.4972, 132.63, -159.572, 0.816245, -5.51495, 0.728208, -121.229, 0.729488, 121.074
1111, 18.51667, 156.837, 65.8218, 151.235, -27.4929, 132.715, -159.565, 0.81637, -5.5257, 0.728225, -121.231, 0.729514, 121.073
1112, 18.52500, 156.986, 65.8117, 151.378, -27.4886, 132.8, -159.558, 0.816495, -5.53647, 0.728242, -121.234, 0.72954, 121.072
1112, 18.53333, 157.136, 65.8016, 151.521, -27.4843, 132.885, -159.551, 0.816621, -5.54725, 0.728259, -121.236, 0.729567, 121.071
1113, 18.54167, 157.285, 65.7914, 151.664, -27.4799, 132.97, -159.544, 0.816747, -5.55804, 0.728276, -121.238, 0.729593, 121.069
1113, 18.55000, 157.435, 65.7812, 151.807, -27.4756, 133.054, -159.537, 0.816873, -5.56884, 0.728294, -121.241, 0.72962, 121.068
1114, 18.55833, 157.585, 65.771, 151.951, -27.4713, 133.139, -159.53, 0.816999, -5.57966, 0.728311, -121.243, 0.729647, 121.067
1114, 18.56667, 157.735, 65.7607, 152.094, -27.467, 133.224, -159.523, 0.817125, -5.5905, 0.728329, -121.246, 0.729673, 121.066
1115, 18.57500, 157.885, 65.7504, 152.238, -27.4627, 133.309, -159.516, 0.817252, -5.60135, 0.728347, -121.248, 0.7297, 121.065
1115, 18.58333, 158.036, 65.7401, 152.382, -27.4585, 133.394, -159.509, 0.817378, -5.61221, 0.728365, -121.251, 0.729728, 121.064
1116, 18.59167, 158.186, 65.7297, 152.526, -27.4542, 133.479, -159.502, 0.817505, -5.62308, 0.728383, -121.253, 0.729755, 121.063
1116, 18.60000, 158.337, 65.7193, 152.67, -27.4499, 133.563, -159.495, 0.817633, -5.63397, 0.728401, -121.256, 0.729782, 121.062
1117, 18.60833, 158.487, 65.7089, 152.814, -27.4457, 133.648, -159.488, 0.81776, -5.64488, 0.728419, -121.258, 0.72981, 121.061
1117, 18.61667, 158.638, 65.6984, 152.959, -27.4414, 133.733, -159.481, 0.817888, -5.65579, 0.728437, -121.261, 0.729837, 121.059
1118, 18.62500, 158.789, 65.6879, 153.103, -27.4372, 133.818, -159.474, 0.818016, -5.66672, 0.728456, -121.263, 0.729865, 121.058
1118, 18.63333, 158.94, 65.6774, 153.248, -27.4329, 133.903, -159.467, 0.818144, -5.67767, 0.728475, -121.265, 0.729893, 121.057
1119, 18.64167, 159.091, 65.6668, 153.393, -27.4287, 133.987, -159.46, 0.818272, -5.68863, 0.728494, -121.268, 0.729921, 121.056
1119, 18.65000, 159.243, 65.6563, 153.538, -27.4244, 134.072, -159.453, 0.818401, -5.6996, 0.728512, -121.27, 0.729949, 121.055
1120, 18.65833, 159.394, 65.6456, 153.683, -27.4202, 134.157, -159.445, 0.81853, -5.71059, 0.728531, -121.273, 0.729977, 121.054
1120, 18.66667, 159.546, 65.635, 153.828, -27.416, 134.242, -159.438, 0.818659, -5.7216, 0.728551, -121.275, 0.730005, 121.053
1121, 18.67500, 159.698, 65.6243, 153.973, -27.4118, 134.327, -159.431, 0.818788, -5.73261, 0.72857, -121.278, 0.730034, 121.052
1121, 18.68333, 159.849, 65.6136, 154.119, -27.4076, 134.412, -159.424, 0.818917, -5.74364, 0.728589, -121.28, 0.730062, 121.051
1122, 18.69167, 160.001, 65.6028, 154.265, -27.4034, 134.496, -159.417, 0.819047, -5.75469, 0.728609, -121.283, 0.730091, 121.05
1122, 18.70000, 160.153, 65.592, 154.41, -27.3992, 134.581, -159.41, 0.819177, -5.76575, 0.728629, -121.285, 0.73012, 121.049
1123, 18.70833, 160.306, 65.5812, 154.556, -27.395, 134.666, -159.403, 0.819307, -5.77682, 0.728648, -121.288, 0.730149, 121.047
1123, 18.71667, 160.458, 65.5704, 154.702, -27.3909, 134.751, -159.396, 0.819438, -5.78791, 0.728668, -121.29, 0.730178, 121.046
1124, 18.72500, 160.611, 65.5595, 154.849, -27.3867, 134.836, -159.389, 0.819568, -5.79902, 0.728688, -121.293, 0.730207, 121.045
1124, 18.73333, 160.763, 65.5486, 154.995, -27.3825, 134.92, -159.382, 0.819699, -5.81013, 0.728708, -121.295, 0.730236, 121.044
1125, 18.74167, 160.916, 65.5376, 155.142, -27.3784, 135.005, -159.374, 0.81983, -5.82127, 0.728729, -121.298, 0.730265, 121.043
1125, 18.75000, 161.069, 65.5266, 155.288, -27.3742, 135.09, -159.367, 0.819961, -5.83241, 0.728749, -121.3, 0.730295, 121.042
1126, 18.75833, 161.222, 65.5156, 155.435, -27.3701, 135.175, -159.36, 0.820093, -5.84358, 0.72877, -121.302, 0.730325, 121.041
1126, 18.76667, 161.375, 65.5046, 155.582, -27.3659, 135.26, -159.353, 0.820224, -5.85475, 0.72879, -121.305, 0.730354, 121.04
1127, 18.77500, 161.528, 65.4935, 155.729, -27.3618, 135.345, -159.346, 0.820356, -5.86594, 0.728811, -121.307, 0.730384, 121.039
1127, 18.78333, 161.682, 65.4824, 155.876, -27.3577, 135.429, -159.339, 0.820488, -5.87715, 0.728832, -121.31, 0.730414, 121.038
1128, 18.79167, 161.835, 65.4712, 156.024, -27.3536, 135.514, -159.332, 0.820621, -5.88837, 0.728853, -121.312, 0.730444, 121.037
1128, 18.80000, 161.989, 65.46, 156.171, -27.3495, 135.599, -159.324, 0.820753, -5.89961, 0.728874, -121.315, 0.730474, 121.036
1129, 18.80833, 162.143, 65.4488, 156.319, -27.3454, 135.684, -159.317, 0.820886, -5.91086, 0.728895, -121.317, 0.730505, 121.034
1129, 18.81667, 162.297, 65.4376, 156.467, -27.3413, 135.769, -159.31, 0.821019, -5.92213, 0.728917, -121.32, 0.730535, 121.033
1130, 18.82500, 162.451, 65.4263, 156.615, -27.3372, 135.854, -159.303, 0.821153, -5.93341, 0.728938, -121.322, 0.730566, 121.032
1130, 18.83333, 162.605, 65.415, 156.763, -27.3331, 135.938, -159.296, 0.821286, -5.9447, 0.72896, -121.325, 0.730596, 121.031
1131, 18.84167, 162.759, 65.4036, 156.911, -27.329, 136.023, -159.289, 0.82142, -5.95601, 0.728982, -121.327, 0.730627, 121.03
1131, 18.85000, 162.914, 65.3923, 157.059, -27.325, 136.108, -159.281, 0.821554, -5.96734, 0.729003, -121.33, 0.730658, 121.029
1132, 18.85833, 163.069, 65.3809, 157.208, -27.3209, 136.193, -159.274, 0.821688, -5.97868, 0.729025, -121.332, 0.730689, 121.028
1132, 18.86667, 163.223, 65.3694, 157.357, -27.3168, 136.278, -159.267, 0.821822, -5.99004, 0.729048, -121.335, 0.73072, 121.027
1133, 18.87500, 163.378, 65.3579, 157.505, -27.3128, 136.363, -159.26, 0.821957, -6.00141, 0.72907, -121.337, 0.730751, 121.026
1133, 18.88333, 163.533, 65.3464, 157.654, -27.3088, 136.447, -159.253, 0.822092, -6.0128, 0.729092, -121.34, 0.730783, 121.025
1134, 18.89167, 163.688, 65.3349, 157.803, -27.3047, 136.532, -159.245, 0.822227, -6.0242, 0.729115, -121.342, 0.730814, 121.024
1134, 18.90000, 163.844, 65.3233, 157.953, -27.3007, 136.617, -159.238, 0.822362, -6.03562, 0.729137, -121.345, 0.730846, 121.023
1135, 18.90833, 163.999, 65.3117, 158.102, -27.2967, 136.702, -159.231, 0.822497, -6.04705, 0.72916, -121.347, 0.730877, 121.022
1135, 18.91667, 164.155, 65.3, 158.252, -27.2927, 136.787, -159.224, 0.822633, -6.0585, 0.729183, -121.35, 0.730909, 121.021
1136, 18.92500, 164.31, 65.2884, 158.401, -27.2887, 136.872, -159.216, 0.822769, -6.06996, 0.729206, -121.352, 0.730941, 121.02
1136, 18.93333, 164.466, 65.2767, 158.551, -27.2847, 136.957, -159.209, 0.822905, -6.08144, 0.729229, -121.355, 0.730973, 121.019
1137, 18.94167, 164.622, 65.2649, 158.701, -27.2807, 137.041, -159.202, 0.823041, -6.09294, 0.729252, -121.357, 0.731005, 121.018
1137, 18.95000, 164.778, 65.2531, 158.852, -27.2767, 137.126, -159.195, 0.823178, -6.10445, 0.729275, -121.36, 0.731038, 121.017
1138, 18.95833, 164.934, 65.2413, 159.002, -27.2727, 137.211, -159.187, 0.823315, -6.11597, 0.729299, -121.362, 0.73107, 121.016
1138, 18.96667, 165.091, 65.2295, 159.152, -27.2687, 137.296, -159.18, 0.823452, -6.12752, 0.729323, -121.365, 0.731103, 121.014
1139, 18.97500, 165.247, 65.2176, 159.303, -27.2648, 137.381, -159.173, 0.823589, -6.13907, 0.729346, -121.367, 0.731135, 121.013
1139, 18.98333, 165.404, 65.2057, 159.454, -27.2608, 137.466, -159.165, 0.823727, -6.15065, 0.72937, -121.37, 0.731168, 121.012
1140, 18.99167, 165.561, 65.1937, 159.605, -27.2569, 137.55, -159.158, 0.823864, -6.16224, 0.729394, -121.372, 0.731201, 121.011
1140, 19.00000, 165.718, 65.1818, 159.756, -27.2529, 137.635, -159.151, 0.824002, -6.17384, 0.729418, -121.375, 0.731234, 121.01
1141, 19.00833, 165.875, 65.1697, 159.907, -27.249, 137.72, -159.144, 0.82414, -6.18546, 0.729442, -121.377, 0.731267, 121.009
1141, 19.01667, 166.032, 65.1577, 160.058, -27.2451, 137.805, -159.136, 0.824279, -6.1971, 0.729467, -121.38, 0.7313, 121.008
1142, 19.02500, 166.189, 65.1456, 160.21, -27.2412, 137.89, -159.129, 0.824417, -6.20875, 0.729491, -121.382, 0.731333, 121.007
1142, 19.03333, 166.347, 65.1335, 160.362, -27.2372, 137.975, -159.122, 0.824556, -6.22042, 0.729516, -121.385, 0.731367, 121.006
1143, 19.04167, 166.504, 65.1213, 160.514, -27.2333, 138.06, -159.114, 0.824695, -6.23211, 0.72954, -121.387, 0.731401, 121.005
1143, 19.05000, 166.662, 65.1092, 160.666, -27.2294, 138.144, -159.107, 0.824834, -6.24381, 0.729565, -121.39, 0.731434, 121.004
1144, 19.05833, 166.82, 65.0969, 160.818, -27.2255, 138.229, -159.1, 0.824974, -6.25553, 0.72959, -121.392, 0.731468, 121.003
1144, 19.06667, 166.978, 65.0847, 160.97, -27.2217, 138.314, -159.092, 0.825113, -6.26726, 0.729615, -121.395, 0.731502, 121.002
1145, 19.07500, 167.136, 65.0724, 161.123, -27.2178, 138.399, -159.085, 0.825253, -6.27901, 0.72964, -121.397, 0.731536, 121.001
1145, 19.08333, 167.294, 65.0601, 161.275, -27.2139, 138.484, -159.077, 0.825393, -6.29078, 0.729665, -121.4, 0.73157, 121
1146, 19.09167, 167.453, 65.0477, 161.428, -27.2101, 138.569, -159.07, 0.825534, -6.30256, 0.729691, -121.402, 0.731604, 120.999
1146, 19.10000, 167.611, 65.0353, 161.581, -27.2062, 138.654, -159.063, 0.825674, -6.31436, 0.729716, -121.405, 0.731639, 120.998
1147, 19.10833, 167.77, 65.0229, 161.734, -27.2023, 138.738, -159.055, 0.825815, -6.32617, 0.729742, -121.408, 0.731673, 120.997
1147, 19.11667, 167.929, 65.0105, 161.887, -27.1985, 138.823, -159.048, 0.825956, -6.338, 0.729768, -121.41, 0.731708, 120.996
1148, 19.12500, 168.088, 64.998, 162.041, -27.1947, 138.908, -159.04, 0.826097, -6.34985, 0.729794, -121.413, 0.731743, 120.995
1148, 19.13333, 168.247, 64.9854, 162.194, -27.1908, 138.993, -159.033, 0.826239, -6.36172, 0.72982, -121.415, 0.731778, 120.994
1149, 19.14167, 168.406, 64.9729, 162.348, -27.187, 139.078, -159.026, 0.82638, -6.3736, 0.729846, -121.418, 0.731813, 120.993
1149, 19.15000, 168.566, 64.9603, 162.502, -27.1832, 139.163, -159.018, 0.826522, -6.38549, 0.729872, -121.42, 0.731848, 120.992
1150, 19.15833, 168.725, 64.9476, 162.656, -27.1794, 139.248, -159.011, 0.826664, -6.39741, 0.729899, -121.423, 0.731883, 120.991
1150, 19.16667, 168.885, 64.935, 162.81, -27.1756, 139.332, -159.003, 0.826807, -6.40934, 0.729925, -121.425, 0.731918, 120.99
1151, 19.17500, 169.045, 64.9223, 162.965, -27.1718, 139.417, -158.996, 0.826949, -6.42129, 0.729952, -121.428, 0.731954, 120.989
1151, 19.18333, 169.205, 64.9095, 163.119, -27.168, 139.502, -158.988, 0.827092, -6.43325, 0.729978, -121.43, 0.731989, 120.988
1152, 19.19167, 169.365, 64.8968, 163.274, -27.1643, 139.587, -158.981, 0.827235, -6.44523, 0.730005, -121.433, 0.732025, 120.987
1152, 19.20000, 169.525, 64.884, 163.429, -27.1605, 139.672, -158.973, 0.827378, -6.45723, 0.730032, -121.435, 0.732061, 120.986
1153, 19.20833, 169.686, 64.8711, 163.584, -27.1567, 139.757, -158.966, 0.827522, -6.46924, 0.730059, -121.438, 0.732097, 120.985
1153, 19.21667, 169.846, 64.8583, 163.739, -27.153, 139.842, -158.958, 0.827665, -6.48128, 0.730087, -121.441, 0.732133, 120.984
1154, 19.22500, 170.007, 64.8453, 163.894, -27.1492, 139.926, -158.951, 0.827809, -6.49333, 0.730114, -121.443, 0.732169, 120.983
1154, 19.23333, 170.168, 64.8324, 164.05, -27.1455, 140.011, -158.943, 0.827953, -6.50539, 0.730141, -121.446, 0.732205, 120.982
1155, 19.24167, 170.329, 64.8194, 164.206, -27.1418, 140.096, -158.936, 0.828098, -6.51748, 0.730169, -121.448, 0.732242, 120.981
1155, 19.25000, 170.49, 64.8064, 164.361, -27.1381, 140.181, -158.928, 0.828242, -6.52957, 0.730197, -121.451, 0.732278, 120.98
1156, 19.25833, 170.651, 64.7934, 164.517, -27.1343, 140.266, -158.921, 0.828387, -6.54169, 0.730225, -121.453, 0.732315, 120.979
1156, 19.26667, 170.812, 64.7803, 164.674, -27.1306, 140.351, -158.913, 0.828532, -6.55383, 0.730253, -121.456, 0.732351, 120.978
1157, 19.27500, 170.974, 64.7672, 164.83, -27.1269, 140.436, -158.906, 0.828677, -6.56598, 0.730281, -121.458, 0.732388, 120.977
1157, 19.28333, 171.136, 64.754, 164.987, -27.1232, 140.52, -158.898, 0.828823, -6.57815, 0.730309, -121.461, 0.732425, 120.976
1158, 19.29167, 171.297, 64.7408, 165.143, -27.1196, 140.605, -158.89, 0.828968, -6.59033, 0.730337, -121.463, 0.732462, 120.975
1158, 19.30000, 171.459, 64.7276, 165.3, -27.1159, 140.69, -158.883, 0.829114, -6.60254, 0.730366, -121.466, 0.7325, 120.974
1159, 19.30833, 171.621, 64.7143, 165.457, -27.1122, 140.775, -158.875, 0.82926, -6.61476, 0.730394, -121.469, 0.732537, 120.973
1159, 19.31667, 171.784, 64.701, 165.614, -27.1085, 140.86, -158.868, 0.829406, -6.627, 0.730423, -121.471, 0.732574, 120.972
1160, 19.32500, 171.946, 64.6877, 165.772, -27.1049, 140.945, -158.86, 0.829553, -6.63925, 0.730452, -121.474, 0.732612, 120.971
1160, 19.33333, 172.109, 64.6743, 165.929, -27.1012, 141.03, -158.852, 0.8297, -6.65153, 0.730481, -121.476, 0.73265, 120.97
1161, 19.34167, 172.271, 64.6609, 166.087, -27.0976, 141.115, -158.845, 0.829847, -6.66382, 0.73051, -121.479, 0.732687, 120.969
1161, 19.35000, 172.434, 64.6475, 166.245, -27.094, 141.199, -158.837, 0.829994, -6.67613, 0.730539, -121.481, 0.732725, 120.968
1162, 19.35833, 172.597, 64.634, 166.403, -27.0904, 141.284, -158.829, 0.830141, -6.68845, 0.730568, -121.484, 0.732763, 120.967
1162, 19.36667, 172.76, 64.6205, 166.561, -27.0867, 141.369, -158.822, 0.830289, -6.7008, 0.730597, -121.487, 0.732801, 120.966
1163, 19.37500, 172.924, 64.607, 166.719, -27.0831, 141.454, -158.814, 0.830437, -6.71316, 0.730627, -121.489, 0.73284, 120.965
1163, 19.38333, 173.087, 64.5934, 166.878, -27.0795, 141.539, -158.806, 0.830585, -6.72554, 0.730657, -121.492, 0.732878, 120.964
1164, 19.39167, 173.251, 64.5798, 167.036, -27.0759, 141.624, -158.799, 0.830733, -6.73794, 0.730686, -121.494, 0.732917, 120.963
1164, 19.40000, 173.414, 64.5661, 167.195, -27.0724, 141.709, -158.791, 0.830881, -6.75035, 0.730716, -121.497, 0.732955, 120.962
1165, 19.40833, 173.578, 64.5524, 167.354, -27.0688, 141.794, -158.783, 0.83103, -6.76278, 0.730746, -121.499, 0.732994, 120.961
1165, 19.41667, 173.742, 64.5387, 167.514, -27.0652, 141.878, -158.776, 0.831179, -6.77524, 0.730776, -121.502, 0.733033, 120.96
1166, 19.42500, 173.906, 64.5249, 167.673, -27.0617, 141.963, -158.768, 0.831328, -6.7877, 0.730807, -121.505, 0.733072, 120.959
1166, 19.43333, 174.071, 64.5111, 167.833, -27.0581, 142.048, -158.76, 0.831477, -6.80019, 0.730837, -121.507, 0.733111, 120.958
1167, 19.44167, 174.235, 64.4973, 167.992, -27.0546, 142.133, -158.752, 0.831627, -6.8127, 0.730868, -121.51, 0.73315, 120.957
1167, 19.45000, 174.4, 64.4834, 168.152, -27.051, 142.218, -158.745, 0.831777, -6.82522, 0.730898, -121.512, 0.733189, 120.957
1168, 19.45833, 174.564, 64.4695, 168.312, -27.0475, 142.303, -158.737, 0.831927, -6.83776, 0.730929, -121.515, 0.733229, 120.956
1168, 19.46667, 174.729, 64.4556, 168.473, -27.044, 142.388, -158.729, 0.832077, -6.85032, 0.73096, -121.518, 0.733268, 120.955
1169, 19.47500, 174.894, 64.4416, 168.633, -27.0405, 142.473, -158.721, 0.832228, -6.8629, 0.730991, -121.52, 0.733308, 120.954
1169, 19.48333, 175.06, 64.4276, 168.794, -27.037, 142.557, -158.713, 0.832378, -6.8755, 0.731022, -121.523, 0.733348, 120.953
1170, 19.49167, 175.225, 64.4136, 168.954, -27.0335, 142.642, -158.706, 0.832529, -6.88811, 0.731053, -121.525, 0.733388, 120.952
1170, 19.50000, 175.39, 64.3995, 169.115, -27.03, 142.727, -158.698, 0.83268, -6.90075, 0.731084, -121.528, 0.733428, 120.951
1171, 19.50833, 175.556, 64.3853, 169.277, -27.0265, 142.812, -158.69, 0.832832, -6.9134, 0.731116, -121.531, 0.733468, 120.95
1171, 19.51667, 175.722, 64.3712, 169.438, -27.023, 142.897, -158.682, 0.832983, -6.92607, 0.731148, -121.533, 0.733508, 120.949
1172, 19.52500, 175.888, 64.357, 169.599, -27.0196, 142.982, -158.674, 0.833135, -6.93876, 0.731179, -121.536, 0.733549, 120.948
1172, 19.53333, 176.054, 64.3428, 169.761, -27.0161, 143.067, -158.666, 0.833287, -6.95147, 0.731211, -121.538, 0.733589, 120.947
1173, 19.54167, 176.22, 64.3285, 169.923, -27.0127, 143.152, -158.659, 0.833439, -6.96419, 0.731243, -121.541, 0.73363, 120.946
1173, 19.55000, 176.386, 64.3142, 170.085, -27.0092, 143.236, -158.651, 0.833591, -6.97694, 0.731275, -121.544, 0.73367, 120.945
1174, 19.55833, 176.553, 64.2998, 170.247, -27.0058, 143.321, -158.643, 0.833744, -6.9897, 0.731307, -121.546, 0.733711, 120.944
1174, 19.56667, 176.72, 64.2855, 170.409, -27.0024, 143.406, -158.635, 0.833897, -7.00249, 0.73134, -121.549, 0.733752, 120.943
1175, 19.57500, 176.886, 64.271, 170.572, -26.9989, 143.491, -158.627, 0.83405, -7.01529, 0.731372, -121.551, 0.733793, 120.942
1175, 19.58333, 177.053, 64.2566, 170.735, -26.9955, 143.576, -158.619, 0.834203, -7.02811, 0.731405, -121.554, 0.733834, 120.941
1176, 19.59167, 177.221, 64.2421, 170.898, -26.9921, 143.661, -158.611, 0.834357, -7.04095, 0.731437, -121.557, 0.733876, 120.94
1176, 19.60000, 177.388, 64.2276, 171.061, -26.9888, 143.746, -158.603, 0.83451, -7.05381, 0.73147, -121.559, 0.733917, 120.939
1177, 19.60833, 177.555, 64.213, 171.224, -26.9854, 143.831, -158.595, 0.834664, -7.06668, 0.731503, -121.562, 0.733959, 120.938
1177, 19.61667, 177.723, 64.1984, 171.388, -26.982, 143.915, -158.587, 0.834818, -7.07958, 0.731536, -121.565, 0.734, 120.938
1178, 19.62500, 177.891, 64.1838, 171.551, -26.9786, 144, -158.579, 0.834973, -7.0925, 0.731569, -121.567, 0.734042, 120.937
1178, 19.63333, 178.059, 64.1691, 171.715, -26.9753, 144.085, -158.571, 0.835127, -7.10543, 0.731602, -121.57, 0.734084, 120.936
1179, 19.64167, 178.227, 64.1544, 171.879, -26.9719, 144.17, -158.563, 0.835282, -7.11839, 0.731636, -121.572, 0.734126, 120.935
1179, 19.65000, 178.395, 64.1396, 172.043, -26.9686, 144.255, -158.555, 0.835437, -7.13136, 0.731669, -121.575, 0.734168, 120.934
1180, 19.65833, 178.563, 64.1248, 172.208, -26.9653, 144.34, -158.547, 0.835592, -7.14435, 0.731703, -121.578, 0.734211, 120.933
1180, 19.66667, 178.732, 64.11, 172.372, -26.9619, 144.425, -158.539, 0.835748, -7.15736, 0.731737, -121.58, 0.734253, 120.932
1181, 19.67500, 178.9, 64.0951, 172.537, -26.9586, 144.51, -158.531, 0.835903, -7.1704, 0.731771, -121.583, 0.734295, 120.931
1181, 19.68333, 179.069, 64.0802, 172.702, -26.9553, 144.595, -158.523, 0.836059, -7.18345, 0.731805, -121.586, 0.734338, 120.93
1182, 19.69167, 179.238, 64.0653, 172.867, -26.952, 144.679, -158.515, 0.836215, -7.19652, 0.731839, -121.588, 0.734381, 120.929
1182, 19.70000, 179.407, 64.0503, 173.032, -26.9487, 144.764, -158.507, 0.836372, -7.20961, 0.731873, -121.591, 0.734424, 120.928
1183, 19.70833, 179.576, 64.0353, 173.198, -26.9455, 144.849, -158.499, 0.836528, -7.22272, 0.731907, -121.594, 0.734467, 120.927
1183, 19.71667, 179.746, 64.0203, 173.364, -26.9422, 144.934, -158.491, 0.836685, -7.23585, 0.731942, -121.596, 0.73451, 120.926
1184, 19.72500, 179.915, 64.0052, 173.53, -26.9389, 145.019, -158.482, 0.836842, -7.249, 0.731976, -121.599, 0.734553, 120.926
1184, 19.73333, 180.085, 63.99, 173.696, -26.9357, 145.104, -158.474, 0.836999, -7.26216, 0.732011, -121.602, 0.734596, 120.925
1185, 19.74167, 180.255, 63.9749, 173.862, -26.9324, 145.189, -158.466, 0.837156, -7.27535, 0.732046, -121.604, 0.73464, 120.924
1185, 19.75000, 180.425, 63.9597, 174.028, -26.9292, 145.274, -158.458, 0.837314, -7.28856, 0.732081, -121.607, 0.734683, 120.923
1186, 19.75833, 180.595, 63.9444, 174.195, -26.926, 145.359, -158.45, 0.837472, -7.30179, 0.732116, -121.61, 0.734727, 120.922
1186, 19.76667, 180.766, 63.9292, 174.362, -26.9228, 145.443, -158.442, 0.83763, -7.31504, 0.732151, -121.612, 0.734771, 120.921
1187, 19.77500, 180.936, 63.9138, 174.529, -26.9196, 145.528, -158.433, 0.837788, -7.32831, 0.732187, -121.615, 0.734815, 120.92
1187, 19.78333, 181.107, 63.8985, 174.696, -26.9164, 145.613, -158.425, 0.837947, -7.34159, 0.732222, -121.618, 0.734859, 120.919
1188, 19.79167, 181.278, 63.8831, 174.863, -26.9132, 145.698, -158.417, 0.838105, -7.3549, 0.732258, -121.62, 0.734903, 120.918
1188, 19.80000, 181.449, 63.8677, 175.031, -26.91, 145.783, -158.409, 0.838264, -7.36823, 0.732293, -121.623, 0.734947, 120.917
1188, 19.80833, 181.62, 63.8522, 175.199, -26.9068, 145.868, -158.4, 0.838423, -7.38158, 0.732329, -121.626, 0.734992, 120.916
1189, 19.81667, 181.791, 63.8367, 175.367, -26.9037, 145.953, -158.392, 0.838583, -7.39495, 0.732365, -121.628, 0.735036, 120.916
1190, 19.82500, 181.962, 63.8211, 175.535, -26.9005, 146.038, -158.384, 0.838742, -7.40834, 0.732401, -121.631, 0.735081, 120.915
1190, 19.83333, 182.134, 63.8055, 175.703, -26.8974, 146.123, -158.376, 0.838902, -7.42175, 0.732437, -121.634, 0.735126, 120.914
1190, 19.84167, 182.306, 63.7899, 175.872, -26.8942, 146.208, -158.367, 0.839062, -7.43518, 0.732474, -121.636, 0.73517, 120.913
1191, 19.85000, 182.478, 63.7743, 176.041, -26.8911, 146.292, -158.359, 0.839222, -7.44863, 0.73251, -121.639, 0.735215, 120.912
1192, 19.85833, 182.65, 63.7586, 176.21, -26.888, 146.377, -158.351, 0.839382, -7.4621, 0.732547, -121.642, 0.735261, 120.911
1192, 19.86667, 182.822, 63.7428, 176.379, -26.8849, 146.462, -158.342, 0.839543, -7.47559, 0.732583, -121.644, 0.735306, 120.91
1192, 19.87500, 182.994, 63.727, 176.548, -26.8818, 146.547, -158.334, 0.839704, -7.4891, 0.73262, -121.647, 0.735351, 120.909
1193, 19.88333, 183.167, 63.7112, 176.718, -26.8787, 146.632, -158.325, 0.839865, -7.50264, 0.732657, -121.65, 0.735397, 120.908
1194, 19.89167, 183.339, 63.6954, 176.887, -26.8756, 146.717, -158.317, 0.840026, -7.51619, 0.732694, -121.652, 0.735442, 120.907
1194, 19.90000, 183.512, 63.6795, 177.057, -26.8725, 146.802, -158.309, 0.840187, -7.52976, 0.732731, -121.655, 0.735488, 120.907
1194, 19.90833, 183.685, 63.6635, 177.227, -26.8695, 146.887, -158.3, 0.840349, -7.54336, 0.732768, -121.658, 0.735534, 120.906
1195, 19.91667, 183.858, 63.6476, 177.398, -26.8664, 146.972, -158.292, 0.840511, -7.55697, 0.732806, -121.66, 0.73558, 120.905
1196, 19.92500, 184.032, 63.6315, 177.568, -26.8634, 147.057, -158.283, 0.840673, -7.57061, 0.732843, -121.663, 0.735626, 120.904
1196, 19.93333, 184.205, 63.6155, 177.739, -26.8603, 147.142, -158.275, 0.840835, -7.58427, 0.732881, -121.666, 0.735672, 120.903
1196, 19.94167, 184.379, 63.5994, 177.91, -26.8573, 147.226, -158.266, 0.840998, -7.59795, 0.732919, -121.669, 0.735718, 120.902
1197, 19.95000, 184.553, 63.5833, 178.081, -26.8543, 147.311, -158.258, 0.84116, -7.61165, 0.732957, -121.671, 0.735765, 120.901
1198, 19.95833, 184.727, 63.5671, 178.252, -26.8513, 147.396, -158.249, 0.841323, -7.62536, 0.732994, -121.674, 0.735811, 120.9
1198, 19.96667, 184.901, 63.5509, 178.424, -26.8483, 147.481, -158.241, 0.841486, -7.63911, 0.733033, -121.677, 0.735858, 120.899
1198, 19.97500, 185.075, 63.5346, 178.596, -26.8453, 147.566, -158.232, 0.84165, -7.65287, 0.733071, -121.679, 0.735905, 120.899
1199, 19.98333, 185.249, 63.5184, 178.768, -26.8423, 147.651, -158.224, 0.841813, -7.66665, 0.733109, -121.682, 0.735951, 120.898
1200, 19.99167, 185.424, 63.502, 178.94, -26.8394, 147.736, -158.215, 0.841977, -7.68046, 0.733148, -121.685, 0.735999, 120.897
1200, 20.00000, 185.599, 63.4857, 179.112, -26.8364, 147.821, -158.207, 0.842141, -7.69429, 0.733186, -121.687, 0.736046, 120.896
1200, 20.00833, 185.774, 63.4692, 179.285, -26.8335, 147.906, -158.198, 0.842305, -7.70813, 0.733225, -121.69, 0.736093, 120.895
1201, 20.01667, 185.949, 63.4528, 179.457, -26.8305, 147.991, -158.189, 0.84247, -7.722, 0.733264, -121.693, 0.73614, 120.894
1202, 20.02500, 186.124, 63.4363, 179.63, -26.8276, 148.076, -158.181, 0.842634, -7.73589, 0.733303, -121.696, 0.736188, 120.893
1202, 20.03333, 186.299, 63.4198, 179.803, -26.8247, 148.161, -158.172, 0.842799, -7.74981, 0.733342, -121.698, 0.736235, 120.892
1202, 20.04167, 186.475, 63.4032, 179.977, -26.8218, 148.245, -158.164, 0.842964, -7.76374, 0.733381, -121.701, 0.736283, 120.892
1203, 20.05000, 186.651, 63.3866, 180.15, -26.8189, 148.33, -158.155, 0.843129, -7.7777, 0.73342, -121.704, 0.736331, 120.891
1204, 20.05833, 186.827, 63.37, 180.324, -26.816, 148.415, -158.146, 0.843295, -7.79167, 0.73346, -121.707, 0.736379, 120.89
1204, 20.06667, 187.003, 63.3533, 180.498, -26.8131, 148.5, -158.137, 0.84346, -7.80567, 0.733499, -121.709, 0.736427, 120.889
1204, 20.07500, 187.179, 63.3365, 180.672, -26.8102, 148.585, -158.129, 0.843626, -7.81969, 0.733539, -121.712, 0.736475, 120.888
1205, 20.08333, 187.355, 63.3198, 180.847, -26.8074, 148.67, -158.12, 0.843792, -7.83374, 0.733579, -121.715, 0.736524, 120.887
1206, 20.09167, 187.532, 63.303, 181.021, -26.8045, 148.755, -158.111, 0.843959, -7.8478, 0.733619, -121.718, 0.736572, 120.886
1206, 20.10000, 187.708, 63.2861, 181.196, -26.8017, 148.84, -158.103, 0.844125, -7.86189, 0.733659, -121.72, 0.736621, 120.885
1206, 20.10833, 187.885, 63.2692, 181.371, -26.7989, 148.925, -158.094, 0.844292, -7.876, 0.733699, -121.723, 0.736669, 120.885
1207, 20.11667, 188.062, 63.2523, 181.546, -26.7961, 149.01, -158.085, 0.844459, -7.89013, 0.733739, -121.726, 0.736718, 120.884
1208, 20.12500, 188.24, 63.2353, 181.722, -26.7932, 149.095, -158.076, 0.844626, -7.90428, 0.73378, -121.729, 0.736767, 120.883
1208, 20.13333, 188.417, 63.2183, 181.897, -26.7905, 149.18, -158.067, 0.844793, -7.91846, 0.73382, -121.731, 0.736816, 120.882
1208, 20.14167, 188.594, 63.2013, 182.073, -26.7877, 149.265, -158.058, 0.844961, -7.93265, 0.733861, -121.734, 0.736865, 120.881
1209, 20.15000, 188.772, 63.1842, 182.249, -26.7849, 149.35, -158.05, 0.845129, -7.94687, 0.733902, -121.737, 0.736915, 120.88
1210, 20.15833, 188.95, 63.167, 182.426, -26.7821, 149.435, -158.041, 0.845296, -7.96111, 0.733943, -121.74, 0.736964, 120.879
1210, 20.16667, 189.128, 63.1499, 182.602, -26.7794, 149.519, -158.032, 0.845465, -7.97538, 0.733984, -121.742, 0.737014, 120.879
1210, 20.17500, 189.306, 63.1326, 182.779, -26.7766, 149.604, -158.023, 0.845633, -7.98967, 0.734025, -121.745, 0.737063, 120.878
1211, 20.18333, 189.484, 63.1154, 182.956, -26.7739, 149.689, -158.014, 0.845802, -8.00397, 0.734066, -121.748, 0.737113, 120.877
1212, 20.19167, 189.663, 63.0981, 183.133, -26.7712, 149.774, -158.005, 0.84597, -8.01831, 0.734107, -121.751, 0.737163, 120.876
1212, 20.20000, 189.841, 63.0808, 183.31, -26.7684, 149.859, -157.996, 0.846139, -8.03266, 0.734149, -121.753, 0.737213, 120.875
1212, 20.20833, 190.02, 63.0634, 183.488, -26.7657, 149.944, -157.987, 0.846309, -8.04704, 0.734191, -121.756, 0.737263, 120.874
1213, 20.21667, 190.199, 63.046, 183.666, -26.763, 150.029, -157.978, 0.846478, -8.06144, 0.734232, -121.759, 0.737314, 120.873
1214, 20.22500, 190.378, 63.0285, 183.844, -26.7604, 150.114, -157.969, 0.846648, -8.07586, 0.734274, -121.762, 0.737364, 120.873
1214, 20.23333, 190.558, 63.011, 184.022, -26.7577, 150.199, -157.96, 0.846817, -8.0903, 0.734316, -121.765, 0.737414, 120.872
1214, 20.24167, 190.737, 62.9934, 184.2, -26.755, 150.284, -157.951, 0.846987, -8.10477, 0.734358, -121.767, 0.737465, 120.871
1215, 20.25000, 190.917, 62.9758, 184.379, -26.7524, 150.369, -157.942, 0.847158, -8.11926, 0.734401, -121.77, 0.737516, 120.87
1216, 20.25833, 191.097, 62.9582, 184.558, -26.7497, 150.454, -157.933, 0.847328, -8.13378, 0.734443, -121.773, 0.737567, 120.869
1216, 20.26667, 191.277, 62.9405, 184.737, -26.7471, 150.539, -157.924, 0.847499, -8.14831, 0.734485, -121.776, 0.737618, 120.868
1216, 20.27500, 191.457, 62.9228, 184.916, -26.7445, 150.624, -157.915, 0.847669, -8.16287, 0.734528, -121.778, 0.737669, 120.868
1217, 20.28333, 191.637, 62.9051, 185.096, -26.7419, 150.709, -157.906, 0.84784, -8.17746, 0.734571, -121.781, 0.73772, 120.867
1218, 20.29167, 191.818, 62.8873, 185.276, -26.7393, 150.794, -157.896, 0.848012, -8.19206, 0.734613, -121.784, 0.737771, 120.866
1218, 20.30000, 191.998, 62.8694, 185.456, -26.7367, 150.879, -157.887, 0.848183, -8.20669, 0.734656, -121.787, 0.737823, 120.865
1218, 20.30833, 192.179, 62.8516, 185.636, -26.7341, 150.964, -157.878, 0.848355, -8.22134, 0.7347, -121.79, 0.737875, 120.864
1219, 20.31667, 192.36, 62.8336, 185.816, -26.7315, 151.049, -157.869, 0.848527, -8.23602, 0.734743, -121.792, 0.737926, 120.863
1220, 20.32500, 192.541, 62.8157, 185.997, -26.729, 151.134, -157.86, 0.848699, -8.25072, 0.734786, -121.795, 0.737978, 120.863
1220, 20.33333, 192.722, 62.7977, 186.178, -26.7265, 151.219, -157.85, 0.848871, -8.26544, 0.73483, -121.798, 0.73803, 120.862
1220, 20.34167, 192.904, 62.7796, 186.359, -26.7239, 151.304, -157.841, 0.849043, -8.28019, 0.734873, -121.801, 0.738082, 120.861
1221, 20.35000, 193.086, 62.7615, 186.54, -26.7214, 151.389, -157.832, 0.849216, -8.29496, 0.734917, -121.804, 0.738134, 120.86
1222, 20.35833, 193.267, 62.7434, 186.722, -26.7189, 151.474, -157.823, 0.849389, -8.30975, 0.734961, -121.807, 0.738187, 120.859
1222, 20.36667, 193.449, 62.7252, 186.903, -26.7164, 151.559, -157.813, 0.849562, -8.32457, 0.735005, -121.809, 0.738239, 120.858
1223, 20.37500, 193.631, 62.707, 187.085, -26.7139, 151.644, -157.804, 0.849735, -8.33941, 0.735049, -121.812, 0.738292, 120.858
1223, 20.38333, 193.814, 62.6887, 187.268, -26.7114, 151.729, -157.795, 0.849909, -8.35428, 0.735093, -121.815, 0.738345, 120.857
1224, 20.39167, 193.996, 62.6704, 187.45, -26.709, 151.814, -157.785, 0.850083, -8.36917, 0.735137, -121.818, 0.738397, 120.856
1224, 20.40000, 194.179, 62.6521, 187.633, -26.7065, 151.899, -157.776, 0.850256, -8.38408, 0.735182, -121.821, 0.73845, 120.855
1225, 20.40833, 194.362, 62.6337, 187.816, -26.7041, 151.984, -157.766, 0.850431, -8.39901, 0.735226, -121.824, 0.738503, 120.854
1225, 20.41667, 194.545, 62.6153, 187.999, -26.7016, 152.069, -157.757, 0.850605, -8.41398, 0.735271, -121.826, 0.738557, 120.853
1226, 20.42500, 194.728, 62.5968, 188.182, -26.6992, 152.154, -157.747, 0.850779, -8.42896, 0.735316, -121.829, 0.73861, 120.853
1226, 20.43333, 194.911, 62.5783, 188.366, -26.6968, 152.239, -157.738, 0.850954, -8.44397, 0.73536, -121.832, 0.738663, 120.852
1227, 20.44167, 195.095, 62.5597, 188.55, -26.6944, 152.324, -157.729, 0.851129, -8.459, 0.735406, -121.835, 0.738717, 120.851
1227, 20.45000, 195.278, 62.5411, 188.734, -26.692, 152.409, -157.719, 0.851304, -8.47406, 0.735451, -121.838, 0.738771, 120.85
1228, 20.45833, 195.462, 62.5224, 188.918, -26.6897, 152.494, -157.709, 0.851479, -8.48914, 0.735496, -121.841, 0.738824, 120.849
1228, 20.46667, 195.646, 62.5038, 189.102, -26.6873, 152.579, -157.7, 0.851655, -8.50425, 0.735541, -121.843, 0.738878, 120.849
1229, 20.47500, 195.83, 62.485, 189.287, -26.685, 152.664, -157.69, 0.85183, -8.51937, 0.735587, -121.846, 0.738932, 120.848
1229, 20.48333, 196.015, 62.4662, 189.472, -26.6826, 152.749, -157.681, 0.852006, -8.53453, 0.735632, -121.849, 0.738987, 120.847
1230, 20.49167, 196.199, 62.4474, 189.657, -26.6803, 152.834, -157.671, 0.852182, -8.54971, 0.735678, -121.852, 0.739041, 120.846
1230, 20.50000, 196.384, 62.4286, 189.843, -26.678, 152.919, -157.662, 0.852359, -8.56491, 0.735724, -121.855, 0.739095, 120.845
1231, 20.50833, 196.569, 62.4096, 190.028, -26.6757, 153.004, -157.652, 0.852535, -8.58014, 0.73577, -121.858, 0.73915, 120.845
1231, 20.51667, 196.754, 62.3907, 190.214, -26.6734, 153.089, -157.642, 0.852712, -8.59539, 0.735816, -121.861, 0.739205, 120.844
1232, 20.52500, 196.939, 62.3717, 190.401, -26.6711, 153.174, -157.633, 0.852889, -8.61067, 0.735863, -121.863, 0.739259, 120.843
1232, 20.53333, 197.124, 62.3526, 190.587, -26.6689, 153.259, -157.623, 0.853066, -8.62597, 0.735909, -121.866, 0.739314, 120.842
1233, 20.54167, 197.31, 62.3336, 190.774, -26.6666, 153.344, -157.613, 0.853243, -8.6413, 0.735955, -121.869, 0.739369, 120.841
1233, 20.55000, 197.496, 62.3144, 190.96, -26.6644, 153.429, -157.603, 0.85342, -8.65665, 0.736002, -121.872, 0.739425, 120.841
1234, 20.55833, 197.682, 62.2953, 191.147, -26.6621, 153.514, -157.594, 0.853598, -8.67203, 0.736049, -121.875, 0.73948, 120.84
1234, 20.56667, 197.868, 62.276, 191.335, -26.6599, 153.599, -157.584, 0.853776, -8.68743, 0.736096, -121.878, 0.739535, 120.839
1235, 20.57500, 198.054, 62.2568, 191.522, -26.6577, 153.684, -157.574, 0.853954, -8.70286, 0.736143, -121.881, 0.739591, 120.838
1235, 20.58333, 198.24, 62.2375, 191.71, -26.6555, 153.77, -157.564, 0.854132, -8.71831, 0.73619, -121.884, 0.739646, 120.837
1236, 20.59167, 198.427, 62.2181, 191.898, -26.6533, 153.855, -157.554, 0.854311, -8.73379, 0.736237, -121.887, 0.739702, 120.837
1236, 20.60000, 198.614, 62.1987, 192.087, -26.6512, 153.94, -157.544, 0.854489, -8.74929, 0.736284, -121.889, 0.739758, 120.836
1237, 20.60833, 198.801, 62.1793, 192.275, -26.649, 154.025, -157.535, 0.854668, -8.76482, 0.736332, -121.892, 0.739814, 120.835
1237, 20.61667, 198.988, 62.1598, 192.464, -26.6469, 154.11, -157.525, 0.854847, -8.78037, 0.73638, -121.895, 0.73987, 120.834
1238, 20.62500, 199.175, 62.1403, 192.653, -26.6447, 154.195, -157.515, 0.855026, -8.79595, 0.736427, -121.898, 0.739927, 120.833
1238, 20.63333, 199.362, 62.1207, 192.842, -26.6426, 154.28, -157.505, 0.855206, -8.81156, 0.736475, -121.901, 0.739983, 120.833
1239, 20.64167, 199.55, 62.1011, 193.032, -26.6405, 154.365, -157.495, 0.855385, -8.82719, 0.736523, -121.904, 0.74004, 120.832
1239, 20.65000, 199.738, 62.0814, 193.221, -26.6384, 154.45, -157.485, 0.855565, -8.84284, 0.736571, -121.907, 0.740096, 120.831
1240, 20.65833, 199.926, 62.0617, 193.411, -26.6364, 154.535, -157.475, 0.855745, -8.85852, 0.736619, -121.91, 0.740153, 120.83
1240, 20.66667, 200.114, 62.0419, 193.602, -26.6343, 154.621, -157.465, 0.855925, -8.87423, 0.736668, -121.913, 0.74021, 120.829
1241, 20.67500, 200.302, 62.0221, 193.792, -26.6322, 154.706, -157.455, 0.856106, -8.88997, 0.736716, -121.916, 0.740267, 120.829
1241, 20.68333, 200.491, 62.0023, 193.983, -26.6302, 154.791, -157.445, 0.856286, -8.90572, 0.736765, -121.919, 0.740324, 120.828
1242, 20.69167, 200.679, 61.9824, 194.174, -26.6282, 154.876, -157.435, 0.856467, -8.92151, 0.736813, -121.922, 0.740381, 120.827
1242, 20.70000, 200.868, 61.9625, 194.365, -26.6262, 154.961, -157.424, 0.856648, -8.93732, 0.736862, -121.924, 0.740439, 120.826
1243, 20.70833, 201.057, 61.9425, 194.557, -26.6242, 155.046, -157.414, 0.856829, -8.95315, 0.736911, -121.927, 0.740496, 120.825
1243, 20.71667, 201.246, 61.9225, 194.748, -26.6222, 155.131, -157.404, 0.857011, -8.96902, 0.73696, -121.93, 0.740554, 120.825
1244, 20.72500, 201.436, 61.9024, 194.94, -26.6202, 155.216, -157.394, 0.857192, -8.98491, 0.73701, -121.933, 0.740612, 120.824
1244, 20.73333, 201.625, 61.8823, 195.133, -26.6182, 155.302, -157.384, 0.857374, -9.00082, 0.737059, -121.936, 0.74067, 120.823
1245, 20.74167, 201.815, 61.8621, 195.325, -26.6163, 155.387, -157.373, 0.857556, -9.01676, 0.737108, -121.939, 0.740728, 120.822
1245, 20.75000, 202.005, 61.8419, 195.518, -26.6143, 155.472, -157.363, 0.857738, -9.03273, 0.737158, -121.942, 0.740786, 120.822
1246, 20.75833, 202.195, 61.8216, 195.711, -26.6124, 155.557, -157.353, 0.85792, -9.04872, 0.737208, -121.945, 0.740844, 120.821
1246, 20.76667, 202.385, 61.8013, 195.904, -26.6105, 155.642, -157.343, 0.858103, -9.06475, 0.737257, -121.948, 0.740903, 120.82
1247, 20.77500, 202.575, 61.781, 196.098, -26.6086, 155.727, -157.332, 0.858285, -9.08079, 0.737307, -121.951, 0.740961, 120.819
1247, 20.78333, 202.766, 61.7606, 196.291, -26.6067, 155.813, -157.322, 0.858468, -9.09686, 0.737357, -121.954, 0.74102, 120.818
1248, 20.79167, 202.957, 61.7402, 196.485, -26.6049, 155.898, -157.311, 0.858651, -9.11297, 0.737408, -121.957, 0.741079, 120.818
1248, 20.80000, 203.148, 61.7197, 196.68, -26.603, 155.983, -157.301, 0.858834, -9.12909, 0.737458, -121.96, 0.741138, 120.817
1249, 20.80833, 203.339, 61.6991, 196.874, -26.6012, 156.068, -157.291, 0.859018, -9.14524, 0.737508, -121.963, 0.741197, 120.816
1249, 20.81667, 203.53, 61.6786, 197.069, -26.5993, 156.153, -157.28, 0.859201, -9.16143, 0.737559, -121.966, 0.741256, 120.815
1250, 20.82500, 203.722, 61.6579, 197.264, -26.5975, 156.239, -157.27, 0.859385, -9.17763, 0.73761, -121.969, 0.741315, 120.815
1250, 20.83333, 203.913, 61.6373, 197.459, -26.5957, 156.324, -157.259, 0.859569, -9.19387, 0.73766, -121.972, 0.741375, 120.814
1251, 20.84167, 204.105, 61.6165, 197.655, -26.5939, 156.409, -157.249, 0.859753, -9.21013, 0.737711, -121.975, 0.741434, 120.813
1251, 20.85000, 204.297, 61.5958, 197.85, -26.5922, 156.494, -157.238, 0.859938, -9.22642, 0.737762, -121.978, 0.741494, 120.812
1252, 20.85833, 204.489, 61.575, 198.046, -26.5904, 156.58, -157.228, 0.860122, -9.24273, 0.737814, -121.981, 0.741554, 120.812
1252, 20.86667, 204.681, 61.5541, 198.243, -26.5887, 156.665, -157.217, 0.860307, -9.25907, 0.737865, -121.984, 0.741614, 120.811
1253, 20.87500, 204.874, 61.5332, 198.439, -26.5869, 156.75, -157.206, 0.860492, -9.27544, 0.737916, -121.987, 0.741674, 120.81
1253, 20.88333, 205.067, 61.5122, 198.636, -26.5852, 156.835, -157.196, 0.860677, -9.29184, 0.737968, -121.99, 0.741734, 120.809
1254, 20.89167, 205.26, 61.4912, 198.833, -26.5835, 156.921, -157.185, 0.860862, -9.30826, 0.73802, -121.993, 0.741794, 120.809
1254, 20.90000, 205.453, 61.4702, 199.031, -26.5818, 157.006, -157.174, 0.861047, -9.32472, 0.738071, -121.996, 0.741855, 120.808
1255, 20.90833, 205.646, 61.4491, 199.228, -26.5802, 157.091, -157.164, 0.861233, -9.3412, 0.738123, -121.999, 0.741915, 120.807
1255, 20.91667, 205.839, 61.4279, 199.426, -26.5785, 157.176, -157.153, 0.861419, -9.3577, 0.738175, -122.002, 0.741976, 120.806
1256, 20.92500, 206.033, 61.4067, 199.624, -26.5768, 157.262, -157.142, 0.861605, -9.37424, 0.738228, -122.005, 0.742037, 120.806
1256, 20.93333, 206.227, 61.3855, 199.823, -26.5752, 157.347, -157.131, 0.861791, -9.3908, 0.73828, -122.008, 0.742098, 120.805
1257, 20.94167, 206.421, 61.3642, 200.021, -26.5736, 157.432, -157.12, 0.861977, -9.40739, 0.738332, -122.011, 0.742159, 120.804
1257, 20.95000, 206.615, 61.3429, 200.22, -26.572, 157.518, -157.11, 0.862164, -9.42401, 0.738385, -122.014, 0.74222, 120.803
1258, 20.95833, 206.809, 61.3215, 200.42, -26.5704, 157.603, -157.099, 0.862351, -9.44065, 0.738437, -122.017, 0.742281, 120.802
1258, 20.96667, 207.003, 61.3001, 200.619, -26.5688, 157.688, -157.088, 0.862537, -9.45732, 0.73849, -122.02, 0.742343, 120.802
1259, 20.97500, 207.198, 61.2786, 200.819, -26.5673, 157.774, -157.077, 0.862725, -9.47402, 0.738543, -122.023, 0.742404, 120.801
1259, 20.98333, 207.393, 61.2571, 201.019, -26.5657, 157.859, -157.066, 0.862912, -9.49075, 0.738596, -122.026, 0.742466, 120.8
1260, 20.99167, 207.588, 61.2355, 201.219, -26.5642, 157.944, -157.055, 0.863099, -9.50751, 0.738649, -122.029, 0.742528, 120.8
1260, 21.00000, 207.783, 61.2139, 201.42, -26.5627, 158.03, -157.044, 0.863287, -9.5243, 0.738703, -122.032, 0.74259, 120.799
1261, 21.00833, 207.979, 61.1922, 201.621, -26.5612, 158.115, -157.033, 0.863475, -9.54111, 0.738756, -122.035, 0.742652, 120.798
1261, 21.01667, 208.174, 61.1705, 201.822, -26.5597, 158.2, -157.022, 0.863662, -9.55795, 0.73881, -122.038, 0.742714, 120.797
1262, 21.02500, 208.37, 61.1487, 202.023, -26.5582, 158.286, -157.011, 0.863851, -9.57482, 0.738863, -122.041, 0.742777, 120.797
1262, 21.03333, 208.566, 61.1269, 202.225, -26.5568, 158.371, -157, 0.864039, -9.59172, 0.738917, -122.044, 0.742839, 120.796
1263, 21.04167, 208.762, 61.105, 202.427, -26.5554, 158.457, -156.989, 0.864227, -9.60865, 0.738971, -122.047, 0.742902, 120.795
1263, 21.05000, 208.958, 61.0831, 202.629, -26.5539, 158.542, -156.977, 0.864416, -9.6256, 0.739025, -122.05, 0.742965, 120.794
1264, 21.05833, 209.155, 61.0611, 202.831, -26.5525, 158.627, -156.966, 0.864605, -9.64259, 0.739079, -122.053, 0.743028, 120.794
1264, 21.06667, 209.351, 61.0391, 203.034, -26.5511, 158.713, -156.955, 0.864794, -9.6596, 0.739134, -122.056, 0.743091, 120.793
1265, 21.07500, 209.548, 61.0171, 203.237, -26.5498, 158.798, -156.944, 0.864983, -9.67664, 0.739188, -122.059, 0.743154, 120.792
1265, 21.08333, 209.745, 60.995, 203.44, -26.5484, 158.884, -156.933, 0.865172, -9.69371, 0.739243, -122.063, 0.743217, 120.791
1266, 21.09167, 209.942, 60.9728, 203.644, -26.547, 158.969, -156.921, 0.865362, -9.71081, 0.739297, -122.066, 0.74328, 120.791
1266, 21.10000, 210.139, 60.9506, 203.848, -26.5457, 159.055, -156.91, 0.865552, -9.72794, 0.739352, -122.069, 0.743344, 120.79
1267, 21.10833, 210.337, 60.9283, 204.052, -26.5444, 159.14, -156.899, 0.865741, -9.7451, 0.739407, -122.072, 0.743408, 120.789
1267, 21.11667, 210.535, 60.906, 204.256, -26.5431, 159.226, -156.887, 0.865932, -9.76229, 0.739462, -122.075, 0.743471, 120.788
1268, 21.12500, 210.733, 60.8837, 204.461, -26.5418, 159.311, -156.876, 0.866122, -9.7795, 0.739517, -122.078, 0.743535, 120.788
1268, 21.13333, 210.931, 60.8612, 204.666, -26.5405, 159.397, -156.864, 0.866312, -9.79675, 0.739572, -122.081, 0.743599, 120.787
1269, 21.14167, 211.129, 60.8388, 204.871, -26.5393, 159.482, -156.853, 0.866503, -9.81402, 0.739628, -122.084, 0.743664, 120.786
1269, 21.15000, 211.327, 60.8163, 205.077, -26.5381, 159.568, -156.841, 0.866693, -9.83132, 0.739683, -122.087, 0.743728, 120.786
1270, 21.15833, 211.526, 60.7937, 205.282, -26.5368, 159.653, -156.83, 0.866884, -9.84866, 0.739739, -122.09, 0.743792, 120.785
1270, 21.16667, 211.725, 60.7711, 205.489, -26.5356, 159.739, -156.818, 0.867075, -9.86602, 0.739795, -122.093, 0.743857, 120.784
1271, 21.17500, 211.924, 60.7485, 205.695, -26.5344, 159.824, -156.807, 0.867266, -9.88341, 0.739851, -122.097, 0.743922, 120.783
1271, 21.18333, 212.123, 60.7257, 205.902, -26.5333, 159.91, -156.795, 0.867458, -9.90083, 0.739907, -122.1, 0.743986, 120.783
1272, 21.19167, 212.322, 60.703, 206.109, -26.5321, 159.996, -156.783, 0.867649, -9.91828, 0.739963, -122.103, 0.744051, 120.782
1272, 21.20000, 212.522, 60.6802, 206.316, -26.531, 160.081, -156.772, 0.867841, -9.93576, 0.740019, -122.106, 0.744116, 120.781
1273, 21.20833, 212.721, 60.6573, 206.523, -26.5299, 160.167, -156.76, 0.868033, -9.95327, 0.740076, -122.109, 0.744182, 120.78
1273, 21.21667, 212.921, 60.6344, 206.731, -26.5288, 160.252, -156.748, 0.868225, -9.97081, 0.740132, -122.112, 0.744247, 120.78
1274, 21.22500, 213.121, 60.6114, 206.939, -26.5277, 160.338, -156.737, 0.868417, -9.98838, 0.740189, -122.115, 0.744313, 120.779
1274, 21.23333, 213.322, 60.5884, 207.148, -26.5266, 160.424, -156.725, 0.86861, -10.006, 0.740246, -122.118, 0.744378, 120.778
1275, 21.24167, 213.522, 60.5654, 207.356, -26.5255, 160.509, -156.713, 0.868802, -10.0236, 0.740303, -122.122, 0.744444, 120.778
1275, 21.25000, 213.723, 60.5423, 207.565, -26.5245, 160.595, -156.701, 0.868995, -10.0413, 0.74036, -122.125, 0.74451, 120.777
1276, 21.25833, 213.923, 60.5191, 207.774, -26.5235, 160.681, -156.689, 0.869188, -10.059, 0.740417, -122.128, 0.744576, 120.776
1276, 21.26667, 214.124, 60.4959, 207.984, -26.5225, 160.766, -156.678, 0.869381, -10.0767, 0.740474, -122.131, 0.744642, 120.775
1277, 21.27500, 214.326, 60.4726, 208.194, -26.5215, 160.852, -156.666, 0.869574, -10.0944, 0.740532, -122.134, 0.744708, 120.775
1277, 21.28333, 214.527, 60.4493, 208.404, -26.5205, 160.938, -156.654, 0.869767, -10.1122, 0.740589, -122.137, 0.744775, 120.774
1278, 21.29167, 214.729, 60.4259, 208.614, -26.5195, 161.023, -156.642, 0.869961, -10.13, 0.740647, -122.141, 0.744841, 120.773
1278, 21.30000, 214.93, 60.4025, 208.825, -26.5186, 161.109, -156.63, 0.870155, -10.1479, 0.740705, -122.144, 0.744908, 120.773
1279, 21.30833, 215.132, 60.379, 209.036, -26.5177, 161.195, -156.618, 0.870348, -10.1657, 0.740763, -122.147, 0.744975, 120.772
1279, 21.31667, 215.334, 60.3555, 209.247, -26.5168, 161.281, -156.606, 0.870542, -10.1836, 0.740821, -122.15, 0.745042, 120.771
1280, 21.32500, 215.536, 60.3319, 209.459, -26.5159, 161.367, -156.593, 0.870736, -10.2016, 0.740879, -122.153, 0.745109, 120.771
1280, 21.33333, 215.739, 60.3083, 209.671, -26.515, 161.452, -156.581, 0.870931, -10.2195, 0.740937, -122.156, 0.745176, 120.77
1281, 21.34167, 215.941, 60.2846, 209.883, -26.5142, 161.538, -156.569, 0.871125, -10.2375, 0.740996, -122.16, 0.745243, 120.769
1281, 21.35000, 216.144, 60.2609, 210.096, -26.5133, 161.624, -156.557, 0.87132, -10.2556, 0.741054, -122.163, 0.745311, 120.768
1282, 21.35833, 216.347, 60.2371, 210.308, -26.5125, 161.71, -156.545, 0.871515, -10.2736, 0.741113, -122.166, 0.745379, 120.768
1282, 21.36667, 216.55, 60.2133, 210.521, -26.5117, 161.796, -156.532, 0.87171, -10.2917, 0.741172, -122.169, 0.745446, 120.767
1283, 21.37500, 216.754, 60.1894, 210.735, -26.5109, 161.882, -156.52, 0.871905, -10.3098, 0.741231, -122.172, 0.745514, 120.766
1283, 21.38333, 216.957, 60.1654, 210.948, -26.5102, 161.967, -156.508, 0.8721, -10.328, 0.74129, -122.175, 0.745582, 120.766
1284, 21.39167, 217.161, 60.1414, 211.162, -26.5094, 162.053, -156.495, 0.872295, -10.3462, 0.741349, -122.179, 0.74565, 120.765
1284, 21.40000, 217.365, 60.1174, 211.377, -26.5087, 162.139, -156.483, 0.872491, -10.3644, 0.741408, -122.182, 0.745719, 120.764
1285, 21.40833, 217.569, 60.0933, 211.591, -26.508, 162.225, -156.471, 0.872686, -10.3826, 0.741468, -122.185, 0.745787, 120.763
1285, 21.41667, 217.773, 60.0691, 211.806, -26.5073, 162.311, -156.458, 0.872882, -10.4009, 0.741527, -122.188, 0.745856, 120.763
1286, 21.42500, 217.978, 60.0449, 212.021, -26.5066, 162.397, -156.446, 0.873078, -10.4192, 0.741587, -122.192, 0.745924, 120.762
1286, 21.43333, 218.182, 60.0207, 212.237, -26.506, 162.483, -156.433, 0.873274, -10.4375, 0.741647, -122.195, 0.745993, 120.761
1287, 21.44167, 218.387, 59.9964, 212.453, -26.5053, 162.569, -156.421, 0.873471, -10.4559, 0.741707, -122.198, 0.746062, 120.761
1287, 21.45000, 218.592, 59.972, 212.669, -26.5047, 162.655, -156.408, 0.873667, -10.4743, 0.741767, -122.201, 0.746131, 120.76
1288, 21.45833, 218.797, 59.9476, 212.885, -26.5041, 162.741, -156.395, 0.873864, -10.4927, 0.741827, -122.204, 0.746201, 120.759
1288, 21.46667, 219.003, 59.9231, 213.102, -26.5035, 162.827, -156.383, 0.87406, -10.5112, 0.741887, -122.208, 0.74627, 120.759
1289, 21.47500, 219.208, 59.8986, 213.319, -26.503, 162.913, -156.37, 0.874257, -10.5297, 0.741948, -122.211, 0.746339, 120.758
1289, 21.48333, 219.414, 59.874, 213.536, -26.5024, 162.999, -156.357, 0.874454, -10.5482, 0.742009, -122.214, 0.746409, 120.757
1290, 21.49167, 219.62, 59.8494, 213.754, -26.5019, 163.085, -156.345, 0.874652, -10.5668, 0.742069, -122.217, 0.746479, 120.757
1290, 21.50000, 219.826, 59.8247, 213.972, -26.5014, 163.171, -156.332, 0.874849, -10.5854, 0.74213, -122.221, 0.746549, 120.756
1291, 21.50833, 220.032, 59.8, 214.19, -26.5009, 163.258, -156.319, 0.875046, -10.604, 0.742191, -122.224, 0.746619, 120.755
1291, 21.51667, 220.239, 59.7752, 214.409, -26.5004, 163.344, -156.306, 0.875244, -10.6227, 0.742252, -122.227, 0.746689, 120.755
1292, 21.52500, 220.445, 59.7503, 214.628, -26.5, 163.43, -156.293, 0.875442, -10.6414, 0.742313, -122.23, 0.746759, 120.754
1292, 21.53333, 220.652, 59.7254, 214.847, -26.4995, 163.516, -156.28, 0.87564, -10.6601, 0.742375, -122.234, 0.74683, 120.753
1293, 21.54167, 220.859, 59.7005, 215.067, -26.4991, 163.602, -156.268, 0.875838, -10.6789, 0.742436, -122.237, 0.7469, 120.753
1293, 21.55000, 221.067, 59.6755, 215.286, -26.4987, 163.688, -156.255, 0.876036, -10.6976, 0.742498, -122.24, 0.746971, 120.752
1294, 21.55833, 221.274, 59.6504, 215.507, -26.4984, 163.775, -156.242, 0.876234, -10.7165, 0.74256, -122.244, 0.747042, 120.751
1294, 21.56667, 221.481, 59.6253, 215.727, -26.498, 163.861, -156.228, 0.876432, -10.7353, 0.742622, -122.247, 0.747113, 120.75
1295, 21.57500, 221.689, 59.6001, 215.948, -26.4977, 163.947, -156.215, 0.876631, -10.7542, 0.742684, -122.25, 0.747184, 120.75
1295, 21.58333, 221.897, 59.5749, 216.169, -26.4973, 164.033, -156.202, 0.87683, -10.7731, 0.742746, -122.253, 0.747255, 120.749
1296, 21.59167, 222.105, 59.5496, 216.39, -26.4971, 164.12, -156.189, 0.877029, -10.7921, 0.742808, -122.257, 0.747327, 120.748
1296, 21.60000, 222.314, 59.5243, 216.612, -26.4968, 164.206, -156.176, 0.877228, -10.8111, 0.74287, -122.26, 0.747398, 120.748
1297, 21.60833, 222.522, 59.4989, 216.834, -26.4965, 164.292, -156.163, 0.877427, -10.8301, 0.742933, -122.263, 0.74747, 120.747
1297, 21.61667, 222.731, 59.4734, 217.057, -26.4963, 164.379, -156.149, 0.877626, -10.8491, 0.742996, -122.267, 0.747542, 120.746
1298, 21.62500, 222.94, 59.4479, 217.279, -26.4961, 164.465, -156.136, 0.877825, -10.8682, 0.743058, -122.27, 0.747614, 120.746
1298, 21.63333, 223.149, 59.4224, 217.502, -26.4959, 164.552, -156.123, 0.878025, -10.8873, 0.743121, -122.273, 0.747686, 120.745
1299, 21.64167, 223.358, 59.3968, 217.726, -26.4957, 164.638, -156.11, 0.878225, -10.9065, 0.743184, -122.277, 0.747758, 120.744
1299, 21.65000, 223.567, 59.3711, 217.95, -26.4955, 164.725, -156.096, 0.878424, -10.9257, 0.743247, -122.28, 0.74783, 120.744
1300, 21.65833, 223.777, 59.3454, 218.174, -26.4954, 164.811, -156.083, 0.878624, -10.9449, 0.743311, -122.283, 0.747903, 120.743
1300, 21.66667, 223.987, 59.3196, 218.398, -26.4953, 164.898, -156.069, 0.878824, -10.9641, 0.743374, -122.287, 0.747976, 120.742
1301, 21.67500, 224.197, 59.2937, 218.623, -26.4952, 164.984, -156.056, 0.879025, -10.9834, 0.743438, -122.29, 0.748048, 120.742
1301, 21.68333, 224.407, 59.2679, 218.848, -26.4951, 165.071, -156.042, 0.879225, -11.0027, 0.743501, -122.293, 0.748121, 120.741
1302, 21.69167, 224.617, 59.2419, 219.073, -26.495, 165.157, -156.029, 0.879425, -11.0221, 0.743565, -122.297, 0.748194, 120.74
1302, 21.70000, 224.828, 59.2159, 219.299, -26.495, 165.244, -156.015, 0.879626, -11.0415, 0.743629, -122.3, 0.748268, 120.74
1303, 21.70833, 225.038, 59.1898, 219.524, -26.495, 165.33, -156.001, 0.879827, -11.0609, 0.743693, -122.303, 0.748341, 120.739
1303, 21.71667, 225.249, 59.1637, 219.751, -26.495, 165.417, -155.988, 0.880028, -11.0803, 0.743757, -122.307, 0.748414, 120.738
1304, 21.72500, 225.46, 59.1376, 219.977, -26.495, 165.504, -155.974, 0.880228, -11.0998, 0.743822, -122.31, 0.748488, 120.738
1304, 21.73333, 225.672, 59.1113, 220.204, -26.4951, 165.59, -155.96, 0.88043, -11.1193, 0.743886, -122.313, 0.748562, 120.737
1305, 21.74167, 225.883, 59.085, 220.432, -26.4951, 165.677, -155.946, 0.880631, -11.1389, 0.743951, -122.317, 0.748636, 120.736
1305, 21.75000, 226.095, 59.0587, 220.659, -26.4952, 165.764, -155.933, 0.880832, -11.1585, 0.744015, -122.32, 0.74871, 120.736
1306, 21.75833, 226.306, 59.0323, 220.887, -26.4953, 165.851, -155.919, 0.881033, -11.1781, 0.74408, -122.323, 0.748784, 120.735
1306, 21.76667, 226.518, 59.0058, 221.116, -26.4955, 165.937, -155.905, 0.881235, -11.1978, 0.744145, -122.327, 0.748858, 120.735
1307, 21.77500, 226.731, 58.9793, 221.344, -26.4956, 166.024, -155.891, 0.881437, -11.2175, 0.74421, -122.33, 0.748933, 120.734
1307, 21.78333, 226.943, 58.9528, 221.573, -26.4958, 166.111, -155.877, 0.881639, -11.2372, 0.744276, -122.334, 0.749007, 120.733
1308, 21.79167, 227.156, 58.9261, 221.803, -26.496, 166.198, -155.863, 0.88184, -11.2569, 0.744341, -122.337, 0.749082, 120.733
1308, 21.80000, 227.368, 58.8994, 222.032, -26.4962, 166.285, -155.849, 0.882043, -11.2767, 0.744406, -122.34, 0.749157, 120.732
1309, 21.80833, 227.581, 58.8727, 222.262, -26.4965, 166.372, -155.835, 0.882245, -11.2966, 0.744472, -122.344, 0.749232, 120.731
1309, 21.81667, 227.794, 58.8459, 222.493, -26.4967, 166.459, -155.821, 0.882447, -11.3164, 0.744538, -122.347, 0.749307, 120.731
1310, 21.82500, 228.008, 58.819, 222.723, -26.497, 166.546, -155.806, 0.882649, -11.3363, 0.744604, -122.351, 0.749382, 120.73
1310, 21.83333, 228.221, 58.7921, 222.954, -26.4973, 166.633, -155.792, 0.882852, -11.3563, 0.74467, -122.354, 0.749458, 120.729
1311, 21.84167, 228.435, 58.7651, 223.186, -26.4976, 166.72, -155.778, 0.883054, -11.3762, 0.744736, -122.357, 0.749534, 120.729
1311, 21.85000, 228.648, 58.7381, 223.417, -26.498, 166.807, -155.764, 0.883257, -11.3962, 0.744802, -122.361, 0.749609, 120.728
1312, 21.85833, 228.863, 58.711, 223.649, -26.4984, 166.894, -155.749, 0.88346, -11.4163, 0.744868, -122.364, 0.749685, 120.727
1312, 21.86667, 229.077, 58.6839, 223.882, -26.4988, 166.981, -155.735, 0.883663, -11.4364, 0.744935, -122.368, 0.749761, 120.727
1313, 21.87500, 229.291, 58.6567, 224.114, -26.4992, 167.068, -155.721, 0.883866, -11.4565, 0.745002, -122.371, 0.749837, 120.726
1313, 21.88333, 229.506, 58.6294, 224.347, -26.4996, 167.155, -155.706, 0.884069, -11.4766, 0.745068, -122.375, 0.749914, 120.725
1313, 21.89167, 229.72, 58.6021, 224.581, -26.5001, 167.243, -155.692, 0.884272, -11.4968, 0.745135, -122.378, 0.74999, 120.725
1314, 21.90000, 229.935, 58.5747, 224.815, -26.5006, 167.33, -155.677, 0.884476, -11.517, 0.745202, -122.381, 0.750067, 120.724
1315, 21.90833, 230.15, 58.5473, 225.049, -26.5011, 167.417, -155.662, 0.884679, -11.5373, 0.74527, -122.385, 0.750143, 120.724
1315, 21.91667, 230.366, 58.5198, 225.283, -26.5016, 167.504, -155.648, 0.884883, -11.5576, 0.745337, -122.388, 0.75022, 120.723
1315, 21.92500, 230.581, 58.4922, 225.518, -26.5021, 167.592, -155.633, 0.885086, -11.5779, 0.745404, -122.392, 0.750297, 120.722
1316, 21.93333, 230.797, 58.4646, 225.753, -26.5027, 167.679, -155.619, 0.88529, -11.5982, 0.745472, -122.395, 0.750374, 120.722
1317, 21.94167, 231.013, 58.4369, 225.989, -26.5033, 167.766, -155.604, 0.885494, -11.6186, 0.74554, -122.399, 0.750452, 120.721
1317, 21.95000, 231.229, 58.4092, 226.225, -26.5039, 167.854, -155.589, 0.885698, -11.6391, 0.745607, -122.402, 0.750529, 120.72
1317, 21.95833, 231.445, 58.3814, 226.461, -26.5046, 167.941, -155.574, 0.885902, -11.6595, 0.745675, -122.406, 0.750607, 120.72
1318, 21.96667, 231.661, 58.3535, 226.697, -26.5053, 168.029, -155.559, 0.886106, -11.68, 0.745744, -122.409, 0.750685, 120.719
1319, 21.97500, 231.878, 58.3256, 226.934, -26.506, 168.116, -155.545, 0.886311, -11.7006, 0.745812, -122.413, 0.750762, 120.718
1319, 21.98333, 232.095, 58.2976, 227.172, -26.5067, 168.204, -155.53, 0.886515, -11.7212, 0.74588, -122.416, 0.75084, 120.718
1319, 21.99167, 232.312, 58.2696, 227.409, -26.5074, 168.291, -155.515, 0.88672, -11.7418, 0.745949, -122.42, 0.750919, 120.717
1320, 22.00000, 232.529, 58.2415, 227.647, -26.5082, 168.379, -155.5, 0.886924, -11.7624, 0.746017, -122.423, 0.750997, 120.717
1321, 22.00833, 232.746, 58.2134, 227.886, -26.509, 168.467, -155.485, 0.887129, -11.7831, 0.746086, -122.427, 0.751075, 120.716
1321, 22.01667, 232.964, 58.1852, 228.124, -26.5098, 168.554, -155.469, 0.887334, -11.8038, 0.746155, -122.43, 0.751154, 120.715
1321, 22.02500, 233.181, 58.1569, 228.363, -26.5106, 168.642, -155.454, 0.887538, -11.8246, 0.746224, -122.434, 0.751233, 120.715
1322, 22.03333, 233.399, 58.1285, 228.603, -26.5115, 168.73, -155.439, 0.887743, -11.8454, 0.746293, -122.437, 0.751312, 120.714
1323, 22.04167, 233.617, 58.1002, 228.843, -26.5123, 168.818, -155.424, 0.887948, -11.8662, 0.746362, -122.441, 0.751391, 120.713
1323, 22.05000, 233.835, 58.0717, 229.083, -26.5132, 168.906, -155.409, 0.888154, -11.8871, 0.746432, -122.444, 0.75147, 120.713
1323, 22.05833, 234.054, 58.0432, 229.323, -26.5142, 168.993, -155.393, 0.888359, -11.908, 0.746501, -122.448, 0.751549, 120.712
1324, 22.06667, 234.272, 58.0146, 229.564, -26.5151, 169.081, -155.378, 0.888564, -11.9289, 0.746571, -122.451, 0.751629, 120.712
1325, 22.07500, 234.491, 57.986, 229.805, -26.5161, 169.169, -155.363, 0.888769, -11.9499, 0.746641, -122.455, 0.751708, 120.711
1325, 22.08333, 234.71, 57.9573, 230.047, -26.5171, 169.257, -155.347, 0.888975, -11.9709, 0.746711, -122.458, 0.751788, 120.71
1325, 22.09167, 234.929, 57.9285, 230.289, -26.5181, 169.345, -155.332, 0.88918, -11.992, 0.746781, -122.462, 0.751868, 120.71
1326, 22.10000, 235.149, 57.8997, 230.531, -26.5192, 169.433, -155.316, 0.889386, -12.0131, 0.746851, -122.466, 0.751948, 120.709
1327, 22.10833, 235.368, 57.8708, 230.774, -26.5203, 169.521, -155.301, 0.889592, -12.0342, 0.746921, -122.469, 0.752028, 120.709
1327, 22.11667, 235.588, 57.8419, 231.017, -26.5214, 169.61, -155.285, 0.889798, -12.0554, 0.746992, -122.473, 0.752109, 120.708
1327, 22.12500, 235.808, 57.8129, 231.26, -26.5225, 169.698, -155.269, 0.890004, -12.0766, 0.747062, -122.476, 0.752189, 120.707
1328, 22.13333, 236.028, 57.7838, 231.504, -26.5237, 169.786, -155.254, 0.890209, -12.0978, 0.747133, -122.48, 0.75227, 120.707
1329, 22.14167, 236.248, 57.7547, 231.748, -26.5249, 169.874, -155.238, 0.890415, -12.1191, 0.747204, -122.483, 0.752351, 120.706
1329, 22.15000, 236.468, 57.7255, 231.993, -26.5261, 169.963, -155.222, 0.890622, -12.1404, 0.747275, -122.487, 0.752432, 120.705
1329, 22.15833, 236.689, 57.6962, 232.238, -26.5273, 170.051, -155.206, 0.890828, -12.1617, 0.747346, -122.491, 0.752513, 120.705
1330, 22.16667, 236.91, 57.6669, 232.483, -26.5285, 170.139, -155.19, 0.891034, -12.1831, 0.747417, -122.494, 0.752594, 120.704
1331, 22.17500, 237.13, 57.6375, 232.729, -26.5298, 170.228, -155.175, 0.89124, -12.2046, 0.747489, -122.498, 0.752675, 120.704
1331, 22.18333, 237.352, 57.6081, 232.975, -26.5311, 170.316, -155.159, 0.891447, -12.226, 0.74756, -122.501, 0.752757, 120.703
1331, 22.19167, 237.573, 57.5786, 233.221, -26.5325, 170.405, -155.143, 0.891653, -12.2475, 0.747632, -122.505, 0.752839, 120.702
1332, 22.20000, 237.794, 57.549, 233.468, -26.5338, 170.493, -155.127, 0.89186, -12.2691, 0.747704, -122.509, 0.752921, 120.702
1333, 22.20833, 238.016, 57.5194, 233.715, -26.5352, 170.582, -155.11, 0.892066, -12.2907, 0.747776, -122.512, 0.753003, 120.701
1333, 22.21667, 238.238, 57.4897, 233.963, -26.5366, 170.67, -155.094, 0.892273, -12.3123, 0.747848, -122.516, 0.753085, 120.701
1333, 22.22500, 238.46, 57.46, 234.211, -26.5381, 170.759, -155.078, 0.89248, -12.3339, 0.74792, -122.519, 0.753167, 120.7
1334, 22.23333, 238.682, 57.4301, 234.459, -26.5395, 170.848, -155.062, 0.892686, -12.3556, 0.747992, -122.523, 0.753249, 120.699
1335, 22.24167, 238.904, 57.4003, 234.708, -26.541, 170.937, -155.046, 0.892893, -12.3774, 0.748065, -122.527, 0.753332, 120.699
1335, 22.25000, 239.127, 57.3703, 234.957, -26.5425, 171.026, -155.029, 0.8931, -12.3991, 0.748137, -122.53, 0.753415, 120.698
1335, 22.25833, 239.35, 57.3403, 235.206, -26.5441, 171.114, -155.013, 0.893307, -12.4209, 0.74821, -122.534, 0.753498, 120.698
1336, 22.26667, 239.573, 57.3103, 235.456, -26.5457, 171.203, -154.996, 0.893514, -12.4428, 0.748283, -122.538, 0.753581, 120.697
1337, 22.27500, 239.796, 57.2801, 235.706, -26.5473, 171.292, -154.98, 0.893721, -12.4647, 0.748356, -122.541, 0.753664, 120.696
1337, 22.28333, 240.019, 57.2499, 235.957, -26.5489, 171.381, -154.964, 0.893929, -12.4866, 0.748429, -122.545, 0.753747, 120.696
1337, 22.29167, 240.242, 57.2197, 236.208, -26.5505, 171.47, -154.947, 0.894136, -12.5086, 0.748502, -122.549, 0.753831, 120.695
1338, 22.30000, 240.466, 57.1894, 236.459, -26.5522, 171.56, -154.93, 0.894343, -12.5306, 0.748576, -122.552, 0.753914, 120.695
1339, 22.30833, 240.69, 57.159, 236.711, -26.5539, 171.649, -154.914, 0.89455, -12.5526, 0.748649, -122.556, 0.753998, 120.694
1339, 22.31667, 240.914, 57.1285, 236.963, -26.5557, 171.738, -154.897, 0.894758, -12.5747, 0.748723, -122.56, 0.754082, 120.693
1339, 22.32500, 241.138, 57.098, 237.216, -26.5574, 171.827, -154.88, 0.894965, -12.5968, 0.748797, -122.563, 0.754166, 120.693
1340, 22.33333, 241.362, 57.0674, 237.469, -26.5592, 171.916, -154.864, 0.895173, -12.619, 0.748871, -122.567, 0.754251, 120.692
1341, 22.34167, 241.587, 57.0368, 237.722, -26.561, 172.006, -154.847, 0.89538, -12.6412, 0.748945, -122.571, 0.754335, 120.692
1341, 22.35000, 241.811, 57.0061, 237.976, -26.5629, 172.095, -154.83, 0.895588, -12.6634, 0.749019, -122.574, 0.75442, 120.691
1341, 22.35833, 242.036, 56.9753, 238.23, -26.5648, 172.185, -154.813, 0.895795, -12.6857, 0.749093, -122.578, 0.754504, 120.69
1342, 22.36667, 242.261, 56.9445, 238.485, -26.5667, 172.274, -154.796, 0.896003, -12.708, 0.749168, -122.582, 0.754589, 120.69
1343, 22.37500, 242.487, 56.9135, 238.739, -26.5686, 172.364, -154.779, 0.896211, -12.7304, 0.749242, -122.586, 0.754674, 120.689
1343, 22.38333, 242.712, 56.8826, 238.995, -26.5705, 172.454, -154.762, 0.896418, -12.7528, 0.749317, -122.589, 0.754759, 120.689
1343, 22.39167, 242.938, 56.8515, 239.25, -26.5725, 172.543, -154.745, 0.896626, -12.7752, 0.749392, -122.593, 0.754845, 120.688
1344, 22.40000, 243.163, 56.8204, 239.507, -26.5746, 172.633, -154.727, 0.896834, -12.7977, 0.749467, -122.597, 0.75493, 120.688
1345, 22.40833, 243.389, 56.7893, 239.763, -26.5766, 172.723, -154.71, 0.897042, -12.8202, 0.749542, -122.601, 0.755016, 120.687
1345, 22.41667, 243.615, 56.7581, 240.02, -26.5787, 172.813, -154.693, 0.89725, -12.8428, 0.749617, -122.604, 0.755102, 120.686
1345, 22.42500, 243.841, 56.7268, 240.277, -26.5808, 172.903, -154.676, 0.897458, -12.8654, 0.749693, -122.608, 0.755188, 120.686
1346, 22.43333, 244.068, 56.6954, 240.535, -26.5829, 172.993, -154.658, 0.897666, -12.888, 0.749768, -122.612, 0.755274, 120.685
1347, 22.44167, 244.295, 56.664, 240.793, -26.5851, 173.083, -154.641, 0.897874, -12.9107, 0.749844, -122.616, 0.75536, 120.685
1347, 22.45000, 244.521, 56.6325, 241.051, -26.5873, 173.173, -154.623, 0.898082, -12.9334, 0.74992, -122.619, 0.755446, 120.684
1348, 22.45833, 244.748, 56.6009, 241.31, -26.5895, 173.263, -154.606, 0.89829, -12.9562, 0.749996, -122.623, 0.755533, 120.683
1348, 22.46667, 244.975, 56.5693, 241.57, -26.5917, 173.353, -154.588, 0.898498, -12.979, 0.750072, -122.627, 0.75562, 120.683
1349, 22.47500, 245.203, 56.5376, 241.829, -26.594, 173.443, -154.571, 0.898706, -13.0019, 0.750148, -122.631, 0.755706, 120.682
1349, 22.48333, 245.43, 56.5058, 242.089, -26.5963, 173.534, -154.553, 0.898914, -13.0247, 0.750224, -122.634, 0.755794, 120.682
1350, 22.49167, 245.658, 56.474, 242.35, -26.5986, 173.624, -154.535, 0.899122, -13.0477, 0.750301, -122.638, 0.755881, 120.681
1350, 22.50000, 245.886, 56.4421, 242.611, -26.601, 173.715, -154.518, 0.89933, -13.0706, 0.750377, -122.642, 0.755968, 120.681
1351, 22.50833, 246.114, 56.4102, 242.872, -26.6034, 173.805, -154.5, 0.899538, -13.0936, 0.750454, -122.646, 0.756056, 120.68
1351, 22.51667, 246.342, 56.3781, 243.134, -26.6058, 173.896, -154.482, 0.899747, -13.1167, 0.750531, -122.65, 0.756143, 120.679
1352, 22.52500, 246.57, 56.3461, 243.396, -26.6083, 173.986, -154.464, 0.899955, -13.1398, 0.750608, -122.653, 0.756231, 120.679
1352, 22.53333, 246.799, 56.3139, 243.659, -26.6108, 174.077, -154.446, 0.900163, -13.1629, 0.750685, -122.657, 0.756319, 120.678
1353, 22.54167, 247.027, 56.2817, 243.922, -26.6133, 174.168, -154.428, 0.900371, -13.1861, 0.750763, -122.661, 0.756407, 120.678
1353, 22.55000, 247.256, 56.2494, 244.185, -26.6158, 174.259, -154.41, 0.90058, -13.2093, 0.75084, -122.665, 0.756495, 120.677
1354, 22.55833, 247.485, 56.217, 244.449, -26.6184, 174.35, -154.392, 0.900788, -13.2325, 0.750918, -122.669, 0.756584, 120.677
1354, 22.56667, 247.714, 56.1846, 244.713, -26.621, 174.441, -154.374, 0.900996, -13.2558, 0.750995, -122.672, 0.756673, 120.676
1355, 22.57500, 247.944, 56.1521, 244.978, -26.6237, 174.532, -154.355, 0.901205, -13.2791, 0.751073, -122.676, 0.756761, 120.675
1355, 22.58333, 248.173, 56.1195, 245.243, -26.6263, 174.623, -154.337, 0.901413, -13.3025, 0.751151, -122.68, 0.75685, 120.675
1356, 22.59167, 248.403, 56.0869, 245.508, -26.629, 174.714, -154.319, 0.901621, -13.3259, 0.751229, -122.684, 0.756939, 120.674
1356, 22.60000, 248.633, 56.0542, 245.774, -26.6318, 174.805, -154.3, 0.901829, -13.3494, 0.751308, -122.688, 0.757028, 120.674
1357, 22.60833, 248.863, 56.0214, 246.04, -26.6345, 174.896, -154.282, 0.902038, -13.3729, 0.751386, -122.692, 0.757118, 120.673
1357, 22.61667, 249.093, 55.9886, 246.307, -26.6373, 174.988, -154.263, 0.902246, -13.3964, 0.751464, -122.696, 0.757207, 120.673
1358, 22.62500, 249.323, 55.9557, 246.574, -26.6402, 175.079, -154.245, 0.902454, -13.42, 0.751543, -122.699, 0.757297, 120.672
1358, 22.63333, 249.554, 55.9227, 246.842, -26.643, 175.171, -154.226, 0.902663, -13.4436, 0.751622, -122.703, 0.757387, 120.672
1359, 22.64167, 249.785, 55.8897, 247.11, -26.6459, 175.262, -154.208, 0.902871, -13.4673, 0.751701, -122.707, 0.757477, 120.671
1359, 22.65000, 250.015, 55.8565, 247.378, -26.6488, 175.354, -154.189, 0.903079, -13.491, 0.75178, -122.711, 0.757567, 120.67
1360, 22.65833, 250.246, 55.8234, 247.647, -26.6518, 175.446, -154.17, 0.903288, -13.5148, 0.751859, -122.715, 0.757658, 120.67
1360, 22.66667, 250.478, 55.7901, 247.916, -26.6548, 175.538, -154.151, 0.903496, -13.5386, 0.751939, -122.719, 0.757748, 120.669
1361, 22.67500, 250.709, 55.7568, 248.186, -26.6578, 175.63, -154.133, 0.903704, -13.5624, 0.752018, -122.723, 0.757839, 120.669
1361, 22.68333, 250.94, 55.7234, 248.456, -26.6609, 175.722, -154.114, 0.903912, -13.5863, 0.752098, -122.727, 0.75793, 120.668
1362, 22.69167, 251.172, 55.6899, 248.726, -26.6639, 175.814, -154.095, 0.904121, -13.6102, 0.752177, -122.731, 0.758021, 120.668
1362, 22.70000, 251.404, 55.6564, 248.997, -26.6671, 175.906, -154.076, 0.904329, -13.6342, 0.752257, -122.735, 0.758112, 120.667
1363, 22.70833, 251.636, 55.6228, 249.269, -26.6702, 175.998, -154.057, 0.904537, -13.6582, 0.752337, -122.739, 0.758203, 120.667
1363, 22.71667, 251.868, 55.5891, 249.541, -26.6734, 176.09, -154.037, 0.904745, -13.6822, 0.752418, -122.742, 0.758295, 120.666
1364, 22.72500, 252.101, 55.5554, 249.813, -26.6766, 176.183, -154.018, 0.904954, -13.7063, 0.752498, -122.746, 0.758386, 120.665
1364, 22.73333, 252.333, 55.5216, 250.086, -26.6799, 176.275, -153.999, 0.905162, -13.7305, 0.752578, -122.75, 0.758478, 120.665
1365, 22.74167, 252.566, 55.4877, 250.359, -26.6832, 176.368, -153.98, 0.90537, -13.7546, 0.752659, -122.754, 0.75857, 120.664
1365, 22.75000, 252.799, 55.4538, 250.632, -26.6865, 176.46, -153.96, 0.905578, -13.7789, 0.75274, -122.758, 0.758662, 120.664
1366, 22.75833, 253.032, 55.4198, 250.906, -26.6898, 176.553, -153.941, 0.905786, -13.8031, 0.75282, -122.762, 0.758755, 120.663
1366, 22.76667, 253.265, 55.3857, 251.181, -26.6932, 176.646, -153.921, 0.905994, -13.8274, 0.752901, -122.766, 0.758847, 120.663
1367, 22.77500, 253.498, 55.3515, 251.455, -26.6966, 176.739, -153.902, 0.906202, -13.8518, 0.752982, -122.77, 0.75894, 120.662
1367, 22.78333, 253.731, 55.3173, 251.731, -26.7001, 176.832, -153.882, 0.90641, -13.8762, 0.753064, -122.774, 0.759032, 120.662
1368, 22.79167, 253.965, 55.283, 252.007, -26.7036, 176.925, -153.863, 0.906618, -13.9006, 0.753145, -122.778, 0.759125, 120.661
1368, 22.80000, 254.199, 55.2486, 252.283, -26.7071, 177.018, -153.843, 0.906826, -13.9251, 0.753227, -122.782, 0.759219, 120.661
1369, 22.80833, 254.433, 55.2142, 252.559, -26.7106, 177.111, -153.823, 0.907034, -13.9496, 0.753308, -122.786, 0.759312, 120.66
1369, 22.81667, 254.667, 55.1796, 252.836, -26.7142, 177.204, -153.804, 0.907242, -13.9742, 0.75339, -122.79, 0.759405, 120.659
1370, 22.82500, 254.901, 55.1451, 253.114, -26.7178, 177.298, -153.784, 0.907449, -13.9988, 0.753472, -122.794, 0.759499, 120.659
1370, 22.83333, 255.136, 55.1104, 253.392, -26.7215, 177.391, -153.764, 0.907657, -14.0234, 0.753554, -122.798, 0.759593, 120.658
1371, 22.84167, 255.37, 55.0757, 253.67, -26.7252, 177.485, -153.744, 0.907865, -14.0481, 0.753637, -122.802, 0.759687, 120.658
1371, 22.85000, 255.605, 55.0409, 253.949, -26.7289, 177.578, -153.724, 0.908073, -14.0729, 0.753719, -122.806, 0.759781, 120.657
1372, 22.85833, 255.84, 55.006, 254.228, -26.7327, 177.672, -153.704, 0.90828, -14.0977, 0.753801, -122.81, 0.759875, 120.657
1372, 22.86667, 256.075, 54.9711, 254.508, -26.7365, 177.766, -153.684, 0.908488, -14.1225, 0.753884, -122.814, 0.759969, 120.656
1373, 22.87500, 256.31, 54.936, 254.788, -26.7403, 177.86, -153.663, 0.908695, -14.1474, 0.753967, -122.818, 0.760064, 120.656
1373, 22.88333, 256.546, 54.901, 255.069, -26.7442, 177.954, -153.643, 0.908903, -14.1723, 0.75405, -122.822, 0.760159, 120.655
1374, 22.89167, 256.781, 54.8658, 255.35, -26.7481, 178.048, -153.623, 0.90911, -14.1973, 0.754133, -122.826, 0.760254, 120.655
1374, 22.90000, 257.017, 54.8306, 255.631, -26.752, 178.142, -153.602, 0.909317, -14.2223, 0.754216, -122.83, 0.760349, 120.654
1375, 22.90833, 257.253, 54.7953, 255.913, -26.756, 178.237, -153.582, 0.909525, -14.2473, 0.754299, -122.834, 0.760444, 120.654
1375, 22.91667, 257.488, 54.7599, 256.196, -26.76, 178.331, -153.562, 0.909732, -14.2724, 0.754383, -122.839, 0.76054, 120.653
1376, 22.92500, 257.725, 54.7244, 256.479, -26.7641, 178.426, -153.541, 0.909939, -14.2976, 0.754467, -122.843, 0.760635, 120.652
1376, 22.93333, 257.961, 54.6889, 256.762, -26.7682, 178.52, -153.52, 0.910146, -14.3227, 0.75455, -122.847, 0.760731, 120.652
1377, 22.94167, 258.197, 54.6533, 257.046, -26.7723, 178.615, -153.5, 0.910353, -14.348, 0.754634, -122.851, 0.760827, 120.651
1377, 22.95000, 258.434, 54.6176, 257.33, -26.7764, 178.71, -153.479, 0.91056, -14.3732, 0.754718, -122.855, 0.760923, 120.651
1378, 22.95833, 258.671, 54.5819, 257.615, -26.7806, 178.805, -153.458, 0.910767, -14.3986, 0.754802, -122.859, 0.761019, 120.65
1378, 22.96667, 258.908, 54.5461, 257.9, -26.7849, 178.9, -153.437, 0.910974, -14.4239, 0.754887, -122.863, 0.761116, 120.65
1379, 22.97500, 259.145, 54.5102, 258.185, -26.7891, 178.995, -153.417, 0.911181, -14.4493, 0.754971, -122.867, 0.761213, 120.649
1379, 22.98333, 259.382, 54.4742, 258.471, -26.7934, 179.09, -153.396, 0.911387, -14.4748, 0.755056, -122.871, 0.761309, 120.649
1380, 22.99167, 259.619, 54.4382, 258.758, -26.7978, 179.185, -153.375, 0.911594, -14.5003, 0.755141, -122.875, 0.761406, 120.648
1380, 23.00000, 259.857, 54.4021, 259.045, -26.8021, 179.281, -153.354, 0.9118, -14.5258, 0.755225, -122.88, 0.761503, 120.648
1381, 23.00833, 260.094, 54.3659, 259.332, -26.8066, 179.376, -153.332, 0.912007, -14.5514, 0.75531, -122.884, 0.761601, 120.647
1381, 23.01667, 260.332, 54.3296, 259.62, -26.811, 179.472, -153.311, 0.912213, -14.5771, 0.755396, -122.888, 0.761698, 120.647
1382, 23.02500, 260.57, 54.2933, 259.909, -26.8155, 179.568, -153.29, 0.912419, -14.6027, 0.755481, -122.892, 0.761796, 120.646
1382, 23.03333, 260.808, 54.2569, 260.197, -26.82, 179.664, -153.269, 0.912625, -14.6285, 0.755566, -122.896, 0.761894, 120.646
1383, 23.04167, 261.046, 54.2204, 260.487, -26.8246, 179.76, -153.247, 0.912831, -14.6542, 0.755652, -122.9, 0.761992, 120.645
1383, 23.05000, 261.285, 54.1838, 260.777, -26.8292, 179.856, -153.226, 0.913037, -14.68, 0.755738, -122.904, 0.76209, 120.645
1384, 23.05833, 261.523, 54.1472, 261.067, -26.8338, 179.952, -153.204, 0.913243, -14.7059, 0.755823, -122.909, 0.762188, 120.644
1384, 23.06667, 261.762, 54.1105, 261.357, -26.8385, 180.048, -153.183, 0.913449, -14.7318, 0.75591, -122.913, 0.762287, 120.644
1385, 23.07500, 262, 54.0737, 261.649, -26.8432, 180.145, -153.161, 0.913655, -14.7578, 0.755996, -122.917, 0.762385, 120.643
1385, 23.08333, 262.239, 54.0368, 261.94, -26.848, 180.241, -153.139, 0.91386, -14.7838, 0.756082, -122.921, 0.762484, 120.642
1386, 23.09167, 262.478, 53.9999, 262.232, -26.8528, 180.338, -153.118, 0.914066, -14.8098, 0.756168, -122.925, 0.762583, 120.642
1386, 23.10000, 262.718, 53.9629, 262.525, -26.8576, 180.435, -153.096, 0.914271, -14.8359, 0.756255, -122.93, 0.762683, 120.641
1387, 23.10833, 262.957, 53.9258, 262.818, -26.8625, 180.532, -153.074, 0.914476, -14.862, 0.756342, -122.934, 0.762782, 120.641
1387, 23.11667, 263.197, 53.8886, 263.112, -26.8674, 180.629, -153.052, 0.914681, -14.8882, 0.756428, -122.938, 0.762882, 120.64
1388, 23.12500, 263.436, 53.8514, 263.406, -26.8724, 180.726, -153.03, 0.914886, -14.9144, 0.756515, -122.942, 0.762981, 120.64
1388, 23.13333, 263.676, 53.8141, 263.7, -26.8774, 180.823, -153.008, 0.915091, -14.9407, 0.756603, -122.947, 0.763081, 120.639
1389, 23.14167, 263.916, 53.7767, 263.995, -26.8824, 180.921, -152.986, 0.915296, -14.967, 0.75669, -122.951, 0.763181, 120.639
1389, 23.15000, 264.156, 53.7392, 264.29, -26.8875, 181.018, -152.964, 0.915501, -14.9934, 0.756777, -122.955, 0.763282, 120.638
1390, 23.15833, 264.396, 53.7017, 264.586, -26.8926, 181.116, -152.942, 0.915705, -15.0198, 0.756865, -122.959, 0.763382, 120.638
1390, 23.16667, 264.636, 53.6641, 264.883, -26.8977, 181.214, -152.919, 0.91591, -15.0463, 0.756952, -122.963, 0.763483, 120.637
1391, 23.17500, 264.877, 53.6264, 265.18, -26.9029, 181.312, -152.897, 0.916114, -15.0728, 0.75704, -122.968, 0.763583, 120.637
1391, 23.18333, 265.117, 53.5886, 265.477, -26.9082, 181.41, -152.875, 0.916318, -15.0993, 0.757128, -122.972, 0.763684, 120.636
1392, 23.19167, 265.358, 53.5507, 265.775, -26.9134, 181.508, -152.852, 0.916522, -15.1259, 0.757216, -122.976, 0.763785, 120.636
1392, 23.20000, 265.599, 53.5128, 266.073, -26.9188, 181.606, -152.83, 0.916726, -15.1526, 0.757305, -122.981, 0.763887, 120.635
1393, 23.20833, 265.84, 53.4748, 266.372, -26.9241, 181.705, -152.807, 0.91693, -15.1793, 0.757393, -122.985, 0.763988, 120.635
1393, 23.21667, 266.081, 53.4367, 266.671, -26.9295, 181.803, -152.784, 0.917133, -15.206, 0.757482, -122.989, 0.76409, 120.634
1394, 23.22500, 266.322, 53.3986, 266.971, -26.9349, 181.902, -152.762, 0.917337, -15.2328, 0.75757, -122.993, 0.764192, 120.634
1394, 23.23333, 266.564, 53.3603, 267.271, -26.9404, 182.001, -152.739, 0.91754, -15.2596, 0.757659, -122.998, 0.764294, 120.633
1395, 23.24167, 266.805, 53.322, 267.572, -26.9459, 182.1, -152.716, 0.917743, -15.2865, 0.757748, -123.002, 0.764396, 120.633
1395, 23.25000, 267.047, 53.2836, 267.873, -26.9515, 182.199, -152.693, 0.917946, -15.3134, 0.757837, -123.006, 0.764498, 120.632
1396, 23.25833, 267.289, 53.2452, 268.175, -26.9571, 182.298, -152.67, 0.918149, -15.3404, 0.757926, -123.011, 0.764601, 120.632
1396, 23.26667, 267.53, 53.2066, 268.477, -26.9628, 182.397, -152.647, 0.918352, -15.3674, 0.758016, -123.015, 0.764704, 120.631
1397, 23.27500, 267.772, 53.168, 268.78, -26.9684, 182.497, -152.624, 0.918555, -15.3945, 0.758105, -123.019, 0.764807, 120.631
1397, 23.28333, 268.015, 53.1293, 269.083, -26.9742, 182.597, -152.601, 0.918757, -15.4216, 0.758195, -123.024, 0.76491, 120.63
1398, 23.29167, 268.257, 53.0905, 269.387, -26.9799, 182.696, -152.577, 0.918959, -15.4488, 0.758285, -123.028, 0.765013, 120.63
1398, 23.30000, 268.499, 53.0517, 269.691, -26.9857, 182.796, -152.554, 0.919161, -15.476, 0.758375, -123.032, 0.765117, 120.629
1399, 23.30833, 268.742, 53.0127, 269.996, -26.9916, 182.896, -152.531, 0.919363, -15.5033, 0.758465, -123.037, 0.76522, 120.629
1399, 23.31667, 268.984, 52.9737, 270.301, -26.9975, 182.997, -152.507, 0.919565, -15.5306, 0.758555, -123.041, 0.765324, 120.628
1400, 23.32500, 269.227, 52.9346, 270.607, -27.0034, 183.097, -152.484, 0.919767, -15.5579, 0.758645, -123.046, 0.765428, 120.628
1400, 23.33333, 269.47, 52.8954, 270.913, -27.0094, 183.198, -152.46, 0.919968, -15.5853, 0.758736, -123.05, 0.765532, 120.627
1401, 23.34167, 269.713, 52.8562, 271.219, -27.0155, 183.298, -152.437, 0.920169, -15.6128, 0.758827, -123.054, 0.765637, 120.627
1401, 23.35000, 269.956, 52.8169, 271.526, -27.0215, 183.399, -152.413, 0.92037, -15.6403, 0.758917, -123.059, 0.765741, 120.626
1402, 23.35833, 270.199, 52.7774, 271.834, -27.0276, 183.5, -152.389, 0.920571, -15.6678, 0.759008, -123.063, 0.765846, 120.626
1402, 23.36667, 270.443, 52.738, 272.142, -27.0338, 183.601, -152.365, 0.920772, -15.6954, 0.759099, -123.068, 0.765951, 120.625
1403, 23.37500, 270.686, 52.6984, 272.451, -27.04, 183.703, -152.341, 0.920972, -15.7231, 0.759191, -123.072, 0.766056, 120.625
1403, 23.38333, 270.93, 52.6587, 272.76, -27.0462, 183.804, -152.318, 0.921173, -15.7507, 0.759282, -123.076, 0.766161, 120.624
1404, 23.39167, 271.173, 52.619, 273.07, -27.0525, 183.906, -152.293, 0.921373, -15.7785, 0.759374, -123.081, 0.766267, 120.624
1404, 23.40000, 271.417, 52.5792, 273.38, -27.0589, 184.008, -152.269, 0.921573, -15.8063, 0.759465, -123.085, 0.766372, 120.623
1405, 23.40833, 271.661, 52.5393, 273.691, -27.0652, 184.109, -152.245, 0.921773, -15.8341, 0.759557, -123.09, 0.766478, 120.623
1405, 23.41667, 271.905, 52.4993, 274.002, -27.0716, 184.212, -152.221, 0.921972, -15.862, 0.759649, -123.094, 0.766584, 120.622
1406, 23.42500, 272.149, 52.4593, 274.314, -27.0781, 184.314, -152.197, 0.922172, -15.8899, 0.759741, -123.099, 0.76669, 120.622
1406, 23.43333, 272.394, 52.4192, 274.626, -27.0846, 184.416, -152.172, 0.922371, -15.9179, 0.759833, -123.103, 0.766797, 120.621
1407, 23.44167, 272.638, 52.3789, 274.938, -27.0912, 184.519, -152.148, 0.92257, -15.9459, 0.759926, -123.108, 0.766903, 120.621
1407, 23.45000, 272.883, 52.3387, 275.252, -27.0978, 184.622, -152.123, 0.922768, -15.974, 0.760018, -123.112, 0.76701, 120.62
1408, 23.45833, 273.127, 52.2983, 275.565, -27.1044, 184.725, -152.099, 0.922967, -16.0021, 0.760111, -123.116, 0.767117, 120.62
1408, 23.46667, 273.372, 52.2578, 275.88, -27.1111, 184.828, -152.074, 0.923165, -16.0303, 0.760204, -123.121, 0.767224, 120.619
1409, 23.47500, 273.617, 52.2173, 276.194, -27.1178, 184.931, -152.05, 0.923363, -16.0585, 0.760297, -123.125, 0.767332, 120.619
1409, 23.48333, 273.862, 52.1767, 276.51, -27.1246, 185.034, -152.025, 0.923561, -16.0868, 0.76039, -123.13, 0.767439, 120.618
1410, 23.49167, 274.107, 52.136, 276.825, -27.1315, 185.138, -152, 0.923759, -16.1151, 0.760483, -123.134, 0.767547, 120.618
1410, 23.50000, 274.352, 52.0952, 277.142, -27.1383, 185.242, -151.975, 0.923956, -16.1435, 0.760576, -123.139, 0.767655, 120.617
1411, 23.50833, 274.597, 52.0544, 277.458, -27.1452, 185.346, -151.95, 0.924154, -16.1719, 0.76067, -123.144, 0.767763, 120.617
1411, 23.51667, 274.842, 52.0134, 277.776, -27.1522, 185.45, -151.925, 0.924351, -16.2004, 0.760764, -123.148, 0.767871, 120.616
1412, 23.52500, 275.088, 51.9724, 278.094, -27.1592, 185.554, -151.9, 0.924547, -16.2289, 0.760857, -123.153, 0.76798, 120.616
1412, 23.53333, 275.333, 51.9313, 278.412, -27.1663, 185.659, -151.875, 0.924744, -16.2575, 0.760951, -123.157, 0.768088, 120.615
1413, 23.54167, 275.579, 51.8901, 278.731, -27.1734, 185.763, -151.85, 0.92494, -16.2861, 0.761045, -123.162, 0.768197, 120.615
1413, 23.55000, 275.825, 51.8488, 279.05, -27.1805, 185.868, -151.824, 0.925136, -16.3147, 0.76114, -123.166, 0.768306, 120.615
1414, 23.55833, 276.071, 51.8075, 279.37, -27.1877, 185.973, -151.799, 0.925332, -16.3435, 0.761234, -123.171, 0.768415, 120.614
1414, 23.56667, 276.316, 51.766, 279.691, -27.195, 186.079, -151.774, 0.925527, -16.3722, 0.761329, -123.175, 0.768525, 120.614
1415, 23.57500, 276.562, 51.7245, 280.012, -27.2023, 186.184, -151.748, 0.925723, -16.401, 0.761423, -123.18, 0.768634, 120.613
1415, 23.58333, 276.809, 51.6829, 280.333, -27.2096, 186.29, -151.723, 0.925918, -16.4299, 0.761518, -123.185, 0.768744, 120.613
1416, 23.59167, 277.055, 51.6413, 280.655, -27.217, 186.395, -151.697, 0.926113, -16.4588, 0.761613, -123.189, 0.768854, 120.612
1416, 23.60000, 277.301, 51.5995, 280.978, -27.2244, 186.501, -151.671, 0.926307, -16.4878, 0.761708, -123.194, 0.768964, 120.612
1417, 23.60833, 277.547, 51.5577, 281.301, -27.2319, 186.608, -151.645, 0.926501, -16.5168, 0.761803, -123.198, 0.769075, 120.611
1417, 23.61667, 277.794, 51.5157, 281.624, -27.2395, 186.714, -151.62, 0.926695, -16.5458, 0.761899, -123.203, 0.769185, 120.611
1418, 23.62500, 278.041, 51.4737, 281.948, -27.247, 186.821, -151.594, 0.926889, -16.5749, 0.761994, -123.208, 0.769296, 120.61
1418, 23.63333, 278.287, 51.4316, 282.273, -27.2547, 186.927, -151.568, 0.927083, -16.6041, 0.76209, -123.212, 0.769407, 120.61
1419, 23.64167, 278.534, 51.3894, 282.598, -27.2623, 187.034, -151.542, 0.927276, -16.6333, 0.762186, -123.217, 0.769518, 120.609
1419, 23.65000, 278.781, 51.3472, 282.924, -27.2701, 187.142, -151.516, 0.927469, -16.6626, 0.762282, -123.222, 0.769629, 120.609
1420, 23.65833, 279.028, 51.3048, 283.25, -27.2778, 187.249, -151.489, 0.927661, -16.6919, 0.762378, -123.226, 0.769741, 120.608
1420, 23.66667, 279.275, 51.2624, 283.577, -27.2857, 187.357, -151.463, 0.927854, -16.7212, 0.762474, -123.231, 0.769853, 120.608
1421, 23.67500, 279.522, 51.2199, 283.904, -27.2935, 187.464, -151.437, 0.928046, -16.7506, 0.762571, -123.236, 0.769964, 120.607
1421, 23.68333, 279.769, 51.1773, 284.232, -27.3015, 187.572, -151.41, 0.928237, -16.7801, 0.762667, -123.24, 0.770077, 120.607
1422, 23.69167, 280.016, 51.1346, 284.56, -27.3094, 187.681, -151.384, 0.928429, -16.8096, 0.762764, -123.245, 0.770189, 120.606
1422, 23.70000, 280.264, 51.0918, 284.889, -27.3174, 187.789, -151.357, 0.92862, -16.8392, 0.762861, -123.25, 0.770301, 120.606
1423, 23.70833, 280.511, 51.049, 285.219, -27.3255, 187.898, -151.331, 0.928811, -16.8688, 0.762958, -123.254, 0.770414, 120.605
1423, 23.71667, 280.758, 51.0061, 285.549, -27.3336, 188.006, -151.304, 0.929002, -16.8984, 0.763055, -123.259, 0.770527, 120.605
1424, 23.72500, 281.006, 50.963, 285.879, -27.3418, 188.115, -151.277, 0.929192, -16.9282, 0.763152, -123.264, 0.77064, 120.605
1424, 23.73333, 281.254, 50.9199, 286.21, -27.35, 188.225, -151.251, 0.929382, -16.9579, 0.76325, -123.268, 0.770753, 120.604
1425, 23.74167, 281.501, 50.8767, 286.542, -27.3583, 188.334, -151.224, 0.929572, -16.9877, 0.763347, -123.273, 0.770867, 120.604
1425, 23.75000, 281.749, 50.8335, 286.874, -27.3666, 188.444, -151.197, 0.929761, -17.0176, 0.763445, -123.278, 0.77098, 120.603
1426, 23.75833, 281.997, 50.7901, 287.207, -27.375, 188.554, -151.17, 0.92995, -17.0475, 0.763543, -123.283, 0.771094, 120.603
1426, 23.76667, 282.245, 50.7467, 287.54, -27.3834, 188.664, -151.143, 0.930139, -17.0775, 0.763641, -123.287, 0.771208, 120.602
1427, 23.77500, 282.493, 50.7031, 287.874, -27.3919, 188.774, -151.116, 0.930327, -17.1075, 0.763739, -123.292, 0.771323, 120.602
1427, 23.78333, 282.741, 50.6595, 288.208, -27.4004, 188.885, -151.088, 0.930515, -17.1375, 0.763837, -123.297, 0.771437, 120.601
1428, 23.79167, 282.989, 50.6158, 288.543, -27.409, 188.996, -151.061, 0.930703, -17.1677, 0.763936, -123.302, 0.771552, 120.601
1428, 23.80000, 283.237, 50.572, 288.878, -27.4176, 189.107, -151.034, 0.93089, -17.1978, 0.764034, -123.306, 0.771667, 120.6
1429, 23.80833, 283.486, 50.5282, 289.214, -27.4263, 189.218, -151.006, 0.931077, -17.228, 0.764133, -123.311, 0.771782, 120.6
1429, 23.81667, 283.734, 50.4842, 289.551, -27.435, 189.33, -150.979, 0.931264, -17.2583, 0.764232, -123.316, 0.771897, 120.599
1430, 23.82500, 283.982, 50.4402, 289.888, -27.4438, 189.442, -150.951, 0.931451, -17.2886, 0.764331, -123.321, 0.772013, 120.599
1430, 23.83333, 284.231, 50.396, 290.225, -27.4527, 189.554, -150.924, 0.931637, -17.319, 0.76443, -123.326, 0.772128, 120.598
1431, 23.84167, 284.479, 50.3518, 290.563, -27.4616, 189.666, -150.896, 0.931822, -17.3494, 0.76453, -123.33, 0.772244, 120.598
1431, 23.85000, 284.728, 50.3075, 290.902, -27.4705, 189.778, -150.868, 0.932008, -17.3799, 0.764629, -123.335, 0.77236, 120.597
1432, 23.85833, 284.976, 50.2631, 291.241, -27.4795, 189.891, -150.84, 0.932193, -17.4104, 0.764729, -123.34, 0.772476, 120.597
1432, 23.86667, 285.225, 50.2187, 291.581, -27.4885, 190.004, -150.812, 0.932377, -17.441, 0.764828, -123.345, 0.772593, 120.597
1433, 23.87500, 285.474, 50.1741, 291.921, -27.4976, 190.117, -150.784, 0.932562, -17.4716, 0.764928, -123.35, 0.77271, 120.596
1433, 23.88333, 285.723, 50.1295, 292.262, -27.5068, 190.231, -150.756, 0.932746, -17.5023, 0.765028, -123.355, 0.772827, 120.596
1434, 23.89167, 285.972, 50.0847, 292.604, -27.516, 190.344, -150.728, 0.932929, -17.533, 0.765129, -123.359, 0.772944, 120.595
1434, 23.90000, 286.22, 50.0399, 292.946, -27.5253, 190.458, -150.7, 0.933112, -17.5638, 0.765229, -123.364, 0.773061, 120.595
1435, 23.90833, 286.469, 49.995, 293.288, -27.5346, 190.573, -150.672, 0.933295, -17.5946, 0.76533, -123.369, 0.773178, 120.594
1435, 23.91667, 286.718, 49.95, 293.631, -27.5439, 190.687, -150.643, 0.933478, -17.6255, 0.76543, -123.374, 0.773296, 120.594
1436, 23.92500, 286.967, 49.9049, 293.975, -27.5534, 190.802, -150.615, 0.93366, -17.6564, 0.765531, -123.379, 0.773414, 120.593
1436, 23.93333, 287.216, 49.8598, 294.319, -27.5628, 190.917, -150.586, 0.933841, -17.6874, 0.765632, -123.384, 0.773532, 120.593
1437, 23.94167, 287.466, 49.8145, 294.664, -27.5724, 191.032, -150.558, 0.934023, -17.7184, 0.765733, -123.389, 0.773651, 120.592
1437, 23.95000, 287.715, 49.7692, 295.009, -27.582, 191.148, -150.529, 0.934203, -17.7495, 0.765834, -123.394, 0.773769, 120.592
1438, 23.95833, 287.964, 49.7237, 295.355, -27.5916, 191.263, -150.5, 0.934384, -17.7806, 0.765936, -123.399, 0.773888, 120.591
1438, 23.96667, 288.213, 49.6782, 295.702, -27.6013, 191.379, -150.472, 0.934564, -17.8118, 0.766037, -123.404, 0.774007, 120.591
1438, 23.97500, 288.462, 49.6326, 296.049, -27.611, 191.496, -150.443, 0.934744, -17.843, 0.766139, -123.408, 0.774126, 120.591
1439, 23.98333, 288.712, 49.5869, 296.396, -27.6208, 191.612, -150.414, 0.934923, -17.8743, 0.766241, -123.413, 0.774245, 120.59
1440, 23.99167, 288.961, 49.5411, 296.744, -27.6307, 191.729, -150.385, 0.935102, -17.9057, 0.766343, -123.418, 0.774365, 120.59
1440, 24.00000, 289.211, 49.4952, 297.093, -27.6406, 191.846, -150.356, 0.93528, -17.9371, 0.766445, -123.423, 0.774485, 120.589
1440, 24.00833, 289.46, 49.4493, 297.442, -27.6506, 191.964, -150.327, 0.935458, -17.9685, 0.766547, -123.428, 0.774605, 120.589
1441, 24.01667, 289.709, 49.4032, 297.792, -27.6606, 192.081, -150.298, 0.935636, -18, 0.766649, -123.433, 0.774725, 120.588
1442, 24.02500, 289.959, 49.3571, 298.143, -27.6707, 192.199, -150.268, 0.935813, -18.0315, 0.766752, -123.438, 0.774845, 120.588
1442, 24.03333, 290.208, 49.3109, 298.494, -27.6808, 192.318, -150.239, 0.93599, -18.0631, 0.766855, -123.443, 0.774966, 120.587
1443, 24.04167, 290.458, 49.2646, 298.845, -27.691, 192.436, -150.21, 0.936166, -18.0948, 0.766958, -123.448, 0.775087, 120.587
1443, 24.05000, 290.708, 49.2182, 299.197, -27.7013, 192.555, -150.18, 0.936342, -18.1265, 0.767061, -123.453, 0.775208, 120.586
1444, 24.05833, 290.957, 49.1717, 299.55, -27.7116, 192.674, -150.15, 0.936517, -18.1582, 0.767164, -123.458, 0.775329, 120.586
1444, 24.06667, 291.207, 49.1251, 299.903, -27.722, 192.793, -150.121, 0.936692, -18.1901, 0.767267, -123.463, 0.77545, 120.585
1445, 24.07500, 291.456, 49.0784, 300.257, -27.7324, 192.913, -150.091, 0.936867, -18.2219, 0.76737, -123.468, 0.775572, 120.585
1445, 24.08333, 291.706, 49.0317, 300.611, -27.7429, 193.033, -150.061, 0.937041, -18.2538, 0.767474, -123.473, 0.775694, 120.585
1446, 24.09167, 291.956, 48.9848, 300.966, -27.7534, 193.153, -150.032, 0.937215, -18.2858, 0.767578, -123.478, 0.775816, 120.584
1446, 24.10000, 292.205, 48.9379, 301.322, -27.764, 193.274, -150.002, 0.937388, -18.3178, 0.767682, -123.483, 0.775938, 120.584
1447, 24.10833, 292.455, 48.8908, 301.678, -27.7747, 193.395, -149.972, 0.937561, -18.3499, 0.767786, -123.489, 0.776061, 120.583
1447, 24.11667, 292.705, 48.8437, 302.034, -27.7854, 193.516, -149.942, 0.937733, -18.382, 0.76789, -123.494, 0.776184, 120.583
1448, 24.12500, 292.954, 48.7965, 302.392, -27.7961, 193.637, -149.912, 0.937905, -18.4141, 0.767994, -123.499, 0.776307, 120.582
1448, 24.13333, 293.204, 48.7492, 302.75, -27.807, 193.759, -149.881, 0.938076, -18.4464, 0.768099, -123.504, 0.77643, 120.582
1449, 24.14167, 293.454, 48.7018, 303.108, -27.8178, 193.881, -149.851, 0.938247, -18.4786, 0.768203, -123.509, 0.776553, 120.581
1449, 24.15000, 293.704, 48.6544, 303.467, -27.8288, 194.004, -149.821, 0.938417, -18.5109, 0.768308, -123.514, 0.776677, 120.581
1450, 24.15833, 293.953, 48.6068, 303.826, -27.8398, 194.126, -149.79, 0.938587, -18.5433, 0.768413, -123.519, 0.776801, 120.58
1450, 24.16667, 294.203, 48.5591, 304.187, -27.8508, 194.249, -149.76, 0.938757, -18.5758, 0.768518, -123.524, 0.776925, 120.58
1451, 24.17500, 294.453, 48.5114, 304.547, -27.862, 194.373, -149.729, 0.938926, -18.6082, 0.768623, -123.529, 0.777049, 120.58
1451, 24.18333, 294.703, 48.4635, 304.908, -27.8731, 194.496, -149.699, 0.939094, -18.6408, 0.768729, -123.534, 0.777173, 120.579
1452, 24.19167, 294.953, 48.4156, 305.27, -27.8844, 194.62, -149.668, 0.939262, -18.6733, 0.768834, -123.54, 0.777298, 120.579
1452, 24.20000, 295.202, 48.3676, 305.633, -27.8957, 194.745, -149.637, 0.939429, -18.706, 0.76894, -123.545, 0.777423, 120.578
1453, 24.20833, 295.452, 48.3195, 305.996, -27.907, 194.869, -149.606, 0.939596, -18.7387, 0.769046, -123.55, 0.777548, 120.578
1453, 24.21667, 295.702, 48.2713, 306.359, -27.9184, 194.994, -149.576, 0.939763, -18.7714, 0.769152, -123.555, 0.777674, 120.577
1454, 24.22500, 295.952, 48.223, 306.724, -27.9299, 195.12, -149.545, 0.939929, -18.8042, 0.769258, -123.56, 0.777799, 120.577
1454, 24.23333, 296.201, 48.1746, 307.088, -27.9415, 195.245, -149.514, 0.940094, -18.837, 0.769364, -123.565, 0.777925, 120.576
1455, 24.24167, 296.451, 48.1261, 307.454, -27.9531, 195.371, -149.482, 0.940259, -18.8699, 0.769471, -123.571, 0.778051, 120.576
1455, 24.25000, 296.701, 48.0776, 307.82, -27.9647, 195.497, -149.451, 0.940423, -18.9029, 0.769577, -123.576, 0.778177, 120.575
1456, 24.25833, 296.95, 48.0289, 308.186, -27.9764, 195.624, -149.42, 0.940587, -18.9359, 0.769684, -123.581, 0.778304, 120.575
1456, 24.26667, 297.2, 47.9802, 308.553, -27.9882, 195.751, -149.389, 0.94075, -18.9689, 0.769791, -123.586, 0.77843, 120.575
1457, 24.27500, 297.45, 47.9313, 308.921, -28, 195.878, -149.357, 0.940913, -19.002, 0.769898, -123.591, 0.778557, 120.574
1457, 24.28333, 297.699, 47.8824, 309.289, -28.0119, 196.006, -149.326, 0.941075, -19.0352, 0.770005, -123.597, 0.778684, 120.574
1458, 24.29167, 297.949, 47.8334, 309.658, -28.0239, 196.134, -149.294, 0.941237, -19.0684, 0.770112, -123.602, 0.778812, 120.573
1458, 24.30000, 298.199, 47.7843, 310.027, -28.0359, 196.262, -149.263, 0.941398, -19.1016, 0.77022, -123.607, 0.778939, 120.573
1459, 24.30833, 298.448, 47.7351, 310.397, -28.048, 196.391, -149.231, 0.941558, -19.135, 0.770327, -123.612, 0.779067, 120.572
1459, 24.31667, 298.698, 47.6858, 310.768, -28.0602, 196.52, -149.199, 0.941718, -19.1683, 0.770435, -123.618, 0.779195, 120.572
1460, 24.32500, 298.947, 47.6364, 311.139, -28.0724, 196.65, -149.168, 0.941878, -19.2017, 0.770543, -123.623, 0.779323, 120.571
1460, 24.33333, 299.197, 47.5869, 311.511, -28.0846, 196.779, -149.136, 0.942036, -19.2352, 0.770651, -123.628, 0.779452, 120.571
1461, 24.34167, 299.446, 47.5373, 311.884, -28.097, 196.91, -149.104, 0.942195, -19.2687, 0.770759, -123.634, 0.77958, 120.57
1461, 24.35000, 299.695, 47.4876, 312.256, -28.1094, 197.04, -149.072, 0.942352, -19.3023, 0.770868, -123.639, 0.779709, 120.57
1462, 24.35833, 299.945, 47.4379, 312.63, -28.1218, 197.171, -149.04, 0.942509, -19.3359, 0.770976, -123.644, 0.779838, 120.57
1462, 24.36667, 300.194, 47.388, 313.004, -28.1344, 197.302, -149.008, 0.942666, -19.3696, 0.771085, -123.65, 0.779968, 120.569
1463, 24.37500, 300.443, 47.3381, 313.379, -28.1469, 197.434, -148.975, 0.942822, -19.4033, 0.771194, -123.655, 0.780097, 120.569
1463, 24.38333, 300.693, 47.2881, 313.754, -28.1596, 197.566, -148.943, 0.942977, -19.4371, 0.771303, -123.66, 0.780227, 120.568
1464, 24.39167, 300.942, 47.2379, 314.13, -28.1723, 197.698, -148.911, 0.943132, -19.4709, 0.771412, -123.666, 0.780357, 120.568
1464, 24.40000, 301.191, 47.1877, 314.507, -28.1851, 197.831, -148.878, 0.943286, -19.5048, 0.771521, -123.671, 0.780487, 120.567
1465, 24.40833, 301.44, 47.1374, 314.884, -28.1979, 197.964, -148.846, 0.94344, -19.5387, 0.77163, -123.676, 0.780618, 120.567
1465, 24.41667, 301.689, 47.087, 315.262, -28.2108, 198.098, -148.813, 0.943592, -19.5727, 0.77174, -123.682, 0.780749, 120.566
1466, 24.42500, 301.938, 47.0365, 315.64, -28.2238, 198.232, -148.781, 0.943745, -19.6068, 0.77185, -123.687, 0.780879, 120.566
1466, 24.43333, 302.187, 46.9859, 316.019, -28.2368, 198.366, -148.748, 0.943896, -19.6409, 0.771959, -123.692, 0.781011, 120.565
1467, 24.44167, 302.436, 46.9352, 316.398, -28.2499, 198.501, -148.715, 0.944048, -19.675, 0.772069, -123.698, 0.781142, 120.565
1467, 24.45000, 302.685, 46.8844, 316.778, -28.2631, 198.636, -148.682, 0.944198, -19.7092, 0.77218, -123.703, 0.781274, 120.565
1468, 24.45833, 302.934, 46.8336, 317.159, -28.2763, 198.771, -148.649, 0.944348, -19.7434, 0.77229, -123.709, 0.781406, 120.564
1468, 24.46667, 303.183, 46.7826, 317.54, -28.2896, 198.907, -148.617, 0.944497, -19.7778, 0.7724, -123.714, 0.781538, 120.564
1469, 24.47500, 303.431, 46.7315, 317.922, -28.3029, 199.043, -148.583, 0.944645, -19.8121, 0.772511, -123.719, 0.78167, 120.563
1469, 24.48333, 303.68, 46.6804, 318.305, -28.3163, 199.18, -148.55, 0.944793, -19.8465, 0.772622, -123.725, 0.781803, 120.563
1470, 24.49167, 303.928, 46.6291, 318.688, -28.3298, 199.317, -148.517, 0.944941, -19.881, 0.772733, -123.73, 0.781935, 120.562
1470, 24.50000, 304.177, 46.5778, 319.072, -28.3434, 199.455, -148.484, 0.945087, -19.9155, 0.772844, -123.736, 0.782068, 120.562
1471, 24.50833, 304.425, 46.5264, 319.456, -28.357, 199.593, -148.451, 0.945233, -19.95, 0.772955, -123.741, 0.782202, 120.561
1471, 24.51667, 304.674, 46.4748, 319.841, -28.3707, 199.731, -148.417, 0.945378, -19.9846, 0.773066, -123.747, 0.782335, 120.561
1472, 24.52500, 304.922, 46.4232, 320.226, -28.3844, 199.87, -148.384, 0.945523, -20.0193, 0.773178, -123.752, 0.782469, 120.56
1472, 24.53333, 305.17, 46.3715, 320.612, -28.3982, 200.009, -148.35, 0.945667, -20.054, 0.773289, -123.758, 0.782603, 120.56
1473, 24.54167, 305.418, 46.3197, 320.999, -28.4121, 200.148, -148.317, 0.94581, -20.0888, 0.773401, -123.763, 0.782737, 120.56
1473, 24.55000, 305.666, 46.2678, 321.386, -28.426, 200.288, -148.283, 0.945953, -20.1236, 0.773513, -123.769, 0.782872, 120.559
1474, 24.55833, 305.914, 46.2158, 321.774, -28.44, 200.429, -148.25, 0.946095, -20.1585, 0.773625, -123.774, 0.783006, 120.559
1474, 24.56667, 306.162, 46.1637, 322.163, -28.4541, 200.57, -148.216, 0.946236, -20.1934, 0.773737, -123.78, 0.783141, 120.558
1475, 24.57500, 306.41, 46.1115, 322.552, -28.4683, 200.711, -148.182, 0.946376, -20.2283, 0.77385, -123.785, 0.783276, 120.558
1475, 24.58333, 306.657, 46.0592, 322.942, -28.4825, 200.853, -148.148, 0.946516, -20.2634, 0.773962, -123.791, 0.783412, 120.557
1476, 24.59167, 306.905, 46.0069, 323.332, -28.4968, 200.995, -148.114, 0.946655, -20.2984, 0.774075, -123.796, 0.783547, 120.557
1476, 24.60000, 307.152, 45.9544, 323.723, -28.5111, 201.138, -148.08, 0.946793, -20.3336, 0.774188, -123.802, 0.783683, 120.556
1477, 24.60833, 307.4, 45.9018, 324.114, -28.5255, 201.281, -148.046, 0.946931, -20.3687, 0.774301, -123.807, 0.783819, 120.556
1477, 24.61667, 307.647, 45.8492, 324.507, -28.54, 201.424, -148.012, 0.947068, -20.404, 0.774414, -123.813, 0.783956, 120.555
1478, 24.62500, 307.894, 45.7964, 324.899, -28.5546, 201.568, -147.978, 0.947204, -20.4393, 0.774528, -123.819, 0.784092, 120.555
1478, 24.63333, 308.141, 45.7436, 325.293, -28.5692, 201.713, -147.943, 0.94734, -20.4746, 0.774641, -123.824, 0.784229, 120.554
1479, 24.64167, 308.388, 45.6906, 325.687, -28.5839, 201.858, -147.909, 0.947475, -20.51, 0.774755, -123.83, 0.784366, 120.554
1479, 24.65000, 308.635, 45.6376, 326.081, -28.5986, 202.003, -147.875, 0.947609, -20.5454, 0.774868, -123.835, 0.784503, 120.554
1480, 24.65833, 308.882, 45.5845, 326.476, -28.6134, 202.149, -147.84, 0.947742, -20.5809, 0.774982, -123.841, 0.784641, 120.553
1480, 24.66667, 309.128, 45.5313, 326.872, -28.6283, 202.295, -147.806, 0.947875, -20.6164, 0.775096, -123.847, 0.784779, 120.553
1481, 24.67500, 309.375, 45.4779, 327.268, -28.6433, 202.442, -147.771, 0.948007, -20.652, 0.775211, -123.852, 0.784917, 120.552
1481, 24.68333, 309.621, 45.4245, 327.665, -28.6583, 202.589, -147.737, 0.948138, -20.6877, 0.775325, -123.858, 0.785055, 120.552
1482, 24.69167, 309.868, 45.371, 328.063, -28.6734, 202.737, -147.702, 0.948268, -20.7234, 0.77544, -123.864, 0.785194, 120.551
1482, 24.70000, 310.114, 45.3174, 328.461, -28.6886, 202.885, -147.667, 0.948397, -20.7591, 0.775554, -123.869, 0.785332, 120.551
1483, 24.70833, 310.36, 45.2637, 328.86, -28.7038, 203.033, -147.632, 0.948526, -20.7949, 0.775669, -123.875, 0.785471, 120.55
1483, 24.71667, 310.606, 45.2099, 329.26, -28.7191, 203.182, -147.597, 0.948654, -20.8307, 0.775784, -123.881, 0.785611, 120.55
1484, 24.72500, 310.851, 45.156, 329.66, -28.7345, 203.332, -147.562, 0.948781, -20.8666, 0.775899, -123.886, 0.78575, 120.549
1484, 24.73333, 311.097, 45.102, 330.06, -28.7499, 203.482, -147.527, 0.948908, -20.9026, 0.776015, -123.892, 0.78589, 120.549
1485, 24.74167, 311.343, 45.0479, 330.461, -28.7654, 203.633, -147.492, 0.949034, -20.9386, 0.77613, -123.898, 0.78603, 120.548
1485, 24.75000, 311.588, 44.9938, 330.863, -28.781, 203.784, -147.457, 0.949158, -20.9746, 0.776246, -123.904, 0.78617, 120.548
1486, 24.75833, 311.833, 44.9395, 331.266, -28.7967, 203.935, -147.422, 0.949283, -21.0107, 0.776361, -123.909, 0.786311, 120.547
1486, 24.76667, 312.078, 44.8851, 331.669, -28.8124, 204.087, -147.387, 0.949406, -21.0469, 0.776477, -123.915, 0.786451, 120.547
1487, 24.77500, 312.323, 44.8307, 332.073, -28.8282, 204.24, -147.351, 0.949528, -21.0831, 0.776593, -123.921, 0.786592, 120.547
1487, 24.78333, 312.568, 44.7761, 332.477, -28.8441, 204.393, -147.316, 0.94965, -21.1193, 0.776709, -123.927, 0.786734, 120.546
1488, 24.79167, 312.813, 44.7215, 332.882, -28.86, 204.546, -147.281, 0.949771, -21.1556, 0.776826, -123.932, 0.786875, 120.546
1488, 24.80000, 313.057, 44.6667, 333.287, -28.876, 204.7, -147.245, 0.949891, -21.192, 0.776942, -123.938, 0.787017, 120.545
1489, 24.80833, 313.302, 44.6119, 333.693, -28.8921, 204.855, -147.21, 0.95001, -21.2283, 0.777059, -123.944, 0.787159, 120.545
1489, 24.81667, 313.546, 44.5569, 334.1, -28.9083, 205.01, -147.174, 0.950128, -21.2648, 0.777176, -123.95, 0.787301, 120.544
1490, 24.82500, 313.79, 44.5019, 334.507, -28.9245, 205.166, -147.138, 0.950246, -21.3013, 0.777293, -123.955, 0.787444, 120.544
1490, 24.83333, 314.034, 44.4468, 334.915, -28.9408, 205.322, -147.103, 0.950363, -21.3379, 0.77741, -123.961, 0.787586, 120.543
1491, 24.84167, 314.278, 44.3915, 335.324, -28.9572, 205.479, -147.067, 0.950478, -21.3745, 0.777527, -123.967, 0.787729, 120.543
1491, 24.85000, 314.521, 44.3362, 335.733, -28.9736, 205.636, -147.031, 0.950594, -21.4111, 0.777644, -123.973, 0.787872, 120.542
1492, 24.85833, 314.765, 44.2808, 336.143, -28.9901, 205.793, -146.995, 0.950708, -21.4478, 0.777762, -123.979, 0.788016, 120.542
1492, 24.86667, 315.008, 44.2253, 336.553, -29.0067, 205.952, -146.959, 0.950821, -21.4846, 0.77788, -123.985, 0.78816, 120.541
1493, 24.87500, 315.251, 44.1697, 336.964, -29.0234, 206.11, -146.923, 0.950933, -21.5214, 0.777998, -123.99, 0.788304, 120.541
1493, 24.88333, 315.494, 44.114, 337.376, -29.0401, 206.27, -146.887, 0.951045, -21.5582, 0.778116, -123.996, 0.788448, 120.54
1494, 24.89167, 315.736, 44.0581, 337.788, -29.0569, 206.43, -146.851, 0.951156, -21.5951, 0.778234, -124.002, 0.788593, 120.54
1494, 24.90000, 315.979, 44.0022, 338.201, -29.0738, 206.59, -146.815, 0.951265, -21.6321, 0.778352, -124.008, 0.788737, 120.539
1495, 24.90833, 316.221, 43.9463, 338.615, -29.0907, 206.751, -146.779, 0.951374, -21.669, 0.778471, -124.014, 0.788882, 120.539
1495, 24.91667, 316.464, 43.8902, 339.029, -29.1077, 206.913, -146.742, 0.951482, -21.7061, 0.778589, -124.02, 0.789028, 120.538
1496, 24.92500, 316.705, 43.834, 339.444, -29.1248, 207.075, -146.706, 0.95159, -21.7432, 0.778708, -124.026, 0.789173, 120.538
1496, 24.93333, 316.947, 43.7777, 339.859, -29.142, 207.237, -146.67, 0.951696, -21.7803, 0.778827, -124.032, 0.789319, 120.537
1497, 24.94167, 317.189, 43.7213, 340.275, -29.1592, 207.4, -146.633, 0.951801, -21.8175, 0.778946, -124.038, 0.789465, 120.537
1497, 24.95000, 317.43, 43.6648, 340.691, -29.1766, 207.564, -146.597, 0.951906, -21.8548, 0.779065, -124.044, 0.789611, 120.537
1498, 24.95833, 317.671, 43.6083, 341.108, -29.194, 207.729, -146.56, 0.952009, -21.8921, 0.779185, -124.05, 0.789758, 120.536
1498, 24.96667, 317.912, 43.5516, 341.526, -29.2114, 207.893, -146.524, 0.952112, -21.9294, 0.779304, -124.056, 0.789905, 120.536
1499, 24.97500, 318.153, 43.4948, 341.945, -29.229, 208.059, -146.487, 0.952213, -21.9668, 0.779424, -124.062, 0.790052, 120.535
1499, 24.98333, 318.394, 43.438, 342.364, -29.2466, 208.225, -146.45, 0.952314, -22.0042, 0.779544, -124.068, 0.790199, 120.535
1500, 24.99167, 318.634, 43.381, 342.783, -29.2643, 208.392, -146.414, 0.952414, -22.0417, 0.779664, -124.074, 0.790347, 120.534
1500, 25.00000, 318.874, 43.324, 343.204, -29.282, 208.559, -146.377, 0.952513, -22.0793, 0.779784, -124.08, 0.790495, 120.534
1501, 25.00833, 319.114, 43.2668, 343.624, -29.2999, 208.727, -146.34, 0.952611, -22.1168, 0.779904, -124.086, 0.790643, 120.533
1501, 25.01667, 319.354, 43.2096, 344.046, -29.3178, 208.895, -146.303, 0.952708, -22.1545, 0.780025, -124.092, 0.790791, 120.533
1502, 25.02500, 319.593, 43.1522, 344.468, -29.3358, 209.064, -146.266, 0.952804, -22.1922, 0.780146, -124.098, 0.79094, 120.532
1502, 25.03333, 319.833, 43.0948, 344.891, -29.3538, 209.233, -146.229, 0.952899, -22.2299, 0.780266, -124.104, 0.791089, 120.532
1503, 25.04167, 320.072, 43.0373, 345.314, -29.372, 209.404, -146.192, 0.952993, -22.2677, 0.780387, -124.11, 0.791238, 120.531
1503, 25.05000, 320.311, 42.9796, 345.738, -29.3902, 209.574, -146.155, 0.953086, -22.3055, 0.780508, -124.116, 0.791387, 120.531
1504, 25.05833, 320.549, 42.9219, 346.162, -29.4085, 209.746, -146.118, 0.953178, -22.3434, 0.78063, -124.122, 0.791537, 120.53
1504, 25.06667, 320.788, 42.8641, 346.587, -29.4268, 209.918, -146.081, 0.953269, -22.3813, 0.780751, -124.128, 0.791687, 120.53
1505, 25.07500, 321.026, 42.8062, 347.013, -29.4453, 210.09, -146.043, 0.953359, -22.4193, 0.780872, -124.134, 0.791837, 120.529
1505, 25.08333, 321.264, 42.7482, 347.44, -29.4638, 210.264, -146.006, 0.953449, -22.4573, 0.780994, -124.14, 0.791988, 120.529
1506, 25.09167, 321.501, 42.69, 347.867, -29.4824, 210.437, -145.969, 0.953537, -22.4953, 0.781116, -124.146, 0.792138, 120.528
1506, 25.10000, 321.739, 42.6318, 348.294, -29.5011, 210.612, -145.932, 0.953624, -22.5334, 0.781238, -124.152, 0.792289, 120.528
1507, 25.10833, 321.976, 42.5735, 348.722, -29.5198, 210.787, -145.894, 0.95371, -22.5716, 0.78136, -124.158, 0.792441, 120.527
1507, 25.11667, 322.213, 42.5151, 349.151, -29.5386, 210.963, -145.857, 0.953795, -22.6098, 0.781483, -124.165, 0.792592, 120.527
1508, 25.12500, 322.449, 42.4566, 349.581, -29.5575, 211.139, -145.819, 0.95388, -22.6481, 0.781605, -124.171, 0.792744, 120.526
1508, 25.13333, 322.686, 42.3981, 350.011, -29.5765, 211.316, -145.782, 0.953963, -22.6864, 0.781728, -124.177, 0.792896, 120.526
1509, 25.14167, 322.922, 42.3394, 350.441, -29.5956, 211.493, -145.744, 0.954045, -22.7247, 0.78185, -124.183, 0.793049, 120.525
1509, 25.15000, 323.158, 42.2806, 350.872, -29.6147, 211.672, -145.706, 0.954126, -22.7631, 0.781973, -124.189, 0.793201, 120.525
1510, 25.15833, 323.393, 42.2217, 351.304, -29.6339, 211.851, -145.669, 0.954206, -22.8015, 0.782096, -124.195, 0.793354, 120.524
1510, 25.16667, 323.629, 42.1627, 351.737, -29.6532, 212.03, -145.631, 0.954285, -22.84, 0.78222, -124.202, 0.793507, 120.524
1511, 25.17500, 323.864, 42.1037, 352.17, -29.6726, 212.21, -145.593, 0.954363, -22.8785, 0.782343, -124.208, 0.793661, 120.523
1511, 25.18333, 324.099, 42.0445, 352.604, -29.692, 212.391, -145.556, 0.95444, -22.9171, 0.782467, -124.214, 0.793815, 120.523
1512, 25.19167, 324.333, 41.9852, 353.038, -29.7115, 212.573, -145.518, 0.954516, -22.9557, 0.78259, -124.22, 0.793969, 120.522
1512, 25.20000, 324.567, 41.9259, 353.473, -29.7311, 212.755, -145.48, 0.954591, -22.9944, 0.782714, -124.226, 0.794123, 120.521
1513, 25.20833, 324.801, 41.8664, 353.908, -29.7508, 212.938, -145.442, 0.954664, -23.0331, 0.782838, -124.233, 0.794277, 120.521
1513, 25.21667, 325.035, 41.8069, 354.344, -29.7705, 213.121, -145.404, 0.954737, -23.0719, 0.782962, -124.239, 0.794432, 120.52
1514, 25.22500, 325.268, 41.7472, 354.781, -29.7904, 213.305, -145.366, 0.954808, -23.1107, 0.783087, -124.245, 0.794587, 120.52
1514, 25.23333, 325.501, 41.6875, 355.219, -29.8103, 213.49, -145.328, 0.954879, -23.1495, 0.783211, -124.251, 0.794743, 120.519
1515, 25.24167, 325.734, 41.6276, 355.657, -29.8303, 213.676, -145.29, 0.954948, -23.1884, 0.783336, -124.258, 0.794899, 120.519
1515, 25.25000, 325.967, 41.5677, 356.095, -29.8503, 213.862, -145.252, 0.955017, -23.2274, 0.783461, -124.264, 0.795054, 120.518
1516, 25.25833, 326.199, 41.5077, 356.534, -29.8705, 214.049, -145.214, 0.955084, -23.2663, 0.783585, -124.27, 0.795211, 120.518
1516, 25.26667, 326.431, 41.4475, 356.974, -29.8907, 214.236, -145.176, 0.95515, -23.3054, 0.783711, -124.277, 0.795367, 120.517
1517, 25.27500, 326.662, 41.3873, 357.414, -29.911, 214.424, -145.138, 0.955215, -23.3444, 0.783836, -124.283, 0.795524, 120.517
1517, 25.28333, 326.893, 41.327, 357.855, -29.9314, 214.613, -145.099, 0.955279, -23.3835, 0.783961, -124.289, 0.795681, 120.516
1518, 25.29167, 327.124, 41.2666, 358.297, -29.9519, 214.803, -145.061, 0.955342, -23.4227, 0.784087, -124.296, 0.795838, 120.516
1518, 25.30000, 327.355, 41.2061, 358.739, -29.9724, 214.993, -145.023, 0.955403, -23.4619, 0.784213, -124.302, 0.795996, 120.515
1519, 25.30833, 327.585, 41.1455, 359.182, -29.993, 215.184, -144.984, 0.955464, -23.5012, 0.784338, -124.308, 0.796154, 120.515
1519, 25.31667, 327.815, 41.0848, 359.626, -30.0137, 215.376, -144.946, 0.955523, -23.5405, 0.784464, -124.315, 0.796312, 120.514
1520, 25.32500, 328.045, 41.024, 360.07, -30.0345, 215.569, -144.908, 0.955581, -23.5798, 0.784591, -124.321, 0.79647, 120.514
1520, 25.33333, 328.274, 40.9631, 360.514, -30.0554, 215.762, -144.869, 0.955638, -23.6192, 0.784717, -124.328, 0.796629, 120.513
1521, 25.34167, 328.503, 40.9021, 360.959, -30.0763, 215.956, -144.831, 0.955694, -23.6586, 0.784843, -124.334, 0.796788, 120.513
1521, 25.35000, 328.732, 40.841, 361.405, -30.0973, 216.15, -144.792, 0.955749, -23.698, 0.78497, -124.34, 0.796947, 120.512
1522, 25.35833, 328.96, 40.7798, 361.852, -30.1184, 216.346, -144.754, 0.955803, -23.7376, 0.785097, -124.347, 0.797107, 120.511
1522, 25.36667, 329.188, 40.7185, 362.299, -30.1396, 216.542, -144.715, 0.955855, -23.7771, 0.785224, -124.353, 0.797267, 120.511
1523, 25.37500, 329.416, 40.6572, 362.746, -30.1609, 216.739, -144.677, 0.955906, -23.8167, 0.785351, -124.36, 0.797427, 120.51
1523, 25.38333, 329.643, 40.5957, 363.195, -30.1822, 216.936, -144.638, 0.955956, -23.8563, 0.785478, -124.366, 0.797587, 120.51
1524, 25.39167, 329.87, 40.5342, 363.644, -30.2036, 217.134, -144.6, 0.956005, -23.896, 0.785606, -124.373, 0.797748, 120.509
1524, 25.40000, 330.097, 40.4725, 364.093, -30.2251, 217.333, -144.561, 0.956053, -23.9357, 0.785733, -124.379, 0.797909, 120.509
1525, 25.40833, 330.323, 40.4108, 364.543, -30.2467, 217.533, -144.522, 0.956099, -23.9755, 0.785861, -124.385, 0.79807, 120.508
1525, 25.41667, 330.549, 40.3489, 364.994, -30.2684, 217.734, -144.484, 0.956145, -24.0153, 0.785989, -124.392, 0.798232, 120.508
1526, 25.42500, 330.774, 40.287, 365.445, -30.2901, 217.935, -144.445, 0.956189, -24.0551, 0.786117, -124.398, 0.798394, 120.507
1526, 25.43333, 330.999, 40.2249, 365.897, -30.312, 218.137, -144.406, 0.956232, -24.095, 0.786245, -124.405, 0.798556, 120.506
1527, 25.44167, 331.224, 40.1628, 366.349, -30.3339, 218.34, -144.367, 0.956273, -24.1349, 0.786374, -124.411, 0.798718, 120.506
1527, 25.45000, 331.448, 40.1006, 366.802, -30.3559, 218.543, -144.329, 0.956314, -24.1749, 0.786502, -124.418, 0.798881, 120.505
1528, 25.45833, 331.672, 40.0383, 367.256, -30.3779, 218.747, -144.29, 0.956353, -24.2149, 0.786631, -124.425, 0.799044, 120.505
1528, 25.46667, 331.896, 39.9759, 367.71, -30.4001, 218.953, -144.251, 0.956391, -24.255, 0.78676, -124.431, 0.799207, 120.504
1529, 25.47500, 332.119, 39.9134, 368.165, -30.4223, 219.158, -144.212, 0.956428, -24.2951, 0.786889, -124.438, 0.799371, 120.504
1529, 25.48333, 332.342, 39.8508, 368.62, -30.4446, 219.365, -144.173, 0.956463, -24.3352, 0.787018, -124.444, 0.799535, 120.503
1530, 25.49167, 332.565, 39.7881, 369.077, -30.467, 219.572, -144.134, 0.956497, -24.3753, 0.787147, -124.451, 0.799699, 120.502
1530, 25.50000, 332.787, 39.7253, 369.533, -30.4895, 219.781, -144.096, 0.956531, -24.4156, 0.787277, -124.457, 0.799864, 120.502
1531, 25.50833, 333.008, 39.6624, 369.99, -30.5121, 219.989, -144.057, 0.956562, -24.4558, 0.787406, -124.464, 0.800028, 120.501
1531, 25.51667, 333.23, 39.5994, 370.448, -30.5347, 220.199, -144.018, 0.956593, -24.4961, 0.787536, -124.471, 0.800193, 120.501
1532, 25.52500, 333.45, 39.5363, 370.907, -30.5575, 220.41, -143.979, 0.956622, -24.5364, 0.787666, -124.477, 0.800359, 120.5
1532, 25.53333, 333.671, 39.4732, 371.366, -30.5803, 220.621, -143.94, 0.95665, -24.5768, 0.787796, -124.484, 0.800524, 120.5
1533, 25.54167, 333.891, 39.4099, 371.825, -30.6032, 220.833, -143.901, 0.956677, -24.6172, 0.787926, -124.491, 0.80069, 120.499
1533, 25.55000, 334.111, 39.3466, 372.285, -30.6261, 221.046, -143.862, 0.956702, -24.6576, 0.788057, -124.497, 0.800857, 120.498
1534, 25.55833, 334.33, 39.2831, 372.746, -30.6492, 221.26, -143.823, 0.956726, -24.6981, 0.788187, -124.504, 0.801023, 120.498
1534, 25.56667, 334.549, 39.2196, 373.207, -30.6723, 221.475, -143.784, 0.956749, -24.7386, 0.788318, -124.51, 0.80119, 120.497
1535, 25.57500, 334.767, 39.1559, 373.669, -30.6955, 221.69, -143.745, 0.95677, -24.7792, 0.788449, -124.517, 0.801357, 120.497
1535, 25.58333, 334.985, 39.0922, 374.132, -30.7188, 221.906, -143.706, 0.956791, -24.8198, 0.78858, -124.524, 0.801524, 120.496
1536, 25.59167, 335.202, 39.0284, 374.595, -30.7422, 222.123, -143.667, 0.956809, -24.8604, 0.788711, -124.531, 0.801692, 120.495
1536, 25.60000, 335.419, 38.9645, 375.059, -30.7657, 222.341, -143.628, 0.956827, -24.9011, 0.788842, -124.537, 0.80186, 120.495
1537, 25.60833, 335.636, 38.9005, 375.523, -30.7893, 222.56, -143.589, 0.956843, -24.9418, 0.788974, -124.544, 0.802028, 120.494
1537, 25.61667, 335.852, 38.8364, 375.988, -30.8129, 222.779, -143.55, 0.956858, -24.9825, 0.789105, -124.551, 0.802197, 120.494
1538, 25.62500, 336.068, 38.7722, 376.453, -30.8366, 222.999, -143.51, 0.956872, -25.0233, 0.789237, -124.557, 0.802366, 120.493
1538, 25.63333, 336.283, 38.7079, 376.919, -30.8604, 223.22, -143.471, 0.956884, -25.0641, 0.789369, -124.564, 0.802535, 120.492
1539, 25.64167, 336.498, 38.6435, 377.386, -30.8843, 223.442, -143.432, 0.956895, -25.1049, 0.789501, -124.571, 0.802705, 120.492
1539, 25.65000, 336.712, 38.5791, 377.853, -30.9083, 223.665, -143.393, 0.956904, -25.1458, 0.789634, -124.578, 0.802875, 120.491
1540, 25.65833, 336.926, 38.5145, 378.321, -30.9323, 223.889, -143.354, 0.956913, -25.1867, 0.789766, -124.585, 0.803045, 120.491
1540, 25.66667, 337.14, 38.4499, 378.789, -30.9565, 224.114, -143.315, 0.956919, -25.2277, 0.789899, -124.591, 0.803215, 120.49
1541, 25.67500, 337.353, 38.3851, 379.258, -30.9807, 224.339, -143.276, 0.956925, -25.2687, 0.790031, -124.598, 0.803386, 120.489
1541, 25.68333, 337.565, 38.3203, 379.728, -31.005, 224.565, -143.237, 0.956929, -25.3097, 0.790164, -124.605, 0.803557, 120.489
1542, 25.69167, 337.777, 38.2554, 380.198, -31.0294, 224.792, -143.198, 0.956932, -25.3508, 0.790298, -124.612, 0.803728, 120.488
1542, 25.70000, 337.989, 38.1903, 380.668, -31.0538, 225.02, -143.158, 0.956933, -25.3919, 0.790431, -124.619, 0.8039, 120.487
1543, 25.70833, 338.2, 38.1252, 381.14, -31.0784, 225.249, -143.119, 0.956933, -25.433, 0.790564, -124.625, 0.804072, 120.487
1543, 25.71667, 338.41, 38.06, 381.611, -31.103, 225.479, -143.08, 0.956932, -25.4741, 0.790698, -124.632, 0.804244, 120.486
1544, 25.72500, 338.62, 37.9947, 382.084, -31.1278, 225.709, -143.041, 0.956929, -25.5153, 0.790832, -124.639, 0.804417, 120.486
1544, 25.73333, 338.83, 37.9294, 382.557, -31.1526, 225.941, -143.002, 0.956925, -25.5566, 0.790965, -124.646, 0.804589, 120.485
1545, 25.74167, 339.039, 37.8639, 383.03, -31.1775, 226.173, -142.963, 0.956919, -25.5978, 0.791099, -124.653, 0.804763, 120.484
1545, 25.75000, 339.248, 37.7983, 383.504, -31.2024, 226.406, -142.924, 0.956912, -25.6391, 0.791234, -124.66, 0.804936, 120.484
1546, 25.75833, 339.456, 37.7327, 383.979, -31.2275, 226.64, -142.885, 0.956904, -25.6804, 0.791368, -124.667, 0.80511, 120.483
1546, 25.76667, 339.664, 37.6669, 384.454, -31.2526, 226.876, -142.846, 0.956894, -25.7218, 0.791503, -124.674, 0.805284, 120.482
1547, 25.77500, 339.871, 37.6011, 384.93, -31.2779, 227.111, -142.807, 0.956883, -25.7632, 0.791637, -124.681, 0.805458, 120.482
1547, 25.78333, 340.077, 37.5351, 385.406, -31.3032, 227.348, -142.767, 0.95687, -25.8046, 0.791772, -124.688, 0.805633, 120.481
1548, 25.79167, 340.283, 37.4691, 385.883, -31.3286, 227.586, -142.728, 0.956856, -25.846, 0.791907, -124.695, 0.805808, 120.48
1548, 25.80000, 340.489, 37.403, 386.361, -31.354, 227.824, -142.689, 0.95684, -25.8875, 0.792042, -124.701, 0.805983, 120.48
1549, 25.80833, 340.694, 37.3368, 386.839, -31.3796, 228.064, -142.65, 0.956823, -25.929, 0.792178, -124.708, 0.806159, 120.479
1549, 25.81667, 340.898, 37.2705, 387.317, -31.4053, 228.304, -142.611, 0.956805, -25.9706, 0.792313, -124.715, 0.806335, 120.478
1550, 25.82500, 341.102, 37.2041, 387.796, -31.431, 228.546, -142.572, 0.956785, -26.0122, 0.792449, -124.722, 0.806511, 120.478
1550, 25.83333, 341.306, 37.1377, 388.276, -31.4568, 228.788, -142.533, 0.956764, -26.0538, 0.792584, -124.729, 0.806688, 120.477
1551, 25.84167, 341.509, 37.0711, 388.756, -31.4827, 229.031, -142.494, 0.956741, -26.0954, 0.79272, -124.736, 0.806865, 120.476
1551, 25.85000, 341.711, 37.0045, 389.237, -31.5087, 229.275, -142.455, 0.956716, -26.1371, 0.792857, -124.743, 0.807042, 120.476
1552, 25.85833, 341.913, 36.9377, 389.719, -31.5348, 229.52, -142.416, 0.956691, -26.1787, 0.792993, -124.75, 0.80722, 120.475
1552, 25.86667, 342.114, 36.8709, 390.201, -31.5609, 229.766, -142.377, 0.956663, -26.2205, 0.793129, -124.758, 0.807397, 120.474
1553, 25.87500, 342.315, 36.804, 390.683, -31.5872, 230.013, -142.338, 0.956635, -26.2622, 0.793266, -124.765, 0.807576, 120.474
1553, 25.88333, 342.515, 36.737, 391.166, -31.6135, 230.261, -142.299, 0.956604, -26.304, 0.793403, -124.772, 0.807754, 120.473
1554, 25.89167, 342.714, 36.6699, 391.65, -31.6399, 230.51, -142.26, 0.956573, -26.3458, 0.79354, -124.779, 0.807933, 120.472
1554, 25.90000, 342.913, 36.6028, 392.134, -31.6664, 230.759, -142.221, 0.95654, -26.3876, 0.793677, -124.786, 0.808112, 120.472
1555, 25.90833, 343.112, 36.5355, 392.618, -31.693, 231.01, -142.183, 0.956505, -26.4295, 0.793814, -124.793, 0.808291, 120.471
1555, 25.91667, 343.31, 36.4681, 393.104, -31.7197, 231.262, -142.144, 0.956469, -26.4714, 0.793951, -124.8, 0.808471, 120.47
1556, 25.92500, 343.507, 36.4007, 393.589, -31.7464, 231.514, -142.105, 0.956431, -26.5133, 0.794089, -124.807, 0.808651, 120.469
1556, 25.93333, 343.704, 36.3332, 394.076, -31.7733, 231.768, -142.066, 0.956392, -26.5552, 0.794227, -124.814, 0.808832, 120.469
1557, 25.94167, 343.9, 36.2656, 394.563, -31.8002, 232.022, -142.027, 0.956351, -26.5972, 0.794365, -124.821, 0.809012, 120.468
1557, 25.95000, 344.095, 36.1979, 395.05, -31.8272, 232.278, -141.988, 0.956309, -26.6391, 0.794503, -124.829, 0.809193, 120.467
1558, 25.95833, 344.29, 36.1301, 395.538, -31.8543, 232.534, -141.95, 0.956265, -26.6812, 0.794641, -124.836, 0.809375, 120.467
1558, 25.96667, 344.484, 36.0622, 396.026, -31.8815, 232.791, -141.911, 0.956219, -26.7232, 0.794779, -124.843, 0.809556, 120.466
1559, 25.97500, 344.678, 35.9943, 396.515, -31.9087, 233.05, -141.872, 0.956172, -26.7653, 0.794918, -124.85, 0.809738, 120.465
1559, 25.98333, 344.871, 35.9262, 397.005, -31.9361, 233.309, -141.834, 0.956124, -26.8073, 0.795057, -124.857, 0.809921, 120.464
1560, 25.99167, 345.064, 35.8581, 397.495, -31.9635, 233.569, -141.795, 0.956074, -26.8495, 0.795196, -124.864, 0.810103, 120.464
1560, 26.00000, 345.256, 35.7899, 397.986, -31.991, 233.831, -141.756, 0.956023, -26.8916, 0.795335, -124.872, 0.810286, 120.463
1561, 26.00833, 345.447, 35.7216, 398.477, -32.0187, 234.093, -141.718, 0.955969, -26.9337, 0.795474, -124.879, 0.81047, 120.462
1561, 26.01667, 345.638, 35.6532, 398.968, -32.0463, 234.356, -141.679, 0.955915, -26.9759, 0.795613, -124.886, 0.810653, 120.462
1562, 26.02500, 345.828, 35.5847, 399.461, -32.0741, 234.62, -141.641, 0.955858, -27.0181, 0.795753, -124.893, 0.810837, 120.461
1562, 26.03333, 346.017, 35.5162, 399.953, -32.102, 234.886, -141.602, 0.955801, -27.0604, 0.795892, -124.901, 0.811022, 120.46
1563, 26.04167, 346.206, 35.4475, 400.447, -32.1299, 235.152, -141.564, 0.955741, -27.1026, 0.796032, -124.908, 0.811206, 120.459
1563, 26.05000, 346.394, 35.3788, 400.94, -32.158, 235.419, -141.525, 0.95568, -27.1449, 0.796172, -124.915, 0.811391, 120.459
1564, 26.05833, 346.582, 35.31, 401.435, -32.1861, 235.687, -141.487, 0.955618, -27.1872, 0.796312, -124.922, 0.811576, 120.458
1564, 26.06667, 346.769, 35.2411, 401.93, -32.2143, 235.957, -141.449, 0.955554, -27.2295, 0.796453, -124.93, 0.811762, 120.457
1565, 26.07500, 346.955, 35.1721, 402.425, -32.2426, 236.227, -141.41, 0.955488, -27.2718, 0.796593, -124.937, 0.811948, 120.456
1565, 26.08333, 347.141, 35.1031, 402.921, -32.2709, 236.498, -141.372, 0.95542, -27.3141, 0.796734, -124.944, 0.812134, 120.456
1566, 26.09167, 347.326, 35.0339, 403.417, -32.2994, 236.77, -141.334, 0.955352, -27.3565, 0.796875, -124.952, 0.812321, 120.455
1566, 26.10000, 347.51, 34.9647, 403.914, -32.3279, 237.044, -141.296, 0.955281, -27.3989, 0.797016, -124.959, 0.812508, 120.454
1567, 26.10833, 347.694, 34.8954, 404.411, -32.3566, 237.318, -141.257, 0.955209, -27.4413, 0.797157, -124.966, 0.812695, 120.453
1567, 26.11667, 347.877, 34.826, 404.909, -32.3853, 237.593, -141.219, 0.955135, -27.4837, 0.797298, -124.974, 0.812882, 120.452
1568, 26.12500, 348.059, 34.7565, 405.408, -32.4141, 237.87, -141.181, 0.95506, -27.5262, 0.79744, -124.981, 0.81307, 120.452
1568, 26.13333, 348.241, 34.687, 405.907, -32.443, 238.147, -141.143, 0.954983, -27.5686, 0.797582, -124.988, 0.813259, 120.451
1569, 26.14167, 348.422, 34.6173, 406.406, -32.4719, 238.426, -141.105, 0.954904, -27.6111, 0.797723, -124.996, 0.813447, 120.45
1569, 26.15000, 348.602, 34.5476, 406.906, -32.501, 238.705, -141.067, 0.954824, -27.6536, 0.797866, -125.003, 0.813636, 120.449
1570, 26.15833, 348.781, 34.4778, 407.407, -32.5301, 238.985, -141.029, 0.954742, -27.6961, 0.798008, -125.011, 0.813825, 120.449
1570, 26.16667, 348.96, 34.4079, 407.908, -32.5594, 239.267, -140.991, 0.954658, -27.7386, 0.79815, -125.018, 0.814015, 120.448
1571, 26.17500, 349.139, 34.338, 408.409, -32.5887, 239.55, -140.954, 0.954573, -27.7812, 0.798293, -125.026, 0.814205, 120.447
1571, 26.18333, 349.316, 34.2679, 408.911, -32.6181, 239.833, -140.916, 0.954486, -27.8237, 0.798435, -125.033, 0.814395, 120.446
1572, 26.19167, 349.493, 34.1978, 409.414, -32.6475, 240.118, -140.878, 0.954398, -27.8663, 0.798578, -125.04, 0.814586, 120.445
1572, 26.20000, 349.669, 34.1276, 409.916, -32.6771, 240.404, -140.84, 0.954307, -27.9089, 0.798721, -125.048, 0.814777, 120.444
1573, 26.20833, 349.845, 34.0573, 410.42, -32.7068, 240.69, -140.803, 0.954216, -27.9515, 0.798864, -125.055, 0.814968, 120.444
1573, 26.21667, 350.019, 33.9869, 410.924, -32.7365, 240.978, -140.765, 0.954122, -27.9941, 0.799008, -125.063, 0.815159, 120.443
1574, 26.22500, 350.193, 33.9165, 411.428, -32.7663, 241.267, -140.728, 0.954027, -28.0368, 0.799151, -125.07, 0.815351, 120.442
1574, 26.23333, 350.367, 33.846, 411.933, -32.7962, 241.557, -140.69, 0.95393, -28.0794, 0.799295, -125.078, 0.815544, 120.441
1575, 26.24167, 350.539, 33.7754, 412.439, -32.8262, 241.848, -140.653, 0.953831, -28.1221, 0.799439, -125.085, 0.815736, 120.44
1575, 26.25000, 350.711, 33.7047, 412.945, -32.8563, 242.14, -140.616, 0.953731, -28.1647, 0.799583, -125.093, 0.815929, 120.439
1576, 26.25833, 350.882, 33.634, 413.451, -32.8865, 242.434, -140.578, 0.953629, -28.2074, 0.799727, -125.1, 0.816123, 120.439
1576, 26.26667, 351.053, 33.5631, 413.958, -32.9167, 242.728, -140.541, 0.953526, -28.2501, 0.799871, -125.108, 0.816316, 120.438
1577, 26.27500, 351.222, 33.4922, 414.465, -32.947, 243.023, -140.504, 0.953421, -28.2928, 0.800016, -125.116, 0.81651, 120.437
1577, 26.28333, 351.391, 33.4212, 414.973, -32.9774, 243.32, -140.467, 0.953314, -28.3355, 0.800161, -125.123, 0.816705, 120.436
1578, 26.29167, 351.56, 33.3502, 415.481, -33.0079, 243.617, -140.43, 0.953205, -28.3782, 0.800305, -125.131, 0.816899, 120.435
1578, 26.30000, 351.727, 33.279, 415.99, -33.0385, 243.916, -140.393, 0.953095, -28.421, 0.800451, -125.138, 0.817094, 120.434
1579, 26.30833, 351.894, 33.2078, 416.499, -33.0692, 244.215, -140.356, 0.952983, -28.4637, 0.800596, -125.146, 0.81729, 120.433
1579, 26.31667, 352.06, 33.1365, 417.009, -33.1, 244.516, -140.319, 0.952869, -28.5065, 0.800741, -125.153, 0.817485, 120.433
1580, 26.32500, 352.225, 33.0651, 417.519, -33.1308, 244.818, -140.282, 0.952753, -28.5492, 0.800887, -125.161, 0.817681, 120.432
1580, 26.33333, 352.389, 32.9937, 418.03, -33.1617, 245.121, -140.245, 0.952636, -28.592, 0.801032, -125.169, 0.817878, 120.431
1581, 26.34167, 352.553, 32.9222, 418.541, -33.1927, 245.425, -140.209, 0.952517, -28.6347, 0.801178, -125.176, 0.818075, 120.43
1581, 26.35000, 352.716, 32.8506, 419.053, -33.2238, 245.73, -140.172, 0.952396, -28.6775, 0.801324, -125.184, 0.818272, 120.429
1582, 26.35833, 352.878, 32.7789, 419.565, -33.255, 246.036, -140.135, 0.952274, -28.7203, 0.801471, -125.192, 0.818469, 120.428
1582, 26.36667, 353.039, 32.7072, 420.077, -33.2863, 246.344, -140.099, 0.95215, -28.7631, 0.801617, -125.199, 0.818667, 120.427
1583, 26.37500, 353.2, 32.6354, 420.59, -33.3176, 246.652, -140.063, 0.952024, -28.8059, 0.801764, -125.207, 0.818865, 120.426
1583, 26.38333, 353.359, 32.5635, 421.104, -33.349, 246.962, -140.026, 0.951897, -28.8487, 0.80191, -125.215, 0.819063, 120.425
1584, 26.39167, 353.518, 32.4915, 421.618, -33.3805, 247.273, -139.99, 0.951767, -28.8915, 0.802057, -125.222, 0.819262, 120.425
1584, 26.40000, 353.677, 32.4195, 422.132, -33.4121, 247.584, -139.954, 0.951636, -28.9343, 0.802204, -125.23, 0.819462, 120.424
1585, 26.40833, 353.834, 32.3474, 422.647, -33.4438, 247.897, -139.918, 0.951503, -28.9771, 0.802352, -125.238, 0.819661, 120.423
1585, 26.41667, 353.991, 32.2752, 423.162, -33.4756, 248.211, -139.882, 0.951369, -29.02, 0.802499, -125.246, 0.819861, 120.422
1586, 26.42500, 354.146, 32.2029, 423.678, -33.5074, 248.527, -139.846, 0.951232, -29.0628, 0.802647, -125.253, 0.820061, 120.421
1586, 26.43333, 354.301, 32.1306, 424.194, -33.5394, 248.843, -139.81, 0.951094, -29.1056, 0.802795, -125.261, 0.820262, 120.42
1587, 26.44167, 354.456, 32.0582, 424.71, -33.5714, 249.16, -139.774, 0.950954, -29.1484, 0.802943, -125.269, 0.820463, 120.419
1587, 26.45000, 354.609, 31.9857, 425.227, -33.6035, 249.479, -139.738, 0.950813, -29.1913, 0.803091, -125.277, 0.820664, 120.418
1588, 26.45833, 354.761, 31.9132, 425.745, -33.6357, 249.799, -139.702, 0.95067, -29.2341, 0.803239, -125.285, 0.820866, 120.417
1588, 26.46667, 354.913, 31.8406, 426.263, -33.6679, 250.119, -139.667, 0.950524, -29.2769, 0.803388, -125.292, 0.821068, 120.416
1589, 26.47500, 355.064, 31.7679, 426.781, -33.7003, 250.441, -139.631, 0.950378, -29.3198, 0.803536, -125.3, 0.82127, 120.415
1589, 26.48333, 355.214, 31.6952, 427.3, -33.7327, 250.764, -139.596, 0.950229, -29.3626, 0.803685, -125.308, 0.821473, 120.414
1590, 26.49167, 355.363, 31.6224, 427.819, -33.7652, 251.089, -139.56, 0.950078, -29.4054, 0.803834, -125.316, 0.821676, 120.413
1590, 26.50000, 355.512, 31.5495, 428.339, -33.7978, 251.414, -139.525, 0.949926, -29.4482, 0.803983, -125.324, 0.821879, 120.412
1591, 26.50833, 355.659, 31.4765, 428.859, -33.8305, 251.741, -139.49, 0.949772, -29.4911, 0.804133, -125.332, 0.822083, 120.411
1591, 26.51667, 355.806, 31.4035, 429.379, -33.8633, 252.068, -139.455, 0.949616, -29.5339, 0.804282, -125.339, 0.822287, 120.41
1592, 26.52500, 355.952, 31.3304, 429.9, -33.8961, 252.397, -139.42, 0.949459, -29.5767, 0.804432, -125.347, 0.822492, 120.409
1592, 26.53333, 356.097, 31.2573, 430.422, -33.9291, 252.727, -139.385, 0.949299, -29.6195, 0.804582, -125.355, 0.822697, 120.408
1593, 26.54167, 356.241, 31.184, 430.943, -33.9621, 253.058, -139.35, 0.949138, -29.6623, 0.804732, -125.363, 0.822902, 120.407
1593, 26.55000, 356.384, 31.1107, 431.466, -33.9952, 253.39, -139.315, 0.948975, -29.7051, 0.804882, -125.371, 0.823107, 120.406
1594, 26.55833, 356.527, 31.0374, 431.988, -34.0283, 253.724, -139.281, 0.948811, -29.7479, 0.805033, -125.379, 0.823313, 120.405
1594, 26.56667, 356.668, 30.964, 432.511, -34.0616, 254.058, -139.246, 0.948644, -29.7907, 0.805183, -125.387, 0.82352, 120.404
1595, 26.57500, 356.809, 30.8905, 433.035, -34.0949, 254.394, -139.212, 0.948476, -29.8335, 0.805334, -125.395, 0.823726, 120.403
1595, 26.58333, 356.949, 30.8169, 433.558, -34.1284, 254.731, -139.177, 0.948306, -29.8763, 0.805485, -125.403, 0.823933, 120.402
1596, 26.59167, 357.088, 30.7433, 434.083, -34.1619, 255.069, -139.143, 0.948134, -29.9191, 0.805636, -125.411, 0.824141, 120.401
1596, 26.60000, 357.226, 30.6696, 434.607, -34.1955, 255.408, -139.109, 0.94796, -29.9618, 0.805788, -125.419, 0.824349, 120.4
1597, 26.60833, 357.363, 30.5959, 435.132, -34.2291, 255.749, -139.074, 0.947784, -30.0046, 0.805939, -125.427, 0.824557, 120.399
1597, 26.61667, 357.499, 30.5221, 435.658, -34.2629, 256.09, -139.04, 0.947607, -30.0474, 0.806091, -125.435, 0.824765, 120.398
1598, 26.62500, 357.635, 30.4482, 436.184, -34.2967, 256.433, -139.006, 0.947428, -30.0901, 0.806243, -125.443, 0.824974, 120.397
1598, 26.63333, 357.769, 30.3743, 436.71, -34.3306, 256.777, -138.973, 0.947247, -30.1328, 0.806395, -125.451, 0.825183, 120.396
1599, 26.64167, 357.903, 30.3003, 437.237, -34.3646, 257.122, -138.939, 0.947064, -30.1756, 0.806547, -125.459, 0.825393, 120.395
1599, 26.65000, 358.035, 30.2262, 437.764, -34.3987, 257.468, -138.905, 0.946879, -30.2183, 0.8067, -125.467, 0.825603, 120.394
1600, 26.65833, 358.167, 30.1521, 438.291, -34.4329, 257.816, -138.872, 0.946693, -30.261, 0.806852, -125.475, 0.825813, 120.393
1600, 26.66667, 358.298, 30.0779, 438.819, -34.4671, 258.165, -138.838, 0.946504, -30.3037, 0.807005, -125.483, 0.826024, 120.392
1601, 26.67500, 358.428, 30.0036, 439.347, -34.5014, 258.514, -138.805, 0.946314, -30.3463, 0.807158, -125.491, 0.826235, 120.391
1601, 26.68333, 358.557, 29.9293, 439.876, -34.5358, 258.865, -138.772, 0.946122, -30.389, 0.807311, -125.499, 0.826446, 120.39
1602, 26.69167, 358.685, 29.855, 440.405, -34.5703, 259.218, -138.738, 0.945929, -30.4317, 0.807464, -125.507, 0.826658, 120.388
1602, 26.70000, 358.812, 29.7806, 440.934, -34.6049, 259.571, -138.705, 0.945733, -30.4743, 0.807618, -125.515, 0.82687, 120.387
1603, 26.70833, 358.939, 29.7061, 441.464, -34.6395, 259.926, -138.672, 0.945535, -30.5169, 0.807772, -125.523, 0.827083, 120.386
1603, 26.71667, 359.064, 29.6315, 441.994, -34.6742, 260.281, -138.64, 0.945336, -30.5595, 0.807926, -125.532, 0.827296, 120.385
1604, 26.72500, 359.188, 29.5569, 442.524, -34.709, 260.638, -138.607, 0.945135, -30.6021, 0.80808, -125.54, 0.827509, 120.384
1604, 26.73333, 359.312, 29.4823, 443.055, -34.7439, 260.996, -138.574, 0.944932, -30.6447, 0.808234, -125.548, 0.827723, 120.383
1605, 26.74167, 359.434, 29.4076, 443.586, -34.7789, 261.356, -138.542, 0.944727, -30.6872, 0.808388, -125.556, 0.827937, 120.382
1605, 26.75000, 359.556, 29.3328, 444.118, -34.8139, 261.716, -138.509, 0.944521, -30.7298, 0.808543, -125.564, 0.828151, 120.381
1606, 26.75833, 359.677, 29.258, 444.65, -34.849, 262.078, -138.477, 0.944312, -30.7723, 0.808698, -125.572, 0.828366, 120.379
1606, 26.76667, 359.796, 29.1831, 445.182, -34.8842, 262.441, -138.445, 0.944102, -30.8148, 0.808853, -125.581, 0.828581, 120.378
1607, 26.77500, 359.915, 29.1081, 445.715, -34.9195, 262.805, -138.413, 0.94389, -30.8573, 0.809008, -125.589, 0.828797, 120.377
1607, 26.78333, 360.033, 29.0331, 446.248, -34.9548, 263.17, -138.381, 0.943676, -30.8997, 0.809164, -125.597, 0.829013, 120.376
1608, 26.79167, 360.15, 28.9581, 446.781, -34.9903, 263.537, -138.349, 0.94346, -30.9422, 0.809319, -125.605, 0.829229, 120.375
1608, 26.80000, 360.266, 28.883, 447.315, -35.0258, 263.905, -138.317, 0.943243, -30.9846, 0.809475, -125.613, 0.829445, 120.374
1609, 26.80833, 360.38, 28.8078, 447.849, -35.0614, 264.274, -138.286, 0.943023, -31.027, 0.809631, -125.622, 0.829662, 120.373
1609, 26.81667, 360.494, 28.7326, 448.383, -35.0971, 264.644, -138.254, 0.942802, -31.0694, 0.809787, -125.63, 0.82988, 120.371
1610, 26.82500, 360.607, 28.6574, 448.918, -35.1328, 265.015, -138.223, 0.942578, -31.1118, 0.809943, -125.638, 0.830098, 120.37
1610, 26.83333, 360.719, 28.582, 449.453, -35.1686, 265.388, -138.191, 0.942353, -31.1541, 0.8101, -125.646, 0.830316, 120.369
1611, 26.84167, 360.83, 28.5067, 449.988, -35.2045, 265.761, -138.16, 0.942127, -31.1964, 0.810257, -125.655, 0.830534, 120.368
1611, 26.85000, 360.94, 28.4312, 450.524, -35.2405, 266.136, -138.129, 0.941898, -31.2387, 0.810414, -125.663, 0.830753, 120.367
1612, 26.85833, 361.049, 28.3558, 451.06, -35.2766, 266.513, -138.098, 0.941667, -31.2809, 0.810571, -125.671, 0.830973, 120.365
1612, 26.86667, 361.157, 28.2802, 451.597, -35.3127, 266.89, -138.067, 0.941435, -31.3232, 0.810728, -125.68, 0.831192, 120.364
1613, 26.87500, 361.264, 28.2047, 452.134, -35.3489, 267.269, -138.037, 0.941201, -31.3654, 0.810885, -125.688, 0.831412, 120.363
1613, 26.88333, 361.37, 28.1291, 452.671, -35.3852, 267.648, -138.006, 0.940965, -31.4076, 0.811043, -125.696, 0.831633, 120.362
1614, 26.89167, 361.475, 28.0534, 453.208, -35.4216, 268.03, -137.976, 0.940727, -31.4497, 0.811201, -125.705, 0.831854, 120.36
1614, 26.90000, 361.579, 27.9777, 453.746, -35.458, 268.412, -137.945, 0.940487, -31.4918, 0.811359, -125.713, 0.832075, 120.359
1615, 26.90833, 361.682, 27.9019, 454.284, -35.4946, 268.795, -137.915, 0.940245, -31.5339, 0.811517, -125.722, 0.832296, 120.358
1615, 26.91667, 361.784, 27.8261, 454.823, -35.5312, 269.18, -137.885, 0.940001, -31.576, 0.811676, -125.73, 0.832518, 120.357
1616, 26.92500, 361.885, 27.7502, 455.361, -35.5678, 269.566, -137.855, 0.939756, -31.618, 0.811835, -125.738, 0.832741, 120.355
1616, 26.93333, 361.985, 27.6743, 455.9, -35.6046, 269.953, -137.825, 0.939509, -31.6601, 0.811993, -125.747, 0.832963, 120.354
1617, 26.94167, 362.084, 27.5983, 456.44, -35.6414, 270.341, -137.795, 0.93926, -31.702, 0.812152, -125.755, 0.833187, 120.353
1617, 26.95000, 362.182, 27.5223, 456.979, -35.6783, 270.731, -137.766, 0.939009, -31.744, 0.812312, -125.764, 0.83341, 120.352
1618, 26.95833, 362.279, 27.4463, 457.519, -35.7153, 271.122, -137.736, 0.938756, -31.7859, 0.812471, -125.772, 0.833634, 120.35
1618, 26.96667, 362.375, 27.3702, 458.06, -35.7523, 271.514, -137.707, 0.938502, -31.8278, 0.812631, -125.78, 0.833858, 120.349
1619, 26.97500, 362.47, 27.2941, 458.6, -35.7895, 271.907, -137.678, 0.938245, -31.8696, 0.812791, -125.789, 0.834083, 120.348
1619, 26.98333, 362.563, 27.2179, 459.141, -35.8267, 272.302, -137.649, 0.937987, -31.9114, 0.812951, -125.797, 0.834308, 120.347
1620, 26.99167, 362.656, 27.1417, 459.682, -35.8639, 272.697, -137.62, 0.937727, -31.9532, 0.813111, -125.806, 0.834533, 120.345
1620, 27.00000, 362.748, 27.0654, 460.224, -35.9013, 273.094, -137.591, 0.937465, -31.9949, 0.813271, -125.814, 0.834759, 120.344
1621, 27.00833, 362.839, 26.9891, 460.766, -35.9387, 273.492, -137.562, 0.937201, -32.0366, 0.813432, -125.823, 0.834985, 120.343
1621, 27.01667, 362.928, 26.9127, 461.308, -35.9762, 273.892, -137.534, 0.936935, -32.0783, 0.813593, -125.831, 0.835212, 120.341
1622, 27.02500, 363.017, 26.8363, 461.85, -36.0138, 274.293, -137.505, 0.936668, -32.1199, 0.813754, -125.84, 0.835439, 120.34
1622, 27.03333, 363.104, 26.7599, 462.393, -36.0514, 274.694, -137.477, 0.936398, -32.1615, 0.813915, -125.849, 0.835666, 120.339
1623, 27.04167, 363.191, 26.6834, 462.936, -36.0891, 275.098, -137.449, 0.936127, -32.2031, 0.814077, -125.857, 0.835894, 120.337
1623, 27.05000, 363.276, 26.6069, 463.479, -36.1269, 275.502, -137.421, 0.935854, -32.2446, 0.814238, -125.866, 0.836122, 120.336
1624, 27.05833, 363.361, 26.5304, 464.023, -36.1648, 275.907, -137.393, 0.935579, -32.2861, 0.8144, -125.874, 0.836351, 120.334
1624, 27.06667, 363.444, 26.4538, 464.566, -36.2027, 276.314, -137.365, 0.935302, -32.3275, 0.814562, -125.883, 0.83658, 120.333
1625, 27.07500, 363.526, 26.3771, 465.11, -36.2407, 276.722, -137.337, 0.935024, -32.3689, 0.814725, -125.891, 0.836809, 120.332
1625, 27.08333, 363.607, 26.3005, 465.655, -36.2788, 277.131, -137.31, 0.934743, -32.4102, 0.814887, -125.9, 0.837039, 120.33
1626, 27.09167, 363.687, 26.2238, 466.199, -36.317, 277.542, -137.282, 0.934461, -32.4516, 0.81505, -125.909, 0.837269, 120.329
1626, 27.10000, 363.766, 26.147, 466.744, -36.3552, 277.954, -137.255, 0.934177, -32.4928, 0.815213, -125.917, 0.8375, 120.328
1627, 27.10833, 363.844, 26.0702, 467.289, -36.3935, 278.366, -137.228, 0.933891, -32.534, 0.815376, -125.926, 0.837731, 120.326
1627, 27.11667, 363.921, 25.9934, 467.835, -36.4319, 278.781, -137.201, 0.933603, -32.5752, 0.815539, -125.935, 0.837962, 120.325
1628, 27.12500, 363.997, 25.9166, 468.381, -36.4703, 279.196, -137.174, 0.933314, -32.6163, 0.815702, -125.943, 0.838194, 120.323
1628, 27.13333, 364.071, 25.8397, 468.927, -36.5088, 279.613, -137.148, 0.933022, -32.6574, 0.815866, -125.952, 0.838426, 120.322
1629, 27.14167, 364.145, 25.7628, 469.473, -36.5474, 280.031, -137.121, 0.932729, -32.6985, 0.81603, -125.961, 0.838658, 120.321
1629, 27.15000, 364.217, 25.6858, 470.019, -36.586, 280.45, -137.095, 0.932434, -32.7395, 0.816194, -125.969, 0.838891, 120.319
1630, 27.15833, 364.289, 25.6089, 470.566, -36.6248, 280.87, -137.069, 0.932137, -32.7804, 0.816359, -125.978, 0.839124, 120.318
1630, 27.16667, 364.359, 25.5318, 471.113, -36.6636, 281.292, -137.042, 0.931839, -32.8213, 0.816523, -125.987, 0.839358, 120.316
1631, 27.17500, 364.428, 25.4548, 471.66, -36.7024, 281.714, -137.016, 0.931538, -32.8621, 0.816688, -125.995, 0.839592, 120.315
1631, 27.18333, 364.496, 25.3777, 472.208, -36.7414, 282.138, -136.991, 0.931236, -32.9029, 0.816853, -126.004, 0.839827, 120.313
1632, 27.19167, 364.563, 25.3006, 472.755, -36.7804, 282.564, -136.965, 0.930932, -32.9437, 0.817018, -126.013, 0.840062, 120.312
1632, 27.20000, 364.629, 25.2235, 473.303, -36.8194, 282.99, -136.939, 0.930626, -32.9844, 0.817184, -126.022, 0.840297, 120.31
1633, 27.20833, 364.694, 25.1463, 473.852, -36.8586, 283.418, -136.914, 0.930318, -33.025, 0.817349, -126.03, 0.840533, 120.309
1633, 27.21667, 364.758, 25.0691, 474.4, -36.8978, 283.847, -136.889, 0.930008, -33.0656, 0.817515, -126.039, 0.840769, 120.307
1634, 27.22500, 364.82, 24.9919, 474.949, -36.937, 284.277, -136.864, 0.929697, -33.1061, 0.817681, -126.048, 0.841005, 120.306
1634, 27.23333, 364.881, 24.9146, 475.498, -36.9764, 284.708, -136.839, 0.929384, -33.1466, 0.817847, -126.057, 0.841242, 120.304
1635, 27.24167, 364.942, 24.8373, 476.047, -37.0158, 285.141, -136.814, 0.929069, -33.187, 0.818014, -126.066, 0.84148, 120.303
1635, 27.25000, 365.001, 24.76, 476.596, -37.0553, 285.575, -136.789, 0.928752, -33.2274, 0.818181, -126.074, 0.841717, 120.301
1636, 27.25833, 365.059, 24.6827, 477.146, -37.0948, 286.01, -136.765, 0.928434, -33.2677, 0.818348, -126.083, 0.841955, 120.3
1636, 27.26667, 365.116, 24.6053, 477.696, -37.1344, 286.446, -136.741, 0.928113, -33.308, 0.818515, -126.092, 0.842194, 120.298
1637, 27.27500, 365.172, 24.528, 478.246, -37.1741, 286.884, -136.716, 0.927791, -33.3482, 0.818682, -126.101, 0.842433, 120.297
1637, 27.28333, 365.226, 24.4506, 478.796, -37.2139, 287.323, -136.692, 0.927467, -33.3883, 0.81885, -126.11, 0.842672, 120.295
1638, 27.29167, 365.28, 24.3731, 479.346, -37.2537, 287.763, -136.668, 0.927141, -33.4284, 0.819017, -126.119, 0.842912, 120.294
1638, 27.30000, 365.332, 24.2957, 479.897, -37.2936, 288.204, -136.645, 0.926814, -33.4684, 0.819185, -126.128, 0.843152, 120.292
1639, 27.30833, 365.383, 24.2182, 480.448, -37.3335, 288.647, -136.621, 0.926485, -33.5084, 0.819354, -126.137, 0.843393, 120.29
1639, 27.31667, 365.434, 24.1407, 480.999, -37.3735, 289.09, -136.598, 0.926154, -33.5483, 0.819522, -126.146, 0.843634, 120.289
1640, 27.32500, 365.482, 24.0632, 481.55, -37.4136, 289.535, -136.574, 0.925821, -33.5881, 0.819691, -126.154, 0.843875, 120.287
1640, 27.33333, 365.53, 23.9856, 482.102, -37.4537, 289.982, -136.551, 0.925486, -33.6279, 0.81986, -126.163, 0.844117, 120.286
1641, 27.34167, 365.577, 23.9081, 482.654, -37.4939, 290.429, -136.528, 0.92515, -33.6676, 0.820029, -126.172, 0.844359, 120.284
1641, 27.35000, 365.622, 23.8305, 483.206, -37.5342, 290.878, -136.505, 0.924812, -33.7072, 0.820198, -126.181, 0.844602, 120.282
1642, 27.35833, 365.667, 23.7529, 483.758, -37.5746, 291.328, -136.483, 0.924472, -33.7468, 0.820368, -126.19, 0.844845, 120.281
1642, 27.36667, 365.71, 23.6753, 484.31, -37.615, 291.779, -136.46, 0.92413, -33.7863, 0.820538, -126.199, 0.845088, 120.279
1643, 27.37500, 365.752, 23.5977, 484.863, -37.6554, 292.231, -136.438, 0.923787, -33.8258, 0.820708, -126.208, 0.845332, 120.278
1643, 27.38333, 365.793, 23.52, 485.415, -37.6959, 292.685, -136.416, 0.923442, -33.8652, 0.820878, -126.217, 0.845576, 120.276
1644, 27.39167, 365.833, 23.4423, 485.968, -37.7365, 293.139, -136.394, 0.923095, -33.9045, 0.821048, -126.226, 0.845821, 120.274
1644, 27.40000, 365.871, 23.3647, 486.522, -37.7772, 293.595, -136.372, 0.922747, -33.9437, 0.821219, -126.235, 0.846066, 120.273
1645, 27.40833, 365.909, 23.287, 487.075, -37.8179, 294.053, -136.35, 0.922396, -33.9829, 0.82139, -126.244, 0.846312, 120.271
1645, 27.41667, 365.945, 23.2092, 487.628, -37.8587, 294.511, -136.328, 0.922044, -34.022, 0.821561, -126.253, 0.846558, 120.269
1646, 27.42500, 365.98, 23.1315, 488.182, -37.8995, 294.971, -136.307, 0.921691, -34.0611, 0.821733, -126.262, 0.846804, 120.268
1646, 27.43333, 366.014, 23.0538, 488.736, -37.9404, 295.432, -136.286, 0.921335, -34.1, 0.821904, -126.272, 0.847051, 120.266
1647, 27.44167, 366.047, 22.976, 489.29, -37.9814, 295.894, -136.264, 0.920978, -34.1389, 0.822076, -126.281, 0.847298, 120.264
1647, 27.45000, 366.078, 22.8983, 489.844, -38.0224, 296.357, -136.243, 0.920619, -34.1778, 0.822248, -126.29, 0.847545, 120.262
1648, 27.45833, 366.109, 22.8205, 490.399, -38.0635, 296.822, -136.223, 0.920259, -34.2165, 0.822421, -126.299, 0.847793, 120.261
1648, 27.46667, 366.138, 22.7427, 490.953, -38.1046, 297.288, -136.202, 0.919896, -34.2552, 0.822593, -126.308, 0.848042, 120.259
1649, 27.47500, 366.166, 22.6649, 491.508, -38.1458, 297.755, -136.182, 0.919532, -34.2938, 0.822766, -126.317, 0.848291, 120.257
1649, 27.48333, 366.193, 22.5871, 492.063, -38.1871, 298.223, -136.161, 0.919167, -34.3323, 0.822939, -126.326, 0.84854, 120.256
1650, 27.49167, 366.218, 22.5093, 492.618, -38.2284, 298.692, -136.141, 0.918799, -34.3708, 0.823112, -126.335, 0.84879, 120.254
1650, 27.50000, 366.243, 22.4314, 493.173, -38.2698, 299.163, -136.121, 0.91843, -34.4091, 0.823286, -126.345, 0.84904, 120.252
1651, 27.50833, 366.266, 22.3536, 493.729, -38.3113, 299.635, -136.101, 0.91806, -34.4474, 0.82346, -126.354, 0.84929, 120.25
1651, 27.51667, 366.288, 22.2758, 494.284, -38.3528, 300.108, -136.082, 0.917687, -34.4857, 0.823634, -126.363, 0.849541, 120.249
1652, 27.52500, 366.309, 22.1979, 494.84, -38.3943, 300.582, -136.062, 0.917313, -34.5238, 0.823808, -126.372, 0.849792, 120.247
1652, 27.53333, 366.329, 22.1201, 495.396, -38.4359, 301.058, -136.043, 0.916938, -34.5619, 0.823983, -126.381, 0.850044, 120.245
1653, 27.54167, 366.348, 22.0422, 495.952, -38.4776, 301.534, -136.023, 0.91656, -34.5998, 0.824157, -126.391, 0.850296, 120.243
1653, 27.55000, 366.365, 21.9643, 496.508, -38.5194, 302.012, -136.004, 0.916181, -34.6377, 0.824332, -126.4, 0.850549, 120.241
1654, 27.55833, 366.381, 21.8865, 497.064, -38.5612, 302.491, -135.986, 0.915801, -34.6755, 0.824508, -126.409, 0.850802, 120.24
1654, 27.56667, 366.396, 21.8086, 497.621, -38.603, 302.972, -135.967, 0.915418, -34.7133, 0.824683, -126.418, 0.851056, 120.238
1655, 27.57500, 366.41, 21.7307, 498.177, -38.6449, 303.453, -135.948, 0.915034, -34.7509, 0.824859, -126.428, 0.85131, 120.236
1655, 27.58333, 366.422, 21.6529, 498.734, -38.6869, 303.936, -135.93, 0.914649, -34.7885, 0.825035, -126.437, 0.851564, 120.234
1656, 27.59167, 366.434, 21.575, 499.291, -38.7289, 304.42, -135.912, 0.914262, -34.826, 0.825211, -126.446, 0.851819, 120.232
1656, 27.60000, 366.444, 21.4971, 499.848, -38.771, 304.905, -135.894, 0.913873, -34.8634, 0.825387, -126.455, 0.852074, 120.23
1657, 27.60833, 366.453, 21.4192, 500.405, -38.8131, 305.391, -135.876, 0.913482, -34.9007, 0.825564, -126.465, 0.852329, 120.229
1657, 27.61667, 366.461, 21.3414, 500.963, -38.8553, 305.879, -135.858, 0.91309, -34.9379, 0.825741, -126.474, 0.852585, 120.227
1658, 27.62500, 366.467, 21.2635, 501.52, -38.8976, 306.368, -135.84, 0.912697, -34.975, 0.825918, -126.483, 0.852842, 120.225
1658, 27.63333, 366.473, 21.1856, 502.078, -38.9398, 306.858, -135.823, 0.912302, -35.0121, 0.826096, -126.493, 0.853099, 120.223
1659, 27.64167, 366.477, 21.1077, 502.636, -38.9822, 307.349, -135.806, 0.911905, -35.049, 0.826273, -126.502, 0.853356, 120.221
1659, 27.65000, 366.48, 21.0299, 503.194, -39.0246, 307.841, -135.789, 0.911506, -35.0859, 0.826451, -126.512, 0.853614, 120.219
1660, 27.65833, 366.482, 20.952, 503.752, -39.0671, 308.335, -135.772, 0.911107, -35.1227, 0.826629, -126.521, 0.853872, 120.217
1660, 27.66667, 366.482, 20.8742, 504.31, -39.1096, 308.829, -135.755, 0.910705, -35.1594, 0.826808, -126.53, 0.854131, 120.215
1661, 27.67500, 366.481, 20.7963, 504.868, -39.1522, 309.325, -135.738, 0.910302, -35.1959, 0.826987, -126.54, 0.85439, 120.213
1661, 27.68333, 366.48, 20.7185, 505.426, -39.1948, 309.822, -135.722, 0.909897, -35.2324, 0.827166, -126.549, 0.854649, 120.211
1662, 27.69167, 366.477, 20.6406, 505.985, -39.2375, 310.321, -135.706, 0.909491, -35.2688, 0.827345, -126.559, 0.854909, 120.21
1662, 27.70000, 366.472, 20.5628, 506.544, -39.2802, 310.82, -135.69, 0.909084, -35.3051, 0.827524, -126.568, 0.855169, 120.208
1663, 27.70833, 366.467, 20.485, 507.102, -39.323, 311.321, -135.674, 0.908674, -35.3414, 0.827704, -126.578, 0.85543, 120.206
1663, 27.71667, 366.46, 20.4072, 507.661, -39.3658, 311.823, -135.658, 0.908264, -35.3775, 0.827884, -126.587, 0.855691, 120.204
1664, 27.72500, 366.452, 20.3294, 508.22, -39.4087, 312.326, -135.642, 0.907851, -35.4135, 0.828064, -126.596, 0.855953, 120.202
1664, 27.73333, 366.443, 20.2516, 508.779, -39.4516, 312.83, -135.627, 0.907438, -35.4494, 0.828245, -126.606, 0.856215, 120.2
1665, 27.74167, 366.432, 20.1738, 509.338, -39.4946, 313.335, -135.612, 0.907022, -35.4852, 0.828426, -126.615, 0.856478, 120.198
1665, 27.75000, 366.421, 20.096, 509.898, -39.5376, 313.842, -135.596, 0.906606, -35.521, 0.828607, -126.625, 0.856741, 120.196
1666, 27.75833, 366.408, 20.0183, 510.457, -39.5807, 314.349, -135.582, 0.906187, -35.5566, 0.828788, -126.635, 0.857004, 120.194
1666, 27.76667, 366.394, 19.9405, 511.017, -39.6238, 314.858, -135.567, 0.905768, -35.5921, 0.82897, -126.644, 0.857268, 120.192
1667, 27.77500, 366.379, 19.8628, 511.576, -39.667, 315.368, -135.552, 0.905346, -35.6275, 0.829152, -126.654, 0.857532, 120.19
1667, 27.78333, 366.362, 19.7851, 512.136, -39.7102, 315.879, -135.538, 0.904924, -35.6629, 0.829334, -126.663, 0.857797, 120.188
1668, 27.79167, 366.345, 19.7073, 512.696, -39.7535, 316.392, -135.523, 0.9045, -35.6981, 0.829516, -126.673, 0.858062, 120.186
1668, 27.80000, 366.326, 19.6297, 513.256, -39.7969, 316.905, -135.509, 0.904074, -35.7332, 0.829699, -126.682, 0.858327, 120.184
1669, 27.80833, 366.306, 19.552, 513.816, -39.8402, 317.42, -135.495, 0.903647, -35.7682, 0.829882, -126.692, 0.858593, 120.181
1669, 27.81667, 366.284, 19.4743, 514.376, -39.8837, 317.936, -135.482, 0.903218, -35.8031, 0.830065, -126.702, 0.85886, 120.179
1670, 27.82500, 366.262, 19.3967, 514.936, -39.9271, 318.453, -135.468, 0.902789, -35.8379, 0.830248, -126.711, 0.859127, 120.177
1670, 27.83333, 366.238, 19.3191, 515.497, -39.9707, 318.971, -135.455, 0.902357, -35.8726, 0.830432, -126.721, 0.859394, 120.175
1671, 27.84167, 366.213, 19.2415, 516.057, -40.0142, 319.491, -135.441, 0.901924, -35.9072, 0.830616, -126.731, 0.859662, 120.173
1671, 27.85000, 366.187, 19.1639, 516.618, -40.0578, 320.011, -135.428, 0.90149, -35.9417, 0.8308, -126.74, 0.85993, 120.171
1672, 27.85833, 366.159, 19.0863, 517.178, -40.1015, 320.533, -135.415, 0.901055, -35.976, 0.830985, -126.75, 0.860199, 120.169
1672, 27.86667, 366.13, 19.0088, 517.739, -40.1452, 321.056, -135.403, 0.900618, -36.0103, 0.83117, -126.76, 0.860468, 120.167
1673, 27.87500, 366.1, 18.9313, 518.3, -40.189, 321.58, -135.39, 0.90018, -36.0445, 0.831355, -126.769, 0.860738, 120.165
1673, 27.88333, 366.069, 18.8538, 518.861, -40.2328, 322.105, -135.378, 0.89974, -36.0785, 0.83154, -126.779, 0.861008, 120.162
1674, 27.89167, 366.037, 18.7763, 519.422, -40.2766, 322.631, -135.365, 0.899299, -36.1124, 0.831726, -126.789, 0.861278, 120.16
1674, 27.90000, 366.003, 18.6988, 519.983, -40.3205, 323.158, -135.353, 0.898857, -36.1462, 0.831912, -126.798, 0.861549, 120.158
1675, 27.90833, 365.969, 18.6214, 520.544, -40.3644, 323.687, -135.341, 0.898413, -36.1799, 0.832098, -126.808, 0.86182, 120.156
1675, 27.91667, 365.932, 18.544, 521.105, -40.4084, 324.217, -135.329, 0.897968, -36.2135, 0.832285, -126.818, 0.862092, 120.154
1676, 27.92500, 365.895, 18.4667, 521.666, -40.4524, 324.748, -135.318, 0.897521, -36.247, 0.832471, -126.828, 0.862364, 120.152
1676, 27.93333, 365.857, 18.3893, 522.228, -40.4965, 325.28, -135.306, 0.897074, -36.2804, 0.832658, -126.838, 0.862637, 120.149
1677, 27.94167, 365.817, 18.312, 522.789, -40.5406, 325.813, -135.295, 0.896625, -36.3136, 0.832846, -126.847, 0.86291, 120.147
1677, 27.95000, 365.776, 18.2347, 523.351, -40.5847, 326.347, -135.284, 0.896174, -36.3467, 0.833033, -126.857, 0.863184, 120.145
1678, 27.95833, 365.734, 18.1574, 523.912, -40.6289, 326.882, -135.273, 0.895723, -36.3797, 0.833221, -126.867, 0.863458, 120.143
1678, 27.96667, 365.69, 18.0802, 524.474, -40.6732, 327.419, -135.262, 0.89527, -36.4126, 0.83341, -126.877, 0.863732, 120.141
1679, 27.97500, 365.646, 18.003, 525.036, -40.7174, 327.956, -135.252, 0.894816, -36.4454, 0.833598, -126.887, 0.864007, 120.138
1679, 27.98333, 365.6, 17.9258, 525.597, -40.7618, 328.495, -135.241, 0.89436, -36.478, 0.833787, -126.897, 0.864283, 120.136
1680, 27.99167, 365.553, 17.8487, 526.159, -40.8061, 329.035, -135.231, 0.893904, -36.5106, 0.833976, -126.906, 0.864559, 120.134
1680, 28.00000, 365.505, 17.7716, 526.721, -40.8505, 329.576, -135.221, 0.893446, -36.543, 0.834165, -126.916, 0.864835, 120.132
1681, 28.00833, 365.455, 17.6945, 527.283, -40.895, 330.118, -135.211, 0.892987, -36.5753, 0.834355, -126.926, 0.865112, 120.129
1681, 28.01667, 365.404, 17.6175, 527.845, -40.9394, 330.661, -135.201, 0.892526, -36.6074, 0.834545, -126.936, 0.865389, 120.127
1682, 28.02500, 365.352, 17.5405, 528.408, -40.984, 331.206, -135.192, 0.892065, -36.6395, 0.834735, -126.946, 0.865667, 120.125
1682, 28.03333, 365.299, 17.4635, 528.97, -41.0285, 331.751, -135.182, 0.891602, -36.6714, 0.834926, -126.956, 0.865945, 120.122
1683, 28.04167, 365.245, 17.3866, 529.532, -41.0731, 332.298, -135.173, 0.891138, -36.7032, 0.835117, -126.966, 0.866223, 120.12
1683, 28.05000, 365.189, 17.3097, 530.095, -41.1178, 332.845, -135.164, 0.890673, -36.7349, 0.835308, -126.976, 0.866502, 120.118
1684, 28.05833, 365.132, 17.2328, 530.657, -41.1624, 333.394, -135.155, 0.890206, -36.7664, 0.835499, -126.986, 0.866782, 120.115
1684, 28.06667, 365.074, 17.156, 531.219, -41.2071, 333.944, -135.146, 0.889739, -36.7978, 0.835691, -126.996, 0.867062, 120.113
1685, 28.07500, 365.015, 17.0792, 531.782, -41.2519, 334.495, -135.137, 0.88927, -36.8291, 0.835883, -127.006, 0.867342, 120.111
1685, 28.08333, 364.954, 17.0025, 532.345, -41.2967, 335.047, -135.129, 0.8888, -36.8602, 0.836076, -127.016, 0.867623, 120.108
1686, 28.09167, 364.892, 16.9257, 532.907, -41.3415, 335.6, -135.121, 0.888329, -36.8913, 0.836268, -127.026, 0.867904, 120.106
1686, 28.10000, 364.83, 16.8491, 533.47, -41.3864, 336.155, -135.113, 0.887857, -36.9222, 0.836461, -127.036, 0.868186, 120.104
1687, 28.10833, 364.765, 16.7725, 534.033, -41.4313, 336.71, -135.105, 0.887384, -36.9529, 0.836654, -127.046, 0.868469, 120.101
1687, 28.11667, 364.7, 16.6959, 534.596, -41.4762, 337.266, -135.097, 0.88691, -36.9836, 0.836848, -127.056, 0.868751, 120.099
1688, 28.12500, 364.633, 16.6194, 535.159, -41.5212, 337.824, -135.089, 0.886435, -37.0141, 0.837042, -127.066, 0.869035, 120.096
1688, 28.13333, 364.565, 16.5429, 535.721, -41.5662, 338.383, -135.082, 0.885958, -37.0445, 0.837236, -127.076, 0.869318, 120.094
1689, 28.14167, 364.496, 16.4664, 536.285, -41.6112, 338.942, -135.075, 0.885481, -37.0747, 0.837431, -127.086, 0.869602, 120.092
1689, 28.15000, 364.426, 16.39, 536.848, -41.6563, 339.503, -135.067, 0.885002, -37.1048, 0.837626, -127.097, 0.869887, 120.089
1690, 28.15833, 364.355, 16.3137, 537.411, -41.7014, 340.065, -135.06, 0.884522, -37.1348, 0.837821, -127.107, 0.870172, 120.087
1690, 28.16667, 364.282, 16.2373, 537.974, -41.7466, 340.628, -135.054, 0.884042, -37.1646, 0.838016, -127.117, 0.870458, 120.084
1691, 28.17500, 364.208, 16.1611, 538.537, -41.7918, 341.192, -135.047, 0.88356, -37.1943, 0.838212, -127.127, 0.870744, 120.082
1691, 28.18333, 364.133, 16.0849, 539.1, -41.837, 341.757, -135.041, 0.883077, -37.2239, 0.838408, -127.137, 0.87103, 120.079
1692, 28.19167, 364.057, 16.0087, 539.664, -41.8822, 342.323, -135.034, 0.882594, -37.2533, 0.838604, -127.147, 0.871317, 120.077
1692, 28.20000, 363.979, 15.9326, 540.227, -41.9275, 342.891, -135.028, 0.882109, -37.2826, 0.838801, -127.158, 0.871604, 120.074
1693, 28.20833, 363.9, 15.8565, 540.791, -41.9728, 343.459, -135.022, 0.881623, -37.3117, 0.838998, -127.168, 0.871892, 120.072
1693, 28.21667, 363.82, 15.7805, 541.354, -42.0182, 344.028, -135.016, 0.881136, -37.3407, 0.839195, -127.178, 0.872181, 120.069
1694, 28.22500, 363.739, 15.7046, 541.918, -42.0635, 344.599, -135.011, 0.880649, -37.3696, 0.839393, -127.188, 0.872469, 120.067
1694, 28.23333, 363.657, 15.6286, 542.481, -42.1089, 345.17, -135.005, 0.88016, -37.3983, 0.839591, -127.199, 0.872759, 120.064
1695, 28.24167, 363.573, 15.5528, 543.045, -42.1544, 345.743, -135, 0.879671, -37.4269, 0.839789, -127.209, 0.873049, 120.062
1695, 28.25000, 363.489, 15.477, 543.609, -42.1999, 346.316, -134.995, 0.87918, -37.4553, 0.839988, -127.219, 0.873339, 120.059
1696, 28.25833, 363.403, 15.4012, 544.172, -42.2454, 346.891, -134.99, 0.878689, -37.4836, 0.840187, -127.229, 0.87363, 120.057
1696, 28.26667, 363.315, 15.3255, 544.736, -42.2909, 347.467, -134.985, 0.878197, -37.5118, 0.840386, -127.24, 0.873921, 120.054
1697, 28.27500, 363.227, 15.2499, 545.3, -42.3365, 348.044, -134.98, 0.877704, -37.5398, 0.840586, -127.25, 0.874212, 120.051
1697, 28.28333, 363.137, 15.1743, 545.864, -42.3821, 348.621, -134.975, 0.87721, -37.5677, 0.840786, -127.26, 0.874505, 120.049
1698, 28.29167, 363.047, 15.0988, 546.428, -42.4277, 349.2, -134.971, 0.876715, -37.5954, 0.840986, -127.271, 0.874797, 120.046
1698, 28.30000, 362.955, 15.0233, 546.992, -42.4733, 349.78, -134.967, 0.876219, -37.623, 0.841187, -127.281, 0.87509, 120.044
1699, 28.30833, 362.862, 14.9479, 547.556, -42.519, 350.361, -134.963, 0.875722, -37.6504, 0.841388, -127.292, 0.875384, 120.041
1699, 28.31667, 362.767, 14.8726, 548.12, -42.5647, 350.943, -134.959, 0.875225, -37.6777, 0.841589, -127.302, 0.875678, 120.038
1700, 28.32500, 362.672, 14.7973, 548.684, -42.6105, 351.526, -134.955, 0.874727, -37.7048, 0.841791, -127.312, 0.875973, 120.036
1700, 28.33333, 362.575, 14.7221, 549.248, -42.6562, 352.11, -134.952, 0.874228, -37.7318, 0.841993, -127.323, 0.876268, 120.033
1701, 28.34167, 362.477, 14.6469, 549.812, -42.702, 352.695, -134.948, 0.873728, -37.7586, 0.842195, -127.333, 0.876563, 120.031
1701, 28.35000, 362.378, 14.5718, 550.376, -42.7478, 353.281, -134.945, 0.873227, -37.7853, 0.842398, -127.344, 0.876859, 120.028
1702, 28.35833, 362.278, 14.4968, 550.941, -42.7937, 353.868, -134.942, 0.872726, -37.8118, 0.8426, -127.354, 0.877156, 120.025
1702, 28.36667, 362.176, 14.4218, 551.505, -42.8396, 354.457, -134.939, 0.872223, -37.8382, 0.842804, -127.365, 0.877453, 120.022
1703, 28.37500, 362.074, 14.3469, 552.069, -42.8854, 355.046, -134.936, 0.871721, -37.8644, 0.843007, -127.375, 0.87775, 120.02
1703, 28.38333, 361.97, 14.2721, 552.634, -42.9314, 355.636, -134.933, 0.871217, -37.8905, 0.843211, -127.386, 0.878048, 120.017
1704, 28.39167, 361.865, 14.1973, 553.198, -42.9773, 356.227, -134.931, 0.870713, -37.9164, 0.843416, -127.396, 0.878346, 120.014
1704, 28.40000, 361.759, 14.1226, 553.763, -43.0233, 356.819, -134.929, 0.870207, -37.9422, 0.84362, -127.407, 0.878645, 120.012
1705, 28.40833, 361.651, 14.048, 554.328, -43.0693, 357.413, -134.926, 0.869702, -37.9678, 0.843825, -127.417, 0.878945, 120.009
1705, 28.41667, 361.543, 13.9734, 554.892, -43.1153, 358.007, -134.924, 0.869195, -37.9933, 0.844031, -127.428, 0.879245, 120.006
1706, 28.42500, 361.433, 13.8989, 555.457, -43.1614, 358.602, -134.922, 0.868688, -38.0186, 0.844237, -127.439, 0.879545, 120.003
1706, 28.43333, 361.322, 13.8245, 556.021, -43.2075, 359.198, -134.921, 0.86818, -38.0437, 0.844443, -127.449, 0.879846, 120.001
1707, 28.44167, 361.21, 13.7501, 556.586, -43.2536, 359.796, -134.919, 0.867672, -38.0687, 0.844649, -127.46, 0.880147, 119.998
1707, 28.45000, 361.097, 13.6758, 557.151, -43.2997, 360.394, -134.918, 0.867163, -38.0935, 0.844856, -127.471, 0.880449, 119.995
1708, 28.45833, 360.983, 13.6016, 557.716, -43.3458, 360.993, -134.917, 0.866653, -38.1182, 0.845063, -127.481, 0.880752, 119.992
1708, 28.46667, 360.867, 13.5275, 558.281, -43.392, 361.593, -134.915, 0.866143, -38.1427, 0.845271, -127.492, 0.881054, 119.99
1709, 28.47500, 360.751, 13.4534, 558.846, -43.4382, 362.195, -134.915, 0.865632, -38.167, 0.845478, -127.503, 0.881358, 119.987
1709, 28.48333, 360.633, 13.3794, 559.411, -43.4844, 362.797, -134.914, 0.865121, -38.1912, 0.845687, -127.513, 0.881662, 119.984
1710, 28.49167, 360.514, 13.3055, 559.976, -43.5306, 363.4, -134.913, 0.864609, -38.2152, 0.845895, -127.524, 0.881966, 119.981
1710, 28.50000, 360.394, 13.2316, 560.541, -43.5769, 364.004, -134.913, 0.864096, -38.2391, 0.846104, -127.535, 0.882271, 119.978
1711, 28.50833, 360.272, 13.1579, 561.106, -43.6231, 364.609, -134.912, 0.863583, -38.2628, 0.846313, -127.545, 0.882576, 119.975
1711, 28.51667, 360.15, 13.0842, 561.671, -43.6695, 365.216, -134.912, 0.863069, -38.2864, 0.846523, -127.556, 0.882882, 119.973
1712, 28.52500, 360.026, 13.0106, 562.237, -43.7158, 365.823, -134.912, 0.862555, -38.3097, 0.846733, -127.567, 0.883188, 119.97
1712, 28.53333, 359.902, 12.937, 562.802, -43.7621, 366.431, -134.912, 0.86204, -38.3329, 0.846943, -127.578, 0.883495, 119.967
1713, 28.54167, 359.776, 12.8636, 563.367, -43.8085, 367.04, -134.912, 0.861525, -38.356, 0.847154, -127.589, 0.883803, 119.964
1713, 28.55000, 359.649, 12.7902, 563.933, -43.8548, 367.65, -134.913, 0.86101, -38.3789, 0.847365, -127.599, 0.88411, 119.961
1714, 28.55833, 359.521, 12.7169, 564.498, -43.9012, 368.261, -134.913, 0.860494, -38.4016, 0.847577, -127.61, 0.884419, 119.958
1714, 28.56667, 359.391, 12.6437, 565.064, -43.9477, 368.873, -134.914, 0.859977, -38.4241, 0.847789, -127.621, 0.884728, 119.955
1715, 28.57500, 359.261, 12.5705, 565.629, -43.9941, 369.486, -134.915, 0.85946, -38.4465, 0.848001, -127.632, 0.885037, 119.952
1715, 28.58333, 359.13, 12.4975, 566.195, -44.0406, 370.1, -134.916, 0.858943, -38.4687, 0.848213, -127.643, 0.885347, 119.949
1716, 28.59167, 358.997, 12.4245, 566.761, -44.087, 370.715, -134.917, 0.858425, -38.4908, 0.848426, -127.654, 0.885657, 119.946
1716, 28.60000, 358.863, 12.3517, 567.326, -44.1335, 371.331, -134.918, 0.857907, -38.5127, 0.84864, -127.665, 0.885968, 119.943
1717, 28.60833, 358.728, 12.2789, 567.892, -44.18, 371.948, -134.92, 0.857388, -38.5344, 0.848853, -127.676, 0.886279, 119.94
1717, 28.61667, 358.592, 12.2061, 568.458, -44.2266, 372.566, -134.921, 0.856869, -38.5559, 0.849068, -127.687, 0.886591, 119.937
1718, 28.62500, 358.455, 12.1335, 569.024, -44.2731, 373.184, -134.923, 0.85635, -38.5773, 0.849282, -127.698, 0.886904, 119.934
1718, 28.63333, 358.317, 12.061, 569.59, -44.3197, 373.804, -134.925, 0.85583, -38.5985, 0.849497, -127.709, 0.887217, 119.931
1719, 28.64167, 358.178, 11.9885, 570.156, -44.3663, 374.425, -134.927, 0.85531, -38.6195, 0.849712, -127.72, 0.88753, 119.928
1719, 28.65000, 358.037, 11.9162, 570.722, -44.4128, 375.046, -134.929, 0.85479, -38.6404, 0.849928, -127.731, 0.887844, 119.925
1720, 28.65833, 357.896, 11.8439, 571.288, -44.4595, 375.669, -134.932, 0.85427, -38.6611, 0.850144, -127.742, 0.888159, 119.922
1720, 28.66667, 357.753, 11.7717, 571.855, -44.5061, 376.292, -134.934, 0.853749, -38.6816, 0.85036, -127.753, 0.888474, 119.919
1721, 28.67500, 357.609, 11.6996, 572.421, -44.5527, 376.917, -134.937, 0.853228, -38.7019, 0.850577, -127.764, 0.888789, 119.916
1721, 28.68333, 357.464, 11.6277, 572.987, -44.5994, 377.542, -134.939, 0.852707, -38.7221, 0.850794, -127.775, 0.889105, 119.913
1722, 28.69167, 357.318, 11.5557, 573.554, -44.6461, 378.168, -134.942, 0.852185, -38.7421, 0.851012, -127.786, 0.889422, 119.91
1722, 28.70000, 357.171, 11.4839, 574.12, -44.6927, 378.795, -134.945, 0.851663, -38.7619, 0.85123, -127.797, 0.889739, 119.907
1723, 28.70833, 357.023, 11.4122, 574.687, -44.7394, 379.424, -134.948, 0.851141, -38.7815, 0.851448, -127.808, 0.890056, 119.904
1723, 28.71667, 356.874, 11.3406, 575.253, -44.7862, 380.053, -134.952, 0.850619, -38.801, 0.851667, -127.819, 0.890374, 119.901
1724, 28.72500, 356.723, 11.2691, 575.82, -44.8329, 380.683, -134.955, 0.850097, -38.8203, 0.851886, -127.831, 0.890693, 119.898
1724, 28.73333, 356.572, 11.1976, 576.387, -44.8796, 381.314, -134.959, 0.849574, -38.8394, 0.852105, -127.842, 0.891012, 119.895
1725, 28.74167, 356.42, 11.1263, 576.954, -44.9264, 381.946, -134.962, 0.849052, -38.8583, 0.852325, -127.853, 0.891332, 119.892
1725, 28.75000, 356.266, 11.0551, 577.521, -44.9732, 382.578, -134.966, 0.848529, -38.8771, 0.852545, -127.864, 0.891652, 119.888
1726, 28.75833, 356.111, 10.9839, 578.088, -45.0199, 383.212, -134.97, 0.848006, -38.8957, 0.852766, -127.875, 0.891973, 119.885
1726, 28.76667, 355.956, 10.9129, 578.655, -45.0667, 383.847, -134.974, 0.847483, -38.9141, 0.852987, -127.887, 0.892294, 119.882
1727, 28.77500, 355.799, 10.8419, 579.222, -45.1136, 384.482, -134.979, 0.84696, -38.9323, 0.853209, -127.898, 0.892616, 119.879
1727, 28.78333, 355.641, 10.7711, 579.789, -45.1604, 385.119, -134.983, 0.846436, -38.9503, 0.853431, -127.909, 0.892938, 119.876
1728, 28.79167, 355.482, 10.7004, 580.357, -45.2072, 385.756, -134.988, 0.845913, -38.9682, 0.853653, -127.921, 0.893261, 119.873
1728, 28.80000, 355.322, 10.6297, 580.924, -45.2541, 386.394, -134.992, 0.84539, -38.9859, 0.853876, -127.932, 0.893584, 119.869
1729, 28.80833, 355.161, 10.5592, 581.492, -45.3009, 387.033, -134.997, 0.844866, -39.0034, 0.854099, -127.943, 0.893908, 119.866
1729, 28.81667, 354.999, 10.4887, 582.059, -45.3478, 387.674, -135.002, 0.844343, -39.0207, 0.854322, -127.955, 0.894233, 119.863
1730, 28.82500, 354.836, 10.4184, 582.627, -45.3946, 388.314, -135.007, 0.84382, -39.0378, 0.854546, -127.966, 0.894558, 119.86
1730, 28.83333, 354.672, 10.3482, 583.195, -45.4415, 388.956, -135.012, 0.843296, -39.0548, 0.854771, -127.977, 0.894883, 119.857
1731, 28.84167, 354.507, 10.2781, 583.763, -45.4884, 389.599, -135.018, 0.842773, -39.0715, 0.854996, -127.989, 0.895209, 119.853
1731, 28.85000, 354.341, 10.208, 584.33, -45.5353, 390.243, -135.023, 0.84225, -39.0881, 0.855221, -128, 0.895536, 119.85
1732, 28.85833, 354.173, 10.1381, 584.898, -45.5823, 390.887, -135.029, 0.841726, -39.1045, 0.855446, -128.012, 0.895863, 119.847
1732, 28.86667, 354.005, 10.0683, 585.467, -45.6292, 391.533, -135.035, 0.841203, -39.1208, 0.855672, -128.023, 0.89619, 119.843
1733, 28.87500, 353.836, 9.99863, 586.035, -45.6761, 392.179, -135.041, 0.84068, -39.1368, 0.855899, -128.035, 0.896519, 119.84
1733, 28.88333, 353.666, 9.92905, 586.603, -45.7231, 392.827, -135.047, 0.840157, -39.1526, 0.856126, -128.046, 0.896847, 119.837
1734, 28.89167, 353.494, 9.85956, 587.172, -45.77, 393.475, -135.053, 0.839634, -39.1683, 0.856353, -128.058, 0.897177, 119.834
1734, 28.90000, 353.322, 9.7902, 587.74, -45.817, 394.124, -135.059, 0.839111, -39.1838, 0.856581, -128.069, 0.897506, 119.83
1735, 28.90833, 353.148, 9.72094, 588.309, -45.864, 394.774, -135.065, 0.838589, -39.1991, 0.856809, -128.081, 0.897837, 119.827
1735, 28.91667, 352.974, 9.65179, 588.878, -45.9109, 395.425, -135.072, 0.838066, -39.2142, 0.857037, -128.093, 0.898168, 119.824
1736, 28.92500, 352.799, 9.58276, 589.447, -45.9579, 396.076, -135.079, 0.837544, -39.2291, 0.857266, -128.104, 0.898499, 119.82
1736, 28.93333, 352.622, 9.51384, 590.016, -46.0049, 396.729, -135.085, 0.837022, -39.2438, 0.857496, -128.116, 0.898831, 119.817
1737, 28.94167, 352.445, 9.44503, 590.585, -46.0519, 397.382, -135.092, 0.8365, -39.2584, 0.857726, -128.127, 0.899164, 119.814
1737, 28.95000, 352.266, 9.37634, 591.154, -46.0989, 398.037, -135.099, 0.835978, -39.2727, 0.857956, -128.139, 0.899497, 119.81
1738, 28.95833, 352.087, 9.30776, 591.723, -46.146, 398.692, -135.106, 0.835457, -39.2869, 0.858187, -128.151, 0.899831, 119.807
1738, 28.96667, 351.907, 9.23929, 592.293, -46.193, 399.348, -135.114, 0.834935, -39.3009, 0.858418, -128.162, 0.900165, 119.803
1739, 28.97500, 351.725, 9.17094, 592.862, -46.24, 400.005, -135.121, 0.834415, -39.3147, 0.858649, -128.174, 0.9005, 119.8
1739, 28.98333, 351.543, 9.10271, 593.432, -46.287, 400.663, -135.129, 0.833894, -39.3282, 0.858881, -128.186, 0.900835, 119.797
1740, 28.99167, 351.36, 9.03459, 594.002, -46.3341, 401.321, -135.136, 0.833374, -39.3417, 0.859114, -128.198, 0.901171, 119.793
1740, 29.00000, 351.175, 8.9666, 594.572, -46.3811, 401.981, -135.144, 0.832853, -39.3549, 0.859347, -128.21, 0.901507, 119.79
1741, 29.00833, 350.99, 8.89873, 595.142, -46.4282, 402.641, -135.152, 0.832334, -39.3679, 0.85958, -128.221, 0.901844, 119.786
1741, 29.01667, 350.804, 8.83096, 595.712, -46.4753, 403.303, -135.16, 0.831814, -39.3807, 0.859814, -128.233, 0.902182, 119.783
1742, 29.02500, 350.616, 8.76333, 596.282, -46.5223, 403.965, -135.168, 0.831295, -39.3934, 0.860048, -128.245, 0.90252, 119.779
1742, 29.03333, 350.428, 8.69581, 596.853, -46.5694, 404.628, -135.177, 0.830777, -39.4058, 0.860283, -128.257, 0.902859, 119.776
1743, 29.04167, 350.239, 8.62841, 597.423, -46.6165, 405.292, -135.185, 0.830258, -39.4181, 0.860518, -128.269, 0.903198, 119.772
1743, 29.05000, 350.049, 8.56114, 597.994, -46.6635, 405.956, -135.193, 0.82974, -39.4302, 0.860753, -128.281, 0.903538, 119.769
1744, 29.05833, 349.858, 8.49399, 598.565, -46.7106, 406.622, -135.202, 0.829223, -39.4421, 0.860989, -128.293, 0.903878, 119.765
1744, 29.06667, 349.666, 8.42696, 599.136, -46.7577, 407.288, -135.211, 0.828706, -39.4538, 0.861226, -128.305, 0.904219, 119.762
1745, 29.07500, 349.473, 8.36006, 599.707, -46.8048, 407.956, -135.22, 0.828189, -39.4653, 0.861463, -128.316, 0.904561, 119.758
1745, 29.08333, 349.279, 8.29328, 600.279, -46.8519, 408.624, -135.229, 0.827673, -39.4766, 0.8617, -128.328, 0.904903, 119.755
1746, 29.09167, 349.084, 8.22663, 600.85, -46.899, 409.293, -135.238, 0.827158, -39.4877, 0.861938, -128.34, 0.905245, 119.751
1746, 29.10000, 348.889, 8.1601, 601.422, -46.9461, 409.963, -135.247, 0.826642, -39.4986, 0.862176, -128.353, 0.905589, 119.748
1747, 29.10833, 348.692, 8.0937, 601.993, -46.9932, 410.633, -135.256, 0.826128, -39.5093, 0.862415, -128.365, 0.905932, 119.744
1747, 29.11667, 348.494, 8.02743, 602.565, -47.0403, 411.305, -135.266, 0.825614, -39.5198, 0.862654, -128.377, 0.906277, 119.74
1748, 29.12500, 348.296, 7.96129, 603.138, -47.0874, 411.977, -135.275, 0.8251, -39.5302, 0.862894, -128.389, 0.906622, 119.737
1748, 29.13333, 348.096, 7.89527, 603.71, -47.1346, 412.651, -135.285, 0.824587, -39.5403, 0.863134, -128.401, 0.906967, 119.733
1749, 29.14167, 347.896, 7.82938, 604.282, -47.1817, 413.325, -135.295, 0.824075, -39.5502, 0.863374, -128.413, 0.907314, 119.73
1749, 29.15000, 347.695, 7.76363, 604.855, -47.2288, 414, -135.305, 0.823563, -39.56, 0.863615, -128.425, 0.90766, 119.726
1750, 29.15833, 347.493, 7.69801, 605.428, -47.2759, 414.675, -135.315, 0.823051, -39.5695, 0.863857, -128.437, 0.908008, 119.722
1750, 29.16667, 347.29, 7.63251, 606.001, -47.3231, 415.352, -135.325, 0.822541, -39.5789, 0.864099, -128.45, 0.908355, 119.719
1751, 29.17500, 347.086, 7.56715, 606.574, -47.3702, 416.029, -135.335, 0.822031, -39.5881, 0.864341, -128.462, 0.908704, 119.715
1751, 29.18333, 346.881, 7.50192, 607.147, -47.4173, 416.708, -135.346, 0.821521, -39.597, 0.864584, -128.474, 0.909053, 119.711
1752, 29.19167, 346.675, 7.43682, 607.721, -47.4644, 417.387, -135.356, 0.821013, -39.6058, 0.864827, -128.486, 0.909402, 119.708
1752, 29.20000, 346.469, 7.37186, 608.294, -47.5116, 418.067, -135.367, 0.820505, -39.6144, 0.865071, -128.499, 0.909753, 119.704
1753, 29.20833, 346.261, 7.30704, 608.868, -47.5587, 418.748, -135.378, 0.819997, -39.6227, 0.865315, -128.511, 0.910103, 119.7
1753, 29.21667, 346.053, 7.24235, 609.442, -47.6058, 419.429, -135.388, 0.819491, -39.6309, 0.86556, -128.523, 0.910455, 119.697
1754, 29.22500, 345.843, 7.17779, 610.017, -47.653, 420.112, -135.399, 0.818985, -39.6389, 0.865805, -128.536, 0.910807, 119.693
1754, 29.23333, 345.633, 7.11338, 610.591, -47.7001, 420.795, -135.41, 0.818479, -39.6467, 0.866051, -128.548, 0.911159, 119.689
1755, 29.24167, 345.422, 7.04909, 611.166, -47.7473, 421.479, -135.421, 0.817975, -39.6543, 0.866297, -128.56, 0.911513, 119.685
1755, 29.25000, 345.21, 6.98495, 611.741, -47.7944, 422.164, -135.433, 0.817471, -39.6617, 0.866544, -128.573, 0.911866, 119.682
1756, 29.25833, 344.998, 6.92095, 612.316, -47.8415, 422.85, -135.444, 0.816969, -39.6689, 0.866791, -128.585, 0.912221, 119.678
1756, 29.26667, 344.784, 6.85708, 612.891, -47.8887, 423.536, -135.456, 0.816466, -39.6759, 0.867039, -128.598, 0.912576, 119.674
1757, 29.27500, 344.57, 6.79336, 613.466, -47.9358, 424.224, -135.467, 0.815965, -39.6827, 0.867287, -128.61, 0.912931, 119.67
1757, 29.28333, 344.355, 6.72978, 614.042, -47.9829, 424.912, -135.479, 0.815465, -39.6893, 0.867536, -128.623, 0.913288, 119.667
1758, 29.29167, 344.139, 6.66633, 614.618, -48.0301, 425.601, -135.491, 0.814965, -39.6957, 0.867785, -128.635, 0.913644, 119.663
1758, 29.30000, 343.922, 6.60303, 615.194, -48.0772, 426.291, -135.502, 0.814466, -39.7019, 0.868034, -128.648, 0.914002, 119.659
1759, 29.30833, 343.704, 6.53988, 615.771, -48.1243, 426.982, -135.514, 0.813969, -39.7079, 0.868284, -128.66, 0.91436, 119.655
1759, 29.31667, 343.485, 6.47686, 616.347, -48.1715, 427.673, -135.527, 0.813472, -39.7137, 0.868535, -128.673, 0.914718, 119.651
1760, 29.32500, 343.266, 6.41399, 616.924, -48.2186, 428.366, -135.539, 0.812976, -39.7193, 0.868786, -128.686, 0.915078, 119.648
1760, 29.33333, 343.046, 6.35126, 617.501, -48.2657, 429.059, -135.551, 0.812481, -39.7247, 0.869038, -128.698, 0.915437, 119.644
1761, 29.34167, 342.825, 6.28867, 618.078, -48.3129, 429.753, -135.563, 0.811986, -39.7299, 0.86929, -128.711, 0.915798, 119.64
1761, 29.35000, 342.603, 6.22624, 618.656, -48.36, 430.448, -135.576, 0.811493, -39.735, 0.869542, -128.724, 0.916159, 119.636
1762, 29.35833, 342.38, 6.16395, 619.234, -48.4071, 431.143, -135.589, 0.811001, -39.7398, 0.869795, -128.736, 0.91652, 119.632
1762, 29.36667, 342.157, 6.1018, 619.812, -48.4543, 431.84, -135.601, 0.81051, -39.7444, 0.870049, -128.749, 0.916883, 119.628
1763, 29.37500, 341.933, 6.03981, 620.39, -48.5014, 432.537, -135.614, 0.810019, -39.7488, 0.870303, -128.762, 0.917246, 119.624
1763, 29.38333, 341.708, 5.97797, 620.969, -48.5485, 433.235, -135.627, 0.80953, -39.753, 0.870557, -128.775, 0.917609, 119.62
1764, 29.39167, 341.482, 5.91626, 621.547, -48.5956, 433.934, -135.64, 0.809042, -39.7571, 0.870812, -128.788, 0.917973, 119.616
1764, 29.40000, 341.255, 5.85472, 622.126, -48.6428, 434.634, -135.653, 0.808555, -39.7609, 0.871068, -128.8, 0.918338, 119.613
1765, 29.40833, 341.028, 5.79332, 622.706, -48.6899, 435.334, -135.666, 0.808069, -39.7645, 0.871324, -128.813, 0.918703, 119.609
1765, 29.41667, 340.8, 5.73207, 623.285, -48.737, 436.036, -135.68, 0.807584, -39.7679, 0.87158, -128.826, 0.919069, 119.605
1766, 29.42500, 340.571, 5.67097, 623.865, -48.7841, 436.738, -135.693, 0.8071, -39.7712, 0.871838, -128.839, 0.919436, 119.601
1766, 29.43333, 340.341, 5.61003, 624.445, -48.8312, 437.441, -135.706, 0.806617, -39.7742, 0.872095, -128.852, 0.919803, 119.597
1767, 29.44167, 340.111, 5.54923, 625.026, -48.8783, 438.145, -135.72, 0.806135, -39.777, 0.872353, -128.865, 0.920171, 119.593
1767, 29.45000, 339.88, 5.4886, 625.606, -48.9254, 438.849, -135.734, 0.805655, -39.7796, 0.872612, -128.878, 0.92054, 119.589
1768, 29.45833, 339.648, 5.42811, 626.187, -48.9725, 439.555, -135.747, 0.805175, -39.7821, 0.872871, -128.891, 0.920909, 119.585
1768, 29.46667, 339.415, 5.36778, 626.769, -49.0196, 440.261, -135.761, 0.804697, -39.7843, 0.873131, -128.904, 0.921279, 119.581
1769, 29.47500, 339.182, 5.3076, 627.35, -49.0667, 440.968, -135.775, 0.80422, -39.7863, 0.873391, -128.917, 0.921649, 119.577
1769, 29.48333, 338.947, 5.24759, 627.932, -49.1138, 441.676, -135.789, 0.803744, -39.7882, 0.873651, -128.93, 0.92202, 119.573
1770, 29.49167, 338.713, 5.18772, 628.514, -49.1609, 442.385, -135.803, 0.80327, -39.7898, 0.873913, -128.943, 0.922392, 119.569
1770, 29.50000, 338.477, 5.12801, 629.097, -49.208, 443.094, -135.818, 0.802796, -39.7912, 0.874174, -128.957, 0.922764, 119.564
1771, 29.50833, 338.241, 5.06847, 629.679, -49.2551, 443.804, -135.832, 0.802324, -39.7925, 0.874437, -128.97, 0.923137, 119.56
1771, 29.51667, 338.003, 5.00907, 630.263, -49.3022, 444.515, -135.846, 0.801853, -39.7935, 0.874699, -128.983, 0.923511, 119.556
1772, 29.52500, 337.766, 4.94984, 630.846, -49.3493, 445.227, -135.861, 0.801384, -39.7944, 0.874963, -128.996, 0.923885, 119.552
1772, 29.53333, 337.527, 4.89077, 631.43, -49.3963, 445.94, -135.876, 0.800915, -39.795, 0.875226, -129.01, 0.92426, 119.548
1773, 29.54167, 337.288, 4.83185, 632.014, -49.4434, 446.654, -135.89, 0.800448, -39.7955, 0.875491, -129.023, 0.924636, 119.544
1773, 29.55000, 337.048, 4.7731, 632.598, -49.4905, 447.368, -135.905, 0.799983, -39.7957, 0.875756, -129.036, 0.925012, 119.54
1774, 29.55833, 336.807, 4.71451, 633.183, -49.5375, 448.083, -135.92, 0.799518, -39.7958, 0.876021, -129.049, 0.925389, 119.536
1774, 29.56667, 336.566, 4.65607, 633.768, -49.5846, 448.799, -135.935, 0.799055, -39.7956, 0.876287, -129.063, 0.925767, 119.532
1775, 29.57500, 336.324, 4.59781, 634.353, -49.6317, 449.516, -135.95, 0.798594, -39.7953, 0.876554, -129.076, 0.926145, 119.527
1775, 29.58333, 336.081, 4.53971, 634.939, -49.6787, 450.233, -135.965, 0.798134, -39.7947, 0.876821, -129.09, 0.926524, 119.523
1776, 29.59167, 335.838, 4.48176, 635.525, -49.7258, 450.952, -135.98, 0.797675, -39.794, 0.877088, -129.103, 0.926903, 119.519
1776, 29.60000, 335.594, 4.42399, 636.111, -49.7728, 451.671, -135.995, 0.797217, -39.793, 0.877356, -129.117, 0.927284, 119.515
1777, 29.60833, 335.349, 4.36637, 636.698, -49.8198, 452.391, -136.011, 0.796761, -39.7919, 0.877625, -129.13, 0.927664, 119.511
1777, 29.61667, 335.104, 4.30892, 637.285, -49.8669, 453.112, -136.026, 0.796307, -39.7906, 0.877894, -129.144, 0.928046, 119.507
1778, 29.62500, 334.858, 4.25164, 637.872, -49.9139, 453.834, -136.042, 0.795854, -39.789, 0.878164, -129.157, 0.928428, 119.502
1778, 29.63333, 334.611, 4.19453, 638.46, -49.9609, 454.556, -136.058, 0.795402, -39.7873, 0.878434, -129.171, 0.928811, 119.498
1779, 29.64167, 334.364, 4.13758, 639.048, -50.008, 455.279, -136.073, 0.794952, -39.7854, 0.878705, -129.184, 0.929195, 119.494
1779, 29.65000, 334.116, 4.0808, 639.637, -50.055, 456.003, -136.089, 0.794503, -39.7833, 0.878976, -129.198, 0.929579, 119.49
1780, 29.65833, 333.867, 4.02419, 640.226, -50.102, 456.728, -136.105, 0.794056, -39.7809, 0.879248, -129.212, 0.929964, 119.485
1780, 29.66667, 333.618, 3.96774, 640.815, -50.149, 457.454, -136.121, 0.793611, -39.7784, 0.879521, -129.225, 0.930349, 119.481
1781, 29.67500, 333.368, 3.91147, 641.405, -50.196, 458.181, -136.137, 0.793167, -39.7757, 0.879794, -129.239, 0.930736, 119.477
1781, 29.68333, 333.117, 3.85537, 641.995, -50.243, 458.908, -136.153, 0.792724, -39.7728, 0.880067, -129.253, 0.931122, 119.473
1782, 29.69167, 332.866, 3.79944, 642.585, -50.29, 459.636, -136.169, 0.792283, -39.7697, 0.880341, -129.267, 0.93151, 119.468
1782, 29.70000, 332.614, 3.74368, 643.176, -50.337, 460.365, -136.186, 0.791844, -39.7664, 0.880616, -129.281, 0.931898, 119.464
1783, 29.70833, 332.362, 3.68809, 643.767, -50.384, 461.095, -136.202, 0.791406, -39.7629, 0.880891, -129.294, 0.932287, 119.46
1783, 29.71667, 332.109, 3.63267, 644.359, -50.431, 461.825, -136.218, 0.79097, -39.7592, 0.881167, -129.308, 0.932677, 119.455
1784, 29.72500, 331.855, 3.57742, 644.951, -50.4779, 462.557, -136.235, 0.790536, -39.7554, 0.881443, -129.322, 0.933067, 119.451
1784, 29.73333, 331.601, 3.52236, 645.544, -50.5249, 463.289, -136.251, 0.790103, -39.7513, 0.88172, -129.336, 0.933458, 119.447
1785, 29.74167, 331.346, 3.46745, 646.137, -50.5719, 464.022, -136.268, 0.789672, -39.747, 0.881998, -129.35, 0.93385, 119.442
1785, 29.75000, 331.091, 3.41273, 646.73, -50.6189, 464.756, -136.285, 0.789242, -39.7426, 0.882276, -129.364, 0.934243, 119.438
1786, 29.75833, 330.835, 3.35819, 647.324, -50.6658, 465.491, -136.302, 0.788814, -39.7379, 0.882554, -129.378, 0.934636, 119.433
1786, 29.76667, 330.578, 3.30381, 647.918, -50.7128, 466.226, -136.319, 0.788388, -39.7331, 0.882834, -129.392, 0.93503, 119.429
1787, 29.77500, 330.321, 3.24962, 648.513, -50.7597, 466.962, -136.336, 0.787964, -39.728, 0.883113, -129.406, 0.935424, 119.425
1787, 29.78333, 330.063, 3.19561, 649.108, -50.8067, 467.7, -136.353, 0.787542, -39.7228, 0.883394, -129.42, 0.935819, 119.42
1788, 29.79167, 329.805, 3.14176, 649.703, -50.8536, 468.438, -136.37, 0.787121, -39.7174, 0.883674, -129.435, 0.936215, 119.416
1788, 29.80000, 329.546, 3.0881, 650.299, -50.9005, 469.176, -136.387, 0.786702, -39.7118, 0.883956, -129.449, 0.936612, 119.411
1789, 29.80833, 329.286, 3.03462, 650.896, -50.9475, 469.916, -136.404, 0.786284, -39.706, 0.884238, -129.463, 0.937009, 119.407
1789, 29.81667, 329.026, 2.98131, 651.493, -50.9944, 470.656, -136.422, 0.785869, -39.7, 0.884521, -129.477, 0.937407, 119.402
1790, 29.82500, 328.766, 2.92819, 652.09, -51.0413, 471.398, -136.439, 0.785455, -39.6938, 0.884804, -129.492, 0.937806, 119.398
1790, 29.83333, 328.505, 2.87525, 652.688, -51.0882, 472.14, -136.457, 0.785043, -39.6874, 0.885087, -129.506, 0.938206, 119.393
1791, 29.84167, 328.243, 2.82248, 653.286, -51.1352, 472.883, -136.474, 0.784633, -39.6808, 0.885372, -129.52, 0.938606, 119.389
1791, 29.85000, 327.981, 2.7699, 653.885, -51.1821, 473.626, -136.492, 0.784225, -39.6741, 0.885657, -129.535, 0.939007, 119.384
1792, 29.85833, 327.718, 2.71751, 654.484, -51.229, 474.371, -136.509, 0.783819, -39.6671, 0.885942, -129.549, 0.939409, 119.38
1792, 29.86667, 327.455, 2.66529, 655.084, -51.2759, 475.116, -136.527, 0.783414, -39.66, 0.886228, -129.563, 0.939811, 119.375
1793, 29.87500, 327.191, 2.61326, 655.684, -51.3228, 475.862, -136.545, 0.783012, -39.6526, 0.886515, -129.578, 0.940214, 119.371
1793, 29.88333, 326.927, 2.56141, 656.285, -51.3696, 476.609, -136.563, 0.782611, -39.6451, 0.886802, -129.592, 0.940618, 119.366
1794, 29.89167, 326.662, 2.50974, 656.886, -51.4165, 477.357, -136.581, 0.782212, -39.6374, 0.88709, -129.607, 0.941023, 119.362
1794, 29.90000, 326.397, 2.45826, 657.488, -51.4634, 478.106, -136.599, 0.781816, -39.6295, 0.887378, -129.621, 0.941428, 119.357
1795, 29.90833, 326.131, 2.40697, 658.09, -51.5103, 478.856, -136.617, 0.781421, -39.6215, 0.887667, -129.636, 0.941834, 119.353
1795, 29.91667, 325.865, 2.35585, 658.693, -51.5572, 479.606, -136.635, 0.781028, -39.6132, 0.887957, -129.651, 0.942241, 119.348
1796, 29.92500, 325.598, 2.30493, 659.296, -51.604, 480.357, -136.654, 0.780637, -39.6048, 0.888247, -129.665, 0.942648, 119.343
1796, 29.93333, 325.331, 2.2542, 659.9, -51.6509, 481.109, -136.672, 0.780248, -39.5961, 0.888538, -129.68, 0.943056, 119.339
1797, 29.94167, 325.063, 2.20365, 660.504, -51.6978, 481.862, -136.69, 0.779861, -39.5873, 0.888829, -129.695, 0.943465, 119.334
1797, 29.95000, 324.795, 2.15329, 661.109, -51.7446, 482.616, -136.709, 0.779476, -39.5783, 0.889121, -129.71, 0.943875, 119.329
1798, 29.95833, 324.526, 2.10312, 661.715, -51.7915, 483.37, -136.727, 0.779094, -39.5691, 0.889414, -129.724, 0.944286, 119.325
1798, 29.96667, 324.257, 2.05314, 662.321, -51.8383, 484.126, -136.746, 0.778713, -39.5597, 0.889707, -129.739, 0.944697, 119.32
1799, 29.97500, 323.987, 2.00335, 662.927, -51.8851, 484.882, -136.765, 0.778334, -39.5502, 0.890001, -129.754, 0.945109, 119.315
1799, 29.98333, 323.717, 1.95375, 663.534, -51.932, 485.639, -136.783, 0.777957, -39.5405, 0.890295, -129.769, 0.945522, 119.311
1800, 29.99167, 323.446, 1.90434, 664.142, -51.9788, 486.397, -136.802, 0.777583, -39.5305, 0.89059, -129.784, 0.945935, 119.306
1800, 30.00000, 323.175, 1.85512, 664.75, -52.0256, 487.156, -136.821, 0.77721, -39.5204, 0.890886, -129.799, 0.946349, 119.301
1801, 30.00833, 322.904, 1.8061, 665.359, -52.0725, 487.916, -136.84, 0.77684, -39.5102, 0.891182, -129.814, 0.946764, 119.297
1801, 30.01667, 322.632, 1.75726, 665.968, -52.1193, 488.676, -136.859, 0.776472, -39.4997, 0.891479, -129.829, 0.94718, 119.292
1802, 30.02500, 322.359, 1.70862, 666.578, -52.1661, 489.438, -136.878, 0.776106, -39.489, 0.891777, -129.844, 0.947597, 119.287
1802, 30.03333, 322.087, 1.66018, 667.188, -52.2129, 490.2, -136.897, 0.775742, -39.4782, 0.892075, -129.859, 0.948014, 119.282
1803, 30.04167, 321.813, 1.61192, 667.8, -52.2597, 490.963, -136.916, 0.77538, -39.4672, 0.892373, -129.874, 0.948432, 119.278
1803, 30.05000, 321.54, 1.56387, 668.411, -52.3065, 491.727, -136.935, 0.775021, -39.456, 0.892673, -129.889, 0.948851, 119.273
1804, 30.05833, 321.266, 1.516, 669.023, -52.3533, 492.492, -136.955, 0.774663, -39.4447, 0.892972, -129.905, 0.949271, 119.268
1804, 30.06667, 320.991, 1.46833, 669.636, -52.4001, 493.257, -136.974, 0.774308, -39.4331, 0.893273, -129.92, 0.949691, 119.263
1805, 30.07500, 320.716, 1.42087, 670.25, -52.4469, 494.024, -136.993, 0.773955, -39.4214, 0.893574, -129.935, 0.950112, 119.258
1805, 30.08333, 320.441, 1.3736, 670.864, -52.4937, 494.791, -137.013, 0.773605, -39.4095, 0.893876, -129.95, 0.950534, 119.254
1806, 30.09167, 320.165, 1.32652, 671.479, -52.5405, 495.56, -137.032, 0.773256, -39.3975, 0.894178, -129.966, 0.950957, 119.249
1806, 30.10000, 319.889, 1.27964, 672.094, -52.5873, 496.329, -137.052, 0.77291, -39.3852, 0.894481, -129.981, 0.95138, 119.244
1807, 30.10833, 319.613, 1.23296, 672.71, -52.6341, 497.099, -137.071, 0.772566, -39.3728, 0.894785, -129.997, 0.951805, 119.239
1807, 30.11667, 319.336, 1.18648, 673.326, -52.6809, 497.87, -137.091, 0.772224, -39.3602, 0.895089, -130.012, 0.95223, 119.234
1808, 30.12500, 319.058, 1.1402, 673.944, -52.7277, 498.641, -137.111, 0.771885, -39.3475, 0.895394, -130.028, 0.952656, 119.229
1808, 30.13333, 318.781, 1.09412, 674.562, -52.7744, 499.414, -137.131, 0.771548, -39.3345, 0.895699, -130.043, 0.953082, 119.224
1809, 30.14167, 318.503, 1.04824, 675.18, -52.8212, 500.188, -137.15, 0.771213, -39.3214, 0.896006, -130.059, 0.95351, 119.22
1809, 30.15000, 318.224, 1.00257, 675.799, -52.868, 500.962, -137.17, 0.770881, -39.3082, 0.896312, -130.074, 0.953938, 119.215
1810, 30.15833, 317.946, 0.957091, 676.419, -52.9147, 501.737, -137.19, 0.770551, -39.2947, 0.89662, -130.09, 0.954367, 119.21
1810, 30.16667, 317.666, 0.911814, 677.04, -52.9615, 502.513, -137.21, 0.770223, -39.2811, 0.896928, -130.106, 0.954797, 119.205
1811, 30.17500, 317.387, 0.866744, 677.661, -53.0083, 503.29, -137.23, 0.769898, -39.2673, 0.897236, -130.121, 0.955228, 119.2
1811, 30.18333, 317.107, 0.821879, 678.283, -53.055, 504.068, -137.251, 0.769575, -39.2533, 0.897546, -130.137, 0.955659, 119.195
1812, 30.19167, 316.827, 0.777211, 678.905, -53.1018, 504.847, -137.271, 0.769255, -39.2392, 0.897856, -130.153, 0.956092, 119.19
1812, 30.20000, 316.547, 0.732754, 679.528, -53.1485, 505.627, -137.291, 0.768937, -39.2249, 0.898166, -130.169, 0.956525, 119.185
1813, 30.20833, 316.266, 0.688501, 680.152, -53.1953, 506.408, -137.311, 0.768621, -39.2105, 0.898477, -130.185, 0.956959, 119.18
1813, 30.21667, 315.985, 0.644449, 680.777, -53.2421, 507.189, -137.332, 0.768308, -39.1958, 0.898789, -130.201, 0.957393, 119.175
1814, 30.22500, 315.703, 0.600608, 681.402, -53.2888, 507.972, -137.352, 0.767998, -39.1811, 0.899102, -130.217, 0.957829, 119.17
1814, 30.23333, 315.421, 0.556974, 682.028, -53.3356, 508.755, -137.372, 0.767689, -39.1661, 0.899415, -130.233, 0.958265, 119.165
1815, 30.24167, 315.139, 0.513541, 682.655, -53.3823, 509.539, -137.393, 0.767384, -39.151, 0.899729, -130.249, 0.958703, 119.16
1815, 30.25000, 314.857, 0.470321, 683.282, -53.4291, 510.324, -137.413, 0.76708, -39.1357, 0.900043, -130.265, 0.959141, 119.155
1816, 30.25833, 314.574, 0.42731, 683.911, -53.4758, 511.11, -137.434, 0.76678, -39.1203, 0.900358, -130.281, 0.95958, 119.15
1816, 30.26667, 314.291, 0.384502, 684.539, -53.5226, 511.897, -137.455, 0.766481, -39.1046, 0.900674, -130.297, 0.960019, 119.145
1817, 30.27500, 314.008, 0.341908, 685.169, -53.5693, 512.685, -137.475, 0.766186, -39.0889, 0.90099, -130.313, 0.96046, 119.139
1817, 30.28333, 313.724, 0.299523, 685.799, -53.616, 513.474, -137.496, 0.765893, -39.073, 0.901307, -130.329, 0.960901, 119.134
1818, 30.29167, 313.44, 0.257344, 686.431, -53.6628, 514.264, -137.517, 0.765602, -39.0569, 0.901625, -130.346, 0.961344, 119.129
1818, 30.30000, 313.156, 0.215381, 687.062, -53.7095, 515.054, -137.538, 0.765314, -39.0406, 0.901944, -130.362, 0.961787, 119.124
1819, 30.30833, 312.871, 0.173629, 687.695, -53.7563, 515.846, -137.559, 0.765029, -39.0242, 0.902263, -130.378, 0.962231, 119.119
1819, 30.31667, 312.587, 0.132084, 688.328, -53.803, 516.638, -137.58, 0.764746, -39.0077, 0.902582, -130.395, 0.962675, 119.114
1820, 30.32500, 312.302, 0.0907562, 688.963, -53.8498, 517.432, -137.601, 0.764465, -38.9909, 0.902903, -130.411, 0.963121, 119.109
1820, 30.33333, 312.016, 0.0496412, 689.597, -53.8965, 518.226, -137.622, 0.764188, -38.9741, 0.903224, -130.428, 0.963568, 119.104
1821, 30.34167, 311.731, 0.00873452, 690.233, -53.9433, 519.022, -137.643, 0.763913, -38.9571, 0.903545, -130.444, 0.964015, 119.098
1821, 30.35000, 311.445, -0.0319533, 690.87, -53.99, 519.818, -137.664, 0.76364, -38.9399, 0.903868, -130.461, 0.964463, 119.093
1822, 30.35833, 311.159, -0.0724268, 691.507, -54.0368, 520.615, -137.685, 0.763371, -38.9225, 0.904191, -130.477, 0.964912, 119.088
1822, 30.36667, 310.873, -0.11269, 692.145, -54.0835, 521.413, -137.706, 0.763104, -38.9051, 0.904514, -130.494, 0.965362, 119.083
1823, 30.37500, 310.586, -0.152733, 692.784, -54.1303, 522.212, -137.728, 0.762839, -38.8874, 0.904839, -130.511, 0.965813, 119.077
1823, 30.38333, 310.299, -0.192561, 693.424, -54.177, 523.012, -137.749, 0.762577, -38.8696, 0.905164, -130.527, 0.966265, 119.072
1824, 30.39167, 310.012, -0.232176, 694.064, -54.2238, 523.813, -137.77, 0.762318, -38.8517, 0.905489, -130.544, 0.966717, 119.067
1824, 30.40000, 309.725, -0.27157, 694.705, -54.2705, 524.615, -137.792, 0.762062, -38.8336, 0.905816, -130.561, 0.967171, 119.062
1825, 30.40833, 309.438, -0.310746, 695.348, -54.3173, 525.418, -137.813, 0.761809, -38.8154, 0.906143, -130.578, 0.967625, 119.056
1825, 30.41667, 309.15, -0.349709, 695.991, -54.364, 526.222, -137.835, 0.761558, -38.797, 0.90647, -130.595, 0.96808, 119.051
1826, 30.42500, 308.862, -0.388449, 696.634, -54.4108, 527.027, -137.856, 0.76131, -38.7785, 0.906799, -130.612, 0.968536, 119.046
1826, 30.43333, 308.574, -0.42697, 697.279, -54.4576, 527.833, -137.878, 0.761064, -38.7598, 0.907128, -130.629, 0.968993, 119.04
1827, 30.44167, 308.286, -0.465276, 697.925, -54.5043, 528.639, -137.899, 0.760822, -38.741, 0.907457, -130.646, 0.969451, 119.035
1827, 30.45000, 307.997, -0.503357, 698.571, -54.5511, 529.447, -137.921, 0.760582, -38.722, 0.907788, -130.663, 0.96991, 119.03
1828, 30.45833, 307.708, -0.541218, 699.218, -54.5979, 530.256, -137.943, 0.760345, -38.7029, 0.908119, -130.68, 0.97037, 119.024
1828, 30.46667, 307.42, -0.578862, 699.866, -54.6446, 531.066, -137.965, 0.760111, -38.6837, 0.908451, -130.697, 0.97083, 119.019
1829, 30.47500, 307.131, -0.61628, 700.515, -54.6914, 531.876, -137.986, 0.759879, -38.6643, 0.908783, -130.714, 0.971292, 119.014
1829, 30.48333, 306.841, -0.653476, 701.165, -54.7382, 532.688, -138.008, 0.759651, -38.6448, 0.909116, -130.731, 0.971754, 119.008
1830, 30.49167, 306.552, -0.690453, 701.816, -54.785, 533.501, -138.03, 0.759425, -38.6251, 0.90945, -130.749, 0.972217, 119.003
1830, 30.50000, 306.262, -0.727204, 702.467, -54.8318, 534.314, -138.052, 0.759202, -38.6053, 0.909784, -130.766, 0.972681, 118.997
1831, 30.50833, 305.973, -0.76373, 703.12, -54.8786, 535.129, -138.074, 0.758982, -38.5854, 0.91012, -130.784, 0.973146, 118.992
1831, 30.51667, 305.683, -0.800037, 703.773, -54.9254, 535.945, -138.096, 0.758765, -38.5653, 0.910456, -130.801, 0.973612, 118.986
1832, 30.52500, 305.392, -0.836114, 704.427, -54.9722, 536.761, -138.118, 0.75855, -38.5451, 0.910792, -130.818, 0.974079, 118.981
1832, 30.53333, 305.102, -0.871967, 705.082, -55.019, 537.579, -138.14, 0.758339, -38.5247, 0.911129, -130.836, 0.974547, 118.976
1833, 30.54167, 304.812, -0.907598, 705.739, -55.0658, 538.398, -138.162, 0.75813, -38.5043, 0.911467, -130.854, 0.975016, 118.97
1833, 30.55000, 304.521, -0.942998, 706.396, -55.1126, 539.218, -138.184, 0.757925, -38.4837, 0.911806, -130.871, 0.975486, 118.965
1834, 30.55833, 304.231, -0.978172, 707.054, -55.1594, 540.038, -138.207, 0.757722, -38.4629, 0.912145, -130.889, 0.975956, 118.959
1834, 30.56667, 303.94, -1.01312, 707.713, -55.2062, 540.86, -138.229, 0.757522, -38.442, 0.912485, -130.907, 0.976428, 118.954
1835, 30.57500, 303.649, -1.04784, 708.372, -55.2531, 541.683, -138.251, 0.757326, -38.421, 0.912826, -130.924, 0.9769, 118.948
1835, 30.58333, 303.358, -1.08233, 709.033, -55.2999, 542.507, -138.274, 0.757132, -38.3999, 0.913168, -130.942, 0.977374, 118.942
1836, 30.59167, 303.067, -1.1166, 709.695, -55.3468, 543.332, -138.296, 0.756941, -38.3787, 0.91351, -130.96, 0.977848, 118.937
1836, 30.60000, 302.775, -1.15063, 710.358, -55.3936, 544.158, -138.318, 0.756753, -38.3573, 0.913853, -130.978, 0.978324, 118.931
1837, 30.60833, 302.484, -1.18443, 711.021, -55.4405, 544.985, -138.341, 0.756568, -38.3358, 0.914196, -130.996, 0.9788, 118.926
1837, 30.61667, 302.192, -1.21801, 711.686, -55.4873, 545.813, -138.363, 0.756386, -38.3141, 0.914541, -131.014, 0.979277, 118.92
1838, 30.62500, 301.901, -1.25135, 712.351, -55.5342, 546.642, -138.386, 0.756207, -38.2924, 0.914886, -131.032, 0.979755, 118.914
1838, 30.63333, 301.609, -1.28446, 713.018, -55.5811, 547.472, -138.408, 0.756031, -38.2705, 0.915231, -131.05, 0.980235, 118.909
1839, 30.64167, 301.317, -1.31735, 713.686, -55.628, 548.303, -138.431, 0.755858, -38.2485, 0.915578, -131.068, 0.980715, 118.903
1839, 30.65000, 301.025, -1.34999, 714.354, -55.6749, 549.135, -138.454, 0.755688, -38.2264, 0.915925, -131.086, 0.981196, 118.897
1840, 30.65833, 300.733, -1.38241, 715.024, -55.7218, 549.968, -138.476, 0.755521, -38.2041, 0.916273, -131.104, 0.981678, 118.892
1840, 30.66667, 300.441, -1.41459, 715.694, -55.7687, 550.803, -138.499, 0.755358, -38.1818, 0.916621, -131.123, 0.982161, 118.886
1841, 30.67500, 300.149, -1.44654, 716.366, -55.8156, 551.638, -138.522, 0.755197, -38.1593, 0.91697, -131.141, 0.982645, 118.88
1841, 30.68333, 299.857, -1.47825, 717.038, -55.8625, 552.475, -138.544, 0.755039, -38.1367, 0.91732, -131.16, 0.98313, 118.875
1842, 30.69167, 299.565, -1.50973, 717.712, -55.9095, 553.312, -138.567, 0.754885, -38.114, 0.917671, -131.178, 0.983616, 118.869
1842, 30.70000, 299.272, -1.54097, 718.387, -55.9564, 554.151, -138.59, 0.754733, -38.0912, 0.918022, -131.196, 0.984103, 118.863
1843, 30.70833, 298.98, -1.57198, 719.062, -56.0034, 554.991, -138.613, 0.754585, -38.0683, 0.918375, -131.215, 0.984591, 118.857
1843, 30.71667, 298.688, -1.60275, 719.739, -56.0504, 555.832, -138.636, 0.75444, -38.0452, 0.918727, -131.234, 0.98508, 118.852
1844, 30.72500, 298.395, -1.63329, 720.417, -56.0973, 556.674, -138.659, 0.754298, -38.0221, 0.919081, -131.252, 0.985569, 118.846
1844, 30.73333, 298.103, -1.66358, 721.096, -56.1443, 557.517, -138.682, 0.754159, -37.9988, 0.919435, -131.271, 0.98606, 118.84
1845, 30.74167, 297.81, -1.69364, 721.776, -56.1913, 558.361, -138.705, 0.754023, -37.9754, 0.91979, -131.29, 0.986552, 118.834
1845, 30.75000, 297.517, -1.72346, 722.457, -56.2383, 559.206, -138.728, 0.75389, -37.952, 0.920146, -131.308, 0.987045, 118.828
1846, 30.75833, 297.225, -1.75304, 723.139, -56.2854, 560.052, -138.751, 0.753761, -37.9284, 0.920503, -131.327, 0.987539, 118.823
1846, 30.76667, 296.932, -1.78239, 723.822, -56.3324, 560.9, -138.774, 0.753635, -37.9047, 0.92086, -131.346, 0.988034, 118.817
1847, 30.77500, 296.639, -1.81149, 724.506, -56.3795, 561.749, -138.797, 0.753511, -37.8809, 0.921218, -131.365, 0.98853, 118.811
1847, 30.78333, 296.347, -1.84035, 725.191, -56.4265, 562.598, -138.82, 0.753392, -37.857, 0.921576, -131.384, 0.989027, 118.805
1848, 30.79167, 296.054, -1.86897, 725.878, -56.4736, 563.449, -138.844, 0.753275, -37.833, 0.921936, -131.403, 0.989525, 118.799
1848, 30.80000, 295.761, -1.89735, 726.565, -56.5207, 564.301, -138.867, 0.753161, -37.8089, 0.922296, -131.422, 0.990024, 118.793
1849, 30.80833, 295.469, -1.92549, 727.254, -56.5678, 565.154, -138.89, 0.753051, -37.7847, 0.922657, -131.441, 0.990524, 118.787
1849, 30.81667, 295.176, -1.95338, 727.944, -56.6149, 566.009, -138.913, 0.752944, -37.7604, 0.923018, -131.461, 0.991025, 118.781
1850, 30.82500, 294.883, -1.98104, 728.634, -56.662, 566.864, -138.937, 0.75284, -37.736, 0.923381, -131.48, 0.991527, 118.775
1850, 30.83333, 294.59, -2.00844, 729.326, -56.7091, 567.721, -138.96, 0.75274, -37.7115, 0.923744, -131.499, 0.99203, 118.769
1851, 30.84167, 294.298, -2.03561, 730.02, -56.7563, 568.579, -138.984, 0.752642, -37.6869, 0.924108, -131.519, 0.992534, 118.763
1851, 30.85000, 294.005, -2.06253, 730.714, -56.8035, 569.438, -139.007, 0.752548, -37.6623, 0.924472, -131.538, 0.99304, 118.757
1852, 30.85833, 293.712, -2.08921, 731.409, -56.8506, 570.298, -139.03, 0.752457, -37.6375, 0.924838, -131.557, 0.993546, 118.751
1852, 30.86667, 293.42, -2.11564, 732.106, -56.8978, 571.159, -139.054, 0.75237, -37.6126, 0.925204, -131.577, 0.994053, 118.745
1853, 30.87500, 293.127, -2.14182, 732.804, -56.945, 572.022, -139.077, 0.752286, -37.5877, 0.92557, -131.597, 0.994562, 118.739
1853, 30.88333, 292.835, -2.16776, 733.502, -56.9923, 572.885, -139.101, 0.752205, -37.5626, 0.925938, -131.616, 0.995071, 118.733
1854, 30.89167, 292.542, -2.19345, 734.203, -57.0395, 573.75, -139.125, 0.752127, -37.5375, 0.926306, -131.636, 0.995582, 118.727
1854, 30.90000, 292.25, -2.21889, 734.904, -57.0868, 574.616, -139.148, 0.752053, -37.5123, 0.926675, -131.656, 0.996093, 118.721
1855, 30.90833, 291.957, -2.24409, 735.606, -57.134, 575.484, -139.172, 0.751982, -37.487, 0.927045, -131.675, 0.996606, 118.715
1855, 30.91667, 291.665, -2.26904, 736.31, -57.1813, 576.352, -139.196, 0.751915, -37.4616, 0.927416, -131.695, 0.99712, 118.709
1856, 30.92500, 291.373, -2.29373, 737.015, -57.2287, 577.222, -139.219, 0.75185, -37.4361, 0.927787, -131.715, 0.997634, 118.703
1856, 30.93333, 291.081, -2.31818, 737.721, -57.276, 578.093, -139.243, 0.75179, -37.4106, 0.928159, -131.735, 0.99815, 118.697
1857, 30.94167, 290.788, -2.34238, 738.428, -57.3233, 578.965, -139.267, 0.751732, -37.385, 0.928532, -131.755, 0.998667, 118.691
1857, 30.95000, 290.496, -2.36633, 739.136, -57.3707, 579.838, -139.291, 0.751678, -37.3593, 0.928905, -131.775, 0.999185, 118.684
1858, 30.95833, 290.204, -2.39002, 739.846, -57.4181, 580.713, -139.314, 0.751627, -37.3335, 0.92928, -131.796, 0.999704, 118.678
1858, 30.96667, 289.912, -2.41347, 740.557, -57.4655, 581.589, -139.338, 0.75158, -37.3076, 0.929655, -131.816, 1.00022, 118.672
1859, 30.97500, 289.621, -2.43666, 741.269, -57.5129, 582.466, -139.362, 0.751536, -37.2817, 0.930031, -131.836, 1.00075, 118.666
1859, 30.98333, 289.329, -2.4596, 741.983, -57.5603, 583.344, -139.386, 0.751495, -37.2557, 0.930407, -131.856, 1.00127, 118.659
1860, 30.99167, 289.037, -2.48229, 742.697, -57.6078, 584.223, -139.41, 0.751458, -37.2296, 0.930785, -131.877, 1.00179, 118.653
1860, 31.00000, 288.746, -2.50472, 743.413, -57.6553, 585.104, -139.434, 0.751425, -37.2034, 0.931163, -131.897, 1.00232, 118.647
1861, 31.00833, 288.454, -2.5269, 744.13, -57.7028, 585.986, -139.458, 0.751394, -37.1772, 0.931542, -131.918, 1.00284, 118.641
1861, 31.01667, 288.163, -2.54883, 744.849, -57.7503, 586.87, -139.482, 0.751368, -37.1509, 0.931921, -131.938, 1.00337, 118.634
1862, 31.02500, 287.872, -2.5705, 745.569, -57.7979, 587.754, -139.506, 0.751344, -37.1245, 0.932302, -131.959, 1.0039, 118.628
1862, 31.03333, 287.581, -2.59192, 746.29, -57.8454, 588.64, -139.53, 0.751324, -37.0981, 0.932683, -131.979, 1.00443, 118.622
1863, 31.04167, 287.29, -2.61308, 747.012, -57.893, 589.527, -139.554, 0.751308, -37.0716, 0.933065, -132, 1.00496, 118.615
1863, 31.05000, 286.999, -2.63398, 747.735, -57.9406, 590.416, -139.578, 0.751295, -37.045, 0.933448, -132.021, 1.00549, 118.609
1864, 31.05833, 286.708, -2.65462, 748.46, -57.9882, 591.305, -139.603, 0.751285, -37.0184, 0.933831, -132.042, 1.00602, 118.603
1864, 31.06667, 286.418, -2.67501, 749.187, -58.0359, 592.196, -139.627, 0.75128, -36.9917, 0.934215, -132.063, 1.00655, 118.596
1865, 31.07500, 286.128, -2.69514, 749.914, -58.0836, 593.089, -139.651, 0.751277, -36.965, 0.9346, -132.084, 1.00709, 118.59
1865, 31.08333, 285.837, -2.71501, 750.643, -58.1313, 593.982, -139.675, 0.751278, -36.9382, 0.934986, -132.105, 1.00762, 118.583
1866, 31.09167, 285.547, -2.73463, 751.373, -58.179, 594.878, -139.7, 0.751283, -36.9113, 0.935373, -132.126, 1.00816, 118.577
1866, 31.10000, 285.257, -2.75398, 752.105, -58.2268, 595.774, -139.724, 0.751291, -36.8844, 0.93576, -132.147, 1.0087, 118.57
1867, 31.10833, 284.967, -2.77307, 752.837, -58.2745, 596.671, -139.748, 0.751302, -36.8574, 0.936148, -132.168, 1.00924, 118.564
1867, 31.11667, 284.678, -2.7919, 753.572, -58.3223, 597.57, -139.773, 0.751318, -36.8304, 0.936537, -132.19, 1.00978, 118.558
1868, 31.12500, 284.388, -2.81047, 754.307, -58.3702, 598.471, -139.797, 0.751336, -36.8033, 0.936927, -132.211, 1.01032, 118.551
1868, 31.13333, 284.099, -2.82878, 755.044, -58.418, 599.372, -139.821, 0.751358, -36.7762, 0.937317, -132.232, 1.01086, 118.544
1869, 31.14167, 283.81, -2.84683, 755.782, -58.4659, 600.275, -139.846, 0.751384, -36.749, 0.937709, -132.254, 1.01141, 118.538
1869, 31.15000, 283.521, -2.86462, 756.522, -58.5138, 601.18, -139.87, 0.751414, -36.7218, 0.938101, -132.275, 1.01195, 118.531
1870, 31.15833, 283.232, -2.88214, 757.263, -58.5617, 602.085, -139.895, 0.751447, -36.6945, 0.938494, -132.297, 1.0125, 118.525
1870, 31.16667, 282.944, -2.8994, 758.006, -58.6097, 602.993, -139.919, 0.751483, -36.6672, 0.938887, -132.319, 1.01305, 118.518
1871, 31.17500, 282.656, -2.91639, 758.749, -58.6577, 603.901, -139.944, 0.751523, -36.6398, 0.939282, -132.34, 1.0136, 118.512
1871, 31.18333, 282.367, -2.93312, 759.495, -58.7057, 604.811, -139.968, 0.751567, -36.6124, 0.939677, -132.362, 1.01415, 118.505
1872, 31.19167, 282.08, -2.94959, 760.241, -58.7537, 605.722, -139.993, 0.751615, -36.5849, 0.940073, -132.384, 1.0147, 118.498
1872, 31.20000, 281.792, -2.96579, 760.989, -58.8018, 606.635, -140.017, 0.751665, -36.5574, 0.94047, -132.406, 1.01525, 118.492
1873, 31.20833, 281.504, -2.98172, 761.739, -58.8499, 607.549, -140.042, 0.75172, -36.5299, 0.940867, -132.428, 1.0158, 118.485
1873, 31.21667, 281.217, -2.99739, 762.49, -58.898, 608.464, -140.067, 0.751778, -36.5023, 0.941265, -132.45, 1.01636, 118.478
1874, 31.22500, 280.93, -3.01278, 763.242, -58.9462, 609.381, -140.091, 0.75184, -36.4747, 0.941665, -132.472, 1.01692, 118.472
1874, 31.23333, 280.643, -3.02792, 763.996, -58.9944, 610.299, -140.116, 0.751906, -36.4471, 0.942064, -132.494, 1.01747, 118.465
1875, 31.24167, 280.357, -3.04278, 764.751, -59.0426, 611.219, -140.141, 0.751975, -36.4194, 0.942465, -132.516, 1.01803, 118.458
1875, 31.25000, 280.07, -3.05738, 765.508, -59.0909, 612.14, -140.166, 0.752048, -36.3917, 0.942867, -132.539, 1.01859, 118.451
1876, 31.25833, 279.784, -3.0717, 766.266, -59.1392, 613.063, -140.19, 0.752124, -36.3639, 0.943269, -132.561, 1.01915, 118.445
1876, 31.26667, 279.498, -3.08576, 767.026, -59.1875, 613.987, -140.215, 0.752204, -36.3362, 0.943672, -132.584, 1.01971, 118.438
1877, 31.27500, 279.213, -3.09955, 767.787, -59.2358, 614.912, -140.24, 0.752288, -36.3084, 0.944076, -132.606, 1.02028, 118.431
1877, 31.28333, 278.927, -3.11306, 768.549, -59.2842, 615.839, -140.265, 0.752376, -36.2805, 0.944481, -132.629, 1.02084, 118.424
1878, 31.29167, 278.642, -3.12631, 769.313, -59.3326, 616.768, -140.29, 0.752467, -36.2527, 0.944886, -132.651, 1.02141, 118.417
1878, 31.30000, 278.358, -3.13928, 770.079, -59.3811, 617.697, -140.315, 0.752562, -36.2248, 0.945293, -132.674, 1.02198, 118.41
1879, 31.30833, 278.073, -3.15198, 770.846, -59.4296, 618.629, -140.34, 0.752661, -36.1969, 0.9457, -132.697, 1.02254, 118.403
1879, 31.31667, 277.789, -3.16441, 771.614, -59.4781, 619.562, -140.365, 0.752763, -36.169, 0.946108, -132.72, 1.02311, 118.397
1880, 31.32500, 277.505, -3.17657, 772.384, -59.5267, 620.496, -140.39, 0.752869, -36.141, 0.946516, -132.743, 1.02369, 118.39
1880, 31.33333, 277.221, -3.18845, 773.156, -59.5753, 621.432, -140.415, 0.752979, -36.1131, 0.946926, -132.766, 1.02426, 118.383
1881, 31.34167, 276.938, -3.20006, 773.929, -59.6239, 622.369, -140.44, 0.753093, -36.0851, 0.947336, -132.789, 1.02483, 118.376
1881, 31.35000, 276.654, -3.21139, 774.704, -59.6726, 623.308, -140.465, 0.75321, -36.0571, 0.947747, -132.812, 1.02541, 118.369
1882, 31.35833, 276.372, -3.22245, 775.48, -59.7213, 624.248, -140.49, 0.753331, -36.0291, 0.948159, -132.835, 1.02598, 118.362
1882, 31.36667, 276.089, -3.23324, 776.258, -59.77, 625.19, -140.515, 0.753456, -36.001, 0.948572, -132.858, 1.02656, 118.355
1883, 31.37500, 275.807, -3.24374, 777.037, -59.8188, 626.133, -140.54, 0.753585, -35.973, 0.948985, -132.882, 1.02714, 118.348
1883, 31.38333, 275.525, -3.25397, 777.818, -59.8676, 627.078, -140.565, 0.753717, -35.9449, 0.9494, -132.905, 1.02772, 118.341
1884, 31.39167, 275.243, -3.26393, 778.601, -59.9164, 628.025, -140.59, 0.753853, -35.9169, 0.949815, -132.929, 1.0283, 118.334
1884, 31.40000, 274.962, -3.27361, 779.385, -59.9653, 628.973, -140.616, 0.753993, -35.8888, 0.950231, -132.952, 1.02888, 118.326
1885, 31.40833, 274.681, -3.283, 780.17, -60.0143, 629.922, -140.641, 0.754137, -35.8607, 0.950648, -132.976, 1.02947, 118.319
1885, 31.41667, 274.401, -3.29213, 780.957, -60.0632, 630.874, -140.666, 0.754285, -35.8326, 0.951065, -133, 1.03005, 118.312
1886, 31.42500, 274.12, -3.30097, 781.746, -60.1123, 631.826, -140.691, 0.754436, -35.8045, 0.951484, -133.023, 1.03064, 118.305
1886, 31.43333, 273.84, -3.30953, 782.536, -60.1613, 632.781, -140.717, 0.754591, -35.7765, 0.951903, -133.047, 1.03123, 118.298
1887, 31.44167, 273.561, -3.31781, 783.329, -60.2104, 633.737, -140.742, 0.75475, -35.7484, 0.952323, -133.071, 1.03182, 118.291
1887, 31.45000, 273.282, -3.32581, 784.122, -60.2595, 634.694, -140.767, 0.754913, -35.7203, 0.952744, -133.095, 1.03241, 118.283
1888, 31.45833, 273.003, -3.33353, 784.917, -60.3087, 635.653, -140.793, 0.75508, -35.6922, 0.953165, -133.119, 1.033, 118.276
1888, 31.46667, 272.724, -3.34097, 785.714, -60.3579, 636.614, -140.818, 0.75525, -35.6641, 0.953588, -133.143, 1.03359, 118.269
1889, 31.47500, 272.446, -3.34813, 786.513, -60.4072, 637.576, -140.844, 0.755424, -35.636, 0.954011, -133.168, 1.03419, 118.262
1889, 31.48333, 272.168, -3.35501, 787.313, -60.4565, 638.54, -140.869, 0.755603, -35.6079, 0.954435, -133.192, 1.03478, 118.254
1890, 31.49167, 271.891, -3.3616, 788.115, -60.5059, 639.506, -140.894, 0.755785, -35.5799, 0.95486, -133.216, 1.03538, 118.247
1890, 31.50000, 271.614, -3.36791, 788.918, -60.5553, 640.473, -140.92, 0.755971, -35.5518, 0.955286, -133.241, 1.03598, 118.24
1891, 31.50833, 271.337, -3.37394, 789.723, -60.6047, 641.442, -140.945, 0.75616, -35.5237, 0.955712, -133.265, 1.03658, 118.232
1891, 31.51667, 271.061, -3.37968, 790.53, -60.6542, 642.412, -140.971, 0.756354, -35.4957, 0.95614, -133.29, 1.03718, 118.225
1892, 31.52500, 270.785, -3.38513, 791.339, -60.7037, 643.385, -140.997, 0.756552, -35.4677, 0.956568, -133.314, 1.03778, 118.218
1892, 31.53333, 270.51, -3.39031, 792.149, -60.7533, 644.358, -141.022, 0.756753, -35.4397, 0.956997, -133.339, 1.03839, 118.21
1893, 31.54167, 270.235, -3.39519, 792.961, -60.803, 645.334, -141.048, 0.756958, -35.4117, 0.957427, -133.364, 1.03899, 118.203
1893, 31.55000, 269.96, -3.39979, 793.774, -60.8526, 646.311, -141.073, 0.757168, -35.3837, 0.957858, -133.389, 1.0396, 118.195
1894, 31.55833, 269.686, -3.40411, 794.59, -60.9023, 647.29, -141.099, 0.757381, -35.3557, 0.958289, -133.414, 1.04021, 118.188
1894, 31.56667, 269.412, -3.40813, 795.407, -60.9521, 648.271, -141.125, 0.757598, -35.3278, 0.958722, -133.439, 1.04082, 118.18
1895, 31.57500, 269.138, -3.41187, 796.226, -61.0019, 649.253, -141.15, 0.757819, -35.2998, 0.959155, -133.464, 1.04143, 118.173
1895, 31.58333, 268.866, -3.41532, 797.046, -61.0518, 650.237, -141.176, 0.758044, -35.2719, 0.959589, -133.489, 1.04204, 118.165
1896, 31.59167, 268.593, -3.41849, 797.868, -61.1017, 651.223, -141.202, 0.758273, -35.244, 0.960024, -133.515, 1.04266, 118.158
1896, 31.60000, 268.321, -3.42136, 798.692, -61.1517, 652.21, -141.228, 0.758505, -35.2162, 0.960459, -133.54, 1.04327, 118.15
1897, 31.60833, 268.049, -3.42394, 799.518, -61.2017, 653.199, -141.253, 0.758742, -35.1884, 0.960896, -133.566, 1.04389, 118.143
1897, 31.61667, 267.778, -3.42624, 800.345, -61.2518, 654.19, -141.279, 0.758983, -35.1606, 0.961333, -133.591, 1.04451, 118.135
1898, 31.62500, 267.507, -3.42824, 801.174, -61.3019, 655.183, -141.305, 0.759227, -35.1328, 0.961771, -133.617, 1.04513, 118.127
1898, 31.63333, 267.237, -3.42996, 802.005, -61.3521, 656.177, -141.331, 0.759476, -35.1051, 0.96221, -133.642, 1.04575, 118.12
1899, 31.64167, 266.967, -3.43138, 802.838, -61.4023, 657.174, -141.357, 0.759729, -35.0773, 0.96265, -133.668, 1.04637, 118.112
1899, 31.65000, 266.698, -3.43251, 803.673, -61.4526, 658.172, -141.383, 0.759985, -35.0497, 0.96309, -133.694, 1.047, 118.104
1900, 31.65833, 266.429, -3.43335, 804.509, -61.503, 659.172, -141.409, 0.760246, -35.022, 0.963532, -133.72, 1.04762, 118.097
1900, 31.66667, 266.16, -3.43389, 805.347, -61.5534, 660.173, -141.435, 0.76051, -34.9944, 0.963974, -133.746, 1.04825, 118.089
1901, 31.67500, 265.892, -3.43415, 806.187, -61.6038, 661.177, -141.461, 0.760779, -34.9669, 0.964417, -133.772, 1.04888, 118.081
1901, 31.68333, 265.625, -3.43411, 807.029, -61.6543, 662.182, -141.487, 0.761051, -34.9393, 0.964861, -133.798, 1.04951, 118.073
1902, 31.69167, 265.358, -3.43377, 807.872, -61.7049, 663.189, -141.513, 0.761328, -34.9118, 0.965306, -133.825, 1.05014, 118.065
1902, 31.70000, 265.091, -3.43314, 808.718, -61.7555, 664.198, -141.539, 0.761608, -34.8844, 0.965751, -133.851, 1.05077, 118.058
1903, 31.70833, 264.825, -3.43222, 809.565, -61.8062, 665.208, -141.565, 0.761893, -34.857, 0.966198, -133.877, 1.05141, 118.05
1903, 31.71667, 264.56, -3.431, 810.414, -61.8569, 666.221, -141.591, 0.762182, -34.8296, 0.966645, -133.904, 1.05204, 118.042
1904, 31.72500, 264.295, -3.42949, 811.265, -61.9077, 667.235, -141.617, 0.762474, -34.8023, 0.967093, -133.931, 1.05268, 118.034
1904, 31.73333, 264.03, -3.42768, 812.118, -61.9585, 668.252, -141.643, 0.762771, -34.7751, 0.967542, -133.957, 1.05332, 118.026
1905, 31.74167, 263.766, -3.42557, 812.972, -62.0094, 669.27, -141.67, 0.763071, -34.7479, 0.967992, -133.984, 1.05396, 118.018
1905, 31.75000, 263.503, -3.42316, 813.829, -62.0604, 670.29, -141.696, 0.763376, -34.7207, 0.968442, -134.011, 1.0546, 118.01
1906, 31.75833, 263.24, -3.42046, 814.687, -62.1114, 671.312, -141.722, 0.763685, -34.6936, 0.968894, -134.038, 1.05524, 118.002
1906, 31.76667, 262.978, -3.41746, 815.547, -62.1625, 672.336, -141.748, 0.763998, -34.6665, 0.969346, -134.065, 1.05589, 117.994
1907, 31.77500, 262.716, -3.41417, 816.41, -62.2137, 673.361, -141.775, 0.764315, -34.6395, 0.969799, -134.092, 1.05654, 117.986
1907, 31.78333, 262.455, -3.41057, 817.274, -62.2649, 674.389, -141.801, 0.764636, -34.6126, 0.970253, -134.119, 1.05718, 117.978
1908, 31.79167, 262.194, -3.40668, 818.14, -62.3162, 675.419, -141.827, 0.764961, -34.5857, 0.970708, -134.147, 1.05783, 117.97
1908, 31.80000, 261.934, -3.40248, 819.007, -62.3675, 676.45, -141.854, 0.76529, -34.5588, 0.971164, -134.174, 1.05849, 117.962
1909, 31.80833, 261.674, -3.39799, 819.877, -62.4189, 677.483, -141.88, 0.765623, -34.5321, 0.97162, -134.202, 1.05914, 117.954
1909, 31.81667, 261.415, -3.39319, 820.749, -62.4704, 678.519, -141.906, 0.76596, -34.5054, 0.972077, -134.229, 1.05979, 117.945
1910, 31.82500, 261.157, -3.3881, 821.622, -62.5219, 679.556, -141.933, 0.766302, -34.4787, 0.972535, -134.257, 1.06045, 117.937
1910, 31.83333, 260.899, -3.3827, 822.498, -62.5735, 680.595, -141.959, 0.766647, -34.4521, 0.972994, -134.285, 1.06111, 117.929
1911, 31.84167, 260.642, -3.377, 823.376, -62.6252, 681.637, -141.986, 0.766997, -34.4256, 0.973454, -134.312, 1.06177, 117.921
1911, 31.85000, 260.385, -3.371, 824.255, -62.6769, 682.68, -142.012, 0.767351, -34.3992, 0.973915, -134.34, 1.06243, 117.912
1912, 31.85833, 260.129, -3.3647, 825.136, -62.7287, 683.725, -142.039, 0.767709, -34.3728, 0.974376, -134.368, 1.06309, 117.904
1912, 31.86667, 259.873, -3.35809, 826.02, -62.7806, 684.772, -142.065, 0.768071, -34.3465, 0.974839, -134.396, 1.06375, 117.896
1913, 31.87500, 259.618, -3.35118, 826.905, -62.8325, 685.822, -142.092, 0.768437, -34.3202, 0.975302, -134.425, 1.06442, 117.887
1913, 31.88333, 259.364, -3.34397, 827.792, -62.8845, 686.873, -142.119, 0.768807, -34.2941, 0.975766, -134.453, 1.06509, 117.879
1914, 31.89167, 259.111, -3.33646, 828.682, -62.9366, 687.926, -142.145, 0.769181, -34.268, 0.97623, -134.481, 1.06576, 117.871
1914, 31.90000, 258.857, -3.32864, 829.573, -62.9887, 688.982, -142.172, 0.76956, -34.2419, 0.976696, -134.51, 1.06643, 117.862
1915, 31.90833, 258.605, -3.32051, 830.466, -63.0409, 690.039, -142.199, 0.769943, -34.216, 0.977163, -134.538, 1.0671, 117.854
1915, 31.91667, 258.353, -3.31208, 831.362, -63.0932, 691.099, -142.225, 0.770329, -34.1901, 0.97763, -134.567, 1.06777, 117.845
1916, 31.92500, 258.102, -3.30335, 832.259, -63.1456, 692.16, -142.252, 0.77072, -34.1643, 0.978098, -134.596, 1.06845, 117.837
1916, 31.93333, 257.852, -3.29431, 833.158, -63.198, 693.224, -142.279, 0.771116, -34.1386, 0.978567, -134.625, 1.06912, 117.828
1917, 31.94167, 257.602, -3.28496, 834.06, -63.2505, 694.29, -142.306, 0.771515, -34.113, 0.979037, -134.654, 1.0698, 117.82
1917, 31.95000, 257.352, -3.27531, 834.963, -63.3031, 695.357, -142.333, 0.771918, -34.0875, 0.979507, -134.683, 1.07048, 117.811
1918, 31.95833, 257.104, -3.26535, 835.869, -63.3557, 696.427, -142.359, 0.772326, -34.062, 0.979979, -134.712, 1.07116, 117.803
1918, 31.96667, 256.856, -3.25508, 836.776, -63.4085, 697.499, -142.386, 0.772738, -34.0367, 0.980451, -134.741, 1.07185, 117.794
1919, 31.97500, 256.609, -3.24451, 837.686, -63.4613, 698.573, -142.413, 0.773154, -34.0114, 0.980924, -134.77, 1.07253, 117.785
1919, 31.98333, 256.362, -3.23363, 838.597, -63.5141, 699.65, -142.44, 0.773574, -33.9862, 0.981398, -134.8, 1.07322, 117.777
1920, 31.99167, 256.116, -3.22244, 839.511, -63.5671, 700.728, -142.467, 0.773999, -33.9611, 0.981873, -134.829, 1.07391, 117.768
1920, 32.00000, 255.871, -3.21094, 840.427, -63.6201, 701.809, -142.494, 0.774428, -33.9361, 0.982349, -134.859, 1.0746, 117.759
1921, 32.00833, 255.627, -3.19913, 841.345, -63.6732, 702.892, -142.521, 0.774861, -33.9112, 0.982825, -134.889, 1.07529, 117.75
1921, 32.01667, 255.383, -3.18702, 842.265, -63.7264, 703.977, -142.548, 0.775298, -33.8864, 0.983303, -134.919, 1.07599, 117.742
1922, 32.02500, 255.14, -3.17459, 843.187, -63.7797, 705.064, -142.575, 0.775739, -33.8617, 0.983781, -134.949, 1.07668, 117.733
1922, 32.03333, 254.897, -3.16186, 844.111, -63.833, 706.153, -142.603, 0.776185, -33.837, 0.98426, -134.979, 1.07738, 117.724
1923, 32.04167, 254.656, -3.14881, 845.037, -63.8865, 707.245, -142.63, 0.776635, -33.8125, 0.98474, -135.009, 1.07808, 117.715
1923, 32.05000, 254.415, -3.13546, 845.966, -63.94, 708.338, -142.657, 0.777089, -33.7881, 0.98522, -135.039, 1.07878, 117.706
1924, 32.05833, 254.174, -3.12179, 846.896, -63.9935, 709.434, -142.684, 0.777547, -33.7638, 0.985702, -135.069, 1.07948, 117.697
1924, 32.06667, 253.935, -3.10781, 847.829, -64.0472, 710.533, -142.711, 0.77801, -33.7396, 0.986184, -135.1, 1.08019, 117.688
1925, 32.07500, 253.696, -3.09352, 848.764, -64.101, 711.633, -142.739, 0.778477, -33.7155, 0.986667, -135.13, 1.08089, 117.679
1925, 32.08333, 253.458, -3.07893, 849.701, -64.1548, 712.736, -142.766, 0.778948, -33.6915, 0.987151, -135.161, 1.0816, 117.67
1926, 32.09167, 253.221, -3.06401, 850.64, -64.2087, 713.841, -142.793, 0.779423, -33.6675, 0.987636, -135.192, 1.08231, 117.661
1926, 32.10000, 252.984, -3.04879, 851.581, -64.2628, 714.948, -142.821, 0.779903, -33.6438, 0.988122, -135.222, 1.08302, 117.652
1927, 32.10833, 252.749, -3.03326, 852.524, -64.3168, 716.058, -142.848, 0.780387, -33.6201, 0.988608, -135.253, 1.08373, 117.643
1927, 32.11667, 252.514, -3.01741, 853.47, -64.371, 717.17, -142.875, 0.780875, -33.5965, 0.989095, -135.284, 1.08445, 117.634
1928, 32.12500, 252.279, -3.00125, 854.418, -64.4253, 718.284, -142.903, 0.781368, -33.5731, 0.989583, -135.316, 1.08516, 117.625
1928, 32.13333, 252.046, -2.98477, 855.368, -64.4797, 719.4, -142.93, 0.781865, -33.5497, 0.990072, -135.347, 1.08588, 117.616
1929, 32.14167, 251.813, -2.96799, 856.32, -64.5341, 720.519, -142.958, 0.782366, -33.5265, 0.990562, -135.378, 1.0866, 117.606
1929, 32.15000, 251.581, -2.95089, 857.274, -64.5886, 721.64, -142.985, 0.782871, -33.5034, 0.991053, -135.41, 1.08732, 117.597
1930, 32.15833, 251.35, -2.93347, 858.231, -64.6432, 722.764, -143.013, 0.783381, -33.4804, 0.991544, -135.441, 1.08805, 117.588
1930, 32.16667, 251.12, -2.91575, 859.19, -64.698, 723.89, -143.04, 0.783895, -33.4575, 0.992036, -135.473, 1.08877, 117.579
1931, 32.17500, 250.89, -2.8977, 860.151, -64.7528, 725.018, -143.068, 0.784413, -33.4348, 0.992529, -135.505, 1.0895, 117.569
1931, 32.18333, 250.662, -2.87935, 861.114, -64.8077, 726.149, -143.096, 0.784936, -33.4122, 0.993023, -135.537, 1.09023, 117.56
1932, 32.19167, 250.434, -2.86068, 862.08, -64.8627, 727.282, -143.123, 0.785463, -33.3897, 0.993518, -135.569, 1.09096, 117.55
1932, 32.20000, 250.207, -2.84169, 863.047, -64.9177, 728.417, -143.151, 0.785995, -33.3673, 0.994013, -135.601, 1.0917, 117.541
1933, 32.20833, 249.981, -2.82239, 864.017, -64.9729, 729.555, -143.179, 0.78653, -33.345, 0.99451, -135.633, 1.09243, 117.532
1933, 32.21667, 249.755, -2.80278, 864.99, -65.0282, 730.695, -143.207, 0.787071, -33.3229, 0.995007, -135.665, 1.09317, 117.522
1934, 32.22500, 249.531, -2.78285, 865.964, -65.0835, 731.838, -143.235, 0.787615, -33.3009, 0.995505, -135.698, 1.09391, 117.512
1934, 32.23333, 249.307, -2.7626, 866.941, -65.139, 732.983, -143.262, 0.788164, -33.2791, 0.996003, -135.73, 1.09465, 117.503
1935, 32.24167, 249.084, -2.74204, 867.92, -65.1946, 734.131, -143.29, 0.788717, -33.2573, 0.996503, -135.763, 1.09539, 117.493
1935, 32.25000, 248.863, -2.72117, 868.901, -65.2502, 735.281, -143.318, 0.789275, -33.2357, 0.997003, -135.796, 1.09613, 117.484
1936, 32.25833, 248.642, -2.69998, 869.885, -65.306, 736.434, -143.346, 0.789837, -33.2143, 0.997504, -135.829, 1.09688, 117.474
1936, 32.26667, 248.421, -2.67847, 870.871, -65.3618, 737.589, -143.374, 0.790403, -33.1929, 0.998007, -135.862, 1.09763, 117.464
1937, 32.27500, 248.202, -2.65664, 871.859, -65.4178, 738.747, -143.402, 0.790974, -33.1717, 0.998509, -135.895, 1.09838, 117.455
1937, 32.28333, 247.984, -2.63451, 872.85, -65.4738, 739.907, -143.43, 0.791549, -33.1507, 0.999013, -135.928, 1.09913, 117.445
1938, 32.29167, 247.766, -2.61205, 873.843, -65.53, 741.069, -143.458, 0.792128, -33.1298, 0.999517, -135.961, 1.09988, 117.435
1938, 32.30000, 247.549, -2.58928, 874.838, -65.5862, 742.235, -143.487, 0.792712, -33.109, 1.00002, -135.995, 1.10064, 117.425
1939, 32.30833, 247.334, -2.56619, 875.835, -65.6426, 743.402, -143.515, 0.7933, -33.0884, 1.00053, -136.028, 1.1014, 117.415
1939, 32.31667, 247.119, -2.54278, 876.835, -65.6991, 744.573, -143.543, 0.793893, -33.0679, 1.00104, -136.062, 1.10216, 117.406
1940, 32.32500, 246.905, -2.51906, 877.837, -65.7556, 745.746, -143.571, 0.79449, -33.0476, 1.00154, -136.096, 1.10292, 117.396
1940, 32.33333, 246.692, -2.49503, 878.842, -65.8123, 746.921, -143.599, 0.795092, -33.0274, 1.00205, -136.13, 1.10368, 117.386
1941, 32.34167, 246.48, -2.47067, 879.849, -65.869, 748.099, -143.628, 0.795698, -33.0074, 1.00256, -136.164, 1.10445, 117.376
1941, 32.35000, 246.269, -2.446, 880.858, -65.9259, 749.28, -143.656, 0.796308, -32.9875, 1.00307, -136.198, 1.10522, 117.366
1942, 32.35833, 246.059, -2.42102, 881.87, -65.9829, 750.463, -143.684, 0.796923, -32.9677, 1.00358, -136.232, 1.10599, 117.356
1942, 32.36667, 245.85, -2.39571, 882.884, -66.04, 751.649, -143.713, 0.797543, -32.9481, 1.00409, -136.267, 1.10676, 117.345
1943, 32.37500, 245.641, -2.37009, 883.9, -66.0972, 752.838, -143.741, 0.798166, -32.9287, 1.00461, -136.301, 1.10753, 117.335
1943, 32.38333, 245.434, -2.34415, 884.919, -66.1545, 754.029, -143.77, 0.798794, -32.9094, 1.00512, -136.336, 1.10831, 117.325
1944, 32.39167, 245.228, -2.3179, 885.94, -66.2119, 755.223, -143.798, 0.799427, -32.8903, 1.00563, -136.37, 1.10908, 117.315
1944, 32.40000, 245.023, -2.29133, 886.964, -66.2695, 756.42, -143.827, 0.800064, -32.8713, 1.00615, -136.405, 1.10986, 117.305
1945, 32.40833, 244.818, -2.26444, 887.99, -66.3271, 757.619, -143.856, 0.800706, -32.8525, 1.00666, -136.44, 1.11065, 117.294
1945, 32.41667, 244.615, -2.23724, 889.018, -66.3849, 758.821, -143.884, 0.801352, -32.8339, 1.00718, -136.475, 1.11143, 117.284
1946, 32.42500, 244.413, -2.20972, 890.049, -66.4427, 760.026, -143.913, 0.802003, -32.8154, 1.0077, -136.511, 1.11221, 117.274
1946, 32.43333, 244.211, -2.18189, 891.083, -66.5007, 761.234, -143.942, 0.802658, -32.7971, 1.00821, -136.546, 1.113, 117.263
1947, 32.44167, 244.011, -2.15373, 892.118, -66.5588, 762.444, -143.97, 0.803317, -32.7789, 1.00873, -136.581, 1.11379, 117.253
1947, 32.45000, 243.812, -2.12526, 893.156, -66.617, 763.657, -143.999, 0.803981, -32.7609, 1.00925, -136.617, 1.11458, 117.243
1948, 32.45833, 243.613, -2.09648, 894.197, -66.6753, 764.873, -144.028, 0.80465, -32.7431, 1.00977, -136.653, 1.11538, 117.232
1948, 32.46667, 243.416, -2.06738, 895.24, -66.7338, 766.091, -144.057, 0.805323, -32.7254, 1.01029, -136.689, 1.11617, 117.222
1949, 32.47500, 243.22, -2.03797, 896.286, -66.7923, 767.313, -144.086, 0.806001, -32.708, 1.01081, -136.725, 1.11697, 117.211
1949, 32.48333, 243.025, -2.00823, 897.334, -66.851, 768.537, -144.115, 0.806683, -32.6906, 1.01134, -136.761, 1.11777, 117.2
1950, 32.49167, 242.831, -1.97819, 898.384, -66.9098, 769.764, -144.144, 0.807369, -32.6735, 1.01186, -136.797, 1.11858, 117.19
1950, 32.50000, 242.638, -1.94783, 899.437, -66.9687, 770.994, -144.173, 0.80806, -32.6565, 1.01238, -136.833, 1.11938, 117.179
1951, 32.50833, 242.446, -1.91715, 900.493, -67.0277, 772.226, -144.202, 0.808756, -32.6397, 1.01291, -136.87, 1.12019, 117.168
1951, 32.51667, 242.255, -1.88616, 901.551, -67.0869, 773.462, -144.231, 0.809456, -32.6231, 1.01343, -136.906, 1.121, 117.158
1952, 32.52500, 242.065, -1.85485, 902.611, -67.1462, 774.701, -144.26, 0.810161, -32.6067, 1.01396, -136.943, 1.12181, 117.147
1952, 32.53333, 241.876, -1.82323, 903.674, -67.2056, 775.942, -144.29, 0.81087, -32.5904, 1.01449, -136.98, 1.12262, 117.136
1953, 32.54167, 241.689, -1.79129, 904.739, -67.2651, 777.186, -144.319, 0.811584, -32.5743, 1.01501, -137.017, 1.12344, 117.125
1953, 32.55000, 241.502, -1.75904, 905.807, -67.3248, 778.433, -144.348, 0.812303, -32.5584, 1.01554, -137.054, 1.12425, 117.114
1954, 32.55833, 241.317, -1.72648, 906.878, -67.3845, 779.683, -144.378, 0.813026, -32.5427, 1.01607, -137.091, 1.12507, 117.103
1954, 32.56667, 241.133, -1.6936, 907.951, -67.4444, 780.936, -144.407, 0.813753, -32.5272, 1.0166, -137.129, 1.12589, 117.092
1955, 32.57500, 240.95, -1.66042, 909.026, -67.5045, 782.192, -144.436, 0.814485, -32.5118, 1.01713, -137.166, 1.12672, 117.081
1955, 32.58333, 240.768, -1.62691, 910.104, -67.5646, 783.451, -144.466, 0.815222, -32.4967, 1.01766, -137.204, 1.12754, 117.07
1956, 32.59167, 240.587, -1.5931, 911.185, -67.6249, 784.713, -144.495, 0.815964, -32.4817, 1.01819, -137.242, 1.12837, 117.059
1956, 32.60000, 240.407, -1.55897, 912.268, -67.6853, 785.978, -144.525, 0.81671, -32.4669, 1.01873, -137.28, 1.1292, 117.048
1957, 32.60833, 240.228, -1.52453, 913.354, -67.7459, 787.246, -144.555, 0.81746, -32.4523, 1.01926, -137.318, 1.13004, 117.037
1957, 32.61667, 240.051, -1.48978, 914.442, -67.8066, 788.517, -144.584, 0.818215, -32.4379, 1.01979, -137.356, 1.13087, 117.025
1958, 32.62500, 239.875, -1.45472, 915.533, -67.8674, 789.791, -144.614, 0.818975, -32.4237, 1.02033, -137.394, 1.13171, 117.014
1958, 32.63333, 239.7, -1.41935, 916.627, -67.9283, 791.068, -144.644, 0.819739, -32.4097, 1.02086, -137.433, 1.13255, 117.003
1959, 32.64167, 239.526, -1.38367, 917.723, -67.9894, 792.348, -144.674, 0.820508, -32.3959, 1.0214, -137.471, 1.13339, 116.992
1959, 32.65000, 239.353, -1.34768, 918.821, -68.0506, 793.631, -144.703, 0.821282, -32.3822, 1.02194, -137.51, 1.13423, 116.98
1960, 32.65833, 239.182, -1.31138, 919.922, -68.1119, 794.917, -144.733, 0.82206, -32.3688, 1.02248, -137.549, 1.13508, 116.969
1960, 32.66667, 239.011, -1.27477, 921.026, -68.1734, 796.206, -144.763, 0.822843, -32.3556, 1.02301, -137.588, 1.13593, 116.957
1961, 32.67500, 238.842, -1.23785, 922.133, -68.2351, 797.499, -144.793, 0.82363, -32.3426, 1.02355, -137.627, 1.13678, 116.946
1961, 32.68333, 238.675, -1.20062, 923.242, -68.2968, 798.794, -144.823, 0.824422, -32.3298, 1.02409, -137.666, 1.13763, 116.934
1962, 32.69167, 238.508, -1.16309, 924.353, -68.3587, 800.093, -144.854, 0.825219, -32.3171, 1.02463, -137.706, 1.13849, 116.922
1962, 32.70000, 238.343, -1.12525, 925.468, -68.4208, 801.395, -144.884, 0.826021, -32.3047, 1.02517, -137.745, 1.13935, 116.911
1963, 32.70833, 238.179, -1.0871, 926.585, -68.4829, 802.7, -144.914, 0.826827, -32.2925, 1.02572, -137.785, 1.14021, 116.899
1963, 32.71667, 238.016, -1.04865, 927.704, -68.5452, 804.008, -144.944, 0.827638, -32.2805, 1.02626, -137.825, 1.14107, 116.887
1964, 32.72500, 237.854, -1.00989, 928.826, -68.6077, 805.319, -144.974, 0.828453, -32.2687, 1.0268, -137.865, 1.14193, 116.876
1964, 32.73333, 237.694, -0.970834, 929.951, -68.6703, 806.634, -145.005, 0.829273, -32.2572, 1.02734, -137.905, 1.1428, 116.864
1965, 32.74167, 237.535, -0.931465, 931.078, -68.7331, 807.952, -145.035, 0.830098, -32.2458, 1.02789, -137.945, 1.14367, 116.852
1965, 32.75000, 237.377, -0.891798, 932.208, -68.796, 809.273, -145.066, 0.830928, -32.2346, 1.02843, -137.985, 1.14454, 116.84
1966, 32.75833, 237.221, -0.851828, 933.341, -68.859, 810.597, -145.096, 0.831762, -32.2237, 1.02898, -138.026, 1.14542, 116.828
1966, 32.76667, 237.066, -0.811552, 934.477, -68.9222, 811.925, -145.127, 0.832601, -32.213, 1.02953, -138.067, 1.14629, 116.816
1967, 32.77500, 236.912, -0.770979, 935.615, -68.9855, 813.256, -145.157, 0.833444, -32.2025, 1.03007, -138.108, 1.14717, 116.804
1967, 32.78333, 236.759, -0.730106, 936.755, -69.049, 814.59, -145.188, 0.834293, -32.1922, 1.03062, -138.149, 1.14806, 116.792
1968, 32.79167, 236.608, -0.688928, 937.899, -69.1127, 815.927, -145.219, 0.835146, -32.1821, 1.03117, -138.19, 1.14894, 116.78
1968, 32.80000, 236.458, -0.647457, 939.045, -69.1764, 817.268, -145.25, 0.836003, -32.1723, 1.03172, -138.231, 1.14983, 116.767
1969, 32.80833, 236.31, -0.605687, 940.194, -69.2404, 818.612, -145.28, 0.836866, -32.1626, 1.03227, -138.273, 1.15071, 116.755
1969, 32.81667, 236.163, -0.563615, 941.345, -69.3045, 819.96, -145.311, 0.837733, -32.1532, 1.03282, -138.314, 1.15161, 116.743
1970, 32.82500, 236.017, -0.521251, 942.499, -69.3687, 821.311, -145.342, 0.838605, -32.144, 1.03337, -138.356, 1.1525, 116.73
1970, 32.83333, 235.873, -0.478592, 943.656, -69.4331, 822.665, -145.373, 0.839482, -32.1351, 1.03392, -138.398, 1.1534, 116.718
1971, 32.84167, 235.729, -0.435633, 944.816, -69.4977, 824.023, -145.404, 0.840363, -32.1264, 1.03447, -138.44, 1.15429, 116.706
1971, 32.85000, 235.588, -0.392385, 945.978, -69.5624, 825.384, -145.435, 0.841249, -32.1179, 1.03502, -138.482, 1.1552, 116.693
1972, 32.85833, 235.448, -0.348844, 947.143, -69.6273, 826.749, -145.467, 0.84214, -32.1096, 1.03557, -138.524, 1.1561, 116.681
1972, 32.86667, 235.309, -0.305005, 948.311, -69.6923, 828.117, -145.498, 0.843036, -32.1015, 1.03613, -138.567, 1.15701, 116.668
1973, 32.87500, 235.171, -0.260881, 949.481, -69.7575, 829.488, -145.529, 0.843937, -32.0937, 1.03668, -138.61, 1.15791, 116.655
1973, 32.88333, 235.035, -0.216467, 950.654, -69.8228, 830.863, -145.561, 0.844842, -32.0862, 1.03724, -138.652, 1.15883, 116.643
1974, 32.89167, 234.901, -0.171758, 951.83, -69.8883, 832.242, -145.592, 0.845752, -32.0788, 1.03779, -138.695, 1.15974, 116.63
1974, 32.90000, 234.768, -0.126767, 953.009, -69.954, 833.623, -145.623, 0.846667, -32.0717, 1.03835, -138.738, 1.16065, 116.617
1975, 32.90833, 234.636, -0.081488, 954.19, -70.0198, 835.009, -145.655, 0.847586, -32.0649, 1.0389, -138.782, 1.16157, 116.604
1975, 32.91667, 234.506, -0.0359179, 955.374, -70.0858, 836.398, -145.687, 0.848511, -32.0582, 1.03946, -138.825, 1.1625, 116.591
1976, 32.92500, 234.377, 0.00993171, 956.561, -70.152, 837.79, -145.718, 0.84944, -32.0518, 1.04002, -138.869, 1.16342, 116.578
1976, 32.93333, 234.25, 0.0560651, 957.751, -70.2183, 839.186, -145.75, 0.850374, -32.0457, 1.04058, -138.913, 1.16435, 116.565
1977, 32.94167, 234.124, 0.102487, 958.943, -70.2848, 840.586, -145.782, 0.851313, -32.0398, 1.04113, -138.957, 1.16527, 116.552
1977, 32.95000, 233.999, 0.149184, 960.138, -70.3515, 841.99, -145.814, 0.852257, -32.0341, 1.04169, -139.001, 1.16621, 116.539
1978, 32.95833, 233.876, 0.196162, 961.336, -70.4183, 843.396, -145.846, 0.853205, -32.0287, 1.04225, -139.045, 1.16714, 116.526
1978, 32.96667, 233.755, 0.243425, 962.537, -70.4853, 844.807, -145.878, 0.854158, -32.0236, 1.04281, -139.089, 1.16808, 116.513
1979, 32.97500, 233.635, 0.29096, 963.74, -70.5525, 846.221, -145.91, 0.855116, -32.0186, 1.04337, -139.134, 1.16902, 116.499
1979, 32.98333, 233.517, 0.338771, 964.946, -70.6198, 847.639, -145.942, 0.856079, -32.014, 1.04393, -139.179, 1.16996, 116.486
1980, 32.99167, 233.4, 0.386864, 966.155, -70.6873, 849.061, -145.974, 0.857047, -32.0095, 1.04449, -139.223, 1.1709, 116.473
1980, 33.00000, 233.285, 0.435225, 967.367, -70.755, 850.486, -146.006, 0.85802, -32.0054, 1.04506, -139.269, 1.17185, 116.459
1981, 33.00833, 233.171, 0.483858, 968.581, -70.8229, 851.915, -146.038, 0.858997, -32.0015, 1.04562, -139.314, 1.1728, 116.446
1981, 33.01667, 233.059, 0.532769, 969.799, -70.8909, 853.348, -146.071, 0.85998, -31.9978, 1.04618, -139.359, 1.17375, 116.432
1982, 33.02500, 232.949, 0.581944, 971.019, -70.9592, 854.784, -146.103, 0.860967, -31.9944, 1.04674, -139.405, 1.17471, 116.419
1982, 33.03333, 232.84, 0.631387, 972.241, -71.0275, 856.224, -146.136, 0.861959, -31.9912, 1.04731, -139.45, 1.17567, 116.405
1983, 33.04167, 232.732, 0.681103, 973.467, -71.0961, 857.668, -146.168, 0.862956, -31.9883, 1.04787, -139.496, 1.17663, 116.391
1983, 33.05000, 232.626, 0.731079, 974.696, -71.1649, 859.116, -146.201, 0.863958, -31.9857, 1.04844, -139.542, 1.17759, 116.378
1984, 33.05833, 232.522, 0.781319, 975.927, -71.2338, 860.568, -146.234, 0.864964, -31.9833, 1.049, -139.589, 1.17856, 116.364
1984, 33.06667, 232.42, 0.831828, 977.161, -71.3029, 862.023, -146.267, 0.865976, -31.9812, 1.04957, -139.635, 1.17953, 116.35
1985, 33.07500, 232.319, 0.882592, 978.398, -71.3722, 863.482, -146.299, 0.866993, -31.9794, 1.05013, -139.682, 1.1805, 116.336
1985, 33.08333, 232.219, 0.933615, 979.637, -71.4417, 864.945, -146.332, 0.868014, -31.9778, 1.0507, -139.728, 1.18147, 116.322
1986, 33.09167, 232.122, 0.984902, 980.88, -71.5114, 866.412, -146.365, 0.86904, -31.9765, 1.05127, -139.775, 1.18245, 116.308
1986, 33.10000, 232.026, 1.03644, 982.125, -71.5813, 867.883, -146.398, 0.870072, -31.9754, 1.05183, -139.822, 1.18343, 116.294
1987, 33.10833, 231.931, 1.08823, 983.373, -71.6513, 869.358, -146.432, 0.871108, -31.9746, 1.0524, -139.87, 1.18441, 116.28
1987, 33.11667, 231.838, 1.14028, 984.624, -71.7216, 870.837, -146.465, 0.872149, -31.9741, 1.05297, -139.917, 1.1854, 116.265
1988, 33.12500, 231.747, 1.19258, 985.878, -71.792, 872.319, -146.498, 0.873195, -31.9739, 1.05353, -139.965, 1.18639, 116.251
1988, 33.13333, 231.658, 1.24512, 987.134, -71.8626, 873.806, -146.531, 0.874246, -31.9739, 1.0541, -140.012, 1.18738, 116.237
1989, 33.14167, 231.57, 1.29792, 988.394, -71.9334, 875.296, -146.565, 0.875301, -31.9742, 1.05467, -140.06, 1.18837, 116.222
1989, 33.15000, 231.484, 1.35096, 989.656, -72.0044, 876.791, -146.598, 0.876362, -31.9748, 1.05524, -140.109, 1.18937, 116.208
1990, 33.15833, 231.4, 1.40425, 990.921, -72.0756, 878.289, -146.632, 0.877428, -31.9757, 1.05581, -140.157, 1.19037, 116.193
1990, 33.16667, 231.318, 1.45778, 992.189, -72.147, 879.792, -146.666, 0.878499, -31.9768, 1.05638, -140.205, 1.19137, 116.179
1991, 33.17500, 231.237, 1.51154, 993.459, -72.2186, 881.299, -146.699, 0.879574, -31.9782, 1.05695, -140.254, 1.19237, 116.164
1991, 33.18333, 231.158, 1.56555, 994.733, -72.2904, 882.809, -146.733, 0.880655, -31.9799, 1.05752, -140.303, 1.19338, 116.149
1992, 33.19167, 231.081, 1.61979, 996.009, -72.3623, 884.324, -146.767, 0.88174, -31.9819, 1.05809, -140.352, 1.19439, 116.135
1992, 33.20000, 231.005, 1.67427, 997.288, -72.4345, 885.843, -146.801, 0.882831, -31.9841, 1.05866, -140.401, 1.19541, 116.12
1993, 33.20833, 230.931, 1.72897, 998.57, -72.5069, 887.366, -146.835, 0.883926, -31.9867, 1.05923, -140.451, 1.19642, 116.105
1993, 33.21667, 230.859, 1.78392, 999.855, -72.5795, 888.893, -146.869, 0.885027, -31.9895, 1.0598, -140.5, 1.19744, 116.09
1994, 33.22500, 230.789, 1.83908, 1001.14, -72.6523, 890.424, -146.904, 0.886132, -31.9926, 1.06037, -140.55, 1.19847, 116.075
1994, 33.23333, 230.721, 1.89448, 1002.43, -72.7253, 891.96, -146.938, 0.887242, -31.996, 1.06094, -140.6, 1.19949, 116.06
1995, 33.24167, 230.654, 1.9501, 1003.73, -72.7985, 893.499, -146.972, 0.888358, -31.9997, 1.06152, -140.65, 1.20052, 116.044
1995, 33.25000, 230.59, 2.00594, 1005.02, -72.8719, 895.043, -147.007, 0.889478, -32.0037, 1.06209, -140.7, 1.20155, 116.029
1996, 33.25833, 230.527, 2.06199, 1006.32, -72.9455, 896.591, -147.041, 0.890603, -32.008, 1.06266, -140.751, 1.20259, 116.014
1996, 33.26667, 230.465, 2.11827, 1007.62, -73.0193, 898.143, -147.076, 0.891734, -32.0125, 1.06323, -140.802, 1.20362, 115.999
1997, 33.27500, 230.406, 2.17476, 1008.93, -73.0933, 899.7, -147.111, 0.892869, -32.0174, 1.06381, -140.853, 1.20466, 115.983
1997, 33.28333, 230.349, 2.23147, 1010.23, -73.1676, 901.26, -147.146, 0.894009, -32.0226, 1.06438, -140.904, 1.20571, 115.968
1998, 33.29167, 230.293, 2.28839, 1011.54, -73.242, 902.825, -147.181, 0.895155, -32.028, 1.06495, -140.955, 1.20675, 115.952
1998, 33.30000, 230.24, 2.34551, 1012.86, -73.3167, 904.395, -147.216, 0.896305, -32.0338, 1.06552, -141.006, 1.2078, 115.936
1999, 33.30833, 230.188, 2.40284, 1014.17, -73.3916, 905.968, -147.251, 0.89746, -32.0398, 1.0661, -141.058, 1.20886, 115.921
1999, 33.31667, 230.138, 2.46037, 1015.49, -73.4667, 907.546, -147.286, 0.898621, -32.0462, 1.06667, -141.11, 1.20991, 115.905
2000, 33.32500, 230.09, 2.51811, 1016.81, -73.542, 909.129, -147.321, 0.899786, -32.0528, 1.06724, -141.162, 1.21097, 115.889
2000, 33.33333, 230.044, 2.57604, 1018.14, -73.6175, 910.715, -147.356, 0.900957, -32.0598, 1.06782, -141.214, 1.21203, 115.873
2001, 33.34167, 230, 2.63417, 1019.47, -73.6932, 912.306, -147.392, 0.902132, -32.0671, 1.06839, -141.267, 1.2131, 115.857
2001, 33.35000, 229.958, 2.69249, 1020.8, -73.7692, 913.902, -147.427, 0.903313, -32.0746, 1.06896, -141.319, 1.21416, 115.841
2002, 33.35833, 229.918, 2.751, 1022.13, -73.8454, 915.502, -147.463, 0.904498, -32.0825, 1.06954, -141.372, 1.21524, 115.825
2002, 33.36667, 229.879, 2.8097, 1023.46, -73.9218, 917.106, -147.499, 0.905689, -32.0907, 1.07011, -141.425, 1.21631, 115.809
2003, 33.37500, 229.843, 2.86859, 1024.8, -73.9984, 918.715, -147.535, 0.906885, -32.0992, 1.07068, -141.478, 1.21739, 115.792
2003, 33.38333, 229.809, 2.92766, 1026.14, -74.0753, 920.328, -147.571, 0.908086, -32.108, 1.07126, -141.532, 1.21847, 115.776
2003, 33.39167, 229.776, 2.98691, 1027.49, -74.1524, 921.946, -147.607, 0.909291, -32.1171, 1.07183, -141.585, 1.21955, 115.76
2004, 33.40000, 229.746, 3.04633, 1028.83, -74.2297, 923.568, -147.643, 0.910502, -32.1266, 1.0724, -141.639, 1.22064, 115.743
2005, 33.40833, 229.718, 3.10593, 1030.18, -74.3072, 925.195, -147.679, 0.911718, -32.1363, 1.07298, -141.693, 1.22173, 115.727
2005, 33.41667, 229.691, 3.16571, 1031.54, -74.385, 926.826, -147.715, 0.912939, -32.1464, 1.07355, -141.748, 1.22282, 115.71
2006, 33.42500, 229.667, 3.22565, 1032.89, -74.463, 928.462, -147.752, 0.914165, -32.1568, 1.07412, -141.802, 1.22392, 115.693
2006, 33.43333, 229.645, 3.28576, 1034.25, -74.5413, 930.103, -147.788, 0.915396, -32.1675, 1.0747, -141.857, 1.22502, 115.676
2007, 33.44167, 229.624, 3.34603, 1035.61, -74.6197, 931.748, -147.825, 0.916633, -32.1785, 1.07527, -141.912, 1.22612, 115.66
2007, 33.45000, 229.606, 3.40646, 1036.97, -74.6984, 933.398, -147.861, 0.917874, -32.1899, 1.07584, -141.967, 1.22722, 115.643
2008, 33.45833, 229.59, 3.46705, 1038.34, -74.7774, 935.052, -147.898, 0.91912, -32.2015, 1.07641, -142.022, 1.22833, 115.626
2008, 33.46667, 229.576, 3.52779, 1039.71, -74.8566, 936.711, -147.935, 0.920372, -32.2135, 1.07699, -142.077, 1.22944, 115.609
2009, 33.47500, 229.564, 3.58868, 1041.08, -74.936, 938.375, -147.972, 0.921628, -32.2259, 1.07756, -142.133, 1.23056, 115.591
2009, 33.48333, 229.554, 3.64972, 1042.46, -75.0156, 940.043, -148.009, 0.92289, -32.2385, 1.07813, -142.189, 1.23168, 115.574
2010, 33.49167, 229.546, 3.71091, 1043.83, -75.0955, 941.717, -148.046, 0.924157, -32.2515, 1.0787, -142.245, 1.2328, 115.557
2010, 33.50000, 229.54, 3.77224, 1045.21, -75.1757, 943.394, -148.084, 0.925428, -32.2648, 1.07928, -142.301, 1.23393, 115.539
2011, 33.50833, 229.537, 3.8337, 1046.6, -75.256, 945.077, -148.121, 0.926705, -32.2785, 1.07985, -142.358, 1.23505, 115.522
2011, 33.51667, 229.535, 3.89531, 1047.98, -75.3367, 946.764, -148.158, 0.927987, -32.2925, 1.08042, -142.415, 1.23619, 115.504
2012, 33.52500, 229.536, 3.95704, 1049.37, -75.4175, 948.457, -148.196, 0.929274, -32.3068, 1.08099, -142.472, 1.23732, 115.487
2012, 33.53333, 229.539, 4.0189, 1050.76, -75.4987, 950.154, -148.234, 0.930567, -32.3214, 1.08156, -142.529, 1.23846, 115.469
2013, 33.54167, 229.544, 4.08089, 1052.16, -75.58, 951.855, -148.272, 0.931864, -32.3364, 1.08213, -142.586, 1.2396, 115.451
2013, 33.55000, 229.551, 4.143, 1053.55, -75.6617, 953.562, -148.31, 0.933166, -32.3517, 1.0827, -142.644, 1.24075, 115.433
2014, 33.55833, 229.561, 4.20522, 1054.95, -75.7435, 955.273, -148.348, 0.934474, -32.3674, 1.08327, -142.702, 1.24189, 115.415
2014, 33.56667, 229.572, 4.26757, 1056.35, -75.8256, 956.99, -148.386, 0.935787, -32.3834, 1.08384, -142.76, 1.24305, 115.397
2015, 33.57500, 229.586, 4.33002, 1057.76, -75.908, 958.711, -148.424, 0.937104, -32.3998, 1.08441, -142.818, 1.2442, 115.379
2015, 33.58333, 229.602, 4.39258, 1059.17, -75.9906, 960.437, -148.463, 0.938427, -32.4165, 1.08498, -142.876, 1.24536, 115.361
2016, 33.59167, 229.62, 4.45525, 1060.58, -76.0735, 962.169, -148.501, 0.939755, -32.4335, 1.08555, -142.935, 1.24652, 115.342
2016, 33.60000, 229.64, 4.51802, 1061.99, -76.1567, 963.905, -148.54, 0.941088, -32.4509, 1.08611, -142.994, 1.24769, 115.324
2017, 33.60833, 229.663, 4.58088, 1063.41, -76.2401, 965.646, -148.578, 0.942426, -32.4686, 1.08668, -143.053, 1.24886, 115.305
2017, 33.61667, 229.688, 4.64385, 1064.82, -76.3238, 967.392, -148.617, 0.94377, -32.4867, 1.08725, -143.113, 1.25003, 115.287
2018, 33.62500, 229.715, 4.70689, 1066.24, -76.4077, 969.143, -148.656, 0.945118, -32.5052, 1.08781, -143.172, 1.25121, 115.268
2018, 33.63333, 229.744, 4.77003, 1067.67, -76.4919, 970.899, -148.695, 0.946472, -32.524, 1.08838, -143.232, 1.25238, 115.249
2019, 33.64167, 229.776, 4.83325, 1069.09, -76.5763, 972.66, -148.734, 0.94783, -32.5431, 1.08894, -143.292, 1.25357, 115.231
2019, 33.65000, 229.81, 4.89654, 1070.52, -76.661, 974.426, -148.774, 0.949194, -32.5626, 1.08951, -143.352, 1.25475, 115.212
2020, 33.65833, 229.846, 4.95991, 1071.95, -76.746, 976.198, -148.813, 0.950563, -32.5825, 1.09007, -143.413, 1.25594, 115.193
2020, 33.66667, 229.885, 5.02336, 1073.39, -76.8313, 977.974, -148.853, 0.951937, -32.6027, 1.09064, -143.474, 1.25714, 115.174
2021, 33.67500, 229.926, 5.08687, 1074.83, -76.9168, 979.755, -148.892, 0.953316, -32.6233, 1.0912, -143.535, 1.25833, 115.154
2021, 33.68333, 229.969, 5.15044, 1076.26, -77.0026, 981.542, -148.932, 0.9547, -32.6442, 1.09176, -143.596, 1.25953, 115.135
2022, 33.69167, 230.015, 5.21408, 1077.71, -77.0887, 983.334, -148.972, 0.95609, -32.6655, 1.09232, -143.657, 1.26074, 115.116
2022, 33.70000, 230.062, 5.27776, 1079.15, -77.175, 985.131, -149.012, 0.957484, -32.6872, 1.09289, -143.719, 1.26194, 115.096
2023, 33.70833, 230.113, 5.3415, 1080.6, -77.2616, 986.933, -149.052, 0.958884, -32.7092, 1.09345, -143.781, 1.26316, 115.077
2023, 33.71667, 230.165, 5.40529, 1082.05, -77.3485, 988.741, -149.093, 0.960289, -32.7316, 1.094, -143.843, 1.26437, 115.057
2024, 33.72500, 230.22, 5.46912, 1083.5, -77.4357, 990.553, -149.133, 0.961699, -32.7543, 1.09456, -143.905, 1.26559, 115.037
2024, 33.73333, 230.278, 5.53298, 1084.95, -77.5231, 992.371, -149.174, 0.963114, -32.7775, 1.09512, -143.968, 1.26681, 115.017
2025, 33.74167, 230.337, 5.59689, 1086.41, -77.6109, 994.194, -149.214, 0.964534, -32.801, 1.09568, -144.031, 1.26803, 114.997
2025, 33.75000, 230.399, 5.66083, 1087.87, -77.6989, 996.023, -149.255, 0.965959, -32.8248, 1.09624, -144.094, 1.26926, 114.977
2026, 33.75833, 230.464, 5.72478, 1089.33, -77.7872, 997.856, -149.296, 0.967389, -32.8491, 1.09679, -144.157, 1.2705, 114.957
2026, 33.76667, 230.531, 5.78877, 1090.8, -77.8757, 999.695, -149.337, 0.968825, -32.8737, 1.09735, -144.221, 1.27173, 114.937
2027, 33.77500, 230.6, 5.85277, 1092.26, -77.9646, 1001.54, -149.378, 0.970265, -32.8987, 1.0979, -144.284, 1.27297, 114.917
2027, 33.78333, 230.672, 5.91678, 1093.73, -78.0538, 1003.39, -149.42, 0.971711, -32.9241, 1.09845, -144.349, 1.27422, 114.896
2028, 33.79167, 230.746, 5.98081, 1095.21, -78.1432, 1005.24, -149.461, 0.973162, -32.9498, 1.099, -144.413, 1.27546, 114.876
2028, 33.80000, 230.823, 6.04484, 1096.68, -78.2329, 1007.11, -149.503, 0.974617, -32.976, 1.09956, -144.477, 1.27671, 114.855
2029, 33.80833, 230.902, 6.10887, 1098.16, -78.3229, 1008.97, -149.545, 0.976078, -33.0025, 1.10011, -144.542, 1.27797, 114.834
2029, 33.81667, 230.984, 6.1729, 1099.64, -78.4133, 1010.84, -149.587, 0.977544, -33.0294, 1.10065, -144.607, 1.27923, 114.813
2030, 33.82500, 231.068, 6.23692, 1101.12, -78.5039, 1012.72, -149.629, 0.979015, -33.0567, 1.1012, -144.672, 1.28049, 114.792
2030, 33.83333, 231.155, 6.30092, 1102.6, -78.5948, 1014.6, -149.671, 0.980492, -33.0844, 1.10175, -144.738, 1.28175, 114.771
2031, 33.84167, 231.244, 6.36491, 1104.09, -78.686, 1016.49, -149.713, 0.981973, -33.1124, 1.10229, -144.804, 1.28302, 114.75
2031, 33.85000, 231.335, 6.42888, 1105.58, -78.7775, 1018.38, -149.755, 0.983459, -33.1409, 1.10284, -144.87, 1.2843, 114.729
2032, 33.85833, 231.429, 6.49281, 1107.07, -78.8693, 1020.28, -149.798, 0.984951, -33.1697, 1.10338, -144.936, 1.28557, 114.708
2032, 33.86667, 231.526, 6.55673, 1108.56, -78.9614, 1022.19, -149.841, 0.986447, -33.1989, 1.10392, -145.002, 1.28685, 114.686
2033, 33.87500, 231.625, 6.6206, 1110.06, -79.0538, 1024.1, -149.884, 0.987949, -33.2286, 1.10447, -145.069, 1.28814, 114.665
2033, 33.88333, 231.727, 6.68443, 1111.55, -79.1465, 1026.01, -149.927, 0.989455, -33.2586, 1.10501, -145.136, 1.28943, 114.643
2034, 33.89167, 231.831, 6.74822, 1113.05, -79.2395, 1027.93, -149.97, 0.990967, -33.289, 1.10554, -145.203, 1.29072, 114.621
2034, 33.90000, 231.938, 6.81196, 1114.56, -79.3328, 1029.86, -150.013, 0.992484, -33.3198, 1.10608, -145.271, 1.29202, 114.599
2035, 33.90833, 232.047, 6.87564, 1116.06, -79.4264, 1031.79, -150.057, 0.994006, -33.351, 1.10662, -145.339, 1.29332, 114.577
2035, 33.91667, 232.159, 6.93927, 1117.57, -79.5204, 1033.73, -150.1, 0.995533, -33.3826, 1.10715, -145.407, 1.29462, 114.555
2036, 33.92500, 232.274, 7.00282, 1119.08, -79.6146, 1035.67, -150.144, 0.997064, -33.4147, 1.10768, -145.475, 1.29593, 114.533
2036, 33.93333, 232.391, 7.06631, 1120.59, -79.7092, 1037.62, -150.188, 0.998601, -33.4471, 1.10822, -145.544, 1.29724, 114.511
2037, 33.94167, 232.511, 7.12973, 1122.1, -79.8041, 1039.58, -150.232, 1.00014, -33.4799, 1.10875, -145.612, 1.29855, 114.488
2037, 33.95000, 232.633, 7.19307, 1123.62, -79.8993, 1041.54, -150.276, 1.00169, -33.5131, 1.10928, -145.682, 1.29987, 114.466
2038, 33.95833, 232.758, 7.25632, 1125.13, -79.9948, 1043.51, -150.32, 1.00324, -33.5468, 1.1098, -145.751, 1.30119, 114.443
2038, 33.96667, 232.886, 7.31949, 1126.65, -80.0906, 1045.48, -150.365, 1.0048, -33.5808, 1.11033, -145.82, 1.30252, 114.42
2039, 33.97500, 233.016, 7.38256, 1128.17, -80.1867, 1047.46, -150.41, 1.00636, -33.6153, 1.11085, -145.89, 1.30385, 114.397
2039, 33.98333, 233.149, 7.44553, 1129.7, -80.2832, 1049.44, -150.454, 1.00793, -33.6502, 1.11138, -145.96, 1.30519, 114.374
2040, 33.99167, 233.284, 7.5084, 1131.22, -80.38, 1051.43, -150.499, 1.0095, -33.6854, 1.1119, -146.031, 1.30653, 114.351
2040, 34.00000, 233.422, 7.57116, 1132.75, -80.4771, 1053.42, -150.545, 1.01108, -33.7211, 1.11242, -146.101, 1.30787, 114.328
2041, 34.00833, 233.563, 7.63381, 1134.28, -80.5745, 1055.43, -150.59, 1.01266, -33.7573, 1.11293, -146.172, 1.30921, 114.305
2041, 34.01667, 233.706, 7.69634, 1135.81, -80.6723, 1057.43, -150.635, 1.01425, -33.7938, 1.11345, -146.244, 1.31057, 114.281
2042, 34.02500, 233.852, 7.75874, 1137.34, -80.7704, 1059.45, -150.681, 1.01584, -33.8307, 1.11396, -146.315, 1.31192, 114.258
2042, 34.03333, 234.001, 7.82102, 1138.88, -80.8688, 1061.47, -150.727, 1.01743, -33.8681, 1.11448, -146.387, 1.31328, 114.234
2043, 34.04167, 234.153, 7.88316, 1140.41, -80.9676, 1063.49, -150.773, 1.01904, -33.9059, 1.11499, -146.459, 1.31464, 114.21
2043, 34.05000, 234.307, 7.94516, 1141.95, -81.0667, 1065.52, -150.819, 1.02064, -33.9441, 1.11549, -146.531, 1.31601, 114.186
2044, 34.05833, 234.464, 8.00702, 1143.49, -81.1661, 1067.56, -150.865, 1.02225, -33.9828, 1.116, -146.603, 1.31738, 114.162
2044, 34.06667, 234.623, 8.06873, 1145.04, -81.2659, 1069.6, -150.912, 1.02387, -34.0219, 1.1165, -146.676, 1.31875, 114.138
2045, 34.07500, 234.786, 8.13028, 1146.58, -81.366, 1071.65, -150.958, 1.02549, -34.0614, 1.11701, -146.749, 1.32013, 114.114
2045, 34.08333, 234.951, 8.19167, 1148.12, -81.4664, 1073.7, -151.005, 1.02712, -34.1013, 1.11751, -146.823, 1.32151, 114.089
2046, 34.09167, 235.118, 8.2529, 1149.67, -81.5672, 1075.76, -151.052, 1.02875, -34.1417, 1.11801, -146.896, 1.3229, 114.065
2046, 34.10000, 235.289, 8.31396, 1151.22, -81.6683, 1077.83, -151.099, 1.03039, -34.1825, 1.1185, -146.97, 1.32429, 114.04
2047, 34.10833, 235.462, 8.37483, 1152.77, -81.7697, 1079.9, -151.146, 1.03203, -34.2237, 1.119, -147.044, 1.32568, 114.015
2047, 34.11667, 235.638, 8.43554, 1154.32, -81.8715, 1081.98, -151.194, 1.03367, -34.2654, 1.11949, -147.119, 1.32708, 113.99
2048, 34.12500, 235.817, 8.49605, 1155.88, -81.9737, 1084.07, -151.241, 1.03532, -34.3075, 1.11998, -147.193, 1.32849, 113.965
2048, 34.13333, 235.998, 8.55636, 1157.43, -82.0762, 1086.16, -151.289, 1.03698, -34.35, 1.12047, -147.268, 1.32989, 113.94
2049, 34.14167, 236.182, 8.61649, 1158.99, -82.179, 1088.26, -151.337, 1.03864, -34.393, 1.12095, -147.344, 1.3313, 113.915
2049, 34.15000, 236.369, 8.67641, 1160.55, -82.2822, 1090.36, -151.385, 1.0403, -34.4364, 1.12143, -147.419, 1.33272, 113.889
2050, 34.15833, 236.559, 8.73612, 1162.11, -82.3858, 1092.47, -151.434, 1.04197, -34.4803, 1.12192, -147.495, 1.33414, 113.864
2050, 34.16667, 236.752, 8.79562, 1163.67, -82.4897, 1094.58, -151.482, 1.04365, -34.5246, 1.12239, -147.571, 1.33556, 113.838
2051, 34.17500, 236.947, 8.8549, 1165.23, -82.5939, 1096.71, -151.531, 1.04532, -34.5694, 1.12287, -147.648, 1.33699, 113.812
2051, 34.18333, 237.145, 8.91395, 1166.79, -82.6985, 1098.83, -151.58, 1.04701, -34.6146, 1.12334, -147.724, 1.33842, 113.786
2052, 34.19167, 237.346, 8.97278, 1168.36, -82.8035, 1100.97, -151.629, 1.0487, -34.6602, 1.12381, -147.801, 1.33986, 113.76
2052, 34.20000, 237.55, 9.03136, 1169.92, -82.9088, 1103.11, -151.678, 1.05039, -34.7063, 1.12428, -147.879, 1.3413, 113.734
2053, 34.20833, 237.756, 9.08971, 1171.49, -83.0145, 1105.25, -151.728, 1.05209, -34.7529, 1.12475, -147.956, 1.34274, 113.708
2053, 34.21667, 237.966, 9.14781, 1173.06, -83.1206, 1107.41, -151.777, 1.05379, -34.7999, 1.12521, -148.034, 1.34419, 113.681
2054, 34.22500, 238.178, 9.20566, 1174.63, -83.227, 1109.57, -151.827, 1.0555, -34.8474, 1.12567, -148.112, 1.34564, 113.655
2054, 34.23333, 238.393, 9.26325, 1176.2, -83.3338, 1111.73, -151.877, 1.05721, -34.8953, 1.12613, -148.191, 1.3471, 113.628
2055, 34.24167, 238.611, 9.32058, 1177.77, -83.4409, 1113.9, -151.927, 1.05893, -34.9437, 1.12658, -148.269, 1.34856, 113.601
2055, 34.25000, 238.831, 9.37764, 1179.35, -83.5484, 1116.08, -151.978, 1.06065, -34.9925, 1.12703, -148.348, 1.35003, 113.574
2056, 34.25833, 239.055, 9.43442, 1180.92, -83.6563, 1118.26, -152.028, 1.06237, -35.0418, 1.12748, -148.427, 1.3515, 113.547
2056, 34.26667, 239.281, 9.49093, 1182.5, -83.7645, 1120.45, -152.079, 1.0641, -35.0916, 1.12793, -148.507, 1.35297, 113.52
2057, 34.27500, 239.51, 9.54715, 1184.07, -83.8732, 1122.65, -152.13, 1.06584, -35.1418, 1.12837, -148.587, 1.35445, 113.492
2057, 34.28333, 239.742, 9.60308, 1185.65, -83.9822, 1124.85, -152.181, 1.06757, -35.1925, 1.12881, -148.667, 1.35593, 113.465
2058, 34.29167, 239.977, 9.65872, 1187.23, -84.0915, 1127.06, -152.233, 1.06932, -35.2436, 1.12925, -148.748, 1.35742, 113.437
2058, 34.30000, 240.215, 9.71405, 1188.8, -84.2013, 1129.28, -152.284, 1.07107, -35.2952, 1.12968, -148.828, 1.35891, 113.409
2059, 34.30833, 240.455, 9.76907, 1190.38, -84.3114, 1131.5, -152.336, 1.07282, -35.3473, 1.13011, -148.909, 1.3604, 113.381
2059, 34.31667, 240.699, 9.82379, 1191.96, -84.4219, 1133.73, -152.388, 1.07458, -35.3999, 1.13054, -148.991, 1.3619, 113.353
2060, 34.32500, 240.945, 9.87818, 1193.54, -84.5328, 1135.96, -152.44, 1.07634, -35.4529, 1.13096, -149.072, 1.36341, 113.324
2060, 34.33333, 241.194, 9.93225, 1195.12, -84.6441, 1138.21, -152.493, 1.0781, -35.5064, 1.13138, -149.154, 1.36491, 113.296
2061, 34.34167, 241.446, 9.98599, 1196.71, -84.7557, 1140.45, -152.545, 1.07987, -35.5604, 1.1318, -149.236, 1.36643, 113.267
2061, 34.35000, 241.701, 10.0394, 1198.29, -84.8677, 1142.71, -152.598, 1.08165, -35.6149, 1.13221, -149.319, 1.36794, 113.239
2062, 34.35833, 241.959, 10.0925, 1199.87, -84.9801, 1144.97, -152.651, 1.08342, -35.6698, 1.13262, -149.402, 1.36946, 113.21
2062, 34.36667, 242.219, 10.1452, 1201.45, -85.093, 1147.24, -152.704, 1.08521, -35.7252, 1.13303, -149.485, 1.37099, 113.181
2063, 34.37500, 242.483, 10.1975, 1203.04, -85.2062, 1149.51, -152.758, 1.08699, -35.7811, 1.13343, -149.568, 1.37252, 113.151
2063, 34.38333, 242.749, 10.2495, 1204.62, -85.3197, 1151.79, -152.811, 1.08879, -35.8375, 1.13383, -149.652, 1.37405, 113.122
2064, 34.39167, 243.018, 10.3012, 1206.2, -85.4337, 1154.08, -152.865, 1.09058, -35.8944, 1.13423, -149.736, 1.37559, 113.093
2064, 34.40000, 243.29, 10.3525, 1207.79, -85.5481, 1156.37, -152.919, 1.09238, -35.9517, 1.13462, -149.82, 1.37713, 113.063
2064, 34.40833, 243.565, 10.4034, 1209.37, -85.6628, 1158.67, -152.973, 1.09418, -36.0095, 1.13501, -149.905, 1.37868, 113.033
2065, 34.41667, 243.843, 10.4539, 1210.96, -85.778, 1160.97, -153.028, 1.09599, -36.0679, 1.13539, -149.99, 1.38023, 113.003
2066, 34.42500, 244.124, 10.504, 1212.54, -85.8936, 1163.29, -153.082, 1.0978, -36.1267, 1.13577, -150.075, 1.38179, 112.973
2066, 34.43333, 244.407, 10.5538, 1214.13, -86.0095, 1165.61, -153.137, 1.09962, -36.186, 1.13615, -150.161, 1.38335, 112.943
2067, 34.44167, 244.694, 10.6031, 1215.71, -86.1259, 1167.93, -153.192, 1.10144, -36.2458, 1.13652, -150.246, 1.38491, 112.912
2067, 34.45000, 244.983, 10.6521, 1217.3, -86.2426, 1170.26, -153.248, 1.10326, -36.3061, 1.13689, -150.333, 1.38648, 112.882
2068, 34.45833, 245.275, 10.7006, 1218.88, -86.3598, 1172.6, -153.303, 1.10509, -36.3668, 1.13725, -150.419, 1.38805, 112.851
2068, 34.46667, 245.571, 10.7487, 1220.46, -86.4774, 1174.95, -153.359, 1.10692, -36.4281, 1.13761, -150.506, 1.38963, 112.82
2068, 34.47500, 245.869, 10.7965, 1222.05, -86.5953, 1177.3, -153.415, 1.10876, -36.4899, 1.13797, -150.593, 1.39121, 112.789
2069, 34.48333, 246.169, 10.8437, 1223.63, -86.7137, 1179.66, -153.471, 1.1106, -36.5522, 1.13832, -150.68, 1.3928, 112.758
2070, 34.49167, 246.473, 10.8906, 1225.21, -86.8325, 1182.02, -153.528, 1.11244, -36.6149, 1.13867, -150.768, 1.39439, 112.726
2070, 34.50000, 246.78, 10.937, 1226.8, -86.9517, 1184.39, -153.585, 1.11429, -36.6782, 1.13901, -150.856, 1.39598, 112.695
2071, 34.50833, 247.089, 10.983, 1228.38, -87.0713, 1186.77, -153.641, 1.11614, -36.742, 1.13935, -150.944, 1.39758, 112.663
2071, 34.51667, 247.402, 11.0285, 1229.96, -87.1913, 1189.16, -153.699, 1.118, -36.8063, 1.13968, -151.033, 1.39918, 112.631
2072, 34.52500, 247.717, 11.0736, 1231.54, -87.3117, 1191.55, -153.756, 1.11985, -36.8711, 1.14001, -151.122, 1.40079, 112.599
2072, 34.53333, 248.035, 11.1182, 1233.12, -87.4325, 1193.95, -153.813, 1.12172, -36.9363, 1.14033, -151.211, 1.40241, 112.567
2072, 34.54167, 248.356, 11.1624, 1234.7, -87.5538, 1196.35, -153.871, 1.12358, -37.0022, 1.14065, -151.3, 1.40402, 112.535
2073, 34.55000, 248.68, 11.2061, 1236.28, -87.6755, 1198.76, -153.929, 1.12545, -37.0685, 1.14097, -151.39, 1.40564, 112.502
2074, 34.55833, 249.007, 11.2493, 1237.86, -87.7976, 1201.18, -153.988, 1.12732, -37.1353, 1.14128, -151.48, 1.40727, 112.469
2074, 34.56667, 249.336, 11.2921, 1239.43, -87.9201, 1203.6, -154.046, 1.1292, -37.2026, 1.14158, -151.571, 1.4089, 112.437
2075, 34.57500, 249.669, 11.3343, 1241.01, -88.043, 1206.03, -154.105, 1.13108, -37.2705, 1.14188, -151.662, 1.41053, 112.404
2075, 34.58333, 250.004, 11.3761, 1242.58, -88.1663, 1208.47, -154.164, 1.13296, -37.3388, 1.14218, -151.753, 1.41217, 112.37
2076, 34.59167, 250.342, 11.4174, 1244.16, -88.2901, 1210.92, -154.223, 1.13485, -37.4077, 1.14247, -151.844, 1.41382, 112.337
2076, 34.60000, 250.683, 11.4582, 1245.73, -88.4143, 1213.37, -154.283, 1.13674, -37.4771, 1.14275, -151.936, 1.41546, 112.303
2076, 34.60833, 251.027, 11.4984, 1247.3, -88.5389, 1215.82, -154.342, 1.13863, -37.547, 1.14303, -152.028, 1.41712, 112.27
2077, 34.61667, 251.374, 11.5382, 1248.87, -88.664, 1218.29, -154.402, 1.14053, -37.6174, 1.14331, -152.12, 1.41877, 112.236
2078, 34.62500, 251.724, 11.5775, 1250.44, -88.7895, 1220.76, -154.463, 1.14243, -37.6884, 1.14357, -152.213, 1.42043, 112.202
2078, 34.63333, 252.076, 11.6162, 1252, -88.9153, 1223.24, -154.523, 1.14433, -37.7599, 1.14384, -152.306, 1.4221, 112.167
2079, 34.64167, 252.431, 11.6544, 1253.57, -89.0417, 1225.72, -154.584, 1.14624, -37.8319, 1.1441, -152.399, 1.42377, 112.133
2079, 34.65000, 252.789, 11.6921, 1255.13, -89.1684, 1228.21, -154.645, 1.14815, -37.9044, 1.14435, -152.492, 1.42544, 112.098
2080, 34.65833, 253.15, 11.7292, 1256.69, -89.2956, 1230.71, -154.706, 1.15006, -37.9774, 1.14459, -152.586, 1.42712, 112.063
2080, 34.66667, 253.514, 11.7658, 1258.25, -89.4233, 1233.21, -154.767, 1.15197, -38.051, 1.14484, -152.681, 1.42881, 112.028
2080, 34.67500, 253.88, 11.8019, 1259.81, -89.5513, 1235.72, -154.829, 1.15389, -38.1251, 1.14507, -152.775, 1.43049, 111.993
2081, 34.68333, 254.249, 11.8374, 1261.37, -89.6798, 1238.24, -154.891, 1.15581, -38.1997, 1.1453, -152.87, 1.43219, 111.958
2082, 34.69167, 254.622, 11.8723, 1262.92, -89.8088, 1240.76, -154.953, 1.15773, -38.2749, 1.14552, -152.965, 1.43388, 111.922
2082, 34.70000, 254.996, 11.9067, 1264.47, -89.9381, 1243.29, -155.016, 1.15966, -38.3506, 1.14574, -153.06, 1.43558, 111.887
2083, 34.70833, 255.374, 11.9405, 1266.02, -90.0679, 1245.83, -155.078, 1.16159, -38.4268, 1.14595, -153.156, 1.43729, 111.851
2083, 34.71667, 255.754, 11.9738, 1267.57, -90.1982, 1248.38, -155.141, 1.16352, -38.5036, 1.14616, -153.252, 1.439, 111.815
2084, 34.72500, 256.138, 12.0064, 1269.11, -90.3289, 1250.93, -155.204, 1.16545, -38.5809, 1.14636, -153.349, 1.44071, 111.778
2084, 34.73333, 256.523, 12.0385, 1270.65, -90.46, 1253.48, -155.268, 1.16739, -38.6587, 1.14655, -153.445, 1.44243, 111.742
2084, 34.74167, 256.912, 12.07, 1272.19, -90.5916, 1256.05, -155.332, 1.16933, -38.7371, 1.14674, -153.542, 1.44415, 111.705
2085, 34.75000, 257.304, 12.101, 1273.73, -90.7236, 1258.62, -155.396, 1.17127, -38.816, 1.14692, -153.64, 1.44588, 111.668
2086, 34.75833, 257.698, 12.1313, 1275.27, -90.856, 1261.19, -155.46, 1.17322, -38.8954, 1.14709, -153.737, 1.44761, 111.631
2086, 34.76667, 258.095, 12.161, 1276.8, -90.9889, 1263.78, -155.524, 1.17516, -38.9754, 1.14726, -153.835, 1.44935, 111.594
2087, 34.77500, 258.494, 12.1901, 1278.33, -91.1223, 1266.37, -155.589, 1.17711, -39.0559, 1.14742, -153.934, 1.45109, 111.557
2087, 34.78333, 258.897, 12.2186, 1279.85, -91.256, 1268.96, -155.654, 1.17906, -39.137, 1.14757, -154.032, 1.45283, 111.519
2088, 34.79167, 259.302, 12.2465, 1281.37, -91.3903, 1271.57, -155.719, 1.18102, -39.2186, 1.14772, -154.131, 1.45458, 111.481
2088, 34.80000, 259.709, 12.2738, 1282.89, -91.525, 1274.17, -155.785, 1.18297, -39.3008, 1.14786, -154.23, 1.45634, 111.443
2088, 34.80833, 260.12, 12.3005, 1284.41, -91.6601, 1276.79, -155.851, 1.18493, -39.3835, 1.14799, -154.33, 1.45809, 111.405
2089, 34.81667, 260.533, 12.3265, 1285.92, -91.7957, 1279.41, -155.917, 1.18689, -39.4667, 1.14811, -154.429, 1.45986, 111.367
2090, 34.82500, 260.948, 12.3519, 1287.43, -91.9317, 1282.04, -155.983, 1.18885, -39.5505, 1.14823, -154.53, 1.46162, 111.328
2090, 34.83333, 261.367, 12.3767, 1288.94, -92.0682, 1284.68, -156.05, 1.19081, -39.6348, 1.14834, -154.63, 1.46339, 111.29
2091, 34.84167, 261.788, 12.4008, 1290.44, -92.2051, 1287.32, -156.117, 1.19278, -39.7197, 1.14845, -154.731, 1.46517, 111.251
2091, 34.85000, 262.211, 12.4243, 1291.94, -92.3425, 1289.97, -156.184, 1.19474, -39.8052, 1.14854, -154.832, 1.46695, 111.212
2092, 34.85833, 262.637, 12.4471, 1293.43, -92.4804, 1292.62, -156.251, 1.19671, -39.8911, 1.14863, -154.933, 1.46873, 111.172
2092, 34.86667, 263.066, 12.4693, 1294.92, -92.6187, 1295.29, -156.319, 1.19868, -39.9777, 1.14872, -155.035, 1.47052, 111.133
2092, 34.87500, 263.498, 12.4908, 1296.41, -92.7574, 1297.95, -156.387, 1.20065, -40.0648, 1.14879, -155.137, 1.47231, 111.093
2093, 34.88333, 263.932, 12.5116, 1297.89, -92.8966, 1300.63, -156.456, 1.20262, -40.1524, 1.14886, -155.239, 1.47411, 111.053
2094, 34.89167, 264.368, 12.5318, 1299.37, -93.0363, 1303.31, -156.524, 1.2046, -40.2406, 1.14892, -155.342, 1.47591, 111.013
2094, 34.90000, 264.807, 12.5513, 1300.84, -93.1764, 1306, -156.593, 1.20657, -40.3294, 1.14897, -155.444, 1.47772, 110.972
2095, 34.90833, 265.249, 12.5702, 1302.31, -93.317, 1308.69, -156.662, 1.20855, -40.4187, 1.14901, -155.548, 1.47953, 110.932
2095, 34.91667, 265.693, 12.5884, 1303.78, -93.458, 1311.39, -156.731, 1.21053, -40.5085, 1.14905, -155.651, 1.48134, 110.891
2096, 34.92500, 266.14, 12.6058, 1305.23, -93.5995, 1314.09, -156.801, 1.2125, -40.5989, 1.14907, -155.755, 1.48316, 110.85
2096, 34.93333, 266.589, 12.6226, 1306.69, -93.7414, 1316.81, -156.871, 1.21448, -40.6899, 1.14909, -155.859, 1.48498, 110.809
2096, 34.94167, 267.04, 12.6388, 1308.14, -93.8839, 1319.53, -156.941, 1.21646, -40.7815, 1.1491, -155.963, 1.48681, 110.768
2097, 34.95000, 267.494, 12.6542, 1309.59, -94.0267, 1322.25, -157.012, 1.21845, -40.8735, 1.1491, -156.068, 1.48864, 110.726
2098, 34.95833, 267.951, 12.6689, 1311.03, -94.17, 1324.98, -157.083, 1.22043, -40.9662, 1.1491, -156.173, 1.49048, 110.684
2098, 34.96667, 268.41, 12.6829, 1312.46, -94.3138, 1327.72, -157.154, 1.22241, -41.0594, 1.14908, -156.278, 1.49232, 110.642
2099, 34.97500, 268.871, 12.6962, 1313.89, -94.458, 1330.47, -157.225, 1.22439, -41.1532, 1.14906, -156.384, 1.49416, 110.6
2099, 34.98333, 269.335, 12.7088, 1315.32, -94.6027, 1333.22, -157.297, 1.22638, -41.2475, 1.14903, -156.49, 1.49601, 110.558
2100, 34.99167, 269.801, 12.7207, 1316.73, -94.7479, 1335.97, -157.369, 1.22836, -41.3424, 1.14899, -156.596, 1.49786, 110.515
2100, 35.00000, 270.269, 12.7319, 1318.15, -94.8935, 1338.73, -157.441, 1.23035, -41.4378, 1.14894, -156.702, 1.49971, 110.472
2100, 35.00833, 270.74, 12.7424, 1319.55, -95.0396, 1341.5, -157.513, 1.23233, -41.5338, 1.14888, -156.809, 1.50157, 110.429
2101, 35.01667, 271.213, 12.7521, 1320.96, -95.1862, 1344.28, -157.586, 1.23432, -41.6304, 1.14881, -156.916, 1.50344, 110.386
2102, 35.02500, 271.689, 12.7611, 1322.35, -95.3332, 1347.06, -157.659, 1.2363, -41.7276, 1.14874, -157.023, 1.50531, 110.342
2102, 35.03333, 272.166, 12.7694, 1323.74, -95.4806, 1349.85, -157.733, 1.23829, -41.8253, 1.14865, -157.131, 1.50718, 110.299
2103, 35.04167, 272.646, 12.777, 1325.12, -95.6286, 1352.64, -157.806, 1.24028, -41.9235, 1.14856, -157.239, 1.50906, 110.255
2103, 35.05000, 273.128, 12.7838, 1326.5, -95.777, 1355.44, -157.88, 1.24226, -42.0224, 1.14845, -157.347, 1.51094, 110.211
2104, 35.05833, 273.613, 12.7899, 1327.87, -95.9258, 1358.24, -157.955, 1.24425, -42.1217, 1.14834, -157.455, 1.51282, 110.166
2104, 35.06667, 274.1, 12.7952, 1329.23, -96.0751, 1361.06, -158.029, 1.24623, -42.2217, 1.14822, -157.564, 1.51471, 110.122
2104, 35.07500, 274.588, 12.7998, 1330.59, -96.2249, 1363.87, -158.104, 1.24822, -42.3222, 1.14809, -157.673, 1.51661, 110.077
2105, 35.08333, 275.079, 12.8037, 1331.94, -96.3751, 1366.7, -158.179, 1.2502, -42.4233, 1.14794, -157.782, 1.5185, 110.032
2106, 35.09167, 275.573, 12.8068, 1333.28, -96.5258, 1369.52, -158.254, 1.25218, -42.525, 1.14779, -157.892, 1.5204, 109.987
2106, 35.10000, 276.068, 12.8091, 1334.62, -96.677, 1372.36, -158.33, 1.25417, -42.6272, 1.14763, -158.002, 1.52231, 109.941
2107, 35.10833, 276.565, 12.8107, 1335.95, -96.8286, 1375.2, -158.406, 1.25615, -42.73, 1.14746, -158.112, 1.52422, 109.896
2107, 35.11667, 277.065, 12.8116, 1337.27, -96.9807, 1378.05, -158.483, 1.25813, -42.8333, 1.14728, -158.222, 1.52613, 109.85
2108, 35.12500, 277.566, 12.8116, 1338.58, -97.1332, 1380.9, -158.559, 1.26011, -42.9372, 1.14708, -158.333, 1.52805, 109.804
2108, 35.13333, 278.07, 12.8109, 1339.89, -97.2862, 1383.76, -158.636, 1.26209, -43.0417, 1.14688, -158.444, 1.52997, 109.757
2108, 35.14167, 278.575, 12.8095, 1341.19, -97.4397, 1386.62, -158.713, 1.26407, -43.1468, 1.14667, -158.555, 1.53189, 109.711
2109, 35.15000, 279.083, 12.8073, 1342.48, -97.5936, 1389.49, -158.791, 1.26604, -43.2524, 1.14645, -158.666, 1.53382, 109.664
2110, 35.15833, 279.592, 12.8043, 1343.76, -97.7479, 1392.36, -158.869, 1.26802, -43.3585, 1.14621, -158.778, 1.53575, 109.617
2110, 35.16667, 280.104, 12.8005, 1345.04, -97.9028, 1395.25, -158.947, 1.26999, -43.4653, 1.14597, -158.89, 1.53769, 109.57
2111, 35.17500, 280.617, 12.796, 1346.3, -98.0581, 1398.13, -159.025, 1.27196, -43.5726, 1.14572, -159.002, 1.53963, 109.523
2111, 35.18333, 281.133, 12.7906, 1347.56, -98.2138, 1401.02, -159.104, 1.27393, -43.6804, 1.14545, -159.115, 1.54157, 109.475
2112, 35.19167, 281.65, 12.7845, 1348.81, -98.37, 1403.92, -159.183, 1.2759, -43.7889, 1.14517, -159.227, 1.54352, 109.427
2112, 35.20000, 282.169, 12.7777, 1350.05, -98.5267, 1406.82, -159.262, 1.27787, -43.8979, 1.14489, -159.34, 1.54547, 109.379
2112, 35.20833, 282.69, 12.77, 1351.28, -98.6838, 1409.73, -159.342, 1.27983, -44.0075, 1.14459, -159.453, 1.54743, 109.331
2113, 35.21667, 283.212, 12.7615, 1352.51, -98.8414, 1412.64, -159.422, 1.2818, -44.1176, 1.14428, -159.567, 1.54939, 109.282
2114, 35.22500, 283.737, 12.7523, 1353.72, -98.9994, 1415.56, -159.502, 1.28376, -44.2283, 1.14396, -159.68, 1.55135, 109.233
2114, 35.23333, 284.263, 12.7423, 1354.93, -99.1579, 1418.49, -159.582, 1.28572, -44.3395, 1.14363, -159.794, 1.55332, 109.184
2115, 35.24167, 284.79, 12.7315, 1356.12, -99.3168, 1421.42, -159.663, 1.28767, -44.4514, 1.14329, -159.909, 1.55529, 109.135
2115, 35.25000, 285.32, 12.7199, 1357.31, -99.4762, 1424.35, -159.744, 1.28963, -44.5637, 1.14293, -160.023, 1.55726, 109.086
2116, 35.25833, 285.851, 12.7074, 1358.48, -99.636, 1427.29, -159.826, 1.29158, -44.6767, 1.14257, -160.138, 1.55924, 109.036
2116, 35.26667, 286.384, 12.6942, 1359.65, -99.7963, 1430.24, -159.907, 1.29353, -44.7902, 1.14219, -160.252, 1.56122, 108.986
2116, 35.27500, 286.918, 12.6803, 1360.81, -99.957, 1433.19, -159.989, 1.29547, -44.9042, 1.1418, -160.367, 1.5632, 108.936
2117, 35.28333, 287.454, 12.6655, 1361.95, -100.118, 1436.14, -160.072, 1.29741, -45.0189, 1.1414, -160.483, 1.56519, 108.886
2118, 35.29167, 287.992, 12.6499, 1363.09, -100.28, 1439.1, -160.154, 1.29935, -45.1341, 1.14099, -160.598, 1.56718, 108.835
2118, 35.30000, 288.531, 12.6335, 1364.22, -100.442, 1442.07, -160.237, 1.30129, -45.2498, 1.14056, -160.714, 1.56918, 108.784
2119, 35.30833, 289.071, 12.6163, 1365.33, -100.604, 1445.04, -160.32, 1.30322, -45.3661, 1.14013, -160.83, 1.57117, 108.733
2119, 35.31667, 289.613, 12.5983, 1366.44, -100.767, 1448.01, -160.404, 1.30515, -45.483, 1.13968, -160.946, 1.57318, 108.682
2120, 35.32500, 290.156, 12.5794, 1367.53, -100.931, 1450.99, -160.488, 1.30708, -45.6004, 1.13922, -161.062, 1.57518, 108.63
2120, 35.33333, 290.701, 12.5598, 1368.62, -101.095, 1453.98, -160.572, 1.309, -45.7183, 1.13874, -161.179, 1.57719, 108.579
2120, 35.34167, 291.247, 12.5394, 1369.69, -101.259, 1456.97, -160.656, 1.31092, -45.8369, 1.13826, -161.296, 1.5792, 108.527
2121, 35.35000, 291.795, 12.5182, 1370.75, -101.424, 1459.96, -160.741, 1.31284, -45.956, 1.13776, -161.412, 1.58122, 108.475
2122, 35.35833, 292.343, 12.4962, 1371.8, -101.589, 1462.96, -160.826, 1.31475, -46.0756, 1.13725, -161.53, 1.58324, 108.422
2122, 35.36667, 292.893, 12.4733, 1372.84, -101.754, 1465.96, -160.911, 1.31665, -46.1958, 1.13673, -161.647, 1.58526, 108.37
2123, 35.37500, 293.444, 12.4497, 1373.87, -101.92, 1468.97, -160.997, 1.31856, -46.3165, 1.13619, -161.764, 1.58728, 108.317
2123, 35.38333, 293.997, 12.4252, 1374.88, -102.087, 1471.98, -161.083, 1.32045, -46.4378, 1.13564, -161.882, 1.58931, 108.264
2124, 35.39167, 294.55, 12.3999, 1375.88, -102.254, 1475, -161.169, 1.32235, -46.5597, 1.13508, -162, 1.59134, 108.21
2124, 35.40000, 295.105, 12.3738, 1376.87, -102.421, 1478.02, -161.256, 1.32424, -46.682, 1.13451, -162.118, 1.59338, 108.157
2124, 35.40833, 295.661, 12.3469, 1377.85, -102.589, 1481.04, -161.342, 1.32612, -46.805, 1.13392, -162.236, 1.59541, 108.103
2125, 35.41667, 296.217, 12.3192, 1378.82, -102.757, 1484.07, -161.43, 1.328, -46.9284, 1.13332, -162.354, 1.59746, 108.049
2126, 35.42500, 296.775, 12.2907, 1379.77, -102.925, 1487.11, -161.517, 1.32988, -47.0525, 1.13271, -162.473, 1.5995, 107.995
2126, 35.43333, 297.334, 12.2614, 1380.71, -103.094, 1490.14, -161.605, 1.33175, -47.177, 1.13208, -162.591, 1.60155, 107.94
2127, 35.44167, 297.894, 12.2312, 1381.64, -103.264, 1493.19, -161.693, 1.33361, -47.3021, 1.13144, -162.71, 1.6036, 107.885
2127, 35.45000, 298.455, 12.2003, 1382.56, -103.433, 1496.23, -161.781, 1.33547, -47.4278, 1.13079, -162.829, 1.60565, 107.83
2128, 35.45833, 299.016, 12.1685, 1383.46, -103.604, 1499.28, -161.87, 1.33732, -47.554, 1.13012, -162.948, 1.60771, 107.775
2128, 35.46667, 299.579, 12.1359, 1384.35, -103.774, 1502.34, -161.959, 1.33917, -47.6807, 1.12944, -163.067, 1.60977, 107.72
2128, 35.47500, 300.142, 12.1026, 1385.23, -103.945, 1505.4, -162.048, 1.34102, -47.8079, 1.12875, -163.187, 1.61183, 107.664
2129, 35.48333, 300.706, 12.0684, 1386.09, -104.117, 1508.46, -162.137, 1.34285, -47.9357, 1.12804, -163.306, 1.61389, 107.608
2130, 35.49167, 301.271, 12.0333, 1386.94, -104.289, 1511.52, -162.227, 1.34468, -48.064, 1.12732, -163.426, 1.61596, 107.552
2130, 35.50000, 301.836, 11.9975, 1387.77, -104.461, 1514.59, -162.317, 1.34651, -48.1929, 1.12658, -163.545, 1.61803, 107.496
2131, 35.50833, 302.402, 11.9609, 1388.59, -104.634, 1517.67, -162.408, 1.34833, -48.3222, 1.12583, -163.665, 1.62011, 107.439
2131, 35.51667, 302.969, 11.9235, 1389.4, -104.807, 1520.74, -162.498, 1.35014, -48.4522, 1.12507, -163.785, 1.62218, 107.383
2132, 35.52500, 303.536, 11.8852, 1390.19, -104.98, 1523.82, -162.589, 1.35194, -48.5826, 1.12429, -163.905, 1.62426, 107.326
2132, 35.53333, 304.104, 11.8462, 1390.97, -105.154, 1526.91, -162.681, 1.35374, -48.7135, 1.1235, -164.025, 1.62634, 107.268
2133, 35.54167, 304.672, 11.8063, 1391.73, -105.328, 1529.99, -162.772, 1.35554, -48.845, 1.1227, -164.145, 1.62843, 107.211
2133, 35.55000, 305.241, 11.7657, 1392.48, -105.503, 1533.08, -162.864, 1.35732, -48.977, 1.12188, -164.266, 1.63052, 107.153
2134, 35.55833, 305.81, 11.7242, 1393.21, -105.678, 1536.18, -162.956, 1.3591, -49.1095, 1.12104, -164.386, 1.63261, 107.095
2134, 35.56667, 306.38, 11.6819, 1393.93, -105.853, 1539.27, -163.049, 1.36087, -49.2425, 1.12019, -164.507, 1.6347, 107.037
2135, 35.57500, 306.95, 11.6389, 1394.63, -106.029, 1542.38, -163.141, 1.36264, -49.376, 1.11933, -164.627, 1.6368, 106.979
2135, 35.58333, 307.52, 11.595, 1395.32, -106.205, 1545.48, -163.234, 1.36439, -49.5101, 1.11845, -164.748, 1.63889, 106.92
2136, 35.59167, 308.091, 11.5503, 1395.99, -106.382, 1548.59, -163.328, 1.36614, -49.6446, 1.11756, -164.868, 1.64099, 106.861
2136, 35.60000, 308.662, 11.5049, 1396.65, -106.558, 1551.69, -163.421, 1.36788, -49.7797, 1.11666, -164.989, 1.6431, 106.802
2137, 35.60833, 309.233, 11.4586, 1397.29, -106.736, 1554.81, -163.515, 1.36962, -49.9152, 1.11574, -165.11, 1.6452, 106.743
2137, 35.61667, 309.804, 11.4116, 1397.91, -106.913, 1557.92, -163.609, 1.37134, -50.0513, 1.1148, -165.23, 1.64731, 106.683
2138, 35.62500, 310.376, 11.3637, 1398.52, -107.091, 1561.04, -163.704, 1.37306, -50.1878, 1.11385, -165.351, 1.64942, 106.624
2138, 35.63333, 310.947, 11.3151, 1399.11, -107.269, 1564.16, -163.798, 1.37477, -50.3249, 1.11288, -165.472, 1.65153, 106.564
2139, 35.64167, 311.518, 11.2657, 1399.69, -107.448, 1567.29, -163.893, 1.37647, -50.4624, 1.1119, -165.593, 1.65365, 106.503
2139, 35.65000, 312.09, 11.2154, 1400.25, -107.627, 1570.41, -163.988, 1.37817, -50.6005, 1.11091, -165.713, 1.65576, 106.443
2140, 35.65833, 312.661, 11.1645, 1400.79, -107.806, 1573.54, -164.084, 1.37985, -50.739, 1.1099, -165.834, 1.65788, 106.382
2140, 35.66667, 313.232, 11.1127, 1401.32, -107.986, 1576.67, -164.18, 1.38153, -50.878, 1.10888, -165.955, 1.66001, 106.321
2141, 35.67500, 313.803, 11.0601, 1401.83, -108.166, 1579.81, -164.276, 1.38319, -51.0175, 1.10784, -166.076, 1.66213, 106.26
2141, 35.68333, 314.374, 11.0068, 1402.32, -108.346, 1582.94, -164.372, 1.38485, -51.1574, 1.10678, -166.197, 1.66426, 106.199
2142, 35.69167, 314.945, 10.9527, 1402.79, -108.527, 1586.08, -164.469, 1.3865, -51.2979, 1.10571, -166.317, 1.66638, 106.138
2142, 35.70000, 315.515, 10.8978, 1403.25, -108.708, 1589.22, -164.566, 1.38814, -51.4388, 1.10463, -166.438, 1.66851, 106.076
2143, 35.70833, 316.086, 10.8421, 1403.69, -108.889, 1592.37, -164.663, 1.38977, -51.5802, 1.10352, -166.559, 1.67065, 106.014
2143, 35.71667, 316.655, 10.7857, 1404.11, -109.071, 1595.51, -164.76, 1.39139, -51.722, 1.10241, -166.679, 1.67278, 105.952
2144, 35.72500, 317.225, 10.7285, 1404.52, -109.253, 1598.66, -164.858, 1.39301, -51.8643, 1.10128, -166.8, 1.67492, 105.889
2144, 35.73333, 317.794, 10.6705, 1404.9, -109.435, 1601.81, -164.956, 1.39461, -52.0071, 1.10013, -166.92, 1.67706, 105.827
2145, 35.74167, 318.362, 10.6118, 1405.27, -109.618, 1604.96, -165.054, 1.3962, -52.1503, 1.09897, -167.041, 1.6792, 105.764
2145, 35.75000, 318.93, 10.5523, 1405.62, -109.801, 1608.12, -165.152, 1.39778, -52.294, 1.09779, -167.161, 1.68134, 105.701
2146, 35.75833, 319.498, 10.4921, 1405.95, -109.984, 1611.27, -165.251, 1.39935, -52.4382, 1.0966, -167.282, 1.68349, 105.637
2146, 35.76667, 320.064, 10.4311, 1406.27, -110.167, 1614.43, -165.35, 1.40091, -52.5828, 1.09539, -167.402, 1.68563, 105.574
2147, 35.77500, 320.631, 10.3694, 1406.56, -110.351, 1617.59, -165.449, 1.40247, -52.7278, 1.09417, -167.522, 1.68778, 105.51
2147, 35.78333, 321.196, 10.3069, 1406.84, -110.535, 1620.75, -165.549, 1.40401, -52.8733, 1.09293, -167.642, 1.68993, 105.446
2148, 35.79167, 321.761, 10.2437, 1407.09, -110.719, 1623.91, -165.649, 1.40554, -53.0192, 1.09168, -167.762, 1.69209, 105.382
2148, 35.80000, 322.325, 10.1797, 1407.33, -110.904, 1627.07, -165.749, 1.40706, -53.1655, 1.09041, -167.881, 1.69424, 105.318
2149, 35.80833, 322.888, 10.115, 1407.55, -111.088, 1630.24, -165.849, 1.40857, -53.3123, 1.08912, -168.001, 1.6964, 105.253
2149, 35.81667, 323.45, 10.0496, 1407.75, -111.274, 1633.41, -165.949, 1.41006, -53.4595, 1.08782, -168.121, 1.69855, 105.189
2150, 35.82500, 324.011, 9.9834, 1407.93, -111.459, 1636.57, -166.05, 1.41155, -53.6071, 1.08651, -168.24, 1.70071, 105.124
2150, 35.83333, 324.572, 9.91652, 1408.09, -111.644, 1639.74, -166.151, 1.41303, -53.7551, 1.08517, -168.359, 1.70287, 105.058
2151, 35.84167, 325.131, 9.8489, 1408.23, -111.83, 1642.91, -166.252, 1.41449, -53.9036, 1.08383, -168.478, 1.70504, 104.993
2151, 35.85000, 325.689, 9.78057, 1408.35, -112.016, 1646.08, -166.353, 1.41594, -54.0525, 1.08246, -168.597, 1.7072, 104.927
2152, 35.85833, 326.247, 9.71153, 1408.45, -112.203, 1649.26, -166.455, 1.41738, -54.2017, 1.08108, -168.715, 1.70937, 104.862
2152, 35.86667, 326.803, 9.64178, 1408.53, -112.389, 1652.43, -166.557, 1.41881, -54.3514, 1.07969, -168.834, 1.71154, 104.796
2153, 35.87500, 327.358, 9.57132, 1408.59, -112.576, 1655.61, -166.659, 1.42023, -54.5015, 1.07828, -168.952, 1.71371, 104.729
2153, 35.88333, 327.911, 9.50016, 1408.64, -112.763, 1658.78, -166.762, 1.42164, -54.652, 1.07686, -169.07, 1.71588, 104.663
2154, 35.89167, 328.464, 9.42829, 1408.66, -112.95, 1661.96, -166.864, 1.42303, -54.8028, 1.07541, -169.188, 1.71805, 104.596
2154, 35.90000, 329.015, 9.35573, 1408.66, -113.137, 1665.14, -166.967, 1.42441, -54.9541, 1.07396, -169.305, 1.72023, 104.53
2155, 35.90833, 329.565, 9.28249, 1408.64, -113.325, 1668.32, -167.07, 1.42578, -55.1057, 1.07249, -169.423, 1.7224, 104.463
2155, 35.91667, 330.113, 9.20855, 1408.59, -113.513, 1671.5, -167.173, 1.42714, -55.2577, 1.071, -169.54, 1.72458, 104.395
2156, 35.92500, 330.66, 9.13394, 1408.53, -113.701, 1674.68, -167.277, 1.42848, -55.4101, 1.0695, -169.656, 1.72676, 104.328
2156, 35.93333, 331.206, 9.05865, 1408.45, -113.889, 1677.86, -167.38, 1.42981, -55.5629, 1.06798, -169.773, 1.72894, 104.26
2157, 35.94167, 331.75, 8.98267, 1408.35, -114.077, 1681.04, -167.484, 1.43113, -55.716, 1.06644, -169.889, 1.73112, 104.193
2157, 35.95000, 332.292, 8.90604, 1408.22, -114.266, 1684.22, -167.588, 1.43244, -55.8695, 1.06489, -170.005, 1.7333, 104.125
2158, 35.95833, 332.833, 8.82875, 1408.08, -114.454, 1687.4, -167.693, 1.43373, -56.0233, 1.06333, -170.121, 1.73549, 104.057
2158, 35.96667, 333.372, 8.75078, 1407.91, -114.643, 1690.59, -167.797, 1.43501, -56.1775, 1.06175, -170.236, 1.73768, 103.988
2159, 35.97500, 333.91, 8.67217, 1407.72, -114.832, 1693.77, -167.902, 1.43628, -56.3321, 1.06015, -170.351, 1.73986, 103.92
2159, 35.98333, 334.446, 8.59291, 1407.51, -115.021, 1696.95, -168.007, 1.43753, -56.487, 1.05854, -170.465, 1.74205, 103.851
2160, 35.99167, 334.98, 8.513, 1407.28, -115.211, 1700.14, -168.112, 1.43877, -56.6422, 1.05692, -170.58, 1.74424, 103.782
2160, 36.00000, 335.512, 8.43245, 1407.03, -115.4, 1703.32, -168.217, 1.44, -56.7977, 1.05528, -170.694, 1.74643, 103.713
2161, 36.00833, 336.042, 8.35127, 1406.75, -115.59, 1706.51, -168.323, 1.44121, -56.9536, 1.05362, -170.807, 1.74863, 103.644
2161, 36.01667, 336.571, 8.26945, 1406.45, -115.779, 1709.69, -168.428, 1.44241, -57.1099, 1.05195, -170.92, 1.75082, 103.574
2162, 36.02500, 337.097, 8.18701, 1406.14, -115.969, 1712.88, -168.534, 1.44359, -57.2664, 1.05026, -171.033, 1.75302, 103.504
2162, 36.03333, 337.622, 8.10396, 1405.79, -116.159, 1716.06, -168.64, 1.44477, -57.4232, 1.04856, -171.146, 1.75522, 103.435
2163, 36.04167, 338.144, 8.02028, 1405.43, -116.349, 1719.25, -168.747, 1.44592, -57.5804, 1.04684, -171.257, 1.75742, 103.365
2163, 36.05000, 338.665, 7.936, 1405.05, -116.539, 1722.43, -168.853, 1.44707, -57.7378, 1.04511, -171.369, 1.75962, 103.294
2164, 36.05833, 339.183, 7.85111, 1404.64, -116.729, 1725.61, -168.96, 1.4482, -57.8956, 1.04336, -171.48, 1.76182, 103.224
2164, 36.06667, 339.699, 7.76562, 1404.21, -116.92, 1728.8, -169.066, 1.44931, -58.0537, 1.0416, -171.591, 1.76402, 103.153
2165, 36.07500, 340.213, 7.67954, 1403.76, -117.11, 1731.98, -169.173, 1.45041, -58.212, 1.03982, -171.701, 1.76622, 103.083
2165, 36.08333, 340.725, 7.59287, 1403.29, -117.3, 1735.17, -169.281, 1.4515, -58.3706, 1.03803, -171.811, 1.76843, 103.012
2166, 36.09167, 341.234, 7.50562, 1402.79, -117.491, 1738.35, -169.388, 1.45257, -58.5296, 1.03623, -171.92, 1.77064, 102.941
2166, 36.10000, 341.742, 7.41779, 1402.27, -117.681, 1741.54, -169.495, 1.45363, -58.6887, 1.03441, -172.029, 1.77284, 102.869
2167, 36.10833, 342.246, 7.32939, 1401.73, -117.872, 1744.72, -169.603, 1.45468, -58.8482, 1.03257, -172.137, 1.77505, 102.798
2167, 36.11667, 342.749, 7.24042, 1401.17, -118.063, 1747.91, -169.711, 1.4557, -59.0079, 1.03072, -172.244, 1.77726, 102.727
2168, 36.12500, 343.249, 7.1509, 1400.58, -118.253, 1751.09, -169.819, 1.45672, -59.1679, 1.02886, -172.352, 1.77948, 102.655
2168, 36.13333, 343.747, 7.06082, 1399.97, -118.444, 1754.27, -169.927, 1.45772, -59.3281, 1.02698, -172.458, 1.78169, 102.583
2169, 36.14167, 344.242, 6.97018, 1399.34, -118.635, 1757.46, -170.035, 1.4587, -59.4886, 1.02509, -172.564, 1.7839, 102.511
2169, 36.15000, 344.734, 6.87901, 1398.68, -118.825, 1760.64, -170.144, 1.45967, -59.6493, 1.02318, -172.67, 1.78612, 102.439
2170, 36.15833, 345.224, 6.7873, 1398.01, -119.016, 1763.82, -170.252, 1.46062, -59.8103, 1.02126, -172.775, 1.78834, 102.366
2170, 36.16667, 345.712, 6.69505, 1397.31, -119.207, 1767, -170.361, 1.46156, -59.9715, 1.01933, -172.879, 1.79056, 102.294
2171, 36.17500, 346.197, 6.60229, 1396.58, -119.398, 1770.19, -170.47, 1.46249, -60.1329, 1.01738, -172.982, 1.79278, 102.221
2171, 36.18333, 346.679, 6.50901, 1395.84, -119.588, 1773.37, -170.579, 1.46339, -60.2945, 1.01542, -173.086, 1.795, 102.148
2172, 36.19167, 347.158, 6.4152, 1395.07, -119.779, 1776.55, -170.688, 1.46429, -60.4564, 1.01345, -173.188, 1.79722, 102.075
2172, 36.20000, 347.635, 6.3209, 1394.27, -119.97, 1779.73, -170.797, 1.46517, -60.6185, 1.01146, -173.29, 1.79944, 102.002
2173, 36.20833, 348.109, 6.22609, 1393.46, -120.16, 1782.91, -170.906, 1.46603, -60.7808, 1.00946, -173.391, 1.80167, 101.928
2173, 36.21667, 348.58, 6.13078, 1392.62, -120.351, 1786.09, -171.016, 1.46688, -60.9433, 1.00744, -173.491, 1.8039, 101.855
2174, 36.22500, 349.048, 6.03499, 1391.76, -120.541, 1789.27, -171.125, 1.46771, -61.1059, 1.00541, -173.591, 1.80612, 101.781
2174, 36.23333, 349.514, 5.93872, 1390.87, -120.732, 1792.45, -171.235, 1.46852, -61.2688, 1.00337, -173.69, 1.80835, 101.707
2175, 36.24167, 349.976, 5.84196, 1389.97, -120.922, 1795.62, -171.345, 1.46932, -61.4318, 1.00132, -173.788, 1.81058, 101.634
2175, 36.25000, 350.436, 5.74475, 1389.04, -121.112, 1798.8, -171.455, 1.47011, -61.595, 0.999252, -173.886, 1.81282, 101.559
2176, 36.25833, 350.892, 5.64707, 1388.08, -121.302, 1801.98, -171.565, 1.47088, -61.7584, 0.997173, -173.983, 1.81505, 101.485
2176, 36.26667, 351.346, 5.54891, 1387.11, -121.492, 1805.15, -171.675, 1.47163, -61.922, 0.995081, -174.079, 1.81729, 101.411
2177, 36.27500, 351.796, 5.45033, 1386.1, -121.682, 1808.33, -171.786, 1.47237, -62.0857, 0.992977, -174.174, 1.81952, 101.336
2177, 36.28333, 352.244, 5.35129, 1385.08, -121.872, 1811.51, -171.896, 1.47309, -62.2496, 0.99086, -174.268, 1.82176, 101.262
2178, 36.29167, 352.688, 5.2518, 1384.04, -122.062, 1814.68, -172.006, 1.4738, -62.4136, 0.988732, -174.362, 1.824, 101.187
2178, 36.30000, 353.129, 5.1519, 1382.97, -122.252, 1817.86, -172.117, 1.47449, -62.5778, 0.986591, -174.455, 1.82625, 101.112
2179, 36.30833, 353.567, 5.05157, 1381.87, -122.441, 1821.03, -172.228, 1.47516, -62.7421, 0.984439, -174.547, 1.82849, 101.037
2179, 36.31667, 354.002, 4.95081, 1380.76, -122.63, 1824.2, -172.339, 1.47582, -62.9066, 0.982275, -174.638, 1.83073, 100.962
2180, 36.32500, 354.434, 4.84964, 1379.62, -122.819, 1827.38, -172.449, 1.47646, -63.0711, 0.9801, -174.728, 1.83298, 100.886
2180, 36.33333, 354.863, 4.74807, 1378.46, -123.008, 1830.55, -172.56, 1.47709, -63.2358, 0.977914, -174.818, 1.83523, 100.811
2181, 36.34167, 355.288, 4.64609, 1377.27, -123.197, 1833.72, -172.671, 1.4777, -63.4007, 0.975716, -174.906, 1.83748, 100.735
2181, 36.35000, 355.71, 4.54373, 1376.07, -123.386, 1836.89, -172.783, 1.47829, -63.5656, 0.973508, -174.994, 1.83973, 100.659
2182, 36.35833, 356.128, 4.44098, 1374.83, -123.574, 1840.07, -172.894, 1.47887, -63.7306, 0.971288, -175.081, 1.84199, 100.584
2182, 36.36667, 356.544, 4.33784, 1373.58, -123.762, 1843.24, -173.005, 1.47943, -63.8957, 0.969058, -175.167, 1.84424, 100.508
2183, 36.37500, 356.956, 4.23434, 1372.3, -123.95, 1846.41, -173.116, 1.47998, -64.0609, 0.966817, -175.251, 1.8465, 100.431
2183, 36.38333, 357.364, 4.13047, 1371.01, -124.138, 1849.58, -173.228, 1.48051, -64.2262, 0.964567, -175.335, 1.84876, 100.355
2184, 36.39167, 357.769, 4.02623, 1369.68, -124.326, 1852.75, -173.339, 1.48103, -64.3916, 0.962305, -175.418, 1.85102, 100.279
2184, 36.40000, 358.171, 3.92164, 1368.34, -124.513, 1855.92, -173.451, 1.48152, -64.5571, 0.960035, -175.5, 1.85329, 100.202
2185, 36.40833, 358.569, 3.81671, 1366.97, -124.7, 1859.09, -173.563, 1.48201, -64.7226, 0.957754, -175.581, 1.85555, 100.126
2185, 36.41667, 358.964, 3.71143, 1365.58, -124.887, 1862.26, -173.674, 1.48247, -64.8882, 0.955464, -175.661, 1.85782, 100.049
2186, 36.42500, 359.355, 3.60582, 1364.17, -125.074, 1865.43, -173.786, 1.48292, -65.0539, 0.953164, -175.74, 1.86009, 99.972
2186, 36.43333, 359.743, 3.49989, 1362.73, -125.26, 1868.6, -173.898, 1.48336, -65.2196, 0.950855, -175.817, 1.86236, 99.895
2187, 36.44167, 360.127, 3.39362, 1361.27, -125.446, 1871.77, -174.01, 1.48378, -65.3854, 0.948537, -175.894, 1.86464, 99.8178
2187, 36.45000, 360.508, 3.28706, 1359.79, -125.632, 1874.94, -174.122, 1.48418, -65.5512, 0.946211, -175.97, 1.86691, 99.7406
2188, 36.45833, 360.885, 3.18018, 1358.29, -125.817, 1878.11, -174.234, 1.48457, -65.717, 0.943876, -176.044, 1.86919, 99.6632
2188, 36.46667, 361.259, 3.07299, 1356.77, -126.002, 1881.28, -174.346, 1.48494, -65.8829, 0.941532, -176.117, 1.87147, 99.5858
2189, 36.47500, 361.629, 2.96552, 1355.22, -126.187, 1884.45, -174.458, 1.48529, -66.0488, 0.939181, -176.19, 1.87376, 99.5082
2189, 36.48333, 361.995, 2.85776, 1353.65, -126.372, 1887.62, -174.57, 1.48563, -66.2147, 0.936821, -176.261, 1.87604, 99.4305
2189, 36.49167, 362.358, 2.74971, 1352.06, -126.556, 1890.79, -174.682, 1.48595, -66.3806, 0.934453, -176.331, 1.87833, 99.3526
2190, 36.50000, 362.717, 2.6414, 1350.45, -126.74, 1893.96, -174.794, 1.48626, -66.5466, 0.932079, -176.399, 1.88062, 99.2747
2191, 36.50833, 363.072, 2.53281, 1348.81, -126.923, 1897.13, -174.906, 1.48655, -66.7125, 0.929697, -176.467, 1.88292, 99.1967
2191, 36.51667, 363.424, 2.42396, 1347.15, -127.106, 1900.3, -175.018, 1.48683, -66.8785, 0.927307, -176.533, 1.88522, 99.1185
2192, 36.52500, 363.772, 2.31486, 1345.47, -127.289, 1903.47, -175.131, 1.48709, -67.0444, 0.924911, -176.598, 1.88751, 99.0403
2192, 36.53333, 364.116, 2.20551, 1343.77, -127.471, 1906.64, -175.243, 1.48733, -67.2103, 0.922509, -176.662, 1.88982, 98.9619
2193, 36.54167, 364.457, 2.09591, 1342.05, -127.653, 1909.82, -175.355, 1.48756, -67.3762, 0.920099, -176.724, 1.89212, 98.8834
2193, 36.55000, 364.794, 1.98609, 1340.31, -127.835, 1912.99, -175.468, 1.48778, -67.5421, 0.917684, -176.786, 1.89443, 98.8048
2193, 36.55833, 365.127, 1.87604, 1338.54, -128.016, 1916.17, -175.58, 1.48797, -67.708, 0.915263, -176.846, 1.89674, 98.7261
2194, 36.56667, 365.456, 1.76575, 1336.76, -128.197, 1919.34, -175.692, 1.48816, -67.8738, 0.912836, -176.904, 1.89906, 98.6473
2195, 36.57500, 365.782, 1.65526, 1334.95, -128.377, 1922.52, -175.805, 1.48832, -68.0396, 0.910404, -176.962, 1.90138, 98.5684
2195, 36.58333, 366.104, 1.54456, 1333.12, -128.557, 1925.69, -175.917, 1.48848, -68.2053, 0.907966, -177.018, 1.9037, 98.4893
2196, 36.59167, 366.422, 1.43364, 1331.27, -128.736, 1928.87, -176.03, 1.48861, -68.371, 0.905524, -177.072, 1.90602, 98.4102
2196, 36.60000, 366.736, 1.32254, 1329.4, -128.915, 1932.05, -176.142, 1.48873, -68.5366, 0.903077, -177.126, 1.90835, 98.331
2197, 36.60833, 367.047, 1.21125, 1327.51, -129.094, 1935.23, -176.255, 1.48884, -68.7022, 0.900626, -177.177, 1.91068, 98.2516
2197, 36.61667, 367.354, 1.09977, 1325.6, -129.272, 1938.41, -176.367, 1.48893, -68.8677, 0.89817, -177.228, 1.91302, 98.1722
2197, 36.62500, 367.657, 0.988117, 1323.67, -129.45, 1941.6, -176.479, 1.48901, -69.0331, 0.89571, -177.277, 1.91535, 98.0927
2198, 36.63333, 367.956, 0.876296, 1321.72, -129.627, 1944.78, -176.592, 1.48907, -69.1985, 0.893247, -177.324, 1.9177, 98.013
2199, 36.64167, 368.251, 0.764296, 1319.75, -129.803, 1947.97, -176.704, 1.48911, -69.3638, 0.89078, -177.37, 1.92004, 97.9332
2199, 36.65000, 368.543, 0.652151, 1317.75, -129.979, 1951.16, -176.817, 1.48914, -69.5289, 0.88831, -177.415, 1.92239, 97.8534
2200, 36.65833, 368.83, 0.539853, 1315.74, -130.155, 1954.35, -176.929, 1.48916, -69.694, 0.885838, -177.458, 1.92474, 97.7734
2200, 36.66667, 369.114, 0.427396, 1313.71, -130.33, 1957.54, -177.042, 1.48916, -69.8591, 0.883363, -177.5, 1.9271, 97.6934
2201, 36.67500, 369.394, 0.314812, 1311.66, -130.504, 1960.73, -177.154, 1.48915, -70.024, 0.880885, -177.54, 1.92946, 97.6132
2201, 36.68333, 369.671, 0.202094, 1309.59, -130.678, 1963.93, -177.267, 1.48912, -70.1888, 0.878406, -177.579, 1.93183, 97.5329
2201, 36.69167, 369.943, 0.0892351, 1307.5, -130.851, 1967.12, -177.379, 1.48908, -70.3535, 0.875924, -177.616, 1.9342, 97.4526
2202, 36.70000, 370.212, -0.0237323, 1305.39, -131.024, 1970.32, -177.492, 1.48903, -70.518, 0.873441, -177.651, 1.93658, 97.3721
2203, 36.70833, 370.477, -0.136815, 1303.26, -131.196, 1973.53, -177.604, 1.48896, -70.6825, 0.870958, -177.685, 1.93895, 97.2915
2203, 36.71667, 370.738, -0.250022, 1301.11, -131.368, 1976.73, -177.716, 1.48887, -70.8468, 0.868473, -177.717, 1.94134, 97.2108
2204, 36.72500, 370.995, -0.363319, 1298.95, -131.539, 1979.94, -177.829, 1.48877, -71.011, 0.865987, -177.748, 1.94373, 97.1301
2204, 36.73333, 371.249, -0.476714, 1296.76, -131.709, 1983.15, -177.941, 1.48866, -71.1751, 0.863501, -177.777, 1.94612, 97.0492
2205, 36.74167, 371.498, -0.590215, 1294.56, -131.879, 1986.36, -178.054, 1.48853, -71.339, 0.861015, -177.804, 1.94852, 96.9682
2205, 36.75000, 371.744, -0.703788, 1292.34, -132.048, 1989.58, -178.166, 1.48839, -71.5028, 0.85853, -177.83, 1.95092, 96.8871
2205, 36.75833, 371.986, -0.817442, 1290.1, -132.217, 1992.8, -178.278, 1.48824, -71.6664, 0.856045, -177.854, 1.95333, 96.8059
2206, 36.76667, 372.224, -0.931184, 1287.84, -132.385, 1996.02, -178.391, 1.48807, -71.8299, 0.85356, -177.877, 1.95574, 96.7246
2207, 36.77500, 372.459, -1.04498, 1285.56, -132.552, 1999.24, -178.503, 1.48789, -71.9933, 0.851077, -177.897, 1.95816, 96.6432
2207, 36.78333, 372.69, -1.15884, 1283.27, -132.718, 2002.47, -178.615, 1.4877, -72.1564, 0.848596, -177.916, 1.96058, 96.5617
2208, 36.79167, 372.917, -1.27278, 1280.96, -132.884, 2005.71, -178.728, 1.48749, -72.3195, 0.846116, -177.933, 1.96301, 96.4801
2208, 36.80000, 373.14, -1.38675, 1278.63, -133.049, 2008.94, -178.84, 1.48727, -72.4823, 0.843638, -177.949, 1.96544, 96.3984
2209, 36.80833, 373.359, -1.50077, 1276.29, -133.214, 2012.18, -178.952, 1.48704, -72.645, 0.841163, -177.962, 1.96788, 96.3166
2209, 36.81667, 373.575, -1.61484, 1273.93, -133.378, 2015.43, -179.064, 1.48679, -72.8075, 0.83869, -177.974, 1.97032, 96.2346
2209, 36.82500, 373.787, -1.72894, 1271.55, -133.541, 2018.67, -179.176, 1.48653, -72.9698, 0.83622, -177.984, 1.97278, 96.1526
2210, 36.83333, 373.995, -1.84306, 1269.15, -133.703, 2021.93, -179.289, 1.48626, -73.1319, 0.833754, -177.993, 1.97523, 96.0705
2211, 36.84167, 374.2, -1.95723, 1266.74, -133.865, 2025.18, -179.401, 1.48598, -73.2939, 0.831291, -177.999, 1.97769, 95.9882
2211, 36.85000, 374.4, -2.0714, 1264.31, -134.026, 2028.44, -179.513, 1.48568, -73.4556, 0.828833, -178.004, 1.98016, 95.9059
2212, 36.85833, 374.598, -2.18559, 1261.87, -134.186, 2031.71, -179.625, 1.48537, -73.6172, 0.826378, -178.007, 1.98264, 95.8234
2212, 36.86667, 374.791, -2.2998, 1259.41, -134.345, 2034.98, -179.737, 1.48505, -73.7785, 0.823928, -178.007, 1.98512, 95.7408
2213, 36.87500, 374.981, -2.414, 1256.93, -134.503, 2038.25, -179.849, 1.48472, -73.9397, 0.821483, -178.006, 1.98761, 95.6581
2213, 36.88333, 375.167, -2.5282, 1254.44, -134.661, 2041.53, -179.961, 1.48437, -74.1006, 0.819043, -178.004, 1.9901, 95.5754
2213, 36.89167, 375.349, -2.64241, 1251.94, -134.818, 2044.82, 179.927, 1.48401, -74.2614, 0.816609, -177.999, 1.9926, 95.4924
2214, 36.90000, 375.528, -2.75659, 1249.42, -134.974, 2048.11, 179.815, 1.48365, -74.4219, 0.814181, -177.992, 1.99511, 95.4094
2215, 36.90833, 375.704, -2.87077, 1246.88, -135.13, 2051.41, 179.703, 1.48327, -74.5822, 0.811759, -177.984, 1.99762, 95.3263
2215, 36.91667, 375.875, -2.98493, 1244.33, -135.284, 2054.71, 179.591, 1.48287, -74.7423, 0.809343, -177.973, 2.00014, 95.243
2216, 36.92500, 376.044, -3.09906, 1241.77, -135.438, 2058.02, 179.479, 1.48247, -74.9022, 0.806934, -177.96, 2.00267, 95.1596
2216, 36.93333, 376.208, -3.21315, 1239.19, -135.591, 2061.33, 179.367, 1.48206, -75.0619, 0.804533, -177.946, 2.0052, 95.0761
2217, 36.94167, 376.369, -3.32723, 1236.59, -135.743, 2064.65, 179.255, 1.48163, -75.2213, 0.802139, -177.93, 2.00775, 94.9925
2217, 36.95000, 376.527, -3.44125, 1233.99, -135.894, 2067.98, 179.143, 1.4812, -75.3805, 0.799753, -177.911, 2.0103, 94.9088
2217, 36.95833, 376.681, -3.55523, 1231.37, -136.044, 2071.31, 179.032, 1.48075, -75.5394, 0.797375, -177.891, 2.01285, 94.8249
2218, 36.96667, 376.831, -3.66918, 1228.73, -136.193, 2074.65, 178.92, 1.48029, -75.6981, 0.795006, -177.868, 2.01542, 94.741
2219, 36.97500, 376.978, -3.78306, 1226.08, -136.342, 2078, 178.808, 1.47983, -75.8566, 0.792646, -177.844, 2.01799, 94.6569
2219, 36.98333, 377.122, -3.89689, 1223.42, -136.489, 2081.35, 178.696, 1.47935, -76.0148, 0.790295, -177.817, 2.02057, 94.5726
2220, 36.99167, 377.262, -4.01067, 1220.75, -136.636, 2084.71, 178.584, 1.47886, -76.1729, 0.787953, -177.789, 2.02316, 94.4883
2220, 37.00000, 377.399, -4.12437, 1218.07, -136.782, 2088.08, 178.473, 1.47836, -76.3306, 0.785621, -177.758, 2.02575, 94.4038
2221, 37.00833, 377.532, -4.238, 1215.37, -136.926, 2091.45, 178.361, 1.47786, -76.4881, 0.7833, -177.725, 2.02836, 94.3191
2221, 37.01667, 377.662, -4.35157, 1212.66, -137.07, 2094.83, 178.249, 1.47734, -76.6453, 0.780989, -177.691, 2.03097, 94.2344
2221, 37.02500, 377.789, -4.46506, 1209.93, -137.213, 2098.22, 178.138, 1.47681, -76.8023, 0.77869, -177.654, 2.03359, 94.1495
2222, 37.03333, 377.912, -4.57846, 1207.2, -137.355, 2101.62, 178.026, 1.47628, -76.959, 0.776402, -177.615, 2.03622, 94.0645
2223, 37.04167, 378.032, -4.69179, 1204.45, -137.496, 2105.03, 177.914, 1.47573, -77.1155, 0.774125, -177.574, 2.03886, 93.9793
2223, 37.05000, 378.149, -4.80502, 1201.7, -137.636, 2108.44, 177.803, 1.47518, -77.2717, 0.77186, -177.531, 2.0415, 93.894
2224, 37.05833, 378.262, -4.91816, 1198.93, -137.775, 2111.86, 177.691, 1.47461, -77.4277, 0.769608, -177.486, 2.04416, 93.8085
2224, 37.06667, 378.373, -5.03121, 1196.15, -137.913, 2115.29, 177.579, 1.47404, -77.5833, 0.767368, -177.438, 2.04682, 93.7229
2225, 37.07500, 378.48, -5.14415, 1193.36, -138.05, 2118.73, 177.468, 1.47346, -77.7388, 0.765141, -177.389, 2.0495, 93.6372
2225, 37.08333, 378.583, -5.25699, 1190.56, -138.185, 2122.18, 177.356, 1.47287, -77.8939, 0.762928, -177.338, 2.05218, 93.5513
2225, 37.09167, 378.684, -5.36974, 1187.75, -138.32, 2125.64, 177.244, 1.47227, -78.0488, 0.760729, -177.284, 2.05487, 93.4653
2226, 37.10000, 378.782, -5.48236, 1184.93, -138.454, 2129.11, 177.133, 1.47166, -78.2034, 0.758543, -177.228, 2.05757, 93.3791
2227, 37.10833, 378.876, -5.59487, 1182.1, -138.587, 2132.59, 177.021, 1.47105, -78.3577, 0.756373, -177.17, 2.06028, 93.2927
2227, 37.11667, 378.967, -5.70728, 1179.26, -138.718, 2136.07, 176.91, 1.47043, -78.5118, 0.754216, -177.11, 2.063, 93.2062
2228, 37.12500, 379.056, -5.81956, 1176.42, -138.849, 2139.57, 176.798, 1.4698, -78.6655, 0.752076, -177.048, 2.06573, 93.1195
2228, 37.13333, 379.141, -5.93171, 1173.56, -138.978, 2143.07, 176.686, 1.46916, -78.819, 0.74995, -176.984, 2.06847, 93.0327
2229, 37.14167, 379.223, -6.04375, 1170.69, -139.107, 2146.59, 176.575, 1.46852, -78.9723, 0.747841, -176.917, 2.07122, 92.9457
2229, 37.15000, 379.302, -6.15565, 1167.82, -139.234, 2150.12, 176.463, 1.46786, -79.1252, 0.745747, -176.849, 2.07398, 92.8585
2229, 37.15833, 379.379, -6.26741, 1164.94, -139.36, 2153.65, 176.351, 1.46721, -79.2778, 0.743671, -176.778, 2.07675, 92.7712
2230, 37.16667, 379.452, -6.37906, 1162.04, -139.485, 2157.2, 176.24, 1.46654, -79.4302, 0.741611, -176.705, 2.07953, 92.6837
2231, 37.17500, 379.523, -6.49055, 1159.15, -139.609, 2160.76, 176.128, 1.46587, -79.5823, 0.739568, -176.63, 2.08233, 92.596
2231, 37.18333, 379.59, -6.60191, 1156.24, -139.732, 2164.33, 176.016, 1.46519, -79.7341, 0.737543, -176.553, 2.08513, 92.5082
2232, 37.19167, 379.655, -6.71313, 1153.32, -139.853, 2167.91, 175.905, 1.4645, -79.8857, 0.735536, -176.473, 2.08794, 92.4201
2232, 37.20000, 379.717, -6.8242, 1150.4, -139.974, 2171.51, 175.793, 1.46381, -80.0369, 0.733547, -176.392, 2.09076, 92.3319
2233, 37.20833, 379.776, -6.93512, 1147.48, -140.093, 2175.11, 175.681, 1.46311, -80.1878, 0.731577, -176.308, 2.0936, 92.2435
2233, 37.21667, 379.832, -7.0459, 1144.54, -140.211, 2178.73, 175.569, 1.4624, -80.3385, 0.729626, -176.222, 2.09644, 92.1549
2233, 37.22500, 379.886, -7.15652, 1141.6, -140.328, 2182.35, 175.457, 1.46169, -80.4889, 0.727695, -176.134, 2.0993, 92.0661
2234, 37.23333, 379.937, -7.26699, 1138.65, -140.443, 2185.99, 175.346, 1.46098, -80.639, 0.725783, -176.044, 2.10217, 91.9772
2235, 37.24167, 379.985, -7.37731, 1135.7, -140.558, 2189.65, 175.234, 1.46026, -80.7888, 0.723891, -175.952, 2.10505, 91.888
2235, 37.25000, 380.031, -7.48746, 1132.74, -140.671, 2193.31, 175.122, 1.45953, -80.9383, 0.722019, -175.858, 2.10794, 91.7986
2236, 37.25833, 380.074, -7.59744, 1129.78, -140.783, 2196.99, 175.01, 1.4588, -81.0875, 0.720168, -175.762, 2.11084, 91.709
2236, 37.26667, 380.114, -7.70728, 1126.81, -140.893, 2200.68, 174.898, 1.45806, -81.2365, 0.718338, -175.663, 2.11376, 91.6192
2237, 37.27500, 380.152, -7.81694, 1123.83, -141.003, 2204.39, 174.786, 1.45732, -81.3851, 0.71653, -175.563, 2.11668, 91.5292
2237, 37.28333, 380.187, -7.92643, 1120.85, -141.111, 2208.1, 174.673, 1.45657, -81.5335, 0.714744, -175.46, 2.11962, 91.439
2237, 37.29167, 380.22, -8.03577, 1117.87, -141.218, 2211.84, 174.561, 1.45582, -81.6816, 0.712979, -175.356, 2.12257, 91.3486
2238, 37.30000, 380.25, -8.14493, 1114.88, -141.323, 2215.58, 174.449, 1.45506, -81.8293, 0.711237, -175.249, 2.12554, 91.2579
2239, 37.30833, 380.278, -8.25391, 1111.89, -141.427, 2219.34, 174.337, 1.4543, -81.9768, 0.709518, -175.14, 2.12851, 91.1671
2239, 37.31667, 380.303, -8.36273, 1108.89, -141.53, 2223.11, 174.224, 1.45354, -82.1241, 0.707821, -175.029, 2.1315, 91.076
2240, 37.32500, 380.326, -8.47137, 1105.89, -141.632, 2226.9, 174.112, 1.45277, -82.271, 0.706148, -174.916, 2.1345, 90.9846
2240, 37.33333, 380.347, -8.57983, 1102.89, -141.732, 2230.7, 173.999, 1.452, -82.4176, 0.704499, -174.802, 2.13751, 90.8931
2241, 37.34167, 380.366, -8.68813, 1099.89, -141.831, 2234.52, 173.887, 1.45122, -82.564, 0.702874, -174.685, 2.14054, 90.8013
2241, 37.35000, 380.382, -8.79623, 1096.88, -141.928, 2238.35, 173.774, 1.45044, -82.7101, 0.701274, -174.566, 2.14358, 90.7092
2241, 37.35833, 380.395, -8.90415, 1093.87, -142.024, 2242.19, 173.661, 1.44966, -82.8559, 0.699698, -174.445, 2.14663, 90.6169
2242, 37.36667, 380.407, -9.01191, 1090.86, -142.119, 2246.05, 173.549, 1.44887, -83.0014, 0.698147, -174.323, 2.1497, 90.5244
2243, 37.37500, 380.417, -9.11947, 1087.84, -142.212, 2249.93, 173.436, 1.44808, -83.1466, 0.696621, -174.198, 2.15278, 90.4316
2243, 37.38333, 380.424, -9.22685, 1084.82, -142.304, 2253.82, 173.323, 1.44729, -83.2916, 0.695121, -174.072, 2.15587, 90.3386
2244, 37.39167, 380.429, -9.33405, 1081.81, -142.394, 2257.73, 173.21, 1.44649, -83.4363, 0.693647, -173.943, 2.15898, 90.2453
2244, 37.40000, 380.432, -9.44106, 1078.79, -142.483, 2261.65, 173.096, 1.4457, -83.5807, 0.6922, -173.813, 2.1621, 90.1517
2245, 37.40833, 380.433, -9.54789, 1075.77, -142.571, 2265.59, 172.983, 1.4449, -83.7248, 0.690779, -173.681, 2.16523, 90.0579
2245, 37.41667, 380.432, -9.65454, 1072.75, -142.657, 2269.55, 172.87, 1.44409, -83.8686, 0.689384, -173.547, 2.16838, 89.9638
2245, 37.42500, 380.429, -9.76099, 1069.73, -142.742, 2273.52, 172.756, 1.44329, -84.0122, 0.688018, -173.411, 2.17154, 89.8694
2246, 37.43333, 380.423, -9.86725, 1066.7, -142.825, 2277.51, 172.642, 1.44248, -84.1555, 0.686678, -173.274, 2.17471, 89.7747
2247, 37.44167, 380.416, -9.97334, 1063.68, -142.906, 2281.52, 172.529, 1.44168, -84.2986, 0.685366, -173.135, 2.1779, 89.6798
2247, 37.45000, 380.407, -10.0792, 1060.66, -142.987, 2285.54, 172.415, 1.44087, -84.4413, 0.684082, -172.994, 2.18111, 89.5845
2248, 37.45833, 380.397, -10.1849, 1057.64, -143.065, 2289.58, 172.301, 1.44005, -84.5838, 0.682827, -172.851, 2.18432, 89.489
2248, 37.46667, 380.384, -10.2904, 1054.62, -143.142, 2293.64, 172.187, 1.43924, -84.7261, 0.6816, -172.707, 2.18756, 89.3932
2249, 37.47500, 380.369, -10.3958, 1051.61, -143.218, 2297.72, 172.072, 1.43843, -84.8681, 0.680402, -172.561, 2.1908, 89.2971
2249, 37.48333, 380.353, -10.5009, 1048.59, -143.292, 2301.81, 171.958, 1.43761, -85.0098, 0.679234, -172.414, 2.19407, 89.2006
2249, 37.49167, 380.335, -10.6059, 1045.57, -143.365, 2305.92, 171.843, 1.43679, -85.1513, 0.678094, -172.265, 2.19734, 89.1039
2250, 37.50000, 380.315, -10.7106, 1042.56, -143.436, 2310.05, 171.728, 1.43598, -85.2925, 0.676985, -172.114, 2.20064, 89.0069
2251, 37.50833, 380.293, -10.8152, 1039.55, -143.505, 2314.2, 171.614, 1.43516, -85.4334, 0.675905, -171.962, 2.20394, 88.9095
2251, 37.51667, 380.27, -10.9196, 1036.54, -143.573, 2318.37, 171.498, 1.43434, -85.5742, 0.674855, -171.809, 2.20727, 88.8118
2252, 37.52500, 380.245, -11.0237, 1033.54, -143.639, 2322.55, 171.383, 1.43352, -85.7146, 0.673836, -171.654, 2.2106, 88.7138
2252, 37.53333, 380.219, -11.1277, 1030.54, -143.704, 2326.76, 171.268, 1.4327, -85.8548, 0.672848, -171.497, 2.21396, 88.6154
2253, 37.54167, 380.191, -11.2316, 1027.54, -143.767, 2330.98, 171.152, 1.43188, -85.9948, 0.671891, -171.34, 2.21732, 88.5167
2253, 37.55000, 380.161, -11.3352, 1024.54, -143.828, 2335.22, 171.036, 1.43106, -86.1345, 0.670964, -171.181, 2.22071, 88.4177
2253, 37.55833, 380.13, -11.4386, 1021.55, -143.888, 2339.48, 170.92, 1.43024, -86.274, 0.67007, -171.02, 2.22411, 88.3183
2254, 37.56667, 380.097, -11.5419, 1018.56, -143.946, 2343.77, 170.804, 1.42942, -86.4133, 0.669206, -170.859, 2.22752, 88.2186
2255, 37.57500, 380.063, -11.6449, 1015.58, -144.002, 2348.07, 170.688, 1.4286, -86.5523, 0.668375, -170.696, 2.23096, 88.1185
2255, 37.58333, 380.028, -11.7478, 1012.6, -144.057, 2352.39, 170.571, 1.42779, -86.6911, 0.667576, -170.532, 2.2344, 88.0181
2256, 37.59167, 379.991, -11.8505, 1009.63, -144.11, 2356.73, 170.455, 1.42697, -86.8297, 0.666808, -170.367, 2.23787, 87.9173
2256, 37.60000, 379.952, -11.953, 1006.66, -144.161, 2361.09, 170.338, 1.42615, -86.9681, 0.666074, -170.201, 2.24135, 87.8161
2257, 37.60833, 379.913, -12.0553, 1003.7, -144.211, 2365.47, 170.22, 1.42533, -87.1062, 0.665372, -170.034, 2.24484, 87.7146
2257, 37.61667, 379.872, -12.1575, 1000.74, -144.258, 2369.88, 170.103, 1.42452, -87.2442, 0.664703, -169.865, 2.24835, 87.6126
2258, 37.62500, 379.829, -12.2595, 997.793, -144.305, 2374.3, 169.985, 1.42371, -87.3819, 0.664067, -169.696, 2.25188, 87.5103
2258, 37.63333, 379.786, -12.3612, 994.849, -144.349, 2378.74, 169.867, 1.42289, -87.5194, 0.663464, -169.526, 2.25543, 87.4076
2259, 37.64167, 379.741, -12.4629, 991.912, -144.392, 2383.21, 169.749, 1.42208, -87.6567, 0.662894, -169.355, 2.25899, 87.3045
2259, 37.65000, 379.695, -12.5643, 988.982, -144.433, 2387.7, 169.631, 1.42127, -87.7938, 0.662359, -169.183, 2.26257, 87.201
2260, 37.65833, 379.648, -12.6655, 986.059, -144.472, 2392.21, 169.512, 1.42046, -87.9307, 0.661856, -169.01, 2.26616, 87.0971
2260, 37.66667, 379.6, -12.7666, 983.144, -144.509, 2396.74, 169.393, 1.41966, -88.0674, 0.661388, -168.837, 2.26977, 86.9928
2261, 37.67500, 379.55, -12.8675, 980.237, -144.545, 2401.29, 169.274, 1.41885, -88.204, 0.660954, -168.663, 2.2734, 86.8881
2261, 37.68333, 379.5, -12.9682, 977.338, -144.578, 2405.86, 169.155, 1.41805, -88.3403, 0.660554, -168.488, 2.27705, 86.7829
2262, 37.69167, 379.448, -13.0688, 974.447, -144.61, 2410.46, 169.035, 1.41725, -88.4765, 0.660188, -168.313, 2.28071, 86.6773
2262, 37.70000, 379.396, -13.1692, 971.566, -144.64, 2415.08, 168.915, 1.41645, -88.6125, 0.659856, -168.137, 2.28439, 86.5713
2263, 37.70833, 379.342, -13.2694, 968.693, -144.669, 2419.72, 168.795, 1.41566, -88.7483, 0.659559, -167.961, 2.28809, 86.4649
2263, 37.71667, 379.288, -13.3695, 965.83, -144.695, 2424.38, 168.674, 1.41486, -88.884, 0.659297, -167.784, 2.2918, 86.358
2264, 37.72500, 379.232, -13.4694, 962.976, -144.72, 2429.07, 168.553, 1.41407, -89.0194, 0.65907, -167.607, 2.29554, 86.2507
2264, 37.73333, 379.176, -13.5691, 960.133, -144.742, 2433.77, 168.432, 1.41328, -89.1548, 0.658877, -167.429, 2.29929, 86.1429
2265, 37.74167, 379.119, -13.6687, 957.299, -144.763, 2438.51, 168.31, 1.4125, -89.29, 0.658719, -167.252, 2.30305, 86.0346
2265, 37.75000, 379.061, -13.7681, 954.477, -144.782, 2443.26, 168.188, 1.41172, -89.425, 0.658597, -167.074, 2.30684, 85.9259
2266, 37.75833, 379.002, -13.8674, 951.665, -144.799, 2448.04, 168.066, 1.41094, -89.5599, 0.65851, -166.895, 2.31064, 85.8167
2266, 37.76667, 378.942, -13.9665, 948.865, -144.814, 2452.84, 167.944, 1.41016, -89.6946, 0.658457, -166.717, 2.31446, 85.707
2267, 37.77500, 378.881, -14.0655, 946.076, -144.827, 2457.67, 167.821, 1.40939, -89.8292, 0.65844, -166.538, 2.3183, 85.5969
2267, 37.78333, 378.82, -14.1643, 943.299, -144.839, 2462.52, 167.698, 1.40862, -89.9637, 0.658459, -166.36, 2.32215, 85.4863
2268, 37.79167, 378.758, -14.2629, 940.534, -144.848, 2467.39, 167.574, 1.40785, -90.098, 0.658513, -166.181, 2.32603, 85.3751
2268, 37.80000, 378.695, -14.3614, 937.782, -144.856, 2472.29, 167.45, 1.40709, -90.2323, 0.658602, -166.003, 2.32992, 85.2635
2269, 37.80833, 378.631, -14.4598, 935.043, -144.861, 2477.21, 167.326, 1.40633, -90.3664, 0.658727, -165.824, 2.33383, 85.1514
2269, 37.81667, 378.567, -14.5581, 932.317, -144.865, 2482.16, 167.201, 1.40557, -90.5004, 0.658887, -165.646, 2.33776, 85.0387
2270, 37.82500, 378.503, -14.6562, 929.604, -144.866, 2487.13, 167.076, 1.40482, -90.6343, 0.659083, -165.468, 2.3417, 84.9256
2270, 37.83333, 378.437, -14.7541, 926.905, -144.866, 2492.12, 166.951, 1.40407, -90.7681, 0.659315, -165.29, 2.34567, 84.8119
2271, 37.84167, 378.371, -14.852, 924.221, -144.863, 2497.14, 166.825, 1.40333, -90.9018, 0.659582, -165.113, 2.34965, 84.6977
2271, 37.85000, 378.304, -14.9497, 921.551, -144.859, 2502.19, 166.699, 1.40259, -91.0354, 0.659884, -164.936, 2.35365, 84.5829
2272, 37.85833, 378.237, -15.0472, 918.896, -144.853, 2507.25, 166.572, 1.40185, -91.169, 0.660223, -164.759, 2.35767, 84.4676
2272, 37.86667, 378.17, -15.1447, 916.255, -144.844, 2512.35, 166.445, 1.40112, -91.3025, 0.660596, -164.583, 2.36171, 84.3518
2273, 37.87500, 378.102, -15.242, 913.631, -144.834, 2517.47, 166.318, 1.40039, -91.4359, 0.661006, -164.407, 2.36576, 84.2354
2273, 37.88333, 378.033, -15.3392, 911.022, -144.822, 2522.61, 166.19, 1.39967, -91.5692, 0.661451, -164.232, 2.36984, 84.1185
2274, 37.89167, 377.964, -15.4364, 908.43, -144.807, 2527.78, 166.062, 1.39895, -91.7025, 0.661931, -164.058, 2.37393, 84.0009
2274, 37.90000, 377.894, -15.5333, 905.854, -144.791, 2532.98, 165.933, 1.39824, -91.8357, 0.662447, -163.884, 2.37804, 83.8828
2275, 37.90833, 377.824, -15.6302, 903.295, -144.772, 2538.2, 165.804, 1.39753, -91.9688, 0.662999, -163.711, 2.38217, 83.7642
2275, 37.91667, 377.754, -15.727, 900.753, -144.752, 2543.45, 165.674, 1.39682, -92.102, 0.663586, -163.538, 2.38632, 83.6449
2276, 37.92500, 377.683, -15.8237, 898.229, -144.729, 2548.72, 165.544, 1.39612, -92.2351, 0.664208, -163.367, 2.39048, 83.5251
2276, 37.93333, 377.612, -15.9203, 895.723, -144.705, 2554.02, 165.414, 1.39542, -92.3681, 0.664865, -163.196, 2.39467, 83.4046
2277, 37.94167, 377.541, -16.0167, 893.235, -144.678, 2559.35, 165.283, 1.39473, -92.5012, 0.665558, -163.026, 2.39887, 83.2836
2277, 37.95000, 377.469, -16.1131, 890.766, -144.649, 2564.7, 165.151, 1.39405, -92.6342, 0.666286, -162.858, 2.4031, 83.1619
2278, 37.95833, 377.397, -16.2094, 888.316, -144.619, 2570.07, 165.019, 1.39337, -92.7672, 0.667049, -162.69, 2.40734, 83.0397
2278, 37.96667, 377.325, -16.3057, 885.885, -144.586, 2575.48, 164.887, 1.39269, -92.9002, 0.667847, -162.523, 2.4116, 82.9168
2279, 37.97500, 377.252, -16.4018, 883.474, -144.551, 2580.91, 164.754, 1.39202, -93.0332, 0.66868, -162.358, 2.41587, 82.7932
2279, 37.98333, 377.18, -16.4978, 881.084, -144.514, 2586.37, 164.62, 1.39136, -93.1663, 0.669548, -162.193, 2.42017, 82.6691
2280, 37.99167, 377.107, -16.5938, 878.713, -144.475, 2591.85, 164.486, 1.3907, -93.2993, 0.670451, -162.03, 2.42449, 82.5443
2280, 38.00000, 377.033, -16.6898, 876.364, -144.434, 2597.36, 164.351, 1.39004, -93.4324, 0.671388, -161.868, 2.42882, 82.4188
2281, 38.00833, 376.96, -16.7856, 874.036, -144.391, 2602.89, 164.216, 1.38939, -93.5655, 0.672359, -161.708, 2.43317, 82.2927
2281, 38.01667, 376.886, -16.8814, 871.729, -144.346, 2608.46, 164.081, 1.38875, -93.6986, 0.673365, -161.548, 2.43755, 82.1659
2282, 38.02500, 376.813, -16.9771, 869.445, -144.298, 2614.05, 163.944, 1.38811, -93.8318, 0.674406, -161.39, 2.44194, 82.0385
2282, 38.03333, 376.739, -17.0728, 867.183, -144.249, 2619.66, 163.808, 1.38748, -93.965, 0.67548, -161.234, 2.44634, 81.9104
2283, 38.04167, 376.665, -17.1684, 864.943, -144.198, 2625.31, 163.67, 1.38685, -94.0983, 0.676588, -161.079, 2.45077, 81.7816
2283, 38.05000, 376.591, -17.264, 862.727, -144.144, 2630.98, 163.532, 1.38623, -94.2316, 0.677731, -160.925, 2.45522, 81.6521
2284, 38.05833, 376.517, -17.3595, 860.535, -144.089, 2636.68, 163.394, 1.38561, -94.365, 0.678906, -160.773, 2.45968, 81.5219
2284, 38.06667, 376.442, -17.455, 858.366, -144.031, 2642.4, 163.255, 1.385, -94.4986, 0.680116, -160.623, 2.46416, 81.391
2285, 38.07500, 376.368, -17.5505, 856.222, -143.971, 2648.15, 163.115, 1.3844, -94.6321, 0.681359, -160.474, 2.46867, 81.2594
2285, 38.08333, 376.294, -17.6459, 854.102, -143.91, 2653.93, 162.975, 1.3838, -94.7658, 0.682635, -160.327, 2.47319, 81.1271
2286, 38.09167, 376.219, -17.7414, 852.008, -143.846, 2659.74, 162.834, 1.38321, -94.8996, 0.683944, -160.181, 2.47772, 80.994
2286, 38.10000, 376.145, -17.8367, 849.939, -143.78, 2665.57, 162.692, 1.38262, -95.0335, 0.685286, -160.037, 2.48228, 80.8602
2287, 38.10833, 376.07, -17.9321, 847.896, -143.713, 2671.43, 162.55, 1.38204, -95.1675, 0.686661, -159.895, 2.48685, 80.7257
2287, 38.11667, 375.996, -18.0275, 845.878, -143.643, 2677.32, 162.407, 1.38146, -95.3017, 0.688069, -159.755, 2.49145, 80.5904
2288, 38.12500, 375.922, -18.1228, 843.888, -143.571, 2683.24, 162.264, 1.38089, -95.4359, 0.689508, -159.617, 2.49606, 80.4544
2288, 38.13333, 375.847, -18.2182, 841.925, -143.497, 2689.18, 162.12, 1.38033, -95.5703, 0.69098, -159.481, 2.50069, 80.3176
2289, 38.14167, 375.773, -18.3136, 839.99, -143.421, 2695.15, 161.975, 1.37977, -95.7049, 0.692484, -159.346, 2.50533, 80.1801
2289, 38.15000, 375.698, -18.4089, 838.082, -143.344, 2701.14, 161.83, 1.37922, -95.8396, 0.69402, -159.214, 2.51, 80.0417
2290, 38.15833, 375.624, -18.5043, 836.203, -143.264, 2707.17, 161.684, 1.37867, -95.9745, 0.695587, -159.083, 2.51468, 79.9026
2290, 38.16667, 375.55, -18.5997, 834.352, -143.182, 2713.22, 161.537, 1.37813, -96.1095, 0.697186, -158.955, 2.51938, 79.7627
2291, 38.17500, 375.476, -18.6951, 832.53, -143.098, 2719.3, 161.39, 1.3776, -96.2447, 0.698816, -158.828, 2.5241, 79.6221
2291, 38.18333, 375.401, -18.7905, 830.738, -143.013, 2725.4, 161.241, 1.37707, -96.3801, 0.700476, -158.704, 2.52884, 79.4806
2292, 38.19167, 375.327, -18.886, 828.975, -142.925, 2731.54, 161.093, 1.37655, -96.5157, 0.702168, -158.581, 2.53359, 79.3383
2292, 38.20000, 375.253, -18.9815, 827.243, -142.836, 2737.7, 160.943, 1.37603, -96.6516, 0.70389, -158.461, 2.53836, 79.1952
2293, 38.20833, 375.18, -19.077, 825.542, -142.745, 2743.88, 160.793, 1.37552, -96.7876, 0.705642, -158.343, 2.54315, 79.0512
2293, 38.21667, 375.106, -19.1726, 823.872, -142.652, 2750.1, 160.642, 1.37502, -96.9238, 0.707425, -158.227, 2.54795, 78.9064
2294, 38.22500, 375.032, -19.2683, 822.233, -142.557, 2756.34, 160.49, 1.37452, -97.0603, 0.709237, -158.113, 2.55278, 78.7608
2294, 38.23333, 374.959, -19.364, 820.626, -142.46, 2762.61, 160.337, 1.37403, -97.197, 0.711079, -158.002, 2.55762, 78.6144
2295, 38.24167, 374.885, -19.4597, 819.051, -142.361, 2768.9, 160.184, 1.37354, -97.334, 0.71295, -157.893, 2.56247, 78.467
2295, 38.25000, 374.812, -19.5556, 817.51, -142.261, 2775.22, 160.03, 1.37306, -97.4712, 0.714851, -157.786, 2.56734, 78.3188
2296, 38.25833, 374.738, -19.6515, 816.001, -142.158, 2781.57, 159.875, 1.37258, -97.6086, 0.71678, -157.681, 2.57223, 78.1698
2296, 38.26667, 374.665, -19.7474, 814.525, -142.055, 2787.94, 159.719, 1.37212, -97.7464, 0.718738, -157.579, 2.57714, 78.0199
2297, 38.27500, 374.592, -19.8435, 813.084, -141.949, 2794.35, 159.563, 1.37165, -97.8844, 0.720724, -157.479, 2.58206, 77.8691
2297, 38.28333, 374.52, -19.9396, 811.677, -141.842, 2800.77, 159.406, 1.3712, -98.0227, 0.722738, -157.381, 2.587, 77.7174
2298, 38.29167, 374.447, -20.0359, 810.305, -141.733, 2807.23, 159.248, 1.37074, -98.1613, 0.724781, -157.286, 2.59195, 77.5648
2298, 38.30000, 374.374, -20.1322, 808.967, -141.622, 2813.71, 159.089, 1.3703, -98.3002, 0.726851, -157.194, 2.59692, 77.4113
2299, 38.30833, 374.302, -20.2287, 807.665, -141.51, 2820.21, 158.929, 1.36986, -98.4394, 0.728948, -157.103, 2.60191, 77.2568
2299, 38.31667, 374.229, -20.3252, 806.399, -141.396, 2826.75, 158.769, 1.36942, -98.579, 0.731072, -157.015, 2.60691, 77.1015
2300, 38.32500, 374.157, -20.4219, 805.17, -141.281, 2833.3, 158.608, 1.369, -98.7188, 0.733223, -156.93, 2.61192, 76.9452
2300, 38.33333, 374.085, -20.5187, 803.977, -141.164, 2839.89, 158.445, 1.36857, -98.859, 0.735401, -156.847, 2.61695, 76.788
2301, 38.34167, 374.013, -20.6156, 802.82, -141.045, 2846.5, 158.282, 1.36816, -98.9996, 0.737605, -156.766, 2.622, 76.6299
2301, 38.35000, 373.941, -20.7126, 801.702, -140.926, 2853.13, 158.118, 1.36775, -99.1405, 0.739835, -156.689, 2.62706, 76.4708
2302, 38.35833, 373.869, -20.8098, 800.621, -140.804, 2859.79, 157.954, 1.36734, -99.2818, 0.742091, -156.613, 2.63213, 76.3107
2302, 38.36667, 373.797, -20.9071, 799.578, -140.682, 2866.47, 157.788, 1.36694, -99.4235, 0.744372, -156.54, 2.63722, 76.1497
2303, 38.37500, 373.726, -21.0046, 798.573, -140.558, 2873.18, 157.621, 1.36654, -99.5655, 0.746678, -156.47, 2.64232, 75.9877
2303, 38.38333, 373.654, -21.1022, 797.608, -140.433, 2879.92, 157.454, 1.36615, -99.708, 0.749009, -156.402, 2.64743, 75.8247
2304, 38.39167, 373.583, -21.2, 796.681, -140.306, 2886.67, 157.286, 1.36577, -99.8508, 0.751365, -156.337, 2.65256, 75.6607
2304, 38.40000, 373.511, -21.298, 795.795, -140.178, 2893.46, 157.116, 1.36539, -99.9941, 0.753745, -156.274, 2.6577, 75.4957
2305, 38.40833, 373.44, -21.3961, 794.948, -140.05, 2900.26, 156.946, 1.36501, -100.138, 0.756149, -156.214, 2.66286, 75.3298
2305, 38.41667, 373.369, -21.4944, 794.141, -139.92, 2907.09, 156.775, 1.36464, -100.282, 0.758577, -156.157, 2.66803, 75.1628
2306, 38.42500, 373.298, -21.5929, 793.375, -139.788, 2913.95, 156.603, 1.36428, -100.426, 0.761028, -156.102, 2.67321, 74.9948
2306, 38.43333, 373.226, -21.6915, 792.65, -139.656, 2920.82, 156.43, 1.36392, -100.571, 0.763502, -156.05, 2.6784, 74.8257
2307, 38.44167, 373.155, -21.7904, 791.966, -139.523, 2927.72, 156.256, 1.36356, -100.717, 0.765999, -156, 2.6836, 74.6557
2307, 38.45000, 373.084, -21.8895, 791.324, -139.389, 2934.64, 156.081, 1.36321, -100.863, 0.768519, -155.954, 2.68881, 74.4846
2308, 38.45833, 373.013, -21.9888, 790.724, -139.254, 2941.59, 155.905, 1.36287, -101.009, 0.77106, -155.909, 2.69404, 74.3124
2308, 38.46667, 372.942, -22.0883, 790.166, -139.118, 2948.56, 155.728, 1.36253, -101.156, 0.773624, -155.868, 2.69927, 74.1392
2309, 38.47500, 372.871, -22.188, 789.65, -138.982, 2955.54, 155.55, 1.36219, -101.303, 0.776209, -155.829, 2.70452, 73.9649
2309, 38.48333, 372.799, -22.2879, 789.177, -138.844, 2962.55, 155.371, 1.36186, -101.451, 0.778815, -155.793, 2.70978, 73.7896
2310, 38.49167, 372.728, -22.3881, 788.747, -138.706, 2969.58, 155.191, 1.36153, -101.6, 0.781443, -155.759, 2.71504, 73.6132
2310, 38.50000, 372.657, -22.4885, 788.361, -138.568, 2976.64, 155.01, 1.3612, -101.749, 0.784091, -155.728, 2.72032, 73.4356
2311, 38.50833, 372.585, -22.5891, 788.018, -138.428, 2983.71, 154.829, 1.36088, -101.898, 0.786758, -155.7, 2.7256, 73.2571
2311, 38.51667, 372.514, -22.69, 787.719, -138.288, 2990.8, 154.646, 1.36057, -102.048, 0.789447, -155.675, 2.73089, 73.0773
2312, 38.52500, 372.442, -22.7911, 787.464, -138.148, 2997.91, 154.462, 1.36025, -102.199, 0.792154, -155.652, 2.73619, 72.8965
2312, 38.53333, 372.37, -22.8925, 787.254, -138.007, 3005.04, 154.276, 1.35994, -102.35, 0.794881, -155.632, 2.7415, 72.7146
2313, 38.54167, 372.298, -22.9942, 787.088, -137.866, 3012.19, 154.09, 1.35964, -102.501, 0.797627, -155.615, 2.74682, 72.5315
2313, 38.55000, 372.226, -23.0962, 786.966, -137.725, 3019.36, 153.903, 1.35934, -102.654, 0.800391, -155.6, 2.75214, 72.3474
2314, 38.55833, 372.153, -23.1984, 786.89, -137.583, 3026.55, 153.715, 1.35904, -102.806, 0.803174, -155.588, 2.75747, 72.1621
2314, 38.56667, 372.08, -23.3009, 786.86, -137.441, 3033.75, 153.526, 1.35874, -102.96, 0.805975, -155.579, 2.7628, 71.9756
2314, 38.57500, 372.008, -23.4037, 786.874, -137.299, 3040.97, 153.335, 1.35845, -103.114, 0.808793, -155.572, 2.76814, 71.788
2315, 38.58333, 371.934, -23.5068, 786.934, -137.157, 3048.21, 153.144, 1.35816, -103.269, 0.811628, -155.568, 2.77349, 71.5992
2316, 38.59167, 371.861, -23.6102, 787.04, -137.015, 3055.47, 152.951, 1.35787, -103.424, 0.81448, -155.567, 2.77884, 71.4093
2316, 38.60000, 371.787, -23.7139, 787.192, -136.873, 3062.74, 152.757, 1.35758, -103.58, 0.817349, -155.569, 2.78419, 71.2182
2317, 38.60833, 371.713, -23.8179, 787.39, -136.731, 3070.02, 152.562, 1.3573, -103.736, 0.820234, -155.573, 2.78955, 71.0259
2317, 38.61667, 371.638, -23.9222, 787.635, -136.589, 3077.32, 152.366, 1.35702, -103.893, 0.823134, -155.581, 2.79491, 70.8325
2318, 38.62500, 371.563, -24.0269, 787.925, -136.448, 3084.64, 152.169, 1.35674, -104.051, 0.82605, -155.59, 2.80027, 70.6378
2318, 38.63333, 371.487, -24.1319, 788.262, -136.306, 3091.97, 151.971, 1.35646, -104.21, 0.828981, -155.603, 2.80563, 70.442
2318, 38.64167, 371.411, -24.2372, 788.646, -136.166, 3099.31, 151.772, 1.35618, -104.369, 0.831927, -155.618, 2.811, 70.2449
2319, 38.65000, 371.335, -24.3429, 789.076, -136.025, 3106.66, 151.571, 1.35591, -104.529, 0.834887, -155.636, 2.81637, 70.0466
2320, 38.65833, 371.258, -24.4489, 789.553, -135.885, 3114.03, 151.369, 1.35564, -104.689, 0.837861, -155.657, 2.82173, 69.8472
2320, 38.66667, 371.18, -24.5553, 790.077, -135.746, 3121.41, 151.166, 1.35536, -104.851, 0.840849, -155.68, 2.8271, 69.6464
2321, 38.67500, 371.102, -24.662, 790.648, -135.607, 3128.79, 150.962, 1.35509, -105.013, 0.84385, -155.706, 2.83246, 69.4445
2321, 38.68333, 371.023, -24.7691, 791.265, -135.469, 3136.19, 150.757, 1.35482, -105.175, 0.846863, -155.735, 2.83783, 69.2413
2322, 38.69167, 370.943, -24.8766, 791.93, -135.332, 3143.6, 150.551, 1.35455, -105.339, 0.849889, -155.766, 2.84319, 69.0369
2322, 38.70000, 370.863, -24.9844, 792.641, -135.196, 3151.01, 150.343, 1.35428, -105.503, 0.852927, -155.801, 2.84855, 68.8312
2322, 38.70833, 370.781, -25.0926, 793.4, -135.06, 3158.44, 150.134, 1.35401, -105.668, 0.855976, -155.838, 2.8539, 68.6243
2323, 38.71667, 370.7, -25.2013, 794.205, -134.925, 3165.87, 149.924, 1.35374, -105.834, 0.859037, -155.877, 2.85926, 68.4161
2324, 38.72500, 370.617, -25.3103, 795.057, -134.792, 3173.31, 149.713, 1.35347, -106, 0.862108, -155.92, 2.8646, 68.2067
2324, 38.73333, 370.533, -25.4197, 795.956, -134.659, 3180.75, 149.5, 1.3532, -106.167, 0.865189, -155.964, 2.86994, 67.9959
2325, 38.74167, 370.449, -25.5295, 796.902, -134.528, 3188.2, 149.287, 1.35292, -106.335, 0.868281, -156.012, 2.87528, 67.7839
2325, 38.75000, 370.363, -25.6397, 797.894, -134.398, 3195.65, 149.072, 1.35265, -106.504, 0.871382, -156.063, 2.88061, 67.5706
2326, 38.75833, 370.276, -25.7503, 798.933, -134.269, 3203.11, 148.855, 1.35237, -106.673, 0.874492, -156.116, 2.88593, 67.3561
2326, 38.76667, 370.189, -25.8613, 800.019, -134.142, 3210.57, 148.638, 1.3521, -106.844, 0.877611, -156.171, 2.89124, 67.1402
2326, 38.77500, 370.1, -25.9728, 801.151, -134.015, 3218.03, 148.419, 1.35182, -107.015, 0.880738, -156.23, 2.89654, 66.923
2327, 38.78333, 370.01, -26.0847, 802.329, -133.891, 3225.5, 148.199, 1.35154, -107.187, 0.883873, -156.291, 2.90183, 66.7046
2328, 38.79167, 369.919, -26.197, 803.553, -133.768, 3232.96, 147.978, 1.35125, -107.36, 0.887015, -156.354, 2.90711, 66.4848
2328, 38.80000, 369.827, -26.3098, 804.823, -133.646, 3240.42, 147.756, 1.35097, -107.533, 0.890164, -156.421, 2.91238, 66.2637
2329, 38.80833, 369.733, -26.423, 806.139, -133.526, 3247.89, 147.532, 1.35068, -107.708, 0.89332, -156.49, 2.91764, 66.0413
2329, 38.81667, 369.638, -26.5366, 807.5, -133.408, 3255.35, 147.307, 1.35039, -107.883, 0.896482, -156.561, 2.92289, 65.8176
2330, 38.82500, 369.542, -26.6507, 808.907, -133.292, 3262.8, 147.08, 1.35009, -108.059, 0.899649, -156.635, 2.92812, 65.5925
2330, 38.83333, 369.444, -26.7652, 810.358, -133.177, 3270.25, 146.853, 1.34979, -108.236, 0.902821, -156.712, 2.93333, 65.3661
2330, 38.84167, 369.345, -26.8802, 811.855, -133.064, 3277.7, 146.624, 1.34949, -108.414, 0.905998, -156.792, 2.93853, 65.1384
2331, 38.85000, 369.244, -26.9957, 813.396, -132.954, 3285.14, 146.394, 1.34918, -108.593, 0.909179, -156.874, 2.94372, 64.9093
2332, 38.85833, 369.141, -27.1116, 814.982, -132.845, 3292.58, 146.162, 1.34887, -108.773, 0.912363, -156.959, 2.94888, 64.6789
2332, 38.86667, 369.037, -27.228, 816.612, -132.738, 3300, 145.929, 1.34856, -108.953, 0.915551, -157.046, 2.95403, 64.4472
2333, 38.87500, 368.932, -27.3449, 818.285, -132.634, 3307.42, 145.695, 1.34823, -109.135, 0.918742, -157.136, 2.95916, 64.2141
2333, 38.88333, 368.824, -27.4623, 820.002, -132.531, 3314.82, 145.46, 1.34791, -109.317, 0.921935, -157.228, 2.96426, 63.9796
2334, 38.89167, 368.714, -27.5801, 821.762, -132.431, 3322.22, 145.223, 1.34757, -109.5, 0.925129, -157.323, 2.96935, 63.7438
2334, 38.90000, 368.603, -27.6984, 823.564, -132.333, 3329.6, 144.985, 1.34723, -109.684, 0.928325, -157.421, 2.97441, 63.5067
2334, 38.90833, 368.49, -27.8172, 825.409, -132.238, 3336.97, 144.745, 1.34689, -109.869, 0.931521, -157.521, 2.97945, 63.2682
2335, 38.91667, 368.375, -27.9365, 827.296, -132.145, 3344.33, 144.505, 1.34654, -110.055, 0.934718, -157.624, 2.98447, 63.0282
2336, 38.92500, 368.257, -28.0563, 829.225, -132.054, 3351.67, 144.262, 1.34618, -110.242, 0.937915, -157.729, 2.98946, 62.787
2336, 38.93333, 368.138, -28.1765, 831.195, -131.965, 3358.99, 144.019, 1.34581, -110.43, 0.94111, -157.837, 2.99443, 62.5444
2337, 38.94167, 368.016, -28.2973, 833.205, -131.88, 3366.3, 143.774, 1.34544, -110.619, 0.944305, -157.947, 2.99936, 62.3004
2337, 38.95000, 367.892, -28.4186, 835.256, -131.796, 3373.58, 143.528, 1.34505, -110.808, 0.947497, -158.06, 3.00427, 62.0551
2338, 38.95833, 367.766, -28.5404, 837.347, -131.716, 3380.85, 143.281, 1.34466, -110.999, 0.950687, -158.175, 3.00915, 61.8083
2338, 38.96667, 367.637, -28.6626, 839.477, -131.638, 3388.09, 143.032, 1.34426, -111.19, 0.953874, -158.293, 3.014, 61.5602
2338, 38.97500, 367.506, -28.7854, 841.646, -131.562, 3395.31, 142.782, 1.34385, -111.383, 0.957057, -158.414, 3.01882, 61.3108
2339, 38.98333, 367.372, -28.9087, 843.853, -131.49, 3402.51, 142.53, 1.34344, -111.576, 0.960237, -158.536, 3.02361, 61.0599
2340, 38.99167, 367.236, -29.0325, 846.099, -131.42, 3409.68, 142.278, 1.34301, -111.771, 0.963412, -158.662, 3.02836, 60.8077
2340, 39.00000, 367.097, -29.1568, 848.381, -131.353, 3416.82, 142.023, 1.34257, -111.966, 0.966582, -158.789, 3.03307, 60.5541
2341, 39.00833, 366.955, -29.2816, 850.701, -131.289, 3423.94, 141.768, 1.34212, -112.163, 0.969746, -158.92, 3.03775, 60.2992
2341, 39.01667, 366.811, -29.407, 853.057, -131.227, 3431.03, 141.511, 1.34166, -112.36, 0.972904, -159.052, 3.0424, 60.0428
2342, 39.02500, 366.664, -29.5328, 855.448, -131.169, 3438.08, 141.253, 1.34119, -112.558, 0.976055, -159.187, 3.047, 59.7851
2342, 39.03333, 366.513, -29.6592, 857.874, -131.114, 3445.11, 140.993, 1.34071, -112.757, 0.979199, -159.325, 3.05157, 59.526
2342, 39.04167, 366.36, -29.7861, 860.336, -131.061, 3452.1, 140.732, 1.34022, -112.958, 0.982335, -159.464, 3.05609, 59.2655
2343, 39.05000, 366.204, -29.9134, 862.831, -131.012, 3459.06, 140.47, 1.33971, -113.159, 0.985462, -159.607, 3.06058, 59.0037
2344, 39.05833, 366.044, -30.0413, 865.359, -130.965, 3465.98, 140.207, 1.33919, -113.361, 0.98858, -159.751, 3.06502, 58.7405
2344, 39.06667, 365.882, -30.1697, 867.92, -130.922, 3472.86, 139.942, 1.33866, -113.564, 0.991688, -159.898, 3.06941, 58.476
2345, 39.07500, 365.716, -30.2987, 870.513, -130.881, 3479.71, 139.675, 1.33811, -113.768, 0.994786, -160.047, 3.07376, 58.2101
2345, 39.08333, 365.547, -30.4281, 873.137, -130.844, 3486.51, 139.408, 1.33755, -113.973, 0.997873, -160.199, 3.07807, 57.9428
2346, 39.09167, 365.374, -30.558, 875.792, -130.81, 3493.28, 139.139, 1.33698, -114.179, 1.00095, -160.353, 3.08232, 57.6741
2346, 39.10000, 365.197, -30.6885, 878.477, -130.779, 3500, 138.869, 1.33639, -114.386, 1.00401, -160.509, 3.08653, 57.4041
2346, 39.10833, 365.018, -30.8194, 881.191, -130.751, 3506.67, 138.597, 1.33579, -114.594, 1.00706, -160.668, 3.09069, 57.1328
2347, 39.11667, 364.834, -30.9509, 883.933, -130.727, 3513.3, 138.324, 1.33517, -114.803, 1.0101, -160.829, 3.09479, 56.8601
2348, 39.12500, 364.647, -31.0829, 886.704, -130.705, 3519.88, 138.05, 1.33454, -115.013, 1.01312, -160.992, 3.09884, 56.5861
2348, 39.13333, 364.456, -31.2153, 889.501, -130.687, 3526.41, 137.774, 1.33389, -115.224, 1.01613, -161.157, 3.10284, 56.3107
2349, 39.14167, 364.261, -31.3483, 892.325, -130.672, 3532.89, 137.497, 1.33322, -115.436, 1.01913, -161.325, 3.10678, 56.034
2349, 39.15000, 364.062, -31.4818, 895.175, -130.661, 3539.32, 137.219, 1.33254, -115.649, 1.0221, -161.494, 3.11067, 55.7559
2350, 39.15833, 363.859, -31.6157, 898.049, -130.652, 3545.69, 136.94, 1.33184, -115.863, 1.02507, -161.666, 3.1145, 55.4766
2350, 39.16667, 363.652, -31.7501, 900.948, -130.647, 3552.01, 136.659, 1.33112, -116.077, 1.02801, -161.841, 3.11826, 55.1959
2350, 39.17500, 363.441, -31.8851, 903.869, -130.645, 3558.27, 136.377, 1.33038, -116.293, 1.03094, -162.017, 3.12197, 54.9139
2351, 39.18333, 363.226, -32.0205, 906.813, -130.646, 3564.48, 136.093, 1.32963, -116.51, 1.03384, -162.195, 3.12562, 54.6306
2352, 39.19167, 363.006, -32.1564, 909.779, -130.651, 3570.62, 135.809, 1.32885, -116.728, 1.03673, -162.376, 3.1292, 54.346
2352, 39.20000, 362.782, -32.2927, 912.766, -130.659, 3576.7, 135.523, 1.32806, -116.946, 1.0396, -162.559, 3.13272, 54.0601
2353, 39.20833, 362.553, -32.4295, 915.772, -130.67, 3582.72, 135.236, 1.32725, -117.166, 1.04245, -162.744, 3.13617, 53.773
2353, 39.21667, 362.32, -32.5668, 918.799, -130.685, 3588.67, 134.947, 1.32642, -117.386, 1.04528, -162.931, 3.13955, 53.4845
2354, 39.22500, 362.082, -32.7046, 921.843, -130.703, 3594.56, 134.658, 1.32556, -117.608, 1.04809, -163.12, 3.14287, 53.1948
2354, 39.23333, 361.84, -32.8428, 924.904, -130.724, 3600.38, 134.367, 1.32469, -117.83, 1.05087, -163.311, 3.14612, 52.9039
2354, 39.24167, 361.593, -32.9814, 927.983, -130.749, 3606.13, 134.074, 1.3238, -118.053, 1.05364, -163.504, 3.14929, 52.6116
2355, 39.25000, 361.341, -33.1205, 931.077, -130.777, 3611.8, 133.781, 1.32288, -118.278, 1.05637, -163.7, 3.1524, 52.3182
2356, 39.25833, 361.084, -33.26, 934.186, -130.808, 3617.41, 133.486, 1.32194, -118.503, 1.05909, -163.897, 3.15543, 52.0235
2356, 39.26667, 360.822, -33.3999, 937.309, -130.842, 3622.94, 133.19, 1.32098, -118.729, 1.06178, -164.096, 3.15838, 51.7276
2357, 39.27500, 360.555, -33.5403, 940.445, -130.88, 3628.39, 132.893, 1.32, -118.956, 1.06444, -164.297, 3.16126, 51.4305
2357, 39.28333, 360.283, -33.681, 943.594, -130.921, 3633.77, 132.595, 1.31899, -119.183, 1.06708, -164.5, 3.16406, 51.1322
2358, 39.29167, 360.006, -33.8222, 946.754, -130.965, 3639.07, 132.296, 1.31796, -119.412, 1.06969, -164.705, 3.16678, 50.8327
2358, 39.30000, 359.724, -33.9638, 949.924, -131.013, 3644.28, 131.995, 1.31691, -119.642, 1.07228, -164.912, 3.16943, 50.532
2358, 39.30833, 359.436, -34.1057, 953.104, -131.063, 3649.41, 131.694, 1.31584, -119.872, 1.07483, -165.121, 3.17199, 50.2302
2359, 39.31667, 359.143, -34.248, 956.293, -131.117, 3654.46, 131.391, 1.31473, -120.103, 1.07736, -165.332, 3.17446, 49.9272
2360, 39.32500, 358.845, -34.3907, 959.489, -131.175, 3659.43, 131.087, 1.31361, -120.335, 1.07986, -165.544, 3.17686, 49.6231
2360, 39.33333, 358.541, -34.5338, 962.692, -131.235, 3664.3, 130.782, 1.31246, -120.568, 1.08233, -165.758, 3.17917, 49.3178
2361, 39.34167, 358.231, -34.6772, 965.901, -131.299, 3669.09, 130.475, 1.31128, -120.802, 1.08477, -165.974, 3.18139, 49.0114
2361, 39.35000, 357.916, -34.8209, 969.115, -131.366, 3673.79, 130.168, 1.31008, -121.037, 1.08717, -166.192, 3.18353, 48.704
2362, 39.35833, 357.595, -34.965, 972.333, -131.436, 3678.39, 129.86, 1.30885, -121.272, 1.08955, -166.412, 3.18558, 48.3955
2362, 39.36667, 357.269, -35.1094, 975.555, -131.509, 3682.9, 129.55, 1.3076, -121.508, 1.09189, -166.633, 3.18753, 48.0858
2362, 39.37500, 356.937, -35.2541, 978.778, -131.585, 3687.32, 129.24, 1.30632, -121.745, 1.0942, -166.856, 3.1894, 47.7752
2363, 39.38333, 356.599, -35.3991, 982.003, -131.665, 3691.64, 128.928, 1.30501, -121.983, 1.09648, -167.081, 3.19118, 47.4635
2364, 39.39167, 356.255, -35.5444, 985.228, -131.747, 3695.86, 128.616, 1.30367, -122.221, 1.09872, -167.308, 3.19286, 47.1507
2364, 39.40000, 355.905, -35.6899, 988.452, -131.833, 3699.98, 128.302, 1.30231, -122.461, 1.10093, -167.536, 3.19444, 46.837
2365, 39.40833, 355.549, -35.8358, 991.675, -131.921, 3704, 127.988, 1.30092, -122.701, 1.1031, -167.765, 3.19593, 46.5223
2365, 39.41667, 355.187, -35.9818, 994.896, -132.013, 3707.92, 127.672, 1.2995, -122.941, 1.10524, -167.997, 3.19733, 46.2066
2366, 39.42500, 354.819, -36.1281, 998.113, -132.108, 3711.74, 127.356, 1.29806, -123.183, 1.10734, -168.229, 3.19863, 45.89
2366, 39.43333, 354.445, -36.2747, 1001.33, -132.206, 3715.44, 127.038, 1.29658, -123.425, 1.10941, -168.464, 3.19983, 45.5724
2366, 39.44167, 354.065, -36.4214, 1004.53, -132.306, 3719.05, 126.72, 1.29507, -123.667, 1.11143, -168.7, 3.20092, 45.2539
2367, 39.45000, 353.678, -36.5683, 1007.73, -132.41, 3722.54, 126.401, 1.29354, -123.911, 1.11342, -168.937, 3.20192, 44.9345
2368, 39.45833, 353.285, -36.7154, 1010.93, -132.516, 3725.93, 126.081, 1.29198, -124.155, 1.11537, -169.176, 3.20282, 44.6142
2368, 39.46667, 352.886, -36.8627, 1014.11, -132.626, 3729.2, 125.76, 1.29039, -124.399, 1.11728, -169.416, 3.20361, 44.293
2369, 39.47500, 352.481, -37.0102, 1017.29, -132.738, 3732.36, 125.438, 1.28876, -124.645, 1.11915, -169.657, 3.2043, 43.9711
2369, 39.48333, 352.07, -37.1577, 1020.46, -132.853, 3735.41, 125.116, 1.28711, -124.891, 1.12098, -169.9, 3.20489, 43.6482
2370, 39.49167, 351.652, -37.3055, 1023.62, -132.971, 3738.34, 124.792, 1.28543, -125.137, 1.12277, -170.145, 3.20537, 43.3246
2370, 39.50000, 351.227, -37.4533, 1026.76, -133.091, 3741.16, 124.468, 1.28372, -125.384, 1.12452, -170.391, 3.20574, 43.0002
2370, 39.50833, 350.796, -37.6012, 1029.89, -133.214, 3743.86, 124.143, 1.28197, -125.631, 1.12622, -170.637, 3.20601, 42.6751
2371, 39.51667, 350.359, -37.7492, 1033.01, -133.34, 3746.44, 123.818, 1.2802, -125.88, 1.12789, -170.886, 3.20617, 42.3491
2372, 39.52500, 349.915, -37.8972, 1036.12, -133.469, 3748.91, 123.491, 1.27839, -126.128, 1.12951, -171.135, 3.20622, 42.0225
2372, 39.53333, 349.465, -38.0453, 1039.21, -133.6, 3751.25, 123.164, 1.27656, -126.377, 1.13108, -171.386, 3.20616, 41.6952
2373, 39.54167, 349.008, -38.1935, 1042.28, -133.734, 3753.47, 122.836, 1.27469, -126.627, 1.13262, -171.638, 3.20599, 41.3672
2373, 39.55000, 348.545, -38.3416, 1045.34, -133.871, 3755.57, 122.508, 1.27279, -126.877, 1.13411, -171.891, 3.20571, 41.0385
2374, 39.55833, 348.076, -38.4898, 1048.38, -134.01, 3757.54, 122.179, 1.27086, -127.127, 1.13555, -172.145, 3.20532, 40.7093
2374, 39.56667, 347.599, -38.6379, 1051.4, -134.151, 3759.4, 121.849, 1.2689, -127.378, 1.13696, -172.4, 3.20482, 40.3794
2374, 39.57500, 347.117, -38.786, 1054.4, -134.295, 3761.12, 121.519, 1.26691, -127.629, 1.13831, -172.657, 3.2042, 40.0489
2375, 39.58333, 346.627, -38.934, 1057.38, -134.442, 3762.72, 121.188, 1.26489, -127.88, 1.13962, -172.914, 3.20347, 39.7179
2376, 39.59167, 346.131, -39.082, 1060.34, -134.591, 3764.19, 120.857, 1.26283, -128.132, 1.14089, -173.172, 3.20263, 39.3863
2376, 39.60000, 345.629, -39.2299, 1063.27, -134.742, 3765.53, 120.525, 1.26074, -128.385, 1.1421, -173.432, 3.20167, 39.0542
2377, 39.60833, 345.12, -39.3776, 1066.19, -134.895, 3766.75, 120.193, 1.25862, -128.637, 1.14327, -173.692, 3.2006, 38.7216
2377, 39.61667, 344.605, -39.5253, 1069.08, -135.051, 3767.83, 119.86, 1.25647, -128.89, 1.1444, -173.953, 3.19942, 38.3885
2378, 39.62500, 344.083, -39.6728, 1071.94, -135.209, 3768.79, 119.527, 1.25429, -129.143, 1.14547, -174.215, 3.19812, 38.0551
2378, 39.63333, 343.554, -39.8201, 1074.79, -135.369, 3769.61, 119.193, 1.25207, -129.396, 1.1465, -174.478, 3.1967, 37.7212
2378, 39.64167, 343.019, -39.9673, 1077.6, -135.532, 3770.31, 118.859, 1.24983, -129.65, 1.14748, -174.742, 3.19517, 37.3868
2379, 39.65000, 342.478, -40.1143, 1080.39, -135.696, 3770.87, 118.524, 1.24755, -129.904, 1.14842, -175.006, 3.19352, 37.0522
2380, 39.65833, 341.93, -40.261, 1083.15, -135.863, 3771.3, 118.19, 1.24524, -130.158, 1.1493, -175.272, 3.19176, 36.7172
2380, 39.66667, 341.376, -40.4075, 1085.89, -136.031, 3771.59, 117.855, 1.2429, -130.412, 1.15013, -175.538, 3.18988, 36.3818
2381, 39.67500, 340.815, -40.5538, 1088.59, -136.202, 3771.75, 117.519, 1.24053, -130.666, 1.15092, -175.805, 3.18788, 36.0462
2381, 39.68333, 340.248, -40.6998, 1091.27, -136.375, 3771.78, 117.183, 1.23812, -130.92, 1.15166, -176.072, 3.18577, 35.7104
2382, 39.69167, 339.675, -40.8455, 1093.91, -136.549, 3771.67, 116.848, 1.23569, -131.175, 1.15235, -176.34, 3.18354, 35.3742
2382, 39.70000, 339.096, -40.9909, 1096.53, -136.726, 3771.43, 116.511, 1.23322, -131.429, 1.15298, -176.609, 3.18119, 35.0379
2383, 39.70833, 338.51, -41.136, 1099.11, -136.904, 3771.06, 116.175, 1.23072, -131.684, 1.15357, -176.878, 3.17873, 34.7014
2383, 39.71667, 337.918, -41.2807, 1101.67, -137.084, 3770.54, 115.839, 1.22819, -131.938, 1.15411, -177.148, 3.17615, 34.3647
2384, 39.72500, 337.319, -41.425, 1104.18, -137.266, 3769.9, 115.502, 1.22563, -132.193, 1.1546, -177.418, 3.17345, 34.0279
2384, 39.73333, 336.715, -41.569, 1106.67, -137.45, 3769.12, 115.165, 1.22304, -132.447, 1.15504, -177.689, 3.17064, 33.6909
2385, 39.74167, 336.105, -41.7126, 1109.12, -137.636, 3768.2, 114.828, 1.22042, -132.702, 1.15543, -177.96, 3.16771, 33.3539
2385, 39.75000, 335.488, -41.8557, 1111.54, -137.823, 3767.15, 114.491, 1.21777, -132.956, 1.15577, -178.232, 3.16466, 33.0168
2386, 39.75833, 334.866, -41.9984, 1113.92, -138.011, 3765.96, 114.154, 1.21509, -133.21, 1.15606, -178.503, 3.1615, 32.6798
2386, 39.76667, 334.238, -42.1407, 1116.27, -138.202, 3764.64, 113.817, 1.21237, -133.465, 1.15629, -178.776, 3.15823, 32.3426
2387, 39.77500, 333.604, -42.2824, 1118.58, -138.394, 3763.18, 113.48, 1.20963, -133.719, 1.15648, -179.049, 3.15483, 32.0056
2387, 39.78333, 332.964, -42.4237, 1120.86, -138.587, 3761.59, 113.144, 1.20686, -133.972, 1.15662, -179.322, 3.15133, 31.6685
2388, 39.79167, 332.318, -42.5644, 1123.1, -138.782, 3759.86, 112.807, 1.20406, -134.226, 1.15671, -179.595, 3.14771, 31.3315
2388, 39.80000, 331.667, -42.7046, 1125.3, -138.978, 3758, 112.47, 1.20123, -134.48, 1.15674, -179.868, 3.14398, 30.9947
2389, 39.80833, 331.01, -42.8443, 1127.46, -139.176, 3756, 112.133, 1.19837, -134.733, 1.15673, 179.858, 3.14013, 30.658
2389, 39.81667, 330.348, -42.9833, 1129.59, -139.375, 3753.87, 111.797, 1.19549, -134.986, 1.15667, 179.584, 3.13617, 30.3214
2390, 39.82500, 329.68, -43.1218, 1131.68, -139.575, 3751.6, 111.461, 1.19257, -135.238, 1.15655, 179.31, 3.1321, 29.985
2390, 39.83333, 329.007, -43.2597, 1133.72, -139.776, 3749.21, 111.124, 1.18963, -135.491, 1.15639, 179.036, 3.12792, 29.6488
2391, 39.84167, 328.328, -43.397, 1135.73, -139.979, 3746.68, 110.789, 1.18666, -135.743, 1.15617, 178.762, 3.12363, 29.3128
2391, 39.85000, 327.644, -43.5336, 1137.7, -140.183, 3744.02, 110.453, 1.18366, -135.995, 1.15591, 178.488, 3.11922, 28.9771
2392, 39.85833, 326.956, -43.6695, 1139.63, -140.388, 3741.22, 110.118, 1.18064, -136.246, 1.1556, 178.214, 3.11471, 28.6417
2392, 39.86667, 326.262, -43.8048, 1141.52, -140.594, 3738.3, 109.782, 1.17759, -136.497, 1.15524, 177.94, 3.11009, 28.3066
2393, 39.87500, 325.563, -43.9393, 1143.37, -140.801, 3735.24, 109.448, 1.17451, -136.747, 1.15482, 177.665, 3.10536, 27.9718
2393, 39.88333, 324.859, -44.0732, 1145.17, -141.01, 3732.06, 109.113, 1.17141, -136.998, 1.15436, 177.391, 3.10053, 27.6374
2394, 39.89167, 324.151, -44.2063, 1146.94, -141.219, 3728.75, 108.779, 1.16828, -137.247, 1.15385, 177.117, 3.09558, 27.3034
2394, 39.90000, 323.438, -44.3386, 1148.66, -141.429, 3725.31, 108.446, 1.16512, -137.496, 1.15329, 176.844, 3.09054, 26.9698
2395, 39.90833, 322.72, -44.4702, 1150.35, -141.64, 3721.74, 108.112, 1.16195, -137.745, 1.15269, 176.57, 3.08539, 26.6366
2395, 39.91667, 321.998, -44.601, 1151.99, -141.852, 3718.04, 107.78, 1.15874, -137.993, 1.15203, 176.296, 3.08013, 26.3038
2396, 39.92500, 321.271, -44.731, 1153.59, -142.065, 3714.23, 107.447, 1.15552, -138.241, 1.15133, 176.023, 3.07478, 25.9716
2396, 39.93333, 320.54, -44.8602, 1155.14, -142.279, 3710.28, 107.116, 1.15226, -138.488, 1.15058, 175.75, 3.06932, 25.6399
2397, 39.94167, 319.805, -44.9886, 1156.66, -142.493, 3706.21, 106.784, 1.14899, -138.734, 1.14978, 175.477, 3.06376, 25.3087
2397, 39.95000, 319.066, -45.1161, 1158.13, -142.709, 3702.02, 106.454, 1.1457, -138.98, 1.14894, 175.205, 3.05811, 24.978
2398, 39.95833, 318.322, -45.2428, 1159.56, -142.924, 3697.71, 106.123, 1.14238, -139.225, 1.14804, 174.933, 3.05235, 24.648
2398, 39.96667, 317.575, -45.3686, 1160.94, -143.141, 3693.28, 105.794, 1.13904, -139.469, 1.14711, 174.661, 3.0465, 24.3185
2399, 39.97500, 316.824, -45.4935, 1162.29, -143.358, 3688.73, 105.465, 1.13567, -139.713, 1.14612, 174.39, 3.04055, 23.9897
2399, 39.98333, 316.07, -45.6174, 1163.59, -143.576, 3684.06, 105.137, 1.13229, -139.956, 1.14509, 174.119, 3.03451, 23.6615
2400, 39.99167, 315.311, -45.7405, 1164.85, -143.794, 3679.27, 104.809, 1.12889, -140.199, 1.14402, 173.849, 3.02838, 23.334
2400, 40.00000, 314.55, -45.8626, 1166.06, -144.013, 3674.37, 104.482, 1.12547, -140.44, 1.1429, 173.579, 3.02215, 23.0072
2401, 40.00833, 313.785, -45.9838, 1167.23, -144.232, 3669.36, 104.156, 1.12202, -140.681, 1.14173, 173.309, 3.01583, 22.6811
2401, 40.01667, 313.016, -46.104, 1168.36, -144.452, 3664.23, 103.83, 1.11856, -140.921, 1.14052, 173.04, 3.00943, 22.3557
2402, 40.02500, 312.245, -46.2233, 1169.45, -144.672, 3658.99, 103.505, 1.11508, -141.161, 1.13927, 172.772, 3.00293, 22.0311
2402, 40.03333, 311.47, -46.3415, 1170.49, -144.893, 3653.64, 103.181, 1.11158, -141.399, 1.13798, 172.504, 2.99635, 21.7073
2403, 40.04167, 310.693, -46.4588, 1171.49, -145.114, 3648.18, 102.858, 1.10807, -141.637, 1.13664, 172.237, 2.98968, 21.3842
2403, 40.05000, 309.912, -46.575, 1172.45, -145.335, 3642.61, 102.536, 1.10453, -141.874, 1.13526, 171.97, 2.98293, 21.0621
2404, 40.05833, 309.13, -46.6902, 1173.37, -145.556, 3636.93, 102.214, 1.10098, -142.11, 1.13384, 171.704, 2.9761, 20.7407
2404, 40.06667, 308.344, -46.8044, 1174.24, -145.778, 3631.15, 101.893, 1.09742, -142.345, 1.13237, 171.439, 2.96918, 20.4202
2405, 40.07500, 307.556, -46.9176, 1175.07, -146, 3625.27, 101.573, 1.09384, -142.579, 1.13087, 171.174, 2.96219, 20.1006
2405, 40.08333, 306.765, -47.0297, 1175.86, -146.222, 3619.29, 101.254, 1.09024, -142.812, 1.12932, 170.91, 2.95511, 19.7819
2406, 40.09167, 305.973, -47.1407, 1176.6, -146.445, 3613.2, 100.936, 1.08663, -143.045, 1.12774, 170.647, 2.94796, 19.4641
2406, 40.10000, 305.178, -47.2506, 1177.31, -146.667, 3607.02, 100.619, 1.083, -143.276, 1.12611, 170.384, 2.94073, 19.1472
2407, 40.10833, 304.381, -47.3595, 1177.97, -146.89, 3600.73, 100.303, 1.07936, -143.506, 1.12445, 170.123, 2.93343, 18.8313
2407, 40.11667, 303.582, -47.4673, 1178.59, -147.113, 3594.36, 99.9874, 1.07571, -143.736, 1.12275, 169.862, 2.92606, 18.5164
2408, 40.12500, 302.782, -47.5739, 1179.16, -147.335, 3587.88, 99.6731, 1.07205, -143.964, 1.12101, 169.602, 2.91861, 18.2024
2408, 40.13333, 301.979, -47.6795, 1179.7, -147.558, 3581.32, 99.3597, 1.06837, -144.192, 1.11923, 169.342, 2.9111, 17.8895
2409, 40.14167, 301.175, -47.7839, 1180.2, -147.781, 3574.66, 99.0474, 1.06468, -144.418, 1.11742, 169.084, 2.90351, 17.5776
2409, 40.15000, 300.37, -47.8872, 1180.65, -148.004, 3567.92, 98.7361, 1.06098, -144.644, 1.11557, 168.826, 2.89586, 17.2667
2410, 40.15833, 299.563, -47.9894, 1181.07, -148.226, 3561.08, 98.4259, 1.05727, -144.868, 1.11368, 168.57, 2.88815, 16.9569
2410, 40.16667, 298.755, -48.0904, 1181.44, -148.449, 3554.16, 98.1166, 1.05355, -145.091, 1.11176, 168.314, 2.88036, 16.6482
2411, 40.17500, 297.946, -48.1903, 1181.77, -148.671, 3547.16, 97.8085, 1.04982, -145.314, 1.1098, 168.059, 2.87252, 16.3405
2411, 40.18333, 297.136, -48.289, 1182.07, -148.894, 3540.07, 97.5015, 1.04608, -145.535, 1.10781, 167.805, 2.86462, 16.034
2412, 40.19167, 296.325, -48.3866, 1182.32, -149.116, 3532.9, 97.1955, 1.04233, -145.755, 1.10579, 167.553, 2.85666, 15.7285
2412, 40.20000, 295.513, -48.4829, 1182.53, -149.338, 3525.65, 96.8907, 1.03858, -145.974, 1.10373, 167.301, 2.84864, 15.4242
2413, 40.20833, 294.7, -48.5782, 1182.71, -149.56, 3518.32, 96.587, 1.03481, -146.192, 1.10165, 167.05, 2.84056, 15.1211
2413, 40.21667, 293.887, -48.6722, 1182.85, -149.781, 3510.92, 96.2844, 1.03104, -146.408, 1.09952, 166.8, 2.83243, 14.8191
2414, 40.22500, 293.073, -48.765, 1182.95, -150.003, 3503.44, 95.983, 1.02726, -146.624, 1.09737, 166.551, 2.82424, 14.5182
2414, 40.23333, 292.259, -48.8567, 1183.01, -150.224, 3495.88, 95.6828, 1.02348, -146.838, 1.09519, 166.303, 2.81601, 14.2186
2415, 40.24167, 291.444, -48.9472, 1183.03, -150.445, 3488.26, 95.3837, 1.01969, -147.051, 1.09298, 166.057, 2.80772, 13.9201
2415, 40.25000, 290.63, -49.0365, 1183.01, -150.665, 3480.57, 95.0858, 1.0159, -147.263, 1.09074, 165.811, 2.79938, 13.6229
2416, 40.25833, 289.815, -49.1245, 1182.96, -150.885, 3472.8, 94.7891, 1.0121, -147.474, 1.08847, 165.567, 2.791, 13.3269
2416, 40.26667, 289, -49.2114, 1182.87, -151.105, 3464.97, 94.4937, 1.00829, -147.684, 1.08617, 165.323, 2.78257, 13.0321
2417, 40.27500, 288.185, -49.2971, 1182.75, -151.324, 3457.08, 94.1994, 1.00448, -147.893, 1.08384, 165.081, 2.77409, 12.7385
2417, 40.28333, 287.371, -49.3815, 1182.59, -151.543, 3449.12, 93.9064, 1.00067, -148.1, 1.08149, 164.84, 2.76558, 12.4462
2418, 40.29167, 286.556, -49.4648, 1182.39, -151.762, 3441.1, 93.6146, 0.996858, -148.306, 1.0791, 164.6, 2.75702, 12.1552
2418, 40.30000, 285.743, -49.5468, 1182.16, -151.98, 3433.03, 93.3241, 0.993041, -148.511, 1.0767, 164.361, 2.74842, 11.8654
2419, 40.30833, 284.929, -49.6277, 1181.89, -152.198, 3424.89, 93.0348, 0.989223, -148.714, 1.07427, 164.123, 2.73978, 11.5769
2419, 40.31667, 284.116, -49.7073, 1181.59, -152.415, 3416.69, 92.7468, 0.985402, -148.917, 1.07181, 163.887, 2.73111, 11.2897
2420, 40.32500, 283.304, -49.7857, 1181.26, -152.632, 3408.45, 92.4601, 0.981581, -149.118, 1.06933, 163.651, 2.7224, 11.0038
2420, 40.33333, 282.493, -49.8629, 1180.89, -152.848, 3400.14, 92.1747, 0.977759, -149.318, 1.06682, 163.417, 2.71366, 10.7192
2421, 40.34167, 281.682, -49.9389, 1180.49, -153.064, 3391.79, 91.8905, 0.973936, -149.516, 1.06429, 163.184, 2.70488, 10.4358
2421, 40.35000, 280.873, -50.0137, 1180.05, -153.279, 3383.38, 91.6077, 0.970113, -149.714, 1.06174, 162.952, 2.69607, 10.1539
2422, 40.35833, 280.064, -50.0872, 1179.59, -153.494, 3374.93, 91.3262, 0.966292, -149.91, 1.05917, 162.722, 2.68723, 9.87324
2422, 40.36667, 279.257, -50.1596, 1179.09, -153.708, 3366.43, 91.0459, 0.96247, -150.105, 1.05658, 162.493, 2.67836, 9.5939
2423, 40.37500, 278.45, -50.2307, 1178.56, -153.922, 3357.88, 90.7671, 0.958651, -150.298, 1.05396, 162.265, 2.66947, 9.31593
2423, 40.38333, 277.645, -50.3006, 1177.99, -154.135, 3349.29, 90.4895, 0.954833, -150.491, 1.05133, 162.038, 2.66055, 9.03931
2424, 40.39167, 276.841, -50.3693, 1177.4, -154.347, 3340.66, 90.2132, 0.951017, -150.682, 1.04867, 161.813, 2.6516, 8.76401
2424, 40.40000, 276.039, -50.4368, 1176.78, -154.559, 3331.99, 89.9383, 0.947204, -150.872, 1.046, 161.588, 2.64264, 8.4901
2425, 40.40833, 275.238, -50.5032, 1176.12, -154.77, 3323.27, 89.6648, 0.943394, -151.06, 1.0433, 161.366, 2.63365, 8.21755
2425, 40.41667, 274.439, -50.5683, 1175.44, -154.98, 3314.52, 89.3925, 0.939586, -151.247, 1.04059, 161.144, 2.62463, 7.94633
2426, 40.42500, 273.641, -50.6322, 1174.73, -155.19, 3305.73, 89.1217, 0.935783, -151.433, 1.03786, 160.924, 2.6156, 7.67652
2426, 40.43333, 272.845, -50.6949, 1173.99, -155.399, 3296.91, 88.8522, 0.931984, -151.618, 1.03512, 160.705, 2.60655, 7.40808
2427, 40.44167, 272.051, -50.7564, 1173.22, -155.608, 3288.05, 88.584, 0.928188, -151.801, 1.03236, 160.487, 2.59749, 7.14099
2427, 40.45000, 271.259, -50.8167, 1172.43, -155.816, 3279.17, 88.3172, 0.924398, -151.983, 1.02958, 160.271, 2.5884, 6.87531
2428, 40.45833, 270.468, -50.8759, 1171.6, -156.023, 3270.25, 88.0518, 0.920612, -152.164, 1.02678, 160.055, 2.57931, 6.61102
2428, 40.46667, 269.68, -50.9339, 1170.75, -156.229, 3261.3, 87.7877, 0.916832, -152.343, 1.02398, 159.842, 2.5702, 6.34808
2429, 40.47500, 268.894, -50.9906, 1169.87, -156.435, 3252.32, 87.525, 0.913058, -152.521, 1.02115, 159.629, 2.56108, 6.08657
2429, 40.48333, 268.109, -51.0463, 1168.97, -156.64, 3243.32, 87.2637, 0.90929, -152.698, 1.01832, 159.418, 2.55194, 5.82646
2430, 40.49167, 267.327, -51.1007, 1168.04, -156.844, 3234.3, 87.0038, 0.905527, -152.874, 1.01547, 159.208, 2.5428, 5.5677
2430, 40.50000, 266.547, -51.154, 1167.09, -157.047, 3225.24, 86.7452, 0.901772, -153.048, 1.0126, 159, 2.53365, 5.31038
2431, 40.50833, 265.77, -51.2061, 1166.11, -157.25, 3216.17, 86.488, 0.898024, -153.221, 1.00973, 158.793, 2.52449, 5.05445
2431, 40.51667, 264.995, -51.2571, 1165.11, -157.452, 3207.08, 86.2322, 0.894282, -153.392, 1.00684, 158.587, 2.51532, 4.7999
2432, 40.52500, 264.222, -51.3069, 1164.08, -157.653, 3197.96, 85.9778, 0.890549, -153.563, 1.00394, 158.383, 2.50615, 4.54677
2432, 40.53333, 263.451, -51.3556, 1163.03, -157.854, 3188.83, 85.7247, 0.886823, -153.732, 1.00103, 158.18, 2.49697, 4.29505
2433, 40.54167, 262.683, -51.4032, 1161.95, -158.053, 3179.68, 85.473, 0.883105, -153.899, 0.998107, 157.978, 2.48779, 4.0447
2433, 40.55000, 261.918, -51.4496, 1160.86, -158.252, 3170.51, 85.2227, 0.879395, -154.066, 0.995176, 157.778, 2.47861, 3.79579
2434, 40.55833, 261.155, -51.4949, 1159.74, -158.45, 3161.33, 84.9738, 0.875694, -154.231, 0.992236, 157.579, 2.46943, 3.54828
2434, 40.56667, 260.395, -51.5391, 1158.6, -158.647, 3152.14, 84.7263, 0.872002, -154.395, 0.989286, 157.382, 2.46024, 3.30214
2435, 40.57500, 259.638, -51.5821, 1157.43, -158.844, 3142.93, 84.4801, 0.868319, -154.557, 0.986327, 157.185, 2.45106, 3.05743
2435, 40.58333, 258.883, -51.6241, 1156.25, -159.04, 3133.71, 84.2354, 0.864646, -154.719, 0.983361, 156.991, 2.44188, 2.81412
2436, 40.59167, 258.131, -51.665, 1155.05, -159.234, 3124.48, 83.992, 0.860981, -154.879, 0.980386, 156.797, 2.4327, 2.57219
2436, 40.60000, 257.382, -51.7047, 1153.82, -159.428, 3115.25, 83.75, 0.857327, -155.037, 0.977403, 156.605, 2.42353, 2.33168
2437, 40.60833, 256.636, -51.7434, 1152.58, -159.622, 3106, 83.5093, 0.853683, -155.195, 0.974414, 156.414, 2.41436, 2.09257
2437, 40.61667, 255.892, -51.781, 1151.31, -159.814, 3096.75, 83.2701, 0.850049, -155.351, 0.971418, 156.225, 2.40519, 1.85483
2438, 40.62500, 255.152, -51.8176, 1150.03, -160.005, 3087.49, 83.0322, 0.846426, -155.506, 0.968416, 156.037, 2.39603, 1.61852
2438, 40.63333, 254.415, -51.853, 1148.73, -160.196, 3078.23, 82.7957, 0.842813, -155.659, 0.965409, 155.85, 2.38688, 1.38359
2439, 40.64167, 253.68, -51.8875, 1147.41, -160.386, 3068.96, 82.5605, 0.839211, -155.812, 0.962395, 155.665, 2.37773, 1.15003
2439, 40.65000, 252.949, -51.9208, 1146.07, -160.575, 3059.69, 82.3267, 0.83562, -155.963, 0.959377, 155.481, 2.36859, 0.91789
2439, 40.65833, 252.22, -51.9532, 1144.72, -160.763, 3050.42, 82.0943, 0.832041, -156.113, 0.956354, 155.299, 2.35947, 0.687133
2440, 40.66667, 251.495, -51.9845, 1143.35, -160.95, 3041.15, 81.8632, 0.828472, -156.261, 0.953327, 155.117, 2.35035, 0.457733
2441, 40.67500, 250.773, -52.0148, 1141.96, -161.137, 3031.88, 81.6335, 0.824916, -156.409, 0.950296, 154.938, 2.34124, 0.229741
2441, 40.68333, 250.054, -52.044, 1140.55, -161.322, 3022.61, 81.4051, 0.821371, -156.555, 0.947261, 154.759, 2.33215, 0.00312714
2442, 40.69167, 249.338, -52.0723, 1139.13, -161.507, 3013.34, 81.1781, 0.817838, -156.7, 0.944223, 154.582, 2.32306, -0.222139
2442, 40.70000, 248.625, -52.0996, 1137.69, -161.691, 3004.08, 80.9525, 0.814317, -156.843, 0.941182, 154.406, 2.314, -0.446006
2443, 40.70833, 247.916, -52.1258, 1136.24, -161.874, 2994.82, 80.7282, 0.810809, -156.986, 0.938139, 154.232, 2.30494, -0.668505
2443, 40.71667, 247.209, -52.1511, 1134.77, -162.056, 2985.56, 80.5052, 0.807313, -157.127, 0.935094, 154.059, 2.2959, -0.889666
2443, 40.72500, 246.506, -52.1754, 1133.29, -162.238, 2976.31, 80.2836, 0.803829, -157.267, 0.932047, 153.887, 2.28687, -1.10944
2444, 40.73333, 245.807, -52.1988, 1131.8, -162.418, 2967.07, 80.0633, 0.800358, -157.405, 0.928998, 153.717, 2.27786, -1.32786
2445, 40.74167, 245.11, -52.2211, 1130.29, -162.598, 2957.83, 79.8443, 0.7969, -157.543, 0.925948, 153.548, 2.26887, -1.54494
2445, 40.75000, 244.417, -52.2426, 1128.76, -162.776, 2948.6, 79.6266, 0.793455, -157.679, 0.922898, 153.381, 2.25989, -1.76066
2446, 40.75833, 243.728, -52.2631, 1127.23, -162.954, 2939.38, 79.4103, 0.790023, -157.814, 0.919846, 153.214, 2.25093, -1.97503
2446, 40.76667, 243.041, -52.2826, 1125.68, -163.131, 2930.17, 79.1953, 0.786604, -157.948, 0.916795, 153.049, 2.24199, -2.18808
2447, 40.77500, 242.358, -52.3013, 1124.12, -163.307, 2920.97, 78.9816, 0.783198, -158.081, 0.913743, 152.886, 2.23307, -2.39978
2447, 40.78333, 241.679, -52.319, 1122.54, -163.482, 2911.78, 78.7692, 0.779806, -158.213, 0.910692, 152.724, 2.22416, -2.61014
2447, 40.79167, 241.002, -52.3358, 1120.96, -163.657, 2902.61, 78.5581, 0.776427, -158.343, 0.907641, 152.563, 2.21528, -2.8192
2448, 40.80000, 240.33, -52.3517, 1119.36, -163.83, 2893.44, 78.3483, 0.773062, -158.472, 0.904592, 152.403, 2.20642, -3.02691
2449, 40.80833, 239.66, -52.3667, 1117.75, -164.003, 2884.29, 78.1398, 0.76971, -158.6, 0.901543, 152.245, 2.19757, -3.23331
2449, 40.81667, 238.994, -52.3809, 1116.13, -164.175, 2875.15, 77.9326, 0.766372, -158.727, 0.898496, 152.088, 2.18875, -3.43842
2450, 40.82500, 238.332, -52.3942, 1114.5, -164.345, 2866.03, 77.7267, 0.763049, -158.853, 0.895451, 151.932, 2.17995, -3.64219
2450, 40.83333, 237.672, -52.4066, 1112.86, -164.515, 2856.92, 77.522, 0.759739, -158.977, 0.892407, 151.778, 2.17118, -3.84467
2451, 40.84167, 237.017, -52.4182, 1111.21, -164.685, 2847.83, 77.3186, 0.756442, -159.101, 0.889366, 151.625, 2.16242, -4.04587
2451, 40.85000, 236.364, -52.4289, 1109.55, -164.853, 2838.75, 77.1165, 0.753161, -159.223, 0.886327, 151.474, 2.15369, -4.24576
2451, 40.85833, 235.716, -52.4387, 1107.88, -165.02, 2829.69, 76.9157, 0.749893, -159.344, 0.883291, 151.323, 2.14498, -4.44436
2452, 40.86667, 235.07, -52.4478, 1106.2, -165.187, 2820.65, 76.7161, 0.746639, -159.465, 0.880257, 151.174, 2.1363, -4.64171
2453, 40.87500, 234.428, -52.456, 1104.51, -165.353, 2811.63, 76.5177, 0.7434, -159.584, 0.877227, 151.026, 2.12764, -4.83776
2453, 40.88333, 233.79, -52.4635, 1102.81, -165.518, 2802.62, 76.3206, 0.740175, -159.701, 0.8742, 150.88, 2.119, -5.03253
2454, 40.89167, 233.155, -52.4701, 1101.11, -165.682, 2793.64, 76.1247, 0.736964, -159.818, 0.871176, 150.735, 2.11039, -5.22607
2454, 40.90000, 232.524, -52.4759, 1099.4, -165.845, 2784.67, 75.9301, 0.733768, -159.934, 0.868157, 150.591, 2.10181, -5.41833
2455, 40.90833, 231.896, -52.481, 1097.67, -166.007, 2775.72, 75.7367, 0.730586, -160.049, 0.865141, 150.448, 2.09325, -5.60934
2455, 40.91667, 231.271, -52.4852, 1095.95, -166.169, 2766.79, 75.5445, 0.727418, -160.162, 0.86213, 150.307, 2.08472, -5.79912
2455, 40.92500, 230.65, -52.4888, 1094.21, -166.329, 2757.89, 75.3535, 0.724266, -160.275, 0.859123, 150.167, 2.07621, -5.98764
2456, 40.93333, 230.032, -52.4915, 1092.47, -166.489, 2749, 75.1637, 0.721128, -160.386, 0.85612, 150.028, 2.06773, -6.17493
2457, 40.94167, 229.418, -52.4935, 1090.72, -166.648, 2740.14, 74.9751, 0.718004, -160.496, 0.853122, 149.89, 2.05928, -6.36101
2457, 40.95000, 228.807, -52.4948, 1088.96, -166.806, 2731.3, 74.7878, 0.714895, -160.606, 0.85013, 149.754, 2.05086, -6.54585
2458, 40.95833, 228.2, -52.4953, 1087.2, -166.963, 2722.48, 74.6016, 0.7118, -160.714, 0.847142, 149.619, 2.04246, -6.72947
2458, 40.96667, 227.596, -52.4951, 1085.43, -167.12, 2713.69, 74.4166, 0.70872, -160.821, 0.844159, 149.485, 2.03409, -6.91191
2459, 40.97500, 226.996, -52.4942, 1083.66, -167.275, 2704.92, 74.2328, 0.705655, -160.927, 0.841182, 149.353, 2.02575, -7.09312
2459, 40.98333, 226.399, -52.4926, 1081.88, -167.43, 2696.17, 74.0501, 0.702605, -161.033, 0.838211, 149.221, 2.01744, -7.27313
2459, 40.99167, 225.805, -52.4903, 1080.09, -167.584, 2687.44, 73.8686, 0.699569, -161.137, 0.835245, 149.091, 2.00915, -7.45198
2460, 41.00000, 225.215, -52.4873, 1078.3, -167.737, 2678.74, 73.6883, 0.696548, -161.24, 0.832286, 148.962, 2.0009, -7.62962
2461, 41.00833, 224.629, -52.4837, 1076.5, -167.889, 2670.07, 73.5091, 0.693541, -161.342, 0.829332, 148.835, 1.99267, -7.80608
2461, 41.01667, 224.045, -52.4793, 1074.7, -168.041, 2661.42, 73.331, 0.690549, -161.443, 0.826385, 148.708, 1.98448, -7.98139
2462, 41.02500, 223.465, -52.4743, 1072.9, -168.191, 2652.8, 73.1542, 0.687573, -161.544, 0.823444, 148.583, 1.97631, -8.15551
2462, 41.03333, 222.889, -52.4687, 1071.09, -168.341, 2644.2, 72.9784, 0.68461, -161.643, 0.820509, 148.459, 1.96817, -8.32847
2463, 41.04167, 222.316, -52.4624, 1069.28, -168.49, 2635.63, 72.8037, 0.681663, -161.741, 0.817581, 148.336, 1.96007, -8.50031
2463, 41.05000, 221.746, -52.4554, 1067.46, -168.639, 2627.08, 72.6302, 0.67873, -161.838, 0.81466, 148.215, 1.95199, -8.67098
2463, 41.05833, 221.18, -52.4479, 1065.64, -168.786, 2618.56, 72.4578, 0.675812, -161.935, 0.811746, 148.094, 1.94394, -8.8405
2464, 41.06667, 220.616, -52.4397, 1063.81, -168.933, 2610.07, 72.2865, 0.672908, -162.03, 0.808839, 147.975, 1.93592, -9.00892
2465, 41.07500, 220.057, -52.4309, 1061.98, -169.078, 2601.6, 72.1163, 0.670019, -162.125, 0.805939, 147.857, 1.92794, -9.17619
2465, 41.08333, 219.5, -52.4215, 1060.15, -169.224, 2593.16, 71.9472, 0.667145, -162.218, 0.803046, 147.74, 1.91998, -9.34234
2466, 41.09167, 218.947, -52.4115, 1058.32, -169.368, 2584.75, 71.7792, 0.664285, -162.311, 0.80016, 147.624, 1.91206, -9.50739
2466, 41.10000, 218.398, -52.4009, 1056.48, -169.511, 2576.37, 71.6122, 0.66144, -162.403, 0.797283, 147.509, 1.90416, -9.67132
2467, 41.10833, 217.851, -52.3897, 1054.64, -169.654, 2568.01, 71.4463, 0.65861, -162.493, 0.794412, 147.396, 1.8963, -9.83415
2467, 41.11667, 217.308, -52.378, 1052.8, -169.796, 2559.69, 71.2815, 0.655794, -162.583, 0.791549, 147.284, 1.88847, -9.9959
2467, 41.12500, 216.768, -52.3657, 1050.96, -169.937, 2551.39, 71.1178, 0.652992, -162.672, 0.788694, 147.173, 1.88067, -10.1565
2468, 41.13333, 216.231, -52.3528, 1049.11, -170.077, 2543.12, 70.9551, 0.650205, -162.76, 0.785847, 147.063, 1.8729, -10.3161
2469, 41.14167, 215.698, -52.3394, 1047.26, -170.217, 2534.88, 70.7934, 0.647433, -162.848, 0.783008, 146.954, 1.86516, -10.4746
2469, 41.15000, 215.168, -52.3254, 1045.41, -170.356, 2526.67, 70.6328, 0.644675, -162.934, 0.780177, 146.846, 1.85745, -10.632
2470, 41.15833, 214.641, -52.3109, 1043.56, -170.494, 2518.48, 70.4733, 0.641931, -163.019, 0.777354, 146.739, 1.84978, -10.7884
2470, 41.16667, 214.117, -52.2959, 1041.7, -170.631, 2510.33, 70.3147, 0.639202, -163.104, 0.77454, 146.634, 1.84213, -10.9437
2471, 41.17500, 213.596, -52.2803, 1039.85, -170.768, 2502.2, 70.1572, 0.636487, -163.188, 0.771733, 146.53, 1.83452, -11.098
2471, 41.18333, 213.079, -52.2643, 1037.99, -170.904, 2494.11, 70.0007, 0.633786, -163.271, 0.768935, 146.426, 1.82694, -11.2512
2471, 41.19167, 212.564, -52.2477, 1036.14, -171.039, 2486.04, 69.8451, 0.6311, -163.353, 0.766146, 146.324, 1.81939, -11.4034
2472, 41.20000, 212.053, -52.2306, 1034.28, -171.173, 2478, 69.6906, 0.628428, -163.434, 0.763365, 146.223, 1.81187, -11.5546
2473, 41.20833, 211.545, -52.2131, 1032.42, -171.307, 2470, 69.5371, 0.62577, -163.515, 0.760592, 146.123, 1.80439, -11.7047
2473, 41.21667, 211.04, -52.195, 1030.56, -171.44, 2462.02, 69.3846, 0.623126, -163.594, 0.757828, 146.024, 1.79694, -11.8538
2474, 41.22500, 210.538, -52.1765, 1028.7, -171.572, 2454.07, 69.2331, 0.620496, -163.673, 0.755073, 145.926, 1.78951, -12.0019
2474, 41.23333, 210.039, -52.1575, 1026.84, -171.703, 2446.16, 69.0825, 0.61788, -163.751, 0.752327, 145.83, 1.78213, -12.149
2475, 41.24167, 209.544, -52.1381, 1024.98, -171.834, 2438.27, 68.9329, 0.615278, -163.828, 0.749589, 145.734, 1.77477, -12.2952
2475, 41.25000, 209.051, -52.1182, 1023.12, -171.964, 2430.41, 68.7843, 0.612691, -163.905, 0.746861, 145.639, 1.76744, -12.4403
2475, 41.25833, 208.561, -52.0978, 1021.26, -172.093, 2422.59, 68.6366, 0.610117, -163.981, 0.744141, 145.546, 1.76015, -12.5844
2476, 41.26667, 208.075, -52.077, 1019.39, -172.222, 2414.79, 68.4898, 0.607556, -164.055, 0.74143, 145.453, 1.75288, -12.7276
2477, 41.27500, 207.591, -52.0558, 1017.53, -172.35, 2407.03, 68.344, 0.60501, -164.13, 0.738729, 145.362, 1.74565, -12.8698
2477, 41.28333, 207.11, -52.0341, 1015.67, -172.477, 2399.29, 68.1992, 0.602478, -164.203, 0.736036, 145.271, 1.73846, -13.011
2478, 41.29167, 206.632, -52.012, 1013.81, -172.604, 2391.59, 68.0553, 0.599958, -164.276, 0.733353, 145.182, 1.73129, -13.1513
2478, 41.30000, 206.157, -51.9895, 1011.95, -172.729, 2383.92, 67.9123, 0.597453, -164.347, 0.730679, 145.094, 1.72415, -13.2906
2479, 41.30833, 205.686, -51.9666, 1010.1, -172.854, 2376.27, 67.7702, 0.594962, -164.419, 0.728014, 145.006, 1.71705, -13.4289
2479, 41.31667, 205.216, -51.9433, 1008.24, -172.979, 2368.66, 67.629, 0.592483, -164.489, 0.725358, 144.92, 1.70998, -13.5664
2479, 41.32500, 204.75, -51.9196, 1006.38, -173.103, 2361.08, 67.4887, 0.590018, -164.559, 0.722711, 144.835, 1.70294, -13.7029
2480, 41.33333, 204.287, -51.8955, 1004.52, -173.226, 2353.53, 67.3493, 0.587567, -164.628, 0.720074, 144.751, 1.69593, -13.8384
2481, 41.34167, 203.827, -51.871, 1002.67, -173.348, 2346.01, 67.2109, 0.585129, -164.696, 0.717446, 144.667, 1.68896, -13.9731
2481, 41.35000, 203.369, -51.8461, 1000.81, -173.47, 2338.52, 67.0733, 0.582704, -164.763, 0.714828, 144.585, 1.68201, -14.1068
2482, 41.35833, 202.914, -51.8208, 998.961, -173.591, 2331.06, 66.9366, 0.580293, -164.83, 0.712219, 144.504, 1.6751, -14.2396
2482, 41.36667, 202.462, -51.7952, 997.109, -173.711, 2323.63, 66.8007, 0.577894, -164.896, 0.709619, 144.424, 1.66822, -14.3715
2483, 41.37500, 202.013, -51.7692, 995.259, -173.831, 2316.24, 66.6657, 0.575509, -164.962, 0.707029, 144.344, 1.66137, -14.5026
2483, 41.38333, 201.567, -51.7429, 993.41, -173.95, 2308.87, 66.5316, 0.573137, -165.027, 0.704448, 144.266, 1.65455, -14.6327
2483, 41.39167, 201.123, -51.7162, 991.563, -174.069, 2301.53, 66.3984, 0.570778, -165.091, 0.701877, 144.189, 1.64776, -14.7619
2484, 41.40000, 200.682, -51.6892, 989.717, -174.186, 2294.23, 66.266, 0.568432, -165.154, 0.699315, 144.112, 1.64101, -14.8903
2485, 41.40833, 200.244, -51.6618, 987.874, -174.304, 2286.96, 66.1344, 0.566098, -165.217, 0.696763, 144.037, 1.63428, -15.0178
2485, 41.41667, 199.808, -51.6341, 986.032, -174.42, 2279.71, 66.0037, 0.563777, -165.279, 0.69422, 143.962, 1.62759, -15.1444
2486, 41.42500, 199.375, -51.6061, 984.192, -174.536, 2272.5, 65.8738, 0.56147, -165.341, 0.691687, 143.889, 1.62092, -15.2702
2486, 41.43333, 198.945, -51.5777, 982.354, -174.651, 2265.32, 65.7447, 0.559175, -165.401, 0.689164, 143.816, 1.61429, -15.3951
2487, 41.44167, 198.517, -51.549, 980.518, -174.766, 2258.16, 65.6164, 0.556892, -165.462, 0.68665, 143.745, 1.60769, -15.5191
2487, 41.45000, 198.092, -51.52, 978.684, -174.88, 2251.04, 65.489, 0.554622, -165.521, 0.684146, 143.674, 1.60112, -15.6424
2487, 41.45833, 197.67, -51.4907, 976.852, -174.993, 2243.95, 65.3624, 0.552364, -165.58, 0.681651, 143.604, 1.59458, -15.7647
2488, 41.46667, 197.25, -51.4611, 975.022, -175.106, 2236.89, 65.2365, 0.550119, -165.639, 0.679166, 143.536, 1.58807, -15.8863
2489, 41.47500, 196.833, -51.4313, 973.195, -175.218, 2229.86, 65.1115, 0.547886, -165.696, 0.67669, 143.468, 1.5816, -16.007
2489, 41.48333, 196.418, -51.4011, 971.37, -175.33, 2222.86, 64.9873, 0.545666, -165.753, 0.674225, 143.401, 1.57515, -16.1269
2490, 41.49167, 196.006, -51.3706, 969.548, -175.441, 2215.89, 64.8638, 0.543457, -165.81, 0.671768, 143.335, 1.56873, -16.246
2490, 41.50000, 195.596, -51.3398, 967.728, -175.551, 2208.96, 64.7411, 0.541261, -165.866, 0.669322, 143.27, 1.56235, -16.3642
2491, 41.50833, 195.189, -51.3088, 965.911, -175.661, 2202.05, 64.6192, 0.539077, -165.921, 0.666885, 143.205, 1.55599, -16.4817
2491, 41.51667, 194.784, -51.2775, 964.096, -175.77, 2195.17, 64.4981, 0.536905, -165.976, 0.664457, 143.142, 1.54966, -16.5984
2491, 41.52500, 194.382, -51.2459, 962.284, -175.879, 2188.32, 64.3777, 0.534745, -166.03, 0.66204, 143.08, 1.54337, -16.7142
2492, 41.53333, 193.982, -51.2141, 960.475, -175.987, 2181.5, 64.2581, 0.532597, -166.084, 0.659632, 143.018, 1.5371, -16.8293
2493, 41.54167, 193.584, -51.1819, 958.668, -176.095, 2174.71, 64.1393, 0.530461, -166.137, 0.657233, 142.957, 1.53087, -16.9436
2493, 41.55000, 193.189, -51.1496, 956.865, -176.201, 2167.96, 64.0211, 0.528336, -166.189, 0.654844, 142.898, 1.52466, -17.0571
2494, 41.55833, 192.797, -51.117, 955.064, -176.308, 2161.23, 63.9038, 0.526223, -166.241, 0.652465, 142.839, 1.51848, -17.1699
2494, 41.56667, 192.406, -51.0841, 953.266, -176.413, 2154.53, 63.7871, 0.524122, -166.293, 0.650095, 142.781, 1.51233, -17.2819
2495, 41.57500, 192.018, -51.051, 951.471, -176.519, 2147.86, 63.6712, 0.522032, -166.343, 0.647735, 142.724, 1.50622, -17.3931
2495, 41.58333, 191.633, -51.0177, 949.679, -176.623, 2141.22, 63.556, 0.519954, -166.394, 0.645385, 142.667, 1.50013, -17.5035
2495, 41.59167, 191.25, -50.9841, 947.891, -176.727, 2134.61, 63.4416, 0.517887, -166.444, 0.643044, 142.612, 1.49407, -17.6133
2496, 41.60000, 190.869, -50.9503, 946.105, -176.831, 2128.03, 63.3278, 0.515832, -166.493, 0.640713, 142.557, 1.48804, -17.7222
2497, 41.60833, 190.49, -50.9163, 944.323, -176.934, 2121.48, 63.2148, 0.513788, -166.542, 0.638391, 142.504, 1.48204, -17.8305
2497, 41.61667, 190.114, -50.882, 942.543, -177.036, 2114.95, 63.1024, 0.511755, -166.59, 0.636079, 142.451, 1.47607, -17.938
2498, 41.62500, 189.739, -50.8476, 940.767, -177.138, 2108.46, 62.9908, 0.509733, -166.638, 0.633776, 142.399, 1.47012, -18.0447
2498, 41.63333, 189.367, -50.8129, 938.994, -177.24, 2102, 62.8799, 0.507722, -166.685, 0.631483, 142.347, 1.46421, -18.1508
2499, 41.64167, 188.998, -50.778, 937.225, -177.34, 2095.56, 62.7696, 0.505723, -166.731, 0.6292, 142.297, 1.45832, -18.2561
2499, 41.65000, 188.63, -50.7429, 935.459, -177.441, 2089.16, 62.66, 0.503734, -166.778, 0.626926, 142.248, 1.45246, -18.3607
2499, 41.65833, 188.265, -50.7076, 933.696, -177.54, 2082.78, 62.5511, 0.501756, -166.823, 0.624661, 142.199, 1.44663, -18.4646
2500, 41.66667, 187.902, -50.6721, 931.937, -177.64, 2076.43, 62.4429, 0.499789, -166.869, 0.622406, 142.151, 1.44083, -18.5678
2501, 41.67500, 187.541, -50.6365, 930.181, -177.738, 2070.11, 62.3354, 0.497833, -166.913, 0.62016, 142.104, 1.43506, -18.6702
2501, 41.68333, 187.182, -50.6006, 928.429, -177.837, 2063.82, 62.2285, 0.495888, -166.958, 0.617924, 142.058, 1.42931, -18.772
2502, 41.69167, 186.825, -50.5645, 926.68, -177.934, 2057.56, 62.1222, 0.493953, -167.002, 0.615697, 142.012, 1.42359, -18.8731
2502, 41.70000, 186.47, -50.5283, 924.935, -178.032, 2051.32, 62.0167, 0.492028, -167.045, 0.61348, 141.967, 1.4179, -18.9735
2503, 41.70833, 186.118, -50.4918, 923.193, -178.128, 2045.12, 61.9118, 0.490115, -167.088, 0.611272, 141.924, 1.41224, -19.0733
2503, 41.71667, 185.767, -50.4552, 921.455, -178.224, 2038.94, 61.8075, 0.488211, -167.13, 0.609073, 141.881, 1.40661, -19.1723
2503, 41.72500, 185.418, -50.4184, 919.721, -178.32, 2032.79, 61.7038, 0.486318, -167.172, 0.606884, 141.838, 1.401, -19.2707
2504, 41.73333, 185.072, -50.3815, 917.99, -178.415, 2026.67, 61.6008, 0.484436, -167.214, 0.604704, 141.797, 1.39542, -19.3684
2505, 41.74167, 184.728, -50.3444, 916.263, -178.51, 2020.57, 61.4984, 0.482563, -167.255, 0.602533, 141.756, 1.38987, -19.4655
2505, 41.75000, 184.385, -50.3071, 914.539, -178.604, 2014.51, 61.3967, 0.480701, -167.296, 0.600371, 141.716, 1.38434, -19.5618
2506, 41.75833, 184.045, -50.2696, 912.82, -178.698, 2008.47, 61.2956, 0.478849, -167.336, 0.598219, 141.677, 1.37884, -19.6576
2506, 41.76667, 183.706, -50.232, 911.104, -178.791, 2002.46, 61.195, 0.477006, -167.376, 0.596076, 141.639, 1.37337, -19.7527
2507, 41.77500, 183.37, -50.1943, 909.392, -178.884, 1996.47, 61.0952, 0.475174, -167.415, 0.593942, 141.601, 1.36792, -19.8471
2507, 41.78333, 183.035, -50.1564, 907.684, -178.976, 1990.52, 60.9959, 0.473352, -167.454, 0.591818, 141.564, 1.3625, -19.9409
2508, 41.79167, 182.702, -50.1183, 905.979, -179.068, 1984.59, 60.8972, 0.47154, -167.493, 0.589702, 141.528, 1.35711, -20.0341
2508, 41.80000, 182.372, -50.0801, 904.279, -179.159, 1978.68, 60.7991, 0.469737, -167.531, 0.587596, 141.493, 1.35174, -20.1266
2509, 41.80833, 182.043, -50.0418, 902.582, -179.25, 1972.81, 60.7016, 0.467944, -167.569, 0.585499, 141.458, 1.3464, -20.2185
2509, 41.81667, 181.716, -50.0033, 900.889, -179.341, 1966.96, 60.6047, 0.466161, -167.606, 0.58341, 141.424, 1.34109, -20.3098
2510, 41.82500, 181.391, -49.9646, 899.2, -179.43, 1961.14, 60.5084, 0.464387, -167.643, 0.581331, 141.391, 1.3358, -20.4004
2510, 41.83333, 181.068, -49.9259, 897.515, -179.52, 1955.34, 60.4126, 0.462623, -167.68, 0.579261, 141.359, 1.33053, -20.4905
2511, 41.84167, 180.746, -49.887, 895.834, -179.609, 1949.57, 60.3175, 0.460869, -167.716, 0.5772, 141.327, 1.3253, -20.5799
2511, 41.85000, 180.427, -49.8479, 894.157, -179.698, 1943.83, 60.2229, 0.459124, -167.752, 0.575148, 141.296, 1.32008, -20.6687
2512, 41.85833, 180.109, -49.8088, 892.484, -179.786, 1938.11, 60.1289, 0.457388, -167.787, 0.573105, 141.266, 1.3149, -20.757
2512, 41.86667, 179.793, -49.7695, 890.814, -179.873, 1932.42, 60.0354, 0.455661, -167.822, 0.571071, 141.237, 1.30974, -20.8446
2513, 41.87500, 179.479, -49.7301, 889.149, -179.961, 1926.76, 59.9425, 0.453944, -167.857, 0.569045, 141.208, 1.3046, -20.9316
2513, 41.88333, 179.166, -49.6906, 887.488, 179.952, 1921.12, 59.8502, 0.452236, -167.891, 0.567029, 141.18, 1.29949, -21.0181
2514, 41.89167, 178.855, -49.651, 885.83, 179.866, 1915.51, 59.7584, 0.450537, -167.925, 0.565021, 141.153, 1.2944, -21.1039
2514, 41.90000, 178.546, -49.6112, 884.177, 179.78, 1909.92, 59.6671, 0.448847, -167.959, 0.563023, 141.126, 1.28934, -21.1892
2515, 41.90833, 178.239, -49.5714, 882.528, 179.695, 1904.36, 59.5765, 0.447166, -167.992, 0.561033, 141.101, 1.2843, -21.2739
2515, 41.91667, 177.934, -49.5314, 880.883, 179.61, 1898.83, 59.4863, 0.445494, -168.025, 0.559051, 141.076, 1.27929, -21.358
2516, 41.92500, 177.63, -49.4913, 879.242, 179.525, 1893.32, 59.3967, 0.443831, -168.058, 0.557079, 141.051, 1.2743, -21.4416
2516, 41.93333, 177.328, -49.4511, 877.605, 179.441, 1887.83, 59.3076, 0.442177, -168.09, 0.555115, 141.027, 1.26933, -21.5245
2517, 41.94167, 177.027, -49.4108, 875.972, 179.357, 1882.37, 59.219, 0.440531, -168.122, 0.55316, 141.004, 1.26439, -21.607
2517, 41.95000, 176.729, -49.3704, 874.343, 179.273, 1876.94, 59.131, 0.438894, -168.154, 0.551214, 140.982, 1.25948, -21.6888
2518, 41.95833, 176.431, -49.3299, 872.718, 179.19, 1871.53, 59.0435, 0.437266, -168.185, 0.549276, 140.96, 1.25459, -21.7701
2518, 41.96667, 176.136, -49.2894, 871.097, 179.108, 1866.14, 58.9565, 0.435646, -168.216, 0.547347, 140.939, 1.24972, -21.8509
2519, 41.97500, 175.842, -49.2487, 869.481, 179.026, 1860.78, 58.87, 0.434035, -168.246, 0.545426, 140.919, 1.24487, -21.9311
2519, 41.98333, 175.55, -49.2079, 867.868, 178.944, 1855.44, 58.7841, 0.432433, -168.277, 0.543514, 140.9, 1.24005, -22.0107
2520, 41.99167, 175.259, -49.167, 866.26, 178.862, 1850.13, 58.6986, 0.430838, -168.307, 0.54161, 140.881, 1.23525, -22.0899
2520, 42.00000, 174.97, -49.1261, 864.655, 178.781, 1844.85, 58.6136, 0.429253, -168.336, 0.539715, 140.862, 1.23048, -22.1684
2521, 42.00833, 174.682, -49.0851, 863.055, 178.701, 1839.58, 58.5292, 0.427675, -168.366, 0.537828, 140.845, 1.22572, -22.2465
2521, 42.01667, 174.396, -49.0439, 861.459, 178.621, 1834.34, 58.4452, 0.426106, -168.395, 0.53595, 140.828, 1.22099, -22.324
2522, 42.02500, 174.112, -49.0027, 859.867, 178.541, 1829.13, 58.3617, 0.424545, -168.424, 0.53408, 140.812, 1.21629, -22.401
2522, 42.03333, 173.829, -48.9614, 858.28, 178.461, 1823.94, 58.2787, 0.422992, -168.452, 0.532218, 140.796, 1.2116, -22.4774
2523, 42.04167, 173.547, -48.9201, 856.696, 178.382, 1818.77, 58.1962, 0.421447, -168.48, 0.530365, 140.781, 1.20694, -22.5534
2523, 42.05000, 173.267, -48.8786, 855.116, 178.304, 1813.62, 58.1142, 0.41991, -168.508, 0.52852, 140.767, 1.2023, -22.6288
2524, 42.05833, 172.989, -48.8371, 853.541, 178.225, 1808.5, 58.0326, 0.418381, -168.536, 0.526683, 140.753, 1.19769, -22.7037
2524, 42.06667, 172.712, -48.7955, 851.97, 178.148, 1803.41, 57.9516, 0.41686, -168.563, 0.524854, 140.74, 1.19309, -22.7781
2525, 42.07500, 172.437, -48.7538, 850.403, 178.07, 1798.33, 57.871, 0.415347, -168.59, 0.523034, 140.728, 1.18852, -22.852
2525, 42.08333, 172.163, -48.7121, 848.84, 177.993, 1793.28, 57.7908, 0.413841, -168.617, 0.521221, 140.716, 1.18397, -22.9254
2526, 42.09167, 171.89, -48.6703, 847.281, 177.916, 1788.25, 57.7111, 0.412343, -168.643, 0.519417, 140.705, 1.17944, -22.9983
2526, 42.10000, 171.619, -48.6284, 845.726, 177.84, 1783.25, 57.6319, 0.410854, -168.67, 0.517621, 140.695, 1.17494, -23.0707
2527, 42.10833, 171.349, -48.5865, 844.176, 177.764, 1778.27, 57.5532, 0.409371, -168.695, 0.515833, 140.685, 1.17045, -23.1426
2527, 42.11667, 171.081, -48.5445, 842.629, 177.688, 1773.31, 57.4749, 0.407897, -168.721, 0.514053, 140.676, 1.16599, -23.2141
2528, 42.12500, 170.814, -48.5024, 841.087, 177.613, 1768.37, 57.397, 0.40643, -168.747, 0.512281, 140.668, 1.16155, -23.285
2528, 42.13333, 170.548, -48.4603, 839.549, 177.538, 1763.46, 57.3196, 0.40497, -168.772, 0.510517, 140.66, 1.15713, -23.3554
2529, 42.14167, 170.284, -48.4181, 838.015, 177.463, 1758.56, 57.2427, 0.403518, -168.797, 0.508761, 140.653, 1.15273, -23.4254
2529, 42.15000, 170.022, -48.3758, 836.485, 177.389, 1753.69, 57.1661, 0.402073, -168.821, 0.507013, 140.646, 1.14835, -23.4949
2530, 42.15833, 169.76, -48.3335, 834.959, 177.315, 1748.85, 57.0901, 0.400636, -168.846, 0.505273, 140.64, 1.14399, -23.5639
2530, 42.16667, 169.5, -48.2912, 833.438, 177.241, 1744.02, 57.0144, 0.399205, -168.87, 0.503541, 140.635, 1.13966, -23.6324
2531, 42.17500, 169.241, -48.2488, 831.92, 177.168, 1739.21, 56.9392, 0.397783, -168.894, 0.501816, 140.63, 1.13534, -23.7005
2531, 42.18333, 168.984, -48.2063, 830.407, 177.095, 1734.43, 56.8644, 0.396367, -168.918, 0.500099, 140.626, 1.13105, -23.7681
2532, 42.19167, 168.728, -48.1638, 828.898, 177.023, 1729.67, 56.79, 0.394958, -168.941, 0.49839, 140.622, 1.12677, -23.8352
2532, 42.20000, 168.473, -48.1212, 827.393, 176.951, 1724.93, 56.7161, 0.393557, -168.964, 0.496689, 140.619, 1.12252, -23.9019
2533, 42.20833, 168.22, -48.0786, 825.892, 176.879, 1720.21, 56.6426, 0.392162, -168.987, 0.494995, 140.617, 1.11828, -23.9681
2533, 42.21667, 167.968, -48.0359, 824.395, 176.807, 1715.52, 56.5695, 0.390775, -169.01, 0.493309, 140.615, 1.11407, -24.0339
2534, 42.22500, 167.717, -47.9932, 822.902, 176.736, 1710.84, 56.4968, 0.389395, -169.033, 0.491631, 140.614, 1.10987, -24.0992
2534, 42.23333, 167.467, -47.9504, 821.414, 176.665, 1706.19, 56.4245, 0.388021, -169.055, 0.48996, 140.614, 1.1057, -24.1641
2535, 42.24167, 167.219, -47.9076, 819.929, 176.595, 1701.55, 56.3526, 0.386654, -169.077, 0.488297, 140.614, 1.10155, -24.2285
2535, 42.25000, 166.972, -47.8648, 818.449, 176.524, 1696.94, 56.2812, 0.385294, -169.099, 0.486641, 140.614, 1.09741, -24.2925
2536, 42.25833, 166.726, -47.8219, 816.972, 176.454, 1692.35, 56.2101, 0.383941, -169.121, 0.484993, 140.615, 1.0933, -24.3561
2536, 42.26667, 166.481, -47.779, 815.5, 176.385, 1687.78, 56.1394, 0.382595, -169.142, 0.483352, 140.617, 1.0892, -24.4192
2537, 42.27500, 166.238, -47.736, 814.032, 176.316, 1683.23, 56.0691, 0.381255, -169.163, 0.481719, 140.62, 1.08512, -24.4818
2537, 42.28333, 165.995, -47.693, 812.568, 176.247, 1678.7, 55.9993, 0.379922, -169.185, 0.480093, 140.623, 1.08107, -24.5441
2538, 42.29167, 165.754, -47.65, 811.108, 176.178, 1674.19, 55.9298, 0.378595, -169.205, 0.478475, 140.626, 1.07703, -24.6059
2538, 42.30000, 165.514, -47.6069, 809.652, 176.11, 1669.7, 55.8607, 0.377276, -169.226, 0.476864, 140.63, 1.07301, -24.6673
2539, 42.30833, 165.276, -47.5638, 808.2, 176.042, 1665.23, 55.792, 0.375962, -169.247, 0.47526, 140.635, 1.06901, -24.7282
2539, 42.31667, 165.038, -47.5206, 806.752, 175.974, 1660.78, 55.7236, 0.374655, -169.267, 0.473663, 140.64, 1.06503, -24.7888
2540, 42.32500, 164.802, -47.4774, 805.308, 175.907, 1656.35, 55.6557, 0.373354, -169.287, 0.472074, 140.646, 1.06106, -24.8489
2540, 42.33333, 164.567, -47.4342, 803.868, 175.84, 1651.94, 55.5881, 0.37206, -169.307, 0.470492, 140.653, 1.05712, -24.9086
2541, 42.34167, 164.333, -47.391, 802.432, 175.773, 1647.55, 55.5209, 0.370772, -169.327, 0.468917, 140.66, 1.0532, -24.9679
2541, 42.35000, 164.1, -47.3477, 801.001, 175.706, 1643.18, 55.4541, 0.36949, -169.346, 0.467349, 140.667, 1.04929, -25.0268
2542, 42.35833, 163.868, -47.3044, 799.573, 175.64, 1638.83, 55.3876, 0.368215, -169.365, 0.465789, 140.675, 1.0454, -25.0852
2542, 42.36667, 163.637, -47.2611, 798.149, 175.574, 1634.5, 55.3215, 0.366946, -169.385, 0.464235, 140.684, 1.04153, -25.1433
2543, 42.37500, 163.408, -47.2177, 796.729, 175.509, 1630.18, 55.2558, 0.365683, -169.404, 0.462689, 140.693, 1.03768, -25.201
2543, 42.38333, 163.179, -47.1743, 795.314, 175.444, 1625.89, 55.1904, 0.364426, -169.422, 0.461149, 140.703, 1.03384, -25.2582
2544, 42.39167, 162.952, -47.1309, 793.902, 175.379, 1621.62, 55.1254, 0.363175, -169.441, 0.459617, 140.714, 1.03002, -25.3151
2544, 42.40000, 162.726, -47.0874, 792.494, 175.314, 1617.36, 55.0607, 0.36193, -169.459, 0.458092, 140.724, 1.02622, -25.3715
2545, 42.40833, 162.5, -47.044, 791.09, 175.249, 1613.12, 54.9965, 0.360691, -169.478, 0.456573, 140.736, 1.02244, -25.4276
2545, 42.41667, 162.276, -47.0005, 789.69, 175.185, 1608.9, 54.9325, 0.359458, -169.496, 0.455062, 140.748, 1.01868, -25.4833
2546, 42.42500, 162.053, -46.957, 788.294, 175.121, 1604.71, 54.8689, 0.358231, -169.514, 0.453557, 140.76, 1.01493, -25.5386
2546, 42.43333, 161.831, -46.9134, 786.902, 175.058, 1600.52, 54.8057, 0.35701, -169.532, 0.452059, 140.773, 1.0112, -25.5935
2547, 42.44167, 161.61, -46.8699, 785.514, 174.994, 1596.36, 54.7427, 0.355794, -169.549, 0.450568, 140.787, 1.00749, -25.648
2547, 42.45000, 161.39, -46.8263, 784.13, 174.931, 1592.22, 54.6802, 0.354584, -169.567, 0.449084, 140.801, 1.0038, -25.7021
2548, 42.45833, 161.171, -46.7827, 782.75, 174.869, 1588.09, 54.618, 0.353381, -169.584, 0.447607, 140.816, 1.00012, -25.7559
2548, 42.46667, 160.953, -46.7391, 781.374, 174.806, 1583.98, 54.5561, 0.352182, -169.601, 0.446136, 140.831, 0.996458, -25.8093
2549, 42.47500, 160.737, -46.6954, 780.001, 174.744, 1579.89, 54.4945, 0.35099, -169.619, 0.444672, 140.847, 0.992814, -25.8622
2549, 42.48333, 160.521, -46.6518, 778.633, 174.682, 1575.82, 54.4333, 0.349803, -169.635, 0.443215, 140.863, 0.989187, -25.9149
2550, 42.49167, 160.306, -46.6081, 777.268, 174.62, 1571.77, 54.3724, 0.348622, -169.652, 0.441765, 140.88, 0.985576, -25.9671
2550, 42.50000, 160.092, -46.5644, 775.907, 174.559, 1567.73, 54.3118, 0.347446, -169.669, 0.440321, 140.897, 0.981983, -26.019
2551, 42.50833, 159.879, -46.5207, 774.55, 174.498, 1563.71, 54.2516, 0.346276, -169.685, 0.438884, 140.915, 0.978405, -26.0705
2551, 42.51667, 159.667, -46.477, 773.197, 174.437, 1559.71, 54.1917, 0.345111, -169.702, 0.437453, 140.934, 0.974844, -26.1217
2552, 42.52500, 159.456, -46.4333, 771.848, 174.376, 1555.73, 54.1321, 0.343952, -169.718, 0.436028, 140.952, 0.971299, -26.1724
2552, 42.53333, 159.246, -46.3895, 770.503, 174.316, 1551.76, 54.0728, 0.342798, -169.734, 0.434611, 140.972, 0.967771, -26.2229
2553, 42.54167, 159.037, -46.3457, 769.161, 174.256, 1547.81, 54.0139, 0.341649, -169.75, 0.433199, 140.992, 0.964258, -26.2729
2553, 42.55000, 158.829, -46.302, 767.823, 174.196, 1543.88, 53.9552, 0.340506, -169.766, 0.431795, 141.012, 0.960762, -26.3226
2554, 42.55833, 158.622, -46.2582, 766.49, 174.137, 1539.97, 53.8969, 0.339368, -169.781, 0.430396, 141.033, 0.957281, -26.372
2554, 42.56667, 158.416, -46.2144, 765.159, 174.077, 1536.07, 53.8389, 0.338235, -169.797, 0.429004, 141.055, 0.953816, -26.421
2555, 42.57500, 158.21, -46.1706, 763.833, 174.018, 1532.19, 53.7812, 0.337108, -169.812, 0.427619, 141.077, 0.950367, -26.4696
2555, 42.58333, 158.006, -46.1267, 762.51, 173.959, 1528.32, 53.7238, 0.335986, -169.828, 0.42624, 141.099, 0.946934, -26.5179
2556, 42.59167, 157.802, -46.0829, 761.191, 173.901, 1524.47, 53.6667, 0.334869, -169.843, 0.424867, 141.122, 0.943516, -26.5659
2556, 42.60000, 157.6, -46.0391, 759.876, 173.842, 1520.64, 53.6099, 0.333757, -169.858, 0.4235, 141.146, 0.940113, -26.6135
2557, 42.60833, 157.398, -45.9952, 758.565, 173.784, 1516.83, 53.5534, 0.33265, -169.873, 0.42214, 141.17, 0.936727, -26.6607
2557, 42.61667, 157.197, -45.9513, 757.257, 173.727, 1513.03, 53.4972, 0.331548, -169.888, 0.420786, 141.194, 0.933355, -26.7077
2558, 42.62500, 156.998, -45.9075, 755.953, 173.669, 1509.25, 53.4413, 0.330451, -169.902, 0.419438, 141.219, 0.929998, -26.7542
2558, 42.63333, 156.799, -45.8636, 754.653, 173.612, 1505.48, 53.3857, 0.329359, -169.917, 0.418096, 141.245, 0.926657, -26.8005
2559, 42.64167, 156.6, -45.8197, 753.357, 173.554, 1501.73, 53.3304, 0.328272, -169.931, 0.41676, 141.271, 0.92333, -26.8464
2559, 42.65000, 156.403, -45.7758, 752.064, 173.498, 1498, 53.2754, 0.32719, -169.946, 0.415431, 141.297, 0.920019, -26.8919
2560, 42.65833, 156.207, -45.7319, 750.775, 173.441, 1494.28, 53.2207, 0.326113, -169.96, 0.414107, 141.324, 0.916722, -26.9372
2560, 42.66667, 156.011, -45.688, 749.489, 173.385, 1490.58, 53.1662, 0.325041, -169.974, 0.41279, 141.352, 0.91344, -26.9821
2561, 42.67500, 155.817, -45.6441, 748.208, 173.328, 1486.9, 53.1121, 0.323974, -169.988, 0.411479, 141.38, 0.910173, -27.0267
2561, 42.68333, 155.623, -45.6002, 746.93, 173.272, 1483.23, 53.0582, 0.322911, -170.002, 0.410174, 141.408, 0.906921, -27.0709
2562, 42.69167, 155.43, -45.5562, 745.655, 173.217, 1479.57, 53.0046, 0.321853, -170.016, 0.408874, 141.437, 0.903682, -27.1148
2562, 42.70000, 155.238, -45.5123, 744.384, 173.161, 1475.93, 52.9513, 0.3208, -170.03, 0.407581, 141.466, 0.900459, -27.1584
2563, 42.70833, 155.046, -45.4684, 743.117, 173.106, 1472.31, 52.8983, 0.319752, -170.044, 0.406294, 141.496, 0.89725, -27.2017
2563, 42.71667, 154.856, -45.4244, 741.853, 173.051, 1468.7, 52.8455, 0.318708, -170.057, 0.405012, 141.527, 0.894055, -27.2447
2564, 42.72500, 154.666, -45.3805, 740.593, 172.996, 1465.11, 52.793, 0.317669, -170.071, 0.403737, 141.557, 0.890874, -27.2873
2564, 42.73333, 154.477, -45.3366, 739.337, 172.942, 1461.53, 52.7408, 0.316634, -170.084, 0.402467, 141.589, 0.887707, -27.3296
2564, 42.74167, 154.289, -45.2926, 738.084, 172.887, 1457.97, 52.6889, 0.315604, -170.098, 0.401203, 141.62, 0.884554, -27.3716
2565, 42.75000, 154.102, -45.2486, 736.834, 172.833, 1454.42, 52.6372, 0.314579, -170.111, 0.399945, 141.653, 0.881416, -27.4133
2566, 42.75833, 153.915, -45.2047, 735.589, 172.779, 1450.89, 52.5858, 0.313558, -170.124, 0.398693, 141.685, 0.878291, -27.4547
2566, 42.76667, 153.729, -45.1607, 734.346, 172.725, 1447.37, 52.5346, 0.312541, -170.137, 0.397446, 141.719, 0.87518, -27.4958
2567, 42.77500, 153.544, -45.1168, 733.108, 172.672, 1443.87, 52.4838, 0.31153, -170.15, 0.396205, 141.752, 0.872083, -27.5365
2567, 42.78333, 153.36, -45.0728, 731.872, 172.619, 1440.38, 52.4332, 0.310522, -170.163, 0.39497, 141.786, 0.868999, -27.577
2568, 42.79167, 153.177, -45.0289, 730.641, 172.566, 1436.9, 52.3828, 0.309519, -170.176, 0.393741, 141.821, 0.865929, -27.6171
2568, 42.80000, 152.994, -44.9849, 729.412, 172.513, 1433.44, 52.3327, 0.30852, -170.188, 0.392517, 141.856, 0.862872, -27.657
2568, 42.80833, 152.812, -44.9409, 728.188, 172.46, 1430, 52.2829, 0.307526, -170.201, 0.391299, 141.892, 0.859829, -27.6965
2569, 42.81667, 152.631, -44.897, 726.966, 172.408, 1426.57, 52.2333, 0.306535, -170.214, 0.390086, 141.928, 0.856799, -27.7357
2570, 42.82500, 152.451, -44.853, 725.749, 172.355, 1423.15, 52.1839, 0.30555, -170.226, 0.388879, 141.964, 0.853782, -27.7747
2570, 42.83333, 152.271, -44.8091, 724.534, 172.303, 1419.75, 52.1348, 0.304568, -170.239, 0.387678, 142.001, 0.850779, -27.8133
2571, 42.84167, 152.092, -44.7651, 723.323, 172.251, 1416.36, 52.086, 0.30359, -170.251, 0.386482, 142.038, 0.847788, -27.8517
2571, 42.85000, 151.914, -44.7211, 722.116, 172.2, 1412.99, 52.0374, 0.302617, -170.263, 0.385292, 142.076, 0.844811, -27.8897
2572, 42.85833, 151.737, -44.6772, 720.912, 172.148, 1409.63, 51.9891, 0.301648, -170.275, 0.384107, 142.114, 0.841846, -27.9274
2572, 42.86667, 151.56, -44.6332, 719.711, 172.097, 1406.28, 51.941, 0.300683, -170.288, 0.382927, 142.153, 0.838895, -27.9649
2572, 42.87500, 151.384, -44.5893, 718.514, 172.046, 1402.95, 51.8931, 0.299723, -170.3, 0.381753, 142.192, 0.835956, -28.0021
2573, 42.88333, 151.209, -44.5453, 717.32, 171.995, 1399.64, 51.8455, 0.298766, -170.312, 0.380585, 142.232, 0.83303, -28.0389
2574, 42.89167, 151.034, -44.5014, 716.13, 171.945, 1396.33, 51.7982, 0.297813, -170.324, 0.379422, 142.272, 0.830116, -28.0755
2574, 42.90000, 150.86, -44.4574, 714.943, 171.894, 1393.04, 51.751, 0.296865, -170.336, 0.378264, 142.312, 0.827216, -28.1118
2575, 42.90833, 150.687, -44.4135, 713.759, 171.844, 1389.76, 51.7042, 0.29592, -170.348, 0.377111, 142.353, 0.824328, -28.1478
2575, 42.91667, 150.515, -44.3695, 712.578, 171.794, 1386.5, 51.6575, 0.294979, -170.359, 0.375964, 142.395, 0.821451, -28.1836
2576, 42.92500, 150.343, -44.3256, 711.401, 171.744, 1383.25, 51.6111, 0.294043, -170.371, 0.374822, 142.436, 0.818588, -28.219
2576, 42.93333, 150.172, -44.2816, 710.227, 171.695, 1380.01, 51.5649, 0.29311, -170.383, 0.373686, 142.479, 0.815737, -28.2542
2576, 42.94167, 150.002, -44.2377, 709.057, 171.645, 1376.79, 51.5189, 0.292181, -170.394, 0.372554, 142.521, 0.812898, -28.2891
2577, 42.95000, 149.832, -44.1937, 707.89, 171.596, 1373.58, 51.4732, 0.291256, -170.406, 0.371428, 142.564, 0.810072, -28.3237
2578, 42.95833, 149.663, -44.1498, 706.726, 171.547, 1370.38, 51.4277, 0.290335, -170.417, 0.370307, 142.608, 0.807257, -28.358
2578, 42.96667, 149.494, -44.1059, 705.565, 171.498, 1367.19, 51.3825, 0.289418, -170.429, 0.369192, 142.652, 0.804454, -28.3921
2579, 42.97500, 149.327, -44.062, 704.408, 171.449, 1364.02, 51.3374, 0.288505, -170.44, 0.368081, 142.696, 0.801664, -28.4258
2579, 42.98333, 149.16, -44.018, 703.254, 171.401, 1360.86, 51.2926, 0.287595, -170.452, 0.366976, 142.741, 0.798885, -28.4593
2580, 42.99167, 148.993, -43.9741, 702.103, 171.353, 1357.72, 51.248, 0.286689, -170.463, 0.365875, 142.787, 0.796118, -28.4926
2580, 43.00000, 148.828, -43.9302, 700.955, 171.304, 1354.58, 51.2036, 0.285787, -170.474, 0.36478, 142.832, 0.793363, -28.5255
2580, 43.00833, 148.662, -43.8863, 699.811, 171.256, 1351.46, 51.1595, 0.284889, -170.486, 0.36369, 142.878, 0.79062, -28.5582
2581, 43.01667, 148.498, -43.8424, 698.67, 171.209, 1348.36, 51.1156, 0.283994, -170.497, 0.362605, 142.925, 0.787888, -28.5906
2582, 43.02500, 148.334, -43.7985, 697.532, 171.161, 1345.26, 51.0718, 0.283103, -170.508, 0.361525, 142.972, 0.785168, -28.6228
2582, 43.03333, 148.171, -43.7546, 696.397, 171.114, 1342.18, 51.0283, 0.282216, -170.519, 0.36045, 143.019, 0.782459, -28.6546
2583, 43.04167, 148.008, -43.7107, 695.265, 171.066, 1339.11, 50.9851, 0.281332, -170.53, 0.359379, 143.067, 0.779762, -28.6863
2583, 43.05000, 147.847, -43.6668, 694.137, 171.019, 1336.05, 50.942, 0.280451, -170.541, 0.358314, 143.115, 0.777076, -28.7176
2584, 43.05833, 147.685, -43.6229, 693.011, 170.972, 1333, 50.8991, 0.279575, -170.552, 0.357254, 143.164, 0.774402, -28.7487
2584, 43.06667, 147.525, -43.5791, 691.889, 170.926, 1329.97, 50.8565, 0.278702, -170.563, 0.356199, 143.213, 0.771739, -28.7795
2584, 43.07500, 147.364, -43.5352, 690.77, 170.879, 1326.95, 50.8141, 0.277832, -170.574, 0.355148, 143.263, 0.769087, -28.8101
2585, 43.08333, 147.205, -43.4913, 689.654, 170.833, 1323.94, 50.7718, 0.276966, -170.585, 0.354103, 143.313, 0.766446, -28.8404
2586, 43.09167, 147.046, -43.4475, 688.541, 170.787, 1320.94, 50.7298, 0.276104, -170.596, 0.353062, 143.363, 0.763816, -28.8704
2586, 43.10000, 146.888, -43.4036, 687.432, 170.74, 1317.95, 50.688, 0.275244, -170.607, 0.352026, 143.414, 0.761197, -28.9002
2587, 43.10833, 146.73, -43.3598, 686.325, 170.695, 1314.98, 50.6464, 0.274389, -170.618, 0.350995, 143.465, 0.758589, -28.9297
2587, 43.11667, 146.573, -43.3159, 685.221, 170.649, 1312.02, 50.605, 0.273537, -170.628, 0.349969, 143.516, 0.755992, -28.959
2588, 43.12500, 146.417, -43.2721, 684.121, 170.603, 1309.07, 50.5638, 0.272688, -170.639, 0.348948, 143.568, 0.753406, -28.988
2588, 43.13333, 146.261, -43.2282, 683.024, 170.558, 1306.13, 50.5228, 0.271842, -170.65, 0.347931, 143.62, 0.750831, -29.0168
2588, 43.14167, 146.106, -43.1844, 681.929, 170.513, 1303.2, 50.482, 0.271, -170.661, 0.346919, 143.673, 0.748266, -29.0453
2589, 43.15000, 145.951, -43.1406, 680.838, 170.468, 1300.29, 50.4413, 0.270161, -170.671, 0.345912, 143.726, 0.745712, -29.0736
2590, 43.15833, 145.797, -43.0968, 679.75, 170.423, 1297.38, 50.4009, 0.269326, -170.682, 0.344909, 143.78, 0.743169, -29.1016
2590, 43.16667, 145.643, -43.053, 678.664, 170.378, 1294.49, 50.3607, 0.268494, -170.693, 0.343911, 143.834, 0.740636, -29.1294
2591, 43.17500, 145.49, -43.0092, 677.582, 170.334, 1291.61, 50.3207, 0.267665, -170.703, 0.342918, 143.888, 0.738114, -29.1569
2591, 43.18333, 145.338, -42.9654, 676.503, 170.289, 1288.74, 50.2809, 0.266839, -170.714, 0.341929, 143.943, 0.735602, -29.1841
2592, 43.19167, 145.186, -42.9216, 675.426, 170.245, 1285.88, 50.2412, 0.266017, -170.725, 0.340945, 143.998, 0.7331, -29.2111
2592, 43.20000, 145.035, -42.8778, 674.353, 170.201, 1283.03, 50.2018, 0.265197, -170.735, 0.339966, 144.054, 0.730609, -29.2379
2592, 43.20833, 144.884, -42.834, 673.283, 170.157, 1280.2, 50.1626, 0.264381, -170.746, 0.338991, 144.11, 0.728128, -29.2644
2593, 43.21667, 144.734, -42.7902, 672.215, 170.113, 1277.37, 50.1235, 0.263569, -170.756, 0.33802, 144.166, 0.725657, -29.2907
2594, 43.22500, 144.584, -42.7465, 671.151, 170.07, 1274.56, 50.0846, 0.262759, -170.767, 0.337054, 144.223, 0.723197, -29.3168
2594, 43.23333, 144.435, -42.7027, 670.089, 170.026, 1271.76, 50.0459, 0.261952, -170.777, 0.336093, 144.28, 0.720746, -29.3426
2595, 43.24167, 144.287, -42.659, 669.03, 169.983, 1268.96, 50.0074, 0.261149, -170.788, 0.335136, 144.337, 0.718305, -29.3681
2595, 43.25000, 144.139, -42.6152, 667.975, 169.94, 1266.18, 49.9691, 0.260349, -170.798, 0.334184, 144.395, 0.715875, -29.3934
2596, 43.25833, 143.991, -42.5715, 666.922, 169.897, 1263.41, 49.931, 0.259551, -170.809, 0.333236, 144.453, 0.713454, -29.4185
2596, 43.26667, 143.844, -42.5277, 665.872, 169.854, 1260.65, 49.893, 0.258757, -170.819, 0.332293, 144.512, 0.711043, -29.4434
2596, 43.27500, 143.698, -42.484, 664.825, 169.811, 1257.9, 49.8553, 0.257966, -170.83, 0.331354, 144.571, 0.708643, -29.468
2597, 43.28333, 143.552, -42.4403, 663.781, 169.769, 1255.16, 49.8177, 0.257178, -170.84, 0.330419, 144.63, 0.706252, -29.4923
2598, 43.29167, 143.407, -42.3966, 662.739, 169.726, 1252.44, 49.7803, 0.256392, -170.85, 0.329489, 144.69, 0.70387, -29.5165
2598, 43.30000, 143.262, -42.3529, 661.701, 169.684, 1249.72, 49.7431, 0.25561, -170.861, 0.328563, 144.75, 0.701498, -29.5404
2599, 43.30833, 143.118, -42.3092, 660.665, 169.642, 1247.01, 49.706, 0.254831, -170.871, 0.327641, 144.811, 0.699136, -29.564
2599, 43.31667, 142.974, -42.2655, 659.632, 169.6, 1244.31, 49.6691, 0.254055, -170.882, 0.326724, 144.872, 0.696783, -29.5874
2600, 43.32500, 142.83, -42.2218, 658.602, 169.558, 1241.63, 49.6324, 0.253282, -170.892, 0.325811, 144.933, 0.69444, -29.6106
2600, 43.33333, 142.688, -42.1781, 657.575, 169.517, 1238.95, 49.5959, 0.252511, -170.903, 0.324902, 144.995, 0.692107, -29.6336
2600, 43.34167, 142.545, -42.1345, 656.55, 169.475, 1236.29, 49.5596, 0.251744, -170.913, 0.323998, 145.057, 0.689782, -29.6563
2601, 43.35000, 142.404, -42.0908, 655.529, 169.434, 1233.63, 49.5234, 0.250979, -170.923, 0.323098, 145.119, 0.687468, -29.6788
2602, 43.35833, 142.262, -42.0471, 654.51, 169.392, 1230.98, 49.4874, 0.250217, -170.934, 0.322202, 145.182, 0.685162, -29.7011
2602, 43.36667, 142.122, -42.0035, 653.494, 169.351, 1228.35, 49.4515, 0.249458, -170.944, 0.32131, 145.245, 0.682866, -29.7232
2603, 43.37500, 141.981, -41.9598, 652.481, 169.31, 1225.72, 49.4159, 0.248702, -170.955, 0.320423, 145.308, 0.680579, -29.745
2603, 43.38333, 141.842, -41.9162, 651.47, 169.27, 1223.11, 49.3804, 0.247949, -170.965, 0.319539, 145.372, 0.678301, -29.7666
2604, 43.39167, 141.702, -41.8726, 650.462, 169.229, 1220.5, 49.345, 0.247198, -170.976, 0.31866, 145.436, 0.676032, -29.7879
2604, 43.40000, 141.564, -41.8289, 649.457, 169.188, 1217.91, 49.3099, 0.24645, -170.986, 0.317785, 145.501, 0.673772, -29.8091
2604, 43.40833, 141.425, -41.7853, 648.455, 169.148, 1215.32, 49.2748, 0.245705, -170.997, 0.316914, 145.566, 0.671521, -29.83
2605, 43.41667, 141.288, -41.7417, 647.455, 169.108, 1212.74, 49.24, 0.244963, -171.007, 0.316047, 145.631, 0.669279, -29.8507
2606, 43.42500, 141.15, -41.6981, 646.458, 169.068, 1210.18, 49.2053, 0.244224, -171.018, 0.315185, 145.697, 0.667047, -29.8711
2606, 43.43333, 141.013, -41.6545, 645.464, 169.028, 1207.62, 49.1708, 0.243487, -171.028, 0.314326, 145.763, 0.664823, -29.8914
2607, 43.44167, 140.877, -41.6109, 644.472, 168.988, 1205.07, 49.1365, 0.242753, -171.038, 0.313471, 145.829, 0.662607, -29.9114
2607, 43.45000, 140.741, -41.5673, 643.483, 168.948, 1202.54, 49.1023, 0.242021, -171.049, 0.312621, 145.896, 0.660401, -29.9312
2608, 43.45833, 140.606, -41.5238, 642.497, 168.908, 1200.01, 49.0683, 0.241292, -171.059, 0.311774, 145.963, 0.658204, -29.9508
2608, 43.46667, 140.471, -41.4802, 641.513, 168.869, 1197.49, 49.0344, 0.240566, -171.07, 0.310932, 146.031, 0.656015, -29.9702
2608, 43.47500, 140.336, -41.4366, 640.532, 168.83, 1194.98, 49.0007, 0.239843, -171.081, 0.310093, 146.098, 0.653834, -29.9893
2609, 43.48333, 140.202, -41.3931, 639.553, 168.79, 1192.48, 48.9671, 0.239122, -171.091, 0.309259, 146.166, 0.651663, -30.0082
2610, 43.49167, 140.069, -41.3495, 638.578, 168.751, 1189.99, 48.9337, 0.238403, -171.102, 0.308428, 146.235, 0.649499, -30.0269
2610, 43.50000, 139.935, -41.306, 637.604, 168.712, 1187.51, 48.9005, 0.237688, -171.112, 0.307602, 146.304, 0.647345, -30.0454
2611, 43.50833, 139.803, -41.2625, 636.634, 168.673, 1185.03, 48.8674, 0.236975, -171.123, 0.306779, 146.373, 0.645199, -30.0637
2611, 43.51667, 139.67, -41.2189, 635.666, 168.635, 1182.57, 48.8344, 0.236264, -171.133, 0.30596, 146.442, 0.643061, -30.0818
2612, 43.52500, 139.539, -41.1754, 634.7, 168.596, 1180.12, 48.8017, 0.235556, -171.144, 0.305145, 146.512, 0.640931, -30.0996
2612, 43.53333, 139.407, -41.1319, 633.738, 168.558, 1177.67, 48.769, 0.23485, -171.155, 0.304334, 146.582, 0.63881, -30.1172
2612, 43.54167, 139.276, -41.0884, 632.777, 168.519, 1175.24, 48.7365, 0.234147, -171.165, 0.303527, 146.653, 0.636698, -30.1346
2613, 43.55000, 139.146, -41.0449, 631.82, 168.481, 1172.81, 48.7042, 0.233447, -171.176, 0.302723, 146.724, 0.634593, -30.1518
2614, 43.55833, 139.016, -41.0014, 630.864, 168.443, 1170.39, 48.672, 0.232749, -171.187, 0.301924, 146.795, 0.632497, -30.1688
2614, 43.56667, 138.886, -40.9579, 629.912, 168.405, 1167.98, 48.64, 0.232053, -171.198, 0.301128, 146.867, 0.630409, -30.1856
2615, 43.57500, 138.757, -40.9144, 628.962, 168.367, 1165.58, 48.6081, 0.23136, -171.208, 0.300336, 146.938, 0.628329, -30.2022
2615, 43.58333, 138.629, -40.8709, 628.014, 168.33, 1163.19, 48.5764, 0.230669, -171.219, 0.299548, 147.011, 0.626257, -30.2185
2616, 43.59167, 138.5, -40.8275, 627.069, 168.292, 1160.81, 48.5448, 0.229981, -171.23, 0.298764, 147.083, 0.624193, -30.2347
2616, 43.60000, 138.373, -40.784, 626.126, 168.255, 1158.43, 48.5133, 0.229295, -171.241, 0.297983, 147.156, 0.622137, -30.2506
2616, 43.60833, 138.245, -40.7405, 625.186, 168.217, 1156.07, 48.482, 0.228611, -171.252, 0.297206, 147.229, 0.620089, -30.2663
2617, 43.61667, 138.118, -40.6971, 624.248, 168.18, 1153.71, 48.4509, 0.22793, -171.263, 0.296433, 147.303, 0.618049, -30.2818
2618, 43.62500, 137.992, -40.6537, 623.313, 168.143, 1151.36, 48.4199, 0.227252, -171.273, 0.295663, 147.377, 0.616017, -30.2972
2618, 43.63333, 137.865, -40.6102, 622.381, 168.106, 1149.02, 48.389, 0.226575, -171.284, 0.294897, 147.451, 0.613993, -30.3123
2619, 43.64167, 137.74, -40.5668, 621.45, 168.069, 1146.69, 48.3583, 0.225901, -171.295, 0.294135, 147.525, 0.611976, -30.3271
2619, 43.65000, 137.614, -40.5234, 620.523, 168.032, 1144.37, 48.3277, 0.225229, -171.306, 0.293377, 147.6, 0.609967, -30.3418
2620, 43.65833, 137.489, -40.4799, 619.597, 167.996, 1142.05, 48.2972, 0.22456, -171.317, 0.292622, 147.675, 0.607966, -30.3563
2620, 43.66667, 137.365, -40.4365, 618.674, 167.959, 1139.75, 48.2669, 0.223893, -171.329, 0.291871, 147.751, 0.605973, -30.3706
2620, 43.67500, 137.241, -40.3931, 617.754, 167.923, 1137.45, 48.2367, 0.223228, -171.34, 0.291123, 147.827, 0.603987, -30.3847
2621, 43.68333, 137.117, -40.3497, 616.836, 167.887, 1135.16, 48.2067, 0.222565, -171.351, 0.290379, 147.903, 0.602009, -30.3985
2622, 43.69167, 136.994, -40.3063, 615.92, 167.85, 1132.88, 48.1768, 0.221905, -171.362, 0.289638, 147.979, 0.600038, -30.4122
2622, 43.70000, 136.871, -40.2629, 615.007, 167.814, 1130.61, 48.147, 0.221247, -171.373, 0.288901, 148.056, 0.598075, -30.4256
2623, 43.70833, 136.749, -40.2196, 614.096, 167.778, 1128.34, 48.1174, 0.220591, -171.384, 0.288168, 148.133, 0.59612, -30.4389
2623, 43.71667, 136.626, -40.1762, 613.187, 167.742, 1126.08, 48.0879, 0.219937, -171.396, 0.287438, 148.21, 0.594172, -30.452
2624, 43.72500, 136.505, -40.1328, 612.281, 167.707, 1123.84, 48.0586, 0.219286, -171.407, 0.286712, 148.288, 0.592231, -30.4648
2624, 43.73333, 136.383, -40.0894, 611.377, 167.671, 1121.6, 48.0293, 0.218637, -171.418, 0.285989, 148.366, 0.590298, -30.4775
2624, 43.74167, 136.263, -40.0461, 610.475, 167.636, 1119.36, 48.0002, 0.21799, -171.43, 0.28527, 148.444, 0.588372, -30.4899
2625, 43.75000, 136.142, -40.0027, 609.576, 167.6, 1117.14, 47.9713, 0.217345, -171.441, 0.284554, 148.523, 0.586453, -30.5022
2626, 43.75833, 136.022, -39.9594, 608.679, 167.565, 1114.92, 47.9425, 0.216702, -171.453, 0.283842, 148.602, 0.584542, -30.5142
2626, 43.76667, 135.902, -39.916, 607.785, 167.53, 1112.71, 47.9138, 0.216062, -171.464, 0.283133, 148.681, 0.582637, -30.526
2627, 43.77500, 135.783, -39.8727, 606.893, 167.495, 1110.51, 47.8852, 0.215423, -171.476, 0.282427, 148.76, 0.58074, -30.5377
2627, 43.78333, 135.664, -39.8294, 606.003, 167.46, 1108.32, 47.8567, 0.214787, -171.487, 0.281725, 148.84, 0.578851, -30.5491
2628, 43.79167, 135.545, -39.786, 605.115, 167.425, 1106.13, 47.8284, 0.214153, -171.499, 0.281026, 148.92, 0.576968, -30.5604
2628, 43.80000, 135.427, -39.7427, 604.23, 167.39, 1103.95, 47.8002, 0.213521, -171.511, 0.280331, 149, 0.575092, -30.5714
2628, 43.80833, 135.309, -39.6994, 603.347, 167.355, 1101.78, 47.7722, 0.212891, -171.522, 0.279639, 149.081, 0.573224, -30.5823
2629, 43.81667, 135.192, -39.6561, 602.466, 167.321, 1099.62, 47.7443, 0.212263, -171.534, 0.278951, 149.162, 0.571362, -30.593
2630, 43.82500, 135.075, -39.6128, 601.588, 167.286, 1097.47, 47.7164, 0.211637, -171.546, 0.278265, 149.243, 0.569507, -30.6034
2630, 43.83333, 134.958, -39.5695, 600.711, 167.252, 1095.32, 47.6888, 0.211013, -171.558, 0.277584, 149.325, 0.56766, -30.6137
2631, 43.84167, 134.842, -39.5262, 599.837, 167.218, 1093.18, 47.6612, 0.210391, -171.57, 0.276905, 149.407, 0.565819, -30.6238
2631, 43.85000, 134.726, -39.4829, 598.966, 167.183, 1091.05, 47.6338, 0.209772, -171.581, 0.27623, 149.489, 0.563985, -30.6336
2632, 43.85833, 134.61, -39.4396, 598.096, 167.149, 1088.92, 47.6065, 0.209154, -171.593, 0.275558, 149.571, 0.562158, -30.6433
2632, 43.86667, 134.495, -39.3964, 597.229, 167.115, 1086.8, 47.5793, 0.208538, -171.606, 0.274889, 149.654, 0.560338, -30.6528
2633, 43.87500, 134.38, -39.3531, 596.364, 167.082, 1084.69, 47.5522, 0.207925, -171.618, 0.274224, 149.737, 0.558524, -30.6621
2633, 43.88333, 134.266, -39.3098, 595.501, 167.048, 1082.59, 47.5253, 0.207313, -171.63, 0.273562, 149.82, 0.556718, -30.6712
2634, 43.89167, 134.152, -39.2666, 594.64, 167.014, 1080.49, 47.4985, 0.206703, -171.642, 0.272903, 149.904, 0.554918, -30.6801
2634, 43.90000, 134.038, -39.2233, 593.781, 166.981, 1078.41, 47.4717, 0.206095, -171.654, 0.272247, 149.988, 0.553125, -30.6888
2635, 43.90833, 133.924, -39.18, 592.925, 166.947, 1076.32, 47.4452, 0.205489, -171.666, 0.271595, 150.072, 0.551338, -30.6973
2635, 43.91667, 133.811, -39.1368, 592.071, 166.914, 1074.25, 47.4187, 0.204885, -171.679, 0.270945, 150.156, 0.549558, -30.7056
2636, 43.92500, 133.699, -39.0936, 591.219, 166.88, 1072.18, 47.3924, 0.204284, -171.691, 0.270299, 150.241, 0.547785, -30.7137
2636, 43.93333, 133.586, -39.0503, 590.369, 166.847, 1070.12, 47.3661, 0.203684, -171.704, 0.269657, 150.326, 0.546018, -30.7217
2637, 43.94167, 133.474, -39.0071, 589.521, 166.814, 1068.07, 47.34, 0.203085, -171.716, 0.269017, 150.411, 0.544257, -30.7294
2637, 43.95000, 133.363, -38.9639, 588.676, 166.781, 1066.03, 47.314, 0.202489, -171.729, 0.26838, 150.497, 0.542503, -30.7369
2638, 43.95833, 133.251, -38.9206, 587.833, 166.748, 1063.99, 47.2881, 0.201895, -171.741, 0.267747, 150.582, 0.540756, -30.7443
2638, 43.96667, 133.14, -38.8774, 586.991, 166.716, 1061.96, 47.2624, 0.201302, -171.754, 0.267117, 150.668, 0.539015, -30.7515
2639, 43.97500, 133.03, -38.8342, 586.152, 166.683, 1059.93, 47.2367, 0.200712, -171.767, 0.266489, 150.755, 0.53728, -30.7584
2639, 43.98333, 132.92, -38.791, 585.315, 166.65, 1057.91, 47.2112, 0.200123, -171.779, 0.265865, 150.841, 0.535552, -30.7652
2640, 43.99167, 132.81, -38.7478, 584.48, 166.618, 1055.9, 47.1858, 0.199536, -171.792, 0.265244, 150.928, 0.53383, -30.7718
2640, 44.00000, 132.7, -38.7046, 583.647, 166.585, 1053.9, 47.1604, 0.198951, -171.805, 0.264626, 151.015, 0.532115, -30.7782
2641, 44.00833, 132.591, -38.6614, 582.816, 166.553, 1051.9, 47.1353, 0.198368, -171.818, 0.264011, 151.103, 0.530406, -30.7845
2641, 44.01667, 132.482, -38.6182, 581.988, 166.521, 1049.91, 47.1102, 0.197786, -171.831, 0.2634, 151.19, 0.528702, -30.7905
2642, 44.02500, 132.373, -38.575, 581.161, 166.489, 1047.93, 47.0852, 0.197207, -171.844, 0.262791, 151.278, 0.527006, -30.7963
2642, 44.03333, 132.265, -38.5318, 580.337, 166.457, 1045.95, 47.0603, 0.196629, -171.857, 0.262185, 151.366, 0.525315, -30.802
2643, 44.04167, 132.157, -38.4886, 579.514, 166.425, 1043.98, 47.0356, 0.196053, -171.871, 0.261582, 151.455, 0.52363, -30.8074
2643, 44.05000, 132.05, -38.4454, 578.694, 166.393, 1042.02, 47.0109, 0.195479, -171.884, 0.260982, 151.543, 0.521952, -30.8127
2644, 44.05833, 131.942, -38.4023, 577.875, 166.361, 1040.06, 46.9864, 0.194906, -171.897, 0.260386, 151.632, 0.52028, -30.8178
2644, 44.06667, 131.835, -38.3591, 577.059, 166.329, 1038.11, 46.962, 0.194336, -171.911, 0.259792, 151.721, 0.518613, -30.8227
2645, 44.07500, 131.729, -38.3159, 576.245, 166.298, 1036.17, 46.9376, 0.193767, -171.924, 0.259201, 151.811, 0.516953, -30.8274
2645, 44.08333, 131.623, -38.2728, 575.432, 166.266, 1034.23, 46.9134, 0.1932, -171.938, 0.258613, 151.901, 0.515299, -30.8319
2646, 44.09167, 131.517, -38.2296, 574.622, 166.235, 1032.3, 46.8893, 0.192634, -171.951, 0.258028, 151.99, 0.513651, -30.8362
2646, 44.10000, 131.411, -38.1864, 573.814, 166.203, 1030.38, 46.8653, 0.19207, -171.965, 0.257446, 152.081, 0.512009, -30.8404
2647, 44.10833, 131.306, -38.1433, 573.007, 166.172, 1028.46, 46.8414, 0.191508, -171.979, 0.256867, 152.171, 0.510373, -30.8443
2647, 44.11667, 131.201, -38.1001, 572.203, 166.141, 1026.55, 46.8176, 0.190948, -171.992, 0.256291, 152.262, 0.508742, -30.8481
2648, 44.12500, 131.096, -38.057, 571.401, 166.11, 1024.64, 46.7939, 0.190389, -172.006, 0.255717, 152.353, 0.507118, -30.8517
2648, 44.13333, 130.992, -38.0139, 570.6, 166.079, 1022.74, 46.7704, 0.189832, -172.02, 0.255147, 152.444, 0.505499, -30.8551
2649, 44.14167, 130.888, -37.9707, 569.802, 166.048, 1020.85, 46.7469, 0.189277, -172.034, 0.254579, 152.535, 0.503886, -30.8583
2649, 44.15000, 130.784, -37.9276, 569.006, 166.017, 1018.97, 46.7235, 0.188724, -172.048, 0.254014, 152.627, 0.502279, -30.8613
2650, 44.15833, 130.68, -37.8844, 568.211, 165.986, 1017.09, 46.7002, 0.188172, -172.062, 0.253453, 152.719, 0.500678, -30.8642
2650, 44.16667, 130.577, -37.8413, 567.419, 165.955, 1015.21, 46.6771, 0.187621, -172.076, 0.252893, 152.811, 0.499082, -30.8668
2651, 44.17500, 130.475, -37.7982, 566.628, 165.925, 1013.34, 46.654, 0.187073, -172.091, 0.252337, 152.903, 0.497492, -30.8693
2651, 44.18333, 130.372, -37.7551, 565.84, 165.894, 1011.48, 46.631, 0.186526, -172.105, 0.251784, 152.995, 0.495908, -30.8716
2652, 44.19167, 130.27, -37.7119, 565.053, 165.864, 1009.63, 46.6082, 0.18598, -172.119, 0.251233, 153.088, 0.49433, -30.8737
2652, 44.20000, 130.168, -37.6688, 564.268, 165.833, 1007.78, 46.5854, 0.185437, -172.134, 0.250685, 153.181, 0.492757, -30.8756
2653, 44.20833, 130.067, -37.6257, 563.485, 165.803, 1005.94, 46.5627, 0.184895, -172.148, 0.25014, 153.274, 0.49119, -30.8774
2653, 44.21667, 129.965, -37.5826, 562.704, 165.773, 1004.1, 46.5402, 0.184354, -172.163, 0.249598, 153.368, 0.489628, -30.8789
2654, 44.22500, 129.864, -37.5395, 561.925, 165.743, 1002.27, 46.5177, 0.183815, -172.178, 0.249058, 153.462, 0.488072, -30.8803
2654, 44.23333, 129.764, -37.4964, 561.148, 165.713, 1000.45, 46.4953, 0.183278, -172.193, 0.248521, 153.556, 0.486522, -30.8814
2655, 44.24167, 129.663, -37.4533, 560.373, 165.683, 998.626, 46.4731, 0.182742, -172.207, 0.247987, 153.65, 0.484976, -30.8824
2655, 44.25000, 129.563, -37.4102, 559.599, 165.653, 996.814, 46.4509, 0.182208, -172.222, 0.247456, 153.744, 0.483437, -30.8833
2656, 44.25833, 129.464, -37.3671, 558.828, 165.623, 995.007, 46.4288, 0.181675, -172.237, 0.246927, 153.839, 0.481903, -30.8839
2656, 44.26667, 129.364, -37.324, 558.058, 165.593, 993.206, 46.4068, 0.181144, -172.252, 0.246401, 153.933, 0.480374, -30.8843
2657, 44.27500, 129.265, -37.2809, 557.29, 165.564, 991.411, 46.385, 0.180614, -172.268, 0.245878, 154.028, 0.478851, -30.8846
2657, 44.28333, 129.166, -37.2378, 556.524, 165.534, 989.622, 46.3632, 0.180086, -172.283, 0.245357, 154.124, 0.477333, -30.8847
2658, 44.29167, 129.068, -37.1947, 555.76, 165.505, 987.838, 46.3415, 0.17956, -172.298, 0.244839, 154.219, 0.47582, -30.8846
2658, 44.30000, 128.969, -37.1516, 554.998, 165.475, 986.061, 46.3199, 0.179035, -172.314, 0.244324, 154.315, 0.474313, -30.8843
2659, 44.30833, 128.871, -37.1085, 554.238, 165.446, 984.289, 46.2984, 0.178511, -172.329, 0.243811, 154.41, 0.472811, -30.8838
2659, 44.31667, 128.774, -37.0655, 553.479, 165.417, 982.523, 46.277, 0.177989, -172.345, 0.243301, 154.507, 0.471315, -30.8832
2660, 44.32500, 128.676, -37.0224, 552.722, 165.387, 980.762, 46.2556, 0.177469, -172.36, 0.242793, 154.603, 0.469823, -30.8823
2660, 44.33333, 128.579, -36.9793, 551.967, 165.358, 979.007, 46.2344, 0.17695, -172.376, 0.242288, 154.699, 0.468337, -30.8813
2661, 44.34167, 128.482, -36.9362, 551.214, 165.329, 977.258, 46.2133, 0.176433, -172.392, 0.241786, 154.796, 0.466856, -30.8801
2661, 44.35000, 128.386, -36.8932, 550.463, 165.3, 975.515, 46.1922, 0.175917, -172.408, 0.241286, 154.893, 0.465381, -30.8787
2662, 44.35833, 128.289, -36.8501, 549.713, 165.271, 973.777, 46.1713, 0.175402, -172.424, 0.240789, 154.99, 0.46391, -30.8771
2662, 44.36667, 128.194, -36.807, 548.965, 165.243, 972.044, 46.1504, 0.174889, -172.44, 0.240295, 155.087, 0.462445, -30.8754
2663, 44.37500, 128.098, -36.7639, 548.219, 165.214, 970.318, 46.1297, 0.174377, -172.456, 0.239803, 155.185, 0.460985, -30.8735
2663, 44.38333, 128.002, -36.7209, 547.475, 165.185, 968.596, 46.109, 0.173867, -172.472, 0.239313, 155.282, 0.459529, -30.8714
2664, 44.39167, 127.907, -36.6778, 546.733, 165.156, 966.88, 46.0884, 0.173358, -172.488, 0.238826, 155.38, 0.458079, -30.8691
2664, 44.40000, 127.812, -36.6348, 545.992, 165.128, 965.17, 46.0679, 0.172851, -172.505, 0.238342, 155.478, 0.456634, -30.8666
2665, 44.40833, 127.718, -36.5917, 545.253, 165.099, 963.466, 46.0475, 0.172345, -172.521, 0.23786, 155.576, 0.455194, -30.8639
2665, 44.41667, 127.624, -36.5486, 544.516, 165.071, 961.766, 46.0272, 0.171841, -172.538, 0.23738, 155.675, 0.453759, -30.8611
2666, 44.42500, 127.53, -36.5056, 543.78, 165.043, 960.072, 46.0069, 0.171338, -172.555, 0.236903, 155.774, 0.452329, -30.8581
2666, 44.43333, 127.436, -36.4625, 543.047, 165.014, 958.383, 45.9868, 0.170836, -172.571, 0.236429, 155.872, 0.450905, -30.8549
2667, 44.44167, 127.342, -36.4195, 542.315, 164.986, 956.7, 45.9667, 0.170336, -172.588, 0.235957, 155.971, 0.449484, -30.8515
2667, 44.45000, 127.249, -36.3764, 541.584, 164.958, 955.022, 45.9468, 0.169837, -172.605, 0.235488, 156.07, 0.448069, -30.8479
2668, 44.45833, 127.156, -36.3334, 540.856, 164.93, 953.349, 45.9269, 0.169339, -172.622, 0.23502, 156.17, 0.446659, -30.8442
2668, 44.46667, 127.064, -36.2903, 540.129, 164.902, 951.682, 45.9071, 0.168843, -172.639, 0.234556, 156.269, 0.445254, -30.8402
2669, 44.47500, 126.971, -36.2473, 539.404, 164.874, 950.02, 45.8874, 0.168349, -172.656, 0.234094, 156.369, 0.443853, -30.8361
2669, 44.48333, 126.879, -36.2042, 538.681, 164.846, 948.363, 45.8677, 0.167855, -172.674, 0.233634, 156.469, 0.442458, -30.8318
2670, 44.49167, 126.787, -36.1612, 537.959, 164.818, 946.711, 45.8482, 0.167363, -172.691, 0.233176, 156.569, 0.441067, -30.8273
2670, 44.50000, 126.696, -36.1181, 537.239, 164.791, 945.065, 45.8287, 0.166872, -172.709, 0.232721, 156.669, 0.439681, -30.8227
2671, 44.50833, 126.604, -36.0751, 536.521, 164.763, 943.423, 45.8094, 0.166383, -172.726, 0.232269, 156.77, 0.4383, -30.8178
2671, 44.51667, 126.513, -36.032, 535.804, 164.735, 941.787, 45.7901, 0.165895, -172.744, 0.231818, 156.87, 0.436923, -30.8128
2672, 44.52500, 126.422, -35.989, 535.089, 164.708, 940.156, 45.7709, 0.165408, -172.762, 0.231371, 156.971, 0.435552, -30.8076
2672, 44.53333, 126.332, -35.9459, 534.375, 164.68, 938.53, 45.7517, 0.164923, -172.78, 0.230925, 157.072, 0.434185, -30.8022
2673, 44.54167, 126.242, -35.9029, 533.664, 164.653, 936.909, 45.7327, 0.164439, -172.797, 0.230482, 157.173, 0.432822, -30.7967
2673, 44.55000, 126.152, -35.8598, 532.954, 164.626, 935.293, 45.7137, 0.163956, -172.816, 0.230041, 157.274, 0.431465, -30.7909
2674, 44.55833, 126.062, -35.8168, 532.245, 164.598, 933.682, 45.6949, 0.163475, -172.834, 0.229603, 157.376, 0.430112, -30.785
2674, 44.56667, 125.972, -35.7738, 531.539, 164.571, 932.076, 45.6761, 0.162995, -172.852, 0.229166, 157.477, 0.428763, -30.7789
2675, 44.57500, 125.883, -35.7307, 530.833, 164.544, 930.475, 45.6573, 0.162516, -172.87, 0.228732, 157.579, 0.42742, -30.7726
2675, 44.58333, 125.794, -35.6877, 530.13, 164.517, 928.88, 45.6387, 0.162038, -172.889, 0.228301, 157.681, 0.426081, -30.7661
2676, 44.59167, 125.706, -35.6446, 529.428, 164.49, 927.288, 45.6202, 0.161562, -172.907, 0.227872, 157.783, 0.424746, -30.7595
2676, 44.60000, 125.617, -35.6016, 528.728, 164.463, 925.702, 45.6017, 0.161087, -172.926, 0.227445, 157.885, 0.423416, -30.7526
2677, 44.60833, 125.529, -35.5586, 528.029, 164.436, 924.121, 45.5833, 0.160613, -172.945, 0.22702, 157.988, 0.422091, -30.7456
2677, 44.61667, 125.441, -35.5155, 527.332, 164.409, 922.545, 45.565, 0.160141, -172.964, 0.226597, 158.09, 0.42077, -30.7384
2678, 44.62500, 125.353, -35.4725, 526.637, 164.382, 920.973, 45.5467, 0.15967, -172.982, 0.226177, 158.193, 0.419453, -30.7311
2678, 44.63333, 125.266, -35.4295, 525.943, 164.356, 919.407, 45.5286, 0.1592, -173.002, 0.225759, 158.296, 0.418141, -30.7235
2679, 44.64167, 125.179, -35.3864, 525.251, 164.329, 917.845, 45.5105, 0.158731, -173.021, 0.225343, 158.399, 0.416834, -30.7157
2679, 44.65000, 125.092, -35.3434, 524.56, 164.303, 916.288, 45.4925, 0.158263, -173.04, 0.22493, 158.502, 0.415531, -30.7078
2680, 44.65833, 125.005, -35.3003, 523.871, 164.276, 914.736, 45.4746, 0.157797, -173.059, 0.224518, 158.605, 0.414232, -30.6997
2680, 44.66667, 124.919, -35.2573, 523.183, 164.249, 913.188, 45.4568, 0.157332, -173.079, 0.224109, 158.709, 0.412938, -30.6914
2681, 44.67500, 124.832, -35.2143, 522.497, 164.223, 911.645, 45.439, 0.156868, -173.098, 0.223702, 158.812, 0.411648, -30.683
2681, 44.68333, 124.747, -35.1712, 521.813, 164.197, 910.107, 45.4213, 0.156405, -173.118, 0.223297, 158.916, 0.410363, -30.6743
2682, 44.69167, 124.661, -35.1282, 521.13, 164.17, 908.574, 45.4037, 0.155944, -173.138, 0.222895, 159.02, 0.409082, -30.6655
2682, 44.70000, 124.575, -35.0852, 520.449, 164.144, 907.045, 45.3861, 0.155484, -173.158, 0.222494, 159.124, 0.407805, -30.6565
2683, 44.70833, 124.49, -35.0421, 519.769, 164.118, 905.521, 45.3687, 0.155025, -173.178, 0.222096, 159.228, 0.406533, -30.6473
2683, 44.71667, 124.405, -34.9991, 519.091, 164.092, 904.001, 45.3513, 0.154567, -173.198, 0.2217, 159.332, 0.405265, -30.6379
2684, 44.72500, 124.321, -34.956, 518.414, 164.066, 902.487, 45.334, 0.15411, -173.218, 0.221306, 159.437, 0.404001, -30.6283
2684, 44.73333, 124.236, -34.913, 517.739, 164.04, 900.976, 45.3167, 0.153655, -173.238, 0.220914, 159.541, 0.402742, -30.6186
2685, 44.74167, 124.152, -34.87, 517.066, 164.014, 899.47, 45.2996, 0.1532, -173.259, 0.220524, 159.646, 0.401486, -30.6087
2685, 44.75000, 124.068, -34.8269, 516.394, 163.988, 897.969, 45.2825, 0.152747, -173.279, 0.220137, 159.751, 0.400235, -30.5985
2686, 44.75833, 123.984, -34.7839, 515.723, 163.962, 896.473, 45.2655, 0.152295, -173.3, 0.219751, 159.856, 0.398988, -30.5883
2686, 44.76667, 123.901, -34.7408, 515.054, 163.936, 894.98, 45.2485, 0.151845, -173.321, 0.219368, 159.961, 0.397746, -30.5778
2687, 44.77500, 123.817, -34.6978, 514.386, 163.911, 893.493, 45.2317, 0.151395, -173.342, 0.218986, 160.066, 0.396507, -30.5671
2687, 44.78333, 123.734, -34.6548, 513.72, 163.885, 892.01, 45.2149, 0.150946, -173.363, 0.218607, 160.171, 0.395273, -30.5563
2688, 44.79167, 123.651, -34.6117, 513.056, 163.859, 890.531, 45.1981, 0.150499, -173.384, 0.21823, 160.277, 0.394043, -30.5453
2688, 44.80000, 123.569, -34.5687, 512.393, 163.834, 889.057, 45.1815, 0.150053, -173.405, 0.217854, 160.382, 0.392817, -30.5341
2689, 44.80833, 123.487, -34.5256, 511.731, 163.808, 887.587, 45.1649, 0.149608, -173.426, 0.217481, 160.488, 0.391595, -30.5227
2689, 44.81667, 123.404, -34.4826, 511.071, 163.783, 886.121, 45.1484, 0.149164, -173.448, 0.21711, 160.594, 0.390377, -30.5111
2689, 44.82500, 123.323, -34.4395, 510.412, 163.757, 884.66, 45.1319, 0.148721, -173.469, 0.216741, 160.7, 0.389163, -30.4993
2690, 44.83333, 123.241, -34.3965, 509.755, 163.732, 883.203, 45.1156, 0.148279, -173.491, 0.216374, 160.806, 0.387954, -30.4874
2691, 44.84167, 123.16, -34.3534, 509.099, 163.707, 881.751, 45.0993, 0.147838, -173.513, 0.216009, 160.912, 0.386748, -30.4753
2691, 44.85000, 123.078, -34.3104, 508.445, 163.681, 880.303, 45.0831, 0.147399, -173.535, 0.215646, 161.018, 0.385547, -30.463
2692, 44.85833, 122.997, -34.2673, 507.792, 163.656, 878.859, 45.0669, 0.14696, -173.557, 0.215285, 161.124, 0.384349, -30.4505
2692, 44.86667, 122.917, -34.2243, 507.141, 163.631, 877.419, 45.0508, 0.146523, -173.579, 0.214926, 161.231, 0.383155, -30.4378
2693, 44.87500, 122.836, -34.1812, 506.491, 163.606, 875.984, 45.0348, 0.146087, -173.601, 0.214569, 161.337, 0.381966, -30.425
2693, 44.88333, 122.756, -34.1382, 505.842, 163.581, 874.553, 45.0188, 0.145651, -173.623, 0.214214, 161.444, 0.38078, -30.4119
2693, 44.89167, 122.676, -34.0951, 505.195, 163.556, 873.126, 45.003, 0.145217, -173.646, 0.21386, 161.551, 0.379598, -30.3987
2694, 44.90000, 122.596, -34.0521, 504.549, 163.531, 871.703, 44.9871, 0.144784, -173.669, 0.213509, 161.658, 0.378421, -30.3853
2695, 44.90833, 122.517, -34.009, 503.905, 163.506, 870.285, 44.9714, 0.144352, -173.691, 0.21316, 161.765, 0.377247, -30.3717
2695, 44.91667, 122.437, -33.966, 503.262, 163.481, 868.871, 44.9557, 0.143921, -173.714, 0.212813, 161.872, 0.376077, -30.3579
2696, 44.92500, 122.358, -33.9229, 502.621, 163.456, 867.461, 44.9401, 0.143492, -173.737, 0.212467, 161.979, 0.374911, -30.344
2696, 44.93333, 122.279, -33.8798, 501.981, 163.432, 866.055, 44.9246, 0.143063, -173.76, 0.212124, 162.086, 0.373749, -30.3298
2697, 44.94167, 122.201, -33.8368, 501.342, 163.407, 864.653, 44.9091, 0.142635, -173.784, 0.211782, 162.194, 0.372591, -30.3155
2697, 44.95000, 122.122, -33.7937, 500.705, 163.382, 863.255, 44.8937, 0.142208, -173.807, 0.211442, 162.301, 0.371436, -30.301
2697, 44.95833, 122.044, -33.7507, 500.069, 163.358, 861.861, 44.8783, 0.141783, -173.83, 0.211104, 162.409, 0.370286, -30.2863
2698, 44.96667, 121.966, -33.7076, 499.435, 163.333, 860.472, 44.8631, 0.141358, -173.854, 0.210769, 162.516, 0.369139, -30.2714
2699, 44.97500, 121.888, -33.6645, 498.802, 163.309, 859.086, 44.8479, 0.140935, -173.878, 0.210434, 162.624, 0.367996, -30.2563
2699, 44.98333, 121.811, -33.6214, 498.17, 163.284, 857.705, 44.8327, 0.140512, -173.902, 0.210102, 162.732, 0.366857, -30.2411
2700, 44.99167, 121.733, -33.5784, 497.54, 163.26, 856.327, 44.8176, 0.14009, -173.926, 0.209772, 162.84, 0.365721, -30.2256
2700, 45.00000, 121.656, -33.5353, 496.911, 163.235, 854.954, 44.8026, 0.13967, -173.95, 0.209443, 162.948, 0.36459, -30.21
2701, 45.00833, 121.579, -33.4922, 496.283, 163.211, 853.585, 44.7877, 0.139251, -173.974, 0.209117, 163.056, 0.363462, -30.1942
2701, 45.01667, 121.503, -33.4491, 495.657, 163.187, 852.219, 44.7728, 0.138832, -173.998, 0.208792, 163.164, 0.362338, -30.1782
2701, 45.02500, 121.426, -33.4061, 495.032, 163.163, 850.857, 44.758, 0.138415, -174.023, 0.208469, 163.272, 0.361217, -30.162
2702, 45.03333, 121.35, -33.363, 494.408, 163.139, 849.5, 44.7432, 0.137998, -174.047, 0.208148, 163.381, 0.3601, -30.1456
2703, 45.04167, 121.274, -33.3199, 493.786, 163.114, 848.146, 44.7285, 0.137583, -174.072, 0.207828, 163.489, 0.358987, -30.129
2703, 45.05000, 121.198, -33.2768, 493.165, 163.09, 846.796, 44.7139, 0.137168, -174.097, 0.207511, 163.598, 0.357878, -30.1123
2704, 45.05833, 121.122, -33.2337, 492.546, 163.066, 845.451, 44.6993, 0.136755, -174.122, 0.207195, 163.706, 0.356772, -30.0954
2704, 45.06667, 121.047, -33.1906, 491.927, 163.042, 844.108, 44.6848, 0.136342, -174.147, 0.206881, 163.815, 0.35567, -30.0782
2705, 45.07500, 120.972, -33.1475, 491.311, 163.018, 842.77, 44.6704, 0.135931, -174.173, 0.206569, 163.924, 0.354571, -30.0609
2705, 45.08333, 120.897, -33.1044, 490.695, 162.995, 841.436, 44.656, 0.13552, -174.198, 0.206259, 164.032, 0.353477, -30.0434
2705, 45.09167, 120.822, -33.0613, 490.081, 162.971, 840.106, 44.6417, 0.13511, -174.223, 0.20595, 164.141, 0.352385, -30.0257
2706, 45.10000, 120.748, -33.0182, 489.468, 162.947, 838.779, 44.6274, 0.134702, -174.249, 0.205643, 164.25, 0.351298, -30.0079
2707, 45.10833, 120.673, -32.9751, 488.856, 162.923, 837.456, 44.6132, 0.134294, -174.275, 0.205338, 164.359, 0.350214, -29.9898
2707, 45.11667, 120.599, -32.932, 488.246, 162.899, 836.137, 44.5991, 0.133887, -174.301, 0.205034, 164.468, 0.349133, -29.9716
2708, 45.12500, 120.525, -32.8889, 487.637, 162.876, 834.822, 44.585, 0.133482, -174.327, 0.204733, 164.578, 0.348056, -29.9531
2708, 45.13333, 120.452, -32.8458, 487.029, 162.852, 833.51, 44.571, 0.133077, -174.353, 0.204433, 164.687, 0.346983, -29.9345
2709, 45.14167, 120.378, -32.8027, 486.423, 162.829, 832.202, 44.557, 0.132673, -174.38, 0.204134, 164.796, 0.345913, -29.9157
2709, 45.15000, 120.305, -32.7596, 485.817, 162.805, 830.898, 44.5432, 0.13227, -174.406, 0.203838, 164.905, 0.344846, -29.8967
2709, 45.15833, 120.232, -32.7165, 485.214, 162.781, 829.598, 44.5293, 0.131868, -174.433, 0.203543, 165.015, 0.343783, -29.8775
2710, 45.16667, 120.159, -32.6734, 484.611, 162.758, 828.301, 44.5156, 0.131467, -174.46, 0.20325, 165.124, 0.342724, -29.8581
2711, 45.17500, 120.086, -32.6302, 484.01, 162.735, 827.008, 44.5018, 0.131067, -174.486, 0.202958, 165.234, 0.341668, -29.8385
2711, 45.18333, 120.014, -32.5871, 483.409, 162.711, 825.719, 44.4882, 0.130668, -174.514, 0.202668, 165.343, 0.340615, -29.8188
2712, 45.19167, 119.941, -32.544, 482.811, 162.688, 824.433, 44.4746, 0.13027, -174.541, 0.20238, 165.453, 0.339566, -29.7988
2712, 45.20000, 119.869, -32.5009, 482.213, 162.665, 823.151, 44.4611, 0.129872, -174.568, 0.202094, 165.563, 0.338521, -29.7787
2713, 45.20833, 119.798, -32.4577, 481.617, 162.641, 821.872, 44.4476, 0.129476, -174.596, 0.201809, 165.672, 0.337479, -29.7583
2713, 45.21667, 119.726, -32.4146, 481.022, 162.618, 820.597, 44.4342, 0.12908, -174.623, 0.201526, 165.782, 0.33644, -29.7378
2713, 45.22500, 119.654, -32.3714, 480.428, 162.595, 819.326, 44.4208, 0.128686, -174.651, 0.201244, 165.892, 0.335404, -29.7171
2714, 45.23333, 119.583, -32.3283, 479.835, 162.572, 818.058, 44.4075, 0.128292, -174.679, 0.200964, 166.002, 0.334372, -29.6962
2715, 45.24167, 119.512, -32.2852, 479.244, 162.549, 816.794, 44.3943, 0.127899, -174.707, 0.200686, 166.112, 0.333344, -29.6751
2715, 45.25000, 119.441, -32.242, 478.654, 162.526, 815.534, 44.3811, 0.127507, -174.735, 0.200409, 166.222, 0.332318, -29.6538
2716, 45.25833, 119.371, -32.1989, 478.065, 162.503, 814.277, 44.3679, 0.127116, -174.764, 0.200134, 166.332, 0.331296, -29.6323
2716, 45.26667, 119.3, -32.1557, 477.477, 162.48, 813.023, 44.3549, 0.126726, -174.792, 0.199861, 166.442, 0.330278, -29.6107
2717, 45.27500, 119.23, -32.1125, 476.891, 162.457, 811.773, 44.3418, 0.126337, -174.821, 0.199589, 166.552, 0.329262, -29.5888
2717, 45.28333, 119.16, -32.0694, 476.305, 162.434, 810.526, 44.3289, 0.125949, -174.85, 0.199318, 166.662, 0.32825, -29.5667
2717, 45.29167, 119.09, -32.0262, 475.721, 162.411, 809.283, 44.316, 0.125561, -174.879, 0.19905, 166.772, 0.327242, -29.5445
2718, 45.30000, 119.021, -31.9831, 475.139, 162.388, 808.044, 44.3031, 0.125174, -174.908, 0.198783, 166.882, 0.326236, -29.522
2719, 45.30833, 118.951, -31.9399, 474.557, 162.365, 806.807, 44.2903, 0.124789, -174.937, 0.198517, 166.993, 0.325234, -29.4994
2719, 45.31667, 118.882, -31.8967, 473.977, 162.343, 805.575, 44.2776, 0.124404, -174.966, 0.198253, 167.103, 0.324235, -29.4766
2720, 45.32500, 118.813, -31.8535, 473.397, 162.32, 804.345, 44.2649, 0.12402, -174.996, 0.197991, 167.213, 0.32324, -29.4536
2720, 45.33333, 118.744, -31.8104, 472.819, 162.297, 803.119, 44.2523, 0.123637, -175.026, 0.19773, 167.324, 0.322247, -29.4304
2721, 45.34167, 118.675, -31.7672, 472.242, 162.275, 801.897, 44.2397, 0.123255, -175.055, 0.19747, 167.434, 0.321258, -29.4069
2721, 45.35000, 118.607, -31.724, 471.667, 162.252, 800.678, 44.2272, 0.122873, -175.085, 0.197212, 167.544, 0.320272, -29.3833
2721, 45.35833, 118.539, -31.6808, 471.092, 162.23, 799.462, 44.2147, 0.122493, -175.116, 0.196956, 167.655, 0.319289, -29.3595
2722, 45.36667, 118.47, -31.6376, 470.519, 162.207, 798.249, 44.2023, 0.122113, -175.146, 0.196701, 167.765, 0.31831, -29.3355
2723, 45.37500, 118.403, -31.5944, 469.947, 162.185, 797.04, 44.19, 0.121734, -175.176, 0.196448, 167.876, 0.317333, -29.3114
2723, 45.38333, 118.335, -31.5512, 469.376, 162.162, 795.835, 44.1777, 0.121356, -175.207, 0.196196, 167.986, 0.31636, -29.287
2724, 45.39167, 118.267, -31.508, 468.806, 162.14, 794.632, 44.1654, 0.120979, -175.238, 0.195946, 168.097, 0.31539, -29.2624
2724, 45.40000, 118.2, -31.4648, 468.237, 162.117, 793.433, 44.1532, 0.120602, -175.269, 0.195697, 168.208, 0.314423, -29.2376
2725, 45.40833, 118.133, -31.4216, 467.67, 162.095, 792.237, 44.1411, 0.120227, -175.3, 0.19545, 168.318, 0.31346, -29.2127
2725, 45.41667, 118.066, -31.3783, 467.103, 162.073, 791.045, 44.129, 0.119852, -175.331, 0.195204, 168.429, 0.312499, -29.1875
2725, 45.42500, 117.999, -31.3351, 466.538, 162.051, 789.855, 44.1169, 0.119478, -175.363, 0.194959, 168.539, 0.311541, -29.1621
2726, 45.43333, 117.933, -31.2919, 465.974, 162.028, 788.669, 44.1049, 0.119105, -175.394, 0.194716, 168.65, 0.310587, -29.1366
2727, 45.44167, 117.866, -31.2487, 465.411, 162.006, 787.486, 44.093, 0.118733, -175.426, 0.194475, 168.761, 0.309636, -29.1108
2727, 45.45000, 117.8, -31.2054, 464.849, 161.984, 786.307, 44.0811, 0.118362, -175.458, 0.194235, 168.872, 0.308687, -29.0849
2728, 45.45833, 117.734, -31.1622, 464.288, 161.962, 785.13, 44.0693, 0.117991, -175.49, 0.193996, 168.982, 0.307742, -29.0587
2728, 45.46667, 117.669, -31.1189, 463.729, 161.94, 783.957, 44.0575, 0.117621, -175.522, 0.193759, 169.093, 0.3068, -29.0324
2729, 45.47500, 117.603, -31.0757, 463.17, 161.918, 782.787, 44.0458, 0.117252, -175.555, 0.193523, 169.204, 0.305861, -29.0058
2729, 45.48333, 117.538, -31.0325, 462.613, 161.896, 781.621, 44.0341, 0.116884, -175.587, 0.193289, 169.315, 0.304925, -28.9791
2729, 45.49167, 117.472, -30.9892, 462.057, 161.874, 780.457, 44.0225, 0.116517, -175.62, 0.193056, 169.425, 0.303992, -28.9521
2730, 45.50000, 117.407, -30.9459, 461.501, 161.852, 779.296, 44.0109, 0.11615, -175.653, 0.192825, 169.536, 0.303062, -28.925
2731, 45.50833, 117.342, -30.9027, 460.947, 161.83, 778.139, 43.9994, 0.115784, -175.686, 0.192595, 169.647, 0.302135, -28.8977
2731, 45.51667, 117.278, -30.8594, 460.394, 161.808, 776.985, 43.9879, 0.115419, -175.719, 0.192366, 169.758, 0.301211, -28.8701
2732, 45.52500, 117.213, -30.8161, 459.843, 161.786, 775.834, 43.9765, 0.115055, -175.753, 0.192139, 169.869, 0.30029, -28.8424
2732, 45.53333, 117.149, -30.7729, 459.292, 161.764, 774.686, 43.9651, 0.114692, -175.786, 0.191913, 169.979, 0.299372, -28.8144
2733, 45.54167, 117.085, -30.7296, 458.742, 161.743, 773.541, 43.9538, 0.114329, -175.82, 0.191688, 170.09, 0.298457, -28.7863
2733, 45.55000, 117.021, -30.6863, 458.194, 161.721, 772.399, 43.9425, 0.113967, -175.854, 0.191465, 170.201, 0.297545, -28.758
2733, 45.55833, 116.957, -30.643, 457.646, 161.699, 771.26, 43.9313, 0.113606, -175.888, 0.191243, 170.312, 0.296636, -28.7294
2734, 45.56667, 116.894, -30.5997, 457.1, 161.677, 770.125, 43.9201, 0.113246, -175.922, 0.191023, 170.423, 0.29573, -28.7007
2735, 45.57500, 116.83, -30.5564, 456.555, 161.656, 768.992, 43.909, 0.112886, -175.957, 0.190804, 170.534, 0.294827, -28.6718
2735, 45.58333, 116.767, -30.5131, 456.01, 161.634, 767.862, 43.8979, 0.112528, -175.991, 0.190586, 170.644, 0.293926, -28.6426
2736, 45.59167, 116.704, -30.4698, 455.467, 161.612, 766.736, 43.8868, 0.112169, -176.026, 0.190369, 170.755, 0.293029, -28.6133
2736, 45.60000, 116.641, -30.4265, 454.925, 161.591, 765.612, 43.8759, 0.111812, -176.061, 0.190154, 170.866, 0.292134, -28.5837
2737, 45.60833, 116.579, -30.3832, 454.384, 161.569, 764.492, 43.8649, 0.111456, -176.096, 0.189941, 170.977, 0.291243, -28.554
2737, 45.61667, 116.516, -30.3399, 453.844, 161.548, 763.374, 43.854, 0.1111, -176.132, 0.189728, 171.088, 0.290354, -28.524
2737, 45.62500, 116.454, -30.2965, 453.305, 161.526, 762.259, 43.8432, 0.110745, -176.167, 0.189517, 171.199, 0.289468, -28.4939
2738, 45.63333, 116.392, -30.2532, 452.767, 161.505, 761.148, 43.8324, 0.110391, -176.203, 0.189307, 171.309, 0.288585, -28.4635
2739, 45.64167, 116.33, -30.2099, 452.23, 161.484, 760.039, 43.8216, 0.110037, -176.239, 0.189099, 171.42, 0.287705, -28.433
2739, 45.65000, 116.268, -30.1665, 451.694, 161.462, 758.933, 43.8109, 0.109685, -176.275, 0.188891, 171.531, 0.286827, -28.4022
2740, 45.65833, 116.207, -30.1232, 451.16, 161.441, 757.831, 43.8003, 0.109333, -176.311, 0.188685, 171.642, 0.285953, -28.3713
2740, 45.66667, 116.145, -30.0798, 450.626, 161.419, 756.731, 43.7897, 0.108982, -176.347, 0.188481, 171.753, 0.285081, -28.3401
2741, 45.67500, 116.084, -30.0365, 450.093, 161.398, 755.634, 43.7791, 0.108631, -176.384, 0.188277, 171.863, 0.284212, -28.3087
2741, 45.68333, 116.023, -29.9931, 449.562, 161.377, 754.54, 43.7686, 0.108281, -176.421, 0.188075, 171.974, 0.283346, -28.2771
2741, 45.69167, 115.962, -29.9498, 449.031, 161.356, 753.449, 43.7581, 0.107932, -176.458, 0.187874, 172.085, 0.282483, -28.2454
2742, 45.70000, 115.901, -29.9064, 448.501, 161.334, 752.36, 43.7477, 0.107584, -176.495, 0.187675, 172.196, 0.281622, -28.2134
2743, 45.70833, 115.841, -29.863, 447.973, 161.313, 751.275, 43.7373, 0.107237, -176.532, 0.187477, 172.306, 0.280765, -28.1812
2743, 45.71667, 115.781, -29.8196, 447.445, 161.292, 750.192, 43.727, 0.10689, -176.57, 0.18728, 172.417, 0.27991, -28.1488
2744, 45.72500, 115.72, -29.7762, 446.918, 161.271, 749.113, 43.7167, 0.106544, -176.607, 0.187084, 172.528, 0.279058, -28.1162
2744, 45.73333, 115.66, -29.7329, 446.393, 161.25, 748.036, 43.7064, 0.106198, -176.645, 0.186889, 172.638, 0.278208, -28.0834
2745, 45.74167, 115.601, -29.6895, 445.868, 161.229, 746.962, 43.6962, 0.105854, -176.683, 0.186696, 172.749, 0.277361, -28.0504
2745, 45.75000, 115.541, -29.6461, 445.345, 161.208, 745.891, 43.6861, 0.10551, -176.722, 0.186504, 172.86, 0.276517, -28.0171
2745, 45.75833, 115.482, -29.6026, 444.822, 161.187, 744.822, 43.676, 0.105167, -176.76, 0.186313, 172.97, 0.275676, -27.9837
2746, 45.76667, 115.422, -29.5592, 444.3, 161.166, 743.756, 43.6659, 0.104824, -176.799, 0.186123, 173.081, 0.274838, -27.9501
2747, 45.77500, 115.363, -29.5158, 443.78, 161.145, 742.694, 43.6559, 0.104482, -176.838, 0.185934, 173.191, 0.274002, -27.9162
2747, 45.78333, 115.304, -29.4724, 443.26, 161.124, 741.634, 43.6459, 0.104141, -176.877, 0.185747, 173.302, 0.273169, -27.8822
2748, 45.79167, 115.245, -29.429, 442.742, 161.103, 740.576, 43.636, 0.103801, -176.916, 0.185561, 173.412, 0.272338, -27.8479
2748, 45.80000, 115.187, -29.3855, 442.224, 161.082, 739.522, 43.6261, 0.103461, -176.955, 0.185376, 173.523, 0.27151, -27.8135
2749, 45.80833, 115.128, -29.3421, 441.707, 161.061, 738.47, 43.6162, 0.103122, -176.995, 0.185193, 173.633, 0.270685, -27.7788
2749, 45.81667, 115.07, -29.2986, 441.192, 161.04, 737.421, 43.6064, 0.102784, -177.035, 0.18501, 173.744, 0.269863, -27.7439
2749, 45.82500, 115.012, -29.2552, 440.677, 161.02, 736.375, 43.5967, 0.102447, -177.075, 0.184829, 173.854, 0.269043, -27.7088
2750, 45.83333, 114.954, -29.2117, 440.163, 160.999, 735.331, 43.5869, 0.10211, -177.115, 0.184648, 173.965, 0.268226, -27.6735
2751, 45.84167, 114.897, -29.1683, 439.65, 160.978, 734.29, 43.5773, 0.101774, -177.156, 0.184469, 174.075, 0.267411, -27.638
2751, 45.85000, 114.839, -29.1248, 439.138, 160.957, 733.252, 43.5676, 0.101438, -177.196, 0.184292, 174.185, 0.266599, -27.6023
2752, 45.85833, 114.782, -29.0813, 438.628, 160.937, 732.216, 43.558, 0.101103, -177.237, 0.184115, 174.296, 0.26579, -27.5664
2752, 45.86667, 114.724, -29.0379, 438.118, 160.916, 731.183, 43.5485, 0.100769, -177.278, 0.183939, 174.406, 0.264983, -27.5302
2753, 45.87500, 114.667, -28.9944, 437.609, 160.895, 730.153, 43.539, 0.100436, -177.319, 0.183765, 174.516, 0.264179, -27.4939
2753, 45.88333, 114.61, -28.9509, 437.101, 160.875, 729.126, 43.5295, 0.100103, -177.361, 0.183592, 174.626, 0.263378, -27.4573
2753, 45.89167, 114.554, -28.9074, 436.593, 160.854, 728.101, 43.5201, 0.099771, -177.403, 0.183419, 174.736, 0.262579, -27.4205
2754, 45.90000, 114.497, -28.8639, 436.087, 160.834, 727.078, 43.5107, 0.0994397, -177.444, 0.183248, 174.847, 0.261783, -27.3835
2755, 45.90833, 114.441, -28.8204, 435.582, 160.813, 726.059, 43.5014, 0.099109, -177.487, 0.183079, 174.957, 0.260989, -27.3463
2755, 45.91667, 114.385, -28.7769, 435.078, 160.793, 725.042, 43.4921, 0.0987789, -177.529, 0.18291, 175.067, 0.260198, -27.3089
2756, 45.92500, 114.329, -28.7333, 434.574, 160.772, 724.027, 43.4828, 0.0984496, -177.571, 0.182742, 175.177, 0.259409, -27.2713
2756, 45.93333, 114.273, -28.6898, 434.072, 160.752, 723.016, 43.4736, 0.098121, -177.614, 0.182576, 175.287, 0.258623, -27.2335
2757, 45.94167, 114.217, -28.6463, 433.57, 160.731, 722.006, 43.4644, 0.097793, -177.657, 0.18241, 175.397, 0.257839, -27.1954
2757, 45.95000, 114.161, -28.6027, 433.07, 160.711, 721, 43.4552, 0.0974656, -177.7, 0.182246, 175.507, 0.257058, -27.1572
2758, 45.95833, 114.106, -28.5592, 432.57, 160.69, 719.996, 43.4461, 0.097139, -177.744, 0.182083, 175.616, 0.25628, -27.1187
2758, 45.96667, 114.051, -28.5156, 432.071, 160.67, 718.994, 43.4371, 0.096813, -177.787, 0.18192, 175.726, 0.255504, -27.08
2759, 45.97500, 113.996, -28.4721, 431.574, 160.65, 717.995, 43.4281, 0.0964877, -177.831, 0.181759, 175.836, 0.25473, -27.0411
2759, 45.98333, 113.941, -28.4285, 431.077, 160.629, 716.999, 43.4191, 0.096163, -177.875, 0.181599, 175.946, 0.253959, -27.002
2760, 45.99167, 113.886, -28.385, 430.581, 160.609, 716.005, 43.4101, 0.095839, -177.919, 0.18144, 176.055, 0.253191, -26.9626
2760, 46.00000, 113.832, -28.3414, 430.085, 160.589, 715.014, 43.4012, 0.0955156, -177.964, 0.181283, 176.165, 0.252425, -26.9231
2761, 46.00833, 113.777, -28.2978, 429.591, 160.569, 714.025, 43.3924, 0.0951929, -178.008, 0.181126, 176.275, 0.251661, -26.8833
2761, 46.01667, 113.723, -28.2542, 429.098, 160.548, 713.038, 43.3835, 0.0948709, -178.053, 0.18097, 176.384, 0.2509, -26.8434
2762, 46.02500, 113.669, -28.2106, 428.605, 160.528, 712.055, 43.3747, 0.0945495, -178.098, 0.180815, 176.494, 0.250141, -26.8032
2762, 46.03333, 113.615, -28.167, 428.114, 160.508, 711.073, 43.366, 0.0942288, -178.144, 0.180662, 176.603, 0.249385, -26.7628
2763, 46.04167, 113.562, -28.1234, 427.623, 160.488, 710.094, 43.3573, 0.0939086, -178.189, 0.180509, 176.713, 0.248631, -26.7221
2763, 46.05000, 113.508, -28.0798, 427.133, 160.468, 709.118, 43.3486, 0.0935892, -178.235, 0.180358, 176.822, 0.24788, -26.6813
2764, 46.05833, 113.455, -28.0362, 426.644, 160.447, 708.144, 43.34, 0.0932704, -178.281, 0.180207, 176.931, 0.247131, -26.6402
2764, 46.06667, 113.401, -27.9925, 426.156, 160.427, 707.172, 43.3314, 0.0929522, -178.327, 0.180057, 177.041, 0.246385, -26.5989
2765, 46.07500, 113.348, -27.9489, 425.669, 160.407, 706.203, 43.3228, 0.0926347, -178.374, 0.179909, 177.15, 0.245641, -26.5575
2765, 46.08333, 113.295, -27.9053, 425.183, 160.387, 705.237, 43.3143, 0.0923178, -178.421, 0.179762, 177.259, 0.244899, -26.5157
2766, 46.09167, 113.243, -27.8616, 424.698, 160.367, 704.273, 43.3058, 0.0920016, -178.468, 0.179615, 177.368, 0.24416, -26.4738
2766, 46.10000, 113.19, -27.818, 424.213, 160.347, 703.311, 43.2974, 0.091686, -178.515, 0.17947, 177.477, 0.243423, -26.4317
2767, 46.10833, 113.138, -27.7743, 423.729, 160.327, 702.352, 43.2889, 0.091371, -178.562, 0.179325, 177.586, 0.242688, -26.3893
2767, 46.11667, 113.085, -27.7306, 423.246, 160.307, 701.395, 43.2806, 0.0910566, -178.61, 0.179182, 177.695, 0.241956, -26.3467
2768, 46.12500, 113.033, -27.687, 422.764, 160.287, 700.44, 43.2722, 0.090743, -178.658, 0.17904, 177.804, 0.241226, -26.3039
2768, 46.13333, 112.981, -27.6433, 422.283, 160.267, 699.488, 43.2639, 0.0904299, -178.706, 0.178898, 177.913, 0.240499, -26.2609
2769, 46.14167, 112.93, -27.5996, 421.803, 160.247, 698.538, 43.2557, 0.0901174, -178.755, 0.178758, 178.022, 0.239774, -26.2176
2769, 46.15000, 112.878, -27.5559, 421.324, 160.227, 697.591, 43.2474, 0.0898056, -178.803, 0.178618, 178.131, 0.239051, -26.1742
2770, 46.15833, 112.827, -27.5122, 420.845, 160.208, 696.646, 43.2392, 0.0894944, -178.852, 0.17848, 178.239, 0.238331, -26.1305
2770, 46.16667, 112.775, -27.4685, 420.367, 160.188, 695.703, 43.2311, 0.0891838, -178.901, 0.178342, 178.348, 0.237613, -26.0866
2771, 46.17500, 112.724, -27.4248, 419.89, 160.168, 694.763, 43.2229, 0.0888739, -178.951, 0.178206, 178.457, 0.236897, -26.0425
2771, 46.18333, 112.673, -27.3811, 419.414, 160.148, 693.825, 43.2149, 0.0885646, -179, 0.17807, 178.565, 0.236184, -25.9981
2772, 46.19167, 112.622, -27.3373, 418.939, 160.128, 692.889, 43.2068, 0.0882558, -179.05, 0.177936, 178.674, 0.235473, -25.9536
2772, 46.20000, 112.572, -27.2936, 418.465, 160.109, 691.956, 43.1988, 0.0879478, -179.1, 0.177802, 178.782, 0.234764, -25.9088
2773, 46.20833, 112.521, -27.2499, 417.991, 160.089, 691.025, 43.1908, 0.0876403, -179.151, 0.17767, 178.89, 0.234057, -25.8638
2773, 46.21667, 112.471, -27.2061, 417.518, 160.069, 690.096, 43.1829, 0.0873334, -179.201, 0.177538, 178.999, 0.233353, -25.8185
2774, 46.22500, 112.421, -27.1624, 417.046, 160.049, 689.169, 43.1749, 0.0870272, -179.252, 0.177407, 179.107, 0.232651, -25.7731
2774, 46.23333, 112.371, -27.1186, 416.575, 160.03, 688.245, 43.1671, 0.0867216, -179.303, 0.177277, 179.215, 0.231952, -25.7274
2775, 46.24167, 112.321, -27.0748, 416.105, 160.01, 687.323, 43.1592, 0.0864165, -179.355, 0.177148, 179.323, 0.231254, -25.6815
2775, 46.25000, 112.271, -27.0311, 415.635, 159.99, 686.404, 43.1514, 0.0861122, -179.406, 0.177021, 179.431, 0.230559, -25.6354
2776, 46.25833, 112.222, -26.9873, 415.167, 159.971, 685.486, 43.1436, 0.0858084, -179.458, 0.176894, 179.539, 0.229866, -25.589
2776, 46.26667, 112.172, -26.9435, 414.699, 159.951, 684.571, 43.1359, 0.0855052, -179.51, 0.176767, 179.647, 0.229176, -25.5425
2777, 46.27500, 112.123, -26.8997, 414.232, 159.931, 683.658, 43.1282, 0.0852026, -179.563, 0.176642, 179.755, 0.228487, -25.4957
2777, 46.28333, 112.074, -26.8559, 413.766, 159.912, 682.748, 43.1205, 0.0849006, -179.615, 0.176518, 179.863, 0.227801, -25.4487
2778, 46.29167, 112.025, -26.8121, 413.3, 159.892, 681.839, 43.1129, 0.0845992, -179.668, 0.176395, 179.97, 0.227117, -25.4014
2778, 46.30000, 111.976, -26.7682, 412.835, 159.873, 680.933, 43.1053, 0.0842985, -179.722, 0.176272, -179.922, 0.226436, -25.354
2779, 46.30833, 111.928, -26.7244, 412.372, 159.853, 680.029, 43.0977, 0.0839983, -179.775, 0.176151, -179.815, 0.225756, -25.3063
2779, 46.31667, 111.879, -26.6806, 411.908, 159.834, 679.127, 43.0901, 0.0836987, -179.829, 0.17603, -179.707, 0.225079, -25.2583
2780, 46.32500, 111.831, -26.6367, 411.446, 159.814, 678.228, 43.0826, 0.0833998, -179.883, 0.175911, -179.6, 0.224404, -25.2102
2780, 46.33333, 111.783, -26.5929, 410.985, 159.795, 677.33, 43.0751, 0.0831014, -179.937, 0.175792, -179.492, 0.223731, -25.1618
2781, 46.34167, 111.735, -26.549, 410.524, 159.775, 676.435, 43.0677, 0.0828036, -179.992, 0.175674, -179.385, 0.22306, -25.1132
2781, 46.35000, 111.687, -26.5052, 410.064, 159.756, 675.542, 43.0603, 0.0825065, 179.953, 0.175557, -179.278, 0.222392, -25.0644
2782, 46.35833, 111.639, -26.4613, 409.605, 159.736, 674.651, 43.0529, 0.0822099, 179.898, 0.175441, -179.171, 0.221726, -25.0154
2782, 46.36667, 111.592, -26.4174, 409.146, 159.717, 673.763, 43.0456, 0.0819139, 179.843, 0.175326, -179.064, 0.221061, -24.9661
2783, 46.37500, 111.544, -26.3735, 408.689, 159.698, 672.876, 43.0382, 0.0816185, 179.787, 0.175211, -178.956, 0.220399, -24.9166
2783, 46.38333, 111.497, -26.3296, 408.232, 159.678, 671.992, 43.0309, 0.0813237, 179.731, 0.175098, -178.85, 0.21974, -24.8669
2784, 46.39167, 111.45, -26.2857, 407.776, 159.659, 671.11, 43.0237, 0.0810295, 179.675, 0.174985, -178.743, 0.219082, -24.8169
2784, 46.40000, 111.403, -26.2418, 407.32, 159.64, 670.229, 43.0165, 0.0807359, 179.618, 0.174873, -178.636, 0.218426, -24.7668
2785, 46.40833, 111.357, -26.1979, 406.866, 159.62, 669.352, 43.0093, 0.0804428, 179.561, 0.174763, -178.529, 0.217773, -24.7164
2785, 46.41667, 111.31, -26.154, 406.412, 159.601, 668.476, 43.0021, 0.0801504, 179.504, 0.174653, -178.423, 0.217122, -24.6657
2786, 46.42500, 111.264, -26.1101, 405.959, 159.582, 667.602, 42.995, 0.0798585, 179.447, 0.174543, -178.316, 0.216473, -24.6149
2786, 46.43333, 111.217, -26.0661, 405.507, 159.562, 666.73, 42.9879, 0.0795673, 179.389, 0.174435, -178.209, 0.215826, -24.5638
2787, 46.44167, 111.171, -26.0222, 405.055, 159.543, 665.861, 42.9808, 0.0792766, 179.331, 0.174328, -178.103, 0.215181, -24.5124
2787, 46.45000, 111.125, -25.9782, 404.604, 159.524, 664.993, 42.9738, 0.0789865, 179.272, 0.174221, -177.997, 0.214538, -24.4609
2788, 46.45833, 111.079, -25.9343, 404.154, 159.505, 664.128, 42.9668, 0.078697, 179.214, 0.174115, -177.89, 0.213897, -24.4091
2788, 46.46667, 111.034, -25.8903, 403.705, 159.485, 663.265, 42.9598, 0.078408, 179.155, 0.17401, -177.784, 0.213258, -24.3571
2789, 46.47500, 110.988, -25.8463, 403.256, 159.466, 662.404, 42.9528, 0.0781196, 179.096, 0.173906, -177.678, 0.212622, -24.3049
2789, 46.48333, 110.943, -25.8023, 402.809, 159.447, 661.544, 42.9459, 0.0778319, 179.036, 0.173803, -177.572, 0.211987, -24.2524
2790, 46.49167, 110.898, -25.7583, 402.361, 159.428, 660.687, 42.939, 0.0775446, 178.976, 0.173701, -177.466, 0.211355, -24.1997
2790, 46.50000, 110.853, -25.7143, 401.915, 159.409, 659.832, 42.9322, 0.077258, 178.916, 0.173599, -177.36, 0.210725, -24.1468
2791, 46.50833, 110.808, -25.6703, 401.469, 159.39, 658.979, 42.9253, 0.076972, 178.856, 0.173498, -177.254, 0.210096, -24.0936
2791, 46.51667, 110.763, -25.6263, 401.024, 159.371, 658.128, 42.9185, 0.0766865, 178.795, 0.173398, -177.149, 0.20947, -24.0402
2792, 46.52500, 110.718, -25.5823, 400.58, 159.351, 657.279, 42.9117, 0.0764016, 178.734, 0.173299, -177.043, 0.208846, -23.9866
2792, 46.53333, 110.674, -25.5383, 400.137, 159.332, 656.432, 42.905, 0.0761173, 178.672, 0.173201, -176.937, 0.208224, -23.9328
2793, 46.54167, 110.63, -25.4942, 399.694, 159.313, 655.587, 42.8983, 0.0758336, 178.611, 0.173103, -176.832, 0.207604, -23.8787
2793, 46.55000, 110.586, -25.4502, 399.252, 159.294, 654.744, 42.8916, 0.0755504, 178.549, 0.173006, -176.727, 0.206986, -23.8243
2794, 46.55833, 110.542, -25.4061, 398.811, 159.275, 653.904, 42.8849, 0.0752678, 178.486, 0.172911, -176.621, 0.20637, -23.7698
2794, 46.56667, 110.498, -25.3621, 398.37, 159.256, 653.065, 42.8783, 0.0749858, 178.424, 0.172815, -176.516, 0.205756, -23.715
2795, 46.57500, 110.454, -25.318, 397.93, 159.237, 652.228, 42.8717, 0.0747043, 178.361, 0.172721, -176.411, 0.205144, -23.66
2795, 46.58333, 110.411, -25.2739, 397.491, 159.218, 651.393, 42.8651, 0.0744235, 178.297, 0.172628, -176.306, 0.204534, -23.6048
2796, 46.59167, 110.367, -25.2298, 397.053, 159.199, 650.56, 42.8586, 0.0741431, 178.234, 0.172535, -176.201, 0.203926, -23.5493
2796, 46.60000, 110.324, -25.1857, 396.615, 159.18, 649.729, 42.8521, 0.0738634, 178.17, 0.172443, -176.096, 0.20332, -23.4936
2797, 46.60833, 110.281, -25.1416, 396.178, 159.161, 648.9, 42.8456, 0.0735842, 178.105, 0.172352, -175.991, 0.202716, -23.4376
2797, 46.61667, 110.238, -25.0975, 395.741, 159.142, 648.072, 42.8391, 0.0733056, 178.041, 0.172261, -175.886, 0.202113, -23.3814
2798, 46.62500, 110.195, -25.0534, 395.306, 159.123, 647.247, 42.8327, 0.0730276, 177.976, 0.172172, -175.782, 0.201513, -23.325
2798, 46.63333, 110.153, -25.0093, 394.871, 159.105, 646.424, 42.8263, 0.0727501, 177.91, 0.172083, -175.677, 0.200915, -23.2684
2799, 46.64167, 110.11, -24.9652, 394.436, 159.086, 645.603, 42.8199, 0.0724732, 177.845, 0.171995, -175.573, 0.200319, -23.2115
2799, 46.65000, 110.068, -24.921, 394.003, 159.067, 644.783, 42.8135, 0.0721969, 177.779, 0.171908, -175.468, 0.199725, -23.1544
2800, 46.65833, 110.026, -24.8769, 393.57, 159.048, 643.966, 42.8072, 0.0719211, 177.712, 0.171821, -175.364, 0.199133, -23.0971
2800, 46.66667, 109.984, -24.8327, 393.138, 159.029, 643.15, 42.8009, 0.0716459, 177.645, 0.171735, -175.26, 0.198543, -23.0395
2801, 46.67500, 109.942, -24.7886, 392.706, 159.01, 642.337, 42.7946, 0.0713712, 177.578, 0.17165, -175.155, 0.197954, -22.9817
2801, 46.68333, 109.9, -24.7444, 392.275, 158.991, 641.525, 42.7883, 0.0710972, 177.511, 0.171566, -175.051, 0.197368, -22.9236
2802, 46.69167, 109.859, -24.7002, 391.845, 158.973, 640.715, 42.7821, 0.0708236, 177.443, 0.171483, -174.947, 0.196783, -22.8653
2802, 46.70000, 109.817, -24.656, 391.416, 158.954, 639.907, 42.7759, 0.0705507, 177.375, 0.1714, -174.844, 0.196201, -22.8068
2803, 46.70833, 109.776, -24.6118, 390.987, 158.935, 639.101, 42.7697, 0.0702783, 177.306, 0.171318, -174.74, 0.19562, -22.748
2803, 46.71667, 109.735, -24.5676, 390.559, 158.916, 638.297, 42.7636, 0.0700064, 177.238, 0.171237, -174.636, 0.195041, -22.689
2804, 46.72500, 109.694, -24.5234, 390.131, 158.897, 637.495, 42.7575, 0.0697352, 177.168, 0.171156, -174.533, 0.194465, -22.6298
2804, 46.73333, 109.653, -24.4792, 389.704, 158.879, 636.694, 42.7514, 0.0694645, 177.099, 0.171076, -174.429, 0.19389, -22.5703
2805, 46.74167, 109.612, -24.435, 389.278, 158.86, 635.895, 42.7453, 0.0691943, 177.029, 0.170997, -174.326, 0.193317, -22.5106
2805, 46.75000, 109.572, -24.3907, 388.853, 158.841, 635.099, 42.7393, 0.0689247, 176.958, 0.170919, -174.222, 0.192746, -22.4507
2806, 46.75833, 109.531, -24.3465, 388.428, 158.823, 634.304, 42.7332, 0.0686557, 176.888, 0.170842, -174.119, 0.192176, -22.3905
2806, 46.76667, 109.491, -24.3023, 388.004, 158.804, 633.511, 42.7272, 0.0683872, 176.816, 0.170765, -174.016, 0.191609, -22.3301
2807, 46.77500, 109.451, -24.258, 387.58, 158.785, 632.719, 42.7213, 0.0681193, 176.745, 0.170689, -173.913, 0.191044, -22.2694
2807, 46.78333, 109.411, -24.2137, 387.157, 158.766, 631.93, 42.7153, 0.0678519, 176.673, 0.170613, -173.81, 0.19048, -22.2085
2808, 46.79167, 109.371, -24.1695, 386.735, 158.748, 631.142, 42.7094, 0.0675851, 176.601, 0.170539, -173.707, 0.189918, -22.1474
2808, 46.80000, 109.332, -24.1252, 386.313, 158.729, 630.356, 42.7035, 0.0673189, 176.528, 0.170465, -173.604, 0.189358, -22.086
2809, 46.80833, 109.292, -24.0809, 385.892, 158.711, 629.572, 42.6976, 0.0670532, 176.455, 0.170392, -173.502, 0.1888, -22.0244
2809, 46.81667, 109.253, -24.0366, 385.472, 158.692, 628.79, 42.6918, 0.066788, 176.382, 0.170319, -173.399, 0.188244, -21.9626
2810, 46.82500, 109.214, -23.9923, 385.052, 158.673, 628.01, 42.6859, 0.0665235, 176.308, 0.170247, -173.297, 0.18769, -21.9005
2810, 46.83333, 109.175, -23.948, 384.633, 158.655, 627.231, 42.6801, 0.0662595, 176.233, 0.170176, -173.194, 0.187137, -21.8382
2811, 46.84167, 109.136, -23.9037, 384.215, 158.636, 626.454, 42.6743, 0.065996, 176.159, 0.170106, -173.092, 0.186587, -21.7756
2811, 46.85000, 109.097, -23.8593, 383.797, 158.618, 625.679, 42.6686, 0.0657331, 176.084, 0.170036, -172.99, 0.186038, -21.7128
2812, 46.85833, 109.059, -23.815, 383.38, 158.599, 624.906, 42.6628, 0.0654708, 176.008, 0.169968, -172.888, 0.185491, -21.6498
2812, 46.86667, 109.02, -23.7707, 382.964, 158.58, 624.134, 42.6571, 0.0652089, 175.932, 0.169899, -172.786, 0.184945, -21.5865
2813, 46.87500, 108.982, -23.7263, 382.548, 158.562, 623.365, 42.6515, 0.0649477, 175.856, 0.169832, -172.684, 0.184402, -21.523
2813, 46.88333, 108.944, -23.682, 382.133, 158.543, 622.597, 42.6458, 0.064687, 175.779, 0.169765, -172.582, 0.18386, -21.4593
2814, 46.89167, 108.906, -23.6376, 381.718, 158.525, 621.83, 42.6401, 0.0644269, 175.702, 0.169699, -172.48, 0.183321, -21.3953
2814, 46.90000, 108.868, -23.5932, 381.304, 158.506, 621.066, 42.6345, 0.0641673, 175.625, 0.169633, -172.378, 0.182783, -21.331
2814, 46.90833, 108.83, -23.5488, 380.891, 158.488, 620.303, 42.6289, 0.0639083, 175.547, 0.169569, -172.277, 0.182246, -21.2665
2815, 46.91667, 108.793, -23.5044, 380.478, 158.469, 619.542, 42.6233, 0.0636498, 175.468, 0.169504, -172.176, 0.181712, -21.2018
2816, 46.92500, 108.755, -23.46, 380.066, 158.451, 618.783, 42.6178, 0.0633919, 175.389, 0.169441, -172.074, 0.181179, -21.1369
2816, 46.93333, 108.718, -23.4156, 379.654, 158.433, 618.025, 42.6123, 0.0631346, 175.31, 0.169378, -171.973, 0.180648, -21.0717
2817, 46.94167, 108.681, -23.3712, 379.243, 158.414, 617.269, 42.6068, 0.0628778, 175.23, 0.169316, -171.872, 0.180119, -21.0062
2817, 46.95000, 108.644, -23.3268, 378.833, 158.396, 616.515, 42.6013, 0.0626215, 175.15, 0.169255, -171.771, 0.179592, -20.9405
2818, 46.95833, 108.607, -23.2824, 378.423, 158.377, 615.762, 42.5958, 0.0623658, 175.069, 0.169194, -171.67, 0.179066, -20.8746
2818, 46.96667, 108.571, -23.2379, 378.014, 158.359, 615.011, 42.5904, 0.0621107, 174.988, 0.169134, -171.569, 0.178542, -20.8085
2818, 46.97500, 108.534, -23.1935, 377.606, 158.34, 614.262, 42.5849, 0.0618561, 174.907, 0.169075, -171.468, 0.17802, -20.7421
2819, 46.98333, 108.498, -23.1491, 377.198, 158.322, 613.515, 42.5795, 0.0616021, 174.824, 0.169016, -171.368, 0.1775, -20.6754
2820, 46.99167, 108.462, -23.1046, 376.79, 158.304, 612.769, 42.5741, 0.0613486, 174.742, 0.168958, -171.267, 0.176981, -20.6085
2820, 47.00000, 108.426, -23.0601, 376.384, 158.285, 612.025, 42.5688, 0.0610956, 174.659, 0.168901, -171.167, 0.176464, -20.5414
2821, 47.00833, 108.39, -23.0157, 375.978, 158.267, 611.283, 42.5634, 0.0608433, 174.576, 0.168844, -171.067, 0.175949, -20.474
2821, 47.01667, 108.354, -22.9712, 375.572, 158.249, 610.542, 42.5581, 0.0605914, 174.492, 0.168788, -170.966, 0.175435, -20.4064
2822, 47.02500, 108.318, -22.9267, 375.167, 158.23, 609.803, 42.5528, 0.0603402, 174.407, 0.168733, -170.866, 0.174924, -20.3385
2822, 47.03333, 108.283, -22.8822, 374.763, 158.212, 609.065, 42.5475, 0.0600895, 174.322, 0.168678, -170.766, 0.174413, -20.2704
2822, 47.04167, 108.248, -22.8377, 374.359, 158.194, 608.329, 42.5423, 0.0598393, 174.237, 0.168624, -170.666, 0.173905, -20.2021
2823, 47.05000, 108.212, -22.7932, 373.956, 158.175, 607.595, 42.5371, 0.0595897, 174.151, 0.168571, -170.567, 0.173398, -20.1335
2824, 47.05833, 108.177, -22.7487, 373.554, 158.157, 606.863, 42.5318, 0.0593407, 174.065, 0.168518, -170.467, 0.172893, -20.0647
2824, 47.06667, 108.143, -22.7042, 373.152, 158.139, 606.132, 42.5266, 0.0590921, 173.978, 0.168466, -170.367, 0.17239, -19.9956
2825, 47.07500, 108.108, -22.6596, 372.75, 158.121, 605.402, 42.5215, 0.0588442, 173.891, 0.168414, -170.268, 0.171889, -19.9263
2825, 47.08333, 108.073, -22.6151, 372.349, 158.102, 604.675, 42.5163, 0.0585968, 173.803, 0.168364, -170.169, 0.171389, -19.8567
2826, 47.09167, 108.039, -22.5705, 371.949, 158.084, 603.949, 42.5112, 0.05835, 173.715, 0.168313, -170.069, 0.17089, -19.7869
2826, 47.10000, 108.005, -22.526, 371.549, 158.066, 603.224, 42.506, 0.0581037, 173.626, 0.168264, -169.97, 0.170394, -19.7169
2826, 47.10833, 107.97, -22.4814, 371.15, 158.048, 602.501, 42.5009, 0.057858, 173.536, 0.168215, -169.871, 0.169899, -19.6466
2827, 47.11667, 107.936, -22.4369, 370.752, 158.029, 601.78, 42.4959, 0.0576128, 173.446, 0.168167, -169.772, 0.169405, -19.576
2828, 47.12500, 107.903, -22.3923, 370.354, 158.011, 601.06, 42.4908, 0.0573682, 173.356, 0.168119, -169.673, 0.168914, -19.5053
2828, 47.13333, 107.869, -22.3477, 369.957, 157.993, 600.342, 42.4858, 0.0571242, 173.265, 0.168072, -169.575, 0.168424, -19.4342
2829, 47.14167, 107.835, -22.3031, 369.56, 157.975, 599.626, 42.4807, 0.0568807, 173.174, 0.168026, -169.476, 0.167936, -19.363
2829, 47.15000, 107.802, -22.2585, 369.163, 157.957, 598.911, 42.4757, 0.0566377, 173.082, 0.16798, -169.378, 0.167449, -19.2914
2830, 47.15833, 107.769, -22.2139, 368.768, 157.938, 598.197, 42.4707, 0.0563954, 172.989, 0.167935, -169.279, 0.166964, -19.2197
2830, 47.16667, 107.736, -22.1693, 368.373, 157.92, 597.486, 42.4658, 0.0561535, 172.896, 0.16789, -169.181, 0.16648, -19.1477
2830, 47.17500, 107.703, -22.1247, 367.978, 157.902, 596.775, 42.4608, 0.0559122, 172.802, 0.167846, -169.083, 0.165999, -19.0754
2831, 47.18333, 107.67, -22.0801, 367.584, 157.884, 596.067, 42.4559, 0.0556715, 172.708, 0.167803, -168.985, 0.165518, -19.0029
2832, 47.19167, 107.637, -22.0354, 367.19, 157.866, 595.359, 42.451, 0.0554314, 172.613, 0.16776, -168.887, 0.16504, -18.9302
2832, 47.20000, 107.605, -21.9908, 366.798, 157.848, 594.654, 42.4461, 0.0551918, 172.518, 0.167718, -168.789, 0.164563, -18.8572
2833, 47.20833, 107.572, -21.9462, 366.405, 157.83, 593.95, 42.4412, 0.0549528, 172.422, 0.167677, -168.691, 0.164087, -18.784
2833, 47.21667, 107.54, -21.9015, 366.013, 157.812, 593.247, 42.4363, 0.0547143, 172.325, 0.167636, -168.594, 0.163614, -18.7105
2834, 47.22500, 107.508, -21.8569, 365.622, 157.794, 592.546, 42.4315, 0.0544764, 172.228, 0.167596, -168.496, 0.163142, -18.6367
2834, 47.23333, 107.476, -21.8122, 365.231, 157.775, 591.847, 42.4267, 0.054239, 172.131, 0.167556, -168.399, 0.162671, -18.5628
2834, 47.24167, 107.444, -21.7675, 364.841, 157.757, 591.149, 42.4219, 0.0540022, 172.032, 0.167517, -168.302, 0.162202, -18.4885
2835, 47.25000, 107.413, -21.7229, 364.451, 157.739, 590.452, 42.4171, 0.053766, 171.934, 0.167479, -168.204, 0.161734, -18.4141
2836, 47.25833, 107.381, -21.6782, 364.062, 157.721, 589.757, 42.4123, 0.0535303, 171.834, 0.167441, -168.107, 0.161269, -18.3394
2836, 47.26667, 107.35, -21.6335, 363.674, 157.703, 589.064, 42.4075, 0.0532952, 171.734, 0.167404, -168.011, 0.160804, -18.2644
2837, 47.27500, 107.319, -21.5888, 363.286, 157.685, 588.372, 42.4028, 0.0530607, 171.633, 0.167367, -167.914, 0.160342, -18.1892
2837, 47.28333, 107.288, -21.5441, 362.898, 157.667, 587.682, 42.3981, 0.0528267, 171.532, 0.167331, -167.817, 0.159881, -18.1137
2838, 47.29167, 107.257, -21.4994, 362.511, 157.649, 586.993, 42.3934, 0.0525932, 171.43, 0.167296, -167.72, 0.159421, -18.038
2838, 47.30000, 107.226, -21.4547, 362.125, 157.631, 586.305, 42.3887, 0.0523604, 171.328, 0.167261, -167.624, 0.158963, -17.9621
2838, 47.30833, 107.196, -21.41, 361.739, 157.613, 585.619, 42.384, 0.0521281, 171.225, 0.167226, -167.528, 0.158506, -17.8859
2839, 47.31667, 107.165, -21.3652, 361.353, 157.595, 584.935, 42.3794, 0.0518964, 171.121, 0.167193, -167.431, 0.158051, -17.8094
2840, 47.32500, 107.135, -21.3205, 360.969, 157.577, 584.252, 42.3747, 0.0516652, 171.016, 0.16716, -167.335, 0.157598, -17.7327
2840, 47.33333, 107.105, -21.2758, 360.584, 157.559, 583.57, 42.3701, 0.0514347, 170.911, 0.167127, -167.239, 0.157146, -17.6558
2841, 47.34167, 107.075, -21.231, 360.2, 157.541, 582.89, 42.3655, 0.0512046, 170.805, 0.167095, -167.143, 0.156696, -17.5786
2841, 47.35000, 107.045, -21.1863, 359.817, 157.523, 582.211, 42.3609, 0.0509752, 170.699, 0.167064, -167.048, 0.156247, -17.5011
2842, 47.35833, 107.015, -21.1415, 359.434, 157.505, 581.534, 42.3563, 0.0507463, 170.592, 0.167033, -166.952, 0.1558, -17.4235
2842, 47.36667, 106.986, -21.0968, 359.052, 157.488, 580.858, 42.3517, 0.050518, 170.484, 0.167003, -166.857, 0.155354, -17.3455
2842, 47.37500, 106.956, -21.052, 358.67, 157.47, 580.184, 42.3472, 0.0502902, 170.376, 0.166974, -166.761, 0.154909, -17.2673
2843, 47.38333, 106.927, -21.0072, 358.289, 157.452, 579.511, 42.3427, 0.0500631, 170.267, 0.166945, -166.666, 0.154467, -17.1889
2844, 47.39167, 106.898, -20.9625, 357.908, 157.434, 578.839, 42.3382, 0.0498364, 170.157, 0.166916, -166.571, 0.154025, -17.1102
2844, 47.40000, 106.869, -20.9177, 357.528, 157.416, 578.169, 42.3336, 0.0496104, 170.046, 0.166888, -166.476, 0.153585, -17.0313
2845, 47.40833, 106.84, -20.8729, 357.149, 157.398, 577.501, 42.3292, 0.049385, 169.935, 0.166861, -166.381, 0.153147, -16.9521
2845, 47.41667, 106.812, -20.8281, 356.769, 157.38, 576.833, 42.3247, 0.0491601, 169.823, 0.166834, -166.286, 0.15271, -16.8726
2846, 47.42500, 106.783, -20.7833, 356.391, 157.362, 576.168, 42.3202, 0.0489358, 169.711, 0.166808, -166.191, 0.152275, -16.793
2846, 47.43333, 106.755, -20.7385, 356.012, 157.345, 575.503, 42.3158, 0.0487121, 169.597, 0.166782, -166.097, 0.151841, -16.713
2846, 47.44167, 106.727, -20.6937, 355.635, 157.327, 574.84, 42.3114, 0.0484889, 169.483, 0.166757, -166.002, 0.151409, -16.6328
2847, 47.45000, 106.699, -20.6489, 355.258, 157.309, 574.179, 42.3069, 0.0482663, 169.368, 0.166733, -165.908, 0.150978, -16.5524
2848, 47.45833, 106.671, -20.6041, 354.881, 157.291, 573.518, 42.3026, 0.0480443, 169.253, 0.166709, -165.814, 0.150548, -16.4717
2848, 47.46667, 106.643, -20.5593, 354.505, 157.273, 572.86, 42.2982, 0.0478229, 169.136, 0.166686, -165.72, 0.15012, -16.3908
2849, 47.47500, 106.615, -20.5144, 354.129, 157.255, 572.202, 42.2938, 0.0476021, 169.019, 0.166663, -165.626, 0.149694, -16.3096
2849, 47.48333, 106.588, -20.4696, 353.754, 157.238, 571.546, 42.2894, 0.0473818, 168.902, 0.16664, -165.532, 0.149269, -16.2281
2850, 47.49167, 106.561, -20.4248, 353.379, 157.22, 570.891, 42.2851, 0.0471622, 168.783, 0.166619, -165.438, 0.148845, -16.1464
2850, 47.50000, 106.533, -20.3799, 353.005, 157.202, 570.238, 42.2808, 0.0469431, 168.663, 0.166598, -165.345, 0.148423, -16.0645
2850, 47.50833, 106.506, -20.3351, 352.631, 157.184, 569.586, 42.2765, 0.0467246, 168.543, 0.166577, -165.251, 0.148002, -15.9823
2851, 47.51667, 106.48, -20.2902, 352.258, 157.167, 568.935, 42.2722, 0.0465067, 168.422, 0.166557, -165.158, 0.147583, -15.8999
2852, 47.52500, 106.453, -20.2454, 351.885, 157.149, 568.286, 42.2679, 0.0462893, 168.301, 0.166537, -165.065, 0.147165, -15.8172
2852, 47.53333, 106.426, -20.2005, 351.513, 157.131, 567.638, 42.2636, 0.0460726, 168.178, 0.166518, -164.972, 0.146748, -15.7342
2853, 47.54167, 106.4, -20.1557, 351.141, 157.113, 566.992, 42.2593, 0.0458564, 168.055, 0.1665, -164.879, 0.146333, -15.651
2853, 47.55000, 106.374, -20.1108, 350.77, 157.096, 566.347, 42.2551, 0.0456409, 167.93, 0.166482, -164.786, 0.145919, -15.5676
2854, 47.55833, 106.348, -20.0659, 350.399, 157.078, 565.703, 42.2508, 0.0454259, 167.805, 0.166465, -164.694, 0.145507, -15.4839
2854, 47.56667, 106.322, -20.0211, 350.029, 157.06, 565.06, 42.2466, 0.0452115, 167.679, 0.166448, -164.601, 0.145096, -15.3999
2854, 47.57500, 106.296, -19.9762, 349.659, 157.042, 564.419, 42.2424, 0.0449978, 167.553, 0.166432, -164.509, 0.144687, -15.3157
2855, 47.58333, 106.27, -19.9313, 349.29, 157.025, 563.779, 42.2382, 0.0447846, 167.425, 0.166416, -164.416, 0.144279, -15.2312
2856, 47.59167, 106.245, -19.8864, 348.921, 157.007, 563.141, 42.234, 0.044572, 167.297, 0.166401, -164.324, 0.143872, -15.1465
2856, 47.60000, 106.219, -19.8415, 348.552, 156.989, 562.503, 42.2299, 0.04436, 167.167, 0.166386, -164.232, 0.143467, -15.0615
2857, 47.60833, 106.194, -19.7966, 348.184, 156.972, 561.867, 42.2257, 0.0441486, 167.037, 0.166372, -164.14, 0.143063, -14.9763
2857, 47.61667, 106.169, -19.7518, 347.817, 156.954, 561.233, 42.2216, 0.0439378, 166.906, 0.166358, -164.049, 0.14266, -14.8908
2858, 47.62500, 106.144, -19.7069, 347.45, 156.936, 560.6, 42.2174, 0.0437276, 166.774, 0.166345, -163.957, 0.142259, -14.8051
2858, 47.63333, 106.119, -19.662, 347.083, 156.919, 559.968, 42.2133, 0.0435181, 166.641, 0.166332, -163.865, 0.14186, -14.7191
2858, 47.64167, 106.095, -19.6171, 346.717, 156.901, 559.337, 42.2092, 0.0433091, 166.507, 0.16632, -163.774, 0.141461, -14.6329
2859, 47.65000, 106.07, -19.5721, 346.352, 156.884, 558.707, 42.2051, 0.0431007, 166.373, 0.166309, -163.683, 0.141064, -14.5464
2860, 47.65833, 106.046, -19.5272, 345.986, 156.866, 558.079, 42.201, 0.0428929, 166.237, 0.166298, -163.592, 0.140668, -14.4596
2860, 47.66667, 106.022, -19.4823, 345.622, 156.848, 557.452, 42.1969, 0.0426858, 166.101, 0.166287, -163.501, 0.140274, -14.3726
2861, 47.67500, 105.998, -19.4374, 345.258, 156.831, 556.827, 42.1929, 0.0424792, 165.963, 0.166277, -163.41, 0.139881, -14.2854
2861, 47.68333, 105.974, -19.3925, 344.894, 156.813, 556.202, 42.1888, 0.0422733, 165.825, 0.166268, -163.319, 0.13949, -14.1979
2862, 47.69167, 105.95, -19.3476, 344.53, 156.796, 555.579, 42.1848, 0.042068, 165.685, 0.166259, -163.229, 0.139099, -14.1101
2862, 47.70000, 105.927, -19.3027, 344.168, 156.778, 554.958, 42.1807, 0.0418633, 165.545, 0.16625, -163.138, 0.13871, -14.0221
2862, 47.70833, 105.903, -19.2577, 343.805, 156.76, 554.337, 42.1767, 0.0416592, 165.403, 0.166242, -163.048, 0.138323, -13.9338
2863, 47.71667, 105.88, -19.2128, 343.443, 156.743, 553.718, 42.1727, 0.0414557, 165.261, 0.166235, -162.958, 0.137936, -13.8452
2864, 47.72500, 105.857, -19.1679, 343.082, 156.725, 553.1, 42.1687, 0.0412529, 165.117, 0.166228, -162.868, 0.137551, -13.7565
2864, 47.73333, 105.834, -19.123, 342.721, 156.708, 552.483, 42.1647, 0.0410506, 164.973, 0.166221, -162.778, 0.137168, -13.6674
2865, 47.74167, 105.811, -19.078, 342.36, 156.69, 551.868, 42.1608, 0.040849, 164.827, 0.166215, -162.688, 0.136785, -13.5781
2865, 47.75000, 105.788, -19.0331, 342, 156.673, 551.253, 42.1568, 0.040648, 164.681, 0.16621, -162.598, 0.136404, -13.4885
2866, 47.75833, 105.766, -18.9882, 341.64, 156.655, 550.64, 42.1528, 0.0404477, 164.533, 0.166205, -162.509, 0.136025, -13.3987
2866, 47.76667, 105.743, -18.9432, 341.281, 156.638, 550.028, 42.1489, 0.0402479, 164.385, 0.166201, -162.42, 0.135646, -13.3087
2866, 47.77500, 105.721, -18.8983, 340.922, 156.62, 549.418, 42.145, 0.0400489, 164.235, 0.166197, -162.33, 0.135269, -13.2183
2867, 47.78333, 105.699, -18.8534, 340.564, 156.603, 548.808, 42.1411, 0.0398504, 164.084, 0.166193, -162.241, 0.134894, -13.1277
2868, 47.79167, 105.677, -18.8084, 340.206, 156.585, 548.2, 42.1371, 0.0396526, 163.933, 0.16619, -162.152, 0.134519, -13.0369
2868, 47.80000, 105.656, -18.7635, 339.849, 156.568, 547.593, 42.1332, 0.0394554, 163.78, 0.166188, -162.064, 0.134146, -12.9458
2869, 47.80833, 105.634, -18.7186, 339.492, 156.55, 546.988, 42.1294, 0.0392588, 163.626, 0.166186, -161.975, 0.133774, -12.8544
2869, 47.81667, 105.613, -18.6736, 339.135, 156.533, 546.383, 42.1255, 0.0390629, 163.47, 0.166184, -161.886, 0.133403, -12.7628
2870, 47.82500, 105.591, -18.6287, 338.779, 156.516, 545.78, 42.1216, 0.0388676, 163.314, 0.166183, -161.798, 0.133034, -12.6709
2870, 47.83333, 105.57, -18.5837, 338.423, 156.498, 545.178, 42.1177, 0.038673, 163.157, 0.166183, -161.71, 0.132666, -12.5788
2870, 47.84167, 105.549, -18.5388, 338.068, 156.481, 544.577, 42.1139, 0.038479, 162.998, 0.166183, -161.622, 0.132299, -12.4864
2871, 47.85000, 105.528, -18.4939, 337.713, 156.463, 543.977, 42.1101, 0.0382857, 162.838, 0.166183, -161.534, 0.131933, -12.3937
2872, 47.85833, 105.508, -18.4489, 337.359, 156.446, 543.379, 42.1062, 0.038093, 162.678, 0.166184, -161.446, 0.131569, -12.3008
2872, 47.86667, 105.487, -18.404, 337.005, 156.428, 542.781, 42.1024, 0.037901, 162.515, 0.166186, -161.358, 0.131206, -12.2077
2873, 47.87500, 105.467, -18.359, 336.651, 156.411, 542.185, 42.0986, 0.0377096, 162.352, 0.166187, -161.271, 0.130844, -12.1142
2873, 47.88333, 105.446, -18.3141, 336.298, 156.394, 541.59, 42.0948, 0.0375189, 162.188, 0.16619, -161.183, 0.130484, -12.0205
2874, 47.89167, 105.426, -18.2691, 335.945, 156.376, 540.996, 42.091, 0.0373288, 162.022, 0.166193, -161.096, 0.130124, -11.9266
2874, 47.90000, 105.406, -18.2242, 335.593, 156.359, 540.404, 42.0872, 0.0371394, 161.855, 0.166196, -161.009, 0.129766, -11.8324
2874, 47.90833, 105.387, -18.1793, 335.241, 156.342, 539.812, 42.0834, 0.0369507, 161.687, 0.1662, -160.922, 0.12941, -11.7379
2875, 47.91667, 105.367, -18.1343, 334.89, 156.324, 539.222, 42.0797, 0.0367626, 161.517, 0.166204, -160.835, 0.129054, -11.6432
2876, 47.92500, 105.347, -18.0894, 334.539, 156.307, 538.633, 42.0759, 0.0365752, 161.347, 0.166209, -160.749, 0.1287, -11.5482
2876, 47.93333, 105.328, -18.0445, 334.188, 156.29, 538.045, 42.0722, 0.0363885, 161.175, 0.166214, -160.662, 0.128347, -11.4529
2877, 47.94167, 105.309, -17.9995, 333.838, 156.272, 537.458, 42.0684, 0.0362025, 161.001, 0.166219, -160.576, 0.127995, -11.3574
2877, 47.95000, 105.29, -17.9546, 333.488, 156.255, 536.872, 42.0647, 0.0360171, 160.827, 0.166225, -160.489, 0.127644, -11.2616
2878, 47.95833, 105.271, -17.9097, 333.139, 156.238, 536.287, 42.061, 0.0358324, 160.651, 0.166232, -160.403, 0.127294, -11.1656
2878, 47.96667, 105.252, -17.8647, 332.79, 156.22, 535.704, 42.0573, 0.0356484, 160.473, 0.166239, -160.317, 0.126946, -11.0693
2878, 47.97500, 105.234, -17.8198, 332.442, 156.203, 535.122, 42.0536, 0.035465, 160.295, 0.166246, -160.232, 0.126599, -10.9727
2879, 47.98333, 105.215, -17.7749, 332.094, 156.186, 534.54, 42.0499, 0.0352824, 160.115, 0.166254, -160.146, 0.126253, -10.8759
2880, 47.99167, 105.197, -17.73, 331.746, 156.169, 533.96, 42.0462, 0.0351004, 159.933, 0.166263, -160.06, 0.125909, -10.7788
2880, 48.00000, 105.179, -17.685, 331.399, 156.151, 533.381, 42.0425, 0.0349192, 159.751, 0.166272, -159.975, 0.125565, -10.6814
2881, 48.00833, 105.161, -17.6401, 331.052, 156.134, 532.804, 42.0388, 0.0347386, 159.566, 0.166281, -159.89, 0.125223, -10.5838
2881, 48.01667, 105.143, -17.5952, 330.705, 156.117, 532.227, 42.0352, 0.0345587, 159.381, 0.166291, -159.805, 0.124882, -10.4859
2882, 48.02500, 105.126, -17.5503, 330.359, 156.1, 531.651, 42.0315, 0.0343795, 159.194, 0.166301, -159.72, 0.124542, -10.3878
2882, 48.03333, 105.108, -17.5054, 330.014, 156.082, 531.077, 42.0278, 0.0342011, 159.005, 0.166311, -159.635, 0.124203, -10.2894
2883, 48.04167, 105.091, -17.4605, 329.669, 156.065, 530.503, 42.0242, 0.0340233, 158.816, 0.166322, -159.55, 0.123866, -10.1907
2883, 48.05000, 105.074, -17.4156, 329.324, 156.048, 529.931, 42.0206, 0.0338462, 158.624, 0.166334, -159.466, 0.12353, -10.0918
2884, 48.05833, 105.057, -17.3707, 328.979, 156.031, 529.36, 42.017, 0.0336699, 158.431, 0.166346, -159.382, 0.123194, -9.99255
2884, 48.06667, 105.04, -17.3258, 328.635, 156.014, 528.79, 42.0133, 0.0334943, 158.237, 0.166358, -159.298, 0.12286, -9.89307
2885, 48.07500, 105.023, -17.2809, 328.292, 155.996, 528.221, 42.0097, 0.0333194, 158.041, 0.166371, -159.214, 0.122528, -9.79334
2885, 48.08333, 105.006, -17.236, 327.949, 155.979, 527.653, 42.0061, 0.0331452, 157.844, 0.166384, -159.13, 0.122196, -9.69335
2886, 48.09167, 104.99, -17.1911, 327.606, 155.962, 527.086, 42.0025, 0.0329717, 157.645, 0.166398, -159.046, 0.121865, -9.59307
2886, 48.10000, 104.974, -17.1462, 327.263, 155.945, 526.52, 41.9989, 0.032799, 157.444, 0.166412, -158.962, 0.121536, -9.49254
2887, 48.10833, 104.958, -17.1014, 326.921, 155.928, 525.956, 41.9954, 0.032627, 157.242, 0.166427, -158.879, 0.121208, -9.39174
2887, 48.11667, 104.942, -17.0565, 326.58, 155.911, 525.392, 41.9918, 0.0324557, 157.039, 0.166441, -158.796, 0.120881, -9.29067
2888, 48.12500, 104.926, -17.0116, 326.239, 155.894, 524.83, 41.9882, 0.0322852, 156.834, 0.166457, -158.713, 0.120555, -9.18934
2888, 48.13333, 104.91, -16.9667, 325.898, 155.876, 524.268, 41.9847, 0.0321154, 156.627, 0.166473, -158.63, 0.12023, -9.08774
2889, 48.14167, 104.895, -16.9219, 325.557, 155.859, 523.708, 41.9811, 0.0319463, 156.418, 0.166489, -158.547, 0.119907, -8.98587
2889, 48.15000, 104.879, -16.877, 325.218, 155.842, 523.148, 41.9776, 0.031778, 156.208, 0.166506, -158.464, 0.119584, -8.88373
2890, 48.15833, 104.864, -16.8322, 324.878, 155.825, 522.59, 41.974, 0.0316105, 155.996, 0.166523, -158.382, 0.119263, -8.78133
2890, 48.16667, 104.849, -16.7873, 324.539, 155.808, 522.033, 41.9705, 0.0314437, 155.783, 0.16654, -158.299, 0.118943, -8.67865
2891, 48.17500, 104.834, -16.7425, 324.2, 155.791, 521.477, 41.967, 0.0312776, 155.568, 0.166558, -158.217, 0.118623, -8.57571
2891, 48.18333, 104.82, -16.6977, 323.861, 155.774, 520.921, 41.9635, 0.0311124, 155.351, 0.166576, -158.135, 0.118305, -8.4725
2892, 48.19167, 104.805, -16.6529, 323.523, 155.757, 520.367, 41.9599, 0.0309478, 155.132, 0.166595, -158.053, 0.117989, -8.36901
2892, 48.20000, 104.791, -16.608, 323.186, 155.74, 519.814, 41.9564, 0.0307841, 154.912, 0.166614, -157.972, 0.117673, -8.26526
2893, 48.20833, 104.776, -16.5632, 322.848, 155.723, 519.262, 41.9529, 0.0306212, 154.69, 0.166634, -157.89, 0.117358, -8.16124
2893, 48.21667, 104.762, -16.5184, 322.512, 155.706, 518.711, 41.9494, 0.0304589, 154.466, 0.166654, -157.809, 0.117045, -8.05694
2894, 48.22500, 104.748, -16.4736, 322.175, 155.689, 518.161, 41.946, 0.0302975, 154.24, 0.166674, -157.727, 0.116732, -7.95238
2894, 48.23333, 104.734, -16.4288, 321.839, 155.672, 517.612, 41.9425, 0.0301369, 154.013, 0.166695, -157.646, 0.116421, -7.84755
2895, 48.24167, 104.721, -16.384, 321.503, 155.655, 517.064, 41.939, 0.0299771, 153.784, 0.166716, -157.565, 0.116111, -7.74244
2895, 48.25000, 104.707, -16.3393, 321.168, 155.638, 516.517, 41.9355, 0.0298181, 153.553, 0.166738, -157.485, 0.115802, -7.63707
2896, 48.25833, 104.694, -16.2945, 320.833, 155.621, 515.971, 41.9321, 0.0296598, 153.32, 0.16676, -157.404, 0.115493, -7.53142
2896, 48.26667, 104.681, -16.2497, 320.498, 155.604, 515.426, 41.9286, 0.0295024, 153.085, 0.166782, -157.324, 0.115187, -7.42549
2897, 48.27500, 104.668, -16.205, 320.164, 155.587, 514.883, 41.9252, 0.0293457, 152.848, 0.166805, -157.243, 0.114881, -7.3193
2897, 48.28333, 104.655, -16.1602, 319.83, 155.57, 514.34, 41.9217, 0.0291899, 152.61, 0.166828, -157.163, 0.114576, -7.21284
2898, 48.29167, 104.642, -16.1155, 319.497, 155.553, 513.798, 41.9183, 0.0290349, 152.369, 0.166852, -157.083, 0.114272, -7.10609
2898, 48.30000, 104.63, -16.0708, 319.164, 155.536, 513.257, 41.9149, 0.0288807, 152.127, 0.166876, -157.003, 0.11397, -6.99908
2899, 48.30833, 104.617, -16.026, 318.831, 155.519, 512.717, 41.9114, 0.0287274, 151.882, 0.1669, -156.924, 0.113668, -6.89179
2899, 48.31667, 104.605, -15.9813, 318.499, 155.502, 512.178, 41.908, 0.0285748, 151.636, 0.166925, -156.844, 0.113367, -6.78422
2900, 48.32500, 104.593, -15.9366, 318.167, 155.485, 511.64, 41.9046, 0.0284231, 151.388, 0.16695, -156.765, 0.113068, -6.67639
2900, 48.33333, 104.581, -15.8919, 317.835, 155.468, 511.103, 41.9012, 0.0282722, 151.138, 0.166975, -156.686, 0.11277, -6.56828
2901, 48.34167, 104.569, -15.8472, 317.504, 155.451, 510.567, 41.8978, 0.0281222, 150.885, 0.167001, -156.606, 0.112472, -6.45988
2901, 48.35000, 104.557, -15.8025, 317.173, 155.434, 510.032, 41.8944, 0.027973, 150.631, 0.167027, -156.528, 0.112176, -6.35122
2902, 48.35833, 104.546, -15.7579, 316.842, 155.417, 509.498, 41.891, 0.0278247, 150.375, 0.167054, -156.449, 0.111881, -6.24229
2902, 48.36667, 104.535, -15.7132, 316.512, 155.401, 508.965, 41.8876, 0.0276772, 150.116, 0.167081, -156.37, 0.111587, -6.13306
2903, 48.37500, 104.523, -15.6686, 316.183, 155.384, 508.433, 41.8842, 0.0275306, 149.856, 0.167108, -156.292, 0.111294, -6.02357
2903, 48.38333, 104.512, -15.6239, 315.853, 155.367, 507.902, 41.8808, 0.0273848, 149.593, 0.167136, -156.214, 0.111002, -5.91381
2904, 48.39167, 104.502, -15.5793, 315.524, 155.35, 507.372, 41.8775, 0.0272399, 149.328, 0.167164, -156.136, 0.110711, -5.80375
2904, 48.40000, 104.491, -15.5347, 315.196, 155.333, 506.842, 41.8741, 0.0270959, 149.062, 0.167193, -156.058, 0.110421, -5.69343
2905, 48.40833, 104.48, -15.4901, 314.867, 155.316, 506.314, 41.8707, 0.0269528, 148.793, 0.167222, -155.98, 0.110132, -5.58283
2905, 48.41667, 104.47, -15.4455, 314.539, 155.3, 505.787, 41.8674, 0.0268105, 148.522, 0.167251, -155.902, 0.109844, -5.47194
2906, 48.42500, 104.46, -15.4009, 314.212, 155.283, 505.261, 41.864, 0.0266692, 148.248, 0.16728, -155.825, 0.109557, -5.36079
2906, 48.43333, 104.45, -15.3563, 313.885, 155.266, 504.735, 41.8607, 0.0265287, 147.973, 0.16731, -155.748, 0.109271, -5.24935
2907, 48.44167, 104.44, -15.3118, 313.558, 155.249, 504.211, 41.8573, 0.0263892, 147.695, 0.167341, -155.671, 0.108987, -5.13762
2907, 48.45000, 104.43, -15.2672, 313.231, 155.232, 503.687, 41.854, 0.0262505, 147.415, 0.167371, -155.594, 0.108703, -5.02563
2908, 48.45833, 104.42, -15.2227, 312.905, 155.216, 503.165, 41.8507, 0.0261128, 147.133, 0.167402, -155.517, 0.10842, -4.91335
2908, 48.46667, 104.411, -15.1781, 312.579, 155.199, 502.643, 41.8473, 0.0259759, 146.849, 0.167434, -155.44, 0.108138, -4.80079
2909, 48.47500, 104.402, -15.1336, 312.254, 155.182, 502.122, 41.844, 0.02584, 146.563, 0.167465, -155.364, 0.107858, -4.68795
2909, 48.48333, 104.392, -15.0891, 311.929, 155.165, 501.602, 41.8407, 0.025705, 146.274, 0.167497, -155.288, 0.107578, -4.57483
2910, 48.49167, 104.383, -15.0446, 311.604, 155.149, 501.084, 41.8374, 0.025571, 145.983, 0.16753, -155.212, 0.107299, -4.46142
2910, 48.50000, 104.375, -15.0002, 311.28, 155.132, 500.566, 41.8341, 0.0254379, 145.689, 0.167563, -155.136, 0.107022, -4.34774
2911, 48.50833, 104.366, -14.9557, 310.956, 155.115, 500.049, 41.8308, 0.0253057, 145.394, 0.167596, -155.06, 0.106745, -4.23377
2911, 48.51667, 104.357, -14.9112, 310.632, 155.098, 499.532, 41.8275, 0.0251745, 145.096, 0.167629, -154.984, 0.106469, -4.11951
2912, 48.52500, 104.349, -14.8668, 310.309, 155.082, 499.017, 41.8242, 0.0250442, 144.795, 0.167663, -154.909, 0.106195, -4.00498
2912, 48.53333, 104.341, -14.8224, 309.986, 155.065, 498.503, 41.8209, 0.0249149, 144.493, 0.167697, -154.834, 0.105921, -3.89017
2913, 48.54167, 104.333, -14.778, 309.664, 155.048, 497.99, 41.8176, 0.0247866, 144.188, 0.167732, -154.758, 0.105648, -3.77506
2913, 48.55000, 104.325, -14.7336, 309.341, 155.032, 497.477, 41.8143, 0.0246592, 143.88, 0.167766, -154.684, 0.105376, -3.65968
2914, 48.55833, 104.317, -14.6892, 309.02, 155.015, 496.966, 41.811, 0.0245328, 143.571, 0.167802, -154.609, 0.105106, -3.54401
2914, 48.56667, 104.309, -14.6448, 308.698, 154.998, 496.455, 41.8077, 0.0244074, 143.259, 0.167837, -154.534, 0.104836, -3.42805
2915, 48.57500, 104.302, -14.6005, 308.377, 154.982, 495.945, 41.8045, 0.024283, 142.944, 0.167873, -154.46, 0.104567, -3.31181
2915, 48.58333, 104.295, -14.5561, 308.056, 154.965, 495.436, 41.8012, 0.0241596, 142.627, 0.167909, -154.385, 0.1043, -3.19529
2916, 48.59167, 104.288, -14.5118, 307.736, 154.948, 494.928, 41.7979, 0.0240371, 142.308, 0.167945, -154.311, 0.104033, -3.07846
2916, 48.60000, 104.281, -14.4675, 307.415, 154.932, 494.421, 41.7947, 0.0239157, 141.986, 0.167982, -154.237, 0.103767, -2.96137
2917, 48.60833, 104.274, -14.4232, 307.096, 154.915, 493.915, 41.7914, 0.0237953, 141.662, 0.168019, -154.164, 0.103502, -2.84399
2917, 48.61667, 104.267, -14.3789, 306.776, 154.899, 493.409, 41.7882, 0.0236759, 141.335, 0.168057, -154.09, 0.103238, -2.7263
2918, 48.62500, 104.261, -14.3347, 306.457, 154.882, 492.905, 41.7849, 0.0235576, 141.006, 0.168094, -154.017, 0.102975, -2.60835
2918, 48.63333, 104.254, -14.2904, 306.138, 154.865, 492.401, 41.7817, 0.0234402, 140.675, 0.168133, -153.943, 0.102713, -2.4901
2919, 48.64167, 104.248, -14.2462, 305.82, 154.849, 491.899, 41.7784, 0.0233239, 140.341, 0.168171, -153.87, 0.102452, -2.37156
2919, 48.65000, 104.242, -14.202, 305.502, 154.832, 491.397, 41.7752, 0.0232087, 140.004, 0.16821, -153.797, 0.102193, -2.25273
2920, 48.65833, 104.236, -14.1578, 305.184, 154.816, 490.896, 41.772, 0.0230945, 139.666, 0.168249, -153.725, 0.101933, -2.13362
2920, 48.66667, 104.23, -14.1136, 304.867, 154.799, 490.396, 41.7687, 0.0229813, 139.324, 0.168288, -153.652, 0.101675, -2.01421
2921, 48.67500, 104.225, -14.0695, 304.55, 154.783, 489.896, 41.7655, 0.0228693, 138.98, 0.168327, -153.579, 0.101418, -1.89452
2921, 48.68333, 104.22, -14.0253, 304.233, 154.766, 489.398, 41.7623, 0.0227582, 138.634, 0.168367, -153.507, 0.101162, -1.77454
2922, 48.69167, 104.214, -13.9812, 303.917, 154.75, 488.9, 41.7591, 0.0226483, 138.285, 0.168408, -153.435, 0.100907, -1.65425
2922, 48.70000, 104.209, -13.9371, 303.601, 154.733, 488.404, 41.7558, 0.0225394, 137.934, 0.168448, -153.363, 0.100653, -1.53369
2923, 48.70833, 104.204, -13.893, 303.285, 154.717, 487.908, 41.7526, 0.0224316, 137.58, 0.168489, -153.291, 0.100399, -1.41284
2923, 48.71667, 104.199, -13.8489, 302.97, 154.7, 487.413, 41.7494, 0.022325, 137.224, 0.16853, -153.22, 0.100147, -1.29168
2924, 48.72500, 104.195, -13.8049, 302.655, 154.684, 486.919, 41.7462, 0.0222194, 136.865, 0.168572, -153.148, 0.0998955, -1.17024
2924, 48.73333, 104.19, -13.7608, 302.34, 154.667, 486.425, 41.743, 0.0221149, 136.504, 0.168613, -153.077, 0.099645, -1.04851
2925, 48.74167, 104.186, -13.7168, 302.026, 154.651, 485.933, 41.7398, 0.0220115, 136.141, 0.168655, -153.006, 0.0993954, -0.926474
2925, 48.75000, 104.182, -13.6728, 301.712, 154.634, 485.441, 41.7366, 0.0219092, 135.774, 0.168698, -152.935, 0.0991468, -0.804159
2926, 48.75833, 104.178, -13.6289, 301.398, 154.618, 484.95, 41.7334, 0.0218081, 135.406, 0.16874, -152.865, 0.0988991, -0.68155
2926, 48.76667, 104.174, -13.5849, 301.085, 154.601, 484.46, 41.7302, 0.0217081, 135.035, 0.168783, -152.794, 0.0986523, -0.558633
2927, 48.77500, 104.17, -13.541, 300.772, 154.585, 483.971, 41.7271, 0.0216092, 134.661, 0.168826, -152.724, 0.0984065, -0.435436
2927, 48.78333, 104.167, -13.4971, 300.459, 154.568, 483.483, 41.7239, 0.0215115, 134.285, 0.16887, -152.653, 0.0981616, -0.311944
2928, 48.79167, 104.163, -13.4532, 300.147, 154.552, 482.995, 41.7207, 0.0214149, 133.907, 0.168913, -152.583, 0.0979176, -0.188143
2928, 48.80000, 104.16, -13.4093, 299.835, 154.536, 482.508, 41.7175, 0.0213194, 133.526, 0.168957, -152.513, 0.0976745, -0.0640618
2929, 48.80833, 104.157, -13.3654, 299.523, 154.519, 482.023, 41.7143, 0.0212251, 133.143, 0.169001, -152.444, 0.0974324, 0.0603153
2929, 48.81667, 104.154, -13.3216, 299.211, 154.503, 481.538, 41.7112, 0.021132, 132.757, 0.169046, -152.374, 0.0971911, 0.185003
2930, 48.82500, 104.151, -13.2778, 298.9, 154.487, 481.053, 41.708, 0.0210401, 132.369, 0.169091, -152.305, 0.0969508, 0.309973
2930, 48.83333, 104.149, -13.234, 298.59, 154.47, 480.57, 41.7048, 0.0209493, 131.979, 0.169136, -152.236, 0.0967114, 0.435239
2931, 48.84167, 104.146, -13.1902, 298.279, 154.454, 480.087, 41.7017, 0.0208597, 131.586, 0.169181, -152.167, 0.0964729, 0.560817
2931, 48.85000, 104.144, -13.1465, 297.969, 154.437, 479.605, 41.6985, 0.0207713, 131.191, 0.169227, -152.098, 0.0962354, 0.686677
2932, 48.85833, 104.142, -13.1027, 297.659, 154.421, 479.124, 41.6954, 0.020684, 130.793, 0.169273, -152.029, 0.0959987, 0.812835
2932, 48.86667, 104.14, -13.059, 297.35, 154.405, 478.644, 41.6922, 0.020598, 130.393, 0.169319, -151.961, 0.0957629, 0.939306
2933, 48.87500, 104.138, -13.0154, 297.041, 154.388, 478.165, 41.689, 0.0205132, 129.991, 0.169365, -151.892, 0.0955281, 1.06606
2933, 48.88333, 104.136, -12.9717, 296.732, 154.372, 477.686, 41.6859, 0.0204296, 129.587, 0.169412, -151.824, 0.0952941, 1.19311
2934, 48.89167, 104.135, -12.9281, 296.424, 154.356, 477.208, 41.6828, 0.0203471, 129.18, 0.169459, -151.756, 0.0950611, 1.32048
2934, 48.90000, 104.134, -12.8844, 296.116, 154.34, 476.731, 41.6796, 0.020266, 128.771, 0.169506, -151.688, 0.0948289, 1.44813
2935, 48.90833, 104.132, -12.8409, 295.808, 154.323, 476.255, 41.6765, 0.020186, 128.36, 0.169553, -151.621, 0.0945977, 1.57608
2935, 48.91667, 104.131, -12.7973, 295.5, 154.307, 475.779, 41.6733, 0.0201072, 127.947, 0.169601, -151.553, 0.0943673, 1.70435
2936, 48.92500, 104.13, -12.7538, 295.193, 154.291, 475.305, 41.6702, 0.0200297, 127.532, 0.169649, -151.486, 0.0941378, 1.8329
2936, 48.93333, 104.13, -12.7102, 294.886, 154.275, 474.831, 41.6671, 0.0199535, 127.114, 0.169697, -151.419, 0.0939093, 1.96175
2937, 48.94167, 104.129, -12.6667, 294.58, 154.258, 474.358, 41.6639, 0.0198784, 126.694, 0.169746, -151.352, 0.0936815, 2.09092
2937, 48.95000, 104.129, -12.6233, 294.273, 154.242, 473.885, 41.6608, 0.0198046, 126.273, 0.169794, -151.285, 0.0934547, 2.22037
2938, 48.95833, 104.128, -12.5798, 293.968, 154.226, 473.414, 41.6577, 0.0197321, 125.849, 0.169843, -151.218, 0.0932288, 2.35012
2938, 48.96667, 104.128, -12.5364, 293.662, 154.21, 472.943, 41.6546, 0.0196608, 125.423, 0.169892, -151.152, 0.0930038, 2.4802
2939, 48.97500, 104.128, -12.493, 293.357, 154.193, 472.473, 41.6514, 0.0195908, 124.995, 0.169942, -151.086, 0.0927797, 2.61055
2939, 48.98333, 104.128, -12.4496, 293.052, 154.177, 472.003, 41.6483, 0.019522, 124.566, 0.169991, -151.019, 0.0925564, 2.74121
2940, 48.99167, 104.129, -12.4063, 292.747, 154.161, 471.535, 41.6452, 0.0194545, 124.134, 0.170041, -150.953, 0.092334, 2.87219
2940, 49.00000, 104.129, -12.363, 292.443, 154.145, 471.067, 41.6421, 0.0193883, 123.701, 0.170091, -150.888, 0.0921125, 3.00346
2941, 49.00833, 104.13, -12.3197, 292.139, 154.129, 470.6, 41.639, 0.0193233, 123.265, 0.170142, -150.822, 0.0918918, 3.13503
2941, 49.01667, 104.131, -12.2764, 291.835, 154.113, 470.134, 41.6359, 0.0192596, 122.828, 0.170192, -150.757, 0.0916721, 3.26691
2942, 49.02500, 104.132, -12.2332, 291.532, 154.096, 469.668, 41.6328, 0.0191972, 122.389, 0.170243, -150.691, 0.0914532, 3.39909
2942, 49.03333, 104.133, -12.19, 291.229, 154.08, 469.204, 41.6297, 0.0191361, 121.949, 0.170294, -150.626, 0.0912352, 3.53157
2943, 49.04167, 104.134, -12.1468, 290.926, 154.064, 468.74, 41.6266, 0.0190762, 121.507, 0.170345, -150.562, 0.091018, 3.66437
2943, 49.05000, 104.136, -12.1036, 290.624, 154.048, 468.276, 41.6235, 0.0190176, 121.063, 0.170396, -150.497, 0.0908017, 3.79745
2944, 49.05833, 104.137, -12.0605, 290.321, 154.032, 467.814, 41.6204, 0.0189604, 120.618, 0.170448, -150.432, 0.0905863, 3.93084
2944, 49.06667, 104.139, -12.0174, 290.02, 154.016, 467.352, 41.6173, 0.0189044, 120.171, 0.1705, -150.368, 0.0903718, 4.06455
2945, 49.07500, 104.141, -11.9743, 289.718, 154, 466.891, 41.6142, 0.0188497, 119.722, 0.170552, -150.304, 0.0901581, 4.19856
2945, 49.08333, 104.143, -11.9313, 289.417, 153.984, 466.431, 41.6111, 0.0187963, 119.273, 0.170604, -150.24, 0.0899453, 4.33286
2946, 49.09167, 104.145, -11.8883, 289.116, 153.968, 465.971, 41.608, 0.0187442, 118.821, 0.170657, -150.176, 0.0897333, 4.46749
2946, 49.10000, 104.147, -11.8453, 288.815, 153.952, 465.512, 41.6049, 0.0186933, 118.369, 0.170709, -150.112, 0.0895222, 4.6024
2947, 49.10833, 104.15, -11.8023, 288.515, 153.936, 465.054, 41.6019, 0.0186438, 117.915, 0.170762, -150.049, 0.0893119, 4.73763
2947, 49.11667, 104.153, -11.7594, 288.215, 153.92, 464.597, 41.5988, 0.0185956, 117.46, 0.170815, -149.985, 0.0891025, 4.87317
2948, 49.12500, 104.155, -11.7165, 287.915, 153.903, 464.14, 41.5957, 0.0185487, 117.004, 0.170869, -149.922, 0.088894, 5.009
2948, 49.13333, 104.158, -11.6736, 287.616, 153.887, 463.684, 41.5926, 0.0185031, 116.547, 0.170922, -149.859, 0.0886863, 5.14514
2949, 49.14167, 104.162, -11.6308, 287.317, 153.871, 463.229, 41.5896, 0.0184587, 116.089, 0.170976, -149.796, 0.0884795, 5.28161
2949, 49.15000, 104.165, -11.588, 287.018, 153.855, 462.774, 41.5865, 0.0184157, 115.63, 0.17103, -149.733, 0.0882735, 5.41836
2950, 49.15833, 104.168, -11.5452, 286.72, 153.839, 462.321, 41.5834, 0.018374, 115.169, 0.171084, -149.671, 0.0880684, 5.55542
2950, 49.16667, 104.172, -11.5024, 286.422, 153.823, 461.868, 41.5803, 0.0183336, 114.708, 0.171138, -149.609, 0.087864, 5.6928
2951, 49.17500, 104.176, -11.4597, 286.124, 153.808, 461.415, 41.5773, 0.0182944, 114.247, 0.171193, -149.546, 0.0876606, 5.83047
2951, 49.18333, 104.179, -11.417, 285.826, 153.792, 460.964, 41.5742, 0.0182566, 113.784, 0.171247, -149.485, 0.087458, 5.96845
2952, 49.19167, 104.183, -11.3744, 285.529, 153.776, 460.513, 41.5712, 0.0182201, 113.321, 0.171302, -149.423, 0.0872562, 6.10675
2952, 49.20000, 104.188, -11.3317, 285.232, 153.76, 460.062, 41.5681, 0.0181848, 112.857, 0.171357, -149.361, 0.0870553, 6.24535
2953, 49.20833, 104.192, -11.2891, 284.935, 153.744, 459.613, 41.565, 0.0181509, 112.392, 0.171412, -149.3, 0.0868553, 6.38425
2953, 49.21667, 104.197, -11.2466, 284.639, 153.728, 459.164, 41.562, 0.0181182, 111.927, 0.171468, -149.238, 0.086656, 6.52347
2954, 49.22500, 104.201, -11.2041, 284.343, 153.712, 458.716, 41.5589, 0.0180868, 111.462, 0.171523, -149.177, 0.0864576, 6.66299
2954, 49.23333, 104.206, -11.1616, 284.047, 153.696, 458.269, 41.5559, 0.0180568, 110.996, 0.171579, -149.116, 0.0862601, 6.80281
2955, 49.24167, 104.211, -11.1191, 283.752, 153.68, 457.822, 41.5528, 0.0180279, 110.53, 0.171635, -149.055, 0.0860633, 6.94295
2955, 49.25000, 104.216, -11.0766, 283.457, 153.664, 457.376, 41.5498, 0.0180004, 110.064, 0.171691, -148.995, 0.0858674, 7.08339
2956, 49.25833, 104.221, -11.0343, 283.162, 153.648, 456.93, 41.5467, 0.0179742, 109.598, 0.171747, -148.934, 0.0856724, 7.22414
2956, 49.26667, 104.227, -10.9919, 282.867, 153.632, 456.486, 41.5437, 0.0179492, 109.131, 0.171804, -148.874, 0.0854782, 7.3652
2957, 49.27500, 104.232, -10.9495, 282.573, 153.617, 456.042, 41.5407, 0.0179255, 108.664, 0.17186, -148.814, 0.0852848, 7.50656
2957, 49.28333, 104.238, -10.9072, 282.279, 153.601, 455.599, 41.5376, 0.017903, 108.198, 0.171917, -148.754, 0.0850922, 7.64823
2958, 49.29167, 104.244, -10.865, 281.985, 153.585, 455.156, 41.5346, 0.0178818, 107.731, 0.171974, -148.694, 0.0849005, 7.79022
2958, 49.30000, 104.25, -10.8227, 281.692, 153.569, 454.714, 41.5315, 0.0178619, 107.265, 0.172031, -148.635, 0.0847096, 7.9325
2959, 49.30833, 104.256, -10.7805, 281.399, 153.553, 454.273, 41.5285, 0.0178432, 106.799, 0.172088, -148.575, 0.0845195, 8.07509
2959, 49.31667, 104.263, -10.7384, 281.106, 153.537, 453.832, 41.5255, 0.0178258, 106.333, 0.172146, -148.516, 0.0843302, 8.21801
2960, 49.32500, 104.269, -10.6963, 280.813, 153.522, 453.392, 41.5224, 0.0178096, 105.867, 0.172203, -148.457, 0.0841418, 8.36121
2960, 49.33333, 104.276, -10.6542, 280.521, 153.506, 452.953, 41.5194, 0.0177947, 105.402, 0.172261, -148.398, 0.0839542, 8.50472
2961, 49.34167, 104.282, -10.6121, 280.229, 153.49, 452.515, 41.5164, 0.0177809, 104.938, 0.172319, -148.339, 0.0837674, 8.64855
2961, 49.35000, 104.289, -10.5701, 279.938, 153.474, 452.077, 41.5134, 0.0177684, 104.473, 0.172377, -148.281, 0.0835814, 8.79268
2962, 49.35833, 104.297, -10.5281, 279.646, 153.459, 451.64, 41.5103, 0.0177571, 104.01, 0.172435, -148.222, 0.0833963, 8.93711
2962, 49.36667, 104.304, -10.4861, 279.355, 153.443, 451.203, 41.5073, 0.0177471, 103.547, 0.172493, -148.164, 0.0832119, 9.08187
2963, 49.37500, 104.311, -10.4442, 279.065, 153.427, 450.767, 41.5043, 0.0177382, 103.085, 0.172551, -148.106, 0.0830284, 9.22691
2963, 49.38333, 104.319, -10.4023, 278.774, 153.411, 450.332, 41.5013, 0.0177305, 102.624, 0.17261, -148.048, 0.0828457, 9.37226
2964, 49.39167, 104.326, -10.3605, 278.484, 153.396, 449.897, 41.4983, 0.0177241, 102.163, 0.172669, -147.991, 0.0826638, 9.51794
2964, 49.40000, 104.334, -10.3187, 278.194, 153.38, 449.463, 41.4953, 0.0177188, 101.704, 0.172728, -147.933, 0.0824827, 9.6639
2965, 49.40833, 104.342, -10.2769, 277.905, 153.364, 449.03, 41.4922, 0.0177147, 101.245, 0.172787, -147.876, 0.0823025, 9.81017
2965, 49.41667, 104.35, -10.2352, 277.615, 153.348, 448.598, 41.4892, 0.0177117, 100.788, 0.172846, -147.818, 0.082123, 9.95676
2966, 49.42500, 104.359, -10.1935, 277.326, 153.333, 448.166, 41.4862, 0.0177099, 100.331, 0.172905, -147.761, 0.0819444, 10.1036
2966, 49.43333, 104.367, -10.1518, 277.037, 153.317, 447.734, 41.4832, 0.0177093, 99.8762, 0.172964, -147.704, 0.0817666, 10.2508
2967, 49.44167, 104.376, -10.1102, 276.749, 153.301, 447.304, 41.4802, 0.0177098, 99.4221, 0.173024, -147.648, 0.0815896, 10.3983
2967, 49.45000, 104.385, -10.0686, 276.461, 153.286, 446.874, 41.4772, 0.0177115, 98.9694, 0.173083, -147.591, 0.0814134, 10.5461
2968, 49.45833, 104.393, -10.0271, 276.173, 153.27, 446.444, 41.4742, 0.0177143, 98.518, 0.173143, -147.535, 0.081238, 10.6942
2968, 49.46667, 104.402, -9.9856, 275.885, 153.254, 446.016, 41.4712, 0.0177182, 98.0679, 0.173203, -147.479, 0.0810634, 10.8426
2969, 49.47500, 104.412, -9.94414, 275.598, 153.239, 445.587, 41.4682, 0.0177232, 97.6193, 0.173263, -147.423, 0.0808896, 10.9914
2969, 49.48333, 104.421, -9.90272, 275.311, 153.223, 445.16, 41.4652, 0.0177293, 97.1722, 0.173323, -147.367, 0.0807166, 11.1404
2970, 49.49167, 104.431, -9.86133, 275.024, 153.208, 444.733, 41.4622, 0.0177365, 96.7266, 0.173383, -147.311, 0.0805444, 11.2897
2970, 49.50000, 104.44, -9.81999, 274.738, 153.192, 444.307, 41.4592, 0.0177448, 96.2826, 0.173444, -147.255, 0.080373, 11.4393
2971, 49.50833, 104.45, -9.77868, 274.452, 153.176, 443.882, 41.4562, 0.0177542, 95.8403, 0.173504, -147.2, 0.0802025, 11.5892
2971, 49.51667, 104.46, -9.73741, 274.166, 153.161, 443.457, 41.4532, 0.0177646, 95.3996, 0.173565, -147.145, 0.0800327, 11.7395
2972, 49.52500, 104.47, -9.69619, 273.88, 153.145, 443.032, 41.4502, 0.0177761, 94.9607, 0.173625, -147.09, 0.0798637, 11.89
2972, 49.53333, 104.48, -9.655, 273.595, 153.13, 442.609, 41.4473, 0.0177886, 94.5236, 0.173686, -147.035, 0.0796955, 12.0408
2973, 49.54167, 104.491, -9.61385, 273.31, 153.114, 442.186, 41.4443, 0.0178022, 94.0883, 0.173747, -146.98, 0.0795281, 12.192
2973, 49.55000, 104.501, -9.57275, 273.025, 153.098, 441.763, 41.4413, 0.0178167, 93.6549, 0.173808, -146.926, 0.0793616, 12.3434
2974, 49.55833, 104.512, -9.53169, 272.741, 153.083, 441.341, 41.4383, 0.0178323, 93.2234, 0.173869, -146.871, 0.0791958, 12.4951
2974, 49.56667, 104.523, -9.49067, 272.456, 153.067, 440.92, 41.4353, 0.017849, 92.7939, 0.17393, -146.817, 0.0790308, 12.6472
2975, 49.57500, 104.534, -9.44969, 272.172, 153.052, 440.5, 41.4323, 0.0178666, 92.3664, 0.173992, -146.763, 0.0788666, 12.7995
2975, 49.58333, 104.545, -9.40875, 271.889, 153.036, 440.08, 41.4294, 0.0178851, 91.9409, 0.174053, -146.709, 0.0787032, 12.9521
2976, 49.59167, 104.556, -9.36785, 271.605, 153.021, 439.66, 41.4264, 0.0179047, 91.5175, 0.174114, -146.656, 0.0785406, 13.105
2976, 49.60000, 104.568, -9.327, 271.322, 153.005, 439.242, 41.4234, 0.0179252, 91.0962, 0.174176, -146.602, 0.0783788, 13.2583
2977, 49.60833, 104.579, -9.28619, 271.039, 152.99, 438.824, 41.4204, 0.0179467, 90.677, 0.174238, -146.549, 0.0782178, 13.4118
2977, 49.61667, 104.591, -9.24541, 270.757, 152.974, 438.406, 41.4175, 0.0179691, 90.26, 0.174299, -146.495, 0.0780575, 13.5656
2978, 49.62500, 104.603, -9.20469, 270.475, 152.959, 437.989, 41.4145, 0.0179925, 89.8453, 0.174361, -146.442, 0.0778981, 13.7197
2978, 49.63333, 104.615, -9.16401, 270.193, 152.943, 437.573, 41.4115, 0.0180167, 89.4328, 0.174423, -146.389, 0.0777395, 13.8741
2979, 49.64167, 104.627, -9.12336, 269.911, 152.928, 437.157, 41.4086, 0.0180419, 89.0226, 0.174485, -146.337, 0.0775816, 14.0288
2979, 49.65000, 104.639, -9.08277, 269.629, 152.913, 436.742, 41.4056, 0.018068, 88.6147, 0.174547, -146.284, 0.0774245, 14.1838
2980, 49.65833, 104.652, -9.04222, 269.348, 152.897, 436.328, 41.4026, 0.0180949, 88.2091, 0.174609, -146.232, 0.0772682, 14.3391
2980, 49.66667, 104.664, -9.0017, 269.067, 152.882, 435.914, 41.3997, 0.0181228, 87.8059, 0.174671, -146.179, 0.0771127, 14.4947
2981, 49.67500, 104.677, -8.96124, 268.787, 152.866, 435.501, 41.3967, 0.0181515, 87.4051, 0.174734, -146.127, 0.076958, 14.6505
2981, 49.68333, 104.69, -8.92082, 268.506, 152.851, 435.088, 41.3938, 0.018181, 87.0067, 0.174796, -146.076, 0.0768041, 14.8067
2982, 49.69167, 104.703, -8.88044, 268.226, 152.835, 434.676, 41.3908, 0.0182114, 86.6107, 0.174859, -146.024, 0.0766509, 14.9631
2982, 49.70000, 104.716, -8.84011, 267.947, 152.82, 434.264, 41.3878, 0.0182427, 86.2172, 0.174921, -145.972, 0.0764986, 15.1199
2983, 49.70833, 104.73, -8.79983, 267.667, 152.805, 433.854, 41.3849, 0.0182747, 85.8262, 0.174984, -145.921, 0.076347, 15.2769
2983, 49.71667, 104.743, -8.75958, 267.388, 152.789, 433.443, 41.3819, 0.0183076, 85.4376, 0.175046, -145.869, 0.0761962, 15.4342
2984, 49.72500, 104.757, -8.71939, 267.109, 152.774, 433.033, 41.379, 0.0183413, 85.0516, 0.175109, -145.818, 0.0760462, 15.5918
2984, 49.73333, 104.77, -8.67924, 266.83, 152.759, 432.624, 41.376, 0.0183757, 84.6681, 0.175172, -145.767, 0.0758969, 15.7497
2985, 49.74167, 104.784, -8.63913, 266.552, 152.743, 432.216, 41.3731, 0.0184109, 84.2871, 0.175235, -145.717, 0.0757485, 15.9079
2985, 49.75000, 104.798, -8.59907, 266.273, 152.728, 431.808, 41.3701, 0.0184469, 83.9088, 0.175298, -145.666, 0.0756008, 16.0663
2986, 49.75833, 104.813, -8.55906, 265.995, 152.713, 431.4, 41.3672, 0.0184837, 83.533, 0.175361, -145.616, 0.0754539, 16.2251
2986, 49.76667, 104.827, -8.51909, 265.718, 152.697, 430.994, 41.3643, 0.0185212, 83.1597, 0.175424, -145.565, 0.0753078, 16.3841
2987, 49.77500, 104.841, -8.47918, 265.44, 152.682, 430.587, 41.3613, 0.0185594, 82.7891, 0.175487, -145.515, 0.0751624, 16.5434
2987, 49.78333, 104.856, -8.43931, 265.163, 152.667, 430.182, 41.3584, 0.0185984, 82.4211, 0.17555, -145.465, 0.0750179, 16.703
2988, 49.79167, 104.871, -8.39948, 264.886, 152.651, 429.777, 41.3554, 0.018638, 82.0557, 0.175613, -145.415, 0.0748741, 16.8628
2988, 49.80000, 104.886, -8.3597, 264.61, 152.636, 429.372, 41.3525, 0.0186784, 81.6929, 0.175676, -145.366, 0.0747311, 17.023
2989, 49.80833, 104.901, -8.31997, 264.334, 152.621, 428.968, 41.3496, 0.0187195, 81.3328, 0.175739, -145.316, 0.0745888, 17.1834
2989, 49.81667, 104.916, -8.28029, 264.057, 152.606, 428.565, 41.3466, 0.0187612, 80.9753, 0.175803, -145.267, 0.0744473, 17.3441
2990, 49.82500, 104.931, -8.24065, 263.782, 152.59, 428.162, 41.3437, 0.0188036, 80.6204, 0.175866, -145.217, 0.0743066, 17.505
2990, 49.83333, 104.947, -8.20107, 263.506, 152.575, 427.76, 41.3408, 0.0188467, 80.2682, 0.175929, -145.168, 0.0741667, 17.6663
2991, 49.84167, 104.963, -8.16152, 263.231, 152.56, 427.358, 41.3378, 0.0188904, 79.9187, 0.175993, -145.12, 0.0740275, 17.8278
2991, 49.85000, 104.978, -8.12204, 262.956, 152.545, 426.957, 41.3349, 0.0189348, 79.5718, 0.176056, -145.071, 0.0738892, 17.9896
2992, 49.85833, 104.994, -8.0826, 262.681, 152.529, 426.556, 41.332, 0.0189798, 79.2276, 0.17612, -145.022, 0.0737516, 18.1516
2992, 49.86667, 105.01, -8.0432, 262.407, 152.514, 426.156, 41.3291, 0.0190254, 78.886, 0.176183, -144.974, 0.0736147, 18.314
2993, 49.87500, 105.027, -8.00386, 262.133, 152.499, 425.757, 41.3262, 0.0190716, 78.5471, 0.176247, -144.926, 0.0734786, 18.4765
2993, 49.88333, 105.043, -7.96456, 261.859, 152.484, 425.358, 41.3232, 0.0191184, 78.2108, 0.176311, -144.878, 0.0733433, 18.6394
2994, 49.89167, 105.059, -7.92532, 261.585, 152.469, 424.96, 41.3203, 0.0191658, 77.8772, 0.176374, -144.83, 0.0732088, 18.8025
2994, 49.90000, 105.076, -7.88612, 261.312, 152.453, 424.562, 41.3174, 0.0192138, 77.5463, 0.176438, -144.782, 0.073075, 18.9659
2995, 49.90833, 105.093, -7.84698, 261.038, 152.438, 424.165, 41.3145, 0.0192623, 77.218, 0.176502, -144.734, 0.072942, 19.1296
2995, 49.91667, 105.11, -7.80788, 260.765, 152.423, 423.768, 41.3116, 0.0193114, 76.8923, 0.176565, -144.687, 0.0728098, 19.2935
2996, 49.92500, 105.127, -7.76884, 260.493, 152.408, 423.372, 41.3087, 0.0193611, 76.5693, 0.176629, -144.639, 0.0726783, 19.4576
2996, 49.93333, 105.144, -7.72984, 260.22, 152.393, 422.976, 41.3057, 0.0194113, 76.249, 0.176693, -144.592, 0.0725476, 19.6221
2997, 49.94167, 105.161, -7.6909, 259.948, 152.378, 422.581, 41.3028, 0.019462, 75.9312, 0.176757, -144.545, 0.0724176, 19.7868
2997, 49.95000, 105.179, -7.65201, 259.677, 152.362, 422.187, 41.2999, 0.0195133, 75.6162, 0.176821, -144.498, 0.0722884, 19.9517
2998, 49.95833, 105.197, -7.61316, 259.405, 152.347, 421.793, 41.297, 0.019565, 75.3037, 0.176884, -144.452, 0.07216, 20.1169
2998, 49.96667, 105.214, -7.57437, 259.134, 152.332, 421.4, 41.2941, 0.0196173, 74.9938, 0.176948, -144.405, 0.0720323, 20.2824
2999, 49.97500, 105.232, -7.53563, 258.862, 152.317, 421.007, 41.2912, 0.01967, 74.6866, 0.177012, -144.359, 0.0719054, 20.448
2999, 49.98333, 105.25, -7.49695, 258.592, 152.302, 420.614, 41.2883, 0.0197233, 74.3819, 0.177076, -144.312, 0.0717793, 20.614
3000, 49.99167, 105.268, -7.45831, 258.321, 152.287, 420.223, 41.2854, 0.019777, 74.0798, 0.17714, -144.266, 0.0716539, 20.7802
3000, 50.00000, 105.287, -7.41973, 258.051, 152.272, 419.831, 41.2825, 0.0198312, 73.7804, 0.177204, -144.22, 0.0715293, 20.9466
3001, 50.00833, 105.305, -7.3812, 257.781, 152.257, 419.441, 41.2796, 0.0198858, 73.4835, 0.177268, -144.175, 0.0714054, 21.1133
3001, 50.01667, 105.324, -7.34271, 257.511, 152.242, 419.05, 41.2767, 0.0199409, 73.1891, 0.177331, -144.129, 0.0712823, 21.2803
3002, 50.02500, 105.343, -7.30429, 257.241, 152.227, 418.661, 41.2738, 0.0199964, 72.8973, 0.177395, -144.083, 0.07116, 21.4474
3002, 50.03333, 105.361, -7.26592, 256.972, 152.212, 418.272, 41.2709, 0.0200524, 72.608, 0.177459, -144.038, 0.0710384, 21.6148
3003, 50.04167, 105.38, -7.22759, 256.703, 152.197, 417.883, 41.268, 0.0201088, 72.3213, 0.177523, -143.993, 0.0709175, 21.7825
3003, 50.05000, 105.4, -7.18933, 256.434, 152.181, 417.495, 41.2652, 0.0201656, 72.037, 0.177587, -143.948, 0.0707975, 21.9504
3004, 50.05833, 105.419, -7.15111, 256.166, 152.166, 417.108, 41.2623, 0.0202228, 71.7553, 0.177651, -143.903, 0.0706781, 22.1185
3004, 50.06667, 105.438, -7.11295, 255.897, 152.151, 416.721, 41.2594, 0.0202804, 71.4761, 0.177715, -143.858, 0.0705595, 22.2869
3005, 50.07500, 105.458, -7.07484, 255.629, 152.136, 416.334, 41.2565, 0.0203384, 71.1993, 0.177779, -143.814, 0.0704417, 22.4555
3005, 50.08333, 105.478, -7.03679, 255.362, 152.121, 415.948, 41.2536, 0.0203968, 70.925, 0.177843, -143.769, 0.0703247, 22.6243
3006, 50.09167, 105.497, -6.99879, 255.094, 152.106, 415.563, 41.2507, 0.0204555, 70.6531, 0.177906, -143.725, 0.0702083, 22.7933
3006, 50.10000, 105.517, -6.96085, 254.827, 152.091, 415.178, 41.2479, 0.0205146, 70.3837, 0.17797, -143.681, 0.0700928, 22.9626
3007, 50.10833, 105.537, -6.92296, 254.56, 152.076, 414.793, 41.245, 0.0205741, 70.1167, 0.178034, -143.637, 0.0699779, 23.1321
3007, 50.11667, 105.558, -6.88512, 254.293, 152.061, 414.41, 41.2421, 0.020634, 69.8521, 0.178098, -143.593, 0.0698639, 23.3018
3008, 50.12500, 105.578, -6.84734, 254.027, 152.047, 414.026, 41.2392, 0.0206941, 69.59, 0.178162, -143.549, 0.0697505, 23.4718
3008, 50.13333, 105.599, -6.80962, 253.76, 152.032, 413.643, 41.2364, 0.0207547, 69.3302, 0.178226, -143.506, 0.069638, 23.6419
3009, 50.14167, 105.619, -6.77194, 253.494, 152.017, 413.261, 41.2335, 0.0208155, 69.0727, 0.178289, -143.462, 0.0695261, 23.8123
3009, 50.15000, 105.64, -6.73433, 253.229, 152.002, 412.879, 41.2306, 0.0208767, 68.8176, 0.178353, -143.419, 0.0694151, 23.9829
3010, 50.15833, 105.661, -6.69677, 252.963, 151.987, 412.498, 41.2278, 0.0209382, 68.5648, 0.178417, -143.376, 0.0693047, 24.1537
3010, 50.16667, 105.682, -6.65926, 252.698, 151.972, 412.117, 41.2249, 0.021, 68.3144, 0.178481, -143.333, 0.0691951, 24.3247
3011, 50.17500, 105.703, -6.62182, 252.433, 151.957, 411.737, 41.222, 0.0210621, 68.0662, 0.178544, -143.29, 0.0690863, 24.4959
3011, 50.18333, 105.725, -6.58443, 252.168, 151.942, 411.357, 41.2192, 0.0211245, 67.8204, 0.178608, -143.247, 0.0689782, 24.6673
3012, 50.19167, 105.746, -6.54709, 251.903, 151.927, 410.978, 41.2163, 0.0211872, 67.5768, 0.178672, -143.205, 0.0688708, 24.839
3012, 50.20000, 105.768, -6.50981, 251.639, 151.912, 410.599, 41.2135, 0.0212502, 67.3355, 0.178735, -143.162, 0.0687642, 25.0108
3013, 50.20833, 105.789, -6.47259, 251.375, 151.897, 410.221, 41.2106, 0.0213135, 67.0964, 0.178799, -143.12, 0.0686583, 25.1828
3013, 50.21667, 105.811, -6.43542, 251.111, 151.882, 409.843, 41.2077, 0.021377, 66.8595, 0.178862, -143.078, 0.0685532, 25.3551
3014, 50.22500, 105.833, -6.39831, 250.848, 151.868, 409.466, 41.2049, 0.0214408, 66.6249, 0.178926, -143.036, 0.0684488, 25.5275
3014, 50.23333, 105.855, -6.36126, 250.584, 151.853, 409.089, 41.202, 0.0215049, 66.3924, 0.178989, -142.994, 0.0683451, 25.7001
3015, 50.24167, 105.878, -6.32427, 250.321, 151.838, 408.712, 41.1992, 0.0215692, 66.1621, 0.179053, -142.952, 0.0682422, 25.8729
3015, 50.25000, 105.9, -6.28733, 250.059, 151.823, 408.337, 41.1963, 0.0216337, 65.934, 0.179116, -142.911, 0.06814, 26.0459
3016, 50.25833, 105.923, -6.25045, 249.796, 151.808, 407.961, 41.1935, 0.0216985, 65.708, 0.17918, -142.87, 0.0680386, 26.2191
3016, 50.26667, 105.945, -6.21363, 249.534, 151.793, 407.587, 41.1906, 0.0217636, 65.4841, 0.179243, -142.828, 0.0679378, 26.3925
3017, 50.27500, 105.968, -6.17687, 249.271, 151.778, 407.212, 41.1878, 0.0218288, 65.2624, 0.179306, -142.787, 0.0678379, 26.566
3017, 50.28333, 105.991, -6.14016, 249.01, 151.764, 406.839, 41.185, 0.0218943, 65.0427, 0.17937, -142.746, 0.0677386, 26.7397
3018, 50.29167, 106.014, -6.10351, 248.748, 151.749, 406.465, 41.1821, 0.02196, 64.8251, 0.179433, -142.705, 0.0676401, 26.9137
3018, 50.30000, 106.037, -6.06692, 248.487, 151.734, 406.092, 41.1793, 0.022026, 64.6096, 0.179496, -142.665, 0.0675423, 27.0877
3019, 50.30833, 106.061, -6.0304, 248.226, 151.719, 405.72, 41.1764, 0.0220921, 64.3961, 0.179559, -142.624, 0.0674453, 27.262
3019, 50.31667, 106.084, -5.99392, 247.965, 151.704, 405.348, 41.1736, 0.0221584, 64.1846, 0.179622, -142.584, 0.067349, 27.4364
3020, 50.32500, 106.108, -5.95751, 247.704, 151.69, 404.977, 41.1708, 0.022225, 63.9752, 0.179685, -142.543, 0.0672534, 27.611
3020, 50.33333, 106.131, -5.92116, 247.444, 151.675, 404.606, 41.1679, 0.0222917, 63.7677, 0.179748, -142.503, 0.0671585, 27.7857
3021, 50.34167, 106.155, -5.88486, 247.183, 151.66, 404.235, 41.1651, 0.0223586, 63.5623, 0.179811, -142.463, 0.0670644, 27.9607
3021, 50.35000, 106.179, -5.84863, 246.924, 151.645, 403.866, 41.1623, 0.0224257, 63.3587, 0.179874, -142.423, 0.066971, 28.1357
3022, 50.35833, 106.203, -5.81246, 246.664, 151.631, 403.496, 41.1595, 0.022493, 63.1572, 0.179937, -142.384, 0.0668783, 28.311
3022, 50.36667, 106.227, -5.77634, 246.404, 151.616, 403.127, 41.1566, 0.0225604, 62.9575, 0.179999, -142.344, 0.0667863, 28.4864
3023, 50.37500, 106.252, -5.74028, 246.145, 151.601, 402.759, 41.1538, 0.022628, 62.7598, 0.180062, -142.305, 0.0666951, 28.6619
3023, 50.38333, 106.276, -5.70429, 245.886, 151.586, 402.391, 41.151, 0.0226958, 62.564, 0.180125, -142.265, 0.0666046, 28.8376
3024, 50.39167, 106.301, -5.66835, 245.627, 151.572, 402.023, 41.1482, 0.0227637, 62.37, 0.180187, -142.226, 0.0665148, 29.0134
3024, 50.40000, 106.326, -5.63248, 245.369, 151.557, 401.656, 41.1453, 0.0228318, 62.1779, 0.18025, -142.187, 0.0664257, 29.1894
3025, 50.40833, 106.351, -5.59667, 245.111, 151.542, 401.289, 41.1425, 0.0229001, 61.9877, 0.180312, -142.148, 0.0663374, 29.3655
3025, 50.41667, 106.376, -5.56091, 244.853, 151.527, 400.923, 41.1397, 0.0229685, 61.7993, 0.180375, -142.109, 0.0662498, 29.5418
3026, 50.42500, 106.401, -5.52522, 244.595, 151.513, 400.558, 41.1369, 0.023037, 61.6127, 0.180437, -142.071, 0.0661629, 29.7182
3026, 50.43333, 106.426, -5.48959, 244.337, 151.498, 400.192, 41.1341, 0.0231057, 61.4279, 0.180499, -142.032, 0.0660767, 29.8947
3027, 50.44167, 106.451, -5.45402, 244.08, 151.483, 399.828, 41.1313, 0.0231745, 61.2449, 0.180561, -141.994, 0.0659912, 30.0714
3027, 50.45000, 106.477, -5.41851, 243.823, 151.469, 399.464, 41.1285, 0.0232434, 61.0636, 0.180624, -141.956, 0.0659064, 30.2481
3028, 50.45833, 106.502, -5.38307, 243.566, 151.454, 399.1, 41.1257, 0.0233125, 60.8842, 0.180686, -141.918, 0.0658224, 30.425
3028, 50.46667, 106.528, -5.34768, 243.309, 151.439, 398.736, 41.1229, 0.0233817, 60.7064, 0.180748, -141.88, 0.0657391, 30.6021
3029, 50.47500, 106.554, -5.31236, 243.053, 151.425, 398.374, 41.1201, 0.023451, 60.5304, 0.180809, -141.842, 0.0656565, 30.7792
3029, 50.48333, 106.58, -5.2771, 242.797, 151.41, 398.011, 41.1173, 0.0235204, 60.3561, 0.180871, -141.804, 0.0655745, 30.9565
3030, 50.49167, 106.606, -5.24189, 242.541, 151.395, 397.649, 41.1145, 0.0235899, 60.1834, 0.180933, -141.766, 0.0654933, 31.1339
3030, 50.50000, 106.633, -5.20676, 242.285, 151.381, 397.288, 41.1117, 0.0236595, 60.0125, 0.180995, -141.729, 0.0654129, 31.3114
3031, 50.50833, 106.659, -5.17169, 242.03, 151.366, 396.927, 41.1089, 0.0237293, 59.8432, 0.181056, -141.692, 0.0653331, 31.489
3031, 50.51667, 106.685, -5.13667, 241.775, 151.351, 396.566, 41.1061, 0.0237991, 59.6755, 0.181118, -141.654, 0.065254, 31.6667
3032, 50.52500, 106.712, -5.10172, 241.52, 151.337, 396.206, 41.1033, 0.023869, 59.5095, 0.181179, -141.617, 0.0651756, 31.8445
3032, 50.53333, 106.739, -5.06684, 241.265, 151.322, 395.847, 41.1005, 0.0239391, 59.3451, 0.18124, -141.581, 0.065098, 32.0224
3033, 50.54167, 106.766, -5.03201, 241.01, 151.308, 395.487, 41.0977, 0.0240092, 59.1823, 0.181302, -141.544, 0.065021, 32.2004
3033, 50.55000, 106.793, -4.99725, 240.756, 151.293, 395.129, 41.0949, 0.0240794, 59.0211, 0.181363, -141.507, 0.0649448, 32.3785
3034, 50.55833, 106.82, -4.96256, 240.502, 151.278, 394.77, 41.0921, 0.0241497, 58.8614, 0.181424, -141.471, 0.0648692, 32.5567
3034, 50.56667, 106.847, -4.92792, 240.248, 151.264, 394.413, 41.0893, 0.02422, 58.7034, 0.181485, -141.434, 0.0647944, 32.735
3035, 50.57500, 106.875, -4.89335, 239.994, 151.249, 394.055, 41.0866, 0.0242905, 58.5468, 0.181546, -141.398, 0.0647202, 32.9134
3035, 50.58333, 106.902, -4.85885, 239.741, 151.235, 393.698, 41.0838, 0.024361, 58.3918, 0.181607, -141.362, 0.0646468, 33.0918
3036, 50.59167, 106.93, -4.8244, 239.488, 151.22, 393.342, 41.081, 0.0244316, 58.2383, 0.181667, -141.326, 0.064574, 33.2703
3036, 50.60000, 106.958, -4.79003, 239.235, 151.205, 392.986, 41.0782, 0.0245022, 58.0863, 0.181728, -141.29, 0.0645019, 33.4489
3037, 50.60833, 106.985, -4.75571, 238.982, 151.191, 392.63, 41.0754, 0.024573, 57.9358, 0.181789, -141.254, 0.0644305, 33.6276
3037, 50.61667, 107.013, -4.72146, 238.73, 151.176, 392.275, 41.0727, 0.0246438, 57.7868, 0.181849, -141.218, 0.0643599, 33.8064
3038, 50.62500, 107.042, -4.68728, 238.477, 151.162, 391.92, 41.0699, 0.0247146, 57.6393, 0.181909, -141.183, 0.0642899, 33.9852
3038, 50.63333, 107.07, -4.65316, 238.225, 151.147, 391.566, 41.0671, 0.0247855, 57.4931, 0.18197, -141.147, 0.0642206, 34.164
3039, 50.64167, 107.098, -4.6191, 237.973, 151.133, 391.212, 41.0644, 0.0248565, 57.3485, 0.18203, -141.112, 0.064152, 34.343
3039, 50.65000, 107.127, -4.58511, 237.722, 151.118, 390.859, 41.0616, 0.0249275, 57.2052, 0.18209, -141.077, 0.0640841, 34.5219
3040, 50.65833, 107.155, -4.55118, 237.47, 151.104, 390.506, 41.0588, 0.0249985, 57.0634, 0.18215, -141.042, 0.0640168, 34.701
3040, 50.66667, 107.184, -4.51732, 237.219, 151.089, 390.153, 41.0561, 0.0250696, 56.9229, 0.18221, -141.007, 0.0639503, 34.8801
3041, 50.67500, 107.213, -4.48352, 236.968, 151.074, 389.801, 41.0533, 0.0251408, 56.7838, 0.182269, -140.972, 0.0638844, 35.0592
3041, 50.68333, 107.242, -4.44979, 236.718, 151.06, 389.45, 41.0506, 0.025212, 56.6461, 0.182329, -140.938, 0.0638192, 35.2384
3042, 50.69167, 107.271, -4.41613, 236.467, 151.045, 389.099, 41.0478, 0.0252832, 56.5098, 0.182388, -140.903, 0.0637547, 35.4176
3042, 50.70000, 107.3, -4.38253, 236.217, 151.031, 388.748, 41.045, 0.0253545, 56.3748, 0.182448, -140.869, 0.0636909, 35.5969
3043, 50.70833, 107.329, -4.34899, 235.967, 151.016, 388.398, 41.0423, 0.0254258, 56.2411, 0.182507, -140.835, 0.0636278, 35.7762
3043, 50.71667, 107.359, -4.31552, 235.717, 151.002, 388.048, 41.0395, 0.0254971, 56.1087, 0.182566, -140.8, 0.0635653, 35.9555
3044, 50.72500, 107.388, -4.28212, 235.467, 150.987, 387.698, 41.0368, 0.0255685, 55.9777, 0.182625, -140.766, 0.0635035, 36.1349
3044, 50.73333, 107.418, -4.24879, 235.218, 150.973, 387.349, 41.034, 0.0256399, 55.8479, 0.182684, -140.732, 0.0634424, 36.3143
3045, 50.74167, 107.448, -4.21552, 234.969, 150.958, 387.001, 41.0313, 0.0257113, 55.7195, 0.182743, -140.699, 0.0633819, 36.4937
3045, 50.75000, 107.478, -4.18232, 234.72, 150.944, 386.653, 41.0285, 0.0257827, 55.5923, 0.182802, -140.665, 0.0633222, 36.6731
3046, 50.75833, 107.508, -4.14918, 234.471, 150.93, 386.305, 41.0258, 0.0258542, 55.4664, 0.182861, -140.631, 0.0632631, 36.8525
3046, 50.76667, 107.538, -4.11611, 234.223, 150.915, 385.958, 41.0231, 0.0259257, 55.3417, 0.182919, -140.598, 0.0632046, 37.032
3047, 50.77500, 107.568, -4.08311, 233.975, 150.901, 385.611, 41.0203, 0.0259972, 55.2182, 0.182978, -140.565, 0.0631469, 37.2114
3047, 50.78333, 107.599, -4.05017, 233.726, 150.886, 385.264, 41.0176, 0.0260687, 55.096, 0.183036, -140.531, 0.0630898, 37.3909
3048, 50.79167, 107.629, -4.0173, 233.479, 150.872, 384.918, 41.0148, 0.0261403, 54.975, 0.183094, -140.498, 0.0630333, 37.5704
3048, 50.80000, 107.66, -3.9845, 233.231, 150.857, 384.573, 41.0121, 0.0262118, 54.8552, 0.183152, -140.465, 0.0629775, 37.7499
3049, 50.80833, 107.691, -3.95177, 232.984, 150.843, 384.227, 41.0094, 0.0262834, 54.7365, 0.18321, -140.433, 0.0629224, 37.9293
3049, 50.81667, 107.721, -3.9191, 232.736, 150.828, 383.883, 41.0066, 0.0263549, 54.6191, 0.183268, -140.4, 0.062868, 38.1088
3050, 50.82500, 107.752, -3.8865, 232.489, 150.814, 383.538, 41.0039, 0.0264265, 54.5028, 0.183326, -140.367, 0.0628142, 38.2882
3050, 50.83333, 107.783, -3.85397, 232.243, 150.8, 383.194, 41.0012, 0.0264981, 54.3877, 0.183383, -140.335, 0.062761, 38.4677
3051, 50.84167, 107.815, -3.8215, 231.996, 150.785, 382.851, 40.9985, 0.0265697, 54.2738, 0.183441, -140.302, 0.0627085, 38.6471
3051, 50.85000, 107.846, -3.78911, 231.75, 150.771, 382.508, 40.9957, 0.0266413, 54.1609, 0.183498, -140.27, 0.0626567, 38.8265
3052, 50.85833, 107.877, -3.75678, 231.504, 150.756, 382.165, 40.993, 0.0267129, 54.0492, 0.183555, -140.238, 0.0626055, 39.0058
3052, 50.86667, 107.909, -3.72452, 231.258, 150.742, 381.823, 40.9903, 0.0267845, 53.9386, 0.183612, -140.206, 0.062555, 39.1852
3053, 50.87500, 107.941, -3.69233, 231.012, 150.728, 381.481, 40.9876, 0.026856, 53.8292, 0.183669, -140.174, 0.0625051, 39.3645
3053, 50.88333, 107.972, -3.6602, 230.767, 150.713, 381.14, 40.9849, 0.0269276, 53.7208, 0.183726, -140.142, 0.0624559, 39.5438
3054, 50.89167, 108.004, -3.62815, 230.521, 150.699, 380.799, 40.9822, 0.0269992, 53.6135, 0.183783, -140.111, 0.0624073, 39.7231
3054, 50.90000, 108.036, -3.59616, 230.276, 150.684, 380.458, 40.9794, 0.0270708, 53.5073, 0.183839, -140.079, 0.0623593, 39.9023
3055, 50.90833, 108.068, -3.56424, 230.031, 150.67, 380.118, 40.9767, 0.0271423, 53.4021, 0.183896, -140.048, 0.062312, 40.0814
3055, 50.91667, 108.101, -3.53239, 229.787, 150.656, 379.778, 40.974, 0.0272139, 53.298, 0.183952, -140.016, 0.0622653, 40.2606
3056, 50.92500, 108.133, -3.50061, 229.542, 150.641, 379.439, 40.9713, 0.0272854, 53.195, 0.184008, -139.985, 0.0622193, 40.4396
3056, 50.93333, 108.165, -3.4689, 229.298, 150.627, 379.1, 40.9686, 0.0273569, 53.093, 0.184064, -139.954, 0.0621739, 40.6186
3057, 50.94167, 108.198, -3.43726, 229.054, 150.612, 378.761, 40.9659, 0.0274285, 52.992, 0.18412, -139.923, 0.0621292, 40.7976
3057, 50.95000, 108.231, -3.40569, 228.81, 150.598, 378.423, 40.9632, 0.0275, 52.892, 0.184176, -139.892, 0.062085, 40.9765
3058, 50.95833, 108.263, -3.37419, 228.567, 150.584, 378.085, 40.9605, 0.0275714, 52.7931, 0.184231, -139.861, 0.0620415, 41.1553
3058, 50.96667, 108.296, -3.34275, 228.323, 150.569, 377.748, 40.9578, 0.0276429, 52.6951, 0.184287, -139.831, 0.0619987, 41.3341
3059, 50.97500, 108.329, -3.31139, 228.08, 150.555, 377.411, 40.9551, 0.0277143, 52.5981, 0.184342, -139.8, 0.0619564, 41.5128
3059, 50.98333, 108.362, -3.2801, 227.837, 150.541, 377.075, 40.9524, 0.0277858, 52.5022, 0.184397, -139.77, 0.0619148, 41.6914
3060, 50.99167, 108.396, -3.24887, 227.594, 150.526, 376.738, 40.9497, 0.0278572, 52.4071, 0.184452, -139.739, 0.0618738, 41.87
3060, 51.00000, 108.429, -3.21772, 227.352, 150.512, 376.403, 40.947, 0.0279286, 52.3131, 0.184507, -139.709, 0.0618335, 42.0485
3061, 51.00833, 108.462, -3.18663, 227.11, 150.498, 376.067, 40.9443, 0.0279999, 52.22, 0.184562, -139.679, 0.0617937, 42.2269
3061, 51.01667, 108.496, -3.15562, 226.867, 150.483, 375.732, 40.9416, 0.0280713, 52.1279, 0.184617, -139.649, 0.0617546, 42.4052
3062, 51.02500, 108.53, -3.12467, 226.625, 150.469, 375.398, 40.9389, 0.0281426, 52.0367, 0.184671, -139.619, 0.0617161, 42.5834
3062, 51.03333, 108.563, -3.0938, 226.384, 150.455, 375.064, 40.9363, 0.0282139, 51.9464, 0.184725, -139.589, 0.0616782, 42.7615
3063, 51.04167, 108.597, -3.06299, 226.142, 150.44, 374.73, 40.9336, 0.0282851, 51.857, 0.184779, -139.56, 0.0616409, 42.9396
3063, 51.05000, 108.631, -3.03226, 225.901, 150.426, 374.397, 40.9309, 0.0283563, 51.7686, 0.184833, -139.53, 0.0616042, 43.1175
3064, 51.05833, 108.665, -3.0016, 225.66, 150.412, 374.064, 40.9282, 0.0284275, 51.6811, 0.184887, -139.501, 0.0615682, 43.2953
3064, 51.06667, 108.7, -2.97101, 225.419, 150.398, 373.731, 40.9255, 0.0284987, 51.5944, 0.184941, -139.471, 0.0615327, 43.4731
3065, 51.07500, 108.734, -2.94049, 225.178, 150.383, 373.399, 40.9229, 0.0285699, 51.5087, 0.184995, -139.442, 0.0614978, 43.6507
3065, 51.08333, 108.768, -2.91004, 224.938, 150.369, 373.067, 40.9202, 0.028641, 51.4238, 0.185048, -139.413, 0.0614636, 43.8282
3066, 51.09167, 108.803, -2.87966, 224.697, 150.355, 372.736, 40.9175, 0.028712, 51.3398, 0.185101, -139.384, 0.06143, 44.0056
3066, 51.10000, 108.837, -2.84935, 224.457, 150.34, 372.405, 40.9148, 0.0287831, 51.2567, 0.185154, -139.355, 0.0613969, 44.1828
3067, 51.10833, 108.872, -2.81912, 224.217, 150.326, 372.074, 40.9122, 0.0288541, 51.1744, 0.185207, -139.326, 0.0613645, 44.36
3067, 51.11667, 108.907, -2.78895, 223.978, 150.312, 371.744, 40.9095, 0.0289251, 51.093, 0.18526, -139.297, 0.0613326, 44.537
3068, 51.12500, 108.942, -2.75886, 223.738, 150.298, 371.414, 40.9068, 0.028996, 51.0124, 0.185313, -139.269, 0.0613013, 44.7139
3068, 51.13333, 108.977, -2.72884, 223.499, 150.283, 371.085, 40.9042, 0.0290669, 50.9327, 0.185365, -139.24, 0.0612707, 44.8907
3069, 51.14167, 109.012, -2.69889, 223.26, 150.269, 370.756, 40.9015, 0.0291378, 50.8537, 0.185417, -139.212, 0.0612406, 45.0674
3069, 51.15000, 109.047, -2.66901, 223.021, 150.255, 370.427, 40.8988, 0.0292086, 50.7756, 0.18547, -139.183, 0.0612111, 45.2439
3070, 51.15833, 109.083, -2.63921, 222.782, 150.24, 370.099, 40.8962, 0.0292794, 50.6984, 0.185522, -139.155, 0.0611822, 45.4202
3070, 51.16667, 109.118, -2.60947, 222.544, 150.226, 369.771, 40.8935, 0.0293501, 50.6219, 0.185573, -139.127, 0.0611539, 45.5965
3071, 51.17500, 109.154, -2.57981, 222.306, 150.212, 369.443, 40.8909, 0.0294208, 50.5462, 0.185625, -139.099, 0.0611261, 45.7725
3071, 51.18333, 109.19, -2.55022, 222.067, 150.198, 369.116, 40.8882, 0.0294915, 50.4713, 0.185677, -139.071, 0.0610989, 45.9485
3072, 51.19167, 109.225, -2.5207, 221.83, 150.183, 368.789, 40.8856, 0.0295621, 50.3972, 0.185728, -139.043, 0.0610724, 46.1243
3072, 51.20000, 109.261, -2.49125, 221.592, 150.169, 368.463, 40.8829, 0.0296327, 50.3239, 0.185779, -139.016, 0.0610463, 46.2999
3073, 51.20833, 109.297, -2.46188, 221.354, 150.155, 368.137, 40.8803, 0.0297032, 50.2513, 0.18583, -138.988, 0.0610209, 46.4753
3073, 51.21667, 109.333, -2.43258, 221.117, 150.141, 367.811, 40.8776, 0.0297737, 50.1795, 0.185881, -138.961, 0.060996, 46.6507
3074, 51.22500, 109.369, -2.40335, 220.88, 150.126, 367.486, 40.875, 0.0298442, 50.1085, 0.185932, -138.933, 0.0609717, 46.8258
3074, 51.23333, 109.406, -2.3742, 220.643, 150.112, 367.161, 40.8723, 0.0299146, 50.0382, 0.185982, -138.906, 0.060948, 47.0008
3075, 51.24167, 109.442, -2.34511, 220.406, 150.098, 366.837, 40.8697, 0.029985, 49.9687, 0.186033, -138.879, 0.0609248, 47.1756
3075, 51.25000, 109.479, -2.3161, 220.17, 150.084, 366.513, 40.867, 0.0300553, 49.8999, 0.186083, -138.852, 0.0609022, 47.3502
3076, 51.25833, 109.515, -2.28717, 219.934, 150.07, 366.189, 40.8644, 0.0301256, 49.8319, 0.186133, -138.825, 0.0608802, 47.5247
3076, 51.26667, 109.552, -2.2583, 219.697, 150.055, 365.865, 40.8618, 0.0301958, 49.7645, 0.186183, -138.798, 0.0608587, 47.6989
3077, 51.27500, 109.589, -2.22951, 219.462, 150.041, 365.542, 40.8591, 0.030266, 49.6979, 0.186232, -138.771, 0.0608377, 47.873
3077, 51.28333, 109.626, -2.20079, 219.226, 150.027, 365.22, 40.8565, 0.0303361, 49.632, 0.186282, -138.744, 0.0608173, 48.0469
3078, 51.29167, 109.663, -2.17215, 218.99, 150.013, 364.898, 40.8538, 0.0304062, 49.5668, 0.186331, -138.718, 0.0607975, 48.2207
3078, 51.30000, 109.7, -2.14358, 218.755, 149.998, 364.576, 40.8512, 0.0304762, 49.5023, 0.18638, -138.691, 0.0607782, 48.3942
3079, 51.30833, 109.737, -2.11508, 218.52, 149.984, 364.254, 40.8486, 0.0305462, 49.4385, 0.186429, -138.665, 0.0607595, 48.5676
3079, 51.31667, 109.774, -2.08665, 218.285, 149.97, 363.933, 40.846, 0.0306162, 49.3754, 0.186478, -138.639, 0.0607413, 48.7407
3080, 51.32500, 109.812, -2.0583, 218.05, 149.956, 363.612, 40.8433, 0.030686, 49.313, 0.186527, -138.612, 0.0607237, 48.9137
3080, 51.33333, 109.849, -2.03003, 217.815, 149.942, 363.292, 40.8407, 0.0307559, 49.2512, 0.186575, -138.586, 0.0607065, 49.0864
3081, 51.34167, 109.887, -2.00182, 217.581, 149.927, 362.972, 40.8381, 0.0308257, 49.1901, 0.186623, -138.56, 0.06069, 49.259
3081, 51.35000, 109.925, -1.97369, 217.347, 149.913, 362.652, 40.8354, 0.0308954, 49.1297, 0.186671, -138.534, 0.0606739, 49.4313
3082, 51.35833, 109.962, -1.94564, 217.113, 149.899, 362.333, 40.8328, 0.0309651, 49.07, 0.186719, -138.508, 0.0606584, 49.6034
3082, 51.36667, 110, -1.91766, 216.879, 149.885, 362.014, 40.8302, 0.0310348, 49.0109, 0.186767, -138.483, 0.0606435, 49.7754
3083, 51.37500, 110.038, -1.88975, 216.645, 149.871, 361.695, 40.8276, 0.0311043, 48.9524, 0.186815, -138.457, 0.060629, 49.9471
3083, 51.38333, 110.076, -1.86192, 216.412, 149.856, 361.377, 40.825, 0.0311739, 48.8946, 0.186862, -138.432, 0.0606151, 50.1185
3084, 51.39167, 110.114, -1.83416, 216.179, 149.842, 361.059, 40.8224, 0.0312434, 48.8375, 0.186909, -138.406, 0.0606017, 50.2898
3084, 51.40000, 110.153, -1.80647, 215.946, 149.828, 360.742, 40.8197, 0.0313128, 48.781, 0.186956, -138.381, 0.0605888, 50.4609
3085, 51.40833, 110.191, -1.77887, 215.713, 149.814, 360.424, 40.8171, 0.0313822, 48.7251, 0.187003, -138.355, 0.0605765, 50.6317
3085, 51.41667, 110.23, -1.75133, 215.48, 149.8, 360.108, 40.8145, 0.0314515, 48.6698, 0.18705, -138.33, 0.0605646, 50.8023
3086, 51.42500, 110.268, -1.72387, 215.247, 149.786, 359.791, 40.8119, 0.0315208, 48.6151, 0.187096, -138.305, 0.0605533, 50.9726
3086, 51.43333, 110.307, -1.69648, 215.015, 149.771, 359.475, 40.8093, 0.03159, 48.5611, 0.187142, -138.28, 0.0605425, 51.1428
3087, 51.44167, 110.346, -1.66917, 214.783, 149.757, 359.159, 40.8067, 0.0316592, 48.5076, 0.187188, -138.255, 0.0605322, 51.3127
3087, 51.45000, 110.384, -1.64193, 214.551, 149.743, 358.844, 40.8041, 0.0317283, 48.4548, 0.187234, -138.231, 0.0605224, 51.4823
3088, 51.45833, 110.423, -1.61477, 214.319, 149.729, 358.529, 40.8015, 0.0317973, 48.4025, 0.18728, -138.206, 0.0605131, 51.6517
3088, 51.46667, 110.462, -1.58768, 214.088, 149.715, 358.214, 40.7989, 0.0318664, 48.3509, 0.187326, -138.181, 0.0605044, 51.8209
3089, 51.47500, 110.502, -1.56067, 213.856, 149.7, 357.9, 40.7963, 0.0319353, 48.2998, 0.187371, -138.157, 0.0604961, 51.9898
3089, 51.48333, 110.541, -1.53374, 213.625, 149.686, 357.586, 40.7937, 0.0320042, 48.2493, 0.187416, -138.132, 0.0604883, 52.1585
3090, 51.49167, 110.58, -1.50687, 213.394, 149.672, 357.273, 40.7911, 0.0320731, 48.1994, 0.187461, -138.108, 0.060481, 52.3269
3090, 51.50000, 110.62, -1.48009, 213.163, 149.658, 356.959, 40.7885, 0.0321418, 48.1501, 0.187506, -138.084, 0.0604742, 52.4951
3091, 51.50833, 110.659, -1.45338, 212.933, 149.644, 356.647, 40.7859, 0.0322106, 48.1014, 0.18755, -138.059, 0.0604679, 52.663
3091, 51.51667, 110.699, -1.42674, 212.702, 149.63, 356.334, 40.7833, 0.0322793, 48.0532, 0.187595, -138.035, 0.0604621, 52.8307
3092, 51.52500, 110.738, -1.40018, 212.472, 149.615, 356.022, 40.7807, 0.0323479, 48.0055, 0.187639, -138.011, 0.0604568, 52.9981
3092, 51.53333, 110.778, -1.37369, 212.242, 149.601, 355.71, 40.7781, 0.0324164, 47.9584, 0.187683, -137.987, 0.0604519, 53.1652
3093, 51.54167, 110.818, -1.34728, 212.012, 149.587, 355.398, 40.7755, 0.032485, 47.9119, 0.187727, -137.964, 0.0604476, 53.3321
3093, 51.55000, 110.858, -1.32095, 211.782, 149.573, 355.087, 40.7729, 0.0325534, 47.8659, 0.18777, -137.94, 0.0604437, 53.4987
3094, 51.55833, 110.898, -1.29469, 211.553, 149.559, 354.777, 40.7703, 0.0326218, 47.8205, 0.187814, -137.916, 0.0604403, 53.6651
3094, 51.56667, 110.938, -1.26851, 211.323, 149.545, 354.466, 40.7678, 0.0326902, 47.7756, 0.187857, -137.893, 0.0604374, 53.8312
3095, 51.57500, 110.978, -1.2424, 211.094, 149.531, 354.156, 40.7652, 0.0327585, 47.7312, 0.1879, -137.869, 0.0604349, 53.997
3095, 51.58333, 111.019, -1.21637, 210.865, 149.516, 353.846, 40.7626, 0.0328267, 47.6873, 0.187943, -137.846, 0.0604329, 54.1625
3096, 51.59167, 111.059, -1.19042, 210.636, 149.502, 353.537, 40.76, 0.0328949, 47.644, 0.187985, -137.823, 0.0604314, 54.3278
3096, 51.60000, 111.1, -1.16454, 210.407, 149.488, 353.228, 40.7574, 0.032963, 47.6012, 0.188028, -137.799, 0.0604303, 54.4927
3097, 51.60833, 111.14, -1.13874, 210.179, 149.474, 352.919, 40.7549, 0.0330311, 47.5589, 0.18807, -137.776, 0.0604297, 54.6574
3097, 51.61667, 111.181, -1.11301, 209.951, 149.46, 352.611, 40.7523, 0.0330991, 47.5171, 0.188112, -137.753, 0.0604296, 54.8218
3098, 51.62500, 111.222, -1.08736, 209.722, 149.446, 352.303, 40.7497, 0.033167, 47.4759, 0.188154, -137.73, 0.0604299, 54.9859
3098, 51.63333, 111.263, -1.06179, 209.494, 149.432, 351.995, 40.7471, 0.0332349, 47.4351, 0.188195, -137.707, 0.0604307, 55.1498
3099, 51.64167, 111.303, -1.03629, 209.267, 149.417, 351.687, 40.7445, 0.0333028, 47.3948, 0.188237, -137.685, 0.0604319, 55.3133
3099, 51.65000, 111.345, -1.01087, 209.039, 149.403, 351.38, 40.742, 0.0333706, 47.355, 0.188278, -137.662, 0.0604336, 55.4766
3100, 51.65833, 111.386, -0.985522, 208.812, 149.389, 351.074, 40.7394, 0.0334383, 47.3158, 0.188319, -137.639, 0.0604357, 55.6395
3100, 51.66667, 111.427, -0.960251, 208.584, 149.375, 350.767, 40.7368, 0.033506, 47.277, 0.18836, -137.617, 0.0604383, 55.8022
3101, 51.67500, 111.468, -0.935061, 208.357, 149.361, 350.461, 40.7343, 0.0335736, 47.2386, 0.1884, -137.594, 0.0604413, 55.9646
3101, 51.68333, 111.51, -0.909947, 208.13, 149.347, 350.156, 40.7317, 0.0336412, 47.2008, 0.188441, -137.572, 0.0604448, 56.1266
3102, 51.69167, 111.551, -0.884906, 207.904, 149.333, 349.85, 40.7291, 0.0337087, 47.1635, 0.188481, -137.55, 0.0604487, 56.2884
3102, 51.70000, 111.593, -0.859946, 207.677, 149.318, 349.545, 40.7266, 0.0337761, 47.1266, 0.188521, -137.527, 0.060453, 56.4499
3103, 51.70833, 111.634, -0.835062, 207.451, 149.304, 349.241, 40.724, 0.0338435, 47.0902, 0.188561, -137.505, 0.0604578, 56.6111
3103, 51.71667, 111.676, -0.810252, 207.224, 149.29, 348.936, 40.7214, 0.0339109, 47.0542, 0.1886, -137.483, 0.0604629, 56.7719
3104, 51.72500, 111.718, -0.785523, 206.998, 149.276, 348.632, 40.7189, 0.0339782, 47.0187, 0.18864, -137.461, 0.0604686, 56.9325
3104, 51.73333, 111.76, -0.76087, 206.773, 149.262, 348.329, 40.7163, 0.0340454, 46.9837, 0.188679, -137.439, 0.0604746, 57.0927
3105, 51.74167, 111.802, -0.736291, 206.547, 149.248, 348.025, 40.7137, 0.0341126, 46.9491, 0.188718, -137.417, 0.0604811, 57.2526
3105, 51.75000, 111.844, -0.711792, 206.321, 149.234, 347.722, 40.7112, 0.0341797, 46.915, 0.188757, -137.396, 0.060488, 57.4123
3106, 51.75833, 111.886, -0.687371, 206.096, 149.22, 347.419, 40.7086, 0.0342468, 46.8813, 0.188795, -137.374, 0.0604953, 57.5716
3106, 51.76667, 111.928, -0.663024, 205.871, 149.205, 347.117, 40.7061, 0.0343138, 46.848, 0.188834, -137.353, 0.060503, 57.7306
3107, 51.77500, 111.97, -0.638757, 205.646, 149.191, 346.815, 40.7035, 0.0343807, 46.8152, 0.188872, -137.331, 0.0605111, 57.8892
3107, 51.78333, 112.013, -0.614567, 205.421, 149.177, 346.513, 40.701, 0.0344476, 46.7829, 0.18891, -137.31, 0.0605197, 58.0476
3108, 51.79167, 112.055, -0.590452, 205.196, 149.163, 346.212, 40.6984, 0.0345145, 46.7509, 0.188947, -137.288, 0.0605286, 58.2056
3108, 51.80000, 112.098, -0.566417, 204.972, 149.149, 345.911, 40.6959, 0.0345812, 46.7194, 0.188985, -137.267, 0.060538, 58.3633
3109, 51.80833, 112.14, -0.542459, 204.747, 149.135, 345.61, 40.6933, 0.034648, 46.6884, 0.189022, -137.246, 0.0605477, 58.5207
3109, 51.81667, 112.183, -0.518577, 204.523, 149.121, 345.31, 40.6908, 0.0347147, 46.6577, 0.189059, -137.225, 0.0605579, 58.6778
3110, 51.82500, 112.226, -0.494775, 204.299, 149.106, 345.01, 40.6882, 0.0347813, 46.6275, 0.189096, -137.204, 0.0605684, 58.8345
3110, 51.83333, 112.269, -0.47105, 204.075, 149.092, 344.71, 40.6857, 0.0348478, 46.5977, 0.189132, -137.183, 0.0605794, 58.9909
3111, 51.84167, 112.312, -0.4474, 203.852, 149.078, 344.41, 40.6831, 0.0349144, 46.5683, 0.189169, -137.162, 0.0605907, 59.147
3111, 51.85000, 112.355, -0.423831, 203.628, 149.064, 344.111, 40.6806, 0.0349808, 46.5393, 0.189205, -137.141, 0.0606025, 59.3027
3112, 51.85833, 112.398, -0.40034, 203.405, 149.05, 343.813, 40.678, 0.0350472, 46.5107, 0.189241, -137.121, 0.0606146, 59.4581
3112, 51.86667, 112.441, -0.376924, 203.182, 149.036, 343.514, 40.6755, 0.0351136, 46.4825, 0.189277, -137.1, 0.0606271, 59.6132
3113, 51.87500, 112.485, -0.353588, 202.959, 149.022, 343.216, 40.6729, 0.0351799, 46.4547, 0.189312, -137.079, 0.06064, 59.768
3113, 51.88333, 112.528, -0.330331, 202.736, 149.008, 342.918, 40.6704, 0.0352461, 46.4273, 0.189348, -137.059, 0.0606533, 59.9224
3114, 51.89167, 112.571, -0.307148, 202.513, 148.993, 342.621, 40.6678, 0.0353123, 46.4004, 0.189383, -137.039, 0.0606669, 60.0765
3114, 51.90000, 112.615, -0.284047, 202.291, 148.979, 342.323, 40.6653, 0.0353784, 46.3738, 0.189418, -137.018, 0.060681, 60.2302
3115, 51.90833, 112.659, -0.261023, 202.068, 148.965, 342.027, 40.6628, 0.0354445, 46.3475, 0.189452, -136.998, 0.0606954, 60.3836
3115, 51.91667, 112.702, -0.238075, 201.846, 148.951, 341.73, 40.6602, 0.0355106, 46.3217, 0.189487, -136.978, 0.0607101, 60.5367
3116, 51.92500, 112.746, -0.215208, 201.624, 148.937, 341.434, 40.6577, 0.0355765, 46.2963, 0.189521, -136.958, 0.0607253, 60.6894
3116, 51.93333, 112.79, -0.192419, 201.402, 148.923, 341.138, 40.6551, 0.0356425, 46.2712, 0.189555, -136.938, 0.0607408, 60.8417
3117, 51.94167, 112.834, -0.169706, 201.181, 148.909, 340.842, 40.6526, 0.0357083, 46.2465, 0.189589, -136.918, 0.0607567, 60.9938
3117, 51.95000, 112.878, -0.147074, 200.959, 148.895, 340.547, 40.6501, 0.0357741, 46.2222, 0.189622, -136.898, 0.0607729, 61.1454
3118, 51.95833, 112.922, -0.12452, 200.738, 148.88, 340.252, 40.6475, 0.0358399, 46.1983, 0.189656, -136.878, 0.0607895, 61.2968
3118, 51.96667, 112.966, -0.102042, 200.517, 148.866, 339.957, 40.645, 0.0359056, 46.1747, 0.189689, -136.858, 0.0608064, 61.4478
3119, 51.97500, 113.01, -0.079645, 200.296, 148.852, 339.663, 40.6425, 0.0359713, 46.1515, 0.189722, -136.839, 0.0608237, 61.5984
3119, 51.98333, 113.054, -0.0573265, 200.075, 148.838, 339.369, 40.6399, 0.0360369, 46.1287, 0.189754, -136.819, 0.0608414, 61.7487
3120, 51.99167, 113.099, -0.035084, 199.854, 148.824, 339.075, 40.6374, 0.0361025, 46.1062, 0.189787, -136.799, 0.0608594, 61.8986
3120, 52.00000, 113.143, -0.0129227, 199.633, 148.81, 338.782, 40.6349, 0.036168, 46.0841, 0.189819, -136.78, 0.0608777, 62.0482
3121, 52.00833, 113.188, 0.00915987, 199.413, 148.796, 338.489, 40.6323, 0.0362334, 46.0623, 0.189851, -136.761, 0.0608964, 62.1975
3121, 52.01667, 113.232, 0.0311664, 199.193, 148.781, 338.196, 40.6298, 0.0362988, 46.0409, 0.189883, -136.741, 0.0609155, 62.3464
3122, 52.02500, 113.277, 0.0530916, 198.973, 148.767, 337.903, 40.6273, 0.0363642, 46.0198, 0.189914, -136.722, 0.0609348, 62.4949
3122, 52.03333, 113.322, 0.074938, 198.753, 148.753, 337.611, 40.6247, 0.0364295, 45.9991, 0.189946, -136.703, 0.0609545, 62.6431
3123, 52.04167, 113.367, 0.0967083, 198.533, 148.739, 337.319, 40.6222, 0.0364947, 45.9787, 0.189977, -136.684, 0.0609746, 62.7909
3123, 52.05000, 113.412, 0.118397, 198.313, 148.725, 337.028, 40.6197, 0.0365599, 45.9587, 0.190008, -136.665, 0.060995, 62.9384
3124, 52.05833, 113.457, 0.140007, 198.094, 148.711, 336.736, 40.6172, 0.0366251, 45.939, 0.190038, -136.646, 0.0610157, 63.0855
3124, 52.06667, 113.502, 0.16154, 197.875, 148.697, 336.445, 40.6146, 0.0366902, 45.9196, 0.190069, -136.627, 0.0610367, 63.2322
3125, 52.07500, 113.547, 0.182992, 197.656, 148.682, 336.155, 40.6121, 0.0367552, 45.9006, 0.190099, -136.608, 0.061058, 63.3786
3125, 52.08333, 113.592, 0.204365, 197.437, 148.668, 335.864, 40.6096, 0.0368202, 45.8819, 0.190129, -136.589, 0.0610797, 63.5246
3126, 52.09167, 113.637, 0.225662, 197.218, 148.654, 335.574, 40.607, 0.0368852, 45.8636, 0.190159, -136.571, 0.0611017, 63.6703
3126, 52.10000, 113.682, 0.246876, 196.999, 148.64, 335.284, 40.6045, 0.0369501, 45.8455, 0.190188, -136.552, 0.061124, 63.8156
3127, 52.10833, 113.728, 0.268012, 196.781, 148.626, 334.995, 40.602, 0.0370149, 45.8278, 0.190217, -136.534, 0.0611467, 63.9606
3127, 52.11667, 113.773, 0.289071, 196.562, 148.612, 334.706, 40.5995, 0.0370798, 45.8104, 0.190246, -136.515, 0.0611696, 64.1052
3128, 52.12500, 113.819, 0.310048, 196.344, 148.598, 334.417, 40.597, 0.0371445, 45.7934, 0.190275, -136.497, 0.0611929, 64.2494
3128, 52.13333, 113.864, 0.330946, 196.126, 148.583, 334.128, 40.5944, 0.0372092, 45.7766, 0.190304, -136.478, 0.0612164, 64.3933
3129, 52.14167, 113.91, 0.351767, 195.908, 148.569, 333.84, 40.5919, 0.0372739, 45.7602, 0.190332, -136.46, 0.0612403, 64.5368
3129, 52.15000, 113.956, 0.372506, 195.69, 148.555, 333.552, 40.5894, 0.0373385, 45.744, 0.19036, -136.442, 0.0612645, 64.6799
3130, 52.15833, 114.002, 0.393166, 195.473, 148.541, 333.265, 40.5869, 0.0374031, 45.7282, 0.190388, -136.424, 0.0612889, 64.8227
3130, 52.16667, 114.048, 0.41375, 195.255, 148.527, 332.977, 40.5843, 0.0374676, 45.7127, 0.190416, -136.406, 0.0613137, 64.9651
3131, 52.17500, 114.094, 0.434251, 195.038, 148.513, 332.69, 40.5818, 0.0375321, 45.6975, 0.190443, -136.388, 0.0613388, 65.1071
3131, 52.18333, 114.14, 0.454672, 194.821, 148.498, 332.403, 40.5793, 0.0375965, 45.6826, 0.19047, -136.37, 0.0613641, 65.2488
3132, 52.19167, 114.186, 0.475017, 194.604, 148.484, 332.117, 40.5768, 0.0376609, 45.668, 0.190497, -136.352, 0.0613898, 65.3901
3132, 52.20000, 114.232, 0.495279, 194.387, 148.47, 331.831, 40.5743, 0.0377252, 45.6537, 0.190524, -136.334, 0.0614157, 65.5311
3133, 52.20833, 114.278, 0.515462, 194.17, 148.456, 331.545, 40.5717, 0.0377895, 45.6397, 0.190551, -136.316, 0.0614419, 65.6716
3133, 52.21667, 114.324, 0.535568, 193.954, 148.442, 331.259, 40.5692, 0.0378538, 45.626, 0.190577, -136.299, 0.0614684, 65.8119
3134, 52.22500, 114.371, 0.555592, 193.737, 148.428, 330.974, 40.5667, 0.0379179, 45.6126, 0.190603, -136.281, 0.0614952, 65.9517
3134, 52.23333, 114.417, 0.575536, 193.521, 148.413, 330.689, 40.5642, 0.0379821, 45.5994, 0.190629, -136.264, 0.0615223, 66.0912
3135, 52.24167, 114.464, 0.595403, 193.305, 148.399, 330.404, 40.5617, 0.0380462, 45.5866, 0.190654, -136.246, 0.0615496, 66.2303
3135, 52.25000, 114.51, 0.615187, 193.089, 148.385, 330.12, 40.5591, 0.0381103, 45.5741, 0.190679, -136.229, 0.0615773, 66.369
3136, 52.25833, 114.557, 0.634892, 192.873, 148.371, 329.836, 40.5566, 0.0381743, 45.5618, 0.190704, -136.211, 0.0616052, 66.5074
3136, 52.26667, 114.604, 0.65452, 192.658, 148.357, 329.552, 40.5541, 0.0382383, 45.5498, 0.190729, -136.194, 0.0616333, 66.6454
3137, 52.27500, 114.65, 0.674065, 192.442, 148.343, 329.269, 40.5516, 0.0383022, 45.5381, 0.190754, -136.177, 0.0616618, 66.783
3137, 52.28333, 114.697, 0.69353, 192.227, 148.328, 328.985, 40.5491, 0.0383661, 45.5267, 0.190778, -136.16, 0.0616905, 66.9202
3138, 52.29167, 114.744, 0.712918, 192.011, 148.314, 328.702, 40.5465, 0.0384299, 45.5155, 0.190802, -136.143, 0.0617194, 67.0572
3138, 52.30000, 114.791, 0.732223, 191.796, 148.3, 328.42, 40.544, 0.0384937, 45.5046, 0.190826, -136.126, 0.0617487, 67.1937
3139, 52.30833, 114.838, 0.751449, 191.582, 148.286, 328.137, 40.5415, 0.0385575, 45.494, 0.19085, -136.109, 0.0617781, 67.3298
3139, 52.31667, 114.885, 0.770596, 191.367, 148.272, 327.855, 40.539, 0.0386212, 45.4837, 0.190873, -136.092, 0.0618079, 67.4656
3140, 52.32500, 114.932, 0.789662, 191.152, 148.257, 327.573, 40.5365, 0.0386849, 45.4736, 0.190896, -136.075, 0.0618379, 67.601
3140, 52.33333, 114.98, 0.808647, 190.938, 148.243, 327.292, 40.534, 0.0387485, 45.4638, 0.190919, -136.058, 0.0618681, 67.736
3141, 52.34167, 115.027, 0.827555, 190.723, 148.229, 327.011, 40.5314, 0.0388121, 45.4542, 0.190942, -136.041, 0.0618986, 67.8707
3141, 52.35000, 115.074, 0.84638, 190.509, 148.215, 326.73, 40.5289, 0.0388757, 45.445, 0.190964, -136.025, 0.0619294, 68.005
3142, 52.35833, 115.122, 0.865125, 190.295, 148.201, 326.449, 40.5264, 0.0389392, 45.4359, 0.190986, -136.008, 0.0619604, 68.1389
3142, 52.36667, 115.169, 0.883792, 190.081, 148.186, 326.169, 40.5239, 0.0390027, 45.4272, 0.191008, -135.992, 0.0619916, 68.2725
3143, 52.37500, 115.216, 0.902376, 189.867, 148.172, 325.888, 40.5214, 0.0390661, 45.4187, 0.19103, -135.975, 0.0620231, 68.4056
3143, 52.38333, 115.264, 0.920881, 189.654, 148.158, 325.609, 40.5188, 0.0391295, 45.4104, 0.191051, -135.959, 0.0620548, 68.5384
3144, 52.39167, 115.312, 0.939307, 189.44, 148.144, 325.329, 40.5163, 0.0391928, 45.4024, 0.191072, -135.942, 0.0620868, 68.6709
3144, 52.40000, 115.359, 0.957651, 189.227, 148.13, 325.05, 40.5138, 0.0392561, 45.3947, 0.191093, -135.926, 0.0621189, 68.803
3145, 52.40833, 115.407, 0.975914, 189.014, 148.115, 324.771, 40.5113, 0.0393194, 45.3872, 0.191114, -135.91, 0.0621514, 68.9346
3145, 52.41667, 115.455, 0.994099, 188.801, 148.101, 324.492, 40.5088, 0.0393826, 45.3799, 0.191135, -135.894, 0.062184, 69.066
3146, 52.42500, 115.503, 1.0122, 188.588, 148.087, 324.214, 40.5062, 0.0394458, 45.3729, 0.191155, -135.877, 0.0622169, 69.1969
3146, 52.43333, 115.551, 1.03022, 188.375, 148.073, 323.936, 40.5037, 0.039509, 45.3661, 0.191175, -135.861, 0.06225, 69.3275
3147, 52.44167, 115.599, 1.04817, 188.162, 148.058, 323.658, 40.5012, 0.0395721, 45.3596, 0.191194, -135.845, 0.0622833, 69.4577
3147, 52.45000, 115.647, 1.06603, 187.95, 148.044, 323.38, 40.4987, 0.0396352, 45.3533, 0.191214, -135.829, 0.0623169, 69.5876
3148, 52.45833, 115.695, 1.08381, 187.738, 148.03, 323.103, 40.4962, 0.0396982, 45.3473, 0.191233, -135.813, 0.0623507, 69.717
3148, 52.46667, 115.743, 1.10151, 187.525, 148.016, 322.826, 40.4936, 0.0397612, 45.3415, 0.191252, -135.798, 0.0623847, 69.8461
3149, 52.47500, 115.791, 1.11913, 187.313, 148.001, 322.549, 40.4911, 0.0398242, 45.3359, 0.191271, -135.782, 0.0624189, 69.9749
3149, 52.48333, 115.84, 1.13667, 187.101, 147.987, 322.273, 40.4886, 0.0398871, 45.3305, 0.191289, -135.766, 0.0624533, 70.1032
3150, 52.49167, 115.888, 1.15413, 186.889, 147.973, 321.996, 40.4861, 0.03995, 45.3254, 0.191307, -135.75, 0.0624879, 70.2312
3150, 52.50000, 115.936, 1.17151, 186.678, 147.959, 321.721, 40.4836, 0.0400129, 45.3205, 0.191325, -135.735, 0.0625227, 70.3588
3151, 52.50833, 115.985, 1.18881, 186.466, 147.944, 321.445, 40.481, 0.0400757, 45.3159, 0.191343, -135.719, 0.0625578, 70.4861
3151, 52.51667, 116.033, 1.20603, 186.255, 147.93, 321.169, 40.4785, 0.0401385, 45.3114, 0.191361, -135.704, 0.062593, 70.613
3152, 52.52500, 116.082, 1.22316, 186.044, 147.916, 320.894, 40.476, 0.0402012, 45.3072, 0.191378, -135.688, 0.0626285, 70.7395
3152, 52.53333, 116.131, 1.24022, 185.833, 147.902, 320.62, 40.4735, 0.0402639, 45.3032, 0.191395, -135.673, 0.0626641, 70.8656
3153, 52.54167, 116.179, 1.2572, 185.622, 147.887, 320.345, 40.4709, 0.0403266, 45.2995, 0.191412, -135.658, 0.0627, 70.9914
3153, 52.55000, 116.228, 1.27409, 185.411, 147.873, 320.071, 40.4684, 0.0403893, 45.2959, 0.191428, -135.642, 0.062736, 71.1168
3154, 52.55833, 116.277, 1.2909, 185.2, 147.859, 319.797, 40.4659, 0.0404519, 45.2926, 0.191444, -135.627, 0.0627723, 71.2419
3154, 52.56667, 116.326, 1.30764, 184.989, 147.845, 319.523, 40.4634, 0.0405145, 45.2895, 0.19146, -135.612, 0.0628087, 71.3665
3155, 52.57500, 116.375, 1.32429, 184.779, 147.83, 319.249, 40.4608, 0.040577, 45.2866, 0.191476, -135.597, 0.0628453, 71.4908
3155, 52.58333, 116.423, 1.34086, 184.569, 147.816, 318.976, 40.4583, 0.0406395, 45.2839, 0.191491, -135.582, 0.0628821, 71.6148
3156, 52.59167, 116.472, 1.35735, 184.358, 147.802, 318.703, 40.4558, 0.040702, 45.2815, 0.191507, -135.567, 0.0629191, 71.7384
3156, 52.60000, 116.522, 1.37376, 184.148, 147.787, 318.431, 40.4532, 0.0407644, 45.2792, 0.191522, -135.552, 0.0629563, 71.8616
3157, 52.60833, 116.571, 1.39009, 183.938, 147.773, 318.158, 40.4507, 0.0408269, 45.2771, 0.191536, -135.537, 0.0629937, 71.9844
3157, 52.61667, 116.62, 1.40634, 183.729, 147.759, 317.886, 40.4482, 0.0408892, 45.2753, 0.191551, -135.522, 0.0630312, 72.1069
3158, 52.62500, 116.669, 1.4225, 183.519, 147.745, 317.614, 40.4456, 0.0409516, 45.2737, 0.191565, -135.507, 0.063069, 72.229
3158, 52.63333, 116.718, 1.43859, 183.309, 147.73, 317.343, 40.4431, 0.0410139, 45.2722, 0.191579, -135.493, 0.0631069, 72.3507
3159, 52.64167, 116.768, 1.4546, 183.1, 147.716, 317.071, 40.4406, 0.0410762, 45.271, 0.191593, -135.478, 0.063145, 72.4721
3159, 52.65000, 116.817, 1.47052, 182.891, 147.702, 316.8, 40.438, 0.0411385, 45.27, 0.191606, -135.463, 0.0631832, 72.5931
3160, 52.65833, 116.866, 1.48636, 182.682, 147.687, 316.529, 40.4355, 0.0412007, 45.2691, 0.191619, -135.449, 0.0632216, 72.7138
3160, 52.66667, 116.916, 1.50212, 182.473, 147.673, 316.259, 40.433, 0.0412629, 45.2685, 0.191632, -135.434, 0.0632602, 72.8341
3161, 52.67500, 116.965, 1.5178, 182.264, 147.659, 315.988, 40.4304, 0.0413251, 45.2681, 0.191645, -135.42, 0.063299, 72.954
3161, 52.68333, 117.015, 1.5334, 182.055, 147.644, 315.718, 40.4279, 0.0413872, 45.2678, 0.191657, -135.405, 0.0633379, 73.0736
3162, 52.69167, 117.065, 1.54892, 181.846, 147.63, 315.449, 40.4254, 0.0414493, 45.2678, 0.191669, -135.391, 0.063377, 73.1928
3162, 52.70000, 117.114, 1.56436, 181.638, 147.616, 315.179, 40.4228, 0.0415114, 45.2679, 0.191681, -135.377, 0.0634162, 73.3116
3163, 52.70833, 117.164, 1.57971, 181.43, 147.601, 314.91, 40.4203, 0.0415734, 45.2682, 0.191693, -135.362, 0.0634556, 73.4301
3163, 52.71667, 117.214, 1.59499, 181.221, 147.587, 314.641, 40.4177, 0.0416355, 45.2688, 0.191704, -135.348, 0.0634952, 73.5482
3164, 52.72500, 117.263, 1.61018, 181.013, 147.573, 314.372, 40.4152, 0.0416975, 45.2695, 0.191715, -135.334, 0.0635349, 73.666
3164, 52.73333, 117.313, 1.6253, 180.805, 147.558, 314.104, 40.4127, 0.0417594, 45.2704, 0.191726, -135.32, 0.0635748, 73.7834
3165, 52.74167, 117.363, 1.64033, 180.597, 147.544, 313.835, 40.4101, 0.0418214, 45.2715, 0.191737, -135.306, 0.0636148, 73.9005
3165, 52.75000, 117.413, 1.65528, 180.39, 147.53, 313.568, 40.4076, 0.0418833, 45.2727, 0.191747, -135.292, 0.063655, 74.0172
3166, 52.75833, 117.463, 1.67015, 180.182, 147.515, 313.3, 40.405, 0.0419452, 45.2742, 0.191757, -135.278, 0.0636953, 74.1335
3166, 52.76667, 117.513, 1.68494, 179.975, 147.501, 313.032, 40.4025, 0.042007, 45.2758, 0.191767, -135.264, 0.0637357, 74.2495
3167, 52.77500, 117.563, 1.69964, 179.767, 147.487, 312.765, 40.3999, 0.0420689, 45.2776, 0.191777, -135.25, 0.0637763, 74.3651
3167, 52.78333, 117.613, 1.71427, 179.56, 147.472, 312.498, 40.3974, 0.0421307, 45.2796, 0.191786, -135.236, 0.0638171, 74.4803
3168, 52.79167, 117.664, 1.72881, 179.353, 147.458, 312.232, 40.3948, 0.0421925, 45.2818, 0.191795, -135.223, 0.063858, 74.5953
3168, 52.80000, 117.714, 1.74327, 179.146, 147.443, 311.965, 40.3923, 0.0422542, 45.2841, 0.191804, -135.209, 0.063899, 74.7098
3169, 52.80833, 117.764, 1.75765, 178.939, 147.429, 311.699, 40.3897, 0.042316, 45.2866, 0.191812, -135.195, 0.0639402, 74.824
3169, 52.81667, 117.814, 1.77195, 178.732, 147.415, 311.433, 40.3872, 0.0423777, 45.2893, 0.191821, -135.182, 0.0639815, 74.9379
3170, 52.82500, 117.865, 1.78617, 178.526, 147.4, 311.167, 40.3846, 0.0424393, 45.2922, 0.191829, -135.168, 0.0640229, 75.0514
3170, 52.83333, 117.915, 1.80031, 178.319, 147.386, 310.902, 40.3821, 0.042501, 45.2952, 0.191836, -135.155, 0.0640645, 75.1645
3171, 52.84167, 117.966, 1.81436, 178.113, 147.371, 310.637, 40.3795, 0.0425626, 45.2984, 0.191844, -135.141, 0.0641062, 75.2773
3171, 52.85000, 118.016, 1.82834, 177.907, 147.357, 310.372, 40.3769, 0.0426243, 45.3018, 0.191851, -135.128, 0.064148, 75.3898
3172, 52.85833, 118.067, 1.84223, 177.701, 147.343, 310.107, 40.3744, 0.0426858, 45.3053, 0.191858, -135.114, 0.06419, 75.5019
3172, 52.86667, 118.117, 1.85604, 177.495, 147.328, 309.843, 40.3718, 0.0427474, 45.309, 0.191865, -135.101, 0.064232, 75.6136
3173, 52.87500, 118.168, 1.86977, 177.289, 147.314, 309.579, 40.3692, 0.042809, 45.3128, 0.191871, -135.088, 0.0642742, 75.725
3173, 52.88333, 118.218, 1.88342, 177.083, 147.299, 309.315, 40.3667, 0.0428705, 45.3169, 0.191877, -135.074, 0.0643166, 75.836
3174, 52.89167, 118.269, 1.89699, 176.877, 147.285, 309.051, 40.3641, 0.042932, 45.3211, 0.191883, -135.061, 0.064359, 75.9468
3174, 52.90000, 118.32, 1.91047, 176.672, 147.27, 308.788, 40.3615, 0.0429935, 45.3254, 0.191889, -135.048, 0.0644016, 76.0571
3175, 52.90833, 118.371, 1.92387, 176.466, 147.256, 308.525, 40.359, 0.0430549, 45.3299, 0.191894, -135.035, 0.0644442, 76.1671
3175, 52.91667, 118.422, 1.9372, 176.261, 147.242, 308.262, 40.3564, 0.0431164, 45.3346, 0.191899, -135.022, 0.064487, 76.2768
3176, 52.92500, 118.472, 1.95044, 176.056, 147.227, 307.999, 40.3538, 0.0431778, 45.3394, 0.191904, -135.009, 0.0645299, 76.3861
3176, 52.93333, 118.523, 1.96359, 175.851, 147.213, 307.737, 40.3512, 0.0432392, 45.3444, 0.191909, -134.996, 0.0645729, 76.4951
3177, 52.94167, 118.574, 1.97667, 175.646, 147.198, 307.474, 40.3487, 0.0433006, 45.3495, 0.191913, -134.983, 0.064616, 76.6037
3177, 52.95000, 118.625, 1.98967, 175.441, 147.184, 307.213, 40.3461, 0.0433619, 45.3548, 0.191917, -134.97, 0.0646593, 76.712
3178, 52.95833, 118.676, 2.00258, 175.237, 147.169, 306.951, 40.3435, 0.0434232, 45.3602, 0.191921, -134.957, 0.0647026, 76.82
3178, 52.96667, 118.727, 2.01541, 175.032, 147.155, 306.689, 40.3409, 0.0434846, 45.3658, 0.191924, -134.945, 0.064746, 76.9276
3179, 52.97500, 118.778, 2.02817, 174.828, 147.14, 306.428, 40.3383, 0.0435459, 45.3715, 0.191928, -134.932, 0.0647896, 77.0349
3179, 52.98333, 118.829, 2.04083, 174.623, 147.126, 306.167, 40.3358, 0.0436071, 45.3774, 0.191931, -134.919, 0.0648332, 77.1418
3180, 52.99167, 118.881, 2.05342, 174.419, 147.111, 305.907, 40.3332, 0.0436684, 45.3835, 0.191933, -134.907, 0.064877, 77.2484
3180, 53.00000, 118.932, 2.06593, 174.215, 147.097, 305.646, 40.3306, 0.0437297, 45.3896, 0.191936, -134.894, 0.0649208, 77.3547
3181, 53.00833, 118.983, 2.07835, 174.011, 147.082, 305.386, 40.328, 0.0437909, 45.396, 0.191938, -134.882, 0.0649647, 77.4606
3181, 53.01667, 119.034, 2.09069, 173.807, 147.068, 305.126, 40.3254, 0.0438521, 45.4024, 0.19194, -134.869, 0.0650087, 77.5662
3182, 53.02500, 119.086, 2.10295, 173.603, 147.053, 304.866, 40.3228, 0.0439133, 45.409, 0.191941, -134.857, 0.0650529, 77.6714
3182, 53.03333, 119.137, 2.11513, 173.4, 147.039, 304.607, 40.3202, 0.0439745, 45.4158, 0.191943, -134.844, 0.0650971, 77.7763
3183, 53.04167, 119.188, 2.12723, 173.196, 147.024, 304.347, 40.3176, 0.0440356, 45.4227, 0.191944, -134.832, 0.0651414, 77.8809
3183, 53.05000, 119.24, 2.13925, 172.993, 147.01, 304.088, 40.315, 0.0440968, 45.4297, 0.191945, -134.819, 0.0651858, 77.9852
3184, 53.05833, 119.291, 2.15118, 172.789, 146.995, 303.83, 40.3124, 0.0441579, 45.4369, 0.191945, -134.807, 0.0652302, 78.0891
3184, 53.06667, 119.343, 2.16303, 172.586, 146.981, 303.571, 40.3098, 0.044219, 45.4442, 0.191945, -134.795, 0.0652748, 78.1927
3185, 53.07500, 119.394, 2.1748, 172.383, 146.966, 303.313, 40.3072, 0.0442801, 45.4516, 0.191945, -134.783, 0.0653194, 78.2959
3185, 53.08333, 119.446, 2.18649, 172.18, 146.952, 303.055, 40.3046, 0.0443412, 45.4592, 0.191945, -134.77, 0.0653642, 78.3988
3186, 53.09167, 119.497, 2.1981, 171.977, 146.937, 302.797, 40.3019, 0.0444022, 45.4669, 0.191945, -134.758, 0.065409, 78.5015
3186, 53.10000, 119.549, 2.20962, 171.775, 146.923, 302.539, 40.2993, 0.0444633, 45.4748, 0.191944, -134.746, 0.0654539, 78.6037
3187, 53.10833, 119.601, 2.22107, 171.572, 146.908, 302.282, 40.2967, 0.0445243, 45.4827, 0.191943, -134.734, 0.0654988, 78.7057
3187, 53.11667, 119.652, 2.23243, 171.369, 146.894, 302.025, 40.2941, 0.0445853, 45.4908, 0.191941, -134.722, 0.0655439, 78.8073
3188, 53.12500, 119.704, 2.24371, 171.167, 146.879, 301.768, 40.2915, 0.0446464, 45.4991, 0.19194, -134.71, 0.065589, 78.9086
3188, 53.13333, 119.756, 2.2549, 170.965, 146.864, 301.511, 40.2889, 0.0447073, 45.5074, 0.191938, -134.698, 0.0656342, 79.0096
3189, 53.14167, 119.808, 2.26602, 170.762, 146.85, 301.255, 40.2862, 0.0447683, 45.5159, 0.191936, -134.687, 0.0656794, 79.1102
3189, 53.15000, 119.859, 2.27705, 170.56, 146.835, 300.998, 40.2836, 0.0448293, 45.5246, 0.191933, -134.675, 0.0657247, 79.2105
3190, 53.15833, 119.911, 2.28801, 170.358, 146.821, 300.742, 40.281, 0.0448903, 45.5333, 0.191931, -134.663, 0.0657701, 79.3105
3190, 53.16667, 119.963, 2.29888, 170.157, 146.806, 300.487, 40.2783, 0.0449512, 45.5422, 0.191928, -134.651, 0.0658156, 79.4102
3191, 53.17500, 120.015, 2.30966, 169.955, 146.791, 300.231, 40.2757, 0.0450121, 45.5512, 0.191924, -134.639, 0.0658611, 79.5096
3191, 53.18333, 120.067, 2.32037, 169.753, 146.777, 299.976, 40.2731, 0.0450731, 45.5603, 0.191921, -134.628, 0.0659067, 79.6086
3192, 53.19167, 120.119, 2.331, 169.552, 146.762, 299.721, 40.2704, 0.045134, 45.5695, 0.191917, -134.616, 0.0659524, 79.7073
3192, 53.20000, 120.171, 2.34154, 169.35, 146.748, 299.466, 40.2678, 0.0451949, 45.5789, 0.191913, -134.605, 0.0659981, 79.8057
3193, 53.20833, 120.223, 2.352, 169.149, 146.733, 299.211, 40.2651, 0.0452558, 45.5884, 0.191908, -134.593, 0.0660439, 79.9038
3193, 53.21667, 120.275, 2.36238, 168.948, 146.718, 298.957, 40.2625, 0.0453166, 45.5979, 0.191904, -134.581, 0.0660897, 80.0016
3194, 53.22500, 120.327, 2.37267, 168.746, 146.704, 298.703, 40.2598, 0.0453775, 45.6077, 0.191899, -134.57, 0.0661356, 80.0991
3194, 53.23333, 120.379, 2.38289, 168.545, 146.689, 298.449, 40.2572, 0.0454384, 45.6175, 0.191894, -134.559, 0.0661815, 80.1962
3195, 53.24167, 120.431, 2.39302, 168.345, 146.674, 298.195, 40.2545, 0.0454992, 45.6274, 0.191888, -134.547, 0.0662275, 80.293
3195, 53.25000, 120.483, 2.40307, 168.144, 146.66, 297.942, 40.2519, 0.04556, 45.6375, 0.191883, -134.536, 0.0662736, 80.3896
3196, 53.25833, 120.536, 2.41304, 167.943, 146.645, 297.689, 40.2492, 0.0456209, 45.6477, 0.191877, -134.524, 0.0663197, 80.4858
3196, 53.26667, 120.588, 2.42293, 167.742, 146.63, 297.436, 40.2465, 0.0456817, 45.658, 0.19187, -134.513, 0.0663659, 80.5817
3197, 53.27500, 120.64, 2.43273, 167.542, 146.616, 297.183, 40.2439, 0.0457425, 45.6683, 0.191864, -134.502, 0.0664121, 80.6773
3197, 53.28333, 120.692, 2.44246, 167.342, 146.601, 296.93, 40.2412, 0.0458033, 45.6789, 0.191857, -134.491, 0.0664583, 80.7725
3198, 53.29167, 120.744, 2.4521, 167.141, 146.586, 296.678, 40.2385, 0.0458641, 45.6895, 0.19185, -134.48, 0.0665046, 80.8675
3198, 53.30000, 120.797, 2.46166, 166.941, 146.572, 296.426, 40.2358, 0.0459249, 45.7002, 0.191842, -134.468, 0.066551, 80.9622
3199, 53.30833, 120.849, 2.47113, 166.741, 146.557, 296.174, 40.2332, 0.0459857, 45.711, 0.191835, -134.457, 0.0665973, 81.0565
3199, 53.31667, 120.901, 2.48053, 166.541, 146.542, 295.922, 40.2305, 0.0460464, 45.722, 0.191827, -134.446, 0.0666438, 81.1506
3200, 53.32500, 120.954, 2.48984, 166.341, 146.528, 295.671, 40.2278, 0.0461072, 45.733, 0.191818, -134.435, 0.0666903, 81.2443
3200, 53.33333, 121.006, 2.49907, 166.141, 146.513, 295.42, 40.2251, 0.046168, 45.7442, 0.19181, -134.424, 0.0667368, 81.3378
3201, 53.34167, 121.059, 2.50822, 165.942, 146.498, 295.169, 40.2224, 0.0462287, 45.7554, 0.191801, -134.413, 0.0667833, 81.4309
3201, 53.35000, 121.111, 2.51729, 165.742, 146.484, 294.918, 40.2197, 0.0462895, 45.7668, 0.191792, -134.402, 0.0668299, 81.5238
3202, 53.35833, 121.163, 2.52627, 165.543, 146.469, 294.667, 40.217, 0.0463502, 45.7782, 0.191783, -134.392, 0.0668765, 81.6163
3202, 53.36667, 121.216, 2.53518, 165.343, 146.454, 294.417, 40.2143, 0.0464109, 45.7898, 0.191773, -134.381, 0.0669232, 81.7086
3203, 53.37500, 121.268, 2.544, 165.144, 146.439, 294.167, 40.2116, 0.0464717, 45.8015, 0.191763, -134.37, 0.0669699, 81.8005
3203, 53.38333, 121.321, 2.55274, 164.945, 146.425, 293.917, 40.2089, 0.0465324, 45.8132, 0.191753, -134.359, 0.0670166, 81.8922
3204, 53.39167, 121.374, 2.56139, 164.746, 146.41, 293.667, 40.2062, 0.0465931, 45.8251, 0.191742, -134.348, 0.0670633, 81.9835
3204, 53.40000, 121.426, 2.56997, 164.547, 146.395, 293.418, 40.2035, 0.0466538, 45.8371, 0.191731, -134.338, 0.0671101, 82.0746
3205, 53.40833, 121.479, 2.57846, 164.348, 146.38, 293.169, 40.2008, 0.0467145, 45.8491, 0.19172, -134.327, 0.0671569, 82.1653
3205, 53.41667, 121.531, 2.58687, 164.149, 146.366, 292.92, 40.198, 0.0467752, 45.8613, 0.191709, -134.316, 0.0672037, 82.2558
3206, 53.42500, 121.584, 2.5952, 163.951, 146.351, 292.671, 40.1953, 0.0468359, 45.8735, 0.191697, -134.306, 0.0672506, 82.346
3206, 53.43333, 121.637, 2.60345, 163.752, 146.336, 292.422, 40.1926, 0.0468966, 45.8859, 0.191686, -134.295, 0.0672975, 82.4358
3207, 53.44167, 121.689, 2.61161, 163.554, 146.321, 292.174, 40.1898, 0.0469573, 45.8983, 0.191673, -134.285, 0.0673444, 82.5254
3207, 53.45000, 121.742, 2.61969, 163.355, 146.306, 291.926, 40.1871, 0.047018, 45.9108, 0.191661, -134.274, 0.0673913, 82.6147
3208, 53.45833, 121.795, 2.62769, 163.157, 146.292, 291.678, 40.1844, 0.0470787, 45.9234, 0.191648, -134.264, 0.0674383, 82.7037
3208, 53.46667, 121.847, 2.63561, 162.959, 146.277, 291.43, 40.1816, 0.0471394, 45.9361, 0.191635, -134.253, 0.0674853, 82.7925
3209, 53.47500, 121.9, 2.64345, 162.761, 146.262, 291.182, 40.1789, 0.0472001, 45.9489, 0.191622, -134.243, 0.0675322, 82.8809
3209, 53.48333, 121.953, 2.6512, 162.563, 146.247, 290.935, 40.1761, 0.0472608, 45.9618, 0.191608, -134.233, 0.0675792, 82.969
3210, 53.49167, 122.005, 2.65888, 162.365, 146.232, 290.688, 40.1734, 0.0473215, 45.9748, 0.191594, -134.222, 0.0676263, 83.0569
3210, 53.50000, 122.058, 2.66647, 162.167, 146.217, 290.441, 40.1706, 0.0473821, 45.9879, 0.19158, -134.212, 0.0676733, 83.1445
3211, 53.50833, 122.111, 2.67397, 161.969, 146.203, 290.194, 40.1679, 0.0474428, 46.001, 0.191566, -134.202, 0.0677204, 83.2318
3211, 53.51667, 122.164, 2.6814, 161.772, 146.188, 289.948, 40.1651, 0.0475035, 46.0143, 0.191551, -134.191, 0.0677674, 83.3188
3212, 53.52500, 122.217, 2.68874, 161.574, 146.173, 289.702, 40.1623, 0.0475642, 46.0276, 0.191536, -134.181, 0.0678145, 83.4055
3212, 53.53333, 122.269, 2.696, 161.377, 146.158, 289.456, 40.1596, 0.0476248, 46.041, 0.191521, -134.171, 0.0678616, 83.4919
3213, 53.54167, 122.322, 2.70318, 161.179, 146.143, 289.21, 40.1568, 0.0476855, 46.0545, 0.191505, -134.161, 0.0679087, 83.5781
3213, 53.55000, 122.375, 2.71028, 160.982, 146.128, 288.964, 40.154, 0.0477462, 46.0681, 0.191489, -134.151, 0.0679558, 83.664
3214, 53.55833, 122.428, 2.7173, 160.785, 146.113, 288.719, 40.1512, 0.0478069, 46.0817, 0.191473, -134.141, 0.0680029, 83.7496
3214, 53.56667, 122.481, 2.72423, 160.588, 146.099, 288.474, 40.1484, 0.0478675, 46.0954, 0.191456, -134.131, 0.06805, 83.8349
3215, 53.57500, 122.534, 2.73108, 160.391, 146.084, 288.229, 40.1456, 0.0479282, 46.1093, 0.19144, -134.121, 0.0680971, 83.92
3215, 53.58333, 122.587, 2.73785, 160.194, 146.069, 287.984, 40.1428, 0.0479889, 46.1231, 0.191423, -134.111, 0.0681442, 84.0048
3216, 53.59167, 122.64, 2.74454, 159.997, 146.054, 287.739, 40.14, 0.0480496, 46.1371, 0.191405, -134.101, 0.0681914, 84.0893
3216, 53.60000, 122.692, 2.75114, 159.801, 146.039, 287.495, 40.1372, 0.0481102, 46.1512, 0.191388, -134.091, 0.0682385, 84.1735
3217, 53.60833, 122.745, 2.75766, 159.604, 146.024, 287.251, 40.1344, 0.0481709, 46.1653, 0.19137, -134.081, 0.0682856, 84.2575
3217, 53.61667, 122.798, 2.7641, 159.408, 146.009, 287.007, 40.1316, 0.0482316, 46.1795, 0.191352, -134.071, 0.0683328, 84.3411
3218, 53.62500, 122.851, 2.77046, 159.211, 145.994, 286.763, 40.1288, 0.0482923, 46.1938, 0.191333, -134.062, 0.0683799, 84.4246
3218, 53.63333, 122.904, 2.77674, 159.015, 145.979, 286.519, 40.126, 0.048353, 46.2081, 0.191314, -134.052, 0.068427, 84.5077
3219, 53.64167, 122.957, 2.78293, 158.819, 145.964, 286.276, 40.1232, 0.0484137, 46.2226, 0.191295, -134.042, 0.0684741, 84.5906
3219, 53.65000, 123.01, 2.78904, 158.623, 145.949, 286.033, 40.1203, 0.0484743, 46.2371, 0.191276, -134.032, 0.0685212, 84.6732
3220, 53.65833, 123.063, 2.79507, 158.426, 145.934, 285.79, 40.1175, 0.048535, 46.2516, 0.191256, -134.023, 0.0685683, 84.7555
3220, 53.66667, 123.116, 2.80102, 158.231, 145.919, 285.547, 40.1147, 0.0485957, 46.2663, 0.191237, -134.013, 0.0686154, 84.8376
3221, 53.67500, 123.169, 2.80689, 158.035, 145.904, 285.305, 40.1118, 0.0486564, 46.281, 0.191216, -134.003, 0.0686625, 84.9194
3221, 53.68333, 123.222, 2.81267, 157.839, 145.89, 285.062, 40.109, 0.0487171, 46.2958, 0.191196, -133.994, 0.0687096, 85.0009
3222, 53.69167, 123.275, 2.81837, 157.643, 145.875, 284.82, 40.1061, 0.0487778, 46.3106, 0.191175, -133.984, 0.0687567, 85.0822
3222, 53.70000, 123.328, 2.82399, 157.448, 145.86, 284.578, 40.1033, 0.0488385, 46.3255, 0.191154, -133.975, 0.0688038, 85.1632
3223, 53.70833, 123.381, 2.82953, 157.252, 145.845, 284.336, 40.1004, 0.0488993, 46.3405, 0.191133, -133.965, 0.0688508, 85.244
3223, 53.71667, 123.434, 2.83498, 157.057, 145.83, 284.095, 40.0975, 0.04896, 46.3556, 0.191111, -133.956, 0.0688978, 85.3245
3224, 53.72500, 123.487, 2.84036, 156.861, 145.815, 283.853, 40.0947, 0.0490207, 46.3707, 0.191089, -133.946, 0.0689449, 85.4047
3224, 53.73333, 123.54, 2.84565, 156.666, 145.799, 283.612, 40.0918, 0.0490814, 46.3859, 0.191067, -133.937, 0.0689919, 85.4847
3225, 53.74167, 123.593, 2.85086, 156.471, 145.784, 283.371, 40.0889, 0.0491422, 46.4011, 0.191044, -133.927, 0.0690389, 85.5644
3225, 53.75000, 123.646, 2.85598, 156.276, 145.769, 283.131, 40.086, 0.0492029, 46.4165, 0.191021, -133.918, 0.0690858, 85.6439
3226, 53.75833, 123.7, 2.86103, 156.081, 145.754, 282.89, 40.0832, 0.0492636, 46.4318, 0.190998, -133.909, 0.0691328, 85.7231
3226, 53.76667, 123.753, 2.86599, 155.886, 145.739, 282.65, 40.0803, 0.0493244, 46.4473, 0.190975, -133.899, 0.0691797, 85.802
3227, 53.77500, 123.806, 2.87087, 155.691, 145.724, 282.409, 40.0774, 0.0493851, 46.4628, 0.190951, -133.89, 0.0692267, 85.8807
3227, 53.78333, 123.859, 2.87567, 155.496, 145.709, 282.169, 40.0745, 0.0494459, 46.4783, 0.190927, -133.881, 0.0692736, 85.9592
3228, 53.79167, 123.912, 2.88038, 155.301, 145.694, 281.93, 40.0716, 0.0495067, 46.494, 0.190903, -133.871, 0.0693204, 86.0374
3228, 53.80000, 123.965, 2.88502, 155.107, 145.679, 281.69, 40.0686, 0.0495674, 46.5096, 0.190878, -133.862, 0.0693673, 86.1153
3229, 53.80833, 124.018, 2.88957, 154.912, 145.664, 281.451, 40.0657, 0.0496282, 46.5254, 0.190853, -133.853, 0.0694141, 86.193
3229, 53.81667, 124.071, 2.89404, 154.718, 145.649, 281.211, 40.0628, 0.049689, 46.5412, 0.190828, -133.844, 0.0694609, 86.2704
3230, 53.82500, 124.124, 2.89842, 154.524, 145.634, 280.972, 40.0599, 0.0497498, 46.557, 0.190802, -133.835, 0.0695077, 86.3476
3230, 53.83333, 124.177, 2.90273, 154.329, 145.619, 280.734, 40.0569, 0.0498106, 46.573, 0.190777, -133.826, 0.0695545, 86.4245
3231, 53.84167, 124.23, 2.90695, 154.135, 145.604, 280.495, 40.054, 0.0498714, 46.5889, 0.190751, -133.817, 0.0696012, 86.5012
3231, 53.85000, 124.283, 2.91109, 153.941, 145.588, 280.257, 40.0511, 0.0499322, 46.6049, 0.190724, -133.808, 0.0696479, 86.5777
3232, 53.85833, 124.336, 2.91515, 153.747, 145.573, 280.018, 40.0481, 0.049993, 46.621, 0.190698, -133.799, 0.0696946, 86.6539
3232, 53.86667, 124.389, 2.91913, 153.553, 145.558, 279.78, 40.0452, 0.0500539, 46.6372, 0.190671, -133.79, 0.0697412, 86.7298
3233, 53.87500, 124.442, 2.92303, 153.359, 145.543, 279.542, 40.0422, 0.0501147, 46.6534, 0.190643, -133.781, 0.0697878, 86.8055
3233, 53.88333, 124.495, 2.92684, 153.166, 145.528, 279.305, 40.0392, 0.0501756, 46.6696, 0.190616, -133.772, 0.0698344, 86.881
3234, 53.89167, 124.549, 2.93057, 152.972, 145.513, 279.067, 40.0363, 0.0502364, 46.6859, 0.190588, -133.763, 0.0698809, 86.9562
3234, 53.90000, 124.602, 2.93422, 152.778, 145.498, 278.83, 40.0333, 0.0502973, 46.7022, 0.19056, -133.754, 0.0699274, 87.0312
3235, 53.90833, 124.655, 2.93778, 152.585, 145.482, 278.593, 40.0303, 0.0503582, 46.7186, 0.190531, -133.745, 0.0699739, 87.1059
3235, 53.91667, 124.708, 2.94127, 152.391, 145.467, 278.356, 40.0273, 0.050419, 46.7351, 0.190503, -133.736, 0.0700204, 87.1805
3236, 53.92500, 124.761, 2.94467, 152.198, 145.452, 278.119, 40.0243, 0.0504799, 46.7516, 0.190474, -133.727, 0.0700668, 87.2547
3236, 53.93333, 124.814, 2.94799, 152.005, 145.437, 277.883, 40.0214, 0.0505408, 46.7681, 0.190444, -133.719, 0.0701131, 87.3287
3237, 53.94167, 124.867, 2.95123, 151.811, 145.422, 277.646, 40.0183, 0.0506017, 46.7847, 0.190415, -133.71, 0.0701595, 87.4025
3237, 53.95000, 124.92, 2.95439, 151.618, 145.406, 277.41, 40.0153, 0.0506627, 46.8013, 0.190385, -133.701, 0.0702058, 87.4761
3238, 53.95833, 124.973, 2.95746, 151.425, 145.391, 277.174, 40.0123, 0.0507236, 46.818, 0.190354, -133.692, 0.070252, 87.5494
3238, 53.96667, 125.026, 2.96045, 151.232, 145.376, 276.938, 40.0093, 0.0507845, 46.8347, 0.190324, -133.684, 0.0702982, 87.6225
3239, 53.97500, 125.079, 2.96336, 151.039, 145.361, 276.703, 40.0063, 0.0508455, 46.8515, 0.190293, -133.675, 0.0703444, 87.6954
3239, 53.98333, 125.132, 2.96619, 150.847, 145.346, 276.467, 40.0033, 0.0509064, 46.8683, 0.190262, -133.666, 0.0703905, 87.768
3240, 53.99167, 125.185, 2.96893, 150.654, 145.33, 276.232, 40.0002, 0.0509674, 46.8852, 0.19023, -133.658, 0.0704366, 87.8404
3240, 54.00000, 125.238, 2.9716, 150.461, 145.315, 275.997, 39.9972, 0.0510284, 46.9021, 0.190199, -133.649, 0.0704827, 87.9125
3241, 54.00833, 125.291, 2.97418, 150.269, 145.3, 275.762, 39.9941, 0.0510894, 46.919, 0.190167, -133.64, 0.0705287, 87.9845
3241, 54.01667, 125.344, 2.97668, 150.076, 145.285, 275.527, 39.9911, 0.0511504, 46.936, 0.190134, -133.632, 0.0705746, 88.0562
3242, 54.02500, 125.397, 2.9791, 149.884, 145.269, 275.293, 39.988, 0.0512114, 46.953, 0.190102, -133.623, 0.0706205, 88.1276
3242, 54.03333, 125.45, 2.98143, 149.691, 145.254, 275.059, 39.985, 0.0512724, 46.9701, 0.190069, -133.615, 0.0706664, 88.1989
3243, 54.04167, 125.502, 2.98369, 149.499, 145.239, 274.824, 39.9819, 0.0513335, 46.9872, 0.190035, -133.606, 0.0707122, 88.2699
3243, 54.05000, 125.555, 2.98586, 149.307, 145.223, 274.59, 39.9788, 0.0513945, 47.0044, 0.190002, -133.598, 0.070758, 88.3407
3244, 54.05833, 125.608, 2.98795, 149.115, 145.208, 274.357, 39.9757, 0.0514556, 47.0216, 0.189968, -133.589, 0.0708037, 88.4113
3244, 54.06667, 125.661, 2.98996, 148.922, 145.193, 274.123, 39.9726, 0.0515166, 47.0388, 0.189934, -133.581, 0.0708493, 88.4816
3245, 54.07500, 125.714, 2.99188, 148.73, 145.178, 273.89, 39.9695, 0.0515777, 47.0561, 0.189899, -133.573, 0.070895, 88.5517
3245, 54.08333, 125.767, 2.99372, 148.539, 145.162, 273.656, 39.9664, 0.0516388, 47.0734, 0.189865, -133.564, 0.0709405, 88.6216
3246, 54.09167, 125.82, 2.99549, 148.347, 145.147, 273.423, 39.9633, 0.0516999, 47.0907, 0.189829, -133.556, 0.070986, 88.6913
3246, 54.10000, 125.873, 2.99717, 148.155, 145.132, 273.19, 39.9602, 0.0517611, 47.1081, 0.189794, -133.548, 0.0710315, 88.7608
3247, 54.10833, 125.925, 2.99876, 147.963, 145.116, 272.958, 39.9571, 0.0518222, 47.1255, 0.189758, -133.539, 0.0710769, 88.83
3247, 54.11667, 125.978, 3.00028, 147.772, 145.101, 272.725, 39.954, 0.0518833, 47.1429, 0.189722, -133.531, 0.0711223, 88.899
3248, 54.12500, 126.031, 3.00171, 147.58, 145.085, 272.493, 39.9508, 0.0519445, 47.1604, 0.189686, -133.523, 0.0711676, 88.9678
3248, 54.13333, 126.084, 3.00307, 147.388, 145.07, 272.26, 39.9477, 0.0520057, 47.1779, 0.18965, -133.514, 0.0712128, 89.0364
3249, 54.14167, 126.137, 3.00434, 147.197, 145.055, 272.028, 39.9446, 0.0520669, 47.1954, 0.189613, -133.506, 0.071258, 89.1048
3249, 54.15000, 126.189, 3.00552, 147.006, 145.039, 271.797, 39.9414, 0.0521281, 47.213, 0.189575, -133.498, 0.0713031, 89.173
3250, 54.15833, 126.242, 3.00663, 146.814, 145.024, 271.565, 39.9382, 0.0521893, 47.2306, 0.189538, -133.49, 0.0713482, 89.2409
3250, 54.16667, 126.295, 3.00765, 146.623, 145.009, 271.333, 39.9351, 0.0522505, 47.2482, 0.1895, -133.482, 0.0713932, 89.3086
3251, 54.17500, 126.347, 3.00859, 146.432, 144.993, 271.102, 39.9319, 0.0523117, 47.2659, 0.189462, -133.473, 0.0714381, 89.3761
3251, 54.18333, 126.4, 3.00946, 146.241, 144.978, 270.871, 39.9287, 0.052373, 47.2836, 0.189424, -133.465, 0.071483, 89.4434
3252, 54.19167, 126.453, 3.01023, 146.05, 144.962, 270.64, 39.9255, 0.0524343, 47.3013, 0.189385, -133.457, 0.0715279, 89.5105
3252, 54.20000, 126.505, 3.01093, 145.859, 144.947, 270.409, 39.9224, 0.0524955, 47.3191, 0.189346, -133.449, 0.0715726, 89.5774
3253, 54.20833, 126.558, 3.01154, 145.668, 144.931, 270.178, 39.9192, 0.0525568, 47.3369, 0.189306, -133.441, 0.0716173, 89.6441
3253, 54.21667, 126.611, 3.01208, 145.477, 144.916, 269.948, 39.9159, 0.0526181, 47.3547, 0.189267, -133.433, 0.071662, 89.7106
3254, 54.22500, 126.663, 3.01253, 145.287, 144.901, 269.718, 39.9127, 0.0526795, 47.3725, 0.189227, -133.425, 0.0717066, 89.7768
3254, 54.23333, 126.716, 3.0129, 145.096, 144.885, 269.488, 39.9095, 0.0527408, 47.3904, 0.189186, -133.417, 0.0717511, 89.8429
3255, 54.24167, 126.768, 3.01318, 144.905, 144.87, 269.258, 39.9063, 0.0528022, 47.4082, 0.189146, -133.409, 0.0717955, 89.9087
3255, 54.25000, 126.821, 3.01339, 144.715, 144.854, 269.028, 39.9031, 0.0528635, 47.4261, 0.189105, -133.401, 0.0718399, 89.9743
3256, 54.25833, 126.873, 3.01351, 144.524, 144.839, 268.798, 39.8998, 0.0529249, 47.4441, 0.189064, -133.393, 0.0718842, 90.0398
3256, 54.26667, 126.926, 3.01355, 144.334, 144.823, 268.569, 39.8966, 0.0529863, 47.462, 0.189022, -133.385, 0.0719285, 90.105
3257, 54.27500, 126.978, 3.01351, 144.144, 144.808, 268.339, 39.8933, 0.0530477, 47.48, 0.18898, -133.377, 0.0719727, 90.17
3257, 54.28333, 127.031, 3.01339, 143.953, 144.792, 268.11, 39.8901, 0.0531092, 47.498, 0.188938, -133.369, 0.0720168, 90.2348
3258, 54.29167, 127.083, 3.01319, 143.763, 144.777, 267.881, 39.8868, 0.0531706, 47.516, 0.188896, -133.361, 0.0720609, 90.2995
3258, 54.30000, 127.135, 3.0129, 143.573, 144.761, 267.652, 39.8835, 0.0532321, 47.5341, 0.188853, -133.353, 0.0721048, 90.3639
3259, 54.30833, 127.188, 3.01253, 143.383, 144.746, 267.424, 39.8802, 0.0532935, 47.5522, 0.18881, -133.346, 0.0721487, 90.4281
3259, 54.31667, 127.24, 3.01208, 143.193, 144.73, 267.195, 39.8769, 0.053355, 47.5702, 0.188767, -133.338, 0.0721926, 90.4921
3260, 54.32500, 127.292, 3.01155, 143.003, 144.715, 266.967, 39.8736, 0.0534165, 47.5883, 0.188723, -133.33, 0.0722363, 90.5559
3260, 54.33333, 127.345, 3.01094, 142.813, 144.699, 266.739, 39.8703, 0.0534781, 47.6065, 0.188679, -133.322, 0.07228, 90.6196
3261, 54.34167, 127.397, 3.01024, 142.624, 144.683, 266.511, 39.867, 0.0535396, 47.6246, 0.188635, -133.314, 0.0723237, 90.683
3261, 54.35000, 127.449, 3.00947, 142.434, 144.668, 266.283, 39.8637, 0.0536012, 47.6428, 0.18859, -133.306, 0.0723672, 90.7462
3262, 54.35833, 127.501, 3.00861, 142.244, 144.652, 266.056, 39.8604, 0.0536627, 47.661, 0.188545, -133.299, 0.0724107, 90.8093
3262, 54.36667, 127.554, 3.00767, 142.054, 144.637, 265.828, 39.857, 0.0537243, 47.6792, 0.1885, -133.291, 0.0724541, 90.8721
3263, 54.37500, 127.606, 3.00665, 141.865, 144.621, 265.601, 39.8537, 0.0537859, 47.6974, 0.188454, -133.283, 0.0724974, 90.9347
3263, 54.38333, 127.658, 3.00554, 141.675, 144.606, 265.374, 39.8503, 0.0538475, 47.7156, 0.188408, -133.276, 0.0725407, 90.9972
3264, 54.39167, 127.71, 3.00436, 141.486, 144.59, 265.147, 39.847, 0.0539092, 47.7338, 0.188362, -133.268, 0.0725838, 91.0595
3264, 54.40000, 127.762, 3.00309, 141.297, 144.574, 264.92, 39.8436, 0.0539708, 47.7521, 0.188316, -133.26, 0.0726269, 91.1215
3265, 54.40833, 127.814, 3.00174, 141.107, 144.559, 264.693, 39.8403, 0.0540325, 47.7704, 0.188269, -133.252, 0.07267, 91.1834
3265, 54.41667, 127.866, 3.00031, 140.918, 144.543, 264.467, 39.8369, 0.0540942, 47.7887, 0.188222, -133.245, 0.0727129, 91.2451
3266, 54.42500, 127.918, 2.9988, 140.729, 144.527, 264.24, 39.8335, 0.0541559, 47.807, 0.188174, -133.237, 0.0727558, 91.3066
3266, 54.43333, 127.97, 2.99721, 140.54, 144.512, 264.014, 39.8301, 0.0542176, 47.8253, 0.188127, -133.23, 0.0727985, 91.3679
3267, 54.44167, 128.022, 2.99553, 140.351, 144.496, 263.788, 39.8267, 0.0542793, 47.8436, 0.188078, -133.222, 0.0728412, 91.429
3267, 54.45000, 128.074, 2.99378, 140.162, 144.481, 263.562, 39.8233, 0.0543411, 47.8619, 0.18803, -133.214, 0.0728839, 91.49
3268, 54.45833, 128.125, 2.99194, 139.973, 144.465, 263.336, 39.8199, 0.0544029, 47.8803, 0.187981, -133.207, 0.0729264, 91.5507
3268, 54.46667, 128.177, 2.99002, 139.784, 144.449, 263.111, 39.8164, 0.0544646, 47.8986, 0.187932, -133.199, 0.0729689, 91.6113
3269, 54.47500, 128.229, 2.98802, 139.595, 144.434, 262.885, 39.813, 0.0545264, 47.917, 0.187883, -133.192, 0.0730113, 91.6717
3269, 54.48333, 128.281, 2.98593, 139.406, 144.418, 262.66, 39.8095, 0.0545883, 47.9354, 0.187833, -133.184, 0.0730536, 91.7319
3270, 54.49167, 128.332, 2.98377, 139.218, 144.402, 262.435, 39.8061, 0.0546501, 47.9538, 0.187783, -133.177, 0.0730958, 91.7919
3270, 54.50000, 128.384, 2.98152, 139.029, 144.386, 262.21, 39.8026, 0.054712, 47.9721, 0.187733, -133.169, 0.0731379, 91.8517
3271, 54.50833, 128.436, 2.97919, 138.841, 144.371, 261.985, 39.7992, 0.0547738, 47.9905, 0.187682, -133.162, 0.0731799, 91.9114
3271, 54.51667, 128.487, 2.97678, 138.652, 144.355, 261.761, 39.7957, 0.0548357, 48.009, 0.187631, -133.154, 0.0732219, 91.9708
3272, 54.52500, 128.539, 2.97429, 138.464, 144.339, 261.536, 39.7922, 0.0548976, 48.0274, 0.18758, -133.147, 0.0732638, 92.0301
3272, 54.53333, 128.59, 2.97172, 138.275, 144.324, 261.312, 39.7887, 0.0549596, 48.0458, 0.187529, -133.139, 0.0733056, 92.0892
3273, 54.54167, 128.642, 2.96907, 138.087, 144.308, 261.088, 39.7852, 0.0550215, 48.0642, 0.187477, -133.132, 0.0733473, 92.1482
3273, 54.55000, 128.693, 2.96633, 137.899, 144.292, 260.864, 39.7817, 0.0550835, 48.0827, 0.187425, -133.124, 0.0733889, 92.2069
3274, 54.55833, 128.744, 2.96351, 137.71, 144.276, 260.64, 39.7782, 0.0551454, 48.1011, 0.187372, -133.117, 0.0734304, 92.2655
3274, 54.56667, 128.796, 2.96062, 137.522, 144.261, 260.416, 39.7746, 0.0552074, 48.1195, 0.187319, -133.109, 0.0734719, 92.3239
3275, 54.57500, 128.847, 2.95764, 137.334, 144.245, 260.193, 39.7711, 0.0552695, 48.138, 0.187266, -133.102, 0.0735132, 92.3821
3275, 54.58333, 128.898, 2.95457, 137.146, 144.229, 259.969, 39.7676, 0.0553315, 48.1564, 0.187213, -133.095, 0.0735545, 92.4402
3276, 54.59167, 128.95, 2.95143, 136.958, 144.213, 259.746, 39.764, 0.0553935, 48.1749, 0.187159, -133.087, 0.0735956, 92.498
3276, 54.60000, 129.001, 2.94821, 136.77, 144.197, 259.523, 39.7605, 0.0554556, 48.1933, 0.187105, -133.08, 0.0736367, 92.5557
3277, 54.60833, 129.052, 2.9449, 136.582, 144.182, 259.3, 39.7569, 0.0555177, 48.2118, 0.18705, -133.073, 0.0736777, 92.6133
3277, 54.61667, 129.103, 2.94151, 136.394, 144.166, 259.077, 39.7533, 0.0555798, 48.2302, 0.186995, -133.065, 0.0737186, 92.6706
3278, 54.62500, 129.154, 2.93805, 136.207, 144.15, 258.854, 39.7497, 0.0556419, 48.2487, 0.18694, -133.058, 0.0737594, 92.7278
3278, 54.63333, 129.205, 2.9345, 136.019, 144.134, 258.632, 39.7461, 0.055704, 48.2672, 0.186885, -133.051, 0.0738001, 92.7848
3279, 54.64167, 129.256, 2.93087, 135.831, 144.118, 258.41, 39.7425, 0.0557662, 48.2856, 0.186829, -133.043, 0.0738408, 92.8416
3279, 54.65000, 129.307, 2.92715, 135.643, 144.103, 258.187, 39.7389, 0.0558284, 48.3041, 0.186773, -133.036, 0.0738813, 92.8983
3280, 54.65833, 129.358, 2.92336, 135.456, 144.087, 257.965, 39.7353, 0.0558906, 48.3225, 0.186717, -133.029, 0.0739217, 92.9548
3280, 54.66667, 129.409, 2.91948, 135.268, 144.071, 257.743, 39.7316, 0.0559528, 48.341, 0.18666, -133.021, 0.0739621, 93.0111
3281, 54.67500, 129.46, 2.91553, 135.081, 144.055, 257.521, 39.728, 0.056015, 48.3594, 0.186603, -133.014, 0.0740023, 93.0673
3281, 54.68333, 129.51, 2.91149, 134.894, 144.039, 257.3, 39.7243, 0.0560773, 48.3779, 0.186546, -133.007, 0.0740425, 93.1233
3282, 54.69167, 129.561, 2.90737, 134.706, 144.023, 257.078, 39.7207, 0.0561395, 48.3963, 0.186488, -133, 0.0740826, 93.1791
3282, 54.70000, 129.612, 2.90317, 134.519, 144.007, 256.857, 39.717, 0.0562018, 48.4148, 0.18643, -132.992, 0.0741225, 93.2348
3283, 54.70833, 129.662, 2.89889, 134.332, 143.992, 256.636, 39.7133, 0.0562641, 48.4332, 0.186372, -132.985, 0.0741624, 93.2903
3283, 54.71667, 129.713, 2.89453, 134.144, 143.976, 256.415, 39.7097, 0.0563264, 48.4516, 0.186313, -132.978, 0.0742022, 93.3456
3284, 54.72500, 129.763, 2.89009, 133.957, 143.96, 256.194, 39.706, 0.0563888, 48.4701, 0.186254, -132.971, 0.0742418, 93.4008
3284, 54.73333, 129.814, 2.88556, 133.77, 143.944, 255.973, 39.7022, 0.0564511, 48.4885, 0.186195, -132.964, 0.0742814, 93.4558
3285, 54.74167, 129.864, 2.88095, 133.583, 143.928, 255.752, 39.6985, 0.0565135, 48.5069, 0.186135, -132.956, 0.0743209, 93.5107
3285, 54.75000, 129.915, 2.87627, 133.396, 143.912, 255.532, 39.6948, 0.0565759, 48.5253, 0.186075, -132.949, 0.0743603, 93.5653
3286, 54.75833, 129.965, 2.8715, 133.209, 143.896, 255.312, 39.6911, 0.0566383, 48.5437, 0.186015, -132.942, 0.0743995, 93.6199
3286, 54.76667, 130.015, 2.86665, 133.022, 143.88, 255.091, 39.6873, 0.0567007, 48.5621, 0.185954, -132.935, 0.0744387, 93.6742
3287, 54.77500, 130.065, 2.86172, 132.835, 143.864, 254.871, 39.6836, 0.0567632, 48.5805, 0.185893, -132.928, 0.0744778, 93.7284
3287, 54.78333, 130.115, 2.85671, 132.649, 143.848, 254.651, 39.6798, 0.0568256, 48.5989, 0.185832, -132.921, 0.0745168, 93.7825
3288, 54.79167, 130.166, 2.85162, 132.462, 143.832, 254.431, 39.676, 0.0568881, 48.6173, 0.185771, -132.913, 0.0745557, 93.8364
3288, 54.80000, 130.216, 2.84644, 132.275, 143.816, 254.212, 39.6723, 0.0569506, 48.6356, 0.185709, -132.906, 0.0745944, 93.8901
3289, 54.80833, 130.266, 2.84119, 132.089, 143.8, 253.992, 39.6685, 0.0570131, 48.654, 0.185646, -132.899, 0.0746331, 93.9437
3289, 54.81667, 130.316, 2.83585, 131.902, 143.784, 253.773, 39.6647, 0.0570757, 48.6723, 0.185584, -132.892, 0.0746717, 93.9971
3290, 54.82500, 130.365, 2.83044, 131.715, 143.768, 253.554, 39.6609, 0.0571382, 48.6907, 0.185521, -132.885, 0.0747102, 94.0503
3290, 54.83333, 130.415, 2.82494, 131.529, 143.752, 253.335, 39.657, 0.0572008, 48.709, 0.185458, -132.878, 0.0747485, 94.1034
3291, 54.84167, 130.465, 2.81936, 131.343, 143.736, 253.116, 39.6532, 0.0572634, 48.7273, 0.185394, -132.871, 0.0747868, 94.1564
3291, 54.85000, 130.515, 2.8137, 131.156, 143.72, 252.897, 39.6494, 0.057326, 48.7456, 0.18533, -132.864, 0.074825, 94.2092
3292, 54.85833, 130.564, 2.80796, 130.97, 143.704, 252.678, 39.6455, 0.0573886, 48.7639, 0.185266, -132.856, 0.074863, 94.2618
3292, 54.86667, 130.614, 2.80214, 130.783, 143.688, 252.459, 39.6416, 0.0574513, 48.7822, 0.185202, -132.849, 0.074901, 94.3143
3293, 54.87500, 130.664, 2.79624, 130.597, 143.672, 252.241, 39.6378, 0.0575139, 48.8004, 0.185137, -132.842, 0.0749388, 94.3667
3293, 54.88333, 130.713, 2.79025, 130.411, 143.656, 252.023, 39.6339, 0.0575766, 48.8187, 0.185071, -132.835, 0.0749765, 94.4188
3294, 54.89167, 130.762, 2.78419, 130.225, 143.64, 251.805, 39.63, 0.0576393, 48.8369, 0.185006, -132.828, 0.0750142, 94.4709
3294, 54.90000, 130.812, 2.77804, 130.039, 143.624, 251.586, 39.6261, 0.057702, 48.8551, 0.18494, -132.821, 0.0750517, 94.5228
3295, 54.90833, 130.861, 2.77182, 129.853, 143.608, 251.369, 39.6222, 0.0577647, 48.8733, 0.184874, -132.814, 0.0750891, 94.5745
3295, 54.91667, 130.91, 2.76551, 129.667, 143.592, 251.151, 39.6183, 0.0578275, 48.8915, 0.184807, -132.807, 0.0751264, 94.6261
3296, 54.92500, 130.96, 2.75913, 129.481, 143.576, 250.933, 39.6143, 0.0578902, 48.9097, 0.18474, -132.8, 0.0751636, 94.6775
3296, 54.93333, 131.009, 2.75266, 129.295, 143.56, 250.716, 39.6104, 0.057953, 48.9279, 0.184673, -132.793, 0.0752007, 94.7288
3297, 54.94167, 131.058, 2.74611, 129.109, 143.544, 250.498, 39.6064, 0.0580158, 48.946, 0.184606, -132.786, 0.0752377, 94.78
3297, 54.95000, 131.107, 2.73948, 128.923, 143.528, 250.281, 39.6025, 0.0580786, 48.9641, 0.184538, -132.779, 0.0752746, 94.831
3298, 54.95833, 131.156, 2.73277, 128.737, 143.512, 250.064, 39.5985, 0.0581415, 48.9823, 0.18447, -132.772, 0.0753114, 94.8818
3298, 54.96667, 131.204, 2.72598, 128.551, 143.495, 249.847, 39.5945, 0.0582043, 49.0003, 0.184401, -132.765, 0.075348, 94.9325
3299, 54.97500, 131.253, 2.71911, 128.366, 143.479, 249.63, 39.5905, 0.0582672, 49.0184, 0.184332, -132.758, 0.0753846, 94.9831
3299, 54.98333, 131.302, 2.71216, 128.18, 143.463, 249.413, 39.5865, 0.0583301, 49.0365, 0.184263, -132.751, 0.075421, 95.0335
3300, 54.99167, 131.351, 2.70512, 127.994, 143.447, 249.197, 39.5825, 0.058393, 49.0545, 0.184194, -132.744, 0.0754574, 95.0838
3300, 55.00000, 131.399, 2.69801, 127.809, 143.431, 248.98, 39.5785, 0.0584559, 49.0725, 0.184124, -132.737, 0.0754936, 95.1339
3301, 55.00833, 131.448, 2.69082, 127.623, 143.415, 248.764, 39.5744, 0.0585188, 49.0905, 0.184053, -132.73, 0.0755297, 95.1839
3301, 55.01667, 131.496, 2.68354, 127.438, 143.399, 248.548, 39.5704, 0.0585818, 49.1085, 0.183983, -132.723, 0.0755657, 95.2338
3302, 55.02500, 131.545, 2.67619, 127.252, 143.383, 248.332, 39.5663, 0.0586448, 49.1264, 0.183912, -132.715, 0.0756016, 95.2835
3302, 55.03333, 131.593, 2.66875, 127.067, 143.366, 248.116, 39.5622, 0.0587078, 49.1444, 0.183841, -132.708, 0.0756373, 95.333
3303, 55.04167, 131.641, 2.66124, 126.882, 143.35, 247.9, 39.5582, 0.0587708, 49.1623, 0.183769, -132.701, 0.075673, 95.3825
3303, 55.05000, 131.689, 2.65364, 126.696, 143.334, 247.684, 39.5541, 0.0588338, 49.1802, 0.183697, -132.694, 0.0757086, 95.4318
3304, 55.05833, 131.738, 2.64597, 126.511, 143.318, 247.468, 39.55, 0.0588968, 49.198, 0.183625, -132.687, 0.075744, 95.4809
3304, 55.06667, 131.786, 2.63821, 126.326, 143.302, 247.253, 39.5458, 0.0589599, 49.2159, 0.183553, -132.68, 0.0757793, 95.5299
3305, 55.07500, 131.834, 2.63037, 126.14, 143.286, 247.038, 39.5417, 0.0590229, 49.2337, 0.18348, -132.673, 0.0758145, 95.5788
3305, 55.08333, 131.882, 2.62246, 125.955, 143.269, 246.822, 39.5376, 0.059086, 49.2515, 0.183407, -132.666, 0.0758496, 95.6275
3306, 55.09167, 131.929, 2.61446, 125.77, 143.253, 246.607, 39.5334, 0.0591491, 49.2693, 0.183333, -132.659, 0.0758846, 95.6761
3306, 55.10000, 131.977, 2.60638, 125.585, 143.237, 246.392, 39.5293, 0.0592122, 49.287, 0.183259, -132.652, 0.0759194, 95.7246
3307, 55.10833, 132.025, 2.59822, 125.4, 143.221, 246.177, 39.5251, 0.0592754, 49.3048, 0.183185, -132.645, 0.0759542, 95.7729
3307, 55.11667, 132.072, 2.58998, 125.215, 143.204, 245.963, 39.5209, 0.0593385, 49.3225, 0.18311, -132.638, 0.0759888, 95.8211
3308, 55.12500, 132.12, 2.58166, 125.03, 143.188, 245.748, 39.5167, 0.0594017, 49.3401, 0.183035, -132.631, 0.0760233, 95.8692
3308, 55.13333, 132.167, 2.57327, 124.845, 143.172, 245.534, 39.5125, 0.0594649, 49.3578, 0.18296, -132.624, 0.0760577, 95.9171
3309, 55.14167, 132.215, 2.56479, 124.66, 143.156, 245.319, 39.5083, 0.0595281, 49.3754, 0.182884, -132.617, 0.076092, 95.9649
3309, 55.15000, 132.262, 2.55623, 124.475, 143.14, 245.105, 39.5041, 0.0595913, 49.393, 0.182808, -132.61, 0.0761261, 96.0126
3310, 55.15833, 132.309, 2.54759, 124.291, 143.123, 244.891, 39.4998, 0.0596545, 49.4106, 0.182732, -132.603, 0.0761602, 96.0601
3310, 55.16667, 132.357, 2.53887, 124.106, 143.107, 244.677, 39.4956, 0.0597177, 49.4281, 0.182656, -132.596, 0.0761941, 96.1075
3311, 55.17500, 132.404, 2.53007, 123.921, 143.091, 244.463, 39.4913, 0.059781, 49.4456, 0.182579, -132.589, 0.0762279, 96.1548
3311, 55.18333, 132.451, 2.52119, 123.736, 143.074, 244.249, 39.487, 0.0598442, 49.4631, 0.182501, -132.582, 0.0762616, 96.2019
3312, 55.19167, 132.498, 2.51223, 123.552, 143.058, 244.035, 39.4828, 0.0599075, 49.4806, 0.182424, -132.575, 0.0762952, 96.2489
3312, 55.20000, 132.544, 2.50319, 123.367, 143.042, 243.822, 39.4785, 0.0599708, 49.498, 0.182346, -132.568, 0.0763286, 96.2958
3313, 55.20833, 132.591, 2.49407, 123.183, 143.026, 243.608, 39.4742, 0.0600341, 49.5154, 0.182267, -132.561, 0.0763619, 96.3426
3313, 55.21667, 132.638, 2.48487, 122.998, 143.009, 243.395, 39.4698, 0.0600975, 49.5328, 0.182189, -132.554, 0.0763951, 96.3892
3314, 55.22500, 132.684, 2.47559, 122.814, 142.993, 243.182, 39.4655, 0.0601608, 49.5501, 0.18211, -132.547, 0.0764282, 96.4357
3314, 55.23333, 132.731, 2.46623, 122.629, 142.977, 242.969, 39.4612, 0.0602242, 49.5674, 0.18203, -132.54, 0.0764612, 96.4821
3315, 55.24167, 132.777, 2.45679, 122.445, 142.96, 242.756, 39.4568, 0.0602875, 49.5847, 0.18195, -132.533, 0.076494, 96.5283
3315, 55.25000, 132.824, 2.44727, 122.26, 142.944, 242.543, 39.4524, 0.0603509, 49.6019, 0.18187, -132.526, 0.0765268, 96.5744
3316, 55.25833, 132.87, 2.43767, 122.076, 142.928, 242.33, 39.448, 0.0604143, 49.6191, 0.18179, -132.519, 0.0765594, 96.6204
3316, 55.26667, 132.916, 2.42799, 121.892, 142.911, 242.118, 39.4437, 0.0604777, 49.6363, 0.181709, -132.512, 0.0765918, 96.6663
3317, 55.27500, 132.962, 2.41823, 121.707, 142.895, 241.905, 39.4392, 0.0605411, 49.6535, 0.181628, -132.505, 0.0766242, 96.712
3317, 55.28333, 133.008, 2.4084, 121.523, 142.879, 241.693, 39.4348, 0.0606046, 49.6706, 0.181547, -132.498, 0.0766564, 96.7576
3318, 55.29167, 133.054, 2.39848, 121.339, 142.862, 241.48, 39.4304, 0.060668, 49.6877, 0.181465, -132.491, 0.0766886, 96.8031
3318, 55.30000, 133.1, 2.38848, 121.155, 142.846, 241.268, 39.426, 0.0607315, 49.7047, 0.181383, -132.484, 0.0767206, 96.8485
3319, 55.30833, 133.146, 2.3784, 120.971, 142.83, 241.056, 39.4215, 0.060795, 49.7218, 0.1813, -132.477, 0.0767524, 96.8938
3319, 55.31667, 133.192, 2.36825, 120.786, 142.813, 240.844, 39.417, 0.0608585, 49.7387, 0.181218, -132.47, 0.0767842, 96.9389
3320, 55.32500, 133.237, 2.35801, 120.602, 142.797, 240.632, 39.4126, 0.0609219, 49.7557, 0.181134, -132.463, 0.0768158, 96.9839
3320, 55.33333, 133.283, 2.34769, 120.418, 142.781, 240.42, 39.4081, 0.0609855, 49.7726, 0.181051, -132.456, 0.0768473, 97.0288
3321, 55.34167, 133.328, 2.3373, 120.234, 142.764, 240.209, 39.4036, 0.061049, 49.7895, 0.180967, -132.449, 0.0768786, 97.0736
3321, 55.35000, 133.373, 2.32682, 120.05, 142.748, 239.997, 39.399, 0.0611125, 49.8063, 0.180883, -132.441, 0.0769099, 97.1182
3322, 55.35833, 133.419, 2.31627, 119.866, 142.732, 239.786, 39.3945, 0.0611761, 49.8231, 0.180798, -132.434, 0.076941, 97.1627
3322, 55.36667, 133.464, 2.30564, 119.682, 142.715, 239.574, 39.39, 0.0612396, 49.8399, 0.180713, -132.427, 0.076972, 97.2071
3323, 55.37500, 133.509, 2.29492, 119.499, 142.699, 239.363, 39.3854, 0.0613032, 49.8567, 0.180628, -132.42, 0.0770029, 97.2514
3323, 55.38333, 133.554, 2.28413, 119.315, 142.682, 239.152, 39.3808, 0.0613668, 49.8734, 0.180542, -132.413, 0.0770336, 97.2956
3324, 55.39167, 133.598, 2.27326, 119.131, 142.666, 238.941, 39.3763, 0.0614304, 49.89, 0.180457, -132.406, 0.0770642, 97.3397
3324, 55.40000, 133.643, 2.26231, 118.947, 142.649, 238.73, 39.3717, 0.061494, 49.9067, 0.18037, -132.399, 0.0770947, 97.3836
3325, 55.40833, 133.688, 2.25128, 118.763, 142.633, 238.519, 39.3671, 0.0615576, 49.9232, 0.180284, -132.392, 0.0771251, 97.4274
3325, 55.41667, 133.732, 2.24017, 118.58, 142.617, 238.309, 39.3624, 0.0616212, 49.9398, 0.180197, -132.385, 0.0771553, 97.4711
3326, 55.42500, 133.777, 2.22898, 118.396, 142.6, 238.098, 39.3578, 0.0616848, 49.9563, 0.180109, -132.377, 0.0771854, 97.5147
3326, 55.43333, 133.821, 2.21771, 118.212, 142.584, 237.888, 39.3532, 0.0617485, 49.9728, 0.180021, -132.37, 0.0772154, 97.5582
3327, 55.44167, 133.866, 2.20636, 118.029, 142.567, 237.677, 39.3485, 0.0618121, 49.9892, 0.179933, -132.363, 0.0772453, 97.6016
3327, 55.45000, 133.91, 2.19494, 117.845, 142.551, 237.467, 39.3438, 0.0618758, 50.0056, 0.179845, -132.356, 0.077275, 97.6448
3328, 55.45833, 133.954, 2.18343, 117.662, 142.534, 237.257, 39.3391, 0.0619394, 50.022, 0.179756, -132.349, 0.0773046, 97.688
3328, 55.46667, 133.998, 2.17185, 117.478, 142.518, 237.047, 39.3344, 0.0620031, 50.0383, 0.179667, -132.342, 0.0773341, 97.731
3329, 55.47500, 134.042, 2.16018, 117.295, 142.502, 236.837, 39.3297, 0.0620668, 50.0545, 0.179578, -132.334, 0.0773634, 97.7739
3329, 55.48333, 134.086, 2.14844, 117.111, 142.485, 236.627, 39.325, 0.0621305, 50.0708, 0.179488, -132.327, 0.0773926, 97.8167
3330, 55.49167, 134.129, 2.13662, 116.928, 142.469, 236.417, 39.3203, 0.0621942, 50.087, 0.179398, -132.32, 0.0774217, 97.8594
3330, 55.50000, 134.173, 2.12472, 116.744, 142.452, 236.208, 39.3155, 0.0622579, 50.1031, 0.179307, -132.313, 0.0774506, 97.902
3331, 55.50833, 134.216, 2.11274, 116.561, 142.436, 235.998, 39.3108, 0.0623216, 50.1192, 0.179216, -132.305, 0.0774795, 97.9444
3331, 55.51667, 134.26, 2.10068, 116.377, 142.419, 235.788, 39.306, 0.0623854, 50.1353, 0.179125, -132.298, 0.0775082, 97.9868
3332, 55.52500, 134.303, 2.08855, 116.194, 142.403, 235.579, 39.3012, 0.0624491, 50.1513, 0.179033, -132.291, 0.0775367, 98.0291
3332, 55.53333, 134.346, 2.07633, 116.011, 142.386, 235.37, 39.2964, 0.0625129, 50.1673, 0.178942, -132.284, 0.0775651, 98.0712
3333, 55.54167, 134.389, 2.06404, 115.828, 142.37, 235.161, 39.2916, 0.0625766, 50.1833, 0.178849, -132.276, 0.0775935, 98.1132
3333, 55.55000, 134.432, 2.05166, 115.644, 142.353, 234.952, 39.2867, 0.0626404, 50.1991, 0.178757, -132.269, 0.0776216, 98.1552
3334, 55.55833, 134.475, 2.03921, 115.461, 142.337, 234.743, 39.2819, 0.0627041, 50.215, 0.178664, -132.262, 0.0776497, 98.197
3334, 55.56667, 134.518, 2.02668, 115.278, 142.32, 234.534, 39.277, 0.0627679, 50.2308, 0.17857, -132.255, 0.0776776, 98.2387
3335, 55.57500, 134.56, 2.01408, 115.095, 142.304, 234.325, 39.2722, 0.0628317, 50.2466, 0.178476, -132.247, 0.0777053, 98.2803
3335, 55.58333, 134.603, 2.00139, 114.912, 142.287, 234.116, 39.2673, 0.0628955, 50.2623, 0.178382, -132.24, 0.077733, 98.3218
3336, 55.59167, 134.645, 1.98862, 114.729, 142.271, 233.908, 39.2624, 0.0629593, 50.278, 0.178288, -132.233, 0.0777605, 98.3632
3336, 55.60000, 134.688, 1.97578, 114.546, 142.254, 233.699, 39.2575, 0.0630231, 50.2936, 0.178193, -132.225, 0.0777879, 98.4045
3337, 55.60833, 134.73, 1.96286, 114.363, 142.238, 233.491, 39.2525, 0.0630869, 50.3092, 0.178098, -132.218, 0.0778151, 98.4456
3337, 55.61667, 134.772, 1.94986, 114.18, 142.221, 233.282, 39.2476, 0.0631507, 50.3247, 0.178003, -132.21, 0.0778422, 98.4867
3338, 55.62500, 134.814, 1.93678, 113.997, 142.205, 233.074, 39.2426, 0.0632145, 50.3402, 0.177907, -132.203, 0.0778692, 98.5277
3338, 55.63333, 134.856, 1.92362, 113.814, 142.188, 232.866, 39.2377, 0.0632783, 50.3557, 0.17781, -132.196, 0.077896, 98.5686
3339, 55.64167, 134.898, 1.91038, 113.631, 142.172, 232.658, 39.2327, 0.0633421, 50.3711, 0.177714, -132.188, 0.0779227, 98.6093
3339, 55.65000, 134.939, 1.89707, 113.448, 142.155, 232.45, 39.2277, 0.0634059, 50.3864, 0.177617, -132.181, 0.0779493, 98.65
3340, 55.65833, 134.981, 1.88368, 113.265, 142.139, 232.242, 39.2227, 0.0634697, 50.4017, 0.17752, -132.173, 0.0779757, 98.6906
3340, 55.66667, 135.022, 1.87021, 113.082, 142.122, 232.034, 39.2176, 0.0635336, 50.417, 0.177422, -132.166, 0.0780021, 98.731
3341, 55.67500, 135.064, 1.85666, 112.899, 142.106, 231.827, 39.2126, 0.0635974, 50.4322, 0.177324, -132.158, 0.0780282, 98.7714
3341, 55.68333, 135.105, 1.84303, 112.716, 142.089, 231.619, 39.2075, 0.0636612, 50.4474, 0.177226, -132.151, 0.0780543, 98.8116
3342, 55.69167, 135.146, 1.82933, 112.534, 142.072, 231.411, 39.2025, 0.0637251, 50.4625, 0.177127, -132.143, 0.0780802, 98.8518
3342, 55.70000, 135.187, 1.81555, 112.351, 142.056, 231.204, 39.1974, 0.0637889, 50.4775, 0.177028, -132.136, 0.0781059, 98.8919
3343, 55.70833, 135.228, 1.80169, 112.168, 142.039, 230.997, 39.1923, 0.0638528, 50.4926, 0.176928, -132.128, 0.0781316, 98.9318
3343, 55.71667, 135.269, 1.78775, 111.985, 142.023, 230.789, 39.1872, 0.0639166, 50.5075, 0.176828, -132.121, 0.0781571, 98.9717
3344, 55.72500, 135.309, 1.77373, 111.803, 142.006, 230.582, 39.1821, 0.0639804, 50.5224, 0.176728, -132.113, 0.0781824, 99.0115
3344, 55.73333, 135.35, 1.75964, 111.62, 141.99, 230.375, 39.1769, 0.0640443, 50.5373, 0.176628, -132.105, 0.0782076, 99.0511
3345, 55.74167, 135.39, 1.74547, 111.437, 141.973, 230.168, 39.1718, 0.0641081, 50.5521, 0.176527, -132.098, 0.0782327, 99.0907
3345, 55.75000, 135.43, 1.73122, 111.255, 141.957, 229.961, 39.1666, 0.064172, 50.5669, 0.176426, -132.09, 0.0782577, 99.1302
3346, 55.75833, 135.471, 1.7169, 111.072, 141.94, 229.755, 39.1614, 0.0642358, 50.5816, 0.176324, -132.083, 0.0782825, 99.1695
3346, 55.76667, 135.511, 1.70249, 110.89, 141.923, 229.548, 39.1562, 0.0642997, 50.5963, 0.176222, -132.075, 0.0783071, 99.2088
3347, 55.77500, 135.55, 1.68801, 110.707, 141.907, 229.341, 39.151, 0.0643635, 50.6109, 0.17612, -132.067, 0.0783317, 99.248
3347, 55.78333, 135.59, 1.67345, 110.525, 141.89, 229.135, 39.1458, 0.0644274, 50.6255, 0.176017, -132.059, 0.0783561, 99.2871
3348, 55.79167, 135.63, 1.65881, 110.342, 141.874, 228.928, 39.1405, 0.0644912, 50.64, 0.175914, -132.052, 0.0783803, 99.3261
3348, 55.80000, 135.669, 1.6441, 110.16, 141.857, 228.722, 39.1353, 0.0645551, 50.6545, 0.17581, -132.044, 0.0784045, 99.365
3349, 55.80833, 135.709, 1.62931, 109.977, 141.841, 228.515, 39.13, 0.0646189, 50.6689, 0.175706, -132.036, 0.0784284, 99.4038
3349, 55.81667, 135.748, 1.61444, 109.795, 141.824, 228.309, 39.1247, 0.0646828, 50.6832, 0.175602, -132.028, 0.0784523, 99.4425
3350, 55.82500, 135.787, 1.59949, 109.612, 141.807, 228.103, 39.1194, 0.0647466, 50.6975, 0.175498, -132.021, 0.078476, 99.4811
3350, 55.83333, 135.826, 1.58447, 109.43, 141.791, 227.897, 39.1141, 0.0648104, 50.7118, 0.175393, -132.013, 0.0784996, 99.5196
3351, 55.84167, 135.865, 1.56937, 109.248, 141.774, 227.691, 39.1087, 0.0648743, 50.726, 0.175287, -132.005, 0.078523, 99.558
3351, 55.85000, 135.904, 1.55419, 109.065, 141.758, 227.485, 39.1034, 0.0649381, 50.7401, 0.175182, -131.997, 0.0785463, 99.5964
3352, 55.85833, 135.943, 1.53894, 108.883, 141.741, 227.279, 39.098, 0.0650019, 50.7542, 0.175076, -131.989, 0.0785694, 99.6346
3352, 55.86667, 135.981, 1.5236, 108.701, 141.725, 227.074, 39.0926, 0.0650657, 50.7683, 0.174969, -131.981, 0.0785925, 99.6728
3353, 55.87500, 136.02, 1.5082, 108.518, 141.708, 226.868, 39.0872, 0.0651295, 50.7822, 0.174863, -131.973, 0.0786153, 99.7108
3353, 55.88333, 136.058, 1.49271, 108.336, 141.691, 226.662, 39.0818, 0.0651934, 50.7962, 0.174755, -131.965, 0.0786381, 99.7488
3354, 55.89167, 136.096, 1.47715, 108.154, 141.675, 226.457, 39.0764, 0.0652572, 50.81, 0.174648, -131.957, 0.0786607, 99.7867
3354, 55.90000, 136.134, 1.46151, 107.972, 141.658, 226.251, 39.071, 0.065321, 50.8239, 0.17454, -131.949, 0.0786831, 99.8245
3355, 55.90833, 136.172, 1.44579, 107.79, 141.642, 226.046, 39.0655, 0.0653848, 50.8376, 0.174432, -131.941, 0.0787054, 99.8622
3355, 55.91667, 136.21, 1.43, 107.607, 141.625, 225.841, 39.06, 0.0654486, 50.8513, 0.174323, -131.933, 0.0787276, 99.8998
3356, 55.92500, 136.247, 1.41413, 107.425, 141.608, 225.636, 39.0545, 0.0655123, 50.865, 0.174214, -131.925, 0.0787496, 99.9373
3356, 55.93333, 136.285, 1.39818, 107.243, 141.592, 225.43, 39.049, 0.0655761, 50.8786, 0.174105, -131.917, 0.0787715, 99.9748
3357, 55.94167, 136.322, 1.38216, 107.061, 141.575, 225.225, 39.0435, 0.0656399, 50.8921, 0.173995, -131.909, 0.0787932, 100.012
3357, 55.95000, 136.359, 1.36606, 106.879, 141.559, 225.02, 39.038, 0.0657037, 50.9056, 0.173885, -131.901, 0.0788148, 100.049
3358, 55.95833, 136.396, 1.34989, 106.697, 141.542, 224.815, 39.0324, 0.0657674, 50.919, 0.173775, -131.893, 0.0788363, 100.087
3358, 55.96667, 136.433, 1.33363, 106.515, 141.525, 224.611, 39.0269, 0.0658312, 50.9324, 0.173664, -131.885, 0.0788576, 100.124
3359, 55.97500, 136.47, 1.3173, 106.333, 141.509, 224.406, 39.0213, 0.0658949, 50.9457, 0.173553, -131.876, 0.0788788, 100.161
3359, 55.98333, 136.507, 1.3009, 106.151, 141.492, 224.201, 39.0157, 0.0659586, 50.959, 0.173441, -131.868, 0.0788998, 100.198
3360, 55.99167, 136.543, 1.28442, 105.969, 141.476, 223.997, 39.0101, 0.0660223, 50.9722, 0.173329, -131.86, 0.0789207, 100.234
3360, 56.00000, 136.579, 1.26786, 105.787, 141.459, 223.792, 39.0044, 0.0660861, 50.9853, 0.173217, -131.852, 0.0789415, 100.271
3361, 56.00833, 136.616, 1.25123, 105.605, 141.442, 223.588, 38.9988, 0.0661498, 50.9984, 0.173104, -131.843, 0.0789621, 100.308
3361, 56.01667, 136.652, 1.23452, 105.423, 141.426, 223.383, 38.9931, 0.0662135, 51.0114, 0.172991, -131.835, 0.0789826, 100.344
3362, 56.02500, 136.688, 1.21773, 105.241, 141.409, 223.179, 38.9875, 0.0662771, 51.0244, 0.172878, -131.827, 0.0790029, 100.381
3362, 56.03333, 136.723, 1.20087, 105.059, 141.393, 222.975, 38.9818, 0.0663408, 51.0373, 0.172764, -131.818, 0.0790231, 100.417
3363, 56.04167, 136.759, 1.18393, 104.877, 141.376, 222.77, 38.9761, 0.0664045, 51.0502, 0.17265, -131.81, 0.0790431, 100.454
3363, 56.05000, 136.795, 1.16692, 104.695, 141.36, 222.566, 38.9703, 0.0664681, 51.063, 0.172535, -131.801, 0.079063, 100.49
3364, 56.05833, 136.83, 1.14983, 104.513, 141.343, 222.362, 38.9646, 0.0665317, 51.0757, 0.17242, -131.793, 0.0790827, 100.526
3364, 56.06667, 136.865, 1.13267, 104.332, 141.326, 222.158, 38.9588, 0.0665954, 51.0884, 0.172305, -131.784, 0.0791023, 100.562
3365, 56.07500, 136.9, 1.11542, 104.15, 141.31, 221.954, 38.9531, 0.066659, 51.101, 0.172189, -131.776, 0.0791218, 100.598
3365, 56.08333, 136.935, 1.09811, 103.968, 141.293, 221.75, 38.9473, 0.0667225, 51.1135, 0.172073, -131.767, 0.0791411, 100.634
3366, 56.09167, 136.97, 1.08072, 103.786, 141.277, 221.547, 38.9415, 0.0667861, 51.126, 0.171957, -131.759, 0.0791603, 100.67
3366, 56.10000, 137.005, 1.06325, 103.604, 141.26, 221.343, 38.9356, 0.0668497, 51.1384, 0.17184, -131.75, 0.0791793, 100.706
3367, 56.10833, 137.039, 1.04571, 103.423, 141.243, 221.139, 38.9298, 0.0669132, 51.1508, 0.171723, -131.742, 0.0791982, 100.741
3367, 56.11667, 137.073, 1.02809, 103.241, 141.227, 220.936, 38.9239, 0.0669768, 51.1631, 0.171605, -131.733, 0.0792169, 100.777
3368, 56.12500, 137.108, 1.01039, 103.059, 141.21, 220.732, 38.9181, 0.0670403, 51.1754, 0.171487, -131.724, 0.0792355, 100.812
3368, 56.13333, 137.142, 0.992626, 102.877, 141.194, 220.529, 38.9122, 0.0671038, 51.1876, 0.171369, -131.715, 0.079254, 100.848
3369, 56.14167, 137.175, 0.974781, 102.696, 141.177, 220.325, 38.9063, 0.0671673, 51.1997, 0.17125, -131.707, 0.0792723, 100.883
3369, 56.15000, 137.209, 0.956862, 102.514, 141.161, 220.122, 38.9004, 0.0672308, 51.2118, 0.171131, -131.698, 0.0792904, 100.918
3370, 56.15833, 137.243, 0.938869, 102.332, 141.144, 219.919, 38.8944, 0.0672942, 51.2238, 0.171012, -131.689, 0.0793084, 100.954
3370, 56.16667, 137.276, 0.920798, 102.151, 141.128, 219.715, 38.8885, 0.0673577, 51.2357, 0.170892, -131.68, 0.0793263, 100.989
3371, 56.17500, 137.309, 0.902654, 101.969, 141.111, 219.512, 38.8825, 0.0674211, 51.2476, 0.170772, -131.671, 0.079344, 101.024
3371, 56.18333, 137.343, 0.884436, 101.788, 141.094, 219.309, 38.8765, 0.0674845, 51.2594, 0.170651, -131.662, 0.0793616, 101.059
3372, 56.19167, 137.376, 0.86614, 101.606, 141.078, 219.106, 38.8705, 0.0675478, 51.2711, 0.17053, -131.653, 0.079379, 101.094
3372, 56.20000, 137.408, 0.847772, 101.424, 141.061, 218.903, 38.8645, 0.0676112, 51.2828, 0.170409, -131.644, 0.0793963, 101.128
3373, 56.20833, 137.441, 0.829329, 101.243, 141.045, 218.7, 38.8584, 0.0676745, 51.2945, 0.170287, -131.635, 0.0794134, 101.163
3373, 56.21667, 137.474, 0.810809, 101.061, 141.028, 218.498, 38.8524, 0.0677379, 51.306, 0.170165, -131.626, 0.0794304, 101.198
3374, 56.22500, 137.506, 0.792217, 100.88, 141.012, 218.295, 38.8463, 0.0678012, 51.3175, 0.170043, -131.617, 0.0794472, 101.232
3374, 56.23333, 137.538, 0.773551, 100.698, 140.995, 218.092, 38.8402, 0.0678644, 51.329, 0.16992, -131.608, 0.0794639, 101.267
3375, 56.24167, 137.57, 0.754808, 100.517, 140.979, 217.889, 38.8341, 0.0679277, 51.3403, 0.169797, -131.599, 0.0794805, 101.301
3375, 56.25000, 137.602, 0.735992, 100.335, 140.962, 217.687, 38.828, 0.0679909, 51.3517, 0.169673, -131.59, 0.0794968, 101.336
3376, 56.25833, 137.634, 0.717103, 100.154, 140.946, 217.484, 38.8218, 0.0680541, 51.3629, 0.169549, -131.58, 0.0795131, 101.37
3376, 56.26667, 137.665, 0.698136, 99.9723, 140.929, 217.282, 38.8157, 0.0681173, 51.3741, 0.169425, -131.571, 0.0795292, 101.404
3377, 56.27500, 137.696, 0.679098, 99.7908, 140.913, 217.079, 38.8095, 0.0681805, 51.3852, 0.1693, -131.562, 0.0795451, 101.438
3377, 56.28333, 137.728, 0.659986, 99.6094, 140.896, 216.877, 38.8033, 0.0682436, 51.3962, 0.169175, -131.552, 0.0795609, 101.472
3378, 56.29167, 137.759, 0.640798, 99.428, 140.88, 216.675, 38.7971, 0.0683067, 51.4072, 0.169049, -131.543, 0.0795766, 101.506
3378, 56.30000, 137.79, 0.621538, 99.2466, 140.863, 216.472, 38.7909, 0.0683698, 51.4182, 0.168923, -131.533, 0.0795921, 101.54
3379, 56.30833, 137.82, 0.602203, 99.0652, 140.847, 216.27, 38.7846, 0.0684329, 51.429, 0.168797, -131.524, 0.0796074, 101.574
3379, 56.31667, 137.851, 0.582793, 98.8838, 140.83, 216.068, 38.7784, 0.0684959, 51.4398, 0.16867, -131.514, 0.0796226, 101.608
3380, 56.32500, 137.881, 0.563312, 98.7024, 140.814, 215.866, 38.7721, 0.0685589, 51.4505, 0.168543, -131.505, 0.0796377, 101.642
3380, 56.33333, 137.911, 0.543756, 98.521, 140.797, 215.664, 38.7658, 0.0686219, 51.4612, 0.168416, -131.495, 0.0796526, 101.675
3381, 56.34167, 137.941, 0.524125, 98.3397, 140.781, 215.462, 38.7595, 0.0686849, 51.4718, 0.168288, -131.486, 0.0796674, 101.709
3381, 56.35000, 137.971, 0.504423, 98.1583, 140.764, 215.26, 38.7532, 0.0687478, 51.4823, 0.16816, -131.476, 0.079682, 101.742
3382, 56.35833, 138.001, 0.484647, 97.977, 140.748, 215.058, 38.7468, 0.0688107, 51.4928, 0.168031, -131.466, 0.0796964, 101.776
3382, 56.36667, 138.031, 0.464795, 97.7957, 140.731, 214.856, 38.7404, 0.0688736, 51.5032, 0.167902, -131.456, 0.0797107, 101.809
3383, 56.37500, 138.06, 0.444872, 97.6144, 140.715, 214.654, 38.7341, 0.0689364, 51.5135, 0.167773, -131.447, 0.0797249, 101.843
3383, 56.38333, 138.089, 0.424877, 97.4331, 140.698, 214.452, 38.7276, 0.0689992, 51.5238, 0.167643, -131.437, 0.0797389, 101.876
3384, 56.39167, 138.118, 0.404805, 97.2518, 140.682, 214.251, 38.7212, 0.069062, 51.534, 0.167513, -131.427, 0.0797528, 101.909
3384, 56.40000, 138.147, 0.384663, 97.0706, 140.665, 214.049, 38.7148, 0.0691247, 51.5441, 0.167382, -131.417, 0.0797665, 101.942
3385, 56.40833, 138.176, 0.364448, 96.8893, 140.649, 213.848, 38.7083, 0.0691875, 51.5541, 0.167251, -131.407, 0.07978, 101.975
3385, 56.41667, 138.204, 0.344158, 96.7081, 140.633, 213.646, 38.7019, 0.0692502, 51.5641, 0.16712, -131.397, 0.0797935, 102.008
3386, 56.42500, 138.232, 0.323797, 96.5268, 140.616, 213.444, 38.6954, 0.0693128, 51.5741, 0.166988, -131.387, 0.0798067, 102.041
3386, 56.43333, 138.261, 0.303363, 96.3456, 140.6, 213.243, 38.6889, 0.0693754, 51.5839, 0.166856, -131.377, 0.0798198, 102.074
3387, 56.44167, 138.288, 0.282854, 96.1644, 140.583, 213.042, 38.6823, 0.069438, 51.5937, 0.166724, -131.367, 0.0798328, 102.106
3387, 56.45000, 138.316, 0.262275, 95.9832, 140.567, 212.84, 38.6758, 0.0695006, 51.6034, 0.166591, -131.357, 0.0798456, 102.139
3388, 56.45833, 138.344, 0.241624, 95.802, 140.551, 212.639, 38.6692, 0.0695631, 51.6131, 0.166458, -131.346, 0.0798582, 102.172
3388, 56.46667, 138.371, 0.220897, 95.6208, 140.534, 212.438, 38.6627, 0.0696256, 51.6227, 0.166324, -131.336, 0.0798707, 102.204
3389, 56.47500, 138.399, 0.200101, 95.4397, 140.518, 212.236, 38.6561, 0.069688, 51.6322, 0.16619, -131.326, 0.0798831, 102.237
3389, 56.48333, 138.426, 0.179232, 95.2585, 140.502, 212.035, 38.6494, 0.0697504, 51.6417, 0.166056, -131.315, 0.0798953, 102.269
3390, 56.49167, 138.452, 0.158288, 95.0773, 140.485, 211.834, 38.6428, 0.0698128, 51.651, 0.165921, -131.305, 0.0799073, 102.302
3390, 56.50000, 138.479, 0.137275, 94.8962, 140.469, 211.633, 38.6362, 0.0698751, 51.6604, 0.165786, -131.294, 0.0799192, 102.334
3391, 56.50833, 138.506, 0.11619, 94.7151, 140.453, 211.432, 38.6295, 0.0699374, 51.6696, 0.16565, -131.284, 0.079931, 102.366
3391, 56.51667, 138.532, 0.0950304, 94.534, 140.436, 211.231, 38.6228, 0.0699997, 51.6788, 0.165514, -131.273, 0.0799425, 102.398
3392, 56.52500, 138.558, 0.0738014, 94.3529, 140.42, 211.03, 38.6161, 0.0700619, 51.6879, 0.165378, -131.263, 0.079954, 102.43
3392, 56.53333, 138.584, 0.0525005, 94.1718, 140.404, 210.829, 38.6094, 0.0701241, 51.6969, 0.165241, -131.252, 0.0799653, 102.462
3393, 56.54167, 138.61, 0.0311253, 93.9907, 140.387, 210.628, 38.6026, 0.0701862, 51.7059, 0.165104, -131.241, 0.0799764, 102.494
3393, 56.55000, 138.636, 0.00968106, 93.8096, 140.371, 210.427, 38.5959, 0.0702483, 51.7148, 0.164966, -131.23, 0.0799874, 102.526
3394, 56.55833, 138.661, -0.0118348, 93.6285, 140.355, 210.226, 38.5891, 0.0703104, 51.7236, 0.164828, -131.22, 0.0799982, 102.558
3394, 56.56667, 138.686, -0.0334246, 93.4474, 140.338, 210.026, 38.5823, 0.0703724, 51.7324, 0.16469, -131.209, 0.0800089, 102.59
3395, 56.57500, 138.711, -0.0550833, 93.2664, 140.322, 209.825, 38.5755, 0.0704344, 51.7411, 0.164551, -131.198, 0.0800194, 102.622
3395, 56.58333, 138.736, -0.0768133, 93.0854, 140.306, 209.624, 38.5686, 0.0704963, 51.7497, 0.164412, -131.187, 0.0800298, 102.653
3396, 56.59167, 138.761, -0.0986172, 92.9043, 140.29, 209.424, 38.5618, 0.0705582, 51.7582, 0.164273, -131.176, 0.08004, 102.685
3396, 56.60000, 138.785, -0.12049, 92.7233, 140.273, 209.223, 38.5549, 0.07062, 51.7667, 0.164133, -131.165, 0.08005, 102.716
3397, 56.60833, 138.809, -0.142433, 92.5423, 140.257, 209.022, 38.548, 0.0706818, 51.7751, 0.163992, -131.154, 0.0800599, 102.748
3397, 56.61667, 138.833, -0.16445, 92.3613, 140.241, 208.822, 38.5411, 0.0707436, 51.7834, 0.163852, -131.142, 0.0800697, 102.779
3398, 56.62500, 138.857, -0.186535, 92.1803, 140.225, 208.621, 38.5342, 0.0708053, 51.7917, 0.163711, -131.131, 0.0800793, 102.811
3398, 56.63333, 138.881, -0.208691, 91.9993, 140.209, 208.421, 38.5272, 0.0708669, 51.7999, 0.163569, -131.12, 0.0800887, 102.842
3399, 56.64167, 138.905, -0.23092, 91.8183, 140.193, 208.22, 38.5203, 0.0709285, 51.808, 0.163427, -131.108, 0.080098, 102.873
3399, 56.65000, 138.928, -0.253218, 91.6373, 140.176, 208.02, 38.5133, 0.0709901, 51.8161, 0.163285, -131.097, 0.0801072, 102.904
3400, 56.65833, 138.951, -0.275586, 91.4564, 140.16, 207.82, 38.5063, 0.0710516, 51.8241, 0.163142, -131.086, 0.0801161, 102.936
3400, 56.66667, 138.974, -0.298026, 91.2754, 140.144, 207.619, 38.4993, 0.0711131, 51.832, 0.162999, -131.074, 0.080125, 102.967
3401, 56.67500, 138.997, -0.320535, 91.0944, 140.128, 207.419, 38.4922, 0.0711745, 51.8398, 0.162856, -131.062, 0.0801336, 102.998
3401, 56.68333, 139.019, -0.343114, 90.9135, 140.112, 207.219, 38.4852, 0.0712359, 51.8476, 0.162712, -131.051, 0.0801421, 103.029
3402, 56.69167, 139.041, -0.365765, 90.7325, 140.096, 207.019, 38.4781, 0.0712972, 51.8553, 0.162568, -131.039, 0.0801505, 103.059
3402, 56.70000, 139.064, -0.388484, 90.5516, 140.08, 206.818, 38.471, 0.0713584, 51.8629, 0.162423, -131.027, 0.0801587, 103.09
3403, 56.70833, 139.085, -0.411273, 90.3707, 140.064, 206.618, 38.4639, 0.0714197, 51.8705, 0.162278, -131.015, 0.0801668, 103.121
3403, 56.71667, 139.107, -0.434135, 90.1898, 140.048, 206.418, 38.4567, 0.0714808, 51.8779, 0.162133, -131.004, 0.0801747, 103.152
3404, 56.72500, 139.129, -0.457063, 90.0089, 140.031, 206.218, 38.4496, 0.0715419, 51.8853, 0.161987, -130.992, 0.0801824, 103.182
3404, 56.73333, 139.15, -0.480061, 89.828, 140.015, 206.018, 38.4424, 0.071603, 51.8927, 0.161841, -130.98, 0.08019, 103.213
3405, 56.74167, 139.171, -0.503132, 89.6471, 139.999, 205.818, 38.4352, 0.071664, 51.8999, 0.161694, -130.968, 0.0801974, 103.244
3405, 56.75000, 139.192, -0.526269, 89.4662, 139.983, 205.618, 38.428, 0.0717249, 51.9071, 0.161547, -130.955, 0.0802047, 103.274
3406, 56.75833, 139.213, -0.549475, 89.2853, 139.967, 205.418, 38.4208, 0.0717858, 51.9143, 0.1614, -130.943, 0.0802118, 103.305
3406, 56.76667, 139.233, -0.572754, 89.1044, 139.951, 205.218, 38.4135, 0.0718466, 51.9213, 0.161252, -130.931, 0.0802188, 103.335
3407, 56.77500, 139.253, -0.596099, 88.9236, 139.936, 205.018, 38.4063, 0.0719074, 51.9283, 0.161104, -130.919, 0.0802256, 103.365
3407, 56.78333, 139.273, -0.619513, 88.7427, 139.92, 204.818, 38.399, 0.0719681, 51.9352, 0.160955, -130.906, 0.0802322, 103.396
3408, 56.79167, 139.293, -0.642999, 88.5619, 139.904, 204.618, 38.3917, 0.0720288, 51.942, 0.160806, -130.894, 0.0802387, 103.426
3408, 56.80000, 139.313, -0.666551, 88.381, 139.888, 204.418, 38.3843, 0.0720894, 51.9488, 0.160657, -130.881, 0.080245, 103.456
3409, 56.80833, 139.332, -0.690171, 88.2002, 139.872, 204.219, 38.377, 0.0721499, 51.9555, 0.160507, -130.869, 0.0802512, 103.486
3409, 56.81667, 139.352, -0.713864, 88.0193, 139.856, 204.019, 38.3696, 0.0722104, 51.9621, 0.160357, -130.856, 0.0802572, 103.516
3410, 56.82500, 139.371, -0.737622, 87.8385, 139.84, 203.819, 38.3623, 0.0722708, 51.9686, 0.160206, -130.843, 0.0802631, 103.546
3410, 56.83333, 139.39, -0.761448, 87.6577, 139.824, 203.619, 38.3548, 0.0723312, 51.9751, 0.160055, -130.83, 0.0802688, 103.576
3411, 56.84167, 139.408, -0.785345, 87.4769, 139.808, 203.42, 38.3474, 0.0723915, 51.9815, 0.159903, -130.818, 0.0802744, 103.606
3411, 56.85000, 139.427, -0.809308, 87.2961, 139.793, 203.22, 38.34, 0.0724517, 51.9878, 0.159752, -130.805, 0.0802798, 103.636
3412, 56.85833, 139.445, -0.83334, 87.1153, 139.777, 203.02, 38.3325, 0.0725119, 51.994, 0.159599, -130.792, 0.080285, 103.666
3412, 56.86667, 139.463, -0.857442, 86.9345, 139.761, 202.821, 38.325, 0.072572, 52.0002, 0.159447, -130.779, 0.0802901, 103.696
3413, 56.87500, 139.48, -0.881609, 86.7537, 139.745, 202.621, 38.3175, 0.072632, 52.0063, 0.159294, -130.765, 0.080295, 103.725
3413, 56.88333, 139.498, -0.905844, 86.5729, 139.73, 202.421, 38.31, 0.072692, 52.0123, 0.15914, -130.752, 0.0802997, 103.755
3414, 56.89167, 139.515, -0.930149, 86.3921, 139.714, 202.222, 38.3025, 0.0727519, 52.0183, 0.158987, -130.739, 0.0803043, 103.784
3414, 56.90000, 139.532, -0.95452, 86.2113, 139.698, 202.022, 38.2949, 0.0728117, 52.0242, 0.158832, -130.726, 0.0803088, 103.814
3415, 56.90833, 139.549, -0.978957, 86.0306, 139.682, 201.823, 38.2874, 0.0728715, 52.03, 0.158678, -130.712, 0.0803131, 103.844
3415, 56.91667, 139.566, -1.00347, 85.8498, 139.667, 201.623, 38.2798, 0.0729312, 52.0357, 0.158523, -130.699, 0.0803172, 103.873
3416, 56.92500, 139.582, -1.02804, 85.6691, 139.651, 201.424, 38.2721, 0.0729908, 52.0414, 0.158367, -130.685, 0.0803212, 103.902
3416, 56.93333, 139.599, -1.05268, 85.4883, 139.635, 201.224, 38.2645, 0.0730504, 52.047, 0.158212, -130.671, 0.080325, 103.932
3417, 56.94167, 139.615, -1.07739, 85.3075, 139.62, 201.025, 38.2568, 0.0731099, 52.0525, 0.158055, -130.658, 0.0803287, 103.961
3417, 56.95000, 139.63, -1.10216, 85.1268, 139.604, 200.825, 38.2492, 0.0731693, 52.0579, 0.157899, -130.644, 0.0803321, 103.99
3418, 56.95833, 139.646, -1.127, 84.9461, 139.589, 200.626, 38.2415, 0.0732287, 52.0633, 0.157742, -130.63, 0.0803355, 104.019
3418, 56.96667, 139.661, -1.15191, 84.7653, 139.573, 200.426, 38.2338, 0.0732879, 52.0686, 0.157584, -130.616, 0.0803387, 104.049
3419, 56.97500, 139.676, -1.17689, 84.5846, 139.558, 200.227, 38.226, 0.0733472, 52.0738, 0.157426, -130.602, 0.0803417, 104.078
3419, 56.98333, 139.691, -1.20193, 84.4039, 139.542, 200.028, 38.2183, 0.0734063, 52.0789, 0.157268, -130.588, 0.0803445, 104.107
3420, 56.99167, 139.706, -1.22704, 84.2232, 139.527, 199.828, 38.2105, 0.0734653, 52.084, 0.157109, -130.574, 0.0803472, 104.136
3420, 57.00000, 139.72, -1.25221, 84.0425, 139.511, 199.629, 38.2027, 0.0735243, 52.089, 0.15695, -130.559, 0.0803498, 104.165
3421, 57.00833, 139.734, -1.27745, 83.8618, 139.496, 199.43, 38.1949, 0.0735832, 52.0939, 0.156791, -130.545, 0.0803522, 104.194
3421, 57.01667, 139.748, -1.30276, 83.681, 139.48, 199.23, 38.1871, 0.0736421, 52.0987, 0.156631, -130.531, 0.0803544, 104.223
3422, 57.02500, 139.762, -1.32813, 83.5004, 139.465, 199.031, 38.1792, 0.0737008, 52.1035, 0.156471, -130.516, 0.0803564, 104.251
3422, 57.03333, 139.776, -1.35356, 83.3197, 139.45, 198.832, 38.1713, 0.0737595, 52.1082, 0.15631, -130.502, 0.0803583, 104.28
3423, 57.04167, 139.789, -1.37907, 83.139, 139.434, 198.632, 38.1634, 0.0738181, 52.1128, 0.156149, -130.487, 0.0803601, 104.309
3423, 57.05000, 139.802, -1.40464, 82.9583, 139.419, 198.433, 38.1555, 0.0738766, 52.1173, 0.155988, -130.472, 0.0803617, 104.338
3424, 57.05833, 139.815, -1.43027, 82.7776, 139.404, 198.234, 38.1476, 0.073935, 52.1218, 0.155826, -130.457, 0.0803631, 104.366
3424, 57.06667, 139.827, -1.45597, 82.5969, 139.388, 198.035, 38.1396, 0.0739934, 52.1262, 0.155663, -130.442, 0.0803644, 104.395
3425, 57.07500, 139.84, -1.48174, 82.4162, 139.373, 197.835, 38.1317, 0.0740516, 52.1305, 0.155501, -130.427, 0.0803655, 104.423
3425, 57.08333, 139.852, -1.50757, 82.2356, 139.358, 197.636, 38.1237, 0.0741098, 52.1348, 0.155338, -130.412, 0.0803664, 104.452
3426, 57.09167, 139.864, -1.53347, 82.0549, 139.343, 197.437, 38.1157, 0.0741679, 52.139, 0.155174, -130.397, 0.0803672, 104.48
3426, 57.10000, 139.875, -1.55942, 81.8743, 139.327, 197.238, 38.1076, 0.0742259, 52.143, 0.15501, -130.382, 0.0803678, 104.509
3427, 57.10833, 139.887, -1.58545, 81.6936, 139.312, 197.039, 38.0996, 0.0742839, 52.1471, 0.154846, -130.366, 0.0803683, 104.537
3427, 57.11667, 139.898, -1.61154, 81.5129, 139.297, 196.839, 38.0915, 0.0743417, 52.151, 0.154681, -130.351, 0.0803685, 104.566
3428, 57.12500, 139.909, -1.63769, 81.3323, 139.282, 196.64, 38.0834, 0.0743995, 52.1549, 0.154516, -130.335, 0.0803687, 104.594
3428, 57.13333, 139.92, -1.66391, 81.1517, 139.267, 196.441, 38.0753, 0.0744572, 52.1587, 0.15435, -130.32, 0.0803687, 104.622
3429, 57.14167, 139.93, -1.69019, 80.971, 139.252, 196.242, 38.0672, 0.0745148, 52.1624, 0.154184, -130.304, 0.0803685, 104.65
3429, 57.15000, 139.94, -1.71654, 80.7904, 139.237, 196.043, 38.059, 0.0745723, 52.1661, 0.154018, -130.288, 0.0803681, 104.678
3430, 57.15833, 139.95, -1.74295, 80.6097, 139.222, 195.844, 38.0508, 0.0746297, 52.1696, 0.153851, -130.272, 0.0803676, 104.707
3430, 57.16667, 139.96, -1.76943, 80.4291, 139.207, 195.645, 38.0426, 0.074687, 52.1731, 0.153684, -130.256, 0.0803669, 104.735
3431, 57.17500, 139.97, -1.79596, 80.2485, 139.192, 195.445, 38.0344, 0.0747442, 52.1766, 0.153517, -130.24, 0.0803661, 104.763
3431, 57.18333, 139.979, -1.82256, 80.0679, 139.177, 195.246, 38.0262, 0.0748014, 52.1799, 0.153349, -130.224, 0.0803651, 104.791
3432, 57.19167, 139.988, -1.84923, 79.8872, 139.162, 195.047, 38.0179, 0.0748584, 52.1832, 0.15318, -130.207, 0.080364, 104.819
3432, 57.20000, 139.997, -1.87596, 79.7066, 139.147, 194.848, 38.0097, 0.0749154, 52.1864, 0.153011, -130.191, 0.0803626, 104.846
3433, 57.20833, 140.005, -1.90275, 79.526, 139.132, 194.649, 38.0014, 0.0749722, 52.1895, 0.152842, -130.175, 0.0803612, 104.874
3433, 57.21667, 140.013, -1.9296, 79.3454, 139.118, 194.45, 37.9931, 0.075029, 52.1926, 0.152673, -130.158, 0.0803595, 104.902
3434, 57.22500, 140.021, -1.95652, 79.1648, 139.103, 194.251, 37.9847, 0.0750856, 52.1955, 0.152503, -130.141, 0.0803577, 104.93
3434, 57.23333, 140.029, -1.9835, 78.9842, 139.088, 194.052, 37.9764, 0.0751422, 52.1984, 0.152332, -130.124, 0.0803557, 104.958
3435, 57.24167, 140.037, -2.01055, 78.8036, 139.074, 193.853, 37.968, 0.0751987, 52.2012, 0.152161, -130.108, 0.0803536, 104.985
3435, 57.25000, 140.044, -2.03765, 78.623, 139.059, 193.654, 37.9596, 0.0752551, 52.204, 0.15199, -130.091, 0.0803513, 105.013
3436, 57.25833, 140.051, -2.06482, 78.4424, 139.044, 193.454, 37.9512, 0.0753113, 52.2067, 0.151818, -130.073, 0.0803489, 105.041
3436, 57.26667, 140.058, -2.09205, 78.2618, 139.03, 193.255, 37.9427, 0.0753675, 52.2093, 0.151646, -130.056, 0.0803462, 105.068
3437, 57.27500, 140.064, -2.11934, 78.0812, 139.015, 193.056, 37.9343, 0.0754236, 52.2118, 0.151474, -130.039, 0.0803435, 105.096
3437, 57.28333, 140.071, -2.14669, 77.9007, 139.001, 192.857, 37.9258, 0.0754796, 52.2142, 0.151301, -130.022, 0.0803405, 105.123
3438, 57.29167, 140.077, -2.17411, 77.7201, 138.986, 192.658, 37.9173, 0.0755355, 52.2166, 0.151128, -130.004, 0.0803374, 105.151
3438, 57.30000, 140.082, -2.20159, 77.5395, 138.972, 192.459, 37.9088, 0.0755912, 52.2189, 0.150954, -129.986, 0.0803341, 105.178
3439, 57.30833, 140.088, -2.22913, 77.359, 138.957, 192.26, 37.9003, 0.0756469, 52.2211, 0.15078, -129.969, 0.0803307, 105.206
3439, 57.31667, 140.093, -2.25673, 77.1784, 138.943, 192.061, 37.8917, 0.0757025, 52.2233, 0.150605, -129.951, 0.0803271, 105.233
3440, 57.32500, 140.098, -2.28439, 76.9978, 138.928, 191.862, 37.8831, 0.0757579, 52.2254, 0.15043, -129.933, 0.0803233, 105.26
3440, 57.33333, 140.103, -2.31211, 76.8173, 138.914, 191.663, 37.8745, 0.0758133, 52.2274, 0.150255, -129.915, 0.0803194, 105.288
3441, 57.34167, 140.108, -2.3399, 76.6367, 138.9, 191.464, 37.8659, 0.0758685, 52.2293, 0.150079, -129.897, 0.0803153, 105.315
3441, 57.35000, 140.112, -2.36774, 76.4561, 138.885, 191.265, 37.8573, 0.0759237, 52.2312, 0.149903, -129.878, 0.080311, 105.342
3442, 57.35833, 140.116, -2.39565, 76.2756, 138.871, 191.065, 37.8486, 0.0759787, 52.2329, 0.149727, -129.86, 0.0803066, 105.369
3442, 57.36667, 140.119, -2.42361, 76.095, 138.857, 190.866, 37.8399, 0.0760336, 52.2346, 0.14955, -129.841, 0.080302, 105.396
3443, 57.37500, 140.123, -2.45164, 75.9145, 138.843, 190.667, 37.8312, 0.0760884, 52.2363, 0.149372, -129.823, 0.0802973, 105.424
3443, 57.38333, 140.126, -2.47972, 75.7339, 138.829, 190.468, 37.8225, 0.0761431, 52.2378, 0.149194, -129.804, 0.0802924, 105.451
3444, 57.39167, 140.129, -2.50787, 75.5534, 138.815, 190.269, 37.8137, 0.0761977, 52.2393, 0.149016, -129.785, 0.0802873, 105.478
3444, 57.40000, 140.132, -2.53608, 75.3729, 138.801, 190.07, 37.805, 0.0762522, 52.2407, 0.148838, -129.766, 0.0802821, 105.505
3445, 57.40833, 140.134, -2.56434, 75.1923, 138.787, 189.871, 37.7962, 0.0763065, 52.242, 0.148659, -129.747, 0.0802766, 105.532
3445, 57.41667, 140.136, -2.59267, 75.0118, 138.773, 189.672, 37.7874, 0.0763608, 52.2433, 0.148479, -129.728, 0.0802711, 105.558
3446, 57.42500, 140.138, -2.62106, 74.8313, 138.759, 189.472, 37.7786, 0.0764149, 52.2445, 0.148299, -129.709, 0.0802653, 105.585
3446, 57.43333, 140.14, -2.6495, 74.6507, 138.745, 189.273, 37.7697, 0.0764689, 52.2456, 0.148119, -129.689, 0.0802594, 105.612
3447, 57.44167, 140.141, -2.67801, 74.4702, 138.731, 189.074, 37.7609, 0.0765228, 52.2466, 0.147938, -129.67, 0.0802534, 105.639
3447, 57.45000, 140.142, -2.70657, 74.2897, 138.717, 188.875, 37.752, 0.0765766, 52.2475, 0.147757, -129.65, 0.0802471, 105.666
3448, 57.45833, 140.143, -2.73519, 74.1092, 138.704, 188.676, 37.7431, 0.0766303, 52.2484, 0.147576, -129.63, 0.0802407, 105.693
3448, 57.46667, 140.144, -2.76387, 73.9287, 138.69, 188.476, 37.7341, 0.0766838, 52.2492, 0.147394, -129.61, 0.0802342, 105.719
3449, 57.47500, 140.144, -2.79261, 73.7482, 138.676, 188.277, 37.7252, 0.0767372, 52.25, 0.147212, -129.59, 0.0802274, 105.746
3449, 57.48333, 140.144, -2.82141, 73.5677, 138.663, 188.078, 37.7162, 0.0767905, 52.2506, 0.147029, -129.57, 0.0802205, 105.773
3450, 57.49167, 140.144, -2.85027, 73.3871, 138.649, 187.879, 37.7072, 0.0768437, 52.2512, 0.146846, -129.55, 0.0802135, 105.799
3450, 57.50000, 140.143, -2.87918, 73.2066, 138.635, 187.68, 37.6982, 0.0768968, 52.2517, 0.146662, -129.529, 0.0802062, 105.826
3451, 57.50833, 140.142, -2.90815, 73.0262, 138.622, 187.48, 37.6892, 0.0769497, 52.2522, 0.146478, -129.509, 0.0801988, 105.852
3451, 57.51667, 140.141, -2.93719, 72.8456, 138.608, 187.281, 37.6801, 0.0770025, 52.2525, 0.146294, -129.488, 0.0801913, 105.879
3452, 57.52500, 140.14, -2.96627, 72.6652, 138.595, 187.082, 37.6711, 0.0770552, 52.2528, 0.146109, -129.467, 0.0801835, 105.905
3452, 57.53333, 140.138, -2.99542, 72.4847, 138.582, 186.883, 37.662, 0.0771078, 52.253, 0.145924, -129.446, 0.0801756, 105.932
3453, 57.54167, 140.136, -3.02462, 72.3042, 138.568, 186.683, 37.6528, 0.0771602, 52.2532, 0.145738, -129.425, 0.0801676, 105.958
3453, 57.55000, 140.134, -3.05388, 72.1237, 138.555, 186.484, 37.6437, 0.0772125, 52.2532, 0.145552, -129.404, 0.0801594, 105.985
3454, 57.55833, 140.132, -3.08319, 71.9432, 138.542, 186.285, 37.6346, 0.0772647, 52.2532, 0.145366, -129.382, 0.080151, 106.011
3454, 57.56667, 140.129, -3.11257, 71.7627, 138.529, 186.085, 37.6254, 0.0773167, 52.2531, 0.145179, -129.361, 0.0801424, 106.037
3455, 57.57500, 140.126, -3.142, 71.5823, 138.516, 185.886, 37.6162, 0.0773686, 52.253, 0.144992, -129.339, 0.0801337, 106.064
3455, 57.58333, 140.123, -3.17148, 71.4018, 138.503, 185.686, 37.607, 0.0774204, 52.2528, 0.144804, -129.317, 0.0801248, 106.09
3456, 57.59167, 140.119, -3.20103, 71.2213, 138.49, 185.487, 37.5977, 0.0774721, 52.2525, 0.144616, -129.295, 0.0801157, 106.116
3456, 57.60000, 140.115, -3.23063, 71.0408, 138.477, 185.288, 37.5885, 0.0775236, 52.2521, 0.144428, -129.273, 0.0801065, 106.143
3457, 57.60833, 140.111, -3.26028, 70.8604, 138.464, 185.088, 37.5792, 0.077575, 52.2516, 0.144239, -129.251, 0.0800971, 106.169
3457, 57.61667, 140.107, -3.29, 70.6799, 138.451, 184.889, 37.5699, 0.0776262, 52.2511, 0.144049, -129.229, 0.0800875, 106.195
3458, 57.62500, 140.102, -3.31976, 70.4995, 138.438, 184.689, 37.5606, 0.0776773, 52.2505, 0.14386, -129.206, 0.0800778, 106.221
3458, 57.63333, 140.097, -3.34958, 70.319, 138.425, 184.49, 37.5512, 0.0777283, 52.2498, 0.14367, -129.184, 0.0800679, 106.247
3459, 57.64167, 140.092, -3.37946, 70.1385, 138.413, 184.29, 37.5419, 0.0777791, 52.2491, 0.143479, -129.161, 0.0800578, 106.273
3459, 57.65000, 140.086, -3.40939, 69.9581, 138.4, 184.091, 37.5325, 0.0778298, 52.2483, 0.143288, -129.138, 0.0800475, 106.299
3460, 57.65833, 140.08, -3.43938, 69.7777, 138.387, 183.891, 37.5231, 0.0778804, 52.2474, 0.143097, -129.115, 0.0800371, 106.325
3460, 57.66667, 140.074, -3.46942, 69.5972, 138.375, 183.692, 37.5137, 0.0779308, 52.2464, 0.142905, -129.091, 0.0800266, 106.351
3461, 57.67500, 140.068, -3.49952, 69.4168, 138.362, 183.492, 37.5042, 0.0779811, 52.2454, 0.142713, -129.068, 0.0800158, 106.377
3461, 57.68333, 140.061, -3.52967, 69.2363, 138.35, 183.293, 37.4948, 0.0780312, 52.2443, 0.14252, -129.045, 0.0800049, 106.403
3462, 57.69167, 140.054, -3.55988, 69.0559, 138.337, 183.093, 37.4853, 0.0780812, 52.2431, 0.142327, -129.021, 0.0799938, 106.429
3462, 57.70000, 140.047, -3.59014, 68.8755, 138.325, 182.893, 37.4758, 0.0781311, 52.2419, 0.142134, -128.997, 0.0799826, 106.455
3463, 57.70833, 140.04, -3.62045, 68.6951, 138.313, 182.694, 37.4662, 0.0781808, 52.2406, 0.14194, -128.973, 0.0799711, 106.481
3463, 57.71667, 140.032, -3.65082, 68.5146, 138.301, 182.494, 37.4567, 0.0782303, 52.2392, 0.141746, -128.949, 0.0799595, 106.507
3464, 57.72500, 140.024, -3.68124, 68.3342, 138.288, 182.294, 37.4471, 0.0782797, 52.2377, 0.141551, -128.924, 0.0799478, 106.532
3464, 57.73333, 140.015, -3.71171, 68.1538, 138.276, 182.095, 37.4375, 0.078329, 52.2362, 0.141356, -128.9, 0.0799359, 106.558
3465, 57.74167, 140.006, -3.74224, 67.9734, 138.264, 181.895, 37.4279, 0.0783781, 52.2345, 0.141161, -128.875, 0.0799238, 106.584
3465, 57.75000, 139.997, -3.77282, 67.793, 138.252, 181.695, 37.4183, 0.0784271, 52.2329, 0.140965, -128.85, 0.0799115, 106.61
3466, 57.75833, 139.988, -3.80346, 67.6126, 138.24, 181.495, 37.4086, 0.0784759, 52.2311, 0.140769, -128.825, 0.0798991, 106.635
3466, 57.76667, 139.979, -3.83414, 67.4322, 138.229, 181.295, 37.399, 0.0785246, 52.2293, 0.140572, -128.8, 0.0798865, 106.661
3467, 57.77500, 139.969, -3.86488, 67.2518, 138.217, 181.095, 37.3893, 0.0785731, 52.2274, 0.140375, -128.775, 0.0798737, 106.687
3467, 57.78333, 139.958, -3.89567, 67.0714, 138.205, 180.896, 37.3796, 0.0786214, 52.2254, 0.140178, -128.75, 0.0798607, 106.712
3468, 57.79167, 139.948, -3.92652, 66.891, 138.193, 180.696, 37.3698, 0.0786696, 52.2234, 0.13998, -128.724, 0.0798476, 106.738
3468, 57.80000, 139.937, -3.95741, 66.7106, 138.182, 180.496, 37.3601, 0.0787177, 52.2213, 0.139781, -128.698, 0.0798343, 106.763
3469, 57.80833, 139.926, -3.98836, 66.5302, 138.17, 180.296, 37.3503, 0.0787655, 52.2191, 0.139583, -128.672, 0.0798209, 106.789
3469, 57.81667, 139.915, -4.01936, 66.3498, 138.159, 180.096, 37.3405, 0.0788133, 52.2168, 0.139384, -128.646, 0.0798072, 106.814
3470, 57.82500, 139.903, -4.05041, 66.1694, 138.148, 179.896, 37.3307, 0.0788609, 52.2145, 0.139184, -128.62, 0.0797934, 106.84
3470, 57.83333, 139.891, -4.08151, 65.9891, 138.136, 179.696, 37.3209, 0.0789083, 52.2121, 0.138984, -128.593, 0.0797795, 106.865
3471, 57.84167, 139.879, -4.11266, 65.8087, 138.125, 179.496, 37.311, 0.0789555, 52.2096, 0.138784, -128.566, 0.0797653, 106.891
3471, 57.85000, 139.866, -4.14386, 65.6283, 138.114, 179.296, 37.3011, 0.0790026, 52.2071, 0.138583, -128.54, 0.079751, 106.916
3472, 57.85833, 139.853, -4.17512, 65.448, 138.103, 179.095, 37.2912, 0.0790496, 52.2045, 0.138382, -128.512, 0.0797365, 106.942
3472, 57.86667, 139.84, -4.20642, 65.2676, 138.092, 178.895, 37.2813, 0.0790963, 52.2018, 0.13818, -128.485, 0.0797219, 106.967
3473, 57.87500, 139.827, -4.23777, 65.0872, 138.081, 178.695, 37.2714, 0.0791429, 52.1991, 0.137978, -128.458, 0.079707, 106.992
3473, 57.88333, 139.813, -4.26918, 64.9069, 138.07, 178.495, 37.2614, 0.0791894, 52.1962, 0.137776, -128.43, 0.079692, 107.018
3474, 57.89167, 139.799, -4.30063, 64.7265, 138.059, 178.295, 37.2514, 0.0792357, 52.1933, 0.137573, -128.402, 0.0796769, 107.043
3474, 57.90000, 139.785, -4.33214, 64.5462, 138.048, 178.094, 37.2414, 0.0792818, 52.1904, 0.13737, -128.374, 0.0796615, 107.068
3475, 57.90833, 139.77, -4.36369, 64.3659, 138.038, 177.894, 37.2314, 0.0793277, 52.1874, 0.137167, -128.346, 0.079646, 107.094
3475, 57.91667, 139.755, -4.39529, 64.1855, 138.027, 177.694, 37.2214, 0.0793735, 52.1843, 0.136963, -128.318, 0.0796303, 107.119
3476, 57.92500, 139.74, -4.42694, 64.0052, 138.016, 177.493, 37.2113, 0.0794191, 52.1811, 0.136758, -128.289, 0.0796145, 107.144
3476, 57.93333, 139.724, -4.45864, 63.8249, 138.006, 177.293, 37.2013, 0.0794645, 52.1779, 0.136553, -128.261, 0.0795984, 107.169
3477, 57.94167, 139.708, -4.49039, 63.6445, 137.996, 177.092, 37.1912, 0.0795098, 52.1746, 0.136348, -128.232, 0.0795822, 107.195
3477, 57.95000, 139.692, -4.52219, 63.4642, 137.985, 176.892, 37.181, 0.0795549, 52.1712, 0.136143, -128.203, 0.0795659, 107.22
3478, 57.95833, 139.675, -4.55403, 63.2839, 137.975, 176.691, 37.1709, 0.0795998, 52.1677, 0.135937, -128.173, 0.0795493, 107.245
3478, 57.96667, 139.658, -4.58593, 63.1036, 137.965, 176.491, 37.1607, 0.0796446, 52.1642, 0.13573, -128.144, 0.0795326, 107.27
3479, 57.97500, 139.641, -4.61787, 62.9233, 137.955, 176.29, 37.1505, 0.0796891, 52.1606, 0.135524, -128.114, 0.0795157, 107.295
3479, 57.98333, 139.624, -4.64986, 62.743, 137.945, 176.09, 37.1403, 0.0797335, 52.157, 0.135316, -128.084, 0.0794986, 107.32
3480, 57.99167, 139.606, -4.6819, 62.5627, 137.935, 175.889, 37.1301, 0.0797777, 52.1533, 0.135109, -128.054, 0.0794814, 107.345
3480, 58.00000, 139.588, -4.71398, 62.3824, 137.925, 175.688, 37.1199, 0.0798218, 52.1495, 0.134901, -128.024, 0.079464, 107.37
3481, 58.00833, 139.57, -4.74611, 62.2022, 137.915, 175.488, 37.1096, 0.0798656, 52.1456, 0.134692, -127.993, 0.0794464, 107.395
3481, 58.01667, 139.551, -4.77829, 62.0219, 137.906, 175.287, 37.0993, 0.0799093, 52.1417, 0.134483, -127.962, 0.0794286, 107.42
3482, 58.02500, 139.532, -4.81051, 61.8416, 137.896, 175.086, 37.089, 0.0799528, 52.1377, 0.134274, -127.931, 0.0794107, 107.445
3482, 58.03333, 139.512, -4.84278, 61.6613, 137.887, 174.885, 37.0787, 0.0799961, 52.1337, 0.134065, -127.9, 0.0793926, 107.47
3483, 58.04167, 139.493, -4.8751, 61.4811, 137.877, 174.684, 37.0684, 0.0800392, 52.1295, 0.133855, -127.869, 0.0793743, 107.495
3483, 58.05000, 139.473, -4.90746, 61.3008, 137.868, 174.483, 37.058, 0.0800822, 52.1253, 0.133644, -127.837, 0.0793558, 107.52
3484, 58.05833, 139.452, -4.93987, 61.1206, 137.859, 174.282, 37.0476, 0.080125, 52.1211, 0.133433, -127.805, 0.0793372, 107.545
3484, 58.06667, 139.432, -4.97233, 60.9403, 137.85, 174.081, 37.0372, 0.0801675, 52.1167, 0.133222, -127.773, 0.0793184, 107.57
3485, 58.07500, 139.411, -5.00482, 60.7601, 137.841, 173.88, 37.0268, 0.0802099, 52.1124, 0.133011, -127.741, 0.0792994, 107.595
3485, 58.08333, 139.39, -5.03737, 60.5798, 137.832, 173.679, 37.0163, 0.0802521, 52.1079, 0.132799, -127.709, 0.0792803, 107.62
3486, 58.09167, 139.368, -5.06996, 60.3996, 137.823, 173.478, 37.0059, 0.0802941, 52.1034, 0.132586, -127.676, 0.0792609, 107.645
3486, 58.10000, 139.346, -5.10259, 60.2194, 137.814, 173.277, 36.9954, 0.080336, 52.0988, 0.132373, -127.643, 0.0792414, 107.67
3487, 58.10833, 139.324, -5.13527, 60.0391, 137.806, 173.076, 36.9849, 0.0803776, 52.0941, 0.13216, -127.61, 0.0792218, 107.694
3487, 58.11667, 139.301, -5.16799, 59.8589, 137.797, 172.874, 36.9744, 0.080419, 52.0894, 0.131947, -127.576, 0.0792019, 107.719
3488, 58.12500, 139.279, -5.20076, 59.6787, 137.789, 172.673, 36.9638, 0.0804603, 52.0846, 0.131733, -127.543, 0.0791819, 107.744
3488, 58.13333, 139.255, -5.23357, 59.4985, 137.78, 172.472, 36.9533, 0.0805013, 52.0797, 0.131518, -127.509, 0.0791617, 107.769
3489, 58.14167, 139.232, -5.26643, 59.3183, 137.772, 172.27, 36.9427, 0.0805422, 52.0748, 0.131304, -127.475, 0.0791413, 107.794
3489, 58.15000, 139.208, -5.29932, 59.1381, 137.764, 172.069, 36.9321, 0.0805828, 52.0698, 0.131088, -127.44, 0.0791207, 107.818
3490, 58.15833, 139.184, -5.33226, 58.958, 137.756, 171.868, 36.9214, 0.0806233, 52.0648, 0.130873, -127.406, 0.0791, 107.843
3490, 58.16667, 139.159, -5.36525, 58.7778, 137.748, 171.666, 36.9108, 0.0806636, 52.0597, 0.130657, -127.371, 0.0790791, 107.868
3491, 58.17500, 139.135, -5.39827, 58.5976, 137.74, 171.464, 36.9001, 0.0807036, 52.0545, 0.13044, -127.336, 0.079058, 107.893
3491, 58.18333, 139.109, -5.43134, 58.4174, 137.732, 171.263, 36.8895, 0.0807435, 52.0492, 0.130224, -127.3, 0.0790368, 107.917
3492, 58.19167, 139.084, -5.46445, 58.2373, 137.725, 171.061, 36.8787, 0.0807832, 52.0439, 0.130007, -127.265, 0.0790153, 107.942
3492, 58.20000, 139.058, -5.4976, 58.0571, 137.717, 170.86, 36.868, 0.0808226, 52.0385, 0.129789, -127.229, 0.0789937, 107.967
3493, 58.20833, 139.032, -5.5308, 57.877, 137.71, 170.658, 36.8573, 0.0808619, 52.0331, 0.129571, -127.193, 0.0789719, 107.991
3493, 58.21667, 139.006, -5.56404, 57.6968, 137.703, 170.456, 36.8465, 0.080901, 52.0276, 0.129353, -127.157, 0.07895, 108.016
3494, 58.22500, 138.979, -5.59731, 57.5167, 137.695, 170.254, 36.8357, 0.0809398, 52.022, 0.129134, -127.12, 0.0789278, 108.04
3494, 58.23333, 138.952, -5.63063, 57.3366, 137.688, 170.052, 36.8249, 0.0809785, 52.0164, 0.128915, -127.083, 0.0789055, 108.065
3495, 58.24167, 138.924, -5.66399, 57.1565, 137.681, 169.85, 36.8141, 0.0810169, 52.0107, 0.128696, -127.046, 0.078883, 108.09
3495, 58.25000, 138.897, -5.69739, 56.9764, 137.674, 169.648, 36.8033, 0.0810551, 52.005, 0.128476, -127.009, 0.0788603, 108.114
3496, 58.25833, 138.868, -5.73083, 56.7963, 137.668, 169.446, 36.7924, 0.0810932, 51.9991, 0.128256, -126.971, 0.0788375, 108.139
3496, 58.26667, 138.84, -5.76431, 56.6161, 137.661, 169.244, 36.7815, 0.081131, 51.9933, 0.128035, -126.933, 0.0788144, 108.163
3497, 58.27500, 138.811, -5.79783, 56.4361, 137.655, 169.042, 36.7706, 0.0811686, 51.9873, 0.127814, -126.895, 0.0787912, 108.188
3497, 58.28333, 138.782, -5.83139, 56.256, 137.648, 168.84, 36.7597, 0.081206, 51.9813, 0.127593, -126.857, 0.0787678, 108.213
3498, 58.29167, 138.753, -5.86499, 56.0759, 137.642, 168.638, 36.7488, 0.0812431, 51.9752, 0.127371, -126.818, 0.0787443, 108.237
3498, 58.30000, 138.723, -5.89863, 55.8959, 137.636, 168.436, 36.7378, 0.0812801, 51.9691, 0.127149, -126.779, 0.0787205, 108.262
3499, 58.30833, 138.693, -5.93231, 55.7158, 137.63, 168.233, 36.7268, 0.0813168, 51.9629, 0.126926, -126.74, 0.0786966, 108.286
3499, 58.31667, 138.662, -5.96603, 55.5357, 137.624, 168.031, 36.7158, 0.0813534, 51.9567, 0.126703, -126.7, 0.0786725, 108.311
3500, 58.32500, 138.632, -5.99978, 55.3557, 137.618, 167.829, 36.7048, 0.0813897, 51.9504, 0.12648, -126.66, 0.0786482, 108.335
3500, 58.33333, 138.6, -6.03357, 55.1757, 137.613, 167.626, 36.6938, 0.0814258, 51.944, 0.126256, -126.62, 0.0786238, 108.36
3501, 58.34167, 138.569, -6.06741, 54.9956, 137.607, 167.424, 36.6827, 0.0814617, 51.9375, 0.126032, -126.58, 0.0785991, 108.384
3501, 58.35000, 138.537, -6.10128, 54.8156, 137.602, 167.221, 36.6717, 0.0814973, 51.931, 0.125808, -126.539, 0.0785743, 108.409
3502, 58.35833, 138.505, -6.13518, 54.6356, 137.597, 167.018, 36.6606, 0.0815327, 51.9245, 0.125583, -126.498, 0.0785493, 108.433
3502, 58.36667, 138.473, -6.16913, 54.4556, 137.591, 166.816, 36.6495, 0.081568, 51.9179, 0.125358, -126.457, 0.0785242, 108.457
3503, 58.37500, 138.44, -6.20311, 54.2757, 137.586, 166.613, 36.6383, 0.0816029, 51.9112, 0.125132, -126.415, 0.0784988, 108.482
3503, 58.38333, 138.407, -6.23712, 54.0957, 137.582, 166.41, 36.6272, 0.0816377, 51.9045, 0.124906, -126.373, 0.0784733, 108.506
3504, 58.39167, 138.373, -6.27118, 53.9157, 137.577, 166.207, 36.616, 0.0816722, 51.8977, 0.12468, -126.331, 0.0784476, 108.531
3504, 58.40000, 138.339, -6.30527, 53.7357, 137.572, 166.004, 36.6048, 0.0817066, 51.8908, 0.124453, -126.289, 0.0784217, 108.555
3505, 58.40833, 138.305, -6.3394, 53.5558, 137.568, 165.802, 36.5936, 0.0817406, 51.8839, 0.124226, -126.246, 0.0783956, 108.579
3505, 58.41667, 138.271, -6.37356, 53.3758, 137.564, 165.598, 36.5824, 0.0817745, 51.8769, 0.123999, -126.203, 0.0783693, 108.604
3506, 58.42500, 138.236, -6.40776, 53.1959, 137.56, 165.395, 36.5712, 0.0818081, 51.8699, 0.123771, -126.159, 0.0783429, 108.628
3506, 58.43333, 138.201, -6.44199, 53.016, 137.556, 165.192, 36.5599, 0.0818415, 51.8628, 0.123543, -126.116, 0.0783163, 108.653
3507, 58.44167, 138.165, -6.47626, 52.8361, 137.552, 164.989, 36.5486, 0.0818747, 51.8557, 0.123314, -126.072, 0.0782895, 108.677
3507, 58.45000, 138.129, -6.51056, 52.6562, 137.548, 164.786, 36.5373, 0.0819076, 51.8485, 0.123085, -126.027, 0.0782625, 108.701
3508, 58.45833, 138.093, -6.5449, 52.4763, 137.545, 164.583, 36.526, 0.0819403, 51.8412, 0.122856, -125.982, 0.0782354, 108.726
3508, 58.46667, 138.056, -6.57927, 52.2964, 137.541, 164.379, 36.5147, 0.0819728, 51.8339, 0.122626, -125.937, 0.078208, 108.75
3509, 58.47500, 138.019, -6.61368, 52.1165, 137.538, 164.176, 36.5033, 0.082005, 51.8265, 0.122396, -125.892, 0.0781805, 108.774
3509, 58.48333, 137.982, -6.64812, 51.9367, 137.535, 163.973, 36.4919, 0.082037, 51.8191, 0.122166, -125.846, 0.0781528, 108.799
3510, 58.49167, 137.944, -6.68259, 51.7568, 137.532, 163.769, 36.4805, 0.0820687, 51.8116, 0.121935, -125.8, 0.0781249, 108.823
3510, 58.50000, 137.906, -6.7171, 51.577, 137.529, 163.565, 36.4691, 0.0821002, 51.804, 0.121704, -125.754, 0.0780969, 108.847
3511, 58.50833, 137.868, -6.75164, 51.3972, 137.527, 163.362, 36.4577, 0.0821315, 51.7964, 0.121472, -125.707, 0.0780686, 108.872
3511, 58.51667, 137.829, -6.78621, 51.2173, 137.524, 163.158, 36.4463, 0.0821626, 51.7888, 0.121241, -125.66, 0.0780402, 108.896
3512, 58.52500, 137.79, -6.82081, 51.0375, 137.522, 162.954, 36.4348, 0.0821933, 51.7811, 0.121008, -125.613, 0.0780116, 108.92
3512, 58.53333, 137.751, -6.85545, 50.8577, 137.52, 162.751, 36.4233, 0.0822239, 51.7733, 0.120776, -125.565, 0.0779828, 108.945
3513, 58.54167, 137.711, -6.89012, 50.6779, 137.518, 162.547, 36.4118, 0.0822542, 51.7655, 0.120543, -125.517, 0.0779538, 108.969
3513, 58.55000, 137.671, -6.92482, 50.4982, 137.516, 162.343, 36.4003, 0.0822842, 51.7576, 0.12031, -125.469, 0.0779246, 108.993
3514, 58.55833, 137.631, -6.95955, 50.3184, 137.515, 162.139, 36.3887, 0.0823141, 51.7497, 0.120076, -125.42, 0.0778953, 109.018
3514, 58.56667, 137.59, -6.99431, 50.1387, 137.513, 161.935, 36.3772, 0.0823436, 51.7417, 0.119842, -125.371, 0.0778658, 109.042
3515, 58.57500, 137.549, -7.02911, 49.9589, 137.512, 161.731, 36.3656, 0.0823729, 51.7336, 0.119608, -125.321, 0.0778361, 109.066
3515, 58.58333, 137.507, -7.06393, 49.7792, 137.511, 161.526, 36.354, 0.082402, 51.7255, 0.119373, -125.271, 0.0778062, 109.091
3516, 58.59167, 137.466, -7.09878, 49.5995, 137.51, 161.322, 36.3424, 0.0824308, 51.7174, 0.119138, -125.221, 0.0777761, 109.115
3516, 58.60000, 137.423, -7.13367, 49.4198, 137.509, 161.118, 36.3308, 0.0824594, 51.7092, 0.118903, -125.17, 0.0777458, 109.139
3517, 58.60833, 137.381, -7.16858, 49.2401, 137.509, 160.914, 36.3191, 0.0824877, 51.7009, 0.118667, -125.119, 0.0777154, 109.163
3517, 58.61667, 137.338, -7.20353, 49.0604, 137.509, 160.709, 36.3075, 0.0825157, 51.6926, 0.118431, -125.068, 0.0776848, 109.188
3518, 58.62500, 137.295, -7.2385, 48.8808, 137.508, 160.505, 36.2958, 0.0825435, 51.6843, 0.118195, -125.016, 0.0776539, 109.212
3518, 58.63333, 137.251, -7.2735, 48.7012, 137.509, 160.3, 36.2841, 0.0825711, 51.6759, 0.117958, -124.964, 0.077623, 109.236
3519, 58.64167, 137.207, -7.30853, 48.5215, 137.509, 160.096, 36.2724, 0.0825984, 51.6674, 0.117721, -124.911, 0.0775918, 109.261
3519, 58.65000, 137.163, -7.34359, 48.3419, 137.509, 159.891, 36.2606, 0.0826254, 51.6589, 0.117483, -124.858, 0.0775604, 109.285
3520, 58.65833, 137.118, -7.37867, 48.1623, 137.51, 159.686, 36.2489, 0.0826522, 51.6503, 0.117246, -124.805, 0.0775288, 109.309
3520, 58.66667, 137.073, -7.41379, 47.9827, 137.511, 159.481, 36.2371, 0.0826787, 51.6417, 0.117007, -124.751, 0.0774971, 109.333
3521, 58.67500, 137.028, -7.44893, 47.8031, 137.512, 159.276, 36.2253, 0.082705, 51.6331, 0.116769, -124.697, 0.0774652, 109.358
3521, 58.68333, 136.982, -7.4841, 47.6236, 137.513, 159.072, 36.2135, 0.0827309, 51.6243, 0.11653, -124.643, 0.0774331, 109.382
3522, 58.69167, 136.936, -7.5193, 47.444, 137.515, 158.867, 36.2017, 0.0827567, 51.6156, 0.116291, -124.588, 0.0774008, 109.406
3522, 58.70000, 136.889, -7.55452, 47.2645, 137.516, 158.661, 36.1898, 0.0827821, 51.6068, 0.116052, -124.532, 0.0773683, 109.431
3523, 58.70833, 136.843, -7.58977, 47.085, 137.518, 158.456, 36.178, 0.0828073, 51.5979, 0.115812, -124.476, 0.0773356, 109.455
3523, 58.71667, 136.795, -7.62505, 46.9055, 137.52, 158.251, 36.1661, 0.0828323, 51.589, 0.115572, -124.42, 0.0773028, 109.479
3524, 58.72500, 136.748, -7.66035, 46.726, 137.523, 158.046, 36.1542, 0.0828569, 51.58, 0.115332, -124.364, 0.0772698, 109.503
3524, 58.73333, 136.7, -7.69567, 46.5465, 137.525, 157.841, 36.1423, 0.0828813, 51.571, 0.115091, -124.306, 0.0772365, 109.528
3525, 58.74167, 136.652, -7.73103, 46.367, 137.528, 157.635, 36.1304, 0.0829055, 51.562, 0.11485, -124.249, 0.0772031, 109.552
3525, 58.75000, 136.603, -7.7664, 46.1876, 137.531, 157.43, 36.1184, 0.0829293, 51.5529, 0.114608, -124.191, 0.0771695, 109.576
3526, 58.75833, 136.554, -7.8018, 46.0082, 137.534, 157.224, 36.1065, 0.0829529, 51.5437, 0.114367, -124.133, 0.0771357, 109.601
3526, 58.76667, 136.505, -7.83723, 45.8288, 137.538, 157.019, 36.0945, 0.0829762, 51.5345, 0.114125, -124.074, 0.0771018, 109.625
3527, 58.77500, 136.455, -7.87268, 45.6494, 137.541, 156.813, 36.0825, 0.0829993, 51.5252, 0.113882, -124.014, 0.0770676, 109.649
3527, 58.78333, 136.405, -7.90815, 45.47, 137.545, 156.607, 36.0705, 0.083022, 51.516, 0.11364, -123.955, 0.0770333, 109.673
3528, 58.79167, 136.354, -7.94365, 45.2906, 137.549, 156.401, 36.0585, 0.0830445, 51.5066, 0.113397, -123.894, 0.0769987, 109.698
3528, 58.80000, 136.303, -7.97917, 45.1113, 137.554, 156.195, 36.0464, 0.0830667, 51.4972, 0.113153, -123.834, 0.076964, 109.722
3529, 58.80833, 136.252, -8.01471, 44.932, 137.559, 155.99, 36.0344, 0.0830887, 51.4878, 0.11291, -123.773, 0.0769291, 109.746
3529, 58.81667, 136.201, -8.05028, 44.7527, 137.563, 155.784, 36.0223, 0.0831103, 51.4783, 0.112666, -123.711, 0.076894, 109.771
3530, 58.82500, 136.149, -8.08587, 44.5734, 137.569, 155.577, 36.0102, 0.0831317, 51.4688, 0.112422, -123.649, 0.0768587, 109.795
3530, 58.83333, 136.097, -8.12148, 44.3941, 137.574, 155.371, 35.9981, 0.0831528, 51.4592, 0.112177, -123.586, 0.0768232, 109.819
3531, 58.84167, 136.044, -8.15711, 44.2149, 137.58, 155.165, 35.9859, 0.0831736, 51.4496, 0.111933, -123.523, 0.0767876, 109.844
3531, 58.85000, 135.991, -8.19277, 44.0356, 137.586, 154.959, 35.9738, 0.0831941, 51.44, 0.111687, -123.46, 0.0767517, 109.868
3532, 58.85833, 135.937, -8.22844, 43.8564, 137.592, 154.752, 35.9616, 0.0832144, 51.4303, 0.111442, -123.396, 0.0767157, 109.892
3532, 58.86667, 135.884, -8.26414, 43.6772, 137.598, 154.546, 35.9495, 0.0832343, 51.4205, 0.111196, -123.331, 0.0766794, 109.917
3533, 58.87500, 135.83, -8.29985, 43.4981, 137.605, 154.339, 35.9373, 0.083254, 51.4107, 0.11095, -123.266, 0.076643, 109.941
3533, 58.88333, 135.775, -8.33559, 43.3189, 137.612, 154.133, 35.9251, 0.0832734, 51.4009, 0.110704, -123.201, 0.0766064, 109.966
3534, 58.89167, 135.72, -8.37134, 43.1397, 137.619, 153.926, 35.9129, 0.0832925, 51.391, 0.110458, -123.135, 0.0765696, 109.99
3534, 58.90000, 135.665, -8.40712, 42.9606, 137.627, 153.719, 35.9006, 0.0833113, 51.3811, 0.110211, -123.068, 0.0765326, 110.014
3535, 58.90833, 135.609, -8.44291, 42.7815, 137.635, 153.513, 35.8884, 0.0833298, 51.3712, 0.109964, -123.001, 0.0764954, 110.039
3535, 58.91667, 135.553, -8.47873, 42.6025, 137.643, 153.306, 35.8761, 0.0833481, 51.3612, 0.109716, -122.933, 0.076458, 110.063
3536, 58.92500, 135.497, -8.51456, 42.4234, 137.652, 153.099, 35.8638, 0.083366, 51.3511, 0.109469, -122.865, 0.0764205, 110.087
3536, 58.93333, 135.44, -8.55041, 42.2444, 137.66, 152.892, 35.8515, 0.0833837, 51.3411, 0.109221, -122.797, 0.0763827, 110.112
3537, 58.94167, 135.383, -8.58628, 42.0653, 137.669, 152.685, 35.8392, 0.083401, 51.3309, 0.108972, -122.727, 0.0763448, 110.136
3537, 58.95000, 135.326, -8.62217, 41.8864, 137.679, 152.478, 35.8269, 0.0834181, 51.3208, 0.108724, -122.658, 0.0763066, 110.161
3538, 58.95833, 135.268, -8.65807, 41.7074, 137.688, 152.27, 35.8145, 0.0834348, 51.3106, 0.108475, -122.587, 0.0762683, 110.185
3538, 58.96667, 135.21, -8.69399, 41.5284, 137.698, 152.063, 35.8021, 0.0834513, 51.3003, 0.108226, -122.517, 0.0762298, 110.21
3539, 58.97500, 135.151, -8.72993, 41.3495, 137.709, 151.856, 35.7898, 0.0834674, 51.2901, 0.107977, -122.445, 0.0761911, 110.234
3539, 58.98333, 135.092, -8.76588, 41.1706, 137.719, 151.648, 35.7774, 0.0834833, 51.2798, 0.107727, -122.373, 0.0761521, 110.259
3540, 58.99167, 135.033, -8.80186, 40.9917, 137.73, 151.441, 35.765, 0.0834989, 51.2694, 0.107477, -122.301, 0.076113, 110.283
3540, 59.00000, 134.973, -8.83784, 40.8129, 137.742, 151.233, 35.7525, 0.0835141, 51.259, 0.107227, -122.228, 0.0760738, 110.308
3541, 59.00833, 134.913, -8.87384, 40.634, 137.753, 151.025, 35.7401, 0.0835291, 51.2486, 0.106977, -122.154, 0.0760343, 110.332
3541, 59.01667, 134.853, -8.90986, 40.4552, 137.765, 150.817, 35.7276, 0.0835437, 51.2381, 0.106727, -122.08, 0.0759946, 110.357
3542, 59.02500, 134.792, -8.94589, 40.2764, 137.778, 150.61, 35.7152, 0.0835581, 51.2276, 0.106476, -122.005, 0.0759547, 110.381
3542, 59.03333, 134.731, -8.98194, 40.0977, 137.79, 150.402, 35.7027, 0.0835721, 51.2171, 0.106225, -121.929, 0.0759147, 110.406
3543, 59.04167, 134.669, -9.018, 39.9189, 137.803, 150.194, 35.6902, 0.0835859, 51.2065, 0.105973, -121.853, 0.0758744, 110.43
3543, 59.05000, 134.608, -9.05407, 39.7402, 137.817, 149.986, 35.6777, 0.0835993, 51.1959, 0.105722, -121.777, 0.075834, 110.455
3544, 59.05833, 134.545, -9.09016, 39.5615, 137.83, 149.777, 35.6652, 0.0836124, 51.1853, 0.10547, -121.699, 0.0757933, 110.479
3544, 59.06667, 134.483, -9.12626, 39.3828, 137.844, 149.569, 35.6526, 0.0836252, 51.1746, 0.105218, -121.621, 0.0757525, 110.504
3545, 59.07500, 134.419, -9.16238, 39.2042, 137.859, 149.361, 35.6401, 0.0836377, 51.1639, 0.104966, -121.543, 0.0757114, 110.529
3545, 59.08333, 134.356, -9.1985, 39.0256, 137.874, 149.152, 35.6275, 0.0836499, 51.1531, 0.104713, -121.464, 0.0756702, 110.553
3546, 59.09167, 134.292, -9.23464, 38.847, 137.889, 148.944, 35.6149, 0.0836618, 51.1423, 0.104461, -121.384, 0.0756288, 110.578
3546, 59.10000, 134.228, -9.27079, 38.6685, 137.905, 148.735, 35.6023, 0.0836733, 51.1315, 0.104208, -121.304, 0.0755872, 110.603
3547, 59.10833, 134.164, -9.30695, 38.4899, 137.921, 148.527, 35.5897, 0.0836846, 51.1207, 0.103955, -121.223, 0.0755453, 110.627
3547, 59.11667, 134.099, -9.34313, 38.3114, 137.937, 148.318, 35.5771, 0.0836955, 51.1098, 0.103701, -121.141, 0.0755033, 110.652
3548, 59.12500, 134.033, -9.37931, 38.1329, 137.954, 148.109, 35.5644, 0.0837061, 51.0989, 0.103448, -121.058, 0.0754611, 110.677
3548, 59.13333, 133.968, -9.41551, 37.9545, 137.971, 147.9, 35.5518, 0.0837164, 51.088, 0.103194, -120.975, 0.0754187, 110.701
3549, 59.14167, 133.902, -9.45172, 37.7761, 137.989, 147.691, 35.5391, 0.0837264, 51.077, 0.10294, -120.892, 0.0753761, 110.726
3549, 59.15000, 133.835, -9.48793, 37.5977, 138.007, 147.482, 35.5264, 0.083736, 51.066, 0.102686, -120.807, 0.0753333, 110.751
3550, 59.15833, 133.768, -9.52415, 37.4193, 138.025, 147.273, 35.5137, 0.0837453, 51.0549, 0.102432, -120.722, 0.0752904, 110.776
3550, 59.16667, 133.701, -9.56039, 37.241, 138.044, 147.064, 35.501, 0.0837544, 51.0439, 0.102177, -120.636, 0.0752472, 110.8
3551, 59.17500, 133.633, -9.59663, 37.0627, 138.064, 146.855, 35.4883, 0.083763, 51.0328, 0.101922, -120.55, 0.0752038, 110.825
3551, 59.18333, 133.566, -9.63288, 36.8844, 138.084, 146.645, 35.4756, 0.0837714, 51.0217, 0.101667, -120.463, 0.0751602, 110.85
3552, 59.19167, 133.497, -9.66914, 36.7062, 138.104, 146.436, 35.4628, 0.0837794, 51.0105, 0.101412, -120.375, 0.0751164, 110.875
3552, 59.20000, 133.428, -9.70541, 36.528, 138.125, 146.226, 35.45, 0.0837871, 50.9993, 0.101157, -120.286, 0.0750725, 110.9
3553, 59.20833, 133.359, -9.74168, 36.3498, 138.146, 146.017, 35.4373, 0.0837945, 50.9881, 0.100902, -120.197, 0.0750283, 110.924
3553, 59.21667, 133.29, -9.77797, 36.1716, 138.168, 145.807, 35.4245, 0.0838016, 50.9769, 0.100646, -120.107, 0.0749839, 110.949
3554, 59.22500, 133.22, -9.81426, 35.9935, 138.19, 145.597, 35.4117, 0.0838083, 50.9656, 0.10039, -120.016, 0.0749393, 110.974
3554, 59.23333, 133.15, -9.85055, 35.8155, 138.212, 145.387, 35.3989, 0.0838147, 50.9543, 0.100134, -119.924, 0.0748946, 110.999
3555, 59.24167, 133.079, -9.88686, 35.6374, 138.236, 145.177, 35.386, 0.0838207, 50.943, 0.099878, -119.832, 0.0748496, 111.024
3555, 59.25000, 133.008, -9.92316, 35.4594, 138.259, 144.967, 35.3732, 0.0838265, 50.9317, 0.0996218, -119.739, 0.0748044, 111.049
3556, 59.25833, 132.937, -9.95947, 35.2814, 138.284, 144.757, 35.3603, 0.0838318, 50.9203, 0.0993654, -119.645, 0.0747591, 111.074
3556, 59.26667, 132.865, -9.99579, 35.1035, 138.308, 144.547, 35.3475, 0.0838369, 50.9089, 0.0991088, -119.551, 0.0747135, 111.099
3557, 59.27500, 132.793, -10.0321, 34.9256, 138.333, 144.337, 35.3346, 0.0838416, 50.8975, 0.0988522, -119.455, 0.0746678, 111.124
3557, 59.28333, 132.72, -10.0684, 34.7477, 138.359, 144.127, 35.3217, 0.083846, 50.8861, 0.0985953, -119.359, 0.0746218, 111.149
3558, 59.29167, 132.647, -10.1048, 34.5698, 138.386, 143.916, 35.3088, 0.0838501, 50.8746, 0.0983384, -119.262, 0.0745756, 111.174
3558, 59.30000, 132.574, -10.1411, 34.392, 138.412, 143.706, 35.2959, 0.0838538, 50.8631, 0.0980813, -119.164, 0.0745293, 111.199
3559, 59.30833, 132.5, -10.1774, 34.2143, 138.44, 143.495, 35.283, 0.0838571, 50.8516, 0.0978241, -119.066, 0.0744827, 111.225
3559, 59.31667, 132.426, -10.2138, 34.0365, 138.468, 143.284, 35.27, 0.0838602, 50.8401, 0.0975668, -118.966, 0.0744359, 111.25
3560, 59.32500, 132.352, -10.2501, 33.8589, 138.496, 143.073, 35.2571, 0.0838628, 50.8285, 0.0973093, -118.866, 0.074389, 111.275
3560, 59.33333, 132.277, -10.2865, 33.6812, 138.526, 142.863, 35.2441, 0.0838652, 50.8169, 0.0970518, -118.765, 0.0743418, 111.3
3561, 59.34167, 132.202, -10.3228, 33.5036, 138.555, 142.652, 35.2311, 0.0838672, 50.8053, 0.0967942, -118.663, 0.0742945, 111.325
3561, 59.35000, 132.126, -10.3592, 33.326, 138.586, 142.441, 35.2182, 0.0838688, 50.7937, 0.0965364, -118.56, 0.0742469, 111.351
3562, 59.35833, 132.05, -10.3955, 33.1485, 138.617, 142.229, 35.2052, 0.0838701, 50.7821, 0.0962786, -118.457, 0.0741991, 111.376
3562, 59.36667, 131.974, -10.4319, 32.971, 138.648, 142.018, 35.1922, 0.0838711, 50.7704, 0.0960207, -118.352, 0.0741511, 111.401
3563, 59.37500, 131.897, -10.4682, 32.7936, 138.681, 141.807, 35.1791, 0.0838717, 50.7587, 0.0957627, -118.247, 0.074103, 111.427
3563, 59.38333, 131.82, -10.5046, 32.6162, 138.714, 141.596, 35.1661, 0.083872, 50.747, 0.0955046, -118.14, 0.0740546, 111.452
3564, 59.39167, 131.743, -10.5409, 32.4388, 138.747, 141.384, 35.1531, 0.0838719, 50.7353, 0.0952465, -118.033, 0.074006, 111.477
3564, 59.40000, 131.665, -10.5773, 32.2615, 138.781, 141.173, 35.14, 0.0838715, 50.7236, 0.0949883, -117.925, 0.0739572, 111.503
3565, 59.40833, 131.587, -10.6136, 32.0842, 138.816, 140.961, 35.1269, 0.0838707, 50.7118, 0.09473, -117.816, 0.0739083, 111.528
3565, 59.41667, 131.508, -10.65, 31.907, 138.852, 140.749, 35.1139, 0.0838695, 50.7001, 0.0944717, -117.706, 0.0738591, 111.554
3566, 59.42500, 131.429, -10.6863, 31.7298, 138.888, 140.537, 35.1008, 0.083868, 50.6883, 0.0942133, -117.595, 0.0738097, 111.579
3566, 59.43333, 131.349, -10.7227, 31.5527, 138.925, 140.325, 35.0877, 0.0838662, 50.6765, 0.0939549, -117.484, 0.0737601, 111.605
3567, 59.44167, 131.27, -10.759, 31.3756, 138.963, 140.113, 35.0746, 0.083864, 50.6647, 0.0936965, -117.371, 0.0737103, 111.63
3567, 59.45000, 131.189, -10.7953, 31.1985, 139.001, 139.901, 35.0615, 0.0838614, 50.6529, 0.093438, -117.257, 0.0736603, 111.656
3568, 59.45833, 131.109, -10.8317, 31.0216, 139.041, 139.689, 35.0483, 0.0838585, 50.641, 0.0931795, -117.142, 0.0736101, 111.681
3568, 59.46667, 131.028, -10.868, 30.8446, 139.081, 139.477, 35.0352, 0.0838552, 50.6292, 0.092921, -117.027, 0.0735596, 111.707
3569, 59.47500, 130.947, -10.9043, 30.6677, 139.121, 139.265, 35.0221, 0.0838516, 50.6173, 0.0926625, -116.91, 0.073509, 111.733
3569, 59.48333, 130.865, -10.9407, 30.4909, 139.163, 139.052, 35.0089, 0.0838476, 50.6054, 0.0924039, -116.793, 0.0734582, 111.758
3570, 59.49167, 130.783, -10.977, 30.3141, 139.205, 138.84, 34.9957, 0.0838432, 50.5935, 0.0921454, -116.674, 0.0734072, 111.784
3570, 59.50000, 130.7, -11.0133, 30.1373, 139.248, 138.627, 34.9826, 0.0838385, 50.5816, 0.0918869, -116.554, 0.0733559, 111.81
3571, 59.50833, 130.617, -11.0496, 29.9606, 139.292, 138.414, 34.9694, 0.0838334, 50.5697, 0.0916284, -116.434, 0.0733045, 111.836
3571, 59.51667, 130.534, -11.0859, 29.784, 139.337, 138.201, 34.9562, 0.083828, 50.5578, 0.0913699, -116.312, 0.0732529, 111.862
3572, 59.52500, 130.45, -11.1222, 29.6074, 139.383, 137.989, 34.943, 0.0838221, 50.5458, 0.0911115, -116.189, 0.073201, 111.887
3572, 59.53333, 130.366, -11.1585, 29.4309, 139.429, 137.776, 34.9297, 0.083816, 50.5339, 0.0908531, -116.065, 0.0731489, 111.913
3573, 59.54167, 130.282, -11.1948, 29.2544, 139.477, 137.562, 34.9165, 0.0838094, 50.5219, 0.0905947, -115.94, 0.0730967, 111.939
3573, 59.55000, 130.197, -11.231, 29.078, 139.525, 137.349, 34.9033, 0.0838025, 50.51, 0.0903364, -115.814, 0.0730442, 111.965
3574, 59.55833, 130.112, -11.2673, 28.9017, 139.575, 137.136, 34.89, 0.0837952, 50.498, 0.0900781, -115.687, 0.0729915, 111.991
3574, 59.56667, 130.026, -11.3036, 28.7253, 139.625, 136.923, 34.8768, 0.0837875, 50.486, 0.0898199, -115.559, 0.0729386, 112.017
3575, 59.57500, 129.94, -11.3398, 28.5491, 139.676, 136.709, 34.8635, 0.0837795, 50.474, 0.0895618, -115.43, 0.0728855, 112.043
3575, 59.58333, 129.854, -11.376, 28.373, 139.728, 136.496, 34.8503, 0.0837711, 50.462, 0.0893038, -115.3, 0.0728322, 112.07
3576, 59.59167, 129.767, -11.4123, 28.1968, 139.781, 136.282, 34.837, 0.0837623, 50.45, 0.0890458, -115.168, 0.0727787, 112.096
3576, 59.60000, 129.68, -11.4485, 28.0208, 139.836, 136.068, 34.8237, 0.0837532, 50.438, 0.0887879, -115.035, 0.072725, 112.122
3577, 59.60833, 129.593, -11.4847, 27.8448, 139.891, 135.855, 34.8104, 0.0837437, 50.426, 0.0885302, -114.902, 0.0726711, 112.148
3577, 59.61667, 129.505, -11.5209, 27.6689, 139.947, 135.641, 34.7971, 0.0837338, 50.414, 0.0882726, -114.767, 0.0726169, 112.174
3578, 59.62500, 129.416, -11.5571, 27.493, 140.004, 135.427, 34.7838, 0.0837235, 50.402, 0.0880151, -114.63, 0.0725626, 112.201
3578, 59.63333, 129.328, -11.5933, 27.3172, 140.063, 135.213, 34.7705, 0.0837128, 50.3899, 0.0877577, -114.493, 0.072508, 112.227
3579, 59.64167, 129.239, -11.6294, 27.1415, 140.122, 134.999, 34.7571, 0.0837018, 50.3779, 0.0875004, -114.355, 0.0724532, 112.254
3579, 59.65000, 129.149, -11.6656, 26.9659, 140.183, 134.784, 34.7438, 0.0836904, 50.3659, 0.0872433, -114.215, 0.0723983, 112.28
3580, 59.65833, 129.059, -11.7017, 26.7903, 140.245, 134.57, 34.7305, 0.0836786, 50.3538, 0.0869864, -114.074, 0.0723431, 112.306
3580, 59.66667, 128.969, -11.7378, 26.6148, 140.308, 134.355, 34.7171, 0.0836664, 50.3418, 0.0867296, -113.932, 0.0722877, 112.333
3581, 59.67500, 128.879, -11.774, 26.4394, 140.372, 134.141, 34.7037, 0.0836538, 50.3298, 0.086473, -113.788, 0.0722321, 112.36
3581, 59.68333, 128.788, -11.81, 26.264, 140.438, 133.926, 34.6904, 0.0836409, 50.3177, 0.0862166, -113.643, 0.0721762, 112.386
3582, 59.69167, 128.696, -11.8461, 26.0887, 140.504, 133.712, 34.677, 0.0836275, 50.3057, 0.0859604, -113.497, 0.0721202, 112.413
3582, 59.70000, 128.604, -11.8822, 25.9135, 140.572, 133.497, 34.6636, 0.0836138, 50.2937, 0.0857044, -113.35, 0.072064, 112.44
3583, 59.70833, 128.512, -11.9183, 25.7384, 140.641, 133.282, 34.6502, 0.0835997, 50.2817, 0.0854486, -113.202, 0.0720075, 112.466
3583, 59.71667, 128.42, -11.9543, 25.5634, 140.712, 133.067, 34.6368, 0.0835852, 50.2696, 0.085193, -113.052, 0.0719508, 112.493
3584, 59.72500, 128.327, -11.9903, 25.3884, 140.784, 132.852, 34.6234, 0.0835704, 50.2576, 0.0849377, -112.9, 0.071894, 112.52
3584, 59.73333, 128.234, -12.0263, 25.2135, 140.857, 132.637, 34.61, 0.0835551, 50.2456, 0.0846826, -112.748, 0.0718369, 112.547
3585, 59.74167, 128.14, -12.0623, 25.0387, 140.932, 132.421, 34.5966, 0.0835394, 50.2336, 0.0844277, -112.594, 0.0717795, 112.574
3585, 59.75000, 128.046, -12.0983, 24.864, 141.008, 132.206, 34.5832, 0.0835234, 50.2215, 0.0841732, -112.439, 0.071722, 112.601
3586, 59.75833, 127.951, -12.1342, 24.6894, 141.086, 131.99, 34.5698, 0.0835069, 50.2095, 0.0839189, -112.282, 0.0716643, 112.628
3586, 59.76667, 127.856, -12.1702, 24.5149, 141.165, 131.775, 34.5563, 0.0834901, 50.1975, 0.0836648, -112.124, 0.0716063, 112.655
3587, 59.77500, 127.761, -12.2061, 24.3405, 141.245, 131.559, 34.5429, 0.0834729, 50.1855, 0.0834111, -111.965, 0.0715482, 112.682
3587, 59.78333, 127.666, -12.242, 24.1662, 141.327, 131.343, 34.5294, 0.0834552, 50.1735, 0.0831577, -111.804, 0.0714898, 112.709
3588, 59.79167, 127.57, -12.2779, 23.9919, 141.411, 131.128, 34.516, 0.0834372, 50.1616, 0.0829046, -111.642, 0.0714312, 112.736
3588, 59.80000, 127.473, -12.3137, 23.8178, 141.497, 130.912, 34.5025, 0.0834188, 50.1496, 0.0826518, -111.478, 0.0713724, 112.764
3589, 59.80833, 127.376, -12.3496, 23.6437, 141.584, 130.696, 34.4891, 0.0834, 50.1376, 0.0823994, -111.313, 0.0713134, 112.791
3589, 59.81667, 127.279, -12.3854, 23.4698, 141.672, 130.479, 34.4756, 0.0833808, 50.1257, 0.0821473, -111.146, 0.0712542, 112.818
3590, 59.82500, 127.182, -12.4212, 23.2959, 141.763, 130.263, 34.4621, 0.0833612, 50.1137, 0.0818956, -110.978, 0.0711947, 112.846
3590, 59.83333, 127.084, -12.457, 23.1222, 141.855, 130.047, 34.4487, 0.0833412, 50.1018, 0.0816443, -110.809, 0.0711351, 112.873
3591, 59.84167, 126.986, -12.4927, 22.9486, 141.949, 129.83, 34.4352, 0.0833207, 50.0898, 0.0813934, -110.638, 0.0710752, 112.901
3591, 59.85000, 126.887, -12.5285, 22.7751, 142.045, 129.614, 34.4217, 0.0832999, 50.0779, 0.0811429, -110.465, 0.0710151, 112.928
3592, 59.85833, 126.788, -12.5642, 22.6017, 142.143, 129.397, 34.4082, 0.0832787, 50.066, 0.0808928, -110.291, 0.0709548, 112.956
3592, 59.86667, 126.688, -12.5999, 22.4284, 142.243, 129.181, 34.3947, 0.0832571, 50.0541, 0.0806431, -110.115, 0.0708942, 112.984
3593, 59.87500, 126.588, -12.6355, 22.2552, 142.344, 128.964, 34.3812, 0.0832351, 50.0423, 0.0803938, -109.938, 0.0708335, 113.011
3593, 59.88333, 126.488, -12.6712, 22.0822, 142.448, 128.747, 34.3677, 0.0832126, 50.0304, 0.0801451, -109.759, 0.0707725, 113.039
3594, 59.89167, 126.388, -12.7068, 21.9093, 142.554, 128.53, 34.3542, 0.0831898, 50.0186, 0.0798967, -109.578, 0.0707113, 113.067
3594, 59.90000, 126.287, -12.7424, 21.7365, 142.662, 128.313, 34.3406, 0.0831665, 50.0067, 0.0796489, -109.396, 0.0706499, 113.095
3595, 59.90833, 126.185, -12.7779, 21.5638, 142.772, 128.096, 34.3271, 0.0831429, 49.9949, 0.0794016, -109.213, 0.0705883, 113.123
3595, 59.91667, 126.083, -12.8135, 21.3913, 142.884, 127.878, 34.3136, 0.0831188, 49.9831, 0.0791547, -109.027, 0.0705265, 113.151
3596, 59.92500, 125.981, -12.849, 21.2189, 142.999, 127.661, 34.3001, 0.0830943, 49.9713, 0.0789084, -108.84, 0.0704644, 113.179
3596, 59.93333, 125.879, -12.8845, 21.0467, 143.116, 127.443, 34.2865, 0.0830695, 49.9596, 0.0786627, -108.652, 0.0704022, 113.207
3597, 59.94167, 125.776, -12.9199, 20.8745, 143.235, 127.226, 34.273, 0.0830442, 49.9478, 0.0784175, -108.461, 0.0703396, 113.235
3597, 59.95000, 125.672, -12.9553, 20.7026, 143.357, 127.008, 34.2595, 0.0830184, 49.9361, 0.0781729, -108.269, 0.0702769, 113.264
3598, 59.95833, 125.569, -12.9907, 20.5307, 143.481, 126.79, 34.2459, 0.0829923, 49.9244, 0.0779288, -108.076, 0.070214, 113.292
3598, 59.96667, 125.465, -13.0261, 20.3591, 143.608, 126.572, 34.2324, 0.0829658, 49.9127, 0.0776854, -107.88, 0.0701509, 113.32
3599, 59.97500, 125.36, -13.0615, 20.1875, 143.737, 126.354, 34.2188, 0.0829388, 49.9011, 0.0774425, -107.683, 0.0700875, 113.349
3599, 59.98333, 125.255, -13.0968, 20.0162, 143.869, 126.136, 34.2053, 0.0829115, 49.8894, 0.0772004, -107.484, 0.0700239, 113.377
3600, 59.99167, 125.15, -13.1321, 19.845, 144.004, 125.918, 34.1917, 0.0828837, 49.8778, 0.0769588, -107.283, 0.0699601, 113.406
3600, 60.00000, 125.045, -13.1673, 19.674, 144.142, 125.7, 34.1782, 0.0828555, 49.8662, 0.0767179, -107.08, 0.069896, 113.435
3601, 60.00833, 124.939, -13.2025, 19.5031, 144.282, 125.481, 34.1646, 0.0828268, 49.8547, 0.0764777, -106.876, 0.0698318, 113.463
3601, 60.01667, 124.832, -13.2377, 19.3324, 144.426, 125.263, 34.151, 0.0827978, 49.8431, 0.0762382, -106.67, 0.0697673, 113.492
3602, 60.02500, 124.725, -13.2729, 19.1619, 144.572, 125.044, 34.1375, 0.0827683, 49.8316, 0.0759995, -106.462, 0.0697026, 113.521
3602, 60.03333, 124.618, -13.308, 18.9916, 144.722, 124.826, 34.1239, 0.0827385, 49.8201, 0.0757614, -106.252, 0.0696377, 113.55
3603, 60.04167, 124.511, -13.3431, 18.8215, 144.875, 124.607, 34.1103, 0.0827081, 49.8087, 0.0755241, -106.04, 0.0695726, 113.579
3603, 60.05000, 124.403, -13.3782, 18.6516, 145.031, 124.388, 34.0968, 0.0826774, 49.7972, 0.0752876, -105.827, 0.0695072, 113.608
3604, 60.05833, 124.295, -13.4132, 18.4819, 145.191, 124.169, 34.0832, 0.0826463, 49.7858, 0.0750519, -105.611, 0.0694416, 113.637
3604, 60.06667, 124.186, -13.4482, 18.3123, 145.354, 123.95, 34.0696, 0.0826147, 49.7744, 0.0748169, -105.394, 0.0693758, 113.666
3605, 60.07500, 124.077, -13.4832, 18.143, 145.52, 123.731, 34.0561, 0.0825827, 49.7631, 0.0745828, -105.174, 0.0693098, 113.696
3605, 60.08333, 123.967, -13.5181, 17.9739, 145.691, 123.512, 34.0425, 0.0825502, 49.7518, 0.0743495, -104.953, 0.0692435, 113.725
3606, 60.09167, 123.858, -13.553, 17.805, 145.865, 123.292, 34.0289, 0.0825174, 49.7405, 0.0741171, -104.73, 0.069177, 113.754
3606, 60.10000, 123.747, -13.5879, 17.6364, 146.042, 123.073, 34.0153, 0.0824841, 49.7292, 0.0738856, -104.504, 0.0691103, 113.784
3607, 60.10833, 123.637, -13.6227, 17.468, 146.224, 122.853, 34.0018, 0.0824504, 49.718, 0.073655, -104.277, 0.0690434, 113.814
3607, 60.11667, 123.526, -13.6575, 17.2998, 146.41, 122.633, 33.9882, 0.0824162, 49.7068, 0.0734252, -104.048, 0.0689762, 113.843
3608, 60.12500, 123.415, -13.6922, 17.1319, 146.6, 122.414, 33.9746, 0.0823817, 49.6957, 0.0731965, -103.816, 0.0689089, 113.873
3608, 60.13333, 123.303, -13.7269, 16.9642, 146.795, 122.194, 33.961, 0.0823467, 49.6846, 0.0729687, -103.583, 0.0688413, 113.903
3609, 60.14167, 123.191, -13.7616, 16.7968, 146.993, 121.974, 33.9475, 0.0823112, 49.6735, 0.0727419, -103.348, 0.0687734, 113.933
3609, 60.15000, 123.078, -13.7962, 16.6297, 147.197, 121.754, 33.9339, 0.0822754, 49.6625, 0.072516, -103.11, 0.0687054, 113.963
3610, 60.15833, 122.966, -13.8308, 16.4629, 147.405, 121.534, 33.9203, 0.082239, 49.6515, 0.0722913, -102.871, 0.0686371, 113.993
3610, 60.16667, 122.852, -13.8653, 16.2963, 147.618, 121.313, 33.9067, 0.0822023, 49.6405, 0.0720675, -102.629, 0.0685686, 114.023
3611, 60.17500, 122.739, -13.8999, 16.13, 147.835, 121.093, 33.8932, 0.0821651, 49.6296, 0.0718448, -102.385, 0.0684999, 114.053
3611, 60.18333, 122.625, -13.9343, 15.9641, 148.058, 120.873, 33.8796, 0.0821275, 49.6187, 0.0716233, -102.139, 0.0684309, 114.083
3612, 60.19167, 122.51, -13.9688, 15.7984, 148.287, 120.652, 33.866, 0.0820895, 49.6078, 0.0714028, -101.891, 0.0683617, 114.114
3612, 60.20000, 122.396, -14.0031, 15.6331, 148.52, 120.431, 33.8524, 0.082051, 49.597, 0.0711834, -101.641, 0.0682923, 114.144
3613, 60.20833, 122.281, -14.0375, 15.4681, 148.759, 120.211, 33.8389, 0.0820121, 49.5863, 0.0709652, -101.389, 0.0682227, 114.175
3613, 60.21667, 122.165, -14.0718, 15.3035, 149.004, 119.99, 33.8253, 0.0819727, 49.5755, 0.0707482, -101.134, 0.0681528, 114.205
3614, 60.22500, 122.049, -14.106, 15.1392, 149.255, 119.769, 33.8117, 0.0819329, 49.5649, 0.0705324, -100.877, 0.0680827, 114.236
3614, 60.23333, 121.933, -14.1403, 14.9753, 149.512, 119.548, 33.7982, 0.0818927, 49.5542, 0.0703179, -100.618, 0.0680124, 114.267
3615, 60.24167, 121.816, -14.1744, 14.8117, 149.775, 119.326, 33.7846, 0.081852, 49.5436, 0.0701045, -100.357, 0.0679418, 114.298
3615, 60.25000, 121.699, -14.2086, 14.6486, 150.045, 119.105, 33.771, 0.0818109, 49.5331, 0.0698925, -100.094, 0.0678711, 114.329
3616, 60.25833, 121.582, -14.2426, 14.4859, 150.321, 118.884, 33.7575, 0.0817693, 49.5226, 0.0696818, -99.8282, 0.0678001, 114.36
3616, 60.26667, 121.464, -14.2767, 14.3235, 150.604, 118.662, 33.7439, 0.0817273, 49.5122, 0.0694724, -99.5602, 0.0677288, 114.391
3617, 60.27500, 121.346, -14.3107, 14.1616, 150.895, 118.441, 33.7304, 0.0816848, 49.5018, 0.0692643, -99.29, 0.0676574, 114.422
3617, 60.28333, 121.228, -14.3446, 14.0002, 151.193, 118.219, 33.7168, 0.0816419, 49.4914, 0.0690576, -99.0175, 0.0675857, 114.453
3618, 60.29167, 121.109, -14.3785, 13.8392, 151.498, 117.997, 33.7033, 0.0815986, 49.4811, 0.0688523, -98.7427, 0.0675137, 114.485
3618, 60.30000, 120.989, -14.4124, 13.6787, 151.811, 117.775, 33.6897, 0.0815548, 49.4709, 0.0686485, -98.4655, 0.0674416, 114.516
3619, 60.30833, 120.87, -14.4462, 13.5187, 152.132, 117.553, 33.6762, 0.0815105, 49.4607, 0.0684461, -98.1861, 0.0673692, 114.548
3619, 60.31667, 120.75, -14.4799, 13.3592, 152.462, 117.331, 33.6626, 0.0814658, 49.4506, 0.0682452, -97.9043, 0.0672966, 114.58
3620, 60.32500, 120.63, -14.5136, 13.2003, 152.8, 117.109, 33.6491, 0.0814207, 49.4405, 0.0680458, -97.6201, 0.0672237, 114.612
3620, 60.33333, 120.509, -14.5473, 13.0419, 153.147, 116.887, 33.6356, 0.0813751, 49.4304, 0.067848, -97.3336, 0.0671507, 114.643
3621, 60.34167, 120.388, -14.5809, 12.8841, 153.503, 116.664, 33.622, 0.081329, 49.4205, 0.0676516, -97.0448, 0.0670773, 114.675
3621, 60.35000, 120.266, -14.6144, 12.7269, 153.869, 116.442, 33.6085, 0.0812825, 49.4105, 0.0674569, -96.7535, 0.0670038, 114.708
3622, 60.35833, 120.144, -14.6479, 12.5702, 154.245, 116.219, 33.595, 0.0812356, 49.4007, 0.0672639, -96.4599, 0.06693, 114.74
3622, 60.36667, 120.022, -14.6814, 12.4143, 154.63, 115.996, 33.5815, 0.0811882, 49.3909, 0.0670724, -96.1639, 0.066856, 114.772
3623, 60.37500, 119.899, -14.7148, 12.259, 155.027, 115.773, 33.568, 0.0811404, 49.3811, 0.0668827, -95.8655, 0.0667818, 114.805
3623, 60.38333, 119.777, -14.7481, 12.1043, 155.434, 115.551, 33.5544, 0.081092, 49.3715, 0.0666946, -95.5647, 0.0667073, 114.837
3624, 60.39167, 119.653, -14.7814, 11.9504, 155.852, 115.328, 33.5409, 0.0810433, 49.3618, 0.0665083, -95.2614, 0.0666326, 114.87
3624, 60.40000, 119.529, -14.8146, 11.7973, 156.282, 115.104, 33.5275, 0.0809941, 49.3523, 0.0663238, -94.9557, 0.0665577, 114.902
3625, 60.40833, 119.405, -14.8478, 11.6449, 156.724, 114.881, 33.514, 0.0809444, 49.3428, 0.066141, -94.6476, 0.0664825, 114.935
3625, 60.41667, 119.281, -14.8809, 11.4933, 157.178, 114.658, 33.5005, 0.0808943, 49.3333, 0.0659601, -94.3371, 0.0664071, 114.968
3626, 60.42500, 119.156, -14.914, 11.3425, 157.646, 114.434, 33.487, 0.0808437, 49.324, 0.065781, -94.0241, 0.0663315, 115.001
3626, 60.43333, 119.031, -14.947, 11.1927, 158.126, 114.211, 33.4735, 0.0807926, 49.3147, 0.0656038, -93.7087, 0.0662556, 115.034
3627, 60.44167, 118.905, -14.98, 11.0437, 158.62, 113.987, 33.4601, 0.0807411, 49.3054, 0.0654286, -93.3908, 0.0661795, 115.068
3627, 60.45000, 118.779, -15.0129, 10.8956, 159.129, 113.763, 33.4466, 0.0806891, 49.2963, 0.0652552, -93.0705, 0.0661031, 115.101
3628, 60.45833, 118.653, -15.0457, 10.7486, 159.652, 113.54, 33.4331, 0.0806367, 49.2872, 0.0650839, -92.7477, 0.0660266, 115.135
3628, 60.46667, 118.526, -15.0785, 10.6025, 160.191, 113.316, 33.4197, 0.0805838, 49.2781, 0.0649146, -92.4225, 0.0659498, 115.168
3629, 60.47500, 118.399, -15.1112, 10.4576, 160.745, 113.091, 33.4063, 0.0805305, 49.2692, 0.0647473, -92.0948, 0.0658727, 115.202
3629, 60.48333, 118.272, -15.1439, 10.3137, 161.315, 112.867, 33.3928, 0.0804767, 49.2603, 0.0645821, -91.7647, 0.0657954, 115.236
3630, 60.49167, 118.144, -15.1765, 10.171, 161.903, 112.643, 33.3794, 0.0804224, 49.2515, 0.064419, -91.432, 0.0657179, 115.27
3630, 60.50000, 118.016, -15.2091, 10.0295, 162.507, 112.419, 33.366, 0.0803676, 49.2428, 0.064258, -91.097, 0.0656402, 115.304
3631, 60.50833, 117.888, -15.2415, 9.88922, 163.13, 112.194, 33.3526, 0.0803124, 49.2341, 0.0640992, -90.7595, 0.0655622, 115.338
3631, 60.51667, 117.759, -15.274, 9.75026, 163.772, 111.97, 33.3392, 0.0802568, 49.2255, 0.0639426, -90.4195, 0.065484, 115.373
3632, 60.52500, 117.63, -15.3063, 9.61269, 164.433, 111.745, 33.3258, 0.0802006, 49.217, 0.0637883, -90.0771, 0.0654055, 115.407
3632, 60.53333, 117.5, -15.3386, 9.47655, 165.113, 111.52, 33.3124, 0.080144, 49.2085, 0.0636362, -89.7323, 0.0653268, 115.442
3633, 60.54167, 117.37, -15.3709, 9.34188, 165.814, 111.295, 33.299, 0.0800869, 49.2002, 0.0634864, -89.385, 0.0652479, 115.476
3633, 60.55000, 117.24, -15.403, 9.20878, 166.537, 111.07, 33.2856, 0.0800294, 49.1919, 0.0633389, -89.0352, 0.0651687, 115.511
3634, 60.55833, 117.109, -15.4351, 9.0773, 167.281, 110.845, 33.2723, 0.0799714, 49.1837, 0.0631939, -88.6831, 0.0650893, 115.546
3634, 60.56667, 116.978, -15.4672, 8.9475, 168.048, 110.62, 33.2589, 0.0799129, 49.1756, 0.0630512, -88.3285, 0.0650097, 115.581
3635, 60.57500, 116.846, -15.4992, 8.81948, 168.838, 110.394, 33.2456, 0.079854, 49.1676, 0.062911, -87.9716, 0.0649298, 115.616
3635, 60.58333, 116.715, -15.5311, 8.69332, 169.652, 110.169, 33.2323, 0.0797945, 49.1596, 0.0627732, -87.6122, 0.0648497, 115.652
3636, 60.59167, 116.583, -15.5629, 8.56906, 170.491, 109.943, 33.2189, 0.0797346, 49.1518, 0.0626379, -87.2504, 0.0647693, 115.687
3636, 60.60000, 116.45, -15.5947, 8.44684, 171.355, 109.718, 33.2056, 0.0796743, 49.144, 0.0625052, -86.8863, 0.0646887, 115.723
3637, 60.60833, 116.317, -15.6264, 8.32672, 172.245, 109.492, 33.1923, 0.0796134, 49.1363, 0.0623751, -86.5198, 0.0646079, 115.759
3637, 60.61667, 116.184, -15.658, 8.20878, 173.161, 109.266, 33.179, 0.0795521, 49.1287, 0.0622475, -86.1509, 0.0645268, 115.795
3638, 60.62500, 116.05, -15.6896, 8.09314, 174.105, 109.04, 33.1658, 0.0794903, 49.1212, 0.0621226, -85.7798, 0.0644455, 115.831
3638, 60.63333, 115.916, -15.7211, 7.9799, 175.077, 108.814, 33.1525, 0.0794281, 49.1138, 0.0620004, -85.4063, 0.0643639, 115.867
3639, 60.64167, 115.782, -15.7526, 7.86914, 176.077, 108.588, 33.1392, 0.0793654, 49.1064, 0.0618809, -85.0304, 0.0642821, 115.903
3639, 60.65000, 115.648, -15.7839, 7.76099, 177.106, 108.362, 33.126, 0.0793021, 49.0992, 0.0617641, -84.6524, 0.0642001, 115.94
3640, 60.65833, 115.513, -15.8152, 7.65556, 178.165, 108.135, 33.1128, 0.0792385, 49.0921, 0.0616502, -84.272, 0.0641178, 115.976
3640, 60.66667, 115.377, -15.8464, 7.55294, 179.254, 107.909, 33.0995, 0.0791743, 49.085, 0.061539, -83.8894, 0.0640353, 116.013
3641, 60.67500, 115.241, -15.8776, 7.45328, -179.627, 107.682, 33.0863, 0.0791097, 49.0781, 0.0614307, -83.5046, 0.0639526, 116.05
3641, 60.68333, 115.105, -15.9086, 7.35668, -178.477, 107.456, 33.0731, 0.0790445, 49.0712, 0.0613252, -83.1176, 0.0638696, 116.087
3642, 60.69167, 114.969, -15.9396, 7.26325, -177.297, 107.229, 33.06, 0.0789789, 49.0645, 0.0612227, -82.7284, 0.0637864, 116.124
3642, 60.70000, 114.832, -15.9706, 7.17315, -176.085, 107.002, 33.0468, 0.0789129, 49.0578, 0.0611231, -82.3371, 0.0637029, 116.162
3643, 60.70833, 114.695, -16.0014, 7.08649, -174.843, 106.775, 33.0336, 0.0788463, 49.0513, 0.0610265, -81.9437, 0.0636192, 116.199
3643, 60.71667, 114.557, -16.0322, 7.00338, -173.569, 106.548, 33.0205, 0.0787793, 49.0448, 0.0609329, -81.5481, 0.0635352, 116.237
3644, 60.72500, 114.42, -16.0629, 6.92397, -172.265, 106.32, 33.0073, 0.0787117, 49.0385, 0.0608424, -81.1505, 0.063451, 116.275
3644, 60.73333, 114.281, -16.0935, 6.84839, -170.931, 106.093, 32.9942, 0.0786437, 49.0322, 0.060755, -80.7508, 0.0633666, 116.313
3645, 60.74167, 114.143, -16.1241, 6.77675, -169.567, 105.866, 32.9811, 0.0785752, 49.0261, 0.0606707, -80.3491, 0.0632819, 116.351
3645, 60.75000, 114.004, -16.1545, 6.7092, -168.175, 105.638, 32.968, 0.0785063, 49.0201, 0.0605895, -79.9455, 0.063197, 116.389
3646, 60.75833, 113.865, -16.1849, 6.64585, -166.754, 105.41, 32.955, 0.0784368, 49.0141, 0.0605115, -79.5399, 0.0631118, 116.427
3646, 60.76667, 113.725, -16.2152, 6.58683, -165.306, 105.183, 32.9419, 0.0783669, 49.0083, 0.0604367, -79.1324, 0.0630264, 116.466
3647, 60.77500, 113.585, -16.2454, 6.53225, -163.832, 104.955, 32.9289, 0.0782965, 49.0026, 0.0603652, -78.723, 0.0629408, 116.505
3647, 60.78333, 113.445, -16.2756, 6.48223, -162.335, 104.727, 32.9158, 0.0782256, 48.997, 0.060297, -78.3119, 0.0628549, 116.544
3648, 60.79167, 113.304, -16.3057, 6.43687, -160.814, 104.499, 32.9028, 0.0781542, 48.9916, 0.0602321, -77.8988, 0.0627688, 116.583
3648, 60.80000, 113.163, -16.3356, 6.39628, -159.273, 104.27, 32.8898, 0.0780823, 48.9862, 0.0601705, -77.4841, 0.0626824, 116.622
3649, 60.80833, 113.021, -16.3655, 6.36054, -157.712, 104.042, 32.8768, 0.0780099, 48.981, 0.0601123, -77.0676, 0.0625958, 116.662
3649, 60.81667, 112.88, -16.3954, 6.32974, -156.135, 103.814, 32.8639, 0.0779371, 48.9758, 0.0600575, -76.6495, 0.0625089, 116.701
3650, 60.82500, 112.738, -16.4251, 6.30396, -154.543, 103.585, 32.8509, 0.0778637, 48.9708, 0.0600062, -76.2297, 0.0624219, 116.741
3650, 60.83333, 112.595, -16.4547, 6.28325, -152.94, 103.356, 32.838, 0.0777899, 48.9659, 0.0599583, -75.8083, 0.0623345, 116.781
3651, 60.84167, 112.452, -16.4843, 6.26766, -151.326, 103.128, 32.8251, 0.0777156, 48.9612, 0.0599139, -75.3854, 0.0622469, 116.821
3651, 60.85000, 112.309, -16.5138, 6.25724, -149.706, 102.899, 32.8122, 0.0776408, 48.9565, 0.059873, -74.961, 0.0621591, 116.862
3652, 60.85833, 112.166, -16.5432, 6.25201, -148.082, 102.67, 32.7993, 0.0775655, 48.952, 0.0598358, -74.5351, 0.062071, 116.902
3652, 60.86667, 112.022, -16.5725, 6.25199, -146.456, 102.441, 32.7864, 0.0774897, 48.9476, 0.059802, -74.1078, 0.0619827, 116.943
3653, 60.87500, 111.878, -16.6017, 6.25717, -144.831, 102.212, 32.7736, 0.0774134, 48.9434, 0.059772, -73.6792, 0.0618942, 116.984
3653, 60.88333, 111.733, -16.6308, 6.26755, -143.211, 101.982, 32.7607, 0.0773366, 48.9392, 0.0597455, -73.2493, 0.0618054, 117.025
3654, 60.89167, 111.588, -16.6599, 6.2831, -141.597, 101.753, 32.7479, 0.0772594, 48.9352, 0.0597227, -72.818, 0.0617163, 117.066
3654, 60.90000, 111.443, -16.6888, 6.30379, -139.992, 101.523, 32.7352, 0.0771816, 48.9313, 0.0597036, -72.3857, 0.061627, 117.108
3655, 60.90833, 111.298, -16.7177, 6.32955, -138.4, 101.294, 32.7224, 0.0771034, 48.9276, 0.0596883, -71.9521, 0.0615375, 117.15
3655, 60.91667, 111.152, -16.7465, 6.36035, -136.821, 101.064, 32.7096, 0.0770246, 48.924, 0.0596767, -71.5174, 0.0614477, 117.191
3656, 60.92500, 111.005, -16.7751, 6.39609, -135.259, 100.834, 32.6969, 0.0769454, 48.9205, 0.0596688, -71.0818, 0.0613577, 117.234
3656, 60.93333, 110.859, -16.8037, 6.4367, -133.716, 100.604, 32.6842, 0.0768656, 48.9172, 0.0596648, -70.6451, 0.0612674, 117.276
3657, 60.94167, 110.712, -16.8322, 6.4821, -132.194, 100.374, 32.6715, 0.0767854, 48.914, 0.0596646, -70.2075, 0.0611769, 117.318
3657, 60.95000, 110.565, -16.8606, 6.53218, -130.694, 100.144, 32.6588, 0.0767047, 48.9109, 0.0596682, -69.769, 0.0610862, 117.361
3658, 60.95833, 110.417, -16.8889, 6.58683, -129.219, 99.9138, 32.6462, 0.0766235, 48.908, 0.0596757, -69.3297, 0.0609952, 117.404
3658, 60.96667, 110.269, -16.9171, 6.64595, -127.769, 99.6834, 32.6336, 0.0765417, 48.9052, 0.0596871, -68.8896, 0.0609039, 117.447
3659, 60.97500, 110.121, -16.9452, 6.70942, -126.346, 99.4529, 32.621, 0.0764595, 48.9026, 0.0597024, -68.4489, 0.0608124, 117.49
3659, 60.98333, 109.972, -16.9732, 6.77711, -124.951, 99.2223, 32.6084, 0.0763768, 48.9001, 0.0597216, -68.0075, 0.0607207, 117.534
3660, 60.99167, 109.823, -17.0012, 6.84891, -123.584, 98.9916, 32.5958, 0.0762936, 48.8978, 0.0597448, -67.5655, 0.0606287, 117.577
3660, 61.00000, 109.674, -17.029, 6.92468, -122.248, 98.7608, 32.5833, 0.0762099, 48.8956, 0.0597719, -67.123, 0.0605365, 117.621
3661, 61.00833, 109.524, -17.0567, 7.00431, -120.941, 98.5299, 32.5708, 0.0761257, 48.8936, 0.0598031, -66.6801, 0.060444, 117.666
3661, 61.01667, 109.374, -17.0843, 7.08766, -119.665, 98.2988, 32.5583, 0.076041, 48.8917, 0.0598382, -66.2367, 0.0603513, 117.71
3662, 61.02500, 109.224, -17.1119, 7.1746, -118.42, 98.0677, 32.5458, 0.0759558, 48.89, 0.0598774, -65.793, 0.0602584, 117.755
3662, 61.03333, 109.073, -17.1393, 7.265, -117.206, 97.8364, 32.5334, 0.0758701, 48.8884, 0.0599206, -65.349, 0.0601652, 117.799
3663, 61.04167, 108.922, -17.1666, 7.35875, -116.023, 97.605, 32.521, 0.0757838, 48.887, 0.0599679, -64.9048, 0.0600717, 117.844
3663, 61.05000, 108.771, -17.1938, 7.4557, -114.871, 97.3735, 32.5086, 0.0756971, 48.8858, 0.0600192, -64.4605, 0.059978, 117.89
3664, 61.05833, 108.619, -17.2209, 7.55575, -113.749, 97.142, 32.4962, 0.0756099, 48.8847, 0.0600747, -64.0161, 0.0598841, 117.935
3664, 61.06667, 108.467, -17.2479, 7.65878, -112.658, 96.9102, 32.4839, 0.0755222, 48.8837, 0.0601342, -63.5716, 0.0597899, 117.981
3665, 61.07500, 108.315, -17.2749, 7.76466, -111.597, 96.6784, 32.4715, 0.075434, 48.883, 0.0601979, -63.1271, 0.0596955, 118.027
3665, 61.08333, 108.162, -17.3017, 7.87328, -110.565, 96.4465, 32.4593, 0.0753453, 48.8824, 0.0602657, -62.6828, 0.0596009, 118.073
3666, 61.09167, 108.009, -17.3284, 7.98454, -109.563, 96.2145, 32.447, 0.0752561, 48.882, 0.0603376, -62.2386, 0.0595059, 118.12
3666, 61.10000, 107.856, -17.3549, 8.09831, -108.589, 95.9823, 32.4348, 0.0751663, 48.8817, 0.0604137, -61.7947, 0.0594108, 118.166
3667, 61.10833, 107.702, -17.3814, 8.21451, -107.643, 95.7501, 32.4226, 0.0750761, 48.8816, 0.0604939, -61.351, 0.0593154, 118.213
3667, 61.11667, 107.548, -17.4078, 8.33304, -106.724, 95.5177, 32.4104, 0.0749854, 48.8817, 0.0605783, -60.9077, 0.0592197, 118.261
3668, 61.12500, 107.394, -17.4341, 8.45378, -105.832, 95.2852, 32.3982, 0.0748941, 48.882, 0.0606669, -60.4648, 0.0591238, 118.308
3668, 61.13333, 107.239, -17.4602, 8.57666, -104.967, 95.0527, 32.3861, 0.0748024, 48.8824, 0.0607597, -60.0223, 0.0590277, 118.356
3669, 61.14167, 107.084, -17.4863, 8.7016, -104.126, 94.8199, 32.374, 0.0747101, 48.883, 0.0608566, -59.5804, 0.0589313, 118.404
3669, 61.15000, 106.929, -17.5122, 8.82847, -103.31, 94.5871, 32.3619, 0.0746174, 48.8838, 0.0609578, -59.1391, 0.0588347, 118.452
3670, 61.15833, 106.774, -17.538, 8.95723, -102.518, 94.3542, 32.3499, 0.0745241, 48.8848, 0.0610631, -58.6984, 0.0587378, 118.501
3670, 61.16667, 106.618, -17.5637, 9.0878, -101.75, 94.1212, 32.3379, 0.0744303, 48.886, 0.0611727, -58.2584, 0.0586407, 118.549
3671, 61.17500, 106.461, -17.5893, 9.22009, -101.004, 93.888, 32.3259, 0.0743361, 48.8873, 0.0612865, -57.8192, 0.0585434, 118.598
3671, 61.18333, 106.305, -17.6148, 9.35402, -100.28, 93.6548, 32.3139, 0.0742413, 48.8888, 0.0614045, -57.3809, 0.0584458, 118.648
3672, 61.19167, 106.148, -17.6401, 9.48955, -99.5771, 93.4214, 32.302, 0.074146, 48.8906, 0.0615267, -56.9433, 0.0583479, 118.697
3672, 61.20000, 105.991, -17.6654, 9.62659, -98.8951, 93.1879, 32.2901, 0.0740502, 48.8925, 0.0616531, -56.5068, 0.0582499, 118.747
3673, 61.20833, 105.833, -17.6905, 9.76509, -98.233, 92.9543, 32.2783, 0.0739539, 48.8946, 0.0617838, -56.0713, 0.0581515, 118.797
3673, 61.21667, 105.675, -17.7155, 9.90499, -97.5901, 92.7206, 32.2665, 0.0738571, 48.8969, 0.0619186, -55.6367, 0.0580529, 118.848
3674, 61.22500, 105.517, -17.7404, 10.0462, -96.9661, 92.4868, 32.2547, 0.0737597, 48.8994, 0.0620577, -55.2034, 0.0579541, 118.898
3674, 61.23333, 105.358, -17.7652, 10.1887, -96.3601, 92.2529, 32.2429, 0.0736619, 48.9021, 0.062201, -54.7712, 0.0578551, 118.949
3675, 61.24167, 105.199, -17.7898, 10.3325, -95.7715, 92.0188, 32.2312, 0.0735636, 48.9051, 0.0623485, -54.3402, 0.0577558, 119.001
3675, 61.25000, 105.04, -17.8144, 10.4775, -95.2, 91.7847, 32.2195, 0.0734647, 48.9082, 0.0625003, -53.9104, 0.0576562, 119.052
3676, 61.25833, 104.881, -17.8388, 10.6235, -94.6448, 91.5504, 32.2078, 0.0733654, 48.9115, 0.0626562, -53.4821, 0.0575564, 119.104
3676, 61.26667, 104.721, -17.8631, 10.7707, -94.1053, 91.316, 32.1962, 0.0732655, 48.915, 0.0628164, -53.055, 0.0574564, 119.156
3677, 61.27500, 104.561, -17.8872, 10.919, -93.5812, 91.0815, 32.1846, 0.0731651, 48.9188, 0.0629807, -52.6294, 0.0573561, 119.209
3677, 61.28333, 104.4, -17.9113, 11.0682, -93.0719, 90.8469, 32.1731, 0.0730642, 48.9227, 0.0631493, -52.2053, 0.0572556, 119.261
3678, 61.29167, 104.239, -17.9352, 11.2184, -92.5768, 90.6122, 32.1616, 0.0729628, 48.9269, 0.063322, -51.7826, 0.0571549, 119.314
3678, 61.30000, 104.078, -17.959, 11.3696, -92.0956, 90.3773, 32.1501, 0.0728609, 48.9313, 0.0634989, -51.3616, 0.0570539, 119.368
3679, 61.30833, 103.917, -17.9826, 11.5216, -91.6277, 90.1424, 32.1386, 0.0727584, 48.9359, 0.06368, -50.9422, 0.0569526, 119.422
3679, 61.31667, 103.755, -18.0062, 11.6745, -91.1727, 89.9073, 32.1272, 0.0726555, 48.9408, 0.0638653, -50.5244, 0.0568512, 119.476
3680, 61.32500, 103.593, -18.0296, 11.8283, -90.7302, 89.6722, 32.1159, 0.072552, 48.9458, 0.0640547, -50.1083, 0.0567494, 119.53
3680, 61.33333, 103.431, -18.0528, 11.9828, -90.2997, 89.4369, 32.1045, 0.0724481, 48.9511, 0.0642483, -49.694, 0.0566475, 119.585
3681, 61.34167, 103.268, -18.076, 12.1382, -89.8809, 89.2015, 32.0933, 0.0723436, 48.9566, 0.0644461, -49.2814, 0.0565453, 119.64
3681, 61.35000, 103.105, -18.099, 12.2943, -89.4734, 88.966, 32.082, 0.0722386, 48.9624, 0.0646479, -48.8707, 0.0564428, 119.695
3682, 61.35833, 102.942, -18.1219, 12.451, -89.0767, 88.7303, 32.0708, 0.0721331, 48.9683, 0.0648539, -48.4618, 0.0563402, 119.751
3682, 61.36667, 102.778, -18.1446, 12.6086, -88.6906, 88.4946, 32.0596, 0.072027, 48.9746, 0.065064, -48.0548, 0.0562372, 119.807
3683, 61.37500, 102.614, -18.1672, 12.7667, -88.3147, 88.2587, 32.0485, 0.0719205, 48.981, 0.0652782, -47.6498, 0.0561341, 119.863
3683, 61.38333, 102.45, -18.1897, 12.9255, -87.9486, 88.0228, 32.0374, 0.0718135, 48.9877, 0.0654965, -47.2468, 0.0560307, 119.92
3684, 61.39167, 102.285, -18.212, 13.085, -87.5921, 87.7866, 32.0264, 0.0717059, 48.9947, 0.0657189, -46.8457, 0.055927, 119.977
3684, 61.40000, 102.12, -18.2342, 13.245, -87.2448, 87.5504, 32.0153, 0.0715978, 49.0018, 0.0659453, -46.4467, 0.0558232, 120.034
3685, 61.40833, 101.955, -18.2563, 13.4057, -86.9065, 87.3141, 32.0044, 0.0714892, 49.0093, 0.0661758, -46.0498, 0.0557191, 120.092
3685, 61.41667, 101.79, -18.2782, 13.5669, -86.5768, 87.0777, 31.9935, 0.0713801, 49.017, 0.0664103, -45.6549, 0.0556147, 120.15
3686, 61.42500, 101.624, -18.3, 13.7287, -86.2555, 86.8411, 31.9826, 0.0712705, 49.0249, 0.0666489, -45.2622, 0.0555101, 120.208
3686, 61.43333, 101.458, -18.3217, 13.8909, -85.9423, 86.6045, 31.9718, 0.0711604, 49.0331, 0.0668914, -44.8717, 0.0554053, 120.267
3687, 61.44167, 101.291, -18.3432, 14.0538, -85.6369, 86.3677, 31.961, 0.0710497, 49.0416, 0.067138, -44.4833, 0.0553002, 120.326
3687, 61.45000, 101.125, -18.3645, 14.2171, -85.3392, 86.1308, 31.9502, 0.0709385, 49.0503, 0.0673886, -44.0972, 0.055195, 120.386
3688, 61.45833, 100.958, -18.3857, 14.3808, -85.0489, 85.8938, 31.9395, 0.0708269, 49.0593, 0.0676431, -43.7133, 0.0550894, 120.446
3688, 61.46667, 100.79, -18.4068, 14.5451, -84.7656, 85.6567, 31.9289, 0.0707147, 49.0685, 0.0679016, -43.3317, 0.0549837, 120.506
3689, 61.47500, 100.623, -18.4277, 14.7098, -84.4894, 85.4194, 31.9183, 0.0706019, 49.078, 0.068164, -42.9523, 0.0548777, 120.567
3689, 61.48333, 100.455, -18.4485, 14.875, -84.2198, 85.1821, 31.9077, 0.0704887, 49.0878, 0.0684303, -42.5753, 0.0547714, 120.628
3690, 61.49167, 100.286, -18.4692, 15.0406, -83.9568, 84.9446, 31.8972, 0.070375, 49.0979, 0.0687005, -42.2006, 0.054665, 120.69
3690, 61.50000, 100.118, -18.4896, 15.2065, -83.7001, 84.707, 31.8868, 0.0702607, 49.1083, 0.0689746, -41.8282, 0.0545583, 120.751
3691, 61.50833, 99.949, -18.51, 15.3729, -83.4495, 84.4693, 31.8764, 0.0701459, 49.1189, 0.0692526, -41.4583, 0.0544514, 120.814
3691, 61.51667, 99.7799, -18.5302, 15.5398, -83.2048, 84.2315, 31.866, 0.0700306, 49.1298, 0.0695345, -41.0906, 0.0543442, 120.876
3692, 61.52500, 99.6104, -18.5502, 15.7069, -82.966, 83.9935, 31.8557, 0.0699148, 49.141, 0.0698201, -40.7254, 0.0542368, 120.94
3692, 61.53333, 99.4407, -18.5701, 15.8745, -82.7327, 83.7555, 31.8455, 0.0697985, 49.1525, 0.0701096, -40.3626, 0.0541292, 121.003
3693, 61.54167, 99.2706, -18.5898, 16.0424, -82.5049, 83.5173, 31.8353, 0.0696817, 49.1643, 0.070403, -40.0022, 0.0540213, 121.067
3693, 61.55000, 99.1002, -18.6094, 16.2107, -82.2823, 83.279, 31.8251, 0.0695643, 49.1764, 0.0707, -39.6443, 0.0539133, 121.132
3694, 61.55833, 98.9296, -18.6288, 16.3793, -82.0649, 83.0406, 31.815, 0.0694464, 49.1888, 0.0710009, -39.2888, 0.053805, 121.196
3694, 61.56667, 98.7586, -18.648, 16.5483, -81.8525, 82.8021, 31.805, 0.069328, 49.2014, 0.0713055, -38.9358, 0.0536964, 121.262
3695, 61.57500, 98.5874, -18.6671, 16.7175, -81.6449, 82.5635, 31.795, 0.0692091, 49.2144, 0.0716138, -38.5852, 0.0535877, 121.327
3695, 61.58333, 98.4159, -18.6861, 16.8871, -81.4421, 82.3247, 31.7851, 0.0690897, 49.2277, 0.0719259, -38.2372, 0.0534787, 121.393
3696, 61.59167, 98.244, -18.7048, 17.057, -81.2438, 82.0858, 31.7752, 0.0689697, 49.2414, 0.0722417, -37.8916, 0.0533694, 121.46
3696, 61.60000, 98.0719, -18.7235, 17.2273, -81.0499, 81.8468, 31.7654, 0.0688493, 49.2553, 0.0725611, -37.5485, 0.05326, 121.527
3697, 61.60833, 97.8994, -18.7419, 17.3978, -80.8604, 81.6077, 31.7556, 0.0687283, 49.2695, 0.0728842, -37.2079, 0.0531504, 121.595
3697, 61.61667, 97.7267, -18.7602, 17.5686, -80.6751, 81.3685, 31.7459, 0.0686068, 49.2841, 0.0732109, -36.8698, 0.0530405, 121.663
3698, 61.62500, 97.5537, -18.7783, 17.7397, -80.494, 81.1291, 31.7363, 0.0684848, 49.299, 0.0735413, -36.5343, 0.0529304, 121.731
3698, 61.63333, 97.3804, -18.7963, 17.911, -80.3168, 80.8897, 31.7267, 0.0683623, 49.3142, 0.0738752, -36.2013, 0.05282, 121.8
3699, 61.64167, 97.2068, -18.8141, 18.0827, -80.1434, 80.6501, 31.7171, 0.0682392, 49.3298, 0.0742128, -35.8707, 0.0527095, 121.869
3699, 61.65000, 97.0329, -18.8317, 18.2546, -79.9739, 80.4104, 31.7077, 0.0681157, 49.3457, 0.0745539, -35.5427, 0.0525987, 121.939
3700, 61.65833, 96.8587, -18.8492, 18.4267, -79.808, 80.1706, 31.6983, 0.0679916, 49.3619, 0.0748986, -35.2172, 0.0524877, 122.01
3700, 61.66667, 96.6842, -18.8664, 18.5992, -79.6457, 79.9306, 31.6889, 0.067867, 49.3785, 0.0752468, -34.8942, 0.0523765, 122.08
3701, 61.67500, 96.5095, -18.8836, 18.7718, -79.487, 79.6906, 31.6797, 0.0677419, 49.3954, 0.0755985, -34.5738, 0.0522651, 122.152
3701, 61.68333, 96.3344, -18.9005, 18.9447, -79.3316, 79.4504, 31.6705, 0.0676163, 49.4127, 0.0759537, -34.2559, 0.0521534, 122.224
3702, 61.69167, 96.1591, -18.9173, 19.1179, -79.1795, 79.2101, 31.6613, 0.0674902, 49.4304, 0.0763124, -33.9404, 0.0520416, 122.296
3702, 61.70000, 95.9835, -18.9339, 19.2913, -79.0307, 78.9697, 31.6522, 0.0673635, 49.4483, 0.0766746, -33.6276, 0.0519295, 122.369
3703, 61.70833, 95.8076, -18.9503, 19.4649, -78.885, 78.7291, 31.6432, 0.0672363, 49.4667, 0.0770401, -33.3172, 0.0518172, 122.442
3703, 61.71667, 95.6313, -18.9665, 19.6387, -78.7423, 78.4885, 31.6343, 0.0671087, 49.4854, 0.0774092, -33.0093, 0.0517047, 122.516
3704, 61.72500, 95.4549, -18.9826, 19.8128, -78.6027, 78.2477, 31.6254, 0.0669805, 49.5045, 0.0777816, -32.7039, 0.051592, 122.591
3704, 61.73333, 95.2781, -18.9985, 19.9871, -78.466, 78.0068, 31.6166, 0.0668518, 49.524, 0.0781574, -32.4011, 0.0514791, 122.666
3705, 61.74167, 95.101, -19.0142, 20.1616, -78.3321, 77.7658, 31.6078, 0.0667225, 49.5438, 0.0785366, -32.1007, 0.0513659, 122.741
3705, 61.75000, 94.9237, -19.0297, 20.3363, -78.2011, 77.5246, 31.5992, 0.0665928, 49.564, 0.0789191, -31.8028, 0.0512526, 122.817
3706, 61.75833, 94.7461, -19.045, 20.5112, -78.0727, 77.2834, 31.5906, 0.0664625, 49.5847, 0.0793049, -31.5074, 0.051139, 122.894
3706, 61.76667, 94.5682, -19.0601, 20.6864, -77.947, 77.042, 31.582, 0.0663317, 49.6057, 0.0796942, -31.2145, 0.0510253, 122.971
3707, 61.77500, 94.39, -19.0751, 20.8617, -77.8239, 76.8005, 31.5736, 0.0662005, 49.6271, 0.0800866, -30.924, 0.0509113, 123.049
3707, 61.78333, 94.2116, -19.0899, 21.0372, -77.7033, 76.5589, 31.5652, 0.0660687, 49.6488, 0.0804824, -30.636, 0.0507972, 123.127
3708, 61.79167, 94.0328, -19.1045, 21.213, -77.5851, 76.3171, 31.5569, 0.0659363, 49.6711, 0.0808814, -30.3505, 0.0506828, 123.206
3708, 61.80000, 93.8538, -19.1188, 21.3889, -77.4694, 76.0753, 31.5487, 0.0658035, 49.6937, 0.0812837, -30.0674, 0.0505682, 123.286
3709, 61.80833, 93.6745, -19.133, 21.565, -77.356, 75.8333, 31.5405, 0.0656702, 49.7167, 0.0816892, -29.7867, 0.0504535, 123.366
3709, 61.81667, 93.4949, -19.1471, 21.7413, -77.2449, 75.5912, 31.5325, 0.0655363, 49.7401, 0.082098, -29.5084, 0.0503385, 123.447
3710, 61.82500, 93.315, -19.1609, 21.9177, -77.1361, 75.349, 31.5245, 0.065402, 49.764, 0.0825099, -29.2326, 0.0502233, 123.528
3710, 61.83333, 93.1349, -19.1745, 22.0944, -77.0294, 75.1066, 31.5166, 0.0652671, 49.7883, 0.082925, -28.9591, 0.050108, 123.61
3711, 61.84167, 92.9545, -19.1879, 22.2712, -76.9249, 74.8641, 31.5087, 0.0651317, 49.813, 0.0833433, -28.6881, 0.0499924, 123.692
3711, 61.85000, 92.7738, -19.2011, 22.4482, -76.8226, 74.6215, 31.501, 0.0649958, 49.8381, 0.0837647, -28.4194, 0.0498767, 123.776
3712, 61.85833, 92.5929, -19.2141, 22.6254, -76.7222, 74.3788, 31.4933, 0.0648594, 49.8637, 0.0841893, -28.1531, 0.0497607, 123.859
3712, 61.86667, 92.4116, -19.227, 22.8028, -76.6239, 74.136, 31.4857, 0.0647225, 49.8897, 0.084617, -27.8892, 0.0496446, 123.944
3713, 61.87500, 92.2301, -19.2396, 22.9803, -76.5275, 73.893, 31.4782, 0.0645851, 49.9162, 0.0850477, -27.6276, 0.0495283, 124.029
3713, 61.88333, 92.0484, -19.252, 23.158, -76.4331, 73.65, 31.4708, 0.0644471, 49.9432, 0.0854816, -27.3683, 0.0494118, 124.115
3714, 61.89167, 91.8663, -19.2642, 23.3359, -76.3405, 73.4067, 31.4635, 0.0643087, 49.9706, 0.0859186, -27.1113, 0.0492951, 124.201
3714, 61.90000, 91.684, -19.2762, 23.5139, -76.2498, 73.1634, 31.4563, 0.0641697, 49.9984, 0.0863586, -26.8567, 0.0491782, 124.288
3715, 61.90833, 91.5014, -19.288, 23.6921, -76.1609, 72.92, 31.4491, 0.0640303, 50.0268, 0.0868016, -26.6044, 0.0490612, 124.376
3715, 61.91667, 91.3185, -19.2996, 23.8705, -76.0737, 72.6764, 31.4421, 0.0638903, 50.0556, 0.0872477, -26.3543, 0.048944, 124.464
3716, 61.92500, 91.1354, -19.311, 24.049, -75.9883, 72.4327, 31.4351, 0.0637498, 50.0849, 0.0876968, -26.1065, 0.0488265, 124.554
3716, 61.93333, 90.952, -19.3221, 24.2277, -75.9045, 72.1889, 31.4283, 0.0636089, 50.1146, 0.0881489, -25.861, 0.048709, 124.643
3717, 61.94167, 90.7683, -19.3331, 24.4066, -75.8224, 71.9449, 31.4215, 0.0634674, 50.1449, 0.088604, -25.6176, 0.0485912, 124.734
3717, 61.95000, 90.5844, -19.3438, 24.5855, -75.742, 71.7008, 31.4148, 0.0633254, 50.1757, 0.089062, -25.3766, 0.0484733, 124.825
3718, 61.95833, 90.4002, -19.3543, 24.7647, -75.6631, 71.4566, 31.4083, 0.0631829, 50.2069, 0.089523, -25.1377, 0.0483552, 124.917
3718, 61.96667, 90.2157, -19.3646, 24.944, -75.5858, 71.2123, 31.4018, 0.0630399, 50.2387, 0.089987, -24.901, 0.0482369, 125.01
3719, 61.97500, 90.031, -19.3746, 25.1235, -75.51, 70.9678, 31.3954, 0.0628964, 50.271, 0.0904538, -24.6665, 0.0481184, 125.103
3719, 61.98333, 89.846, -19.3845, 25.3031, -75.4357, 70.7233, 31.3891, 0.0627524, 50.3038, 0.0909236, -24.4342, 0.0479998, 125.198
3720, 61.99167, 89.6607, -19.3941, 25.4828, -75.3628, 70.4786, 31.3829, 0.0626079, 50.3372, 0.0913963, -24.204, 0.0478811, 125.293
3720, 62.00000, 89.4752, -19.4035, 25.6627, -75.2914, 70.2338, 31.3769, 0.0624629, 50.371, 0.0918719, -23.976, 0.0477621, 125.388
3721, 62.00833, 89.2895, -19.4127, 25.8428, -75.2215, 69.9888, 31.3709, 0.0623174, 50.4054, 0.0923504, -23.7501, 0.047643, 125.485
3721, 62.01667, 89.1034, -19.4216, 26.023, -75.1528, 69.7437, 31.3651, 0.0621713, 50.4404, 0.0928317, -23.5263, 0.0475238, 125.582
3722, 62.02500, 88.9171, -19.4303, 26.2033, -75.0856, 69.4985, 31.3593, 0.0620248, 50.4759, 0.0933159, -23.3046, 0.0474044, 125.68
3722, 62.03333, 88.7305, -19.4388, 26.3838, -75.0197, 69.2532, 31.3537, 0.0618778, 50.512, 0.0938029, -23.085, 0.0472848, 125.779
3723, 62.04167, 88.5437, -19.4471, 26.5644, -74.9551, 69.0077, 31.3481, 0.0617303, 50.5486, 0.0942928, -22.8674, 0.0471651, 125.879
3723, 62.05000, 88.3566, -19.4551, 26.7452, -74.8917, 68.7622, 31.3427, 0.0615823, 50.5858, 0.0947855, -22.6519, 0.0470453, 125.979
3724, 62.05833, 88.1693, -19.4628, 26.9261, -74.8297, 68.5165, 31.3374, 0.0614338, 50.6236, 0.095281, -22.4385, 0.0469253, 126.081
3724, 62.06667, 87.9817, -19.4704, 27.1072, -74.7688, 68.2706, 31.3322, 0.0612848, 50.6619, 0.0957793, -22.227, 0.0468052, 126.183
3725, 62.07500, 87.7938, -19.4776, 27.2884, -74.7092, 68.0247, 31.3272, 0.0611354, 50.7009, 0.0962803, -22.0175, 0.0466849, 126.286
3725, 62.08333, 87.6057, -19.4847, 27.4697, -74.6508, 67.7786, 31.3222, 0.0609854, 50.7404, 0.0967841, -21.8101, 0.0465645, 126.39
3726, 62.09167, 87.4173, -19.4915, 27.6512, -74.5935, 67.5324, 31.3174, 0.0608349, 50.7806, 0.0972908, -21.6046, 0.0464439, 126.495
3726, 62.10000, 87.2287, -19.4981, 27.8328, -74.5374, 67.286, 31.3127, 0.060684, 50.8213, 0.0978001, -21.4011, 0.0463232, 126.6
3727, 62.10833, 87.0398, -19.5044, 28.0146, -74.4824, 67.0396, 31.3081, 0.0605325, 50.8627, 0.0983122, -21.1995, 0.0462024, 126.707
3727, 62.11667, 86.8507, -19.5104, 28.1965, -74.4285, 66.793, 31.3036, 0.0603806, 50.9047, 0.0988271, -20.9998, 0.0460815, 126.814
3728, 62.12500, 86.6613, -19.5162, 28.3785, -74.3756, 66.5462, 31.2993, 0.0602281, 50.9473, 0.0993446, -20.802, 0.0459604, 126.922
3728, 62.13333, 86.4717, -19.5218, 28.5607, -74.3239, 66.2994, 31.2951, 0.0600752, 50.9906, 0.0998649, -20.6062, 0.0458393, 127.032
3729, 62.14167, 86.2818, -19.5271, 28.743, -74.2732, 66.0524, 31.291, 0.0599218, 51.0345, 0.100388, -20.4122, 0.045718, 127.142
3729, 62.15000, 86.0917, -19.5321, 28.9254, -74.2235, 65.8053, 31.2871, 0.059768, 51.0791, 0.100914, -20.2201, 0.0455965, 127.253
3730, 62.15833, 85.9013, -19.5369, 29.108, -74.1749, 65.5581, 31.2832, 0.0596136, 51.1244, 0.101442, -20.0299, 0.045475, 127.365
3730, 62.16667, 85.7106, -19.5414, 29.2907, -74.1272, 65.3107, 31.2796, 0.0594587, 51.1703, 0.101973, -19.8414, 0.0453534, 127.478
3731, 62.17500, 85.5198, -19.5456, 29.4736, -74.0806, 65.0632, 31.276, 0.0593034, 51.2169, 0.102507, -19.6549, 0.0452316, 127.592
3731, 62.18333, 85.3286, -19.5496, 29.6565, -74.0349, 64.8156, 31.2726, 0.0591476, 51.2641, 0.103043, -19.4701, 0.0451098, 127.707
3732, 62.19167, 85.1372, -19.5533, 29.8397, -73.9901, 64.5678, 31.2694, 0.0589913, 51.3121, 0.103582, -19.2871, 0.0449878, 127.823
3732, 62.20000, 84.9456, -19.5568, 30.0229, -73.9463, 64.3199, 31.2663, 0.0588346, 51.3608, 0.104124, -19.1058, 0.0448658, 127.94
3733, 62.20833, 84.7538, -19.56, 30.2063, -73.9033, 64.0719, 31.2633, 0.0586773, 51.4102, 0.104668, -18.9264, 0.0447437, 128.058
3733, 62.21667, 84.5616, -19.5629, 30.3898, -73.8613, 63.8238, 31.2605, 0.0585196, 51.4603, 0.105215, -18.7487, 0.0446215, 128.177
3734, 62.22500, 84.3693, -19.5655, 30.5735, -73.8202, 63.5755, 31.2578, 0.0583614, 51.5112, 0.105764, -18.5727, 0.0444992, 128.297
3734, 62.23333, 84.1767, -19.5678, 30.7572, -73.7799, 63.3271, 31.2553, 0.0582028, 51.5628, 0.106316, -18.3984, 0.0443768, 128.418
3735, 62.24167, 83.9838, -19.5699, 30.9412, -73.7405, 63.0785, 31.253, 0.0580437, 51.6151, 0.106871, -18.2259, 0.0442543, 128.54
3735, 62.25000, 83.7908, -19.5717, 31.1252, -73.702, 62.8299, 31.2508, 0.0578841, 51.6682, 0.107428, -18.055, 0.0441318, 128.663
3736, 62.25833, 83.5975, -19.5732, 31.3094, -73.6642, 62.5811, 31.2487, 0.057724, 51.7221, 0.107988, -17.8858, 0.0440092, 128.787
3736, 62.26667, 83.4039, -19.5744, 31.4937, -73.6273, 62.3322, 31.2469, 0.0575635, 51.7767, 0.108551, -17.7183, 0.0438865, 128.913
3737, 62.27500, 83.2101, -19.5753, 31.6781, -73.5912, 62.0831, 31.2451, 0.0574025, 51.8322, 0.109116, -17.5524, 0.0437638, 129.039
3737, 62.28333, 83.016, -19.576, 31.8627, -73.5559, 61.8339, 31.2436, 0.0572411, 51.8884, 0.109684, -17.3881, 0.043641, 129.167
3738, 62.29167, 82.8217, -19.5763, 32.0474, -73.5214, 61.5846, 31.2422, 0.0570792, 51.9454, 0.110254, -17.2255, 0.0435181, 129.295
3738, 62.30000, 82.6272, -19.5763, 32.2322, -73.4876, 61.3351, 31.241, 0.0569168, 52.0033, 0.110827, -17.0645, 0.0433952, 129.425
3739, 62.30833, 82.4325, -19.5761, 32.4172, -73.4546, 61.0856, 31.24, 0.056754, 52.062, 0.111402, -16.905, 0.0432723, 129.556
3739, 62.31667, 82.2375, -19.5755, 32.6023, -73.4223, 60.8358, 31.2391, 0.0565907, 52.1215, 0.11198, -16.7472, 0.0431493, 129.689
3740, 62.32500, 82.0423, -19.5747, 32.7875, -73.3908, 60.586, 31.2384, 0.056427, 52.1818, 0.11256, -16.5909, 0.0430262, 129.822
3740, 62.33333, 81.8468, -19.5735, 32.9729, -73.36, 60.336, 31.2379, 0.0562629, 52.2431, 0.113143, -16.4361, 0.0429032, 129.957
3741, 62.34167, 81.6511, -19.572, 33.1584, -73.3299, 60.0859, 31.2376, 0.0560982, 52.3052, 0.113728, -16.2829, 0.0427801, 130.092
3741, 62.35000, 81.4552, -19.5702, 33.344, -73.3006, 59.8356, 31.2375, 0.0559332, 52.3681, 0.114316, -16.1312, 0.042657, 130.229
3742, 62.35833, 81.259, -19.5681, 33.5298, -73.2719, 59.5852, 31.2375, 0.0557677, 52.432, 0.114907, -15.981, 0.0425339, 130.368
3742, 62.36667, 81.0626, -19.5657, 33.7157, -73.2439, 59.3347, 31.2378, 0.0556017, 52.4968, 0.1155, -15.8323, 0.0424107, 130.507
3743, 62.37500, 80.866, -19.563, 33.9017, -73.2165, 59.0841, 31.2382, 0.0554354, 52.5625, 0.116095, -15.6851, 0.0422876, 130.648
3743, 62.38333, 80.6692, -19.5599, 34.0878, -73.1899, 58.8333, 31.2389, 0.0552685, 52.6291, 0.116693, -15.5394, 0.0421644, 130.79
3744, 62.39167, 80.4721, -19.5565, 34.2741, -73.1639, 58.5824, 31.2397, 0.0551013, 52.6966, 0.117294, -15.3951, 0.0420413, 130.934
3744, 62.40000, 80.2748, -19.5528, 34.4605, -73.1385, 58.3313, 31.2408, 0.0549336, 52.7651, 0.117897, -15.2523, 0.0419181, 131.078
3745, 62.40833, 80.0773, -19.5488, 34.6471, -73.1138, 58.0801, 31.242, 0.0547655, 52.8346, 0.118502, -15.1109, 0.041795, 131.224
3745, 62.41667, 79.8795, -19.5444, 34.8338, -73.0897, 57.8288, 31.2435, 0.0545969, 52.905, 0.11911, -14.9709, 0.0416719, 131.372
3746, 62.42500, 79.6815, -19.5397, 35.0206, -73.0662, 57.5774, 31.2452, 0.054428, 52.9764, 0.119721, -14.8323, 0.0415488, 131.52
3746, 62.43333, 79.4833, -19.5347, 35.2075, -73.0433, 57.3258, 31.2471, 0.0542586, 53.0489, 0.120334, -14.6952, 0.0414257, 131.671
3747, 62.44167, 79.2849, -19.5293, 35.3946, -73.0211, 57.074, 31.2492, 0.0540888, 53.1223, 0.120949, -14.5594, 0.0413027, 131.822
3747, 62.45000, 79.0863, -19.5236, 35.5818, -72.9994, 56.8222, 31.2516, 0.0539186, 53.1968, 0.121567, -14.425, 0.0411797, 131.975
3748, 62.45833, 78.8874, -19.5175, 35.7692, -72.9783, 56.5702, 31.2541, 0.053748, 53.2723, 0.122187, -14.2919, 0.0410568, 132.129
3748, 62.46667, 78.6883, -19.5111, 35.9567, -72.9578, 56.318, 31.2569, 0.0535769, 53.3489, 0.12281, -14.1602, 0.0409339, 132.285
3749, 62.47500, 78.489, -19.5044, 36.1443, -72.9379, 56.0658, 31.26, 0.0534055, 53.4265, 0.123435, -14.0298, 0.0408111, 132.442
3749, 62.48333, 78.2894, -19.4972, 36.332, -72.9185, 55.8134, 31.2633, 0.0532336, 53.5052, 0.124063, -13.9008, 0.0406883, 132.601
3750, 62.49167, 78.0897, -19.4898, 36.5199, -72.8997, 55.5608, 31.2668, 0.0530614, 53.585, 0.124693, -13.773, 0.0405656, 132.761
3750, 62.50000, 77.8897, -19.4819, 36.7079, -72.8814, 55.3082, 31.2706, 0.0528887, 53.666, 0.125326, -13.6466, 0.040443, 132.923
3751, 62.50833, 77.6895, -19.4737, 36.8961, -72.8637, 55.0554, 31.2746, 0.0527157, 53.748, 0.125961, -13.5214, 0.0403205, 133.086
3751, 62.51667, 77.4891, -19.4651, 37.0844, -72.8466, 54.8024, 31.2789, 0.0525422, 53.8312, 0.126598, -13.3975, 0.040198, 133.251
3752, 62.52500, 77.2885, -19.4562, 37.2728, -72.8299, 54.5493, 31.2834, 0.0523684, 53.9156, 0.127238, -13.2749, 0.0400757, 133.417
3752, 62.53333, 77.0876, -19.4469, 37.4613, -72.8138, 54.2961, 31.2882, 0.0521942, 54.0011, 0.12788, -13.1536, 0.0399535, 133.585
3753, 62.54167, 76.8866, -19.4372, 37.65, -72.7982, 54.0428, 31.2933, 0.0520196, 54.0878, 0.128525, -13.0335, 0.0398313, 133.754
3753, 62.55000, 76.6853, -19.4271, 37.8389, -72.7831, 53.7893, 31.2986, 0.0518447, 54.1758, 0.129173, -12.9146, 0.0397093, 133.925
3754, 62.55833, 76.4838, -19.4167, 38.0278, -72.7685, 53.5357, 31.3042, 0.0516693, 54.2649, 0.129822, -12.7969, 0.0395875, 134.098
3754, 62.56667, 76.2821, -19.4058, 38.2169, -72.7544, 53.2819, 31.3101, 0.0514936, 54.3553, 0.130474, -12.6805, 0.0394657, 134.272
3755, 62.57500, 76.0802, -19.3946, 38.4062, -72.7408, 53.028, 31.3163, 0.0513176, 54.447, 0.131129, -12.5653, 0.0393441, 134.448
3755, 62.58333, 75.8781, -19.383, 38.5955, -72.7277, 52.774, 31.3228, 0.0511412, 54.5399, 0.131786, -12.4512, 0.0392227, 134.625
3756, 62.59167, 75.6758, -19.371, 38.7851, -72.7151, 52.5198, 31.3295, 0.0509644, 54.6341, 0.132445, -12.3384, 0.0391014, 134.805
3756, 62.60000, 75.4733, -19.3586, 38.9747, -72.703, 52.2655, 31.3366, 0.0507872, 54.7296, 0.133107, -12.2267, 0.0389803, 134.986
3757, 62.60833, 75.2705, -19.3457, 39.1645, -72.6913, 52.011, 31.344, 0.0506098, 54.8265, 0.133772, -12.1162, 0.0388593, 135.168
3757, 62.61667, 75.0676, -19.3325, 39.3544, -72.6801, 51.7564, 31.3517, 0.0504319, 54.9247, 0.134438, -12.0068, 0.0387385, 135.353
3758, 62.62500, 74.8644, -19.3189, 39.5445, -72.6693, 51.5017, 31.3597, 0.0502538, 55.0242, 0.135107, -11.8986, 0.0386179, 135.539
3758, 62.63333, 74.6611, -19.3048, 39.7347, -72.659, 51.2468, 31.368, 0.0500753, 55.1251, 0.135779, -11.7915, 0.0384976, 135.727
3759, 62.64167, 74.4575, -19.2903, 39.9251, -72.6492, 50.9918, 31.3766, 0.0498964, 55.2275, 0.136453, -11.6855, 0.0383774, 135.917
3759, 62.65000, 74.2538, -19.2754, 40.1156, -72.6398, 50.7367, 31.3856, 0.0497173, 55.3313, 0.137129, -11.5806, 0.0382574, 136.109
3760, 62.65833, 74.0498, -19.2601, 40.3062, -72.6309, 50.4814, 31.3949, 0.0495378, 55.4365, 0.137808, -11.4769, 0.0381377, 136.302
3760, 62.66667, 73.8456, -19.2444, 40.497, -72.6223, 50.226, 31.4046, 0.049358, 55.5431, 0.138489, -11.3742, 0.0380182, 136.497
3761, 62.67500, 73.6413, -19.2282, 40.6879, -72.6143, 49.9704, 31.4146, 0.0491779, 55.6513, 0.139173, -11.2726, 0.037899, 136.694
3761, 62.68333, 73.4367, -19.2115, 40.8789, -72.6066, 49.7147, 31.425, 0.0489975, 55.761, 0.139859, -11.1721, 0.03778, 136.894
3762, 62.69167, 73.232, -19.1945, 41.0701, -72.5994, 49.4589, 31.4357, 0.0488168, 55.8721, 0.140548, -11.0727, 0.0376612, 137.095
3762, 62.70000, 73.027, -19.177, 41.2615, -72.5925, 49.2029, 31.4468, 0.0486359, 55.9849, 0.141239, -10.9743, 0.0375428, 137.297
3763, 62.70833, 72.8219, -19.159, 41.4529, -72.5861, 48.9468, 31.4583, 0.0484546, 56.0992, 0.141932, -10.877, 0.0374246, 137.502
3763, 62.71667, 72.6165, -19.1406, 41.6446, -72.5801, 48.6906, 31.4702, 0.048273, 56.2151, 0.142628, -10.7807, 0.0373067, 137.709
3764, 62.72500, 72.411, -19.1217, 41.8363, -72.5746, 48.4342, 31.4824, 0.0480912, 56.3326, 0.143326, -10.6854, 0.0371891, 137.918
3764, 62.73333, 72.2053, -19.1024, 42.0282, -72.5694, 48.1777, 31.4951, 0.0479091, 56.4517, 0.144027, -10.5912, 0.0370719, 138.129
3765, 62.74167, 71.9993, -19.0826, 42.2203, -72.5646, 47.921, 31.5081, 0.0477267, 56.5726, 0.14473, -10.498, 0.0369549, 138.342
3765, 62.75000, 71.7932, -19.0623, 42.4125, -72.5602, 47.6642, 31.5216, 0.0475441, 56.695, 0.145435, -10.4058, 0.0368383, 138.557
3766, 62.75833, 71.5869, -19.0415, 42.6049, -72.5562, 47.4073, 31.5355, 0.0473612, 56.8192, 0.146143, -10.3146, 0.0367221, 138.774
3766, 62.76667, 71.3804, -19.0203, 42.7974, -72.5526, 47.1502, 31.5498, 0.0471781, 56.9452, 0.146853, -10.2244, 0.0366062, 138.993
3767, 62.77500, 71.1738, -18.9986, 42.99, -72.5494, 46.8929, 31.5645, 0.0469948, 57.0729, 0.147566, -10.1351, 0.0364907, 139.214
3767, 62.78333, 70.9669, -18.9764, 43.1828, -72.5465, 46.6356, 31.5797, 0.0468112, 57.2024, 0.148281, -10.0469, 0.0363755, 139.437
3768, 62.79167, 70.7598, -18.9537, 43.3757, -72.544, 46.3781, 31.5954, 0.0466274, 57.3337, 0.148999, -9.95955, 0.0362608, 139.663
3768, 62.80000, 70.5526, -18.9305, 43.5688, -72.5419, 46.1205, 31.6115, 0.0464434, 57.4668, 0.149719, -9.87322, 0.0361464, 139.89
3769, 62.80833, 70.3452, -18.9067, 43.762, -72.5402, 45.8627, 31.628, 0.0462592, 57.6019, 0.150441, -9.78783, 0.0360325, 140.12
3769, 62.81667, 70.1376, -18.8825, 43.9554, -72.5388, 45.6048, 31.6451, 0.0460747, 57.7388, 0.151166, -9.70338, 0.035919, 140.352
3770, 62.82500, 69.9298, -18.8578, 44.149, -72.5378, 45.3467, 31.6626, 0.0458901, 57.8776, 0.151894, -9.61987, 0.035806, 140.586
3770, 62.83333, 69.7219, -18.8325, 44.3426, -72.5372, 45.0885, 31.6806, 0.0457053, 58.0184, 0.152623, -9.5373, 0.0356934, 140.823
3771, 62.84167, 69.5137, -18.8068, 44.5365, -72.5369, 44.8302, 31.6992, 0.0455204, 58.1611, 0.153356, -9.45563, 0.0355812, 141.061
3771, 62.85000, 69.3054, -18.7805, 44.7305, -72.537, 44.5717, 31.7182, 0.0453352, 58.3059, 0.15409, -9.37489, 0.0354696, 141.302
3772, 62.85833, 69.0969, -18.7536, 44.9246, -72.5374, 44.3132, 31.7378, 0.0451499, 58.4527, 0.154827, -9.29505, 0.0353585, 141.546
3772, 62.86667, 68.8883, -18.7262, 45.1189, -72.5381, 44.0544, 31.7579, 0.0449645, 58.6016, 0.155567, -9.2161, 0.0352478, 141.791
3773, 62.87500, 68.6794, -18.6983, 45.3133, -72.5392, 43.7955, 31.7786, 0.0447789, 58.7525, 0.156309, -9.13805, 0.0351377, 142.039
3773, 62.88333, 68.4704, -18.6698, 45.5079, -72.5407, 43.5365, 31.7998, 0.0445932, 58.9056, 0.157053, -9.06089, 0.0350281, 142.29
3774, 62.89167, 68.2612, -18.6408, 45.7027, -72.5425, 43.2773, 31.8216, 0.0444074, 59.0609, 0.1578, -8.9846, 0.0349191, 142.542
3774, 62.90000, 68.0519, -18.6112, 45.8976, -72.5446, 43.0181, 31.844, 0.0442214, 59.2184, 0.15855, -8.90919, 0.0348106, 142.797
3775, 62.90833, 67.8424, -18.5811, 46.0926, -72.5471, 42.7586, 31.8669, 0.0440354, 59.378, 0.159301, -8.83464, 0.0347027, 143.055
3775, 62.91667, 67.6326, -18.5503, 46.2878, -72.5499, 42.4991, 31.8905, 0.0438492, 59.54, 0.160056, -8.76095, 0.0345954, 143.315
3776, 62.92500, 67.4228, -18.519, 46.4832, -72.553, 42.2394, 31.9147, 0.043663, 59.7042, 0.160812, -8.68811, 0.0344887, 143.577
3776, 62.93333, 67.2128, -18.4871, 46.6787, -72.5564, 41.9795, 31.9395, 0.0434768, 59.8708, 0.161571, -8.61612, 0.0343826, 143.842
3777, 62.94167, 67.0026, -18.4546, 46.8744, -72.5602, 41.7196, 31.965, 0.0432904, 60.0397, 0.162333, -8.54495, 0.0342772, 144.109
3777, 62.95000, 66.7922, -18.4215, 47.0702, -72.5643, 41.4594, 31.9911, 0.043104, 60.2111, 0.163097, -8.47463, 0.0341724, 144.379
3778, 62.95833, 66.5817, -18.3878, 47.2662, -72.5687, 41.1992, 32.0179, 0.0429176, 60.3848, 0.163864, -8.40514, 0.0340683, 144.651
3778, 62.96667, 66.371, -18.3535, 47.4624, -72.5734, 40.9388, 32.0453, 0.0427311, 60.5611, 0.164633, -8.33645, 0.0339649, 144.926
3779, 62.97500, 66.1602, -18.3186, 47.6587, -72.5784, 40.6783, 32.0735, 0.0425447, 60.7398, 0.165404, -8.26859, 0.0338622, 145.204
3779, 62.98333, 65.9492, -18.2831, 47.8551, -72.5838, 40.4177, 32.1024, 0.0423582, 60.9211, 0.166178, -8.20154, 0.0337602, 145.484
3780, 62.99167, 65.7381, -18.2469, 48.0518, -72.5894, 40.1569, 32.132, 0.0421718, 61.105, 0.166955, -8.13528, 0.033659, 145.766
3780, 63.00000, 65.5268, -18.2101, 48.2485, -72.5954, 39.896, 32.1623, 0.0419854, 61.2916, 0.167734, -8.06982, 0.0335585, 146.051
3781, 63.00833, 65.3154, -18.1726, 48.4455, -72.6017, 39.6349, 32.1935, 0.041799, 61.4807, 0.168515, -8.00516, 0.0334587, 146.339
3781, 63.01667, 65.1037, -18.1345, 48.6426, -72.6083, 39.3737, 32.2253, 0.0416127, 61.6726, 0.169299, -7.94127, 0.0333598, 146.629
3782, 63.02500, 64.892, -18.0958, 48.8399, -72.6151, 39.1124, 32.258, 0.0414264, 61.8673, 0.170085, -7.87816, 0.0332617, 146.922
3782, 63.03333, 64.6801, -18.0564, 49.0373, -72.6223, 38.851, 32.2915, 0.0412402, 62.0647, 0.170874, -7.81583, 0.0331644, 147.218
3783, 63.04167, 64.4681, -18.0163, 49.2349, -72.6298, 38.5894, 32.3259, 0.0410541, 62.265, 0.171666, -7.75426, 0.0330679, 147.516
3783, 63.05000, 64.2559, -17.9755, 49.4326, -72.6376, 38.3277, 32.361, 0.0408682, 62.4681, 0.172459, -7.69346, 0.0329723, 147.817
3784, 63.05833, 64.0435, -17.934, 49.6305, -72.6456, 38.0658, 32.3971, 0.0406823, 62.6741, 0.173256, -7.63341, 0.0328775, 148.121
3784, 63.06667, 63.8311, -17.8919, 49.8286, -72.654, 37.8039, 32.434, 0.0404966, 62.8831, 0.174055, -7.57411, 0.0327837, 148.427
3785, 63.07500, 63.6184, -17.8491, 50.0269, -72.6626, 37.5418, 32.4719, 0.0403111, 63.0951, 0.174856, -7.51556, 0.0326908, 148.736
3785, 63.08333, 63.4057, -17.8055, 50.2253, -72.6715, 37.2796, 32.5106, 0.0401257, 63.3102, 0.17566, -7.45776, 0.0325988, 149.048
3786, 63.09167, 63.1928, -17.7612, 50.4239, -72.6808, 37.0172, 32.5504, 0.0399405, 63.5284, 0.176467, -7.40068, 0.0325077, 149.362
3786, 63.10000, 62.9798, -17.7162, 50.6226, -72.6903, 36.7547, 32.591, 0.0397555, 63.7497, 0.177276, -7.34433, 0.0324176, 149.68
3787, 63.10833, 62.7666, -17.6705, 50.8215, -72.7, 36.4921, 32.6327, 0.0395708, 63.9741, 0.178087, -7.28872, 0.0323286, 150
3787, 63.11667, 62.5533, -17.624, 51.0206, -72.7101, 36.2294, 32.6754, 0.0393863, 64.2019, 0.178901, -7.23381, 0.0322405, 150.322
3788, 63.12500, 62.3399, -17.5768, 51.2199, -72.7205, 35.9665, 32.7192, 0.039202, 64.4329, 0.179718, -7.17963, 0.0321535, 150.648
3788, 63.13333, 62.1264, -17.5289, 51.4193, -72.7311, 35.7035, 32.764, 0.0390181, 64.6672, 0.180537, -7.12616, 0.0320675, 150.976
3789, 63.14167, 61.9127, -17.4801, 51.6189, -72.742, 35.4404, 32.8099, 0.0388344, 64.905, 0.181359, -7.07339, 0.0319826, 151.307
3789, 63.15000, 61.6989, -17.4306, 51.8186, -72.7532, 35.1772, 32.857, 0.0386511, 65.1461, 0.182183, -7.02133, 0.0318988, 151.64
3790, 63.15833, 61.485, -17.3803, 52.0186, -72.7646, 34.9139, 32.9052, 0.0384681, 65.3908, 0.18301, -6.96996, 0.0318161, 151.977
3790, 63.16667, 61.2709, -17.3293, 52.2187, -72.7763, 34.6504, 32.9545, 0.0382854, 65.639, 0.183839, -6.91928, 0.0317345, 152.316
3791, 63.17500, 61.0568, -17.2774, 52.4189, -72.7883, 34.3868, 33.0051, 0.0381031, 65.8907, 0.184671, -6.86929, 0.0316541, 152.658
3791, 63.18333, 60.8425, -17.2247, 52.6194, -72.8006, 34.1231, 33.0569, 0.0379213, 66.1461, 0.185505, -6.81998, 0.0315748, 153.002
3792, 63.19167, 60.6281, -17.1712, 52.82, -72.8131, 33.8593, 33.1099, 0.0377398, 66.4053, 0.186343, -6.77135, 0.0314968, 153.35
3792, 63.20000, 60.4136, -17.1168, 53.0208, -72.8259, 33.5954, 33.1643, 0.0375588, 66.6681, 0.187182, -6.72339, 0.03142, 153.7
3793, 63.20833, 60.199, -17.0617, 53.2217, -72.839, 33.3313, 33.22, 0.0373783, 66.9348, 0.188024, -6.67611, 0.0313444, 154.053
3793, 63.21667, 59.9842, -17.0056, 53.4229, -72.8523, 33.0672, 33.2771, 0.0371983, 67.2053, 0.188869, -6.62948, 0.0312701, 154.409
3794, 63.22500, 59.7694, -16.9488, 53.6242, -72.8659, 32.8029, 33.3355, 0.0370188, 67.4797, 0.189717, -6.58352, 0.031197, 154.767
3794, 63.23333, 59.5545, -16.891, 53.8256, -72.8798, 32.5386, 33.3954, 0.0368398, 67.7581, 0.190566, -6.53822, 0.0311253, 155.128
3795, 63.24167, 59.3394, -16.8324, 54.0273, -72.8939, 32.2741, 33.4568, 0.0366614, 68.0405, 0.191419, -6.49356, 0.0310549, 155.492
3795, 63.25000, 59.1243, -16.7729, 54.2291, -72.9082, 32.0095, 33.5197, 0.0364836, 68.327, 0.192274, -6.44956, 0.0309859, 155.858
3796, 63.25833, 58.9091, -16.7125, 54.4312, -72.9229, 31.7448, 33.5841, 0.0363065, 68.6176, 0.193132, -6.4062, 0.0309182, 156.227
3796, 63.26667, 58.6937, -16.6511, 54.6334, -72.9378, 31.48, 33.6502, 0.0361299, 68.9124, 0.193993, -6.36348, 0.0308519, 156.599
3797, 63.27500, 58.4783, -16.5889, 54.8357, -72.9529, 31.2151, 33.7179, 0.0359541, 69.2114, 0.194856, -6.3214, 0.030787, 156.974
3797, 63.28333, 58.2628, -16.5257, 55.0383, -72.9683, 30.9501, 33.7872, 0.0357789, 69.5148, 0.195721, -6.27995, 0.0307236, 157.351
3798, 63.29167, 58.0472, -16.4616, 55.241, -72.984, 30.685, 33.8583, 0.0356045, 69.8225, 0.19659, -6.23912, 0.0306616, 157.731
3798, 63.30000, 57.8315, -16.3966, 55.4439, -72.9999, 30.4198, 33.9312, 0.0354308, 70.1347, 0.19746, -6.19893, 0.0306012, 158.113
3799, 63.30833, 57.6158, -16.3305, 55.647, -73.016, 30.1546, 34.0059, 0.035258, 70.4513, 0.198334, -6.15935, 0.0305422, 158.498
3799, 63.31667, 57.3999, -16.2635, 55.8503, -73.0324, 29.8892, 34.0825, 0.0350859, 70.7725, 0.19921, -6.12039, 0.0304847, 158.885
3800, 63.32500, 57.184, -16.1955, 56.0537, -73.0491, 29.6238, 34.161, 0.0349148, 71.0982, 0.200089, -6.08205, 0.0304289, 159.275
3800, 63.33333, 56.968, -16.1265, 56.2573, -73.066, 29.3582, 34.2415, 0.0347445, 71.4286, 0.200971, -6.04432, 0.0303745, 159.668
3801, 63.34167, 56.752, -16.0565, 56.4611, -73.0832, 29.0926, 34.3241, 0.0345751, 71.7637, 0.201855, -6.00719, 0.0303218, 160.063
3801, 63.35000, 56.5358, -15.9855, 56.6651, -73.1006, 28.8269, 34.4087, 0.0344067, 72.1036, 0.202742, -5.97067, 0.0302707, 160.461
3802, 63.35833, 56.3196, -15.9134, 56.8693, -73.1182, 28.5612, 34.4956, 0.0342393, 72.4483, 0.203631, -5.93474, 0.0302213, 160.86
3802, 63.36667, 56.1034, -15.8403, 57.0737, -73.1361, 28.2953, 34.5846, 0.0340728, 72.7979, 0.204523, -5.89941, 0.0301735, 161.263
3803, 63.37500, 55.8871, -15.7661, 57.2782, -73.1543, 28.0294, 34.676, 0.0339075, 73.1524, 0.205418, -5.86468, 0.0301274, 161.667
3803, 63.38333, 55.6707, -15.6908, 57.4829, -73.1727, 27.7635, 34.7697, 0.0337433, 73.512, 0.206316, -5.83054, 0.030083, 162.074
3804, 63.39167, 55.4542, -15.6145, 57.6878, -73.1913, 27.4974, 34.8659, 0.0335801, 73.8766, 0.207216, -5.79698, 0.0300404, 162.484
3804, 63.40000, 55.2378, -15.537, 57.8929, -73.2102, 27.2313, 34.9646, 0.0334182, 74.2462, 0.208119, -5.764, 0.0299995, 162.895
3805, 63.40833, 55.0212, -15.4584, 58.0982, -73.2293, 26.9652, 35.0658, 0.0332575, 74.6211, 0.209025, -5.73161, 0.0299603, 163.309
3805, 63.41667, 54.8046, -15.3787, 58.3037, -73.2486, 26.699, 35.1698, 0.033098, 75.0012, 0.209933, -5.69979, 0.029923, 163.725
3806, 63.42500, 54.588, -15.2978, 58.5094, -73.2682, 26.4327, 35.2765, 0.0329398, 75.3865, 0.210844, -5.66854, 0.0298875, 164.142
3806, 63.43333, 54.3714, -15.2158, 58.7152, -73.2881, 26.1664, 35.386, 0.0327829, 75.7772, 0.211758, -5.63787, 0.0298539, 164.562
3807, 63.44167, 54.1547, -15.1326, 58.9212, -73.3081, 25.9001, 35.4985, 0.0326274, 76.1732, 0.212675, -5.60776, 0.0298221, 164.985
3807, 63.45000, 53.938, -15.0482, 59.1275, -73.3284, 25.6338, 35.6141, 0.0324733, 76.5747, 0.213594, -5.57822, 0.0297922, 165.409
3808, 63.45833, 53.7213, -14.9626, 59.3339, -73.349, 25.3674, 35.7327, 0.0323207, 76.9816, 0.214516, -5.54924, 0.0297642, 165.835
3808, 63.46667, 53.5045, -14.8758, 59.5405, -73.3698, 25.101, 35.8546, 0.0321696, 77.3941, 0.215441, -5.52082, 0.0297381, 166.262
3809, 63.47500, 53.2877, -14.7877, 59.7473, -73.3908, 24.8346, 35.9798, 0.03202, 77.8121, 0.216369, -5.49295, 0.029714, 166.692
3809, 63.48333, 53.0709, -14.6984, 59.9542, -73.4121, 24.5681, 36.1085, 0.0318721, 78.2357, 0.217299, -5.46564, 0.0296919, 167.123
3810, 63.49167, 52.8541, -14.6078, 60.1614, -73.4336, 24.3017, 36.2408, 0.0317257, 78.665, 0.218232, -5.43887, 0.0296717, 167.557
3810, 63.50000, 52.6373, -14.5159, 60.3688, -73.4553, 24.0353, 36.3767, 0.0315811, 79.1, 0.219168, -5.41266, 0.0296536, 167.991
3811, 63.50833, 52.4205, -14.4227, 60.5763, -73.4772, 23.7688, 36.5165, 0.0314382, 79.5406, 0.220107, -5.38699, 0.0296375, 168.428
3811, 63.51667, 52.2036, -14.3282, 60.7841, -73.4994, 23.5024, 36.6602, 0.031297, 79.9871, 0.221048, -5.36186, 0.0296234, 168.866
3812, 63.52500, 51.9868, -14.2324, 60.9921, -73.5219, 23.236, 36.808, 0.0311577, 80.4393, 0.221992, -5.33727, 0.0296114, 169.305
3812, 63.53333, 51.77, -14.1352, 61.2002, -73.5445, 22.9697, 36.9601, 0.0310203, 80.8974, 0.222939, -5.31322, 0.0296015, 169.746
3813, 63.54167, 51.5532, -14.0366, 61.4085, -73.5674, 22.7034, 37.1165, 0.0308849, 81.3613, 0.223889, -5.2897, 0.0295937, 170.188
3813, 63.55000, 51.3365, -13.9366, 61.6171, -73.5906, 22.4371, 37.2775, 0.0307514, 81.8311, 0.224842, -5.26671, 0.029588, 170.631
3814, 63.55833, 51.1197, -13.8352, 61.8258, -73.6139, 22.1709, 37.4432, 0.0306199, 82.3068, 0.225797, -5.24425, 0.0295845, 171.076
3814, 63.56667, 50.903, -13.7324, 62.0347, -73.6375, 21.9048, 37.6139, 0.0304905, 82.7884, 0.226756, -5.22232, 0.0295831, 171.521
3815, 63.57500, 50.6863, -13.6281, 62.2438, -73.6613, 21.6387, 37.7896, 0.0303633, 83.2759, 0.227717, -5.20091, 0.0295839, 171.968
3815, 63.58333, 50.4696, -13.5224, 62.4531, -73.6854, 21.3728, 37.9705, 0.0302383, 83.7694, 0.228681, -5.18003, 0.0295869, 172.416
3816, 63.59167, 50.253, -13.4151, 62.6626, -73.7097, 21.1069, 38.157, 0.0301155, 84.2688, 0.229648, -5.15966, 0.0295921, 172.864
3816, 63.60000, 50.0365, -13.3064, 62.8723, -73.7342, 20.8411, 38.3491, 0.0299951, 84.7741, 0.230618, -5.13981, 0.0295995, 173.314
3817, 63.60833, 49.82, -13.1961, 63.0822, -73.7589, 20.5755, 38.5472, 0.029877, 85.2854, 0.23159, -5.12047, 0.0296092, 173.764
3817, 63.61667, 49.6035, -13.0843, 63.2923, -73.7839, 20.31, 38.7514, 0.0297613, 85.8027, 0.232566, -5.10165, 0.0296211, 174.215
3818, 63.62500, 49.3871, -12.9709, 63.5026, -73.8091, 20.0447, 38.962, 0.0296481, 86.3258, 0.233544, -5.08334, 0.0296353, 174.667
3818, 63.63333, 49.1708, -12.8559, 63.7131, -73.8345, 19.7795, 39.1792, 0.0295375, 86.8548, 0.234525, -5.06553, 0.0296518, 175.119
3819, 63.64167, 48.9545, -12.7392, 63.9238, -73.8601, 19.5145, 39.4034, 0.0294294, 87.3898, 0.235509, -5.04823, 0.0296706, 175.571
3819, 63.65000, 48.7384, -12.621, 64.1347, -73.886, 19.2497, 39.6348, 0.029324, 87.9306, 0.236496, -5.03144, 0.0296916, 176.024
3820, 63.65833, 48.5223, -12.5011, 64.3458, -73.9121, 18.9851, 39.8737, 0.0292213, 88.4772, 0.237486, -5.01514, 0.029715, 176.478
3820, 63.66667, 48.3063, -12.3794, 64.5571, -73.9385, 18.7208, 40.1204, 0.0291213, 89.0297, 0.238479, -4.99935, 0.0297408, 176.931
3821, 63.67500, 48.0904, -12.2561, 64.7686, -73.965, 18.4567, 40.3753, 0.0290242, 89.5879, 0.239474, -4.98405, 0.0297689, 177.385
3821, 63.68333, 47.8747, -12.1311, 64.9803, -73.9918, 18.1929, 40.6387, 0.02893, 90.1517, 0.240473, -4.96925, 0.0297993, 177.838
3822, 63.69167, 47.659, -12.0042, 65.1922, -74.0188, 17.9294, 40.911, 0.0288387, 90.7213, 0.241475, -4.95494, 0.0298321, 178.292
3822, 63.70000, 47.4434, -11.8757, 65.4043, -74.0461, 17.6662, 41.1926, 0.0287505, 91.2964, 0.242479, -4.94112, 0.0298673, 178.745
3823, 63.70833, 47.228, -11.7453, 65.6166, -74.0735, 17.4033, 41.4838, 0.0286653, 91.8769, 0.243486, -4.92779, 0.0299049, 179.199
3823, 63.71667, 47.0127, -11.613, 65.8292, -74.1012, 17.1408, 41.7853, 0.0285832, 92.4631, 0.244497, -4.91495, 0.0299448, 179.652
3824, 63.72500, 46.7975, -11.4789, 66.0419, -74.1291, 16.8787, 42.0973, 0.0285043, 93.0544, 0.24551, -4.9026, 0.0299872, -179.895
3824, 63.73333, 46.5825, -11.3429, 66.2548, -74.1573, 16.6171, 42.4205, 0.0284286, 93.6511, 0.246526, -4.89072, 0.030032, -179.443
3825, 63.74167, 46.3677, -11.205, 66.4679, -74.1856, 16.3559, 42.7553, 0.0283562, 94.253, 0.247546, -4.87933, 0.0300792, -178.991
3825, 63.75000, 46.153, -11.0652, 66.6812, -74.2142, 16.0952, 43.1023, 0.0282872, 94.8599, 0.248568, -4.86842, 0.0301288, -178.54
3826, 63.75833, 45.9384, -10.9234, 66.8948, -74.243, 15.835, 43.462, 0.0282216, 95.4718, 0.249593, -4.85799, 0.0301808, -178.089
3826, 63.76667, 45.7241, -10.7796, 67.1085, -74.2721, 15.5754, 43.8351, 0.0281595, 96.0886, 0.250622, -4.84804, 0.0302353, -177.64
3827, 63.77500, 45.5099, -10.6338, 67.3224, -74.3014, 15.3164, 44.2223, 0.0281009, 96.7101, 0.251653, -4.83856, 0.0302923, -177.191
3827, 63.78333, 45.2959, -10.4859, 67.5366, -74.3308, 15.0581, 44.6242, 0.0280459, 97.3361, 0.252687, -4.82955, 0.0303516, -176.743
3828, 63.79167, 45.0821, -10.3359, 67.7509, -74.3606, 14.8004, 45.0416, 0.0279945, 97.9667, 0.253724, -4.82101, 0.0304135, -176.295
3828, 63.80000, 44.8686, -10.1839, 67.9655, -74.3905, 14.5435, 45.4753, 0.0279469, 98.6016, 0.254765, -4.81295, 0.0304777, -175.849
3829, 63.80833, 44.6552, -10.0297, 68.1803, -74.4207, 14.2874, 45.9261, 0.0279029, 99.2406, 0.255808, -4.80535, 0.0305444, -175.405
3829, 63.81667, 44.4421, -9.87327, 68.3952, -74.4511, 14.0322, 46.395, 0.0278628, 99.8837, 0.256854, -4.79822, 0.0306136, -174.961
3830, 63.82500, 44.2292, -9.71468, 68.6104, -74.4817, 13.7779, 46.8827, 0.0278265, 100.531, 0.257904, -4.79155, 0.0306853, -174.519
3830, 63.83333, 44.0166, -9.55385, 68.8258, -74.5125, 13.5246, 47.3905, 0.0277942, 101.181, 0.258956, -4.78535, 0.0307594, -174.078
3831, 63.84167, 43.8042, -9.39073, 69.0414, -74.5436, 13.2723, 47.9193, 0.0277658, 101.835, 0.260012, -4.77961, 0.0308359, -173.638
3831, 63.85000, 43.5921, -9.22532, 69.2572, -74.5749, 13.0212, 48.4703, 0.0277414, 102.493, 0.26107, -4.77433, 0.030915, -173.2
3832, 63.85833, 43.3802, -9.05758, 69.4732, -74.6064, 12.7713, 49.0447, 0.027721, 103.153, 0.262132, -4.7695, 0.0309964, -172.763
3832, 63.86667, 43.1686, -8.88745, 69.6895, -74.6381, 12.5226, 49.6438, 0.0277047, 103.817, 0.263197, -4.76514, 0.0310804, -172.329
3833, 63.87500, 42.9574, -8.71493, 69.9059, -74.6701, 12.2754, 50.2689, 0.0276926, 104.483, 0.264265, -4.76123, 0.0311668, -171.895
3833, 63.88333, 42.7464, -8.53997, 70.1225, -74.7022, 12.0297, 50.9216, 0.0276847, 105.152, 0.265335, -4.75778, 0.0312556, -171.464
3834, 63.89167, 42.5357, -8.36252, 70.3394, -74.7346, 11.7856, 51.6034, 0.027681, 105.824, 0.26641, -4.75478, 0.0313469, -171.035
3834, 63.90000, 42.3254, -8.18257, 70.5564, -74.7673, 11.5432, 52.316, 0.0276815, 106.497, 0.267487, -4.75223, 0.0314407, -170.607
3835, 63.90833, 42.1155, -8.00007, 70.7737, -74.8001, 11.3027, 53.061, 0.0276864, 107.172, 0.268567, -4.75013, 0.0315369, -170.182
3835, 63.91667, 41.9058, -7.81496, 70.9912, -74.8332, 11.0642, 53.8405, 0.0276956, 107.849, 0.269651, -4.74849, 0.0316355, -169.758
3836, 63.92500, 41.6965, -7.62725, 71.2089, -74.8665, 10.8278, 54.6563, 0.0277091, 108.528, 0.270737, -4.74729, 0.0317366, -169.337
3836, 63.93333, 41.4877, -7.43688, 71.4268, -74.9001, 10.5938, 55.5105, 0.0277271, 109.207, 0.271827, -4.74653, 0.0318401, -168.917
3837, 63.94167, 41.2791, -7.24378, 71.6449, -74.9338, 10.3622, 56.4055, 0.0277495, 109.888, 0.27292, -4.74623, 0.031946, -168.5
3837, 63.95000, 41.071, -7.04796, 71.8632, -74.9678, 10.1333, 57.3434, 0.0277763, 110.57, 0.274016, -4.74636, 0.0320543, -168.086
3838, 63.95833, 40.8634, -6.84936, 72.0817, -75.002, 9.90733, 58.3268, 0.0278076, 111.252, 0.275115, -4.74694, 0.0321651, -167.673
3838, 63.96667, 40.6561, -6.64792, 72.3005, -75.0364, 9.68441, 59.3584, 0.0278435, 111.934, 0.276217, -4.74797, 0.0322783, -167.263
3839, 63.97500, 40.4493, -6.44363, 72.5194, -75.0711, 9.46485, 60.4406, 0.0278839, 112.617, 0.277323, -4.74943, 0.0323939, -166.856
3839, 63.98333, 40.2429, -6.23644, 72.7386, -75.106, 9.24891, 61.5764, 0.0279288, 113.299, 0.278431, -4.75133, 0.0325118, -166.45
3840, 63.99167, 40.037, -6.02627, 72.958, -75.1411, 9.03682, 62.7687, 0.0279783, 113.981, 0.279544, -4.75367, 0.0326322, -166.048
3840, 64.00000, 39.8316, -5.81314, 73.1776, -75.1764, 8.82894, 64.0203, 0.0280324, 114.663, 0.280659, -4.75645, 0.0327549, -165.648
3841, 64.00833, 39.6267, -5.59698, 73.3973, -75.212, 8.62558, 65.3344, 0.0280911, 115.343, 0.281777, -4.75967, 0.03288, -165.25
3841, 64.01667, 39.4222, -5.37771, 73.6174, -75.2478, 8.42706, 66.7142, 0.0281544, 116.023, 0.282899, -4.76332, 0.0330075, -164.856
3842, 64.02500, 39.2184, -5.15534, 73.8376, -75.2838, 8.23381, 68.1623, 0.0282224, 116.701, 0.284023, -4.76741, 0.0331373, -164.464
3842, 64.03333, 39.015, -4.92981, 74.058, -75.32, 8.0462, 69.682, 0.028295, 117.378, 0.285151, -4.77193, 0.0332694, -164.075
3843, 64.04166, 38.8122, -4.70103, 74.2787, -75.3565, 7.86465, 71.2761, 0.0283722, 118.053, 0.286283, -4.77688, 0.0334039, -163.688
3843, 64.05000, 38.6101, -4.46902, 74.4995, -75.3932, 7.68965, 72.9471, 0.028454, 118.726, 0.287417, -4.78226, 0.0335407, -163.304
3844, 64.05833, 38.4085, -4.2337, 74.7206, -75.4301, 7.52167, 74.6973, 0.0285405, 119.397, 0.288555, -4.78807, 0.0336798, -162.924
3844, 64.06667, 38.2075, -3.995, 74.9419, -75.4672, 7.3612, 76.5291, 0.0286316, 120.066, 0.289696, -4.79432, 0.0338212, -162.546
3845, 64.07500, 38.0071, -3.75293, 75.1634, -75.5046, 7.2088, 78.4432, 0.0287274, 120.732, 0.290841, -4.80099, 0.0339649, -162.171
3845, 64.08334, 37.8074, -3.5074, 75.3851, -75.5422, 7.065, 80.4408, 0.0288278, 121.395, 0.291988, -4.80809, 0.0341109, -161.799
3846, 64.09167, 37.6084, -3.25835, 75.607, -75.58, 6.93037, 82.5221, 0.0289328, 122.055, 0.293139, -4.81562, 0.0342592, -161.43
3846, 64.10000, 37.41, -3.00577, 75.8292, -75.6181, 6.8055, 84.6857, 0.0290425, 122.712, 0.294294, -4.82357, 0.0344097, -161.064
3847, 64.10833, 37.2124, -2.7496, 76.0515, -75.6564, 6.69095, 86.93, 0.0291567, 123.365, 0.295451, -4.83195, 0.0345624, -160.701
3847, 64.11667, 37.0154, -2.48975, 76.2741, -75.6949, 6.58729, 89.252, 0.0292756, 124.016, 0.296612, -4.84075, 0.0347174, -160.341
3848, 64.12500, 36.8193, -2.22622, 76.4969, -75.7336, 6.49509, 91.6468, 0.029399, 124.662, 0.297776, -4.84998, 0.0348746, -159.984
3848, 64.13333, 36.6239, -1.95895, 76.7198, -75.7726, 6.41487, 94.109, 0.0295271, 125.304, 0.298944, -4.85963, 0.035034, -159.63
3849, 64.14167, 36.4292, -1.68784, 76.9431, -75.8118, 6.3471, 96.6319, 0.0296596, 125.943, 0.300115, -4.8697, 0.0351956, -159.279
3849, 64.15000, 36.2355, -1.41291, 77.1665, -75.8512, 6.29225, 99.2065, 0.0297967, 126.577, 0.301289, -4.88019, 0.0353594, -158.932
3850, 64.15833, 36.0425, -1.13407, 77.3901, -75.8909, 6.25067, 101.824, 0.0299383, 127.206, 0.302467, -4.8911, 0.0355253, -158.587
3850, 64.16666, 35.8503, -0.851233, 77.6139, -75.9308, 6.22266, 104.473, 0.0300844, 127.832, 0.303648, -4.90244, 0.0356934, -158.246
3851, 64.17500, 35.6591, -0.56442, 77.838, -75.9709, 6.20846, 107.142, 0.030235, 128.452, 0.304832, -4.91419, 0.0358637, -157.908
3851, 64.18333, 35.4688, -0.273542, 78.0622, -76.0113, 6.20817, 109.82, 0.03039, 129.068, 0.30602, -4.92636, 0.0360361, -157.573
3852, 64.19167, 35.2794, 0.021492, 78.2867, -76.0519, 6.22185, 112.494, 0.0305495, 129.679, 0.307211, -4.93895, 0.0362106, -157.242
3852, 64.20000, 35.0909, 0.320664, 78.5114, -76.0927, 6.24942, 115.152, 0.0307133, 130.285, 0.308405, -4.95196, 0.0363872, -156.913
3853, 64.20834, 34.9034, 0.624062, 78.7362, -76.1337, 6.29076, 117.783, 0.0308815, 130.885, 0.309603, -4.96538, 0.0365658, -156.588
3853, 64.21667, 34.7169, 0.931779, 78.9614, -76.175, 6.34561, 120.376, 0.0310541, 131.481, 0.310805, -4.97923, 0.0367466, -156.266
3854, 64.22500, 34.5315, 1.24379, 79.1867, -76.2165, 6.41367, 122.92, 0.0312309, 132.071, 0.312009, -4.99348, 0.0369294, -155.947
3854, 64.23333, 34.3471, 1.5602, 79.4122, -76.2583, 6.49456, 125.406, 0.0314121, 132.655, 0.313217, -5.00815, 0.0371143, -155.632
3855, 64.24167, 34.1638, 1.88108, 79.6379, -76.3003, 6.58784, 127.828, 0.0315975, 133.235, 0.314429, -5.02324, 0.0373012, -155.32
3855, 64.25000, 33.9816, 2.20643, 79.8639, -76.3425, 6.69301, 130.179, 0.0317871, 133.808, 0.315644, -5.03874, 0.0374902, -155.011
3856, 64.25833, 33.8005, 2.53632, 80.09, -76.3849, 6.80956, 132.453, 0.0319809, 134.376, 0.316862, -5.05465, 0.0376811, -154.705
3856, 64.26667, 33.6206, 2.87086, 80.3164, -76.4276, 6.93696, 134.649, 0.0321789, 134.938, 0.318085, -5.07098, 0.037874, -154.402
3857, 64.27500, 33.4419, 3.21002, 80.543, -76.4705, 7.07464, 136.761, 0.032381, 135.495, 0.31931, -5.08771, 0.0380689, -154.103
3857, 64.28333, 33.2645, 3.55389, 80.7697, -76.5137, 7.22204, 138.79, 0.0325871, 136.046, 0.320539, -5.10486, 0.0382658, -153.807
3858, 64.29166, 33.0883, 3.90256, 80.9967, -76.5571, 7.37863, 140.736, 0.0327974, 136.59, 0.321771, -5.12243, 0.0384646, -153.514
3858, 64.30000, 32.9134, 4.25601, 81.2239, -76.6007, 7.54384, 142.598, 0.0330116, 137.129, 0.323007, -5.1404, 0.0386654, -153.225
3859, 64.30833, 32.7398, 4.61433, 81.4513, -76.6446, 7.71715, 144.378, 0.0332299, 137.662, 0.324246, -5.15878, 0.0388681, -152.938
3859, 64.31667, 32.5676, 4.97761, 81.679, -76.6887, 7.89808, 146.078, 0.0334521, 138.189, 0.325489, -5.17758, 0.0390727, -152.655
3860, 64.32500, 32.3967, 5.34581, 81.9068, -76.733, 8.08611, 147.7, 0.0336782, 138.71, 0.326736, -5.19678, 0.0392791, -152.375
3860, 64.33334, 32.2273, 5.71903, 82.1348, -76.7776, 8.2808, 149.245, 0.0339082, 139.225, 0.327986, -5.21639, 0.0394875, -152.099
3861, 64.34167, 32.0593, 6.09736, 82.3631, -76.8224, 8.48174, 150.719, 0.034142, 139.734, 0.329239, -5.23642, 0.0396978, -151.825
3861, 64.35000, 31.8929, 6.48077, 82.5915, -76.8675, 8.68848, 152.122, 0.0343796, 140.237, 0.330496, -5.25685, 0.0399098, -151.555
3862, 64.35833, 31.728, 6.86933, 82.8201, -76.9128, 8.90065, 153.457, 0.0346211, 140.733, 0.331756, -5.27769, 0.0401237, -151.288
3862, 64.36667, 31.5646, 7.26315, 83.049, -76.9583, 9.11794, 154.73, 0.0348662, 141.224, 0.333021, -5.29894, 0.0403395, -151.024
3863, 64.37500, 31.4028, 7.66217, 83.278, -77.0041, 9.33995, 155.941, 0.0351151, 141.709, 0.334288, -5.32059, 0.040557, -150.763
3863, 64.38333, 31.2427, 8.06649, 83.5073, -77.0501, 9.56641, 157.094, 0.0353676, 142.188, 0.335559, -5.34265, 0.0407764, -150.506
3864, 64.39167, 31.0843, 8.47618, 83.7368, -77.0963, 9.79705, 158.192, 0.0356238, 142.661, 0.336834, -5.36513, 0.0409975, -150.251
3864, 64.40000, 30.9276, 8.8912, 83.9664, -77.1428, 10.0316, 159.239, 0.0358836, 143.127, 0.338112, -5.388, 0.0412204, -150
3865, 64.40833, 30.7726, 9.31163, 84.1963, -77.1896, 10.2697, 160.235, 0.0361469, 143.588, 0.339394, -5.41129, 0.0414451, -149.752
3865, 64.41666, 30.6194, 9.73756, 84.4264, -77.2365, 10.5113, 161.186, 0.0364138, 144.043, 0.34068, -5.43498, 0.0416715, -149.507
3866, 64.42500, 30.4681, 10.1689, 84.6566, -77.2838, 10.7561, 162.092, 0.0366841, 144.492, 0.341969, -5.45908, 0.0418996, -149.265
3866, 64.43333, 30.3187, 10.6058, 84.8871, -77.3312, 11.004, 162.956, 0.0369579, 144.935, 0.343261, -5.48358, 0.0421294, -149.026
3867, 64.44167, 30.1712, 11.0482, 85.1178, -77.3789, 11.2546, 163.78, 0.0372352, 145.372, 0.344558, -5.50849, 0.042361, -148.79
3867, 64.45000, 30.0256, 11.4962, 85.3487, -77.4269, 11.508, 164.567, 0.0375158, 145.803, 0.345858, -5.53381, 0.0425942, -148.558
3868, 64.45834, 29.8821, 11.9498, 85.5797, -77.4751, 11.7638, 165.319, 0.0377998, 146.229, 0.347161, -5.55953, 0.042829, -148.328
3868, 64.46667, 29.7406, 12.409, 85.811, -77.5235, 12.0221, 166.037, 0.0380872, 146.649, 0.348469, -5.58566, 0.0430656, -148.101
3869, 64.47500, 29.6012, 12.8738, 86.0425, -77.5722, 12.2825, 166.723, 0.0383778, 147.063, 0.349779, -5.61219, 0.0433038, -147.878
3869, 64.48333, 29.4639, 13.3442, 86.2741, -77.6212, 12.5451, 167.38, 0.0386716, 147.471, 0.351094, -5.63912, 0.0435436, -147.657
3870, 64.49167, 29.3289, 13.8204, 86.506, -77.6704, 12.8098, 168.008, 0.0389688, 147.874, 0.352412, -5.66647, 0.0437851, -147.44
3870, 64.50000, 29.196, 14.3021, 86.7381, -77.7198, 13.0763, 168.609, 0.0392691, 148.271, 0.353734, -5.69422, 0.0440281, -147.225
3871, 64.50833, 29.0655, 14.7895, 86.9703, -77.7695, 13.3446, 169.185, 0.0395726, 148.663, 0.355059, -5.72237, 0.0442727, -147.013
3871, 64.51667, 28.9372, 15.2827, 87.2028, -77.8194, 13.6146, 169.736, 0.0398792, 149.049, 0.356389, -5.75093, 0.044519, -146.804
3872, 64.52500, 28.8114, 15.7814, 87.4354, -77.8696, 13.8863, 170.265, 0.040189, 149.43, 0.357721, -5.77989, 0.0447667, -146.599
3872, 64.53333, 28.688, 16.2858, 87.6682, -77.92, 14.1595, 170.772, 0.0405018, 149.805, 0.359058, -5.80925, 0.0450161, -146.396
3873, 64.54166, 28.567, 16.7959, 87.9012, -77.9707, 14.4343, 171.258, 0.0408177, 150.176, 0.360398, -5.83903, 0.045267, -146.196
3873, 64.55000, 28.4485, 17.3116, 88.1344, -78.0216, 14.7104, 171.725, 0.0411366, 150.54, 0.361742, -5.8692, 0.0455193, -145.998
3874, 64.55833, 28.3326, 17.8328, 88.3678, -78.0728, 14.9878, 172.173, 0.0414585, 150.9, 0.36309, -5.89979, 0.0457732, -145.804
3874, 64.56667, 28.2193, 18.3597, 88.6014, -78.1242, 15.2666, 172.604, 0.0417834, 151.254, 0.364441, -5.93077, 0.0460287, -145.612
3875, 64.57500, 28.1087, 18.8921, 88.8352, -78.1759, 15.5466, 173.017, 0.0421112, 151.604, 0.365796, -5.96216, 0.0462856, -145.424
3875, 64.58334, 28.0008, 19.4299, 89.0691, -78.2279, 15.8277, 173.415, 0.0424419, 151.948, 0.367155, -5.99396, 0.0465439, -145.238
3876, 64.59167, 27.8956, 19.9733, 89.3033, -78.2801, 16.1101, 173.797, 0.0427756, 152.287, 0.368517, -6.02616, 0.0468038, -145.055
3876, 64.60000, 27.7932, 20.5221, 89.5376, -78.3325, 16.3935, 174.165, 0.0431121, 152.622, 0.369884, -6.05877, 0.047065, -144.874
3877, 64.60833, 27.6937, 21.0762, 89.7721, -78.3852, 16.6779, 174.519, 0.0434514, 152.951, 0.371254, -6.09178, 0.0473278, -144.696
3877, 64.61667, 27.5971, 21.6357, 90.0068, -78.4382, 16.9634, 174.859, 0.0437935, 153.276, 0.372627, -6.12519, 0.0475919, -144.521
3878, 64.62500, 27.5035, 22.2004, 90.2417, -78.4914, 17.2498, 175.187, 0.0441385, 153.596, 0.374005, -6.15901, 0.0478575, -144.349
3878, 64.63333, 27.4128, 22.7702, 90.4767, -78.5449, 17.5371, 175.503, 0.0444862, 153.911, 0.375386, -6.19324, 0.0481244, -144.18
3879, 64.64167, 27.3252, 23.3452, 90.712, -78.5986, 17.8254, 175.807, 0.0448366, 154.221, 0.376771, -6.22787, 0.0483928, -144.013
3879, 64.65000, 27.2407, 23.9251, 90.9473, -78.6526, 18.1145, 176.101, 0.0451898, 154.527, 0.37816, -6.26291, 0.0486625, -143.848
3880, 64.65833, 27.1593, 24.5099, 91.1829, -78.7068, 18.4045, 176.383, 0.0455456, 154.829, 0.379553, -6.29835, 0.0489335, -143.687
3880, 64.66666, 27.0811, 25.0997, 91.4187, -78.7613, 18.6953, 176.656, 0.0459042, 155.126, 0.380949, -6.3342, 0.049206, -143.528
3881, 64.67500, 27.0062, 25.694, 91.6546, -78.8161, 18.9868, 176.919, 0.0462654, 155.418, 0.382349, -6.37045, 0.0494797, -143.371
3881, 64.68333, 26.9346, 26.293, 91.8907, -78.8711, 19.2791, 177.173, 0.0466292, 155.706, 0.383753, -6.40711, 0.0497548, -143.217
3882, 64.69167, 26.8662, 26.8966, 92.127, -78.9264, 19.5722, 177.417, 0.0469957, 155.99, 0.385161, -6.44418, 0.0500312, -143.066
3882, 64.70000, 26.8013, 27.5045, 92.3634, -78.9819, 19.866, 177.654, 0.0473647, 156.27, 0.386573, -6.48165, 0.0503089, -142.917
3883, 64.70834, 26.7398, 28.1166, 92.6, -79.0377, 20.1604, 177.882, 0.0477364, 156.545, 0.387988, -6.51953, 0.0505879, -142.771
3883, 64.71667, 26.6817, 28.7329, 92.8368, -79.0938, 20.4556, 178.102, 0.0481106, 156.816, 0.389407, -6.55782, 0.0508682, -142.627
3884, 64.72500, 26.6272, 29.3532, 93.0737, -79.1501, 20.7514, 178.314, 0.0484873, 157.084, 0.39083, -6.59651, 0.0511497, -142.486
3884, 64.73333, 26.5762, 29.9772, 93.3108, -79.2067, 21.0478, 178.52, 0.0488665, 157.347, 0.392257, -6.63561, 0.0514325, -142.347
3885, 64.74167, 26.5288, 30.605, 93.5481, -79.2636, 21.3449, 178.718, 0.0492483, 157.606, 0.393688, -6.67513, 0.0517165, -142.211
3885, 64.75000, 26.485, 31.2363, 93.7855, -79.3207, 21.6425, 178.91, 0.0496325, 157.861, 0.395122, -6.71504, 0.0520018, -142.077
3886, 64.75833, 26.4449, 31.8709, 94.0231, -79.3781, 21.9408, 179.095, 0.0500192, 158.113, 0.396561, -6.75536, 0.0522882, -141.945
3886, 64.76667, 26.4085, 32.5088, 94.2608, -79.4358, 22.2396, 179.274, 0.0504084, 158.36, 0.398003, -6.7961, 0.0525759, -141.816
3887, 64.77500, 26.3759, 33.1496, 94.4987, -79.4937, 22.539, 179.447, 0.0507999, 158.604, 0.399449, -6.83724, 0.0528648, -141.689
3887, 64.78333, 26.347, 33.7933, 94.7367, -79.5519, 22.8389, 179.614, 0.0511939, 158.844, 0.400899, -6.87879, 0.0531548, -141.565
3888, 64.79166, 26.322, 34.4397, 94.9749, -79.6104, 23.1394, 179.775, 0.0515904, 159.081, 0.402352, -6.92075, 0.0534461, -141.443
3888, 64.80000, 26.3008, 35.0884, 95.2133, -79.6691, 23.4404, 179.932, 0.0519892, 159.314, 0.40381, -6.96312, 0.0537385, -141.323
3889, 64.80833, 26.2835, 35.7395, 95.4518, -79.7281, 23.7419, -179.917, 0.0523903, 159.543, 0.405271, -7.0059, 0.054032, -141.206
3889, 64.81667, 26.2701, 36.3927, 95.6904, -79.7874, 24.0439, -179.771, 0.0527939, 159.769, 0.406737, -7.04909, 0.0543267, -141.09
3890, 64.82500, 26.2607, 37.0477, 95.9292, -79.8469, 24.3463, -179.63, 0.0531998, 159.991, 0.408206, -7.09269, 0.0546224, -140.978
3890, 64.83334, 26.2552, 37.7043, 96.1681, -79.9067, 24.6493, -179.494, 0.053608, 160.21, 0.409679, -7.1367, 0.0549193, -140.867
3891, 64.84167, 26.2537, 38.3625, 96.4072, -79.9668, 24.9527, -179.362, 0.0540185, 160.426, 0.411156, -7.18112, 0.0552174, -140.759
3891, 64.85000, 26.2562, 39.0219, 96.6464, -80.0272, 25.2566, -179.235, 0.0544314, 160.638, 0.412637, -7.22596, 0.0555164, -140.652
3892, 64.85833, 26.2628, 39.6823, 96.8857, -80.0878, 25.5609, -179.111, 0.0548465, 160.847, 0.414121, -7.2712, 0.0558166, -140.548
3892, 64.86667, 26.2734, 40.3435, 97.1252, -80.1487, 25.8657, -178.992, 0.055264, 161.053, 0.41561, -7.31686, 0.0561178, -140.447
3893, 64.87500, 26.2881, 41.0053, 97.3648, -80.2099, 26.1709, -178.877, 0.0556836, 161.256, 0.417102, -7.36293, 0.0564201, -140.347
3893, 64.88333, 26.3069, 41.6675, 97.6045, -80.2714, 26.4765, -178.766, 0.0561056, 161.455, 0.418599, -7.40941, 0.0567234, -140.25
3894, 64.89167, 26.3298, 42.3299, 97.8444, -80.3331, 26.7825, -178.658, 0.0565298, 161.652, 0.420099, -7.45632, 0.0570278, -140.154
3894, 64.90000, 26.3569, 42.9922, 98.0844, -80.3951, 27.089, -178.554, 0.0569562, 161.845, 0.421603, -7.50363, 0.0573331, -140.061
3895, 64.90833, 26.3881, 43.6542, 98.3245, -80.4574, 27.3958, -178.454, 0.0573849, 162.036, 0.423111, -7.55135, 0.0576395, -139.97
3895, 64.91666, 26.4234, 44.3158, 98.5647, -80.52, 27.703, -178.357, 0.0578158, 162.223, 0.424623, -7.5995, 0.0579469, -139.881
3896, 64.92500, 26.4629, 44.9766, 98.8051, -80.5828, 28.0106, -178.263, 0.0582489, 162.408, 0.426139, -7.64805, 0.0582552, -139.794
3896, 64.93333, 26.5065, 45.6364, 99.0455, -80.6459, 28.3186, -178.172, 0.0586842, 162.589, 0.427658, -7.69702, 0.0585645, -139.709
3897, 64.94167, 26.5543, 46.2952, 99.2861, -80.7093, 28.627, -178.085, 0.0591217, 162.768, 0.429182, -7.74642, 0.0588749, -139.627
3897, 64.95000, 26.6063, 46.9525, 99.5268, -80.773, 28.9357, -178.001, 0.0595613, 162.944, 0.43071, -7.79622, 0.0591861, -139.546
3898, 64.95834, 26.6625, 47.6083, 99.7676, -80.837, 29.2448, -177.919, 0.0600031, 163.118, 0.432241, -7.84644, 0.0594982, -139.467
3898, 64.96667, 26.7228, 48.2623, 100.009, -80.9013, 29.5542, -177.84, 0.0604471, 163.288, 0.433776, -7.89708, 0.0598113, -139.391
3899, 64.97500, 26.7873, 48.9143, 100.25, -80.9658, 29.864, -177.765, 0.0608932, 163.456, 0.435315, -7.94814, 0.0601253, -139.316
3899, 64.98333, 26.8559, 49.564, 100.491, -81.0306, 30.1741, -177.691, 0.0613415, 163.622, 0.436859, -7.99962, 0.0604402, -139.243
3900, 64.99167, 26.9287, 50.2115, 100.732, -81.0957, 30.4846, -177.621, 0.0617919, 163.785, 0.438406, -8.05152, 0.060756, -139.172
3900, 65.00000, 27.0056, 50.8562, 100.973, -81.1611, 30.7953, -177.553, 0.0622444, 163.945, 0.439956, -8.10383, 0.0610727, -139.104
3901, 65.00833, 27.0867, 51.4982, 101.215, -81.2268, 31.1064, -177.488, 0.0626991, 164.102, 0.441511, -8.15657, 0.0613902, -139.037
3901, 65.01667, 27.1719, 52.1373, 101.456, -81.2927, 31.4178, -177.425, 0.0631559, 164.258, 0.44307, -8.20973, 0.0617086, -138.972
3902, 65.02500, 27.2612, 52.7731, 101.698, -81.359, 31.7296, -177.364, 0.0636147, 164.41, 0.444633, -8.26331, 0.0620278, -138.909
3902, 65.03333, 27.3546, 53.4056, 101.939, -81.4255, 32.0416, -177.306, 0.0640757, 164.561, 0.446199, -8.3173, 0.0623478, -138.848
3903, 65.04166, 27.4522, 54.0347, 102.181, -81.4923, 32.354, -177.249, 0.0645388, 164.709, 0.44777, -8.37173, 0.0626687, -138.788
3903, 65.05000, 27.5537, 54.66, 102.423, -81.5594, 32.6666, -177.195, 0.0650039, 164.854, 0.449344, -8.42658, 0.0629903, -138.731
3904, 65.05833, 27.6593, 55.2815, 102.665, -81.6268, 32.9795, -177.144, 0.0654711, 164.997, 0.450922, -8.48184, 0.0633128, -138.676
3904, 65.06667, 27.769, 55.8991, 102.907, -81.6945, 33.2927, -177.094, 0.0659405, 165.138, 0.452504, -8.53754, 0.063636, -138.622
3905, 65.07500, 27.8826, 56.5124, 103.149, -81.7625, 33.6062, -177.046, 0.0664118, 165.277, 0.45409, -8.59366, 0.06396, -138.57
3905, 65.08334, 28.0003, 57.1215, 103.391, -81.8308, 33.92, -177.001, 0.0668852, 165.414, 0.45568, -8.6502, 0.0642847, -138.52
3906, 65.09167, 28.1219, 57.7263, 103.633, -81.8994, 34.234, -176.957, 0.0673607, 165.548, 0.457274, -8.70718, 0.0646103, -138.472
3906, 65.10000, 28.2474, 58.3264, 103.875, -81.9682, 34.5483, -176.915, 0.0678382, 165.68, 0.458871, -8.76457, 0.0649365, -138.426
3907, 65.10833, 28.3769, 58.9218, 104.118, -82.0374, 34.8629, -176.875, 0.0683178, 165.81, 0.460473, -8.82239, 0.0652634, -138.381
3907, 65.11667, 28.5102, 59.5126, 104.36, -82.1068, 35.1778, -176.837, 0.0687994, 165.938, 0.462078, -8.88065, 0.065591, -138.338
3908, 65.12500, 28.6474, 60.0983, 104.602, -82.1766, 35.4928, -176.8, 0.0692831, 166.064, 0.463687, -8.93932, 0.0659193, -138.297
3908, 65.13333, 28.7884, 60.6791, 104.845, -82.2466, 35.8082, -176.766, 0.0697687, 166.187, 0.465301, -8.99843, 0.0662483, -138.258
3909, 65.14167, 28.9332, 61.2548, 105.087, -82.3169, 36.1238, -176.733, 0.0702565, 166.309, 0.466918, -9.05797, 0.066578, -138.22
3909, 65.15000, 29.0818, 61.8253, 105.33, -82.3876, 36.4396, -176.701, 0.0707462, 166.429, 0.468538, -9.11794, 0.0669083, -138.185
3910, 65.15833, 29.2342, 62.3904, 105.572, -82.4585, 36.7556, -176.671, 0.0712379, 166.547, 0.470163, -9.17833, 0.0672392, -138.151
3910, 65.16666, 29.3902, 62.9503, 105.815, -82.5297, 37.072, -176.643, 0.0717317, 166.662, 0.471792, -9.23917, 0.0675708, -138.118
3911, 65.17500, 29.5499, 63.5046, 106.058, -82.6013, 37.3885, -176.617, 0.0722274, 166.776, 0.473424, -9.30043, 0.0679029, -138.088
3911, 65.18333, 29.7133, 64.0535, 106.3, -82.6731, 37.7052, -176.591, 0.0727252, 166.888, 0.47506, -9.36212, 0.0682357, -138.059
3912, 65.19167, 29.8803, 64.5968, 106.543, -82.7452, 38.0222, -176.568, 0.073225, 166.999, 0.476701, -9.42426, 0.0685691, -138.031
3912, 65.20000, 30.0508, 65.1345, 106.786, -82.8176, 38.3394, -176.546, 0.0737267, 167.107, 0.478344, -9.48682, 0.068903, -138.006
3913, 65.20834, 30.2249, 65.6665, 107.028, -82.8904, 38.6567, -176.525, 0.0742305, 167.213, 0.479992, -9.54981, 0.0692374, -137.982
3913, 65.21667, 30.4026, 66.1928, 107.271, -82.9634, 38.9744, -176.505, 0.0747363, 167.318, 0.481644, -9.61325, 0.0695725, -137.959
3914, 65.22500, 30.5836, 66.7133, 107.514, -83.0367, 39.2921, -176.487, 0.075244, 167.421, 0.483299, -9.67712, 0.069908, -137.939
3914, 65.23333, 30.7682, 67.228, 107.756, -83.1104, 39.6101, -176.471, 0.0757537, 167.522, 0.484958, -9.74142, 0.070244, -137.92
3915, 65.24167, 30.9561, 67.7369, 107.999, -83.1843, 39.9283, -176.455, 0.0762654, 167.622, 0.486621, -9.80617, 0.0705806, -137.902
3915, 65.25000, 31.1475, 68.2399, 108.242, -83.2586, 40.2467, -176.441, 0.0767791, 167.719, 0.488288, -9.87134, 0.0709176, -137.886
3916, 65.25833, 31.3421, 68.7371, 108.485, -83.3331, 40.5653, -176.428, 0.0772947, 167.816, 0.489959, -9.93696, 0.0712551, -137.872
3916, 65.26667, 31.5401, 69.2284, 108.727, -83.408, 40.884, -176.417, 0.0778124, 167.91, 0.491633, -10.003, 0.0715931, -137.86
3917, 65.27500, 31.7413, 69.7138, 108.97, -83.4831, 41.2029, -176.407, 0.078332, 168.003, 0.493311, -10.0695, 0.0719314, -137.849
3917, 65.28333, 31.9458, 70.1933, 109.212, -83.5586, 41.522, -176.397, 0.0788535, 168.094, 0.494993, -10.1365, 0.0722702, -137.839
3918, 65.29166, 32.1535, 70.6669, 109.455, -83.6344, 41.8413, -176.389, 0.0793771, 168.183, 0.496679, -10.2038, 0.0726095, -137.831
3918, 65.30000, 32.3643, 71.1345, 109.698, -83.7104, 42.1607, -176.383, 0.0799026, 168.271, 0.498368, -10.2717, 0.0729491, -137.825
3919, 65.30833, 32.5783, 71.5963, 109.94, -83.7868, 42.4802, -176.377, 0.08043, 168.358, 0.500061, -10.3399, 0.0732891, -137.82
3919, 65.31667, 32.7954, 72.0522, 110.183, -83.8635, 42.8, -176.372, 0.0809595, 168.443, 0.501758, -10.4086, 0.0736294, -137.817
3920, 65.32500, 33.0155, 72.5022, 110.425, -83.9405, 43.1199, -176.369, 0.0814908, 168.526, 0.503458, -10.4778, 0.0739701, -137.815
3920, 65.33334, 33.2387, 72.9463, 110.667, -84.0179, 43.4399, -176.366, 0.0820242, 168.608, 0.505162, -10.5474, 0.0743112, -137.815
3921, 65.34167, 33.4649, 73.3847, 110.91, -84.0955, 43.76, -176.365, 0.0825595, 168.688, 0.50687, -10.6174, 0.0746525, -137.817
3921, 65.35000, 33.694, 73.8171, 111.152, -84.1734, 44.0803, -176.365, 0.0830967, 168.767, 0.508582, -10.6879, 0.0749942, -137.819
3922, 65.35833, 33.926, 74.2438, 111.394, -84.2517, 44.4007, -176.365, 0.0836359, 168.845, 0.510297, -10.7589, 0.0753361, -137.824
3922, 65.36667, 34.161, 74.6648, 111.636, -84.3303, 44.7213, -176.367, 0.084177, 168.921, 0.512016, -10.8303, 0.0756783, -137.83
3923, 65.37500, 34.3988, 75.0799, 111.878, -84.4091, 45.042, -176.37, 0.0847201, 168.996, 0.513738, -10.9021, 0.0760207, -137.837
3923, 65.38333, 34.6394, 75.4894, 112.12, -84.4883, 45.3628, -176.373, 0.0852651, 169.069, 0.515464, -10.9744, 0.0763634, -137.846
3924, 65.39167, 34.8829, 75.8932, 112.362, -84.5678, 45.6837, -176.378, 0.0858121, 169.141, 0.517194, -11.0471, 0.0767063, -137.856
3924, 65.40000, 35.1291, 76.2913, 112.604, -84.6476, 46.0047, -176.383, 0.086361, 169.211, 0.518927, -11.1203, 0.0770494, -137.868
3925, 65.40833, 35.3781, 76.6839, 112.846, -84.7278, 46.3258, -176.39, 0.0869118, 169.28, 0.520664, -11.1939, 0.0773927, -137.881
3925, 65.41666, 35.6297, 77.0709, 113.087, -84.8082, 46.647, -176.397, 0.0874647, 169.348, 0.522404, -11.268, 0.0777362, -137.896
3926, 65.42500, 35.8841, 77.4523, 113.329, -84.889, 46.9683, -176.405, 0.0880194, 169.415, 0.524148, -11.3426, 0.0780798, -137.912
3926, 65.43333, 36.141, 77.8283, 113.57, -84.9701, 47.2897, -176.414, 0.088576, 169.48, 0.525896, -11.4175, 0.0784235, -137.93
3927, 65.44167, 36.4006, 78.1989, 113.811, -85.0515, 47.6112, -176.424, 0.0891347, 169.544, 0.527647, -11.493, 0.0787673, -137.949
3927, 65.45000, 36.6628, 78.5641, 114.052, -85.1332, 47.9328, -176.435, 0.0896952, 169.607, 0.529401, -11.5689, 0.0791112, -137.969
3928, 65.45834, 36.9275, 78.9239, 114.293, -85.2152, 48.2544, -176.447, 0.0902577, 169.668, 0.531159, -11.6452, 0.0794552, -137.991
3928, 65.46667, 37.1948, 79.2785, 114.534, -85.2976, 48.5761, -176.459, 0.0908221, 169.728, 0.532921, -11.7221, 0.0797993, -138.014
3929, 65.47500, 37.4646, 79.6277, 114.775, -85.3802, 48.8979, -176.473, 0.0913885, 169.787, 0.534685, -11.7993, 0.0801434, -138.039
3929, 65.48333, 37.7368, 79.9718, 115.015, -85.4632, 49.2197, -176.487, 0.0919567, 169.845, 0.536453, -11.8771, 0.0804875, -138.065
3930, 65.49167, 38.0115, 80.3108, 115.256, -85.5465, 49.5416, -176.502, 0.092527, 169.901, 0.538225, -11.9553, 0.0808316, -138.093
3930, 65.50000, 38.2886, 80.6446, 115.496, -85.6301, 49.8635, -176.517, 0.0930991, 169.957, 0.54, -12.0339, 0.0811757, -138.122
3931, 65.50833, 38.568, 80.9734, 115.736, -85.7141, 50.1854, -176.534, 0.0936731, 170.011, 0.541779, -12.113, 0.0815198, -138.152
3931, 65.51667, 38.8499, 81.2973, 115.976, -85.7983, 50.5074, -176.551, 0.0942492, 170.064, 0.54356, -12.1926, 0.0818638, -138.184
3932, 65.52500, 39.1341, 81.6161, 116.215, -85.8829, 50.8295, -176.569, 0.0948271, 170.116, 0.545345, -12.2726, 0.0822077, -138.217
3932, 65.53333, 39.4206, 81.9301, 116.455, -85.9678, 51.1515, -176.588, 0.0954069, 170.167, 0.547134, -12.3531, 0.0825515, -138.251
3933, 65.54166, 39.7094, 82.2393, 116.694, -86.053, 51.4736, -176.607, 0.0959888, 170.216, 0.548925, -12.434, 0.0828952, -138.287
3933, 65.55000, 40.0004, 82.5436, 116.933, -86.1386, 51.7957, -176.627, 0.0965725, 170.265, 0.55072, -12.5154, 0.0832387, -138.324
3934, 65.55833, 40.2937, 82.8433, 117.172, -86.2244, 52.1178, -176.648, 0.0971581, 170.312, 0.552518, -12.5973, 0.0835821, -138.362
3934, 65.56667, 40.5893, 83.1383, 117.411, -86.3106, 52.4399, -176.67, 0.0977457, 170.358, 0.55432, -12.6796, 0.0839254, -138.402
3935, 65.57500, 40.887, 83.4286, 117.649, -86.3971, 52.762, -176.692, 0.0983352, 170.404, 0.556124, -12.7624, 0.0842684, -138.443
3935, 65.58334, 41.1868, 83.7144, 117.887, -86.484, 53.0841, -176.715, 0.0989266, 170.448, 0.557932, -12.8457, 0.0846111, -138.486
3936, 65.59167, 41.4889, 83.9957, 118.125, -86.5711, 53.4062, -176.739, 0.09952, 170.491, 0.559743, -12.9295, 0.0849537, -138.53
3936, 65.60000, 41.793, 84.2725, 118.363, -86.6586, 53.7282, -176.763, 0.100115, 170.533, 0.561556, -13.0137, 0.0852959, -138.575
3937, 65.60833, 42.0993, 84.5449, 118.601, -86.7464, 54.0503, -176.788, 0.100712, 170.574, 0.563373, -13.0983, 0.0856379, -138.621
3937, 65.61667, 42.4077, 84.813, 118.838, -86.8345, 54.3723, -176.813, 0.101312, 170.614, 0.565193, -13.1835, 0.0859796, -138.669
3938, 65.62500, 42.7181, 85.0767, 119.075, -86.923, 54.6942, -176.84, 0.101913, 170.653, 0.567016, -13.2691, 0.0863209, -138.718
3938, 65.63333, 43.0305, 85.3362, 119.311, -87.0117, 55.0161, -176.866, 0.102515, 170.691, 0.568842, -13.3551, 0.0866619, -138.768
3939, 65.64167, 43.345, 85.5916, 119.548, -87.1008, 55.338, -176.894, 0.10312, 170.728, 0.570671, -13.4417, 0.0870025, -138.82
3939, 65.65000, 43.6615, 85.8427, 119.784, -87.1902, 55.6598, -176.922, 0.103727, 170.765, 0.572503, -13.5287, 0.0873426, -138.873
3940, 65.65833, 43.9799, 86.0898, 120.02, -87.28, 55.9816, -176.951, 0.104336, 170.8, 0.574338, -13.6162, 0.0876824, -138.927
3940, 65.66666, 44.3004, 86.3328, 120.255, -87.37, 56.3033, -176.98, 0.104947, 170.834, 0.576176, -13.7041, 0.0880217, -138.983
3941, 65.67500, 44.6227, 86.5719, 120.49, -87.4604, 56.6249, -177.01, 0.105559, 170.867, 0.578016, -13.7926, 0.0883605, -139.04
3941, 65.68333, 44.947, 86.807, 120.725, -87.5511, 56.9464, -177.04, 0.106174, 170.899, 0.579859, -13.8815, 0.0886988, -139.098
3942, 65.69167, 45.2732, 87.0382, 120.96, -87.6422, 57.2679, -177.071, 0.10679, 170.931, 0.581706, -13.9708, 0.0890366, -139.157
3942, 65.70000, 45.6013, 87.2656, 121.194, -87.7335, 57.5892, -177.103, 0.107408, 170.961, 0.583554, -14.0607, 0.0893738, -139.218
3943, 65.70834, 45.9313, 87.4891, 121.428, -87.8252, 57.9104, -177.135, 0.108029, 170.991, 0.585406, -14.151, 0.0897104, -139.28
3943, 65.71667, 46.2631, 87.709, 121.661, -87.9172, 58.2316, -177.168, 0.108651, 171.019, 0.58726, -14.2418, 0.0900465, -139.343
3944, 65.72500, 46.5968, 87.9251, 121.895, -88.0095, 58.5526, -177.201, 0.109275, 171.047, 0.589117, -14.333, 0.0903819, -139.408
3944, 65.73333, 46.9322, 88.1376, 122.127, -88.1021, 58.8735, -177.235, 0.109901, 171.074, 0.590976, -14.4248, 0.0907167, -139.473
3945, 65.74167, 47.2695, 88.3465, 122.36, -88.1951, 59.1942, -177.269, 0.110529, 171.1, 0.592839, -14.517, 0.0910508, -139.54
3945, 65.75000, 47.6086, 88.5519, 122.592, -88.2884, 59.5149, -177.304, 0.111159, 171.125, 0.594703, -14.6097, 0.0913841, -139.609
3946, 65.75833, 47.9494, 88.7537, 122.823, -88.382, 59.8353, -177.339, 0.111791, 171.149, 0.59657, -14.7029, 0.0917168, -139.678
3946, 65.76667, 48.2921, 88.9521, 123.055, -88.476, 60.1557, -177.375, 0.112424, 171.173, 0.59844, -14.7965, 0.0920486, -139.749
3947, 65.77500, 48.6364, 89.1471, 123.285, -88.5702, 60.4758, -177.411, 0.11306, 171.195, 0.600311, -14.8906, 0.0923797, -139.821
3947, 65.78333, 48.9825, 89.3387, 123.516, -88.6648, 60.7958, -177.448, 0.113698, 171.217, 0.602186, -14.9852, 0.09271, -139.894
3948, 65.79166, 49.3303, 89.5269, 123.746, -88.7597, 61.1157, -177.486, 0.114337, 171.238, 0.604062, -15.0803, 0.0930394, -139.968
3948, 65.80000, 49.6798, 89.7119, 123.975, -88.8549, 61.4353, -177.524, 0.114979, 171.258, 0.605941, -15.1759, 0.0933679, -140.044
3949, 65.80833, 50.0309, 89.8936, 124.204, -88.9505, 61.7548, -177.562, 0.115622, 171.277, 0.607822, -15.2719, 0.0936955, -140.121
3949, 65.81667, 50.3838, 90.0722, 124.433, -89.0463, 62.0741, -177.601, 0.116267, 171.296, 0.609706, -15.3684, 0.0940222, -140.199
3950, 65.82500, 50.7383, 90.2476, 124.661, -89.1425, 62.3931, -177.64, 0.116914, 171.314, 0.611591, -15.4654, 0.0943479, -140.278
3950, 65.83334, 51.0944, 90.4198, 124.889, -89.239, 62.712, -177.68, 0.117563, 171.331, 0.613479, -15.5629, 0.0946727, -140.358
3951, 65.84167, 51.4522, 90.589, 125.116, -89.3358, 63.0306, -177.72, 0.118214, 171.347, 0.615368, -15.6608, 0.0949964, -140.44
3951, 65.85000, 51.8116, 90.7552, 125.343, -89.433, 63.349, -177.761, 0.118867, 171.362, 0.61726, -15.7593, 0.095319, -140.523
3952, 65.85833, 52.1726, 90.9183, 125.569, -89.5304, 63.6672, -177.802, 0.119522, 171.377, 0.619153, -15.8582, 0.0956406, -140.607
3952, 65.86667, 52.5352, 91.0785, 125.795, -89.6282, 63.9851, -177.844, 0.120179, 171.39, 0.621049, -15.9576, 0.0959611, -140.692
3953, 65.87500, 52.8993, 91.2358, 126.02, -89.7263, 64.3028, -177.886, 0.120837, 171.403, 0.622947, -16.0574, 0.0962804, -140.779
3953, 65.88333, 53.2651, 91.3902, 126.244, -89.8247, 64.6202, -177.928, 0.121498, 171.416, 0.624846, -16.1578, 0.0965985, -140.866
3954, 65.89167, 53.6324, 91.5418, 126.469, -89.9235, 64.9374, -177.971, 0.122161, 171.427, 0.626747, -16.2586, 0.0969154, -140.955
3954, 65.90000, 54.0012, 91.6905, 126.692, -90.0225, 65.2543, -178.014, 0.122825, 171.438, 0.62865, -16.3599, 0.0972311, -141.045
3955, 65.90833, 54.3715, 91.8365, 126.915, -90.1218, 65.5708, -178.058, 0.123491, 171.448, 0.630554, -16.4617, 0.0975455, -141.136
3955, 65.91666, 54.7434, 91.9797, 127.137, -90.2215, 65.8872, -178.102, 0.12416, 171.458, 0.63246, -16.564, 0.0978586, -141.229
3956, 65.92500, 55.1167, 92.1202, 127.359, -90.3215, 66.2031, -178.147, 0.12483, 171.467, 0.634368, -16.6667, 0.0981703, -141.322
3956, 65.93333, 55.4915, 92.2581, 127.58, -90.4218, 66.5188, -178.192, 0.125502, 171.475, 0.636277, -16.7699, 0.0984807, -141.417
3957, 65.94167, 55.8679, 92.3934, 127.801, -90.5224, 66.8342, -178.237, 0.126176, 171.482, 0.638187, -16.8737, 0.0987897, -141.513
3957, 65.95000, 56.2457, 92.526, 128.021, -90.6233, 67.1493, -178.283, 0.126852, 171.488, 0.640099, -16.9779, 0.0990972, -141.61
3958, 65.95834, 56.6249, 92.6561, 128.24, -90.7246, 67.464, -178.329, 0.127529, 171.494, 0.642013, -17.0825, 0.0994032, -141.708
3958, 65.96667, 57.0057, 92.7836, 128.459, -90.8261, 67.7784, -178.375, 0.128209, 171.5, 0.643927, -17.1877, 0.0997077, -141.807
3959, 65.97500, 57.3878, 92.9086, 128.677, -90.928, 68.0923, -178.422, 0.128891, 171.504, 0.645843, -17.2933, 0.100011, -141.908
3959, 65.98333, 57.7713, 93.0312, 128.895, -91.0301, 68.406, -178.469, 0.129574, 171.508, 0.64776, -17.3994, 0.100312, -142.01
3960, 65.99167, 58.1563, 93.1513, 129.112, -91.1326, 68.7193, -178.517, 0.13026, 171.511, 0.649678, -17.506, 0.100612, -142.112
3960, 66.00000, 58.5427, 93.2691, 129.328, -91.2353, 69.0322, -178.565, 0.130947, 171.514, 0.651597, -17.6131, 0.10091, -142.216
3961, 66.00833, 58.9305, 93.3844, 129.543, -91.3384, 69.3447, -178.613, 0.131636, 171.516, 0.653518, -17.7206, 0.101206, -142.321
3961, 66.01667, 59.3196, 93.4974, 129.758, -91.4418, 69.6568, -178.662, 0.132328, 171.517, 0.655439, -17.8287, 0.101501, -142.427
3962, 66.02500, 59.7101, 93.6081, 129.972, -91.5454, 69.9685, -178.711, 0.133021, 171.518, 0.657361, -17.9372, 0.101794, -142.535
3962, 66.03333, 60.102, 93.7164, 130.185, -91.6494, 70.2798, -178.76, 0.133716, 171.518, 0.659283, -18.0461, 0.102085, -142.643
3963, 66.04166, 60.4953, 93.8226, 130.398, -91.7537, 70.5906, -178.81, 0.134413, 171.517, 0.661207, -18.1556, 0.102374, -142.753
3963, 66.05000, 60.8898, 93.9265, 130.609, -91.8583, 70.9011, -178.86, 0.135111, 171.516, 0.663131, -18.2655, 0.102662, -142.863
3964, 66.05833, 61.2857, 94.0281, 130.82, -91.9631, 71.211, -178.91, 0.135812, 171.514, 0.665056, -18.3759, 0.102947, -142.975
3964, 66.06667, 61.6829, 94.1277, 131.031, -92.0683, 71.5206, -178.961, 0.136515, 171.512, 0.666981, -18.4868, 0.103231, -143.088
3965, 66.07500, 62.0814, 94.225, 131.24, -92.1737, 71.8296, -179.012, 0.137219, 171.508, 0.668907, -18.5982, 0.103512, -143.202
3965, 66.08334, 62.4812, 94.3202, 131.449, -92.2795, 72.1382, -179.063, 0.137926, 171.505, 0.670833, -18.71, 0.103791, -143.317
3966, 66.09167, 62.8824, 94.4134, 131.657, -92.3855, 72.4463, -179.115, 0.138634, 171.5, 0.67276, -18.8223, 0.104069, -143.434
3966, 66.10000, 63.2848, 94.5044, 131.864, -92.4918, 72.7539, -179.167, 0.139344, 171.496, 0.674686, -18.9351, 0.104344, -143.551
3967, 66.10833, 63.6884, 94.5934, 132.07, -92.5984, 73.061, -179.219, 0.140056, 171.49, 0.676613, -19.0484, 0.104617, -143.669
3967, 66.11667, 64.0933, 94.6804, 132.276, -92.7054, 73.3676, -179.271, 0.14077, 171.484, 0.67854, -19.1621, 0.104888, -143.789
3968, 66.12500, 64.4995, 94.7653, 132.48, -92.8125, 73.6736, -179.324, 0.141486, 171.477, 0.680467, -19.2763, 0.105157, -143.91
3968, 66.13333, 64.9069, 94.8483, 132.684, -92.92, 73.9791, -179.377, 0.142204, 171.47, 0.682394, -19.391, 0.105423, -144.031
3969, 66.14167, 65.3155, 94.9294, 132.887, -93.0277, 74.2841, -179.43, 0.142924, 171.462, 0.684321, -19.5061, 0.105687, -144.154
3969, 66.15000, 65.7253, 95.0085, 133.089, -93.1358, 74.5886, -179.484, 0.143646, 171.454, 0.686247, -19.6217, 0.105949, -144.278
3970, 66.15833, 66.1364, 95.0857, 133.29, -93.244, 74.8924, -179.537, 0.144369, 171.445, 0.688174, -19.7378, 0.106208, -144.403
3970, 66.16666, 66.5487, 95.161, 133.49, -93.3526, 75.1957, -179.591, 0.145095, 171.436, 0.6901, -19.8543, 0.106465, -144.529
3971, 66.17500, 66.9621, 95.2345, 133.689, -93.4615, 75.4984, -179.646, 0.145822, 171.426, 0.692025, -19.9713, 0.106719, -144.656
3971, 66.18333, 67.3767, 95.3061, 133.888, -93.5706, 75.8005, -179.7, 0.146551, 171.415, 0.69395, -20.0888, 0.106971, -144.784
3972, 66.19167, 67.7925, 95.3759, 134.085, -93.68, 76.1021, -179.755, 0.147282, 171.404, 0.695875, -20.2068, 0.10722, -144.913
3972, 66.20000, 68.2094, 95.4438, 134.281, -93.7896, 76.4029, -179.81, 0.148015, 171.392, 0.697799, -20.3251, 0.107466, -145.043
3973, 66.20834, 68.6275, 95.5101, 134.477, -93.8995, 76.7032, -179.865, 0.14875, 171.38, 0.699722, -20.444, 0.10771, -145.175
3973, 66.21667, 69.0468, 95.5745, 134.671, -94.0097, 77.0029, -179.921, 0.149487, 171.368, 0.701644, -20.5633, 0.107951, -145.307
3974, 66.22500, 69.4671, 95.6372, 134.865, -94.1201, 77.3018, -179.976, 0.150225, 171.354, 0.703565, -20.6831, 0.108189, -145.44
3974, 66.23333, 69.8886, 95.6982, 135.057, -94.2308, 77.6002, 179.968, 0.150966, 171.341, 0.705486, -20.8033, 0.108425, -145.575
3975, 66.24167, 70.3112, 95.7576, 135.249, -94.3418, 77.8979, 179.912, 0.151708, 171.326, 0.707405, -20.924, 0.108657, -145.71
3975, 66.25000, 70.7349, 95.8152, 135.439, -94.453, 78.1948, 179.855, 0.152453, 171.312, 0.709323, -21.0451, 0.108887, -145.847
3976, 66.25833, 71.1596, 95.8712, 135.629, -94.5644, 78.4911, 179.799, 0.153199, 171.296, 0.711239, -21.1667, 0.109114, -145.984
3976, 66.26667, 71.5855, 95.9255, 135.817, -94.6761, 78.7868, 179.742, 0.153947, 171.281, 0.713155, -21.2888, 0.109338, -146.123
3977, 66.27500, 72.0124, 95.9782, 136.004, -94.788, 79.0816, 179.685, 0.154697, 171.264, 0.715069, -21.4112, 0.109558, -146.262
3977, 66.28333, 72.4404, 96.0293, 136.191, -94.9002, 79.3758, 179.628, 0.155448, 171.248, 0.716981, -21.5342, 0.109776, -146.403
3978, 66.29166, 72.8695, 96.0788, 136.376, -95.0126, 79.6693, 179.571, 0.156202, 171.23, 0.718892, -21.6575, 0.10999, -146.544
3978, 66.30000, 73.2995, 96.1268, 136.56, -95.1253, 79.962, 179.514, 0.156958, 171.213, 0.720801, -21.7814, 0.110202, -146.687
3979, 66.30833, 73.7306, 96.1732, 136.743, -95.2382, 80.254, 179.456, 0.157715, 171.194, 0.722708, -21.9056, 0.11041, -146.83
3979, 66.31667, 74.1627, 96.2181, 136.925, -95.3513, 80.5452, 179.399, 0.158474, 171.176, 0.724613, -22.0303, 0.110614, -146.975
3980, 66.32500, 74.5958, 96.2614, 137.105, -95.4646, 80.8356, 179.341, 0.159236, 171.157, 0.726516, -22.1555, 0.110816, -147.12
3980, 66.33334, 75.03, 96.3033, 137.285, -95.5782, 81.1253, 179.283, 0.159999, 171.137, 0.728417, -22.281, 0.111014, -147.267
3981, 66.34167, 75.4651, 96.3437, 137.463, -95.692, 81.4142, 179.225, 0.160764, 171.117, 0.730316, -22.407, 0.111208, -147.414
3981, 66.35000, 75.9012, 96.3826, 137.64, -95.806, 81.7022, 179.167, 0.16153, 171.096, 0.732213, -22.5335, 0.111399, -147.562
3982, 66.35833, 76.3382, 96.4201, 137.816, -95.9202, 81.9895, 179.108, 0.162299, 171.075, 0.734107, -22.6603, 0.111587, -147.712
3982, 66.36667, 76.7763, 96.4561, 137.991, -96.0346, 82.2759, 179.05, 0.16307, 171.054, 0.735999, -22.7876, 0.111771, -147.862
3983, 66.37500, 77.2152, 96.4908, 138.165, -96.1492, 82.5615, 178.991, 0.163842, 171.032, 0.737888, -22.9153, 0.111951, -148.013
3983, 66.38333, 77.6551, 96.524, 138.337, -96.2641, 82.8463, 178.933, 0.164616, 171.01, 0.739774, -23.0434, 0.112128, -148.166
3984, 66.39167, 78.0959, 96.5558, 138.508, -96.3791, 83.1302, 178.874, 0.165392, 170.987, 0.741658, -23.172, 0.1123, -148.319
3984, 66.40000, 78.5376, 96.5863, 138.678, -96.4943, 83.4132, 178.815, 0.16617, 170.964, 0.743539, -23.301, 0.112469, -148.473
3985, 66.40833, 78.9802, 96.6154, 138.847, -96.6098, 83.6954, 178.756, 0.16695, 170.94, 0.745417, -23.4303, 0.112635, -148.628
3985, 66.41666, 79.4238, 96.6432, 139.014, -96.7254, 83.9767, 178.697, 0.167732, 170.916, 0.747292, -23.5601, 0.112796, -148.784
3986, 66.42500, 79.8682, 96.6697, 139.18, -96.8412, 84.2571, 178.638, 0.168515, 170.891, 0.749163, -23.6903, 0.112953, -148.94
3986, 66.43333, 80.3134, 96.6948, 139.345, -96.9572, 84.5366, 178.579, 0.1693, 170.866, 0.751031, -23.8209, 0.113106, -149.098
3987, 66.44167, 80.7596, 96.7187, 139.509, -97.0733, 84.8152, 178.52, 0.170088, 170.841, 0.752896, -23.9519, 0.113256, -149.257
3987, 66.45000, 81.2066, 96.7413, 139.671, -97.1897, 85.0929, 178.46, 0.170877, 170.815, 0.754757, -24.0833, 0.113401, -149.416
3988, 66.45834, 81.6544, 96.7626, 139.832, -97.3062, 85.3697, 178.401, 0.171668, 170.789, 0.756615, -24.2151, 0.113542, -149.577
3988, 66.46667, 82.1031, 96.7827, 139.991, -97.4228, 85.6455, 178.342, 0.172461, 170.763, 0.758469, -24.3473, 0.113679, -149.738
3989, 66.47500, 82.5525, 96.8015, 140.15, -97.5397, 85.9203, 178.282, 0.173255, 170.736, 0.760319, -24.4799, 0.113811, -149.9
3989, 66.48333, 83.0028, 96.8191, 140.307, -97.6566, 86.1942, 178.223, 0.174052, 170.708, 0.762165, -24.6128, 0.113939, -150.063
3990, 66.49167, 83.4539, 96.8355, 140.462, -97.7738, 86.4672, 178.164, 0.17485, 170.68, 0.764007, -24.7462, 0.114063, -150.227
3990, 66.50000, 83.9057, 96.8506, 140.616, -97.8911, 86.7391, 178.104, 0.17565, 170.652, 0.765845, -24.8799, 0.114182, -150.392
3991, 66.50833, 84.3583, 96.8647, 140.769, -98.0085, 87.0101, 178.045, 0.176452, 170.624, 0.767679, -25.014, 0.114297, -150.557
3991, 66.51667, 84.8117, 96.8775, 140.92, -98.1261, 87.2801, 177.985, 0.177256, 170.595, 0.769508, -25.1485, 0.114408, -150.724
3992, 66.52500, 85.2658, 96.8892, 141.07, -98.2438, 87.549, 177.926, 0.178062, 170.566, 0.771333, -25.2833, 0.114513, -150.891
3992, 66.53333, 85.7207, 96.8997, 141.219, -98.3616, 87.817, 177.867, 0.178869, 170.536, 0.773153, -25.4185, 0.114614, -151.059
3993, 66.54166, 86.1763, 96.9091, 141.366, -98.4796, 88.0839, 177.807, 0.179679, 170.506, 0.774969, -25.5541, 0.114711, -151.228
3993, 66.55000, 86.6325, 96.9174, 141.511, -98.5977, 88.3498, 177.748, 0.18049, 170.475, 0.77678, -25.69, 0.114802, -151.397
3994, 66.55833, 87.0895, 96.9246, 141.655, -98.7159, 88.6147, 177.689, 0.181303, 170.444, 0.778585, -25.8262, 0.114889, -151.568
3994, 66.56667, 87.5472, 96.9306, 141.798, -98.8342, 88.8785, 177.63, 0.182118, 170.413, 0.780386, -25.9628, 0.114971, -151.739
3995, 66.57500, 88.0056, 96.9357, 141.939, -98.9526, 89.1413, 177.57, 0.182935, 170.382, 0.782182, -26.0998, 0.115048, -151.911
3995, 66.58334, 88.4646, 96.9396, 142.079, -99.0711, 89.403, 177.511, 0.183753, 170.35, 0.783973, -26.2371, 0.11512, -152.083
3996, 66.59167, 88.9243, 96.9425, 142.218, -99.1898, 89.6636, 177.452, 0.184574, 170.318, 0.785758, -26.3747, 0.115187, -152.257
3996, 66.60000, 89.3846, 96.9443, 142.354, -99.3085, 89.9232, 177.393, 0.185396, 170.285, 0.787537, -26.5127, 0.115249, -152.431
3997, 66.60833, 89.8456, 96.9451, 142.49, -99.4272, 90.1817, 177.335, 0.18622, 170.252, 0.789311, -26.651, 0.115306, -152.606
3997, 66.61667, 90.3072, 96.9449, 142.623, -99.5461, 90.4391, 177.276, 0.187046, 170.219, 0.79108, -26.7896, 0.115358, -152.781
3998, 66.62500, 90.7693, 96.9436, 142.756, -99.6651, 90.6954, 177.217, 0.187874, 170.185, 0.792842, -26.9285, 0.115404, -152.958
3998, 66.63333, 91.2321, 96.9414, 142.886, -99.7841, 90.9505, 177.159, 0.188704, 170.151, 0.794599, -27.0677, 0.115445, -153.134
3999, 66.64167, 91.6954, 96.9382, 143.016, -99.9032, 91.2046, 177.1, 0.189535, 170.117, 0.79635, -27.2073, 0.115481, -153.312
3999, 66.65000, 92.1593, 96.934, 143.143, -100.022, 91.4576, 177.042, 0.190369, 170.082, 0.798094, -27.3471, 0.115511, -153.49
4000, 66.65833, 92.6238, 96.9289, 143.269, -100.142, 91.7094, 176.984, 0.191204, 170.047, 0.799832, -27.4872, 0.115536, -153.669
4000, 66.66666, 93.0889, 96.9228, 143.394, -100.261, 91.9601, 176.926, 0.192041, 170.012, 0.801564, -27.6277, 0.115556, -153.849
4001, 66.67500, 93.5544, 96.9158, 143.517, -100.38, 92.2097, 176.868, 0.19288, 169.976, 0.80329, -27.7684, 0.115569, -154.029
4001, 66.68333, 94.0205, 96.9078, 143.638, -100.499, 92.4581, 176.81, 0.19372, 169.941, 0.805008, -27.9094, 0.115578, -154.21
4002, 66.69167, 94.4871, 96.8989, 143.758, -100.619, 92.7054, 176.753, 0.194563, 169.904, 0.806721, -28.0507, 0.11558, -154.392
4002, 66.70000, 94.9541, 96.8891, 143.876, -100.738, 92.9515, 176.696, 0.195407, 169.868, 0.808426, -28.1922, 0.115577, -154.574
4003, 66.70834, 95.4217, 96.8784, 143.993, -100.857, 93.1965, 176.638, 0.196253, 169.831, 0.810124, -28.334, 0.115568, -154.756
4003, 66.71667, 95.8897, 96.8669, 144.108, -100.977, 93.4403, 176.581, 0.197102, 169.794, 0.811816, -28.4761, 0.115553, -154.939
4004, 66.72500, 96.3582, 96.8544, 144.221, -101.096, 93.6829, 176.525, 0.197952, 169.756, 0.8135, -28.6184, 0.115532, -155.123
4004, 66.73333, 96.8271, 96.8412, 144.333, -101.216, 93.9244, 176.468, 0.198803, 169.719, 0.815177, -28.761, 0.115506, -155.307
4005, 66.74167, 97.2965, 96.827, 144.443, -101.335, 94.1647, 176.412, 0.199657, 169.68, 0.816847, -28.9038, 0.115473, -155.492
4005, 66.75000, 97.7663, 96.812, 144.552, -101.454, 94.4038, 176.356, 0.200512, 169.642, 0.81851, -29.0468, 0.115435, -155.677
4005, 66.75833, 98.2365, 96.7962, 144.658, -101.574, 94.6418, 176.3, 0.20137, 169.604, 0.820164, -29.1901, 0.11539, -155.863
4006, 66.76667, 98.7071, 96.7796, 144.764, -101.693, 94.8786, 176.244, 0.202229, 169.565, 0.821812, -29.3336, 0.115339, -156.049
4007, 66.77500, 99.1781, 96.7621, 144.867, -101.813, 95.1142, 176.189, 0.20309, 169.525, 0.823451, -29.4773, 0.115282, -156.236
4007, 66.78333, 99.6494, 96.7439, 144.969, -101.932, 95.3485, 176.134, 0.203953, 169.486, 0.825082, -29.6212, 0.115219, -156.423
4008, 66.79166, 100.121, 96.7249, 145.07, -102.051, 95.5818, 176.079, 0.204818, 169.446, 0.826706, -29.7654, 0.115149, -156.611
4008, 66.80000, 100.593, 96.7051, 145.169, -102.17, 95.8138, 176.024, 0.205684, 169.406, 0.828321, -29.9097, 0.115073, -156.799
4009, 66.80833, 101.066, 96.6845, 145.266, -102.289, 96.0446, 175.97, 0.206553, 169.366, 0.829929, -30.0542, 0.114991, -156.987
4009, 66.81667, 101.538, 96.6632, 145.361, -102.408, 96.2743, 175.916, 0.207423, 169.325, 0.831528, -30.1989, 0.114902, -157.176
4010, 66.82500, 102.011, 96.6411, 145.455, -102.527, 96.5027, 175.863, 0.208295, 169.284, 0.833118, -30.3438, 0.114807, -157.365
4010, 66.83334, 102.485, 96.6183, 145.547, -102.646, 96.7299, 175.809, 0.209169, 169.243, 0.834701, -30.4889, 0.114705, -157.554
4011, 66.84167, 102.958, 96.5948, 145.637, -102.765, 96.956, 175.756, 0.210045, 169.202, 0.836274, -30.6341, 0.114597, -157.743
4011, 66.85000, 103.432, 96.5705, 145.726, -102.884, 97.1809, 175.704, 0.210923, 169.16, 0.837839, -30.7795, 0.114482, -157.933
4012, 66.85833, 103.906, 96.5456, 145.813, -103.003, 97.4045, 175.651, 0.211803, 169.118, 0.839395, -30.925, 0.114361, -158.124
4012, 66.86667, 104.381, 96.52, 145.899, -103.121, 97.627, 175.599, 0.212684, 169.076, 0.840943, -31.0707, 0.114232, -158.314
4013, 66.87500, 104.855, 96.4937, 145.983, -103.24, 97.8483, 175.548, 0.213568, 169.034, 0.842481, -31.2165, 0.114097, -158.505
4013, 66.88333, 105.33, 96.4667, 146.065, -103.358, 98.0684, 175.496, 0.214453, 168.991, 0.84401, -31.3624, 0.113956, -158.696
4013, 66.89167, 105.805, 96.439, 146.145, -103.476, 98.2873, 175.445, 0.215341, 168.948, 0.845531, -31.5084, 0.113807, -158.887
4014, 66.90000, 106.28, 96.4107, 146.224, -103.594, 98.5051, 175.395, 0.21623, 168.905, 0.847042, -31.6546, 0.113651, -159.078
4015, 66.90833, 106.756, 96.3817, 146.301, -103.712, 98.7216, 175.345, 0.217121, 168.862, 0.848543, -31.8009, 0.113489, -159.269
4015, 66.91666, 107.232, 96.3521, 146.377, -103.83, 98.937, 175.295, 0.218014, 168.818, 0.850036, -31.9473, 0.11332, -159.461
4016, 66.92500, 107.707, 96.3219, 146.451, -103.948, 99.1512, 175.246, 0.218909, 168.774, 0.851519, -32.0937, 0.113143, -159.652
4016, 66.93333, 108.183, 96.2911, 146.523, -104.065, 99.3643, 175.197, 0.219806, 168.73, 0.852992, -32.2402, 0.11296, -159.844
4017, 66.94167, 108.659, 96.2597, 146.594, -104.182, 99.5761, 175.149, 0.220704, 168.686, 0.854456, -32.3869, 0.112769, -160.035
4017, 66.95000, 109.136, 96.2277, 146.663, -104.3, 99.7869, 175.101, 0.221605, 168.641, 0.85591, -32.5336, 0.112572, -160.227
4018, 66.95834, 109.612, 96.1951, 146.73, -104.416, 99.9964, 175.053, 0.222508, 168.597, 0.857354, -32.6803, 0.112367, -160.418
4018, 66.96667, 110.088, 96.1619, 146.796, -104.533, 100.205, 175.006, 0.223412, 168.552, 0.858788, -32.8271, 0.112155, -160.61
4019, 66.97500, 110.565, 96.1281, 146.86, -104.65, 100.412, 174.959, 0.224319, 168.507, 0.860213, -32.974, 0.111936, -160.801
4019, 66.98333, 111.042, 96.0938, 146.922, -104.766, 100.618, 174.913, 0.225227, 168.461, 0.861627, -33.1208, 0.111709, -160.993
4020, 66.99167, 111.518, 96.059, 146.983, -104.882, 100.823, 174.867, 0.226138, 168.415, 0.863032, -33.2678, 0.111476, -161.184
4020, 67.00000, 111.995, 96.0236, 147.042, -104.998, 101.027, 174.822, 0.22705, 168.37, 0.864426, -33.4147, 0.111235, -161.375
4021, 67.00833, 112.472, 95.9877, 147.1, -105.114, 101.23, 174.777, 0.227964, 168.324, 0.86581, -33.5616, 0.110986, -161.566
4021, 67.01667, 112.949, 95.9513, 147.156, -105.23, 101.432, 174.733, 0.228881, 168.277, 0.867183, -33.7086, 0.11073, -161.756
4021, 67.02500, 113.426, 95.9143, 147.211, -105.345, 101.632, 174.689, 0.229799, 168.231, 0.868547, -33.8555, 0.110467, -161.947
4022, 67.03333, 113.903, 95.8769, 147.263, -105.46, 101.832, 174.646, 0.23072, 168.184, 0.8699, -34.0024, 0.110197, -162.137
4023, 67.04166, 114.38, 95.839, 147.315, -105.575, 102.03, 174.603, 0.231642, 168.137, 0.871242, -34.1493, 0.109919, -162.326
4023, 67.05000, 114.857, 95.8006, 147.364, -105.689, 102.228, 174.561, 0.232566, 168.09, 0.872574, -34.2962, 0.109633, -162.516
4024, 67.05833, 115.334, 95.7617, 147.413, -105.804, 102.424, 174.52, 0.233493, 168.043, 0.873896, -34.443, 0.10934, -162.705
4024, 67.06667, 115.811, 95.7223, 147.459, -105.918, 102.619, 174.479, 0.234421, 167.995, 0.875207, -34.5898, 0.109039, -162.893
4025, 67.07500, 116.287, 95.6826, 147.504, -106.031, 102.814, 174.438, 0.235352, 167.948, 0.876507, -34.7365, 0.108731, -163.081
4025, 67.08334, 116.764, 95.6423, 147.548, -106.145, 103.007, 174.398, 0.236284, 167.9, 0.877797, -34.8832, 0.108416, -163.268
4026, 67.09167, 117.241, 95.6017, 147.59, -106.258, 103.199, 174.359, 0.237219, 167.852, 0.879075, -35.0298, 0.108092, -163.455
4026, 67.10000, 117.718, 95.5606, 147.63, -106.371, 103.39, 174.32, 0.238155, 167.803, 0.880343, -35.1763, 0.107761, -163.642
4027, 67.10833, 118.195, 95.5191, 147.669, -106.484, 103.581, 174.282, 0.239094, 167.755, 0.881601, -35.3227, 0.107423, -163.827
4027, 67.11667, 118.672, 95.4771, 147.707, -106.596, 103.77, 174.244, 0.240035, 167.706, 0.882847, -35.469, 0.107077, -164.012
4028, 67.12500, 119.148, 95.4348, 147.743, -106.708, 103.958, 174.207, 0.240977, 167.657, 0.884083, -35.6152, 0.106723, -164.197
4028, 67.13333, 119.625, 95.3921, 147.778, -106.82, 104.146, 174.171, 0.241922, 167.608, 0.885307, -35.7613, 0.106361, -164.38
4029, 67.14167, 120.101, 95.349, 147.811, -106.931, 104.332, 174.135, 0.242869, 167.559, 0.886521, -35.9072, 0.105992, -164.563
4029, 67.15000, 120.578, 95.3056, 147.842, -107.042, 104.518, 174.1, 0.243819, 167.51, 0.887724, -36.0531, 0.105615, -164.744
4029, 67.15833, 121.054, 95.2618, 147.873, -107.153, 104.702, 174.065, 0.24477, 167.46, 0.888915, -36.1987, 0.105231, -164.925
4030, 67.16666, 121.53, 95.2176, 147.902, -107.263, 104.886, 174.031, 0.245723, 167.41, 0.890096, -36.3443, 0.104838, -165.105
4031, 67.17500, 122.006, 95.1731, 147.929, -107.373, 105.069, 173.998, 0.246679, 167.36, 0.891266, -36.4896, 0.104438, -165.284
4031, 67.18333, 122.482, 95.1282, 147.955, -107.483, 105.251, 173.965, 0.247637, 167.31, 0.892425, -36.6348, 0.104031, -165.462
4032, 67.19167, 122.958, 95.083, 147.98, -107.592, 105.433, 173.933, 0.248596, 167.26, 0.893573, -36.7798, 0.103615, -165.638
4032, 67.20000, 123.433, 95.0375, 148.004, -107.701, 105.613, 173.902, 0.249559, 167.209, 0.89471, -36.9247, 0.103192, -165.814
4033, 67.20834, 123.909, 94.9917, 148.026, -107.809, 105.793, 173.871, 0.250523, 167.158, 0.895835, -37.0693, 0.102761, -165.988
4033, 67.21667, 124.384, 94.9456, 148.047, -107.918, 105.972, 173.841, 0.251489, 167.108, 0.89695, -37.2137, 0.102323, -166.161
4034, 67.22500, 124.859, 94.8991, 148.066, -108.025, 106.15, 173.812, 0.252458, 167.056, 0.898054, -37.3579, 0.101876, -166.332
4034, 67.23333, 125.335, 94.8524, 148.084, -108.133, 106.328, 173.783, 0.253429, 167.005, 0.899146, -37.5019, 0.101422, -166.503
4035, 67.24167, 125.809, 94.8054, 148.102, -108.24, 106.505, 173.755, 0.254402, 166.954, 0.900228, -37.6456, 0.100961, -166.671
4035, 67.25000, 126.284, 94.7582, 148.117, -108.347, 106.681, 173.727, 0.255378, 166.902, 0.901299, -37.7891, 0.100491, -166.838
4036, 67.25833, 126.759, 94.7107, 148.132, -108.453, 106.856, 173.701, 0.256355, 166.851, 0.902359, -37.9324, 0.100014, -167.004
4036, 67.26667, 127.233, 94.6629, 148.145, -108.559, 107.031, 173.675, 0.257335, 166.799, 0.903408, -38.0754, 0.0995297, -167.167
4037, 67.27500, 127.707, 94.6148, 148.157, -108.664, 107.205, 173.649, 0.258317, 166.747, 0.904445, -38.2181, 0.0990374, -167.329
4037, 67.28333, 128.182, 94.5666, 148.168, -108.769, 107.379, 173.625, 0.259302, 166.694, 0.905472, -38.3606, 0.0985375, -167.489
4037, 67.29166, 128.655, 94.5181, 148.178, -108.874, 107.552, 173.601, 0.260289, 166.642, 0.906489, -38.5027, 0.09803, -167.647
4038, 67.30000, 129.129, 94.4694, 148.187, -108.978, 107.724, 173.577, 0.261278, 166.589, 0.907494, -38.6446, 0.0975149, -167.804
4039, 67.30833, 129.603, 94.4204, 148.195, -109.082, 107.896, 173.555, 0.262269, 166.536, 0.908488, -38.7862, 0.0969923, -167.958
4039, 67.31667, 130.076, 94.3712, 148.201, -109.185, 108.068, 173.533, 0.263263, 166.483, 0.909472, -38.9275, 0.0964621, -168.109
4040, 67.32500, 130.549, 94.3219, 148.207, -109.288, 108.239, 173.512, 0.26426, 166.43, 0.910445, -39.0684, 0.0959245, -168.259
4040, 67.33334, 131.022, 94.2723, 148.212, -109.39, 108.41, 173.491, 0.265258, 166.377, 0.911408, -39.209, 0.0953794, -168.406
4041, 67.34167, 131.495, 94.2226, 148.215, -109.492, 108.58, 173.471, 0.266259, 166.323, 0.91236, -39.3493, 0.0948268, -168.551
4041, 67.35000, 131.967, 94.1727, 148.218, -109.594, 108.749, 173.452, 0.267263, 166.27, 0.913301, -39.4892, 0.0942669, -168.693
4042, 67.35833, 132.44, 94.1226, 148.219, -109.695, 108.919, 173.434, 0.268268, 166.216, 0.914231, -39.6288, 0.0936996, -168.833
4042, 67.36667, 132.912, 94.0723, 148.22, -109.796, 109.088, 173.416, 0.269277, 166.162, 0.915152, -39.768, 0.0931249, -168.97
4043, 67.37500, 133.384, 94.0219, 148.219, -109.896, 109.256, 173.4, 0.270288, 166.108, 0.916062, -39.9069, 0.0925431, -169.104
4043, 67.38333, 133.856, 93.9713, 148.218, -109.996, 109.425, 173.383, 0.271301, 166.053, 0.916961, -40.0454, 0.091954, -169.235
4044, 67.39167, 134.327, 93.9206, 148.216, -110.095, 109.593, 173.368, 0.272316, 165.999, 0.917851, -40.1835, 0.0913576, -169.363
4044, 67.40000, 134.799, 93.8697, 148.213, -110.194, 109.761, 173.353, 0.273334, 165.944, 0.91873, -40.3212, 0.0907542, -169.488
4045, 67.40833, 135.27, 93.8187, 148.21, -110.293, 109.928, 173.339, 0.274355, 165.889, 0.919599, -40.4585, 0.0901437, -169.609
4045, 67.41666, 135.741, 93.7675, 148.205, -110.391, 110.096, 173.326, 0.275378, 165.834, 0.920458, -40.5954, 0.0895261, -169.727
4045, 67.42500, 136.212, 93.7163, 148.2, -110.488, 110.263, 173.313, 0.276404, 165.779, 0.921307, -40.7319, 0.0889017, -169.842
4046, 67.43333, 136.683, 93.6649, 148.194, -110.585, 110.43, 173.301, 0.277432, 165.724, 0.922146, -40.8679, 0.0882703, -169.952
4047, 67.44167, 137.153, 93.6134, 148.187, -110.682, 110.597, 173.29, 0.278463, 165.668, 0.922976, -41.0036, 0.087632, -170.059
4047, 67.45000, 137.624, 93.5618, 148.179, -110.778, 110.764, 173.279, 0.279496, 165.612, 0.923795, -41.1388, 0.086987, -170.162
4048, 67.45834, 138.094, 93.5101, 148.171, -110.874, 110.931, 173.269, 0.280532, 165.556, 0.924606, -41.2736, 0.0863354, -170.261
4048, 67.46667, 138.564, 93.4583, 148.162, -110.969, 111.098, 173.26, 0.281571, 165.5, 0.925406, -41.4079, 0.085677, -170.355
4049, 67.47500, 139.034, 93.4065, 148.153, -111.064, 111.265, 173.251, 0.282612, 165.444, 0.926198, -41.5417, 0.0850122, -170.445
4049, 67.48333, 139.503, 93.3545, 148.143, -111.158, 111.432, 173.244, 0.283656, 165.387, 0.92698, -41.6751, 0.0843408, -170.53
4050, 67.49167, 139.973, 93.3025, 148.132, -111.252, 111.599, 173.236, 0.284702, 165.331, 0.927753, -41.808, 0.0836631, -170.611
4050, 67.50000, 140.442, 93.2504, 148.121, -111.345, 111.766, 173.23, 0.285751, 165.274, 0.928517, -41.9405, 0.0829791, -170.686
4051, 67.50833, 140.912, 93.1982, 148.109, -111.438, 111.933, 173.224, 0.286803, 165.217, 0.929272, -42.0725, 0.0822889, -170.756
4051, 67.51667, 141.381, 93.146, 148.097, -111.531, 112.1, 173.219, 0.287858, 165.16, 0.930018, -42.2039, 0.0815926, -170.821
4052, 67.52500, 141.85, 93.0937, 148.084, -111.623, 112.268, 173.215, 0.288915, 165.102, 0.930755, -42.3349, 0.0808903, -170.881
4052, 67.53333, 142.319, 93.0413, 148.071, -111.714, 112.435, 173.211, 0.289975, 165.044, 0.931484, -42.4654, 0.0801821, -170.934
4053, 67.54166, 142.788, 92.9889, 148.057, -111.805, 112.603, 173.208, 0.291037, 164.987, 0.932204, -42.5954, 0.0794681, -170.981
4053, 67.55000, 143.256, 92.9365, 148.043, -111.896, 112.771, 173.205, 0.292103, 164.929, 0.932916, -42.7249, 0.0787484, -171.023
4053, 67.55833, 143.725, 92.884, 148.029, -111.986, 112.94, 173.203, 0.293171, 164.87, 0.93362, -42.8538, 0.0780232, -171.057
4054, 67.56667, 144.193, 92.8315, 148.014, -112.076, 113.108, 173.202, 0.294242, 164.812, 0.934315, -42.9823, 0.0772925, -171.085
4055, 67.57500, 144.662, 92.7789, 147.999, -112.165, 113.277, 173.202, 0.295315, 164.753, 0.935003, -43.1102, 0.0765566, -171.106
4055, 67.58334, 145.13, 92.7264, 147.984, -112.254, 113.447, 173.202, 0.296392, 164.695, 0.935683, -43.2375, 0.0758155, -171.119
4056, 67.59167, 145.598, 92.6738, 147.968, -112.343, 113.617, 173.202, 0.297471, 164.636, 0.936355, -43.3644, 0.0750692, -171.125
4056, 67.60000, 146.066, 92.6211, 147.952, -112.431, 113.787, 173.204, 0.298553, 164.576, 0.93702, -43.4907, 0.0743182, -171.123
4057, 67.60833, 146.534, 92.5685, 147.936, -112.518, 113.958, 173.206, 0.299638, 164.517, 0.937677, -43.6164, 0.0735624, -171.113
4057, 67.61667, 147.002, 92.5159, 147.92, -112.605, 114.129, 173.208, 0.300725, 164.457, 0.938327, -43.7417, 0.072802, -171.095
4058, 67.62500, 147.47, 92.4632, 147.903, -112.692, 114.3, 173.211, 0.301816, 164.398, 0.938969, -43.8663, 0.0720372, -171.067
4058, 67.63333, 147.938, 92.4105, 147.887, -112.778, 114.473, 173.215, 0.302909, 164.338, 0.939605, -43.9904, 0.0712682, -171.03
4059, 67.64167, 148.406, 92.3579, 147.87, -112.864, 114.645, 173.219, 0.304006, 164.277, 0.940234, -44.1139, 0.070495, -170.984
4059, 67.65000, 148.874, 92.3052, 147.853, -112.949, 114.819, 173.224, 0.305105, 164.217, 0.940857, -44.2369, 0.0697181, -170.928
4060, 67.65833, 149.342, 92.2525, 147.836, -113.034, 114.993, 173.229, 0.306207, 164.156, 0.941473, -44.3593, 0.0689375, -170.861
4060, 67.66666, 149.81, 92.1999, 147.819, -113.119, 115.167, 173.235, 0.307312, 164.095, 0.942082, -44.4812, 0.0681532, -170.783
4061, 67.67500, 150.278, 92.1472, 147.802, -113.203, 115.342, 173.241, 0.30842, 164.034, 0.942685, -44.6024, 0.0673659, -170.695
4061, 67.68333, 150.746, 92.0946, 147.784, -113.287, 115.518, 173.248, 0.309531, 163.973, 0.943283, -44.7231, 0.0665754, -170.594
4061, 67.69167, 151.214, 92.0419, 147.767, -113.37, 115.695, 173.256, 0.310645, 163.911, 0.943874, -44.8432, 0.0657821, -170.481
4062, 67.70000, 151.682, 91.9893, 147.75, -113.453, 115.872, 173.264, 0.311761, 163.85, 0.94446, -44.9628, 0.0649863, -170.356
4063, 67.70834, 152.15, 91.9367, 147.733, -113.536, 116.05, 173.272, 0.312881, 163.788, 0.94504, -45.0817, 0.0641881, -170.217
4063, 67.71667, 152.619, 91.8841, 147.716, -113.618, 116.229, 173.281, 0.314004, 163.725, 0.945615, -45.2001, 0.0633879, -170.064
4064, 67.72500, 153.087, 91.8315, 147.699, -113.7, 116.409, 173.29, 0.31513, 163.663, 0.946184, -45.3179, 0.0625859, -169.897
4064, 67.73333, 153.555, 91.779, 147.682, -113.781, 116.59, 173.3, 0.316258, 163.6, 0.946748, -45.4351, 0.0617825, -169.715
4065, 67.74167, 154.024, 91.7264, 147.666, -113.863, 116.771, 173.31, 0.31739, 163.537, 0.947308, -45.5517, 0.0609778, -169.517
4065, 67.75000, 154.493, 91.6739, 147.649, -113.943, 116.953, 173.321, 0.318525, 163.474, 0.947863, -45.6677, 0.0601723, -169.303
4066, 67.75833, 154.961, 91.6215, 147.633, -114.024, 117.136, 173.332, 0.319662, 163.411, 0.948413, -45.7831, 0.0593663, -169.072
4066, 67.76667, 155.43, 91.569, 147.617, -114.104, 117.32, 173.344, 0.320803, 163.347, 0.948959, -45.898, 0.0585601, -168.823
4066, 67.77500, 155.9, 91.5166, 147.601, -114.184, 117.505, 173.356, 0.321947, 163.283, 0.9495, -46.0122, 0.0577541, -168.556
4067, 67.78333, 156.369, 91.4642, 147.585, -114.263, 117.691, 173.368, 0.323094, 163.219, 0.950038, -46.1259, 0.0569488, -168.269
4068, 67.79166, 156.838, 91.4118, 147.569, -114.343, 117.878, 173.381, 0.324243, 163.154, 0.950572, -46.2389, 0.0561444, -167.961
4068, 67.80000, 157.308, 91.3594, 147.554, -114.421, 118.066, 173.394, 0.325396, 163.09, 0.951101, -46.3514, 0.0553415, -167.633
4069, 67.80833, 157.778, 91.3071, 147.539, -114.5, 118.255, 173.407, 0.326552, 163.025, 0.951628, -46.4633, 0.0545405, -167.283
4069, 67.81667, 158.248, 91.2548, 147.524, -114.578, 118.445, 173.421, 0.327711, 162.96, 0.952151, -46.5746, 0.0537418, -166.91
4069, 67.82500, 158.718, 91.2026, 147.51, -114.656, 118.636, 173.435, 0.328874, 162.894, 0.952671, -46.6852, 0.0529461, -166.512
4070, 67.83334, 159.189, 91.1503, 147.496, -114.734, 118.828, 173.449, 0.330039, 162.829, 0.953188, -46.7954, 0.0521539, -166.09
4071, 67.84167, 159.66, 91.0981, 147.482, -114.811, 119.021, 173.464, 0.331207, 162.763, 0.953702, -46.9049, 0.0513655, -165.642
4071, 67.85000, 160.131, 91.0459, 147.469, -114.889, 119.216, 173.479, 0.332378, 162.697, 0.954213, -47.0138, 0.0505818, -165.166
4072, 67.85833, 160.603, 90.9938, 147.456, -114.966, 119.411, 173.494, 0.333553, 162.63, 0.954722, -47.1222, 0.0498033, -164.662
4072, 67.86667, 161.074, 90.9417, 147.443, -115.042, 119.608, 173.509, 0.33473, 162.563, 0.955228, -47.2299, 0.0490306, -164.129
4073, 67.87500, 161.547, 90.8896, 147.431, -115.119, 119.805, 173.525, 0.335911, 162.496, 0.955732, -47.3371, 0.0482645, -163.564
4073, 67.88333, 162.019, 90.8375, 147.419, -115.195, 120.004, 173.541, 0.337095, 162.429, 0.956235, -47.4437, 0.0475058, -162.968
4074, 67.89167, 162.492, 90.7854, 147.408, -115.271, 120.204, 173.557, 0.338282, 162.361, 0.956735, -47.5498, 0.046755, -162.338
4074, 67.90000, 162.965, 90.7334, 147.397, -115.347, 120.405, 173.573, 0.339472, 162.294, 0.957234, -47.6552, 0.0460132, -161.674
4074, 67.90833, 163.438, 90.6814, 147.386, -115.423, 120.608, 173.59, 0.340665, 162.226, 0.957731, -47.7601, 0.0452811, -160.974
4075, 67.91666, 163.912, 90.6295, 147.376, -115.498, 120.812, 173.607, 0.341861, 162.157, 0.958227, -47.8644, 0.0445597, -160.236
4076, 67.92500, 164.387, 90.5775, 147.367, -115.574, 121.016, 173.623, 0.34306, 162.088, 0.958722, -47.9682, 0.0438499, -159.46
4076, 67.93333, 164.861, 90.5256, 147.358, -115.649, 121.222, 173.64, 0.344263, 162.019, 0.959216, -48.0714, 0.0431527, -158.644
4077, 67.94167, 165.337, 90.4737, 147.349, -115.724, 121.43, 173.658, 0.345468, 161.95, 0.959709, -48.174, 0.0424691, -157.787
4077, 67.95000, 165.812, 90.4218, 147.341, -115.799, 121.638, 173.675, 0.346677, 161.881, 0.960202, -48.2761, 0.0418004, -156.887
4078, 67.95834, 166.288, 90.3699, 147.333, -115.873, 121.848, 173.692, 0.347889, 161.811, 0.960693, -48.3776, 0.0411475, -155.944
4078, 67.96667, 166.765, 90.318, 147.326, -115.948, 122.059, 173.709, 0.349104, 161.741, 0.961185, -48.4786, 0.0405117, -154.956
4079, 67.97500, 167.242, 90.2661, 147.319, -116.022, 122.272, 173.727, 0.350322, 161.67, 0.961676, -48.5791, 0.0398943, -153.922
4079, 67.98333, 167.719, 90.2143, 147.313, -116.097, 122.485, 173.744, 0.351543, 161.599, 0.962168, -48.679, 0.0392966, -152.841
4080, 67.99167, 168.197, 90.1625, 147.307, -116.171, 122.7, 173.762, 0.352767, 161.528, 0.962659, -48.7784, 0.0387197, -151.713
4080, 68.00000, 168.676, 90.1106, 147.302, -116.245, 122.917, 173.78, 0.353994, 161.457, 0.963151, -48.8772, 0.0381653, -150.538
4081, 68.00833, 169.155, 90.0588, 147.298, -116.319, 123.134, 173.797, 0.355225, 161.385, 0.963643, -48.9755, 0.0376346, -149.314
4081, 68.01667, 169.634, 90.007, 147.294, -116.394, 123.353, 173.815, 0.356458, 161.314, 0.964136, -49.0734, 0.0371291, -148.042
4082, 68.02500, 170.114, 89.9551, 147.29, -116.468, 123.573, 173.832, 0.357695, 161.241, 0.96463, -49.1707, 0.0366504, -146.723
4082, 68.03333, 170.595, 89.9033, 147.287, -116.542, 123.795, 173.85, 0.358934, 161.169, 0.965124, -49.2674, 0.0361997, -145.355
4082, 68.04166, 171.076, 89.8514, 147.285, -116.616, 124.018, 173.868, 0.360177, 161.096, 0.96562, -49.3637, 0.0357787, -143.942
4083, 68.05000, 171.558, 89.7996, 147.283, -116.689, 124.242, 173.885, 0.361423, 161.023, 0.966116, -49.4595, 0.0353887, -142.483
4084, 68.05833, 172.041, 89.7477, 147.281, -116.763, 124.467, 173.902, 0.362672, 160.949, 0.966614, -49.5548, 0.0350313, -140.981
4084, 68.06667, 172.524, 89.6958, 147.281, -116.837, 124.694, 173.92, 0.363924, 160.875, 0.967114, -49.6497, 0.0347078, -139.438
4085, 68.07500, 173.007, 89.6439, 147.28, -116.911, 124.922, 173.937, 0.365179, 160.801, 0.967615, -49.744, 0.0344195, -137.856
4085, 68.08334, 173.492, 89.592, 147.281, -116.985, 125.151, 173.954, 0.366437, 160.727, 0.968118, -49.8379, 0.0341679, -136.239
4086, 68.09167, 173.977, 89.5401, 147.281, -117.059, 125.382, 173.971, 0.367699, 160.652, 0.968623, -49.9313, 0.0339539, -134.59
4086, 68.10000, 174.463, 89.4881, 147.283, -117.133, 125.614, 173.988, 0.368963, 160.577, 0.96913, -50.0243, 0.0337787, -132.912
4087, 68.10833, 174.949, 89.4361, 147.284, -117.207, 125.847, 174.005, 0.37023, 160.501, 0.969639, -50.1168, 0.0336434, -131.21
4087, 68.11667, 175.436, 89.3841, 147.287, -117.281, 126.082, 174.022, 0.3715, 160.426, 0.97015, -50.2089, 0.0335486, -129.489
4088, 68.12500, 175.924, 89.332, 147.29, -117.355, 126.318, 174.038, 0.372774, 160.35, 0.970664, -50.3005, 0.0334952, -127.754
4088, 68.13333, 176.412, 89.2799, 147.293, -117.43, 126.555, 174.055, 0.37405, 160.273, 0.97118, -50.3917, 0.0334836, -126.009
4089, 68.14167, 176.901, 89.2278, 147.297, -117.504, 126.793, 174.071, 0.375329, 160.196, 0.971698, -50.4825, 0.0335141, -124.259
4089, 68.15000, 177.391, 89.1756, 147.301, -117.579, 127.033, 174.087, 0.376612, 160.119, 0.97222, -50.5729, 0.0335871, -122.511
4090, 68.15833, 177.882, 89.1233, 147.306, -117.653, 127.274, 174.102, 0.377897, 160.042, 0.972744, -50.6629, 0.0337025, -120.769
4090, 68.16666, 178.373, 89.071, 147.312, -117.728, 127.516, 174.118, 0.379185, 159.964, 0.973272, -50.7524, 0.0338601, -119.038
4090, 68.17500, 178.865, 89.0187, 147.318, -117.803, 127.76, 174.133, 0.380476, 159.886, 0.973802, -50.8416, 0.0340596, -117.324
4091, 68.18333, 179.358, 88.9663, 147.324, -117.878, 128.005, 174.148, 0.38177, 159.808, 0.974336, -50.9304, 0.0343007, -115.631
4092, 68.19167, 179.852, 88.9138, 147.331, -117.953, 128.251, 174.163, 0.383068, 159.729, 0.974873, -51.0188, 0.0345826, -113.963
4092, 68.20000, 180.346, 88.8613, 147.338, -118.028, 128.498, 174.177, 0.384368, 159.65, 0.975413, -51.1069, 0.0349046, -112.325
4093, 68.20834, 180.841, 88.8087, 147.346, -118.103, 128.747, 174.191, 0.38567, 159.571, 0.975957, -51.1946, 0.0352658, -110.72
4093, 68.21667, 181.338, 88.756, 147.354, -118.179, 128.996, 174.205, 0.386976, 159.491, 0.976505, -51.282, 0.0356653, -109.151
4094, 68.22500, 181.834, 88.7032, 147.363, -118.255, 129.247, 174.219, 0.388285, 159.411, 0.977056, -51.369, 0.036102, -107.621
4094, 68.23333, 182.332, 88.6504, 147.372, -118.331, 129.499, 174.232, 0.389596, 159.33, 0.977611, -51.4556, 0.0365747, -106.134
4095, 68.24167, 182.83, 88.5975, 147.382, -118.407, 129.753, 174.245, 0.390911, 159.249, 0.978169, -51.542, 0.0370822, -104.689
4095, 68.25000, 183.33, 88.5445, 147.392, -118.483, 130.007, 174.258, 0.392228, 159.168, 0.978732, -51.628, 0.0376233, -103.29
4096, 68.25833, 183.83, 88.4914, 147.402, -118.56, 130.263, 174.271, 0.393548, 159.087, 0.979299, -51.7137, 0.0381967, -101.936
4096, 68.26667, 184.331, 88.4382, 147.413, -118.637, 130.519, 174.283, 0.394871, 159.005, 0.97987, -51.7992, 0.0388012, -100.63
4097, 68.27500, 184.833, 88.3849, 147.424, -118.714, 130.777, 174.294, 0.396197, 158.923, 0.980445, -51.8843, 0.0394354, -99.3702
4097, 68.28333, 185.335, 88.3315, 147.435, -118.791, 131.036, 174.306, 0.397525, 158.84, 0.981024, -51.9691, 0.040098, -98.1581
4098, 68.29166, 185.839, 88.278, 147.447, -118.869, 131.296, 174.317, 0.398856, 158.758, 0.981608, -52.0537, 0.0407878, -96.993
4098, 68.30000, 186.343, 88.2244, 147.459, -118.947, 131.558, 174.327, 0.40019, 158.674, 0.982196, -52.138, 0.0415034, -95.8747
4098, 68.30833, 186.848, 88.1707, 147.471, -119.025, 131.82, 174.337, 0.401527, 158.591, 0.982788, -52.2221, 0.0422437, -94.8025
4099, 68.31667, 187.355, 88.1168, 147.484, -119.103, 132.083, 174.347, 0.402866, 158.507, 0.983385, -52.3059, 0.0430076, -93.7754
4100, 68.32500, 187.862, 88.0629, 147.497, -119.182, 132.348, 174.357, 0.404208, 158.423, 0.983987, -52.3895, 0.0437937, -92.7927
4100, 68.33334, 188.369, 88.0088, 147.51, -119.261, 132.613, 174.366, 0.405553, 158.338, 0.984593, -52.4728, 0.044601, -91.8534
4101, 68.34167, 188.878, 87.9546, 147.524, -119.34, 132.879, 174.374, 0.4069, 158.253, 0.985204, -52.5559, 0.0454285, -90.956
4101, 68.35000, 189.388, 87.9002, 147.537, -119.42, 133.147, 174.383, 0.40825, 158.168, 0.985819, -52.6389, 0.046275, -90.0997
4102, 68.35833, 189.898, 87.8457, 147.551, -119.5, 133.415, 174.39, 0.409603, 158.082, 0.986439, -52.7216, 0.0471396, -89.283
4102, 68.36667, 190.41, 87.7911, 147.565, -119.58, 133.684, 174.398, 0.410958, 157.996, 0.987065, -52.8041, 0.0480215, -88.5046
4103, 68.37500, 190.922, 87.7364, 147.58, -119.661, 133.954, 174.405, 0.412316, 157.91, 0.987694, -52.8864, 0.0489195, -87.7633
4103, 68.38333, 191.436, 87.6814, 147.594, -119.742, 134.225, 174.411, 0.413676, 157.823, 0.988329, -52.9685, 0.0498329, -87.0577
4104, 68.39167, 191.95, 87.6264, 147.609, -119.823, 134.498, 174.417, 0.415039, 157.736, 0.988969, -53.0505, 0.0507609, -86.3864
4104, 68.40000, 192.465, 87.5712, 147.623, -119.904, 134.77, 174.423, 0.416405, 157.649, 0.989614, -53.1324, 0.0517026, -85.7483
4105, 68.40833, 192.981, 87.5158, 147.638, -119.986, 135.044, 174.428, 0.417773, 157.561, 0.990263, -53.214, 0.0526573, -85.142
4105, 68.41666, 193.498, 87.4602, 147.653, -120.069, 135.319, 174.433, 0.419143, 157.473, 0.990918, -53.2956, 0.0536245, -84.5661
4106, 68.42500, 194.016, 87.4045, 147.668, -120.151, 135.594, 174.437, 0.420516, 157.385, 0.991578, -53.377, 0.0546032, -84.0196
4106, 68.43333, 194.534, 87.3487, 147.683, -120.234, 135.87, 174.441, 0.421891, 157.296, 0.992242, -53.4582, 0.055593, -83.5011
4106, 68.44167, 195.054, 87.2926, 147.698, -120.318, 136.147, 174.444, 0.423269, 157.207, 0.992912, -53.5394, 0.0565933, -83.0096
4107, 68.45000, 195.574, 87.2364, 147.713, -120.402, 136.425, 174.447, 0.424649, 157.117, 0.993587, -53.6204, 0.0576033, -82.5439
4108, 68.45834, 196.096, 87.18, 147.728, -120.486, 136.703, 174.449, 0.426031, 157.027, 0.994267, -53.7014, 0.0586226, -82.1029
4108, 68.46667, 196.618, 87.1234, 147.743, -120.571, 136.982, 174.451, 0.427416, 156.937, 0.994951, -53.7823, 0.0596508, -81.6855
4109, 68.47500, 197.142, 87.0667, 147.759, -120.656, 137.262, 174.453, 0.428803, 156.847, 0.995641, -53.8631, 0.0606872, -81.2908
4109, 68.48333, 197.666, 87.0097, 147.773, -120.741, 137.543, 174.454, 0.430192, 156.756, 0.996337, -53.9438, 0.0617315, -80.9179
4110, 68.49167, 198.191, 86.9526, 147.788, -120.827, 137.824, 174.454, 0.431584, 156.665, 0.997037, -54.0244, 0.0627832, -80.5656
4110, 68.50000, 198.717, 86.8953, 147.803, -120.913, 138.106, 174.454, 0.432978, 156.573, 0.997742, -54.105, 0.0638419, -80.2332
4111, 68.50833, 199.244, 86.8377, 147.818, -121, 138.388, 174.453, 0.434374, 156.481, 0.998452, -54.1856, 0.064907, -79.9199
4111, 68.51667, 199.772, 86.78, 147.832, -121.087, 138.671, 174.452, 0.435772, 156.389, 0.999168, -54.2661, 0.0659786, -79.6247
4112, 68.52500, 200.301, 86.722, 147.847, -121.175, 138.955, 174.451, 0.437173, 156.296, 0.999888, -54.3465, 0.0670558, -79.347
4112, 68.53333, 200.83, 86.6639, 147.861, -121.263, 139.239, 174.449, 0.438575, 156.203, 1.00061, -54.427, 0.0681385, -79.0859
4113, 68.54166, 201.361, 86.6055, 147.875, -121.351, 139.523, 174.446, 0.43998, 156.11, 1.00134, -54.5074, 0.0692265, -78.8408
4113, 68.55000, 201.892, 86.547, 147.888, -121.44, 139.808, 174.444, 0.441387, 156.017, 1.00208, -54.5879, 0.0703193, -78.6109
4114, 68.55833, 202.424, 86.4882, 147.902, -121.529, 140.094, 174.44, 0.442796, 155.923, 1.00282, -54.6683, 0.0714166, -78.3957
4114, 68.56667, 202.958, 86.4292, 147.915, -121.619, 140.38, 174.436, 0.444207, 155.828, 1.00357, -54.7487, 0.0725183, -78.1945
4114, 68.57500, 203.492, 86.3699, 147.928, -121.709, 140.666, 174.432, 0.44562, 155.734, 1.00432, -54.8292, 0.0736239, -78.0068
4115, 68.58334, 204.027, 86.3105, 147.94, -121.8, 140.953, 174.427, 0.447035, 155.639, 1.00507, -54.9097, 0.0747332, -77.8319
4116, 68.59167, 204.563, 86.2508, 147.952, -121.891, 141.24, 174.421, 0.448452, 155.543, 1.00583, -54.9902, 0.0758462, -77.6693
4116, 68.60000, 205.099, 86.1909, 147.964, -121.982, 141.527, 174.415, 0.449871, 155.448, 1.0066, -55.0707, 0.0769623, -77.5185
4117, 68.60833, 205.637, 86.1308, 147.976, -122.074, 141.815, 174.409, 0.451292, 155.352, 1.00737, -55.1513, 0.0780815, -77.379
4117, 68.61667, 206.176, 86.0704, 147.987, -122.167, 142.103, 174.402, 0.452715, 155.255, 1.00814, -55.232, 0.0792036, -77.2504
4118, 68.62500, 206.715, 86.0098, 147.997, -122.26, 142.392, 174.394, 0.45414, 155.159, 1.00892, -55.3127, 0.0803282, -77.1322
4118, 68.63333, 207.255, 85.9489, 148.007, -122.353, 142.68, 174.386, 0.455566, 155.062, 1.0097, -55.3935, 0.0814553, -77.024
4119, 68.64167, 207.796, 85.8878, 148.017, -122.447, 142.969, 174.378, 0.456995, 154.965, 1.01049, -55.4743, 0.0825847, -76.9253
4119, 68.65000, 208.338, 85.8265, 148.026, -122.542, 143.258, 174.369, 0.458425, 154.867, 1.01128, -55.5553, 0.083716, -76.8358
4120, 68.65833, 208.881, 85.7649, 148.035, -122.637, 143.548, 174.36, 0.459857, 154.769, 1.01208, -55.6363, 0.0848492, -76.7551
4120, 68.66666, 209.424, 85.703, 148.043, -122.732, 143.837, 174.35, 0.461291, 154.671, 1.01288, -55.7174, 0.0859842, -76.6829
4121, 68.67500, 209.968, 85.6409, 148.051, -122.828, 144.127, 174.339, 0.462726, 154.572, 1.01369, -55.7986, 0.0871207, -76.6188
4121, 68.68333, 210.514, 85.5786, 148.058, -122.924, 144.417, 174.329, 0.464163, 154.473, 1.0145, -55.8799, 0.0882585, -76.5625
4122, 68.69167, 211.06, 85.516, 148.064, -123.021, 144.706, 174.317, 0.465602, 154.374, 1.01532, -55.9614, 0.0893977, -76.5137
4122, 68.70000, 211.606, 85.4531, 148.07, -123.118, 144.996, 174.305, 0.467043, 154.274, 1.01614, -56.0429, 0.0905378, -76.4721
4122, 68.70834, 212.154, 85.39, 148.075, -123.216, 145.286, 174.293, 0.468485, 154.175, 1.01696, -56.1246, 0.091679, -76.4374
4123, 68.71667, 212.702, 85.3266, 148.079, -123.314, 145.576, 174.28, 0.469929, 154.074, 1.01779, -56.2065, 0.092821, -76.4093
4124, 68.72500, 213.251, 85.263, 148.083, -123.413, 145.866, 174.267, 0.471374, 153.974, 1.01862, -56.2884, 0.0939637, -76.3877
4124, 68.73333, 213.801, 85.1991, 148.086, -123.512, 146.156, 174.253, 0.47282, 153.873, 1.01946, -56.3705, 0.0951068, -76.3721
4125, 68.74167, 214.352, 85.1349, 148.088, -123.612, 146.446, 174.239, 0.474269, 153.772, 1.02029, -56.4528, 0.0962506, -76.3625
4125, 68.75000, 214.903, 85.0704, 148.09, -123.712, 146.736, 174.225, 0.475719, 153.67, 1.02114, -56.5352, 0.0973946, -76.3585
4126, 68.75833, 215.455, 85.0057, 148.09, -123.813, 147.025, 174.21, 0.47717, 153.569, 1.02199, -56.6178, 0.0985387, -76.36
4126, 68.76667, 216.008, 84.9407, 148.09, -123.914, 147.315, 174.194, 0.478622, 153.466, 1.02284, -56.7005, 0.0996832, -76.3667
4127, 68.77500, 216.562, 84.8754, 148.089, -124.015, 147.605, 174.178, 0.480076, 153.364, 1.02369, -56.7834, 0.100827, -76.3785
4127, 68.78333, 217.116, 84.8099, 148.087, -124.117, 147.894, 174.162, 0.481532, 153.261, 1.02455, -56.8665, 0.101972, -76.3952
4128, 68.79166, 217.671, 84.7441, 148.085, -124.22, 148.183, 174.145, 0.482989, 153.158, 1.02541, -56.9498, 0.103116, -76.4165
4128, 68.80000, 218.227, 84.678, 148.081, -124.323, 148.472, 174.127, 0.484447, 153.055, 1.02628, -57.0332, 0.104259, -76.4423
4129, 68.80833, 218.783, 84.6116, 148.077, -124.427, 148.761, 174.11, 0.485906, 152.952, 1.02715, -57.1169, 0.105403, -76.4724
4129, 68.81667, 219.34, 84.5449, 148.072, -124.531, 149.049, 174.091, 0.487367, 152.848, 1.02802, -57.2007, 0.106546, -76.5067
4130, 68.82500, 219.898, 84.478, 148.065, -124.635, 149.338, 174.073, 0.488829, 152.743, 1.02889, -57.2847, 0.107688, -76.5451
4130, 68.83334, 220.456, 84.4108, 148.058, -124.74, 149.626, 174.054, 0.490292, 152.639, 1.02977, -57.369, 0.108829, -76.5873
4130, 68.84167, 221.015, 84.3432, 148.05, -124.846, 149.913, 174.034, 0.491756, 152.534, 1.03065, -57.4534, 0.10997, -76.6332
4131, 68.85000, 221.575, 84.2754, 148.04, -124.952, 150.2, 174.014, 0.493222, 152.429, 1.03154, -57.5381, 0.11111, -76.6827
4132, 68.85833, 222.135, 84.2074, 148.03, -125.058, 150.487, 173.994, 0.494688, 152.324, 1.03242, -57.623, 0.11225, -76.7356
4132, 68.86667, 222.696, 84.139, 148.019, -125.165, 150.774, 173.973, 0.496156, 152.218, 1.03331, -57.7081, 0.113388, -76.7919
4133, 68.87500, 223.257, 84.0703, 148.006, -125.273, 151.06, 173.952, 0.497625, 152.112, 1.03421, -57.7934, 0.114525, -76.8513
4133, 68.88333, 223.819, 84.0014, 147.993, -125.381, 151.346, 173.931, 0.499095, 152.006, 1.0351, -57.879, 0.115661, -76.9139
4134, 68.89167, 224.382, 83.9322, 147.978, -125.489, 151.631, 173.909, 0.500566, 151.899, 1.036, -57.9648, 0.116796, -76.9794
4134, 68.90000, 224.945, 83.8626, 147.962, -125.598, 151.916, 173.887, 0.502037, 151.793, 1.0369, -58.0508, 0.11793, -77.0478
4135, 68.90833, 225.509, 83.7928, 147.945, -125.707, 152.201, 173.864, 0.50351, 151.686, 1.0378, -58.1371, 0.119062, -77.1189
4135, 68.91666, 226.073, 83.7227, 147.927, -125.817, 152.485, 173.841, 0.504984, 151.578, 1.03871, -58.2236, 0.120193, -77.1927
4136, 68.92500, 226.638, 83.6523, 147.908, -125.927, 152.768, 173.818, 0.506459, 151.471, 1.03961, -58.3104, 0.121322, -77.269
4136, 68.93333, 227.203, 83.5816, 147.888, -126.038, 153.051, 173.794, 0.507934, 151.363, 1.04052, -58.3974, 0.12245, -77.3478
4137, 68.94167, 227.769, 83.5106, 147.866, -126.149, 153.333, 173.77, 0.509411, 151.255, 1.04143, -58.4846, 0.123577, -77.429
4137, 68.95000, 228.335, 83.4394, 147.843, -126.261, 153.615, 173.745, 0.510888, 151.146, 1.04235, -58.5722, 0.124701, -77.5125
4138, 68.95834, 228.902, 83.3678, 147.819, -126.373, 153.896, 173.72, 0.512366, 151.038, 1.04326, -58.6599, 0.125825, -77.5981
4138, 68.96667, 229.469, 83.2959, 147.793, -126.486, 154.177, 173.695, 0.513845, 150.929, 1.04418, -58.748, 0.126946, -77.6859
4138, 68.97500, 230.036, 83.2238, 147.767, -126.599, 154.457, 173.67, 0.515325, 150.819, 1.0451, -58.8363, 0.128066, -77.7757
4139, 68.98333, 230.605, 83.1513, 147.738, -126.712, 154.736, 173.644, 0.516805, 150.71, 1.04601, -58.9248, 0.129183, -77.8675
4140, 68.99167, 231.173, 83.0786, 147.709, -126.826, 155.015, 173.618, 0.518287, 150.6, 1.04694, -59.0137, 0.130299, -77.9612
4140, 69.00000, 231.742, 83.0055, 147.678, -126.941, 155.293, 173.591, 0.519768, 150.49, 1.04786, -59.1028, 0.131413, -78.0567
4141, 69.00833, 232.311, 82.9322, 147.646, -127.055, 155.57, 173.564, 0.521251, 150.38, 1.04878, -59.1921, 0.132525, -78.1539
4141, 69.01667, 232.881, 82.8585, 147.613, -127.171, 155.847, 173.537, 0.522734, 150.269, 1.04971, -59.2818, 0.133636, -78.2528
4142, 69.02500, 233.451, 82.7846, 147.578, -127.286, 156.122, 173.51, 0.524218, 150.159, 1.05063, -59.3717, 0.134743, -78.3534
4142, 69.03333, 234.022, 82.7104, 147.541, -127.403, 156.398, 173.482, 0.525702, 150.048, 1.05156, -59.4619, 0.135849, -78.4555
4143, 69.04166, 234.592, 82.6359, 147.504, -127.519, 156.672, 173.454, 0.527187, 149.936, 1.05248, -59.5524, 0.136953, -78.5591
4143, 69.05000, 235.163, 82.5611, 147.464, -127.636, 156.945, 173.426, 0.528672, 149.825, 1.05341, -59.6431, 0.138054, -78.6642
4144, 69.05833, 235.735, 82.486, 147.424, -127.754, 157.218, 173.397, 0.530158, 149.713, 1.05434, -59.7341, 0.139154, -78.7706
4144, 69.06667, 236.307, 82.4106, 147.382, -127.872, 157.49, 173.369, 0.531644, 149.601, 1.05527, -59.8255, 0.140251, -78.8784
4145, 69.07500, 236.879, 82.3349, 147.338, -127.99, 157.761, 173.339, 0.533131, 149.489, 1.0562, -59.9171, 0.141345, -78.9874
4145, 69.08334, 237.451, 82.2589, 147.293, -128.109, 158.031, 173.31, 0.534618, 149.376, 1.05713, -60.009, 0.142437, -79.0977
4146, 69.09167, 238.024, 82.1826, 147.246, -128.228, 158.301, 173.28, 0.536106, 149.264, 1.05806, -60.1012, 0.143527, -79.2092
4146, 69.10000, 238.596, 82.106, 147.198, -128.347, 158.569, 173.251, 0.537594, 149.151, 1.05899, -60.1936, 0.144615, -79.3218
4146, 69.10833, 239.169, 82.0292, 147.148, -128.467, 158.837, 173.22, 0.539082, 149.038, 1.05992, -60.2864, 0.1457, -79.4355
4147, 69.11667, 239.743, 81.952, 147.097, -128.588, 159.104, 173.19, 0.540571, 148.924, 1.06085, -60.3794, 0.146783, -79.5503
4148, 69.12500, 240.316, 81.8746, 147.044, -128.709, 159.37, 173.159, 0.54206, 148.811, 1.06178, -60.4728, 0.147863, -79.666
4148, 69.13333, 240.89, 81.7968, 146.989, -128.83, 159.634, 173.129, 0.54355, 148.697, 1.06271, -60.5664, 0.14894, -79.7827
4149, 69.14167, 241.464, 81.7188, 146.933, -128.951, 159.898, 173.098, 0.545039, 148.583, 1.06364, -60.6603, 0.150015, -79.9004
4149, 69.15000, 242.038, 81.6405, 146.876, -129.073, 160.161, 173.066, 0.546529, 148.468, 1.06457, -60.7545, 0.151087, -80.0189
4150, 69.15833, 242.612, 81.5619, 146.816, -129.196, 160.423, 173.035, 0.548019, 148.354, 1.0655, -60.849, 0.152157, -80.1382
4150, 69.16666, 243.186, 81.483, 146.755, -129.319, 160.684, 173.003, 0.549509, 148.239, 1.06643, -60.9438, 0.153224, -80.2584
4151, 69.17500, 243.761, 81.4038, 146.693, -129.442, 160.944, 172.971, 0.551, 148.124, 1.06735, -61.0389, 0.154288, -80.3793
4151, 69.18333, 244.335, 81.3244, 146.628, -129.565, 161.203, 172.939, 0.55249, 148.009, 1.06828, -61.1343, 0.155349, -80.501
4152, 69.19167, 244.91, 81.2446, 146.562, -129.689, 161.461, 172.907, 0.553981, 147.894, 1.0692, -61.23, 0.156408, -80.6234
4152, 69.20000, 245.485, 81.1646, 146.494, -129.813, 161.718, 172.875, 0.555472, 147.778, 1.07013, -61.326, 0.157464, -80.7464
4153, 69.20834, 246.06, 81.0843, 146.425, -129.938, 161.974, 172.842, 0.556963, 147.663, 1.07105, -61.4222, 0.158517, -80.8701
4153, 69.21667, 246.634, 81.0036, 146.354, -130.063, 162.229, 172.81, 0.558454, 147.547, 1.07197, -61.5188, 0.159568, -80.9944
4154, 69.22500, 247.209, 80.9228, 146.281, -130.189, 162.483, 172.777, 0.559945, 147.43, 1.07289, -61.6156, 0.160615, -81.1192
4154, 69.23333, 247.784, 80.8416, 146.206, -130.314, 162.736, 172.744, 0.561435, 147.314, 1.07381, -61.7128, 0.161659, -81.2446
4154, 69.24167, 248.359, 80.7602, 146.13, -130.44, 162.987, 172.71, 0.562926, 147.197, 1.07473, -61.8102, 0.162701, -81.3706
4155, 69.25000, 248.934, 80.6784, 146.052, -130.567, 163.238, 172.677, 0.564417, 147.081, 1.07565, -61.908, 0.16374, -81.497
4156, 69.25833, 249.509, 80.5964, 145.972, -130.694, 163.487, 172.644, 0.565908, 146.964, 1.07656, -62.006, 0.164776, -81.6239
4156, 69.26667, 250.084, 80.5142, 145.89, -130.821, 163.735, 172.61, 0.567399, 146.846, 1.07748, -62.1043, 0.165809, -81.7512
4157, 69.27500, 250.659, 80.4316, 145.807, -130.948, 163.982, 172.576, 0.56889, 146.729, 1.07839, -62.2029, 0.166838, -81.8789
4157, 69.28333, 251.234, 80.3488, 145.721, -131.076, 164.228, 172.543, 0.57038, 146.612, 1.0793, -62.3018, 0.167865, -82.007
4158, 69.29166, 251.808, 80.2657, 145.634, -131.205, 164.473, 172.509, 0.571871, 146.494, 1.0802, -62.401, 0.168889, -82.1356
4158, 69.30000, 252.383, 80.1823, 145.545, -131.333, 164.717, 172.475, 0.573361, 146.376, 1.08111, -62.5005, 0.16991, -82.2644
4159, 69.30833, 252.957, 80.0987, 145.454, -131.462, 164.959, 172.441, 0.574851, 146.258, 1.08201, -62.6002, 0.170928, -82.3935
4159, 69.31667, 253.532, 80.0147, 145.362, -131.591, 165.201, 172.407, 0.576341, 146.14, 1.08291, -62.7003, 0.171942, -82.523
4160, 69.32500, 254.106, 79.9306, 145.267, -131.721, 165.441, 172.372, 0.57783, 146.021, 1.08381, -62.8006, 0.172954, -82.6527
4160, 69.33334, 254.68, 79.8461, 145.171, -131.85, 165.68, 172.338, 0.57932, 145.902, 1.08471, -62.9012, 0.173962, -82.7827
4161, 69.34167, 255.254, 79.7614, 145.073, -131.981, 165.917, 172.304, 0.580809, 145.784, 1.0856, -63.0022, 0.174968, -82.913
4161, 69.35000, 255.828, 79.6764, 144.972, -132.111, 166.154, 172.269, 0.582298, 145.665, 1.08649, -63.1033, 0.17597, -83.0434
4162, 69.35833, 256.401, 79.5912, 144.87, -132.242, 166.389, 172.235, 0.583786, 145.545, 1.08738, -63.2048, 0.176969, -83.1741
4162, 69.36667, 256.975, 79.5057, 144.767, -132.373, 166.623, 172.2, 0.585274, 145.426, 1.08826, -63.3066, 0.177965, -83.3049
4162, 69.37500, 257.548, 79.4199, 144.661, -132.504, 166.856, 172.165, 0.586762, 145.307, 1.08914, -63.4086, 0.178958, -83.4359
4163, 69.38333, 258.121, 79.3339, 144.553, -132.636, 167.088, 172.131, 0.58825, 145.187, 1.09002, -63.5109, 0.179947, -83.567
4164, 69.39167, 258.694, 79.2476, 144.443, -132.768, 167.318, 172.096, 0.589737, 145.067, 1.0909, -63.6135, 0.180934, -83.6982
4164, 69.40000, 259.266, 79.161, 144.332, -132.9, 167.547, 172.061, 0.591224, 144.947, 1.09177, -63.7164, 0.181917, -83.8296
4165, 69.40833, 259.838, 79.0742, 144.218, -133.032, 167.775, 172.027, 0.59271, 144.827, 1.09264, -63.8195, 0.182897, -83.9611
4165, 69.41666, 260.41, 78.9872, 144.103, -133.165, 168.002, 171.992, 0.594196, 144.707, 1.09351, -63.9229, 0.183873, -84.0926
4166, 69.42500, 260.982, 78.8999, 143.986, -133.298, 168.227, 171.957, 0.595681, 144.586, 1.09437, -64.0266, 0.184847, -84.2242
4166, 69.43333, 261.553, 78.8123, 143.866, -133.432, 168.451, 171.922, 0.597166, 144.466, 1.09523, -64.1305, 0.185817, -84.3558
4167, 69.44167, 262.124, 78.7245, 143.745, -133.565, 168.674, 171.888, 0.598651, 144.345, 1.09609, -64.2348, 0.186784, -84.4875
4167, 69.45000, 262.695, 78.6365, 143.622, -133.699, 168.895, 171.853, 0.600134, 144.224, 1.09694, -64.3392, 0.187748, -84.6192
4168, 69.45834, 263.265, 78.5482, 143.497, -133.833, 169.115, 171.818, 0.601618, 144.103, 1.09779, -64.444, 0.188708, -84.7509
4168, 69.46667, 263.835, 78.4596, 143.369, -133.968, 169.334, 171.784, 0.603101, 143.982, 1.09863, -64.549, 0.189665, -84.8825
4169, 69.47500, 264.404, 78.3708, 143.24, -134.102, 169.552, 171.749, 0.604583, 143.86, 1.09947, -64.6543, 0.190619, -85.0142
4169, 69.48333, 264.973, 78.2818, 143.109, -134.237, 169.768, 171.714, 0.606065, 143.739, 1.10031, -64.7598, 0.19157, -85.1458
4170, 69.49167, 265.542, 78.1925, 142.976, -134.372, 169.983, 171.68, 0.607546, 143.617, 1.10114, -64.8656, 0.192517, -85.2774
4170, 69.50000, 266.11, 78.103, 142.841, -134.507, 170.197, 171.645, 0.609026, 143.495, 1.10197, -64.9717, 0.193461, -85.4089
4170, 69.50833, 266.678, 78.0133, 142.704, -134.643, 170.409, 171.611, 0.610506, 143.373, 1.1028, -65.078, 0.194401, -85.5403
4171, 69.51667, 267.246, 77.9233, 142.564, -134.779, 170.62, 171.576, 0.611986, 143.251, 1.10362, -65.1845, 0.195339, -85.6717
4172, 69.52500, 267.813, 77.8331, 142.423, -134.915, 170.83, 171.542, 0.613464, 143.129, 1.10443, -65.2913, 0.196273, -85.8029
4172, 69.53333, 268.379, 77.7426, 142.28, -135.051, 171.038, 171.508, 0.614942, 143.007, 1.10524, -65.3984, 0.197203, -85.934
4173, 69.54166, 268.945, 77.6519, 142.135, -135.188, 171.245, 171.473, 0.616419, 142.884, 1.10605, -65.5057, 0.198131, -86.0651
4173, 69.55000, 269.511, 77.561, 141.988, -135.324, 171.451, 171.439, 0.617896, 142.761, 1.10685, -65.6132, 0.199054, -86.1959
4174, 69.55833, 270.076, 77.4699, 141.839, -135.461, 171.655, 171.405, 0.619371, 142.639, 1.10765, -65.721, 0.199975, -86.3267
4174, 69.56667, 270.64, 77.3785, 141.687, -135.599, 171.859, 171.371, 0.620847, 142.516, 1.10845, -65.8291, 0.200892, -86.4573
4175, 69.57500, 271.204, 77.287, 141.534, -135.736, 172.06, 171.337, 0.622321, 142.393, 1.10923, -65.9373, 0.201806, -86.5877
4175, 69.58334, 271.767, 77.1951, 141.379, -135.873, 172.261, 171.304, 0.623794, 142.27, 1.11002, -66.0458, 0.202717, -86.718
4176, 69.59167, 272.33, 77.1031, 141.221, -136.011, 172.46, 171.27, 0.625267, 142.146, 1.1108, -66.1546, 0.203624, -86.8481
4176, 69.60000, 272.892, 77.0109, 141.062, -136.149, 172.658, 171.236, 0.626739, 142.023, 1.11157, -66.2636, 0.204528, -86.978
4177, 69.60833, 273.454, 76.9184, 140.9, -136.287, 172.854, 171.203, 0.62821, 141.899, 1.11234, -66.3728, 0.205429, -87.1077
4177, 69.61667, 274.015, 76.8257, 140.737, -136.426, 173.049, 171.17, 0.62968, 141.776, 1.1131, -66.4822, 0.206326, -87.2372
4178, 69.62500, 274.575, 76.7328, 140.571, -136.564, 173.243, 171.137, 0.63115, 141.652, 1.11386, -66.5919, 0.20722, -87.3664
4178, 69.63333, 275.135, 76.6397, 140.404, -136.703, 173.435, 171.104, 0.632618, 141.528, 1.11462, -66.7018, 0.20811, -87.4955
4178, 69.64167, 275.694, 76.5464, 140.234, -136.842, 173.626, 171.071, 0.634086, 141.404, 1.11537, -66.8119, 0.208997, -87.6243
4179, 69.65000, 276.253, 76.4528, 140.062, -136.981, 173.816, 171.038, 0.635553, 141.28, 1.11611, -66.9222, 0.209881, -87.7529
4180, 69.65833, 276.81, 76.3591, 139.888, -137.12, 174.004, 171.005, 0.637018, 141.156, 1.11685, -67.0327, 0.210762, -87.8812
4180, 69.66666, 277.368, 76.2651, 139.713, -137.259, 174.192, 170.973, 0.638484, 141.032, 1.11758, -67.1435, 0.211639, -88.0092
4181, 69.67500, 277.924, 76.171, 139.535, -137.399, 174.377, 170.941, 0.639948, 140.907, 1.11831, -67.2545, 0.212512, -88.137
4181, 69.68333, 278.48, 76.0766, 139.355, -137.539, 174.562, 170.909, 0.641411, 140.783, 1.11903, -67.3657, 0.213383, -88.2646
4182, 69.69167, 279.035, 75.982, 139.173, -137.679, 174.745, 170.877, 0.642873, 140.658, 1.11975, -67.4771, 0.21425, -88.3918
4182, 69.70000, 279.589, 75.8873, 138.989, -137.819, 174.927, 170.845, 0.644334, 140.533, 1.12046, -67.5887, 0.215114, -88.5188
4183, 69.70834, 280.143, 75.7923, 138.802, -137.959, 175.107, 170.813, 0.645794, 140.408, 1.12116, -67.7005, 0.215974, -88.6455
4183, 69.71667, 280.695, 75.6972, 138.614, -138.099, 175.286, 170.782, 0.647253, 140.283, 1.12186, -67.8125, 0.216831, -88.7719
4184, 69.72500, 281.247, 75.6018, 138.424, -138.24, 175.464, 170.751, 0.648712, 140.158, 1.12255, -67.9247, 0.217685, -88.8979
4184, 69.73333, 281.799, 75.5063, 138.232, -138.38, 175.64, 170.72, 0.650169, 140.033, 1.12324, -68.0371, 0.218535, -89.0237
4185, 69.74167, 282.349, 75.4105, 138.037, -138.521, 175.816, 170.689, 0.651625, 139.908, 1.12392, -68.1497, 0.219382, -89.1491
4185, 69.75000, 282.899, 75.3146, 137.841, -138.662, 175.99, 170.659, 0.65308, 139.783, 1.1246, -68.2625, 0.220226, -89.2743
4186, 69.75833, 283.448, 75.2185, 137.642, -138.803, 176.162, 170.628, 0.654534, 139.657, 1.12527, -68.3755, 0.221067, -89.399
4186, 69.76667, 283.996, 75.1222, 137.441, -138.944, 176.333, 170.598, 0.655987, 139.531, 1.12593, -68.4887, 0.221904, -89.5235
4186, 69.77500, 284.543, 75.0257, 137.239, -139.085, 176.503, 170.568, 0.657439, 139.406, 1.12659, -68.6021, 0.222738, -89.6476
4187, 69.78333, 285.089, 74.929, 137.034, -139.227, 176.672, 170.539, 0.65889, 139.28, 1.12724, -68.7156, 0.223568, -89.7714
4188, 69.79166, 285.635, 74.8321, 136.827, -139.368, 176.839, 170.509, 0.66034, 139.154, 1.12788, -68.8294, 0.224396, -89.8948
4188, 69.80000, 286.18, 74.7351, 136.618, -139.51, 177.005, 170.48, 0.661788, 139.028, 1.12852, -68.9433, 0.22522, -90.0178
4189, 69.80833, 286.723, 74.6379, 136.407, -139.651, 177.17, 170.451, 0.663236, 138.902, 1.12915, -69.0574, 0.226041, -90.1405
4189, 69.81667, 287.266, 74.5405, 136.194, -139.793, 177.334, 170.423, 0.664682, 138.776, 1.12978, -69.1716, 0.226858, -90.2628
4190, 69.82500, 287.808, 74.4429, 135.979, -139.935, 177.496, 170.394, 0.666128, 138.65, 1.1304, -69.2861, 0.227672, -90.3848
4190, 69.83334, 288.349, 74.3452, 135.762, -140.077, 177.657, 170.366, 0.667572, 138.524, 1.13101, -69.4007, 0.228483, -90.5063
4191, 69.84167, 288.89, 74.2473, 135.542, -140.219, 177.816, 170.338, 0.669015, 138.397, 1.13162, -69.5155, 0.229291, -90.6275
4191, 69.85000, 289.429, 74.1492, 135.321, -140.361, 177.975, 170.311, 0.670456, 138.271, 1.13222, -69.6304, 0.230096, -90.7483
4191, 69.85833, 289.967, 74.0509, 135.098, -140.503, 178.132, 170.283, 0.671897, 138.144, 1.13281, -69.7455, 0.230897, -90.8687
4192, 69.86667, 290.505, 73.9525, 134.872, -140.646, 178.288, 170.256, 0.673336, 138.018, 1.1334, -69.8608, 0.231695, -90.9887
4193, 69.87500, 291.041, 73.8539, 134.645, -140.788, 178.443, 170.229, 0.674774, 137.891, 1.13398, -69.9762, 0.23249, -91.1083
4193, 69.88333, 291.576, 73.7551, 134.415, -140.931, 178.596, 170.203, 0.676211, 137.764, 1.13456, -70.0918, 0.233282, -91.2275
4194, 69.89167, 292.111, 73.6562, 134.183, -141.073, 178.748, 170.177, 0.677647, 137.637, 1.13512, -70.2076, 0.23407, -91.3463
4194, 69.90000, 292.644, 73.5571, 133.95, -141.216, 178.899, 170.151, 0.679082, 137.51, 1.13568, -70.3234, 0.234855, -91.4647
4194, 69.90833, 293.177, 73.4579, 133.714, -141.359, 179.049, 170.125, 0.680515, 137.383, 1.13624, -70.4395, 0.235638, -91.5827
4195, 69.91666, 293.708, 73.3585, 133.476, -141.501, 179.198, 170.1, 0.681947, 137.256, 1.13679, -70.5557, 0.236417, -91.7002
4196, 69.92500, 294.238, 73.2589, 133.236, -141.644, 179.345, 170.075, 0.683378, 137.129, 1.13733, -70.672, 0.237192, -91.8173
4196, 69.93333, 294.768, 73.1592, 132.994, -141.787, 179.491, 170.05, 0.684807, 137.001, 1.13786, -70.7885, 0.237965, -91.934
4197, 69.94167, 295.296, 73.0593, 132.75, -141.93, 179.636, 170.026, 0.686235, 136.874, 1.13838, -70.9051, 0.238735, -92.0503
4197, 69.95000, 295.823, 72.9593, 132.504, -142.073, 179.78, 170.002, 0.687662, 136.747, 1.1389, -71.0219, 0.239501, -92.1661
4198, 69.95834, 296.349, 72.8592, 132.256, -142.216, 179.922, 169.978, 0.689088, 136.619, 1.13942, -71.1388, 0.240265, -92.2814
4198, 69.96667, 296.875, 72.7588, 132.006, -142.359, 180.064, 169.955, 0.690512, 136.492, 1.13992, -71.2559, 0.241025, -92.3964
4199, 69.97500, 297.398, 72.6584, 131.754, -142.502, 180.204, 169.932, 0.691935, 136.364, 1.14042, -71.373, 0.241782, -92.5109
4199, 69.98333, 297.921, 72.5577, 131.499, -142.646, 180.343, 169.909, 0.693356, 136.236, 1.14091, -71.4903, 0.242536, -92.6249
4199, 69.99167, 298.443, 72.457, 131.243, -142.789, 180.481, 169.887, 0.694777, 136.108, 1.1414, -71.6078, 0.243287, -92.7385
4200, 70.00000, 298.964, 72.3561, 130.985, -142.932, 180.618, 169.865, 0.696196, 135.98, 1.14187, -71.7253, 0.244035, -92.8516
4201, 70.00833, 299.483, 72.255, 130.725, -143.075, 180.754, 169.843, 0.697613, 135.852, 1.14234, -71.843, 0.24478, -92.9643
4201, 70.01667, 300.002, 72.1538, 130.462, -143.219, 180.888, 169.822, 0.69903, 135.724, 1.1428, -71.9608, 0.245522, -93.0765
4202, 70.02500, 300.519, 72.0525, 130.198, -143.362, 181.022, 169.801, 0.700444, 135.596, 1.14326, -72.0787, 0.246261, -93.1882
4202, 70.03333, 301.035, 71.951, 129.931, -143.505, 181.154, 169.78, 0.701858, 135.468, 1.14371, -72.1968, 0.246997, -93.2995
4203, 70.04166, 301.55, 71.8494, 129.663, -143.649, 181.285, 169.76, 0.70327, 135.34, 1.14415, -72.3149, 0.24773, -93.4103
4203, 70.05000, 302.064, 71.7477, 129.393, -143.792, 181.415, 169.74, 0.704681, 135.212, 1.14458, -72.4332, 0.24846, -93.5206
4204, 70.05833, 302.576, 71.6458, 129.12, -143.935, 181.545, 169.721, 0.70609, 135.083, 1.14501, -72.5516, 0.249187, -93.6305
4204, 70.06667, 303.088, 71.5438, 128.846, -144.079, 181.673, 169.702, 0.707498, 134.955, 1.14543, -72.6701, 0.249911, -93.7399
4205, 70.07500, 303.598, 71.4416, 128.569, -144.222, 181.8, 169.683, 0.708904, 134.826, 1.14584, -72.7887, 0.250632, -93.8487
4205, 70.08334, 304.107, 71.3394, 128.291, -144.366, 181.926, 169.665, 0.710309, 134.698, 1.14624, -72.9074, 0.251351, -93.9572
4206, 70.09167, 304.615, 71.2369, 128.01, -144.509, 182.051, 169.647, 0.711713, 134.569, 1.14664, -73.0262, 0.252066, -94.0651
4206, 70.10000, 305.121, 71.1344, 127.728, -144.652, 182.174, 169.629, 0.713115, 134.441, 1.14703, -73.1451, 0.252779, -94.1725
4207, 70.10833, 305.626, 71.0318, 127.443, -144.796, 182.297, 169.612, 0.714515, 134.312, 1.14741, -73.2641, 0.253488, -94.2795
4207, 70.11667, 306.13, 70.929, 127.156, -144.939, 182.419, 169.596, 0.715914, 134.183, 1.14778, -73.3832, 0.254195, -94.3859
4207, 70.12500, 306.633, 70.8261, 126.868, -145.082, 182.54, 169.579, 0.717312, 134.054, 1.14815, -73.5024, 0.254899, -94.4919
4208, 70.13333, 307.134, 70.7231, 126.578, -145.226, 182.66, 169.563, 0.718708, 133.925, 1.14851, -73.6217, 0.2556, -94.5974
4209, 70.14167, 307.635, 70.6199, 126.285, -145.369, 182.779, 169.548, 0.720103, 133.796, 1.14886, -73.7411, 0.256298, -94.7023
4209, 70.15000, 308.134, 70.5166, 125.991, -145.512, 182.897, 169.533, 0.721496, 133.667, 1.1492, -73.8606, 0.256994, -94.8068
4210, 70.15833, 308.631, 70.4133, 125.694, -145.656, 183.014, 169.518, 0.722888, 133.538, 1.14954, -73.9802, 0.257687, -94.9108
4210, 70.16666, 309.127, 70.3097, 125.396, -145.799, 183.13, 169.504, 0.724278, 133.409, 1.14987, -74.0998, 0.258377, -95.0142
4211, 70.17500, 309.622, 70.2061, 125.095, -145.942, 183.246, 169.49, 0.725667, 133.279, 1.15019, -74.2196, 0.259064, -95.1172
4211, 70.18333, 310.116, 70.1024, 124.793, -146.085, 183.36, 169.477, 0.727054, 133.15, 1.1505, -74.3394, 0.259749, -95.2196
4212, 70.19167, 310.608, 69.9985, 124.489, -146.228, 183.473, 169.464, 0.72844, 133.021, 1.15081, -74.4593, 0.26043, -95.3216
4212, 70.20000, 311.099, 69.8946, 124.182, -146.371, 183.586, 169.452, 0.729824, 132.891, 1.15111, -74.5792, 0.26111, -95.423
4213, 70.20834, 311.589, 69.7905, 123.874, -146.514, 183.697, 169.44, 0.731206, 132.762, 1.1514, -74.6993, 0.261786, -95.5239
4213, 70.21667, 312.077, 69.6863, 123.564, -146.657, 183.808, 169.428, 0.732587, 132.632, 1.15168, -74.8194, 0.26246, -95.6243
4214, 70.22500, 312.564, 69.582, 123.252, -146.8, 183.918, 169.417, 0.733967, 132.503, 1.15195, -74.9396, 0.263131, -95.7242
4214, 70.23333, 313.05, 69.4777, 122.938, -146.943, 184.027, 169.406, 0.735345, 132.373, 1.15222, -75.0599, 0.2638, -95.8235
4215, 70.24167, 313.534, 69.3731, 122.622, -147.086, 184.135, 169.396, 0.736721, 132.243, 1.15248, -75.1802, 0.264466, -95.9224
4215, 70.25000, 314.016, 69.2685, 122.304, -147.229, 184.243, 169.386, 0.738096, 132.113, 1.15273, -75.3006, 0.265129, -96.0207
4215, 70.25833, 314.498, 69.1638, 121.984, -147.371, 184.35, 169.377, 0.739469, 131.984, 1.15297, -75.4211, 0.26579, -96.1185
4216, 70.26667, 314.978, 69.059, 121.662, -147.514, 184.456, 169.368, 0.74084, 131.854, 1.15321, -75.5416, 0.266448, -96.2158
4217, 70.27500, 315.456, 68.9541, 121.338, -147.656, 184.561, 169.36, 0.74221, 131.724, 1.15344, -75.6622, 0.267104, -96.3126
4217, 70.28333, 315.933, 68.8491, 121.012, -147.799, 184.665, 169.352, 0.743578, 131.594, 1.15366, -75.7829, 0.267757, -96.4088
4218, 70.29166, 316.409, 68.744, 120.685, -147.941, 184.769, 169.345, 0.744945, 131.464, 1.15387, -75.9036, 0.268408, -96.5045
4218, 70.30000, 316.883, 68.6387, 120.355, -148.083, 184.872, 169.338, 0.74631, 131.334, 1.15407, -76.0244, 0.269056, -96.5997
4219, 70.30833, 317.355, 68.5334, 120.024, -148.226, 184.974, 169.331, 0.747673, 131.203, 1.15427, -76.1452, 0.269702, -96.6943
4219, 70.31667, 317.827, 68.428, 119.691, -148.368, 185.075, 169.325, 0.749035, 131.073, 1.15446, -76.2661, 0.270345, -96.7884
4220, 70.32500, 318.296, 68.3225, 119.355, -148.51, 185.176, 169.32, 0.750395, 130.943, 1.15464, -76.387, 0.270986, -96.882
4220, 70.33334, 318.765, 68.2169, 119.018, -148.652, 185.276, 169.315, 0.751753, 130.812, 1.15481, -76.5079, 0.271625, -96.9751
4221, 70.34167, 319.231, 68.1112, 118.679, -148.794, 185.376, 169.31, 0.75311, 130.682, 1.15497, -76.629, 0.272261, -97.0676
4221, 70.35000, 319.697, 68.0055, 118.338, -148.935, 185.475, 169.306, 0.754464, 130.551, 1.15513, -76.75, 0.272895, -97.1596
4222, 70.35833, 320.16, 67.8996, 117.995, -149.077, 185.573, 169.303, 0.755818, 130.421, 1.15528, -76.8711, 0.273526, -97.251
4222, 70.36667, 320.623, 67.7936, 117.651, -149.218, 185.67, 169.3, 0.757169, 130.29, 1.15542, -76.9923, 0.274156, -97.342
4223, 70.37500, 321.083, 67.6876, 117.304, -149.36, 185.767, 169.297, 0.758519, 130.16, 1.15555, -77.1135, 0.274783, -97.4323
4223, 70.38333, 321.543, 67.5814, 116.956, -149.501, 185.864, 169.295, 0.759867, 130.029, 1.15567, -77.2347, 0.275407, -97.5222
4223, 70.39167, 322, 67.4752, 116.605, -149.642, 185.96, 169.294, 0.761214, 129.898, 1.15579, -77.356, 0.27603, -97.6115
4224, 70.40000, 322.456, 67.3689, 116.253, -149.783, 186.055, 169.293, 0.762558, 129.767, 1.1559, -77.4773, 0.27665, -97.7003
4225, 70.40833, 322.911, 67.2625, 115.899, -149.924, 186.15, 169.292, 0.763901, 129.636, 1.156, -77.5987, 0.277268, -97.7885
4225, 70.41666, 323.364, 67.156, 115.543, -150.065, 186.244, 169.292, 0.765242, 129.506, 1.15609, -77.7201, 0.277883, -97.8762
4226, 70.42500, 323.815, 67.0494, 115.186, -150.206, 186.338, 169.293, 0.766582, 129.375, 1.15618, -77.8415, 0.278497, -97.9633
4226, 70.43333, 324.265, 66.9428, 114.826, -150.346, 186.431, 169.294, 0.767919, 129.243, 1.15625, -77.9629, 0.279108, -98.0499
4227, 70.44167, 324.713, 66.8361, 114.464, -150.486, 186.524, 169.296, 0.769255, 129.112, 1.15632, -78.0844, 0.279717, -98.136
4227, 70.45000, 325.16, 66.7293, 114.101, -150.627, 186.617, 169.298, 0.770589, 128.981, 1.15638, -78.2059, 0.280325, -98.2215
4228, 70.45834, 325.605, 66.6224, 113.736, -150.767, 186.708, 169.301, 0.771921, 128.85, 1.15643, -78.3274, 0.28093, -98.3065
4228, 70.46667, 326.048, 66.5154, 113.369, -150.907, 186.8, 169.304, 0.773252, 128.719, 1.15648, -78.4489, 0.281533, -98.3909
4229, 70.47500, 326.49, 66.4084, 113, -151.046, 186.891, 169.307, 0.77458, 128.587, 1.15651, -78.5705, 0.282134, -98.4748
4229, 70.48333, 326.93, 66.3013, 112.63, -151.186, 186.982, 169.312, 0.775907, 128.456, 1.15654, -78.6921, 0.282732, -98.5582
4230, 70.49167, 327.368, 66.1941, 112.257, -151.325, 187.072, 169.317, 0.777232, 128.324, 1.15656, -78.8137, 0.283329, -98.641
4230, 70.50000, 327.805, 66.0868, 111.883, -151.465, 187.162, 169.322, 0.778555, 128.193, 1.15657, -78.9353, 0.283924, -98.7233
4231, 70.50833, 328.24, 65.9795, 111.507, -151.604, 187.252, 169.328, 0.779876, 128.061, 1.15657, -79.057, 0.284517, -98.805
4231, 70.51667, 328.673, 65.872, 111.129, -151.743, 187.341, 169.334, 0.781195, 127.93, 1.15657, -79.1786, 0.285108, -98.8861
4231, 70.52500, 329.105, 65.7646, 110.75, -151.881, 187.431, 169.341, 0.782513, 127.798, 1.15655, -79.3003, 0.285698, -98.9668
4232, 70.53333, 329.535, 65.657, 110.368, -152.02, 187.519, 169.349, 0.783828, 127.666, 1.15653, -79.422, 0.286285, -99.0468
4233, 70.54166, 329.964, 65.5494, 109.985, -152.158, 187.608, 169.357, 0.785142, 127.534, 1.1565, -79.5437, 0.28687, -99.1264
4233, 70.55000, 330.39, 65.4417, 109.6, -152.296, 187.696, 169.365, 0.786454, 127.402, 1.15647, -79.6654, 0.287454, -99.2054
4234, 70.55833, 330.815, 65.3339, 109.213, -152.434, 187.784, 169.375, 0.787763, 127.271, 1.15642, -79.7871, 0.288035, -99.2838
4234, 70.56667, 331.238, 65.2261, 108.825, -152.572, 187.872, 169.384, 0.789071, 127.139, 1.15637, -79.9088, 0.288615, -99.3617
4235, 70.57500, 331.66, 65.1182, 108.434, -152.71, 187.96, 169.394, 0.790377, 127.006, 1.1563, -80.0306, 0.289193, -99.4391
4235, 70.58334, 332.08, 65.0102, 108.042, -152.847, 188.048, 169.405, 0.791681, 126.874, 1.15623, -80.1523, 0.28977, -99.5159
4236, 70.59167, 332.498, 64.9022, 107.648, -152.984, 188.135, 169.417, 0.792983, 126.742, 1.15615, -80.274, 0.290344, -99.5922
4236, 70.60000, 332.914, 64.7941, 107.253, -153.121, 188.222, 169.429, 0.794283, 126.61, 1.15607, -80.3958, 0.290917, -99.6679
4237, 70.60833, 333.328, 64.686, 106.855, -153.257, 188.309, 169.441, 0.795581, 126.478, 1.15597, -80.5175, 0.291489, -99.743
4237, 70.61667, 333.741, 64.5777, 106.456, -153.394, 188.397, 169.454, 0.796878, 126.345, 1.15587, -80.6392, 0.292058, -99.8177
4238, 70.62500, 334.152, 64.4695, 106.055, -153.53, 188.484, 169.468, 0.798172, 126.213, 1.15576, -80.761, 0.292626, -99.8917
4238, 70.63333, 334.561, 64.3611, 105.653, -153.666, 188.571, 169.482, 0.799464, 126.08, 1.15564, -80.8827, 0.293192, -99.9653
4239, 70.64167, 334.968, 64.2527, 105.248, -153.802, 188.657, 169.497, 0.800754, 125.948, 1.15551, -81.0044, 0.293757, -100.038
4239, 70.65000, 335.374, 64.1443, 104.842, -153.937, 188.744, 169.512, 0.802042, 125.815, 1.15537, -81.1261, 0.29432, -100.111
4239, 70.65833, 335.777, 64.0358, 104.434, -154.072, 188.831, 169.528, 0.803328, 125.682, 1.15523, -81.2478, 0.294882, -100.183
4240, 70.66666, 336.179, 63.9272, 104.025, -154.207, 188.918, 169.545, 0.804612, 125.55, 1.15508, -81.3696, 0.295442, -100.254
4241, 70.67500, 336.579, 63.8186, 103.614, -154.342, 189.005, 169.562, 0.805893, 125.417, 1.15492, -81.4912, 0.296001, -100.325
4241, 70.68333, 336.977, 63.7099, 103.201, -154.476, 189.092, 169.579, 0.807173, 125.284, 1.15475, -81.6129, 0.296558, -100.395
4242, 70.69167, 337.374, 63.6011, 102.786, -154.61, 189.179, 169.597, 0.808451, 125.151, 1.15457, -81.7346, 0.297114, -100.465
4242, 70.70000, 337.768, 63.4924, 102.37, -154.744, 189.267, 169.616, 0.809726, 125.018, 1.15439, -81.8562, 0.297668, -100.534
4243, 70.70834, 338.161, 63.3835, 101.952, -154.877, 189.354, 169.635, 0.810999, 124.885, 1.15419, -81.9779, 0.298221, -100.603
4243, 70.71667, 338.551, 63.2746, 101.532, -155.011, 189.442, 169.655, 0.812271, 124.752, 1.15399, -82.0995, 0.298772, -100.671
4244, 70.72500, 338.94, 63.1657, 101.11, -155.143, 189.529, 169.676, 0.81354, 124.619, 1.15378, -82.2211, 0.299322, -100.738
4244, 70.73333, 339.327, 63.0567, 100.687, -155.276, 189.617, 169.697, 0.814806, 124.485, 1.15356, -82.3427, 0.299871, -100.805
4245, 70.74167, 339.712, 62.9476, 100.262, -155.408, 189.705, 169.719, 0.816071, 124.352, 1.15333, -82.4643, 0.300419, -100.872
4245, 70.75000, 340.095, 62.8385, 99.8358, -155.54, 189.794, 169.741, 0.817334, 124.218, 1.1531, -82.5858, 0.300965, -100.938
4246, 70.75833, 340.476, 62.7294, 99.4076, -155.672, 189.882, 169.764, 0.818594, 124.085, 1.15286, -82.7073, 0.30151, -101.003
4246, 70.76667, 340.855, 62.6201, 98.9777, -155.803, 189.971, 169.787, 0.819852, 123.951, 1.1526, -82.8288, 0.302054, -101.068
4247, 70.77500, 341.232, 62.5109, 98.5462, -155.934, 190.06, 169.811, 0.821108, 123.818, 1.15234, -82.9503, 0.302596, -101.132
4247, 70.78333, 341.608, 62.4016, 98.1131, -156.064, 190.15, 169.836, 0.822361, 123.684, 1.15208, -83.0718, 0.303138, -101.196
4247, 70.79166, 341.981, 62.2923, 97.6782, -156.195, 190.24, 169.861, 0.823612, 123.55, 1.1518, -83.1932, 0.303678, -101.259
4248, 70.80000, 342.352, 62.1829, 97.2417, -156.324, 190.33, 169.886, 0.824861, 123.416, 1.15151, -83.3146, 0.304217, -101.322
4249, 70.80833, 342.721, 62.0735, 96.8036, -156.454, 190.421, 169.913, 0.826108, 123.283, 1.15122, -83.4359, 0.304755, -101.384
4249, 70.81667, 343.089, 61.964, 96.3638, -156.583, 190.512, 169.94, 0.827352, 123.149, 1.15092, -83.5573, 0.305292, -101.446
4250, 70.82500, 343.454, 61.8545, 95.9225, -156.712, 190.603, 169.967, 0.828594, 123.014, 1.15061, -83.6786, 0.305828, -101.507
4250, 70.83334, 343.817, 61.7449, 95.4795, -156.84, 190.695, 169.995, 0.829834, 122.88, 1.15029, -83.7998, 0.306363, -101.568
4251, 70.84167, 344.179, 61.6353, 95.0348, -156.968, 190.787, 170.024, 0.831071, 122.746, 1.14997, -83.9211, 0.306897, -101.628
4251, 70.85000, 344.538, 61.5257, 94.5885, -157.095, 190.88, 170.053, 0.832306, 122.612, 1.14963, -84.0423, 0.30743, -101.687
4252, 70.85833, 344.895, 61.416, 94.1407, -157.222, 190.974, 170.083, 0.833539, 122.477, 1.14929, -84.1634, 0.307962, -101.746
4252, 70.86667, 345.25, 61.3063, 93.6911, -157.349, 191.068, 170.113, 0.834769, 122.343, 1.14894, -84.2846, 0.308493, -101.805
4253, 70.87500, 345.603, 61.1966, 93.2401, -157.475, 191.162, 170.144, 0.835996, 122.209, 1.14858, -84.4056, 0.309023, -101.862
4253, 70.88333, 345.954, 61.0868, 92.7874, -157.6, 191.257, 170.175, 0.837222, 122.074, 1.14821, -84.5267, 0.309552, -101.92
4254, 70.89167, 346.303, 60.977, 92.3331, -157.725, 191.353, 170.208, 0.838444, 121.939, 1.14783, -84.6477, 0.310081, -101.977
4254, 70.90000, 346.65, 60.8671, 91.8772, -157.85, 191.449, 170.24, 0.839665, 121.805, 1.14745, -84.7687, 0.310608, -102.033
4255, 70.90833, 346.995, 60.7572, 91.4198, -157.974, 191.546, 170.273, 0.840882, 121.67, 1.14706, -84.8896, 0.311135, -102.089
4255, 70.91666, 347.338, 60.6473, 90.9607, -158.098, 191.644, 170.307, 0.842098, 121.535, 1.14666, -85.0105, 0.311661, -102.144
4255, 70.92500, 347.678, 60.5373, 90.5001, -158.221, 191.742, 170.342, 0.84331, 121.4, 1.14625, -85.1313, 0.312187, -102.199
4256, 70.93333, 348.016, 60.4273, 90.0379, -158.344, 191.841, 170.377, 0.84452, 121.265, 1.14583, -85.2521, 0.312711, -102.253
4257, 70.94167, 348.353, 60.3173, 89.5741, -158.466, 191.941, 170.412, 0.845728, 121.13, 1.1454, -85.3728, 0.313236, -102.307
4257, 70.95000, 348.687, 60.2073, 89.1088, -158.588, 192.042, 170.448, 0.846933, 120.994, 1.14497, -85.4935, 0.313759, -102.36
4258, 70.95834, 349.019, 60.0972, 88.6419, -158.709, 192.144, 170.485, 0.848135, 120.859, 1.14453, -85.6141, 0.314282, -102.413
4258, 70.96667, 349.348, 59.987, 88.1735, -158.829, 192.246, 170.522, 0.849335, 120.724, 1.14408, -85.7347, 0.314804, -102.465
4259, 70.97500, 349.676, 59.8769, 87.7035, -158.949, 192.349, 170.56, 0.850532, 120.588, 1.14362, -85.8553, 0.315325, -102.517
4259, 70.98333, 350.001, 59.7667, 87.232, -159.069, 192.453, 170.599, 0.851726, 120.453, 1.14315, -85.9757, 0.315846, -102.568
4260, 70.99167, 350.324, 59.6565, 86.759, -159.187, 192.558, 170.638, 0.852918, 120.317, 1.14267, -86.0962, 0.316367, -102.619
4260, 71.00000, 350.645, 59.5463, 86.2844, -159.305, 192.664, 170.677, 0.854107, 120.181, 1.14219, -86.2166, 0.316887, -102.669
4261, 71.00833, 350.964, 59.4361, 85.8083, -159.423, 192.771, 170.717, 0.855293, 120.046, 1.1417, -86.3369, 0.317406, -102.718
4261, 71.01667, 351.28, 59.3258, 85.3307, -159.54, 192.878, 170.758, 0.856476, 119.91, 1.14119, -86.4571, 0.317925, -102.767
4262, 71.02500, 351.595, 59.2155, 84.8516, -159.656, 192.987, 170.799, 0.857657, 119.774, 1.14069, -86.5773, 0.318444, -102.816
4262, 71.03333, 351.907, 59.1052, 84.371, -159.771, 193.097, 170.841, 0.858835, 119.638, 1.14017, -86.6975, 0.318962, -102.864
4263, 71.04166, 352.216, 58.9948, 83.8888, -159.886, 193.208, 170.884, 0.86001, 119.502, 1.13964, -86.8175, 0.31948, -102.912
4263, 71.05000, 352.524, 58.8845, 83.4052, -160, 193.32, 170.926, 0.861182, 119.365, 1.13911, -86.9375, 0.319998, -102.959
4263, 71.05833, 352.829, 58.7741, 82.9201, -160.114, 193.433, 170.97, 0.862351, 119.229, 1.13856, -87.0575, 0.320515, -103.006
4264, 71.06667, 353.132, 58.6637, 82.4335, -160.226, 193.547, 171.014, 0.863518, 119.093, 1.13801, -87.1774, 0.321032, -103.052
4265, 71.07500, 353.432, 58.5533, 81.9454, -160.338, 193.662, 171.059, 0.864681, 118.956, 1.13745, -87.2972, 0.321549, -103.097
4265, 71.08334, 353.73, 58.4428, 81.4559, -160.449, 193.779, 171.104, 0.865842, 118.82, 1.13689, -87.417, 0.322065, -103.142
4266, 71.09167, 354.026, 58.3324, 80.9648, -160.56, 193.897, 171.149, 0.867, 118.683, 1.13631, -87.5366, 0.322581, -103.187
4266, 71.10000, 354.32, 58.2219, 80.4724, -160.669, 194.016, 171.196, 0.868154, 118.546, 1.13572, -87.6563, 0.323098, -103.231
4267, 71.10833, 354.611, 58.1114, 79.9784, -160.778, 194.136, 171.242, 0.869306, 118.409, 1.13513, -87.7758, 0.323614, -103.275
4267, 71.11667, 354.9, 58.0009, 79.483, -160.886, 194.257, 171.29, 0.870454, 118.272, 1.13453, -87.8953, 0.324129, -103.318
4268, 71.12500, 355.186, 57.8904, 78.9862, -160.993, 194.38, 171.338, 0.8716, 118.135, 1.13392, -88.0147, 0.324645, -103.361
4268, 71.13333, 355.47, 57.7799, 78.488, -161.099, 194.504, 171.386, 0.872742, 117.998, 1.1333, -88.134, 0.325161, -103.403
4269, 71.14167, 355.752, 57.6693, 77.9882, -161.204, 194.629, 171.435, 0.873882, 117.861, 1.13268, -88.2533, 0.325677, -103.444
4269, 71.15000, 356.031, 57.5588, 77.4872, -161.308, 194.756, 171.484, 0.875018, 117.724, 1.13204, -88.3724, 0.326192, -103.486
4270, 71.15833, 356.308, 57.4482, 76.9846, -161.411, 194.885, 171.534, 0.876151, 117.586, 1.1314, -88.4915, 0.326708, -103.526
4270, 71.16666, 356.582, 57.3377, 76.4807, -161.514, 195.014, 171.585, 0.877281, 117.449, 1.13075, -88.6105, 0.327224, -103.567
4271, 71.17500, 356.854, 57.2271, 75.9753, -161.615, 195.145, 171.636, 0.878407, 117.311, 1.13009, -88.7295, 0.32774, -103.606
4271, 71.18333, 357.124, 57.1165, 75.4686, -161.715, 195.278, 171.687, 0.879531, 117.174, 1.12942, -88.8483, 0.328256, -103.646
4271, 71.19167, 357.391, 57.0059, 74.9604, -161.814, 195.412, 171.739, 0.880651, 117.036, 1.12874, -88.9671, 0.328772, -103.684
4272, 71.20000, 357.655, 56.8953, 74.451, -161.912, 195.548, 171.792, 0.881768, 116.898, 1.12805, -89.0858, 0.329288, -103.723
4273, 71.20834, 357.917, 56.7847, 73.9401, -162.009, 195.685, 171.845, 0.882881, 116.76, 1.12736, -89.2044, 0.329805, -103.761
4273, 71.21667, 358.177, 56.6741, 73.4278, -162.105, 195.824, 171.899, 0.883991, 116.622, 1.12666, -89.3229, 0.330322, -103.798
4274, 71.22500, 358.434, 56.5635, 72.9142, -162.2, 195.964, 171.953, 0.885098, 116.484, 1.12595, -89.4413, 0.330839, -103.835
4274, 71.23333, 358.688, 56.4529, 72.3993, -162.293, 196.106, 172.007, 0.886202, 116.345, 1.12523, -89.5597, 0.331356, -103.872
4275, 71.24167, 358.94, 56.3423, 71.8829, -162.385, 196.25, 172.062, 0.887302, 116.207, 1.1245, -89.6779, 0.331873, -103.908
4275, 71.25000, 359.19, 56.2318, 71.3653, -162.476, 196.396, 172.118, 0.888398, 116.069, 1.12377, -89.7961, 0.332391, -103.943
4276, 71.25833, 359.437, 56.1212, 70.8463, -162.566, 196.543, 172.174, 0.889491, 115.93, 1.12302, -89.9141, 0.332909, -103.978
4276, 71.26667, 359.681, 56.0106, 70.326, -162.654, 196.692, 172.23, 0.890581, 115.791, 1.12227, -90.0321, 0.333428, -104.013
4277, 71.27500, 359.923, 55.9, 69.8044, -162.741, 196.843, 172.287, 0.891667, 115.653, 1.12151, -90.15, 0.333947, -104.047
4277, 71.28333, 360.162, 55.7894, 69.2815, -162.826, 196.995, 172.345, 0.892749, 115.514, 1.12074, -90.2677, 0.334467, -104.081
4278, 71.29166, 360.398, 55.6788, 68.7572, -162.91, 197.149, 172.403, 0.893828, 115.375, 1.11996, -90.3854, 0.334987, -104.114
4278, 71.30000, 360.632, 55.5683, 68.2318, -162.993, 197.306, 172.461, 0.894903, 115.236, 1.11917, -90.503, 0.335507, -104.147
4279, 71.30833, 360.863, 55.4577, 67.705, -163.074, 197.464, 172.52, 0.895974, 115.096, 1.11838, -90.6205, 0.336028, -104.18
4279, 71.31667, 361.092, 55.3472, 67.1769, -163.153, 197.624, 172.579, 0.897042, 114.957, 1.11758, -90.7378, 0.33655, -104.212
4279, 71.32500, 361.318, 55.2366, 66.6476, -163.231, 197.786, 172.639, 0.898106, 114.818, 1.11676, -90.8551, 0.337072, -104.243
4280, 71.33334, 361.541, 55.1261, 66.1171, -163.307, 197.95, 172.699, 0.899166, 114.678, 1.11594, -90.9723, 0.337594, -104.274
4281, 71.34167, 361.762, 55.0156, 65.5853, -163.382, 198.116, 172.76, 0.900223, 114.539, 1.11512, -91.0893, 0.338118, -104.305
4281, 71.35000, 361.98, 54.9051, 65.0522, -163.454, 198.284, 172.821, 0.901275, 114.399, 1.11428, -91.2063, 0.338642, -104.335
4282, 71.35833, 362.195, 54.7946, 64.518, -163.525, 198.454, 172.882, 0.902324, 114.259, 1.11343, -91.3231, 0.339167, -104.365
4282, 71.36667, 362.407, 54.6842, 63.9825, -163.594, 198.626, 172.944, 0.903369, 114.119, 1.11258, -91.4398, 0.339692, -104.395
4283, 71.37500, 362.617, 54.5738, 63.4459, -163.661, 198.8, 173.007, 0.90441, 113.979, 1.11172, -91.5565, 0.340218, -104.424
4283, 71.38333, 362.824, 54.4633, 62.9081, -163.726, 198.976, 173.069, 0.905447, 113.839, 1.11085, -91.673, 0.340745, -104.452
4284, 71.39167, 363.029, 54.3529, 62.369, -163.789, 199.154, 173.132, 0.90648, 113.699, 1.10997, -91.7893, 0.341273, -104.48
4284, 71.40000, 363.23, 54.2426, 61.8289, -163.85, 199.335, 173.196, 0.907508, 113.559, 1.10908, -91.9056, 0.341802, -104.508
4285, 71.40833, 363.429, 54.1322, 61.2876, -163.909, 199.518, 173.26, 0.908533, 113.418, 1.10818, -92.0217, 0.342331, -104.535
4285, 71.41666, 363.625, 54.0219, 60.7451, -163.966, 199.703, 173.324, 0.909554, 113.278, 1.10728, -92.1378, 0.342862, -104.562
4286, 71.42500, 363.818, 53.9116, 60.2015, -164.02, 199.89, 173.389, 0.910571, 113.137, 1.10636, -92.2537, 0.343393, -104.589
4286, 71.43333, 364.008, 53.8013, 59.6568, -164.072, 200.08, 173.454, 0.911583, 112.996, 1.10544, -92.3695, 0.343926, -104.615
4287, 71.44167, 364.196, 53.6911, 59.111, -164.121, 200.272, 173.52, 0.912591, 112.855, 1.10451, -92.4851, 0.344459, -104.641
4287, 71.45000, 364.38, 53.5809, 58.5641, -164.168, 200.466, 173.585, 0.913595, 112.714, 1.10357, -92.6006, 0.344993, -104.666
4287, 71.45834, 364.562, 53.4707, 58.0162, -164.212, 200.662, 173.652, 0.914595, 112.573, 1.10263, -92.716, 0.345528, -104.691
4288, 71.46667, 364.741, 53.3606, 57.4672, -164.254, 200.861, 173.718, 0.915591, 112.432, 1.10167, -92.8313, 0.346065, -104.716
4289, 71.47500, 364.917, 53.2505, 56.9171, -164.293, 201.063, 173.785, 0.916582, 112.291, 1.10071, -92.9464, 0.346602, -104.74
4289, 71.48333, 365.09, 53.1404, 56.3661, -164.329, 201.267, 173.852, 0.917568, 112.149, 1.09974, -93.0614, 0.347141, -104.763
4290, 71.49167, 365.26, 53.0304, 55.814, -164.361, 201.473, 173.92, 0.91855, 112.008, 1.09875, -93.1763, 0.347681, -104.787
4290, 71.50000, 365.428, 52.9204, 55.2609, -164.391, 201.682, 173.988, 0.919528, 111.866, 1.09777, -93.291, 0.348222, -104.81
4291, 71.50833, 365.592, 52.8105, 54.7069, -164.418, 201.893, 174.056, 0.920501, 111.724, 1.09677, -93.4056, 0.348764, -104.833
4291, 71.51667, 365.754, 52.7006, 54.1519, -164.441, 202.107, 174.125, 0.92147, 111.582, 1.09576, -93.5201, 0.349307, -104.855
4292, 71.52500, 365.912, 52.5907, 53.596, -164.461, 202.323, 174.193, 0.922434, 111.44, 1.09475, -93.6344, 0.349852, -104.877
4292, 71.53333, 366.068, 52.4809, 53.0392, -164.478, 202.542, 174.263, 0.923394, 111.298, 1.09372, -93.7485, 0.350397, -104.898
4293, 71.54166, 366.22, 52.3711, 52.4814, -164.491, 202.764, 174.332, 0.924349, 111.156, 1.09269, -93.8626, 0.350945, -104.919
4293, 71.55000, 366.37, 52.2614, 51.9228, -164.5, 202.988, 174.402, 0.925299, 111.014, 1.09165, -93.9764, 0.351493, -104.94
4294, 71.55833, 366.516, 52.1518, 51.3633, -164.505, 203.215, 174.472, 0.926244, 110.871, 1.0906, -94.0901, 0.352043, -104.961
4294, 71.56667, 366.66, 52.0422, 50.803, -164.506, 203.445, 174.542, 0.927185, 110.729, 1.08954, -94.2037, 0.352594, -104.981
4295, 71.57500, 366.801, 51.9326, 50.2419, -164.503, 203.677, 174.613, 0.928121, 110.586, 1.08848, -94.3171, 0.353147, -105
4295, 71.58334, 366.938, 51.8231, 49.68, -164.496, 203.913, 174.683, 0.929052, 110.443, 1.0874, -94.4304, 0.353701, -105.02
4295, 71.59167, 367.072, 51.7137, 49.1174, -164.484, 204.151, 174.754, 0.929978, 110.3, 1.08632, -94.5435, 0.354257, -105.039
4296, 71.60000, 367.204, 51.6043, 48.554, -164.467, 204.391, 174.826, 0.930899, 110.157, 1.08523, -94.6564, 0.354814, -105.058
4297, 71.60833, 367.332, 51.495, 47.99, -164.446, 204.635, 174.897, 0.931815, 110.014, 1.08413, -94.7692, 0.355373, -105.076
4297, 71.61667, 367.457, 51.3857, 47.4252, -164.419, 204.881, 174.969, 0.932726, 109.871, 1.08302, -94.8818, 0.355933, -105.094
4298, 71.62500, 367.579, 51.2766, 46.8598, -164.388, 205.131, 175.041, 0.933632, 109.728, 1.08191, -94.9942, 0.356495, -105.112
4298, 71.63333, 367.698, 51.1675, 46.2938, -164.35, 205.383, 175.113, 0.934533, 109.584, 1.08078, -95.1065, 0.357058, -105.129
4299, 71.64167, 367.814, 51.0584, 45.7272, -164.308, 205.638, 175.186, 0.935429, 109.441, 1.07965, -95.2186, 0.357623, -105.146
4299, 71.65000, 367.927, 50.9495, 45.1601, -164.259, 205.896, 175.258, 0.936319, 109.297, 1.0785, -95.3305, 0.35819, -105.163
4300, 71.65833, 368.036, 50.8406, 44.5925, -164.204, 206.157, 175.331, 0.937205, 109.153, 1.07735, -95.4423, 0.358758, -105.179
4300, 71.66666, 368.143, 50.7317, 44.0243, -164.143, 206.421, 175.404, 0.938085, 109.009, 1.0762, -95.5539, 0.359328, -105.195
4301, 71.67500, 368.246, 50.623, 43.4558, -164.075, 206.688, 175.477, 0.938959, 108.865, 1.07503, -95.6653, 0.3599, -105.211
4301, 71.68333, 368.346, 50.5143, 42.8869, -164, 206.958, 175.55, 0.939829, 108.721, 1.07385, -95.7765, 0.360474, -105.226
4302, 71.69167, 368.443, 50.4058, 42.3176, -163.918, 207.231, 175.624, 0.940693, 108.577, 1.07267, -95.8875, 0.361049, -105.242
4302, 71.70000, 368.537, 50.2973, 41.7481, -163.829, 207.507, 175.697, 0.941551, 108.433, 1.07147, -95.9984, 0.361627, -105.257
4303, 71.70834, 368.627, 50.1889, 41.1783, -163.731, 207.786, 175.771, 0.942404, 108.288, 1.07027, -96.109, 0.362206, -105.271
4303, 71.71667, 368.714, 50.0805, 40.6082, -163.626, 208.069, 175.845, 0.943252, 108.144, 1.06906, -96.2195, 0.362787, -105.285
4303, 71.72500, 368.798, 49.9723, 40.0381, -163.512, 208.354, 175.919, 0.944093, 107.999, 1.06784, -96.3297, 0.36337, -105.299
4304, 71.73333, 368.879, 49.8642, 39.4679, -163.389, 208.643, 175.993, 0.94493, 107.854, 1.06662, -96.4398, 0.363954, -105.313
4305, 71.74167, 368.956, 49.7561, 38.8976, -163.256, 208.935, 176.067, 0.94576, 107.709, 1.06538, -96.5497, 0.364541, -105.327
4305, 71.75000, 369.03, 49.6482, 38.3274, -163.114, 209.23, 176.142, 0.946585, 107.564, 1.06414, -96.6594, 0.36513, -105.34
4306, 71.75833, 369.101, 49.5404, 37.7572, -162.962, 209.529, 176.216, 0.947404, 107.419, 1.06289, -96.7688, 0.365721, -105.353
4306, 71.76667, 369.168, 49.4326, 37.1872, -162.798, 209.83, 176.291, 0.948217, 107.274, 1.06163, -96.8781, 0.366313, -105.365
4307, 71.77500, 369.232, 49.325, 36.6175, -162.624, 210.135, 176.365, 0.949024, 107.128, 1.06036, -96.9872, 0.366908, -105.378
4307, 71.78333, 369.293, 49.2175, 36.0481, -162.438, 210.444, 176.44, 0.949826, 106.983, 1.05908, -97.096, 0.367505, -105.39
4308, 71.79166, 369.351, 49.1101, 35.4791, -162.239, 210.755, 176.514, 0.950621, 106.837, 1.05779, -97.2046, 0.368104, -105.401
4308, 71.80000, 369.405, 49.0028, 34.9106, -162.028, 211.07, 176.589, 0.951411, 106.692, 1.0565, -97.313, 0.368705, -105.413
4309, 71.80833, 369.455, 48.8956, 34.3428, -161.803, 211.388, 176.664, 0.952194, 106.546, 1.0552, -97.4212, 0.369309, -105.424
4309, 71.81667, 369.503, 48.7885, 33.7755, -161.564, 211.71, 176.739, 0.952972, 106.4, 1.05388, -97.5292, 0.369914, -105.435
4310, 71.82500, 369.547, 48.6816, 33.2091, -161.31, 212.035, 176.813, 0.953743, 106.254, 1.05256, -97.6369, 0.370522, -105.446
4310, 71.83334, 369.587, 48.5748, 32.6437, -161.04, 212.364, 176.888, 0.954508, 106.108, 1.05124, -97.7444, 0.371132, -105.457
4311, 71.84167, 369.624, 48.4681, 32.0792, -160.753, 212.696, 176.963, 0.955266, 105.961, 1.0499, -97.8517, 0.371744, -105.467
4311, 71.85000, 369.658, 48.3615, 31.5159, -160.449, 213.031, 177.038, 0.956019, 105.815, 1.04856, -97.9588, 0.372358, -105.477
4311, 71.85833, 369.688, 48.2551, 30.9539, -160.126, 213.37, 177.112, 0.956765, 105.669, 1.0472, -98.0656, 0.372975, -105.487
4312, 71.86667, 369.715, 48.1488, 30.3934, -159.784, 213.712, 177.187, 0.957504, 105.522, 1.04584, -98.1722, 0.373594, -105.497
4313, 71.87500, 369.738, 48.0426, 29.8345, -159.422, 214.058, 177.262, 0.958238, 105.375, 1.04447, -98.2785, 0.374215, -105.506
4313, 71.88333, 369.758, 47.9366, 29.2774, -159.038, 214.408, 177.336, 0.958964, 105.229, 1.04309, -98.3846, 0.374839, -105.516
4314, 71.89167, 369.775, 47.8307, 28.7222, -158.631, 214.761, 177.411, 0.959685, 105.082, 1.04171, -98.4904, 0.375465, -105.525
4314, 71.90000, 369.788, 47.7249, 28.1693, -158.2, 215.117, 177.485, 0.960398, 104.935, 1.04031, -98.596, 0.376094, -105.533
4315, 71.90833, 369.797, 47.6194, 27.6187, -157.744, 215.477, 177.56, 0.961105, 104.788, 1.03891, -98.7013, 0.376725, -105.542
4315, 71.91666, 369.803, 47.5139, 27.0707, -157.261, 215.841, 177.634, 0.961805, 104.64, 1.0375, -98.8064, 0.377358, -105.55
4316, 71.92500, 369.805, 47.4086, 26.5256, -156.749, 216.208, 177.708, 0.962499, 104.493, 1.03608, -98.9112, 0.377994, -105.559
4316, 71.93333, 369.804, 47.3035, 25.9837, -156.207, 216.579, 177.783, 0.963186, 104.346, 1.03465, -99.0157, 0.378633, -105.567
4316, 71.94167, 369.799, 47.1985, 25.4451, -155.634, 216.954, 177.857, 0.963866, 104.198, 1.03321, -99.12, 0.379274, -105.575
4317, 71.95000, 369.791, 47.0938, 24.9103, -155.026, 217.332, 177.931, 0.964539, 104.05, 1.03177, -99.224, 0.379917, -105.582
4318, 71.95834, 369.779, 46.9891, 24.3795, -154.383, 217.714, 178.004, 0.965205, 103.903, 1.03031, -99.3277, 0.380563, -105.59
4318, 71.96667, 369.764, 46.8847, 23.8531, -153.702, 218.1, 178.078, 0.965864, 103.755, 1.02885, -99.4311, 0.381212, -105.597
4319, 71.97500, 369.745, 46.7804, 23.3316, -152.981, 218.489, 178.151, 0.966516, 103.607, 1.02738, -99.5343, 0.381863, -105.604
4319, 71.98333, 369.723, 46.6763, 22.8153, -152.217, 218.882, 178.225, 0.967161, 103.459, 1.02591, -99.6372, 0.382517, -105.611
4319, 71.99167, 369.696, 46.5723, 22.3047, -151.408, 219.279, 178.298, 0.967798, 103.311, 1.02442, -99.7398, 0.383174, -105.618
4320, 72.00000, 369.667, 46.4686, 21.8003, -150.552, 219.68, 178.371, 0.968429, 103.163, 1.02292, -99.842, 0.383833, -105.625
4321, 72.00833, 369.633, 46.365, 21.3027, -149.645, 220.084, 178.444, 0.969052, 103.014, 1.02142, -99.944, 0.384495, -105.631
4321, 72.01667, 369.596, 46.2616, 20.8123, -148.685, 220.492, 178.516, 0.969668, 102.866, 1.01991, -100.046, 0.38516, -105.638
4322, 72.02500, 369.556, 46.1585, 20.3299, -147.668, 220.904, 178.589, 0.970277, 102.717, 1.01839, -100.147, 0.385828, -105.644
4322, 72.03333, 369.511, 46.0555, 19.8562, -146.592, 221.32, 178.661, 0.970878, 102.569, 1.01687, -100.248, 0.386498, -105.65
4323, 72.04166, 369.463, 45.9527, 19.3918, -145.452, 221.74, 178.733, 0.971472, 102.42, 1.01533, -100.349, 0.387171, -105.656
4323, 72.05000, 369.412, 45.8501, 18.9376, -144.247, 222.163, 178.805, 0.972059, 102.271, 1.01379, -100.449, 0.387847, -105.662
4324, 72.05833, 369.357, 45.7478, 18.4945, -142.972, 222.59, 178.876, 0.972637, 102.122, 1.01224, -100.55, 0.388525, -105.667
4324, 72.06667, 369.298, 45.6456, 18.0632, -141.625, 223.021, 178.947, 0.973209, 101.973, 1.01068, -100.649, 0.389207, -105.673
4324, 72.07500, 369.235, 45.5437, 17.6449, -140.201, 223.456, 179.018, 0.973772, 101.824, 1.00911, -100.749, 0.389891, -105.678
4325, 72.08334, 369.169, 45.442, 17.2406, -138.699, 223.895, 179.089, 0.974328, 101.675, 1.00754, -100.848, 0.390578, -105.684
4326, 72.09167, 369.099, 45.3405, 16.8514, -137.114, 224.338, 179.159, 0.974876, 101.526, 1.00595, -100.947, 0.391268, -105.689
4326, 72.10000, 369.025, 45.2392, 16.4786, -135.446, 224.784, 179.229, 0.975416, 101.376, 1.00436, -101.045, 0.391961, -105.694
4327, 72.10833, 368.948, 45.1382, 16.1232, -133.691, 225.234, 179.299, 0.975949, 101.227, 1.00276, -101.143, 0.392657, -105.699
4327, 72.11667, 368.867, 45.0374, 15.7867, -131.848, 225.689, 179.369, 0.976473, 101.077, 1.00115, -101.241, 0.393356, -105.704
4328, 72.12500, 368.782, 44.9368, 15.4705, -129.917, 226.147, 179.438, 0.97699, 100.928, 0.999539, -101.339, 0.394058, -105.709
4328, 72.13333, 368.693, 44.8365, 15.1758, -127.898, 226.609, 179.507, 0.977498, 100.778, 0.997916, -101.436, 0.394763, -105.714
4329, 72.14167, 368.601, 44.7365, 14.904, -125.792, 227.075, 179.575, 0.977999, 100.628, 0.996285, -101.532, 0.395471, -105.718
4329, 72.15000, 368.505, 44.6366, 14.6567, -123.602, 227.545, 179.644, 0.978491, 100.478, 0.994646, -101.629, 0.396182, -105.723
4330, 72.15833, 368.405, 44.5371, 14.4352, -121.332, 228.019, 179.712, 0.978975, 100.328, 0.992999, -101.725, 0.396896, -105.727
4330, 72.16666, 368.302, 44.4378, 14.2407, -118.987, 228.497, 179.779, 0.979451, 100.178, 0.991345, -101.82, 0.397613, -105.732
4331, 72.17500, 368.195, 44.3388, 14.0745, -116.574, 228.979, 179.846, 0.979919, 100.028, 0.989683, -101.915, 0.398333, -105.736
4331, 72.18333, 368.084, 44.24, 13.9379, -114.101, 229.465, 179.913, 0.980378, 99.8781, 0.988013, -102.01, 0.399056, -105.741
4332, 72.19167, 367.969, 44.1415, 13.8316, -111.578, 229.955, 179.979, 0.980829, 99.7278, 0.986335, -102.105, 0.399782, -105.745
4332, 72.20000, 367.85, 44.0433, 13.7567, -109.016, 230.448, -179.955, 0.981271, 99.5775, 0.984649, -102.199, 0.400511, -105.749
4332, 72.20834, 367.728, 43.9454, 13.7137, -106.428, 230.946, -179.889, 0.981705, 99.4271, 0.982956, -102.292, 0.401243, -105.753
4333, 72.21667, 367.602, 43.8477, 13.703, -103.825, 231.448, -179.824, 0.982131, 99.2766, 0.981255, -102.386, 0.401979, -105.757
4334, 72.22500, 367.472, 43.7504, 13.7248, -101.222, 231.954, -179.759, 0.982547, 99.1261, 0.979547, -102.478, 0.402718, -105.761
4334, 72.23333, 367.338, 43.6533, 13.7791, -98.6311, 232.463, -179.695, 0.982956, 98.9755, 0.977831, -102.571, 0.40346, -105.765
4335, 72.24167, 367.201, 43.5566, 13.8656, -96.0651, 232.977, -179.631, 0.983355, 98.8248, 0.976108, -102.663, 0.404205, -105.769
4335, 72.25000, 367.06, 43.4601, 13.9838, -93.5369, 233.494, -179.567, 0.983746, 98.6741, 0.974376, -102.754, 0.404953, -105.773
4336, 72.25833, 366.915, 43.364, 14.1331, -91.0572, 234.016, -179.504, 0.984128, 98.5233, 0.972638, -102.846, 0.405705, -105.777
4336, 72.26667, 366.766, 43.2682, 14.3125, -88.6359, 234.542, -179.442, 0.984501, 98.3725, 0.970892, -102.936, 0.406459, -105.781
4337, 72.27500, 366.613, 43.1727, 14.521, -86.2821, 235.071, -179.379, 0.984865, 98.2215, 0.969138, -103.027, 0.407217, -105.785
4337, 72.28333, 366.457, 43.0775, 14.7575, -84.0024, 235.605, -179.318, 0.985221, 98.0706, 0.967378, -103.116, 0.407978, -105.789
4338, 72.29166, 366.297, 42.9826, 15.0208, -81.8024, 236.142, -179.257, 0.985567, 97.9195, 0.965609, -103.206, 0.408743, -105.793
4338, 72.30000, 366.133, 42.8881, 15.3095, -79.6865, 236.684, -179.196, 0.985904, 97.7684, 0.963834, -103.295, 0.409511, -105.797
4339, 72.30833, 365.965, 42.794, 15.6224, -77.6573, 237.229, -179.136, 0.986232, 97.6173, 0.962051, -103.383, 0.410282, -105.801
4339, 72.31667, 365.793, 42.7001, 15.9581, -75.716, 237.779, -179.076, 0.986551, 97.4661, 0.960261, -103.471, 0.411056, -105.805
4340, 72.32500, 365.618, 42.6067, 16.3152, -73.8636, 238.333, -179.017, 0.986861, 97.3148, 0.958463, -103.559, 0.411833, -105.809
4340, 72.33334, 365.439, 42.5136, 16.6924, -72.0993, 238.89, -178.958, 0.987162, 97.1636, 0.956659, -103.646, 0.412614, -105.813
4340, 72.34167, 365.256, 42.4208, 17.0886, -70.4217, 239.452, -178.9, 0.987453, 97.0122, 0.954847, -103.732, 0.413399, -105.817
4341, 72.35000, 365.069, 42.3284, 17.5025, -68.8291, 240.017, -178.842, 0.987735, 96.8608, 0.953029, -103.818, 0.414186, -105.821
4342, 72.35833, 364.879, 42.2364, 17.9328, -67.3189, 240.586, -178.785, 0.988007, 96.7094, 0.951203, -103.904, 0.414977, -105.825
4342, 72.36667, 364.684, 42.1447, 18.3786, -65.8884, 241.16, -178.729, 0.98827, 96.5579, 0.94937, -103.989, 0.415771, -105.829
4343, 72.37500, 364.486, 42.0535, 18.8387, -64.5347, 241.737, -178.673, 0.988524, 96.4064, 0.94753, -104.074, 0.416569, -105.833
4343, 72.38333, 364.284, 41.9626, 19.3122, -63.2544, 242.319, -178.617, 0.988768, 96.2549, 0.945684, -104.158, 0.41737, -105.837
4344, 72.39167, 364.079, 41.8721, 19.7983, -62.0443, 242.904, -178.562, 0.989002, 96.1033, 0.94383, -104.241, 0.418174, -105.841
4344, 72.40000, 363.869, 41.7821, 20.2959, -60.9011, 243.493, -178.508, 0.989227, 95.9517, 0.94197, -104.324, 0.418982, -105.845
4345, 72.40833, 363.656, 41.6924, 20.8044, -59.8216, 244.086, -178.454, 0.989442, 95.8, 0.940103, -104.407, 0.419793, -105.849
4345, 72.41666, 363.439, 41.6031, 21.323, -58.8022, 244.684, -178.401, 0.989648, 95.6483, 0.938229, -104.489, 0.420608, -105.854
4346, 72.42500, 363.218, 41.5143, 21.851, -57.8401, 245.285, -178.348, 0.989843, 95.4966, 0.936348, -104.57, 0.421426, -105.858
4346, 72.43333, 362.994, 41.4259, 22.3878, -56.9321, 245.89, -178.296, 0.990029, 95.3449, 0.934461, -104.651, 0.422247, -105.862
4347, 72.44167, 362.766, 41.3379, 22.9329, -56.0752, 246.499, -178.245, 0.990205, 95.1932, 0.932567, -104.731, 0.423072, -105.867
4347, 72.45000, 362.534, 41.2503, 23.4856, -55.2667, 247.112, -178.194, 0.990371, 95.0414, 0.930667, -104.811, 0.4239, -105.872
4348, 72.45834, 362.298, 41.1632, 24.0455, -54.5039, 247.728, -178.144, 0.990527, 94.8896, 0.92876, -104.89, 0.424732, -105.876
4348, 72.46667, 362.058, 41.0765, 24.6121, -53.7841, 248.349, -178.094, 0.990673, 94.7378, 0.926846, -104.969, 0.425567, -105.881
4348, 72.47500, 361.815, 40.9903, 25.1849, -53.1052, 248.974, -178.045, 0.990809, 94.586, 0.924927, -105.047, 0.426406, -105.886
4349, 72.48333, 361.568, 40.9046, 25.7637, -52.4647, 249.602, -177.997, 0.990934, 94.4341, 0.923001, -105.124, 0.427248, -105.891
4350, 72.49167, 361.317, 40.8193, 26.348, -51.8604, 250.235, -177.949, 0.99105, 94.2823, 0.921068, -105.201, 0.428093, -105.896
4350, 72.50000, 361.063, 40.7345, 26.9374, -51.2905, 250.871, -177.902, 0.991156, 94.1305, 0.91913, -105.277, 0.428942, -105.901
4351, 72.50833, 360.805, 40.6501, 27.5317, -50.753, 251.511, -177.856, 0.991251, 93.9786, 0.917185, -105.353, 0.429794, -105.906
4351, 72.51667, 360.543, 40.5662, 28.1307, -50.2461, 252.155, -177.81, 0.991336, 93.8267, 0.915234, -105.428, 0.43065, -105.911
4352, 72.52500, 360.278, 40.4829, 28.7339, -49.7681, 252.802, -177.765, 0.99141, 93.6749, 0.913277, -105.502, 0.43151, -105.916
4352, 72.53333, 360.009, 40.4, 29.3411, -49.3175, 253.454, -177.721, 0.991475, 93.523, 0.911315, -105.576, 0.432372, -105.922
4353, 72.54166, 359.736, 40.3176, 29.9522, -48.8928, 254.109, -177.677, 0.991529, 93.3712, 0.909346, -105.649, 0.433239, -105.928
4353, 72.55000, 359.46, 40.2358, 30.5668, -48.4926, 254.768, -177.634, 0.991572, 93.2194, 0.907371, -105.722, 0.434108, -105.933
4354, 72.55833, 359.18, 40.1545, 31.1848, -48.1157, 255.431, -177.591, 0.991605, 93.0675, 0.905391, -105.794, 0.434981, -105.939
4354, 72.56667, 358.896, 40.0736, 31.8061, -47.7607, 256.098, -177.549, 0.991627, 92.9157, 0.903404, -105.865, 0.435858, -105.945
4355, 72.57500, 358.609, 39.9934, 32.4304, -47.4266, 256.768, -177.508, 0.991639, 92.7639, 0.901413, -105.935, 0.436738, -105.951
4355, 72.58334, 358.318, 39.9136, 33.0575, -47.1123, 257.443, -177.468, 0.99164, 92.6122, 0.899415, -106.005, 0.437622, -105.957
4356, 72.59167, 358.023, 39.8344, 33.6873, -46.8167, 258.121, -177.428, 0.991631, 92.4604, 0.897412, -106.074, 0.438509, -105.964
4356, 72.60000, 357.725, 39.7557, 34.3197, -46.539, 258.802, -177.389, 0.991611, 92.3087, 0.895404, -106.143, 0.439399, -105.97
4356, 72.60833, 357.424, 39.6777, 34.9544, -46.2783, 259.488, -177.35, 0.99158, 92.157, 0.89339, -106.21, 0.440293, -105.977
4357, 72.61667, 357.118, 39.6001, 35.5915, -46.0337, 260.177, -177.313, 0.991538, 92.0053, 0.891371, -106.278, 0.441191, -105.984
4358, 72.62500, 356.81, 39.5232, 36.2307, -45.8044, 260.869, -177.276, 0.991486, 91.8536, 0.889346, -106.344, 0.442092, -105.99
4358, 72.63333, 356.498, 39.4468, 36.8719, -45.5897, 261.566, -177.239, 0.991423, 91.702, 0.887317, -106.41, 0.442996, -105.998
4359, 72.64167, 356.182, 39.371, 37.5152, -45.389, 262.266, -177.204, 0.991348, 91.5504, 0.885282, -106.474, 0.443904, -106.005
4359, 72.65000, 355.863, 39.2958, 38.1602, -45.2015, 262.969, -177.169, 0.991263, 91.3989, 0.883242, -106.539, 0.444816, -106.012
4360, 72.65833, 355.54, 39.2212, 38.8069, -45.0266, 263.677, -177.135, 0.991167, 91.2474, 0.881197, -106.602, 0.44573, -106.02
4360, 72.66666, 355.214, 39.1472, 39.4554, -44.8638, 264.387, -177.101, 0.99106, 91.096, 0.879147, -106.665, 0.446649, -106.027
4361, 72.67500, 354.885, 39.0738, 40.1053, -44.7125, 265.102, -177.068, 0.990942, 90.9446, 0.877093, -106.727, 0.447571, -106.035
4361, 72.68333, 354.552, 39.0011, 40.7567, -44.5722, 265.82, -177.036, 0.990813, 90.7933, 0.875034, -106.788, 0.448496, -106.043
4362, 72.69167, 354.215, 38.929, 41.4096, -44.4425, 266.541, -177.005, 0.990673, 90.642, 0.87297, -106.848, 0.449425, -106.051
4362, 72.70000, 353.876, 38.8575, 42.0637, -44.3227, 267.266, -176.975, 0.990521, 90.4908, 0.870901, -106.908, 0.450357, -106.06
4363, 72.70834, 353.533, 38.7867, 42.719, -44.2126, 267.995, -176.945, 0.990359, 90.3396, 0.868828, -106.967, 0.451292, -106.068
4363, 72.71667, 353.186, 38.7165, 43.3756, -44.1117, 268.727, -176.916, 0.990185, 90.1885, 0.866751, -107.025, 0.452231, -106.077
4364, 72.72500, 352.837, 38.647, 44.0333, -44.0197, 269.462, -176.887, 0.99, 90.0375, 0.864669, -107.082, 0.453174, -106.086
4364, 72.73333, 352.484, 38.5781, 44.692, -43.936, 270.201, -176.86, 0.989804, 89.8865, 0.862583, -107.138, 0.454119, -106.095
4364, 72.74167, 352.128, 38.5099, 45.3517, -43.8605, 270.943, -176.833, 0.989597, 89.7356, 0.860493, -107.194, 0.455069, -106.104
4365, 72.75000, 351.768, 38.4424, 46.0123, -43.7927, 271.689, -176.806, 0.989378, 89.5848, 0.858399, -107.249, 0.456021, -106.114
4366, 72.75833, 351.406, 38.3756, 46.6738, -43.7324, 272.438, -176.781, 0.989148, 89.4341, 0.856301, -107.303, 0.456977, -106.124
4366, 72.76667, 351.04, 38.3095, 47.3362, -43.6793, 273.19, -176.756, 0.988906, 89.2835, 0.854198, -107.356, 0.457937, -106.133
4367, 72.77500, 350.671, 38.2442, 47.9993, -43.633, 273.946, -176.732, 0.988653, 89.1329, 0.852092, -107.408, 0.4589, -106.143
4367, 72.78333, 350.299, 38.1795, 48.6631, -43.5934, 274.705, -176.709, 0.988389, 88.9825, 0.849983, -107.459, 0.459866, -106.154
4368, 72.79166, 349.924, 38.1155, 49.3276, -43.5601, 275.467, -176.687, 0.988113, 88.8321, 0.84787, -107.51, 0.460836, -106.164
4368, 72.80000, 349.545, 38.0523, 49.9927, -43.5329, 276.233, -176.665, 0.987826, 88.6818, 0.845753, -107.559, 0.461809, -106.175
4369, 72.80833, 349.164, 37.9898, 50.6584, -43.5116, 277.002, -176.644, 0.987527, 88.5317, 0.843633, -107.608, 0.462785, -106.186
4369, 72.81667, 348.78, 37.9281, 51.3247, -43.4959, 277.774, -176.624, 0.987217, 88.3816, 0.841509, -107.656, 0.463765, -106.197
4370, 72.82500, 348.392, 37.8671, 51.9914, -43.4857, 278.549, -176.604, 0.986895, 88.2317, 0.839382, -107.703, 0.464748, -106.208
4370, 72.83334, 348.002, 37.8069, 52.6585, -43.4807, 279.328, -176.585, 0.986562, 88.0818, 0.837252, -107.749, 0.465734, -106.22
4371, 72.84167, 347.609, 37.7475, 53.3262, -43.4808, 280.109, -176.567, 0.986217, 87.9321, 0.835119, -107.794, 0.466724, -106.231
4371, 72.85000, 347.212, 37.6888, 53.9941, -43.4858, 280.894, -176.55, 0.98586, 87.7825, 0.832983, -107.838, 0.467717, -106.243
4372, 72.85833, 346.813, 37.631, 54.6624, -43.4955, 281.682, -176.534, 0.985492, 87.633, 0.830845, -107.881, 0.468713, -106.256
4372, 72.86667, 346.411, 37.5739, 55.3311, -43.5097, 282.473, -176.518, 0.985112, 87.4837, 0.828703, -107.923, 0.469713, -106.268
4372, 72.87500, 346.007, 37.5177, 56, -43.5283, 283.267, -176.503, 0.984721, 87.3345, 0.826559, -107.964, 0.470715, -106.281
4373, 72.88333, 345.599, 37.4622, 56.6691, -43.5511, 284.064, -176.488, 0.984318, 87.1854, 0.824412, -108.004, 0.471722, -106.294
4374, 72.89167, 345.189, 37.4076, 57.3385, -43.578, 284.864, -176.475, 0.983903, 87.0364, 0.822263, -108.044, 0.472731, -106.307
4374, 72.90000, 344.776, 37.3538, 58.0079, -43.6088, 285.667, -176.462, 0.983476, 86.8876, 0.820112, -108.082, 0.473744, -106.32
4375, 72.90833, 344.36, 37.3009, 58.6775, -43.6435, 286.473, -176.45, 0.983037, 86.739, 0.817958, -108.119, 0.474759, -106.334
4375, 72.91666, 343.942, 37.2488, 59.3473, -43.6819, 287.282, -176.439, 0.982587, 86.5904, 0.815803, -108.155, 0.475779, -106.347
4376, 72.92500, 343.521, 37.1975, 60.0171, -43.7238, 288.094, -176.428, 0.982125, 86.4421, 0.813645, -108.191, 0.476801, -106.361
4376, 72.93333, 343.098, 37.1472, 60.687, -43.7691, 288.908, -176.419, 0.981651, 86.2939, 0.811485, -108.225, 0.477826, -106.376
4377, 72.94167, 342.672, 37.0977, 61.3569, -43.8178, 289.726, -176.41, 0.981166, 86.1459, 0.809324, -108.258, 0.478855, -106.39
4377, 72.95000, 342.243, 37.049, 62.0267, -43.8698, 290.546, -176.401, 0.980668, 85.998, 0.807161, -108.29, 0.479887, -106.405
4378, 72.95834, 341.812, 37.0013, 62.6965, -43.9248, 291.37, -176.394, 0.980159, 85.8503, 0.804996, -108.321, 0.480922, -106.42
4378, 72.96667, 341.379, 36.9545, 63.3663, -43.9829, 292.196, -176.387, 0.979638, 85.7028, 0.80283, -108.351, 0.48196, -106.435
4379, 72.97500, 340.943, 36.9086, 64.036, -44.0439, 293.024, -176.381, 0.979105, 85.5554, 0.800663, -108.38, 0.483001, -106.451
4379, 72.98333, 340.505, 36.8636, 64.7055, -44.1078, 293.856, -176.376, 0.978561, 85.4083, 0.798495, -108.408, 0.484045, -106.466
4380, 72.99167, 340.064, 36.8196, 65.3749, -44.1744, 294.69, -176.371, 0.978004, 85.2613, 0.796325, -108.435, 0.485093, -106.482
4380, 73.00000, 339.622, 36.7764, 66.0441, -44.2437, 295.527, -176.368, 0.977435, 85.1145, 0.794155, -108.46, 0.486143, -106.499
4380, 73.00833, 339.177, 36.7343, 66.7131, -44.3156, 296.366, -176.364, 0.976855, 84.9679, 0.791984, -108.485, 0.487197, -106.515
4381, 73.01667, 338.73, 36.693, 67.3819, -44.3899, 297.208, -176.362, 0.976263, 84.8215, 0.789812, -108.508, 0.488254, -106.532
4382, 73.02500, 338.281, 36.6528, 68.0504, -44.4668, 298.053, -176.361, 0.975658, 84.6753, 0.787639, -108.53, 0.489313, -106.549
4382, 73.03333, 337.83, 36.6135, 68.7187, -44.5459, 298.9, -176.36, 0.975042, 84.5293, 0.785466, -108.551, 0.490376, -106.566
4383, 73.04166, 337.376, 36.5752, 69.3867, -44.6274, 299.75, -176.36, 0.974414, 84.3835, 0.783293, -108.571, 0.491442, -106.584
4383, 73.05000, 336.921, 36.5379, 70.0543, -44.7111, 300.602, -176.36, 0.973775, 84.238, 0.781119, -108.59, 0.49251, -106.602
4384, 73.05833, 336.464, 36.5016, 70.7216, -44.797, 301.457, -176.362, 0.973123, 84.0927, 0.778946, -108.607, 0.493582, -106.62
4384, 73.06667, 336.005, 36.4663, 71.3886, -44.885, 302.314, -176.364, 0.972459, 83.9475, 0.776772, -108.624, 0.494656, -106.638
4385, 73.07500, 335.544, 36.432, 72.0551, -44.975, 303.174, -176.367, 0.971783, 83.8027, 0.774599, -108.639, 0.495734, -106.656
4385, 73.08334, 335.082, 36.3987, 72.7212, -45.0669, 304.036, -176.37, 0.971096, 83.658, 0.772426, -108.653, 0.496814, -106.675
4386, 73.09167, 334.617, 36.3665, 73.3869, -45.1608, 304.9, -176.374, 0.970397, 83.5136, 0.770253, -108.665, 0.497898, -106.694
4386, 73.10000, 334.151, 36.3353, 74.0521, -45.2566, 305.767, -176.379, 0.969685, 83.3694, 0.768082, -108.677, 0.498984, -106.714
4387, 73.10833, 333.683, 36.3052, 74.7169, -45.3542, 306.636, -176.385, 0.968962, 83.2255, 0.765911, -108.687, 0.500073, -106.733
4387, 73.11667, 333.214, 36.2761, 75.3812, -45.4536, 307.507, -176.392, 0.968227, 83.0818, 0.76374, -108.696, 0.501165, -106.753
4388, 73.12500, 332.743, 36.2481, 76.0449, -45.5546, 308.381, -176.399, 0.96748, 82.9384, 0.761571, -108.704, 0.502259, -106.773
4388, 73.13333, 332.271, 36.2212, 76.7081, -45.6574, 309.257, -176.407, 0.966721, 82.7953, 0.759403, -108.71, 0.503357, -106.794
4388, 73.14167, 331.797, 36.1954, 77.3708, -45.7618, 310.135, -176.415, 0.96595, 82.6524, 0.757236, -108.715, 0.504457, -106.815
4389, 73.15000, 331.322, 36.1707, 78.0328, -45.8677, 311.015, -176.424, 0.965168, 82.5098, 0.75507, -108.719, 0.50556, -106.836
4390, 73.15833, 330.846, 36.1471, 78.6942, -45.9752, 311.897, -176.434, 0.964373, 82.3674, 0.752907, -108.722, 0.506666, -106.857
4390, 73.16666, 330.368, 36.1245, 79.3551, -46.0842, 312.781, -176.445, 0.963567, 82.2254, 0.750744, -108.723, 0.507774, -106.878
4391, 73.17500, 329.889, 36.1032, 80.0152, -46.1946, 313.667, -176.457, 0.962749, 82.0836, 0.748584, -108.723, 0.508885, -106.9
4391, 73.18333, 329.409, 36.0829, 80.6747, -46.3065, 314.556, -176.469, 0.961919, 81.9421, 0.746426, -108.722, 0.509999, -106.922
4392, 73.19167, 328.928, 36.0638, 81.3336, -46.4197, 315.446, -176.481, 0.961077, 81.8009, 0.744269, -108.719, 0.511116, -106.944
4392, 73.20000, 328.445, 36.0459, 81.9917, -46.5343, 316.339, -176.495, 0.960223, 81.66, 0.742116, -108.715, 0.512235, -106.967
4393, 73.20834, 327.962, 36.0291, 82.6491, -46.6501, 317.233, -176.509, 0.959358, 81.5194, 0.739964, -108.71, 0.513357, -106.99
4393, 73.21667, 327.478, 36.0135, 83.3059, -46.7673, 318.129, -176.524, 0.958481, 81.3791, 0.737815, -108.703, 0.514481, -107.013
4394, 73.22500, 326.993, 35.999, 83.9618, -46.8857, 319.027, -176.54, 0.957592, 81.2392, 0.735669, -108.695, 0.515608, -107.036
4394, 73.23333, 326.508, 35.9857, 84.6169, -47.0052, 319.927, -176.556, 0.956691, 81.0995, 0.733526, -108.685, 0.516738, -107.06
4395, 73.24167, 326.021, 35.9737, 85.2713, -47.126, 320.829, -176.573, 0.955779, 80.9602, 0.731386, -108.674, 0.51787, -107.084
4395, 73.25000, 325.534, 35.9628, 85.9249, -47.2479, 321.733, -176.59, 0.954854, 80.8212, 0.729249, -108.662, 0.519004, -107.108
4396, 73.25833, 325.047, 35.9532, 86.5776, -47.3709, 322.638, -176.608, 0.953919, 80.6826, 0.727115, -108.648, 0.520141, -107.133
4396, 73.26667, 324.558, 35.9447, 87.2295, -47.495, 323.545, -176.627, 0.952971, 80.5442, 0.724985, -108.633, 0.521281, -107.158
4396, 73.27500, 324.07, 35.9375, 87.8805, -47.6201, 324.454, -176.647, 0.952012, 80.4063, 0.722858, -108.616, 0.522423, -107.183
4397, 73.28333, 323.581, 35.9316, 88.5306, -47.7463, 325.365, -176.667, 0.951041, 80.2686, 0.720736, -108.598, 0.523568, -107.208
4398, 73.29166, 323.091, 35.9268, 89.1799, -47.8735, 326.277, -176.688, 0.950059, 80.1314, 0.718617, -108.579, 0.524715, -107.234
4398, 73.30000, 322.601, 35.9234, 89.8282, -48.0016, 327.191, -176.71, 0.949065, 79.9944, 0.716502, -108.558, 0.525864, -107.259
4399, 73.30833, 322.112, 35.9212, 90.4755, -48.1307, 328.106, -176.732, 0.94806, 79.8579, 0.714392, -108.535, 0.527015, -107.285
4399, 73.31667, 321.621, 35.9202, 91.122, -48.2607, 329.023, -176.755, 0.947043, 79.7217, 0.712286, -108.511, 0.528169, -107.312
4400, 73.32500, 321.131, 35.9205, 91.7675, -48.3916, 329.941, -176.778, 0.946014, 79.5859, 0.710185, -108.486, 0.529326, -107.339
4400, 73.33334, 320.641, 35.9222, 92.4119, -48.5234, 330.861, -176.802, 0.944974, 79.4505, 0.708088, -108.459, 0.530484, -107.366
4401, 73.34167, 320.151, 35.9251, 93.0555, -48.656, 331.783, -176.827, 0.943923, 79.3155, 0.705997, -108.43, 0.531645, -107.393
4401, 73.35000, 319.661, 35.9293, 93.6979, -48.7895, 332.706, -176.853, 0.94286, 79.1808, 0.70391, -108.4, 0.532808, -107.42
4402, 73.35833, 319.172, 35.9348, 94.3394, -48.9238, 333.63, -176.879, 0.941786, 79.0466, 0.701829, -108.369, 0.533974, -107.448
4402, 73.36667, 318.682, 35.9416, 94.9798, -49.0588, 334.556, -176.905, 0.9407, 78.9127, 0.699753, -108.336, 0.535141, -107.476
4403, 73.37500, 318.193, 35.9498, 95.6191, -49.1947, 335.483, -176.933, 0.939603, 78.7793, 0.697683, -108.301, 0.536311, -107.504
4403, 73.38333, 317.705, 35.9593, 96.2574, -49.3313, 336.411, -176.961, 0.938495, 78.6463, 0.695619, -108.265, 0.537483, -107.533
4404, 73.39167, 317.217, 35.9701, 96.8946, -49.4686, 337.341, -176.989, 0.937376, 78.5136, 0.69356, -108.227, 0.538657, -107.562
4404, 73.40000, 316.729, 35.9823, 97.5307, -49.6066, 338.272, -177.018, 0.936245, 78.3815, 0.691508, -108.188, 0.539833, -107.591
4404, 73.40833, 316.243, 35.9958, 98.1656, -49.7453, 339.204, -177.048, 0.935103, 78.2497, 0.689462, -108.147, 0.541012, -107.62
4405, 73.41666, 315.756, 36.0107, 98.7995, -49.8847, 340.137, -177.078, 0.93395, 78.1184, 0.687422, -108.105, 0.542192, -107.65
4406, 73.42500, 315.271, 36.0269, 99.4321, -50.0247, 341.072, -177.109, 0.932786, 77.9875, 0.685389, -108.061, 0.543375, -107.68
4406, 73.43333, 314.787, 36.0445, 100.064, -50.1654, 342.007, -177.141, 0.931611, 77.8571, 0.683362, -108.015, 0.544559, -107.71
4407, 73.44167, 314.303, 36.0635, 100.694, -50.3067, 342.944, -177.173, 0.930425, 77.7271, 0.681343, -107.968, 0.545746, -107.74
4407, 73.45000, 313.821, 36.0839, 101.323, -50.4486, 343.882, -177.206, 0.929228, 77.5976, 0.67933, -107.919, 0.546934, -107.771
4408, 73.45834, 313.34, 36.1056, 101.951, -50.5911, 344.821, -177.239, 0.92802, 77.4686, 0.677325, -107.868, 0.548124, -107.802
4408, 73.46667, 312.86, 36.1288, 102.578, -50.7342, 345.761, -177.273, 0.9268, 77.34, 0.675327, -107.816, 0.549317, -107.833
4409, 73.47500, 312.381, 36.1534, 103.203, -50.8778, 346.702, -177.307, 0.925571, 77.2119, 0.673338, -107.762, 0.550511, -107.864
4409, 73.48333, 311.904, 36.1793, 103.827, -51.0219, 347.643, -177.342, 0.92433, 77.0843, 0.671355, -107.707, 0.551707, -107.896
4410, 73.49167, 311.428, 36.2067, 104.45, -51.1666, 348.586, -177.378, 0.923078, 76.9571, 0.669381, -107.65, 0.552905, -107.928
4410, 73.50000, 310.953, 36.2355, 105.072, -51.3118, 349.53, -177.414, 0.921816, 76.8305, 0.667415, -107.591, 0.554105, -107.96
4411, 73.50833, 310.481, 36.2657, 105.692, -51.4575, 350.475, -177.451, 0.920543, 76.7043, 0.665457, -107.531, 0.555307, -107.993
4411, 73.51667, 310.009, 36.2974, 106.311, -51.6037, 351.42, -177.488, 0.91926, 76.5787, 0.663508, -107.469, 0.55651, -108.026
4412, 73.52500, 309.54, 36.3305, 106.929, -51.7504, 352.367, -177.526, 0.917965, 76.4536, 0.661567, -107.405, 0.557716, -108.059
4412, 73.53333, 309.073, 36.365, 107.546, -51.8975, 353.314, -177.564, 0.916661, 76.3289, 0.659635, -107.34, 0.558923, -108.092
4412, 73.54166, 308.607, 36.401, 108.161, -52.045, 354.262, -177.603, 0.915346, 76.2048, 0.657713, -107.273, 0.560132, -108.125
4413, 73.55000, 308.144, 36.4384, 108.774, -52.193, 355.21, -177.643, 0.91402, 76.0813, 0.655799, -107.204, 0.561342, -108.159
4414, 73.55833, 307.682, 36.4772, 109.387, -52.3414, 356.16, -177.683, 0.912684, 75.9583, 0.653895, -107.134, 0.562554, -108.193
4414, 73.56667, 307.223, 36.5175, 109.998, -52.4902, 357.11, -177.723, 0.911338, 75.8358, 0.652, -107.062, 0.563768, -108.227
4415, 73.57500, 306.766, 36.5593, 110.607, -52.6394, 358.061, -177.764, 0.909981, 75.7138, 0.650115, -106.988, 0.564984, -108.262
4415, 73.58334, 306.312, 36.6025, 111.216, -52.789, 359.012, -177.806, 0.908614, 75.5925, 0.64824, -106.912, 0.566201, -108.297
4416, 73.59167, 305.86, 36.6472, 111.823, -52.939, 359.964, -177.848, 0.907237, 75.4716, 0.646375, -106.835, 0.567419, -108.332
4416, 73.60000, 305.41, 36.6934, 112.428, -53.0893, 360.917, -177.891, 0.90585, 75.3514, 0.64452, -106.756, 0.56864, -108.367
4417, 73.60833, 304.963, 36.741, 113.032, -53.24, 361.87, -177.934, 0.904453, 75.2317, 0.642676, -106.676, 0.569862, -108.402
4417, 73.61667, 304.519, 36.7901, 113.634, -53.391, 362.823, -177.977, 0.903045, 75.1126, 0.640842, -106.593, 0.571085, -108.438
4418, 73.62500, 304.078, 36.8407, 114.235, -53.5424, 363.777, -178.021, 0.901628, 74.994, 0.639019, -106.509, 0.57231, -108.474
4418, 73.63333, 303.639, 36.8927, 114.835, -53.694, 364.732, -178.066, 0.900201, 74.8761, 0.637207, -106.423, 0.573536, -108.51
4419, 73.64167, 303.204, 36.9463, 115.433, -53.846, 365.687, -178.111, 0.898764, 74.7588, 0.635406, -106.336, 0.574764, -108.547
4419, 73.65000, 302.771, 37.0013, 116.03, -53.9983, 366.643, -178.157, 0.897317, 74.6421, 0.633617, -106.247, 0.575993, -108.583
4420, 73.65833, 302.342, 37.0578, 116.625, -54.1509, 367.599, -178.203, 0.895861, 74.5259, 0.631839, -106.156, 0.577224, -108.62
4420, 73.66666, 301.916, 37.1158, 117.218, -54.3037, 368.555, -178.249, 0.894395, 74.4104, 0.630072, -106.063, 0.578456, -108.657
4420, 73.67500, 301.493, 37.1752, 117.81, -54.4568, 369.512, -178.296, 0.892919, 74.2956, 0.628317, -105.969, 0.579689, -108.695
4421, 73.68333, 301.074, 37.2361, 118.401, -54.6102, 370.468, -178.344, 0.891434, 74.1813, 0.626575, -105.872, 0.580924, -108.732
4422, 73.69167, 300.658, 37.2985, 118.99, -54.7638, 371.426, -178.392, 0.889939, 74.0677, 0.624844, -105.775, 0.58216, -108.77
4422, 73.70000, 300.246, 37.3624, 119.577, -54.9177, 372.383, -178.44, 0.888436, 73.9547, 0.623126, -105.675, 0.583398, -108.808
4423, 73.70834, 299.838, 37.4278, 120.163, -55.0718, 373.341, -178.489, 0.886922, 73.8424, 0.621421, -105.574, 0.584636, -108.847
4423, 73.71667, 299.433, 37.4947, 120.748, -55.2262, 374.299, -178.538, 0.8854, 73.7307, 0.619728, -105.471, 0.585877, -108.885
4424, 73.72500, 299.033, 37.563, 121.33, -55.3807, 375.257, -178.588, 0.883868, 73.6197, 0.618048, -105.366, 0.587118, -108.924
4424, 73.73333, 298.636, 37.6328, 121.912, -55.5355, 376.216, -178.638, 0.882327, 73.5094, 0.616381, -105.259, 0.58836, -108.963
4425, 73.74167, 298.243, 37.7041, 122.491, -55.6904, 377.174, -178.689, 0.880777, 73.3997, 0.614727, -105.151, 0.589604, -109.002
4425, 73.75000, 297.855, 37.7769, 123.069, -55.8456, 378.133, -178.74, 0.879218, 73.2908, 0.613087, -105.041, 0.590849, -109.041
4426, 73.75833, 297.471, 37.8511, 123.646, -56.0009, 379.091, -178.792, 0.87765, 73.1825, 0.61146, -104.93, 0.592095, -109.081
4426, 73.76667, 297.091, 37.9268, 124.22, -56.1565, 380.05, -178.844, 0.876073, 73.0749, 0.609847, -104.816, 0.593342, -109.121
4427, 73.77500, 296.715, 38.0039, 124.793, -56.3121, 381.009, -178.896, 0.874488, 72.9681, 0.608247, -104.701, 0.59459, -109.161
4427, 73.78333, 296.344, 38.0825, 125.365, -56.468, 381.968, -178.949, 0.872894, 72.8619, 0.606662, -104.585, 0.595839, -109.201
4428, 73.79166, 295.978, 38.1626, 125.935, -56.624, 382.927, -179.002, 0.871291, 72.7564, 0.605091, -104.466, 0.59709, -109.241
4428, 73.80000, 295.617, 38.2442, 126.503, -56.7802, 383.886, -179.055, 0.869679, 72.6517, 0.603535, -104.346, 0.598341, -109.282
4428, 73.80833, 295.26, 38.3271, 127.069, -56.9365, 384.845, -179.109, 0.86806, 72.5477, 0.601993, -104.225, 0.599594, -109.323
4429, 73.81667, 294.908, 38.4115, 127.634, -57.0929, 385.804, -179.164, 0.866431, 72.4445, 0.600465, -104.101, 0.600847, -109.364
4430, 73.82500, 294.561, 38.4974, 128.197, -57.2495, 386.762, -179.219, 0.864795, 72.342, 0.598953, -103.976, 0.602102, -109.405
4430, 73.83334, 294.219, 38.5847, 128.759, -57.4062, 387.721, -179.274, 0.86315, 72.2402, 0.597455, -103.849, 0.603357, -109.447
4431, 73.84167, 293.883, 38.6734, 129.319, -57.563, 388.68, -179.329, 0.861497, 72.1392, 0.595973, -103.721, 0.604614, -109.488
4431, 73.85000, 293.551, 38.7635, 129.877, -57.7199, 389.638, -179.385, 0.859836, 72.039, 0.594506, -103.591, 0.605871, -109.53
4432, 73.85833, 293.225, 38.8551, 130.433, -57.8769, 390.596, -179.442, 0.858167, 71.9396, 0.593055, -103.459, 0.607129, -109.572
4432, 73.86667, 292.905, 38.948, 130.988, -58.034, 391.554, -179.498, 0.856489, 71.8409, 0.591619, -103.326, 0.608389, -109.614
4433, 73.87500, 292.59, 39.0423, 131.541, -58.1912, 392.512, -179.555, 0.854805, 71.743, 0.590199, -103.191, 0.609649, -109.657
4433, 73.88333, 292.28, 39.1381, 132.092, -58.3485, 393.47, -179.613, 0.853112, 71.646, 0.588795, -103.054, 0.61091, -109.699
4434, 73.89167, 291.976, 39.2352, 132.642, -58.5059, 394.427, -179.671, 0.851412, 71.5497, 0.587407, -102.916, 0.612172, -109.742
4434, 73.90000, 291.679, 39.3337, 133.189, -58.6633, 395.384, -179.729, 0.849704, 71.4542, 0.586036, -102.776, 0.613434, -109.785
4435, 73.90833, 291.387, 39.4335, 133.735, -58.8208, 396.341, -179.787, 0.847988, 71.3596, 0.58468, -102.635, 0.614698, -109.828
4435, 73.91666, 291.101, 39.5347, 134.28, -58.9784, 397.298, -179.846, 0.846265, 71.2658, 0.583342, -102.492, 0.615962, -109.872
4436, 73.92500, 290.821, 39.6372, 134.822, -59.1361, 398.254, -179.905, 0.844535, 71.1728, 0.58202, -102.348, 0.617227, -109.915
4436, 73.93333, 290.547, 39.7411, 135.363, -59.2937, 399.209, -179.965, 0.842797, 71.0807, 0.580715, -102.202, 0.618493, -109.959
4436, 73.94167, 290.279, 39.8463, 135.902, -59.4515, 400.165, 179.975, 0.841052, 70.9894, 0.579427, -102.054, 0.619759, -110.003
4437, 73.95000, 290.018, 39.9528, 136.439, -59.6092, 401.12, 179.915, 0.839301, 70.899, 0.578156, -101.905, 0.621026, -110.047
4438, 73.95834, 289.763, 40.0606, 136.975, -59.767, 402.075, 179.854, 0.837542, 70.8095, 0.576902, -101.755, 0.622294, -110.091
4438, 73.96667, 289.515, 40.1697, 137.509, -59.9249, 403.029, 179.793, 0.835776, 70.7208, 0.575665, -101.603, 0.623563, -110.135
4439, 73.97500, 289.274, 40.2801, 138.041, -60.0827, 403.983, 179.732, 0.834003, 70.633, 0.574447, -101.45, 0.624832, -110.18
4439, 73.98333, 289.039, 40.3917, 138.571, -60.2406, 404.936, 179.671, 0.832224, 70.5461, 0.573246, -101.295, 0.626102, -110.225
4440, 73.99167, 288.81, 40.5046, 139.099, -60.3985, 405.889, 179.609, 0.830438, 70.4601, 0.572062, -101.138, 0.627372, -110.27
4440, 74.00000, 288.589, 40.6187, 139.626, -60.5564, 406.841, 179.547, 0.828645, 70.375, 0.570897, -100.981, 0.628643, -110.315
4441, 74.00833, 288.375, 40.734, 140.15, -60.7144, 407.793, 179.484, 0.826846, 70.2908, 0.569749, -100.822, 0.629915, -110.36
4441, 74.01667, 288.167, 40.8506, 140.673, -60.8723, 408.745, 179.422, 0.825041, 70.2075, 0.56862, -100.661, 0.631187, -110.405
4441, 74.02500, 287.967, 40.9683, 141.195, -61.0302, 409.696, 179.359, 0.823229, 70.1252, 0.567509, -100.499, 0.63246, -110.451
4442, 74.03333, 287.774, 41.0872, 141.714, -61.1881, 410.646, 179.295, 0.821411, 70.0438, 0.566416, -100.336, 0.633734, -110.497
4443, 74.04166, 287.588, 41.2072, 142.232, -61.346, 411.596, 179.232, 0.819587, 69.9633, 0.565342, -100.172, 0.635008, -110.542
4443, 74.05000, 287.41, 41.3284, 142.747, -61.5039, 412.545, 179.168, 0.817757, 69.8838, 0.564286, -100.006, 0.636282, -110.588
4444, 74.05833, 287.239, 41.4508, 143.261, -61.6618, 413.493, 179.104, 0.815921, 69.8053, 0.563249, -99.8386, 0.637557, -110.635
4444, 74.06667, 287.075, 41.5742, 143.773, -61.8196, 414.441, 179.039, 0.814079, 69.7277, 0.562231, -99.6702, 0.638833, -110.681
4444, 74.07500, 286.919, 41.6988, 144.283, -61.9774, 415.388, 178.974, 0.812232, 69.6511, 0.561232, -99.5005, 0.640108, -110.727
4445, 74.08334, 286.771, 41.8244, 144.792, -62.1352, 416.335, 178.909, 0.810379, 69.5755, 0.560252, -99.3297, 0.641385, -110.774
4446, 74.09167, 286.63, 41.9511, 145.299, -62.293, 417.281, 178.844, 0.80852, 69.5009, 0.559291, -99.1576, 0.642662, -110.821
4446, 74.10000, 286.497, 42.0788, 145.803, -62.4507, 418.226, 178.779, 0.806656, 69.4273, 0.558349, -98.9844, 0.643939, -110.868
4447, 74.10833, 286.372, 42.2075, 146.306, -62.6084, 419.17, 178.713, 0.804786, 69.3548, 0.557427, -98.8101, 0.645216, -110.915
4447, 74.11667, 286.256, 42.3373, 146.807, -62.766, 420.114, 178.647, 0.802912, 69.2832, 0.556523, -98.6345, 0.646495, -110.962
4448, 74.12500, 286.147, 42.468, 147.307, -62.9236, 421.057, 178.58, 0.801032, 69.2127, 0.55564, -98.4579, 0.647773, -111.009
4448, 74.13333, 286.046, 42.5997, 147.804, -63.0811, 422, 178.514, 0.799147, 69.1432, 0.554776, -98.2802, 0.649052, -111.056
4449, 74.14167, 285.953, 42.7323, 148.3, -63.2386, 422.941, 178.447, 0.797257, 69.0748, 0.553931, -98.1015, 0.650331, -111.104
4449, 74.15000, 285.869, 42.8659, 148.793, -63.396, 423.882, 178.38, 0.795363, 69.0074, 0.553106, -97.9217, 0.651611, -111.152
4449, 74.15833, 285.793, 43.0003, 149.285, -63.5533, 424.822, 178.313, 0.793463, 68.9411, 0.552301, -97.7409, 0.65289, -111.199
4450, 74.16666, 285.725, 43.1357, 149.775, -63.7106, 425.761, 178.245, 0.791559, 68.8759, 0.551516, -97.5591, 0.654171, -111.247
4451, 74.17500, 285.666, 43.2719, 150.263, -63.8678, 426.7, 178.178, 0.789651, 68.8117, 0.550751, -97.3763, 0.655451, -111.295
4451, 74.18333, 285.615, 43.4089, 150.75, -64.025, 427.637, 178.11, 0.787738, 68.7487, 0.550006, -97.1927, 0.656732, -111.344
4452, 74.19167, 285.573, 43.5468, 151.234, -64.182, 428.574, 178.041, 0.785821, 68.6867, 0.549281, -97.0081, 0.658013, -111.392
4452, 74.20000, 285.54, 43.6854, 151.717, -64.339, 429.51, 177.973, 0.7839, 68.6259, 0.548576, -96.8226, 0.659294, -111.44
4453, 74.20834, 285.515, 43.8248, 152.197, -64.4959, 430.445, 177.904, 0.781974, 68.5661, 0.547891, -96.6363, 0.660576, -111.489
4453, 74.21667, 285.499, 43.965, 152.676, -64.6528, 431.379, 177.836, 0.780045, 68.5076, 0.547226, -96.4492, 0.661858, -111.538
4454, 74.22500, 285.492, 44.1059, 153.153, -64.8095, 432.313, 177.767, 0.778111, 68.4501, 0.546582, -96.2613, 0.66314, -111.586
4454, 74.23333, 285.493, 44.2475, 153.628, -64.9661, 433.245, 177.697, 0.776174, 68.3938, 0.545958, -96.0726, 0.664422, -111.635
4455, 74.24167, 285.504, 44.3898, 154.102, -65.1227, 434.177, 177.628, 0.774233, 68.3387, 0.545354, -95.8831, 0.665705, -111.684
4455, 74.25000, 285.523, 44.5327, 154.573, -65.2791, 435.107, 177.558, 0.772289, 68.2847, 0.54477, -95.693, 0.666987, -111.733
4456, 74.25833, 285.552, 44.6762, 155.043, -65.4355, 436.037, 177.489, 0.770341, 68.2319, 0.544208, -95.5022, 0.66827, -111.782
4456, 74.26667, 285.59, 44.8204, 155.511, -65.5917, 436.966, 177.419, 0.76839, 68.1803, 0.543665, -95.3107, 0.669553, -111.832
4457, 74.27500, 285.637, 44.9652, 155.977, -65.7479, 437.894, 177.348, 0.766436, 68.1299, 0.543143, -95.1186, 0.670837, -111.881
4457, 74.28333, 285.693, 45.1105, 156.441, -65.9039, 438.821, 177.278, 0.764479, 68.0807, 0.542641, -94.9259, 0.67212, -111.931
4457, 74.29166, 285.758, 45.2563, 156.903, -66.0598, 439.746, 177.207, 0.762518, 68.0327, 0.54216, -94.7327, 0.673404, -111.98
4458, 74.30000, 285.833, 45.4027, 157.363, -66.2157, 440.671, 177.137, 0.760555, 67.986, 0.5417, -94.5389, 0.674687, -112.03
4459, 74.30833, 285.917, 45.5495, 157.822, -66.3714, 441.595, 177.066, 0.758589, 67.9405, 0.54126, -94.3446, 0.675971, -112.08
4459, 74.31667, 286.01, 45.6968, 158.278, -66.527, 442.518, 176.995, 0.75662, 67.8962, 0.54084, -94.1499, 0.677255, -112.13
4460, 74.32500, 286.113, 45.8445, 158.733, -66.6824, 443.44, 176.923, 0.754649, 67.8532, 0.540441, -93.9547, 0.678539, -112.18
4460, 74.33334, 286.225, 45.9926, 159.186, -66.8378, 444.361, 176.852, 0.752675, 67.8115, 0.540063, -93.7591, 0.679823, -112.23
4461, 74.34167, 286.347, 46.1411, 159.637, -66.993, 445.281, 176.78, 0.750699, 67.771, 0.539705, -93.5631, 0.681108, -112.28
4461, 74.35000, 286.478, 46.29, 160.086, -67.1481, 446.2, 176.709, 0.748721, 67.7318, 0.539368, -93.3667, 0.682392, -112.33
4462, 74.35833, 286.619, 46.4392, 160.533, -67.3031, 447.118, 176.637, 0.746741, 67.6939, 0.539051, -93.1701, 0.683676, -112.38
4462, 74.36667, 286.77, 46.5887, 160.979, -67.4579, 448.035, 176.565, 0.744758, 67.6573, 0.538755, -92.9731, 0.684961, -112.431
4463, 74.37500, 286.93, 46.7384, 161.423, -67.6126, 448.951, 176.492, 0.742774, 67.6221, 0.538479, -92.7759, 0.686245, -112.481
4463, 74.38333, 287.1, 46.8884, 161.864, -67.7672, 449.865, 176.42, 0.740789, 67.5882, 0.538224, -92.5785, 0.68753, -112.532
4464, 74.39167, 287.28, 47.0387, 162.304, -67.9217, 450.779, 176.348, 0.738801, 67.5556, 0.53799, -92.3808, 0.688815, -112.582
4464, 74.40000, 287.469, 47.1891, 162.742, -68.076, 451.691, 176.275, 0.736813, 67.5243, 0.537775, -92.183, 0.690099, -112.633
4465, 74.40833, 287.668, 47.3397, 163.179, -68.2301, 452.603, 176.202, 0.734823, 67.4944, 0.537582, -91.9851, 0.691384, -112.684
4465, 74.41666, 287.877, 47.4905, 163.613, -68.3842, 453.513, 176.129, 0.732831, 67.4659, 0.537408, -91.787, 0.692669, -112.735
4465, 74.42500, 288.096, 47.6414, 164.046, -68.5381, 454.423, 176.056, 0.730839, 67.4388, 0.537255, -91.5889, 0.693953, -112.786
4466, 74.43333, 288.325, 47.7923, 164.476, -68.6918, 455.331, 175.983, 0.728846, 67.4131, 0.537123, -91.3908, 0.695238, -112.837
4467, 74.44167, 288.563, 47.9434, 164.905, -68.8454, 456.238, 175.91, 0.726851, 67.3887, 0.53701, -91.1926, 0.696523, -112.888
4467, 74.45000, 288.812, 48.0944, 165.332, -68.9988, 457.144, 175.836, 0.724856, 67.3658, 0.536918, -90.9945, 0.697807, -112.939
4468, 74.45834, 289.07, 48.2455, 165.758, -69.1521, 458.049, 175.763, 0.722861, 67.3443, 0.536846, -90.7964, 0.699092, -112.99
4468, 74.46667, 289.339, 48.3966, 166.181, -69.3053, 458.953, 175.689, 0.720865, 67.3243, 0.536794, -90.5983, 0.700377, -113.041
4469, 74.47500, 289.617, 48.5476, 166.603, -69.4583, 459.855, 175.615, 0.718869, 67.3057, 0.536763, -90.4004, 0.701661, -113.093
4469, 74.48333, 289.906, 48.6986, 167.023, -69.6111, 460.757, 175.542, 0.716872, 67.2885, 0.536751, -90.2026, 0.702946, -113.144
4470, 74.49167, 290.204, 48.8494, 167.441, -69.7638, 461.657, 175.468, 0.714876, 67.2728, 0.536759, -90.005, 0.704231, -113.195
4470, 74.50000, 290.512, 49.0002, 167.857, -69.9164, 462.556, 175.393, 0.712879, 67.2586, 0.536787, -89.8075, 0.705515, -113.247
4471, 74.50833, 290.831, 49.1508, 168.271, -70.0687, 463.454, 175.319, 0.710883, 67.2459, 0.536835, -89.6104, 0.7068, -113.298
4471, 74.51667, 291.159, 49.3013, 168.684, -70.2209, 464.351, 175.245, 0.708887, 67.2347, 0.536903, -89.4134, 0.708084, -113.35
4472, 74.52500, 291.498, 49.4515, 169.094, -70.373, 465.247, 175.171, 0.706892, 67.225, 0.536991, -89.2167, 0.709369, -113.402
4472, 74.53333, 291.846, 49.6016, 169.503, -70.5249, 466.141, 175.096, 0.704897, 67.2168, 0.537098, -89.0204, 0.710653, -113.453
4473, 74.54166, 292.205, 49.7514, 169.91, -70.6766, 467.035, 175.022, 0.702903, 67.2102, 0.537225, -88.8243, 0.711937, -113.505
4473, 74.55000, 292.574, 49.9009, 170.316, -70.8282, 467.927, 174.947, 0.700909, 67.2051, 0.537371, -88.6287, 0.713221, -113.557
4473, 74.55833, 292.952, 50.0501, 170.719, -70.9796, 468.818, 174.872, 0.698917, 67.2016, 0.537536, -88.4334, 0.714505, -113.609
4474, 74.56667, 293.341, 50.1991, 171.121, -71.1308, 469.708, 174.797, 0.696926, 67.1996, 0.537721, -88.2386, 0.715789, -113.66
4475, 74.57500, 293.74, 50.3476, 171.521, -71.2819, 470.596, 174.722, 0.694936, 67.1992, 0.537925, -88.0442, 0.717073, -113.712
4475, 74.58334, 294.149, 50.4958, 171.919, -71.4327, 471.484, 174.647, 0.692948, 67.2004, 0.538148, -87.8503, 0.718357, -113.764
4476, 74.59167, 294.568, 50.6437, 172.315, -71.5835, 472.37, 174.572, 0.690961, 67.2033, 0.538391, -87.6568, 0.719641, -113.816
4476, 74.60000, 294.997, 50.7911, 172.71, -71.734, 473.255, 174.497, 0.688976, 67.2077, 0.538652, -87.464, 0.720925, -113.868
4477, 74.60833, 295.436, 50.938, 173.103, -71.8844, 474.139, 174.422, 0.686993, 67.2138, 0.538932, -87.2716, 0.722208, -113.92
4477, 74.61667, 295.885, 51.0846, 173.494, -72.0346, 475.022, 174.346, 0.685012, 67.2215, 0.53923, -87.0798, 0.723492, -113.972
4478, 74.62500, 296.345, 51.2306, 173.883, -72.1846, 475.903, 174.271, 0.683033, 67.2308, 0.539548, -86.8887, 0.724775, -114.025
4478, 74.63333, 296.814, 51.3761, 174.27, -72.3345, 476.784, 174.196, 0.681056, 67.2419, 0.539883, -86.6982, 0.726058, -114.077
4479, 74.64167, 297.293, 51.5211, 174.656, -72.4841, 477.663, 174.12, 0.679082, 67.2546, 0.540238, -86.5082, 0.727341, -114.129
4479, 74.65000, 297.783, 51.6656, 175.04, -72.6336, 478.541, 174.044, 0.67711, 67.269, 0.54061, -86.319, 0.728624, -114.181
4480, 74.65833, 298.282, 51.8095, 175.422, -72.783, 479.417, 173.969, 0.675141, 67.285, 0.541001, -86.1305, 0.729907, -114.233
4480, 74.66666, 298.791, 51.9528, 175.803, -72.9321, 480.293, 173.893, 0.673175, 67.3028, 0.54141, -85.9427, 0.73119, -114.286
4481, 74.67500, 299.311, 52.0955, 176.182, -73.0811, 481.167, 173.817, 0.671212, 67.3223, 0.541837, -85.7557, 0.732472, -114.338
4481, 74.68333, 299.84, 52.2375, 176.559, -73.2298, 482.04, 173.742, 0.669252, 67.3436, 0.542282, -85.5694, 0.733755, -114.39
4481, 74.69167, 300.379, 52.3789, 176.934, -73.3785, 482.912, 173.666, 0.667296, 67.3666, 0.542744, -85.3839, 0.735037, -114.443
4482, 74.70000, 300.928, 52.5196, 177.307, -73.5269, 483.783, 173.59, 0.665343, 67.3914, 0.543224, -85.1992, 0.73632, -114.495
4483, 74.70834, 301.487, 52.6596, 177.679, -73.6751, 484.652, 173.514, 0.663393, 67.4179, 0.543722, -85.0153, 0.737602, -114.547
4483, 74.71667, 302.056, 52.799, 178.049, -73.8232, 485.52, 173.438, 0.661448, 67.4462, 0.544237, -84.8323, 0.738884, -114.6
4484, 74.72500, 302.635, 52.9375, 178.418, -73.971, 486.387, 173.362, 0.659506, 67.4763, 0.544769, -84.6502, 0.740166, -114.652
4484, 74.73333, 303.224, 53.0753, 178.784, -74.1187, 487.253, 173.286, 0.657569, 67.5082, 0.545318, -84.4689, 0.741447, -114.704
4485, 74.74167, 303.823, 53.2124, 179.149, -74.2662, 488.117, 173.21, 0.655636, 67.5419, 0.545885, -84.2885, 0.742729, -114.757
4485, 74.75000, 304.431, 53.3487, 179.512, -74.4135, 488.98, 173.133, 0.653707, 67.5775, 0.546468, -84.1091, 0.74401, -114.809
4486, 74.75833, 305.049, 53.4841, 179.874, -74.5607, 489.842, 173.057, 0.651783, 67.6149, 0.547068, -83.9306, 0.745292, -114.862
4486, 74.76667, 305.677, 53.6188, 180.234, -74.7076, 490.703, 172.981, 0.649864, 67.6541, 0.547684, -83.7531, 0.746573, -114.914
4487, 74.77500, 306.314, 53.7526, 180.592, -74.8544, 491.563, 172.905, 0.64795, 67.6952, 0.548317, -83.5766, 0.747854, -114.967
4487, 74.78333, 306.962, 53.8855, 180.948, -75.0009, 492.421, 172.829, 0.646041, 67.7382, 0.548967, -83.401, 0.749135, -115.019
4488, 74.79166, 307.619, 54.0176, 181.303, -75.1473, 493.278, 172.752, 0.644137, 67.783, 0.549632, -83.2265, 0.750416, -115.071
4488, 74.80000, 308.285, 54.1487, 181.656, -75.2935, 494.134, 172.676, 0.642238, 67.8298, 0.550314, -83.0529, 0.751696, -115.124
4489, 74.80833, 308.961, 54.279, 182.007, -75.4395, 494.989, 172.6, 0.640346, 67.8785, 0.551012, -82.8805, 0.752976, -115.176
4489, 74.81667, 309.647, 54.4083, 182.357, -75.5854, 495.842, 172.523, 0.638459, 67.9291, 0.551725, -82.709, 0.754257, -115.229
4489, 74.82500, 310.343, 54.5368, 182.705, -75.731, 496.695, 172.447, 0.636578, 67.9816, 0.552454, -82.5387, 0.755537, -115.281
4490, 74.83334, 311.048, 54.6642, 183.052, -75.8764, 497.546, 172.371, 0.634703, 68.0361, 0.553198, -82.3694, 0.756817, -115.334
4491, 74.84167, 311.762, 54.7907, 183.397, -76.0217, 498.395, 172.294, 0.632834, 68.0925, 0.553958, -82.2013, 0.758097, -115.386
4491, 74.85000, 312.486, 54.9162, 183.74, -76.1667, 499.244, 172.218, 0.630972, 68.1509, 0.554733, -82.0342, 0.759377, -115.439
4492, 74.85833, 313.219, 55.0407, 184.081, -76.3116, 500.091, 172.141, 0.629117, 68.2113, 0.555524, -81.8683, 0.760656, -115.491
4492, 74.86667, 313.962, 55.1643, 184.421, -76.4563, 500.938, 172.065, 0.627268, 68.2736, 0.556329, -81.7035, 0.761936, -115.544
4493, 74.87500, 314.714, 55.2868, 184.759, -76.6008, 501.783, 171.988, 0.625426, 68.338, 0.557149, -81.5399, 0.763215, -115.596
4493, 74.88333, 315.475, 55.4082, 185.096, -76.745, 502.626, 171.912, 0.623592, 68.4043, 0.557983, -81.3774, 0.764495, -115.648
4494, 74.89167, 316.245, 55.5287, 185.431, -76.8892, 503.469, 171.835, 0.621765, 68.4727, 0.558833, -81.2161, 0.765774, -115.701
4494, 74.90000, 317.025, 55.6481, 185.764, -77.0331, 504.31, 171.759, 0.619946, 68.5431, 0.559696, -81.0559, 0.767053, -115.753
4495, 74.90833, 317.814, 55.7664, 186.096, -77.1768, 505.15, 171.683, 0.618134, 68.6156, 0.560574, -80.897, 0.768331, -115.806
4495, 74.91666, 318.612, 55.8836, 186.426, -77.3203, 505.989, 171.606, 0.61633, 68.6901, 0.561466, -80.7392, 0.76961, -115.858
4496, 74.92500, 319.42, 55.9998, 186.754, -77.4637, 506.827, 171.53, 0.614535, 68.7666, 0.562372, -80.5827, 0.770889, -115.91
4496, 74.93333, 320.236, 56.1148, 187.081, -77.6068, 507.663, 171.453, 0.612748, 68.8453, 0.563291, -80.4274, 0.772167, -115.963
4497, 74.94167, 321.061, 56.2288, 187.407, -77.7498, 508.499, 171.377, 0.610969, 68.926, 0.564224, -80.2733, 0.773446, -116.015
4497, 74.95000, 321.896, 56.3416, 187.73, -77.8925, 509.333, 171.3, 0.609199, 69.0088, 0.565171, -80.1204, 0.774724, -116.067
4497, 74.95834, 322.739, 56.4533, 188.052, -78.0351, 510.165, 171.224, 0.607438, 69.0937, 0.566131, -79.9688, 0.776002, -116.119
4498, 74.96667, 323.591, 56.5639, 188.373, -78.1775, 510.997, 171.148, 0.605685, 69.1807, 0.567105, -79.8184, 0.77728, -116.172
4499, 74.97500, 324.453, 56.6733, 188.692, -78.3197, 511.828, 171.071, 0.603943, 69.2698, 0.568091, -79.6693, 0.778558, -116.224
4499, 74.98333, 325.323, 56.7816, 189.009, -78.4617, 512.657, 170.995, 0.602209, 69.361, 0.56909, -79.5215, 0.779836, -116.276
4500, 74.99167, 326.201, 56.8888, 189.325, -78.6035, 513.485, 170.918, 0.600486, 69.4544, 0.570103, -79.3749, 0.781113, -116.328
4500, 75.00000, 327.089, 56.9947, 189.64, -78.7451, 514.312, 170.842, 0.598772, 69.5499, 0.571127, -79.2296, 0.782391, -116.38
4501, 75.00833, 327.985, 57.0995, 189.952, -78.8865, 515.138, 170.766, 0.597068, 69.6476, 0.572164, -79.0855, 0.783668, -116.433
4501, 75.01667, 328.89, 57.2032, 190.264, -79.0278, 515.963, 170.69, 0.595375, 69.7475, 0.573214, -78.9428, 0.784946, -116.485
4502, 75.02500, 329.804, 57.3056, 190.573, -79.1688, 516.786, 170.613, 0.593692, 69.8494, 0.574276, -78.8013, 0.786223, -116.537
4502, 75.03333, 330.726, 57.4068, 190.881, -79.3097, 517.608, 170.537, 0.59202, 69.9536, 0.57535, -78.6611, 0.7875, -116.589
4503, 75.04166, 331.657, 57.5069, 191.188, -79.4503, 518.429, 170.461, 0.590358, 70.06, 0.576436, -78.5222, 0.788778, -116.641
4503, 75.05000, 332.596, 57.6057, 191.493, -79.5908, 519.249, 170.385, 0.588708, 70.1685, 0.577533, -78.3847, 0.790055, -116.693
4504, 75.05833, 333.543, 57.7034, 191.797, -79.7311, 520.068, 170.308, 0.587069, 70.2792, 0.578642, -78.2484, 0.791331, -116.745
4504, 75.06667, 334.499, 57.7998, 192.099, -79.8712, 520.886, 170.232, 0.585441, 70.3922, 0.579763, -78.1134, 0.792608, -116.796
4505, 75.07500, 335.464, 57.895, 192.399, -80.0111, 521.702, 170.156, 0.583826, 70.5073, 0.580895, -77.9797, 0.793885, -116.848
4505, 75.08334, 336.437, 57.989, 192.698, -80.1508, 522.518, 170.08, 0.582222, 70.6246, 0.582039, -77.8473, 0.795162, -116.9
4505, 75.09167, 337.418, 58.0818, 192.996, -80.2903, 523.332, 170.004, 0.58063, 70.7442, 0.583193, -77.7163, 0.796439, -116.952
4506, 75.10000, 338.407, 58.1733, 193.292, -80.4296, 524.145, 169.928, 0.579051, 70.866, 0.584358, -77.5865, 0.797715, -117.004
4507, 75.10833, 339.404, 58.2636, 193.586, -80.5688, 524.957, 169.852, 0.577484, 70.9899, 0.585534, -77.4581, 0.798992, -117.055
4507, 75.11667, 340.41, 58.3527, 193.88, -80.7077, 525.768, 169.776, 0.57593, 71.1162, 0.586721, -77.331, 0.800268, -117.107
4508, 75.12500, 341.423, 58.4405, 194.171, -80.8465, 526.577, 169.7, 0.574389, 71.2446, 0.587918, -77.2051, 0.801545, -117.159
4508, 75.13333, 342.445, 58.5271, 194.461, -80.9851, 527.386, 169.625, 0.572862, 71.3753, 0.589126, -77.0807, 0.802821, -117.21
4509, 75.14167, 343.475, 58.6125, 194.75, -81.1235, 528.193, 169.549, 0.571347, 71.5082, 0.590344, -76.9575, 0.804098, -117.262
4509, 75.15000, 344.512, 58.6966, 195.037, -81.2617, 529, 169.473, 0.569847, 71.6434, 0.591572, -76.8356, 0.805374, -117.313
4510, 75.15833, 345.558, 58.7795, 195.323, -81.3997, 529.805, 169.397, 0.56836, 71.7808, 0.59281, -76.715, 0.80665, -117.365
4510, 75.16666, 346.612, 58.8611, 195.607, -81.5375, 530.609, 169.322, 0.566887, 71.9205, 0.594058, -76.5958, 0.807927, -117.416
4511, 75.17500, 347.673, 58.9414, 195.89, -81.6752, 531.412, 169.246, 0.565429, 72.0623, 0.595315, -76.4778, 0.809203, -117.467
4511, 75.18333, 348.742, 59.0206, 196.171, -81.8126, 532.214, 169.171, 0.563985, 72.2065, 0.596582, -76.3612, 0.810479, -117.519
4512, 75.19167, 349.819, 59.0984, 196.451, -81.9499, 533.015, 169.095, 0.562556, 72.3528, 0.597859, -76.2459, 0.811755, -117.57
4512, 75.20000, 350.903, 59.1751, 196.73, -82.087, 533.815, 169.02, 0.561142, 72.5014, 0.599145, -76.1319, 0.813032, -117.621
4513, 75.20834, 351.995, 59.2504, 197.007, -82.2239, 534.613, 168.944, 0.559744, 72.6523, 0.60044, -76.0192, 0.814308, -117.672
4513, 75.21667, 353.095, 59.3246, 197.283, -82.3606, 535.411, 168.869, 0.55836, 72.8054, 0.601744, -75.9078, 0.815584, -117.723
4513, 75.22500, 354.202, 59.3974, 197.557, -82.4972, 536.208, 168.794, 0.556993, 72.9607, 0.603057, -75.7976, 0.816861, -117.774
4514, 75.23333, 355.317, 59.469, 197.83, -82.6335, 537.003, 168.719, 0.555641, 73.1183, 0.604379, -75.6888, 0.818137, -117.825
4515, 75.24167, 356.439, 59.5394, 198.102, -82.7697, 537.798, 168.643, 0.554306, 73.2781, 0.605709, -75.5813, 0.819413, -117.876
4515, 75.25000, 357.569, 59.6085, 198.372, -82.9057, 538.591, 168.568, 0.552986, 73.4401, 0.607048, -75.4751, 0.82069, -117.927
4516, 75.25833, 358.706, 59.6764, 198.64, -83.0415, 539.383, 168.493, 0.551684, 73.6043, 0.608396, -75.3702, 0.821966, -117.978
4516, 75.26667, 359.851, 59.743, 198.908, -83.1771, 540.175, 168.418, 0.550398, 73.7708, 0.609752, -75.2665, 0.823243, -118.028
4517, 75.27500, 361.002, 59.8084, 199.174, -83.3125, 540.965, 168.343, 0.549129, 73.9394, 0.611115, -75.1641, 0.824519, -118.079
4517, 75.28333, 362.161, 59.8725, 199.438, -83.4478, 541.754, 168.269, 0.547878, 74.1103, 0.612487, -75.063, 0.825796, -118.129
4518, 75.29166, 363.328, 59.9354, 199.701, -83.5829, 542.543, 168.194, 0.546644, 74.2833, 0.613867, -74.9632, 0.827073, -118.18
4518, 75.30000, 364.501, 59.9971, 199.963, -83.7178, 543.33, 168.119, 0.545428, 74.4586, 0.615255, -74.8647, 0.828349, -118.23
4519, 75.30833, 365.681, 60.0575, 200.224, -83.8525, 544.116, 168.045, 0.54423, 74.636, 0.61665, -74.7674, 0.829626, -118.281
4519, 75.31667, 366.869, 60.1166, 200.483, -83.9871, 544.901, 167.97, 0.54305, 74.8156, 0.618053, -74.6714, 0.830903, -118.331
4520, 75.32500, 368.064, 60.1746, 200.74, -84.1214, 545.686, 167.896, 0.541889, 74.9973, 0.619464, -74.5766, 0.83218, -118.381
4520, 75.33334, 369.265, 60.2313, 200.997, -84.2556, 546.469, 167.821, 0.540746, 75.1812, 0.620881, -74.4831, 0.833458, -118.432
4521, 75.34167, 370.474, 60.2867, 201.252, -84.3897, 547.251, 167.747, 0.539622, 75.3672, 0.622306, -74.3908, 0.834735, -118.482
4521, 75.35000, 371.689, 60.341, 201.506, -84.5235, 548.033, 167.673, 0.538517, 75.5554, 0.623738, -74.2998, 0.836012, -118.532
4521, 75.35833, 372.912, 60.394, 201.758, -84.6572, 548.813, 167.598, 0.537432, 75.7456, 0.625178, -74.21, 0.83729, -118.582
4522, 75.36667, 374.141, 60.4458, 202.009, -84.7907, 549.593, 167.524, 0.536366, 75.938, 0.626624, -74.1215, 0.838568, -118.632
4523, 75.37500, 375.377, 60.4964, 202.259, -84.924, 550.371, 167.45, 0.53532, 76.1324, 0.628076, -74.0341, 0.839846, -118.681
4523, 75.38333, 376.62, 60.5457, 202.507, -85.0571, 551.148, 167.376, 0.534295, 76.3289, 0.629535, -73.948, 0.841123, -118.731
4524, 75.39167, 377.869, 60.5939, 202.754, -85.1901, 551.925, 167.302, 0.533289, 76.5275, 0.631002, -73.8631, 0.842402, -118.781
4524, 75.40000, 379.125, 60.6408, 203, -85.3229, 552.701, 167.229, 0.532304, 76.7281, 0.632474, -73.7795, 0.84368, -118.83
4525, 75.40833, 380.388, 60.6865, 203.245, -85.4555, 553.475, 167.155, 0.53134, 76.9306, 0.633952, -73.697, 0.844959, -118.88
4525, 75.41666, 381.657, 60.7311, 203.488, -85.588, 554.249, 167.081, 0.530397, 77.1352, 0.635437, -73.6157, 0.846237, -118.929
4526, 75.42500, 382.933, 60.7744, 203.73, -85.7203, 555.022, 167.008, 0.529474, 77.3418, 0.636928, -73.5357, 0.847516, -118.979
4526, 75.43333, 384.216, 60.8165, 203.971, -85.8524, 555.794, 166.934, 0.528574, 77.5503, 0.638425, -73.4568, 0.848795, -119.028
4527, 75.44167, 385.505, 60.8575, 204.21, -85.9843, 556.565, 166.861, 0.527695, 77.7608, 0.639928, -73.3791, 0.850075, -119.077
4527, 75.45000, 386.8, 60.8972, 204.448, -86.1161, 557.336, 166.788, 0.526838, 77.9732, 0.641437, -73.3025, 0.851355, -119.126
4528, 75.45834, 388.102, 60.9358, 204.685, -86.2477, 558.105, 166.715, 0.526003, 78.1874, 0.642952, -73.2272, 0.852634, -119.175
4528, 75.46667, 389.41, 60.9732, 204.92, -86.3792, 558.874, 166.641, 0.52519, 78.4035, 0.644472, -73.153, 0.853915, -119.224
4529, 75.47500, 390.724, 61.0094, 205.155, -86.5105, 559.641, 166.568, 0.5244, 78.6215, 0.645997, -73.08, 0.855195, -119.273
4529, 75.48333, 392.045, 61.0445, 205.388, -86.6416, 560.408, 166.496, 0.523633, 78.8413, 0.647528, -73.0081, 0.856475, -119.322
4529, 75.49167, 393.372, 61.0784, 205.62, -86.7725, 561.174, 166.423, 0.522889, 79.0629, 0.649065, -72.9374, 0.857756, -119.371
4530, 75.50000, 394.705, 61.1111, 205.85, -86.9033, 561.939, 166.35, 0.522168, 79.2862, 0.650606, -72.8678, 0.859038, -119.419
4531, 75.50833, 396.045, 61.1427, 206.079, -87.0339, 562.703, 166.277, 0.52147, 79.5112, 0.652153, -72.7993, 0.860319, -119.468
4531, 75.51667, 397.39, 61.1731, 206.307, -87.1644, 563.467, 166.205, 0.520796, 79.738, 0.653704, -72.732, 0.861601, -119.516
4532, 75.52500, 398.742, 61.2024, 206.534, -87.2947, 564.229, 166.132, 0.520146, 79.9665, 0.655261, -72.6658, 0.862883, -119.565
4532, 75.53333, 400.1, 61.2305, 206.76, -87.4249, 564.991, 166.06, 0.519519, 80.1965, 0.656822, -72.6007, 0.864166, -119.613
4533, 75.54166, 401.464, 61.2575, 206.984, -87.5548, 565.752, 165.988, 0.518917, 80.4283, 0.658389, -72.5367, 0.865449, -119.661
4533, 75.55000, 402.833, 61.2834, 207.207, -87.6847, 566.513, 165.916, 0.51834, 80.6616, 0.659959, -72.4738, 0.866732, -119.709
4534, 75.55833, 404.209, 61.3081, 207.429, -87.8143, 567.272, 165.844, 0.517787, 80.8964, 0.661535, -72.412, 0.868015, -119.757
4534, 75.56667, 405.591, 61.3317, 207.65, -87.9438, 568.031, 165.772, 0.517259, 81.1328, 0.663115, -72.3513, 0.869299, -119.805
4535, 75.57500, 406.978, 61.3542, 207.869, -88.0732, 568.789, 165.7, 0.516756, 81.3706, 0.664699, -72.2916, 0.870584, -119.853
4535, 75.58334, 408.372, 61.3756, 208.088, -88.2023, 569.546, 165.628, 0.516278, 81.6098, 0.666287, -72.2331, 0.871868, -119.9
4536, 75.59167, 409.771, 61.3958, 208.305, -88.3314, 570.303, 165.557, 0.515826, 81.8506, 0.66788, -72.1756, 0.873154, -119.948
4536, 75.60000, 411.176, 61.415, 208.521, -88.4603, 571.059, 165.485, 0.515399, 82.0926, 0.669477, -72.1192, 0.874439, -119.995
4537, 75.60833, 412.587, 61.4331, 208.735, -88.589, 571.814, 165.414, 0.514998, 82.336, 0.671078, -72.0638, 0.875725, -120.043
4537, 75.61667, 414.004, 61.4501, 208.949, -88.7176, 572.568, 165.343, 0.514623, 82.5807, 0.672683, -72.0095, 0.877012, -120.09
4537, 75.62500, 415.426, 61.466, 209.161, -88.846, 573.322, 165.271, 0.514274, 82.8266, 0.674291, -71.9562, 0.878299, -120.137
4538, 75.63333, 416.855, 61.4808, 209.372, -88.9742, 574.075, 165.2, 0.513952, 83.0738, 0.675904, -71.9039, 0.879586, -120.184
4539, 75.64167, 418.288, 61.4945, 209.582, -89.1024, 574.827, 165.129, 0.513656, 83.3222, 0.67752, -71.8527, 0.880874, -120.231
4539, 75.65000, 419.728, 61.5072, 209.791, -89.2303, 575.579, 165.059, 0.513387, 83.5716, 0.67914, -71.8025, 0.882163, -120.278
4540, 75.65833, 421.173, 61.5188, 209.999, -89.3581, 576.33, 164.988, 0.513144, 83.8222, 0.680763, -71.7533, 0.883452, -120.325
4540, 75.66666, 422.623, 61.5293, 210.205, -89.4858, 577.08, 164.917, 0.512929, 84.0739, 0.682391, -71.7051, 0.884741, -120.372
4541, 75.67500, 424.079, 61.5388, 210.411, -89.6133, 577.83, 164.847, 0.51274, 84.3265, 0.684021, -71.6579, 0.886031, -120.418
4541, 75.68333, 425.541, 61.5472, 210.615, -89.7407, 578.579, 164.776, 0.512579, 84.5801, 0.685654, -71.6117, 0.887322, -120.465
4542, 75.69167, 427.008, 61.5546, 210.818, -89.8679, 579.327, 164.706, 0.512446, 84.8346, 0.687291, -71.5665, 0.888613, -120.511
4542, 75.70000, 428.48, 61.561, 211.02, -89.995, 580.075, 164.636, 0.51234, 85.09, 0.688931, -71.5223, 0.889905, -120.557
4543, 75.70834, 429.958, 61.5663, 211.221, -90.1219, 580.822, 164.566, 0.512261, 85.3463, 0.690574, -71.479, 0.891197, -120.603
4543, 75.71667, 431.442, 61.5706, 211.42, -90.2487, 581.569, 164.496, 0.512211, 85.6033, 0.692221, -71.4367, 0.892491, -120.649
4544, 75.72500, 432.93, 61.5738, 211.619, -90.3754, 582.315, 164.426, 0.512189, 85.8611, 0.69387, -71.3954, 0.893784, -120.695
4544, 75.73333, 434.424, 61.5761, 211.816, -90.5019, 583.061, 164.357, 0.512194, 86.1195, 0.695521, -71.355, 0.895079, -120.741
4545, 75.74167, 435.924, 61.5773, 212.012, -90.6282, 583.806, 164.287, 0.512228, 86.3787, 0.697176, -71.3156, 0.896374, -120.786
4545, 75.75000, 437.428, 61.5775, 212.207, -90.7545, 584.55, 164.218, 0.512291, 86.6384, 0.698834, -71.2771, 0.897669, -120.832
4545, 75.75833, 438.938, 61.5768, 212.401, -90.8805, 585.294, 164.149, 0.512382, 86.8986, 0.700494, -71.2395, 0.898966, -120.877
4546, 75.76667, 440.454, 61.575, 212.594, -91.0065, 586.038, 164.079, 0.512501, 87.1594, 0.702157, -71.2029, 0.900263, -120.923
4547, 75.77500, 441.974, 61.5722, 212.786, -91.1323, 586.781, 164.01, 0.51265, 87.4206, 0.703822, -71.1672, 0.901561, -120.968
4547, 75.78333, 443.5, 61.5685, 212.976, -91.2579, 587.523, 163.942, 0.512827, 87.6822, 0.70549, -71.1324, 0.90286, -121.013
4548, 75.79166, 445.03, 61.5638, 213.166, -91.3835, 588.265, 163.873, 0.513033, 87.9442, 0.70716, -71.0985, 0.904159, -121.058
4548, 75.80000, 446.566, 61.558, 213.354, -91.5089, 589.007, 163.804, 0.513268, 88.2065, 0.708832, -71.0655, 0.90546, -121.103
4549, 75.80833, 448.107, 61.5514, 213.542, -91.6341, 589.748, 163.736, 0.513532, 88.4691, 0.710507, -71.0334, 0.906761, -121.147
4549, 75.81667, 449.653, 61.5437, 213.728, -91.7593, 590.489, 163.667, 0.513825, 88.7319, 0.712184, -71.0022, 0.908063, -121.192
4550, 75.82500, 451.204, 61.5351, 213.913, -91.8842, 591.229, 163.599, 0.514148, 88.9948, 0.713863, -70.9718, 0.909365, -121.236
4550, 75.83334, 452.761, 61.5256, 214.097, -92.0091, 591.969, 163.531, 0.5145, 89.2578, 0.715544, -70.9424, 0.910669, -121.281
4551, 75.84167, 454.322, 61.5151, 214.28, -92.1338, 592.708, 163.463, 0.514881, 89.521, 0.717227, -70.9138, 0.911974, -121.325
4551, 75.85000, 455.888, 61.5036, 214.462, -92.2584, 593.447, 163.395, 0.515292, 89.7841, 0.718912, -70.886, 0.913279, -121.369
4552, 75.85833, 457.459, 61.4913, 214.643, -92.3829, 594.186, 163.328, 0.515733, 90.0472, 0.720599, -70.8591, 0.914585, -121.413
4552, 75.86667, 459.036, 61.4779, 214.823, -92.5072, 594.924, 163.26, 0.516203, 90.3102, 0.722287, -70.8331, 0.915893, -121.457
4553, 75.87500, 460.617, 61.4637, 215.001, -92.6314, 595.662, 163.193, 0.516702, 90.5731, 0.723978, -70.8079, 0.917201, -121.5
4553, 75.88333, 462.203, 61.4485, 215.179, -92.7555, 596.4, 163.125, 0.517232, 90.8358, 0.72567, -70.7835, 0.91851, -121.544
4553, 75.89167, 463.794, 61.4325, 215.355, -92.8794, 597.137, 163.058, 0.517791, 91.0983, 0.727364, -70.76, 0.919821, -121.587
4554, 75.90000, 465.39, 61.4155, 215.531, -93.0033, 597.874, 162.991, 0.51838, 91.3604, 0.729059, -70.7373, 0.921132, -121.63
4555, 75.90833, 466.99, 61.3976, 215.705, -93.127, 598.611, 162.924, 0.518999, 91.6223, 0.730756, -70.7154, 0.922444, -121.674
4555, 75.91666, 468.596, 61.3788, 215.879, -93.2505, 599.348, 162.858, 0.519648, 91.8838, 0.732455, -70.6943, 0.923758, -121.717
4556, 75.92500, 470.206, 61.3591, 216.051, -93.374, 600.084, 162.791, 0.520326, 92.1448, 0.734154, -70.674, 0.925072, -121.759
4556, 75.93333, 471.821, 61.3385, 216.222, -93.4973, 600.82, 162.725, 0.521035, 92.4054, 0.735855, -70.6546, 0.926388, -121.802
4557, 75.94167, 473.441, 61.317, 216.392, -93.6205, 601.556, 162.659, 0.521773, 92.6655, 0.737558, -70.6359, 0.927705, -121.845
4557, 75.95000, 475.066, 61.2946, 216.562, -93.7436, 602.291, 162.592, 0.522542, 92.925, 0.739262, -70.618, 0.929023, -121.887
4558, 75.95834, 476.695, 61.2714, 216.73, -93.8665, 603.027, 162.526, 0.52334, 93.1839, 0.740966, -70.6008, 0.930342, -121.929
4558, 75.96667, 478.33, 61.2473, 216.897, -93.9894, 603.762, 162.461, 0.524168, 93.4421, 0.742672, -70.5845, 0.931662, -121.972
4559, 75.97500, 479.969, 61.2223, 217.063, -94.1121, 604.497, 162.395, 0.525026, 93.6997, 0.744379, -70.5689, 0.932984, -122.014
4559, 75.98333, 481.612, 61.1965, 217.228, -94.2347, 605.232, 162.329, 0.525914, 93.9564, 0.746087, -70.5541, 0.934307, -122.056
4560, 75.99167, 483.261, 61.1698, 217.392, -94.3572, 605.967, 162.264, 0.526833, 94.2124, 0.747797, -70.54, 0.935631, -122.097
4560, 76.00000, 484.913, 61.1422, 217.555, -94.4796, 606.702, 162.199, 0.52778, 94.4676, 0.749507, -70.5267, 0.936957, -122.139
4561, 76.00833, 486.571, 61.1138, 217.717, -94.6018, 607.436, 162.134, 0.528758, 94.7218, 0.751217, -70.5141, 0.938283, -122.18
4561, 76.01667, 488.233, 61.0846, 217.878, -94.724, 608.171, 162.069, 0.529766, 94.9752, 0.752929, -70.5023, 0.939612, -122.222
4561, 76.02500, 489.9, 61.0545, 218.038, -94.846, 608.905, 162.004, 0.530803, 95.2276, 0.754642, -70.4912, 0.940941, -122.263
4562, 76.03333, 491.571, 61.0236, 218.197, -94.9679, 609.64, 161.94, 0.531871, 95.4789, 0.756355, -70.4808, 0.942272, -122.304
4563, 76.04166, 493.247, 60.9919, 218.354, -95.0897, 610.374, 161.875, 0.532968, 95.7292, 0.758069, -70.4712, 0.943605, -122.345
4563, 76.05000, 494.928, 60.9593, 218.511, -95.2114, 611.109, 161.811, 0.534095, 95.9785, 0.759783, -70.4622, 0.944939, -122.385
4564, 76.05833, 496.613, 60.9259, 218.667, -95.3329, 611.843, 161.747, 0.535251, 96.2265, 0.761498, -70.454, 0.946274, -122.426
4564, 76.06667, 498.303, 60.8917, 218.822, -95.4544, 612.577, 161.683, 0.536437, 96.4735, 0.763214, -70.4465, 0.947611, -122.466
4565, 76.07500, 499.997, 60.8567, 218.976, -95.5758, 613.312, 161.619, 0.537653, 96.7192, 0.76493, -70.4397, 0.94895, -122.506
4565, 76.08334, 501.695, 60.8209, 219.129, -95.697, 614.047, 161.555, 0.538898, 96.9637, 0.766647, -70.4335, 0.95029, -122.546
4566, 76.09167, 503.399, 60.7843, 219.281, -95.8181, 614.781, 161.492, 0.540173, 97.2069, 0.768364, -70.4281, 0.951632, -122.586
4566, 76.10000, 505.106, 60.7469, 219.432, -95.9392, 615.516, 161.429, 0.541477, 97.4487, 0.770081, -70.4233, 0.952975, -122.626
4566, 76.10833, 506.818, 60.7086, 219.581, -96.0601, 616.251, 161.366, 0.542811, 97.6892, 0.771799, -70.4192, 0.95432, -122.666
4567, 76.11667, 508.535, 60.6696, 219.73, -96.1809, 616.986, 161.303, 0.544174, 97.9284, 0.773517, -70.4158, 0.955667, -122.705
4568, 76.12500, 510.256, 60.6299, 219.878, -96.3016, 617.721, 161.24, 0.545565, 98.1661, 0.775235, -70.4131, 0.957016, -122.744
4568, 76.13333, 511.981, 60.5893, 220.025, -96.4222, 618.457, 161.177, 0.546987, 98.4023, 0.776953, -70.411, 0.958366, -122.784
4569, 76.14167, 513.711, 60.548, 220.171, -96.5427, 619.193, 161.115, 0.548437, 98.6371, 0.778671, -70.4096, 0.959718, -122.823
4569, 76.15000, 515.445, 60.5059, 220.316, -96.6631, 619.928, 161.052, 0.549916, 98.8703, 0.78039, -70.4088, 0.961072, -122.861
4569, 76.15833, 517.184, 60.463, 220.46, -96.7834, 620.664, 160.99, 0.551424, 99.102, 0.782108, -70.4087, 0.962428, -122.9
4570, 76.16666, 518.927, 60.4193, 220.603, -96.9036, 621.401, 160.928, 0.552961, 99.3321, 0.783827, -70.4092, 0.963786, -122.938
4571, 76.17500, 520.674, 60.375, 220.745, -97.0237, 622.138, 160.867, 0.554526, 99.5606, 0.785545, -70.4103, 0.965146, -122.977
4571, 76.18333, 522.426, 60.3298, 220.886, -97.1437, 622.875, 160.805, 0.556121, 99.7875, 0.787263, -70.4121, 0.966508, -123.015
4572, 76.19167, 524.182, 60.2839, 221.026, -97.2636, 623.612, 160.743, 0.557743, 100.013, 0.788981, -70.4145, 0.967872, -123.053
4572, 76.20000, 525.942, 60.2372, 221.165, -97.3834, 624.35, 160.682, 0.559394, 100.236, 0.790699, -70.4175, 0.969237, -123.091
4573, 76.20834, 527.707, 60.1899, 221.303, -97.5031, 625.088, 160.621, 0.561074, 100.458, 0.792417, -70.4212, 0.970605, -123.128
4573, 76.21667, 529.476, 60.1417, 221.441, -97.6227, 625.827, 160.56, 0.562782, 100.678, 0.794135, -70.4254, 0.971976, -123.166
4574, 76.22500, 531.249, 60.0929, 221.577, -97.7422, 626.566, 160.499, 0.564518, 100.896, 0.795852, -70.4303, 0.973348, -123.203
4574, 76.23333, 533.026, 60.0433, 221.712, -97.8616, 627.305, 160.439, 0.566281, 101.113, 0.797569, -70.4358, 0.974722, -123.24
4574, 76.24167, 534.808, 59.9929, 221.846, -97.9809, 628.045, 160.378, 0.568073, 101.328, 0.799286, -70.4418, 0.976099, -123.277
4575, 76.25000, 536.595, 59.9419, 221.98, -98.1001, 628.785, 160.318, 0.569893, 101.54, 0.801002, -70.4484, 0.977478, -123.314
4576, 76.25833, 538.385, 59.8901, 222.112, -98.2192, 629.526, 160.258, 0.57174, 101.751, 0.802717, -70.4557, 0.978859, -123.35
4576, 76.26667, 540.18, 59.8376, 222.244, -98.3383, 630.268, 160.198, 0.573615, 101.961, 0.804433, -70.4635, 0.980243, -123.387
4577, 76.27500, 541.978, 59.7844, 222.374, -98.4572, 631.01, 160.139, 0.575518, 102.168, 0.806147, -70.4719, 0.981629, -123.423
4577, 76.28333, 543.782, 59.7305, 222.504, -98.5761, 631.753, 160.079, 0.577447, 102.373, 0.807861, -70.4809, 0.983018, -123.459
4578, 76.29166, 545.589, 59.6759, 222.632, -98.6948, 632.496, 160.02, 0.579405, 102.576, 0.809575, -70.4904, 0.984409, -123.495
4578, 76.30000, 547.401, 59.6206, 222.76, -98.8135, 633.24, 159.961, 0.581389, 102.778, 0.811288, -70.5005, 0.985802, -123.531
4579, 76.30833, 549.216, 59.5646, 222.887, -98.9321, 633.985, 159.902, 0.5834, 102.977, 0.813, -70.5111, 0.987199, -123.566
4579, 76.31667, 551.036, 59.5079, 223.012, -99.0506, 634.73, 159.843, 0.585438, 103.175, 0.814711, -70.5224, 0.988598, -123.602
4580, 76.32500, 552.86, 59.4505, 223.137, -99.169, 635.476, 159.785, 0.587503, 103.37, 0.816422, -70.5341, 0.989999, -123.637
4580, 76.33334, 554.689, 59.3924, 223.261, -99.2873, 636.223, 159.726, 0.589594, 103.564, 0.818132, -70.5464, 0.991403, -123.672
4581, 76.34167, 556.521, 59.3336, 223.384, -99.4055, 636.971, 159.668, 0.591712, 103.756, 0.819841, -70.5593, 0.99281, -123.706
4581, 76.35000, 558.358, 59.2742, 223.506, -99.5236, 637.72, 159.61, 0.593857, 103.945, 0.821549, -70.5727, 0.99422, -123.741
4582, 76.35833, 560.199, 59.214, 223.627, -99.6417, 638.469, 159.552, 0.596027, 104.132, 0.823257, -70.5866, 0.995633, -123.776
4582, 76.36667, 562.044, 59.1532, 223.747, -99.7597, 639.219, 159.494, 0.598224, 104.318, 0.824963, -70.601, 0.997048, -123.81
4582, 76.37500, 563.893, 59.0917, 223.867, -99.8775, 639.971, 159.437, 0.600447, 104.501, 0.826669, -70.616, 0.998467, -123.844
4583, 76.38333, 565.747, 59.0296, 223.985, -99.9953, 640.723, 159.38, 0.602696, 104.682, 0.828373, -70.6315, 0.999889, -123.878
4584, 76.39167, 567.604, 58.9668, 224.102, -100.113, 641.476, 159.323, 0.604971, 104.862, 0.830077, -70.6475, 1.00131, -123.911
4584, 76.40000, 569.466, 58.9033, 224.219, -100.231, 642.23, 159.266, 0.607271, 105.039, 0.831779, -70.664, 1.00274, -123.945
4585, 76.40833, 571.331, 58.8392, 224.334, -100.348, 642.985, 159.209, 0.609596, 105.214, 0.83348, -70.681, 1.00417, -123.978
4585, 76.41666, 573.201, 58.7744, 224.449, -100.466, 643.742, 159.153, 0.611948, 105.387, 0.835181, -70.6985, 1.00561, -124.011
4586, 76.42500, 575.075, 58.709, 224.562, -100.583, 644.499, 159.096, 0.614324, 105.558, 0.83688, -70.7166, 1.00704, -124.044
4586, 76.43333, 576.953, 58.6429, 224.675, -100.7, 645.257, 159.04, 0.616725, 105.726, 0.838577, -70.7351, 1.00848, -124.077
4587, 76.44167, 578.836, 58.5761, 224.787, -100.818, 646.017, 158.984, 0.619152, 105.893, 0.840274, -70.7541, 1.00993, -124.109
4587, 76.45000, 580.722, 58.5088, 224.898, -100.935, 646.778, 158.929, 0.621603, 106.057, 0.841969, -70.7736, 1.01138, -124.142
4588, 76.45834, 582.612, 58.4407, 225.008, -101.052, 647.54, 158.873, 0.62408, 106.22, 0.843663, -70.7936, 1.01283, -124.174
4588, 76.46667, 584.507, 58.3721, 225.117, -101.169, 648.303, 158.818, 0.626581, 106.38, 0.845356, -70.814, 1.01428, -124.206
4589, 76.47500, 586.405, 58.3028, 225.225, -101.286, 649.068, 158.763, 0.629106, 106.538, 0.847047, -70.835, 1.01574, -124.237
4589, 76.48333, 588.308, 58.2328, 225.333, -101.403, 649.834, 158.708, 0.631656, 106.694, 0.848737, -70.8564, 1.0172, -124.269
4590, 76.49167, 590.214, 58.1623, 225.439, -101.519, 650.601, 158.653, 0.63423, 106.848, 0.850426, -70.8783, 1.01867, -124.3
4590, 76.50000, 592.125, 58.0911, 225.544, -101.636, 651.37, 158.599, 0.636828, 106.999, 0.852113, -70.9006, 1.02014, -124.331
4590, 76.50833, 594.04, 58.0193, 225.649, -101.753, 652.14, 158.544, 0.63945, 107.149, 0.853798, -70.9234, 1.02161, -124.362
4591, 76.51667, 595.959, 57.9468, 225.753, -101.869, 652.912, 158.49, 0.642096, 107.296, 0.855483, -70.9466, 1.02309, -124.393
4592, 76.52500, 597.882, 57.8738, 225.855, -101.986, 653.685, 158.436, 0.644765, 107.442, 0.857165, -70.9703, 1.02457, -124.423
4592, 76.53333, 599.809, 57.8001, 225.957, -102.102, 654.46, 158.383, 0.647459, 107.585, 0.858846, -70.9945, 1.02605, -124.454
4593, 76.54166, 601.74, 57.7258, 226.058, -102.219, 655.236, 158.329, 0.650176, 107.726, 0.860525, -71.0191, 1.02754, -124.484
4593, 76.55000, 603.675, 57.6509, 226.158, -102.335, 656.014, 158.276, 0.652916, 107.865, 0.862203, -71.0441, 1.02904, -124.514
4594, 76.55833, 605.614, 57.5754, 226.257, -102.451, 656.794, 158.223, 0.655679, 108.002, 0.863879, -71.0696, 1.03054, -124.544
4594, 76.56667, 607.557, 57.4993, 226.355, -102.567, 657.576, 158.17, 0.658466, 108.136, 0.865553, -71.0955, 1.03204, -124.573
4595, 76.57500, 609.505, 57.4226, 226.453, -102.683, 658.359, 158.117, 0.661275, 108.269, 0.867226, -71.1218, 1.03354, -124.602
4595, 76.58334, 611.456, 57.3453, 226.549, -102.799, 659.144, 158.065, 0.664108, 108.399, 0.868897, -71.1486, 1.03506, -124.632
4596, 76.59167, 613.411, 57.2674, 226.645, -102.915, 659.93, 158.012, 0.666963, 108.527, 0.870566, -71.1758, 1.03657, -124.66
4596, 76.60000, 615.37, 57.1888, 226.739, -103.031, 660.719, 157.96, 0.669841, 108.654, 0.872233, -71.2034, 1.03809, -124.689
4597, 76.60833, 617.334, 57.1097, 226.833, -103.147, 661.509, 157.909, 0.672741, 108.778, 0.873899, -71.2314, 1.03962, -124.718
4597, 76.61667, 619.301, 57.03, 226.926, -103.262, 662.302, 157.857, 0.675664, 108.9, 0.875562, -71.2598, 1.04115, -124.746
4598, 76.62500, 621.273, 56.9497, 227.018, -103.378, 663.097, 157.805, 0.678609, 109.02, 0.877224, -71.2887, 1.04268, -124.774
4598, 76.63333, 623.248, 56.8688, 227.109, -103.494, 663.893, 157.754, 0.681576, 109.138, 0.878884, -71.3179, 1.04422, -124.802
4598, 76.64167, 625.227, 56.7874, 227.199, -103.609, 664.692, 157.703, 0.684566, 109.253, 0.880542, -71.3476, 1.04576, -124.829
4599, 76.65000, 627.211, 56.7053, 227.289, -103.724, 665.493, 157.652, 0.687577, 109.367, 0.882197, -71.3776, 1.04731, -124.857
4600, 76.65833, 629.198, 56.6227, 227.377, -103.84, 666.295, 157.602, 0.69061, 109.479, 0.883851, -71.4081, 1.04887, -124.884
4600, 76.66666, 631.19, 56.5394, 227.465, -103.955, 667.101, 157.551, 0.693665, 109.588, 0.885503, -71.4389, 1.05043, -124.911
4601, 76.67500, 633.185, 56.4556, 227.551, -104.07, 667.908, 157.501, 0.696742, 109.696, 0.887153, -71.4701, 1.05199, -124.938
4601, 76.68333, 635.185, 56.3712, 227.637, -104.186, 668.718, 157.451, 0.699839, 109.801, 0.8888, -71.5017, 1.05356, -124.965
4602, 76.69167, 637.188, 56.2863, 227.722, -104.301, 669.53, 157.401, 0.702959, 109.904, 0.890446, -71.5337, 1.05514, -124.991
4602, 76.70000, 639.196, 56.2007, 227.806, -104.416, 670.345, 157.351, 0.7061, 110.006, 0.892089, -71.5661, 1.05672, -125.017
4603, 76.70834, 641.207, 56.1147, 227.889, -104.531, 671.162, 157.302, 0.709261, 110.105, 0.89373, -71.5988, 1.05831, -125.043
4603, 76.71667, 643.223, 56.028, 227.971, -104.646, 671.981, 157.253, 0.712445, 110.202, 0.895369, -71.6319, 1.0599, -125.069
4604, 76.72500, 645.242, 55.9407, 228.053, -104.761, 672.803, 157.204, 0.715649, 110.298, 0.897006, -71.6654, 1.0615, -125.095
4604, 76.73333, 647.266, 55.8529, 228.133, -104.875, 673.628, 157.155, 0.718873, 110.391, 0.898641, -71.6992, 1.0631, -125.12
4605, 76.74167, 649.293, 55.7646, 228.213, -104.99, 674.455, 157.107, 0.722119, 110.482, 0.900273, -71.7334, 1.06471, -125.145
4605, 76.75000, 651.325, 55.6756, 228.292, -105.105, 675.285, 157.058, 0.725385, 110.571, 0.901903, -71.768, 1.06633, -125.17
4606, 76.75833, 653.36, 55.5861, 228.37, -105.219, 676.118, 157.01, 0.728672, 110.659, 0.90353, -71.8029, 1.06795, -125.195
4606, 76.76667, 655.4, 55.4961, 228.447, -105.334, 676.954, 156.962, 0.73198, 110.744, 0.905156, -71.8382, 1.06958, -125.219
4606, 76.77500, 657.443, 55.4055, 228.523, -105.449, 677.792, 156.914, 0.735307, 110.827, 0.906779, -71.8738, 1.07122, -125.244
4607, 76.78333, 659.491, 55.3143, 228.598, -105.563, 678.634, 156.867, 0.738655, 110.909, 0.908399, -71.9098, 1.07286, -125.268
4608, 76.79166, 661.543, 55.2226, 228.673, -105.677, 679.478, 156.819, 0.742023, 110.988, 0.910017, -71.9461, 1.07451, -125.292
4608, 76.80000, 663.598, 55.1303, 228.746, -105.792, 680.325, 156.772, 0.745412, 111.066, 0.911633, -71.9827, 1.07616, -125.315
4609, 76.80833, 665.657, 55.0375, 228.819, -105.906, 681.176, 156.725, 0.74882, 111.142, 0.913246, -72.0197, 1.07782, -125.339
4609, 76.81667, 667.721, 54.9441, 228.891, -106.02, 682.03, 156.679, 0.752248, 111.215, 0.914857, -72.0571, 1.07949, -125.362
4610, 76.82500, 669.788, 54.8501, 228.962, -106.134, 682.886, 156.632, 0.755696, 111.287, 0.916465, -72.0947, 1.08117, -125.385
4610, 76.83334, 671.86, 54.7557, 229.032, -106.249, 683.747, 156.586, 0.759164, 111.357, 0.91807, -72.1327, 1.08285, -125.408
4611, 76.84167, 673.936, 54.6606, 229.101, -106.363, 684.61, 156.54, 0.762651, 111.425, 0.919674, -72.171, 1.08454, -125.431
4611, 76.85000, 676.015, 54.5651, 229.169, -106.477, 685.477, 156.494, 0.766158, 111.491, 0.921274, -72.2096, 1.08624, -125.453
4612, 76.85833, 678.098, 54.469, 229.237, -106.591, 686.347, 156.448, 0.769684, 111.556, 0.922872, -72.2486, 1.08794, -125.475
4612, 76.86667, 680.186, 54.3723, 229.304, -106.704, 687.221, 156.403, 0.773231, 111.618, 0.924467, -72.2878, 1.08965, -125.497
4613, 76.87500, 682.277, 54.2751, 229.369, -106.818, 688.098, 156.357, 0.776796, 111.679, 0.926059, -72.3274, 1.09137, -125.519
4613, 76.88333, 684.373, 54.1774, 229.434, -106.932, 688.979, 156.312, 0.78038, 111.738, 0.927649, -72.3673, 1.0931, -125.541
4614, 76.89167, 686.473, 54.0791, 229.498, -107.046, 689.864, 156.267, 0.783984, 111.795, 0.929236, -72.4075, 1.09484, -125.562
4614, 76.90000, 688.576, 53.9803, 229.562, -107.159, 690.752, 156.223, 0.787606, 111.85, 0.930821, -72.448, 1.09658, -125.583
4614, 76.90833, 690.683, 53.8809, 229.624, -107.273, 691.644, 156.178, 0.791247, 111.903, 0.932402, -72.4888, 1.09833, -125.604
4615, 76.91666, 692.795, 53.781, 229.686, -107.387, 692.54, 156.134, 0.794908, 111.955, 0.933981, -72.5299, 1.10009, -125.625
4616, 76.92500, 694.911, 53.6806, 229.746, -107.5, 693.44, 156.09, 0.798587, 112.004, 0.935557, -72.5712, 1.10186, -125.646
4616, 76.93333, 697.03, 53.5796, 229.806, -107.614, 694.344, 156.046, 0.802285, 112.052, 0.937131, -72.6129, 1.10363, -125.666
4617, 76.94167, 699.154, 53.4781, 229.865, -107.727, 695.252, 156.002, 0.806002, 112.099, 0.938701, -72.6549, 1.10542, -125.686
4617, 76.95000, 701.281, 53.3761, 229.923, -107.841, 696.164, 155.959, 0.809738, 112.143, 0.940269, -72.6972, 1.10721, -125.706
4618, 76.95834, 703.412, 53.2735, 229.98, -107.954, 697.08, 155.915, 0.813492, 112.186, 0.941833, -72.7397, 1.10901, -125.726
4618, 76.96667, 705.548, 53.1704, 230.037, -108.067, 698, 155.872, 0.817264, 112.227, 0.943395, -72.7825, 1.11082, -125.746
4619, 76.97500, 707.688, 53.0668, 230.093, -108.18, 698.925, 155.829, 0.821055, 112.266, 0.944954, -72.8256, 1.11264, -125.765
4619, 76.98333, 709.831, 52.9627, 230.147, -108.294, 699.855, 155.786, 0.824864, 112.304, 0.94651, -72.869, 1.11447, -125.784
4620, 76.99167, 711.979, 52.858, 230.201, -108.407, 700.788, 155.744, 0.828692, 112.339, 0.948063, -72.9127, 1.11631, -125.803
4620, 77.00000, 714.13, 52.7528, 230.254, -108.52, 701.727, 155.701, 0.832537, 112.374, 0.949613, -72.9566, 1.11816, -125.822
4621, 77.00833, 716.286, 52.6471, 230.307, -108.633, 702.669, 155.659, 0.836401, 112.406, 0.951159, -73.0008, 1.12001, -125.841
4621, 77.01667, 718.446, 52.5408, 230.358, -108.746, 703.617, 155.617, 0.840283, 112.437, 0.952703, -73.0452, 1.12188, -125.859
4622, 77.02500, 720.609, 52.434, 230.409, -108.859, 704.569, 155.575, 0.844183, 112.466, 0.954244, -73.0899, 1.12375, -125.878
4622, 77.03333, 722.777, 52.3267, 230.458, -108.972, 705.526, 155.534, 0.848101, 112.493, 0.955782, -73.1349, 1.12564, -125.896
4622, 77.04166, 724.949, 52.2189, 230.507, -109.084, 706.489, 155.492, 0.852037, 112.519, 0.957317, -73.1801, 1.12754, -125.914
4623, 77.05000, 727.124, 52.1105, 230.555, -109.197, 707.456, 155.451, 0.855991, 112.543, 0.958848, -73.2256, 1.12944, -125.931
4624, 77.05833, 729.304, 52.0016, 230.603, -109.31, 708.428, 155.41, 0.859962, 112.566, 0.960377, -73.2713, 1.13136, -125.949
4624, 77.06667, 731.488, 51.8922, 230.649, -109.423, 709.405, 155.369, 0.863952, 112.587, 0.961902, -73.3173, 1.13329, -125.966
4625, 77.07500, 733.675, 51.7823, 230.695, -109.535, 710.387, 155.328, 0.867958, 112.606, 0.963424, -73.3636, 1.13523, -125.984
4625, 77.08334, 735.867, 51.6719, 230.739, -109.648, 711.375, 155.288, 0.871983, 112.624, 0.964943, -73.41, 1.13717, -126.001
4626, 77.09167, 738.063, 51.5609, 230.783, -109.761, 712.368, 155.247, 0.876025, 112.64, 0.966459, -73.4567, 1.13913, -126.017
4626, 77.10000, 740.263, 51.4494, 230.826, -109.873, 713.367, 155.207, 0.880085, 112.655, 0.967972, -73.5037, 1.14111, -126.034
4627, 77.10833, 742.467, 51.3374, 230.869, -109.986, 714.371, 155.167, 0.884161, 112.668, 0.969481, -73.5509, 1.14309, -126.051
4627, 77.11667, 744.675, 51.2248, 230.91, -110.098, 715.38, 155.127, 0.888256, 112.679, 0.970987, -73.5983, 1.14508, -126.067
4628, 77.12500, 746.886, 51.1118, 230.951, -110.211, 716.396, 155.087, 0.892368, 112.689, 0.97249, -73.6459, 1.14709, -126.083
4628, 77.13333, 749.102, 50.9982, 230.991, -110.323, 717.417, 155.047, 0.896497, 112.697, 0.97399, -73.6938, 1.1491, -126.099
4629, 77.14167, 751.322, 50.8841, 231.03, -110.435, 718.444, 155.008, 0.900644, 112.704, 0.975486, -73.7419, 1.15113, -126.115
4629, 77.15000, 753.546, 50.7695, 231.068, -110.547, 719.476, 154.969, 0.904807, 112.71, 0.976979, -73.7902, 1.15317, -126.131
4630, 77.15833, 755.774, 50.6544, 231.105, -110.66, 720.515, 154.929, 0.908988, 112.713, 0.978469, -73.8388, 1.15522, -126.146
4630, 77.16666, 758.007, 50.5387, 231.142, -110.772, 721.56, 154.89, 0.913186, 112.716, 0.979955, -73.8875, 1.15729, -126.162
4630, 77.17500, 760.243, 50.4225, 231.177, -110.884, 722.611, 154.851, 0.917401, 112.716, 0.981438, -73.9365, 1.15936, -126.177
4631, 77.18333, 762.483, 50.3058, 231.212, -110.996, 723.669, 154.813, 0.921633, 112.716, 0.982918, -73.9857, 1.16145, -126.192
4632, 77.19167, 764.727, 50.1886, 231.246, -111.108, 724.732, 154.774, 0.925883, 112.714, 0.984394, -74.0351, 1.16356, -126.207
4632, 77.20000, 766.975, 50.0709, 231.28, -111.22, 725.803, 154.736, 0.930149, 112.71, 0.985867, -74.0847, 1.16567, -126.222
4633, 77.20834, 769.227, 49.9526, 231.312, -111.332, 726.879, 154.697, 0.934432, 112.705, 0.987336, -74.1345, 1.1678, -126.236
4633, 77.21667, 771.484, 49.8338, 231.344, -111.444, 727.963, 154.659, 0.938732, 112.698, 0.988802, -74.1845, 1.16994, -126.251
4634, 77.22500, 773.744, 49.7146, 231.375, -111.556, 729.053, 154.621, 0.943049, 112.69, 0.990264, -74.2347, 1.1721, -126.265
4634, 77.23333, 776.008, 49.5947, 231.405, -111.668, 730.15, 154.583, 0.947382, 112.681, 0.991723, -74.2851, 1.17427, -126.28
4635, 77.24167, 778.277, 49.4744, 231.434, -111.78, 731.253, 154.545, 0.951733, 112.67, 0.993179, -74.3357, 1.17645, -126.294
4635, 77.25000, 780.549, 49.3535, 231.463, -111.892, 732.364, 154.508, 0.9561, 112.658, 0.994631, -74.3865, 1.17864, -126.308
4636, 77.25833, 782.826, 49.2322, 231.491, -112.003, 733.482, 154.47, 0.960483, 112.644, 0.99608, -74.4375, 1.18086, -126.322
4636, 77.26667, 785.106, 49.1103, 231.518, -112.115, 734.607, 154.433, 0.964884, 112.629, 0.997525, -74.4886, 1.18308, -126.336
4637, 77.27500, 787.391, 48.9879, 231.544, -112.227, 735.739, 154.395, 0.969301, 112.612, 0.998966, -74.54, 1.18532, -126.349
4637, 77.28333, 789.68, 48.8649, 231.569, -112.339, 736.878, 154.358, 0.973734, 112.594, 1.0004, -74.5915, 1.18757, -126.363
4638, 77.29166, 791.972, 48.7415, 231.594, -112.45, 738.026, 154.321, 0.978185, 112.575, 1.00184, -74.6432, 1.18984, -126.377
4638, 77.30000, 794.269, 48.6175, 231.617, -112.562, 739.18, 154.284, 0.982652, 112.555, 1.00327, -74.6951, 1.19213, -126.39
4638, 77.30833, 796.57, 48.493, 231.64, -112.673, 740.342, 154.247, 0.987135, 112.533, 1.0047, -74.7472, 1.19443, -126.403
4639, 77.31667, 798.875, 48.3679, 231.663, -112.785, 741.512, 154.21, 0.991635, 112.509, 1.00612, -74.7994, 1.19674, -126.417
4640, 77.32500, 801.183, 48.2424, 231.684, -112.896, 742.69, 154.173, 0.996151, 112.484, 1.00754, -74.8518, 1.19907, -126.43
4640, 77.33334, 803.496, 48.1163, 231.705, -113.008, 743.876, 154.136, 1.00068, 112.458, 1.00896, -74.9044, 1.20142, -126.443
4641, 77.34167, 805.813, 47.9897, 231.725, -113.119, 745.069, 154.1, 1.00523, 112.431, 1.01037, -74.9571, 1.20378, -126.456
4641, 77.35000, 808.134, 47.8626, 231.744, -113.231, 746.271, 154.063, 1.0098, 112.402, 1.01178, -75.01, 1.20616, -126.469
4642, 77.35833, 810.459, 47.7349, 231.762, -113.342, 747.481, 154.027, 1.01438, 112.372, 1.01319, -75.063, 1.20855, -126.482
4642, 77.36667, 812.788, 47.6068, 231.78, -113.453, 748.7, 153.99, 1.01898, 112.341, 1.01459, -75.1163, 1.21096, -126.494
4643, 77.37500, 815.121, 47.4781, 231.796, -113.565, 749.927, 153.954, 1.02359, 112.308, 1.01599, -75.1696, 1.21339, -126.507
4643, 77.38333, 817.458, 47.3488, 231.812, -113.676, 751.162, 153.917, 1.02822, 112.274, 1.01738, -75.2232, 1.21583, -126.52
4644, 77.39167, 819.799, 47.219, 231.828, -113.787, 752.406, 153.881, 1.03287, 112.239, 1.01877, -75.2768, 1.21829, -126.532
4644, 77.40000, 822.144, 47.0888, 231.842, -113.898, 753.659, 153.845, 1.03753, 112.202, 1.02016, -75.3306, 1.22077, -126.545
4645, 77.40833, 824.494, 46.9579, 231.856, -114.01, 754.92, 153.809, 1.04221, 112.164, 1.02154, -75.3846, 1.22327, -126.558
4645, 77.41666, 826.847, 46.8266, 231.869, -114.121, 756.191, 153.773, 1.0469, 112.125, 1.02292, -75.4387, 1.22578, -126.57
4646, 77.42500, 829.204, 46.6947, 231.881, -114.232, 757.47, 153.736, 1.05162, 112.085, 1.0243, -75.493, 1.22831, -126.583
4646, 77.43333, 831.565, 46.5623, 231.892, -114.343, 758.759, 153.7, 1.05634, 112.043, 1.02567, -75.5474, 1.23086, -126.595
4646, 77.44167, 833.93, 46.4293, 231.903, -114.454, 760.057, 153.664, 1.06109, 112, 1.02704, -75.6019, 1.23343, -126.608
4647, 77.45000, 836.3, 46.2958, 231.913, -114.565, 761.364, 153.628, 1.06585, 111.956, 1.02841, -75.6565, 1.23602, -126.62
4648, 77.45834, 838.673, 46.1618, 231.922, -114.676, 762.681, 153.592, 1.07062, 111.91, 1.02977, -75.7113, 1.23862, -126.633
4648, 77.46667, 841.05, 46.0272, 231.931, -114.787, 764.007, 153.556, 1.07541, 111.864, 1.03113, -75.7663, 1.24125, -126.645
4649, 77.47500, 843.431, 45.8922, 231.939, -114.898, 765.343, 153.52, 1.08022, 111.816, 1.03248, -75.8213, 1.24389, -126.658
4649, 77.48333, 845.816, 45.7565, 231.945, -115.009, 766.689, 153.484, 1.08504, 111.767, 1.03383, -75.8765, 1.24655, -126.67
4650, 77.49167, 848.206, 45.6203, 231.952, -115.12, 768.045, 153.448, 1.08988, 111.716, 1.03518, -75.9318, 1.24924, -126.683
4650, 77.50000, 850.599, 45.4836, 231.957, -115.231, 769.411, 153.412, 1.09474, 111.664, 1.03652, -75.9872, 1.25194, -126.695
4651, 77.50833, 852.996, 45.3464, 231.962, -115.341, 770.786, 153.376, 1.09961, 111.612, 1.03786, -76.0427, 1.25466, -126.708
4651, 77.51667, 855.397, 45.2085, 231.966, -115.452, 772.173, 153.339, 1.10449, 111.558, 1.03919, -76.0984, 1.2574, -126.72
4652, 77.52500, 857.802, 45.0702, 231.969, -115.563, 773.569, 153.303, 1.1094, 111.502, 1.04053, -76.1541, 1.26017, -126.733
4652, 77.53333, 860.211, 44.9313, 231.972, -115.674, 774.976, 153.267, 1.11431, 111.446, 1.04185, -76.21, 1.26295, -126.746
4653, 77.54166, 862.624, 44.7919, 231.974, -115.785, 776.393, 153.231, 1.11925, 111.388, 1.04318, -76.266, 1.26575, -126.759
4653, 77.55000, 865.041, 44.6519, 231.975, -115.895, 777.821, 153.194, 1.1242, 111.329, 1.0445, -76.3221, 1.26858, -126.772
4654, 77.55833, 867.462, 44.5113, 231.975, -116.006, 779.26, 153.158, 1.12916, 111.269, 1.04582, -76.3783, 1.27143, -126.785
4654, 77.56667, 869.886, 44.3702, 231.975, -116.117, 780.71, 153.121, 1.13414, 111.208, 1.04713, -76.4346, 1.27429, -126.798
4654, 77.57500, 872.315, 44.2286, 231.974, -116.228, 782.17, 153.085, 1.13914, 111.146, 1.04844, -76.491, 1.27718, -126.811
4655, 77.58334, 874.747, 44.0864, 231.972, -116.338, 783.642, 153.048, 1.14415, 111.082, 1.04974, -76.5474, 1.2801, -126.824
4656, 77.59167, 877.184, 43.9436, 231.97, -116.449, 785.125, 153.011, 1.14918, 111.017, 1.05105, -76.604, 1.28303, -126.837
4656, 77.60000, 879.624, 43.8003, 231.966, -116.56, 786.619, 152.975, 1.15423, 110.951, 1.05234, -76.6607, 1.28599, -126.851
4657, 77.60833, 882.068, 43.6564, 231.962, -116.67, 788.125, 152.938, 1.15928, 110.884, 1.05364, -76.7175, 1.28896, -126.864
4657, 77.61667, 884.517, 43.512, 231.958, -116.781, 789.643, 152.9, 1.16436, 110.816, 1.05493, -76.7744, 1.29197, -126.878
4658, 77.62500, 886.968, 43.367, 231.953, -116.891, 791.172, 152.863, 1.16945, 110.747, 1.05622, -76.8313, 1.29499, -126.892
4658, 77.63333, 889.424, 43.2214, 231.947, -117.002, 792.712, 152.826, 1.17456, 110.676, 1.0575, -76.8884, 1.29804, -126.906
4659, 77.64167, 891.884, 43.0753, 231.94, -117.113, 794.265, 152.788, 1.17968, 110.604, 1.05878, -76.9455, 1.30111, -126.92
4659, 77.65000, 894.347, 42.9286, 231.932, -117.223, 795.83, 152.751, 1.18481, 110.532, 1.06006, -77.0027, 1.30421, -126.934
4660, 77.65833, 896.814, 42.7813, 231.924, -117.334, 797.406, 152.713, 1.18997, 110.458, 1.06133, -77.06, 1.30732, -126.949
4660, 77.66666, 899.285, 42.6335, 231.916, -117.444, 798.995, 152.675, 1.19513, 110.383, 1.0626, -77.1173, 1.31047, -126.964
4661, 77.67500, 901.76, 42.4851, 231.906, -117.555, 800.597, 152.637, 1.20032, 110.306, 1.06386, -77.1748, 1.31364, -126.978
4661, 77.68333, 904.238, 42.3361, 231.896, -117.665, 802.21, 152.599, 1.20551, 110.229, 1.06512, -77.2323, 1.31683, -126.993
4662, 77.69167, 906.72, 42.1865, 231.885, -117.776, 803.837, 152.56, 1.21073, 110.15, 1.06638, -77.2898, 1.32005, -127.009
4662, 77.70000, 909.206, 42.0364, 231.874, -117.886, 805.476, 152.522, 1.21596, 110.071, 1.06763, -77.3475, 1.32329, -127.024
4662, 77.70834, 911.696, 41.8857, 231.861, -117.997, 807.128, 152.483, 1.2212, 109.99, 1.06888, -77.4052, 1.32656, -127.04
4663, 77.71667, 914.189, 41.7343, 231.849, -118.107, 808.792, 152.444, 1.22646, 109.908, 1.07013, -77.463, 1.32985, -127.056
4664, 77.72500, 916.686, 41.5825, 231.835, -118.218, 810.47, 152.404, 1.23174, 109.825, 1.07137, -77.5208, 1.33317, -127.072
4664, 77.73333, 919.186, 41.43, 231.821, -118.328, 812.161, 152.365, 1.23703, 109.741, 1.07261, -77.5787, 1.33651, -127.089
4665, 77.74167, 921.691, 41.2769, 231.806, -118.439, 813.865, 152.325, 1.24233, 109.656, 1.07385, -77.6367, 1.33988, -127.105
4665, 77.75000, 924.198, 41.1232, 231.79, -118.549, 815.583, 152.285, 1.24765, 109.57, 1.07508, -77.6947, 1.34328, -127.122
4666, 77.75833, 926.71, 40.969, 231.774, -118.66, 817.313, 152.245, 1.25299, 109.482, 1.07631, -77.7527, 1.3467, -127.139
4666, 77.76667, 929.225, 40.8141, 231.757, -118.77, 819.058, 152.204, 1.25834, 109.394, 1.07754, -77.8109, 1.35016, -127.157
4667, 77.77500, 931.743, 40.6587, 231.74, -118.881, 820.816, 152.163, 1.2637, 109.304, 1.07876, -77.869, 1.35363, -127.175
4667, 77.78333, 934.265, 40.5026, 231.722, -118.991, 822.588, 152.122, 1.26908, 109.213, 1.07998, -77.9273, 1.35714, -127.193
4668, 77.79166, 936.791, 40.346, 231.703, -119.102, 824.374, 152.081, 1.27448, 109.121, 1.08119, -77.9855, 1.36067, -127.212
4668, 77.80000, 939.319, 40.1887, 231.683, -119.212, 826.174, 152.039, 1.27989, 109.029, 1.0824, -78.0439, 1.36423, -127.23
4669, 77.80833, 941.852, 40.0309, 231.663, -119.323, 827.987, 151.997, 1.28531, 108.935, 1.08361, -78.1022, 1.36782, -127.25
4669, 77.81667, 944.388, 39.8724, 231.642, -119.433, 829.816, 151.955, 1.29075, 108.839, 1.08481, -78.1606, 1.37144, -127.269
4670, 77.82500, 946.927, 39.7133, 231.621, -119.544, 831.658, 151.912, 1.2962, 108.743, 1.08601, -78.2191, 1.37508, -127.289
4670, 77.83334, 949.469, 39.5536, 231.599, -119.654, 833.515, 151.869, 1.30167, 108.646, 1.08721, -78.2775, 1.37876, -127.309
4670, 77.84167, 952.015, 39.3933, 231.576, -119.765, 835.387, 151.826, 1.30716, 108.548, 1.08841, -78.3361, 1.38246, -127.33
4671, 77.85000, 954.564, 39.2323, 231.552, -119.876, 837.273, 151.782, 1.31266, 108.448, 1.0896, -78.3946, 1.38619, -127.351
4672, 77.85833, 957.116, 39.0708, 231.528, -119.986, 839.173, 151.738, 1.31817, 108.348, 1.09078, -78.4532, 1.38996, -127.373
4672, 77.86667, 959.672, 38.9086, 231.504, -120.097, 841.089, 151.693, 1.3237, 108.246, 1.09197, -78.5118, 1.39375, -127.395
4673, 77.87500, 962.23, 38.7458, 231.479, -120.207, 843.02, 151.648, 1.32924, 108.143, 1.09315, -78.5705, 1.39757, -127.417
4673, 77.88333, 964.792, 38.5823, 231.453, -120.318, 844.965, 151.603, 1.33479, 108.04, 1.09433, -78.6291, 1.40142, -127.44
4674, 77.89167, 967.357, 38.4182, 231.426, -120.429, 846.926, 151.557, 1.34037, 107.935, 1.0955, -78.6879, 1.4053, -127.463
4674, 77.90000, 969.925, 38.2535, 231.399, -120.539, 848.902, 151.511, 1.34595, 107.829, 1.09667, -78.7466, 1.40921, -127.487
4675, 77.90833, 972.495, 38.0882, 231.371, -120.65, 850.894, 151.464, 1.35155, 107.722, 1.09784, -78.8053, 1.41315, -127.511
4675, 77.91666, 975.07, 37.9222, 231.343, -120.761, 852.901, 151.417, 1.35716, 107.614, 1.099, -78.8641, 1.41713, -127.535
4676, 77.92500, 977.646, 37.7555, 231.314, -120.871, 854.923, 151.37, 1.36279, 107.505, 1.10016, -78.9229, 1.42113, -127.561
4676, 77.93333, 980.226, 37.5883, 231.284, -120.982, 856.961, 151.322, 1.36843, 107.395, 1.10132, -78.9817, 1.42517, -127.586
4677, 77.94167, 982.809, 37.4203, 231.254, -121.093, 859.015, 151.273, 1.37409, 107.283, 1.10247, -79.0405, 1.42923, -127.613
4677, 77.95000, 985.394, 37.2517, 231.223, -121.204, 861.085, 151.224, 1.37976, 107.171, 1.10363, -79.0994, 1.43333, -127.639
4678, 77.95834, 987.982, 37.0825, 231.191, -121.315, 863.17, 151.175, 1.38544, 107.058, 1.10477, -79.1582, 1.43746, -127.667
4678, 77.96667, 990.573, 36.9126, 231.159, -121.425, 865.272, 151.125, 1.39114, 106.943, 1.10592, -79.2171, 1.44162, -127.694
4678, 77.97500, 993.167, 36.742, 231.126, -121.536, 867.39, 151.074, 1.39685, 106.828, 1.10706, -79.276, 1.44582, -127.723
4679, 77.98333, 995.763, 36.5708, 231.093, -121.647, 869.524, 151.023, 1.40258, 106.711, 1.1082, -79.3349, 1.45005, -127.752
4680, 77.99167, 998.362, 36.3989, 231.059, -121.758, 871.674, 150.972, 1.40832, 106.593, 1.10934, -79.3938, 1.45431, -127.782
4680, 78.00000, 1000.96, 36.2263, 231.024, -121.869, 873.84, 150.92, 1.41407, 106.475, 1.11047, -79.4527, 1.4586, -127.812
4681, 78.00833, 1003.57, 36.0531, 230.989, -121.98, 876.023, 150.867, 1.41983, 106.355, 1.1116, -79.5116, 1.46292, -127.843
4681, 78.01667, 1006.17, 35.8792, 230.953, -122.092, 878.223, 150.814, 1.42561, 106.234, 1.11273, -79.5705, 1.46728, -127.874
4682, 78.02500, 1008.78, 35.7046, 230.917, -122.203, 880.439, 150.76, 1.4314, 106.112, 1.11385, -79.6294, 1.47168, -127.906
4682, 78.03333, 1011.39, 35.5293, 230.88, -122.314, 882.672, 150.705, 1.43721, 105.989, 1.11498, -79.6883, 1.4761, -127.939
4683, 78.04166, 1014, 35.3533, 230.842, -122.425, 884.921, 150.65, 1.44303, 105.865, 1.1161, -79.7473, 1.48056, -127.973
4683, 78.05000, 1016.62, 35.1767, 230.804, -122.536, 887.188, 150.594, 1.44886, 105.74, 1.11721, -79.8062, 1.48505, -128.007
4684, 78.05833, 1019.24, 34.9993, 230.765, -122.648, 889.471, 150.538, 1.4547, 105.613, 1.11833, -79.8651, 1.48958, -128.042
4684, 78.06667, 1021.86, 34.8213, 230.726, -122.759, 891.771, 150.481, 1.46056, 105.486, 1.11944, -79.924, 1.49414, -128.077
4685, 78.07500, 1024.48, 34.6426, 230.686, -122.871, 894.088, 150.423, 1.46643, 105.358, 1.12055, -79.983, 1.49874, -128.113
4685, 78.08334, 1027.1, 34.4631, 230.645, -122.982, 896.422, 150.364, 1.47231, 105.228, 1.12165, -80.0419, 1.50337, -128.15
4686, 78.09167, 1029.72, 34.283, 230.604, -123.094, 898.774, 150.305, 1.47821, 105.098, 1.12276, -80.1008, 1.50804, -128.188
4686, 78.10000, 1032.35, 34.1021, 230.562, -123.205, 901.143, 150.245, 1.48412, 104.966, 1.12386, -80.1597, 1.51274, -128.227
4686, 78.10833, 1034.98, 33.9206, 230.52, -123.317, 903.529, 150.185, 1.49004, 104.834, 1.12495, -80.2186, 1.51747, -128.266
4687, 78.11667, 1037.61, 33.7383, 230.477, -123.429, 905.932, 150.123, 1.49597, 104.7, 1.12605, -80.2775, 1.52224, -128.306
4688, 78.12500, 1040.24, 33.5553, 230.433, -123.541, 908.353, 150.061, 1.50191, 104.565, 1.12714, -80.3364, 1.52705, -128.347
4688, 78.13333, 1042.87, 33.3715, 230.389, -123.653, 910.791, 149.999, 1.50787, 104.43, 1.12823, -80.3952, 1.53189, -128.389
4689, 78.14167, 1045.5, 33.1871, 230.344, -123.765, 913.247, 149.935, 1.51383, 104.293, 1.12932, -80.4541, 1.53677, -128.431
4689, 78.15000, 1048.14, 33.0019, 230.299, -123.877, 915.72, 149.871, 1.51981, 104.155, 1.13041, -80.513, 1.54168, -128.475
4690, 78.15833, 1050.77, 32.816, 230.252, -123.989, 918.211, 149.805, 1.5258, 104.016, 1.13149, -80.5718, 1.54663, -128.519
4690, 78.16666, 1053.41, 32.6293, 230.206, -124.101, 920.719, 149.74, 1.53181, 103.876, 1.13258, -80.6306, 1.55161, -128.564
4691, 78.17500, 1056.05, 32.442, 230.159, -124.213, 923.245, 149.673, 1.53782, 103.734, 1.13366, -80.6895, 1.55663, -128.61
4691, 78.18333, 1058.69, 32.2538, 230.111, -124.325, 925.789, 149.605, 1.54384, 103.592, 1.13473, -80.7483, 1.56169, -128.657
4691, 78.19167, 1061.33, 32.065, 230.062, -124.438, 928.351, 149.537, 1.54988, 103.449, 1.13581, -80.8071, 1.56678, -128.705
4692, 78.20000, 1063.97, 31.8753, 230.013, -124.55, 930.93, 149.467, 1.55592, 103.304, 1.13688, -80.8658, 1.57191, -128.753
4693, 78.20834, 1066.61, 31.685, 229.964, -124.663, 933.527, 149.397, 1.56198, 103.159, 1.13795, -80.9246, 1.57707, -128.803
4693, 78.21667, 1069.25, 31.4938, 229.913, -124.776, 936.142, 149.326, 1.56805, 103.012, 1.13902, -80.9833, 1.58228, -128.854
4694, 78.22500, 1071.89, 31.3019, 229.862, -124.889, 938.774, 149.254, 1.57413, 102.865, 1.14009, -81.0421, 1.58752, -128.905
4694, 78.23333, 1074.53, 31.1093, 229.811, -125.001, 941.424, 149.181, 1.58021, 102.716, 1.14116, -81.1008, 1.59279, -128.958
4694, 78.24167, 1077.17, 30.9159, 229.759, -125.114, 944.093, 149.107, 1.58631, 102.566, 1.14222, -81.1595, 1.5981, -129.011
4695, 78.25000, 1079.82, 30.7217, 229.706, -125.228, 946.779, 149.033, 1.59242, 102.415, 1.14328, -81.2182, 1.60345, -129.066
4696, 78.25833, 1082.46, 30.5267, 229.653, -125.341, 949.483, 148.957, 1.59853, 102.264, 1.14434, -81.2768, 1.60884, -129.121
4696, 78.26667, 1085.1, 30.331, 229.599, -125.454, 952.205, 148.88, 1.60466, 102.11, 1.1454, -81.3355, 1.61426, -129.178
4697, 78.27500, 1087.74, 30.1344, 229.544, -125.568, 954.945, 148.803, 1.61079, 101.956, 1.14646, -81.3941, 1.61972, -129.235
4697, 78.28333, 1090.38, 29.9371, 229.489, -125.681, 957.702, 148.724, 1.61694, 101.801, 1.14752, -81.4528, 1.62522, -129.294
4698, 78.29166, 1093.02, 29.739, 229.433, -125.795, 960.478, 148.645, 1.62309, 101.645, 1.14857, -81.5114, 1.63075, -129.354
4698, 78.30000, 1095.66, 29.5402, 229.376, -125.908, 963.271, 148.564, 1.62925, 101.487, 1.14962, -81.57, 1.63632, -129.414
4699, 78.30833, 1098.3, 29.3405, 229.319, -126.022, 966.082, 148.483, 1.63542, 101.329, 1.15068, -81.6286, 1.64193, -129.476
4699, 78.31667, 1100.93, 29.14, 229.261, -126.136, 968.911, 148.4, 1.6416, 101.169, 1.15173, -81.6871, 1.64757, -129.539
4699, 78.32500, 1103.57, 28.9387, 229.203, -126.25, 971.757, 148.316, 1.64778, 101.009, 1.15277, -81.7457, 1.65325, -129.603
4700, 78.33334, 1106.2, 28.7367, 229.144, -126.365, 974.621, 148.232, 1.65398, 100.847, 1.15382, -81.8042, 1.65897, -129.668
4701, 78.34167, 1108.84, 28.5338, 229.084, -126.479, 977.504, 148.146, 1.66018, 100.684, 1.15487, -81.8627, 1.66473, -129.735
4701, 78.35000, 1111.47, 28.3301, 229.023, -126.594, 980.403, 148.059, 1.66638, 100.52, 1.15591, -81.9212, 1.67052, -129.802
4702, 78.35833, 1114.1, 28.1256, 228.962, -126.708, 983.32, 147.971, 1.6726, 100.355, 1.15696, -81.9797, 1.67635, -129.871
4702, 78.36667, 1116.72, 27.9202, 228.901, -126.823, 986.255, 147.882, 1.67882, 100.189, 1.158, -82.0382, 1.68222, -129.941
4703, 78.37500, 1119.35, 27.7141, 228.838, -126.938, 989.207, 147.792, 1.68505, 100.022, 1.15904, -82.0967, 1.68812, -130.012
4703, 78.38333, 1121.97, 27.5071, 228.775, -127.053, 992.177, 147.7, 1.69128, 99.8534, 1.16008, -82.1552, 1.69406, -130.084
4704, 78.39167, 1124.59, 27.2993, 228.711, -127.168, 995.164, 147.608, 1.69752, 99.684, 1.16112, -82.2136, 1.70004, -130.157
4704, 78.40000, 1127.21, 27.0907, 228.647, -127.284, 998.169, 147.514, 1.70377, 99.5134, 1.16216, -82.2721, 1.70605, -130.232
4705, 78.40833, 1129.83, 26.8812, 228.581, -127.399, 1001.19, 147.419, 1.71002, 99.3418, 1.1632, -82.3305, 1.7121, -130.308
4705, 78.41666, 1132.44, 26.6709, 228.516, -127.515, 1004.23, 147.324, 1.71627, 99.169, 1.16424, -82.3889, 1.71819, -130.385
4706, 78.42500, 1135.05, 26.4598, 228.449, -127.631, 1007.28, 147.226, 1.72253, 98.9952, 1.16528, -82.4473, 1.72431, -130.463
4706, 78.43333, 1137.65, 26.2478, 228.382, -127.747, 1010.36, 147.128, 1.72879, 98.8202, 1.16631, -82.5058, 1.73047, -130.543
4707, 78.44167, 1140.26, 26.035, 228.314, -127.863, 1013.45, 147.028, 1.73506, 98.6441, 1.16735, -82.5642, 1.73667, -130.624
4707, 78.45000, 1142.85, 25.8213, 228.245, -127.979, 1016.55, 146.928, 1.74133, 98.4669, 1.16838, -82.6226, 1.7429, -130.706
4707, 78.45834, 1145.45, 25.6068, 228.175, -128.096, 1019.68, 146.826, 1.74761, 98.2886, 1.16942, -82.681, 1.74917, -130.79
4708, 78.46667, 1148.04, 25.3914, 228.105, -128.212, 1022.82, 146.722, 1.75389, 98.1092, 1.17045, -82.7394, 1.75547, -130.875
4709, 78.47500, 1150.63, 25.1752, 228.034, -128.329, 1025.97, 146.618, 1.76017, 97.9286, 1.17149, -82.7978, 1.76181, -130.961
4709, 78.48333, 1153.21, 24.9581, 227.962, -128.446, 1029.14, 146.512, 1.76645, 97.747, 1.17252, -82.8562, 1.76818, -131.048
4710, 78.49167, 1155.78, 24.7401, 227.889, -128.563, 1032.33, 146.405, 1.77274, 97.5642, 1.17355, -82.9147, 1.77459, -131.137
4710, 78.50000, 1158.36, 24.5213, 227.816, -128.681, 1035.54, 146.297, 1.77902, 97.3804, 1.17459, -82.9731, 1.78104, -131.228
4711, 78.50833, 1160.92, 24.3016, 227.742, -128.798, 1038.76, 146.187, 1.78531, 97.1954, 1.17562, -83.0315, 1.78752, -131.319
4711, 78.51667, 1163.48, 24.081, 227.667, -128.916, 1042, 146.076, 1.7916, 97.0092, 1.17665, -83.09, 1.79403, -131.412
4712, 78.52500, 1166.04, 23.8596, 227.591, -129.034, 1045.25, 145.964, 1.79789, 96.822, 1.17769, -83.1484, 1.80058, -131.507
4712, 78.53333, 1168.59, 23.6373, 227.514, -129.152, 1048.51, 145.851, 1.80418, 96.6337, 1.17872, -83.2069, 1.80716, -131.602
4713, 78.54166, 1171.13, 23.4141, 227.437, -129.27, 1051.8, 145.736, 1.81047, 96.4442, 1.17975, -83.2654, 1.81378, -131.7
4713, 78.55000, 1173.67, 23.19, 227.358, -129.389, 1055.1, 145.619, 1.81676, 96.2536, 1.18078, -83.3239, 1.82043, -131.798
4714, 78.55833, 1176.2, 22.9651, 227.279, -129.508, 1058.41, 145.502, 1.82305, 96.0619, 1.18182, -83.3824, 1.82711, -131.898
4714, 78.56667, 1178.73, 22.7393, 227.199, -129.627, 1061.74, 145.383, 1.82933, 95.869, 1.18285, -83.441, 1.83383, -132
4715, 78.57500, 1181.24, 22.5126, 227.118, -129.746, 1065.08, 145.262, 1.83562, 95.675, 1.18388, -83.4995, 1.84057, -132.103
4715, 78.58334, 1183.75, 22.285, 227.036, -129.865, 1068.43, 145.141, 1.8419, 95.4799, 1.18492, -83.5581, 1.84735, -132.207
4715, 78.59167, 1186.26, 22.0564, 226.954, -129.985, 1071.8, 145.018, 1.84818, 95.2837, 1.18595, -83.6168, 1.85417, -132.313
4716, 78.60000, 1188.75, 21.8271, 226.87, -130.105, 1075.19, 144.893, 1.85445, 95.0864, 1.18699, -83.6754, 1.86101, -132.421
4717, 78.60833, 1191.24, 21.5968, 226.785, -130.225, 1078.59, 144.767, 1.86072, 94.8879, 1.18802, -83.7341, 1.86789, -132.53
4717, 78.61667, 1193.72, 21.3656, 226.7, -130.345, 1082, 144.64, 1.86699, 94.6883, 1.18906, -83.7929, 1.8748, -132.64
4718, 78.62500, 1196.19, 21.1336, 226.613, -130.465, 1085.42, 144.511, 1.87325, 94.4876, 1.19009, -83.8516, 1.88173, -132.752
4718, 78.63333, 1198.65, 20.9006, 226.526, -130.586, 1088.86, 144.381, 1.87951, 94.2858, 1.19113, -83.9104, 1.8887, -132.865
4719, 78.64167, 1201.1, 20.6667, 226.437, -130.707, 1092.31, 144.249, 1.88576, 94.0828, 1.19217, -83.9693, 1.8957, -132.98
4719, 78.65000, 1203.54, 20.432, 226.348, -130.828, 1095.78, 144.116, 1.89201, 93.8787, 1.1932, -84.0282, 1.90273, -133.097
4720, 78.65833, 1205.97, 20.1963, 226.258, -130.949, 1099.25, 143.981, 1.89825, 93.6735, 1.19424, -84.0871, 1.90978, -133.215
4720, 78.66666, 1208.4, 19.9597, 226.166, -131.071, 1102.74, 143.845, 1.90448, 93.4671, 1.19528, -84.1461, 1.91687, -133.334
4721, 78.67500, 1210.81, 19.7223, 226.073, -131.193, 1106.24, 143.708, 1.9107, 93.2597, 1.19632, -84.2052, 1.92398, -133.455
4721, 78.68333, 1213.21, 19.4839, 225.98, -131.315, 1109.75, 143.569, 1.91691, 93.0511, 1.19736, -84.2643, 1.93112, -133.578
4722, 78.69167, 1215.6, 19.2446, 225.885, -131.437, 1113.27, 143.428, 1.92312, 92.8414, 1.1984, -84.3235, 1.93829, -133.702
4722, 78.70000, 1217.98, 19.0045, 225.789, -131.56, 1116.8, 143.286, 1.92932, 92.6306, 1.19944, -84.3828, 1.94548, -133.828
4723, 78.70834, 1220.35, 18.7634, 225.692, -131.683, 1120.35, 143.143, 1.9355, 92.4186, 1.20049, -84.4421, 1.9527, -133.955
4723, 78.71667, 1222.71, 18.5214, 225.594, -131.806, 1123.9, 142.998, 1.94168, 92.2055, 1.20153, -84.5015, 1.95995, -134.084
4723, 78.72500, 1225.05, 18.2785, 225.495, -131.929, 1127.46, 142.851, 1.94785, 91.9914, 1.20258, -84.561, 1.96722, -134.215
4724, 78.73333, 1227.38, 18.0347, 225.395, -132.053, 1131.04, 142.703, 1.954, 91.7761, 1.20362, -84.6205, 1.97451, -134.347
4725, 78.74167, 1229.7, 17.79, 225.293, -132.177, 1134.62, 142.554, 1.96014, 91.5596, 1.20467, -84.6801, 1.98183, -134.481
4725, 78.75000, 1232.01, 17.5444, 225.191, -132.301, 1138.21, 142.402, 1.96627, 91.3421, 1.20572, -84.7399, 1.98918, -134.616
4726, 78.75833, 1234.3, 17.2979, 225.087, -132.425, 1141.81, 142.25, 1.97238, 91.1235, 1.20677, -84.7997, 1.99654, -134.753
4726, 78.76667, 1236.58, 17.0505, 224.981, -132.55, 1145.42, 142.096, 1.97848, 90.9037, 1.20782, -84.8596, 2.00393, -134.891
4727, 78.77500, 1238.84, 16.8022, 224.875, -132.675, 1149.03, 141.94, 1.98457, 90.6829, 1.20887, -84.9196, 2.01134, -135.031
4727, 78.78333, 1241.09, 16.553, 224.767, -132.8, 1152.66, 141.783, 1.99064, 90.4609, 1.20992, -84.9797, 2.01877, -135.173
4728, 78.79166, 1243.33, 16.3029, 224.658, -132.926, 1156.29, 141.624, 1.99669, 90.2378, 1.21098, -85.0399, 2.02622, -135.317
4728, 78.80000, 1245.55, 16.0519, 224.548, -133.051, 1159.93, 141.464, 2.00273, 90.0137, 1.21203, -85.1002, 2.03369, -135.462
4729, 78.80833, 1247.75, 15.8, 224.436, -133.177, 1163.57, 141.302, 2.00874, 89.7884, 1.21309, -85.1607, 2.04117, -135.608
4729, 78.81667, 1249.94, 15.5472, 224.323, -133.304, 1167.22, 141.138, 2.01475, 89.5621, 1.21414, -85.2212, 2.04868, -135.757
4730, 78.82500, 1252.11, 15.2936, 224.209, -133.43, 1170.87, 140.973, 2.02073, 89.3346, 1.2152, -85.2819, 2.0562, -135.907
4730, 78.83334, 1254.27, 15.039, 224.093, -133.557, 1174.53, 140.807, 2.02669, 89.1061, 1.21626, -85.3427, 2.06374, -136.058
4731, 78.84167, 1256.41, 14.7835, 223.976, -133.684, 1178.2, 140.639, 2.03263, 88.8765, 1.21732, -85.4037, 2.0713, -136.211
4731, 78.85000, 1258.53, 14.5272, 223.857, -133.811, 1181.86, 140.469, 2.03855, 88.6458, 1.21838, -85.4647, 2.07887, -136.366
4731, 78.85833, 1260.63, 14.27, 223.737, -133.939, 1185.54, 140.298, 2.04445, 88.414, 1.21945, -85.5259, 2.08645, -136.523
4732, 78.86667, 1262.72, 14.0118, 223.615, -134.067, 1189.21, 140.125, 2.05033, 88.1811, 1.22051, -85.5873, 2.09405, -136.681
4733, 78.87500, 1264.78, 13.7529, 223.492, -134.195, 1192.89, 139.95, 2.05619, 87.9472, 1.22158, -85.6488, 2.10166, -136.841
4733, 78.88333, 1266.83, 13.493, 223.367, -134.324, 1196.57, 139.774, 2.06202, 87.7122, 1.22264, -85.7104, 2.10929, -137.002
4734, 78.89167, 1268.86, 13.2323, 223.241, -134.452, 1200.25, 139.597, 2.06782, 87.4762, 1.22371, -85.7722, 2.11692, -137.165
4734, 78.90000, 1270.87, 12.9707, 223.113, -134.581, 1203.94, 139.417, 2.07361, 87.2391, 1.22478, -85.8342, 2.12457, -137.33
4735, 78.90833, 1272.86, 12.7083, 222.984, -134.711, 1207.62, 139.237, 2.07936, 87.0009, 1.22585, -85.8963, 2.13222, -137.496
4735, 78.91666, 1274.83, 12.4449, 222.853, -134.84, 1211.31, 139.054, 2.08509, 86.7617, 1.22692, -85.9587, 2.13988, -137.664
4736, 78.92500, 1276.78, 12.1808, 222.72, -134.97, 1214.99, 138.87, 2.09079, 86.5214, 1.228, -86.0211, 2.14755, -137.834
4736, 78.93333, 1278.71, 11.9158, 222.586, -135.1, 1218.68, 138.685, 2.09646, 86.2802, 1.22907, -86.0838, 2.15523, -138.005
4737, 78.94167, 1280.62, 11.6499, 222.449, -135.231, 1222.36, 138.498, 2.10211, 86.0378, 1.23014, -86.1466, 2.16291, -138.178
4737, 78.95000, 1282.5, 11.3832, 222.312, -135.362, 1226.05, 138.309, 2.10772, 85.7945, 1.23122, -86.2096, 2.1706, -138.353
4738, 78.95834, 1284.36, 11.1157, 222.172, -135.493, 1229.73, 138.119, 2.1133, 85.5502, 1.2323, -86.2729, 2.17829, -138.529
4738, 78.96667, 1286.2, 10.8473, 222.031, -135.624, 1233.4, 137.928, 2.11885, 85.3048, 1.23337, -86.3363, 2.18598, -138.707
4739, 78.97500, 1288.02, 10.5781, 221.888, -135.756, 1237.08, 137.734, 2.12437, 85.0584, 1.23445, -86.3999, 2.19368, -138.886
4739, 78.98333, 1289.81, 10.3082, 221.743, -135.887, 1240.75, 137.539, 2.12986, 84.8111, 1.23553, -86.4637, 2.20137, -139.067
4739, 78.99167, 1291.58, 10.0373, 221.596, -136.02, 1244.42, 137.343, 2.13531, 84.5627, 1.23661, -86.5277, 2.20907, -139.25
4740, 79.00000, 1293.33, 9.76573, 221.447, -136.152, 1248.08, 137.145, 2.14073, 84.3134, 1.2377, -86.592, 2.21677, -139.434
4741, 79.00833, 1295.05, 9.49333, 221.297, -136.285, 1251.73, 136.946, 2.14611, 84.063, 1.23878, -86.6564, 2.22446, -139.62
4741, 79.01667, 1296.74, 9.22011, 221.144, -136.418, 1255.39, 136.744, 2.15146, 83.8117, 1.23986, -86.7211, 2.23215, -139.808
4742, 79.02500, 1298.41, 8.94613, 220.99, -136.551, 1259.03, 136.542, 2.15677, 83.5595, 1.24095, -86.786, 2.23984, -139.997
4742, 79.03333, 1300.06, 8.67138, 220.834, -136.684, 1262.67, 136.338, 2.16204, 83.3063, 1.24203, -86.8512, 2.24752, -140.188
4743, 79.04166, 1301.67, 8.39583, 220.675, -136.818, 1266.3, 136.132, 2.16727, 83.0522, 1.24312, -86.9165, 2.25519, -140.38
4743, 79.05000, 1303.27, 8.11955, 220.515, -136.952, 1269.92, 135.925, 2.17247, 82.7971, 1.2442, -86.9821, 2.26286, -140.574
4744, 79.05833, 1304.83, 7.84252, 220.353, -137.087, 1273.53, 135.716, 2.17762, 82.5411, 1.24529, -87.048, 2.27052, -140.769
4744, 79.06667, 1306.37, 7.56471, 220.188, -137.221, 1277.13, 135.506, 2.18273, 82.2842, 1.24637, -87.1141, 2.27817, -140.966
4745, 79.07500, 1307.88, 7.2862, 220.022, -137.356, 1280.73, 135.294, 2.1878, 82.0264, 1.24746, -87.1805, 2.2858, -141.165
4745, 79.08334, 1309.36, 7.00696, 219.853, -137.491, 1284.31, 135.081, 2.19283, 81.7676, 1.24855, -87.2471, 2.29343, -141.365
4746, 79.09167, 1310.81, 6.72697, 219.682, -137.626, 1287.88, 134.867, 2.19781, 81.508, 1.24964, -87.314, 2.30104, -141.567
4746, 79.10000, 1312.23, 6.44631, 219.509, -137.762, 1291.44, 134.651, 2.20275, 81.2475, 1.25072, -87.3811, 2.30864, -141.77
4747, 79.10833, 1313.63, 6.16495, 219.334, -137.898, 1294.99, 134.433, 2.20765, 80.9862, 1.25181, -87.4485, 2.31623, -141.975
4747, 79.11667, 1314.99, 5.88287, 219.157, -138.034, 1298.52, 134.214, 2.2125, 80.724, 1.2529, -87.5162, 2.3238, -142.181
4747, 79.12500, 1316.33, 5.60014, 218.977, -138.17, 1302.04, 133.993, 2.2173, 80.4609, 1.25399, -87.5842, 2.33135, -142.389
4748, 79.13333, 1317.63, 5.31674, 218.795, -138.307, 1305.55, 133.771, 2.22205, 80.197, 1.25507, -87.6524, 2.33888, -142.598
4749, 79.14167, 1318.9, 5.03266, 218.611, -138.444, 1309.04, 133.548, 2.22676, 79.9323, 1.25616, -87.7209, 2.34639, -142.809
4749, 79.15000, 1320.15, 4.74796, 218.425, -138.581, 1312.51, 133.323, 2.23141, 79.6668, 1.25725, -87.7897, 2.35388, -143.021
4750, 79.15833, 1321.36, 4.46263, 218.236, -138.718, 1315.97, 133.097, 2.23602, 79.4005, 1.25833, -87.8588, 2.36135, -143.235
4750, 79.16666, 1322.53, 4.17664, 218.045, -138.855, 1319.42, 132.869, 2.24057, 79.1334, 1.25942, -87.9282, 2.36879, -143.45
4751, 79.17500, 1323.68, 3.89007, 217.852, -138.993, 1322.84, 132.64, 2.24508, 78.8655, 1.2605, -87.9979, 2.37622, -143.667
4751, 79.18333, 1324.79, 3.60291, 217.656, -139.131, 1326.25, 132.41, 2.24953, 78.5969, 1.26159, -88.0679, 2.38361, -143.885
4752, 79.19167, 1325.87, 3.31512, 217.457, -139.269, 1329.64, 132.178, 2.25392, 78.3275, 1.26267, -88.1382, 2.39098, -144.105
4752, 79.20000, 1326.92, 3.0268, 217.257, -139.407, 1333.01, 131.945, 2.25827, 78.0573, 1.26375, -88.2088, 2.39832, -144.326
4753, 79.20834, 1327.93, 2.73791, 217.054, -139.546, 1336.35, 131.71, 2.26255, 77.7865, 1.26483, -88.2797, 2.40563, -144.548
4753, 79.21667, 1328.91, 2.44844, 216.848, -139.685, 1339.68, 131.475, 2.26679, 77.5149, 1.26591, -88.351, 2.41291, -144.772
4754, 79.22500, 1329.86, 2.15847, 216.64, -139.823, 1342.99, 131.238, 2.27096, 77.2427, 1.26699, -88.4225, 2.42016, -144.997
4754, 79.23333, 1330.77, 1.86797, 216.429, -139.962, 1346.28, 130.999, 2.27508, 76.9698, 1.26807, -88.4944, 2.42737, -145.223
4755, 79.24167, 1331.65, 1.57694, 216.216, -140.102, 1349.54, 130.759, 2.27914, 76.6962, 1.26914, -88.5666, 2.43455, -145.451
4755, 79.25000, 1332.49, 1.28544, 216, -140.241, 1352.78, 130.518, 2.28315, 76.422, 1.27021, -88.6391, 2.4417, -145.68
4755, 79.25833, 1333.29, 0.993465, 215.782, -140.381, 1356, 130.276, 2.28709, 76.1471, 1.27129, -88.7119, 2.44881, -145.911
4756, 79.26667, 1334.06, 0.70099, 215.561, -140.52, 1359.19, 130.033, 2.29097, 75.8716, 1.27235, -88.7851, 2.45588, -146.142
4757, 79.27500, 1334.79, 0.4081, 215.338, -140.66, 1362.36, 129.788, 2.29479, 75.5955, 1.27342, -88.8586, 2.46291, -146.375
4757, 79.28333, 1335.49, 0.114775, 215.112, -140.8, 1365.5, 129.542, 2.29855, 75.3189, 1.27449, -88.9324, 2.4699, -146.61
4758, 79.29166, 1336.15, -0.179006, 214.883, -140.94, 1368.62, 129.295, 2.30225, 75.0416, 1.27555, -89.0065, 2.47685, -146.845
4758, 79.30000, 1336.77, -0.473156, 214.652, -141.081, 1371.71, 129.047, 2.30589, 74.7638, 1.27661, -89.081, 2.48376, -147.082
4759, 79.30833, 1337.35, -0.767695, 214.417, -141.221, 1374.77, 128.797, 2.30946, 74.4854, 1.27766, -89.1558, 2.49063, -147.32
4759, 79.31667, 1337.9, -1.06264, 214.181, -141.361, 1377.8, 128.546, 2.31296, 74.2066, 1.27872, -89.231, 2.49745, -147.559
4760, 79.32500, 1338.41, -1.35791, 213.941, -141.502, 1380.81, 128.295, 2.31641, 73.9272, 1.27977, -89.3065, 2.50422, -147.799
4760, 79.33334, 1338.88, -1.65352, 213.699, -141.643, 1383.78, 128.042, 2.31978, 73.6473, 1.28082, -89.3823, 2.51095, -148.041
4761, 79.34167, 1339.32, -1.94949, 213.454, -141.784, 1386.73, 127.788, 2.32309, 73.367, 1.28186, -89.4585, 2.51762, -148.283
4761, 79.35000, 1339.71, -2.24573, 213.207, -141.924, 1389.65, 127.533, 2.32634, 73.0862, 1.2829, -89.535, 2.52425, -148.527
4762, 79.35833, 1340.07, -2.54226, 212.956, -142.065, 1392.53, 127.277, 2.32951, 72.805, 1.28394, -89.6119, 2.53083, -148.772
4762, 79.36667, 1340.39, -2.83911, 212.703, -142.206, 1395.39, 127.019, 2.33262, 72.5233, 1.28497, -89.6891, 2.53736, -149.018
4763, 79.37500, 1340.67, -3.13617, 212.447, -142.347, 1398.21, 126.761, 2.33566, 72.2412, 1.286, -89.7667, 2.54383, -149.265
4763, 79.38333, 1340.91, -3.43347, 212.189, -142.488, 1401, 126.502, 2.33863, 71.9588, 1.28703, -89.8445, 2.55025, -149.513
4763, 79.39167, 1341.11, -3.73102, 211.927, -142.63, 1403.76, 126.242, 2.34153, 71.676, 1.28805, -89.9228, 2.55661, -149.762
4764, 79.40000, 1341.27, -4.02875, 211.663, -142.771, 1406.48, 125.981, 2.34436, 71.3929, 1.28907, -90.0014, 2.56292, -150.013
4765, 79.40833, 1341.39, -4.32666, 211.396, -142.912, 1409.17, 125.718, 2.34712, 71.1094, 1.29008, -90.0803, 2.56917, -150.264
4765, 79.41666, 1341.47, -4.62477, 211.127, -143.053, 1411.82, 125.455, 2.34981, 70.8256, 1.29109, -90.1595, 2.57537, -150.516
4766, 79.42500, 1341.51, -4.92299, 210.854, -143.194, 1414.44, 125.191, 2.35243, 70.5415, 1.29209, -90.2391, 2.5815, -150.769
4766, 79.43333, 1341.51, -5.22135, 210.579, -143.335, 1417.03, 124.926, 2.35497, 70.2572, 1.29309, -90.319, 2.58757, -151.023
4767, 79.44167, 1341.47, -5.51985, 210.3, -143.477, 1419.57, 124.661, 2.35745, 69.9726, 1.29408, -90.3993, 2.59358, -151.278
4767, 79.45000, 1341.39, -5.81841, 210.019, -143.618, 1422.09, 124.394, 2.35985, 69.6877, 1.29506, -90.4799, 2.59953, -151.534
4768, 79.45834, 1341.27, -6.11704, 209.736, -143.759, 1424.56, 124.127, 2.36217, 69.4027, 1.29605, -90.5609, 2.60542, -151.79
4768, 79.46667, 1341.11, -6.41577, 209.449, -143.9, 1427, 123.858, 2.36442, 69.1174, 1.29702, -90.6422, 2.61124, -152.048
4769, 79.47500, 1340.91, -6.71449, 209.16, -144.041, 1429.39, 123.589, 2.3666, 68.832, 1.29799, -90.7238, 2.617, -152.306
4769, 79.48333, 1340.66, -7.01323, 208.867, -144.182, 1431.75, 123.32, 2.36871, 68.5465, 1.29895, -90.8057, 2.62268, -152.565
4770, 79.49167, 1340.38, -7.31201, 208.572, -144.323, 1434.07, 123.049, 2.37074, 68.2608, 1.29991, -90.888, 2.62831, -152.825
4770, 79.50000, 1340.06, -7.61072, 208.274, -144.463, 1436.36, 122.778, 2.37269, 67.975, 1.30086, -90.9706, 2.63386, -153.086
4771, 79.50833, 1339.69, -7.9094, 207.974, -144.604, 1438.6, 122.506, 2.37457, 67.6891, 1.30181, -91.0535, 2.63935, -153.348
4771, 79.51667, 1339.29, -8.20805, 207.67, -144.745, 1440.8, 122.233, 2.37637, 67.4031, 1.30274, -91.1367, 2.64477, -153.61
4771, 79.52500, 1338.84, -8.50658, 207.364, -144.885, 1442.96, 121.96, 2.3781, 67.1171, 1.30367, -91.2203, 2.65011, -153.873
4772, 79.53333, 1338.36, -8.80502, 207.055, -145.025, 1445.08, 121.686, 2.37975, 66.831, 1.3046, -91.3042, 2.65539, -154.136
4773, 79.54166, 1337.83, -9.10337, 206.743, -145.165, 1447.16, 121.411, 2.38133, 66.5449, 1.30551, -91.3884, 2.66059, -154.4
4773, 79.55000, 1337.26, -9.40154, 206.428, -145.305, 1449.2, 121.136, 2.38283, 66.2588, 1.30642, -91.4729, 2.66572, -154.665
4774, 79.55833, 1336.66, -9.69956, 206.111, -145.445, 1451.19, 120.861, 2.38425, 65.9728, 1.30732, -91.5577, 2.67077, -154.931
4774, 79.56667, 1336.01, -9.99743, 205.791, -145.585, 1453.14, 120.584, 2.3856, 65.6868, 1.30822, -91.6428, 2.67576, -155.197
4775, 79.57500, 1335.32, -10.2951, 205.468, -145.724, 1455.06, 120.308, 2.38687, 65.4009, 1.3091, -91.7282, 2.68066, -155.463
4775, 79.58334, 1334.59, -10.5925, 205.143, -145.864, 1456.92, 120.03, 2.38806, 65.115, 1.30998, -91.8139, 2.68549, -155.73
4776, 79.59167, 1333.82, -10.8897, 204.814, -146.003, 1458.75, 119.753, 2.38918, 64.8293, 1.31085, -91.8999, 2.69025, -155.998
4776, 79.60000, 1333.01, -11.1866, 204.483, -146.142, 1460.53, 119.474, 2.39022, 64.5437, 1.31171, -91.9861, 2.69492, -156.266
4777, 79.60833, 1332.16, -11.4833, 204.15, -146.28, 1462.27, 119.196, 2.39118, 64.2583, 1.31257, -92.0727, 2.69952, -156.535
4777, 79.61667, 1331.27, -11.7796, 203.813, -146.419, 1463.96, 118.917, 2.39207, 63.973, 1.31341, -92.1595, 2.70405, -156.804
4778, 79.62500, 1330.34, -12.0757, 203.474, -146.557, 1465.61, 118.637, 2.39287, 63.6879, 1.31425, -92.2467, 2.70849, -157.073
4778, 79.63333, 1329.37, -12.3714, 203.132, -146.695, 1467.21, 118.357, 2.39361, 63.403, 1.31507, -92.334, 2.71285, -157.343
4779, 79.64167, 1328.36, -12.6667, 202.788, -146.832, 1468.77, 118.077, 2.39426, 63.1184, 1.31589, -92.4217, 2.71714, -157.613
4779, 79.65000, 1327.31, -12.9617, 202.441, -146.97, 1470.29, 117.797, 2.39484, 62.834, 1.3167, -92.5096, 2.72134, -157.884
4779, 79.65833, 1326.23, -13.2562, 202.092, -147.107, 1471.76, 117.516, 2.39534, 62.5499, 1.3175, -92.5977, 2.72546, -158.154
4780, 79.66666, 1325.1, -13.5504, 201.74, -147.243, 1473.18, 117.235, 2.39577, 62.266, 1.31829, -92.6862, 2.7295, -158.426
4781, 79.67500, 1323.94, -13.8441, 201.385, -147.38, 1474.56, 116.953, 2.39612, 61.9825, 1.31907, -92.7748, 2.73346, -158.697
4781, 79.68333, 1322.73, -14.1374, 201.028, -147.516, 1475.9, 116.672, 2.39639, 61.6994, 1.31984, -92.8637, 2.73734, -158.969
4782, 79.69167, 1321.49, -14.4302, 200.668, -147.652, 1477.19, 116.39, 2.39659, 61.4165, 1.3206, -92.9529, 2.74114, -159.241
4782, 79.70000, 1320.21, -14.7224, 200.306, -147.787, 1478.43, 116.108, 2.39671, 61.1341, 1.32135, -93.0422, 2.74485, -159.513
4783, 79.70834, 1318.89, -15.0142, 199.942, -147.922, 1479.63, 115.826, 2.39675, 60.852, 1.3221, -93.1318, 2.74848, -159.786
4783, 79.71667, 1317.54, -15.3055, 199.575, -148.057, 1480.78, 115.544, 2.39672, 60.5704, 1.32283, -93.2216, 2.75203, -160.058
4784, 79.72500, 1316.15, -15.5962, 199.206, -148.191, 1481.89, 115.261, 2.39662, 60.2892, 1.32355, -93.3116, 2.75549, -160.331
4784, 79.73333, 1314.72, -15.8863, 198.834, -148.325, 1482.95, 114.979, 2.39644, 60.0084, 1.32426, -93.4018, 2.75887, -160.604
4785, 79.74167, 1313.25, -16.1758, 198.46, -148.458, 1483.96, 114.696, 2.39619, 59.7281, 1.32496, -93.4922, 2.76217, -160.877
4785, 79.75000, 1311.75, -16.4648, 198.083, -148.591, 1484.93, 114.414, 2.39586, 59.4483, 1.32565, -93.5828, 2.76538, -161.15
4786, 79.75833, 1310.21, -16.7531, 197.705, -148.724, 1485.85, 114.131, 2.39546, 59.169, 1.32633, -93.6736, 2.7685, -161.423
4786, 79.76667, 1308.64, -17.0407, 197.324, -148.856, 1486.73, 113.848, 2.39499, 58.8902, 1.32699, -93.7646, 2.77155, -161.696
4787, 79.77500, 1307.03, -17.3277, 196.941, -148.988, 1487.56, 113.566, 2.39444, 58.612, 1.32765, -93.8557, 2.77451, -161.969
4787, 79.78333, 1305.39, -17.614, 196.555, -149.119, 1488.34, 113.283, 2.39382, 58.3344, 1.3283, -93.947, 2.77738, -162.242
4787, 79.79166, 1303.71, -17.8997, 196.168, -149.25, 1489.08, 113, 2.39313, 58.0573, 1.32893, -94.0385, 2.78017, -162.515
4788, 79.80000, 1301.99, -18.1846, 195.778, -149.381, 1489.78, 112.718, 2.39237, 57.7808, 1.32956, -94.1302, 2.78288, -162.788
4789, 79.80833, 1300.25, -18.4688, 195.387, -149.511, 1490.42, 112.435, 2.39153, 57.505, 1.33017, -94.2219, 2.7855, -163.061
4789, 79.81667, 1298.47, -18.7522, 194.993, -149.64, 1491.02, 112.153, 2.39063, 57.2297, 1.33077, -94.3139, 2.78803, -163.334
4790, 79.82500, 1296.65, -19.0349, 194.597, -149.769, 1491.58, 111.871, 2.38966, 56.9551, 1.33136, -94.4059, 2.79049, -163.607
4790, 79.83334, 1294.81, -19.3168, 194.199, -149.897, 1492.09, 111.589, 2.38861, 56.6813, 1.33194, -94.4981, 2.79286, -163.88
4791, 79.84167, 1292.93, -19.5979, 193.799, -150.025, 1492.56, 111.307, 2.3875, 56.408, 1.33251, -94.5904, 2.79514, -164.152
4791, 79.85000, 1291.01, -19.8781, 193.397, -150.153, 1492.98, 111.025, 2.38632, 56.1355, 1.33306, -94.6828, 2.79734, -164.425
4792, 79.85833, 1289.07, -20.1576, 192.994, -150.279, 1493.35, 110.744, 2.38507, 55.8638, 1.33361, -94.7754, 2.79945, -164.697
4792, 79.86667, 1287.1, -20.4362, 192.588, -150.406, 1493.68, 110.463, 2.38376, 55.5927, 1.33414, -94.868, 2.80149, -164.969
4793, 79.87500, 1285.09, -20.7139, 192.181, -150.531, 1493.97, 110.182, 2.38237, 55.3224, 1.33466, -94.9607, 2.80343, -165.24
4793, 79.88333, 1283.06, -20.9907, 191.772, -150.656, 1494.21, 109.901, 2.38093, 55.0529, 1.33517, -95.0536, 2.8053, -165.512
4794, 79.89167, 1280.99, -21.2667, 191.361, -150.781, 1494.4, 109.621, 2.37941, 54.7841, 1.33567, -95.1465, 2.80708, -165.783
4794, 79.90000, 1278.9, -21.5418, 190.948, -150.905, 1494.56, 109.341, 2.37783, 54.5162, 1.33615, -95.2394, 2.80878, -166.054
4795, 79.90833, 1276.77, -21.8159, 190.534, -151.029, 1494.67, 109.061, 2.37619, 54.2491, 1.33662, -95.3325, 2.8104, -166.324
4795, 79.91666, 1274.62, -22.0891, 190.118, -151.151, 1494.73, 108.782, 2.37449, 53.9828, 1.33709, -95.4256, 2.81193, -166.595
4795, 79.92500, 1272.44, -22.3613, 189.7, -151.274, 1494.75, 108.503, 2.37272, 53.7173, 1.33754, -95.5187, 2.81339, -166.865
4796, 79.93333, 1270.23, -22.6326, 189.281, -151.395, 1494.73, 108.224, 2.37089, 53.4528, 1.33797, -95.6119, 2.81476, -167.134
4797, 79.94167, 1267.99, -22.9029, 188.86, -151.516, 1494.67, 107.946, 2.36899, 53.189, 1.3384, -95.7052, 2.81605, -167.403
4797, 79.95000, 1265.73, -23.1722, 188.438, -151.636, 1494.56, 107.668, 2.36704, 52.9262, 1.33881, -95.7984, 2.81726, -167.672
4798, 79.95834, 1263.44, -23.4405, 188.015, -151.756, 1494.41, 107.391, 2.36503, 52.6643, 1.33922, -95.8917, 2.81839, -167.94
4798, 79.96667, 1261.12, -23.7079, 187.589, -151.875, 1494.22, 107.114, 2.36296, 52.4033, 1.33961, -95.9851, 2.81944, -168.208
4799, 79.97500, 1258.78, -23.9741, 187.163, -151.994, 1493.99, 106.837, 2.36083, 52.1432, 1.33998, -96.0784, 2.82041, -168.476
4799, 79.98333, 1256.42, -24.2393, 186.735, -152.111, 1493.71, 106.561, 2.35864, 51.8841, 1.34035, -96.1718, 2.8213, -168.743
4800, 79.99167, 1254.03, -24.5035, 186.306, -152.229, 1493.4, 106.286, 2.3564, 51.6259, 1.3407, -96.2651, 2.82211, -169.009
4800, 80.00000, 1251.61, -24.7666, 185.876, -152.345, 1493.04, 106.011, 2.3541, 51.3687, 1.34105, -96.3584, 2.82284, -169.275
4801, 80.00833, 1249.18, -25.0286, 185.444, -152.461, 1492.64, 105.736, 2.35174, 51.1124, 1.34138, -96.4518, 2.8235, -169.541
4801, 80.01667, 1246.71, -25.2896, 185.012, -152.576, 1492.21, 105.462, 2.34933, 50.8572, 1.34169, -96.5451, 2.82408, -169.806
4802, 80.02500, 1244.23, -25.5494, 184.578, -152.69, 1491.73, 105.189, 2.34686, 50.6029, 1.342, -96.6384, 2.82459, -170.07
4802, 80.03333, 1241.73, -25.8081, 184.143, -152.804, 1491.21, 104.916, 2.34435, 50.3497, 1.34229, -96.7316, 2.82501, -170.334
4803, 80.04166, 1239.2, -26.0657, 183.707, -152.917, 1490.66, 104.644, 2.34178, 50.0975, 1.34258, -96.8248, 2.82537, -170.598
4803, 80.05000, 1236.65, -26.3222, 183.27, -153.029, 1490.07, 104.372, 2.33916, 49.8463, 1.34285, -96.918, 2.82564, -170.86
4803, 80.05833, 1234.08, -26.5775, 182.832, -153.141, 1489.43, 104.101, 2.33649, 49.5962, 1.34311, -97.0111, 2.82585, -171.122
4804, 80.06667, 1231.49, -26.8317, 182.392, -153.252, 1488.76, 103.831, 2.33376, 49.3471, 1.34335, -97.1042, 2.82598, -171.384
4805, 80.07500, 1228.88, -27.0847, 181.953, -153.362, 1488.06, 103.561, 2.33099, 49.0991, 1.34359, -97.1972, 2.82604, -171.645
4805, 80.08334, 1226.25, -27.3366, 181.512, -153.471, 1487.31, 103.292, 2.32818, 48.8522, 1.34381, -97.2901, 2.82602, -171.905
4806, 80.09167, 1223.61, -27.5873, 181.07, -153.58, 1486.53, 103.024, 2.32531, 48.6063, 1.34402, -97.3829, 2.82594, -172.165
4806, 80.10000, 1220.94, -27.8368, 180.628, -153.688, 1485.71, 102.756, 2.3224, 48.3615, 1.34422, -97.4757, 2.82578, -172.424
4807, 80.10833, 1218.26, -28.0851, 180.184, -153.795, 1484.86, 102.489, 2.31944, 48.1179, 1.34441, -97.5684, 2.82555, -172.682
4807, 80.11667, 1215.56, -28.3322, 179.74, -153.902, 1483.97, 102.223, 2.31644, 47.8753, 1.34458, -97.661, 2.82526, -172.94
4808, 80.12500, 1212.84, -28.5781, 179.296, -154.007, 1483.04, 101.957, 2.31339, 47.6339, 1.34475, -97.7535, 2.82489, -173.196
4808, 80.13333, 1210.11, -28.8228, 178.851, -154.112, 1482.09, 101.693, 2.3103, 47.3936, 1.3449, -97.8458, 2.82446, -173.453
4809, 80.14167, 1207.36, -29.0663, 178.405, -154.217, 1481.09, 101.428, 2.30717, 47.1544, 1.34504, -97.9381, 2.82396, -173.708
4809, 80.15000, 1204.59, -29.3085, 177.958, -154.32, 1480.06, 101.165, 2.304, 46.9164, 1.34518, -98.0303, 2.82339, -173.963
4810, 80.15833, 1201.81, -29.5495, 177.511, -154.423, 1479, 100.902, 2.30078, 46.6795, 1.34529, -98.1223, 2.82276, -174.217
4810, 80.16666, 1199.02, -29.7893, 177.064, -154.525, 1477.91, 100.641, 2.29753, 46.4437, 1.3454, -98.2142, 2.82206, -174.47
4811, 80.17500, 1196.21, -30.0278, 176.616, -154.626, 1476.78, 100.38, 2.29423, 46.2091, 1.3455, -98.306, 2.82129, -174.722
4811, 80.18333, 1193.39, -30.265, 176.167, -154.727, 1475.63, 100.119, 2.2909, 45.9757, 1.34558, -98.3977, 2.82047, -174.974
4811, 80.19167, 1190.56, -30.5011, 175.718, -154.826, 1474.43, 99.8598, 2.28753, 45.7435, 1.34566, -98.4892, 2.81958, -175.225
4812, 80.20000, 1187.71, -30.7358, 175.269, -154.925, 1473.21, 99.6011, 2.28413, 45.5124, 1.34572, -98.5805, 2.81863, -175.475
4813, 80.20834, 1184.85, -30.9693, 174.82, -155.023, 1471.96, 99.3433, 2.28069, 45.2825, 1.34578, -98.6717, 2.81761, -175.724
4813, 80.21667, 1181.98, -31.2015, 174.37, -155.121, 1470.68, 99.0862, 2.27721, 45.0538, 1.34582, -98.7628, 2.81654, -175.973
4814, 80.22500, 1179.1, -31.4324, 173.92, -155.217, 1469.37, 98.83, 2.2737, 44.8263, 1.34585, -98.8537, 2.8154, -176.22
4814, 80.23333, 1176.2, -31.6621, 173.47, -155.313, 1468.02, 98.5747, 2.27016, 44.6, 1.34587, -98.9444, 2.81421, -176.467
4815, 80.24167, 1173.3, -31.8905, 173.019, -155.408, 1466.65, 98.3201, 2.26658, 44.3749, 1.34588, -99.035, 2.81296, -176.713
4815, 80.25000, 1170.39, -32.1176, 172.569, -155.502, 1465.25, 98.0665, 2.26298, 44.151, 1.34588, -99.1254, 2.81165, -176.958
4816, 80.25833, 1167.46, -32.3433, 172.118, -155.596, 1463.82, 97.8137, 2.25934, 43.9283, 1.34587, -99.2156, 2.81029, -177.203
4816, 80.26667, 1164.53, -32.5679, 171.667, -155.688, 1462.37, 97.5617, 2.25567, 43.7068, 1.34584, -99.3056, 2.80886, -177.446
4816, 80.27500, 1161.59, -32.7911, 171.216, -155.78, 1460.89, 97.3107, 2.25197, 43.4865, 1.34581, -99.3954, 2.80739, -177.689
4817, 80.28333, 1158.64, -33.013, 170.765, -155.871, 1459.38, 97.0605, 2.24825, 43.2675, 1.34577, -99.485, 2.80586, -177.931
4818, 80.29166, 1155.69, -33.2336, 170.314, -155.962, 1457.84, 96.8112, 2.24449, 43.0496, 1.34572, -99.5745, 2.80427, -178.171
4818, 80.30000, 1152.72, -33.4529, 169.864, -156.051, 1456.28, 96.5628, 2.24071, 42.833, 1.34565, -99.6637, 2.80263, -178.411
4819, 80.30833, 1149.75, -33.6709, 169.413, -156.14, 1454.69, 96.3153, 2.23691, 42.6177, 1.34558, -99.7528, 2.80094, -178.65
4819, 80.31667, 1146.78, -33.8876, 168.962, -156.228, 1453.08, 96.0687, 2.23307, 42.4035, 1.3455, -99.8416, 2.7992, -178.889
4819, 80.32500, 1143.79, -34.103, 168.511, -156.315, 1451.44, 95.823, 2.22922, 42.1906, 1.34541, -99.9303, 2.79741, -179.126
4820, 80.33334, 1140.8, -34.3171, 168.061, -156.401, 1449.78, 95.5782, 2.22534, 41.9789, 1.34531, -100.019, 2.79557, -179.362
4821, 80.34167, 1137.81, -34.5299, 167.611, -156.487, 1448.09, 95.3344, 2.22143, 41.7684, 1.3452, -100.107, 2.79368, -179.598
4821, 80.35000, 1134.81, -34.7414, 167.161, -156.571, 1446.39, 95.0914, 2.21751, 41.5592, 1.34507, -100.195, 2.79174, -179.832
4822, 80.35833, 1131.81, -34.9516, 166.711, -156.655, 1444.65, 94.8494, 2.21356, 41.3512, 1.34494, -100.283, 2.78975, 179.934
4822, 80.36667, 1128.8, -35.1604, 166.261, -156.739, 1442.9, 94.6083, 2.20959, 41.1444, 1.34481, -100.37, 2.78772, 179.701
4823, 80.37500, 1125.79, -35.368, 165.812, -156.821, 1441.13, 94.3682, 2.2056, 40.9389, 1.34466, -100.457, 2.78564, 179.469
4823, 80.38333, 1122.77, -35.5742, 165.363, -156.903, 1439.33, 94.129, 2.20159, 40.7346, 1.3445, -100.544, 2.78352, 179.239
4824, 80.39167, 1119.75, -35.7792, 164.914, -156.983, 1437.51, 93.8907, 2.19756, 40.5316, 1.34433, -100.631, 2.78135, 179.009
4824, 80.40000, 1116.73, -35.9828, 164.466, -157.063, 1435.67, 93.6534, 2.19352, 40.3298, 1.34416, -100.718, 2.77914, 178.78
4824, 80.40833, 1113.7, -36.1851, 164.018, -157.143, 1433.81, 93.4171, 2.18945, 40.1292, 1.34397, -100.804, 2.77688, 178.551
4825, 80.41666, 1110.68, -36.3862, 163.57, -157.221, 1431.93, 93.1816, 2.18537, 39.9299, 1.34378, -100.89, 2.77459, 178.324
4826, 80.42500, 1107.65, -36.5859, 163.123, -157.299, 1430.03, 92.9472, 2.18128, 39.7318, 1.34358, -100.976, 2.77225, 178.098
4826, 80.43333, 1104.62, -36.7843, 162.677, -157.376, 1428.12, 92.7137, 2.17716, 39.5349, 1.34337, -101.062, 2.76987, 177.873
4827, 80.44167, 1101.59, -36.9814, 162.23, -157.452, 1426.18, 92.4811, 2.17304, 39.3392, 1.34315, -101.147, 2.76745, 177.649
4827, 80.45000, 1098.56, -37.1772, 161.785, -157.527, 1424.23, 92.2495, 2.1689, 39.1448, 1.34292, -101.232, 2.765, 177.425
4828, 80.45834, 1095.53, -37.3717, 161.34, -157.601, 1422.25, 92.0189, 2.16474, 38.9517, 1.34269, -101.317, 2.7625, 177.203
4828, 80.46667, 1092.5, -37.565, 160.895, -157.675, 1420.27, 91.7892, 2.16058, 38.7597, 1.34244, -101.402, 2.75997, 176.981
4829, 80.47500, 1089.46, -37.7569, 160.451, -157.748, 1418.26, 91.5605, 2.1564, 38.569, 1.34219, -101.486, 2.7574, 176.761
4829, 80.48333, 1086.43, -37.9475, 160.008, -157.82, 1416.24, 91.3328, 2.15221, 38.3795, 1.34193, -101.57, 2.7548, 176.541
4830, 80.49167, 1083.4, -38.1369, 159.565, -157.892, 1414.2, 91.106, 2.148, 38.1912, 1.34167, -101.654, 2.75216, 176.323
4830, 80.50000, 1080.37, -38.3249, 159.122, -157.962, 1412.14, 90.8802, 2.14379, 38.0042, 1.34139, -101.737, 2.74948, 176.105
4831, 80.50833, 1077.35, -38.5117, 158.681, -158.032, 1410.07, 90.6554, 2.13957, 37.8184, 1.34111, -101.82, 2.74677, 175.889
4831, 80.51667, 1074.32, -38.6972, 158.24, -158.101, 1407.98, 90.4315, 2.13534, 37.6337, 1.34082, -101.903, 2.74403, 175.673
4832, 80.52500, 1071.29, -38.8814, 157.8, -158.17, 1405.88, 90.2087, 2.1311, 37.4504, 1.34052, -101.986, 2.74126, 175.458
4832, 80.53333, 1068.27, -39.0644, 157.36, -158.237, 1403.77, 89.9868, 2.12685, 37.2682, 1.34022, -102.069, 2.73845, 175.245
4832, 80.54166, 1065.25, -39.2461, 156.921, -158.304, 1401.64, 89.7658, 2.12259, 37.0872, 1.33991, -102.151, 2.73561, 175.032
4833, 80.55000, 1062.23, -39.4265, 156.483, -158.37, 1399.5, 89.5458, 2.11833, 36.9074, 1.33959, -102.233, 2.73274, 174.82
4834, 80.55833, 1059.22, -39.6057, 156.046, -158.435, 1397.34, 89.3268, 2.11406, 36.7289, 1.33926, -102.314, 2.72985, 174.609
4834, 80.56667, 1056.21, -39.7836, 155.609, -158.5, 1395.18, 89.1088, 2.10978, 36.5515, 1.33893, -102.396, 2.72692, 174.399
4835, 80.57500, 1053.2, -39.9602, 155.174, -158.564, 1392.99, 88.8917, 2.1055, 36.3753, 1.33859, -102.477, 2.72396, 174.19
4835, 80.58334, 1050.2, -40.1356, 154.739, -158.627, 1390.8, 88.6756, 2.10122, 36.2003, 1.33825, -102.557, 2.72098, 173.982
4836, 80.59167, 1047.2, -40.3098, 154.305, -158.689, 1388.6, 88.4605, 2.09692, 36.0265, 1.33789, -102.638, 2.71797, 173.775
4836, 80.60000, 1044.2, -40.4827, 153.871, -158.75, 1386.38, 88.2463, 2.09263, 35.8539, 1.33754, -102.718, 2.71493, 173.569
4837, 80.60833, 1041.21, -40.6543, 153.439, -158.811, 1384.15, 88.0331, 2.08833, 35.6825, 1.33717, -102.798, 2.71187, 173.364
4837, 80.61667, 1038.22, -40.8248, 153.007, -158.871, 1381.92, 87.8209, 2.08403, 35.5122, 1.3368, -102.878, 2.70878, 173.16
4838, 80.62500, 1035.24, -40.994, 152.576, -158.93, 1379.67, 87.6096, 2.07973, 35.3431, 1.33642, -102.957, 2.70567, 172.957
4838, 80.63333, 1032.26, -41.162, 152.146, -158.989, 1377.41, 87.3994, 2.07542, 35.1752, 1.33604, -103.036, 2.70253, 172.754
4839, 80.64167, 1029.29, -41.3288, 151.717, -159.047, 1375.14, 87.19, 2.07111, 35.0085, 1.33565, -103.115, 2.69937, 172.553
4839, 80.65000, 1026.32, -41.4943, 151.289, -159.104, 1372.86, 86.9816, 2.06681, 34.8429, 1.33525, -103.193, 2.69619, 172.353
4840, 80.65833, 1023.36, -41.6586, 150.862, -159.16, 1370.57, 86.7742, 2.0625, 34.6785, 1.33485, -103.271, 2.69299, 172.153
4840, 80.66666, 1020.4, -41.8218, 150.436, -159.216, 1368.28, 86.5677, 2.05819, 34.5152, 1.33444, -103.349, 2.68976, 171.955
4840, 80.67500, 1017.45, -41.9837, 150.011, -159.271, 1365.97, 86.3622, 2.05388, 34.353, 1.33403, -103.427, 2.68651, 171.758
4841, 80.68333, 1014.51, -42.1445, 149.586, -159.325, 1363.66, 86.1577, 2.04957, 34.1921, 1.33361, -103.504, 2.68324, 171.561
4842, 80.69167, 1011.57, -42.3041, 149.163, -159.378, 1361.34, 85.9541, 2.04526, 34.0322, 1.33318, -103.581, 2.67995, 171.365
4842, 80.70000, 1008.64, -42.4624, 148.741, -159.431, 1359.01, 85.7514, 2.04095, 33.8735, 1.33275, -103.658, 2.67665, 171.171
4843, 80.70834, 1005.72, -42.6196, 148.319, -159.483, 1356.67, 85.5497, 2.03665, 33.7159, 1.33232, -103.734, 2.67332, 170.977
4843, 80.71667, 1002.8, -42.7757, 147.899, -159.535, 1354.33, 85.349, 2.03235, 33.5594, 1.33188, -103.81, 2.66997, 170.784
4844, 80.72500, 999.891, -42.9305, 147.479, -159.585, 1351.98, 85.1492, 2.02804, 33.404, 1.33143, -103.886, 2.66661, 170.593
4844, 80.73333, 996.988, -43.0842, 147.061, -159.635, 1349.62, 84.9503, 2.02375, 33.2498, 1.33098, -103.962, 2.66323, 170.402
4845, 80.74167, 994.091, -43.2368, 146.643, -159.684, 1347.26, 84.7523, 2.01945, 33.0966, 1.33052, -104.037, 2.65983, 170.212
4845, 80.75000, 991.203, -43.3882, 146.227, -159.733, 1344.89, 84.5554, 2.01516, 32.9446, 1.33006, -104.112, 2.65642, 170.023
4846, 80.75833, 988.321, -43.5385, 145.812, -159.781, 1342.52, 84.3593, 2.01087, 32.7937, 1.3296, -104.187, 2.65299, 169.835
4846, 80.76667, 985.448, -43.6876, 145.397, -159.828, 1340.14, 84.1641, 2.00659, 32.6438, 1.32913, -104.261, 2.64955, 169.647
4847, 80.77500, 982.582, -43.8356, 144.984, -159.874, 1337.75, 83.9699, 2.00231, 32.495, 1.32865, -104.335, 2.64609, 169.461
4847, 80.78333, 979.724, -43.9825, 144.572, -159.92, 1335.36, 83.7766, 1.99804, 32.3474, 1.32818, -104.409, 2.64262, 169.276
4848, 80.79166, 976.874, -44.1282, 144.161, -159.965, 1332.97, 83.5843, 1.99377, 32.2007, 1.32769, -104.482, 2.63913, 169.091
4848, 80.80000, 974.033, -44.2729, 143.751, -160.009, 1330.57, 83.3928, 1.98951, 32.0552, 1.3272, -104.555, 2.63563, 168.908
4848, 80.80833, 971.2, -44.4164, 143.342, -160.053, 1328.16, 83.2023, 1.98525, 31.9107, 1.32671, -104.628, 2.63212, 168.725
4849, 80.81667, 968.374, -44.5588, 142.934, -160.096, 1325.75, 83.0126, 1.981, 31.7673, 1.32622, -104.701, 2.62859, 168.544
4850, 80.82500, 965.558, -44.7002, 142.527, -160.138, 1323.34, 82.8239, 1.97675, 31.6249, 1.32572, -104.773, 2.62506, 168.363
4850, 80.83334, 962.75, -44.8404, 142.122, -160.18, 1320.93, 82.6361, 1.97251, 31.4836, 1.32521, -104.845, 2.62151, 168.183
4851, 80.84167, 959.951, -44.9796, 141.717, -160.221, 1318.51, 82.4492, 1.96828, 31.3433, 1.3247, -104.917, 2.61795, 168.004
4851, 80.85000, 957.161, -45.1177, 141.313, -160.262, 1316.08, 82.2632, 1.96406, 31.204, 1.32419, -104.988, 2.61438, 167.826
4852, 80.85833, 954.38, -45.2547, 140.911, -160.301, 1313.66, 82.0781, 1.95984, 31.0658, 1.32367, -105.059, 2.6108, 167.649
4852, 80.86667, 951.607, -45.3907, 140.51, -160.34, 1311.23, 81.8939, 1.95563, 30.9286, 1.32315, -105.13, 2.60721, 167.472
4853, 80.87500, 948.844, -45.5256, 140.109, -160.379, 1308.8, 81.7105, 1.95143, 30.7924, 1.32263, -105.201, 2.60361, 167.297
4853, 80.88333, 946.09, -45.6594, 139.71, -160.416, 1306.37, 81.5281, 1.94723, 30.6572, 1.3221, -105.271, 2.6, 167.122
4854, 80.89167, 943.345, -45.7922, 139.312, -160.454, 1303.93, 81.3465, 1.94305, 30.5231, 1.32157, -105.341, 2.59638, 166.949
4854, 80.90000, 940.609, -45.924, 138.916, -160.49, 1301.5, 81.1658, 1.93887, 30.3899, 1.32104, -105.411, 2.59276, 166.776
4855, 80.90833, 937.883, -46.0548, 138.52, -160.526, 1299.06, 80.986, 1.9347, 30.2577, 1.3205, -105.48, 2.58912, 166.604
4855, 80.91666, 935.166, -46.1845, 138.125, -160.561, 1296.62, 80.8071, 1.93054, 30.1265, 1.31996, -105.549, 2.58548, 166.433
4856, 80.92500, 932.459, -46.3132, 137.732, -160.595, 1294.18, 80.629, 1.92639, 29.9963, 1.31942, -105.618, 2.58183, 166.262
4856, 80.93333, 929.762, -46.4409, 137.34, -160.629, 1291.73, 80.4518, 1.92225, 29.8671, 1.31887, -105.687, 2.57818, 166.093
4856, 80.94167, 927.074, -46.5676, 136.949, -160.663, 1289.29, 80.2754, 1.91812, 29.7388, 1.31832, -105.755, 2.57452, 165.925
4857, 80.95000, 924.396, -46.6933, 136.559, -160.695, 1286.85, 80.0999, 1.914, 29.6115, 1.31776, -105.823, 2.57085, 165.757
4858, 80.95834, 921.728, -46.818, 136.17, -160.727, 1284.4, 79.9253, 1.90989, 29.4851, 1.31721, -105.89, 2.56718, 165.59
4858, 80.96667, 919.069, -46.9417, 135.782, -160.759, 1281.95, 79.7515, 1.90578, 29.3597, 1.31665, -105.958, 2.5635, 165.424
4859, 80.97500, 916.42, -47.0644, 135.396, -160.789, 1279.51, 79.5785, 1.90169, 29.2353, 1.31609, -106.025, 2.55982, 165.259
4859, 80.98333, 913.782, -47.1862, 135.01, -160.82, 1277.06, 79.4064, 1.89761, 29.1117, 1.31552, -106.092, 2.55613, 165.095
4860, 80.99167, 911.153, -47.307, 134.626, -160.849, 1274.62, 79.2351, 1.89354, 28.9891, 1.31495, -106.158, 2.55244, 164.931
4860, 81.00000, 908.534, -47.4268, 134.243, -160.878, 1272.17, 79.0647, 1.88948, 28.8675, 1.31438, -106.224, 2.54874, 164.769
4861, 81.00833, 905.926, -47.5457, 133.861, -160.906, 1269.73, 78.8951, 1.88543, 28.7467, 1.31381, -106.29, 2.54504, 164.607
4861, 81.01667, 903.327, -47.6637, 133.48, -160.934, 1267.28, 78.7262, 1.8814, 28.6269, 1.31324, -106.356, 2.54134, 164.446
4862, 81.02500, 900.739, -47.7807, 133.101, -160.961, 1264.84, 78.5583, 1.87737, 28.508, 1.31266, -106.421, 2.53763, 164.286
4862, 81.03333, 898.161, -47.8968, 132.722, -160.988, 1262.39, 78.3911, 1.87336, 28.39, 1.31208, -106.487, 2.53392, 164.126
4863, 81.04166, 895.593, -48.0119, 132.345, -161.014, 1259.95, 78.2248, 1.86935, 28.2728, 1.31149, -106.551, 2.53021, 163.968
4863, 81.05000, 893.036, -48.1261, 131.969, -161.039, 1257.51, 78.0592, 1.86536, 28.1566, 1.31091, -106.616, 2.5265, 163.81
4864, 81.05833, 890.488, -48.2395, 131.594, -161.064, 1255.07, 77.8945, 1.86138, 28.0413, 1.31032, -106.68, 2.52278, 163.653
4864, 81.06667, 887.951, -48.3519, 131.22, -161.088, 1252.63, 77.7306, 1.85741, 27.9268, 1.30973, -106.744, 2.51906, 163.497
4864, 81.07500, 885.425, -48.4634, 130.847, -161.112, 1250.19, 77.5674, 1.85346, 27.8132, 1.30914, -106.808, 2.51534, 163.341
4865, 81.08334, 882.908, -48.574, 130.476, -161.135, 1247.75, 77.4051, 1.84951, 27.7004, 1.30855, -106.871, 2.51162, 163.187
4866, 81.09167, 880.402, -48.6838, 130.106, -161.157, 1245.32, 77.2435, 1.84558, 27.5885, 1.30795, -106.935, 2.5079, 163.033
4866, 81.10000, 877.907, -48.7926, 129.736, -161.179, 1242.89, 77.0828, 1.84166, 27.4775, 1.30735, -106.998, 2.50418, 162.88
4867, 81.10833, 875.422, -48.9006, 129.368, -161.2, 1240.46, 76.9228, 1.83775, 27.3673, 1.30675, -107.06, 2.50045, 162.728
4867, 81.11667, 872.947, -49.0077, 129.002, -161.221, 1238.03, 76.7635, 1.83386, 27.258, 1.30615, -107.123, 2.49673, 162.576
4868, 81.12500, 870.482, -49.1139, 128.636, -161.241, 1235.6, 76.6051, 1.82998, 27.1495, 1.30555, -107.185, 2.49301, 162.425
4868, 81.13333, 868.028, -49.2193, 128.271, -161.26, 1233.18, 76.4474, 1.82611, 27.0418, 1.30495, -107.247, 2.48929, 162.276
4869, 81.14167, 865.585, -49.3239, 127.908, -161.279, 1230.75, 76.2905, 1.82225, 26.9349, 1.30434, -107.308, 2.48556, 162.126
4869, 81.15000, 863.152, -49.4276, 127.546, -161.298, 1228.33, 76.1344, 1.81841, 26.8289, 1.30373, -107.369, 2.48184, 161.978
4870, 81.15833, 860.729, -49.5305, 127.185, -161.316, 1225.92, 75.979, 1.81458, 26.7237, 1.30312, -107.43, 2.47812, 161.83
4870, 81.16666, 858.317, -49.6325, 126.825, -161.333, 1223.5, 75.8243, 1.81076, 26.6192, 1.30251, -107.491, 2.4744, 161.683
4871, 81.17500, 855.915, -49.7337, 126.466, -161.35, 1221.09, 75.6704, 1.80696, 26.5156, 1.3019, -107.552, 2.47068, 161.537
4871, 81.18333, 853.524, -49.8341, 126.108, -161.366, 1218.68, 75.5173, 1.80316, 26.4128, 1.30128, -107.612, 2.46697, 161.392
4872, 81.19167, 851.143, -49.9337, 125.752, -161.382, 1216.28, 75.3648, 1.79939, 26.3107, 1.30066, -107.672, 2.46325, 161.247
4872, 81.20000, 848.773, -50.0325, 125.396, -161.397, 1213.87, 75.2132, 1.79562, 26.2095, 1.30005, -107.732, 2.45954, 161.103
4872, 81.20834, 846.414, -50.1305, 125.042, -161.411, 1211.47, 75.0622, 1.79187, 26.109, 1.29943, -107.791, 2.45583, 160.96
4873, 81.21667, 844.064, -50.2277, 124.689, -161.425, 1209.08, 74.912, 1.78813, 26.0092, 1.29881, -107.85, 2.45212, 160.817
4874, 81.22500, 841.725, -50.3241, 124.337, -161.439, 1206.68, 74.7625, 1.78441, 25.9103, 1.29819, -107.909, 2.44841, 160.675
4874, 81.23333, 839.397, -50.4198, 123.986, -161.452, 1204.29, 74.6137, 1.78069, 25.8121, 1.29756, -107.968, 2.44471, 160.534
4875, 81.24167, 837.078, -50.5146, 123.637, -161.464, 1201.91, 74.4656, 1.777, 25.7146, 1.29694, -108.026, 2.44101, 160.394
4875, 81.25000, 834.771, -50.6087, 123.288, -161.476, 1199.52, 74.3183, 1.77331, 25.6179, 1.29632, -108.085, 2.43731, 160.254
4876, 81.25833, 832.474, -50.7021, 122.941, -161.487, 1197.15, 74.1716, 1.76964, 25.522, 1.29569, -108.143, 2.43361, 160.115
4876, 81.26667, 830.187, -50.7947, 122.594, -161.498, 1194.77, 74.0257, 1.76598, 25.4268, 1.29506, -108.2, 2.42992, 159.977
4877, 81.27500, 827.91, -50.8865, 122.249, -161.508, 1192.4, 73.8804, 1.76234, 25.3323, 1.29443, -108.258, 2.42623, 159.839
4877, 81.28333, 825.644, -50.9776, 121.905, -161.518, 1190.03, 73.7359, 1.75871, 25.2385, 1.29381, -108.315, 2.42255, 159.702
4878, 81.29166, 823.388, -51.0679, 121.562, -161.527, 1187.67, 73.592, 1.7551, 25.1454, 1.29318, -108.372, 2.41887, 159.566
4878, 81.30000, 821.143, -51.1576, 121.221, -161.536, 1185.31, 73.4488, 1.75149, 25.0531, 1.29254, -108.429, 2.41519, 159.431
4879, 81.30833, 818.908, -51.2465, 120.88, -161.544, 1182.95, 73.3063, 1.7479, 24.9615, 1.29191, -108.485, 2.41152, 159.296
4879, 81.31667, 816.683, -51.3347, 120.54, -161.552, 1180.6, 73.1645, 1.74433, 24.8705, 1.29128, -108.541, 2.40785, 159.161
4880, 81.32500, 814.468, -51.4221, 120.202, -161.559, 1178.25, 73.0234, 1.74077, 24.7803, 1.29065, -108.597, 2.40419, 159.028
4880, 81.33334, 812.264, -51.5089, 119.865, -161.565, 1175.91, 72.8829, 1.73722, 24.6907, 1.29001, -108.653, 2.40053, 158.895
4880, 81.34167, 810.07, -51.5949, 119.528, -161.571, 1173.57, 72.7431, 1.73369, 24.6019, 1.28938, -108.708, 2.39687, 158.763
4881, 81.35000, 807.886, -51.6803, 119.193, -161.577, 1171.24, 72.604, 1.73017, 24.5137, 1.28874, -108.764, 2.39322, 158.631
4882, 81.35833, 805.712, -51.765, 118.859, -161.582, 1168.91, 72.4655, 1.72666, 24.4262, 1.28811, -108.819, 2.38958, 158.501
4882, 81.36667, 803.548, -51.849, 118.526, -161.587, 1166.58, 72.3276, 1.72317, 24.3393, 1.28747, -108.873, 2.38594, 158.37
4883, 81.37500, 801.395, -51.9323, 118.195, -161.591, 1164.26, 72.1905, 1.71969, 24.2532, 1.28683, -108.928, 2.3823, 158.241
4883, 81.38333, 799.252, -52.0149, 117.864, -161.594, 1161.94, 72.0539, 1.71623, 24.1676, 1.28619, -108.982, 2.37867, 158.112
4884, 81.39167, 797.118, -52.0969, 117.534, -161.597, 1159.63, 71.9181, 1.71278, 24.0828, 1.28556, -109.036, 2.37505, 157.984
4884, 81.40000, 794.995, -52.1782, 117.206, -161.6, 1157.32, 71.7828, 1.70935, 23.9986, 1.28492, -109.09, 2.37143, 157.856
4885, 81.40833, 792.882, -52.2588, 116.878, -161.602, 1155.02, 71.6482, 1.70592, 23.915, 1.28428, -109.143, 2.36782, 157.729
4885, 81.41666, 790.778, -52.3388, 116.552, -161.604, 1152.72, 71.5142, 1.70252, 23.832, 1.28364, -109.197, 2.36421, 157.602
4886, 81.42500, 788.685, -52.4182, 116.227, -161.605, 1150.43, 71.3809, 1.69912, 23.7497, 1.283, -109.25, 2.36061, 157.477
4886, 81.43333, 786.602, -52.4969, 115.902, -161.605, 1148.14, 71.2482, 1.69574, 23.6681, 1.28236, -109.303, 2.35701, 157.352
4887, 81.44167, 784.528, -52.575, 115.579, -161.605, 1145.86, 71.116, 1.69237, 23.587, 1.28171, -109.355, 2.35342, 157.227
4887, 81.45000, 782.465, -52.6524, 115.257, -161.605, 1143.58, 70.9846, 1.68902, 23.5066, 1.28107, -109.408, 2.34984, 157.103
4888, 81.45834, 780.411, -52.7292, 114.936, -161.604, 1141.31, 70.8537, 1.68568, 23.4267, 1.28043, -109.46, 2.34626, 156.98
4888, 81.46667, 778.367, -52.8054, 114.616, -161.603, 1139.04, 70.7234, 1.68236, 23.3475, 1.27979, -109.512, 2.34269, 156.857
4888, 81.47500, 776.333, -52.881, 114.297, -161.601, 1136.77, 70.5938, 1.67905, 23.2689, 1.27915, -109.564, 2.33912, 156.735
4889, 81.48333, 774.308, -52.956, 113.98, -161.599, 1134.51, 70.4647, 1.67575, 23.1909, 1.2785, -109.615, 2.33556, 156.613
4890, 81.49167, 772.293, -53.0304, 113.663, -161.596, 1132.26, 70.3363, 1.67247, 23.1134, 1.27786, -109.667, 2.33201, 156.493
4890, 81.50000, 770.288, -53.1042, 113.347, -161.592, 1130.01, 70.2084, 1.6692, 23.0366, 1.27722, -109.718, 2.32847, 156.372
4891, 81.50833, 768.293, -53.1774, 113.032, -161.589, 1127.77, 70.0811, 1.66594, 22.9603, 1.27658, -109.769, 2.32493, 156.253
4891, 81.51667, 766.307, -53.25, 112.719, -161.584, 1125.53, 69.9544, 1.6627, 22.8846, 1.27593, -109.819, 2.32139, 156.133
4892, 81.52500, 764.331, -53.322, 112.406, -161.58, 1123.3, 69.8284, 1.65947, 22.8095, 1.27529, -109.87, 2.31787, 156.015
4892, 81.53333, 762.364, -53.3934, 112.095, -161.574, 1121.07, 69.7029, 1.65626, 22.735, 1.27465, -109.92, 2.31435, 155.897
4893, 81.54166, 760.406, -53.4643, 111.784, -161.569, 1118.85, 69.5779, 1.65306, 22.661, 1.274, -109.97, 2.31084, 155.779
4893, 81.55000, 758.459, -53.5346, 111.475, -161.563, 1116.63, 69.4535, 1.64987, 22.5876, 1.27336, -110.02, 2.30733, 155.663
4894, 81.55833, 756.52, -53.6043, 111.166, -161.556, 1114.42, 69.3298, 1.64669, 22.5147, 1.27272, -110.069, 2.30384, 155.546
4894, 81.56667, 754.591, -53.6735, 110.859, -161.549, 1112.22, 69.2065, 1.64353, 22.4424, 1.27207, -110.118, 2.30035, 155.431
4895, 81.57500, 752.671, -53.7421, 110.552, -161.541, 1110.01, 69.0839, 1.64039, 22.3706, 1.27143, -110.168, 2.29686, 155.315
4895, 81.58334, 750.761, -53.8102, 110.247, -161.533, 1107.82, 68.9618, 1.63726, 22.2994, 1.27079, -110.217, 2.29339, 155.201
4896, 81.59167, 748.86, -53.8777, 109.942, -161.525, 1105.63, 68.8402, 1.63414, 22.2287, 1.27014, -110.265, 2.28992, 155.087
4896, 81.60000, 746.968, -53.9447, 109.639, -161.516, 1103.44, 68.7192, 1.63103, 22.1585, 1.2695, -110.314, 2.28646, 154.973
4896, 81.60833, 745.085, -54.0112, 109.337, -161.506, 1101.27, 68.5988, 1.62794, 22.0889, 1.26886, -110.362, 2.283, 154.86
4897, 81.61667, 743.211, -54.0771, 109.035, -161.497, 1099.09, 68.4789, 1.62486, 22.0198, 1.26821, -110.41, 2.27956, 154.748
4898, 81.62500, 741.346, -54.1425, 108.735, -161.486, 1096.92, 68.3595, 1.62179, 21.9512, 1.26757, -110.458, 2.27612, 154.636
4898, 81.63333, 739.491, -54.2074, 108.436, -161.475, 1094.76, 68.2407, 1.61874, 21.8831, 1.26693, -110.506, 2.27269, 154.525
4899, 81.64167, 737.644, -54.2718, 108.137, -161.464, 1092.6, 68.1224, 1.6157, 21.8155, 1.26629, -110.553, 2.26926, 154.414
4899, 81.65000, 735.807, -54.3356, 107.84, -161.452, 1090.45, 68.0047, 1.61268, 21.7484, 1.26564, -110.6, 2.26585, 154.304
4900, 81.65833, 733.978, -54.399, 107.544, -161.44, 1088.31, 67.8875, 1.60966, 21.6819, 1.265, -110.648, 2.26244, 154.194
4900, 81.66666, 732.158, -54.4618, 107.248, -161.428, 1086.16, 67.7708, 1.60666, 21.6158, 1.26436, -110.694, 2.25904, 154.085
4901, 81.67500, 730.348, -54.5242, 106.954, -161.414, 1084.03, 67.6546, 1.60368, 21.5502, 1.26372, -110.741, 2.25565, 153.976
4901, 81.68333, 728.546, -54.586, 106.66, -161.401, 1081.9, 67.539, 1.60071, 21.4851, 1.26308, -110.788, 2.25226, 153.868
4902, 81.69167, 726.752, -54.6474, 106.368, -161.387, 1079.78, 67.4238, 1.59775, 21.4205, 1.26244, -110.834, 2.24889, 153.76
4902, 81.70000, 724.968, -54.7083, 106.076, -161.372, 1077.66, 67.3092, 1.5948, 21.3564, 1.2618, -110.88, 2.24552, 153.653
4903, 81.70834, 723.192, -54.7687, 105.786, -161.357, 1075.55, 67.1951, 1.59186, 21.2927, 1.26116, -110.926, 2.24216, 153.546
4903, 81.71667, 721.425, -54.8286, 105.496, -161.342, 1073.44, 67.0815, 1.58894, 21.2295, 1.26052, -110.972, 2.23881, 153.44
4904, 81.72500, 719.666, -54.8881, 105.208, -161.326, 1071.34, 66.9684, 1.58604, 21.1668, 1.25988, -111.017, 2.23546, 153.334
4904, 81.73333, 717.916, -54.947, 104.92, -161.31, 1069.24, 66.8558, 1.58314, 21.1046, 1.25924, -111.062, 2.23212, 153.229
4904, 81.74167, 716.174, -55.0056, 104.633, -161.293, 1067.15, 66.7437, 1.58026, 21.0428, 1.2586, -111.107, 2.2288, 153.125
4905, 81.75000, 714.441, -55.0636, 104.348, -161.276, 1065.07, 66.6321, 1.57739, 20.9815, 1.25796, -111.152, 2.22547, 153.02
4906, 81.75833, 712.717, -55.1212, 104.063, -161.259, 1062.99, 66.521, 1.57453, 20.9206, 1.25733, -111.197, 2.22216, 152.917
4906, 81.76667, 711.001, -55.1784, 103.779, -161.241, 1060.91, 66.4104, 1.57169, 20.8601, 1.25669, -111.242, 2.21886, 152.814
4907, 81.77500, 709.293, -55.2351, 103.496, -161.222, 1058.85, 66.3003, 1.56886, 20.8001, 1.25605, -111.286, 2.21556, 152.711
4907, 81.78333, 707.593, -55.2914, 103.214, -161.203, 1056.79, 66.1906, 1.56604, 20.7406, 1.25542, -111.33, 2.21227, 152.609
4908, 81.79166, 705.902, -55.3472, 102.933, -161.184, 1054.73, 66.0815, 1.56323, 20.6815, 1.25478, -111.374, 2.20899, 152.507
4908, 81.80000, 704.219, -55.4026, 102.653, -161.164, 1052.68, 65.9728, 1.56044, 20.6228, 1.25414, -111.418, 2.20572, 152.406
4909, 81.80833, 702.544, -55.4575, 102.374, -161.144, 1050.63, 65.8646, 1.55766, 20.5645, 1.25351, -111.462, 2.20246, 152.305
4909, 81.81667, 700.877, -55.5121, 102.096, -161.123, 1048.59, 65.7568, 1.55489, 20.5067, 1.25288, -111.505, 2.19921, 152.204
4910, 81.82500, 699.219, -55.5662, 101.819, -161.102, 1046.56, 65.6495, 1.55213, 20.4493, 1.25224, -111.548, 2.19596, 152.104
4910, 81.83334, 697.568, -55.6199, 101.542, -161.08, 1044.53, 65.5427, 1.54939, 20.3923, 1.25161, -111.591, 2.19272, 152.005
4911, 81.84167, 695.926, -55.6731, 101.267, -161.058, 1042.51, 65.4364, 1.54666, 20.3357, 1.25098, -111.634, 2.18949, 151.906
4911, 81.85000, 694.291, -55.726, 100.992, -161.036, 1040.49, 65.3305, 1.54394, 20.2796, 1.25035, -111.677, 2.18627, 151.808
4912, 81.85833, 692.664, -55.7784, 100.719, -161.013, 1038.48, 65.2251, 1.54123, 20.2238, 1.24971, -111.72, 2.18306, 151.71
4912, 81.86667, 691.046, -55.8305, 100.446, -160.989, 1036.48, 65.1201, 1.53854, 20.1685, 1.24908, -111.762, 2.17985, 151.612
4912, 81.87500, 689.435, -55.8821, 100.174, -160.966, 1034.48, 65.0156, 1.53585, 20.1135, 1.24845, -111.804, 2.17666, 151.515
4913, 81.88333, 687.832, -55.9334, 99.9033, -160.941, 1032.48, 64.9115, 1.53318, 20.059, 1.24782, -111.846, 2.17347, 151.418
4914, 81.89167, 686.236, -55.9842, 99.6333, -160.917, 1030.5, 64.8078, 1.53052, 20.0048, 1.2472, -111.888, 2.17029, 151.322
4914, 81.90000, 684.649, -56.0347, 99.3643, -160.892, 1028.51, 64.7047, 1.52788, 19.951, 1.24657, -111.93, 2.16712, 151.226
4915, 81.90833, 683.069, -56.0847, 99.0961, -160.866, 1026.54, 64.6019, 1.52524, 19.8977, 1.24594, -111.971, 2.16396, 151.131
4915, 81.91666, 681.496, -56.1344, 98.8287, -160.84, 1024.57, 64.4996, 1.52262, 19.8447, 1.24531, -112.012, 2.1608, 151.036
4916, 81.92500, 679.932, -56.1837, 98.5623, -160.814, 1022.6, 64.3977, 1.52001, 19.792, 1.24469, -112.054, 2.15766, 150.941
4916, 81.93333, 678.375, -56.2327, 98.2968, -160.787, 1020.64, 64.2963, 1.51741, 19.7398, 1.24406, -112.095, 2.15452, 150.847
4917, 81.94167, 676.825, -56.2812, 98.0321, -160.76, 1018.68, 64.1953, 1.51482, 19.6879, 1.24344, -112.135, 2.15139, 150.753
4917, 81.95000, 675.283, -56.3294, 97.7684, -160.732, 1016.74, 64.0947, 1.51224, 19.6364, 1.24281, -112.176, 2.14827, 150.66
4918, 81.95834, 673.748, -56.3772, 97.5055, -160.704, 1014.79, 63.9945, 1.50968, 19.5853, 1.24219, -112.217, 2.14516, 150.567
4918, 81.96667, 672.221, -56.4247, 97.2434, -160.675, 1012.86, 63.8948, 1.50712, 19.5345, 1.24157, -112.257, 2.14205, 150.475
4919, 81.97500, 670.701, -56.4718, 96.9823, -160.646, 1010.92, 63.7955, 1.50458, 19.4841, 1.24095, -112.297, 2.13896, 150.383
4919, 81.98333, 669.188, -56.5185, 96.722, -160.617, 1009, 63.6966, 1.50205, 19.4341, 1.24032, -112.337, 2.13587, 150.291
4920, 81.99167, 667.683, -56.5649, 96.4626, -160.587, 1007.08, 63.5981, 1.49953, 19.3844, 1.2397, -112.377, 2.1328, 150.2
4920, 82.00000, 666.185, -56.6109, 96.204, -160.557, 1005.16, 63.5, 1.49703, 19.3351, 1.23908, -112.416, 2.12973, 150.109
4920, 82.00833, 664.694, -56.6566, 95.9463, -160.526, 1003.25, 63.4024, 1.49453, 19.2861, 1.23847, -112.456, 2.12666, 150.019
4921, 82.01667, 663.21, -56.702, 95.6895, -160.495, 1001.35, 63.3051, 1.49204, 19.2374, 1.23785, -112.495, 2.12361, 149.929
4922, 82.02500, 661.733, -56.747, 95.4335, -160.463, 999.45, 63.2083, 1.48957, 19.1891, 1.23723, -112.534, 2.12057, 149.84
4922, 82.03333, 660.263, -56.7916, 95.1784, -160.431, 997.557, 63.1118, 1.48711, 19.1411, 1.23661, -112.573, 2.11753, 149.75
4923, 82.04166, 658.8, -56.836, 94.9241, -160.399, 995.67, 63.0158, 1.48466, 19.0935, 1.236, -112.612, 2.11451, 149.662
4923, 82.05000, 657.345, -56.88, 94.6706, -160.366, 993.788, 62.9201, 1.48222, 19.0462, 1.23538, -112.651, 2.11149, 149.573
4924, 82.05833, 655.896, -56.9236, 94.418, -160.333, 991.912, 62.8249, 1.47979, 18.9993, 1.23477, -112.69, 2.10848, 149.485
4924, 82.06667, 654.454, -56.967, 94.1663, -160.299, 990.041, 62.73, 1.47737, 18.9526, 1.23416, -112.728, 2.10547, 149.398
4925, 82.07500, 653.019, -57.01, 93.9153, -160.265, 988.176, 62.6355, 1.47496, 18.9063, 1.23355, -112.766, 2.10248, 149.311
4925, 82.08334, 651.591, -57.0527, 93.6653, -160.23, 986.317, 62.5414, 1.47256, 18.8603, 1.23293, -112.804, 2.0995, 149.224
4926, 82.09167, 650.17, -57.0951, 93.416, -160.195, 984.463, 62.4477, 1.47017, 18.8146, 1.23232, -112.842, 2.09652, 149.137
4926, 82.10000, 648.755, -57.1371, 93.1676, -160.16, 982.614, 62.3544, 1.4678, 18.7693, 1.23171, -112.88, 2.09355, 149.051
4927, 82.10833, 647.347, -57.1789, 92.92, -160.124, 980.771, 62.2615, 1.46543, 18.7243, 1.23111, -112.918, 2.09059, 148.966
4927, 82.11667, 645.946, -57.2204, 92.6732, -160.088, 978.933, 62.1689, 1.46308, 18.6795, 1.2305, -112.955, 2.08764, 148.88
4928, 82.12500, 644.551, -57.2615, 92.4273, -160.051, 977.101, 62.0768, 1.46074, 18.6351, 1.22989, -112.992, 2.0847, 148.795
4928, 82.13333, 643.163, -57.3023, 92.1821, -160.014, 975.274, 61.985, 1.4584, 18.591, 1.22928, -113.029, 2.08176, 148.711
4928, 82.14167, 641.782, -57.3429, 91.9378, -159.977, 973.453, 61.8935, 1.45608, 18.5472, 1.22868, -113.066, 2.07884, 148.627
4929, 82.15000, 640.407, -57.3831, 91.6943, -159.939, 971.637, 61.8025, 1.45377, 18.5037, 1.22807, -113.103, 2.07592, 148.543
4930, 82.15833, 639.039, -57.4231, 91.4516, -159.9, 969.826, 61.7118, 1.45146, 18.4605, 1.22747, -113.14, 2.07301, 148.459
4930, 82.16666, 637.676, -57.4627, 91.2097, -159.861, 968.021, 61.6214, 1.44917, 18.4175, 1.22687, -113.177, 2.07011, 148.376
4931, 82.17500, 636.321, -57.5021, 90.9687, -159.822, 966.221, 61.5315, 1.44689, 18.3749, 1.22627, -113.213, 2.06722, 148.294
4931, 82.18333, 634.972, -57.5412, 90.7284, -159.782, 964.427, 61.4419, 1.44462, 18.3326, 1.22567, -113.249, 2.06433, 148.211
4932, 82.19167, 633.628, -57.58, 90.4889, -159.742, 962.638, 61.3526, 1.44236, 18.2905, 1.22507, -113.285, 2.06146, 148.129
4932, 82.20000, 632.292, -57.6185, 90.2503, -159.702, 960.854, 61.2637, 1.44011, 18.2488, 1.22447, -113.321, 2.05859, 148.048
4933, 82.20834, 630.962, -57.6567, 90.0124, -159.661, 959.076, 61.1752, 1.43787, 18.2073, 1.22387, -113.357, 2.05573, 147.966
4933, 82.21667, 629.637, -57.6947, 89.7753, -159.619, 957.303, 61.087, 1.43563, 18.1661, 1.22327, -113.393, 2.05288, 147.885
4934, 82.22500, 628.319, -57.7324, 89.539, -159.578, 955.535, 60.9992, 1.43341, 18.1252, 1.22268, -113.428, 2.05004, 147.805
4934, 82.23333, 627.007, -57.7698, 89.3036, -159.535, 953.773, 60.9117, 1.4312, 18.0845, 1.22208, -113.464, 2.0472, 147.724
4935, 82.24167, 625.701, -57.8069, 89.0688, -159.493, 952.015, 60.8246, 1.429, 18.0442, 1.22149, -113.499, 2.04438, 147.645
4935, 82.25000, 624.402, -57.8438, 88.8349, -159.449, 950.263, 60.7378, 1.42681, 18.0041, 1.2209, -113.534, 2.04156, 147.565
4936, 82.25833, 623.108, -57.8804, 88.6018, -159.406, 948.517, 60.6513, 1.42463, 17.9642, 1.2203, -113.569, 2.03875, 147.486
4936, 82.26667, 621.82, -57.9168, 88.3694, -159.362, 946.775, 60.5652, 1.42245, 17.9247, 1.21971, -113.604, 2.03595, 147.407
4936, 82.27500, 620.539, -57.9529, 88.1379, -159.318, 945.039, 60.4795, 1.42029, 17.8854, 1.21912, -113.639, 2.03315, 147.328
4937, 82.28333, 619.263, -57.9887, 87.9071, -159.273, 943.308, 60.394, 1.41814, 17.8463, 1.21853, -113.673, 2.03037, 147.25
4938, 82.29166, 617.993, -58.0243, 87.677, -159.228, 941.582, 60.3089, 1.41599, 17.8076, 1.21795, -113.708, 2.02759, 147.172
4938, 82.30000, 616.729, -58.0596, 87.4478, -159.182, 939.862, 60.2242, 1.41386, 17.769, 1.21736, -113.742, 2.02482, 147.094
4939, 82.30833, 615.471, -58.0947, 87.2193, -159.136, 938.146, 60.1397, 1.41174, 17.7308, 1.21677, -113.776, 2.02206, 147.017
4939, 82.31667, 614.218, -58.1295, 86.9916, -159.089, 936.436, 60.0556, 1.40962, 17.6927, 1.21619, -113.81, 2.01931, 146.94
4940, 82.32500, 612.971, -58.1641, 86.7646, -159.042, 934.731, 59.9718, 1.40751, 17.655, 1.2156, -113.844, 2.01656, 146.864
4940, 82.33334, 611.73, -58.1984, 86.5385, -158.995, 933.031, 59.8884, 1.40542, 17.6175, 1.21502, -113.878, 2.01383, 146.787
4941, 82.34167, 610.495, -58.2325, 86.313, -158.947, 931.336, 59.8052, 1.40333, 17.5802, 1.21444, -113.912, 2.0111, 146.711
4941, 82.35000, 609.265, -58.2664, 86.0884, -158.899, 929.647, 59.7224, 1.40125, 17.5432, 1.21386, -113.945, 2.00838, 146.636
4941, 82.35833, 608.041, -58.3, 85.8645, -158.85, 927.962, 59.64, 1.39918, 17.5064, 1.21328, -113.979, 2.00567, 146.561
4942, 82.36667, 606.823, -58.3334, 85.6413, -158.801, 926.282, 59.5578, 1.39712, 17.4698, 1.2127, -114.012, 2.00296, 146.485
4943, 82.37500, 605.61, -58.3666, 85.4189, -158.752, 924.608, 59.4759, 1.39507, 17.4335, 1.21212, -114.045, 2.00027, 146.411
4943, 82.38333, 604.403, -58.3995, 85.1973, -158.702, 922.938, 59.3944, 1.39303, 17.3975, 1.21154, -114.078, 1.99758, 146.336
4944, 82.39167, 603.2, -58.4322, 84.9763, -158.652, 921.274, 59.3131, 1.391, 17.3616, 1.21097, -114.111, 1.9949, 146.262
4944, 82.40000, 602.004, -58.4647, 84.7562, -158.601, 919.614, 59.2322, 1.38897, 17.326, 1.21039, -114.144, 1.99222, 146.189
4944, 82.40833, 600.813, -58.4969, 84.5368, -158.55, 917.96, 59.1516, 1.38696, 17.2906, 1.20982, -114.176, 1.98956, 146.115
4945, 82.41666, 599.627, -58.5289, 84.3181, -158.498, 916.31, 59.0713, 1.38495, 17.2555, 1.20924, -114.209, 1.9869, 146.042
4946, 82.42500, 598.447, -58.5607, 84.1002, -158.446, 914.666, 58.9913, 1.38295, 17.2206, 1.20867, -114.241, 1.98425, 145.969
4946, 82.43333, 597.272, -58.5923, 83.883, -158.393, 913.026, 58.9116, 1.38097, 17.1859, 1.2081, -114.273, 1.98161, 145.896
4947, 82.44167, 596.102, -58.6237, 83.6666, -158.34, 911.392, 58.8322, 1.37899, 17.1514, 1.20753, -114.305, 1.97898, 145.824
4947, 82.45000, 594.937, -58.6548, 83.4509, -158.287, 909.762, 58.7531, 1.37701, 17.1171, 1.20696, -114.337, 1.97635, 145.752
4948, 82.45834, 593.778, -58.6858, 83.2359, -158.233, 908.137, 58.6743, 1.37505, 17.0831, 1.20639, -114.369, 1.97374, 145.681
4948, 82.46667, 592.624, -58.7165, 83.0216, -158.179, 906.517, 58.5958, 1.3731, 17.0493, 1.20583, -114.401, 1.97113, 145.609
4949, 82.47500, 591.475, -58.747, 82.8081, -158.124, 904.902, 58.5176, 1.37115, 17.0157, 1.20526, -114.433, 1.96852, 145.538
4949, 82.48333, 590.331, -58.7774, 82.5954, -158.069, 903.292, 58.4397, 1.36921, 16.9823, 1.2047, -114.464, 1.96593, 145.467
4949, 82.49167, 589.192, -58.8075, 82.3833, -158.014, 901.687, 58.3621, 1.36728, 16.9491, 1.20413, -114.495, 1.96334, 145.397
4950, 82.50000, 588.059, -58.8374, 82.172, -157.958, 900.087, 58.2848, 1.36536, 16.9161, 1.20357, -114.527, 1.96076, 145.327
4951, 82.50833, 586.93, -58.8671, 81.9614, -157.902, 898.491, 58.2077, 1.36345, 16.8833, 1.20301, -114.558, 1.95819, 145.257
4951, 82.51667, 585.806, -58.8966, 81.7514, -157.845, 896.9, 58.131, 1.36155, 16.8508, 1.20245, -114.589, 1.95563, 145.187
4952, 82.52500, 584.688, -58.9259, 81.5423, -157.787, 895.314, 58.0545, 1.35965, 16.8184, 1.20189, -114.62, 1.95307, 145.118
4952, 82.53333, 583.574, -58.955, 81.3338, -157.73, 893.733, 57.9783, 1.35776, 16.7863, 1.20133, -114.651, 1.95053, 145.048
4953, 82.54166, 582.465, -58.984, 81.1261, -157.672, 892.156, 57.9024, 1.35588, 16.7543, 1.20078, -114.681, 1.94798, 144.98
4953, 82.55000, 581.361, -59.0127, 80.9191, -157.613, 890.584, 57.8268, 1.35401, 16.7225, 1.20022, -114.712, 1.94545, 144.911
4954, 82.55833, 580.262, -59.0412, 80.7128, -157.554, 889.017, 57.7514, 1.35215, 16.691, 1.19966, -114.742, 1.94293, 144.843
4954, 82.56667, 579.168, -59.0696, 80.5072, -157.495, 887.455, 57.6764, 1.35029, 16.6596, 1.19911, -114.773, 1.94041, 144.775
4955, 82.57500, 578.078, -59.0977, 80.3023, -157.435, 885.897, 57.6016, 1.34844, 16.6284, 1.19856, -114.803, 1.9379, 144.707
4955, 82.58334, 576.993, -59.1257, 80.0981, -157.375, 884.344, 57.5271, 1.3466, 16.5975, 1.19801, -114.833, 1.93539, 144.64
4956, 82.59167, 575.913, -59.1535, 79.8946, -157.314, 882.796, 57.4528, 1.34477, 16.5667, 1.19746, -114.863, 1.9329, 144.573
4956, 82.60000, 574.838, -59.1811, 79.6919, -157.253, 881.252, 57.3788, 1.34295, 16.5361, 1.19691, -114.893, 1.93041, 144.506
4957, 82.60833, 573.768, -59.2085, 79.4898, -157.191, 879.713, 57.3051, 1.34113, 16.5057, 1.19636, -114.922, 1.92793, 144.439
4957, 82.61667, 572.702, -59.2358, 79.2884, -157.129, 878.179, 57.2317, 1.33932, 16.4754, 1.19581, -114.952, 1.92546, 144.373
4957, 82.62500, 571.64, -59.2629, 79.0878, -157.067, 876.649, 57.1585, 1.33752, 16.4454, 1.19526, -114.982, 1.92299, 144.306
4958, 82.63333, 570.584, -59.2898, 78.8878, -157.004, 875.124, 57.0856, 1.33573, 16.4155, 1.19472, -115.011, 1.92053, 144.241
4959, 82.64167, 569.531, -59.3165, 78.6885, -156.941, 873.603, 57.013, 1.33394, 16.3858, 1.19417, -115.04, 1.91808, 144.175
4959, 82.65000, 568.484, -59.343, 78.49, -156.877, 872.087, 56.9406, 1.33216, 16.3563, 1.19363, -115.069, 1.91564, 144.11
4960, 82.65833, 567.441, -59.3694, 78.2921, -156.813, 870.576, 56.8685, 1.33039, 16.327, 1.19309, -115.099, 1.9132, 144.045
4960, 82.66666, 566.402, -59.3956, 78.0949, -156.748, 869.068, 56.7966, 1.32863, 16.2979, 1.19255, -115.128, 1.91077, 143.98
4961, 82.67500, 565.368, -59.4217, 77.8984, -156.683, 867.566, 56.725, 1.32687, 16.2689, 1.19201, -115.156, 1.90835, 143.915
4961, 82.68333, 564.338, -59.4475, 77.7026, -156.618, 866.068, 56.6537, 1.32512, 16.2401, 1.19147, -115.185, 1.90593, 143.851
4962, 82.69167, 563.313, -59.4732, 77.5075, -156.552, 864.574, 56.5826, 1.32338, 16.2115, 1.19093, -115.214, 1.90353, 143.787
4962, 82.70000, 562.292, -59.4988, 77.3131, -156.485, 863.085, 56.5117, 1.32165, 16.183, 1.1904, -115.242, 1.90113, 143.723
4963, 82.70834, 561.275, -59.5242, 77.1193, -156.419, 861.6, 56.4412, 1.31992, 16.1547, 1.18986, -115.271, 1.89873, 143.659
4963, 82.71667, 560.263, -59.5494, 76.9263, -156.351, 860.12, 56.3708, 1.3182, 16.1266, 1.18933, -115.299, 1.89635, 143.596
4964, 82.72500, 559.255, -59.5744, 76.7339, -156.284, 858.644, 56.3007, 1.31649, 16.0986, 1.18879, -115.327, 1.89397, 143.533
4964, 82.73333, 558.251, -59.5993, 76.5422, -156.216, 857.173, 56.2309, 1.31479, 16.0708, 1.18826, -115.355, 1.8916, 143.47
4965, 82.74167, 557.251, -59.6241, 76.3512, -156.147, 855.706, 56.1613, 1.31309, 16.0432, 1.18773, -115.384, 1.88923, 143.408
4965, 82.75000, 556.256, -59.6487, 76.1609, -156.078, 854.243, 56.092, 1.3114, 16.0158, 1.1872, -115.411, 1.88687, 143.345
4965, 82.75833, 555.265, -59.6731, 75.9712, -156.009, 852.785, 56.0229, 1.30972, 15.9884, 1.18667, -115.439, 1.88452, 143.283
4966, 82.76667, 554.278, -59.6974, 75.7822, -155.939, 851.331, 55.954, 1.30804, 15.9613, 1.18614, -115.467, 1.88218, 143.221
4967, 82.77500, 553.295, -59.7215, 75.5939, -155.868, 849.881, 55.8854, 1.30637, 15.9343, 1.18562, -115.495, 1.87984, 143.16
4967, 82.78333, 552.317, -59.7455, 75.4063, -155.798, 848.436, 55.817, 1.30471, 15.9075, 1.18509, -115.522, 1.87751, 143.098
4968, 82.79166, 551.342, -59.7694, 75.2193, -155.727, 846.995, 55.7489, 1.30305, 15.8808, 1.18457, -115.549, 1.87519, 143.037
4968, 82.80000, 550.372, -59.793, 75.0331, -155.655, 845.558, 55.681, 1.3014, 15.8543, 1.18404, -115.577, 1.87287, 142.976
4969, 82.80833, 549.405, -59.8166, 74.8475, -155.583, 844.125, 55.6134, 1.29976, 15.8279, 1.18352, -115.604, 1.87056, 142.916
4969, 82.81667, 548.443, -59.84, 74.6625, -155.51, 842.697, 55.5459, 1.29812, 15.8017, 1.183, -115.631, 1.86826, 142.855
4970, 82.82500, 547.484, -59.8632, 74.4782, -155.437, 841.273, 55.4787, 1.29649, 15.7756, 1.18248, -115.658, 1.86597, 142.795
4970, 82.83334, 546.53, -59.8863, 74.2946, -155.364, 839.853, 55.4118, 1.29487, 15.7497, 1.18196, -115.685, 1.86368, 142.735
4971, 82.84167, 545.579, -59.9093, 74.1117, -155.29, 838.438, 55.3451, 1.29326, 15.724, 1.18144, -115.712, 1.8614, 142.675
4971, 82.85000, 544.633, -59.9321, 73.9294, -155.216, 837.026, 55.2786, 1.29165, 15.6983, 1.18093, -115.739, 1.85912, 142.616
4972, 82.85833, 543.69, -59.9548, 73.7478, -155.141, 835.619, 55.2123, 1.29005, 15.6729, 1.18041, -115.765, 1.85685, 142.556
4972, 82.86667, 542.751, -59.9774, 73.5668, -155.066, 834.216, 55.1463, 1.28845, 15.6475, 1.1799, -115.792, 1.85459, 142.497
4973, 82.87500, 541.816, -59.9998, 73.3865, -154.99, 832.817, 55.0805, 1.28686, 15.6223, 1.17938, -115.818, 1.85234, 142.438
4973, 82.88333, 540.885, -60.0221, 73.2069, -154.914, 831.422, 55.0149, 1.28528, 15.5973, 1.17887, -115.844, 1.85009, 142.38
4973, 82.89167, 539.958, -60.0442, 73.0279, -154.838, 830.031, 54.9495, 1.2837, 15.5724, 1.17836, -115.871, 1.84785, 142.321
4974, 82.90000, 539.034, -60.0662, 72.8496, -154.761, 828.644, 54.8844, 1.28213, 15.5476, 1.17785, -115.897, 1.84561, 142.263
4975, 82.90833, 538.115, -60.0881, 72.672, -154.683, 827.262, 54.8195, 1.28057, 15.523, 1.17734, -115.923, 1.84339, 142.205
4975, 82.91666, 537.199, -60.1099, 72.495, -154.605, 825.883, 54.7548, 1.27901, 15.4985, 1.17683, -115.949, 1.84116, 142.147
4976, 82.92500, 536.286, -60.1315, 72.3186, -154.527, 824.509, 54.6903, 1.27746, 15.4742, 1.17632, -115.975, 1.83895, 142.09
4976, 82.93333, 535.378, -60.153, 72.1429, -154.448, 823.138, 54.626, 1.27592, 15.4499, 1.17582, -116, 1.83674, 142.033
4977, 82.94167, 534.473, -60.1744, 71.9679, -154.369, 821.772, 54.562, 1.27438, 15.4259, 1.17531, -116.026, 1.83454, 141.975
4977, 82.95000, 533.571, -60.1956, 71.7935, -154.289, 820.41, 54.4982, 1.27285, 15.4019, 1.17481, -116.052, 1.83235, 141.919
4978, 82.95834, 532.674, -60.2167, 71.6198, -154.209, 819.051, 54.4346, 1.27132, 15.3781, 1.17431, -116.077, 1.83016, 141.862
4978, 82.96667, 531.78, -60.2377, 71.4467, -154.129, 817.697, 54.3712, 1.2698, 15.3544, 1.17381, -116.103, 1.82797, 141.805
4979, 82.97500, 530.889, -60.2586, 71.2743, -154.048, 816.346, 54.308, 1.26829, 15.3308, 1.17331, -116.128, 1.8258, 141.749
4979, 82.98333, 530.003, -60.2793, 71.1025, -153.966, 815, 54.245, 1.26678, 15.3074, 1.17281, -116.153, 1.82363, 141.693
4980, 82.99167, 529.119, -60.2999, 70.9313, -153.884, 813.657, 54.1823, 1.26528, 15.2841, 1.17231, -116.178, 1.82147, 141.637
4980, 83.00000, 528.239, -60.3204, 70.7608, -153.802, 812.319, 54.1197, 1.26378, 15.2609, 1.17181, -116.203, 1.81931, 141.582
4981, 83.00833, 527.363, -60.3408, 70.591, -153.719, 810.984, 54.0574, 1.26229, 15.2379, 1.17132, -116.228, 1.81716, 141.526
4981, 83.01667, 526.49, -60.3611, 70.4218, -153.636, 809.653, 53.9953, 1.26081, 15.2149, 1.17082, -116.253, 1.81502, 141.471
4981, 83.02500, 525.621, -60.3813, 70.2533, -153.552, 808.326, 53.9333, 1.25933, 15.1921, 1.17033, -116.278, 1.81288, 141.416
4982, 83.03333, 524.755, -60.4013, 70.0854, -153.468, 807.003, 53.8716, 1.25786, 15.1695, 1.16984, -116.303, 1.81075, 141.361
4983, 83.04166, 523.893, -60.4212, 69.9181, -153.383, 805.683, 53.8101, 1.25639, 15.1469, 1.16935, -116.327, 1.80862, 141.306
4983, 83.05000, 523.033, -60.441, 69.7514, -153.298, 804.368, 53.7488, 1.25493, 15.1245, 1.16885, -116.352, 1.80651, 141.252
4984, 83.05833, 522.178, -60.4607, 69.5855, -153.213, 803.056, 53.6877, 1.25348, 15.1022, 1.16837, -116.376, 1.80439, 141.198
4984, 83.06667, 521.325, -60.4803, 69.4201, -153.127, 801.748, 53.6268, 1.25203, 15.08, 1.16788, -116.4, 1.80229, 141.144
4985, 83.07500, 520.476, -60.4998, 69.2554, -153.04, 800.445, 53.5661, 1.25059, 15.0579, 1.16739, -116.425, 1.80019, 141.09
4985, 83.08334, 519.631, -60.5191, 69.0914, -152.954, 799.144, 53.5056, 1.24915, 15.0359, 1.1669, -116.449, 1.79809, 141.036
4986, 83.09167, 518.788, -60.5384, 68.9279, -152.866, 797.848, 53.4452, 1.24772, 15.0141, 1.16642, -116.473, 1.79601, 140.983
4986, 83.10000, 517.949, -60.5575, 68.7651, -152.778, 796.555, 53.3851, 1.24629, 14.9923, 1.16594, -116.497, 1.79392, 140.93
4987, 83.10833, 517.114, -60.5766, 68.603, -152.69, 795.266, 53.3252, 1.24487, 14.9707, 1.16545, -116.521, 1.79185, 140.877
4987, 83.11667, 516.281, -60.5955, 68.4414, -152.601, 793.981, 53.2655, 1.24345, 14.9492, 1.16497, -116.545, 1.78978, 140.824
4988, 83.12500, 515.452, -60.6143, 68.2806, -152.512, 792.699, 53.206, 1.24204, 14.9278, 1.16449, -116.568, 1.78772, 140.771
4988, 83.13333, 514.626, -60.6331, 68.1203, -152.423, 791.421, 53.1466, 1.24064, 14.9065, 1.16401, -116.592, 1.78566, 140.719
4989, 83.14167, 513.802, -60.6517, 67.9607, -152.333, 790.147, 53.0875, 1.23924, 14.8853, 1.16353, -116.616, 1.78361, 140.666
4989, 83.15000, 512.983, -60.6702, 67.8017, -152.242, 788.876, 53.0285, 1.23785, 14.8643, 1.16306, -116.639, 1.78156, 140.614
4989, 83.15833, 512.166, -60.6886, 67.6434, -152.151, 787.609, 52.9698, 1.23646, 14.8433, 1.16258, -116.663, 1.77953, 140.562
4990, 83.16666, 511.353, -60.7069, 67.4856, -152.06, 786.346, 52.9112, 1.23508, 14.8225, 1.16211, -116.686, 1.77749, 140.51
4991, 83.17500, 510.542, -60.7251, 67.3286, -151.968, 785.086, 52.8528, 1.2337, 14.8017, 1.16163, -116.709, 1.77547, 140.459
4991, 83.18333, 509.735, -60.7432, 67.1721, -151.876, 783.83, 52.7946, 1.23233, 14.7811, 1.16116, -116.732, 1.77344, 140.408
4992, 83.19167, 508.931, -60.7613, 67.0163, -151.783, 782.578, 52.7366, 1.23096, 14.7606, 1.16069, -116.756, 1.77143, 140.356
4992, 83.20000, 508.13, -60.7792, 66.8611, -151.689, 781.329, 52.6788, 1.2296, 14.7402, 1.16022, -116.779, 1.76942, 140.305
4993, 83.20834, 507.332, -60.797, 66.7065, -151.596, 780.084, 52.6212, 1.22824, 14.7198, 1.15975, -116.801, 1.76742, 140.255
4993, 83.21667, 506.537, -60.8147, 66.5526, -151.502, 778.842, 52.5637, 1.22689, 14.6996, 1.15928, -116.824, 1.76542, 140.204
4994, 83.22500, 505.745, -60.8323, 66.3993, -151.407, 777.604, 52.5064, 1.22555, 14.6795, 1.15881, -116.847, 1.76343, 140.154
4994, 83.23333, 504.956, -60.8499, 66.2466, -151.312, 776.369, 52.4494, 1.22421, 14.6595, 1.15834, -116.87, 1.76144, 140.103
4995, 83.24167, 504.169, -60.8673, 66.0945, -151.216, 775.138, 52.3924, 1.22287, 14.6396, 1.15788, -116.892, 1.75946, 140.053
4995, 83.25000, 503.386, -60.8847, 65.9431, -151.12, 773.91, 52.3357, 1.22154, 14.6198, 1.15741, -116.915, 1.75749, 140.003
4996, 83.25833, 502.606, -60.9019, 65.7923, -151.024, 772.686, 52.2792, 1.22021, 14.6001, 1.15695, -116.937, 1.75552, 139.953
4996, 83.26667, 501.829, -60.9191, 65.6421, -150.927, 771.466, 52.2228, 1.21889, 14.5804, 1.15649, -116.96, 1.75355, 139.904
4997, 83.27500, 501.055, -60.9361, 65.4925, -150.83, 770.248, 52.1666, 1.21758, 14.5609, 1.15603, -116.982, 1.7516, 139.855
4997, 83.28333, 500.283, -60.9531, 65.3436, -150.732, 769.035, 52.1106, 1.21627, 14.5415, 1.15557, -117.004, 1.74965, 139.805
4997, 83.29166, 499.515, -60.97, 65.1953, -150.634, 767.824, 52.0547, 1.21496, 14.5222, 1.15511, -117.027, 1.7477, 139.756
4998, 83.30000, 498.749, -60.9868, 65.0476, -150.535, 766.617, 51.9991, 1.21366, 14.5029, 1.15465, -117.049, 1.74576, 139.707
4999, 83.30833, 497.986, -61.0035, 64.9005, -150.436, 765.414, 51.9436, 1.21237, 14.4838, 1.15419, -117.071, 1.74383, 139.659
4999, 83.31667, 497.226, -61.0201, 64.7541, -150.336, 764.214, 51.8883, 1.21108, 14.4648, 1.15374, -117.093, 1.7419, 139.61
5000, 83.32500, 496.469, -61.0367, 64.6082, -150.236, 763.017, 51.8331, 1.20979, 14.4458, 1.15328, -117.114, 1.73997, 139.562
5000, 83.33334, 495.714, -61.0531, 64.463, -150.135, 761.824, 51.7782, 1.20851, 14.427, 1.15283, -117.136, 1.73805, 139.514
5001, 83.34167, 494.963, -61.0695, 64.3184, -150.034, 760.634, 51.7234, 1.20723, 14.4082, 1.15238, -117.158, 1.73614, 139.466
5001, 83.35000, 494.214, -61.0858, 64.1745, -149.933, 759.447, 51.6687, 1.20596, 14.3895, 1.15193, -117.18, 1.73424, 139.418
5002, 83.35833, 493.468, -61.102, 64.0312, -149.831, 758.264, 51.6143, 1.20469, 14.3709, 1.15148, -117.201, 1.73233, 139.37
5002, 83.36667, 492.724, -61.1181, 63.8884, -149.728, 757.084, 51.56, 1.20343, 14.3524, 1.15103, -117.223, 1.73044, 139.322
5003, 83.37500, 491.983, -61.1341, 63.7463, -149.625, 755.907, 51.5058, 1.20217, 14.334, 1.15058, -117.244, 1.72855, 139.275
5003, 83.38333, 491.245, -61.1501, 63.6048, -149.522, 754.734, 51.4519, 1.20092, 14.3157, 1.15013, -117.265, 1.72666, 139.228
5004, 83.39167, 490.51, -61.1659, 63.464, -149.418, 753.564, 51.3981, 1.19967, 14.2975, 1.14969, -117.287, 1.72478, 139.181
5004, 83.40000, 489.777, -61.1817, 63.3237, -149.314, 752.397, 51.3445, 1.19843, 14.2793, 1.14924, -117.308, 1.72291, 139.134
5005, 83.40833, 489.047, -61.1974, 63.1841, -149.209, 751.234, 51.291, 1.19719, 14.2613, 1.1488, -117.329, 1.72104, 139.087
5005, 83.41666, 488.32, -61.2131, 63.045, -149.104, 750.073, 51.2377, 1.19596, 14.2433, 1.14835, -117.35, 1.71918, 139.041
5005, 83.42500, 487.595, -61.2286, 62.9067, -148.999, 748.916, 51.1846, 1.19473, 14.2254, 1.14791, -117.371, 1.71732, 138.994
5006, 83.43333, 486.873, -61.2441, 62.7689, -148.893, 747.762, 51.1316, 1.1935, 14.2076, 1.14747, -117.392, 1.71547, 138.948
5007, 83.44167, 486.154, -61.2595, 62.6317, -148.786, 746.612, 51.0788, 1.19228, 14.1899, 1.14703, -117.413, 1.71362, 138.902
5007, 83.45000, 485.437, -61.2748, 62.4952, -148.679, 745.464, 51.0261, 1.19106, 14.1723, 1.14659, -117.434, 1.71178, 138.856
5008, 83.45834, 484.722, -61.29, 62.3592, -148.572, 744.32, 50.9736, 1.18985, 14.1547, 1.14616, -117.455, 1.70994, 138.81
5008, 83.46667, 484.01, -61.3052, 62.2239, -148.464, 743.179, 50.9213, 1.18864, 14.1372, 1.14572, -117.475, 1.70811, 138.765
5009, 83.47500, 483.301, -61.3203, 62.0892, -148.355, 742.041, 50.8691, 1.18744, 14.1199, 1.14528, -117.496, 1.70628, 138.719
5009, 83.48333, 482.594, -61.3353, 61.9551, -148.247, 740.906, 50.8171, 1.18624, 14.1026, 1.14485, -117.516, 1.70446, 138.674
5010, 83.49167, 481.89, -61.3502, 61.8216, -148.137, 739.775, 50.7652, 1.18505, 14.0853, 1.14441, -117.537, 1.70265, 138.629
5010, 83.50000, 481.188, -61.3651, 61.6887, -148.028, 738.646, 50.7135, 1.18386, 14.0682, 1.14398, -117.557, 1.70084, 138.584
5011, 83.50833, 480.489, -61.3799, 61.5565, -147.917, 737.521, 50.662, 1.18267, 14.0511, 1.14355, -117.577, 1.69903, 138.539
5011, 83.51667, 479.792, -61.3946, 61.4249, -147.807, 736.399, 50.6106, 1.18149, 14.0341, 1.14312, -117.598, 1.69723, 138.494
5012, 83.52500, 479.098, -61.4093, 61.2938, -147.696, 735.28, 50.5593, 1.18031, 14.0172, 1.14269, -117.618, 1.69543, 138.45
5012, 83.53333, 478.406, -61.4239, 61.1634, -147.584, 734.164, 50.5082, 1.17914, 14.0004, 1.14226, -117.638, 1.69364, 138.405
5013, 83.54166, 477.717, -61.4384, 61.0336, -147.472, 733.05, 50.4573, 1.17797, 13.9836, 1.14184, -117.658, 1.69186, 138.361
5013, 83.55000, 477.03, -61.4528, 60.9044, -147.36, 731.941, 50.4065, 1.1768, 13.9669, 1.14141, -117.678, 1.69008, 138.317
5013, 83.55833, 476.345, -61.4672, 60.7759, -147.247, 730.834, 50.3559, 1.17564, 13.9503, 1.14098, -117.698, 1.6883, 138.273
5014, 83.56667, 475.663, -61.4815, 60.6479, -147.133, 729.73, 50.3054, 1.17449, 13.9338, 1.14056, -117.718, 1.68653, 138.229
5015, 83.57500, 474.983, -61.4957, 60.5205, -147.02, 728.629, 50.255, 1.17333, 13.9173, 1.14014, -117.738, 1.68477, 138.186
5015, 83.58334, 474.305, -61.5099, 60.3938, -146.905, 727.531, 50.2049, 1.17219, 13.9009, 1.13971, -117.757, 1.68301, 138.142
5016, 83.59167, 473.63, -61.524, 60.2677, -146.791, 726.436, 50.1548, 1.17104, 13.8846, 1.13929, -117.777, 1.68125, 138.099
5016, 83.60000, 472.957, -61.538, 60.1421, -146.676, 725.344, 50.1049, 1.1699, 13.8684, 1.13887, -117.797, 1.6795, 138.056
5017, 83.60833, 472.287, -61.5519, 60.0172, -146.56, 724.256, 50.0552, 1.16877, 13.8522, 1.13845, -117.816, 1.67776, 138.013
5017, 83.61667, 471.618, -61.5658, 59.8929, -146.444, 723.17, 50.0056, 1.16763, 13.8361, 1.13804, -117.836, 1.67602, 137.97
5018, 83.62500, 470.953, -61.5797, 59.7693, -146.327, 722.087, 49.9561, 1.16651, 13.8201, 1.13762, -117.855, 1.67428, 137.927
5018, 83.63333, 470.289, -61.5934, 59.6462, -146.21, 721.007, 49.9068, 1.16538, 13.8041, 1.1372, -117.874, 1.67255, 137.884
5019, 83.64167, 469.628, -61.6071, 59.5237, -146.093, 719.93, 49.8577, 1.16426, 13.7882, 1.13679, -117.894, 1.67083, 137.842
5019, 83.65000, 468.968, -61.6208, 59.4018, -145.975, 718.856, 49.8086, 1.16315, 13.7724, 1.13637, -117.913, 1.66911, 137.799
5020, 83.65833, 468.312, -61.6343, 59.2806, -145.857, 717.784, 49.7598, 1.16203, 13.7567, 1.13596, -117.932, 1.66739, 137.757
5020, 83.66666, 467.657, -61.6479, 59.16, -145.738, 716.716, 49.711, 1.16092, 13.741, 1.13555, -117.951, 1.66568, 137.715
5021, 83.67500, 467.005, -61.6613, 59.0399, -145.619, 715.651, 49.6624, 1.15982, 13.7254, 1.13514, -117.97, 1.66397, 137.673
5021, 83.68333, 466.354, -61.6747, 58.9205, -145.499, 714.588, 49.614, 1.15872, 13.7098, 1.13473, -117.989, 1.66227, 137.631
5021, 83.69167, 465.706, -61.688, 58.8017, -145.379, 713.528, 49.5657, 1.15762, 13.6943, 1.13432, -118.008, 1.66058, 137.59
5022, 83.70000, 465.061, -61.7013, 58.6835, -145.258, 712.471, 49.5175, 1.15653, 13.6789, 1.13391, -118.027, 1.65888, 137.548
5023, 83.70834, 464.417, -61.7145, 58.5659, -145.138, 711.418, 49.4694, 1.15544, 13.6636, 1.13351, -118.046, 1.6572, 137.507
5023, 83.71667, 463.776, -61.7276, 58.4489, -145.016, 710.366, 49.4215, 1.15435, 13.6483, 1.1331, -118.064, 1.65552, 137.466
5024, 83.72500, 463.136, -61.7407, 58.3325, -144.894, 709.318, 49.3738, 1.15327, 13.6331, 1.1327, -118.083, 1.65384, 137.424
5024, 83.73333, 462.499, -61.7537, 58.2168, -144.772, 708.273, 49.3262, 1.15219, 13.618, 1.13229, -118.102, 1.65216, 137.383
5025, 83.74167, 461.864, -61.7667, 58.1016, -144.649, 707.23, 49.2787, 1.15112, 13.6029, 1.13189, -118.12, 1.6505, 137.343
5025, 83.75000, 461.231, -61.7796, 57.9871, -144.526, 706.19, 49.2313, 1.15005, 13.5879, 1.13149, -118.139, 1.64883, 137.302
5026, 83.75833, 460.601, -61.7924, 57.8731, -144.402, 705.153, 49.1841, 1.14898, 13.5729, 1.13109, -118.157, 1.64717, 137.261
5026, 83.76667, 459.972, -61.8052, 57.7598, -144.278, 704.119, 49.137, 1.14792, 13.558, 1.13069, -118.176, 1.64552, 137.221
5027, 83.77500, 459.345, -61.818, 57.647, -144.154, 703.087, 49.0901, 1.14686, 13.5432, 1.13029, -118.194, 1.64387, 137.181
5027, 83.78333, 458.721, -61.8306, 57.5349, -144.029, 702.058, 49.0433, 1.1458, 13.5284, 1.12989, -118.212, 1.64222, 137.14
5028, 83.79166, 458.098, -61.8432, 57.4234, -143.903, 701.032, 48.9966, 1.14475, 13.5137, 1.12949, -118.231, 1.64058, 137.1
5028, 83.80000, 457.478, -61.8558, 57.3125, -143.778, 700.009, 48.95, 1.1437, 13.4991, 1.1291, -118.249, 1.63895, 137.06
5029, 83.80833, 456.86, -61.8683, 57.2022, -143.651, 698.988, 48.9036, 1.14266, 13.4845, 1.1287, -118.267, 1.63732, 137.021
5029, 83.81667, 456.243, -61.8808, 57.0925, -143.525, 697.97, 48.8573, 1.14161, 13.47, 1.12831, -118.285, 1.63569, 136.981
5029, 83.82500, 455.629, -61.8931, 56.9834, -143.398, 696.955, 48.8112, 1.14058, 13.4555, 1.12791, -118.303, 1.63407, 136.941
5030, 83.83334, 455.017, -61.9055, 56.875, -143.27, 695.942, 48.7652, 1.13954, 13.4411, 1.12752, -118.321, 1.63245, 136.902
5031, 83.84167, 454.407, -61.9178, 56.7671, -143.142, 694.933, 48.7192, 1.13851, 13.4267, 1.12713, -118.339, 1.63083, 136.863
5031, 83.85000, 453.798, -61.93, 56.6598, -143.014, 693.925, 48.6735, 1.13748, 13.4125, 1.12674, -118.356, 1.62923, 136.823
5032, 83.85833, 453.192, -61.9422, 56.5532, -142.885, 692.921, 48.6278, 1.13646, 13.3982, 1.12635, -118.374, 1.62762, 136.784
5032, 83.86667, 452.588, -61.9543, 56.4471, -142.756, 691.919, 48.5823, 1.13544, 13.3841, 1.12596, -118.392, 1.62602, 136.745
5033, 83.87500, 451.985, -61.9664, 56.3417, -142.626, 690.92, 48.5369, 1.13442, 13.37, 1.12558, -118.41, 1.62443, 136.707
5033, 83.88333, 451.385, -61.9784, 56.2368, -142.496, 689.923, 48.4917, 1.13341, 13.3559, 1.12519, -118.427, 1.62283, 136.668
5034, 83.89167, 450.786, -61.9904, 56.1326, -142.365, 688.929, 48.4465, 1.13239, 13.3419, 1.12481, -118.445, 1.62125, 136.629
5034, 83.90000, 450.19, -62.0023, 56.029, -142.234, 687.938, 48.4015, 1.13139, 13.328, 1.12442, -118.462, 1.61966, 136.591
5035, 83.90833, 449.595, -62.0141, 55.926, -142.103, 686.949, 48.3567, 1.13038, 13.3141, 1.12404, -118.48, 1.61809, 136.553
5035, 83.91666, 449.002, -62.026, 55.8235, -141.971, 685.963, 48.3119, 1.12938, 13.3003, 1.12366, -118.497, 1.61651, 136.515
5036, 83.92500, 448.412, -62.0377, 55.7217, -141.839, 684.979, 48.2673, 1.12838, 13.2865, 1.12328, -118.514, 1.61494, 136.476
5036, 83.93333, 447.823, -62.0494, 55.6205, -141.706, 683.999, 48.2228, 1.12739, 13.2728, 1.1229, -118.532, 1.61338, 136.439
5037, 83.94167, 447.236, -62.0611, 55.5199, -141.573, 683.02, 48.1784, 1.1264, 13.2591, 1.12252, -118.549, 1.61182, 136.401
5037, 83.95000, 446.65, -62.0727, 55.42, -141.44, 682.044, 48.1341, 1.12541, 13.2455, 1.12214, -118.566, 1.61026, 136.363
5037, 83.95834, 446.067, -62.0843, 55.3206, -141.306, 681.071, 48.0899, 1.12443, 13.2319, 1.12176, -118.583, 1.60871, 136.325
5038, 83.96667, 445.486, -62.0958, 55.2218, -141.172, 680.1, 48.0459, 1.12345, 13.2184, 1.12138, -118.6, 1.60716, 136.288
5039, 83.97500, 444.906, -62.1073, 55.1236, -141.037, 679.132, 48.002, 1.12247, 13.205, 1.12101, -118.617, 1.60561, 136.251
5039, 83.98333, 444.328, -62.1187, 55.0261, -140.902, 678.166, 47.9582, 1.12149, 13.1916, 1.12063, -118.634, 1.60407, 136.213
5040, 83.99167, 443.752, -62.1301, 54.9291, -140.766, 677.203, 47.9146, 1.12052, 13.1782, 1.12026, -118.651, 1.60254, 136.176
5040, 84.00000, 443.178, -62.1414, 54.8327, -140.631, 676.242, 47.871, 1.11955, 13.1649, 1.11989, -118.668, 1.60101, 136.139
5041, 84.00833, 442.606, -62.1526, 54.737, -140.494, 675.284, 47.8276, 1.11859, 13.1517, 1.11952, -118.685, 1.59948, 136.102
5041, 84.01667, 442.035, -62.1639, 54.6418, -140.357, 674.328, 47.7843, 1.11763, 13.1385, 1.11915, -118.702, 1.59796, 136.066
5042, 84.02500, 441.466, -62.1751, 54.5473, -140.22, 673.375, 47.7411, 1.11667, 13.1254, 1.11878, -118.718, 1.59644, 136.029
5042, 84.03333, 440.899, -62.1862, 54.4534, -140.083, 672.424, 47.698, 1.11571, 13.1123, 1.11841, -118.735, 1.59492, 135.992
5043, 84.04166, 440.334, -62.1973, 54.3601, -139.945, 671.476, 47.655, 1.11476, 13.0993, 1.11804, -118.752, 1.59341, 135.956
5043, 84.05000, 439.77, -62.2083, 54.2673, -139.807, 670.53, 47.6122, 1.11381, 13.0863, 1.11767, -118.768, 1.5919, 135.92
5044, 84.05833, 439.209, -62.2193, 54.1752, -139.668, 669.586, 47.5695, 1.11286, 13.0733, 1.11731, -118.785, 1.5904, 135.884
5044, 84.06667, 438.649, -62.2303, 54.0837, -139.529, 668.645, 47.5268, 1.11192, 13.0605, 1.11694, -118.801, 1.5889, 135.847
5045, 84.07500, 438.09, -62.2412, 53.9928, -139.389, 667.707, 47.4843, 1.11098, 13.0476, 1.11658, -118.818, 1.58741, 135.811
5045, 84.08334, 437.534, -62.2521, 53.9025, -139.25, 666.77, 47.442, 1.11004, 13.0348, 1.11621, -118.834, 1.58592, 135.776
5045, 84.09167, 436.979, -62.2629, 53.8128, -139.109, 665.836, 47.3997, 1.10911, 13.0221, 1.11585, -118.85, 1.58443, 135.74
5046, 84.10000, 436.426, -62.2737, 53.7237, -138.969, 664.905, 47.3575, 1.10818, 13.0094, 1.11549, -118.867, 1.58295, 135.704
5047, 84.10833, 435.875, -62.2844, 53.6352, -138.828, 663.976, 47.3155, 1.10725, 12.9968, 1.11513, -118.883, 1.58147, 135.669
5047, 84.11667, 435.325, -62.2951, 53.5473, -138.686, 663.049, 47.2735, 1.10632, 12.9842, 1.11477, -118.899, 1.58, 135.633
5048, 84.12500, 434.777, -62.3057, 53.46, -138.545, 662.125, 47.2317, 1.1054, 12.9716, 1.11441, -118.915, 1.57852, 135.598
5048, 84.13333, 434.23, -62.3163, 53.3734, -138.403, 661.203, 47.19, 1.10448, 12.9591, 1.11406, -118.931, 1.57706, 135.563
5049, 84.14167, 433.686, -62.3269, 53.2873, -138.26, 660.283, 47.1484, 1.10356, 12.9466, 1.1137, -118.947, 1.5756, 135.528
5049, 84.15000, 433.143, -62.3374, 53.2018, -138.117, 659.366, 47.1069, 1.10265, 12.9342, 1.11334, -118.963, 1.57414, 135.493
5050, 84.15833, 432.601, -62.3479, 53.117, -137.974, 658.451, 47.0655, 1.10174, 12.9219, 1.11299, -118.979, 1.57268, 135.458
5050, 84.16666, 432.062, -62.3583, 53.0327, -137.83, 657.539, 47.0242, 1.10083, 12.9096, 1.11263, -118.995, 1.57123, 135.423
5051, 84.17500, 431.523, -62.3687, 52.9491, -137.686, 656.628, 46.9831, 1.09993, 12.8973, 1.11228, -119.011, 1.56978, 135.388
5051, 84.18333, 430.987, -62.3791, 52.866, -137.542, 655.72, 46.942, 1.09902, 12.8851, 1.11193, -119.027, 1.56834, 135.354
5052, 84.19167, 430.452, -62.3894, 52.7836, -137.397, 654.815, 46.901, 1.09812, 12.8729, 1.11158, -119.042, 1.5669, 135.319
5052, 84.20000, 429.919, -62.3996, 52.7017, -137.252, 653.911, 46.8602, 1.09723, 12.8607, 1.11123, -119.058, 1.56547, 135.285
5053, 84.20834, 429.387, -62.4099, 52.6205, -137.107, 653.01, 46.8195, 1.09633, 12.8487, 1.11088, -119.074, 1.56403, 135.251
5053, 84.21667, 428.857, -62.4201, 52.5398, -136.961, 652.111, 46.7788, 1.09544, 12.8366, 1.11053, -119.089, 1.56261, 135.217
5053, 84.22500, 428.328, -62.4302, 52.4598, -136.815, 651.215, 46.7383, 1.09455, 12.8246, 1.11018, -119.105, 1.56118, 135.183
5054, 84.23333, 427.802, -62.4403, 52.3804, -136.668, 650.32, 46.6979, 1.09367, 12.8126, 1.10984, -119.121, 1.55976, 135.149
5055, 84.24167, 427.276, -62.4504, 52.3015, -136.522, 649.428, 46.6576, 1.09278, 12.8007, 1.10949, -119.136, 1.55835, 135.115
5055, 84.25000, 426.752, -62.4604, 52.2233, -136.374, 648.538, 46.6174, 1.0919, 12.7888, 1.10915, -119.151, 1.55693, 135.081
5056, 84.25833, 426.23, -62.4704, 52.1457, -136.227, 647.651, 46.5773, 1.09103, 12.777, 1.1088, -119.167, 1.55552, 135.047
5056, 84.26667, 425.709, -62.4804, 52.0687, -136.079, 646.765, 46.5372, 1.09015, 12.7652, 1.10846, -119.182, 1.55412, 135.014
5057, 84.27500, 425.19, -62.4903, 51.9922, -135.931, 645.882, 46.4973, 1.08928, 12.7535, 1.10812, -119.198, 1.55272, 134.98
5057, 84.28333, 424.673, -62.5002, 51.9164, -135.782, 645.001, 46.4576, 1.08841, 12.7418, 1.10778, -119.213, 1.55132, 134.947
5058, 84.29166, 424.157, -62.51, 51.8412, -135.633, 644.122, 46.4179, 1.08754, 12.7301, 1.10744, -119.228, 1.54992, 134.914
5058, 84.30000, 423.642, -62.5198, 51.7666, -135.484, 643.246, 46.3783, 1.08668, 12.7185, 1.1071, -119.243, 1.54853, 134.881
5059, 84.30833, 423.129, -62.5296, 51.6926, -135.335, 642.371, 46.3388, 1.08582, 12.7069, 1.10676, -119.258, 1.54715, 134.848
5059, 84.31667, 422.617, -62.5393, 51.6192, -135.185, 641.499, 46.2994, 1.08496, 12.6954, 1.10642, -119.273, 1.54576, 134.815
5060, 84.32500, 422.107, -62.549, 51.5464, -135.035, 640.629, 46.2601, 1.0841, 12.6839, 1.10608, -119.288, 1.54439, 134.782
5060, 84.33334, 421.599, -62.5586, 51.4742, -134.884, 639.761, 46.2209, 1.08325, 12.6724, 1.10575, -119.303, 1.54301, 134.749
5061, 84.34167, 421.092, -62.5683, 51.4025, -134.733, 638.896, 46.1818, 1.0824, 12.661, 1.10541, -119.318, 1.54164, 134.717
5061, 84.35000, 420.586, -62.5778, 51.3315, -134.582, 638.032, 46.1428, 1.08155, 12.6496, 1.10508, -119.333, 1.54027, 134.684
5061, 84.35833, 420.082, -62.5874, 51.2611, -134.431, 637.171, 46.1039, 1.0807, 12.6383, 1.10475, -119.348, 1.5389, 134.652
5062, 84.36667, 419.579, -62.5969, 51.1913, -134.279, 636.311, 46.0651, 1.07986, 12.627, 1.10441, -119.363, 1.53754, 134.619
5063, 84.37500, 419.078, -62.6064, 51.1221, -134.127, 635.454, 46.0264, 1.07902, 12.6157, 1.10408, -119.378, 1.53618, 134.587
5063, 84.38333, 418.578, -62.6158, 51.0535, -133.975, 634.599, 45.9878, 1.07818, 12.6045, 1.10375, -119.393, 1.53483, 134.555
5064, 84.39167, 418.08, -62.6252, 50.9855, -133.822, 633.746, 45.9493, 1.07735, 12.5933, 1.10342, -119.407, 1.53348, 134.523
5064, 84.40000, 417.583, -62.6346, 50.9181, -133.669, 632.895, 45.9109, 1.07651, 12.5822, 1.10309, -119.422, 1.53213, 134.491
5065, 84.40833, 417.087, -62.6439, 50.8513, -133.516, 632.046, 45.8726, 1.07568, 12.5711, 1.10277, -119.437, 1.53079, 134.459
5065, 84.41666, 416.593, -62.6532, 50.7851, -133.363, 631.2, 45.8344, 1.07486, 12.56, 1.10244, -119.451, 1.52945, 134.427
5066, 84.42500, 416.1, -62.6624, 50.7195, -133.209, 630.355, 45.7963, 1.07403, 12.549, 1.10211, -119.466, 1.52811, 134.395
5066, 84.43333, 415.609, -62.6717, 50.6545, -133.055, 629.512, 45.7583, 1.07321, 12.538, 1.10179, -119.48, 1.52678, 134.364
5066, 84.44167, 415.119, -62.6809, 50.59, -132.9, 628.672, 45.7204, 1.07239, 12.5271, 1.10146, -119.495, 1.52545, 134.332
5067, 84.45000, 414.631, -62.69, 50.5262, -132.746, 627.833, 45.6825, 1.07157, 12.5161, 1.10114, -119.509, 1.52412, 134.301
5068, 84.45834, 414.144, -62.6991, 50.463, -132.591, 626.997, 45.6448, 1.07075, 12.5053, 1.10082, -119.524, 1.5228, 134.27
5068, 84.46667, 413.658, -62.7082, 50.4004, -132.435, 626.163, 45.6072, 1.06994, 12.4944, 1.1005, -119.538, 1.52148, 134.238
5069, 84.47500, 413.174, -62.7173, 50.3384, -132.28, 625.33, 45.5696, 1.06913, 12.4836, 1.10017, -119.552, 1.52016, 134.207
5069, 84.48333, 412.691, -62.7263, 50.2769, -132.124, 624.5, 45.5322, 1.06832, 12.4729, 1.09985, -119.567, 1.51885, 134.176
5069, 84.49167, 412.209, -62.7353, 50.2161, -131.968, 623.672, 45.4948, 1.06751, 12.4621, 1.09954, -119.581, 1.51754, 134.145
5070, 84.50000, 411.729, -62.7443, 50.1559, -131.812, 622.846, 45.4575, 1.06671, 12.4514, 1.09922, -119.595, 1.51624, 134.114
5071, 84.50833, 411.25, -62.7532, 50.0962, -131.655, 622.021, 45.4203, 1.06591, 12.4408, 1.0989, -119.609, 1.51493, 134.084
5071, 84.51667, 410.772, -62.7621, 50.0372, -131.499, 621.199, 45.3833, 1.06511, 12.4302, 1.09858, -119.623, 1.51364, 134.053
5072, 84.52500, 410.296, -62.771, 49.9787, -131.342, 620.379, 45.3463, 1.06431, 12.4196, 1.09827, -119.637, 1.51234, 134.022
5072, 84.53333, 409.821, -62.7798, 49.9209, -131.184, 619.561, 45.3094, 1.06352, 12.409, 1.09795, -119.651, 1.51105, 133.992
5073, 84.54166, 409.348, -62.7886, 49.8636, -131.027, 618.744, 45.2725, 1.06272, 12.3985, 1.09764, -119.665, 1.50976, 133.961
5073, 84.55000, 408.875, -62.7973, 49.8069, -130.869, 617.93, 45.2358, 1.06193, 12.388, 1.09733, -119.679, 1.50847, 133.931
5074, 84.55833, 408.404, -62.8061, 49.7509, -130.711, 617.118, 45.1992, 1.06115, 12.3776, 1.09701, -119.693, 1.50719, 133.901
5074, 84.56667, 407.935, -62.8148, 49.6954, -130.553, 616.307, 45.1626, 1.06036, 12.3672, 1.0967, -119.707, 1.50591, 133.871
5074, 84.57500, 407.466, -62.8234, 49.6405, -130.394, 615.499, 45.1262, 1.05958, 12.3568, 1.09639, -119.721, 1.50464, 133.841
5075, 84.58334, 406.999, -62.8321, 49.5862, -130.236, 614.692, 45.0898, 1.0588, 12.3464, 1.09608, -119.735, 1.50336, 133.811
5076, 84.59167, 406.534, -62.8407, 49.5325, -130.077, 613.888, 45.0535, 1.05802, 12.3361, 1.09577, -119.749, 1.50209, 133.781
5076, 84.60000, 406.069, -62.8493, 49.4794, -129.918, 613.085, 45.0173, 1.05724, 12.3258, 1.09546, -119.762, 1.50083, 133.751
5077, 84.60833, 405.606, -62.8578, 49.4269, -129.758, 612.284, 44.9812, 1.05647, 12.3156, 1.09516, -119.776, 1.49957, 133.721
5077, 84.61667, 405.144, -62.8663, 49.3749, -129.599, 611.485, 44.9452, 1.0557, 12.3054, 1.09485, -119.79, 1.49831, 133.692
5078, 84.62500, 404.683, -62.8748, 49.3236, -129.439, 610.688, 44.9093, 1.05493, 12.2952, 1.09454, -119.803, 1.49705, 133.662
5078, 84.63333, 404.224, -62.8833, 49.2729, -129.279, 609.893, 44.8735, 1.05416, 12.2851, 1.09424, -119.817, 1.4958, 133.633
5079, 84.64167, 403.766, -62.8917, 49.2227, -129.119, 609.1, 44.8377, 1.05339, 12.275, 1.09394, -119.831, 1.49455, 133.603
5079, 84.65000, 403.309, -62.9001, 49.1731, -128.958, 608.309, 44.802, 1.05263, 12.2649, 1.09363, -119.844, 1.4933, 133.574
5080, 84.65833, 402.853, -62.9085, 49.1241, -128.798, 607.52, 44.7664, 1.05187, 12.2548, 1.09333, -119.858, 1.49206, 133.545
5080, 84.66666, 402.399, -62.9168, 49.0757, -128.637, 606.732, 44.7309, 1.05111, 12.2448, 1.09303, -119.871, 1.49082, 133.516
5081, 84.67500, 401.945, -62.9251, 49.0279, -128.476, 605.947, 44.6955, 1.05035, 12.2348, 1.09273, -119.884, 1.48958, 133.486
5081, 84.68333, 401.493, -62.9334, 48.9807, -128.315, 605.163, 44.6602, 1.0496, 12.2249, 1.09243, -119.898, 1.48834, 133.458
5082, 84.69167, 401.043, -62.9417, 48.9341, -128.154, 604.381, 44.625, 1.04885, 12.215, 1.09213, -119.911, 1.48711, 133.429
5082, 84.70000, 400.593, -62.9499, 48.888, -127.992, 603.601, 44.5898, 1.0481, 12.2051, 1.09183, -119.925, 1.48589, 133.4
5082, 84.70834, 400.145, -62.9581, 48.8426, -127.83, 602.823, 44.5547, 1.04735, 12.1952, 1.09153, -119.938, 1.48466, 133.371
5083, 84.71667, 399.698, -62.9662, 48.7977, -127.668, 602.046, 44.5197, 1.0466, 12.1854, 1.09124, -119.951, 1.48344, 133.342
5084, 84.72500, 399.252, -62.9744, 48.7534, -127.506, 601.272, 44.4848, 1.04586, 12.1756, 1.09094, -119.964, 1.48222, 133.314
5084, 84.73333, 398.807, -62.9825, 48.7097, -127.344, 600.499, 44.45, 1.04512, 12.1659, 1.09065, -119.977, 1.48101, 133.285
5085, 84.74167, 398.363, -62.9906, 48.6665, -127.182, 599.728, 44.4152, 1.04438, 12.1561, 1.09035, -119.991, 1.47979, 133.257
5085, 84.75000, 397.921, -62.9986, 48.624, -127.019, 598.959, 44.3806, 1.04364, 12.1464, 1.09006, -120.004, 1.47858, 133.229
5086, 84.75833, 397.48, -63.0066, 48.582, -126.857, 598.192, 44.346, 1.04291, 12.1368, 1.08977, -120.017, 1.47738, 133.2
5086, 84.76667, 397.04, -63.0146, 48.5406, -126.694, 597.426, 44.3115, 1.04217, 12.1271, 1.08947, -120.03, 1.47618, 133.172
5087, 84.77500, 396.601, -63.0226, 48.4998, -126.531, 596.663, 44.277, 1.04144, 12.1175, 1.08918, -120.043, 1.47498, 133.144
5087, 84.78333, 396.163, -63.0305, 48.4596, -126.368, 595.901, 44.2427, 1.04071, 12.1079, 1.08889, -120.056, 1.47378, 133.116
5088, 84.79166, 395.727, -63.0384, 48.42, -126.205, 595.141, 44.2084, 1.03998, 12.0984, 1.0886, -120.069, 1.47258, 133.088
5088, 84.80000, 395.291, -63.0463, 48.3809, -126.041, 594.382, 44.1743, 1.03926, 12.0889, 1.08832, -120.082, 1.47139, 133.06
5089, 84.80833, 394.857, -63.0542, 48.3424, -125.878, 593.626, 44.1402, 1.03854, 12.0794, 1.08803, -120.095, 1.47021, 133.033
5089, 84.81667, 394.424, -63.062, 48.3045, -125.714, 592.871, 44.1061, 1.03781, 12.0699, 1.08774, -120.107, 1.46902, 133.005
5090, 84.82500, 393.992, -63.0698, 48.2671, -125.551, 592.118, 44.0722, 1.0371, 12.0605, 1.08746, -120.12, 1.46784, 132.977
5090, 84.83334, 393.561, -63.0776, 48.2304, -125.387, 591.367, 44.0383, 1.03638, 12.0511, 1.08717, -120.133, 1.46666, 132.95
5090, 84.84167, 393.131, -63.0854, 48.1942, -125.223, 590.617, 44.0045, 1.03566, 12.0417, 1.08689, -120.146, 1.46548, 132.922
5091, 84.85000, 392.703, -63.0931, 48.1586, -125.059, 589.869, 43.9708, 1.03495, 12.0324, 1.0866, -120.158, 1.46431, 132.895
5092, 84.85833, 392.275, -63.1008, 48.1236, -124.894, 589.123, 43.9372, 1.03424, 12.0231, 1.08632, -120.171, 1.46314, 132.868
5092, 84.86667, 391.849, -63.1085, 48.0891, -124.73, 588.379, 43.9036, 1.03353, 12.0138, 1.08604, -120.184, 1.46197, 132.84
5093, 84.87500, 391.424, -63.1161, 48.0552, -124.566, 587.636, 43.8702, 1.03282, 12.0045, 1.08576, -120.196, 1.46081, 132.813
5093, 84.88333, 391, -63.1237, 48.0219, -124.401, 586.895, 43.8368, 1.03212, 11.9953, 1.08547, -120.209, 1.45965, 132.786
5094, 84.89167, 390.577, -63.1313, 47.9891, -124.237, 586.156, 43.8034, 1.03141, 11.9861, 1.0852, -120.222, 1.45849, 132.759
5094, 84.90000, 390.155, -63.1389, 47.9569, -124.072, 585.419, 43.7702, 1.03071, 11.9769, 1.08492, -120.234, 1.45733, 132.732
5095, 84.90833, 389.734, -63.1465, 47.9253, -123.907, 584.683, 43.737, 1.03001, 11.9678, 1.08464, -120.247, 1.45618, 132.705
5095, 84.91666, 389.314, -63.154, 47.8943, -123.743, 583.949, 43.7039, 1.02931, 11.9587, 1.08436, -120.259, 1.45503, 132.679
5096, 84.92500, 388.895, -63.1615, 47.8638, -123.578, 583.216, 43.6709, 1.02862, 11.9496, 1.08408, -120.271, 1.45388, 132.652
5096, 84.93333, 388.478, -63.1689, 47.8339, -123.413, 582.485, 43.638, 1.02792, 11.9405, 1.08381, -120.284, 1.45274, 132.625
5097, 84.94167, 388.061, -63.1764, 47.8045, -123.248, 581.756, 43.6051, 1.02723, 11.9315, 1.08353, -120.296, 1.4516, 132.599
5097, 84.95000, 387.646, -63.1838, 47.7758, -123.083, 581.029, 43.5723, 1.02654, 11.9225, 1.08326, -120.309, 1.45046, 132.572
5098, 84.95834, 387.231, -63.1912, 47.7475, -122.918, 580.303, 43.5396, 1.02585, 11.9135, 1.08299, -120.321, 1.44932, 132.546
5098, 84.96667, 386.818, -63.1986, 47.7199, -122.752, 579.579, 43.5069, 1.02516, 11.9045, 1.08271, -120.333, 1.44819, 132.519
5098, 84.97500, 386.405, -63.2059, 47.6928, -122.587, 578.857, 43.4744, 1.02448, 11.8956, 1.08244, -120.345, 1.44706, 132.493
5099, 84.98333, 385.994, -63.2132, 47.6663, -122.422, 578.136, 43.4419, 1.0238, 11.8867, 1.08217, -120.358, 1.44593, 132.467
5100, 84.99167, 385.584, -63.2205, 47.6403, -122.256, 577.417, 43.4094, 1.02311, 11.8778, 1.0819, -120.37, 1.44481, 132.441
5100, 85.00000, 385.175, -63.2278, 47.6149, -122.091, 576.699, 43.3771, 1.02243, 11.869, 1.08163, -120.382, 1.44368, 132.415
5101, 85.00833, 384.767, -63.2351, 47.59, -121.926, 575.983, 43.3448, 1.02176, 11.8602, 1.08136, -120.394, 1.44256, 132.389
5101, 85.01667, 384.359, -63.2423, 47.5657, -121.76, 575.269, 43.3126, 1.02108, 11.8514, 1.08109, -120.406, 1.44145, 132.363
5102, 85.02500, 383.953, -63.2495, 47.542, -121.595, 574.556, 43.2805, 1.02041, 11.8426, 1.08082, -120.418, 1.44033, 132.337
5102, 85.03333, 383.548, -63.2567, 47.5188, -121.429, 573.845, 43.2484, 1.01973, 11.8339, 1.08056, -120.43, 1.43922, 132.311
5103, 85.04166, 383.144, -63.2638, 47.4962, -121.264, 573.136, 43.2164, 1.01906, 11.8252, 1.08029, -120.442, 1.43812, 132.285
5103, 85.05000, 382.741, -63.2709, 47.4741, -121.098, 572.428, 43.1845, 1.0184, 11.8165, 1.08003, -120.454, 1.43701, 132.26
5104, 85.05833, 382.339, -63.278, 47.4526, -120.933, 571.722, 43.1526, 1.01773, 11.8078, 1.07976, -120.466, 1.43591, 132.234
5104, 85.06667, 381.938, -63.2851, 47.4316, -120.767, 571.017, 43.1208, 1.01706, 11.7992, 1.0795, -120.478, 1.43481, 132.209
5105, 85.07500, 381.538, -63.2922, 47.4112, -120.602, 570.314, 43.0891, 1.0164, 11.7906, 1.07924, -120.49, 1.43371, 132.183
5105, 85.08334, 381.139, -63.2992, 47.3913, -120.436, 569.613, 43.0575, 1.01574, 11.782, 1.07897, -120.502, 1.43262, 132.158
5106, 85.09167, 380.741, -63.3062, 47.372, -120.271, 568.913, 43.0259, 1.01508, 11.7734, 1.07871, -120.514, 1.43152, 132.133
5106, 85.10000, 380.344, -63.3132, 47.3532, -120.105, 568.214, 42.9944, 1.01442, 11.7649, 1.07845, -120.526, 1.43043, 132.107
5106, 85.10833, 379.948, -63.3202, 47.3349, -119.94, 567.518, 42.963, 1.01376, 11.7564, 1.07819, -120.538, 1.42935, 132.082
5107, 85.11667, 379.553, -63.3271, 47.3173, -119.774, 566.822, 42.9316, 1.01311, 11.7479, 1.07793, -120.549, 1.42826, 132.057
5108, 85.12500, 379.158, -63.3341, 47.3001, -119.609, 566.129, 42.9003, 1.01246, 11.7394, 1.07768, -120.561, 1.42718, 132.032
5108, 85.13333, 378.765, -63.341, 47.2835, -119.443, 565.437, 42.8691, 1.0118, 11.731, 1.07742, -120.573, 1.4261, 132.007
5109, 85.14167, 378.373, -63.3478, 47.2675, -119.278, 564.746, 42.838, 1.01115, 11.7225, 1.07716, -120.585, 1.42503, 131.982
5109, 85.15000, 377.982, -63.3547, 47.2519, -119.112, 564.057, 42.8069, 1.01051, 11.7142, 1.07691, -120.596, 1.42395, 131.957
5110, 85.15833, 377.592, -63.3615, 47.237, -118.947, 563.37, 42.7758, 1.00986, 11.7058, 1.07665, -120.608, 1.42288, 131.933
5110, 85.16666, 377.202, -63.3683, 47.2225, -118.782, 562.683, 42.7449, 1.00922, 11.6974, 1.0764, -120.619, 1.42181, 131.908
5111, 85.17500, 376.814, -63.3751, 47.2086, -118.617, 561.999, 42.714, 1.00857, 11.6891, 1.07614, -120.631, 1.42075, 131.883
5111, 85.18333, 376.427, -63.3819, 47.1953, -118.451, 561.316, 42.6832, 1.00793, 11.6808, 1.07589, -120.643, 1.41969, 131.859
5112, 85.19167, 376.04, -63.3886, 47.1824, -118.286, 560.635, 42.6524, 1.00729, 11.6726, 1.07564, -120.654, 1.41863, 131.834
5112, 85.20000, 375.655, -63.3954, 47.1701, -118.121, 559.955, 42.6217, 1.00665, 11.6643, 1.07538, -120.666, 1.41757, 131.81
5113, 85.20834, 375.27, -63.4021, 47.1584, -117.956, 559.276, 42.5911, 1.00602, 11.6561, 1.07513, -120.677, 1.41651, 131.785
5113, 85.21667, 374.886, -63.4087, 47.1471, -117.791, 558.599, 42.5606, 1.00538, 11.6479, 1.07488, -120.688, 1.41546, 131.761
5114, 85.22500, 374.504, -63.4154, 47.1364, -117.626, 557.924, 42.5301, 1.00475, 11.6397, 1.07463, -120.7, 1.41441, 131.737
5114, 85.23333, 374.122, -63.422, 47.1263, -117.461, 557.25, 42.4997, 1.00412, 11.6316, 1.07438, -120.711, 1.41336, 131.713
5114, 85.24167, 373.741, -63.4287, 47.1166, -117.297, 556.578, 42.4693, 1.00349, 11.6234, 1.07414, -120.723, 1.41232, 131.689
5115, 85.25000, 373.361, -63.4353, 47.1075, -117.132, 555.907, 42.439, 1.00286, 11.6153, 1.07389, -120.734, 1.41127, 131.665
5116, 85.25833, 372.982, -63.4418, 47.0989, -116.967, 555.237, 42.4088, 1.00223, 11.6072, 1.07364, -120.745, 1.41023, 131.641
5116, 85.26667, 372.604, -63.4484, 47.0908, -116.803, 554.569, 42.3786, 1.00161, 11.5992, 1.0734, -120.757, 1.40919, 131.617
5117, 85.27500, 372.227, -63.4549, 47.0833, -116.638, 553.903, 42.3485, 1.00098, 11.5911, 1.07315, -120.768, 1.40816, 131.593
5117, 85.28333, 371.85, -63.4614, 47.0763, -116.474, 553.238, 42.3185, 1.00036, 11.5831, 1.07291, -120.779, 1.40713, 131.569
5118, 85.29166, 371.475, -63.4679, 47.0698, -116.31, 552.574, 42.2885, 0.999741, 11.5751, 1.07266, -120.79, 1.4061, 131.545
5118, 85.30000, 371.101, -63.4744, 47.0638, -116.146, 551.912, 42.2586, 0.999122, 11.5672, 1.07242, -120.802, 1.40507, 131.522
5119, 85.30833, 370.727, -63.4808, 47.0583, -115.982, 551.251, 42.2288, 0.998505, 11.5592, 1.07218, -120.813, 1.40404, 131.498
5119, 85.31667, 370.354, -63.4873, 47.0534, -115.818, 550.592, 42.199, 0.997889, 11.5513, 1.07194, -120.824, 1.40302, 131.474
5120, 85.32500, 369.982, -63.4937, 47.0489, -115.654, 549.934, 42.1693, 0.997275, 11.5434, 1.0717, -120.835, 1.402, 131.451
5120, 85.33334, 369.611, -63.5, 47.045, -115.49, 549.278, 42.1396, 0.996662, 11.5355, 1.07146, -120.846, 1.40098, 131.428
5121, 85.34167, 369.241, -63.5064, 47.0416, -115.327, 548.623, 42.11, 0.996051, 11.5277, 1.07122, -120.857, 1.39997, 131.404
5121, 85.35000, 368.872, -63.5128, 47.0387, -115.163, 547.969, 42.0805, 0.995441, 11.5198, 1.07098, -120.868, 1.39895, 131.381
5122, 85.35833, 368.504, -63.5191, 47.0363, -115, 547.317, 42.051, 0.994833, 11.512, 1.07074, -120.879, 1.39794, 131.358
5122, 85.36667, 368.136, -63.5254, 47.0344, -114.837, 546.666, 42.0216, 0.994227, 11.5042, 1.0705, -120.89, 1.39693, 131.334
5122, 85.37500, 367.77, -63.5317, 47.0331, -114.674, 546.017, 41.9923, 0.993622, 11.4964, 1.07027, -120.901, 1.39593, 131.311
5123, 85.38333, 367.404, -63.5379, 47.0322, -114.511, 545.369, 41.963, 0.993018, 11.4887, 1.07003, -120.912, 1.39492, 131.288
5124, 85.39167, 367.039, -63.5442, 47.0318, -114.348, 544.722, 41.9337, 0.992416, 11.481, 1.0698, -120.923, 1.39392, 131.265
5124, 85.40000, 366.675, -63.5504, 47.032, -114.185, 544.077, 41.9046, 0.991815, 11.4733, 1.06956, -120.934, 1.39293, 131.242
5125, 85.40833, 366.312, -63.5566, 47.0326, -114.023, 543.433, 41.8755, 0.991216, 11.4656, 1.06933, -120.945, 1.39193, 131.219
5125, 85.41666, 365.95, -63.5628, 47.0338, -113.86, 542.791, 41.8464, 0.990619, 11.4579, 1.06909, -120.956, 1.39093, 131.197
5126, 85.42500, 365.588, -63.569, 47.0354, -113.698, 542.15, 41.8175, 0.990023, 11.4503, 1.06886, -120.967, 1.38994, 131.174
5126, 85.43333, 365.228, -63.5751, 47.0375, -113.536, 541.51, 41.7885, 0.989428, 11.4427, 1.06863, -120.977, 1.38895, 131.151
5127, 85.44167, 364.868, -63.5812, 47.0402, -113.374, 540.872, 41.7597, 0.988835, 11.4351, 1.0684, -120.988, 1.38797, 131.128
5127, 85.45000, 364.509, -63.5873, 47.0433, -113.213, 540.235, 41.7309, 0.988243, 11.4275, 1.06817, -120.999, 1.38698, 131.106
5128, 85.45834, 364.151, -63.5934, 47.0469, -113.051, 539.6, 41.7021, 0.987653, 11.4199, 1.06794, -121.01, 1.386, 131.083
5128, 85.46667, 363.793, -63.5995, 47.051, -112.89, 538.966, 41.6734, 0.987064, 11.4124, 1.06771, -121.02, 1.38502, 131.061
5129, 85.47500, 363.437, -63.6056, 47.0556, -112.729, 538.333, 41.6448, 0.986476, 11.4049, 1.06748, -121.031, 1.38404, 131.038
5129, 85.48333, 363.081, -63.6116, 47.0607, -112.568, 537.701, 41.6162, 0.98589, 11.3974, 1.06725, -121.042, 1.38307, 131.016
5130, 85.49167, 362.726, -63.6176, 47.0663, -112.407, 537.071, 41.5877, 0.985306, 11.3899, 1.06703, -121.052, 1.38209, 130.994
5130, 85.50000, 362.372, -63.6236, 47.0724, -112.246, 536.442, 41.5593, 0.984723, 11.3824, 1.0668, -121.063, 1.38112, 130.971
5130, 85.50833, 362.019, -63.6296, 47.0789, -112.086, 535.815, 41.5309, 0.984141, 11.375, 1.06658, -121.074, 1.38015, 130.949
5131, 85.51667, 361.667, -63.6355, 47.0859, -111.925, 535.189, 41.5026, 0.983561, 11.3676, 1.06635, -121.084, 1.37919, 130.927
5132, 85.52500, 361.315, -63.6415, 47.0935, -111.765, 534.564, 41.4743, 0.982982, 11.3602, 1.06613, -121.095, 1.37822, 130.905
5132, 85.53333, 360.965, -63.6474, 47.1014, -111.605, 533.941, 41.4461, 0.982404, 11.3528, 1.0659, -121.105, 1.37726, 130.883
5133, 85.54166, 360.615, -63.6533, 47.1099, -111.446, 533.319, 41.4179, 0.981828, 11.3455, 1.06568, -121.116, 1.3763, 130.861
5133, 85.55000, 360.265, -63.6592, 47.1189, -111.286, 532.698, 41.3898, 0.981253, 11.3381, 1.06546, -121.126, 1.37535, 130.839
5134, 85.55833, 359.917, -63.665, 47.1283, -111.127, 532.078, 41.3617, 0.98068, 11.3308, 1.06524, -121.137, 1.37439, 130.817
5134, 85.56667, 359.569, -63.6709, 47.1382, -110.968, 531.46, 41.3337, 0.980108, 11.3235, 1.06502, -121.147, 1.37344, 130.795
5135, 85.57500, 359.223, -63.6767, 47.1485, -110.809, 530.843, 41.3058, 0.979537, 11.3163, 1.0648, -121.158, 1.37249, 130.774
5135, 85.58334, 358.877, -63.6825, 47.1594, -110.651, 530.228, 41.2779, 0.978968, 11.309, 1.06458, -121.168, 1.37154, 130.752
5136, 85.59167, 358.531, -63.6883, 47.1707, -110.492, 529.613, 41.2501, 0.9784, 11.3018, 1.06436, -121.179, 1.37059, 130.73
5136, 85.60000, 358.187, -63.6941, 47.1825, -110.334, 529, 41.2223, 0.977834, 11.2945, 1.06414, -121.189, 1.36965, 130.709
5137, 85.60833, 357.843, -63.6998, 47.1947, -110.176, 528.389, 41.1946, 0.977269, 11.2874, 1.06392, -121.199, 1.36871, 130.687
5137, 85.61667, 357.5, -63.7056, 47.2074, -110.018, 527.778, 41.167, 0.976705, 11.2802, 1.06371, -121.21, 1.36777, 130.666
5138, 85.62500, 357.158, -63.7113, 47.2206, -109.861, 527.169, 41.1394, 0.976142, 11.273, 1.06349, -121.22, 1.36683, 130.644
5138, 85.63333, 356.817, -63.717, 47.2342, -109.703, 526.561, 41.1118, 0.975581, 11.2659, 1.06328, -121.23, 1.3659, 130.623
5138, 85.64167, 356.476, -63.7226, 47.2483, -109.546, 525.955, 41.0843, 0.975021, 11.2588, 1.06306, -121.24, 1.36496, 130.602
5139, 85.65000, 356.137, -63.7283, 47.2628, -109.39, 525.349, 41.0569, 0.974463, 11.2517, 1.06285, -121.251, 1.36403, 130.58
5140, 85.65833, 355.798, -63.734, 47.2778, -109.233, 524.745, 41.0295, 0.973906, 11.2446, 1.06263, -121.261, 1.3631, 130.559
5140, 85.66666, 355.459, -63.7396, 47.2933, -109.077, 524.142, 41.0022, 0.97335, 11.2375, 1.06242, -121.271, 1.36218, 130.538
5141, 85.67500, 355.122, -63.7452, 47.3092, -108.921, 523.541, 40.9749, 0.972796, 11.2305, 1.06221, -121.281, 1.36125, 130.517
5141, 85.68333, 354.785, -63.7508, 47.3255, -108.765, 522.94, 40.9477, 0.972242, 11.2235, 1.062, -121.291, 1.36033, 130.496
5142, 85.69167, 354.449, -63.7564, 47.3424, -108.609, 522.341, 40.9205, 0.97169, 11.2165, 1.06179, -121.302, 1.35941, 130.475
5142, 85.70000, 354.114, -63.7619, 47.3596, -108.454, 521.744, 40.8934, 0.97114, 11.2095, 1.06158, -121.312, 1.35849, 130.454
5143, 85.70834, 353.779, -63.7675, 47.3773, -108.299, 521.147, 40.8663, 0.97059, 11.2025, 1.06137, -121.322, 1.35758, 130.433
5143, 85.71667, 353.445, -63.773, 47.3955, -108.144, 520.552, 40.8393, 0.970042, 11.1956, 1.06116, -121.332, 1.35666, 130.412
5144, 85.72500, 353.112, -63.7785, 47.4141, -107.99, 519.957, 40.8123, 0.969496, 11.1886, 1.06095, -121.342, 1.35575, 130.391
5144, 85.73333, 352.78, -63.784, 47.4331, -107.835, 519.365, 40.7854, 0.96895, 11.1817, 1.06074, -121.352, 1.35484, 130.371
5145, 85.74167, 352.448, -63.7895, 47.4526, -107.681, 518.773, 40.7586, 0.968406, 11.1748, 1.06054, -121.362, 1.35393, 130.35
5145, 85.75000, 352.118, -63.7949, 47.4725, -107.528, 518.182, 40.7318, 0.967863, 11.168, 1.06033, -121.372, 1.35303, 130.329
5146, 85.75833, 351.787, -63.8004, 47.4928, -107.374, 517.593, 40.705, 0.967321, 11.1611, 1.06013, -121.382, 1.35213, 130.309
5146, 85.76667, 351.458, -63.8058, 47.5136, -107.221, 517.005, 40.6783, 0.966781, 11.1543, 1.05992, -121.392, 1.35122, 130.288
5146, 85.77500, 351.129, -63.8112, 47.5348, -107.068, 516.418, 40.6517, 0.966242, 11.1474, 1.05972, -121.402, 1.35033, 130.268
5147, 85.78333, 350.801, -63.8166, 47.5565, -106.915, 515.833, 40.6251, 0.965704, 11.1406, 1.05951, -121.412, 1.34943, 130.247
5148, 85.79166, 350.474, -63.8219, 47.5786, -106.763, 515.248, 40.5985, 0.965167, 11.1339, 1.05931, -121.422, 1.34853, 130.227
5148, 85.80000, 350.148, -63.8273, 47.6011, -106.611, 514.665, 40.572, 0.964632, 11.1271, 1.05911, -121.432, 1.34764, 130.207
5149, 85.80833, 349.822, -63.8326, 47.624, -106.459, 514.083, 40.5456, 0.964097, 11.1203, 1.05891, -121.442, 1.34675, 130.186
5149, 85.81667, 349.497, -63.838, 47.6474, -106.308, 513.502, 40.5192, 0.963564, 11.1136, 1.0587, -121.452, 1.34586, 130.166
5150, 85.82500, 349.172, -63.8433, 47.6712, -106.156, 512.923, 40.4929, 0.963033, 11.1069, 1.0585, -121.461, 1.34497, 130.146
5150, 85.83334, 348.849, -63.8485, 47.6954, -106.005, 512.344, 40.4666, 0.962502, 11.1002, 1.0583, -121.471, 1.34409, 130.126
5151, 85.84167, 348.526, -63.8538, 47.72, -105.855, 511.767, 40.4403, 0.961973, 11.0935, 1.05811, -121.481, 1.34321, 130.106
5151, 85.85000, 348.203, -63.8591, 47.7451, -105.704, 511.191, 40.4142, 0.961445, 11.0869, 1.05791, -121.491, 1.34233, 130.086
5152, 85.85833, 347.882, -63.8643, 47.7705, -105.554, 510.616, 40.388, 0.960918, 11.0802, 1.05771, -121.501, 1.34145, 130.066
5152, 85.86667, 347.561, -63.8695, 47.7964, -105.405, 510.042, 40.3619, 0.960392, 11.0736, 1.05751, -121.51, 1.34057, 130.046
5153, 85.87500, 347.241, -63.8747, 47.8227, -105.255, 509.469, 40.3359, 0.959868, 11.067, 1.05732, -121.52, 1.3397, 130.026
5153, 85.88333, 346.921, -63.8799, 47.8494, -105.106, 508.898, 40.3099, 0.959344, 11.0604, 1.05712, -121.53, 1.33882, 130.006
5154, 85.89167, 346.602, -63.8851, 47.8766, -104.957, 508.328, 40.2839, 0.958822, 11.0539, 1.05692, -121.539, 1.33795, 129.986
5154, 85.90000, 346.284, -63.8903, 47.9041, -104.809, 507.758, 40.258, 0.958301, 11.0473, 1.05673, -121.549, 1.33708, 129.966
5154, 85.90833, 345.967, -63.8954, 47.932, -104.661, 507.19, 40.2322, 0.957782, 11.0408, 1.05654, -121.559, 1.33622, 129.947
5155, 85.91666, 345.65, -63.9005, 47.9604, -104.513, 506.624, 40.2064, 0.957263, 11.0343, 1.05634, -121.568, 1.33535, 129.927
5156, 85.92500, 345.334, -63.9056, 47.9891, -104.365, 506.058, 40.1807, 0.956746, 11.0278, 1.05615, -121.578, 1.33449, 129.907
5156, 85.93333, 345.018, -63.9107, 48.0183, -104.218, 505.493, 40.155, 0.956229, 11.0213, 1.05596, -121.588, 1.33363, 129.888
5157, 85.94167, 344.704, -63.9158, 48.0478, -104.071, 504.93, 40.1293, 0.955714, 11.0148, 1.05577, -121.597, 1.33277, 129.868
5157, 85.95000, 344.39, -63.9209, 48.0778, -103.924, 504.368, 40.1037, 0.9552, 11.0084, 1.05558, -121.607, 1.33191, 129.849
5158, 85.95834, 344.076, -63.9259, 48.1081, -103.778, 503.806, 40.0781, 0.954688, 11.0019, 1.05539, -121.616, 1.33106, 129.83
5158, 85.96667, 343.763, -63.931, 48.1389, -103.632, 503.246, 40.0526, 0.954176, 10.9955, 1.0552, -121.626, 1.3302, 129.81
5159, 85.97500, 343.451, -63.936, 48.17, -103.486, 502.687, 40.0272, 0.953666, 10.9891, 1.05501, -121.636, 1.32935, 129.791
5159, 85.98333, 343.14, -63.941, 48.2015, -103.341, 502.13, 40.0018, 0.953156, 10.9827, 1.05482, -121.645, 1.3285, 129.772
5160, 85.99167, 342.829, -63.9459, 48.2335, -103.196, 501.573, 39.9764, 0.952648, 10.9764, 1.05463, -121.655, 1.32766, 129.752
5160, 86.00000, 342.519, -63.9509, 48.2658, -103.051, 501.017, 39.9511, 0.952141, 10.97, 1.05444, -121.664, 1.32681, 129.733
5161, 86.00833, 342.21, -63.9559, 48.2985, -102.907, 500.463, 39.9258, 0.951635, 10.9637, 1.05426, -121.673, 1.32597, 129.714
5161, 86.01667, 341.901, -63.9608, 48.3315, -102.763, 499.909, 39.9006, 0.951131, 10.9574, 1.05407, -121.683, 1.32512, 129.695
5162, 86.02500, 341.593, -63.9657, 48.365, -102.619, 499.357, 39.8754, 0.950627, 10.9511, 1.05389, -121.692, 1.32429, 129.676
5162, 86.03333, 341.285, -63.9706, 48.3989, -102.476, 498.806, 39.8502, 0.950124, 10.9448, 1.0537, -121.702, 1.32345, 129.657
5162, 86.04166, 340.978, -63.9755, 48.4331, -102.333, 498.256, 39.8252, 0.949623, 10.9385, 1.05352, -121.711, 1.32261, 129.638
5163, 86.05000, 340.672, -63.9804, 48.4677, -102.19, 497.707, 39.8001, 0.949123, 10.9323, 1.05333, -121.721, 1.32178, 129.619
5164, 86.05833, 340.367, -63.9853, 48.5027, -102.048, 497.159, 39.7751, 0.948623, 10.926, 1.05315, -121.73, 1.32094, 129.6
5164, 86.06667, 340.062, -63.9901, 48.5381, -101.906, 496.612, 39.7502, 0.948125, 10.9198, 1.05297, -121.739, 1.32011, 129.581
5165, 86.07500, 339.758, -63.9949, 48.5738, -101.764, 496.066, 39.7253, 0.947628, 10.9136, 1.05279, -121.749, 1.31929, 129.563
5165, 86.08334, 339.454, -63.9998, 48.6099, -101.622, 495.522, 39.7004, 0.947132, 10.9074, 1.05261, -121.758, 1.31846, 129.544
5166, 86.09167, 339.151, -64.0046, 48.6464, -101.481, 494.978, 39.6756, 0.946638, 10.9013, 1.05242, -121.767, 1.31763, 129.525
5166, 86.10000, 338.848, -64.0093, 48.6832, -101.341, 494.436, 39.6508, 0.946144, 10.8951, 1.05224, -121.776, 1.31681, 129.506
5167, 86.10833, 338.547, -64.0141, 48.7204, -101.201, 493.894, 39.6261, 0.945651, 10.889, 1.05207, -121.786, 1.31599, 129.488
5167, 86.11667, 338.246, -64.0189, 48.758, -101.061, 493.354, 39.6014, 0.94516, 10.8829, 1.05189, -121.795, 1.31517, 129.469
5168, 86.12500, 337.945, -64.0236, 48.796, -100.921, 492.814, 39.5767, 0.944669, 10.8767, 1.05171, -121.804, 1.31435, 129.451
5168, 86.13333, 337.645, -64.0283, 48.8343, -100.782, 492.276, 39.5522, 0.94418, 10.8707, 1.05153, -121.813, 1.31354, 129.432
5169, 86.14167, 337.346, -64.033, 48.873, -100.643, 491.739, 39.5276, 0.943691, 10.8646, 1.05135, -121.823, 1.31272, 129.414
5169, 86.15000, 337.047, -64.0377, 48.912, -100.504, 491.203, 39.5031, 0.943204, 10.8585, 1.05118, -121.832, 1.31191, 129.396
5170, 86.15833, 336.749, -64.0424, 48.9514, -100.366, 490.668, 39.4786, 0.942718, 10.8525, 1.051, -121.841, 1.3111, 129.377
5170, 86.16666, 336.452, -64.0471, 48.9911, -100.228, 490.134, 39.4542, 0.942233, 10.8465, 1.05083, -121.85, 1.31029, 129.359
5170, 86.17500, 336.155, -64.0517, 49.0312, -100.091, 489.6, 39.4298, 0.941749, 10.8405, 1.05065, -121.859, 1.30949, 129.341
5171, 86.18333, 335.859, -64.0564, 49.0717, -99.9534, 489.069, 39.4055, 0.941266, 10.8345, 1.05048, -121.869, 1.30868, 129.322
5172, 86.19167, 335.563, -64.061, 49.1125, -99.8166, 488.538, 39.3812, 0.940784, 10.8285, 1.05031, -121.878, 1.30788, 129.304
5172, 86.20000, 335.268, -64.0656, 49.1536, -99.6802, 488.008, 39.357, 0.940303, 10.8225, 1.05013, -121.887, 1.30708, 129.286
5173, 86.20834, 334.974, -64.0702, 49.1951, -99.5441, 487.479, 39.3328, 0.939823, 10.8166, 1.04996, -121.896, 1.30628, 129.268
5173, 86.21667, 334.68, -64.0748, 49.237, -99.4083, 486.951, 39.3086, 0.939344, 10.8106, 1.04979, -121.905, 1.30548, 129.25
5174, 86.22500, 334.387, -64.0794, 49.2792, -99.273, 486.424, 39.2845, 0.938866, 10.8047, 1.04962, -121.914, 1.30468, 129.232
5174, 86.23333, 334.094, -64.0839, 49.3217, -99.138, 485.898, 39.2604, 0.938389, 10.7988, 1.04945, -121.923, 1.30389, 129.214
5175, 86.24167, 333.802, -64.0884, 49.3646, -99.0033, 485.373, 39.2364, 0.937913, 10.7929, 1.04928, -121.932, 1.3031, 129.196
5175, 86.25000, 333.511, -64.093, 49.4078, -98.869, 484.85, 39.2124, 0.937438, 10.7871, 1.04911, -121.941, 1.30231, 129.178
5176, 86.25833, 333.22, -64.0975, 49.4514, -98.7351, 484.327, 39.1884, 0.936965, 10.7812, 1.04894, -121.95, 1.30152, 129.16
5176, 86.26667, 332.93, -64.102, 49.4953, -98.6015, 483.805, 39.1645, 0.936492, 10.7754, 1.04877, -121.959, 1.30073, 129.143
5177, 86.27500, 332.641, -64.1064, 49.5395, -98.4683, 483.284, 39.1407, 0.93602, 10.7696, 1.0486, -121.968, 1.29994, 129.125
5177, 86.28333, 332.352, -64.1109, 49.584, -98.3355, 482.765, 39.1168, 0.935549, 10.7638, 1.04844, -121.977, 1.29916, 129.107
5178, 86.29166, 332.063, -64.1154, 49.6289, -98.203, 482.246, 39.0931, 0.93508, 10.758, 1.04827, -121.986, 1.29838, 129.09
5178, 86.30000, 331.775, -64.1198, 49.6742, -98.0709, 481.728, 39.0693, 0.934611, 10.7522, 1.04811, -121.995, 1.2976, 129.072
5178, 86.30833, 331.488, -64.1242, 49.7197, -97.9392, 481.211, 39.0456, 0.934143, 10.7464, 1.04794, -122.004, 1.29682, 129.054
5179, 86.31667, 331.201, -64.1286, 49.7656, -97.8078, 480.695, 39.022, 0.933676, 10.7407, 1.04778, -122.013, 1.29604, 129.037
5180, 86.32500, 330.915, -64.133, 49.8118, -97.6768, 480.181, 38.9983, 0.933211, 10.7349, 1.04761, -122.022, 1.29527, 129.019
5180, 86.33334, 330.63, -64.1374, 49.8583, -97.5461, 479.667, 38.9748, 0.932746, 10.7292, 1.04745, -122.031, 1.29449, 129.002
5181, 86.34167, 330.345, -64.1418, 49.9052, -97.4158, 479.154, 38.9512, 0.932282, 10.7235, 1.04729, -122.039, 1.29372, 128.984
5181, 86.35000, 330.06, -64.1461, 49.9524, -97.2859, 478.642, 38.9277, 0.931819, 10.7178, 1.04712, -122.048, 1.29295, 128.967
5182, 86.35833, 329.776, -64.1505, 49.9998, -97.1564, 478.131, 38.9043, 0.931358, 10.7122, 1.04696, -122.057, 1.29218, 128.95
5182, 86.36667, 329.493, -64.1548, 50.0477, -97.0272, 477.621, 38.8809, 0.930897, 10.7065, 1.0468, -122.066, 1.29142, 128.932
5183, 86.37500, 329.21, -64.1591, 50.0958, -96.8984, 477.112, 38.8575, 0.930437, 10.7009, 1.04664, -122.075, 1.29065, 128.915
5183, 86.38333, 328.928, -64.1634, 50.1442, -96.77, 476.604, 38.8341, 0.929978, 10.6952, 1.04648, -122.084, 1.28989, 128.898
5184, 86.39167, 328.647, -64.1677, 50.193, -96.6419, 476.097, 38.8108, 0.92952, 10.6896, 1.04632, -122.092, 1.28913, 128.881
5184, 86.40000, 328.366, -64.172, 50.2421, -96.5142, 475.591, 38.7876, 0.929063, 10.684, 1.04616, -122.101, 1.28837, 128.863
5185, 86.40833, 328.085, -64.1762, 50.2914, -96.3869, 475.086, 38.7644, 0.928607, 10.6784, 1.046, -122.11, 1.28761, 128.846
5185, 86.41666, 327.805, -64.1805, 50.3411, -96.26, 474.582, 38.7412, 0.928152, 10.6729, 1.04585, -122.119, 1.28685, 128.829
5186, 86.42500, 327.526, -64.1847, 50.3911, -96.1334, 474.079, 38.718, 0.927698, 10.6673, 1.04569, -122.127, 1.2861, 128.812
5186, 86.43333, 327.247, -64.1889, 50.4414, -96.0072, 473.577, 38.6949, 0.927245, 10.6618, 1.04553, -122.136, 1.28534, 128.795
5186, 86.44167, 326.969, -64.1931, 50.492, -95.8813, 473.076, 38.6719, 0.926792, 10.6562, 1.04538, -122.145, 1.28459, 128.778
5187, 86.45000, 326.691, -64.1973, 50.5429, -95.7559, 472.575, 38.6489, 0.926341, 10.6507, 1.04522, -122.154, 1.28384, 128.761
5188, 86.45834, 326.414, -64.2015, 50.5941, -95.6308, 472.076, 38.6259, 0.925891, 10.6452, 1.04506, -122.162, 1.28309, 128.745
5188, 86.46667, 326.138, -64.2057, 50.6456, -95.5061, 471.577, 38.6029, 0.925441, 10.6397, 1.04491, -122.171, 1.28234, 128.728
5189, 86.47500, 325.862, -64.2098, 50.6974, -95.3817, 471.08, 38.58, 0.924993, 10.6343, 1.04476, -122.18, 1.2816, 128.711
5189, 86.48333, 325.586, -64.214, 50.7495, -95.2578, 470.583, 38.5571, 0.924545, 10.6288, 1.0446, -122.188, 1.28085, 128.694
5190, 86.49167, 325.311, -64.2181, 50.8019, -95.1341, 470.088, 38.5343, 0.924098, 10.6234, 1.04445, -122.197, 1.28011, 128.677
5190, 86.50000, 325.037, -64.2222, 50.8546, -95.0109, 469.593, 38.5115, 0.923653, 10.6179, 1.0443, -122.206, 1.27937, 128.661
5191, 86.50833, 324.763, -64.2263, 50.9076, -94.8881, 469.099, 38.4888, 0.923208, 10.6125, 1.04415, -122.214, 1.27863, 128.644
5191, 86.51667, 324.489, -64.2304, 50.9609, -94.7656, 468.606, 38.466, 0.922764, 10.6071, 1.044, -122.223, 1.2779, 128.627
5191, 86.52500, 324.217, -64.2345, 51.0144, -94.6435, 468.114, 38.4434, 0.922321, 10.6018, 1.04385, -122.231, 1.27716, 128.611
5192, 86.53333, 323.944, -64.2385, 51.0683, -94.5217, 467.623, 38.4207, 0.921879, 10.5964, 1.0437, -122.24, 1.27643, 128.594
5193, 86.54166, 323.673, -64.2426, 51.1224, -94.4004, 467.133, 38.3981, 0.921438, 10.591, 1.04355, -122.249, 1.27569, 128.578
5193, 86.55000, 323.401, -64.2466, 51.1768, -94.2794, 466.644, 38.3755, 0.920998, 10.5857, 1.0434, -122.257, 1.27496, 128.561
5194, 86.55833, 323.131, -64.2506, 51.2315, -94.1588, 466.156, 38.353, 0.920558, 10.5804, 1.04325, -122.266, 1.27423, 128.545
5194, 86.56667, 322.86, -64.2546, 51.2865, -94.0385, 465.668, 38.3305, 0.92012, 10.575, 1.0431, -122.274, 1.2735, 128.529
5194, 86.57500, 322.591, -64.2586, 51.3418, -93.9186, 465.182, 38.3081, 0.919682, 10.5697, 1.04295, -122.283, 1.27278, 128.512
5195, 86.58334, 322.322, -64.2626, 51.3973, -93.7991, 464.696, 38.2856, 0.919246, 10.5645, 1.04281, -122.291, 1.27205, 128.496
5196, 86.59167, 322.053, -64.2666, 51.4531, -93.68, 464.211, 38.2632, 0.91881, 10.5592, 1.04266, -122.3, 1.27133, 128.48
5196, 86.60000, 321.785, -64.2705, 51.5092, -93.5613, 463.728, 38.2409, 0.918375, 10.5539, 1.04252, -122.308, 1.27061, 128.463
5197, 86.60833, 321.517, -64.2745, 51.5656, -93.4429, 463.245, 38.2186, 0.917941, 10.5487, 1.04237, -122.317, 1.26989, 128.447
5197, 86.61667, 321.25, -64.2784, 51.6223, -93.3249, 462.763, 38.1963, 0.917508, 10.5435, 1.04223, -122.325, 1.26917, 128.431
5198, 86.62500, 320.984, -64.2823, 51.6792, -93.2072, 462.282, 38.1741, 0.917076, 10.5382, 1.04208, -122.334, 1.26845, 128.415
5198, 86.63333, 320.718, -64.2862, 51.7364, -93.09, 461.802, 38.1519, 0.916644, 10.533, 1.04194, -122.342, 1.26774, 128.399
5199, 86.64167, 320.452, -64.2901, 51.7938, -92.9731, 461.322, 38.1297, 0.916214, 10.5278, 1.0418, -122.351, 1.26702, 128.383
5199, 86.65000, 320.187, -64.294, 51.8516, -92.8566, 460.844, 38.1076, 0.915784, 10.5227, 1.04165, -122.359, 1.26631, 128.367
5199, 86.65833, 319.923, -64.2979, 51.9095, -92.7404, 460.366, 38.0855, 0.915356, 10.5175, 1.04151, -122.367, 1.2656, 128.351
5200, 86.66666, 319.659, -64.3017, 51.9678, -92.6246, 459.889, 38.0634, 0.914928, 10.5124, 1.04137, -122.376, 1.26489, 128.335
5201, 86.67500, 319.395, -64.3056, 52.0263, -92.5092, 459.414, 38.0414, 0.914501, 10.5072, 1.04123, -122.384, 1.26418, 128.319
5201, 86.68333, 319.133, -64.3094, 52.0851, -92.3942, 458.939, 38.0194, 0.914075, 10.5021, 1.04109, -122.393, 1.26348, 128.303
5202, 86.69167, 318.87, -64.3132, 52.1442, -92.2795, 458.464, 37.9974, 0.913649, 10.497, 1.04095, -122.401, 1.26277, 128.287
5202, 86.70000, 318.608, -64.317, 52.2035, -92.1652, 457.991, 37.9755, 0.913225, 10.4919, 1.04081, -122.409, 1.26207, 128.271
5203, 86.70834, 318.347, -64.3208, 52.263, -92.0513, 457.519, 37.9536, 0.912801, 10.4868, 1.04067, -122.418, 1.26137, 128.255
5203, 86.71667, 318.086, -64.3246, 52.3228, -91.9377, 457.047, 37.9317, 0.912378, 10.4818, 1.04053, -122.426, 1.26067, 128.24
5204, 86.72500, 317.825, -64.3284, 52.3829, -91.8245, 456.577, 37.9099, 0.911956, 10.4767, 1.0404, -122.434, 1.25997, 128.224
5204, 86.73333, 317.565, -64.3321, 52.4432, -91.7117, 456.107, 37.8881, 0.911535, 10.4717, 1.04026, -122.443, 1.25927, 128.208
5205, 86.74167, 317.306, -64.3359, 52.5038, -91.5993, 455.638, 37.8664, 0.911115, 10.4666, 1.04012, -122.451, 1.25857, 128.193
5205, 86.75000, 317.047, -64.3396, 52.5647, -91.4872, 455.17, 37.8447, 0.910696, 10.4616, 1.03999, -122.459, 1.25788, 128.177
5206, 86.75833, 316.788, -64.3433, 52.6258, -91.3755, 454.703, 37.823, 0.910277, 10.4566, 1.03985, -122.468, 1.25719, 128.161
5206, 86.76667, 316.53, -64.3471, 52.6871, -91.2641, 454.236, 37.8013, 0.90986, 10.4516, 1.03972, -122.476, 1.2565, 128.146
5207, 86.77500, 316.273, -64.3507, 52.7487, -91.1531, 453.771, 37.7797, 0.909443, 10.4467, 1.03958, -122.484, 1.25581, 128.13
5207, 86.78333, 316.016, -64.3544, 52.8105, -91.0425, 453.306, 37.7581, 0.909027, 10.4417, 1.03945, -122.492, 1.25512, 128.115
5207, 86.79166, 315.759, -64.3581, 52.8726, -90.9323, 452.842, 37.7366, 0.908611, 10.4368, 1.03931, -122.501, 1.25443, 128.099
5208, 86.80000, 315.503, -64.3618, 52.9349, -90.8224, 452.379, 37.7151, 0.908197, 10.4318, 1.03918, -122.509, 1.25374, 128.084
5209, 86.80833, 315.247, -64.3654, 52.9974, -90.7129, 451.917, 37.6936, 0.907783, 10.4269, 1.03905, -122.517, 1.25306, 128.069
5209, 86.81667, 314.992, -64.369, 53.0602, -90.6037, 451.456, 37.6721, 0.907371, 10.422, 1.03892, -122.525, 1.25238, 128.053
5210, 86.82500, 314.738, -64.3727, 53.1233, -90.4949, 450.995, 37.6507, 0.906959, 10.4171, 1.03879, -122.534, 1.2517, 128.038
5210, 86.83334, 314.484, -64.3763, 53.1866, -90.3865, 450.535, 37.6294, 0.906547, 10.4122, 1.03866, -122.542, 1.25102, 128.023
5211, 86.84167, 314.23, -64.3799, 53.2501, -90.2784, 450.076, 37.608, 0.906137, 10.4074, 1.03853, -122.55, 1.25034, 128.007
5211, 86.85000, 313.977, -64.3835, 53.3138, -90.1707, 449.618, 37.5867, 0.905728, 10.4025, 1.0384, -122.558, 1.24966, 127.992
5212, 86.85833, 313.724, -64.387, 53.3778, -90.0634, 449.161, 37.5654, 0.905319, 10.3977, 1.03827, -122.566, 1.24899, 127.977
5212, 86.86667, 313.472, -64.3906, 53.442, -89.9564, 448.705, 37.5441, 0.904911, 10.3928, 1.03814, -122.575, 1.24831, 127.962
5213, 86.87500, 313.22, -64.3942, 53.5065, -89.8498, 448.249, 37.5229, 0.904504, 10.388, 1.03801, -122.583, 1.24764, 127.947
5213, 86.88333, 312.969, -64.3977, 53.5712, -89.7435, 447.794, 37.5017, 0.904097, 10.3832, 1.03788, -122.591, 1.24697, 127.932
5214, 86.89167, 312.718, -64.4012, 53.6361, -89.6376, 447.34, 37.4806, 0.903692, 10.3784, 1.03776, -122.599, 1.2463, 127.916
5214, 86.90000, 312.467, -64.4047, 53.7012, -89.5321, 446.887, 37.4595, 0.903287, 10.3736, 1.03763, -122.607, 1.24563, 127.901
5215, 86.90833, 312.217, -64.4083, 53.7666, -89.4269, 446.435, 37.4384, 0.902883, 10.3689, 1.0375, -122.615, 1.24496, 127.886
5215, 86.91666, 311.968, -64.4118, 53.8322, -89.3221, 445.983, 37.4173, 0.90248, 10.3641, 1.03738, -122.623, 1.2443, 127.872
5215, 86.92500, 311.719, -64.4152, 53.898, -89.2176, 445.532, 37.3963, 0.902078, 10.3594, 1.03725, -122.632, 1.24363, 127.857
5216, 86.93333, 311.47, -64.4187, 53.9641, -89.1135, 445.082, 37.3753, 0.901676, 10.3547, 1.03713, -122.64, 1.24297, 127.842
5217, 86.94167, 311.222, -64.4222, 54.0304, -89.0098, 444.633, 37.3543, 0.901275, 10.3499, 1.037, -122.648, 1.24231, 127.827
5217, 86.95000, 310.975, -64.4256, 54.0968, -88.9064, 444.185, 37.3334, 0.900875, 10.3452, 1.03688, -122.656, 1.24165, 127.812
5218, 86.95834, 310.728, -64.429, 54.1636, -88.8034, 443.737, 37.3125, 0.900476, 10.3406, 1.03676, -122.664, 1.24099, 127.797
5218, 86.96667, 310.481, -64.4325, 54.2305, -88.7007, 443.291, 37.2916, 0.900077, 10.3359, 1.03663, -122.672, 1.24033, 127.782
5219, 86.97500, 310.235, -64.4359, 54.2976, -88.5983, 442.845, 37.2708, 0.89968, 10.3312, 1.03651, -122.68, 1.23968, 127.768
5219, 86.98333, 309.989, -64.4393, 54.365, -88.4964, 442.399, 37.25, 0.899283, 10.3266, 1.03639, -122.688, 1.23902, 127.753
5220, 86.99167, 309.744, -64.4427, 54.4326, -88.3947, 441.955, 37.2292, 0.898886, 10.3219, 1.03627, -122.696, 1.23837, 127.738
5220, 87.00000, 309.499, -64.4461, 54.5004, -88.2934, 441.511, 37.2085, 0.898491, 10.3173, 1.03615, -122.704, 1.23772, 127.724
5221, 87.00833, 309.254, -64.4494, 54.5684, -88.1925, 441.068, 37.1877, 0.898096, 10.3127, 1.03603, -122.712, 1.23707, 127.709
5221, 87.01667, 309.01, -64.4528, 54.6366, -88.092, 440.626, 37.167, 0.897702, 10.3081, 1.03591, -122.72, 1.23642, 127.694
5222, 87.02500, 308.767, -64.4561, 54.7051, -87.9917, 440.185, 37.1464, 0.897309, 10.3035, 1.03579, -122.728, 1.23577, 127.68
5222, 87.03333, 308.524, -64.4595, 54.7737, -87.8919, 439.744, 37.1258, 0.896917, 10.2989, 1.03567, -122.736, 1.23512, 127.665
5223, 87.04166, 308.281, -64.4628, 54.8426, -87.7923, 439.305, 37.1052, 0.896525, 10.2944, 1.03555, -122.744, 1.23448, 127.651
5223, 87.05000, 308.039, -64.4661, 54.9116, -87.6932, 438.866, 37.0846, 0.896134, 10.2898, 1.03544, -122.752, 1.23383, 127.636
5223, 87.05833, 307.797, -64.4694, 54.9809, -87.5943, 438.427, 37.0641, 0.895744, 10.2853, 1.03532, -122.76, 1.23319, 127.622
5224, 87.06667, 307.556, -64.4727, 55.0504, -87.4958, 437.99, 37.0436, 0.895355, 10.2808, 1.0352, -122.768, 1.23255, 127.608
5225, 87.07500, 307.315, -64.476, 55.12, -87.3977, 437.553, 37.0231, 0.894966, 10.2762, 1.03509, -122.776, 1.23191, 127.593
5225, 87.08334, 307.074, -64.4792, 55.1899, -87.2999, 437.117, 37.0027, 0.894578, 10.2717, 1.03497, -122.784, 1.23127, 127.579
5226, 87.09167, 306.834, -64.4825, 55.26, -87.2025, 436.682, 36.9822, 0.894191, 10.2673, 1.03486, -122.792, 1.23063, 127.565
5226, 87.10000, 306.595, -64.4857, 55.3303, -87.1053, 436.248, 36.9618, 0.893804, 10.2628, 1.03474, -122.8, 1.23, 127.55
5227, 87.10833, 306.356, -64.489, 55.4008, -87.0086, 435.814, 36.9415, 0.893419, 10.2583, 1.03463, -122.808, 1.22936, 127.536
5227, 87.11667, 306.117, -64.4922, 55.4715, -86.9122, 435.381, 36.9212, 0.893034, 10.2539, 1.03451, -122.816, 1.22873, 127.522
5228, 87.12500, 305.879, -64.4954, 55.5424, -86.8161, 434.949, 36.9009, 0.892649, 10.2494, 1.0344, -122.824, 1.2281, 127.508
5228, 87.13333, 305.641, -64.4986, 55.6134, -86.7203, 434.518, 36.8806, 0.892266, 10.245, 1.03429, -122.832, 1.22747, 127.493
5229, 87.14167, 305.403, -64.5018, 55.6847, -86.6249, 434.087, 36.8604, 0.891883, 10.2406, 1.03418, -122.839, 1.22684, 127.479
5229, 87.15000, 305.166, -64.505, 55.7562, -86.5299, 433.657, 36.8401, 0.891501, 10.2362, 1.03406, -122.847, 1.22621, 127.465
5230, 87.15833, 304.93, -64.5081, 55.8279, -86.4351, 433.228, 36.82, 0.891119, 10.2318, 1.03395, -122.855, 1.22559, 127.451
5230, 87.16666, 304.694, -64.5113, 55.8997, -86.3407, 432.799, 36.7998, 0.890739, 10.2274, 1.03384, -122.863, 1.22496, 127.437
5231, 87.17500, 304.458, -64.5144, 55.9718, -86.2467, 432.372, 36.7797, 0.890359, 10.2231, 1.03373, -122.871, 1.22434, 127.423
5231, 87.18333, 304.223, -64.5176, 56.044, -86.153, 431.945, 36.7596, 0.88998, 10.2187, 1.03362, -122.879, 1.22371, 127.409
5231, 87.19167, 303.988, -64.5207, 56.1165, -86.0596, 431.518, 36.7395, 0.889601, 10.2144, 1.03351, -122.887, 1.22309, 127.395
5232, 87.20000, 303.753, -64.5238, 56.1891, -85.9665, 431.093, 36.7195, 0.889223, 10.21, 1.03341, -122.895, 1.22247, 127.381
5233, 87.20834, 303.519, -64.5269, 56.2619, -85.8738, 430.668, 36.6995, 0.888846, 10.2057, 1.0333, -122.902, 1.22185, 127.367
5233, 87.21667, 303.286, -64.53, 56.3349, -85.7814, 430.244, 36.6795, 0.88847, 10.2014, 1.03319, -122.91, 1.22123, 127.353
5234, 87.22500, 303.052, -64.5331, 56.4081, -85.6894, 429.821, 36.6595, 0.888094, 10.1971, 1.03308, -122.918, 1.22062, 127.34
5234, 87.23333, 302.82, -64.5361, 56.4814, -85.5977, 429.398, 36.6396, 0.887719, 10.1928, 1.03298, -122.926, 1.22, 127.326
5235, 87.24167, 302.587, -64.5392, 56.555, -85.5063, 428.976, 36.6197, 0.887345, 10.1886, 1.03287, -122.934, 1.21939, 127.312
5235, 87.25000, 302.355, -64.5422, 56.6287, -85.4152, 428.555, 36.5998, 0.886971, 10.1843, 1.03276, -122.942, 1.21878, 127.298
5236, 87.25833, 302.124, -64.5453, 56.7027, -85.3245, 428.134, 36.58, 0.886598, 10.1801, 1.03266, -122.949, 1.21817, 127.284
5236, 87.26667, 301.893, -64.5483, 56.7768, -85.2341, 427.715, 36.5602, 0.886226, 10.1758, 1.03255, -122.957, 1.21756, 127.271
5237, 87.27500, 301.662, -64.5513, 56.851, -85.144, 427.296, 36.5404, 0.885855, 10.1716, 1.03245, -122.965, 1.21695, 127.257
5237, 87.28333, 301.432, -64.5543, 56.9255, -85.0542, 426.877, 36.5206, 0.885484, 10.1674, 1.03235, -122.973, 1.21634, 127.243
5238, 87.29166, 301.202, -64.5573, 57.0001, -84.9648, 426.46, 36.5009, 0.885114, 10.1632, 1.03224, -122.981, 1.21573, 127.23
5238, 87.30000, 300.972, -64.5603, 57.075, -84.8757, 426.043, 36.4812, 0.884744, 10.159, 1.03214, -122.988, 1.21513, 127.216
5239, 87.30833, 300.743, -64.5633, 57.1499, -84.7869, 425.627, 36.4615, 0.884376, 10.1549, 1.03204, -122.996, 1.21452, 127.203
5239, 87.31667, 300.515, -64.5663, 57.2251, -84.6984, 425.211, 36.4418, 0.884007, 10.1507, 1.03193, -123.004, 1.21392, 127.189
5239, 87.32500, 300.286, -64.5692, 57.3005, -84.6103, 424.796, 36.4222, 0.88364, 10.1466, 1.03183, -123.012, 1.21332, 127.176
5240, 87.33334, 300.059, -64.5721, 57.376, -84.5225, 424.382, 36.4026, 0.883273, 10.1424, 1.03173, -123.019, 1.21272, 127.162
5241, 87.34167, 299.831, -64.5751, 57.4517, -84.4349, 423.969, 36.383, 0.882907, 10.1383, 1.03163, -123.027, 1.21212, 127.149
5241, 87.35000, 299.604, -64.578, 57.5275, -84.3478, 423.556, 36.3635, 0.882542, 10.1342, 1.03153, -123.035, 1.21152, 127.135
5242, 87.35833, 299.377, -64.5809, 57.6036, -84.2609, 423.144, 36.3439, 0.882177, 10.1301, 1.03143, -123.043, 1.21093, 127.122
5242, 87.36667, 299.151, -64.5838, 57.6798, -84.1743, 422.733, 36.3244, 0.881813, 10.126, 1.03133, -123.05, 1.21033, 127.108
5243, 87.37500, 298.925, -64.5867, 57.7561, -84.0881, 422.322, 36.305, 0.88145, 10.1219, 1.03123, -123.058, 1.20974, 127.095
5243, 87.38333, 298.7, -64.5896, 57.8327, -84.0022, 421.913, 36.2855, 0.881087, 10.1178, 1.03114, -123.066, 1.20914, 127.082
5244, 87.39167, 298.475, -64.5925, 57.9094, -83.9166, 421.503, 36.2661, 0.880725, 10.1138, 1.03104, -123.073, 1.20855, 127.068
5244, 87.40000, 298.25, -64.5953, 57.9863, -83.8313, 421.095, 36.2467, 0.880364, 10.1097, 1.03094, -123.081, 1.20796, 127.055
5245, 87.40833, 298.026, -64.5982, 58.0633, -83.7463, 420.687, 36.2274, 0.880003, 10.1057, 1.03084, -123.089, 1.20737, 127.042
5245, 87.41666, 297.802, -64.601, 58.1405, -83.6616, 420.28, 36.208, 0.879643, 10.1017, 1.03075, -123.096, 1.20678, 127.029
5246, 87.42500, 297.578, -64.6038, 58.2179, -83.5773, 419.873, 36.1887, 0.879284, 10.0977, 1.03065, -123.104, 1.2062, 127.016
5246, 87.43333, 297.355, -64.6067, 58.2954, -83.4932, 419.467, 36.1694, 0.878925, 10.0937, 1.03056, -123.112, 1.20561, 127.002
5247, 87.44167, 297.132, -64.6095, 58.3731, -83.4095, 419.062, 36.1501, 0.878567, 10.0897, 1.03046, -123.12, 1.20503, 126.989
5247, 87.45000, 296.91, -64.6123, 58.4509, -83.326, 418.658, 36.1309, 0.878209, 10.0857, 1.03037, -123.127, 1.20444, 126.976
5247, 87.45834, 296.688, -64.6151, 58.529, -83.2429, 418.254, 36.1117, 0.877853, 10.0818, 1.03027, -123.135, 1.20386, 126.963
5248, 87.46667, 296.467, -64.6178, 58.6071, -83.1601, 417.851, 36.0925, 0.877496, 10.0778, 1.03018, -123.143, 1.20328, 126.95
5249, 87.47500, 296.245, -64.6206, 58.6855, -83.0776, 417.448, 36.0733, 0.877141, 10.0739, 1.03009, -123.15, 1.2027, 126.937
5249, 87.48333, 296.025, -64.6234, 58.764, -82.9954, 417.047, 36.0542, 0.876786, 10.07, 1.02999, -123.158, 1.20212, 126.924
5250, 87.49167, 295.804, -64.6261, 58.8426, -82.9135, 416.645, 36.0351, 0.876432, 10.066, 1.0299, -123.165, 1.20154, 126.911
5250, 87.50000, 295.584, -64.6289, 58.9214, -82.8319, 416.245, 36.016, 0.876078, 10.0621, 1.02981, -123.173, 1.20097, 126.898
5251, 87.50833, 295.365, -64.6316, 59.0004, -82.7506, 415.845, 35.9969, 0.875726, 10.0582, 1.02972, -123.181, 1.20039, 126.885
5251, 87.51667, 295.145, -64.6343, 59.0795, -82.6696, 415.446, 35.9779, 0.875373, 10.0544, 1.02963, -123.188, 1.19982, 126.872
5252, 87.52500, 294.926, -64.637, 59.1588, -82.5889, 415.048, 35.9589, 0.875022, 10.0505, 1.02954, -123.196, 1.19925, 126.859
5252, 87.53333, 294.708, -64.6397, 59.2382, -82.5085, 414.65, 35.9399, 0.874671, 10.0466, 1.02945, -123.204, 1.19867, 126.846
5253, 87.54166, 294.49, -64.6424, 59.3178, -82.4284, 414.253, 35.9209, 0.87432, 10.0428, 1.02936, -123.211, 1.1981, 126.834
5253, 87.55000, 294.272, -64.6451, 59.3975, -82.3485, 413.856, 35.902, 0.87397, 10.039, 1.02927, -123.219, 1.19754, 126.821
5254, 87.55833, 294.055, -64.6478, 59.4774, -82.269, 413.46, 35.8831, 0.873621, 10.0351, 1.02918, -123.226, 1.19697, 126.808
5254, 87.56667, 293.838, -64.6504, 59.5574, -82.1898, 413.065, 35.8642, 0.873273, 10.0313, 1.02909, -123.234, 1.1964, 126.795
5255, 87.57500, 293.621, -64.6531, 59.6376, -82.1109, 412.67, 35.8453, 0.872925, 10.0275, 1.029, -123.242, 1.19583, 126.782
5255, 87.58334, 293.405, -64.6557, 59.7179, -82.0323, 412.277, 35.8265, 0.872578, 10.0237, 1.02892, -123.249, 1.19527, 126.77
5255, 87.59167, 293.189, -64.6583, 59.7984, -81.9539, 411.883, 35.8077, 0.872231, 10.02, 1.02883, -123.257, 1.19471, 126.757
5256, 87.60000, 292.973, -64.661, 59.8791, -81.8759, 411.491, 35.7889, 0.871885, 10.0162, 1.02874, -123.264, 1.19414, 126.744
5257, 87.60833, 292.758, -64.6636, 59.9598, -81.7981, 411.099, 35.7701, 0.87154, 10.0124, 1.02866, -123.272, 1.19358, 126.732
5257, 87.61667, 292.543, -64.6662, 60.0407, -81.7207, 410.707, 35.7513, 0.871195, 10.0087, 1.02857, -123.279, 1.19302, 126.719
5258, 87.62500, 292.329, -64.6688, 60.1218, -81.6435, 410.317, 35.7326, 0.870851, 10.005, 1.02849, -123.287, 1.19246, 126.707
5258, 87.63333, 292.115, -64.6714, 60.203, -81.5666, 409.926, 35.7139, 0.870507, 10.0012, 1.0284, -123.295, 1.1919, 126.694
5259, 87.64167, 291.901, -64.6739, 60.2844, -81.49, 409.537, 35.6952, 0.870164, 9.99753, 1.02832, -123.302, 1.19135, 126.681
5259, 87.65000, 291.688, -64.6765, 60.3659, -81.4137, 409.148, 35.6766, 0.869822, 9.99383, 1.02824, -123.31, 1.19079, 126.669
5260, 87.65833, 291.475, -64.679, 60.4475, -81.3377, 408.76, 35.6579, 0.86948, 9.99014, 1.02815, -123.317, 1.19024, 126.656
5260, 87.66666, 291.262, -64.6816, 60.5293, -81.2619, 408.372, 35.6393, 0.869139, 9.98646, 1.02807, -123.325, 1.18968, 126.644
5261, 87.67500, 291.05, -64.6841, 60.6112, -81.1864, 407.986, 35.6208, 0.868799, 9.9828, 1.02799, -123.332, 1.18913, 126.632
5261, 87.68333, 290.838, -64.6867, 60.6932, -81.1113, 407.599, 35.6022, 0.868459, 9.97915, 1.02791, -123.34, 1.18858, 126.619
5262, 87.69167, 290.627, -64.6892, 60.7754, -81.0364, 407.214, 35.5837, 0.868119, 9.9755, 1.02783, -123.347, 1.18803, 126.607
5262, 87.70000, 290.416, -64.6917, 60.8578, -80.9618, 406.828, 35.5651, 0.867781, 9.97187, 1.02774, -123.355, 1.18748, 126.594
5263, 87.70834, 290.205, -64.6942, 60.9403, -80.8874, 406.444, 35.5466, 0.867443, 9.96825, 1.02766, -123.362, 1.18693, 126.582
5263, 87.71667, 289.994, -64.6967, 61.0229, -80.8134, 406.06, 35.5282, 0.867105, 9.96464, 1.02758, -123.37, 1.18639, 126.57
5263, 87.72500, 289.784, -64.6991, 61.1056, -80.7396, 405.677, 35.5097, 0.866768, 9.96104, 1.0275, -123.377, 1.18584, 126.557
5264, 87.73333, 289.575, -64.7016, 61.1885, -80.6661, 405.294, 35.4913, 0.866432, 9.95746, 1.02743, -123.385, 1.18529, 126.545
5265, 87.74167, 289.365, -64.7041, 61.2715, -80.5928, 404.912, 35.4729, 0.866096, 9.95388, 1.02735, -123.393, 1.18475, 126.533
5265, 87.75000, 289.156, -64.7065, 61.3547, -80.5199, 404.531, 35.4545, 0.865761, 9.95032, 1.02727, -123.4, 1.18421, 126.521
5266, 87.75833, 288.948, -64.709, 61.438, -80.4472, 404.15, 35.4361, 0.865426, 9.94676, 1.02719, -123.408, 1.18367, 126.508
5266, 87.76667, 288.739, -64.7114, 61.5214, -80.3748, 403.77, 35.4178, 0.865092, 9.94322, 1.02711, -123.415, 1.18313, 126.496
5267, 87.77500, 288.531, -64.7138, 61.6049, -80.3027, 403.391, 35.3995, 0.864759, 9.93969, 1.02704, -123.423, 1.18259, 126.484
5267, 87.78333, 288.324, -64.7162, 61.6886, -80.2308, 403.012, 35.3812, 0.864426, 9.93617, 1.02696, -123.43, 1.18205, 126.472
5268, 87.79166, 288.116, -64.7186, 61.7724, -80.1592, 402.633, 35.3629, 0.864094, 9.93266, 1.02688, -123.437, 1.18151, 126.46
5268, 87.80000, 287.91, -64.721, 61.8564, -80.0879, 402.256, 35.3447, 0.863762, 9.92916, 1.02681, -123.445, 1.18098, 126.448
5269, 87.80833, 287.703, -64.7234, 61.9405, -80.0169, 401.879, 35.3265, 0.863431, 9.92568, 1.02673, -123.452, 1.18044, 126.436
5269, 87.81667, 287.497, -64.7258, 62.0247, -79.9461, 401.502, 35.3082, 0.863101, 9.9222, 1.02666, -123.46, 1.17991, 126.424
5270, 87.82500, 287.291, -64.7282, 62.109, -79.8756, 401.126, 35.2901, 0.862771, 9.91873, 1.02658, -123.467, 1.17937, 126.412
5270, 87.83334, 287.085, -64.7305, 62.1935, -79.8053, 400.751, 35.2719, 0.862442, 9.91528, 1.02651, -123.475, 1.17884, 126.4
5271, 87.84167, 286.88, -64.7329, 62.2781, -79.7353, 400.376, 35.2538, 0.862113, 9.91184, 1.02644, -123.482, 1.17831, 126.388
5271, 87.85000, 286.675, -64.7352, 62.3628, -79.6656, 400.002, 35.2356, 0.861785, 9.9084, 1.02636, -123.49, 1.17778, 126.376
5271, 87.85833, 286.471, -64.7375, 62.4476, -79.5962, 399.629, 35.2175, 0.861457, 9.90498, 1.02629, -123.497, 1.17725, 126.364
5272, 87.86667, 286.267, -64.7399, 62.5326, -79.527, 399.256, 35.1995, 0.86113, 9.90157, 1.02622, -123.505, 1.17672, 126.352
5273, 87.87500, 286.063, -64.7422, 62.6177, -79.4581, 398.883, 35.1814, 0.860804, 9.89817, 1.02615, -123.512, 1.1762, 126.34
5273, 87.88333, 285.86, -64.7445, 62.7029, -79.3894, 398.512, 35.1634, 0.860478, 9.89478, 1.02608, -123.52, 1.17567, 126.328
5274, 87.89167, 285.656, -64.7468, 62.7883, -79.321, 398.14, 35.1454, 0.860152, 9.89141, 1.02601, -123.527, 1.17515, 126.316
5274, 87.90000, 285.454, -64.7491, 62.8737, -79.2528, 397.77, 35.1274, 0.859828, 9.88804, 1.02594, -123.534, 1.17462, 126.304
5275, 87.90833, 285.251, -64.7513, 62.9593, -79.1849, 397.4, 35.1094, 0.859503, 9.88469, 1.02587, -123.542, 1.1741, 126.293
5275, 87.91666, 285.049, -64.7536, 63.045, -79.1173, 397.03, 35.0914, 0.85918, 9.88134, 1.0258, -123.549, 1.17358, 126.281
5276, 87.92500, 284.847, -64.7559, 63.1309, -79.0499, 396.661, 35.0735, 0.858857, 9.87801, 1.02573, -123.557, 1.17306, 126.269
5276, 87.93333, 284.646, -64.7581, 63.2168, -78.9828, 396.293, 35.0556, 0.858534, 9.87468, 1.02566, -123.564, 1.17254, 126.257
5277, 87.94167, 284.445, -64.7604, 63.3029, -78.9159, 395.926, 35.0377, 0.858212, 9.87137, 1.02559, -123.572, 1.17202, 126.246
5277, 87.95000, 284.244, -64.7626, 63.3891, -78.8493, 395.558, 35.0198, 0.857891, 9.86807, 1.02552, -123.579, 1.1715, 126.234
5278, 87.95834, 284.043, -64.7648, 63.4754, -78.783, 395.192, 35.002, 0.85757, 9.86478, 1.02545, -123.586, 1.17099, 126.222
5278, 87.96667, 283.843, -64.767, 63.5619, -78.7169, 394.826, 34.9842, 0.857249, 9.8615, 1.02539, -123.594, 1.17047, 126.211
5279, 87.97500, 283.644, -64.7692, 63.6484, -78.651, 394.461, 34.9663, 0.85693, 9.85823, 1.02532, -123.601, 1.16996, 126.199
5279, 87.98333, 283.444, -64.7714, 63.7351, -78.5854, 394.096, 34.9486, 0.85661, 9.85497, 1.02525, -123.609, 1.16944, 126.187
5279, 87.99167, 283.245, -64.7736, 63.8219, -78.5201, 393.731, 34.9308, 0.856292, 9.85173, 1.02519, -123.616, 1.16893, 126.176
5280, 88.00000, 283.046, -64.7758, 63.9088, -78.4549, 393.368, 34.913, 0.855974, 9.84849, 1.02512, -123.624, 1.16842, 126.164
5281, 88.00833, 282.848, -64.778, 63.9958, -78.3901, 393.005, 34.8953, 0.855656, 9.84526, 1.02506, -123.631, 1.16791, 126.153
5281, 88.01667, 282.65, -64.7801, 64.0829, -78.3255, 392.642, 34.8776, 0.855339, 9.84205, 1.02499, -123.638, 1.1674, 126.141
5282, 88.02500, 282.452, -64.7823, 64.1702, -78.2611, 392.28, 34.8599, 0.855023, 9.83885, 1.02493, -123.646, 1.16689, 126.13
5282, 88.03333, 282.254, -64.7844, 64.2575, -78.197, 391.919, 34.8422, 0.854707, 9.83565, 1.02487, -123.653, 1.16639, 126.118
5283, 88.04166, 282.057, -64.7866, 64.345, -78.1331, 391.558, 34.8246, 0.854391, 9.83247, 1.0248, -123.661, 1.16588, 126.107
5283, 88.05000, 281.86, -64.7887, 64.4326, -78.0695, 391.197, 34.807, 0.854076, 9.8293, 1.02474, -123.668, 1.16537, 126.095
5284, 88.05833, 281.664, -64.7908, 64.5203, -78.0061, 390.838, 34.7894, 0.853762, 9.82614, 1.02468, -123.675, 1.16487, 126.084
5284, 88.06667, 281.468, -64.7929, 64.6081, -77.943, 390.478, 34.7718, 0.853448, 9.82299, 1.02462, -123.683, 1.16437, 126.073
5285, 88.07500, 281.272, -64.795, 64.6961, -77.8801, 390.12, 34.7542, 0.853135, 9.81985, 1.02456, -123.69, 1.16386, 126.061
5285, 88.08334, 281.076, -64.7971, 64.7841, -77.8174, 389.762, 34.7366, 0.852822, 9.81672, 1.02449, -123.698, 1.16336, 126.05
5286, 88.09167, 280.881, -64.7992, 64.8723, -77.755, 389.404, 34.7191, 0.85251, 9.8136, 1.02443, -123.705, 1.16286, 126.038
5286, 88.10000, 280.686, -64.8013, 64.9605, -77.6928, 389.047, 34.7016, 0.852198, 9.81049, 1.02437, -123.712, 1.16236, 126.027
5287, 88.10833, 280.491, -64.8034, 65.0489, -77.6308, 388.691, 34.6841, 0.851887, 9.80739, 1.02431, -123.72, 1.16186, 126.016
5287, 88.11667, 280.297, -64.8054, 65.1374, -77.5691, 388.335, 34.6666, 0.851576, 9.80431, 1.02425, -123.727, 1.16137, 126.005
5287, 88.12500, 280.103, -64.8075, 65.226, -77.5076, 387.979, 34.6492, 0.851266, 9.80123, 1.0242, -123.734, 1.16087, 125.993
5288, 88.13333, 279.91, -64.8095, 65.3147, -77.4464, 387.625, 34.6317, 0.850957, 9.79817, 1.02414, -123.742, 1.16038, 125.982
5289, 88.14167, 279.716, -64.8116, 65.4035, -77.3854, 387.27, 34.6143, 0.850647, 9.79511, 1.02408, -123.749, 1.15988, 125.971
5289, 88.15000, 279.523, -64.8136, 65.4924, -77.3246, 386.917, 34.5969, 0.850339, 9.79207, 1.02402, -123.757, 1.15939, 125.96
5290, 88.15833, 279.331, -64.8156, 65.5814, -77.2641, 386.563, 34.5795, 0.850031, 9.78903, 1.02396, -123.764, 1.15889, 125.949
5290, 88.16666, 279.138, -64.8176, 65.6706, -77.2038, 386.211, 34.5621, 0.849723, 9.78601, 1.02391, -123.771, 1.1584, 125.937
5291, 88.17500, 278.946, -64.8196, 65.7598, -77.1437, 385.859, 34.5448, 0.849416, 9.783, 1.02385, -123.779, 1.15791, 125.926
5291, 88.18333, 278.754, -64.8216, 65.8491, -77.0839, 385.507, 34.5275, 0.84911, 9.78, 1.02379, -123.786, 1.15742, 125.915
5292, 88.19167, 278.563, -64.8236, 65.9386, -77.0242, 385.156, 34.5102, 0.848804, 9.77701, 1.02374, -123.793, 1.15693, 125.904
5292, 88.20000, 278.372, -64.8256, 66.0281, -76.9649, 384.805, 34.4929, 0.848499, 9.77403, 1.02368, -123.801, 1.15645, 125.893
5293, 88.20834, 278.181, -64.8275, 66.1178, -76.9057, 384.456, 34.4756, 0.848194, 9.77106, 1.02363, -123.808, 1.15596, 125.882
5293, 88.21667, 277.99, -64.8295, 66.2076, -76.8468, 384.106, 34.4583, 0.847889, 9.7681, 1.02357, -123.815, 1.15547, 125.871
5294, 88.22500, 277.8, -64.8315, 66.2974, -76.7881, 383.757, 34.4411, 0.847585, 9.76515, 1.02352, -123.823, 1.15499, 125.86
5294, 88.23333, 277.61, -64.8334, 66.3874, -76.7296, 383.409, 34.4239, 0.847282, 9.76221, 1.02347, -123.83, 1.1545, 125.849
5295, 88.24167, 277.421, -64.8353, 66.4774, -76.6713, 383.061, 34.4067, 0.846979, 9.75928, 1.02341, -123.838, 1.15402, 125.838
5295, 88.25000, 277.231, -64.8373, 66.5676, -76.6133, 382.714, 34.3895, 0.846677, 9.75637, 1.02336, -123.845, 1.15354, 125.827
5295, 88.25833, 277.042, -64.8392, 66.6579, -76.5555, 382.367, 34.3723, 0.846375, 9.75346, 1.02331, -123.852, 1.15306, 125.816
5296, 88.26667, 276.854, -64.8411, 66.7483, -76.4979, 382.02, 34.3552, 0.846073, 9.75057, 1.02326, -123.86, 1.15258, 125.805
5297, 88.27500, 276.665, -64.843, 66.8387, -76.4406, 381.675, 34.3381, 0.845772, 9.74768, 1.0232, -123.867, 1.1521, 125.794
5297, 88.28333, 276.477, -64.8449, 66.9293, -76.3834, 381.329, 34.321, 0.845472, 9.74481, 1.02315, -123.874, 1.15162, 125.783
5298, 88.29166, 276.29, -64.8468, 67.02, -76.3265, 380.985, 34.3039, 0.845172, 9.74194, 1.0231, -123.882, 1.15114, 125.772
5298, 88.30000, 276.102, -64.8487, 67.1107, -76.2698, 380.64, 34.2868, 0.844873, 9.73909, 1.02305, -123.889, 1.15066, 125.762
5299, 88.30833, 275.915, -64.8505, 67.2016, -76.2133, 380.297, 34.2697, 0.844574, 9.73624, 1.023, -123.896, 1.15019, 125.751
5299, 88.31667, 275.728, -64.8524, 67.2926, -76.157, 379.954, 34.2527, 0.844275, 9.73341, 1.02295, -123.904, 1.14971, 125.74
5300, 88.32500, 275.541, -64.8542, 67.3837, -76.101, 379.611, 34.2357, 0.843978, 9.73059, 1.0229, -123.911, 1.14924, 125.729
5300, 88.33334, 275.355, -64.8561, 67.4748, -76.0452, 379.269, 34.2186, 0.84368, 9.72778, 1.02285, -123.918, 1.14877, 125.718
5301, 88.34167, 275.169, -64.8579, 67.5661, -75.9895, 378.927, 34.2016, 0.843383, 9.72497, 1.02281, -123.926, 1.1483, 125.708
5301, 88.35000, 274.984, -64.8598, 67.6575, -75.9341, 378.586, 34.1847, 0.843087, 9.72218, 1.02276, -123.933, 1.14782, 125.697
5302, 88.35833, 274.798, -64.8616, 67.7489, -75.879, 378.245, 34.1677, 0.842791, 9.7194, 1.02271, -123.94, 1.14735, 125.686
5302, 88.36667, 274.613, -64.8634, 67.8405, -75.824, 377.905, 34.1508, 0.842495, 9.71663, 1.02266, -123.948, 1.14688, 125.676
5303, 88.37500, 274.428, -64.8652, 67.9321, -75.7692, 377.566, 34.1339, 0.842201, 9.71387, 1.02262, -123.955, 1.14642, 125.665
5303, 88.38333, 274.244, -64.867, 68.0239, -75.7147, 377.226, 34.1169, 0.841906, 9.71112, 1.02257, -123.962, 1.14595, 125.654
5303, 88.39167, 274.06, -64.8688, 68.1157, -75.6603, 376.888, 34.1001, 0.841612, 9.70838, 1.02252, -123.97, 1.14548, 125.644
5304, 88.40000, 273.876, -64.8706, 68.2077, -75.6062, 376.55, 34.0832, 0.841319, 9.70566, 1.02248, -123.977, 1.14502, 125.633
5305, 88.40833, 273.692, -64.8724, 68.2997, -75.5523, 376.212, 34.0663, 0.841026, 9.70294, 1.02243, -123.984, 1.14455, 125.622
5305, 88.41666, 273.509, -64.8741, 68.3918, -75.4986, 375.875, 34.0495, 0.840733, 9.70023, 1.02239, -123.992, 1.14409, 125.612
5306, 88.42500, 273.326, -64.8759, 68.484, -75.445, 375.538, 34.0327, 0.840441, 9.69753, 1.02234, -123.999, 1.14363, 125.601
5306, 88.43333, 273.143, -64.8777, 68.5763, -75.3917, 375.202, 34.0159, 0.840149, 9.69485, 1.0223, -124.006, 1.14316, 125.591
5307, 88.44167, 272.961, -64.8794, 68.6688, -75.3387, 374.867, 33.9991, 0.839858, 9.69217, 1.02226, -124.014, 1.1427, 125.58
5307, 88.45000, 272.779, -64.8811, 68.7612, -75.2858, 374.531, 33.9823, 0.839568, 9.6895, 1.02221, -124.021, 1.14224, 125.57
5308, 88.45834, 272.597, -64.8829, 68.8538, -75.2331, 374.197, 33.9655, 0.839278, 9.68685, 1.02217, -124.028, 1.14178, 125.559
5308, 88.46667, 272.415, -64.8846, 68.9465, -75.1806, 373.863, 33.9488, 0.838988, 9.6842, 1.02213, -124.036, 1.14132, 125.549
5309, 88.47500, 272.234, -64.8863, 69.0393, -75.1283, 373.529, 33.9321, 0.838699, 9.68157, 1.02209, -124.043, 1.14087, 125.538
5309, 88.48333, 272.053, -64.888, 69.1322, -75.0763, 373.196, 33.9153, 0.83841, 9.67894, 1.02204, -124.05, 1.14041, 125.528
5310, 88.49167, 271.872, -64.8897, 69.2251, -75.0244, 372.863, 33.8987, 0.838122, 9.67632, 1.022, -124.058, 1.13995, 125.517
5310, 88.50000, 271.692, -64.8914, 69.3182, -74.9727, 372.531, 33.882, 0.837834, 9.67372, 1.02196, -124.065, 1.1395, 125.507
5311, 88.50833, 271.512, -64.8931, 69.4113, -74.9213, 372.199, 33.8653, 0.837547, 9.67113, 1.02192, -124.072, 1.13904, 125.497
5311, 88.51667, 271.332, -64.8948, 69.5045, -74.87, 371.868, 33.8487, 0.83726, 9.66854, 1.02188, -124.08, 1.13859, 125.486
5311, 88.52500, 271.152, -64.8964, 69.5978, -74.8189, 371.537, 33.832, 0.836974, 9.66597, 1.02184, -124.087, 1.13814, 125.476
5312, 88.53333, 270.973, -64.8981, 69.6912, -74.7681, 371.207, 33.8154, 0.836688, 9.66341, 1.0218, -124.094, 1.13769, 125.465
5313, 88.54166, 270.794, -64.8998, 69.7847, -74.7174, 370.877, 33.7988, 0.836402, 9.66085, 1.02176, -124.102, 1.13724, 125.455
5313, 88.55000, 270.615, -64.9014, 69.8783, -74.6669, 370.548, 33.7822, 0.836117, 9.65831, 1.02173, -124.109, 1.13679, 125.445
5314, 88.55833, 270.437, -64.9031, 69.972, -74.6166, 370.219, 33.7657, 0.835833, 9.65578, 1.02169, -124.116, 1.13634, 125.435
5314, 88.56667, 270.259, -64.9047, 70.0657, -74.5666, 369.891, 33.7491, 0.835549, 9.65326, 1.02165, -124.124, 1.13589, 125.424
5315, 88.57500, 270.081, -64.9063, 70.1596, -74.5167, 369.563, 33.7326, 0.835265, 9.65075, 1.02161, -124.131, 1.13544, 125.414
5315, 88.58334, 269.903, -64.9079, 70.2535, -74.467, 369.236, 33.716, 0.834982, 9.64824, 1.02158, -124.138, 1.135, 125.404
5316, 88.59167, 269.726, -64.9095, 70.3475, -74.4175, 368.909, 33.6995, 0.834699, 9.64575, 1.02154, -124.146, 1.13455, 125.394
5316, 88.60000, 269.549, -64.9111, 70.4416, -74.3682, 368.582, 33.683, 0.834417, 9.64327, 1.0215, -124.153, 1.13411, 125.383
5316, 88.60833, 269.372, -64.9127, 70.5358, -74.319, 368.256, 33.6666, 0.834135, 9.6408, 1.02147, -124.16, 1.13366, 125.373
5317, 88.61667, 269.196, -64.9143, 70.6301, -74.2701, 367.931, 33.6501, 0.833854, 9.63834, 1.02143, -124.168, 1.13322, 125.363
5318, 88.62500, 269.019, -64.9159, 70.7245, -74.2214, 367.606, 33.6336, 0.833573, 9.63589, 1.0214, -124.175, 1.13278, 125.353
5318, 88.63333, 268.843, -64.9175, 70.8189, -74.1728, 367.281, 33.6172, 0.833293, 9.63345, 1.02136, -124.182, 1.13234, 125.343
5319, 88.64167, 268.668, -64.9191, 70.9135, -74.1245, 366.957, 33.6008, 0.833013, 9.63102, 1.02133, -124.19, 1.13189, 125.333
5319, 88.65000, 268.492, -64.9206, 71.0081, -74.0763, 366.634, 33.5844, 0.832734, 9.6286, 1.0213, -124.197, 1.13146, 125.323
5319, 88.65833, 268.317, -64.9222, 71.1028, -74.0284, 366.311, 33.568, 0.832455, 9.62619, 1.02126, -124.204, 1.13102, 125.313
5320, 88.66666, 268.142, -64.9237, 71.1976, -73.9806, 365.988, 33.5516, 0.832176, 9.6238, 1.02123, -124.212, 1.13058, 125.302
5321, 88.67500, 267.968, -64.9253, 71.2924, -73.933, 365.666, 33.5353, 0.831898, 9.62141, 1.0212, -124.219, 1.13014, 125.292
5321, 88.68333, 267.794, -64.9268, 71.3874, -73.8855, 365.344, 33.5189, 0.83162, 9.61903, 1.02116, -124.226, 1.12971, 125.282
5322, 88.69167, 267.62, -64.9283, 71.4824, -73.8383, 365.023, 33.5026, 0.831343, 9.61666, 1.02113, -124.234, 1.12927, 125.272
5322, 88.70000, 267.446, -64.9298, 71.5775, -73.7913, 364.702, 33.4863, 0.831066, 9.6143, 1.0211, -124.241, 1.12884, 125.262
5323, 88.70834, 267.272, -64.9313, 71.6727, -73.7444, 364.381, 33.47, 0.83079, 9.61195, 1.02107, -124.248, 1.1284, 125.252
5323, 88.71667, 267.099, -64.9328, 71.768, -73.6977, 364.061, 33.4537, 0.830514, 9.60962, 1.02104, -124.256, 1.12797, 125.242
5324, 88.72500, 266.926, -64.9343, 71.8634, -73.6512, 363.742, 33.4374, 0.830239, 9.60729, 1.02101, -124.263, 1.12754, 125.232
5324, 88.73333, 266.754, -64.9358, 71.9588, -73.6049, 363.423, 33.4211, 0.829964, 9.60497, 1.02098, -124.27, 1.12711, 125.223
5324, 88.74167, 266.581, -64.9373, 72.0544, -73.5588, 363.104, 33.4049, 0.829689, 9.60266, 1.02095, -124.278, 1.12667, 125.213
5325, 88.75000, 266.409, -64.9388, 72.15, -73.5128, 362.786, 33.3887, 0.829415, 9.60037, 1.02092, -124.285, 1.12625, 125.203
5326, 88.75833, 266.237, -64.9403, 72.2457, -73.4671, 362.469, 33.3724, 0.829141, 9.59808, 1.02089, -124.292, 1.12582, 125.193
5326, 88.76667, 266.066, -64.9417, 72.3414, -73.4215, 362.151, 33.3562, 0.828868, 9.5958, 1.02086, -124.3, 1.12539, 125.183
5327, 88.77500, 265.894, -64.9432, 72.4373, -73.376, 361.835, 33.34, 0.828595, 9.59354, 1.02083, -124.307, 1.12496, 125.173
5327, 88.78333, 265.723, -64.9446, 72.5332, -73.3308, 361.518, 33.3239, 0.828323, 9.59128, 1.02081, -124.314, 1.12453, 125.163
5328, 88.79166, 265.552, -64.9461, 72.6292, -73.2858, 361.202, 33.3077, 0.828051, 9.58904, 1.02078, -124.322, 1.12411, 125.153
5328, 88.80000, 265.382, -64.9475, 72.7253, -73.2409, 360.887, 33.2915, 0.827779, 9.5868, 1.02075, -124.329, 1.12368, 125.144
5329, 88.80833, 265.212, -64.9489, 72.8215, -73.1962, 360.572, 33.2754, 0.827508, 9.58457, 1.02073, -124.336, 1.12326, 125.134
5329, 88.81667, 265.042, -64.9503, 72.9178, -73.1516, 360.257, 33.2593, 0.827237, 9.58236, 1.0207, -124.344, 1.12284, 125.124
5330, 88.82500, 264.872, -64.9518, 73.0141, -73.1073, 359.943, 33.2432, 0.826967, 9.58015, 1.02067, -124.351, 1.12241, 125.114
5330, 88.83334, 264.703, -64.9532, 73.1105, -73.0631, 359.63, 33.2271, 0.826697, 9.57796, 1.02065, -124.358, 1.12199, 125.105
5331, 88.84167, 264.533, -64.9546, 73.207, -73.0191, 359.316, 33.211, 0.826428, 9.57577, 1.02062, -124.366, 1.12157, 125.095
5331, 88.85000, 264.364, -64.956, 73.3035, -72.9753, 359.004, 33.1949, 0.826159, 9.5736, 1.0206, -124.373, 1.12115, 125.085
5332, 88.85833, 264.196, -64.9573, 73.4002, -72.9316, 358.691, 33.1789, 0.825891, 9.57143, 1.02058, -124.38, 1.12073, 125.075
5332, 88.86667, 264.027, -64.9587, 73.4969, -72.8881, 358.379, 33.1628, 0.825623, 9.56928, 1.02055, -124.388, 1.12031, 125.066
5332, 88.87500, 263.859, -64.9601, 73.5937, -72.8448, 358.068, 33.1468, 0.825355, 9.56713, 1.02053, -124.395, 1.1199, 125.056
5333, 88.88333, 263.691, -64.9615, 73.6906, -72.8017, 357.757, 33.1308, 0.825088, 9.565, 1.0205, -124.402, 1.11948, 125.046
5334, 88.89167, 263.523, -64.9628, 73.7875, -72.7587, 357.446, 33.1148, 0.824821, 9.56287, 1.02048, -124.41, 1.11906, 125.037
5334, 88.90000, 263.356, -64.9642, 73.8846, -72.7159, 357.136, 33.0988, 0.824555, 9.56076, 1.02046, -124.417, 1.11865, 125.027
5335, 88.90833, 263.189, -64.9655, 73.9817, -72.6733, 356.827, 33.0828, 0.824289, 9.55865, 1.02044, -124.425, 1.11823, 125.018
5335, 88.91666, 263.022, -64.9669, 74.0788, -72.6308, 356.517, 33.0668, 0.824023, 9.55656, 1.02042, -124.432, 1.11782, 125.008
5336, 88.92500, 262.855, -64.9682, 74.1761, -72.5885, 356.208, 33.0509, 0.823758, 9.55447, 1.02039, -124.439, 1.11741, 124.998
5336, 88.93333, 262.689, -64.9695, 74.2734, -72.5464, 355.9, 33.035, 0.823493, 9.5524, 1.02037, -124.447, 1.117, 124.989
5337, 88.94167, 262.523, -64.9708, 74.3708, -72.5044, 355.592, 33.019, 0.823229, 9.55034, 1.02035, -124.454, 1.11659, 124.979
5337, 88.95000, 262.357, -64.9722, 74.4683, -72.4626, 355.284, 33.0031, 0.822965, 9.54828, 1.02033, -124.461, 1.11617, 124.97
5338, 88.95834, 262.192, -64.9735, 74.5659, -72.421, 354.977, 32.9872, 0.822702, 9.54624, 1.02031, -124.469, 1.11576, 124.96
5338, 88.96667, 262.026, -64.9748, 74.6635, -72.3795, 354.67, 32.9713, 0.822439, 9.54421, 1.02029, -124.476, 1.11536, 124.951
5339, 88.97500, 261.861, -64.9761, 74.7612, -72.3382, 354.364, 32.9554, 0.822176, 9.54218, 1.02027, -124.483, 1.11495, 124.941
5339, 88.98333, 261.696, -64.9773, 74.859, -72.297, 354.058, 32.9396, 0.821914, 9.54017, 1.02026, -124.491, 1.11454, 124.932
5340, 88.99167, 261.532, -64.9786, 74.9569, -72.2561, 353.753, 32.9237, 0.821652, 9.53817, 1.02024, -124.498, 1.11413, 124.922
5340, 89.00000, 261.367, -64.9799, 75.0548, -72.2152, 353.448, 32.9079, 0.821391, 9.53617, 1.02022, -124.506, 1.11373, 124.913
5340, 89.00833, 261.203, -64.9812, 75.1528, -72.1746, 353.143, 32.8921, 0.82113, 9.53419, 1.0202, -124.513, 1.11332, 124.903
5341, 89.01667, 261.039, -64.9824, 75.2509, -72.1341, 352.839, 32.8762, 0.820869, 9.53222, 1.02019, -124.52, 1.11292, 124.894
5342, 89.02500, 260.876, -64.9837, 75.349, -72.0938, 352.535, 32.8604, 0.820609, 9.53025, 1.02017, -124.528, 1.11251, 124.885
5342, 89.03333, 260.713, -64.9849, 75.4472, -72.0536, 352.232, 32.8447, 0.820349, 9.5283, 1.02015, -124.535, 1.11211, 124.875
5343, 89.04166, 260.549, -64.9862, 75.5455, -72.0136, 351.929, 32.8289, 0.82009, 9.52635, 1.02014, -124.543, 1.11171, 124.866
5343, 89.05000, 260.387, -64.9874, 75.6439, -71.9737, 351.626, 32.8131, 0.819831, 9.52442, 1.02012, -124.55, 1.11131, 124.856
5344, 89.05833, 260.224, -64.9886, 75.7423, -71.934, 351.324, 32.7973, 0.819573, 9.5225, 1.0201, -124.557, 1.11091, 124.847
5344, 89.06667, 260.062, -64.9899, 75.8409, -71.8945, 351.022, 32.7816, 0.819314, 9.52059, 1.02009, -124.565, 1.11051, 124.838
5345, 89.07500, 259.9, -64.9911, 75.9395, -71.8551, 350.721, 32.7659, 0.819057, 9.51868, 1.02008, -124.572, 1.11011, 124.828
5345, 89.08334, 259.738, -64.9923, 76.0381, -71.8159, 350.42, 32.7502, 0.818799, 9.51679, 1.02006, -124.579, 1.10971, 124.819
5346, 89.09167, 259.576, -64.9935, 76.1368, -71.7768, 350.12, 32.7344, 0.818543, 9.51491, 1.02005, -124.587, 1.10931, 124.81
5346, 89.10000, 259.415, -64.9947, 76.2356, -71.7379, 349.82, 32.7187, 0.818286, 9.51303, 1.02003, -124.594, 1.10892, 124.801
5347, 89.10833, 259.254, -64.9959, 76.3345, -71.6992, 349.52, 32.7031, 0.81803, 9.51117, 1.02002, -124.602, 1.10852, 124.791
5347, 89.11667, 259.093, -64.9971, 76.4335, -71.6606, 349.221, 32.6874, 0.817774, 9.50932, 1.02001, -124.609, 1.10812, 124.782
5348, 89.12500, 258.932, -64.9983, 76.5325, -71.6221, 348.922, 32.6717, 0.817519, 9.50748, 1.02, -124.616, 1.10773, 124.773
5348, 89.13333, 258.772, -64.9994, 76.6316, -71.5839, 348.624, 32.6561, 0.817264, 9.50564, 1.01998, -124.624, 1.10734, 124.764
5348, 89.14167, 258.612, -65.0006, 76.7307, -71.5457, 348.325, 32.6404, 0.81701, 9.50382, 1.01997, -124.631, 1.10694, 124.754
5349, 89.15000, 258.452, -65.0018, 76.8299, -71.5077, 348.028, 32.6248, 0.816755, 9.50201, 1.01996, -124.639, 1.10655, 124.745
5350, 89.15833, 258.292, -65.0029, 76.9292, -71.4699, 347.731, 32.6092, 0.816502, 9.50021, 1.01995, -124.646, 1.10616, 124.736
5350, 89.16666, 258.133, -65.0041, 77.0286, -71.4322, 347.434, 32.5936, 0.816248, 9.49841, 1.01994, -124.654, 1.10577, 124.727
5351, 89.17500, 257.974, -65.0052, 77.1281, -71.3947, 347.137, 32.578, 0.815996, 9.49663, 1.01993, -124.661, 1.10538, 124.718
5351, 89.18333, 257.815, -65.0064, 77.2276, -71.3573, 346.841, 32.5624, 0.815743, 9.49486, 1.01992, -124.668, 1.10499, 124.709
5352, 89.19167, 257.656, -65.0075, 77.3271, -71.3201, 346.546, 32.5468, 0.815491, 9.4931, 1.01991, -124.676, 1.1046, 124.7
5352, 89.20000, 257.498, -65.0086, 77.4268, -71.283, 346.25, 32.5313, 0.815239, 9.49134, 1.0199, -124.683, 1.10421, 124.69
5353, 89.20834, 257.339, -65.0097, 77.5265, -71.2461, 345.956, 32.5157, 0.814988, 9.4896, 1.01989, -124.691, 1.10382, 124.681
5353, 89.21667, 257.181, -65.0109, 77.6263, -71.2093, 345.661, 32.5002, 0.814737, 9.48787, 1.01988, -124.698, 1.10344, 124.672
5354, 89.22500, 257.024, -65.012, 77.7261, -71.1727, 345.367, 32.4846, 0.814486, 9.48615, 1.01987, -124.706, 1.10305, 124.663
5354, 89.23333, 256.866, -65.0131, 77.826, -71.1362, 345.073, 32.4691, 0.814236, 9.48443, 1.01987, -124.713, 1.10267, 124.654
5355, 89.24167, 256.709, -65.0142, 77.9261, -71.0999, 344.78, 32.4536, 0.813986, 9.48273, 1.01986, -124.72, 1.10228, 124.645
5355, 89.25000, 256.552, -65.0153, 78.0261, -71.0637, 344.487, 32.4381, 0.813737, 9.48104, 1.01985, -124.728, 1.1019, 124.636
5356, 89.25833, 256.395, -65.0163, 78.1262, -71.0276, 344.195, 32.4226, 0.813488, 9.47936, 1.01985, -124.735, 1.10152, 124.627
5356, 89.26667, 256.239, -65.0174, 78.2264, -70.9917, 343.903, 32.4072, 0.813239, 9.47768, 1.01984, -124.743, 1.10113, 124.618
5356, 89.27500, 256.082, -65.0185, 78.3267, -70.956, 343.611, 32.3917, 0.812991, 9.47602, 1.01983, -124.75, 1.10075, 124.609
5357, 89.28333, 255.926, -65.0196, 78.427, -70.9204, 343.32, 32.3762, 0.812743, 9.47437, 1.01983, -124.758, 1.10037, 124.6
5358, 89.29166, 255.77, -65.0206, 78.5274, -70.8849, 343.029, 32.3608, 0.812496, 9.47273, 1.01982, -124.765, 1.09999, 124.591
5358, 89.30000, 255.615, -65.0217, 78.6279, -70.8496, 342.738, 32.3454, 0.812249, 9.47109, 1.01982, -124.773, 1.09961, 124.582
5359, 89.30833, 255.459, -65.0227, 78.7284, -70.8144, 342.448, 32.3299, 0.812002, 9.46947, 1.01981, -124.78, 1.09923, 124.573
5359, 89.31667, 255.304, -65.0238, 78.829, -70.7794, 342.158, 32.3145, 0.811756, 9.46786, 1.01981, -124.788, 1.09886, 124.564
5360, 89.32500, 255.149, -65.0248, 78.9297, -70.7445, 341.869, 32.2991, 0.81151, 9.46626, 1.01981, -124.795, 1.09848, 124.555
5360, 89.33334, 254.995, -65.0259, 79.0304, -70.7097, 341.58, 32.2837, 0.811264, 9.46466, 1.0198, -124.803, 1.0981, 124.546
5361, 89.34167, 254.84, -65.0269, 79.1312, -70.6751, 341.291, 32.2683, 0.811019, 9.46308, 1.0198, -124.81, 1.09773, 124.538
5361, 89.35000, 254.686, -65.0279, 79.2321, -70.6406, 341.003, 32.253, 0.810774, 9.46151, 1.0198, -124.817, 1.09735, 124.529
5362, 89.35833, 254.532, -65.0289, 79.333, -70.6063, 340.715, 32.2376, 0.81053, 9.45995, 1.01979, -124.825, 1.09698, 124.52
5362, 89.36667, 254.378, -65.0299, 79.434, -70.5721, 340.428, 32.2223, 0.810286, 9.45839, 1.01979, -124.832, 1.0966, 124.511
5363, 89.37500, 254.225, -65.0309, 79.5351, -70.538, 340.141, 32.2069, 0.810042, 9.45685, 1.01979, -124.84, 1.09623, 124.502
5363, 89.38333, 254.072, -65.0319, 79.6362, -70.5041, 339.854, 32.1916, 0.809798, 9.45532, 1.01979, -124.847, 1.09586, 124.493
5364, 89.39167, 253.919, -65.0329, 79.7374, -70.4704, 339.567, 32.1763, 0.809556, 9.45379, 1.01979, -124.855, 1.09549, 124.484
5364, 89.40000, 253.766, -65.0339, 79.8387, -70.4367, 339.281, 32.1609, 0.809313, 9.45228, 1.01979, -124.862, 1.09512, 124.476
5364, 89.40833, 253.613, -65.0349, 79.94, -70.4032, 338.996, 32.1456, 0.809071, 9.45078, 1.01979, -124.87, 1.09475, 124.467
5365, 89.41666, 253.461, -65.0359, 80.0414, -70.3699, 338.711, 32.1303, 0.808829, 9.44929, 1.01979, -124.877, 1.09438, 124.458
5366, 89.42500, 253.309, -65.0369, 80.1429, -70.3366, 338.426, 32.1151, 0.808588, 9.4478, 1.01979, -124.885, 1.09401, 124.449
5366, 89.43333, 253.157, -65.0378, 80.2444, -70.3035, 338.141, 32.0998, 0.808347, 9.44633, 1.01979, -124.892, 1.09364, 124.441
5367, 89.44167, 253.005, -65.0388, 80.346, -70.2706, 337.857, 32.0845, 0.808106, 9.44487, 1.01979, -124.9, 1.09327, 124.432
5367, 89.45000, 252.854, -65.0398, 80.4477, -70.2378, 337.573, 32.0693, 0.807865, 9.44342, 1.01979, -124.908, 1.0929, 124.423
5368, 89.45834, 252.702, -65.0407, 80.5494, -70.2051, 337.29, 32.054, 0.807625, 9.44197, 1.01979, -124.915, 1.09254, 124.414
5368, 89.46667, 252.551, -65.0417, 80.6512, -70.1725, 337.007, 32.0388, 0.807386, 9.44054, 1.0198, -124.923, 1.09217, 124.406
5369, 89.47500, 252.401, -65.0426, 80.753, -70.1401, 336.724, 32.0235, 0.807147, 9.43912, 1.0198, -124.93, 1.09181, 124.397
5369, 89.48333, 252.25, -65.0435, 80.8549, -70.1078, 336.442, 32.0083, 0.806908, 9.4377, 1.0198, -124.938, 1.09144, 124.388
5370, 89.49167, 252.1, -65.0445, 80.9569, -70.0757, 336.16, 31.9931, 0.806669, 9.4363, 1.0198, -124.945, 1.09108, 124.38
5370, 89.50000, 251.95, -65.0454, 81.059, -70.0437, 335.879, 31.9779, 0.806431, 9.43491, 1.01981, -124.953, 1.09072, 124.371
5371, 89.50833, 251.8, -65.0463, 81.1611, -70.0118, 335.598, 31.9627, 0.806193, 9.43353, 1.01981, -124.96, 1.09036, 124.362
5371, 89.51667, 251.65, -65.0472, 81.2632, -69.98, 335.317, 31.9475, 0.805956, 9.43215, 1.01982, -124.968, 1.09, 124.354
5372, 89.52500, 251.501, -65.0481, 81.3655, -69.9484, 335.036, 31.9324, 0.805719, 9.43079, 1.01982, -124.975, 1.08963, 124.345
5372, 89.53333, 251.351, -65.049, 81.4678, -69.9169, 334.756, 31.9172, 0.805482, 9.42944, 1.01983, -124.983, 1.08927, 124.337
5372, 89.54166, 251.202, -65.0499, 81.5701, -69.8856, 334.476, 31.902, 0.805246, 9.42809, 1.01983, -124.991, 1.08892, 124.328
5373, 89.55000, 251.054, -65.0508, 81.6726, -69.8543, 334.197, 31.8869, 0.80501, 9.42676, 1.01984, -124.998, 1.08856, 124.319
5374, 89.55833, 250.905, -65.0517, 81.775, -69.8232, 333.918, 31.8718, 0.804774, 9.42544, 1.01984, -125.006, 1.0882, 124.311
5374, 89.56667, 250.757, -65.0526, 81.8776, -69.7922, 333.639, 31.8566, 0.804539, 9.42412, 1.01985, -125.013, 1.08784, 124.302
5375, 89.57500, 250.609, -65.0535, 81.9802, -69.7614, 333.361, 31.8415, 0.804304, 9.42282, 1.01986, -125.021, 1.08748, 124.294
5375, 89.58334, 250.461, -65.0544, 82.0829, -69.7307, 333.083, 31.8264, 0.80407, 9.42153, 1.01986, -125.028, 1.08713, 124.285
5376, 89.59167, 250.313, -65.0552, 82.1856, -69.7001, 332.806, 31.8113, 0.803836, 9.42024, 1.01987, -125.036, 1.08677, 124.277
5376, 89.60000, 250.166, -65.0561, 82.2884, -69.6696, 332.528, 31.7962, 0.803602, 9.41897, 1.01988, -125.044, 1.08642, 124.268
5377, 89.60833, 250.018, -65.057, 82.3913, -69.6393, 332.251, 31.7811, 0.803368, 9.41771, 1.01989, -125.051, 1.08606, 124.26
5377, 89.61667, 249.871, -65.0578, 82.4942, -69.6091, 331.975, 31.766, 0.803135, 9.41645, 1.0199, -125.059, 1.08571, 124.251
5378, 89.62500, 249.725, -65.0587, 82.5972, -69.579, 331.699, 31.751, 0.802903, 9.41521, 1.0199, -125.066, 1.08536, 124.243
5378, 89.63333, 249.578, -65.0595, 82.7003, -69.549, 331.423, 31.7359, 0.80267, 9.41398, 1.01991, -125.074, 1.08501, 124.234
5379, 89.64167, 249.432, -65.0604, 82.8034, -69.5192, 331.147, 31.7208, 0.802438, 9.41275, 1.01992, -125.082, 1.08465, 124.226
5379, 89.65000, 249.286, -65.0612, 82.9066, -69.4895, 330.872, 31.7058, 0.802207, 9.41154, 1.01993, -125.089, 1.0843, 124.217
5380, 89.65833, 249.14, -65.062, 83.0098, -69.4599, 330.598, 31.6908, 0.801975, 9.41034, 1.01994, -125.097, 1.08395, 124.209
5380, 89.66666, 248.994, -65.0629, 83.1131, -69.4305, 330.323, 31.6757, 0.801744, 9.40914, 1.01995, -125.104, 1.0836, 124.2
5380, 89.67500, 248.848, -65.0637, 83.2165, -69.4011, 330.049, 31.6607, 0.801514, 9.40796, 1.01996, -125.112, 1.08326, 124.192
5381, 89.68333, 248.703, -65.0645, 83.3199, -69.3719, 329.775, 31.6457, 0.801283, 9.40678, 1.01998, -125.12, 1.08291, 124.184
5382, 89.69167, 248.558, -65.0653, 83.4234, -69.3428, 329.502, 31.6307, 0.801053, 9.40562, 1.01999, -125.127, 1.08256, 124.175
5382, 89.70000, 248.413, -65.0661, 83.527, -69.3139, 329.229, 31.6157, 0.800824, 9.40447, 1.02, -125.135, 1.08221, 124.167
5383, 89.70834, 248.269, -65.0669, 83.6306, -69.285, 328.956, 31.6007, 0.800595, 9.40332, 1.02001, -125.143, 1.08187, 124.158
5383, 89.71667, 248.124, -65.0677, 83.7342, -69.2563, 328.684, 31.5857, 0.800366, 9.40219, 1.02002, -125.15, 1.08152, 124.15
5384, 89.72500, 247.98, -65.0685, 83.838, -69.2277, 328.412, 31.5707, 0.800137, 9.40107, 1.02004, -125.158, 1.08118, 124.142
5384, 89.73333, 247.836, -65.0693, 83.9418, -69.1992, 328.14, 31.5558, 0.799909, 9.39995, 1.02005, -125.166, 1.08083, 124.133
5385, 89.74167, 247.692, -65.0701, 84.0456, -69.1709, 327.869, 31.5408, 0.799681, 9.39885, 1.02006, -125.173, 1.08049, 124.125
5385, 89.75000, 247.549, -65.0708, 84.1496, -69.1426, 327.598, 31.5259, 0.799454, 9.39775, 1.02008, -125.181, 1.08015, 124.117
5386, 89.75833, 247.405, -65.0716, 84.2535, -69.1145, 327.327, 31.5109, 0.799227, 9.39667, 1.02009, -125.189, 1.0798, 124.108
5386, 89.76667, 247.262, -65.0724, 84.3576, -69.0865, 327.057, 31.496, 0.799, 9.3956, 1.02011, -125.196, 1.07946, 124.1
5387, 89.77500, 247.119, -65.0732, 84.4617, -69.0586, 326.787, 31.4811, 0.798773, 9.39453, 1.02012, -125.204, 1.07912, 124.092
5387, 89.78333, 246.976, -65.0739, 84.5658, -69.0309, 326.518, 31.4661, 0.798547, 9.39348, 1.02014, -125.212, 1.07878, 124.084
5388, 89.79166, 246.834, -65.0747, 84.6701, -69.0032, 326.248, 31.4512, 0.798322, 9.39243, 1.02015, -125.219, 1.07844, 124.075
5388, 89.80000, 246.692, -65.0754, 84.7743, -68.9757, 325.979, 31.4363, 0.798096, 9.3914, 1.02017, -125.227, 1.0781, 124.067
5388, 89.80833, 246.549, -65.0762, 84.8787, -68.9483, 325.711, 31.4214, 0.797871, 9.39038, 1.02019, -125.235, 1.07776, 124.059
5389, 89.81667, 246.408, -65.0769, 84.9831, -68.921, 325.442, 31.4065, 0.797646, 9.38936, 1.0202, -125.242, 1.07742, 124.051
5390, 89.82500, 246.266, -65.0777, 85.0876, -68.8938, 325.174, 31.3917, 0.797422, 9.38836, 1.02022, -125.25, 1.07709, 124.042
5390, 89.83334, 246.124, -65.0784, 85.1921, -68.8668, 324.907, 31.3768, 0.797198, 9.38736, 1.02024, -125.258, 1.07675, 124.034
5391, 89.84167, 245.983, -65.0791, 85.2967, -68.8398, 324.639, 31.3619, 0.796974, 9.38638, 1.02025, -125.266, 1.07641, 124.026
5391, 89.85000, 245.842, -65.0798, 85.4013, -68.813, 324.373, 31.3471, 0.796751, 9.38541, 1.02027, -125.273, 1.07608, 124.018
5392, 89.85833, 245.701, -65.0806, 85.506, -68.7863, 324.106, 31.3322, 0.796528, 9.38444, 1.02029, -125.281, 1.07574, 124.01
5392, 89.86667, 245.561, -65.0813, 85.6108, -68.7597, 323.84, 31.3174, 0.796305, 9.38349, 1.02031, -125.289, 1.07541, 124.001
5393, 89.87500, 245.42, -65.082, 85.7156, -68.7332, 323.574, 31.3025, 0.796083, 9.38254, 1.02033, -125.297, 1.07508, 123.993
5393, 89.88333, 245.28, -65.0827, 85.8205, -68.7068, 323.308, 31.2877, 0.795861, 9.38161, 1.02035, -125.304, 1.07474, 123.985
5394, 89.89167, 245.14, -65.0834, 85.9254, -68.6806, 323.043, 31.2729, 0.795639, 9.38068, 1.02037, -125.312, 1.07441, 123.977
5394, 89.90000, 245, -65.0841, 86.0304, -68.6544, 322.778, 31.258, 0.795418, 9.37977, 1.02039, -125.32, 1.07408, 123.969
5395, 89.90833, 244.86, -65.0848, 86.1355, -68.6284, 322.513, 31.2432, 0.795197, 9.37887, 1.02041, -125.328, 1.07375, 123.961
5395, 89.91666, 244.721, -65.0855, 86.2406, -68.6025, 322.249, 31.2284, 0.794976, 9.37797, 1.02043, -125.335, 1.07342, 123.953
5396, 89.92500, 244.582, -65.0862, 86.3458, -68.5767, 321.985, 31.2136, 0.794755, 9.37709, 1.02045, -125.343, 1.07309, 123.945
5396, 89.93333, 244.443, -65.0869, 86.451, -68.551, 321.721, 31.1988, 0.794535, 9.37621, 1.02047, -125.351, 1.07276, 123.936
5396, 89.94167, 244.304, -65.0875, 86.5564, -68.5254, 321.458, 31.184, 0.794316, 9.37535, 1.02049, -125.359, 1.07243, 123.928
5397, 89.95000, 244.165, -65.0882, 86.6617, -68.4999, 321.195, 31.1693, 0.794096, 9.3745, 1.02052, -125.366, 1.0721, 123.92
5398, 89.95834, 244.027, -65.0889, 86.7671, -68.4746, 320.932, 31.1545, 0.793877, 9.37365, 1.02054, -125.374, 1.07177, 123.912
5398, 89.96667, 243.889, -65.0895, 86.8726, -68.4493, 320.67, 31.1397, 0.793659, 9.37282, 1.02056, -125.382, 1.07145, 123.904
5399, 89.97500, 243.751, -65.0902, 86.9782, -68.4242, 320.408, 31.125, 0.79344, 9.37199, 1.02058, -125.39, 1.07112, 123.896
5399, 89.98333, 243.613, -65.0909, 87.0838, -68.3992, 320.146, 31.1102, 0.793222, 9.37118, 1.02061, -125.398, 1.0708, 123.888
5400, 89.99167, 243.475, -65.0915, 87.1894, -68.3743, 319.884, 31.0955, 0.793005, 9.37037, 1.02063, -125.405, 1.07047, 123.88
5400, 90.00000, 243.338, -65.0922, 87.2951, -68.3495, 319.623, 31.0807, 0.792787, 9.36958, 1.02066, -125.413, 1.07015, 123.872
5401, 90.00833, 243.201, -65.0928, 87.4009, -68.3248, 319.362, 31.066, 0.79257, 9.3688, 1.02068, -125.421, 1.06982, 123.864
5401, 90.01667, 243.064, -65.0935, 87.5067, -68.3002, 319.102, 31.0512, 0.792353, 9.36802, 1.02071, -125.429, 1.0695, 123.856
5402, 90.02500, 242.927, -65.0941, 87.6126, -68.2757, 318.842, 31.0365, 0.792137, 9.36726, 1.02073, -125.437, 1.06918, 123.848
5402, 90.03333, 242.79, -65.0947, 87.7186, -68.2513, 318.582, 31.0218, 0.791921, 9.3665, 1.02076, -125.445, 1.06885, 123.84
5403, 90.04166, 242.654, -65.0954, 87.8246, -68.2271, 318.322, 31.0071, 0.791705, 9.36576, 1.02078, -125.452, 1.06853, 123.832
5403, 90.05000, 242.518, -65.096, 87.9307, -68.2029, 318.063, 30.9924, 0.79149, 9.36503, 1.02081, -125.46, 1.06821, 123.824
5404, 90.05833, 242.382, -65.0966, 88.0368, -68.1789, 317.804, 30.9777, 0.791275, 9.3643, 1.02083, -125.468, 1.06789, 123.816
5404, 90.06667, 242.246, -65.0972, 88.143, -68.1549, 317.546, 30.963, 0.79106, 9.36359, 1.02086, -125.476, 1.06757, 123.808
5404, 90.07500, 242.11, -65.0978, 88.2492, -68.1311, 317.287, 30.9483, 0.790845, 9.36288, 1.02089, -125.484, 1.06725, 123.801
5405, 90.08334, 241.975, -65.0984, 88.3555, -68.1074, 317.029, 30.9336, 0.790631, 9.36219, 1.02092, -125.492, 1.06693, 123.793
5406, 90.09167, 241.84, -65.0991, 88.4619, -68.0837, 316.772, 30.919, 0.790417, 9.3615, 1.02094, -125.5, 1.06662, 123.785
5406, 90.10000, 241.705, -65.0997, 88.5683, -68.0602, 316.514, 30.9043, 0.790204, 9.36083, 1.02097, -125.508, 1.0663, 123.777
5407, 90.10833, 241.57, -65.1003, 88.6748, -68.0368, 316.257, 30.8896, 0.789991, 9.36017, 1.021, -125.515, 1.06598, 123.769
5407, 90.11667, 241.435, -65.1009, 88.7813, -68.0135, 316, 30.875, 0.789778, 9.35951, 1.02103, -125.523, 1.06567, 123.761
5408, 90.12500, 241.301, -65.1014, 88.8879, -67.9903, 315.744, 30.8603, 0.789566, 9.35887, 1.02106, -125.531, 1.06535, 123.753
5408, 90.13333, 241.167, -65.102, 88.9946, -67.9672, 315.488, 30.8457, 0.789353, 9.35824, 1.02109, -125.539, 1.06504, 123.745
5409, 90.14167, 241.033, -65.1026, 89.1013, -67.9442, 315.232, 30.831, 0.789141, 9.35761, 1.02112, -125.547, 1.06472, 123.737
5409, 90.15000, 240.899, -65.1032, 89.208, -67.9213, 314.977, 30.8164, 0.78893, 9.357, 1.02115, -125.555, 1.06441, 123.73
5410, 90.15833, 240.765, -65.1038, 89.3149, -67.8985, 314.721, 30.8018, 0.788719, 9.35639, 1.02118, -125.563, 1.06409, 123.722
5410, 90.16666, 240.632, -65.1044, 89.4218, -67.8758, 314.466, 30.7871, 0.788508, 9.3558, 1.02121, -125.571, 1.06378, 123.714
5411, 90.17500, 240.499, -65.1049, 89.5287, -67.8533, 314.212, 30.7725, 0.788297, 9.35522, 1.02124, -125.579, 1.06347, 123.706
5411, 90.18333, 240.366, -65.1055, 89.6357, -67.8308, 313.958, 30.7579, 0.788087, 9.35464, 1.02127, -125.587, 1.06316, 123.698
5412, 90.19167, 240.233, -65.1061, 89.7428, -67.8084, 313.703, 30.7433, 0.787877, 9.35408, 1.0213, -125.595, 1.06285, 123.691
5412, 90.20000, 240.1, -65.1066, 89.8499, -67.7861, 313.45, 30.7287, 0.787667, 9.35353, 1.02134, -125.603, 1.06254, 123.683
5412, 90.20834, 239.968, -65.1072, 89.957, -67.764, 313.196, 30.7141, 0.787458, 9.35298, 1.02137, -125.611, 1.06223, 123.675
5413, 90.21667, 239.835, -65.1077, 90.0643, -67.7419, 312.943, 30.6995, 0.787249, 9.35245, 1.0214, -125.619, 1.06192, 123.667
5414, 90.22500, 239.703, -65.1083, 90.1716, -67.7199, 312.69, 30.6849, 0.78704, 9.35193, 1.02143, -125.627, 1.06161, 123.659
5414, 90.23333, 239.571, -65.1088, 90.2789, -67.698, 312.438, 30.6703, 0.786832, 9.35141, 1.02147, -125.635, 1.0613, 123.652
5415, 90.24167, 239.44, -65.1094, 90.3863, -67.6763, 312.186, 30.6558, 0.786624, 9.35091, 1.0215, -125.643, 1.06099, 123.644
5415, 90.25000, 239.308, -65.1099, 90.4938, -67.6546, 311.934, 30.6412, 0.786416, 9.35042, 1.02153, -125.651, 1.06069, 123.636
5416, 90.25833, 239.177, -65.1105, 90.6013, -67.633, 311.682, 30.6266, 0.786208, 9.34993, 1.02157, -125.659, 1.06038, 123.628
5416, 90.26667, 239.046, -65.111, 90.7089, -67.6116, 311.431, 30.6121, 0.786001, 9.34946, 1.0216, -125.667, 1.06007, 123.621
5417, 90.27500, 238.915, -65.1115, 90.8165, -67.5902, 311.18, 30.5975, 0.785794, 9.349, 1.02164, -125.675, 1.05977, 123.613
5417, 90.28333, 238.784, -65.112, 90.9242, -67.5689, 310.929, 30.5829, 0.785588, 9.34855, 1.02167, -125.683, 1.05946, 123.605
5418, 90.29166, 238.653, -65.1126, 91.0319, -67.5477, 310.679, 30.5684, 0.785382, 9.3481, 1.02171, -125.691, 1.05916, 123.598
5418, 90.30000, 238.523, -65.1131, 91.1397, -67.5267, 310.429, 30.5539, 0.785176, 9.34767, 1.02175, -125.699, 1.05886, 123.59
5419, 90.30833, 238.393, -65.1136, 91.2476, -67.5057, 310.179, 30.5393, 0.78497, 9.34725, 1.02178, -125.707, 1.05855, 123.582
5419, 90.31667, 238.263, -65.1141, 91.3555, -67.4848, 309.929, 30.5248, 0.784765, 9.34684, 1.02182, -125.715, 1.05825, 123.575
5420, 90.32500, 238.133, -65.1146, 91.4635, -67.464, 309.68, 30.5103, 0.78456, 9.34643, 1.02186, -125.723, 1.05795, 123.567
5420, 90.33334, 238.003, -65.1151, 91.5715, -67.4433, 309.431, 30.4957, 0.784355, 9.34604, 1.02189, -125.731, 1.05765, 123.559
5420, 90.34167, 237.874, -65.1157, 91.6796, -67.4228, 309.182, 30.4812, 0.784151, 9.34566, 1.02193, -125.739, 1.05735, 123.552
5421, 90.35000, 237.745, -65.1161, 91.7878, -67.4023, 308.934, 30.4667, 0.783947, 9.34529, 1.02197, -125.747, 1.05705, 123.544
5422, 90.35833, 237.616, -65.1167, 91.896, -67.3819, 308.686, 30.4522, 0.783743, 9.34492, 1.02201, -125.755, 1.05675, 123.536
5422, 90.36667, 237.487, -65.1171, 92.0042, -67.3616, 308.438, 30.4377, 0.78354, 9.34457, 1.02205, -125.763, 1.05645, 123.529
5423, 90.37500, 237.358, -65.1176, 92.1126, -67.3414, 308.19, 30.4232, 0.783337, 9.34423, 1.02209, -125.771, 1.05615, 123.521
5423, 90.38333, 237.229, -65.1181, 92.2209, -67.3213, 307.943, 30.4087, 0.783134, 9.3439, 1.02212, -125.78, 1.05585, 123.514
5424, 90.39167, 237.101, -65.1186, 92.3294, -67.3012, 307.696, 30.3942, 0.782931, 9.34358, 1.02216, -125.788, 1.05556, 123.506
5424, 90.40000, 236.973, -65.1191, 92.4379, -67.2813, 307.449, 30.3797, 0.782729, 9.34327, 1.0222, -125.796, 1.05526, 123.498
5425, 90.40833, 236.845, -65.1196, 92.5464, -67.2615, 307.203, 30.3652, 0.782527, 9.34297, 1.02224, -125.804, 1.05496, 123.491
5425, 90.41666, 236.717, -65.1201, 92.655, -67.2418, 306.957, 30.3507, 0.782326, 9.34268, 1.02229, -125.812, 1.05467, 123.483
5426, 90.42500, 236.59, -65.1205, 92.7637, -67.2221, 306.711, 30.3362, 0.782124, 9.34239, 1.02233, -125.82, 1.05437, 123.476
5426, 90.43333, 236.462, -65.121, 92.8724, -67.2026, 306.465, 30.3218, 0.781923, 9.34212, 1.02237, -125.828, 1.05408, 123.468
5427, 90.44167, 236.335, -65.1215, 92.9812, -67.1832, 306.22, 30.3073, 0.781723, 9.34186, 1.02241, -125.836, 1.05378, 123.461
5427, 90.45000, 236.208, -65.122, 93.09, -67.1638, 305.975, 30.2928, 0.781522, 9.34161, 1.02245, -125.845, 1.05349, 123.453
5428, 90.45834, 236.081, -65.1224, 93.1989, -67.1445, 305.73, 30.2784, 0.781322, 9.34137, 1.02249, -125.853, 1.0532, 123.446
5428, 90.46667, 235.955, -65.1229, 93.3079, -67.1254, 305.486, 30.2639, 0.781122, 9.34114, 1.02254, -125.861, 1.0529, 123.438
5428, 90.47500, 235.828, -65.1233, 93.4168, -67.1063, 305.242, 30.2495, 0.780923, 9.34092, 1.02258, -125.869, 1.05261, 123.431
5429, 90.48333, 235.702, -65.1238, 93.5259, -67.0873, 304.998, 30.235, 0.780724, 9.34071, 1.02262, -125.877, 1.05232, 123.423
5430, 90.49167, 235.576, -65.1243, 93.635, -67.0684, 304.754, 30.2206, 0.780525, 9.34051, 1.02267, -125.886, 1.05203, 123.416
5430, 90.50000, 235.45, -65.1247, 93.7442, -67.0496, 304.511, 30.2061, 0.780326, 9.34032, 1.02271, -125.894, 1.05174, 123.408
5431, 90.50833, 235.324, -65.1252, 93.8534, -67.0309, 304.268, 30.1917, 0.780128, 9.34014, 1.02275, -125.902, 1.05145, 123.401
5431, 90.51667, 235.198, -65.1256, 93.9627, -67.0123, 304.025, 30.1772, 0.77993, 9.33997, 1.0228, -125.91, 1.05116, 123.393
5432, 90.52500, 235.073, -65.126, 94.0721, -66.9938, 303.783, 30.1628, 0.779732, 9.33981, 1.02284, -125.918, 1.05087, 123.386
5432, 90.53333, 234.948, -65.1265, 94.1815, -66.9754, 303.541, 30.1484, 0.779535, 9.33967, 1.02289, -125.927, 1.05058, 123.378
5433, 90.54166, 234.823, -65.1269, 94.2909, -66.957, 303.299, 30.134, 0.779338, 9.33953, 1.02293, -125.935, 1.05029, 123.371
5433, 90.55000, 234.698, -65.1274, 94.4004, -66.9388, 303.057, 30.1195, 0.779141, 9.3394, 1.02298, -125.943, 1.05001, 123.363
5434, 90.55833, 234.573, -65.1278, 94.51, -66.9206, 302.816, 30.1051, 0.778945, 9.33928, 1.02302, -125.951, 1.04972, 123.356
5434, 90.56667, 234.449, -65.1282, 94.6196, -66.9026, 302.574, 30.0907, 0.778748, 9.33917, 1.02307, -125.96, 1.04944, 123.348
5435, 90.57500, 234.324, -65.1287, 94.7293, -66.8846, 302.334, 30.0763, 0.778552, 9.33907, 1.02312, -125.968, 1.04915, 123.341
5435, 90.58334, 234.2, -65.1291, 94.8391, -66.8667, 302.093, 30.0619, 0.778357, 9.33899, 1.02316, -125.976, 1.04886, 123.334
5436, 90.59167, 234.076, -65.1295, 94.9489, -66.8489, 301.853, 30.0475, 0.778162, 9.33891, 1.02321, -125.985, 1.04858, 123.326
5436, 90.60000, 233.953, -65.1299, 95.0587, -66.8312, 301.613, 30.0331, 0.777966, 9.33884, 1.02326, -125.993, 1.0483, 123.319
5436, 90.60833, 233.829, -65.1303, 95.1686, -66.8136, 301.373, 30.0187, 0.777772, 9.33878, 1.02331, -126.001, 1.04801, 123.311
5437, 90.61667, 233.706, -65.1308, 95.2786, -66.796, 301.133, 30.0043, 0.777577, 9.33874, 1.02336, -126.009, 1.04773, 123.304
5438, 90.62500, 233.582, -65.1312, 95.3886, -66.7786, 300.894, 29.9899, 0.777383, 9.3387, 1.0234, -126.018, 1.04745, 123.297
5438, 90.63333, 233.459, -65.1316, 95.4987, -66.7612, 300.655, 29.9755, 0.777189, 9.33867, 1.02345, -126.026, 1.04717, 123.289
5439, 90.64167, 233.336, -65.132, 95.6088, -66.744, 300.417, 29.9611, 0.776996, 9.33866, 1.0235, -126.034, 1.04688, 123.282
5439, 90.65000, 233.214, -65.1324, 95.719, -66.7268, 300.178, 29.9467, 0.776803, 9.33865, 1.02355, -126.043, 1.0466, 123.274
5440, 90.65833, 233.091, -65.1328, 95.8293, -66.7097, 299.94, 29.9324, 0.77661, 9.33866, 1.0236, -126.051, 1.04632, 123.267
5440, 90.66666, 232.969, -65.1332, 95.9396, -66.6927, 299.702, 29.918, 0.776417, 9.33867, 1.02365, -126.059, 1.04604, 123.26
5441, 90.67500, 232.847, -65.1336, 96.0499, -66.6758, 299.464, 29.9036, 0.776225, 9.33869, 1.0237, -126.068, 1.04576, 123.252
5441, 90.68333, 232.725, -65.134, 96.1604, -66.6589, 299.227, 29.8892, 0.776033, 9.33873, 1.02375, -126.076, 1.04549, 123.245
5441, 90.69167, 232.603, -65.1344, 96.2708, -66.6422, 298.99, 29.8749, 0.775841, 9.33877, 1.02381, -126.085, 1.04521, 123.238
5442, 90.70000, 232.481, -65.1348, 96.3814, -66.6255, 298.753, 29.8605, 0.775649, 9.33883, 1.02386, -126.093, 1.04493, 123.23
5443, 90.70834, 232.36, -65.1352, 96.492, -66.6089, 298.517, 29.8461, 0.775458, 9.33889, 1.02391, -126.101, 1.04465, 123.223
5443, 90.71667, 232.238, -65.1356, 96.6026, -66.5925, 298.28, 29.8318, 0.775267, 9.33897, 1.02396, -126.11, 1.04438, 123.216
5444, 90.72500, 232.117, -65.136, 96.7133, -66.576, 298.044, 29.8174, 0.775076, 9.33906, 1.02401, -126.118, 1.0441, 123.209
5444, 90.73333, 231.996, -65.1364, 96.8241, -66.5597, 297.808, 29.8031, 0.774886, 9.33915, 1.02407, -126.127, 1.04382, 123.201
5444, 90.74167, 231.876, -65.1368, 96.9349, -66.5435, 297.573, 29.7887, 0.774696, 9.33926, 1.02412, -126.135, 1.04355, 123.194
5445, 90.75000, 231.755, -65.1372, 97.0457, -66.5274, 297.338, 29.7744, 0.774506, 9.33938, 1.02417, -126.144, 1.04327, 123.187
5446, 90.75833, 231.634, -65.1375, 97.1567, -66.5113, 297.103, 29.76, 0.774317, 9.3395, 1.02423, -126.152, 1.043, 123.179
5446, 90.76667, 231.514, -65.1379, 97.2677, -66.4953, 296.868, 29.7457, 0.774128, 9.33964, 1.02428, -126.16, 1.04273, 123.172
5447, 90.77500, 231.394, -65.1383, 97.3787, -66.4794, 296.633, 29.7313, 0.773939, 9.33979, 1.02434, -126.169, 1.04245, 123.165
5447, 90.78333, 231.274, -65.1387, 97.4898, -66.4636, 296.399, 29.717, 0.77375, 9.33995, 1.02439, -126.177, 1.04218, 123.158
5448, 90.79166, 231.154, -65.139, 97.601, -66.4479, 296.165, 29.7026, 0.773562, 9.34012, 1.02444, -126.186, 1.04191, 123.15
5448, 90.80000, 231.035, -65.1394, 97.7122, -66.4323, 295.931, 29.6883, 0.773374, 9.34029, 1.0245, -126.194, 1.04164, 123.143
5449, 90.80833, 230.916, -65.1398, 97.8234, -66.4167, 295.698, 29.674, 0.773186, 9.34048, 1.02456, -126.203, 1.04137, 123.136
5449, 90.81667, 230.796, -65.1402, 97.9348, -66.4012, 295.465, 29.6596, 0.772998, 9.34068, 1.02461, -126.211, 1.0411, 123.129
5449, 90.82500, 230.677, -65.1405, 98.0461, -66.3858, 295.232, 29.6453, 0.772811, 9.34089, 1.02467, -126.22, 1.04083, 123.121
5450, 90.83334, 230.558, -65.1409, 98.1576, -66.3705, 294.999, 29.631, 0.772624, 9.34111, 1.02472, -126.228, 1.04056, 123.114
5451, 90.84167, 230.44, -65.1413, 98.2691, -66.3553, 294.767, 29.6167, 0.772438, 9.34134, 1.02478, -126.237, 1.04029, 123.107
5451, 90.85000, 230.321, -65.1416, 98.3806, -66.3402, 294.534, 29.6023, 0.772251, 9.34158, 1.02484, -126.245, 1.04002, 123.1
5452, 90.85833, 230.203, -65.142, 98.4922, -66.3251, 294.302, 29.588, 0.772065, 9.34183, 1.0249, -126.254, 1.03975, 123.093
5452, 90.86667, 230.084, -65.1423, 98.6039, -66.3101, 294.071, 29.5737, 0.77188, 9.34209, 1.02495, -126.263, 1.03948, 123.086
5453, 90.87500, 229.966, -65.1427, 98.7156, -66.2952, 293.839, 29.5594, 0.771694, 9.34237, 1.02501, -126.271, 1.03922, 123.078
5453, 90.88333, 229.849, -65.1431, 98.8274, -66.2804, 293.608, 29.5451, 0.771509, 9.34265, 1.02507, -126.28, 1.03895, 123.071
5454, 90.89167, 229.731, -65.1434, 98.9392, -66.2657, 293.377, 29.5307, 0.771324, 9.34294, 1.02513, -126.288, 1.03868, 123.064
5454, 90.90000, 229.613, -65.1438, 99.0511, -66.251, 293.146, 29.5164, 0.771139, 9.34324, 1.02519, -126.297, 1.03842, 123.057
5455, 90.90833, 229.496, -65.1441, 99.163, -66.2365, 292.916, 29.5021, 0.770955, 9.34356, 1.02525, -126.305, 1.03815, 123.05
5455, 90.91666, 229.379, -65.1445, 99.275, -66.222, 292.686, 29.4878, 0.770771, 9.34388, 1.02531, -126.314, 1.03789, 123.043
5456, 90.92500, 229.262, -65.1448, 99.3871, -66.2076, 292.456, 29.4735, 0.770587, 9.34421, 1.02537, -126.323, 1.03762, 123.035
5456, 90.93333, 229.145, -65.1452, 99.4992, -66.1932, 292.226, 29.4592, 0.770404, 9.34456, 1.02543, -126.331, 1.03736, 123.028
5457, 90.94167, 229.028, -65.1455, 99.6114, -66.179, 291.996, 29.4449, 0.77022, 9.34491, 1.02549, -126.34, 1.0371, 123.021
5457, 90.95000, 228.912, -65.1459, 99.7236, -66.1648, 291.767, 29.4306, 0.770037, 9.34528, 1.02555, -126.349, 1.03683, 123.014
5457, 90.95834, 228.795, -65.1462, 99.8359, -66.1507, 291.538, 29.4163, 0.769855, 9.34565, 1.02561, -126.357, 1.03657, 123.007
5458, 90.96667, 228.679, -65.1466, 99.9482, -66.1367, 291.31, 29.402, 0.769672, 9.34604, 1.02567, -126.366, 1.03631, 123
5459, 90.97500, 228.563, -65.1469, 100.061, -66.1228, 291.081, 29.3877, 0.76949, 9.34643, 1.02573, -126.375, 1.03605, 122.993
5459, 90.98333, 228.447, -65.1472, 100.173, -66.1089, 290.853, 29.3734, 0.769308, 9.34684, 1.0258, -126.383, 1.03579, 122.986
5460, 90.99167, 228.332, -65.1476, 100.286, -66.0952, 290.625, 29.3591, 0.769127, 9.34726, 1.02586, -126.392, 1.03553, 122.978
5460, 91.00000, 228.216, -65.1479, 100.398, -66.0815, 290.397, 29.3448, 0.768946, 9.34768, 1.02592, -126.401, 1.03527, 122.971
5461, 91.00833, 228.101, -65.1483, 100.511, -66.0678, 290.17, 29.3305, 0.768765, 9.34812, 1.02599, -126.409, 1.03501, 122.964
5461, 91.01667, 227.986, -65.1486, 100.623, -66.0543, 289.942, 29.3162, 0.768584, 9.34857, 1.02605, -126.418, 1.03475, 122.957
5462, 91.02500, 227.871, -65.1489, 100.736, -66.0409, 289.715, 29.3019, 0.768403, 9.34903, 1.02611, -126.427, 1.03449, 122.95
5462, 91.03333, 227.756, -65.1493, 100.849, -66.0275, 289.488, 29.2876, 0.768223, 9.34949, 1.02618, -126.436, 1.03423, 122.943
5463, 91.04166, 227.641, -65.1496, 100.962, -66.0142, 289.262, 29.2734, 0.768043, 9.34997, 1.02624, -126.444, 1.03398, 122.936
5463, 91.05000, 227.526, -65.1499, 101.075, -66.001, 289.036, 29.2591, 0.767864, 9.35046, 1.02631, -126.453, 1.03372, 122.929
5464, 91.05833, 227.412, -65.1503, 101.188, -65.9878, 288.81, 29.2448, 0.767684, 9.35096, 1.02637, -126.462, 1.03346, 122.922
5464, 91.06667, 227.298, -65.1506, 101.301, -65.9747, 288.584, 29.2305, 0.767505, 9.35148, 1.02644, -126.471, 1.03321, 122.915
5465, 91.07500, 227.184, -65.1509, 101.414, -65.9618, 288.358, 29.2162, 0.767327, 9.352, 1.0265, -126.479, 1.03295, 122.908
5465, 91.08334, 227.07, -65.1512, 101.527, -65.9489, 288.133, 29.2019, 0.767148, 9.35253, 1.02657, -126.488, 1.0327, 122.901
5465, 91.09167, 226.956, -65.1516, 101.64, -65.936, 287.908, 29.1876, 0.76697, 9.35307, 1.02663, -126.497, 1.03244, 122.894
5466, 91.10000, 226.843, -65.1519, 101.753, -65.9233, 287.683, 29.1734, 0.766792, 9.35362, 1.0267, -126.506, 1.03219, 122.887
5467, 91.10833, 226.729, -65.1522, 101.867, -65.9106, 287.458, 29.1591, 0.766614, 9.35419, 1.02677, -126.515, 1.03193, 122.88
5467, 91.11667, 226.616, -65.1525, 101.98, -65.898, 287.234, 29.1448, 0.766437, 9.35476, 1.02684, -126.523, 1.03168, 122.873
5468, 91.12500, 226.503, -65.1529, 102.093, -65.8854, 287.009, 29.1305, 0.76626, 9.35534, 1.0269, -126.532, 1.03143, 122.866
5468, 91.13333, 226.39, -65.1532, 102.207, -65.873, 286.785, 29.1162, 0.766083, 9.35594, 1.02697, -126.541, 1.03118, 122.859
5469, 91.14167, 226.277, -65.1535, 102.321, -65.8606, 286.562, 29.102, 0.765906, 9.35654, 1.02704, -126.55, 1.03093, 122.852
5469, 91.15000, 226.165, -65.1538, 102.434, -65.8483, 286.338, 29.0877, 0.76573, 9.35716, 1.02711, -126.559, 1.03067, 122.845
5470, 91.15833, 226.052, -65.1542, 102.548, -65.8361, 286.115, 29.0734, 0.765554, 9.35778, 1.02718, -126.568, 1.03042, 122.838
5470, 91.16666, 225.94, -65.1545, 102.661, -65.8239, 285.892, 29.0591, 0.765378, 9.35842, 1.02725, -126.577, 1.03017, 122.831
5471, 91.17500, 225.828, -65.1548, 102.775, -65.8119, 285.669, 29.0449, 0.765203, 9.35907, 1.02731, -126.585, 1.02992, 122.824
5471, 91.18333, 225.716, -65.1551, 102.889, -65.7999, 285.447, 29.0306, 0.765027, 9.35972, 1.02738, -126.594, 1.02967, 122.817
5472, 91.19167, 225.604, -65.1555, 103.003, -65.7879, 285.224, 29.0163, 0.764852, 9.36039, 1.02745, -126.603, 1.02943, 122.81
5472, 91.20000, 225.493, -65.1558, 103.117, -65.7761, 285.002, 29.002, 0.764678, 9.36107, 1.02752, -126.612, 1.02918, 122.803
5473, 91.20834, 225.381, -65.1561, 103.231, -65.7643, 284.78, 28.9878, 0.764503, 9.36176, 1.0276, -126.621, 1.02893, 122.796
5473, 91.21667, 225.27, -65.1564, 103.345, -65.7526, 284.559, 28.9735, 0.764329, 9.36246, 1.02767, -126.63, 1.02868, 122.789
5473, 91.22500, 225.159, -65.1567, 103.459, -65.741, 284.337, 28.9592, 0.764155, 9.36317, 1.02774, -126.639, 1.02843, 122.782
5474, 91.23333, 225.048, -65.1571, 103.573, -65.7294, 284.116, 28.9449, 0.763982, 9.36389, 1.02781, -126.648, 1.02819, 122.775
5475, 91.24167, 224.937, -65.1574, 103.687, -65.7179, 283.895, 28.9307, 0.763808, 9.36462, 1.02788, -126.657, 1.02794, 122.768
5475, 91.25000, 224.826, -65.1577, 103.802, -65.7066, 283.674, 28.9164, 0.763635, 9.36536, 1.02795, -126.666, 1.0277, 122.761
5476, 91.25833, 224.716, -65.158, 103.916, -65.6952, 283.454, 28.9021, 0.763462, 9.36612, 1.02803, -126.675, 1.02745, 122.754
5476, 91.26667, 224.606, -65.1583, 104.03, -65.684, 283.234, 28.8878, 0.76329, 9.36688, 1.0281, -126.684, 1.02721, 122.747
5477, 91.27500, 224.495, -65.1586, 104.145, -65.6728, 283.014, 28.8736, 0.763118, 9.36765, 1.02817, -126.693, 1.02696, 122.74
5477, 91.28333, 224.385, -65.159, 104.259, -65.6617, 282.794, 28.8593, 0.762946, 9.36844, 1.02825, -126.702, 1.02672, 122.734
5478, 91.29166, 224.276, -65.1593, 104.374, -65.6506, 282.574, 28.845, 0.762774, 9.36923, 1.02832, -126.711, 1.02648, 122.727
5478, 91.30000, 224.166, -65.1596, 104.488, -65.6397, 282.355, 28.8308, 0.762603, 9.37004, 1.02839, -126.72, 1.02623, 122.72
5479, 91.30833, 224.056, -65.1599, 104.603, -65.6288, 282.136, 28.8165, 0.762431, 9.37085, 1.02847, -126.729, 1.02599, 122.713
5479, 91.31667, 223.947, -65.1602, 104.718, -65.6179, 281.917, 28.8022, 0.76226, 9.37168, 1.02854, -126.738, 1.02575, 122.706
5480, 91.32500, 223.838, -65.1605, 104.833, -65.6072, 281.698, 28.7879, 0.76209, 9.37252, 1.02862, -126.747, 1.02551, 122.699
5480, 91.33334, 223.729, -65.1609, 104.948, -65.5965, 281.479, 28.7737, 0.761919, 9.37336, 1.02869, -126.756, 1.02527, 122.692
5481, 91.34167, 223.62, -65.1612, 105.062, -65.5859, 281.261, 28.7594, 0.761749, 9.37422, 1.02877, -126.766, 1.02503, 122.685
5481, 91.35000, 223.511, -65.1615, 105.177, -65.5754, 281.043, 28.7451, 0.76158, 9.37509, 1.02884, -126.775, 1.02479, 122.678
5481, 91.35833, 223.402, -65.1618, 105.292, -65.5649, 280.825, 28.7308, 0.76141, 9.37597, 1.02892, -126.784, 1.02455, 122.672
5482, 91.36667, 223.294, -65.1621, 105.408, -65.5545, 280.608, 28.7166, 0.761241, 9.37686, 1.029, -126.793, 1.02431, 122.665
5483, 91.37500, 223.186, -65.1624, 105.523, -65.5442, 280.39, 28.7023, 0.761072, 9.37776, 1.02907, -126.802, 1.02407, 122.658
5483, 91.38333, 223.077, -65.1627, 105.638, -65.534, 280.173, 28.688, 0.760903, 9.37867, 1.02915, -126.811, 1.02383, 122.651
5484, 91.39167, 222.969, -65.1631, 105.753, -65.5238, 279.956, 28.6737, 0.760734, 9.3796, 1.02923, -126.82, 1.02359, 122.644
5484, 91.40000, 222.862, -65.1634, 105.868, -65.5137, 279.739, 28.6595, 0.760566, 9.38053, 1.02931, -126.83, 1.02335, 122.637
5485, 91.40833, 222.754, -65.1637, 105.984, -65.5037, 279.523, 28.6452, 0.760398, 9.38147, 1.02938, -126.839, 1.02312, 122.631
5485, 91.41666, 222.646, -65.164, 106.099, -65.4937, 279.307, 28.6309, 0.76023, 9.38243, 1.02946, -126.848, 1.02288, 122.624
5486, 91.42500, 222.539, -65.1643, 106.215, -65.4838, 279.091, 28.6166, 0.760063, 9.38339, 1.02954, -126.857, 1.02264, 122.617
5486, 91.43333, 222.432, -65.1646, 106.33, -65.474, 278.875, 28.6023, 0.759896, 9.38437, 1.02962, -126.866, 1.02241, 122.61
5487, 91.44167, 222.325, -65.165, 106.446, -65.4642, 278.659, 28.5881, 0.759729, 9.38535, 1.0297, -126.876, 1.02217, 122.603
5487, 91.45000, 222.218, -65.1653, 106.561, -65.4546, 278.444, 28.5738, 0.759562, 9.38635, 1.02978, -126.885, 1.02194, 122.596
5488, 91.45834, 222.111, -65.1656, 106.677, -65.445, 278.228, 28.5595, 0.759396, 9.38736, 1.02986, -126.894, 1.0217, 122.59
5488, 91.46667, 222.004, -65.1659, 106.793, -65.4354, 278.013, 28.5452, 0.75923, 9.38838, 1.02994, -126.903, 1.02147, 122.583
5489, 91.47500, 221.898, -65.1662, 106.909, -65.4259, 277.799, 28.5309, 0.759064, 9.38941, 1.03002, -126.913, 1.02124, 122.576
5489, 91.48333, 221.792, -65.1666, 107.025, -65.4165, 277.584, 28.5166, 0.758898, 9.39045, 1.0301, -126.922, 1.021, 122.569
5489, 91.49167, 221.686, -65.1669, 107.141, -65.4072, 277.37, 28.5023, 0.758733, 9.3915, 1.03018, -126.931, 1.02077, 122.562
5490, 91.50000, 221.58, -65.1672, 107.257, -65.398, 277.155, 28.4881, 0.758568, 9.39256, 1.03026, -126.94, 1.02054, 122.556
5491, 91.50833, 221.474, -65.1675, 107.373, -65.3888, 276.942, 28.4738, 0.758403, 9.39363, 1.03034, -126.95, 1.02031, 122.549
5491, 91.51667, 221.368, -65.1678, 107.489, -65.3796, 276.728, 28.4595, 0.758239, 9.39472, 1.03043, -126.959, 1.02008, 122.542
5492, 91.52500, 221.263, -65.1682, 107.605, -65.3706, 276.514, 28.4452, 0.758074, 9.39581, 1.03051, -126.968, 1.01985, 122.535
5492, 91.53333, 221.157, -65.1685, 107.721, -65.3616, 276.301, 28.4309, 0.75791, 9.39691, 1.03059, -126.978, 1.01962, 122.528
5493, 91.54166, 221.052, -65.1688, 107.837, -65.3527, 276.088, 28.4166, 0.757747, 9.39803, 1.03067, -126.987, 1.01939, 122.522
5493, 91.55000, 220.947, -65.1691, 107.954, -65.3438, 275.875, 28.4023, 0.757583, 9.39916, 1.03076, -126.997, 1.01916, 122.515
5494, 91.55833, 220.842, -65.1695, 108.07, -65.3351, 275.662, 28.388, 0.75742, 9.40029, 1.03084, -127.006, 1.01893, 122.508
5494, 91.56667, 220.737, -65.1698, 108.187, -65.3263, 275.45, 28.3737, 0.757257, 9.40144, 1.03092, -127.015, 1.0187, 122.501
5495, 91.57500, 220.633, -65.1701, 108.303, -65.3177, 275.238, 28.3594, 0.757094, 9.4026, 1.03101, -127.025, 1.01847, 122.495
5495, 91.58334, 220.528, -65.1705, 108.42, -65.3091, 275.025, 28.3451, 0.756932, 9.40377, 1.03109, -127.034, 1.01824, 122.488
5496, 91.59167, 220.424, -65.1708, 108.536, -65.3006, 274.814, 28.3308, 0.75677, 9.40495, 1.03118, -127.044, 1.01802, 122.481
5496, 91.60000, 220.32, -65.1711, 108.653, -65.2922, 274.602, 28.3165, 0.756608, 9.40614, 1.03126, -127.053, 1.01779, 122.474
5497, 91.60833, 220.216, -65.1714, 108.77, -65.2838, 274.391, 28.3022, 0.756446, 9.40734, 1.03135, -127.062, 1.01756, 122.468
5497, 91.61667, 220.112, -65.1718, 108.887, -65.2755, 274.179, 28.2879, 0.756285, 9.40855, 1.03143, -127.072, 1.01734, 122.461
5497, 91.62500, 220.008, -65.1721, 109.004, -65.2673, 273.968, 28.2736, 0.756124, 9.40978, 1.03152, -127.081, 1.01711, 122.454
5498, 91.63333, 219.904, -65.1724, 109.121, -65.2591, 273.757, 28.2593, 0.755963, 9.41101, 1.03161, -127.091, 1.01689, 122.447
5499, 91.64167, 219.801, -65.1728, 109.238, -65.251, 273.547, 28.245, 0.755802, 9.41226, 1.03169, -127.1, 1.01666, 122.441
5499, 91.65000, 219.698, -65.1731, 109.355, -65.2429, 273.336, 28.2307, 0.755642, 9.41351, 1.03178, -127.11, 1.01644, 122.434
5500, 91.65833, 219.594, -65.1735, 109.472, -65.235, 273.126, 28.2164, 0.755482, 9.41478, 1.03187, -127.119, 1.01621, 122.427
5500, 91.66666, 219.492, -65.1738, 109.589, -65.2271, 272.916, 28.202, 0.755322, 9.41606, 1.03195, -127.129, 1.01599, 122.421
5501, 91.67500, 219.389, -65.1741, 109.706, -65.2192, 272.706, 28.1877, 0.755162, 9.41734, 1.03204, -127.138, 1.01577, 122.414
5501, 91.68333, 219.286, -65.1745, 109.823, -65.2115, 272.497, 28.1734, 0.755003, 9.41864, 1.03213, -127.148, 1.01554, 122.407
5502, 91.69167, 219.183, -65.1748, 109.941, -65.2038, 272.287, 28.1591, 0.754844, 9.41995, 1.03222, -127.158, 1.01532, 122.4
5502, 91.70000, 219.081, -65.1752, 110.058, -65.1961, 272.078, 28.1448, 0.754685, 9.42128, 1.03231, -127.167, 1.0151, 122.394
5503, 91.70834, 218.979, -65.1755, 110.176, -65.1886, 271.869, 28.1304, 0.754526, 9.42261, 1.0324, -127.177, 1.01488, 122.387
5503, 91.71667, 218.877, -65.1758, 110.293, -65.1811, 271.66, 28.1161, 0.754368, 9.42395, 1.03249, -127.186, 1.01466, 122.38
5504, 91.72500, 218.775, -65.1762, 110.411, -65.1736, 271.452, 28.1018, 0.75421, 9.4253, 1.03258, -127.196, 1.01444, 122.374
5504, 91.73333, 218.673, -65.1766, 110.528, -65.1662, 271.243, 28.0875, 0.754052, 9.42667, 1.03267, -127.206, 1.01422, 122.367
5505, 91.74167, 218.571, -65.1769, 110.646, -65.1589, 271.035, 28.0731, 0.753895, 9.42804, 1.03276, -127.215, 1.014, 122.36
5505, 91.75000, 218.47, -65.1773, 110.764, -65.1517, 270.827, 28.0588, 0.753738, 9.42943, 1.03285, -127.225, 1.01378, 122.354
5505, 91.75833, 218.368, -65.1776, 110.882, -65.1445, 270.619, 28.0445, 0.753581, 9.43083, 1.03294, -127.235, 1.01356, 122.347
5506, 91.76667, 218.267, -65.178, 110.999, -65.1374, 270.412, 28.0301, 0.753424, 9.43224, 1.03303, -127.244, 1.01334, 122.34
5507, 91.77500, 218.166, -65.1783, 111.117, -65.1304, 270.204, 28.0158, 0.753268, 9.43366, 1.03312, -127.254, 1.01312, 122.333
5507, 91.78333, 218.065, -65.1787, 111.235, -65.1234, 269.997, 28.0014, 0.753111, 9.43509, 1.03321, -127.264, 1.0129, 122.327
5508, 91.79166, 217.964, -65.179, 111.353, -65.1165, 269.79, 27.9871, 0.752955, 9.43653, 1.0333, -127.273, 1.01269, 122.32
5508, 91.80000, 217.864, -65.1794, 111.472, -65.1096, 269.583, 27.9727, 0.7528, 9.43798, 1.0334, -127.283, 1.01247, 122.313
5509, 91.80833, 217.763, -65.1798, 111.59, -65.1028, 269.377, 27.9584, 0.752644, 9.43944, 1.03349, -127.293, 1.01225, 122.307
5509, 91.81667, 217.663, -65.1801, 111.708, -65.0961, 269.17, 27.944, 0.752489, 9.44092, 1.03358, -127.302, 1.01204, 122.3
5510, 91.82500, 217.563, -65.1805, 111.826, -65.0894, 268.964, 27.9297, 0.752334, 9.4424, 1.03367, -127.312, 1.01182, 122.294
5510, 91.83334, 217.463, -65.1809, 111.945, -65.0828, 268.758, 27.9153, 0.752179, 9.4439, 1.03377, -127.322, 1.01161, 122.287
5511, 91.84167, 217.363, -65.1812, 112.063, -65.0763, 268.552, 27.9009, 0.752025, 9.44541, 1.03386, -127.332, 1.01139, 122.28
5511, 91.85000, 217.263, -65.1816, 112.181, -65.0699, 268.346, 27.8866, 0.751871, 9.44693, 1.03396, -127.342, 1.01118, 122.274
5512, 91.85833, 217.163, -65.182, 112.3, -65.0635, 268.141, 27.8722, 0.751717, 9.44845, 1.03405, -127.351, 1.01096, 122.267
5512, 91.86667, 217.064, -65.1824, 112.419, -65.0571, 267.935, 27.8578, 0.751563, 9.45, 1.03414, -127.361, 1.01075, 122.26
5513, 91.87500, 216.965, -65.1827, 112.537, -65.0508, 267.73, 27.8435, 0.75141, 9.45155, 1.03424, -127.371, 1.01054, 122.254
5513, 91.88333, 216.865, -65.1831, 112.656, -65.0446, 267.526, 27.8291, 0.751257, 9.45311, 1.03434, -127.381, 1.01033, 122.247
5513, 91.89167, 216.766, -65.1835, 112.775, -65.0385, 267.321, 27.8147, 0.751104, 9.45468, 1.03443, -127.391, 1.01011, 122.24
5514, 91.90000, 216.667, -65.1839, 112.894, -65.0324, 267.116, 27.8003, 0.750951, 9.45627, 1.03453, -127.401, 1.0099, 122.234
5515, 91.90833, 216.569, -65.1843, 113.012, -65.0264, 266.912, 27.786, 0.750799, 9.45786, 1.03462, -127.41, 1.00969, 122.227
5515, 91.91666, 216.47, -65.1846, 113.131, -65.0204, 266.708, 27.7716, 0.750647, 9.45947, 1.03472, -127.42, 1.00948, 122.22
5516, 91.92500, 216.372, -65.185, 113.25, -65.0145, 266.504, 27.7572, 0.750495, 9.46109, 1.03482, -127.43, 1.00927, 122.214
5516, 91.93333, 216.273, -65.1854, 113.369, -65.0087, 266.3, 27.7428, 0.750343, 9.46272, 1.03491, -127.44, 1.00906, 122.207
5517, 91.94167, 216.175, -65.1858, 113.489, -65.003, 266.097, 27.7284, 0.750192, 9.46436, 1.03501, -127.45, 1.00885, 122.201
5517, 91.95000, 216.077, -65.1862, 113.608, -64.9973, 265.893, 27.714, 0.750041, 9.46601, 1.03511, -127.46, 1.00864, 122.194
5518, 91.95834, 215.979, -65.1866, 113.727, -64.9916, 265.69, 27.6996, 0.74989, 9.46767, 1.03521, -127.47, 1.00843, 122.187
5518, 91.96667, 215.881, -65.187, 113.846, -64.986, 265.487, 27.6852, 0.74974, 9.46934, 1.0353, -127.48, 1.00822, 122.181
5519, 91.97500, 215.784, -65.1874, 113.966, -64.9805, 265.284, 27.6708, 0.749589, 9.47103, 1.0354, -127.49, 1.00801, 122.174
5519, 91.98333, 215.686, -65.1878, 114.085, -64.9751, 265.082, 27.6564, 0.749439, 9.47272, 1.0355, -127.5, 1.0078, 122.168
5520, 91.99167, 215.589, -65.1882, 114.205, -64.9697, 264.879, 27.642, 0.749289, 9.47443, 1.0356, -127.51, 1.0076, 122.161
5520, 92.00000, 215.492, -65.1887, 114.324, -64.9643, 264.677, 27.6276, 0.74914, 9.47615, 1.0357, -127.52, 1.00739, 122.154
5521, 92.00833, 215.395, -65.1891, 114.444, -64.9591, 264.475, 27.6131, 0.74899, 9.47787, 1.0358, -127.53, 1.00718, 122.148
5521, 92.01667, 215.298, -65.1895, 114.563, -64.9539, 264.273, 27.5987, 0.748841, 9.47961, 1.0359, -127.54, 1.00698, 122.141
5521, 92.02500, 215.201, -65.1899, 114.683, -64.9487, 264.071, 27.5843, 0.748693, 9.48137, 1.036, -127.55, 1.00677, 122.135
5522, 92.03333, 215.104, -65.1903, 114.803, -64.9437, 263.87, 27.5699, 0.748544, 9.48313, 1.0361, -127.56, 1.00657, 122.128
5523, 92.04166, 215.008, -65.1908, 114.923, -64.9386, 263.668, 27.5554, 0.748396, 9.4849, 1.0362, -127.57, 1.00636, 122.121
5523, 92.05000, 214.911, -65.1912, 115.043, -64.9337, 263.467, 27.541, 0.748248, 9.48669, 1.0363, -127.58, 1.00616, 122.115
5524, 92.05833, 214.815, -65.1916, 115.163, -64.9288, 263.266, 27.5265, 0.7481, 9.48848, 1.03641, -127.591, 1.00595, 122.108
5524, 92.06667, 214.719, -65.192, 115.283, -64.924, 263.065, 27.5121, 0.747952, 9.49029, 1.03651, -127.601, 1.00575, 122.102
5525, 92.07500, 214.623, -65.1925, 115.403, -64.9192, 262.865, 27.4976, 0.747805, 9.49211, 1.03661, -127.611, 1.00554, 122.095
5525, 92.08334, 214.527, -65.1929, 115.523, -64.9145, 262.664, 27.4832, 0.747658, 9.49394, 1.03671, -127.621, 1.00534, 122.089
5526, 92.09167, 214.432, -65.1934, 115.643, -64.9098, 262.464, 27.4687, 0.747511, 9.49578, 1.03682, -127.631, 1.00514, 122.082
5526, 92.10000, 214.336, -65.1938, 115.763, -64.9053, 262.264, 27.4543, 0.747365, 9.49763, 1.03692, -127.641, 1.00494, 122.075
5527, 92.10833, 214.241, -65.1942, 115.884, -64.9007, 262.064, 27.4398, 0.747219, 9.49949, 1.03702, -127.652, 1.00473, 122.069
5527, 92.11667, 214.145, -65.1947, 116.004, -64.8963, 261.864, 27.4254, 0.747073, 9.50137, 1.03713, -127.662, 1.00453, 122.062
5528, 92.12500, 214.05, -65.1951, 116.124, -64.8919, 261.665, 27.4109, 0.746927, 9.50325, 1.03723, -127.672, 1.00433, 122.056
5528, 92.13333, 213.955, -65.1956, 116.245, -64.8875, 261.465, 27.3964, 0.746781, 9.50515, 1.03733, -127.682, 1.00413, 122.049
5529, 92.14167, 213.86, -65.1961, 116.366, -64.8832, 261.266, 27.3819, 0.746636, 9.50706, 1.03744, -127.692, 1.00393, 122.043
5529, 92.15000, 213.766, -65.1965, 116.486, -64.879, 261.067, 27.3675, 0.746491, 9.50898, 1.03754, -127.703, 1.00373, 122.036
5529, 92.15833, 213.671, -65.197, 116.607, -64.8749, 260.868, 27.353, 0.746346, 9.51091, 1.03765, -127.713, 1.00353, 122.029
5530, 92.16666, 213.577, -65.1975, 116.728, -64.8708, 260.67, 27.3385, 0.746202, 9.51285, 1.03775, -127.723, 1.00333, 122.023
5531, 92.17500, 213.482, -65.1979, 116.848, -64.8667, 260.471, 27.324, 0.746058, 9.5148, 1.03786, -127.734, 1.00313, 122.016
5531, 92.18333, 213.388, -65.1984, 116.969, -64.8627, 260.273, 27.3095, 0.745914, 9.51676, 1.03797, -127.744, 1.00294, 122.01
5532, 92.19167, 213.294, -65.1989, 117.09, -64.8588, 260.075, 27.295, 0.74577, 9.51874, 1.03807, -127.754, 1.00274, 122.003
5532, 92.20000, 213.2, -65.1994, 117.211, -64.855, 259.877, 27.2805, 0.745626, 9.52073, 1.03818, -127.765, 1.00254, 121.997
5533, 92.20834, 213.107, -65.1998, 117.332, -64.8512, 259.679, 27.266, 0.745483, 9.52273, 1.03829, -127.775, 1.00234, 121.99
5533, 92.21667, 213.013, -65.2003, 117.453, -64.8474, 259.482, 27.2514, 0.74534, 9.52473, 1.03839, -127.785, 1.00215, 121.984
5534, 92.22500, 212.92, -65.2008, 117.575, -64.8437, 259.284, 27.2369, 0.745198, 9.52676, 1.0385, -127.796, 1.00195, 121.977
5534, 92.23333, 212.826, -65.2013, 117.696, -64.8401, 259.087, 27.2224, 0.745055, 9.52879, 1.03861, -127.806, 1.00175, 121.971
5535, 92.24167, 212.733, -65.2018, 117.817, -64.8366, 258.89, 27.2079, 0.744913, 9.53083, 1.03872, -127.817, 1.00156, 121.964
5535, 92.25000, 212.64, -65.2023, 117.939, -64.8331, 258.693, 27.1933, 0.744771, 9.53289, 1.03883, -127.827, 1.00136, 121.957
5536, 92.25833, 212.547, -65.2028, 118.06, -64.8296, 258.496, 27.1788, 0.744629, 9.53495, 1.03893, -127.837, 1.00117, 121.951
5536, 92.26667, 212.454, -65.2033, 118.181, -64.8262, 258.3, 27.1643, 0.744488, 9.53703, 1.03904, -127.848, 1.00097, 121.944
5537, 92.27500, 212.362, -65.2038, 118.303, -64.8229, 258.103, 27.1497, 0.744346, 9.53912, 1.03915, -127.858, 1.00078, 121.938
5537, 92.28333, 212.269, -65.2044, 118.425, -64.8197, 257.907, 27.1352, 0.744206, 9.54122, 1.03926, -127.869, 1.00058, 121.931
5537, 92.29166, 212.177, -65.2049, 118.546, -64.8165, 257.711, 27.1206, 0.744065, 9.54333, 1.03937, -127.879, 1.00039, 121.925
5538, 92.30000, 212.085, -65.2054, 118.668, -64.8133, 257.515, 27.1061, 0.743924, 9.54545, 1.03948, -127.89, 1.0002, 121.918
5539, 92.30833, 211.992, -65.2059, 118.79, -64.8102, 257.319, 27.0915, 0.743784, 9.54759, 1.03959, -127.9, 1.00001, 121.912
5539, 92.31667, 211.9, -65.2065, 118.912, -64.8072, 257.124, 27.0769, 0.743644, 9.54973, 1.0397, -127.911, 0.999813, 121.905
5540, 92.32500, 211.809, -65.207, 119.034, -64.8042, 256.929, 27.0624, 0.743505, 9.55189, 1.03982, -127.922, 0.999621, 121.899
5540, 92.33334, 211.717, -65.2075, 119.156, -64.8013, 256.733, 27.0478, 0.743365, 9.55406, 1.03993, -127.932, 0.99943, 121.892
5541, 92.34167, 211.625, -65.2081, 119.278, -64.7985, 256.538, 27.0332, 0.743226, 9.55624, 1.04004, -127.943, 0.999239, 121.886
5541, 92.35000, 211.534, -65.2086, 119.4, -64.7957, 256.344, 27.0186, 0.743087, 9.55843, 1.04015, -127.953, 0.999048, 121.879
5542, 92.35833, 211.443, -65.2092, 119.522, -64.793, 256.149, 27.004, 0.742948, 9.56063, 1.04026, -127.964, 0.998857, 121.873
5542, 92.36667, 211.351, -65.2097, 119.644, -64.7903, 255.954, 26.9894, 0.74281, 9.56285, 1.04038, -127.975, 0.998667, 121.866
5543, 92.37500, 211.26, -65.2103, 119.766, -64.7877, 255.76, 26.9748, 0.742672, 9.56507, 1.04049, -127.985, 0.998478, 121.86
5543, 92.38333, 211.169, -65.2108, 119.889, -64.7851, 255.566, 26.9602, 0.742534, 9.56731, 1.0406, -127.996, 0.998288, 121.853
5544, 92.39167, 211.079, -65.2114, 120.011, -64.7826, 255.372, 26.9456, 0.742396, 9.56956, 1.04072, -128.007, 0.998099, 121.847
5544, 92.40000, 210.988, -65.212, 120.134, -64.7802, 255.178, 26.931, 0.742259, 9.57182, 1.04083, -128.017, 0.997911, 121.84
5545, 92.40833, 210.897, -65.2125, 120.256, -64.7778, 254.984, 26.9164, 0.742121, 9.57409, 1.04094, -128.028, 0.997723, 121.833
5545, 92.41666, 210.807, -65.2131, 120.379, -64.7755, 254.791, 26.9017, 0.741984, 9.57638, 1.04106, -128.039, 0.997535, 121.827
5545, 92.42500, 210.717, -65.2137, 120.502, -64.7732, 254.597, 26.8871, 0.741848, 9.57867, 1.04117, -128.049, 0.997347, 121.82
5546, 92.43333, 210.627, -65.2143, 120.624, -64.771, 254.404, 26.8725, 0.741711, 9.58098, 1.04129, -128.06, 0.99716, 121.814
5547, 92.44167, 210.537, -65.2149, 120.747, -64.7688, 254.211, 26.8578, 0.741575, 9.58329, 1.0414, -128.071, 0.996974, 121.807
5547, 92.45000, 210.447, -65.2155, 120.87, -64.7667, 254.018, 26.8432, 0.741439, 9.58562, 1.04152, -128.082, 0.996787, 121.801
5548, 92.45834, 210.357, -65.2161, 120.993, -64.7647, 253.826, 26.8285, 0.741304, 9.58796, 1.04163, -128.092, 0.996601, 121.794
5548, 92.46667, 210.268, -65.2167, 121.116, -64.7627, 253.633, 26.8139, 0.741168, 9.59032, 1.04175, -128.103, 0.996416, 121.788
5549, 92.47500, 210.178, -65.2173, 121.239, -64.7608, 253.441, 26.7992, 0.741033, 9.59268, 1.04187, -128.114, 0.99623, 121.781
5549, 92.48333, 210.089, -65.2179, 121.362, -64.759, 253.248, 26.7845, 0.740898, 9.59505, 1.04198, -128.125, 0.996046, 121.775
5550, 92.49167, 210, -65.2185, 121.485, -64.7571, 253.056, 26.7699, 0.740763, 9.59744, 1.0421, -128.136, 0.995861, 121.768
5550, 92.50000, 209.91, -65.2192, 121.608, -64.7554, 252.864, 26.7552, 0.740629, 9.59984, 1.04222, -128.147, 0.995677, 121.762
5551, 92.50833, 209.822, -65.2198, 121.732, -64.7537, 252.673, 26.7405, 0.740495, 9.60225, 1.04234, -128.158, 0.995493, 121.755
5551, 92.51667, 209.733, -65.2204, 121.855, -64.7521, 252.481, 26.7258, 0.740361, 9.60467, 1.04245, -128.168, 0.99531, 121.749
5552, 92.52500, 209.644, -65.2211, 121.978, -64.7505, 252.29, 26.7111, 0.740227, 9.6071, 1.04257, -128.179, 0.995127, 121.742
5552, 92.53333, 209.556, -65.2217, 122.102, -64.749, 252.099, 26.6964, 0.740094, 9.60955, 1.04269, -128.19, 0.994944, 121.736
5553, 92.54166, 209.467, -65.2224, 122.226, -64.7475, 251.907, 26.6817, 0.739961, 9.61201, 1.04281, -128.201, 0.994762, 121.729
5553, 92.55000, 209.379, -65.223, 122.349, -64.7461, 251.716, 26.667, 0.739828, 9.61447, 1.04293, -128.212, 0.99458, 121.723
5553, 92.55833, 209.291, -65.2237, 122.473, -64.7448, 251.526, 26.6523, 0.739695, 9.61695, 1.04305, -128.223, 0.994398, 121.716
5554, 92.56667, 209.203, -65.2243, 122.597, -64.7435, 251.335, 26.6375, 0.739563, 9.61944, 1.04317, -128.234, 0.994217, 121.71
5555, 92.57500, 209.115, -65.225, 122.72, -64.7423, 251.145, 26.6228, 0.739431, 9.62195, 1.04329, -128.245, 0.994036, 121.703
5555, 92.58334, 209.027, -65.2257, 122.844, -64.7411, 250.954, 26.6081, 0.739299, 9.62446, 1.04341, -128.256, 0.993855, 121.697
5556, 92.59167, 208.939, -65.2263, 122.968, -64.74, 250.764, 26.5933, 0.739167, 9.62699, 1.04353, -128.267, 0.993675, 121.69
5556, 92.60000, 208.852, -65.227, 123.092, -64.7389, 250.574, 26.5786, 0.739036, 9.62952, 1.04365, -128.278, 0.993496, 121.684
5557, 92.60833, 208.764, -65.2277, 123.216, -64.7379, 250.384, 26.5638, 0.738905, 9.63207, 1.04377, -128.289, 0.993316, 121.677
5557, 92.61667, 208.677, -65.2284, 123.34, -64.7369, 250.195, 26.5491, 0.738774, 9.63463, 1.04389, -128.3, 0.993137, 121.671
5558, 92.62500, 208.59, -65.2291, 123.464, -64.736, 250.005, 26.5343, 0.738643, 9.63721, 1.04401, -128.312, 0.992958, 121.664
5558, 92.63333, 208.503, -65.2298, 123.589, -64.7352, 249.816, 26.5195, 0.738513, 9.63979, 1.04414, -128.323, 0.99278, 121.658
5559, 92.64167, 208.416, -65.2305, 123.713, -64.7344, 249.627, 26.5047, 0.738382, 9.64239, 1.04426, -128.334, 0.992602, 121.651
5559, 92.65000, 208.329, -65.2312, 123.837, -64.7337, 249.438, 26.4899, 0.738253, 9.64499, 1.04438, -128.345, 0.992424, 121.645
5560, 92.65833, 208.243, -65.2319, 123.962, -64.733, 249.249, 26.4752, 0.738123, 9.64761, 1.0445, -128.356, 0.992247, 121.639
5560, 92.66666, 208.156, -65.2327, 124.086, -64.7324, 249.06, 26.4604, 0.737994, 9.65024, 1.04463, -128.367, 0.99207, 121.632
5561, 92.67500, 208.07, -65.2334, 124.211, -64.7319, 248.871, 26.4456, 0.737864, 9.65289, 1.04475, -128.378, 0.991893, 121.626
5561, 92.68333, 207.984, -65.2341, 124.336, -64.7314, 248.683, 26.4307, 0.737736, 9.65554, 1.04487, -128.39, 0.991717, 121.619
5561, 92.69167, 207.898, -65.2349, 124.46, -64.7309, 248.495, 26.4159, 0.737607, 9.65821, 1.045, -128.401, 0.991541, 121.613
5562, 92.70000, 207.812, -65.2356, 124.585, -64.7305, 248.307, 26.4011, 0.737479, 9.66088, 1.04512, -128.412, 0.991366, 121.606
5563, 92.70834, 207.726, -65.2364, 124.71, -64.7302, 248.119, 26.3863, 0.73735, 9.66357, 1.04525, -128.423, 0.99119, 121.6
5563, 92.71667, 207.64, -65.2371, 124.835, -64.7299, 247.931, 26.3714, 0.737223, 9.66628, 1.04537, -128.435, 0.991016, 121.593
5564, 92.72500, 207.555, -65.2379, 124.96, -64.7297, 247.743, 26.3566, 0.737095, 9.66899, 1.0455, -128.446, 0.990841, 121.587
5564, 92.73333, 207.469, -65.2387, 125.085, -64.7295, 247.556, 26.3417, 0.736968, 9.67171, 1.04562, -128.457, 0.990667, 121.58
5565, 92.74167, 207.384, -65.2394, 125.21, -64.7294, 247.368, 26.3269, 0.73684, 9.67445, 1.04575, -128.469, 0.990493, 121.574
5565, 92.75000, 207.299, -65.2402, 125.335, -64.7294, 247.181, 26.312, 0.736714, 9.6772, 1.04587, -128.48, 0.99032, 121.567
5566, 92.75833, 207.214, -65.241, 125.46, -64.7294, 246.994, 26.2972, 0.736587, 9.67996, 1.046, -128.491, 0.990147, 121.561
5566, 92.76667, 207.129, -65.2418, 125.585, -64.7294, 246.807, 26.2823, 0.736461, 9.68273, 1.04613, -128.503, 0.989974, 121.554
5566, 92.77500, 207.044, -65.2426, 125.711, -64.7296, 246.62, 26.2674, 0.736335, 9.68551, 1.04625, -128.514, 0.989802, 121.548
5567, 92.78333, 206.959, -65.2434, 125.836, -64.7297, 246.434, 26.2525, 0.736209, 9.68831, 1.04638, -128.526, 0.98963, 121.541
5568, 92.79166, 206.874, -65.2442, 125.962, -64.7299, 246.247, 26.2376, 0.736083, 9.69112, 1.04651, -128.537, 0.989458, 121.535
5568, 92.80000, 206.79, -65.245, 126.087, -64.7302, 246.061, 26.2227, 0.735958, 9.69393, 1.04664, -128.548, 0.989287, 121.528
5569, 92.80833, 206.706, -65.2459, 126.213, -64.7306, 245.875, 26.2078, 0.735833, 9.69676, 1.04677, -128.56, 0.989116, 121.522
5569, 92.81667, 206.621, -65.2467, 126.338, -64.7309, 245.688, 26.1929, 0.735708, 9.69961, 1.04689, -128.571, 0.988945, 121.515
5569, 92.82500, 206.537, -65.2475, 126.464, -64.7314, 245.503, 26.178, 0.735583, 9.70246, 1.04702, -128.583, 0.988775, 121.509
5570, 92.83334, 206.453, -65.2484, 126.59, -64.7319, 245.317, 26.163, 0.735459, 9.70533, 1.04715, -128.594, 0.988605, 121.502
5571, 92.84167, 206.37, -65.2492, 126.716, -64.7325, 245.131, 26.1481, 0.735335, 9.70821, 1.04728, -128.606, 0.988435, 121.496
5571, 92.85000, 206.286, -65.2501, 126.842, -64.7331, 244.946, 26.1332, 0.735211, 9.7111, 1.04741, -128.617, 0.988266, 121.489
5572, 92.85833, 206.202, -65.2509, 126.968, -64.7337, 244.761, 26.1182, 0.735087, 9.714, 1.04754, -128.629, 0.988097, 121.483
5572, 92.86667, 206.119, -65.2518, 127.094, -64.7344, 244.575, 26.1032, 0.734964, 9.71691, 1.04767, -128.641, 0.987928, 121.476
5573, 92.87500, 206.035, -65.2527, 127.22, -64.7352, 244.39, 26.0883, 0.734841, 9.71984, 1.0478, -128.652, 0.98776, 121.47
5573, 92.88333, 205.952, -65.2536, 127.346, -64.736, 244.205, 26.0733, 0.734718, 9.72277, 1.04793, -128.664, 0.987592, 121.463
5574, 92.89167, 205.869, -65.2544, 127.472, -64.7369, 244.021, 26.0583, 0.734596, 9.72572, 1.04806, -128.675, 0.987424, 121.457
5574, 92.90000, 205.786, -65.2553, 127.598, -64.7379, 243.836, 26.0433, 0.734473, 9.72869, 1.04819, -128.687, 0.987257, 121.45
5574, 92.90833, 205.703, -65.2562, 127.725, -64.7389, 243.652, 26.0283, 0.734351, 9.73166, 1.04833, -128.699, 0.98709, 121.444
5575, 92.91666, 205.621, -65.2571, 127.851, -64.7399, 243.467, 26.0133, 0.734229, 9.73464, 1.04846, -128.71, 0.986924, 121.437
5576, 92.92500, 205.538, -65.2581, 127.978, -64.741, 243.283, 25.9983, 0.734108, 9.73764, 1.04859, -128.722, 0.986758, 121.431
5576, 92.93333, 205.456, -65.259, 128.104, -64.7422, 243.099, 25.9833, 0.733987, 9.74065, 1.04872, -128.734, 0.986592, 121.424
5577, 92.94167, 205.373, -65.2599, 128.231, -64.7434, 242.915, 25.9683, 0.733866, 9.74367, 1.04885, -128.746, 0.986426, 121.418
5577, 92.95000, 205.291, -65.2608, 128.358, -64.7447, 242.732, 25.9533, 0.733745, 9.7467, 1.04899, -128.757, 0.986261, 121.411
5578, 92.95834, 205.209, -65.2618, 128.484, -64.746, 242.548, 25.9382, 0.733624, 9.74975, 1.04912, -128.769, 0.986096, 121.405
5578, 92.96667, 205.127, -65.2627, 128.611, -64.7473, 242.365, 25.9232, 0.733504, 9.7528, 1.04926, -128.781, 0.985932, 121.398
5579, 92.97500, 205.045, -65.2637, 128.738, -64.7488, 242.181, 25.9081, 0.733384, 9.75587, 1.04939, -128.793, 0.985767, 121.392
5579, 92.98333, 204.963, -65.2646, 128.865, -64.7503, 241.998, 25.8931, 0.733264, 9.75895, 1.04952, -128.804, 0.985604, 121.385
5580, 92.99167, 204.882, -65.2656, 128.992, -64.7518, 241.815, 25.878, 0.733145, 9.76204, 1.04966, -128.816, 0.98544, 121.379
5580, 93.00000, 204.8, -65.2666, 129.119, -64.7534, 241.632, 25.8629, 0.733025, 9.76515, 1.04979, -128.828, 0.985277, 121.372
5581, 93.00833, 204.719, -65.2676, 129.246, -64.755, 241.45, 25.8478, 0.732906, 9.76826, 1.04993, -128.84, 0.985114, 121.366
5581, 93.01667, 204.638, -65.2686, 129.374, -64.7567, 241.267, 25.8327, 0.732788, 9.77139, 1.05006, -128.852, 0.984951, 121.359
5582, 93.02500, 204.557, -65.2696, 129.501, -64.7585, 241.085, 25.8176, 0.732669, 9.77453, 1.0502, -128.864, 0.984789, 121.353
5582, 93.03333, 204.476, -65.2706, 129.628, -64.7603, 240.902, 25.8025, 0.732551, 9.77769, 1.05033, -128.876, 0.984627, 121.346
5582, 93.04166, 204.395, -65.2716, 129.756, -64.7622, 240.72, 25.7874, 0.732433, 9.78085, 1.05047, -128.888, 0.984466, 121.34
5583, 93.05000, 204.314, -65.2726, 129.883, -64.7641, 240.538, 25.7723, 0.732315, 9.78403, 1.05061, -128.9, 0.984305, 121.333
5584, 93.05833, 204.233, -65.2736, 130.011, -64.766, 240.356, 25.7572, 0.732198, 9.78721, 1.05074, -128.912, 0.984144, 121.327
5584, 93.06667, 204.153, -65.2747, 130.138, -64.7681, 240.174, 25.742, 0.73208, 9.79041, 1.05088, -128.924, 0.983983, 121.32
5585, 93.07500, 204.072, -65.2757, 130.266, -64.7701, 239.993, 25.7269, 0.731964, 9.79363, 1.05102, -128.936, 0.983823, 121.314
5585, 93.08334, 203.992, -65.2768, 130.394, -64.7723, 239.811, 25.7117, 0.731847, 9.79685, 1.05116, -128.948, 0.983663, 121.307
5586, 93.09167, 203.912, -65.2778, 130.522, -64.7745, 239.63, 25.6965, 0.73173, 9.80009, 1.05129, -128.96, 0.983504, 121.301
5586, 93.10000, 203.832, -65.2789, 130.649, -64.7767, 239.449, 25.6814, 0.731614, 9.80334, 1.05143, -128.972, 0.983345, 121.294
5587, 93.10833, 203.752, -65.28, 130.777, -64.779, 239.267, 25.6662, 0.731498, 9.8066, 1.05157, -128.984, 0.983186, 121.288
5587, 93.11667, 203.672, -65.281, 130.905, -64.7813, 239.086, 25.651, 0.731383, 9.80987, 1.05171, -128.996, 0.983027, 121.281
5588, 93.12500, 203.593, -65.2821, 131.033, -64.7837, 238.906, 25.6358, 0.731267, 9.81315, 1.05185, -129.008, 0.982869, 121.275
5588, 93.13333, 203.513, -65.2832, 131.162, -64.7862, 238.725, 25.6206, 0.731152, 9.81645, 1.05199, -129.02, 0.982711, 121.268
5589, 93.14167, 203.434, -65.2843, 131.29, -64.7887, 238.544, 25.6054, 0.731037, 9.81976, 1.05213, -129.032, 0.982553, 121.262
5589, 93.15000, 203.354, -65.2854, 131.418, -64.7913, 238.364, 25.5902, 0.730922, 9.82308, 1.05227, -129.045, 0.982396, 121.255
5590, 93.15833, 203.275, -65.2866, 131.546, -64.7939, 238.184, 25.5749, 0.730808, 9.82641, 1.05241, -129.057, 0.982239, 121.249
5590, 93.16666, 203.196, -65.2877, 131.675, -64.7965, 238.004, 25.5597, 0.730694, 9.82976, 1.05255, -129.069, 0.982083, 121.242
5590, 93.17500, 203.117, -65.2888, 131.803, -64.7993, 237.823, 25.5444, 0.73058, 9.83311, 1.05269, -129.081, 0.981926, 121.236
5591, 93.18333, 203.038, -65.29, 131.932, -64.802, 237.644, 25.5292, 0.730466, 9.83648, 1.05283, -129.093, 0.981771, 121.229
5592, 93.19167, 202.959, -65.2911, 132.061, -64.8049, 237.464, 25.5139, 0.730353, 9.83987, 1.05297, -129.106, 0.981615, 121.222
5592, 93.20000, 202.881, -65.2923, 132.189, -64.8077, 237.284, 25.4986, 0.73024, 9.84326, 1.05311, -129.118, 0.98146, 121.216
5593, 93.20834, 202.802, -65.2935, 132.318, -64.8107, 237.105, 25.4834, 0.730127, 9.84666, 1.05326, -129.13, 0.981305, 121.209
5593, 93.21667, 202.724, -65.2946, 132.447, -64.8137, 236.925, 25.4681, 0.730014, 9.85008, 1.0534, -129.143, 0.98115, 121.203
5594, 93.22500, 202.646, -65.2958, 132.576, -64.8167, 236.746, 25.4528, 0.729902, 9.85351, 1.05354, -129.155, 0.980996, 121.196
5594, 93.23333, 202.568, -65.297, 132.705, -64.8198, 236.567, 25.4375, 0.72979, 9.85695, 1.05368, -129.167, 0.980842, 121.19
5595, 93.24167, 202.49, -65.2982, 132.834, -64.8229, 236.388, 25.4221, 0.729678, 9.86041, 1.05383, -129.18, 0.980688, 121.183
5595, 93.25000, 202.412, -65.2994, 132.963, -64.8261, 236.209, 25.4068, 0.729567, 9.86387, 1.05397, -129.192, 0.980535, 121.177
5596, 93.25833, 202.334, -65.3006, 133.092, -64.8294, 236.03, 25.3915, 0.729455, 9.86735, 1.05411, -129.204, 0.980382, 121.17
5596, 93.26667, 202.256, -65.3019, 133.221, -64.8327, 235.852, 25.3761, 0.729344, 9.87084, 1.05426, -129.217, 0.980229, 121.164
5597, 93.27500, 202.179, -65.3031, 133.35, -64.8361, 235.673, 25.3608, 0.729233, 9.87434, 1.0544, -129.229, 0.980076, 121.157
5597, 93.28333, 202.101, -65.3044, 133.48, -64.8395, 235.495, 25.3454, 0.729123, 9.87786, 1.05455, -129.242, 0.979924, 121.151
5598, 93.29166, 202.024, -65.3056, 133.609, -64.8429, 235.317, 25.33, 0.729013, 9.88139, 1.05469, -129.254, 0.979773, 121.144
5598, 93.30000, 201.947, -65.3069, 133.739, -64.8464, 235.139, 25.3147, 0.728903, 9.88493, 1.05484, -129.267, 0.979621, 121.137
5598, 93.30833, 201.87, -65.3082, 133.868, -64.85, 234.961, 25.2993, 0.728793, 9.88848, 1.05498, -129.279, 0.97947, 121.131
5599, 93.31667, 201.793, -65.3094, 133.998, -64.8536, 234.783, 25.2839, 0.728683, 9.89204, 1.05513, -129.292, 0.979319, 121.124
5600, 93.32500, 201.716, -65.3107, 134.127, -64.8573, 234.605, 25.2685, 0.728574, 9.89562, 1.05527, -129.305, 0.979169, 121.118
5600, 93.33334, 201.639, -65.312, 134.257, -64.861, 234.428, 25.2531, 0.728465, 9.8992, 1.05542, -129.317, 0.979019, 121.111
5601, 93.34167, 201.563, -65.3133, 134.387, -64.8648, 234.25, 25.2376, 0.728357, 9.9028, 1.05557, -129.33, 0.978869, 121.105
5601, 93.35000, 201.486, -65.3147, 134.517, -64.8687, 234.073, 25.2222, 0.728248, 9.90642, 1.05571, -129.342, 0.978719, 121.098
5602, 93.35833, 201.41, -65.316, 134.647, -64.8726, 233.896, 25.2067, 0.72814, 9.91004, 1.05586, -129.355, 0.97857, 121.092
5602, 93.36667, 201.334, -65.3173, 134.777, -64.8765, 233.719, 25.1913, 0.728032, 9.91368, 1.05601, -129.368, 0.978421, 121.085
5603, 93.37500, 201.257, -65.3187, 134.907, -64.8805, 233.542, 25.1758, 0.727924, 9.91733, 1.05616, -129.38, 0.978272, 121.078
5603, 93.38333, 201.181, -65.32, 135.037, -64.8845, 233.365, 25.1604, 0.727817, 9.92099, 1.0563, -129.393, 0.978124, 121.072
5604, 93.39167, 201.105, -65.3214, 135.167, -64.8886, 233.188, 25.1449, 0.72771, 9.92466, 1.05645, -129.406, 0.977976, 121.065
5604, 93.40000, 201.03, -65.3227, 135.298, -64.8928, 233.012, 25.1294, 0.727603, 9.92835, 1.0566, -129.419, 0.977829, 121.059
5605, 93.40833, 200.954, -65.3241, 135.428, -64.897, 232.835, 25.1139, 0.727496, 9.93205, 1.05675, -129.431, 0.977681, 121.052
5605, 93.41666, 200.878, -65.3255, 135.558, -64.9012, 232.659, 25.0984, 0.72739, 9.93576, 1.0569, -129.444, 0.977534, 121.046
5606, 93.42500, 200.803, -65.3269, 135.689, -64.9055, 232.483, 25.0828, 0.727284, 9.93948, 1.05705, -129.457, 0.977387, 121.039
5606, 93.43333, 200.728, -65.3283, 135.82, -64.9099, 232.307, 25.0673, 0.727178, 9.94321, 1.0572, -129.47, 0.977241, 121.032
5606, 93.44167, 200.652, -65.3298, 135.95, -64.9143, 232.131, 25.0518, 0.727072, 9.94696, 1.05735, -129.483, 0.977095, 121.026
5607, 93.45000, 200.577, -65.3312, 136.081, -64.9188, 231.955, 25.0362, 0.726967, 9.95072, 1.0575, -129.495, 0.976949, 121.019
5608, 93.45834, 200.502, -65.3326, 136.212, -64.9233, 231.779, 25.0207, 0.726862, 9.95449, 1.05765, -129.508, 0.976804, 121.013
5608, 93.46667, 200.428, -65.3341, 136.342, -64.9279, 231.603, 25.0051, 0.726757, 9.95828, 1.0578, -129.521, 0.976658, 121.006
5609, 93.47500, 200.353, -65.3355, 136.473, -64.9325, 231.428, 24.9895, 0.726653, 9.96207, 1.05795, -129.534, 0.976514, 120.999
5609, 93.48333, 200.278, -65.337, 136.604, -64.9372, 231.253, 24.9739, 0.726549, 9.96588, 1.0581, -129.547, 0.976369, 120.993
5610, 93.49167, 200.204, -65.3385, 136.735, -64.9419, 231.077, 24.9583, 0.726445, 9.9697, 1.05825, -129.56, 0.976225, 120.986
5610, 93.50000, 200.129, -65.34, 136.866, -64.9467, 230.902, 24.9427, 0.726341, 9.97353, 1.0584, -129.573, 0.976081, 120.98
5611, 93.50833, 200.055, -65.3415, 136.998, -64.9515, 230.727, 24.9271, 0.726237, 9.97738, 1.05856, -129.586, 0.975937, 120.973
5611, 93.51667, 199.981, -65.343, 137.129, -64.9564, 230.552, 24.9115, 0.726134, 9.98124, 1.05871, -129.599, 0.975794, 120.966
5612, 93.52500, 199.907, -65.3445, 137.26, -64.9613, 230.378, 24.8958, 0.726031, 9.98511, 1.05886, -129.612, 0.975651, 120.96
5612, 93.53333, 199.833, -65.346, 137.392, -64.9663, 230.203, 24.8802, 0.725929, 9.98899, 1.05902, -129.625, 0.975508, 120.953
5613, 93.54166, 199.759, -65.3476, 137.523, -64.9714, 230.029, 24.8645, 0.725826, 9.99289, 1.05917, -129.638, 0.975366, 120.947
5613, 93.55000, 199.685, -65.3491, 137.655, -64.9764, 229.854, 24.8488, 0.725724, 9.99679, 1.05932, -129.651, 0.975224, 120.94
5614, 93.55833, 199.611, -65.3507, 137.786, -64.9816, 229.68, 24.8332, 0.725622, 10.0007, 1.05948, -129.665, 0.975082, 120.933
5614, 93.56667, 199.538, -65.3523, 137.918, -64.9868, 229.506, 24.8175, 0.725521, 10.0046, 1.05963, -129.678, 0.97494, 120.927
5614, 93.57500, 199.465, -65.3538, 138.05, -64.992, 229.332, 24.8018, 0.725419, 10.0086, 1.05978, -129.691, 0.974799, 120.92
5615, 93.58334, 199.391, -65.3554, 138.181, -64.9973, 229.158, 24.7861, 0.725318, 10.0125, 1.05994, -129.704, 0.974658, 120.913
5616, 93.59167, 199.318, -65.357, 138.313, -65.0027, 228.984, 24.7703, 0.725217, 10.0165, 1.06009, -129.717, 0.974518, 120.907
5616, 93.60000, 199.245, -65.3587, 138.445, -65.0081, 228.81, 24.7546, 0.725117, 10.0205, 1.06025, -129.73, 0.974377, 120.9
5617, 93.60833, 199.172, -65.3603, 138.577, -65.0136, 228.637, 24.7389, 0.725017, 10.0245, 1.06041, -129.744, 0.974237, 120.894
5617, 93.61667, 199.099, -65.3619, 138.709, -65.0191, 228.463, 24.7231, 0.724917, 10.0285, 1.06056, -129.757, 0.974098, 120.887
5618, 93.62500, 199.027, -65.3636, 138.841, -65.0246, 228.29, 24.7073, 0.724817, 10.0325, 1.06072, -129.77, 0.973958, 120.88
5618, 93.63333, 198.954, -65.3652, 138.974, -65.0303, 228.117, 24.6916, 0.724717, 10.0365, 1.06087, -129.784, 0.973819, 120.874
5619, 93.64167, 198.882, -65.3669, 139.106, -65.0359, 227.943, 24.6758, 0.724618, 10.0406, 1.06103, -129.797, 0.97368, 120.867
5619, 93.65000, 198.809, -65.3686, 139.238, -65.0416, 227.77, 24.66, 0.724519, 10.0446, 1.06119, -129.81, 0.973542, 120.86
5620, 93.65833, 198.737, -65.3703, 139.371, -65.0474, 227.598, 24.6442, 0.724421, 10.0487, 1.06134, -129.824, 0.973404, 120.854
5620, 93.66666, 198.665, -65.372, 139.503, -65.0532, 227.425, 24.6284, 0.724322, 10.0528, 1.0615, -129.837, 0.973266, 120.847
5621, 93.67500, 198.593, -65.3737, 139.636, -65.0591, 227.252, 24.6125, 0.724224, 10.0569, 1.06166, -129.851, 0.973128, 120.84
5621, 93.68333, 198.521, -65.3754, 139.768, -65.065, 227.079, 24.5967, 0.724126, 10.061, 1.06182, -129.864, 0.972991, 120.834
5622, 93.69167, 198.449, -65.3771, 139.901, -65.071, 226.907, 24.5809, 0.724029, 10.0651, 1.06198, -129.877, 0.972854, 120.827
5622, 93.70000, 198.377, -65.3789, 140.034, -65.077, 226.735, 24.565, 0.723932, 10.0692, 1.06213, -129.891, 0.972717, 120.82
5622, 93.70834, 198.306, -65.3806, 140.167, -65.0831, 226.562, 24.5491, 0.723835, 10.0734, 1.06229, -129.904, 0.972581, 120.814
5623, 93.71667, 198.234, -65.3824, 140.299, -65.0893, 226.39, 24.5332, 0.723738, 10.0775, 1.06245, -129.918, 0.972445, 120.807
5624, 93.72500, 198.163, -65.3842, 140.432, -65.0955, 226.218, 24.5173, 0.723641, 10.0817, 1.06261, -129.931, 0.972309, 120.8
5624, 93.73333, 198.091, -65.386, 140.565, -65.1017, 226.046, 24.5014, 0.723545, 10.0859, 1.06277, -129.945, 0.972173, 120.794
5625, 93.74167, 198.02, -65.3878, 140.699, -65.108, 225.875, 24.4855, 0.723449, 10.0901, 1.06293, -129.959, 0.972038, 120.787
5625, 93.75000, 197.949, -65.3896, 140.832, -65.1143, 225.703, 24.4696, 0.723353, 10.0943, 1.06309, -129.972, 0.971903, 120.78
5626, 93.75833, 197.878, -65.3914, 140.965, -65.1207, 225.531, 24.4537, 0.723258, 10.0985, 1.06325, -129.986, 0.971768, 120.773
5626, 93.76667, 197.807, -65.3932, 141.098, -65.1272, 225.36, 24.4377, 0.723163, 10.1027, 1.06341, -130, 0.971634, 120.767
5627, 93.77500, 197.737, -65.3951, 141.232, -65.1337, 225.189, 24.4217, 0.723068, 10.107, 1.06358, -130.013, 0.9715, 120.76
5627, 93.78333, 197.666, -65.397, 141.365, -65.1402, 225.017, 24.4058, 0.722973, 10.1112, 1.06374, -130.027, 0.971366, 120.753
5628, 93.79166, 197.596, -65.3988, 141.499, -65.1468, 224.846, 24.3898, 0.722879, 10.1155, 1.0639, -130.041, 0.971233, 120.747
5628, 93.80000, 197.525, -65.4007, 141.632, -65.1535, 224.675, 24.3738, 0.722785, 10.1198, 1.06406, -130.054, 0.9711, 120.74
5629, 93.80833, 197.455, -65.4026, 141.766, -65.1602, 224.504, 24.3578, 0.722691, 10.1241, 1.06422, -130.068, 0.970967, 120.733
5629, 93.81667, 197.385, -65.4045, 141.9, -65.1669, 224.334, 24.3418, 0.722598, 10.1284, 1.06438, -130.082, 0.970834, 120.727
5630, 93.82500, 197.315, -65.4064, 142.033, -65.1737, 224.163, 24.3257, 0.722505, 10.1327, 1.06455, -130.096, 0.970702, 120.72
5630, 93.83334, 197.245, -65.4084, 142.167, -65.1806, 223.992, 24.3097, 0.722412, 10.137, 1.06471, -130.11, 0.97057, 120.713
5630, 93.84167, 197.175, -65.4103, 142.301, -65.1875, 223.822, 24.2937, 0.722319, 10.1413, 1.06487, -130.123, 0.970438, 120.706
5631, 93.85000, 197.105, -65.4123, 142.435, -65.1945, 223.652, 24.2776, 0.722227, 10.1457, 1.06504, -130.137, 0.970307, 120.7
5632, 93.85833, 197.036, -65.4143, 142.569, -65.2015, 223.481, 24.2615, 0.722134, 10.1501, 1.0652, -130.151, 0.970176, 120.693
5632, 93.86667, 196.966, -65.4162, 142.704, -65.2086, 223.311, 24.2454, 0.722043, 10.1544, 1.06537, -130.165, 0.970045, 120.686
5633, 93.87500, 196.897, -65.4182, 142.838, -65.2157, 223.141, 24.2293, 0.721951, 10.1588, 1.06553, -130.179, 0.969914, 120.679
5633, 93.88333, 196.827, -65.4202, 142.972, -65.2228, 222.971, 24.2132, 0.72186, 10.1632, 1.06569, -130.193, 0.969784, 120.673
5634, 93.89167, 196.758, -65.4223, 143.106, -65.2301, 222.801, 24.1971, 0.721769, 10.1676, 1.06586, -130.207, 0.969654, 120.666
5634, 93.90000, 196.689, -65.4243, 143.241, -65.2374, 222.632, 24.181, 0.721678, 10.1721, 1.06603, -130.221, 0.969524, 120.659
5635, 93.90833, 196.62, -65.4263, 143.375, -65.2447, 222.462, 24.1648, 0.721588, 10.1765, 1.06619, -130.235, 0.969395, 120.652
5635, 93.91666, 196.551, -65.4284, 143.51, -65.2521, 222.292, 24.1487, 0.721497, 10.181, 1.06636, -130.249, 0.969266, 120.646
5636, 93.92500, 196.482, -65.4305, 143.645, -65.2595, 222.123, 24.1325, 0.721408, 10.1854, 1.06652, -130.263, 0.969137, 120.639
5636, 93.93333, 196.414, -65.4325, 143.779, -65.267, 221.954, 24.1163, 0.721318, 10.1899, 1.06669, -130.277, 0.969008, 120.632
5637, 93.94167, 196.345, -65.4346, 143.914, -65.2745, 221.784, 24.1001, 0.721229, 10.1944, 1.06686, -130.291, 0.96888, 120.625
5637, 93.95000, 196.277, -65.4368, 144.049, -65.2821, 221.615, 24.0839, 0.721139, 10.1989, 1.06702, -130.306, 0.968752, 120.618
5638, 93.95834, 196.208, -65.4389, 144.184, -65.2897, 221.446, 24.0677, 0.721051, 10.2034, 1.06719, -130.32, 0.968624, 120.612
5638, 93.96667, 196.14, -65.441, 144.319, -65.2974, 221.277, 24.0515, 0.720962, 10.208, 1.06736, -130.334, 0.968497, 120.605
5638, 93.97500, 196.072, -65.4432, 144.454, -65.3052, 221.109, 24.0352, 0.720874, 10.2125, 1.06752, -130.348, 0.96837, 120.598
5639, 93.98333, 196.004, -65.4453, 144.589, -65.3129, 220.94, 24.019, 0.720786, 10.217, 1.06769, -130.362, 0.968243, 120.591
5640, 93.99167, 195.936, -65.4475, 144.724, -65.3208, 220.771, 24.0027, 0.720698, 10.2216, 1.06786, -130.377, 0.968116, 120.584
5640, 94.00000, 195.868, -65.4497, 144.859, -65.3287, 220.603, 23.9864, 0.720611, 10.2262, 1.06803, -130.391, 0.96799, 120.578
5641, 94.00833, 195.801, -65.4519, 144.995, -65.3366, 220.434, 23.9701, 0.720524, 10.2308, 1.0682, -130.405, 0.967864, 120.571
5641, 94.01667, 195.733, -65.4541, 145.13, -65.3446, 220.266, 23.9538, 0.720437, 10.2354, 1.06837, -130.42, 0.967738, 120.564
5642, 94.02500, 195.666, -65.4563, 145.266, -65.3527, 220.098, 23.9375, 0.720351, 10.24, 1.06854, -130.434, 0.967613, 120.557
5642, 94.03333, 195.598, -65.4586, 145.401, -65.3608, 219.93, 23.9212, 0.720264, 10.2446, 1.06871, -130.448, 0.967488, 120.55
5643, 94.04166, 195.531, -65.4608, 145.537, -65.3689, 219.762, 23.9048, 0.720178, 10.2493, 1.06888, -130.463, 0.967363, 120.544
5643, 94.05000, 195.464, -65.4631, 145.673, -65.3771, 219.594, 23.8885, 0.720093, 10.2539, 1.06905, -130.477, 0.967238, 120.537
5644, 94.05833, 195.397, -65.4654, 145.808, -65.3854, 219.426, 23.8721, 0.720007, 10.2586, 1.06922, -130.492, 0.967114, 120.53
5644, 94.06667, 195.33, -65.4677, 145.944, -65.3937, 219.258, 23.8557, 0.719922, 10.2633, 1.06939, -130.506, 0.96699, 120.523
5645, 94.07500, 195.263, -65.47, 146.08, -65.4021, 219.091, 23.8394, 0.719837, 10.268, 1.06956, -130.521, 0.966866, 120.516
5645, 94.08334, 195.196, -65.4723, 146.216, -65.4105, 218.923, 23.823, 0.719753, 10.2727, 1.06973, -130.535, 0.966742, 120.509
5646, 94.09167, 195.129, -65.4747, 146.352, -65.4189, 218.756, 23.8065, 0.719668, 10.2774, 1.0699, -130.55, 0.966619, 120.502
5646, 94.10000, 195.063, -65.477, 146.488, -65.4275, 218.589, 23.7901, 0.719584, 10.2821, 1.07007, -130.564, 0.966496, 120.496
5646, 94.10833, 194.997, -65.4794, 146.624, -65.436, 218.421, 23.7737, 0.719501, 10.2868, 1.07025, -130.579, 0.966374, 120.489
5647, 94.11667, 194.93, -65.4818, 146.761, -65.4446, 218.254, 23.7572, 0.719417, 10.2916, 1.07042, -130.593, 0.966251, 120.482
5648, 94.12500, 194.864, -65.4842, 146.897, -65.4533, 218.087, 23.7407, 0.719334, 10.2964, 1.07059, -130.608, 0.966129, 120.475
5648, 94.13333, 194.798, -65.4866, 147.033, -65.462, 217.92, 23.7243, 0.719251, 10.3011, 1.07076, -130.623, 0.966007, 120.468
5649, 94.14167, 194.732, -65.489, 147.17, -65.4708, 217.754, 23.7078, 0.719169, 10.3059, 1.07094, -130.637, 0.965886, 120.461
5649, 94.15000, 194.666, -65.4914, 147.306, -65.4796, 217.587, 23.6913, 0.719087, 10.3107, 1.07111, -130.652, 0.965764, 120.454
5650, 94.15833, 194.6, -65.4939, 147.443, -65.4885, 217.42, 23.6747, 0.719005, 10.3156, 1.07128, -130.667, 0.965643, 120.447
5650, 94.16666, 194.534, -65.4963, 147.58, -65.4975, 217.254, 23.6582, 0.718923, 10.3204, 1.07146, -130.682, 0.965522, 120.44
5651, 94.17500, 194.469, -65.4988, 147.716, -65.5064, 217.087, 23.6417, 0.718842, 10.3252, 1.07163, -130.696, 0.965402, 120.434
5651, 94.18333, 194.403, -65.5013, 147.853, -65.5155, 216.921, 23.6251, 0.71876, 10.3301, 1.07181, -130.711, 0.965282, 120.427
5652, 94.19167, 194.338, -65.5038, 147.99, -65.5246, 216.755, 23.6085, 0.71868, 10.3349, 1.07198, -130.726, 0.965162, 120.42
5652, 94.20000, 194.273, -65.5064, 148.127, -65.5337, 216.588, 23.5919, 0.718599, 10.3398, 1.07216, -130.741, 0.965042, 120.413
5653, 94.20834, 194.208, -65.5089, 148.264, -65.5429, 216.422, 23.5753, 0.718519, 10.3447, 1.07233, -130.756, 0.964923, 120.406
5653, 94.21667, 194.142, -65.5115, 148.401, -65.5521, 216.256, 23.5587, 0.718439, 10.3496, 1.07251, -130.771, 0.964804, 120.399
5654, 94.22500, 194.077, -65.514, 148.538, -65.5614, 216.091, 23.5421, 0.718359, 10.3545, 1.07268, -130.786, 0.964685, 120.392
5654, 94.23333, 194.013, -65.5166, 148.676, -65.5708, 215.925, 23.5255, 0.71828, 10.3595, 1.07286, -130.801, 0.964566, 120.385
5654, 94.24167, 193.948, -65.5192, 148.813, -65.5801, 215.759, 23.5088, 0.718201, 10.3644, 1.07303, -130.816, 0.964448, 120.378
5655, 94.25000, 193.883, -65.5218, 148.95, -65.5896, 215.593, 23.4921, 0.718122, 10.3693, 1.07321, -130.831, 0.96433, 120.371
5656, 94.25833, 193.819, -65.5245, 149.088, -65.5991, 215.428, 23.4755, 0.718044, 10.3743, 1.07339, -130.846, 0.964212, 120.364
5656, 94.26667, 193.754, -65.5271, 149.225, -65.6087, 215.263, 23.4588, 0.717965, 10.3793, 1.07357, -130.861, 0.964095, 120.357
5657, 94.27500, 193.69, -65.5298, 149.363, -65.6182, 215.097, 23.4421, 0.717888, 10.3843, 1.07374, -130.876, 0.963977, 120.35
5657, 94.28333, 193.626, -65.5324, 149.501, -65.6279, 214.932, 23.4254, 0.71781, 10.3893, 1.07392, -130.891, 0.96386, 120.343
5658, 94.29166, 193.561, -65.5351, 149.638, -65.6376, 214.767, 23.4086, 0.717733, 10.3943, 1.0741, -130.906, 0.963744, 120.336
5658, 94.30000, 193.497, -65.5378, 149.776, -65.6474, 214.602, 23.3919, 0.717656, 10.3993, 1.07428, -130.921, 0.963627, 120.329
5659, 94.30833, 193.433, -65.5406, 149.914, -65.6572, 214.437, 23.3751, 0.717579, 10.4044, 1.07445, -130.936, 0.963511, 120.322
5659, 94.31667, 193.37, -65.5433, 150.052, -65.667, 214.272, 23.3583, 0.717502, 10.4094, 1.07463, -130.952, 0.963395, 120.315
5660, 94.32500, 193.306, -65.5461, 150.19, -65.677, 214.107, 23.3415, 0.717426, 10.4145, 1.07481, -130.967, 0.963279, 120.308
5660, 94.33334, 193.242, -65.5488, 150.328, -65.6869, 213.943, 23.3247, 0.717351, 10.4196, 1.07499, -130.982, 0.963164, 120.301
5661, 94.34167, 193.179, -65.5516, 150.466, -65.6969, 213.778, 23.3079, 0.717275, 10.4247, 1.07517, -130.997, 0.963049, 120.294
5661, 94.35000, 193.115, -65.5544, 150.605, -65.707, 213.613, 23.2911, 0.7172, 10.4298, 1.07535, -131.013, 0.962934, 120.287
5662, 94.35833, 193.052, -65.5572, 150.743, -65.7171, 213.449, 23.2743, 0.717125, 10.4349, 1.07553, -131.028, 0.96282, 120.28
5662, 94.36667, 192.989, -65.5601, 150.881, -65.7273, 213.285, 23.2574, 0.71705, 10.44, 1.07571, -131.043, 0.962705, 120.273
5662, 94.37500, 192.925, -65.5629, 151.02, -65.7375, 213.12, 23.2405, 0.716976, 10.4451, 1.07589, -131.059, 0.962591, 120.266
5663, 94.38333, 192.862, -65.5658, 151.158, -65.7478, 212.956, 23.2236, 0.716902, 10.4503, 1.07607, -131.074, 0.962477, 120.259
5664, 94.39167, 192.799, -65.5687, 151.297, -65.7581, 212.792, 23.2067, 0.716828, 10.4555, 1.07625, -131.09, 0.962364, 120.252
5664, 94.40000, 192.737, -65.5716, 151.436, -65.7685, 212.628, 23.1898, 0.716755, 10.4606, 1.07644, -131.105, 0.962251, 120.245
5665, 94.40833, 192.674, -65.5745, 151.574, -65.7789, 212.464, 23.1729, 0.716681, 10.4658, 1.07662, -131.12, 0.962138, 120.238
5665, 94.41666, 192.611, -65.5774, 151.713, -65.7894, 212.3, 23.1559, 0.716609, 10.471, 1.0768, -131.136, 0.962025, 120.231
5666, 94.42500, 192.549, -65.5804, 151.852, -65.8, 212.137, 23.139, 0.716536, 10.4762, 1.07698, -131.152, 0.961912, 120.224
5666, 94.43333, 192.486, -65.5833, 151.991, -65.8106, 211.973, 23.122, 0.716464, 10.4815, 1.07716, -131.167, 0.9618, 120.217
5667, 94.44167, 192.424, -65.5863, 152.13, -65.8212, 211.809, 23.105, 0.716392, 10.4867, 1.07735, -131.183, 0.961688, 120.21
5667, 94.45000, 192.362, -65.5893, 152.269, -65.8319, 211.646, 23.088, 0.71632, 10.492, 1.07753, -131.198, 0.961576, 120.203
5668, 94.45834, 192.3, -65.5923, 152.408, -65.8426, 211.483, 23.071, 0.716249, 10.4972, 1.07771, -131.214, 0.961465, 120.196
5668, 94.46667, 192.238, -65.5954, 152.547, -65.8534, 211.319, 23.054, 0.716178, 10.5025, 1.0779, -131.23, 0.961354, 120.188
5669, 94.47500, 192.176, -65.5984, 152.687, -65.8643, 211.156, 23.0369, 0.716107, 10.5078, 1.07808, -131.245, 0.961243, 120.181
5669, 94.48333, 192.114, -65.6015, 152.826, -65.8752, 210.993, 23.0199, 0.716037, 10.5131, 1.07826, -131.261, 0.961132, 120.174
5670, 94.49167, 192.052, -65.6046, 152.966, -65.8861, 210.83, 23.0028, 0.715967, 10.5184, 1.07845, -131.277, 0.961022, 120.167
5670, 94.50000, 191.99, -65.6077, 153.105, -65.8971, 210.667, 22.9857, 0.715897, 10.5237, 1.07863, -131.293, 0.960911, 120.16
5670, 94.50833, 191.929, -65.6108, 153.245, -65.9082, 210.504, 22.9686, 0.715827, 10.5291, 1.07882, -131.308, 0.960802, 120.153
5671, 94.51667, 191.867, -65.6139, 153.384, -65.9193, 210.341, 22.9515, 0.715758, 10.5344, 1.079, -131.324, 0.960692, 120.146
5672, 94.52500, 191.806, -65.6171, 153.524, -65.9305, 210.179, 22.9344, 0.715689, 10.5398, 1.07919, -131.34, 0.960582, 120.139
5672, 94.53333, 191.745, -65.6202, 153.664, -65.9417, 210.016, 22.9172, 0.715621, 10.5452, 1.07937, -131.356, 0.960473, 120.131
5673, 94.54166, 191.684, -65.6234, 153.804, -65.953, 209.853, 22.9001, 0.715553, 10.5506, 1.07956, -131.372, 0.960364, 120.124
5673, 94.55000, 191.623, -65.6266, 153.944, -65.9643, 209.691, 22.8829, 0.715485, 10.556, 1.07974, -131.388, 0.960256, 120.117
5674, 94.55833, 191.562, -65.6298, 154.084, -65.9756, 209.529, 22.8657, 0.715417, 10.5614, 1.07993, -131.404, 0.960147, 120.11
5674, 94.56667, 191.501, -65.6331, 154.224, -65.9871, 209.366, 22.8485, 0.71535, 10.5668, 1.08012, -131.42, 0.960039, 120.103
5675, 94.57500, 191.44, -65.6363, 154.364, -65.9985, 209.204, 22.8313, 0.715283, 10.5722, 1.0803, -131.436, 0.959931, 120.096
5675, 94.58334, 191.379, -65.6396, 154.504, -66.0101, 209.042, 22.814, 0.715216, 10.5777, 1.08049, -131.452, 0.959824, 120.088
5676, 94.59167, 191.319, -65.6429, 154.645, -66.0217, 208.88, 22.7968, 0.715149, 10.5831, 1.08068, -131.468, 0.959716, 120.081
5676, 94.60000, 191.258, -65.6462, 154.785, -66.0333, 208.718, 22.7795, 0.715083, 10.5886, 1.08086, -131.484, 0.959609, 120.074
5677, 94.60833, 191.198, -65.6495, 154.925, -66.045, 208.556, 22.7622, 0.715018, 10.5941, 1.08105, -131.5, 0.959502, 120.067
5677, 94.61667, 191.138, -65.6529, 155.066, -66.0567, 208.394, 22.7449, 0.714952, 10.5996, 1.08124, -131.516, 0.959396, 120.059
5678, 94.62500, 191.078, -65.6563, 155.206, -66.0685, 208.232, 22.7276, 0.714887, 10.6051, 1.08143, -131.532, 0.959289, 120.052
5678, 94.63333, 191.018, -65.6596, 155.347, -66.0803, 208.071, 22.7103, 0.714822, 10.6106, 1.08162, -131.549, 0.959183, 120.045
5678, 94.64167, 190.958, -65.663, 155.488, -66.0922, 207.909, 22.6929, 0.714758, 10.6162, 1.08181, -131.565, 0.959077, 120.038
5679, 94.65000, 190.898, -65.6665, 155.629, -66.1042, 207.748, 22.6756, 0.714693, 10.6217, 1.082, -131.581, 0.958972, 120.031
5680, 94.65833, 190.838, -65.6699, 155.769, -66.1162, 207.586, 22.6582, 0.714629, 10.6273, 1.08218, -131.597, 0.958866, 120.023
5680, 94.66666, 190.778, -65.6733, 155.91, -66.1282, 207.425, 22.6408, 0.714566, 10.6329, 1.08237, -131.614, 0.958761, 120.016
5681, 94.67500, 190.719, -65.6768, 156.051, -66.1403, 207.264, 22.6234, 0.714503, 10.6384, 1.08256, -131.63, 0.958656, 120.009
5681, 94.68333, 190.659, -65.6803, 156.192, -66.1525, 207.102, 22.606, 0.71444, 10.644, 1.08275, -131.646, 0.958552, 120.001
5682, 94.69167, 190.6, -65.6838, 156.334, -66.1647, 206.941, 22.5886, 0.714377, 10.6497, 1.08294, -131.663, 0.958447, 119.994
5682, 94.70000, 190.54, -65.6874, 156.475, -66.177, 206.78, 22.5711, 0.714315, 10.6553, 1.08313, -131.679, 0.958343, 119.987
5683, 94.70834, 190.481, -65.6909, 156.616, -66.1893, 206.619, 22.5536, 0.714253, 10.6609, 1.08333, -131.696, 0.958239, 119.98
5683, 94.71667, 190.422, -65.6945, 156.758, -66.2016, 206.458, 22.5362, 0.714191, 10.6666, 1.08352, -131.712, 0.958136, 119.972
5684, 94.72500, 190.363, -65.6981, 156.899, -66.2141, 206.297, 22.5187, 0.71413, 10.6722, 1.08371, -131.729, 0.958032, 119.965
5684, 94.73333, 190.304, -65.7017, 157.04, -66.2265, 206.137, 22.5011, 0.714069, 10.6779, 1.0839, -131.745, 0.957929, 119.958
5685, 94.74167, 190.245, -65.7053, 157.182, -66.2391, 205.976, 22.4836, 0.714008, 10.6836, 1.08409, -131.762, 0.957826, 119.95
5685, 94.75000, 190.187, -65.7089, 157.324, -66.2516, 205.815, 22.4661, 0.713948, 10.6893, 1.08428, -131.778, 0.957723, 119.943
5686, 94.75833, 190.128, -65.7126, 157.465, -66.2643, 205.655, 22.4485, 0.713888, 10.695, 1.08448, -131.795, 0.957621, 119.936
5686, 94.76667, 190.069, -65.7163, 157.607, -66.2769, 205.495, 22.4309, 0.713828, 10.7007, 1.08467, -131.812, 0.957519, 119.928
5686, 94.77500, 190.011, -65.72, 157.749, -66.2897, 205.334, 22.4133, 0.713768, 10.7064, 1.08486, -131.828, 0.957417, 119.921
5687, 94.78333, 189.953, -65.7237, 157.891, -66.3025, 205.174, 22.3957, 0.713709, 10.7122, 1.08505, -131.845, 0.957315, 119.914
5688, 94.79166, 189.894, -65.7275, 158.033, -66.3153, 205.014, 22.3781, 0.71365, 10.7179, 1.08525, -131.862, 0.957214, 119.906
5688, 94.80000, 189.836, -65.7312, 158.175, -66.3282, 204.853, 22.3605, 0.713592, 10.7237, 1.08544, -131.878, 0.957112, 119.899
5689, 94.80833, 189.778, -65.735, 158.317, -66.3412, 204.693, 22.3428, 0.713534, 10.7295, 1.08563, -131.895, 0.957011, 119.892
5689, 94.81667, 189.72, -65.7388, 158.459, -66.3542, 204.533, 22.3251, 0.713476, 10.7353, 1.08583, -131.912, 0.956911, 119.884
5690, 94.82500, 189.662, -65.7426, 158.602, -66.3672, 204.373, 22.3074, 0.713419, 10.7411, 1.08602, -131.929, 0.95681, 119.877
5690, 94.83334, 189.605, -65.7465, 158.744, -66.3803, 204.214, 22.2897, 0.713361, 10.7469, 1.08622, -131.946, 0.95671, 119.869
5691, 94.84167, 189.547, -65.7503, 158.886, -66.3935, 204.054, 22.272, 0.713305, 10.7527, 1.08641, -131.963, 0.95661, 119.862
5691, 94.85000, 189.489, -65.7542, 159.029, -66.4067, 203.894, 22.2543, 0.713248, 10.7586, 1.08661, -131.98, 0.95651, 119.854
5691, 94.85833, 189.432, -65.7581, 159.172, -66.4199, 203.734, 22.2365, 0.713192, 10.7644, 1.0868, -131.997, 0.95641, 119.847
5692, 94.86667, 189.374, -65.762, 159.314, -66.4333, 203.575, 22.2187, 0.713136, 10.7703, 1.087, -132.014, 0.956311, 119.84
5693, 94.87500, 189.317, -65.766, 159.457, -66.4466, 203.415, 22.201, 0.713081, 10.7762, 1.08719, -132.031, 0.956212, 119.832
5693, 94.88333, 189.26, -65.7699, 159.6, -66.4601, 203.256, 22.1831, 0.713025, 10.782, 1.08739, -132.048, 0.956113, 119.825
5694, 94.89167, 189.203, -65.7739, 159.743, -66.4735, 203.097, 22.1653, 0.712971, 10.788, 1.08759, -132.065, 0.956015, 119.817
5694, 94.90000, 189.146, -65.7779, 159.885, -66.4871, 202.937, 22.1475, 0.712916, 10.7939, 1.08778, -132.082, 0.955916, 119.81
5694, 94.90833, 189.089, -65.7819, 160.028, -66.5006, 202.778, 22.1296, 0.712862, 10.7998, 1.08798, -132.099, 0.955818, 119.802
5695, 94.91666, 189.032, -65.786, 160.171, -66.5143, 202.619, 22.1118, 0.712808, 10.8057, 1.08818, -132.116, 0.95572, 119.795
5696, 94.92500, 188.975, -65.79, 160.315, -66.528, 202.46, 22.0939, 0.712754, 10.8117, 1.08837, -132.133, 0.955623, 119.787
5696, 94.93333, 188.918, -65.7941, 160.458, -66.5417, 202.301, 22.076, 0.712701, 10.8176, 1.08857, -132.151, 0.955525, 119.78
5697, 94.94167, 188.862, -65.7982, 160.601, -66.5555, 202.142, 22.0581, 0.712648, 10.8236, 1.08877, -132.168, 0.955428, 119.772
5697, 94.95000, 188.805, -65.8024, 160.744, -66.5694, 201.983, 22.0401, 0.712596, 10.8296, 1.08897, -132.185, 0.955331, 119.765
5698, 94.95834, 188.749, -65.8065, 160.888, -66.5833, 201.824, 22.0222, 0.712544, 10.8356, 1.08916, -132.203, 0.955234, 119.757
5698, 94.96667, 188.693, -65.8107, 161.031, -66.5972, 201.666, 22.0042, 0.712492, 10.8416, 1.08936, -132.22, 0.955138, 119.75
5699, 94.97500, 188.637, -65.8149, 161.175, -66.6112, 201.507, 21.9862, 0.71244, 10.8476, 1.08956, -132.237, 0.955041, 119.742
5699, 94.98333, 188.58, -65.8191, 161.318, -66.6253, 201.348, 21.9682, 0.712389, 10.8537, 1.08976, -132.255, 0.954945, 119.735
5699, 94.99167, 188.524, -65.8233, 161.462, -66.6394, 201.19, 21.9502, 0.712338, 10.8597, 1.08996, -132.272, 0.95485, 119.727
5700, 95.00000, 188.468, -65.8276, 161.606, -66.6536, 201.031, 21.9321, 0.712288, 10.8658, 1.09016, -132.29, 0.954754, 119.72
5701, 95.00833, 188.413, -65.8318, 161.75, -66.6678, 200.873, 21.9141, 0.712238, 10.8718, 1.09036, -132.307, 0.954659, 119.712
5701, 95.01667, 188.357, -65.8361, 161.894, -66.6821, 200.715, 21.896, 0.712188, 10.8779, 1.09056, -132.325, 0.954563, 119.704
5702, 95.02500, 188.301, -65.8405, 162.038, -66.6964, 200.556, 21.8779, 0.712139, 10.884, 1.09076, -132.342, 0.954469, 119.697
5702, 95.03333, 188.246, -65.8448, 162.182, -66.7108, 200.398, 21.8598, 0.712089, 10.8901, 1.09096, -132.36, 0.954374, 119.689
5703, 95.04166, 188.19, -65.8492, 162.326, -66.7252, 200.24, 21.8417, 0.712041, 10.8962, 1.09116, -132.377, 0.954279, 119.682
5703, 95.05000, 188.135, -65.8535, 162.47, -66.7397, 200.082, 21.8235, 0.711992, 10.9023, 1.09136, -132.395, 0.954185, 119.674
5704, 95.05833, 188.079, -65.858, 162.614, -66.7543, 199.924, 21.8054, 0.711944, 10.9085, 1.09156, -132.413, 0.954091, 119.666
5704, 95.06667, 188.024, -65.8624, 162.759, -66.7689, 199.766, 21.7872, 0.711896, 10.9146, 1.09176, -132.43, 0.953998, 119.659
5705, 95.07500, 187.969, -65.8668, 162.903, -66.7835, 199.608, 21.769, 0.711849, 10.9208, 1.09196, -132.448, 0.953904, 119.651
5705, 95.08334, 187.914, -65.8713, 163.047, -66.7982, 199.45, 21.7508, 0.711802, 10.927, 1.09216, -132.466, 0.953811, 119.643
5706, 95.09167, 187.859, -65.8758, 163.192, -66.813, 199.292, 21.7326, 0.711755, 10.9332, 1.09237, -132.484, 0.953718, 119.636
5706, 95.10000, 187.804, -65.8803, 163.337, -66.8278, 199.135, 21.7143, 0.711709, 10.9394, 1.09257, -132.502, 0.953625, 119.628
5707, 95.10833, 187.75, -65.8849, 163.481, -66.8427, 198.977, 21.6961, 0.711663, 10.9456, 1.09277, -132.519, 0.953532, 119.62
5707, 95.11667, 187.695, -65.8894, 163.626, -66.8576, 198.82, 21.6778, 0.711617, 10.9518, 1.09297, -132.537, 0.95344, 119.613
5707, 95.12500, 187.64, -65.894, 163.771, -66.8726, 198.662, 21.6595, 0.711572, 10.958, 1.09318, -132.555, 0.953348, 119.605
5708, 95.13333, 187.586, -65.8986, 163.916, -66.8876, 198.505, 21.6412, 0.711527, 10.9643, 1.09338, -132.573, 0.953256, 119.597
5709, 95.14167, 187.531, -65.9033, 164.061, -66.9027, 198.347, 21.6228, 0.711482, 10.9705, 1.09358, -132.591, 0.953164, 119.59
5709, 95.15000, 187.477, -65.9079, 164.206, -66.9178, 198.19, 21.6045, 0.711438, 10.9768, 1.09379, -132.609, 0.953072, 119.582
5710, 95.15833, 187.423, -65.9126, 164.351, -66.933, 198.033, 21.5861, 0.711394, 10.9831, 1.09399, -132.627, 0.952981, 119.574
5710, 95.16666, 187.369, -65.9173, 164.496, -66.9482, 197.875, 21.5677, 0.71135, 10.9894, 1.09419, -132.645, 0.95289, 119.566
5711, 95.17500, 187.315, -65.922, 164.641, -66.9636, 197.718, 21.5493, 0.711307, 10.9957, 1.0944, -132.663, 0.952799, 119.559
5711, 95.18333, 187.261, -65.9267, 164.786, -66.9789, 197.561, 21.5309, 0.711264, 11.002, 1.0946, -132.682, 0.952709, 119.551
5712, 95.19167, 187.207, -65.9315, 164.932, -66.9943, 197.404, 21.5124, 0.711222, 11.0083, 1.09481, -132.7, 0.952618, 119.543
5712, 95.20000, 187.153, -65.9363, 165.077, -67.0098, 197.247, 21.494, 0.71118, 11.0146, 1.09501, -132.718, 0.952528, 119.535
5713, 95.20834, 187.099, -65.9411, 165.223, -67.0253, 197.09, 21.4755, 0.711138, 11.021, 1.09522, -132.736, 0.952438, 119.528
5713, 95.21667, 187.046, -65.946, 165.368, -67.0409, 196.933, 21.457, 0.711096, 11.0274, 1.09542, -132.755, 0.952348, 119.52
5714, 95.22500, 186.992, -65.9508, 165.514, -67.0565, 196.777, 21.4385, 0.711055, 11.0337, 1.09563, -132.773, 0.952259, 119.512
5714, 95.23333, 186.939, -65.9557, 165.66, -67.0722, 196.62, 21.42, 0.711015, 11.0401, 1.09583, -132.791, 0.952169, 119.504
5715, 95.24167, 186.885, -65.9606, 165.805, -67.0879, 196.463, 21.4014, 0.710974, 11.0465, 1.09604, -132.81, 0.95208, 119.496
5715, 95.25000, 186.832, -65.9656, 165.951, -67.1037, 196.307, 21.3828, 0.710934, 11.0529, 1.09625, -132.828, 0.951991, 119.488
5715, 95.25833, 186.779, -65.9705, 166.097, -67.1195, 196.15, 21.3643, 0.710894, 11.0593, 1.09645, -132.846, 0.951903, 119.481
5716, 95.26667, 186.726, -65.9755, 166.243, -67.1354, 195.994, 21.3457, 0.710855, 11.0658, 1.09666, -132.865, 0.951814, 119.473
5717, 95.27500, 186.673, -65.9805, 166.389, -67.1514, 195.837, 21.327, 0.710816, 11.0722, 1.09687, -132.883, 0.951726, 119.465
5717, 95.28333, 186.62, -65.9855, 166.535, -67.1674, 195.681, 21.3084, 0.710778, 11.0786, 1.09707, -132.902, 0.951638, 119.457
5718, 95.29166, 186.567, -65.9906, 166.681, -67.1835, 195.525, 21.2897, 0.710739, 11.0851, 1.09728, -132.92, 0.95155, 119.449
5718, 95.30000, 186.514, -65.9957, 166.828, -67.1996, 195.368, 21.2711, 0.710702, 11.0916, 1.09749, -132.939, 0.951463, 119.441
5719, 95.30833, 186.462, -66.0008, 166.974, -67.2158, 195.212, 21.2524, 0.710664, 11.0981, 1.0977, -132.958, 0.951375, 119.433
5719, 95.31667, 186.409, -66.0059, 167.12, -67.232, 195.056, 21.2336, 0.710627, 11.1046, 1.0979, -132.976, 0.951288, 119.425
5720, 95.32500, 186.357, -66.011, 167.267, -67.2483, 194.9, 21.2149, 0.71059, 11.1111, 1.09811, -132.995, 0.951201, 119.417
5720, 95.33334, 186.304, -66.0162, 167.413, -67.2646, 194.744, 21.1962, 0.710554, 11.1176, 1.09832, -133.014, 0.951114, 119.41
5721, 95.34167, 186.252, -66.0214, 167.56, -67.281, 194.588, 21.1774, 0.710518, 11.1241, 1.09853, -133.033, 0.951028, 119.402
5721, 95.35000, 186.2, -66.0266, 167.707, -67.2974, 194.432, 21.1586, 0.710482, 11.1306, 1.09874, -133.051, 0.950941, 119.394
5722, 95.35833, 186.148, -66.0319, 167.853, -67.3139, 194.276, 21.1398, 0.710447, 11.1372, 1.09895, -133.07, 0.950855, 119.386
5722, 95.36667, 186.096, -66.0372, 168, -67.3305, 194.12, 21.121, 0.710412, 11.1438, 1.09916, -133.089, 0.950769, 119.378
5723, 95.37500, 186.044, -66.0425, 168.147, -67.3471, 193.964, 21.1021, 0.710377, 11.1503, 1.09937, -133.108, 0.950684, 119.37
5723, 95.38333, 185.992, -66.0478, 168.294, -67.3638, 193.809, 21.0832, 0.710343, 11.1569, 1.09958, -133.127, 0.950598, 119.362
5723, 95.39167, 185.94, -66.0532, 168.441, -67.3805, 193.653, 21.0644, 0.71031, 11.1635, 1.09979, -133.146, 0.950513, 119.354
5724, 95.40000, 185.888, -66.0585, 168.588, -67.3973, 193.498, 21.0455, 0.710276, 11.1701, 1.1, -133.165, 0.950428, 119.346
5725, 95.40833, 185.837, -66.0639, 168.735, -67.4141, 193.342, 21.0265, 0.710243, 11.1767, 1.10021, -133.184, 0.950343, 119.338
5725, 95.41666, 185.785, -66.0694, 168.882, -67.431, 193.186, 21.0076, 0.71021, 11.1834, 1.10042, -133.203, 0.950258, 119.33
5726, 95.42500, 185.734, -66.0748, 169.03, -67.4479, 193.031, 20.9886, 0.710178, 11.19, 1.10063, -133.222, 0.950174, 119.322
5726, 95.43333, 185.682, -66.0803, 169.177, -67.4649, 192.876, 20.9697, 0.710146, 11.1967, 1.10084, -133.241, 0.950089, 119.314
5727, 95.44167, 185.631, -66.0858, 169.324, -67.482, 192.72, 20.9507, 0.710115, 11.2033, 1.10105, -133.26, 0.950005, 119.306
5727, 95.45000, 185.58, -66.0913, 169.472, -67.4991, 192.565, 20.9316, 0.710083, 11.21, 1.10126, -133.279, 0.949922, 119.297
5728, 95.45834, 185.529, -66.0969, 169.619, -67.5162, 192.41, 20.9126, 0.710053, 11.2167, 1.10147, -133.299, 0.949838, 119.289
5728, 95.46667, 185.478, -66.1025, 169.767, -67.5335, 192.255, 20.8936, 0.710022, 11.2234, 1.10168, -133.318, 0.949754, 119.281
5729, 95.47500, 185.427, -66.1081, 169.915, -67.5507, 192.099, 20.8745, 0.709992, 11.2301, 1.1019, -133.337, 0.949671, 119.273
5729, 95.48333, 185.376, -66.1137, 170.062, -67.5681, 191.944, 20.8554, 0.709962, 11.2368, 1.10211, -133.356, 0.949588, 119.265
5730, 95.49167, 185.325, -66.1194, 170.21, -67.5855, 191.789, 20.8363, 0.709933, 11.2435, 1.10232, -133.376, 0.949505, 119.257
5730, 95.50000, 185.274, -66.1251, 170.358, -67.6029, 191.634, 20.8171, 0.709904, 11.2502, 1.10253, -133.395, 0.949423, 119.249
5731, 95.50833, 185.224, -66.1308, 170.506, -67.6204, 191.479, 20.798, 0.709876, 11.257, 1.10275, -133.415, 0.94934, 119.241
5731, 95.51667, 185.173, -66.1365, 170.654, -67.6379, 191.325, 20.7788, 0.709848, 11.2637, 1.10296, -133.434, 0.949258, 119.232
5731, 95.52500, 185.123, -66.1423, 170.802, -67.6556, 191.17, 20.7596, 0.70982, 11.2705, 1.10317, -133.454, 0.949176, 119.224
5732, 95.53333, 185.072, -66.1481, 170.95, -67.6732, 191.015, 20.7404, 0.709792, 11.2773, 1.10339, -133.473, 0.949094, 119.216
5733, 95.54166, 185.022, -66.1539, 171.098, -67.6909, 190.86, 20.7212, 0.709765, 11.2841, 1.1036, -133.493, 0.949013, 119.208
5733, 95.55000, 184.972, -66.1597, 171.247, -67.7087, 190.705, 20.7019, 0.709739, 11.2909, 1.10381, -133.512, 0.948931, 119.2
5734, 95.55833, 184.922, -66.1656, 171.395, -67.7266, 190.551, 20.6827, 0.709713, 11.2977, 1.10403, -133.532, 0.94885, 119.191
5734, 95.56667, 184.871, -66.1715, 171.543, -67.7444, 190.396, 20.6634, 0.709687, 11.3045, 1.10424, -133.552, 0.948769, 119.183
5735, 95.57500, 184.822, -66.1774, 171.692, -67.7624, 190.242, 20.6441, 0.709661, 11.3113, 1.10446, -133.571, 0.948688, 119.175
5735, 95.58334, 184.772, -66.1834, 171.84, -67.7804, 190.087, 20.6247, 0.709636, 11.3182, 1.10467, -133.591, 0.948607, 119.167
5736, 95.59167, 184.722, -66.1894, 171.989, -67.7984, 189.933, 20.6054, 0.709612, 11.325, 1.10489, -133.611, 0.948527, 119.159
5736, 95.60000, 184.672, -66.1954, 172.138, -67.8166, 189.778, 20.586, 0.709587, 11.3319, 1.1051, -133.631, 0.948447, 119.15
5737, 95.60833, 184.622, -66.2014, 172.286, -67.8347, 189.624, 20.5666, 0.709563, 11.3388, 1.10532, -133.651, 0.948367, 119.142
5737, 95.61667, 184.573, -66.2075, 172.435, -67.853, 189.47, 20.5472, 0.70954, 11.3457, 1.10553, -133.67, 0.948287, 119.134
5738, 95.62500, 184.523, -66.2136, 172.584, -67.8712, 189.315, 20.5278, 0.709517, 11.3525, 1.10575, -133.69, 0.948207, 119.125
5738, 95.63333, 184.474, -66.2197, 172.733, -67.8896, 189.161, 20.5084, 0.709494, 11.3594, 1.10596, -133.71, 0.948128, 119.117
5739, 95.64167, 184.425, -66.2258, 172.882, -67.908, 189.007, 20.4889, 0.709472, 11.3664, 1.10618, -133.73, 0.948048, 119.109
5739, 95.65000, 184.375, -66.232, 173.031, -67.9264, 188.853, 20.4694, 0.70945, 11.3733, 1.1064, -133.75, 0.947969, 119.1
5739, 95.65833, 184.326, -66.2382, 173.18, -67.9449, 188.699, 20.4499, 0.709428, 11.3802, 1.10661, -133.77, 0.94789, 119.092
5740, 95.66666, 184.277, -66.2445, 173.329, -67.9635, 188.545, 20.4304, 0.709407, 11.3872, 1.10683, -133.79, 0.947812, 119.084
5741, 95.67500, 184.228, -66.2507, 173.478, -67.9821, 188.391, 20.4108, 0.709387, 11.3941, 1.10705, -133.811, 0.947733, 119.075
5741, 95.68333, 184.179, -66.257, 173.628, -68.0008, 188.237, 20.3913, 0.709366, 11.4011, 1.10726, -133.831, 0.947655, 119.067
5742, 95.69167, 184.13, -66.2633, 173.777, -68.0195, 188.083, 20.3717, 0.709346, 11.408, 1.10748, -133.851, 0.947577, 119.059
5742, 95.70000, 184.081, -66.2697, 173.927, -68.0383, 187.929, 20.3521, 0.709327, 11.415, 1.1077, -133.871, 0.947499, 119.05
5743, 95.70834, 184.033, -66.276, 174.076, -68.0572, 187.775, 20.3324, 0.709308, 11.422, 1.10791, -133.891, 0.947421, 119.042
5743, 95.71667, 183.984, -66.2824, 174.226, -68.0761, 187.621, 20.3128, 0.709289, 11.429, 1.10813, -133.912, 0.947343, 119.033
5744, 95.72500, 183.936, -66.2889, 174.375, -68.0951, 187.468, 20.2931, 0.709271, 11.436, 1.10835, -133.932, 0.947266, 119.025
5744, 95.73333, 183.887, -66.2953, 174.525, -68.1141, 187.314, 20.2734, 0.709253, 11.4431, 1.10857, -133.953, 0.947189, 119.016
5745, 95.74167, 183.839, -66.3018, 174.675, -68.1331, 187.16, 20.2537, 0.709235, 11.4501, 1.10879, -133.973, 0.947112, 119.008
5745, 95.75000, 183.79, -66.3083, 174.825, -68.1523, 187.007, 20.234, 0.709218, 11.4571, 1.10901, -133.993, 0.947035, 118.999
5746, 95.75833, 183.742, -66.3149, 174.974, -68.1715, 186.853, 20.2142, 0.709202, 11.4642, 1.10922, -134.014, 0.946958, 118.991
5746, 95.76667, 183.694, -66.3215, 175.124, -68.1907, 186.699, 20.1945, 0.709185, 11.4712, 1.10944, -134.034, 0.946882, 118.982
5747, 95.77500, 183.646, -66.3281, 175.274, -68.21, 186.546, 20.1747, 0.70917, 11.4783, 1.10966, -134.055, 0.946806, 118.974
5747, 95.78333, 183.598, -66.3347, 175.424, -68.2294, 186.393, 20.1549, 0.709154, 11.4854, 1.10988, -134.076, 0.94673, 118.965
5747, 95.79166, 183.55, -66.3414, 175.575, -68.2488, 186.239, 20.135, 0.709139, 11.4925, 1.1101, -134.096, 0.946654, 118.957
5748, 95.80000, 183.502, -66.3481, 175.725, -68.2683, 186.086, 20.1152, 0.709124, 11.4996, 1.11032, -134.117, 0.946578, 118.948
5749, 95.80833, 183.454, -66.3548, 175.875, -68.2878, 185.932, 20.0953, 0.70911, 11.5067, 1.11054, -134.138, 0.946502, 118.94
5749, 95.81667, 183.407, -66.3615, 176.025, -68.3074, 185.779, 20.0754, 0.709096, 11.5138, 1.11076, -134.158, 0.946427, 118.931
5750, 95.82500, 183.359, -66.3683, 176.176, -68.3271, 185.626, 20.0555, 0.709083, 11.5209, 1.11098, -134.179, 0.946352, 118.923
5750, 95.83334, 183.312, -66.3751, 176.326, -68.3468, 185.473, 20.0355, 0.70907, 11.5281, 1.1112, -134.2, 0.946277, 118.914
5751, 95.84167, 183.264, -66.382, 176.477, -68.3665, 185.319, 20.0156, 0.709057, 11.5352, 1.11142, -134.221, 0.946202, 118.905
5751, 95.85000, 183.217, -66.3889, 176.627, -68.3864, 185.166, 19.9956, 0.709045, 11.5424, 1.11164, -134.242, 0.946127, 118.897
5752, 95.85833, 183.169, -66.3958, 176.778, -68.4063, 185.013, 19.9756, 0.709034, 11.5496, 1.11186, -134.263, 0.946053, 118.888
5752, 95.86667, 183.122, -66.4027, 176.928, -68.4262, 184.86, 19.9556, 0.709022, 11.5567, 1.11208, -134.284, 0.945979, 118.88
5753, 95.87500, 183.075, -66.4097, 177.079, -68.4462, 184.707, 19.9355, 0.709011, 11.5639, 1.1123, -134.305, 0.945904, 118.871
5753, 95.88333, 183.028, -66.4167, 177.23, -68.4662, 184.554, 19.9155, 0.709001, 11.5711, 1.11253, -134.326, 0.945831, 118.862
5754, 95.89167, 182.981, -66.4237, 177.381, -68.4864, 184.401, 19.8954, 0.708991, 11.5783, 1.11275, -134.347, 0.945757, 118.854
5754, 95.90000, 182.934, -66.4307, 177.532, -68.5065, 184.248, 19.8753, 0.708981, 11.5855, 1.11297, -134.368, 0.945683, 118.845
5755, 95.90833, 182.887, -66.4378, 177.683, -68.5268, 184.095, 19.8552, 0.708972, 11.5927, 1.11319, -134.389, 0.94561, 118.836
5755, 95.91666, 182.84, -66.445, 177.834, -68.547, 183.943, 19.835, 0.708963, 11.6, 1.11341, -134.41, 0.945536, 118.827
5755, 95.92500, 182.794, -66.4521, 177.985, -68.5674, 183.79, 19.8148, 0.708955, 11.6072, 1.11364, -134.432, 0.945463, 118.819
5756, 95.93333, 182.747, -66.4593, 178.136, -68.5878, 183.637, 19.7947, 0.708947, 11.6144, 1.11386, -134.453, 0.945391, 118.81
5757, 95.94167, 182.7, -66.4665, 178.287, -68.6083, 183.484, 19.7744, 0.708939, 11.6217, 1.11408, -134.474, 0.945318, 118.801
5757, 95.95000, 182.654, -66.4737, 178.439, -68.6288, 183.332, 19.7542, 0.708932, 11.629, 1.1143, -134.495, 0.945245, 118.792
5758, 95.95834, 182.608, -66.481, 178.59, -68.6494, 183.179, 19.734, 0.708926, 11.6362, 1.11453, -134.517, 0.945173, 118.784
5758, 95.96667, 182.561, -66.4883, 178.741, -68.67, 183.026, 19.7137, 0.708919, 11.6435, 1.11475, -134.538, 0.945101, 118.775
5759, 95.97500, 182.515, -66.4957, 178.893, -68.6907, 182.874, 19.6934, 0.708914, 11.6508, 1.11497, -134.56, 0.945029, 118.766
5759, 95.98333, 182.469, -66.503, 179.044, -68.7114, 182.721, 19.6731, 0.708908, 11.6581, 1.1152, -134.581, 0.944957, 118.757
5760, 95.99167, 182.423, -66.5104, 179.196, -68.7323, 182.569, 19.6527, 0.708903, 11.6654, 1.11542, -134.603, 0.944885, 118.748
5760, 96.00000, 182.377, -66.5179, 179.348, -68.7531, 182.416, 19.6324, 0.708899, 11.6727, 1.11564, -134.624, 0.944814, 118.739
5761, 96.00833, 182.331, -66.5253, 179.499, -68.7741, 182.264, 19.612, 0.708895, 11.6801, 1.11587, -134.646, 0.944742, 118.731
5761, 96.01667, 182.285, -66.5328, 179.651, -68.7951, 182.111, 19.5916, 0.708891, 11.6874, 1.11609, -134.668, 0.944671, 118.722
5762, 96.02500, 182.239, -66.5404, 179.803, -68.8161, 181.959, 19.5711, 0.708888, 11.6947, 1.11632, -134.689, 0.9446, 118.713
5762, 96.03333, 182.193, -66.5479, 179.955, -68.8372, 181.806, 19.5507, 0.708885, 11.7021, 1.11654, -134.711, 0.944529, 118.704
5763, 96.04166, 182.147, -66.5555, 180.107, -68.8584, 181.654, 19.5302, 0.708883, 11.7094, 1.11676, -134.733, 0.944458, 118.695
5763, 96.05000, 182.102, -66.5631, 180.259, -68.8796, 181.502, 19.5097, 0.708881, 11.7168, 1.11699, -134.755, 0.944388, 118.686
5763, 96.05833, 182.056, -66.5708, 180.411, -68.9009, 181.349, 19.4892, 0.70888, 11.7242, 1.11721, -134.777, 0.944318, 118.677
5764, 96.06667, 182.011, -66.5785, 180.563, -68.9222, 181.197, 19.4687, 0.708879, 11.7316, 1.11744, -134.798, 0.944247, 118.668
5765, 96.07500, 181.965, -66.5862, 180.715, -68.9436, 181.045, 19.4481, 0.708878, 11.739, 1.11766, -134.82, 0.944177, 118.659
5765, 96.08334, 181.92, -66.594, 180.867, -68.9651, 180.893, 19.4275, 0.708878, 11.7464, 1.11789, -134.842, 0.944107, 118.65
5766, 96.09167, 181.875, -66.6018, 181.02, -68.9866, 180.741, 19.4069, 0.708878, 11.7538, 1.11811, -134.864, 0.944038, 118.641
5766, 96.10000, 181.83, -66.6096, 181.172, -69.0082, 180.589, 19.3863, 0.708879, 11.7612, 1.11834, -134.886, 0.943968, 118.632
5767, 96.10833, 181.784, -66.6174, 181.324, -69.0298, 180.436, 19.3657, 0.70888, 11.7686, 1.11857, -134.909, 0.943899, 118.623
5767, 96.11667, 181.739, -66.6253, 181.477, -69.0515, 180.284, 19.345, 0.708882, 11.776, 1.11879, -134.931, 0.94383, 118.614
5768, 96.12500, 181.694, -66.6333, 181.629, -69.0733, 180.132, 19.3243, 0.708884, 11.7835, 1.11902, -134.953, 0.94376, 118.605
5768, 96.13333, 181.649, -66.6412, 181.782, -69.0951, 179.98, 19.3036, 0.708887, 11.7909, 1.11924, -134.975, 0.943692, 118.596
5769, 96.14167, 181.605, -66.6492, 181.935, -69.117, 179.828, 19.2829, 0.70889, 11.7984, 1.11947, -134.997, 0.943623, 118.587
5769, 96.15000, 181.56, -66.6572, 182.087, -69.1389, 179.676, 19.2621, 0.708893, 11.8058, 1.1197, -135.02, 0.943554, 118.578
5770, 96.15833, 181.515, -66.6653, 182.24, -69.1609, 179.525, 19.2413, 0.708897, 11.8133, 1.11992, -135.042, 0.943486, 118.569
5770, 96.16666, 181.47, -66.6734, 182.393, -69.183, 179.373, 19.2205, 0.708902, 11.8208, 1.12015, -135.064, 0.943417, 118.56
5771, 96.17500, 181.426, -66.6815, 182.546, -69.2051, 179.221, 19.1997, 0.708906, 11.8283, 1.12038, -135.087, 0.943349, 118.55
5771, 96.18333, 181.381, -66.6897, 182.698, -69.2273, 179.069, 19.1789, 0.708912, 11.8357, 1.1206, -135.109, 0.943281, 118.541
5772, 96.19167, 181.337, -66.6979, 182.851, -69.2495, 178.917, 19.158, 0.708917, 11.8432, 1.12083, -135.132, 0.943213, 118.532
5772, 96.20000, 181.293, -66.7061, 183.004, -69.2718, 178.765, 19.1371, 0.708924, 11.8507, 1.12106, -135.154, 0.943146, 118.523
5773, 96.20834, 181.248, -66.7143, 183.157, -69.2942, 178.614, 19.1162, 0.70893, 11.8583, 1.12128, -135.177, 0.943078, 118.514
5773, 96.21667, 181.204, -66.7226, 183.311, -69.3166, 178.462, 19.0953, 0.708937, 11.8658, 1.12151, -135.199, 0.943011, 118.504
5774, 96.22500, 181.16, -66.731, 183.464, -69.3391, 178.31, 19.0743, 0.708945, 11.8733, 1.12174, -135.222, 0.942944, 118.495
5774, 96.23333, 181.116, -66.7393, 183.617, -69.3616, 178.158, 19.0533, 0.708953, 11.8808, 1.12197, -135.245, 0.942877, 118.486
5775, 96.24167, 181.072, -66.7477, 183.77, -69.3842, 178.007, 19.0323, 0.708962, 11.8884, 1.1222, -135.267, 0.94281, 118.477
5775, 96.25000, 181.028, -66.7562, 183.924, -69.4069, 177.855, 19.0113, 0.70897, 11.8959, 1.12242, -135.29, 0.942743, 118.468
5776, 96.25833, 180.984, -66.7646, 184.077, -69.4296, 177.704, 18.9902, 0.70898, 11.9035, 1.12265, -135.313, 0.942676, 118.458
5776, 96.26667, 180.94, -66.7731, 184.23, -69.4524, 177.552, 18.9692, 0.70899, 11.911, 1.12288, -135.336, 0.94261, 118.449
5777, 96.27500, 180.896, -66.7817, 184.384, -69.4752, 177.4, 18.9481, 0.709, 11.9186, 1.12311, -135.359, 0.942543, 118.44
5777, 96.28333, 180.853, -66.7903, 184.537, -69.4981, 177.249, 18.927, 0.709011, 11.9262, 1.12334, -135.382, 0.942477, 118.43
5778, 96.29166, 180.809, -66.7989, 184.691, -69.5211, 177.097, 18.9058, 0.709022, 11.9338, 1.12357, -135.405, 0.942411, 118.421
5778, 96.30000, 180.765, -66.8075, 184.845, -69.5441, 176.946, 18.8847, 0.709034, 11.9414, 1.1238, -135.428, 0.942345, 118.412
5779, 96.30833, 180.722, -66.8162, 184.998, -69.5672, 176.794, 18.8635, 0.709046, 11.949, 1.12402, -135.451, 0.94228, 118.402
5779, 96.31667, 180.679, -66.8249, 185.152, -69.5903, 176.643, 18.8423, 0.709059, 11.9566, 1.12425, -135.474, 0.942214, 118.393
5780, 96.32500, 180.635, -66.8337, 185.306, -69.6136, 176.492, 18.821, 0.709072, 11.9642, 1.12448, -135.497, 0.942149, 118.383
5780, 96.33334, 180.592, -66.8425, 185.46, -69.6368, 176.34, 18.7998, 0.709086, 11.9718, 1.12471, -135.52, 0.942083, 118.374
5781, 96.34167, 180.549, -66.8513, 185.614, -69.6602, 176.189, 18.7785, 0.7091, 11.9794, 1.12494, -135.544, 0.942018, 118.365
5781, 96.35000, 180.505, -66.8602, 185.768, -69.6835, 176.037, 18.7572, 0.709115, 11.987, 1.12517, -135.567, 0.941953, 118.355
5782, 96.35833, 180.462, -66.8691, 185.922, -69.707, 175.886, 18.7359, 0.70913, 11.9947, 1.1254, -135.59, 0.941888, 118.346
5782, 96.36667, 180.419, -66.878, 186.076, -69.7305, 175.735, 18.7145, 0.709145, 12.0023, 1.12563, -135.614, 0.941823, 118.336
5783, 96.37500, 180.376, -66.887, 186.23, -69.7541, 175.584, 18.6932, 0.709161, 12.01, 1.12586, -135.637, 0.941759, 118.327
5783, 96.38333, 180.333, -66.896, 186.384, -69.7777, 175.432, 18.6718, 0.709178, 12.0176, 1.12609, -135.66, 0.941694, 118.317
5784, 96.39167, 180.291, -66.905, 186.538, -69.8014, 175.281, 18.6504, 0.709195, 12.0253, 1.12632, -135.684, 0.94163, 118.308
5784, 96.40000, 180.248, -66.9141, 186.692, -69.8252, 175.13, 18.6289, 0.709212, 12.0329, 1.12655, -135.707, 0.941566, 118.298
5785, 96.40833, 180.205, -66.9232, 186.847, -69.849, 174.979, 18.6075, 0.70923, 12.0406, 1.12678, -135.731, 0.941502, 118.289
5785, 96.41666, 180.162, -66.9324, 187.001, -69.8729, 174.827, 18.586, 0.709249, 12.0483, 1.12701, -135.755, 0.941438, 118.279
5786, 96.42500, 180.12, -66.9416, 187.155, -69.8968, 174.676, 18.5645, 0.709267, 12.056, 1.12724, -135.778, 0.941374, 118.269
5786, 96.43333, 180.077, -66.9508, 187.31, -69.9208, 174.525, 18.543, 0.709287, 12.0636, 1.12747, -135.802, 0.94131, 118.26
5787, 96.44167, 180.035, -66.9601, 187.464, -69.9449, 174.374, 18.5214, 0.709307, 12.0713, 1.1277, -135.826, 0.941247, 118.25
5787, 96.45000, 179.992, -66.9694, 187.619, -69.969, 174.223, 18.4998, 0.709327, 12.079, 1.12793, -135.85, 0.941183, 118.241
5788, 96.45834, 179.95, -66.9787, 187.774, -69.9932, 174.072, 18.4782, 0.709348, 12.0867, 1.12817, -135.873, 0.94112, 118.231
5788, 96.46667, 179.908, -66.9881, 187.928, -70.0175, 173.921, 18.4566, 0.709369, 12.0944, 1.1284, -135.897, 0.941057, 118.221
5789, 96.47500, 179.865, -66.9975, 188.083, -70.0418, 173.77, 18.435, 0.709391, 12.1022, 1.12863, -135.921, 0.940994, 118.212
5789, 96.48333, 179.823, -67.007, 188.238, -70.0662, 173.619, 18.4133, 0.709414, 12.1099, 1.12886, -135.945, 0.940931, 118.202
5790, 96.49167, 179.781, -67.0164, 188.392, -70.0906, 173.468, 18.3916, 0.709436, 12.1176, 1.12909, -135.969, 0.940868, 118.192
5790, 96.50000, 179.739, -67.026, 188.547, -70.1151, 173.317, 18.3699, 0.70946, 12.1253, 1.12932, -135.993, 0.940806, 118.183
5791, 96.50833, 179.697, -67.0355, 188.702, -70.1397, 173.166, 18.3481, 0.709484, 12.1331, 1.12955, -136.017, 0.940743, 118.173
5791, 96.51667, 179.655, -67.0452, 188.857, -70.1643, 173.015, 18.3264, 0.709508, 12.1408, 1.12979, -136.042, 0.940681, 118.163
5792, 96.52500, 179.613, -67.0548, 189.012, -70.189, 172.864, 18.3046, 0.709533, 12.1486, 1.13002, -136.066, 0.940619, 118.153
5792, 96.53333, 179.571, -67.0645, 189.167, -70.2138, 172.713, 18.2828, 0.709558, 12.1563, 1.13025, -136.09, 0.940556, 118.143
5793, 96.54166, 179.53, -67.0742, 189.322, -70.2386, 172.562, 18.2609, 0.709584, 12.1641, 1.13048, -136.114, 0.940494, 118.134
5793, 96.55000, 179.488, -67.084, 189.477, -70.2635, 172.411, 18.2391, 0.70961, 12.1718, 1.13071, -136.139, 0.940432, 118.124
5794, 96.55833, 179.446, -67.0938, 189.632, -70.2884, 172.26, 18.2172, 0.709637, 12.1796, 1.13094, -136.163, 0.940371, 118.114
5794, 96.56667, 179.405, -67.1036, 189.787, -70.3134, 172.109, 18.1953, 0.709664, 12.1873, 1.13118, -136.187, 0.940309, 118.104
5795, 96.57500, 179.363, -67.1135, 189.943, -70.3385, 171.958, 18.1734, 0.709692, 12.1951, 1.13141, -136.212, 0.940248, 118.094
5795, 96.58334, 179.322, -67.1234, 190.098, -70.3636, 171.807, 18.1514, 0.70972, 12.2029, 1.13164, -136.236, 0.940186, 118.084
5796, 96.59167, 179.28, -67.1334, 190.253, -70.3888, 171.656, 18.1294, 0.709749, 12.2107, 1.13187, -136.261, 0.940125, 118.075
5796, 96.60000, 179.239, -67.1434, 190.409, -70.4141, 171.506, 18.1074, 0.709779, 12.2185, 1.13211, -136.285, 0.940064, 118.065
5797, 96.60833, 179.198, -67.1534, 190.564, -70.4394, 171.355, 18.0854, 0.709809, 12.2262, 1.13234, -136.31, 0.940003, 118.055
5797, 96.61667, 179.157, -67.1635, 190.719, -70.4648, 171.204, 18.0634, 0.709839, 12.234, 1.13257, -136.335, 0.939942, 118.045
5798, 96.62500, 179.115, -67.1736, 190.875, -70.4903, 171.053, 18.0413, 0.70987, 12.2418, 1.13281, -136.359, 0.939881, 118.035
5798, 96.63333, 179.074, -67.1837, 191.03, -70.5158, 170.902, 18.0192, 0.709901, 12.2496, 1.13304, -136.384, 0.93982, 118.025
5799, 96.64167, 179.033, -67.1939, 191.186, -70.5413, 170.752, 17.9971, 0.709933, 12.2574, 1.13327, -136.409, 0.93976, 118.015
5799, 96.65000, 178.992, -67.2042, 191.342, -70.567, 170.601, 17.9749, 0.709966, 12.2653, 1.1335, -136.434, 0.939699, 118.005
5800, 96.65833, 178.951, -67.2144, 191.497, -70.5927, 170.45, 17.9528, 0.709998, 12.2731, 1.13374, -136.459, 0.939639, 117.995
5800, 96.66666, 178.91, -67.2247, 191.653, -70.6185, 170.299, 17.9306, 0.710032, 12.2809, 1.13397, -136.484, 0.939579, 117.985
5801, 96.67500, 178.87, -67.2351, 191.809, -70.6443, 170.149, 17.9084, 0.710066, 12.2887, 1.1342, -136.509, 0.939519, 117.975
5801, 96.68333, 178.829, -67.2455, 191.964, -70.6702, 169.998, 17.8861, 0.7101, 12.2965, 1.13444, -136.534, 0.939459, 117.965
5802, 96.69167, 178.788, -67.2559, 192.12, -70.6961, 169.847, 17.8639, 0.710135, 12.3043, 1.13467, -136.559, 0.939399, 117.954
5802, 96.70000, 178.747, -67.2664, 192.276, -70.7222, 169.697, 17.8416, 0.710171, 12.3122, 1.1349, -136.584, 0.939339, 117.944
5803, 96.70834, 178.707, -67.2769, 192.432, -70.7483, 169.546, 17.8193, 0.710207, 12.32, 1.13514, -136.609, 0.939279, 117.934
5803, 96.71667, 178.666, -67.2875, 192.588, -70.7744, 169.395, 17.7969, 0.710244, 12.3278, 1.13537, -136.634, 0.93922, 117.924
5804, 96.72500, 178.626, -67.2981, 192.744, -70.8006, 169.245, 17.7746, 0.710281, 12.3357, 1.1356, -136.66, 0.93916, 117.914
5804, 96.73333, 178.585, -67.3087, 192.9, -70.8269, 169.094, 17.7522, 0.710318, 12.3435, 1.13584, -136.685, 0.939101, 117.904
5805, 96.74167, 178.545, -67.3194, 193.056, -70.8533, 168.943, 17.7298, 0.710356, 12.3514, 1.13607, -136.71, 0.939042, 117.893
5805, 96.75000, 178.505, -67.3301, 193.212, -70.8797, 168.793, 17.7073, 0.710395, 12.3592, 1.13631, -136.736, 0.938983, 117.883
5806, 96.75833, 178.464, -67.3409, 193.368, -70.9061, 168.642, 17.6849, 0.710434, 12.3671, 1.13654, -136.761, 0.938924, 117.873
5806, 96.76667, 178.424, -67.3517, 193.524, -70.9327, 168.491, 17.6624, 0.710474, 12.3749, 1.13677, -136.787, 0.938865, 117.863
5807, 96.77500, 178.384, -67.3625, 193.68, -70.9593, 168.341, 17.6399, 0.710514, 12.3828, 1.13701, -136.812, 0.938806, 117.852
5807, 96.78333, 178.344, -67.3734, 193.837, -70.986, 168.19, 17.6174, 0.710555, 12.3906, 1.13724, -136.838, 0.938747, 117.842
5808, 96.79166, 178.304, -67.3844, 193.993, -71.0127, 168.04, 17.5948, 0.710597, 12.3985, 1.13747, -136.863, 0.938688, 117.832
5808, 96.80000, 178.264, -67.3953, 194.149, -71.0395, 167.889, 17.5722, 0.710638, 12.4064, 1.13771, -136.889, 0.93863, 117.822
5809, 96.80833, 178.224, -67.4064, 194.306, -71.0664, 167.738, 17.5496, 0.710681, 12.4142, 1.13794, -136.915, 0.938572, 117.811
5809, 96.81667, 178.184, -67.4174, 194.462, -71.0933, 167.588, 17.527, 0.710724, 12.4221, 1.13818, -136.941, 0.938513, 117.801
5810, 96.82500, 178.144, -67.4285, 194.618, -71.1203, 167.437, 17.5043, 0.710767, 12.4299, 1.13841, -136.966, 0.938455, 117.79
5810, 96.83334, 178.104, -67.4397, 194.775, -71.1473, 167.287, 17.4817, 0.710811, 12.4378, 1.13865, -136.992, 0.938397, 117.78
5811, 96.84167, 178.064, -67.4508, 194.931, -71.1745, 167.136, 17.459, 0.710856, 12.4457, 1.13888, -137.018, 0.938339, 117.77
5811, 96.85000, 178.024, -67.4621, 195.088, -71.2017, 166.986, 17.4362, 0.710901, 12.4536, 1.13911, -137.044, 0.938281, 117.759
5812, 96.85833, 177.985, -67.4733, 195.244, -71.2289, 166.835, 17.4135, 0.710947, 12.4614, 1.13935, -137.07, 0.938223, 117.749
5812, 96.86667, 177.945, -67.4847, 195.401, -71.2562, 166.684, 17.3907, 0.710993, 12.4693, 1.13958, -137.096, 0.938165, 117.738
5813, 96.87500, 177.906, -67.496, 195.557, -71.2836, 166.534, 17.3679, 0.71104, 12.4772, 1.13982, -137.122, 0.938107, 117.728
5813, 96.88333, 177.866, -67.5074, 195.714, -71.3111, 166.383, 17.3451, 0.711087, 12.4851, 1.14005, -137.148, 0.93805, 117.717
5814, 96.89167, 177.827, -67.5189, 195.871, -71.3386, 166.233, 17.3222, 0.711135, 12.4929, 1.14029, -137.175, 0.937992, 117.707
5814, 96.90000, 177.787, -67.5303, 196.027, -71.3662, 166.082, 17.2994, 0.711183, 12.5008, 1.14052, -137.201, 0.937935, 117.696
5815, 96.90833, 177.748, -67.5419, 196.184, -71.3938, 165.932, 17.2765, 0.711232, 12.5087, 1.14076, -137.227, 0.937878, 117.686
5815, 96.91666, 177.708, -67.5534, 196.341, -71.4215, 165.781, 17.2535, 0.711282, 12.5166, 1.14099, -137.254, 0.93782, 117.675
5816, 96.92500, 177.669, -67.5651, 196.498, -71.4493, 165.631, 17.2306, 0.711332, 12.5245, 1.14122, -137.28, 0.937763, 117.665
5816, 96.93333, 177.63, -67.5767, 196.654, -71.4772, 165.48, 17.2076, 0.711382, 12.5324, 1.14146, -137.306, 0.937706, 117.654
5817, 96.94167, 177.591, -67.5884, 196.811, -71.5051, 165.33, 17.1846, 0.711433, 12.5403, 1.14169, -137.333, 0.937649, 117.643
5817, 96.95000, 177.552, -67.6002, 196.968, -71.5331, 165.179, 17.1616, 0.711485, 12.5481, 1.14193, -137.359, 0.937592, 117.633
5818, 96.95834, 177.513, -67.612, 197.125, -71.5611, 165.029, 17.1386, 0.711537, 12.556, 1.14216, -137.386, 0.937536, 117.622
5818, 96.96667, 177.474, -67.6238, 197.282, -71.5892, 164.878, 17.1155, 0.71159, 12.5639, 1.1424, -137.413, 0.937479, 117.611
5819, 96.97500, 177.435, -67.6357, 197.439, -71.6174, 164.728, 17.0924, 0.711644, 12.5718, 1.14263, -137.439, 0.937422, 117.601
5819, 96.98333, 177.396, -67.6476, 197.596, -71.6457, 164.577, 17.0693, 0.711698, 12.5797, 1.14287, -137.466, 0.937366, 117.59
5820, 96.99167, 177.357, -67.6596, 197.753, -71.674, 164.426, 17.0461, 0.711752, 12.5876, 1.1431, -137.493, 0.937309, 117.579
5820, 97.00000, 177.318, -67.6716, 197.91, -71.7024, 164.276, 17.023, 0.711807, 12.5955, 1.14334, -137.52, 0.937253, 117.568
5821, 97.00833, 177.279, -67.6837, 198.067, -71.7308, 164.125, 16.9998, 0.711863, 12.6033, 1.14357, -137.547, 0.937196, 117.558
5821, 97.01667, 177.24, -67.6958, 198.224, -71.7593, 163.975, 16.9765, 0.711919, 12.6112, 1.14381, -137.574, 0.93714, 117.547
5822, 97.02500, 177.201, -67.7079, 198.381, -71.7879, 163.824, 16.9533, 0.711976, 12.6191, 1.14404, -137.601, 0.937084, 117.536
5822, 97.03333, 177.163, -67.7201, 198.538, -71.8165, 163.674, 16.93, 0.712033, 12.627, 1.14428, -137.628, 0.937028, 117.525
5823, 97.04166, 177.124, -67.7324, 198.695, -71.8453, 163.523, 16.9067, 0.712091, 12.6349, 1.14451, -137.655, 0.936972, 117.514
5823, 97.05000, 177.086, -67.7447, 198.853, -71.874, 163.373, 16.8834, 0.71215, 12.6428, 1.14474, -137.682, 0.936916, 117.503
5824, 97.05833, 177.047, -67.757, 199.01, -71.9029, 163.222, 16.8601, 0.712209, 12.6507, 1.14498, -137.709, 0.93686, 117.493
5824, 97.06667, 177.009, -67.7694, 199.167, -71.9318, 163.072, 16.8367, 0.712268, 12.6585, 1.14521, -137.736, 0.936804, 117.482
5825, 97.07500, 176.97, -67.7818, 199.324, -71.9608, 162.921, 16.8133, 0.712328, 12.6664, 1.14545, -137.763, 0.936748, 117.471
5825, 97.08334, 176.932, -67.7943, 199.481, -71.9898, 162.771, 16.7899, 0.712389, 12.6743, 1.14568, -137.791, 0.936693, 117.46
5826, 97.09167, 176.893, -67.8068, 199.639, -72.019, 162.62, 16.7665, 0.712451, 12.6822, 1.14592, -137.818, 0.936637, 117.449
5826, 97.10000, 176.855, -67.8193, 199.796, -72.0482, 162.47, 16.743, 0.712512, 12.6901, 1.14615, -137.846, 0.936581, 117.438
5827, 97.10833, 176.817, -67.8319, 199.953, -72.0774, 162.319, 16.7195, 0.712575, 12.6979, 1.14639, -137.873, 0.936526, 117.427
5827, 97.11667, 176.778, -67.8446, 200.111, -72.1067, 162.169, 16.696, 0.712638, 12.7058, 1.14662, -137.901, 0.936471, 117.416
5828, 97.12500, 176.74, -67.8573, 200.268, -72.1361, 162.018, 16.6724, 0.712702, 12.7137, 1.14686, -137.928, 0.936415, 117.405
5828, 97.13333, 176.702, -67.87, 200.425, -72.1656, 161.867, 16.6489, 0.712766, 12.7216, 1.14709, -137.956, 0.93636, 117.394
5829, 97.14167, 176.664, -67.8828, 200.583, -72.1951, 161.717, 16.6253, 0.712831, 12.7294, 1.14733, -137.984, 0.936305, 117.383
5829, 97.15000, 176.626, -67.8957, 200.74, -72.2247, 161.566, 16.6016, 0.712896, 12.7373, 1.14756, -138.011, 0.936249, 117.372
5830, 97.15833, 176.588, -67.9086, 200.898, -72.2544, 161.416, 16.578, 0.712962, 12.7452, 1.14779, -138.039, 0.936194, 117.36
5830, 97.16666, 176.55, -67.9215, 201.055, -72.2841, 161.265, 16.5543, 0.713029, 12.753, 1.14803, -138.067, 0.936139, 117.349
5831, 97.17500, 176.512, -67.9345, 201.213, -72.3139, 161.115, 16.5306, 0.713096, 12.7609, 1.14826, -138.095, 0.936084, 117.338
5831, 97.18333, 176.474, -67.9475, 201.37, -72.3438, 160.964, 16.5069, 0.713164, 12.7688, 1.1485, -138.123, 0.936029, 117.327
5832, 97.19167, 176.436, -67.9606, 201.528, -72.3737, 160.813, 16.4832, 0.713232, 12.7766, 1.14873, -138.151, 0.935974, 117.316
5832, 97.20000, 176.398, -67.9737, 201.685, -72.4037, 160.663, 16.4594, 0.713301, 12.7845, 1.14897, -138.179, 0.93592, 117.305
5833, 97.20834, 176.36, -67.9869, 201.843, -72.4338, 160.512, 16.4356, 0.713371, 12.7923, 1.1492, -138.207, 0.935865, 117.293
5833, 97.21667, 176.322, -68.0001, 202, -72.4639, 160.362, 16.4118, 0.713441, 12.8002, 1.14944, -138.235, 0.93581, 117.282
5834, 97.22500, 176.285, -68.0134, 202.158, -72.4941, 160.211, 16.388, 0.713512, 12.808, 1.14967, -138.263, 0.935755, 117.271
5834, 97.23333, 176.247, -68.0267, 202.316, -72.5244, 160.06, 16.3641, 0.713583, 12.8158, 1.1499, -138.291, 0.935701, 117.259
5835, 97.24167, 176.209, -68.0401, 202.473, -72.5548, 159.91, 16.3402, 0.713655, 12.8237, 1.15014, -138.32, 0.935646, 117.248
5835, 97.25000, 176.172, -68.0535, 202.631, -72.5852, 159.759, 16.3163, 0.713727, 12.8315, 1.15037, -138.348, 0.935592, 117.237
5836, 97.25833, 176.134, -68.067, 202.788, -72.6157, 159.608, 16.2923, 0.713801, 12.8394, 1.15061, -138.376, 0.935537, 117.225
5836, 97.26667, 176.097, -68.0805, 202.946, -72.6463, 159.458, 16.2684, 0.713874, 12.8472, 1.15084, -138.405, 0.935483, 117.214
5837, 97.27500, 176.059, -68.094, 203.104, -72.6769, 159.307, 16.2444, 0.713949, 12.855, 1.15107, -138.433, 0.935428, 117.203
5837, 97.28333, 176.022, -68.1076, 203.261, -72.7076, 159.156, 16.2203, 0.714024, 12.8628, 1.15131, -138.462, 0.935374, 117.191
5838, 97.29166, 175.984, -68.1213, 203.419, -72.7383, 159.006, 16.1963, 0.714099, 12.8706, 1.15154, -138.491, 0.93532, 117.18
5838, 97.30000, 175.947, -68.135, 203.577, -72.7692, 158.855, 16.1722, 0.714175, 12.8785, 1.15178, -138.519, 0.935266, 117.168
5839, 97.30833, 175.909, -68.1488, 203.734, -72.8001, 158.704, 16.1481, 0.714252, 12.8863, 1.15201, -138.548, 0.935211, 117.157
5839, 97.31667, 175.872, -68.1626, 203.892, -72.8311, 158.554, 16.124, 0.714329, 12.8941, 1.15224, -138.577, 0.935157, 117.145
5840, 97.32500, 175.835, -68.1764, 204.05, -72.8621, 158.403, 16.0999, 0.714408, 12.9019, 1.15248, -138.605, 0.935103, 117.134
5840, 97.33334, 175.797, -68.1903, 204.207, -72.8932, 158.252, 16.0757, 0.714486, 12.9097, 1.15271, -138.634, 0.935049, 117.122
5841, 97.34167, 175.76, -68.2043, 204.365, -72.9244, 158.101, 16.0515, 0.714565, 12.9175, 1.15294, -138.663, 0.934995, 117.111
5841, 97.35000, 175.723, -68.2183, 204.523, -72.9557, 157.951, 16.0273, 0.714645, 12.9252, 1.15318, -138.692, 0.934941, 117.099
5842, 97.35833, 175.686, -68.2323, 204.681, -72.987, 157.8, 16.003, 0.714726, 12.933, 1.15341, -138.721, 0.934887, 117.088
5842, 97.36667, 175.649, -68.2464, 204.838, -73.0184, 157.649, 15.9788, 0.714807, 12.9408, 1.15364, -138.75, 0.934833, 117.076
5843, 97.37500, 175.612, -68.2606, 204.996, -73.0499, 157.498, 15.9545, 0.714888, 12.9486, 1.15388, -138.78, 0.934779, 117.064
5843, 97.38333, 175.574, -68.2748, 205.154, -73.0814, 157.347, 15.9301, 0.714971, 12.9563, 1.15411, -138.809, 0.934725, 117.053
5844, 97.39167, 175.537, -68.2891, 205.312, -73.113, 157.197, 15.9058, 0.715054, 12.9641, 1.15434, -138.838, 0.934671, 117.041
5844, 97.40000, 175.5, -68.3034, 205.469, -73.1447, 157.046, 15.8814, 0.715137, 12.9718, 1.15457, -138.867, 0.934617, 117.029
5845, 97.40833, 175.463, -68.3177, 205.627, -73.1764, 156.895, 15.857, 0.715221, 12.9796, 1.15481, -138.897, 0.934564, 117.017
5845, 97.41666, 175.426, -68.3321, 205.785, -73.2082, 156.744, 15.8326, 0.715306, 12.9873, 1.15504, -138.926, 0.93451, 117.006
5846, 97.42500, 175.389, -68.3466, 205.943, -73.2401, 156.593, 15.8081, 0.715392, 12.9951, 1.15527, -138.955, 0.934456, 116.994
5846, 97.43333, 175.353, -68.3611, 206.101, -73.2721, 156.442, 15.7837, 0.715478, 13.0028, 1.1555, -138.985, 0.934402, 116.982
5847, 97.44167, 175.316, -68.3756, 206.258, -73.3041, 156.291, 15.7592, 0.715564, 13.0105, 1.15574, -139.015, 0.934349, 116.97
5847, 97.45000, 175.279, -68.3903, 206.416, -73.3362, 156.14, 15.7346, 0.715652, 13.0182, 1.15597, -139.044, 0.934295, 116.959
5848, 97.45834, 175.242, -68.4049, 206.574, -73.3684, 155.989, 15.7101, 0.71574, 13.026, 1.1562, -139.074, 0.934241, 116.947
5848, 97.46667, 175.205, -68.4196, 206.732, -73.4006, 155.838, 15.6855, 0.715828, 13.0337, 1.15643, -139.104, 0.934188, 116.935
5849, 97.47500, 175.169, -68.4344, 206.889, -73.433, 155.688, 15.6609, 0.715917, 13.0414, 1.15667, -139.133, 0.934134, 116.923
5849, 97.48333, 175.132, -68.4492, 207.047, -73.4653, 155.537, 15.6363, 0.716007, 13.049, 1.1569, -139.163, 0.93408, 116.911
5850, 97.49167, 175.095, -68.4641, 207.205, -73.4978, 155.385, 15.6116, 0.716098, 13.0567, 1.15713, -139.193, 0.934027, 116.899
5850, 97.50000, 175.058, -68.479, 207.363, -73.5303, 155.234, 15.587, 0.716189, 13.0644, 1.15736, -139.223, 0.933973, 116.887
5851, 97.50833, 175.022, -68.494, 207.52, -73.5629, 155.083, 15.5623, 0.71628, 13.0721, 1.15759, -139.253, 0.93392, 116.875
5851, 97.51667, 174.985, -68.509, 207.678, -73.5956, 154.932, 15.5375, 0.716373, 13.0797, 1.15782, -139.283, 0.933866, 116.863
5852, 97.52500, 174.949, -68.5241, 207.836, -73.6283, 154.781, 15.5128, 0.716466, 13.0874, 1.15805, -139.313, 0.933812, 116.851
5852, 97.53333, 174.912, -68.5392, 207.994, -73.6612, 154.63, 15.488, 0.71656, 13.095, 1.15829, -139.343, 0.933759, 116.839
5853, 97.54166, 174.875, -68.5544, 208.151, -73.6941, 154.479, 15.4632, 0.716654, 13.1027, 1.15852, -139.374, 0.933705, 116.827
5853, 97.55000, 174.839, -68.5696, 208.309, -73.727, 154.328, 15.4384, 0.716749, 13.1103, 1.15875, -139.404, 0.933652, 116.815
5854, 97.55833, 174.802, -68.5849, 208.467, -73.7601, 154.177, 15.4135, 0.716844, 13.1179, 1.15898, -139.434, 0.933598, 116.803
5854, 97.56667, 174.766, -68.6003, 208.625, -73.7932, 154.026, 15.3887, 0.716941, 13.1255, 1.15921, -139.465, 0.933545, 116.791
5855, 97.57500, 174.729, -68.6156, 208.782, -73.8263, 153.874, 15.3638, 0.717038, 13.1331, 1.15944, -139.495, 0.933491, 116.778
5855, 97.58334, 174.693, -68.6311, 208.94, -73.8596, 153.723, 15.3388, 0.717135, 13.1407, 1.15967, -139.525, 0.933438, 116.766
5856, 97.59167, 174.657, -68.6466, 209.098, -73.8929, 153.572, 15.3139, 0.717233, 13.1483, 1.1599, -139.556, 0.933384, 116.754
5856, 97.60000, 174.62, -68.6622, 209.255, -73.9263, 153.421, 15.2889, 0.717332, 13.1559, 1.16013, -139.587, 0.933331, 116.742
5857, 97.60833, 174.584, -68.6778, 209.413, -73.9598, 153.27, 15.2639, 0.717432, 13.1635, 1.16036, -139.617, 0.933277, 116.73
5857, 97.61667, 174.548, -68.6934, 209.571, -73.9933, 153.118, 15.2389, 0.717532, 13.171, 1.16059, -139.648, 0.933224, 116.717
5858, 97.62500, 174.511, -68.7091, 209.728, -74.0269, 152.967, 15.2138, 0.717633, 13.1786, 1.16082, -139.679, 0.93317, 116.705
5858, 97.63333, 174.475, -68.7249, 209.886, -74.0606, 152.816, 15.1888, 0.717734, 13.1861, 1.16105, -139.71, 0.933117, 116.693
5859, 97.64167, 174.439, -68.7407, 210.044, -74.0944, 152.664, 15.1637, 0.717836, 13.1936, 1.16128, -139.741, 0.933063, 116.68
5859, 97.65000, 174.402, -68.7566, 210.201, -74.1282, 152.513, 15.1385, 0.717939, 13.2012, 1.16151, -139.771, 0.93301, 116.668
5860, 97.65833, 174.366, -68.7725, 210.359, -74.1621, 152.362, 15.1134, 0.718042, 13.2087, 1.16174, -139.802, 0.932956, 116.656
5860, 97.66666, 174.33, -68.7885, 210.516, -74.1961, 152.21, 15.0882, 0.718147, 13.2162, 1.16196, -139.834, 0.932903, 116.643
5861, 97.67500, 174.294, -68.8046, 210.674, -74.2301, 152.059, 15.063, 0.718251, 13.2236, 1.16219, -139.865, 0.932849, 116.631
5861, 97.68333, 174.258, -68.8207, 210.831, -74.2643, 151.907, 15.0378, 0.718357, 13.2311, 1.16242, -139.896, 0.932796, 116.618
5862, 97.69167, 174.221, -68.8368, 210.989, -74.2985, 151.756, 15.0125, 0.718463, 13.2386, 1.16265, -139.927, 0.932742, 116.606
5862, 97.70000, 174.185, -68.853, 211.146, -74.3327, 151.604, 14.9873, 0.71857, 13.2461, 1.16288, -139.958, 0.932688, 116.593
5863, 97.70834, 174.149, -68.8693, 211.304, -74.3671, 151.453, 14.962, 0.718677, 13.2535, 1.16311, -139.99, 0.932635, 116.581
5863, 97.71667, 174.113, -68.8856, 211.461, -74.4015, 151.301, 14.9366, 0.718785, 13.2609, 1.16333, -140.021, 0.932581, 116.568
5864, 97.72500, 174.077, -68.902, 211.619, -74.436, 151.15, 14.9113, 0.718894, 13.2684, 1.16356, -140.053, 0.932528, 116.556
5864, 97.73333, 174.041, -68.9184, 211.776, -74.4706, 150.998, 14.8859, 0.719003, 13.2758, 1.16379, -140.084, 0.932474, 116.543
5865, 97.74167, 174.005, -68.9349, 211.934, -74.5052, 150.846, 14.8605, 0.719113, 13.2832, 1.16402, -140.116, 0.93242, 116.531
5865, 97.75000, 173.969, -68.9514, 212.091, -74.5399, 150.695, 14.8351, 0.719224, 13.2906, 1.16424, -140.147, 0.932367, 116.518
5866, 97.75833, 173.933, -68.968, 212.248, -74.5747, 150.543, 14.8096, 0.719335, 13.2979, 1.16447, -140.179, 0.932313, 116.505
5866, 97.76667, 173.897, -68.9847, 212.406, -74.6096, 150.391, 14.7842, 0.719448, 13.3053, 1.1647, -140.211, 0.932259, 116.493
5867, 97.77500, 173.861, -69.0014, 212.563, -74.6445, 150.24, 14.7587, 0.71956, 13.3127, 1.16492, -140.242, 0.932205, 116.48
5867, 97.78333, 173.825, -69.0181, 212.72, -74.6795, 150.088, 14.7331, 0.719674, 13.32, 1.16515, -140.274, 0.932152, 116.467
5868, 97.79166, 173.789, -69.0349, 212.878, -74.7146, 149.936, 14.7076, 0.719788, 13.3273, 1.16537, -140.306, 0.932098, 116.454
5868, 97.80000, 173.753, -69.0518, 213.035, -74.7498, 149.784, 14.682, 0.719903, 13.3346, 1.1656, -140.338, 0.932044, 116.442
5869, 97.80833, 173.717, -69.0687, 213.192, -74.785, 149.633, 14.6564, 0.720018, 13.3419, 1.16583, -140.37, 0.93199, 116.429
5869, 97.81667, 173.681, -69.0857, 213.349, -74.8203, 149.481, 14.6308, 0.720135, 13.3492, 1.16605, -140.402, 0.931936, 116.416
5870, 97.82500, 173.645, -69.1028, 213.506, -74.8557, 149.329, 14.6052, 0.720252, 13.3565, 1.16628, -140.434, 0.931882, 116.403
5870, 97.83334, 173.609, -69.1199, 213.663, -74.8912, 149.177, 14.5795, 0.720369, 13.3638, 1.1665, -140.467, 0.931828, 116.39
5871, 97.84167, 173.573, -69.137, 213.821, -74.9267, 149.025, 14.5538, 0.720487, 13.371, 1.16673, -140.499, 0.931774, 116.377
5871, 97.85000, 173.537, -69.1543, 213.978, -74.9623, 148.873, 14.5281, 0.720606, 13.3783, 1.16695, -140.531, 0.93172, 116.365
5872, 97.85833, 173.501, -69.1715, 214.135, -74.998, 148.721, 14.5023, 0.720726, 13.3855, 1.16717, -140.564, 0.931666, 116.352
5872, 97.86667, 173.465, -69.1889, 214.292, -75.0337, 148.569, 14.4766, 0.720846, 13.3927, 1.1674, -140.596, 0.931612, 116.339
5873, 97.87500, 173.43, -69.2063, 214.449, -75.0696, 148.417, 14.4508, 0.720967, 13.3999, 1.16762, -140.629, 0.931557, 116.326
5873, 97.88333, 173.394, -69.2237, 214.606, -75.1055, 148.265, 14.4249, 0.721089, 13.407, 1.16785, -140.661, 0.931503, 116.313
5874, 97.89167, 173.358, -69.2412, 214.762, -75.1415, 148.113, 14.3991, 0.721211, 13.4142, 1.16807, -140.694, 0.931449, 116.3
5874, 97.90000, 173.322, -69.2588, 214.919, -75.1775, 147.961, 14.3732, 0.721334, 13.4214, 1.16829, -140.726, 0.931395, 116.287
5875, 97.90833, 173.286, -69.2764, 215.076, -75.2137, 147.809, 14.3474, 0.721458, 13.4285, 1.16852, -140.759, 0.93134, 116.274
5875, 97.91666, 173.25, -69.2941, 215.233, -75.2499, 147.656, 14.3214, 0.721583, 13.4356, 1.16874, -140.792, 0.931286, 116.26
5876, 97.92500, 173.215, -69.3118, 215.39, -75.2862, 147.504, 14.2955, 0.721708, 13.4427, 1.16896, -140.825, 0.931231, 116.247
5876, 97.93333, 173.179, -69.3296, 215.546, -75.3225, 147.352, 14.2695, 0.721834, 13.4498, 1.16918, -140.858, 0.931177, 116.234
5877, 97.94167, 173.143, -69.3474, 215.703, -75.359, 147.2, 14.2436, 0.72196, 13.4569, 1.1694, -140.891, 0.931122, 116.221
5877, 97.95000, 173.107, -69.3654, 215.86, -75.3955, 147.047, 14.2175, 0.722088, 13.4639, 1.16963, -140.924, 0.931067, 116.208
5878, 97.95834, 173.072, -69.3833, 216.016, -75.4321, 146.895, 14.1915, 0.722216, 13.471, 1.16985, -140.957, 0.931013, 116.195
5878, 97.96667, 173.036, -69.4014, 216.173, -75.4688, 146.743, 14.1654, 0.722344, 13.478, 1.17007, -140.99, 0.930958, 116.181
5879, 97.97500, 173, -69.4194, 216.329, -75.5055, 146.59, 14.1394, 0.722474, 13.485, 1.17029, -141.023, 0.930903, 116.168
5879, 97.98333, 172.964, -69.4376, 216.486, -75.5423, 146.438, 14.1133, 0.722604, 13.492, 1.17051, -141.057, 0.930848, 116.155
5880, 97.99167, 172.928, -69.4558, 216.642, -75.5792, 146.285, 14.0871, 0.722735, 13.499, 1.17073, -141.09, 0.930793, 116.142
5880, 98.00000, 172.893, -69.4741, 216.799, -75.6162, 146.133, 14.061, 0.722866, 13.5059, 1.17095, -141.123, 0.930738, 116.128
5881, 98.00833, 172.857, -69.4924, 216.955, -75.6532, 145.98, 14.0348, 0.722998, 13.5129, 1.17117, -141.157, 0.930683, 116.115
5881, 98.01667, 172.821, -69.5108, 217.111, -75.6904, 145.828, 14.0086, 0.723131, 13.5198, 1.17139, -141.19, 0.930628, 116.101
5882, 98.02500, 172.785, -69.5292, 217.268, -75.7276, 145.675, 13.9824, 0.723265, 13.5267, 1.17161, -141.224, 0.930573, 116.088
5882, 98.03333, 172.75, -69.5477, 217.424, -75.7648, 145.523, 13.9561, 0.723399, 13.5336, 1.17183, -141.257, 0.930518, 116.075
5883, 98.04166, 172.714, -69.5663, 217.58, -75.8022, 145.37, 13.9298, 0.723534, 13.5405, 1.17205, -141.291, 0.930462, 116.061
5883, 98.05000, 172.678, -69.5849, 217.736, -75.8396, 145.217, 13.9036, 0.72367, 13.5473, 1.17226, -141.325, 0.930407, 116.048
5884, 98.05833, 172.642, -69.6036, 217.892, -75.8771, 145.065, 13.8772, 0.723807, 13.5541, 1.17248, -141.359, 0.930351, 116.034
5884, 98.06667, 172.607, -69.6224, 218.048, -75.9147, 144.912, 13.8509, 0.723944, 13.561, 1.1727, -141.393, 0.930296, 116.021
5885, 98.07500, 172.571, -69.6412, 218.204, -75.9524, 144.759, 13.8245, 0.724082, 13.5678, 1.17292, -141.427, 0.93024, 116.007
5885, 98.08334, 172.535, -69.66, 218.36, -75.9901, 144.606, 13.7981, 0.72422, 13.5745, 1.17313, -141.461, 0.930184, 115.994
5886, 98.09167, 172.499, -69.679, 218.516, -76.028, 144.453, 13.7717, 0.72436, 13.5813, 1.17335, -141.495, 0.930129, 115.98
5886, 98.10000, 172.464, -69.698, 218.671, -76.0659, 144.3, 13.7453, 0.7245, 13.588, 1.17357, -141.529, 0.930073, 115.966
5887, 98.10833, 172.428, -69.717, 218.827, -76.1038, 144.147, 13.7188, 0.724641, 13.5948, 1.17378, -141.563, 0.930017, 115.953
5887, 98.11667, 172.392, -69.7361, 218.983, -76.1419, 143.994, 13.6923, 0.724782, 13.6015, 1.174, -141.597, 0.929961, 115.939
5888, 98.12500, 172.356, -69.7553, 219.138, -76.18, 143.841, 13.6658, 0.724924, 13.6081, 1.17421, -141.631, 0.929904, 115.925
5888, 98.13333, 172.321, -69.7745, 219.294, -76.2182, 143.688, 13.6393, 0.725067, 13.6148, 1.17443, -141.666, 0.929848, 115.912
5889, 98.14167, 172.285, -69.7938, 219.449, -76.2565, 143.535, 13.6128, 0.725211, 13.6214, 1.17464, -141.7, 0.929792, 115.898
5889, 98.15000, 172.249, -69.8132, 219.605, -76.2949, 143.382, 13.5862, 0.725356, 13.6281, 1.17486, -141.735, 0.929735, 115.884
5890, 98.15833, 172.213, -69.8326, 219.76, -76.3333, 143.229, 13.5596, 0.725501, 13.6347, 1.17507, -141.769, 0.929679, 115.87
5890, 98.16666, 172.177, -69.8521, 219.916, -76.3718, 143.076, 13.533, 0.725647, 13.6412, 1.17529, -141.804, 0.929622, 115.856
5891, 98.17500, 172.142, -69.8716, 220.071, -76.4104, 142.923, 13.5063, 0.725793, 13.6478, 1.1755, -141.839, 0.929565, 115.843
5891, 98.18333, 172.106, -69.8912, 220.226, -76.4491, 142.769, 13.4796, 0.725941, 13.6543, 1.17571, -141.873, 0.929509, 115.829
5892, 98.19167, 172.07, -69.9109, 220.381, -76.4879, 142.616, 13.453, 0.726089, 13.6609, 1.17592, -141.908, 0.929452, 115.815
5892, 98.20000, 172.034, -69.9306, 220.536, -76.5267, 142.463, 13.4262, 0.726238, 13.6673, 1.17614, -141.943, 0.929395, 115.801
5893, 98.20834, 171.998, -69.9504, 220.691, -76.5656, 142.309, 13.3995, 0.726387, 13.6738, 1.17635, -141.978, 0.929338, 115.787
5893, 98.21667, 171.963, -69.9703, 220.846, -76.6046, 142.156, 13.3728, 0.726537, 13.6803, 1.17656, -142.013, 0.92928, 115.773
5894, 98.22500, 171.927, -69.9902, 221.001, -76.6437, 142.002, 13.346, 0.726688, 13.6867, 1.17677, -142.048, 0.929223, 115.759
5894, 98.23333, 171.891, -70.0102, 221.156, -76.6828, 141.849, 13.3192, 0.72684, 13.6931, 1.17698, -142.083, 0.929166, 115.745
5895, 98.24167, 171.855, -70.0302, 221.31, -76.722, 141.695, 13.2923, 0.726993, 13.6995, 1.17719, -142.118, 0.929108, 115.731
5895, 98.25000, 171.819, -70.0503, 221.465, -76.7614, 141.542, 13.2655, 0.727146, 13.7059, 1.1774, -142.154, 0.92905, 115.717
5896, 98.25833, 171.783, -70.0705, 221.62, -76.8007, 141.388, 13.2386, 0.7273, 13.7122, 1.17761, -142.189, 0.928993, 115.703
5896, 98.26667, 171.747, -70.0907, 221.774, -76.8402, 141.235, 13.2117, 0.727455, 13.7185, 1.17782, -142.224, 0.928935, 115.688
5897, 98.27500, 171.711, -70.111, 221.929, -76.8797, 141.081, 13.1848, 0.72761, 13.7248, 1.17803, -142.26, 0.928877, 115.674
5897, 98.28333, 171.675, -70.1314, 222.083, -76.9194, 140.927, 13.1579, 0.727766, 13.7311, 1.17824, -142.295, 0.928819, 115.66
5898, 98.29166, 171.64, -70.1518, 222.237, -76.9591, 140.773, 13.1309, 0.727923, 13.7373, 1.17845, -142.331, 0.92876, 115.646
5898, 98.30000, 171.604, -70.1723, 222.391, -76.9988, 140.62, 13.104, 0.728081, 13.7435, 1.17866, -142.366, 0.928702, 115.632
5899, 98.30833, 171.568, -70.1929, 222.546, -77.0387, 140.466, 13.077, 0.728239, 13.7497, 1.17886, -142.402, 0.928644, 115.617
5899, 98.31667, 171.532, -70.2135, 222.7, -77.0787, 140.312, 13.0499, 0.728399, 13.7559, 1.17907, -142.438, 0.928585, 115.603
5900, 98.32500, 171.496, -70.2342, 222.854, -77.1187, 140.158, 13.0229, 0.728559, 13.7621, 1.17928, -142.474, 0.928526, 115.589
5900, 98.33334, 171.46, -70.2549, 223.007, -77.1588, 140.004, 12.9958, 0.728719, 13.7682, 1.17948, -142.51, 0.928467, 115.575
5901, 98.34167, 171.424, -70.2757, 223.161, -77.1989, 139.85, 12.9687, 0.728881, 13.7743, 1.17969, -142.546, 0.928408, 115.56
5901, 98.35000, 171.388, -70.2966, 223.315, -77.2392, 139.696, 12.9416, 0.729043, 13.7803, 1.17989, -142.582, 0.928349, 115.546
5902, 98.35833, 171.352, -70.3175, 223.469, -77.2795, 139.542, 12.9145, 0.729206, 13.7864, 1.1801, -142.618, 0.92829, 115.531
5902, 98.36667, 171.315, -70.3385, 223.622, -77.32, 139.388, 12.8873, 0.72937, 13.7924, 1.1803, -142.654, 0.928231, 115.517
5903, 98.37500, 171.279, -70.3596, 223.776, -77.3605, 139.233, 12.8602, 0.729534, 13.7984, 1.18051, -142.69, 0.928171, 115.502
5903, 98.38333, 171.243, -70.3807, 223.929, -77.401, 139.079, 12.833, 0.729699, 13.8044, 1.18071, -142.726, 0.928111, 115.488
5904, 98.39167, 171.207, -70.4019, 224.082, -77.4417, 138.925, 12.8058, 0.729865, 13.8103, 1.18091, -142.763, 0.928052, 115.473
5904, 98.40000, 171.171, -70.4232, 224.236, -77.4824, 138.77, 12.7785, 0.730032, 13.8162, 1.18112, -142.799, 0.927992, 115.459
5905, 98.40833, 171.135, -70.4445, 224.389, -77.5233, 138.616, 12.7513, 0.730199, 13.8221, 1.18132, -142.835, 0.927932, 115.444
5905, 98.41666, 171.099, -70.4659, 224.542, -77.5642, 138.462, 12.724, 0.730368, 13.828, 1.18152, -142.872, 0.927871, 115.43
5906, 98.42500, 171.062, -70.4874, 224.695, -77.6051, 138.307, 12.6967, 0.730537, 13.8338, 1.18172, -142.909, 0.927811, 115.415
5906, 98.43333, 171.026, -70.5089, 224.847, -77.6462, 138.153, 12.6694, 0.730706, 13.8396, 1.18192, -142.945, 0.92775, 115.4
5907, 98.44167, 170.99, -70.5305, 225, -77.6873, 137.998, 12.642, 0.730877, 13.8454, 1.18212, -142.982, 0.92769, 115.386
5907, 98.45000, 170.954, -70.5522, 225.153, -77.7286, 137.844, 12.6147, 0.731048, 13.8512, 1.18232, -143.019, 0.927629, 115.371
5908, 98.45834, 170.917, -70.5739, 225.305, -77.7699, 137.689, 12.5873, 0.73122, 13.8569, 1.18252, -143.056, 0.927568, 115.356
5908, 98.46667, 170.881, -70.5957, 225.458, -77.8113, 137.534, 12.5599, 0.731393, 13.8626, 1.18272, -143.092, 0.927507, 115.342
5909, 98.47500, 170.845, -70.6176, 225.61, -77.8527, 137.38, 12.5325, 0.731567, 13.8683, 1.18292, -143.129, 0.927445, 115.327
5909, 98.48333, 170.808, -70.6395, 225.763, -77.8943, 137.225, 12.505, 0.731741, 13.8739, 1.18312, -143.166, 0.927384, 115.312
5910, 98.49167, 170.772, -70.6615, 225.915, -77.9359, 137.07, 12.4776, 0.731916, 13.8795, 1.18331, -143.204, 0.927322, 115.297
5910, 98.50000, 170.735, -70.6835, 226.067, -77.9776, 136.915, 12.4501, 0.732092, 13.8851, 1.18351, -143.241, 0.927261, 115.282
5911, 98.50833, 170.699, -70.7057, 226.219, -78.0194, 136.76, 12.4226, 0.732269, 13.8906, 1.18371, -143.278, 0.927199, 115.268
5911, 98.51667, 170.663, -70.7279, 226.371, -78.0613, 136.605, 12.3951, 0.732446, 13.8962, 1.1839, -143.315, 0.927136, 115.253
5912, 98.52500, 170.626, -70.7501, 226.522, -78.1032, 136.45, 12.3675, 0.732624, 13.9017, 1.1841, -143.353, 0.927074, 115.238
5912, 98.53333, 170.589, -70.7724, 226.674, -78.1453, 136.295, 12.34, 0.732803, 13.9071, 1.18429, -143.39, 0.927012, 115.223
5913, 98.54166, 170.553, -70.7948, 226.826, -78.1874, 136.14, 12.3124, 0.732983, 13.9126, 1.18449, -143.428, 0.926949, 115.208
5913, 98.55000, 170.516, -70.8173, 226.977, -78.2296, 135.985, 12.2848, 0.733163, 13.918, 1.18468, -143.465, 0.926886, 115.193
5914, 98.55833, 170.48, -70.8398, 227.128, -78.2719, 135.83, 12.2572, 0.733345, 13.9233, 1.18488, -143.503, 0.926823, 115.178
5914, 98.56667, 170.443, -70.8624, 227.279, -78.3142, 135.674, 12.2295, 0.733527, 13.9287, 1.18507, -143.541, 0.92676, 115.163
5915, 98.57500, 170.406, -70.8851, 227.431, -78.3567, 135.519, 12.2019, 0.733709, 13.934, 1.18526, -143.578, 0.926697, 115.147
5915, 98.58334, 170.37, -70.9078, 227.582, -78.3992, 135.364, 12.1742, 0.733893, 13.9393, 1.18545, -143.616, 0.926633, 115.132
5916, 98.59167, 170.333, -70.9306, 227.732, -78.4418, 135.208, 12.1465, 0.734077, 13.9445, 1.18565, -143.654, 0.92657, 115.117
5916, 98.60000, 170.296, -70.9535, 227.883, -78.4845, 135.053, 12.1188, 0.734263, 13.9497, 1.18584, -143.692, 0.926506, 115.102
5917, 98.60833, 170.259, -70.9764, 228.034, -78.5273, 134.898, 12.0911, 0.734448, 13.9549, 1.18603, -143.73, 0.926442, 115.087
5917, 98.61667, 170.222, -70.9994, 228.184, -78.5701, 134.742, 12.0633, 0.734635, 13.96, 1.18622, -143.768, 0.926377, 115.072
5918, 98.62500, 170.186, -71.0225, 228.335, -78.613, 134.586, 12.0355, 0.734823, 13.9652, 1.18641, -143.806, 0.926313, 115.056
5918, 98.63333, 170.149, -71.0456, 228.485, -78.6561, 134.431, 12.0077, 0.735011, 13.9702, 1.18659, -143.845, 0.926248, 115.041
5919, 98.64167, 170.112, -71.0689, 228.635, -78.6992, 134.275, 11.9799, 0.7352, 13.9753, 1.18678, -143.883, 0.926183, 115.026
5919, 98.65000, 170.075, -71.0921, 228.785, -78.7423, 134.119, 11.9521, 0.73539, 13.9803, 1.18697, -143.921, 0.926118, 115.01
5920, 98.65833, 170.038, -71.1155, 228.935, -78.7856, 133.964, 11.9243, 0.73558, 13.9853, 1.18716, -143.96, 0.926053, 114.995
5920, 98.66666, 170.001, -71.1389, 229.085, -78.829, 133.808, 11.8964, 0.735772, 13.9903, 1.18734, -143.998, 0.925988, 114.98
5921, 98.67500, 169.964, -71.1624, 229.235, -78.8724, 133.652, 11.8685, 0.735964, 13.9952, 1.18753, -144.037, 0.925922, 114.964
5921, 98.68333, 169.926, -71.186, 229.384, -78.9159, 133.496, 11.8406, 0.736157, 14, 1.18771, -144.076, 0.925856, 114.949
5922, 98.69167, 169.889, -71.2096, 229.534, -78.9595, 133.34, 11.8127, 0.73635, 14.0049, 1.1879, -144.114, 0.92579, 114.933
5922, 98.70000, 169.852, -71.2333, 229.683, -79.0032, 133.184, 11.7848, 0.736545, 14.0097, 1.18808, -144.153, 0.925724, 114.918
5923, 98.70834, 169.815, -71.257, 229.832, -79.047, 133.028, 11.7569, 0.73674, 14.0145, 1.18827, -144.192, 0.925657, 114.902
5923, 98.71667, 169.778, -71.2809, 229.981, -79.0908, 132.872, 11.7289, 0.736936, 14.0192, 1.18845, -144.231, 0.925591, 114.887
5924, 98.72500, 169.74, -71.3048, 230.13, -79.1347, 132.715, 11.7009, 0.737133, 14.0239, 1.18863, -144.27, 0.925524, 114.871
5924, 98.73333, 169.703, -71.3288, 230.279, -79.1787, 132.559, 11.6729, 0.737331, 14.0286, 1.18881, -144.309, 0.925457, 114.856
5925, 98.74167, 169.665, -71.3528, 230.428, -79.2228, 132.403, 11.6449, 0.737529, 14.0332, 1.18899, -144.348, 0.925389, 114.84
5925, 98.75000, 169.628, -71.3769, 230.576, -79.267, 132.247, 11.6169, 0.737728, 14.0378, 1.18917, -144.387, 0.925322, 114.824
5926, 98.75833, 169.59, -71.4011, 230.724, -79.3113, 132.09, 11.5888, 0.737928, 14.0424, 1.18935, -144.426, 0.925254, 114.809
5926, 98.76667, 169.553, -71.4254, 230.873, -79.3556, 131.934, 11.5608, 0.738129, 14.0469, 1.18953, -144.466, 0.925186, 114.793
5927, 98.77500, 169.515, -71.4497, 231.021, -79.4001, 131.777, 11.5327, 0.738331, 14.0514, 1.18971, -144.505, 0.925118, 114.777
5927, 98.78333, 169.478, -71.4741, 231.169, -79.4446, 131.621, 11.5046, 0.738533, 14.0559, 1.18989, -144.545, 0.925049, 114.761
5928, 98.79166, 169.44, -71.4986, 231.317, -79.4892, 131.464, 11.4765, 0.738736, 14.0603, 1.19007, -144.584, 0.924981, 114.746
5928, 98.80000, 169.402, -71.5231, 231.464, -79.5339, 131.307, 11.4484, 0.73894, 14.0647, 1.19024, -144.624, 0.924912, 114.73
5929, 98.80833, 169.364, -71.5477, 231.612, -79.5786, 131.151, 11.4202, 0.739145, 14.069, 1.19042, -144.663, 0.924842, 114.714
5929, 98.81667, 169.327, -71.5724, 231.759, -79.6235, 130.994, 11.392, 0.739351, 14.0733, 1.19059, -144.703, 0.924773, 114.698
5930, 98.82500, 169.289, -71.5972, 231.906, -79.6684, 130.837, 11.3639, 0.739557, 14.0776, 1.19077, -144.743, 0.924703, 114.682
5930, 98.83334, 169.251, -71.622, 232.053, -79.7134, 130.68, 11.3357, 0.739764, 14.0818, 1.19094, -144.783, 0.924634, 114.666
5931, 98.84167, 169.213, -71.6469, 232.2, -79.7585, 130.523, 11.3075, 0.739972, 14.086, 1.19112, -144.823, 0.924563, 114.65
5931, 98.85000, 169.175, -71.6719, 232.347, -79.8037, 130.366, 11.2793, 0.740181, 14.0901, 1.19129, -144.863, 0.924493, 114.634
5932, 98.85833, 169.137, -71.6969, 232.494, -79.849, 130.209, 11.251, 0.74039, 14.0942, 1.19146, -144.903, 0.924422, 114.618
5932, 98.86667, 169.099, -71.722, 232.64, -79.8943, 130.052, 11.2228, 0.740601, 14.0983, 1.19163, -144.943, 0.924352, 114.602
5933, 98.87500, 169.061, -71.7472, 232.786, -79.9398, 129.895, 11.1945, 0.740812, 14.1023, 1.1918, -144.983, 0.92428, 114.586
5933, 98.88333, 169.022, -71.7724, 232.933, -79.9853, 129.738, 11.1662, 0.741023, 14.1063, 1.19197, -145.023, 0.924209, 114.57
5934, 98.89167, 168.984, -71.7978, 233.079, -80.0309, 129.581, 11.1379, 0.741236, 14.1102, 1.19214, -145.064, 0.924137, 114.554
5934, 98.90000, 168.946, -71.8232, 233.225, -80.0766, 129.423, 11.1096, 0.74145, 14.1141, 1.19231, -145.104, 0.924066, 114.538
5935, 98.90833, 168.907, -71.8486, 233.37, -80.1224, 129.266, 11.0813, 0.741664, 14.118, 1.19248, -145.145, 0.923993, 114.522
5935, 98.91666, 168.869, -71.8742, 233.516, -80.1682, 129.109, 11.053, 0.741879, 14.1218, 1.19265, -145.185, 0.923921, 114.505
5936, 98.92500, 168.83, -71.8998, 233.661, -80.2142, 128.951, 11.0246, 0.742095, 14.1256, 1.19281, -145.226, 0.923848, 114.489
5936, 98.93333, 168.792, -71.9255, 233.806, -80.2602, 128.794, 10.9963, 0.742312, 14.1293, 1.19298, -145.267, 0.923775, 114.473
5937, 98.94167, 168.753, -71.9513, 233.951, -80.3063, 128.636, 10.9679, 0.742529, 14.133, 1.19314, -145.307, 0.923702, 114.457
5937, 98.95000, 168.715, -71.9771, 234.096, -80.3525, 128.478, 10.9395, 0.742747, 14.1367, 1.19331, -145.348, 0.923629, 114.44
5938, 98.95834, 168.676, -72.003, 234.241, -80.3988, 128.321, 10.9111, 0.742966, 14.1403, 1.19347, -145.389, 0.923555, 114.424
5938, 98.96667, 168.637, -72.029, 234.385, -80.4452, 128.163, 10.8827, 0.743186, 14.1439, 1.19363, -145.43, 0.923481, 114.408
5939, 98.97500, 168.598, -72.055, 234.53, -80.4916, 128.005, 10.8543, 0.743407, 14.1474, 1.19379, -145.471, 0.923407, 114.391
5939, 98.98333, 168.559, -72.0812, 234.674, -80.5382, 127.847, 10.8259, 0.743628, 14.1509, 1.19396, -145.512, 0.923332, 114.375
5940, 98.99167, 168.52, -72.1074, 234.818, -80.5848, 127.689, 10.7974, 0.743851, 14.1543, 1.19412, -145.554, 0.923257, 114.358
5940, 99.00000, 168.481, -72.1337, 234.962, -80.6315, 127.531, 10.7689, 0.744074, 14.1577, 1.19428, -145.595, 0.923182, 114.342
5941, 99.00833, 168.442, -72.16, 235.105, -80.6783, 127.373, 10.7405, 0.744297, 14.1611, 1.19444, -145.636, 0.923107, 114.325
5941, 99.01667, 168.403, -72.1864, 235.249, -80.7252, 127.215, 10.712, 0.744522, 14.1644, 1.19459, -145.678, 0.923031, 114.309
5942, 99.02500, 168.364, -72.2129, 235.392, -80.7722, 127.057, 10.6835, 0.744748, 14.1676, 1.19475, -145.719, 0.922955, 114.292
5942, 99.03333, 168.325, -72.2395, 235.535, -80.8192, 126.899, 10.655, 0.744974, 14.1709, 1.19491, -145.761, 0.922879, 114.276
5943, 99.04166, 168.285, -72.2661, 235.678, -80.8664, 126.74, 10.6265, 0.745201, 14.174, 1.19506, -145.802, 0.922802, 114.259
5943, 99.05000, 168.246, -72.2929, 235.821, -80.9136, 126.582, 10.5979, 0.745429, 14.1772, 1.19522, -145.844, 0.922725, 114.242
5944, 99.05833, 168.206, -72.3196, 235.964, -80.9609, 126.424, 10.5694, 0.745657, 14.1802, 1.19537, -145.886, 0.922648, 114.226
5944, 99.06667, 168.167, -72.3465, 236.106, -81.0083, 126.265, 10.5408, 0.745887, 14.1833, 1.19553, -145.928, 0.922571, 114.209
5945, 99.07500, 168.127, -72.3735, 236.248, -81.0558, 126.107, 10.5123, 0.746117, 14.1863, 1.19568, -145.969, 0.922493, 114.192
5945, 99.08334, 168.088, -72.4005, 236.39, -81.1033, 125.948, 10.4837, 0.746348, 14.1892, 1.19583, -146.011, 0.922415, 114.175
5946, 99.09167, 168.048, -72.4276, 236.532, -81.151, 125.79, 10.4551, 0.74658, 14.1921, 1.19598, -146.053, 0.922336, 114.159
5946, 99.10000, 168.008, -72.4547, 236.673, -81.1987, 125.631, 10.4265, 0.746813, 14.195, 1.19613, -146.096, 0.922257, 114.142
5947, 99.10833, 167.968, -72.482, 236.815, -81.2465, 125.472, 10.3979, 0.747046, 14.1978, 1.19628, -146.138, 0.922179, 114.125
5947, 99.11667, 167.928, -72.5093, 236.956, -81.2945, 125.313, 10.3693, 0.74728, 14.2005, 1.19643, -146.18, 0.922099, 114.108
5948, 99.12500, 167.888, -72.5367, 237.097, -81.3424, 125.154, 10.3407, 0.747516, 14.2032, 1.19658, -146.222, 0.922019, 114.091
5948, 99.13333, 167.848, -72.5641, 237.238, -81.3905, 124.996, 10.3121, 0.747751, 14.2059, 1.19672, -146.265, 0.921939, 114.074
5949, 99.14167, 167.808, -72.5917, 237.379, -81.4387, 124.837, 10.2834, 0.747988, 14.2085, 1.19687, -146.307, 0.921859, 114.057
5949, 99.15000, 167.768, -72.6193, 237.519, -81.487, 124.678, 10.2548, 0.748226, 14.2111, 1.19702, -146.35, 0.921779, 114.04
5950, 99.15833, 167.727, -72.647, 237.659, -81.5353, 124.518, 10.2261, 0.748464, 14.2136, 1.19716, -146.392, 0.921698, 114.023
5950, 99.16666, 167.687, -72.6747, 237.799, -81.5837, 124.359, 10.1975, 0.748703, 14.216, 1.1973, -146.435, 0.921616, 114.006
5951, 99.17500, 167.647, -72.7026, 237.939, -81.6322, 124.2, 10.1688, 0.748943, 14.2184, 1.19745, -146.478, 0.921535, 113.989
5951, 99.18333, 167.606, -72.7305, 238.079, -81.6808, 124.041, 10.1401, 0.749183, 14.2208, 1.19759, -146.521, 0.921453, 113.972
5952, 99.19167, 167.565, -72.7585, 238.218, -81.7295, 123.882, 10.1114, 0.749425, 14.2231, 1.19773, -146.564, 0.921371, 113.955
5952, 99.20000, 167.525, -72.7866, 238.357, -81.7783, 123.722, 10.0827, 0.749667, 14.2254, 1.19787, -146.607, 0.921288, 113.938
5953, 99.20834, 167.484, -72.8147, 238.496, -81.8271, 123.563, 10.054, 0.74991, 14.2276, 1.19801, -146.65, 0.921205, 113.921
5953, 99.21667, 167.443, -72.8429, 238.635, -81.8761, 123.403, 10.0253, 0.750154, 14.2298, 1.19815, -146.693, 0.921122, 113.904
5954, 99.22500, 167.402, -72.8712, 238.774, -81.9251, 123.244, 9.99662, 0.750399, 14.2319, 1.19828, -146.736, 0.921038, 113.886
5954, 99.23333, 167.361, -72.8996, 238.912, -81.9742, 123.084, 9.9679, 0.750644, 14.2339, 1.19842, -146.779, 0.920954, 113.869
5955, 99.24167, 167.32, -72.9281, 239.05, -82.0235, 122.924, 9.93917, 0.750891, 14.2359, 1.19856, -146.823, 0.92087, 113.852
5955, 99.25000, 167.279, -72.9566, 239.188, -82.0727, 122.765, 9.91044, 0.751138, 14.2379, 1.19869, -146.866, 0.920785, 113.835
5956, 99.25833, 167.238, -72.9852, 239.326, -82.1221, 122.605, 9.8817, 0.751386, 14.2398, 1.19882, -146.909, 0.9207, 113.817
5956, 99.26667, 167.196, -73.0139, 239.463, -82.1716, 122.445, 9.85296, 0.751634, 14.2417, 1.19896, -146.953, 0.920615, 113.8
5957, 99.27500, 167.155, -73.0426, 239.6, -82.2211, 122.285, 9.82421, 0.751884, 14.2435, 1.19909, -146.997, 0.920529, 113.782
5957, 99.28333, 167.114, -73.0714, 239.737, -82.2708, 122.125, 9.79545, 0.752134, 14.2452, 1.19922, -147.04, 0.920443, 113.765
5958, 99.29166, 167.072, -73.1004, 239.874, -82.3205, 121.965, 9.76669, 0.752385, 14.2469, 1.19935, -147.084, 0.920356, 113.748
5958, 99.30000, 167.03, -73.1293, 240.011, -82.3703, 121.805, 9.73793, 0.752637, 14.2485, 1.19948, -147.128, 0.920269, 113.73
5959, 99.30833, 166.989, -73.1584, 240.147, -82.4202, 121.645, 9.70916, 0.75289, 14.2501, 1.19961, -147.172, 0.920182, 113.713
5959, 99.31667, 166.947, -73.1875, 240.283, -82.4702, 121.484, 9.68039, 0.753143, 14.2517, 1.19973, -147.216, 0.920095, 113.695
5960, 99.32500, 166.905, -73.2168, 240.419, -82.5203, 121.324, 9.65161, 0.753398, 14.2531, 1.19986, -147.26, 0.920007, 113.677
5960, 99.33334, 166.863, -73.2461, 240.554, -82.5704, 121.164, 9.62283, 0.753653, 14.2546, 1.19998, -147.304, 0.919918, 113.66
5961, 99.34167, 166.821, -73.2754, 240.69, -82.6207, 121.003, 9.59405, 0.753909, 14.2559, 1.20011, -147.348, 0.91983, 113.642
5961, 99.35000, 166.778, -73.3049, 240.825, -82.671, 120.843, 9.56526, 0.754165, 14.2572, 1.20023, -147.392, 0.919741, 113.625
5962, 99.35833, 166.736, -73.3344, 240.96, -82.7215, 120.682, 9.53647, 0.754423, 14.2585, 1.20035, -147.437, 0.919651, 113.607
5962, 99.36667, 166.694, -73.364, 241.095, -82.772, 120.522, 9.50768, 0.754681, 14.2597, 1.20047, -147.481, 0.919561, 113.589
5963, 99.37500, 166.651, -73.3937, 241.229, -82.8226, 120.361, 9.47889, 0.75494, 14.2608, 1.20059, -147.526, 0.919471, 113.571
5963, 99.38333, 166.609, -73.4234, 241.363, -82.8733, 120.2, 9.45009, 0.7552, 14.2619, 1.20071, -147.57, 0.91938, 113.554
5964, 99.39167, 166.566, -73.4533, 241.497, -82.924, 120.04, 9.42129, 0.755461, 14.263, 1.20083, -147.615, 0.919289, 113.536
5964, 99.40000, 166.523, -73.4832, 241.631, -82.9749, 119.879, 9.39249, 0.755722, 14.2639, 1.20095, -147.66, 0.919198, 113.518
5965, 99.40833, 166.481, -73.5132, 241.764, -83.0258, 119.718, 9.36369, 0.755984, 14.2649, 1.20107, -147.704, 0.919106, 113.5
5965, 99.41666, 166.438, -73.5433, 241.897, -83.0769, 119.557, 9.33489, 0.756247, 14.2657, 1.20118, -147.749, 0.919014, 113.482
5966, 99.42500, 166.395, -73.5734, 242.03, -83.128, 119.396, 9.30609, 0.756511, 14.2665, 1.20129, -147.794, 0.918921, 113.465
5966, 99.43333, 166.351, -73.6036, 242.163, -83.1792, 119.235, 9.27729, 0.756776, 14.2673, 1.20141, -147.839, 0.918828, 113.447
5967, 99.44167, 166.308, -73.6339, 242.295, -83.2305, 119.074, 9.24848, 0.757041, 14.2679, 1.20152, -147.884, 0.918735, 113.429
5967, 99.45000, 166.265, -73.6643, 242.427, -83.2819, 118.912, 9.21968, 0.757307, 14.2686, 1.20163, -147.929, 0.918641, 113.411
5968, 99.45834, 166.222, -73.6948, 242.559, -83.3334, 118.751, 9.19088, 0.757574, 14.2691, 1.20174, -147.975, 0.918547, 113.393
5968, 99.46667, 166.178, -73.7253, 242.691, -83.3849, 118.59, 9.16207, 0.757842, 14.2697, 1.20185, -148.02, 0.918452, 113.375
5969, 99.47500, 166.134, -73.756, 242.822, -83.4366, 118.428, 9.13327, 0.758111, 14.2701, 1.20196, -148.065, 0.918357, 113.357
5969, 99.48333, 166.091, -73.7867, 242.953, -83.4883, 118.267, 9.10447, 0.75838, 14.2705, 1.20206, -148.111, 0.918262, 113.339
5970, 99.49167, 166.047, -73.8174, 243.084, -83.5401, 118.105, 9.07567, 0.75865, 14.2708, 1.20217, -148.156, 0.918166, 113.32
5970, 99.50000, 166.003, -73.8483, 243.215, -83.592, 117.944, 9.04688, 0.758921, 14.2711, 1.20227, -148.202, 0.918069, 113.302
5971, 99.50833, 165.959, -73.8792, 243.345, -83.644, 117.782, 9.01808, 0.759193, 14.2713, 1.20238, -148.248, 0.917973, 113.284
5971, 99.51667, 165.915, -73.9102, 243.475, -83.6961, 117.62, 8.98929, 0.759465, 14.2715, 1.20248, -148.293, 0.917875, 113.266
5972, 99.52500, 165.871, -73.9413, 243.605, -83.7483, 117.459, 8.9605, 0.759739, 14.2715, 1.20258, -148.339, 0.917778, 113.248
5972, 99.53333, 165.826, -73.9725, 243.734, -83.8006, 117.297, 8.93172, 0.760013, 14.2716, 1.20268, -148.385, 0.91768, 113.229
5973, 99.54166, 165.782, -74.0038, 243.863, -83.8529, 117.135, 8.90293, 0.760288, 14.2715, 1.20278, -148.431, 0.917581, 113.211
5973, 99.55000, 165.737, -74.0351, 243.992, -83.9053, 116.973, 8.87415, 0.760563, 14.2714, 1.20288, -148.477, 0.917482, 113.193
5974, 99.55833, 165.693, -74.0665, 244.121, -83.9579, 116.811, 8.84538, 0.76084, 14.2713, 1.20297, -148.523, 0.917383, 113.175
5974, 99.56667, 165.648, -74.098, 244.249, -84.0105, 116.649, 8.8166, 0.761117, 14.2711, 1.20307, -148.569, 0.917283, 113.156
5975, 99.57500, 165.603, -74.1295, 244.377, -84.0632, 116.487, 8.78784, 0.761395, 14.2708, 1.20316, -148.616, 0.917183, 113.138
5975, 99.58334, 165.558, -74.1612, 244.505, -84.116, 116.325, 8.75908, 0.761674, 14.2704, 1.20326, -148.662, 0.917082, 113.119
5976, 99.59167, 165.513, -74.1929, 244.632, -84.1689, 116.162, 8.73032, 0.761953, 14.27, 1.20335, -148.708, 0.916981, 113.101
5976, 99.60000, 165.468, -74.2247, 244.76, -84.2218, 116, 8.70157, 0.762234, 14.2695, 1.20344, -148.755, 0.916879, 113.082
5977, 99.60833, 165.422, -74.2566, 244.887, -84.2749, 115.838, 8.67283, 0.762515, 14.269, 1.20353, -148.801, 0.916777, 113.064
5977, 99.61667, 165.377, -74.2886, 245.013, -84.328, 115.675, 8.64409, 0.762797, 14.2684, 1.20362, -148.848, 0.916675, 113.045
5978, 99.62500, 165.331, -74.3206, 245.139, -84.3813, 115.513, 8.61535, 0.763079, 14.2677, 1.20371, -148.895, 0.916572, 113.027
5978, 99.63333, 165.286, -74.3528, 245.265, -84.4346, 115.35, 8.58663, 0.763363, 14.267, 1.20379, -148.941, 0.916468, 113.008
5979, 99.64167, 165.24, -74.385, 245.391, -84.488, 115.187, 8.55791, 0.763647, 14.2662, 1.20388, -148.988, 0.916364, 112.99
5979, 99.65000, 165.194, -74.4173, 245.517, -84.5415, 115.025, 8.5292, 0.763932, 14.2653, 1.20396, -149.035, 0.91626, 112.971
5980, 99.65833, 165.148, -74.4496, 245.642, -84.5951, 114.862, 8.5005, 0.764218, 14.2644, 1.20404, -149.082, 0.916155, 112.952
5980, 99.66666, 165.102, -74.4821, 245.766, -84.6487, 114.699, 8.4718, 0.764504, 14.2634, 1.20413, -149.129, 0.91605, 112.934
5981, 99.67500, 165.055, -74.5146, 245.891, -84.7025, 114.536, 8.44312, 0.764792, 14.2624, 1.20421, -149.176, 0.915944, 112.915
5981, 99.68333, 165.009, -74.5472, 246.015, -84.7563, 114.373, 8.41444, 0.76508, 14.2612, 1.20429, -149.224, 0.915838, 112.896
5982, 99.69167, 164.963, -74.5799, 246.139, -84.8103, 114.21, 8.38577, 0.765369, 14.26, 1.20436, -149.271, 0.915731, 112.878
5982, 99.70000, 164.916, -74.6126, 246.263, -84.8643, 114.047, 8.35712, 0.765658, 14.2588, 1.20444, -149.318, 0.915624, 112.859
5983, 99.70834, 164.869, -74.6455, 246.386, -84.9184, 113.884, 8.32847, 0.765948, 14.2575, 1.20452, -149.366, 0.915516, 112.84
5983, 99.71667, 164.822, -74.6784, 246.509, -84.9726, 113.721, 8.29983, 0.76624, 14.2561, 1.20459, -149.413, 0.915408, 112.821
5984, 99.72500, 164.775, -74.7114, 246.631, -85.0269, 113.558, 8.2712, 0.766532, 14.2546, 1.20466, -149.461, 0.915299, 112.802
5984, 99.73333, 164.728, -74.7445, 246.754, -85.0813, 113.394, 8.24259, 0.766824, 14.2531, 1.20473, -149.508, 0.91519, 112.783
5985, 99.74167, 164.681, -74.7777, 246.876, -85.1357, 113.231, 8.21398, 0.767118, 14.2515, 1.2048, -149.556, 0.91508, 112.764
5985, 99.75000, 164.634, -74.8109, 246.997, -85.1903, 113.068, 8.18539, 0.767412, 14.2498, 1.20487, -149.604, 0.91497, 112.745
5986, 99.75833, 164.586, -74.8443, 247.119, -85.2449, 112.904, 8.15681, 0.767707, 14.2481, 1.20494, -149.652, 0.914859, 112.727
5986, 99.76667, 164.539, -74.8777, 247.24, -85.2996, 112.74, 8.12824, 0.768002, 14.2462, 1.20501, -149.7, 0.914748, 112.708
5987, 99.77500, 164.491, -74.9112, 247.36, -85.3545, 112.577, 8.09969, 0.768299, 14.2444, 1.20507, -149.748, 0.914636, 112.688
5987, 99.78333, 164.443, -74.9448, 247.481, -85.4094, 112.413, 8.07115, 0.768596, 14.2424, 1.20514, -149.796, 0.914524, 112.669
5988, 99.79166, 164.395, -74.9784, 247.601, -85.4644, 112.249, 8.04262, 0.768894, 14.2404, 1.2052, -149.844, 0.914411, 112.65
5988, 99.80000, 164.347, -75.0121, 247.72, -85.5194, 112.086, 8.01411, 0.769193, 14.2383, 1.20526, -149.892, 0.914298, 112.631
5989, 99.80833, 164.299, -75.046, 247.84, -85.5746, 111.922, 7.98561, 0.769492, 14.2362, 1.20532, -149.941, 0.914184, 112.612
5989, 99.81667, 164.25, -75.0799, 247.959, -85.6299, 111.758, 7.95712, 0.769792, 14.2339, 1.20538, -149.989, 0.914069, 112.593
5990, 99.82500, 164.202, -75.1138, 248.077, -85.6852, 111.594, 7.92866, 0.770093, 14.2316, 1.20544, -150.038, 0.913955, 112.574
5990, 99.83334, 164.153, -75.1479, 248.196, -85.7406, 111.43, 7.9002, 0.770395, 14.2293, 1.20549, -150.086, 0.913839, 112.555
5991, 99.84167, 164.104, -75.182, 248.314, -85.7962, 111.266, 7.87176, 0.770697, 14.2268, 1.20555, -150.135, 0.913723, 112.535
5991, 99.85000, 164.055, -75.2163, 248.431, -85.8518, 111.102, 7.84335, 0.771, 14.2243, 1.2056, -150.184, 0.913607, 112.516
5992, 99.85833, 164.006, -75.2506, 248.548, -85.9075, 110.937, 7.81494, 0.771304, 14.2217, 1.20565, -150.232, 0.91349, 112.497
5992, 99.86667, 163.957, -75.285, 248.665, -85.9633, 110.773, 7.78656, 0.771609, 14.219, 1.2057, -150.281, 0.913372, 112.477
5993, 99.87500, 163.908, -75.3194, 248.782, -86.0191, 110.609, 7.75819, 0.771914, 14.2163, 1.20575, -150.33, 0.913254, 112.458
5993, 99.88333, 163.858, -75.354, 248.898, -86.0751, 110.444, 7.72984, 0.77222, 14.2135, 1.2058, -150.379, 0.913136, 112.439
5994, 99.89167, 163.809, -75.3886, 249.014, -86.1311, 110.28, 7.70151, 0.772527, 14.2106, 1.20585, -150.428, 0.913017, 112.419
5994, 99.90000, 163.759, -75.4233, 249.129, -86.1873, 110.115, 7.6732, 0.772835, 14.2077, 1.20589, -150.477, 0.912897, 112.4
5995, 99.90833, 163.709, -75.4581, 249.245, -86.2435, 109.951, 7.6449, 0.773143, 14.2046, 1.20594, -150.526, 0.912777, 112.381
5995, 99.91666, 163.659, -75.493, 249.359, -86.2998, 109.786, 7.61663, 0.773452, 14.2015, 1.20598, -150.576, 0.912656, 112.361
5996, 99.92500, 163.609, -75.5279, 249.474, -86.3562, 109.621, 7.58838, 0.773762, 14.1983, 1.20602, -150.625, 0.912535, 112.342
5996, 99.93333, 163.559, -75.563, 249.588, -86.4127, 109.457, 7.56015, 0.774073, 14.1951, 1.20606, -150.675, 0.912413, 112.322
5997, 99.94167, 163.508, -75.5981, 249.702, -86.4693, 109.292, 7.53194, 0.774384, 14.1918, 1.2061, -150.724, 0.91229, 112.303
5997, 99.95000, 163.458, -75.6333, 249.815, -86.5259, 109.127, 7.50375, 0.774696, 14.1884, 1.20613, -150.774, 0.912167, 112.283
5998, 99.95834, 163.407, -75.6685, 249.928, -86.5827, 108.962, 7.47558, 0.775008, 14.1849, 1.20617, -150.823, 0.912044, 112.263
5998, 99.96667, 163.356, -75.7039, 250.04, -86.6395, 108.797, 7.44744, 0.775322, 14.1813, 1.2062, -150.873, 0.911919, 112.244
5999, 99.97500, 163.305, -75.7394, 250.153, -86.6965, 108.632, 7.41932, 0.775636, 14.1777, 1.20624, -150.923, 0.911795, 112.224
5999, 99.98333, 163.254, -75.7749, 250.264, -86.7535, 108.467, 7.39122, 0.775951, 14.174, 1.20627, -150.973, 0.911669, 112.204
6000, 99.99167, 163.203, -75.8105, 250.376, -86.8106, 108.302, 7.36315, 0.776266, 14.1702, 1.2063, -151.023, 0.911543, 112.185
6000, 100.00000, 163.151, -75.8462, 250.487, -86.8678, 108.136, 7.3351, 0.776582, 14.1663, 1.20632, -151.073, 0.911417, 112.165
