Freq, Harmonic, V1, VAngle1, V2, VAngle2, V3, VAngle3, I1, IAngle1, I2, IAngle2, I3, IAngle3
60, 1.00000, 14995.1, -3.34712, 14870.3, -124.231, 14951.5, 116.147, 1.12334, -27.0384, 1.55321, -154.23, 1.26081, 71.4843
60, 1.00833, 12098.7, -1.07007, 12646, -124.248, 12782.3, 116.913, 2.08408, -26.3853, 2.92471, -154.718, 2.38075, 71.6011
61, 1.01667, 1.82641, 48.8508, 59.7075, -30.2782, 61.4395, 150.053, 0.000929245, 115.913, 0.00656974, -62.2162, 0.00570722, 117.258
62, 1.02500, 1.83719, 48.4854, 59.8978, -30.1301, 61.6375, 150.206, 0.00092949, 116.064, 0.00657449, -62.0613, 0.0057109, 117.416
62, 1.03333, 1.84805, 48.1215, 60.0894, -29.9831, 61.8369, 150.357, 0.000929752, 116.214, 0.00657936, -61.9079, 0.0057147, 117.573
63, 1.04167, 1.85898, 47.759, 60.2824, -29.8369, 62.0378, 150.507, 0.000930032, 116.363, 0.00658436, -61.756, 0.00571861, 117.729
63, 1.05000, 1.86997, 47.3981, 60.4768, -29.6918, 62.2401, 150.656, 0.000930328, 116.51, 0.00658949, -61.6057, 0.00572264, 117.883
63, 1.05833, 1.88104, 47.0386, 60.6725, -29.5476, 62.4438, 150.804, 0.000930642, 116.656, 0.00659475, -61.4568, 0.00572678, 118.035
64, 1.06667, 1.89218, 46.6806, 60.8696, -29.4044, 62.649, 150.952, 0.000930972, 116.801, 0.00660012, -61.3095, 0.00573103, 118.186
65, 1.07500, 1.9034, 46.3239, 61.0681, -29.2622, 62.8556, 151.098, 0.000931319, 116.945, 0.00660562, -61.1635, 0.00573538, 118.336
65, 1.08333, 1.91468, 45.9687, 61.2679, -29.121, 63.0636, 151.243, 0.000931683, 117.088, 0.00661124, -61.019, 0.00573985, 118.484
66, 1.09167, 1.92603, 45.6149, 61.4691, -28.9808, 63.2731, 151.388, 0.000932062, 117.23, 0.00661698, -60.8759, 0.00574443, 118.631
66, 1.10000, 1.93746, 45.2624, 61.6717, -28.8415, 63.484, 151.531, 0.000932458, 117.371, 0.00662284, -60.7342, 0.0057491, 118.777
66, 1.10833, 1.94895, 44.9112, 61.8756, -28.7033, 63.6964, 151.673, 0.00093287, 117.51, 0.00662881, -60.5938, 0.00575389, 118.921
67, 1.11667, 1.96052, 44.5614, 62.0809, -28.566, 63.9101, 151.815, 0.000933297, 117.649, 0.0066349, -60.4547, 0.00575877, 119.064
68, 1.12500, 1.97216, 44.2128, 62.2876, -28.4298, 64.1253, 151.955, 0.000933741, 117.786, 0.0066411, -60.317, 0.00576376, 119.205
68, 1.13333, 1.98387, 43.8656, 62.4956, -28.2945, 64.342, 152.094, 0.000934199, 117.923, 0.00664742, -60.1806, 0.00576885, 119.345
69, 1.14167, 1.99565, 43.5196, 62.705, -28.1603, 64.56, 152.232, 0.000934674, 118.058, 0.00665384, -60.0454, 0.00577405, 119.484
69, 1.15000, 2.00751, 43.1748, 62.9158, -28.027, 64.7795, 152.37, 0.000935163, 118.193, 0.00666038, -59.9115, 0.00577934, 119.622
69, 1.15833, 2.01943, 42.8312, 63.1279, -27.8948, 65.0004, 152.506, 0.000935667, 118.327, 0.00666703, -59.7789, 0.00578473, 119.759
70, 1.16667, 2.03143, 42.4888, 63.3414, -27.7636, 65.2228, 152.641, 0.000936187, 118.459, 0.00667379, -59.6474, 0.00579021, 119.894
71, 1.17500, 2.0435, 42.1476, 63.5562, -27.6333, 65.4466, 152.775, 0.000936721, 118.591, 0.00668066, -59.5172, 0.0057958, 120.028
71, 1.18333, 2.05565, 41.8076, 63.7724, -27.5041, 65.6718, 152.909, 0.000937271, 118.722, 0.00668763, -59.3882, 0.00580148, 120.161
72, 1.19167, 2.06786, 41.4686, 63.99, -27.3759, 65.8985, 153.041, 0.000937834, 118.852, 0.00669471, -59.2603, 0.00580726, 120.293
72, 1.20000, 2.08015, 41.1308, 64.209, -27.2487, 66.1266, 153.172, 0.000938413, 118.981, 0.0067019, -59.1336, 0.00581313, 120.424
72, 1.20833, 2.09251, 40.7941, 64.4293, -27.1225, 66.3561, 153.302, 0.000939006, 119.109, 0.00670919, -59.0081, 0.00581909, 120.553
73, 1.21667, 2.10494, 40.4584, 64.651, -26.9973, 66.5871, 153.431, 0.000939613, 119.236, 0.00671658, -58.8837, 0.00582515, 120.682
74, 1.22500, 2.11745, 40.1238, 64.874, -26.8731, 66.8195, 153.559, 0.000940235, 119.363, 0.00672408, -58.7604, 0.00583131, 120.809
74, 1.23333, 2.13003, 39.7903, 65.0984, -26.75, 67.0533, 153.687, 0.00094087, 119.488, 0.00673168, -58.6382, 0.00583755, 120.935
75, 1.24167, 2.14268, 39.4576, 65.3242, -26.6278, 67.2886, 153.813, 0.00094152, 119.613, 0.00673938, -58.5171, 0.00584389, 121.06
75, 1.25000, 2.15541, 39.1261, 65.5514, -26.5067, 67.5253, 153.938, 0.000942184, 119.737, 0.00674719, -58.3971, 0.00585032, 121.185
75, 1.25833, 2.16821, 38.7954, 65.7799, -26.3866, 67.7635, 154.062, 0.000942862, 119.86, 0.00675509, -58.2781, 0.00585683, 121.308
76, 1.26667, 2.18109, 38.4657, 66.0098, -26.2674, 68.0031, 154.185, 0.000943553, 119.982, 0.0067631, -58.1602, 0.00586344, 121.43
77, 1.27500, 2.19404, 38.137, 66.241, -26.1493, 68.2441, 154.307, 0.000944259, 120.103, 0.00677121, -58.0434, 0.00587014, 121.551
77, 1.28333, 2.20706, 37.8091, 66.4737, -26.0322, 68.4866, 154.428, 0.000944978, 120.224, 0.00677941, -57.9276, 0.00587693, 121.671
78, 1.29167, 2.22016, 37.4821, 66.7077, -25.9161, 68.7306, 154.548, 0.00094571, 120.344, 0.00678772, -57.8128, 0.00588381, 121.79
78, 1.30000, 2.23333, 37.156, 66.9431, -25.8011, 68.976, 154.667, 0.000946456, 120.463, 0.00679612, -57.699, 0.00589077, 121.908
78, 1.30833, 2.24658, 36.8308, 67.1798, -25.687, 69.2228, 154.786, 0.000947216, 120.582, 0.00680462, -57.5862, 0.00589782, 122.025
79, 1.31667, 2.25991, 36.5063, 67.418, -25.5739, 69.4711, 154.903, 0.000947989, 120.699, 0.00681321, -57.4744, 0.00590496, 122.141
80, 1.32500, 2.27331, 36.1827, 67.6575, -25.4619, 69.7208, 155.019, 0.000948775, 120.816, 0.00682191, -57.3636, 0.00591219, 122.256
80, 1.33333, 2.28678, 35.8599, 67.8984, -25.3508, 69.972, 155.134, 0.000949575, 120.932, 0.0068307, -57.2537, 0.00591951, 122.37
81, 1.34167, 2.30033, 35.5378, 68.1407, -25.2408, 70.2247, 155.248, 0.000950387, 121.048, 0.00683959, -57.1448, 0.00592691, 122.483
81, 1.35000, 2.31396, 35.2165, 68.3843, -25.1317, 70.4788, 155.361, 0.000951213, 121.162, 0.00684857, -57.0369, 0.00593439, 122.595
81, 1.35833, 2.32767, 34.8959, 68.6294, -25.0237, 70.7344, 155.473, 0.000952052, 121.276, 0.00685765, -56.9299, 0.00594197, 122.707
82, 1.36667, 2.34145, 34.5759, 68.8758, -24.9166, 70.9914, 155.584, 0.000952904, 121.389, 0.00686682, -56.8238, 0.00594963, 122.817
83, 1.37500, 2.35531, 34.2568, 69.1237, -24.8106, 71.2499, 155.694, 0.000953769, 121.502, 0.00687609, -56.7187, 0.00595737, 122.927
83, 1.38333, 2.36924, 33.9382, 69.3729, -24.7055, 71.5099, 155.803, 0.000954647, 121.614, 0.00688545, -56.6144, 0.0059652, 123.035
84, 1.39167, 2.38326, 33.6203, 69.6235, -24.6015, 71.7714, 155.912, 0.000955538, 121.725, 0.00689491, -56.5111, 0.00597312, 123.143
84, 1.40000, 2.39735, 33.3031, 69.8755, -24.4984, 72.0343, 156.019, 0.000956441, 121.836, 0.00690446, -56.4087, 0.00598112, 123.25
84, 1.40833, 2.41152, 32.9864, 70.1289, -24.3964, 72.2987, 156.125, 0.000957358, 121.945, 0.0069141, -56.3071, 0.0059892, 123.356
85, 1.41667, 2.42577, 32.6704, 70.3837, -24.2953, 72.5646, 156.23, 0.000958287, 122.055, 0.00692384, -56.2065, 0.00599737, 123.461
86, 1.42500, 2.44009, 32.3549, 70.6399, -24.1953, 72.8319, 156.334, 0.000959229, 122.163, 0.00693367, -56.1067, 0.00600562, 123.565
86, 1.43333, 2.4545, 32.04, 70.8975, -24.0962, 73.1008, 156.438, 0.000960183, 122.271, 0.0069436, -56.0078, 0.00601396, 123.669
87, 1.44167, 2.46899, 31.7256, 71.1565, -23.9981, 73.3711, 156.54, 0.00096115, 122.378, 0.00695362, -55.9097, 0.00602238, 123.771
87, 1.45000, 2.48355, 31.4117, 71.4169, -23.901, 73.6429, 156.641, 0.00096213, 122.485, 0.00696372, -55.8126, 0.00603088, 123.873
87, 1.45833, 2.4982, 31.0984, 71.6788, -23.8049, 73.9163, 156.742, 0.000963122, 122.591, 0.00697393, -55.7162, 0.00603947, 123.974
88, 1.46667, 2.51292, 30.7855, 71.942, -23.7097, 74.1911, 156.841, 0.000964127, 122.696, 0.00698422, -55.6207, 0.00604814, 124.074
89, 1.47500, 2.52773, 30.4731, 72.2067, -23.6156, 74.4674, 156.939, 0.000965144, 122.801, 0.00699461, -55.526, 0.0060569, 124.174
89, 1.48333, 2.54261, 30.1611, 72.4727, -23.5224, 74.7453, 157.037, 0.000966174, 122.905, 0.00700509, -55.4322, 0.00606573, 124.272
90, 1.49167, 2.55758, 29.8495, 72.7403, -23.4302, 75.0246, 157.133, 0.000967216, 123.008, 0.00701566, -55.3392, 0.00607466, 124.37
90, 1.50000, 2.57263, 29.5384, 73.0092, -23.339, 75.3055, 157.229, 0.000968271, 123.111, 0.00702632, -55.247, 0.00608366, 124.467
90, 1.50833, 2.58776, 29.2276, 73.2795, -23.2488, 75.5878, 157.323, 0.000969338, 123.213, 0.00703708, -55.1556, 0.00609275, 124.563
91, 1.51667, 2.60297, 28.9172, 73.5513, -23.1595, 75.8718, 157.417, 0.000970418, 123.315, 0.00704793, -55.065, 0.00610192, 124.658
92, 1.52500, 2.61827, 28.6072, 73.8245, -23.0712, 76.1572, 157.51, 0.000971509, 123.416, 0.00705886, -54.9752, 0.00611117, 124.752
92, 1.53333, 2.63364, 28.2975, 74.0992, -22.9839, 76.4441, 157.601, 0.000972613, 123.517, 0.00706989, -54.8863, 0.00612051, 124.846
93, 1.54167, 2.6491, 27.9881, 74.3753, -22.8975, 76.7326, 157.692, 0.00097373, 123.617, 0.00708102, -54.7981, 0.00612993, 124.939
93, 1.55000, 2.66464, 27.6791, 74.6528, -22.8121, 77.0227, 157.782, 0.000974859, 123.716, 0.00709223, -54.7107, 0.00613943, 125.031
93, 1.55833, 2.68027, 27.3703, 74.9318, -22.7277, 77.3142, 157.871, 0.000976, 123.815, 0.00710353, -54.624, 0.00614901, 125.123
94, 1.56667, 2.69598, 27.0618, 75.2123, -22.6442, 77.6074, 157.959, 0.000977153, 123.913, 0.00711493, -54.5382, 0.00615868, 125.214
94, 1.57500, 2.71177, 26.7535, 75.4941, -22.5617, 77.902, 158.046, 0.000978319, 124.011, 0.00712642, -54.4531, 0.00616843, 125.303
95, 1.58333, 2.72765, 26.4455, 75.7775, -22.4802, 78.1983, 158.132, 0.000979497, 124.108, 0.00713799, -54.3688, 0.00617827, 125.393
96, 1.59167, 2.74361, 26.1376, 76.0623, -22.3996, 78.4961, 158.217, 0.000980687, 124.204, 0.00714967, -54.2853, 0.00618818, 125.481
96, 1.60000, 2.75965, 25.83, 76.3486, -22.32, 78.7954, 158.301, 0.000981889, 124.301, 0.00716143, -54.2025, 0.00619818, 125.569
96, 1.60833, 2.77578, 25.5225, 76.6363, -22.2413, 79.0964, 158.385, 0.000983104, 124.396, 0.00717328, -54.1204, 0.00620827, 125.656
97, 1.61667, 2.792, 25.2152, 76.9255, -22.1636, 79.3989, 158.467, 0.000984331, 124.491, 0.00718523, -54.0392, 0.00621843, 125.742
98, 1.62500, 2.8083, 24.908, 77.2162, -22.0869, 79.703, 158.549, 0.00098557, 124.585, 0.00719726, -53.9586, 0.00622868, 125.828
98, 1.63333, 2.82468, 24.601, 77.5084, -22.011, 80.0087, 158.629, 0.000986822, 124.679, 0.00720939, -53.8788, 0.00623902, 125.912
99, 1.64167, 2.84115, 24.2941, 77.802, -21.9362, 80.316, 158.709, 0.000988086, 124.773, 0.00722161, -53.7998, 0.00624943, 125.997
99, 1.65000, 2.85771, 23.9872, 78.0972, -21.8622, 80.6249, 158.788, 0.000989362, 124.866, 0.00723392, -53.7215, 0.00625993, 126.08
99, 1.65833, 2.87435, 23.6805, 78.3938, -21.7893, 80.9354, 158.865, 0.00099065, 124.958, 0.00724632, -53.6439, 0.00627052, 126.163
100, 1.66667, 2.89108, 23.3738, 78.6919, -21.7172, 81.2475, 158.942, 0.000991951, 125.05, 0.00725882, -53.567, 0.00628118, 126.244
101, 1.67500, 2.9079, 23.0671, 78.9916, -21.6461, 81.5612, 159.018, 0.000993264, 125.141, 0.00727141, -53.4909, 0.00629194, 126.326
101, 1.68333, 2.9248, 22.7605, 79.2927, -21.576, 81.8766, 159.093, 0.00099459, 125.232, 0.00728409, -53.4155, 0.00630277, 126.406
102, 1.69167, 2.94179, 22.4538, 79.5953, -21.5068, 82.1936, 159.168, 0.000995928, 125.322, 0.00729686, -53.3408, 0.00631369, 126.486
102, 1.70000, 2.95887, 22.1472, 79.8995, -21.4385, 82.5122, 159.241, 0.000997278, 125.412, 0.00730972, -53.2668, 0.0063247, 126.565
102, 1.70833, 2.97603, 21.8406, 80.2051, -21.3711, 82.8325, 159.313, 0.000998641, 125.502, 0.00732268, -53.1935, 0.00633578, 126.644
103, 1.71667, 2.99328, 21.5338, 80.5124, -21.3047, 83.1544, 159.385, 0.00100002, 125.59, 0.00733573, -53.121, 0.00634696, 126.722
104, 1.72500, 3.01062, 21.2271, 80.8211, -21.2392, 83.478, 159.456, 0.0010014, 125.679, 0.00734887, -53.0491, 0.00635822, 126.799
104, 1.73333, 3.02804, 20.9203, 81.1313, -21.1746, 83.8032, 159.525, 0.0010028, 125.767, 0.0073621, -52.978, 0.00636956, 126.875
105, 1.74167, 3.04556, 20.6133, 81.4431, -21.111, 84.1302, 159.594, 0.00100422, 125.854, 0.00737543, -52.9076, 0.00638099, 126.951
105, 1.75000, 3.06316, 20.3063, 81.7565, -21.0483, 84.4588, 159.662, 0.00100564, 125.941, 0.00738885, -52.8378, 0.0063925, 127.026
105, 1.75833, 3.08084, 19.9991, 82.0713, -20.9865, 84.7891, 159.729, 0.00100708, 126.028, 0.00740237, -52.7688, 0.0064041, 127.1
106, 1.76667, 3.09862, 19.6918, 82.3878, -20.9256, 85.1211, 159.795, 0.00100853, 126.114, 0.00741598, -52.7005, 0.00641579, 127.174
107, 1.77500, 3.11649, 19.3843, 82.7057, -20.8657, 85.4548, 159.861, 0.00100999, 126.199, 0.00742968, -52.6328, 0.00642756, 127.247
107, 1.78333, 3.13444, 19.0767, 83.0253, -20.8067, 85.7901, 159.925, 0.00101147, 126.285, 0.00744347, -52.5658, 0.00643942, 127.319
108, 1.79167, 3.15248, 18.7689, 83.3464, -20.7486, 86.1273, 159.989, 0.00101296, 126.369, 0.00745736, -52.4996, 0.00645137, 127.391
108, 1.80000, 3.17061, 18.4609, 83.6691, -20.6914, 86.4661, 160.052, 0.00101446, 126.454, 0.00747135, -52.434, 0.0064634, 127.462
108, 1.80833, 3.18882, 18.1526, 83.9933, -20.6351, 86.8067, 160.113, 0.00101597, 126.537, 0.00748542, -52.3691, 0.00647552, 127.533
109, 1.81667, 3.20713, 17.8441, 84.3192, -20.5798, 87.149, 160.174, 0.0010175, 126.621, 0.0074996, -52.3049, 0.00648773, 127.602
109, 1.82500, 3.22552, 17.5354, 84.6466, -20.5253, 87.4931, 160.235, 0.00101904, 126.704, 0.00751387, -52.2414, 0.00650002, 127.671
110, 1.83333, 3.24399, 17.2264, 84.9756, -20.4718, 87.8389, 160.294, 0.0010206, 126.786, 0.00752823, -52.1785, 0.0065124, 127.74
111, 1.84167, 3.26256, 16.9171, 85.3062, -20.4191, 88.1866, 160.352, 0.00102216, 126.868, 0.00754269, -52.1163, 0.00652487, 127.808
111, 1.85000, 3.28122, 16.6075, 85.6384, -20.3674, 88.5359, 160.41, 0.00102374, 126.95, 0.00755724, -52.0548, 0.00653743, 127.875
111, 1.85833, 3.29996, 16.2977, 85.9722, -20.3166, 88.8871, 160.467, 0.00102533, 127.031, 0.00757189, -51.994, 0.00655008, 127.941
112, 1.86667, 3.31879, 15.9874, 86.3077, -20.2667, 89.2401, 160.522, 0.00102694, 127.112, 0.00758664, -51.9339, 0.00656282, 128.007
113, 1.87500, 3.3377, 15.6769, 86.6447, -20.2177, 89.5949, 160.577, 0.00102856, 127.192, 0.00760148, -51.8744, 0.00657564, 128.072
113, 1.88333, 3.3567, 15.366, 86.9834, -20.1696, 89.9514, 160.632, 0.00103019, 127.272, 0.00761642, -51.8156, 0.00658856, 128.137
114, 1.89167, 3.37579, 15.0546, 87.3237, -20.1224, 90.3099, 160.685, 0.00103184, 127.352, 0.00763145, -51.7574, 0.00660157, 128.201
114, 1.90000, 3.39497, 14.743, 87.6656, -20.0761, 90.6701, 160.737, 0.0010335, 127.431, 0.00764658, -51.7, 0.00661467, 128.264
114, 1.90833, 3.41423, 14.4309, 88.0092, -20.0307, 91.0322, 160.789, 0.00103518, 127.51, 0.00766181, -51.6432, 0.00662785, 128.326
115, 1.91667, 3.43358, 14.1184, 88.3544, -19.9862, 91.3962, 160.84, 0.00103686, 127.588, 0.00767714, -51.587, 0.00664113, 128.388
116, 1.92500, 3.45301, 13.8055, 88.7013, -19.9426, 91.762, 160.89, 0.00103857, 127.666, 0.00769256, -51.5316, 0.0066545, 128.45
116, 1.93333, 3.47252, 13.4921, 89.0498, -19.8999, 92.1297, 160.939, 0.00104028, 127.744, 0.00770809, -51.4768, 0.00666797, 128.51
117, 1.94167, 3.49212, 13.1783, 89.4, -19.858, 92.4993, 160.987, 0.00104201, 127.821, 0.00772371, -51.4226, 0.00668152, 128.57
117, 1.95000, 3.51181, 12.864, 89.7519, -19.8171, 92.8707, 161.035, 0.00104376, 127.898, 0.00773943, -51.3691, 0.00669517, 128.63
117, 1.95833, 3.53157, 12.5492, 90.1054, -19.7771, 93.2441, 161.081, 0.00104551, 127.974, 0.00775525, -51.3163, 0.00670891, 128.689
118, 1.96667, 3.55142, 12.2339, 90.4607, -19.7379, 93.6194, 161.127, 0.00104729, 128.05, 0.00777117, -51.2642, 0.00672275, 128.747
119, 1.97500, 3.57135, 11.9181, 90.8176, -19.6997, 93.9967, 161.172, 0.00104907, 128.126, 0.00778718, -51.2127, 0.00673667, 128.804
119, 1.98333, 3.59137, 11.6018, 91.1761, -19.6623, 94.3758, 161.216, 0.00105088, 128.201, 0.0078033, -51.1618, 0.0067507, 128.861
120, 1.99167, 3.61146, 11.2849, 91.5365, -19.6258, 94.757, 161.259, 0.00105269, 128.276, 0.00781952, -51.1116, 0.00676482, 128.917
120, 2.00000, 3.63164, 10.9675, 91.8984, -19.5903, 95.1401, 161.302, 0.00105452, 128.35, 0.00783584, -51.0621, 0.00677903, 128.973
120, 2.00833, 3.65189, 10.6495, 92.2621, -19.5556, 95.5251, 161.344, 0.00105637, 128.424, 0.00785226, -51.0133, 0.00679334, 129.028
121, 2.01667, 3.67222, 10.3309, 92.6276, -19.5217, 95.9122, 161.384, 0.00105823, 128.498, 0.00786878, -50.9651, 0.00680774, 129.082
122, 2.02500, 3.69263, 10.0117, 92.9947, -19.4888, 96.3013, 161.424, 0.00106011, 128.571, 0.0078854, -50.9175, 0.00682224, 129.136
122, 2.03333, 3.71312, 9.69201, 93.3635, -19.4568, 96.6924, 161.464, 0.001062, 128.644, 0.00790212, -50.8706, 0.00683684, 129.189
123, 2.04167, 3.73368, 9.37161, 93.7342, -19.4256, 97.0855, 161.502, 0.00106391, 128.717, 0.00791895, -50.8244, 0.00685154, 129.241
123, 2.05000, 3.75432, 9.05064, 94.1065, -19.3953, 97.4807, 161.54, 0.00106583, 128.789, 0.00793588, -50.7788, 0.00686633, 129.293
123, 2.05833, 3.77503, 8.72902, 94.4806, -19.3659, 97.8779, 161.576, 0.00106777, 128.861, 0.00795291, -50.7339, 0.00688123, 129.344
124, 2.06667, 3.79581, 8.40672, 94.8564, -19.3374, 98.2772, 161.612, 0.00106973, 128.932, 0.00797004, -50.6896, 0.00689622, 129.395
125, 2.07500, 3.81666, 8.08381, 95.234, -19.3097, 98.6786, 161.647, 0.0010717, 129.003, 0.00798728, -50.646, 0.00691131, 129.445
125, 2.08333, 3.83759, 7.76023, 95.6133, -19.283, 99.082, 161.682, 0.00107369, 129.074, 0.00800462, -50.6031, 0.0069265, 129.494
126, 2.09167, 3.85858, 7.43594, 95.9945, -19.2571, 99.4876, 161.715, 0.00107569, 129.144, 0.00802207, -50.5608, 0.00694179, 129.543
126, 2.10000, 3.87965, 7.11099, 96.3774, -19.2321, 99.8953, 161.748, 0.00107771, 129.214, 0.00803962, -50.5192, 0.00695719, 129.591
126, 2.10833, 3.90077, 6.78536, 96.762, -19.208, 100.305, 161.78, 0.00107975, 129.284, 0.00805727, -50.4782, 0.00697268, 129.638
127, 2.11667, 3.92197, 6.45898, 97.1485, -19.1847, 100.717, 161.811, 0.0010818, 129.353, 0.00807503, -50.4379, 0.00698828, 129.685
128, 2.12500, 3.94322, 6.13193, 97.5367, -19.1623, 101.131, 161.841, 0.00108388, 129.422, 0.0080929, -50.3982, 0.00700398, 129.731
128, 2.13333, 3.96454, 5.80417, 97.9268, -19.1408, 101.548, 161.87, 0.00108597, 129.491, 0.00811087, -50.3592, 0.00701978, 129.777
129, 2.14167, 3.98592, 5.47563, 98.3186, -19.1202, 101.966, 161.899, 0.00108807, 129.559, 0.00812895, -50.3208, 0.00703569, 129.822
129, 2.15000, 4.00735, 5.14641, 98.7123, -19.1004, 102.387, 161.927, 0.0010902, 129.626, 0.00814713, -50.2831, 0.0070517, 129.866
129, 2.15833, 4.02884, 4.81644, 99.1077, -19.0815, 102.81, 161.954, 0.00109234, 129.694, 0.00816542, -50.2461, 0.00706782, 129.909
130, 2.16667, 4.05039, 4.48569, 99.5051, -19.0635, 103.235, 161.98, 0.0010945, 129.761, 0.00818383, -50.2097, 0.00708404, 129.952
131, 2.17500, 4.07199, 4.15423, 99.9042, -19.0464, 103.663, 162.006, 0.00109668, 129.828, 0.00820233, -50.174, 0.00710037, 129.995
131, 2.18333, 4.09364, 3.82202, 100.305, -19.0301, 104.092, 162.03, 0.00109888, 129.894, 0.00822095, -50.1389, 0.00711681, 130.036
132, 2.19167, 4.11534, 3.48901, 100.708, -19.0147, 104.525, 162.054, 0.00110109, 129.96, 0.00823967, -50.1045, 0.00713335, 130.077
132, 2.20000, 4.13708, 3.15527, 101.113, -19.0001, 104.959, 162.077, 0.00110333, 130.025, 0.0082585, -50.0708, 0.00715001, 130.118
132, 2.20833, 4.15887, 2.82077, 101.519, -18.9865, 105.396, 162.099, 0.00110558, 130.09, 0.00827745, -50.0377, 0.00716677, 130.158
133, 2.21667, 4.18071, 2.48547, 101.927, -18.9737, 105.835, 162.12, 0.00110786, 130.155, 0.0082965, -50.0052, 0.00718364, 130.197
134, 2.22500, 4.20258, 2.14943, 102.338, -18.9617, 106.276, 162.141, 0.00111015, 130.22, 0.00831566, -49.9735, 0.00720062, 130.235
134, 2.23333, 4.22448, 1.81263, 102.75, -18.9506, 106.72, 162.161, 0.00111246, 130.284, 0.00833493, -49.9424, 0.00721771, 130.273
135, 2.24167, 4.24643, 1.47502, 103.164, -18.9404, 107.166, 162.18, 0.0011148, 130.347, 0.00835432, -49.9119, 0.00723492, 130.31
135, 2.25000, 4.2684, 1.13668, 103.579, -18.9311, 107.615, 162.198, 0.00111715, 130.41, 0.00837381, -49.8821, 0.00725223, 130.347
135, 2.25833, 4.2904, 0.797568, 103.997, -18.9226, 108.066, 162.215, 0.00111953, 130.473, 0.00839342, -49.853, 0.00726966, 130.383
136, 2.26667, 4.31244, 0.457656, 104.417, -18.915, 108.52, 162.231, 0.00112192, 130.536, 0.00841314, -49.8246, 0.0072872, 130.418
137, 2.27500, 4.33449, 0.117024, 104.838, -18.9082, 108.976, 162.247, 0.00112434, 130.598, 0.00843297, -49.7968, 0.00730486, 130.452
137, 2.28333, 4.35656, -0.224364, 105.262, -18.9023, 109.434, 162.262, 0.00112678, 130.659, 0.00845292, -49.7696, 0.00732263, 130.486
138, 2.29167, 4.37866, -0.566544, 105.687, -18.8972, 109.895, 162.276, 0.00112924, 130.72, 0.00847298, -49.7432, 0.00734052, 130.52
138, 2.30000, 4.40076, -0.909428, 106.114, -18.8931, 110.359, 162.289, 0.00113172, 130.781, 0.00849315, -49.7174, 0.00735852, 130.552
138, 2.30833, 4.42288, -1.25305, 106.543, -18.8897, 110.825, 162.301, 0.00113422, 130.841, 0.00851343, -49.6923, 0.00737665, 130.584
139, 2.31667, 4.44501, -1.59744, 106.974, -18.8873, 111.294, 162.313, 0.00113675, 130.901, 0.00853384, -49.6678, 0.00739489, 130.615
140, 2.32500, 4.46713, -1.94251, 107.407, -18.8856, 111.765, 162.324, 0.0011393, 130.961, 0.00855435, -49.644, 0.00741324, 130.646
140, 2.33333, 4.48927, -2.28828, 107.842, -18.8849, 112.239, 162.334, 0.00114187, 131.02, 0.00857498, -49.6209, 0.00743172, 130.676
141, 2.34167, 4.5114, -2.6348, 108.279, -18.885, 112.715, 162.343, 0.00114447, 131.078, 0.00859573, -49.5984, 0.00745032, 130.705
141, 2.35000, 4.53352, -2.98196, 108.718, -18.8859, 113.195, 162.351, 0.00114709, 131.136, 0.0086166, -49.5766, 0.00746904, 130.734
141, 2.35833, 4.55563, -3.32978, 109.158, -18.8877, 113.676, 162.358, 0.00114973, 131.194, 0.00863758, -49.5555, 0.00748788, 130.762
142, 2.36667, 4.57773, -3.6783, 109.601, -18.8903, 114.161, 162.365, 0.0011524, 131.251, 0.00865868, -49.5351, 0.00750685, 130.789
143, 2.37500, 4.59982, -4.02742, 110.046, -18.8938, 114.648, 162.371, 0.00115509, 131.308, 0.00867989, -49.5153, 0.00752594, 130.815
143, 2.38333, 4.62188, -4.37715, 110.492, -18.8981, 115.138, 162.375, 0.00115781, 131.364, 0.00870123, -49.4962, 0.00754515, 130.841
144, 2.39167, 4.64392, -4.72753, 110.941, -18.9033, 115.631, 162.379, 0.00116055, 131.419, 0.00872268, -49.4778, 0.00756449, 130.866
144, 2.40000, 4.66593, -5.07844, 111.391, -18.9093, 116.127, 162.383, 0.00116332, 131.474, 0.00874425, -49.4601, 0.00758395, 130.891
144, 2.40833, 4.6879, -5.4299, 111.844, -18.9162, 116.625, 162.385, 0.00116612, 131.529, 0.00876595, -49.443, 0.00760354, 130.915
145, 2.41667, 4.70984, -5.78194, 112.298, -18.9239, 117.127, 162.386, 0.00116894, 131.583, 0.00878776, -49.4266, 0.00762326, 130.938
146, 2.42500, 4.73174, -6.13443, 112.755, -18.9324, 117.631, 162.387, 0.00117178, 131.636, 0.00880969, -49.4109, 0.0076431, 130.96
146, 2.43333, 4.75359, -6.4874, 113.213, -18.9418, 118.138, 162.387, 0.00117466, 131.689, 0.00883175, -49.3959, 0.00766308, 130.982
147, 2.44167, 4.7754, -6.84086, 113.674, -18.952, 118.648, 162.386, 0.00117756, 131.742, 0.00885392, -49.3815, 0.00768319, 131.003
147, 2.45000, 4.79715, -7.1947, 114.136, -18.963, 119.161, 162.384, 0.00118048, 131.793, 0.00887622, -49.3678, 0.00770342, 131.023
147, 2.45833, 4.81884, -7.54892, 114.601, -18.9749, 119.676, 162.381, 0.00118344, 131.844, 0.00889864, -49.3548, 0.00772379, 131.042
148, 2.46667, 4.84047, -7.90352, 115.067, -18.9876, 120.195, 162.377, 0.00118642, 131.895, 0.00892119, -49.3425, 0.0077443, 131.061
149, 2.47500, 4.86203, -8.2584, 115.536, -19.0011, 120.717, 162.372, 0.00118943, 131.945, 0.00894385, -49.3309, 0.00776493, 131.079
149, 2.48333, 4.88352, -8.61355, 116.007, -19.0154, 121.242, 162.367, 0.00119247, 131.994, 0.00896664, -49.32, 0.0077857, 131.097
150, 2.49167, 4.90494, -8.96897, 116.479, -19.0306, 121.77, 162.36, 0.00119554, 132.042, 0.00898956, -49.3097, 0.00780661, 131.113
150, 2.50000, 4.92627, -9.32455, 116.954, -19.0466, 122.301, 162.353, 0.00119864, 132.09, 0.0090126, -49.3001, 0.00782765, 131.129
150, 2.50833, 4.94752, -9.68027, 117.431, -19.0634, 122.835, 162.345, 0.00120176, 132.137, 0.00903577, -49.2912, 0.00784882, 131.144
151, 2.51667, 4.96869, -10.0361, 117.91, -19.081, 123.372, 162.336, 0.00120492, 132.184, 0.00905906, -49.283, 0.00787014, 131.159
152, 2.52500, 4.98976, -10.392, 118.39, -19.0994, 123.912, 162.325, 0.00120811, 132.229, 0.00908248, -49.2755, 0.00789159, 131.172
152, 2.53333, 5.01073, -10.7479, 118.873, -19.1187, 124.455, 162.314, 0.00121132, 132.274, 0.00910603, -49.2687, 0.00791319, 131.185
153, 2.54167, 5.0316, -11.1037, 119.358, -19.1387, 125.002, 162.303, 0.00121457, 132.318, 0.00912971, -49.2625, 0.00793492, 131.197
153, 2.55000, 5.05237, -11.4595, 119.845, -19.1596, 125.552, 162.29, 0.00121785, 132.362, 0.00915351, -49.2571, 0.0079568, 131.208
153, 2.55833, 5.07303, -11.815, 120.335, -19.1812, 126.105, 162.276, 0.00122115, 132.404, 0.00917744, -49.2523, 0.00797881, 131.219
154, 2.56667, 5.09358, -12.1704, 120.826, -19.2037, 126.661, 162.261, 0.00122449, 132.446, 0.00920151, -49.2483, 0.00800098, 131.229
155, 2.57500, 5.114, -12.5255, 121.319, -19.2269, 127.221, 162.245, 0.00122786, 132.487, 0.0092257, -49.2449, 0.00802328, 131.238
155, 2.58333, 5.13431, -12.8802, 121.815, -19.251, 127.784, 162.229, 0.00123126, 132.527, 0.00925003, -49.2422, 0.00804573, 131.246
156, 2.59167, 5.1545, -13.2346, 122.313, -19.2758, 128.35, 162.211, 0.0012347, 132.566, 0.00927449, -49.2402, 0.00806833, 131.253
156, 2.60000, 5.17456, -13.5884, 122.813, -19.3014, 128.92, 162.193, 0.00123816, 132.604, 0.00929908, -49.2389, 0.00809107, 131.26
156, 2.60833, 5.19448, -13.9417, 123.315, -19.3278, 129.493, 162.173, 0.00124166, 132.642, 0.0093238, -49.2383, 0.00811395, 131.265
157, 2.61667, 5.21428, -14.2944, 123.819, -19.355, 130.069, 162.152, 0.00124519, 132.678, 0.00934866, -49.2384, 0.00813699, 131.27
158, 2.62500, 5.23394, -14.6464, 124.325, -19.3829, 130.649, 162.131, 0.00124875, 132.713, 0.00937365, -49.2392, 0.00816017, 131.275
158, 2.63333, 5.25346, -14.9977, 124.834, -19.4117, 131.232, 162.108, 0.00125234, 132.748, 0.00939878, -49.2407, 0.00818351, 131.278
159, 2.64167, 5.27284, -15.3481, 125.344, -19.4412, 131.819, 162.085, 0.00125597, 132.781, 0.00942405, -49.2429, 0.008207, 131.28
159, 2.65000, 5.29207, -15.6976, 125.857, -19.4714, 132.409, 162.06, 0.00125963, 132.814, 0.00944945, -49.2458, 0.00823063, 131.282
159, 2.65833, 5.31116, -16.0461, 126.373, -19.5025, 133.003, 162.034, 0.00126332, 132.845, 0.00947499, -49.2494, 0.00825442, 131.283
160, 2.66667, 5.33011, -16.3936, 126.89, -19.5343, 133.6, 162.008, 0.00126704, 132.875, 0.00950067, -49.2537, 0.00827836, 131.283
161, 2.67500, 5.34891, -16.7399, 127.41, -19.5668, 134.201, 161.98, 0.0012708, 132.904, 0.00952649, -49.2587, 0.00830245, 131.282
161, 2.68333, 5.36756, -17.0849, 127.932, -19.6001, 134.805, 161.951, 0.00127459, 132.932, 0.00955244, -49.2645, 0.0083267, 131.28
162, 2.69167, 5.38606, -17.4286, 128.456, -19.6342, 135.413, 161.922, 0.00127841, 132.959, 0.00957855, -49.2709, 0.0083511, 131.277
162, 2.70000, 5.40441, -17.7709, 128.982, -19.669, 136.025, 161.891, 0.00128227, 132.985, 0.00960479, -49.278, 0.00837566, 131.274
162, 2.70833, 5.42261, -18.1117, 129.511, -19.7046, 136.64, 161.859, 0.00128616, 133.009, 0.00963117, -49.2859, 0.00840037, 131.269
163, 2.71667, 5.44066, -18.4509, 130.042, -19.7409, 137.259, 161.826, 0.00129008, 133.032, 0.0096577, -49.2944, 0.00842525, 131.264
164, 2.72500, 5.45857, -18.7884, 130.576, -19.7779, 137.881, 161.792, 0.00129403, 133.054, 0.00968438, -49.3037, 0.00845027, 131.258
164, 2.73333, 5.47633, -19.1242, 131.112, -19.8157, 138.507, 161.756, 0.00129801, 133.075, 0.0097112, -49.3137, 0.00847546, 131.25
165, 2.74167, 5.49395, -19.4581, 131.65, -19.8542, 139.137, 161.72, 0.00130203, 133.094, 0.00973817, -49.3244, 0.0085008, 131.242
165, 2.75000, 5.51142, -19.79, 132.191, -19.8935, 139.771, 161.683, 0.00130608, 133.113, 0.00976528, -49.3358, 0.00852631, 131.233
165, 2.75833, 5.52876, -20.1199, 132.734, -19.9335, 140.408, 161.644, 0.00131016, 133.129, 0.00979255, -49.3479, 0.00855197, 131.223
166, 2.76667, 5.54596, -20.4476, 133.279, -19.9742, 141.049, 161.604, 0.00131428, 133.145, 0.00981996, -49.3608, 0.0085778, 131.213
167, 2.77500, 5.56303, -20.7731, 133.827, -20.0156, 141.694, 161.564, 0.00131842, 133.159, 0.00984753, -49.3743, 0.00860378, 131.201
167, 2.78333, 5.57998, -21.0963, 134.378, -20.0578, 142.342, 161.522, 0.0013226, 133.172, 0.00987525, -49.3887, 0.00862993, 131.188
168, 2.79167, 5.5968, -21.4171, 134.931, -20.1007, 142.995, 161.478, 0.0013268, 133.183, 0.00990312, -49.4037, 0.00865624, 131.174
168, 2.80000, 5.61351, -21.7353, 135.486, -20.1443, 143.651, 161.434, 0.00133104, 133.193, 0.00993115, -49.4195, 0.00868271, 131.16
168, 2.80833, 5.6301, -22.051, 136.045, -20.1886, 144.311, 161.389, 0.00133531, 133.202, 0.00995933, -49.436, 0.00870935, 131.144
169, 2.81667, 5.64659, -22.364, 136.605, -20.2337, 144.975, 161.342, 0.00133961, 133.209, 0.00998768, -49.4532, 0.00873615, 131.128
170, 2.82500, 5.66299, -22.6742, 137.169, -20.2794, 145.642, 161.294, 0.00134394, 133.215, 0.0100162, -49.4712, 0.00876311, 131.11
170, 2.83333, 5.6793, -22.9816, 137.735, -20.3259, 146.314, 161.245, 0.00134829, 133.219, 0.0100448, -49.4899, 0.00879023, 131.092
171, 2.84167, 5.69552, -23.2861, 138.304, -20.3731, 146.989, 161.195, 0.00135268, 133.222, 0.0100737, -49.5094, 0.00881753, 131.072
171, 2.85000, 5.71168, -23.5876, 138.875, -20.4211, 147.668, 161.144, 0.0013571, 133.223, 0.0101026, -49.5296, 0.00884498, 131.052
171, 2.85833, 5.72777, -23.8859, 139.449, -20.4697, 148.351, 161.091, 0.00136154, 133.223, 0.0101318, -49.5506, 0.00887261, 131.03
172, 2.86667, 5.74382, -24.1812, 140.026, -20.5191, 149.038, 161.037, 0.00136601, 133.221, 0.0101611, -49.5723, 0.0089004, 131.007
173, 2.87500, 5.75982, -24.4732, 140.606, -20.5692, 149.729, 160.982, 0.00137051, 133.218, 0.0101906, -49.5948, 0.00892835, 130.984
173, 2.88333, 5.77579, -24.7619, 141.188, -20.62, 150.424, 160.926, 0.00137503, 133.213, 0.0102202, -49.6181, 0.00895647, 130.959
174, 2.89167, 5.79175, -25.0473, 141.774, -20.6716, 151.122, 160.868, 0.00137958, 133.207, 0.01025, -49.6421, 0.00898476, 130.934
174, 2.90000, 5.80771, -25.3292, 142.362, -20.7238, 151.825, 160.809, 0.00138416, 133.199, 0.01028, -49.6669, 0.00901322, 130.907
174, 2.90833, 5.82367, -25.6077, 142.953, -20.7768, 152.531, 160.749, 0.00138876, 133.189, 0.0103102, -49.6925, 0.00904184, 130.879
175, 2.91667, 5.83965, -25.8827, 143.547, -20.8306, 153.241, 160.688, 0.00139339, 133.178, 0.0103405, -49.7188, 0.00907063, 130.85
176, 2.92500, 5.85568, -26.1542, 144.145, -20.885, 153.956, 160.625, 0.00139804, 133.166, 0.010371, -49.746, 0.00909959, 130.821
176, 2.93333, 5.87175, -26.422, 144.745, -20.9402, 154.674, 160.562, 0.00140271, 133.152, 0.0104017, -49.7739, 0.00912871, 130.79
177, 2.94167, 5.88789, -26.6863, 145.348, -20.9962, 155.396, 160.496, 0.00140741, 133.136, 0.0104325, -49.8027, 0.00915801, 130.758
177, 2.95000, 5.90411, -26.9469, 145.955, -21.0529, 156.122, 160.43, 0.00141213, 133.119, 0.0104636, -49.8322, 0.00918747, 130.725
177, 2.95833, 5.92044, -27.2038, 146.564, -21.1103, 156.852, 160.362, 0.00141687, 133.1, 0.0104948, -49.8626, 0.00921711, 130.691
178, 2.96667, 5.93688, -27.4571, 147.177, -21.1685, 157.585, 160.293, 0.00142164, 133.08, 0.0105262, -49.8938, 0.00924691, 130.656
179, 2.97500, 5.95345, -27.7067, 147.793, -21.2275, 158.323, 160.223, 0.00142642, 133.058, 0.0105578, -49.9258, 0.00927688, 130.619
179, 2.98333, 5.97017, -27.9526, 148.412, -21.2872, 159.065, 160.152, 0.00143122, 133.035, 0.0105895, -49.9586, 0.00930702, 130.582
180, 2.99167, 5.98706, -28.1948, 149.035, -21.3477, 159.811, 160.079, 0.00143605, 133.01, 0.0106215, -49.9923, 0.00933733, 130.543
180, 3.00000, 6.00414, -28.4334, 149.66, -21.409, 160.56, 160.005, 0.00144089, 132.983, 0.0106536, -50.0268, 0.00936781, 130.504
180, 3.00833, 6.02142, -28.6683, 150.29, -21.4711, 161.314, 159.929, 0.00144575, 132.955, 0.010686, -50.0621, 0.00939846, 130.463
181, 3.01667, 6.03893, -28.8996, 150.922, -21.534, 162.071, 159.853, 0.00145063, 132.926, 0.0107185, -50.0984, 0.00942929, 130.421
182, 3.02500, 6.05668, -29.1273, 151.558, -21.5977, 162.832, 159.774, 0.00145552, 132.895, 0.0107512, -50.1355, 0.00946028, 130.378
182, 3.03333, 6.07469, -29.3515, 152.198, -21.6622, 163.598, 159.695, 0.00146044, 132.862, 0.0107841, -50.1734, 0.00949144, 130.334
183, 3.04167, 6.09299, -29.5723, 152.841, -21.7275, 164.367, 159.614, 0.00146537, 132.828, 0.0108172, -50.2122, 0.00952278, 130.289
183, 3.05000, 6.11159, -29.7896, 153.487, -21.7936, 165.14, 159.532, 0.00147031, 132.793, 0.0108505, -50.252, 0.00955428, 130.243
183, 3.05833, 6.13051, -30.0035, 154.137, -21.8606, 165.917, 159.449, 0.00147527, 132.756, 0.010884, -50.2926, 0.00958595, 130.196
184, 3.06667, 6.14977, -30.2142, 154.791, -21.9284, 166.699, 159.364, 0.00148025, 132.718, 0.0109177, -50.3341, 0.0096178, 130.147
185, 3.07500, 6.16939, -30.4217, 155.449, -21.9971, 167.484, 159.278, 0.00148523, 132.678, 0.0109516, -50.3765, 0.00964982, 130.097
185, 3.08333, 6.18939, -30.6261, 156.11, -22.0666, 168.273, 159.191, 0.00149024, 132.637, 0.0109857, -50.4199, 0.00968201, 130.046
186, 3.09167, 6.20979, -30.8274, 156.775, -22.1371, 169.066, 159.102, 0.00149525, 132.595, 0.01102, -50.4642, 0.00971438, 129.994
186, 3.10000, 6.23061, -31.0259, 157.444, -22.2084, 169.863, 159.012, 0.00150028, 132.551, 0.0110545, -50.5094, 0.00974691, 129.941
186, 3.10833, 6.25187, -31.2215, 158.116, -22.2806, 170.664, 158.921, 0.00150532, 132.506, 0.0110892, -50.5556, 0.00977961, 129.887
187, 3.11667, 6.27359, -31.4145, 158.792, -22.3537, 171.468, 158.829, 0.00151037, 132.459, 0.0111241, -50.6027, 0.0098125, 129.831
188, 3.12500, 6.29579, -31.6048, 159.473, -22.4278, 172.277, 158.735, 0.00151544, 132.411, 0.0111592, -50.6508, 0.00984555, 129.774
188, 3.13333, 6.31848, -31.7928, 160.157, -22.5028, 173.09, 158.639, 0.00152051, 132.362, 0.0111945, -50.6999, 0.00987877, 129.717
189, 3.14167, 6.34169, -31.9785, 160.845, -22.5787, 173.907, 158.543, 0.0015256, 132.312, 0.0112301, -50.7499, 0.00991217, 129.658
189, 3.15000, 6.36543, -32.162, 161.537, -22.6556, 174.727, 158.445, 0.0015307, 132.26, 0.0112658, -50.801, 0.00994575, 129.597
189, 3.15833, 6.38972, -32.3434, 162.233, -22.7334, 175.552, 158.345, 0.00153581, 132.207, 0.0113018, -50.8531, 0.00997949, 129.536
190, 3.16667, 6.41458, -32.5231, 162.933, -22.8123, 176.381, 158.245, 0.00154092, 132.153, 0.0113379, -50.9061, 0.0100134, 129.473
191, 3.17500, 6.44002, -32.701, 163.637, -22.8921, 177.214, 158.143, 0.00154605, 132.097, 0.0113743, -50.9602, 0.0100475, 129.409
191, 3.18333, 6.46606, -32.8773, 164.346, -22.973, 178.05, 158.039, 0.00155119, 132.041, 0.0114109, -51.0154, 0.0100818, 129.344
192, 3.19167, 6.49273, -33.0523, 165.058, -23.0548, 178.891, 157.934, 0.00155633, 131.983, 0.0114478, -51.0716, 0.0101162, 129.278
192, 3.20000, 6.52002, -33.226, 165.775, -23.1377, 179.735, 157.828, 0.00156149, 131.924, 0.0114848, -51.1288, 0.0101508, 129.21
192, 3.20833, 6.54797, -33.3987, 166.495, -23.2217, 180.584, 157.721, 0.00156665, 131.864, 0.0115221, -51.1871, 0.0101856, 129.142
193, 3.21667, 6.57658, -33.5705, 167.22, -23.3067, 181.437, 157.612, 0.00157182, 131.803, 0.0115595, -51.2465, 0.0102206, 129.072
194, 3.22500, 6.60586, -33.7416, 167.95, -23.3928, 182.293, 157.502, 0.00157701, 131.741, 0.0115972, -51.3069, 0.0102557, 129.001
194, 3.23333, 6.63584, -33.9121, 168.683, -23.4799, 183.154, 157.391, 0.0015822, 131.678, 0.0116351, -51.3685, 0.0102911, 128.928
195, 3.24167, 6.66652, -34.0824, 169.421, -23.5682, 184.019, 157.278, 0.00158739, 131.613, 0.0116733, -51.4312, 0.0103266, 128.855
195, 3.25000, 6.69792, -34.2524, 170.163, -23.6576, 184.888, 157.164, 0.0015926, 131.548, 0.0117117, -51.495, 0.0103622, 128.78
195, 3.25833, 6.73004, -34.4224, 170.909, -23.7481, 185.76, 157.048, 0.00159782, 131.481, 0.0117502, -51.5599, 0.0103981, 128.704
196, 3.26667, 6.76291, -34.5926, 171.66, -23.8398, 186.637, 156.931, 0.00160304, 131.414, 0.011789, -51.6259, 0.0104341, 128.626
197, 3.27500, 6.79652, -34.7631, 172.415, -23.9326, 187.518, 156.813, 0.00160827, 131.346, 0.0118281, -51.6931, 0.0104703, 128.547
197, 3.28333, 6.83089, -34.9342, 173.175, -24.0266, 188.403, 156.693, 0.00161351, 131.276, 0.0118673, -51.7615, 0.0105067, 128.467
198, 3.29167, 6.86604, -35.1059, 173.939, -24.1217, 189.292, 156.572, 0.00161876, 131.206, 0.0119068, -51.8311, 0.0105433, 128.386
198, 3.30000, 6.90196, -35.2786, 174.707, -24.2181, 190.185, 156.45, 0.00162402, 131.135, 0.0119465, -51.9018, 0.01058, 128.304
198, 3.30833, 6.93867, -35.4523, 175.48, -24.3156, 191.082, 156.326, 0.00162928, 131.063, 0.0119864, -51.9737, 0.0106169, 128.22
199, 3.31667, 6.97617, -35.6272, 176.257, -24.4144, 191.984, 156.201, 0.00163456, 130.99, 0.0120266, -52.0468, 0.010654, 128.135
200, 3.32500, 7.01448, -35.8034, 177.039, -24.5145, 192.889, 156.074, 0.00163984, 130.916, 0.012067, -52.1212, 0.0106913, 128.048
200, 3.33333, 7.05359, -35.9813, 177.825, -24.6157, 193.798, 155.946, 0.00164513, 130.841, 0.0121076, -52.1967, 0.0107288, 127.961
201, 3.34167, 7.09351, -36.1608, 178.616, -24.7183, 194.712, 155.817, 0.00165043, 130.765, 0.0121485, -52.2735, 0.0107664, 127.872
201, 3.35000, 7.13426, -36.3422, 179.411, -24.8221, 195.63, 155.686, 0.00165574, 130.689, 0.0121895, -52.3516, 0.0108042, 127.781
201, 3.35833, 7.17582, -36.5257, 180.211, -24.9272, 196.551, 155.554, 0.00166106, 130.612, 0.0122308, -52.4309, 0.0108422, 127.69
202, 3.36667, 7.21822, -36.7113, 181.016, -25.0336, 197.478, 155.42, 0.00166639, 130.533, 0.0122723, -52.5114, 0.0108804, 127.597
203, 3.37500, 7.26145, -36.8992, 181.824, -25.1413, 198.408, 155.285, 0.00167173, 130.454, 0.0123141, -52.5933, 0.0109187, 127.502
203, 3.38333, 7.30551, -37.0896, 182.638, -25.2503, 199.342, 155.149, 0.00167708, 130.375, 0.0123561, -52.6764, 0.0109572, 127.407
204, 3.39167, 7.35041, -37.2826, 183.456, -25.3607, 200.28, 155.011, 0.00168244, 130.294, 0.0123983, -52.7609, 0.010996, 127.31
204, 3.40000, 7.39615, -37.4783, 184.278, -25.4724, 201.223, 154.872, 0.00168781, 130.213, 0.0124407, -52.8467, 0.0110348, 127.211
204, 3.40833, 7.44273, -37.6769, 185.106, -25.5855, 202.17, 154.731, 0.0016932, 130.131, 0.0124834, -52.9337, 0.0110739, 127.111
205, 3.41667, 7.49016, -37.8785, 185.937, -25.7, 203.121, 154.589, 0.00169859, 130.048, 0.0125263, -53.0222, 0.0111132, 127.01
206, 3.42500, 7.53842, -38.0832, 186.774, -25.8159, 204.076, 154.445, 0.00170399, 129.964, 0.0125694, -53.1119, 0.0111526, 126.908
206, 3.43333, 7.58754, -38.2911, 187.614, -25.9331, 205.035, 154.3, 0.00170941, 129.879, 0.0126127, -53.203, 0.0111922, 126.804
207, 3.44167, 7.6375, -38.5024, 188.46, -26.0518, 205.998, 154.154, 0.00171484, 129.794, 0.0126563, -53.2955, 0.011232, 126.698
207, 3.45000, 7.6883, -38.717, 189.31, -26.1719, 206.966, 154.006, 0.00172028, 129.708, 0.0127001, -53.3894, 0.011272, 126.591
207, 3.45833, 7.73994, -38.9353, 190.165, -26.2935, 207.938, 153.856, 0.00172573, 129.622, 0.0127441, -53.4846, 0.0113121, 126.483
208, 3.46667, 7.79244, -39.1572, 191.024, -26.4165, 208.914, 153.705, 0.00173119, 129.534, 0.0127884, -53.5813, 0.0113524, 126.373
209, 3.47500, 7.84576, -39.3828, 191.888, -26.541, 209.894, 153.553, 0.00173667, 129.446, 0.0128329, -53.6794, 0.0113929, 126.262
209, 3.48333, 7.89993, -39.6123, 192.756, -26.6669, 210.878, 153.399, 0.00174216, 129.357, 0.0128776, -53.7788, 0.0114336, 126.15
210, 3.49167, 7.95495, -39.8456, 193.629, -26.7943, 211.867, 153.244, 0.00174767, 129.268, 0.0129225, -53.8798, 0.0114745, 126.036
210, 3.50000, 8.01079, -40.083, 194.506, -26.9233, 212.86, 153.087, 0.00175319, 129.177, 0.0129676, -53.9821, 0.0115155, 125.92
210, 3.50833, 8.06746, -40.3244, 195.389, -27.0537, 213.856, 152.928, 0.00175872, 129.086, 0.013013, -54.0859, 0.0115567, 125.803
211, 3.51667, 8.12498, -40.57, 196.275, -27.1857, 214.858, 152.768, 0.00176427, 128.994, 0.0130586, -54.1912, 0.0115981, 125.685
212, 3.52500, 8.18331, -40.8197, 197.166, -27.3192, 215.863, 152.607, 0.00176984, 128.902, 0.0131044, -54.2979, 0.0116397, 125.565
212, 3.53333, 8.24247, -41.0737, 198.062, -27.4542, 216.872, 152.444, 0.00177542, 128.809, 0.0131505, -54.4062, 0.0116814, 125.444
213, 3.54167, 8.30245, -41.332, 198.962, -27.5908, 217.886, 152.279, 0.00178101, 128.715, 0.0131967, -54.5159, 0.0117233, 125.321
213, 3.55000, 8.36325, -41.5947, 199.867, -27.729, 218.903, 152.113, 0.00178663, 128.62, 0.0132432, -54.6271, 0.0117654, 125.196
213, 3.55833, 8.42486, -41.8618, 200.776, -27.8687, 219.925, 151.945, 0.00179226, 128.525, 0.0132899, -54.7399, 0.0118077, 125.07
214, 3.56667, 8.48729, -42.1334, 201.69, -28.01, 220.951, 151.776, 0.0017979, 128.428, 0.0133368, -54.8541, 0.0118501, 124.942
215, 3.57500, 8.55052, -42.4095, 202.608, -28.153, 221.981, 151.605, 0.00180356, 128.332, 0.0133839, -54.9699, 0.0118927, 124.813
215, 3.58333, 8.61455, -42.6902, 203.53, -28.2975, 223.015, 151.433, 0.00180924, 128.234, 0.0134312, -55.0873, 0.0119355, 124.683
216, 3.59167, 8.67938, -42.9755, 204.457, -28.4437, 224.054, 151.259, 0.00181494, 128.136, 0.0134788, -55.2062, 0.0119784, 124.55
216, 3.60000, 8.745, -43.2654, 205.389, -28.5915, 225.096, 151.083, 0.00182066, 128.037, 0.0135265, -55.3267, 0.0120215, 124.417
216, 3.60833, 8.81141, -43.5599, 206.325, -28.7409, 226.142, 150.906, 0.00182639, 127.937, 0.0135745, -55.4488, 0.0120648, 124.281
217, 3.61667, 8.8786, -43.8591, 207.265, -28.892, 227.193, 150.727, 0.00183215, 127.836, 0.0136226, -55.5725, 0.0121083, 124.144
217, 3.62500, 8.94657, -44.1631, 208.209, -29.0448, 228.247, 150.546, 0.00183792, 127.735, 0.013671, -55.6977, 0.0121519, 124.005
218, 3.63333, 9.01531, -44.4717, 209.158, -29.1992, 229.305, 150.364, 0.00184371, 127.633, 0.0137196, -55.8246, 0.0121956, 123.865
219, 3.64167, 9.08483, -44.7852, 210.111, -29.3553, 230.367, 150.18, 0.00184953, 127.53, 0.0137684, -55.9531, 0.0122395, 123.723
219, 3.65000, 9.1551, -45.1033, 211.068, -29.5131, 231.433, 149.994, 0.00185536, 127.426, 0.0138173, -56.0832, 0.0122836, 123.579
219, 3.65833, 9.22613, -45.4263, 212.03, -29.6726, 232.503, 149.807, 0.00186121, 127.322, 0.0138665, -56.215, 0.0123279, 123.434
220, 3.66667, 9.29792, -45.7541, 212.996, -29.8339, 233.577, 149.618, 0.00186709, 127.217, 0.0139159, -56.3484, 0.0123723, 123.287
221, 3.67500, 9.37045, -46.0867, 213.966, -29.9968, 234.655, 149.427, 0.00187299, 127.111, 0.0139655, -56.4835, 0.0124168, 123.139
221, 3.68333, 9.44371, -46.4241, 214.94, -30.1615, 235.736, 149.235, 0.0018789, 127.004, 0.0140152, -56.6202, 0.0124615, 122.988
222, 3.69167, 9.51772, -46.7664, 215.918, -30.328, 236.822, 149.041, 0.00188484, 126.896, 0.0140652, -56.7587, 0.0125063, 122.836
222, 3.70000, 9.59245, -47.1134, 216.9, -30.4962, 237.911, 148.845, 0.0018908, 126.788, 0.0141153, -56.8988, 0.0125513, 122.683
222, 3.70833, 9.6679, -47.4654, 217.886, -30.6661, 239.003, 148.647, 0.00189679, 126.679, 0.0141656, -57.0407, 0.0125965, 122.527
223, 3.71667, 9.74408, -47.8222, 218.877, -30.8379, 240.099, 148.448, 0.00190279, 126.569, 0.0142161, -57.1842, 0.0126417, 122.37
224, 3.72500, 9.82096, -48.1838, 219.871, -31.0114, 241.199, 148.247, 0.00190882, 126.458, 0.0142668, -57.3295, 0.0126871, 122.211
224, 3.73333, 9.89854, -48.5502, 220.869, -31.1867, 242.302, 148.044, 0.00191488, 126.346, 0.0143176, -57.4765, 0.0127327, 122.05
225, 3.74167, 9.97683, -48.9216, 221.871, -31.3638, 243.409, 147.839, 0.00192095, 126.234, 0.0143686, -57.6253, 0.0127784, 121.888
225, 3.75000, 10.0558, -49.2978, 222.877, -31.5428, 244.519, 147.633, 0.00192705, 126.12, 0.0144198, -57.7758, 0.0128242, 121.724
225, 3.75833, 10.1355, -49.6788, 223.886, -31.7235, 245.633, 147.425, 0.00193318, 126.006, 0.0144712, -57.928, 0.0128701, 121.558
226, 3.76667, 10.2158, -50.0647, 224.899, -31.9061, 246.75, 147.215, 0.00193932, 125.891, 0.0145227, -58.0821, 0.0129162, 121.39
227, 3.77500, 10.2968, -50.4553, 225.916, -32.0905, 247.87, 147.003, 0.0019455, 125.775, 0.0145743, -58.2379, 0.0129624, 121.22
227, 3.78333, 10.3785, -50.8509, 226.936, -32.2768, 248.993, 146.789, 0.00195169, 125.658, 0.0146262, -58.3955, 0.0130087, 121.049
228, 3.79167, 10.4608, -51.2513, 227.96, -32.4649, 250.119, 146.573, 0.00195792, 125.54, 0.0146781, -58.555, 0.0130551, 120.876
228, 3.80000, 10.5438, -51.6564, 228.988, -32.6549, 251.249, 146.356, 0.00196416, 125.421, 0.0147303, -58.7162, 0.0131016, 120.701
228, 3.80833, 10.6274, -52.0664, 230.019, -32.8468, 252.381, 146.137, 0.00197044, 125.301, 0.0147825, -58.8793, 0.0131483, 120.524
229, 3.81667, 10.7116, -52.4813, 231.053, -33.0405, 253.516, 145.915, 0.00197674, 125.18, 0.0148349, -59.0442, 0.013195, 120.345
230, 3.82500, 10.7965, -52.9008, 232.09, -33.2362, 254.654, 145.692, 0.00198306, 125.058, 0.0148875, -59.2109, 0.0132419, 120.164
230, 3.83333, 10.882, -53.3252, 233.131, -33.4337, 255.795, 145.467, 0.00198941, 124.936, 0.0149402, -59.3794, 0.0132888, 119.982
231, 3.84167, 10.9681, -53.7545, 234.175, -33.6332, 256.938, 145.241, 0.00199579, 124.812, 0.014993, -59.5499, 0.0133358, 119.797
231, 3.85000, 11.0548, -54.1884, 235.222, -33.8346, 258.084, 145.012, 0.00200219, 124.687, 0.0150459, -59.7222, 0.0133829, 119.611
231, 3.85833, 11.1421, -54.6271, 236.271, -34.0379, 259.233, 144.781, 0.00200862, 124.561, 0.0150989, -59.8963, 0.0134301, 119.423
232, 3.86667, 11.23, -55.0706, 237.324, -34.2431, 260.383, 144.549, 0.00201508, 124.435, 0.0151521, -60.0724, 0.0134774, 119.233
233, 3.87500, 11.3184, -55.5188, 238.38, -34.4503, 261.536, 144.314, 0.00202156, 124.307, 0.0152053, -60.2503, 0.0135247, 119.041
233, 3.88333, 11.4074, -55.9718, 239.438, -34.6594, 262.691, 144.077, 0.00202807, 124.178, 0.0152587, -60.4302, 0.0135721, 118.847
234, 3.89167, 11.497, -56.4295, 240.499, -34.8705, 263.849, 143.839, 0.00203461, 124.048, 0.0153121, -60.6119, 0.0136196, 118.651
234, 3.90000, 11.5871, -56.8919, 241.563, -35.0835, 265.008, 143.599, 0.00204118, 123.917, 0.0153657, -60.7956, 0.0136671, 118.453
234, 3.90833, 11.6778, -57.359, 242.629, -35.2985, 266.169, 143.356, 0.00204777, 123.785, 0.0154193, -60.9812, 0.0137147, 118.253
235, 3.91667, 11.769, -57.8308, 243.697, -35.5155, 267.331, 143.112, 0.00205439, 123.652, 0.015473, -61.1687, 0.0137623, 118.051
236, 3.92500, 11.8607, -58.3073, 244.768, -35.7345, 268.496, 142.866, 0.00206104, 123.518, 0.0155268, -61.3581, 0.0138099, 117.847
236, 3.93333, 11.9529, -58.7884, 245.841, -35.9554, 269.661, 142.617, 0.00206771, 123.382, 0.0155806, -61.5495, 0.0138576, 117.642
237, 3.94167, 12.0456, -59.2743, 246.916, -36.1784, 270.828, 142.367, 0.00207441, 123.245, 0.0156345, -61.7429, 0.0139053, 117.434
237, 3.95000, 12.1388, -59.7647, 247.993, -36.4033, 271.997, 142.115, 0.00208114, 123.108, 0.0156885, -61.9382, 0.0139531, 117.224
237, 3.95833, 12.2324, -60.2598, 249.072, -36.6303, 273.166, 141.86, 0.0020879, 122.969, 0.0157425, -62.1354, 0.0140008, 117.012
238, 3.96667, 12.3265, -60.7595, 250.152, -36.8593, 274.337, 141.604, 0.00209469, 122.829, 0.0157965, -62.3347, 0.0140486, 116.799
238, 3.97500, 12.4211, -61.2638, 251.235, -37.0903, 275.508, 141.345, 0.0021015, 122.687, 0.0158506, -62.5359, 0.0140963, 116.583
239, 3.98333, 12.5161, -61.7727, 252.318, -37.3233, 276.679, 141.085, 0.00210834, 122.545, 0.0159047, -62.7391, 0.0141441, 116.365
240, 3.99167, 12.6115, -62.2862, 253.404, -37.5583, 277.852, 140.823, 0.00211521, 122.401, 0.0159589, -62.9443, 0.0141918, 116.145
240, 4.00000, 12.7074, -62.8043, 254.49, -37.7954, 279.025, 140.558, 0.00212211, 122.256, 0.016013, -63.1515, 0.0142395, 115.924
240, 4.00833, 12.8036, -63.3269, 255.578, -38.0345, 280.197, 140.291, 0.00212903, 122.109, 0.0160671, -63.3606, 0.0142872, 115.7
241, 4.01667, 12.9002, -63.8541, 256.667, -38.2757, 281.37, 140.023, 0.00213599, 121.962, 0.0161213, -63.5718, 0.0143349, 115.474
242, 4.02500, 12.9972, -64.3858, 257.756, -38.5189, 282.543, 139.752, 0.00214297, 121.813, 0.0161754, -63.785, 0.0143825, 115.246
242, 4.03333, 13.0945, -64.9221, 258.846, -38.7641, 283.716, 139.479, 0.00214997, 121.663, 0.0162295, -64.0002, 0.01443, 115.016
243, 4.04167, 13.1922, -65.4629, 259.937, -39.0114, 284.888, 139.205, 0.00215701, 121.511, 0.0162836, -64.2174, 0.0144775, 114.784
243, 4.05000, 13.2902, -66.0081, 261.029, -39.2608, 286.059, 138.928, 0.00216407, 121.358, 0.0163376, -64.4366, 0.014525, 114.55
243, 4.05833, 13.3885, -66.5578, 262.121, -39.5122, 287.23, 138.649, 0.00217116, 121.204, 0.0163916, -64.6579, 0.0145723, 114.313
244, 4.06667, 13.4871, -67.112, 263.213, -39.7657, 288.4, 138.368, 0.00217828, 121.048, 0.0164455, -64.8812, 0.0146196, 114.075
245, 4.07500, 13.586, -67.6707, 264.305, -40.0212, 289.568, 138.085, 0.00218542, 120.891, 0.0164994, -65.1065, 0.0146668, 113.835
245, 4.08333, 13.6852, -68.2337, 265.396, -40.2788, 290.735, 137.8, 0.00219259, 120.733, 0.0165532, -65.3338, 0.0147138, 113.592
246, 4.09167, 13.7846, -68.8013, 266.488, -40.5385, 291.9, 137.512, 0.00219978, 120.573, 0.0166069, -65.5632, 0.0147608, 113.348
246, 4.10000, 13.8842, -69.3732, 267.579, -40.8002, 293.064, 137.223, 0.002207, 120.412, 0.0166605, -65.7946, 0.0148077, 113.102
246, 4.10833, 13.984, -69.9495, 268.67, -41.064, 294.226, 136.932, 0.00221425, 120.249, 0.016714, -66.028, 0.0148544, 112.853
247, 4.11667, 14.084, -70.5302, 269.759, -41.3298, 295.385, 136.638, 0.00222152, 120.085, 0.0167675, -66.2635, 0.0149009, 112.602
248, 4.12500, 14.1842, -71.1153, 270.848, -41.5977, 296.542, 136.343, 0.00222882, 119.919, 0.0168207, -66.501, 0.0149474, 112.35
248, 4.13333, 14.2845, -71.7047, 271.936, -41.8677, 297.697, 136.045, 0.00223614, 119.752, 0.0168739, -66.7405, 0.0149936, 112.095
249, 4.14167, 14.385, -72.2985, 273.022, -42.1398, 298.848, 135.745, 0.00224349, 119.583, 0.0169269, -66.982, 0.0150397, 111.838
249, 4.15000, 14.4856, -72.8965, 274.107, -42.4139, 299.997, 135.444, 0.00225086, 119.412, 0.0169797, -67.2256, 0.0150856, 111.579
249, 4.15833, 14.5862, -73.4989, 275.19, -42.69, 301.142, 135.14, 0.00225825, 119.241, 0.0170324, -67.4712, 0.0151313, 111.318
250, 4.16667, 14.687, -74.1056, 276.272, -42.9682, 302.284, 134.834, 0.00226567, 119.067, 0.0170849, -67.7189, 0.0151768, 111.055
251, 4.17500, 14.7878, -74.7165, 277.351, -43.2485, 303.422, 134.526, 0.00227311, 118.892, 0.0171373, -67.9685, 0.0152221, 110.79
251, 4.18333, 14.8886, -75.3316, 278.428, -43.5308, 304.556, 134.216, 0.00228057, 118.715, 0.0171894, -68.2202, 0.0152672, 110.523
252, 4.19167, 14.9894, -75.951, 279.502, -43.8152, 305.686, 133.904, 0.00228806, 118.537, 0.0172413, -68.4739, 0.0153121, 110.253
252, 4.20000, 15.0902, -76.5746, 280.574, -44.1016, 306.811, 133.59, 0.00229556, 118.357, 0.017293, -68.7297, 0.0153567, 109.982
252, 4.20833, 15.191, -77.2023, 281.643, -44.39, 307.931, 133.274, 0.00230309, 118.176, 0.0173445, -68.9874, 0.015401, 109.709
253, 4.21667, 15.2917, -77.8343, 282.709, -44.6805, 309.047, 132.956, 0.00231064, 117.992, 0.0173957, -69.2471, 0.0154451, 109.434
254, 4.22500, 15.3923, -78.4704, 283.772, -44.973, 310.157, 132.635, 0.0023182, 117.807, 0.0174466, -69.5088, 0.0154889, 109.156
254, 4.23333, 15.4928, -79.1106, 284.831, -45.2674, 311.262, 132.313, 0.00232579, 117.621, 0.0174973, -69.7725, 0.0155324, 108.877
255, 4.24167, 15.5931, -79.755, 285.886, -45.564, 312.361, 131.989, 0.00233339, 117.432, 0.0175477, -70.0382, 0.0155756, 108.596
255, 4.25000, 15.6933, -80.4034, 286.938, -45.8625, 313.454, 131.663, 0.00234101, 117.242, 0.0175978, -70.3059, 0.0156184, 108.312
255, 4.25833, 15.7933, -81.0558, 287.985, -46.163, 314.54, 131.335, 0.00234864, 117.051, 0.0176476, -70.5755, 0.015661, 108.027
256, 4.26667, 15.8931, -81.7123, 289.028, -46.4655, 315.621, 131.005, 0.0023563, 116.857, 0.0176971, -70.8472, 0.0157032, 107.74
257, 4.27500, 15.9927, -82.3728, 290.067, -46.7699, 316.694, 130.673, 0.00236396, 116.662, 0.0177462, -71.1207, 0.0157451, 107.45
257, 4.28333, 16.0919, -83.0373, 291.1, -47.0763, 317.76, 130.339, 0.00237165, 116.464, 0.017795, -71.3962, 0.0157866, 107.159
258, 4.29167, 16.1909, -83.7058, 292.129, -47.3847, 318.819, 130.003, 0.00237934, 116.265, 0.0178435, -71.6736, 0.0158277, 106.866
258, 4.30000, 16.2896, -84.3781, 293.152, -47.6951, 319.87, 129.665, 0.00238705, 116.065, 0.0178916, -71.9529, 0.0158684, 106.571
258, 4.30833, 16.3879, -85.0544, 294.17, -48.0073, 320.913, 129.325, 0.00239477, 115.862, 0.0179392, -72.2342, 0.0159087, 106.274
259, 4.31667, 16.4858, -85.7346, 295.182, -48.3215, 321.948, 128.983, 0.0024025, 115.657, 0.0179865, -72.5173, 0.0159486, 105.975
260, 4.32500, 16.5833, -86.4185, 296.188, -48.6375, 322.974, 128.64, 0.00241024, 115.451, 0.0180334, -72.8023, 0.0159881, 105.674
260, 4.33333, 16.6804, -87.1063, 297.188, -48.9555, 323.992, 128.294, 0.00241798, 115.243, 0.0180798, -73.0892, 0.0160272, 105.371
261, 4.34167, 16.777, -87.798, 298.181, -49.2753, 325.001, 127.947, 0.00242574, 115.033, 0.0181258, -73.378, 0.0160658, 105.067
261, 4.35000, 16.8731, -88.4933, 299.168, -49.597, 326, 127.598, 0.0024335, 114.821, 0.0181714, -73.6685, 0.0161039, 104.761
261, 4.35833, 16.9686, -89.1924, 300.147, -49.9205, 326.989, 127.247, 0.00244126, 114.607, 0.0182165, -73.9609, 0.0161415, 104.452
262, 4.36667, 17.0637, -89.8952, 301.12, -50.2459, 327.969, 126.894, 0.00244903, 114.391, 0.0182611, -74.2551, 0.0161787, 104.142
263, 4.37500, 17.1581, -90.6016, 302.084, -50.5731, 328.938, 126.54, 0.0024568, 114.173, 0.0183052, -74.5511, 0.0162154, 103.831
263, 4.38333, 17.2519, -91.3116, 303.042, -50.902, 329.897, 126.184, 0.00246458, 113.953, 0.0183488, -74.8489, 0.0162515, 103.517
264, 4.39167, 17.345, -92.0253, 303.991, -51.2328, 330.845, 125.826, 0.00247235, 113.732, 0.0183919, -75.1484, 0.0162871, 103.202
264, 4.40000, 17.4375, -92.7424, 304.932, -51.5653, 331.782, 125.466, 0.00248012, 113.508, 0.0184344, -75.4496, 0.0163222, 102.885
264, 4.40833, 17.5292, -93.4631, 305.865, -51.8995, 332.708, 125.105, 0.00248789, 113.282, 0.0184764, -75.7526, 0.0163567, 102.566
265, 4.41667, 17.6202, -94.1873, 306.788, -52.2355, 333.622, 124.742, 0.00249565, 113.054, 0.0185179, -76.0573, 0.0163906, 102.246
265, 4.42500, 17.7104, -94.9149, 307.703, -52.5731, 334.523, 124.378, 0.00250341, 112.825, 0.0185587, -76.3636, 0.016424, 101.924
266, 4.43333, 17.7998, -95.6458, 308.609, -52.9124, 335.413, 124.012, 0.00251116, 112.593, 0.018599, -76.6715, 0.0164568, 101.601
267, 4.44167, 17.8884, -96.3802, 309.505, -53.2534, 336.29, 123.644, 0.00251891, 112.359, 0.0186387, -76.9812, 0.0164889, 101.275
267, 4.45000, 17.9761, -97.1178, 310.392, -53.596, 337.155, 123.275, 0.00252664, 112.124, 0.0186777, -77.2924, 0.0165205, 100.949
267, 4.45833, 18.0628, -97.8587, 311.269, -53.9401, 338.006, 122.904, 0.00253436, 111.886, 0.0187161, -77.6051, 0.0165514, 100.62
268, 4.46667, 18.1487, -98.6029, 312.135, -54.2859, 338.844, 122.532, 0.00254206, 111.646, 0.0187539, -77.9195, 0.0165817, 100.291
269, 4.47500, 18.2335, -99.3501, 312.991, -54.6332, 339.668, 122.158, 0.00254975, 111.404, 0.018791, -78.2354, 0.0166113, 99.9593
269, 4.48333, 18.3174, -100.101, 313.836, -54.982, 340.478, 121.783, 0.00255743, 111.16, 0.0188275, -78.5528, 0.0166403, 99.6266
270, 4.49167, 18.4002, -100.854, 314.671, -55.3324, 341.274, 121.407, 0.00256508, 110.914, 0.0188633, -78.8717, 0.0166686, 99.2925
270, 4.50000, 18.4819, -101.611, 315.494, -55.6842, 342.056, 121.029, 0.00257272, 110.666, 0.0188983, -79.192, 0.0166962, 98.957
270, 4.50833, 18.5625, -102.37, 316.306, -56.0375, 342.822, 120.65, 0.00258033, 110.416, 0.0189327, -79.5137, 0.0167231, 98.6201
271, 4.51667, 18.642, -103.133, 317.106, -56.3922, 343.574, 120.27, 0.00258791, 110.164, 0.0189664, -79.8368, 0.0167493, 98.2819
272, 4.52500, 18.7203, -103.898, 317.894, -56.7482, 344.311, 119.888, 0.00259547, 109.91, 0.0189993, -80.1613, 0.0167748, 97.9424
272, 4.53333, 18.7974, -104.666, 318.671, -57.1056, 345.032, 119.505, 0.002603, 109.654, 0.0190314, -80.4872, 0.0167995, 97.6016
273, 4.54167, 18.8733, -105.437, 319.434, -57.4644, 345.738, 119.121, 0.00261051, 109.396, 0.0190629, -80.8143, 0.0168235, 97.2596
273, 4.55000, 18.9479, -106.211, 320.186, -57.8244, 346.427, 118.736, 0.00261797, 109.135, 0.0190935, -81.1428, 0.0168468, 96.9164
273, 4.55833, 19.0212, -106.987, 320.924, -58.1857, 347.1, 118.35, 0.00262541, 108.873, 0.0191234, -81.4724, 0.0168693, 96.5721
274, 4.56667, 19.0932, -107.766, 321.65, -58.5483, 347.757, 117.962, 0.00263281, 108.609, 0.0191525, -81.8033, 0.016891, 96.2266
275, 4.57500, 19.1638, -108.548, 322.362, -58.912, 348.397, 117.574, 0.00264017, 108.342, 0.0191808, -82.1354, 0.0169119, 95.88
275, 4.58333, 19.2331, -109.332, 323.061, -59.277, 349.021, 117.184, 0.00264748, 108.074, 0.0192082, -82.4686, 0.0169321, 95.5324
276, 4.59167, 19.3009, -110.118, 323.746, -59.643, 349.627, 116.794, 0.00265476, 107.803, 0.0192349, -82.8029, 0.0169514, 95.1838
276, 4.60000, 19.3673, -110.907, 324.418, -60.0102, 350.216, 116.403, 0.00266199, 107.531, 0.0192607, -83.1383, 0.0169699, 94.8342
276, 4.60833, 19.4322, -111.698, 325.075, -60.3784, 350.787, 116.011, 0.00266917, 107.256, 0.0192857, -83.4748, 0.0169877, 94.4837
277, 4.61667, 19.4956, -112.492, 325.718, -60.7477, 351.341, 115.618, 0.00267631, 106.98, 0.0193098, -83.8123, 0.0170046, 94.1323
278, 4.62500, 19.5574, -113.287, 326.347, -61.1179, 351.877, 115.224, 0.00268339, 106.701, 0.019333, -84.1507, 0.0170207, 93.7801
278, 4.63333, 19.6177, -114.085, 326.961, -61.4891, 352.394, 114.829, 0.00269042, 106.42, 0.0193554, -84.49, 0.0170359, 93.427
279, 4.64167, 19.6764, -114.885, 327.561, -61.8613, 352.894, 114.434, 0.00269739, 106.138, 0.019377, -84.8304, 0.0170503, 93.0731
279, 4.65000, 19.7335, -115.687, 328.145, -62.2343, 353.375, 114.038, 0.0027043, 105.853, 0.0193976, -85.1715, 0.0170638, 92.7185
279, 4.65833, 19.789, -116.491, 328.714, -62.6081, 353.838, 113.641, 0.00271116, 105.567, 0.0194173, -85.5135, 0.0170765, 92.3633
280, 4.66667, 19.8428, -117.296, 329.268, -62.9828, 354.281, 113.244, 0.00271795, 105.279, 0.0194362, -85.8563, 0.0170883, 92.0073
281, 4.67500, 19.8949, -118.104, 329.807, -63.3583, 354.706, 112.847, 0.00272467, 104.988, 0.0194541, -86.1998, 0.0170993, 91.6508
281, 4.68333, 19.9453, -118.913, 330.33, -63.7345, 355.113, 112.448, 0.00273133, 104.696, 0.0194711, -86.544, 0.0171094, 91.2937
282, 4.69167, 19.9939, -119.724, 330.837, -64.1114, 355.5, 112.05, 0.00273791, 104.402, 0.0194872, -86.8889, 0.0171186, 90.9361
282, 4.70000, 20.0408, -120.536, 331.329, -64.4889, 355.867, 111.651, 0.00274443, 104.106, 0.0195023, -87.2345, 0.0171269, 90.578
282, 4.70833, 20.0859, -121.351, 331.804, -64.8671, 356.216, 111.251, 0.00275086, 103.808, 0.0195166, -87.5806, 0.0171343, 90.2195
283, 4.71667, 20.1293, -122.166, 332.264, -65.2459, 356.545, 110.852, 0.00275723, 103.508, 0.0195298, -87.9273, 0.0171409, 89.8606
284, 4.72500, 20.1708, -122.983, 332.707, -65.6252, 356.854, 110.452, 0.00276351, 103.207, 0.0195422, -88.2746, 0.0171465, 89.5013
284, 4.73333, 20.2104, -123.801, 333.133, -66.0049, 357.145, 110.052, 0.00276971, 102.903, 0.0195536, -88.6223, 0.0171513, 89.1418
285, 4.74167, 20.2482, -124.621, 333.544, -66.3852, 357.415, 109.651, 0.00277583, 102.598, 0.019564, -88.9705, 0.0171552, 88.7819
285, 4.75000, 20.2842, -125.442, 333.937, -66.7659, 357.666, 109.251, 0.00278186, 102.292, 0.0195735, -89.319, 0.0171581, 88.4219
285, 4.75833, 20.3182, -126.264, 334.314, -67.147, 357.897, 108.85, 0.0027878, 101.983, 0.019582, -89.6679, 0.0171602, 88.0617
286, 4.76667, 20.3504, -127.087, 334.675, -67.5284, 358.108, 108.449, 0.00279365, 101.673, 0.0195896, -90.0172, 0.0171614, 87.7013
287, 4.77500, 20.3806, -127.91, 335.018, -67.9101, 358.299, 108.049, 0.00279941, 101.361, 0.0195962, -90.3667, 0.0171616, 87.3409
287, 4.78333, 20.4089, -128.735, 335.345, -68.2921, 358.471, 107.648, 0.00280507, 101.047, 0.0196018, -90.7164, 0.017161, 86.9805
288, 4.79167, 20.4353, -129.561, 335.655, -68.6743, 358.623, 107.248, 0.00281064, 100.732, 0.0196065, -91.0664, 0.0171595, 86.62
288, 4.80000, 20.4597, -130.387, 335.947, -69.0567, 358.754, 106.847, 0.00281611, 100.415, 0.0196102, -91.4165, 0.0171571, 86.2596
288, 4.80833, 20.4821, -131.214, 336.223, -69.4392, 358.866, 106.447, 0.00282147, 100.097, 0.019613, -91.7667, 0.0171537, 85.8993
289, 4.81667, 20.5026, -132.042, 336.482, -69.8218, 358.959, 106.047, 0.00282673, 99.7772, 0.0196147, -92.1171, 0.0171495, 85.5391
290, 4.82500, 20.5211, -132.87, 336.723, -70.2045, 359.031, 105.648, 0.00283188, 99.4559, 0.0196155, -92.4674, 0.0171444, 85.1791
290, 4.83333, 20.5376, -133.699, 336.948, -70.5872, 359.084, 105.248, 0.00283693, 99.1331, 0.0196154, -92.8177, 0.0171384, 84.8194
291, 4.84167, 20.5521, -134.528, 337.155, -70.9699, 359.117, 104.849, 0.00284187, 98.8088, 0.0196142, -93.1681, 0.0171315, 84.4599
291, 4.85000, 20.5646, -135.357, 337.345, -71.3525, 359.13, 104.451, 0.00284669, 98.4832, 0.0196121, -93.5183, 0.0171237, 84.1007
291, 4.85833, 20.5752, -136.187, 337.518, -71.735, 359.124, 104.053, 0.0028514, 98.1562, 0.019609, -93.8684, 0.0171151, 83.7419
292, 4.86667, 20.5837, -137.017, 337.674, -72.1174, 359.098, 103.655, 0.00285599, 97.8279, 0.019605, -94.2184, 0.0171056, 83.3834
293, 4.87500, 20.5902, -137.847, 337.813, -72.4996, 359.053, 103.258, 0.00286047, 97.4983, 0.0196, -94.5681, 0.0170952, 83.0255
293, 4.88333, 20.5947, -138.677, 337.935, -72.8816, 358.989, 102.862, 0.00286483, 97.1674, 0.0195941, -94.9176, 0.0170839, 82.668
294, 4.89167, 20.5972, -139.507, 338.039, -73.2633, 358.905, 102.466, 0.00286906, 96.8353, 0.0195872, -95.2669, 0.0170718, 82.311
294, 4.90000, 20.5977, -140.336, 338.127, -73.6447, 358.802, 102.071, 0.00287318, 96.5021, 0.0195794, -95.6158, 0.0170588, 81.9546
294, 4.90833, 20.5963, -141.166, 338.198, -74.0258, 358.68, 101.676, 0.00287716, 96.1677, 0.0195706, -95.9643, 0.0170449, 81.5988
295, 4.91667, 20.5928, -141.995, 338.251, -74.4066, 358.539, 101.282, 0.00288103, 95.8321, 0.0195609, -96.3125, 0.0170303, 81.2436
296, 4.92500, 20.5873, -142.824, 338.288, -74.7869, 358.38, 100.89, 0.00288476, 95.4956, 0.0195502, -96.6602, 0.0170148, 80.8892
296, 4.93333, 20.5799, -143.653, 338.308, -75.1667, 358.202, 100.498, 0.00288836, 95.158, 0.0195387, -97.0075, 0.0169984, 80.5354
297, 4.94167, 20.5704, -144.481, 338.311, -75.5461, 358.005, 100.106, 0.00289184, 94.8194, 0.0195262, -97.3543, 0.0169813, 80.1824
297, 4.95000, 20.559, -145.308, 338.298, -75.925, 357.79, 99.7161, 0.00289518, 94.4799, 0.0195128, -97.7005, 0.0169633, 79.8303
297, 4.95833, 20.5457, -146.135, 338.267, -76.3033, 357.557, 99.3268, 0.00289839, 94.1394, 0.0194984, -98.0461, 0.0169445, 79.479
298, 4.96667, 20.5304, -146.961, 338.221, -76.681, 357.306, 98.9385, 0.00290146, 93.7981, 0.0194832, -98.3912, 0.0169249, 79.1285
299, 4.97500, 20.5132, -147.787, 338.158, -77.058, 357.037, 98.5512, 0.0029044, 93.456, 0.0194671, -98.7355, 0.0169046, 78.779
299, 4.98333, 20.494, -148.611, 338.079, -77.4344, 356.751, 98.165, 0.0029072, 93.1131, 0.0194501, -99.0792, 0.0168835, 78.4304
300, 4.99167, 20.4729, -149.435, 337.983, -77.8102, 356.447, 97.7799, 0.00290987, 92.7694, 0.0194322, -99.4222, 0.0168616, 78.0828
300, 5.00000, 20.45, -150.258, 337.872, -78.1851, 356.126, 97.396, 0.00291239, 92.4251, 0.0194135, -99.7644, 0.0168389, 77.7362
300, 5.00833, 20.4251, -151.08, 337.744, -78.5593, 355.788, 97.0132, 0.00291477, 92.0801, 0.0193939, -100.106, 0.0168155, 77.3908
301, 5.01667, 20.3984, -151.9, 337.601, -78.9328, 355.433, 96.6316, 0.00291702, 91.7345, 0.0193734, -100.447, 0.0167913, 77.0463
302, 5.02500, 20.3699, -152.72, 337.442, -79.3053, 355.062, 96.2513, 0.00291912, 91.3884, 0.0193521, -100.786, 0.0167664, 76.7031
302, 5.03333, 20.3395, -153.538, 337.267, -79.677, 354.674, 95.8723, 0.00292108, 91.0417, 0.01933, -101.125, 0.0167408, 76.361
303, 5.04167, 20.3073, -154.355, 337.077, -80.0479, 354.27, 95.4945, 0.0029229, 90.6945, 0.019307, -101.463, 0.0167145, 76.02
303, 5.05000, 20.2733, -155.17, 336.872, -80.4177, 353.85, 95.1181, 0.00292457, 90.3469, 0.0192833, -101.8, 0.0166875, 75.6803
303, 5.05833, 20.2375, -155.984, 336.652, -80.7866, 353.415, 94.7431, 0.0029261, 89.9989, 0.0192587, -102.136, 0.0166599, 75.3419
304, 5.06667, 20.2, -156.797, 336.416, -81.1546, 352.964, 94.3695, 0.00292749, 89.6506, 0.0192333, -102.471, 0.0166315, 75.0047
305, 5.07500, 20.1608, -157.608, 336.166, -81.5215, 352.498, 93.9973, 0.00292873, 89.3019, 0.0192072, -102.805, 0.0166025, 74.6689
305, 5.08333, 20.1198, -158.418, 335.901, -81.8873, 352.017, 93.6266, 0.00292983, 88.953, 0.0191802, -103.138, 0.0165728, 74.3344
306, 5.09167, 20.0772, -159.225, 335.622, -82.2521, 351.521, 93.2574, 0.00293078, 88.6039, 0.0191525, -103.47, 0.0165425, 74.0012
306, 5.10000, 20.0329, -160.031, 335.328, -82.6158, 351.011, 92.8897, 0.00293159, 88.2546, 0.0191241, -103.801, 0.0165116, 73.6695
306, 5.10833, 19.9869, -160.836, 335.021, -82.9783, 350.486, 92.5235, 0.00293225, 87.9051, 0.0190949, -104.13, 0.01648, 73.3392
307, 5.11667, 19.9394, -161.638, 334.699, -83.3398, 349.948, 92.1589, 0.00293277, 87.5556, 0.019065, -104.459, 0.0164479, 73.0103
308, 5.12500, 19.8903, -162.439, 334.363, -83.6999, 349.396, 91.7959, 0.00293314, 87.206, 0.0190344, -104.786, 0.0164151, 72.683
308, 5.13333, 19.8396, -163.237, 334.015, -84.0589, 348.83, 91.4345, 0.00293336, 86.8564, 0.0190031, -105.112, 0.0163818, 72.3571
309, 5.14167, 19.7873, -164.034, 333.652, -84.4167, 348.252, 91.0748, 0.00293345, 86.5068, 0.0189711, -105.437, 0.0163479, 72.0327
309, 5.15000, 19.7336, -164.828, 333.277, -84.7732, 347.66, 90.7167, 0.00293338, 86.1574, 0.0189384, -105.76, 0.0163135, 71.7099
309, 5.15833, 19.6784, -165.621, 332.888, -85.1284, 347.056, 90.3603, 0.00293318, 85.808, 0.0189051, -106.083, 0.0162785, 71.3886
310, 5.16667, 19.6217, -166.411, 332.487, -85.4823, 346.44, 90.0056, 0.00293282, 85.4588, 0.018871, -106.403, 0.016243, 71.069
311, 5.17500, 19.5637, -167.199, 332.073, -85.8349, 345.811, 89.6527, 0.00293233, 85.1098, 0.0188364, -106.723, 0.0162069, 70.7509
311, 5.18333, 19.5042, -167.985, 331.646, -86.1861, 345.171, 89.3015, 0.00293169, 84.7611, 0.0188011, -107.041, 0.0161704, 70.4345
312, 5.19167, 19.4433, -168.769, 331.208, -86.536, 344.519, 88.952, 0.00293091, 84.4126, 0.0187652, -107.358, 0.0161334, 70.1197
312, 5.20000, 19.3812, -169.55, 330.757, -86.8845, 343.856, 88.6043, 0.00292999, 84.0644, 0.0187287, -107.673, 0.0160959, 69.8066
312, 5.20833, 19.3177, -170.328, 330.295, -87.2315, 343.182, 88.2584, 0.00292893, 83.7167, 0.0186916, -107.987, 0.016058, 69.4951
313, 5.21667, 19.2529, -171.105, 329.821, -87.5772, 342.497, 87.9144, 0.00292773, 83.3692, 0.0186539, -108.3, 0.0160195, 69.1854
314, 5.22500, 19.1869, -171.879, 329.335, -87.9213, 341.802, 87.5721, 0.00292639, 83.0223, 0.0186157, -108.611, 0.0159807, 68.8774
314, 5.23333, 19.1197, -172.65, 328.839, -88.264, 341.096, 87.2318, 0.00292491, 82.6758, 0.0185769, -108.921, 0.0159414, 68.5711
315, 5.24167, 19.0513, -173.419, 328.331, -88.6053, 340.381, 86.8932, 0.0029233, 82.3299, 0.0185375, -109.229, 0.0159017, 68.2665
315, 5.25000, 18.9817, -174.185, 327.813, -88.945, 339.656, 86.5565, 0.00292154, 81.9845, 0.0184977, -109.535, 0.0158616, 67.9637
315, 5.25833, 18.9111, -174.948, 327.285, -89.2832, 338.922, 86.2218, 0.00291966, 81.6397, 0.0184573, -109.84, 0.0158211, 67.6627
316, 5.26667, 18.8393, -175.709, 326.745, -89.6199, 338.178, 85.8889, 0.00291764, 81.2955, 0.0184164, -110.144, 0.0157803, 67.3635
317, 5.27500, 18.7664, -176.467, 326.196, -89.955, 337.426, 85.5579, 0.00291548, 80.952, 0.018375, -110.446, 0.0157391, 67.066
317, 5.28333, 18.6926, -177.222, 325.637, -90.2885, 336.666, 85.2289, 0.0029132, 80.6091, 0.0183332, -110.746, 0.0156975, 66.7704
318, 5.29167, 18.6177, -177.975, 325.069, -90.6205, 335.896, 84.9017, 0.00291078, 80.267, 0.0182908, -111.045, 0.0156556, 66.4766
318, 5.30000, 18.5418, -178.724, 324.491, -90.9509, 335.119, 84.5765, 0.00290824, 79.9257, 0.018248, -111.342, 0.0156133, 66.1846
318, 5.30833, 18.465, -179.471, 323.903, -91.2797, 334.334, 84.2533, 0.00290556, 79.5852, 0.0182048, -111.638, 0.0155707, 65.8945
319, 5.31667, 18.3873, 179.785, 323.307, -91.6069, 333.542, 83.9319, 0.00290276, 79.2454, 0.0181612, -111.932, 0.0155279, 65.6061
320, 5.32500, 18.3088, 179.044, 322.701, -91.9324, 332.742, 83.6126, 0.00289984, 78.9066, 0.0181171, -112.225, 0.0154847, 65.3197
320, 5.33333, 18.2293, 178.306, 322.088, -92.2563, 331.936, 83.2952, 0.00289679, 78.5687, 0.0180727, -112.515, 0.0154413, 65.0351
321, 5.34167, 18.1491, 177.571, 321.465, -92.5786, 331.122, 82.9798, 0.00289362, 78.2316, 0.0180278, -112.804, 0.0153975, 64.7524
321, 5.35000, 18.0681, 176.839, 320.835, -92.8992, 330.302, 82.6663, 0.00289033, 77.8956, 0.0179826, -113.092, 0.0153536, 64.4715
321, 5.35833, 17.9863, 176.11, 320.196, -93.2181, 329.476, 82.3549, 0.00288692, 77.5605, 0.017937, -113.378, 0.0153093, 64.1926
322, 5.36667, 17.9038, 175.384, 319.55, -93.5354, 328.643, 82.0454, 0.0028834, 77.2264, 0.017891, -113.662, 0.0152649, 63.9155
323, 5.37500, 17.8205, 174.662, 318.896, -93.8509, 327.805, 81.7379, 0.00287976, 76.8934, 0.0178447, -113.944, 0.0152202, 63.6403
323, 5.38333, 17.7367, 173.942, 318.235, -94.1648, 326.962, 81.4324, 0.002876, 76.5614, 0.0177981, -114.225, 0.0151753, 63.367
324, 5.39167, 17.6521, 173.225, 317.567, -94.477, 326.112, 81.1288, 0.00287213, 76.2305, 0.0177511, -114.504, 0.0151302, 63.0956
324, 5.40000, 17.567, 172.512, 316.892, -94.7875, 325.258, 80.8273, 0.00286816, 75.9008, 0.0177039, -114.781, 0.0150849, 62.8261
324, 5.40833, 17.4813, 171.802, 316.21, -95.0962, 324.399, 80.5278, 0.00286407, 75.5722, 0.0176563, -115.057, 0.0150394, 62.5585
325, 5.41667, 17.395, 171.095, 315.521, -95.4033, 323.536, 80.2302, 0.00285987, 75.2448, 0.0176085, -115.331, 0.0149937, 62.2927
326, 5.42500, 17.3082, 170.391, 314.826, -95.7085, 322.668, 79.9346, 0.00285557, 74.9185, 0.0175604, -115.603, 0.0149479, 62.0289
326, 5.43333, 17.2209, 169.69, 314.125, -96.0121, 321.795, 79.6411, 0.00285117, 74.5935, 0.017512, -115.874, 0.0149019, 61.767
327, 5.44167, 17.1331, 168.993, 313.418, -96.314, 320.919, 79.3495, 0.00284667, 74.2698, 0.0174634, -116.142, 0.0148558, 61.507
327, 5.45000, 17.0449, 168.299, 312.705, -96.6141, 320.039, 79.0599, 0.00284206, 73.9473, 0.0174145, -116.41, 0.0148095, 61.2489
327, 5.45833, 16.9563, 167.608, 311.987, -96.9124, 319.155, 78.7723, 0.00283736, 73.6261, 0.0173654, -116.675, 0.0147631, 60.9927
328, 5.46667, 16.8673, 166.921, 311.263, -97.2091, 318.268, 78.4867, 0.00283256, 73.3061, 0.0173161, -116.938, 0.0147166, 60.7384
329, 5.47500, 16.7779, 166.236, 310.534, -97.5039, 317.378, 78.203, 0.00282767, 72.9876, 0.0172666, -117.2, 0.01467, 60.486
329, 5.48333, 16.6882, 165.556, 309.8, -97.797, 316.485, 77.9214, 0.00282268, 72.6704, 0.0172169, -117.46, 0.0146233, 60.2355
330, 5.49167, 16.5981, 164.878, 309.061, -98.0884, 315.589, 77.6417, 0.0028176, 72.3545, 0.017167, -117.719, 0.0145765, 59.9869
330, 5.50000, 16.5078, 164.204, 308.317, -98.378, 314.69, 77.364, 0.00281244, 72.04, 0.0171169, -117.975, 0.0145296, 59.7402
330, 5.50833, 16.4172, 163.533, 307.569, -98.6659, 313.789, 77.0882, 0.00280719, 71.727, 0.0170666, -118.23, 0.0144827, 59.4954
331, 5.51667, 16.3263, 162.865, 306.817, -98.952, 312.886, 76.8144, 0.00280185, 71.4153, 0.0170162, -118.483, 0.0144357, 59.2524
332, 5.52500, 16.2353, 162.201, 306.061, -99.2363, 311.98, 76.5426, 0.00279643, 71.1051, 0.0169656, -118.735, 0.0143886, 59.0114
332, 5.53333, 16.144, 161.54, 305.3, -99.5189, 311.073, 76.2727, 0.00279093, 70.7964, 0.0169149, -118.984, 0.0143415, 58.7722
333, 5.54167, 16.0526, 160.883, 304.536, -99.7998, 310.164, 76.0048, 0.00278534, 70.4891, 0.0168641, -119.232, 0.0142943, 58.5349
333, 5.55000, 15.961, 160.229, 303.768, -100.079, 309.253, 75.7388, 0.00277969, 70.1833, 0.0168131, -119.478, 0.0142471, 58.2994
333, 5.55833, 15.8693, 159.578, 302.997, -100.356, 308.342, 75.4747, 0.00277395, 69.879, 0.0167621, -119.723, 0.0141999, 58.0659
334, 5.56667, 15.7775, 158.931, 302.222, -100.632, 307.428, 75.2125, 0.00276814, 69.5762, 0.0167109, -119.965, 0.0141527, 57.8341
335, 5.57500, 15.6856, 158.287, 301.445, -100.906, 306.514, 74.9523, 0.00276226, 69.2749, 0.0166596, -120.206, 0.0141054, 57.6043
335, 5.58333, 15.5937, 157.647, 300.664, -101.178, 305.599, 74.694, 0.00275631, 68.9752, 0.0166083, -120.445, 0.0140582, 57.3763
336, 5.59167, 15.5017, 157.01, 299.88, -101.448, 304.683, 74.4376, 0.00275029, 68.677, 0.0165568, -120.683, 0.0140109, 57.1501
336, 5.60000, 15.4097, 156.376, 299.094, -101.717, 303.767, 74.183, 0.00274421, 68.3804, 0.0165053, -120.919, 0.0139637, 56.9257
336, 5.60833, 15.3176, 155.746, 298.306, -101.983, 302.85, 73.9304, 0.00273806, 68.0854, 0.0164538, -121.153, 0.0139164, 56.7032
337, 5.61667, 15.2256, 155.119, 297.514, -102.249, 301.932, 73.6796, 0.00273185, 67.7919, 0.0164021, -121.385, 0.0138692, 56.4825
338, 5.62500, 15.1336, 154.495, 296.721, -102.512, 301.015, 73.4307, 0.00272557, 67.5, 0.0163505, -121.615, 0.0138221, 56.2636
338, 5.63333, 15.0417, 153.875, 295.926, -102.774, 300.097, 73.1837, 0.00271924, 67.2097, 0.0162988, -121.844, 0.0137749, 56.0465
339, 5.64167, 14.9498, 153.258, 295.128, -103.033, 299.179, 72.9385, 0.00271285, 66.921, 0.016247, -122.071, 0.0137278, 55.8312
339, 5.65000, 14.858, 152.645, 294.329, -103.292, 298.262, 72.6952, 0.0027064, 66.6339, 0.0161953, -122.297, 0.0136807, 55.6177
339, 5.65833, 14.7663, 152.035, 293.528, -103.548, 297.345, 72.4536, 0.0026999, 66.3485, 0.0161435, -122.521, 0.0136337, 55.406
340, 5.66667, 14.6747, 151.428, 292.726, -103.803, 296.428, 72.2139, 0.00269335, 66.0647, 0.0160917, -122.743, 0.0135868, 55.196
341, 5.67500, 14.5833, 150.825, 291.922, -104.056, 295.512, 71.9761, 0.00268675, 65.7825, 0.0160399, -122.963, 0.0135399, 54.9878
341, 5.68333, 14.492, 150.225, 291.117, -104.307, 294.597, 71.74, 0.0026801, 65.502, 0.0159881, -123.182, 0.013493, 54.7813
342, 5.69167, 14.4009, 149.629, 290.31, -104.557, 293.682, 71.5057, 0.0026734, 65.223, 0.0159363, -123.399, 0.0134463, 54.5766
342, 5.70000, 14.3099, 149.036, 289.503, -104.805, 292.768, 71.2732, 0.00266666, 64.9458, 0.0158845, -123.614, 0.0133996, 54.3736
342, 5.70833, 14.2192, 148.446, 288.695, -105.051, 291.855, 71.0424, 0.00265987, 64.6702, 0.0158328, -123.828, 0.013353, 54.1724
343, 5.71667, 14.1286, 147.86, 287.886, -105.296, 290.943, 70.8134, 0.00265304, 64.3963, 0.0157811, -124.04, 0.0133065, 53.9728
344, 5.72500, 14.0383, 147.277, 287.076, -105.539, 290.033, 70.5862, 0.00264617, 64.124, 0.0157294, -124.25, 0.01326, 53.775
344, 5.73333, 13.9482, 146.697, 286.265, -105.78, 289.123, 70.3607, 0.00263926, 63.8534, 0.0156777, -124.459, 0.0132137, 53.5789
345, 5.74167, 13.8583, 146.12, 285.454, -106.02, 288.215, 70.137, 0.00263232, 63.5844, 0.0156261, -124.666, 0.0131675, 53.3844
345, 5.75000, 13.7687, 145.547, 284.643, -106.258, 287.309, 69.9149, 0.00262534, 63.3172, 0.0155746, -124.871, 0.0131213, 53.1917
345, 5.75833, 13.6793, 144.978, 283.832, -106.494, 286.404, 69.6946, 0.00261832, 63.0516, 0.0155231, -125.075, 0.0130753, 53.0006
346, 5.76667, 13.5902, 144.411, 283.02, -106.729, 285.5, 69.4759, 0.00261127, 62.7876, 0.0154717, -125.277, 0.0130294, 52.8111
347, 5.77500, 13.5015, 143.848, 282.208, -106.962, 284.599, 69.259, 0.00260419, 62.5254, 0.0154203, -125.478, 0.0129836, 52.6233
347, 5.78333, 13.413, 143.288, 281.396, -107.193, 283.699, 69.0437, 0.00259708, 62.2648, 0.015369, -125.677, 0.0129379, 52.4372
348, 5.79167, 13.3248, 142.731, 280.585, -107.423, 282.801, 68.83, 0.00258994, 62.0059, 0.0153178, -125.874, 0.0128923, 52.2526
348, 5.80000, 13.237, 142.178, 279.773, -107.651, 281.905, 68.6181, 0.00258278, 61.7487, 0.0152666, -126.07, 0.0128468, 52.0697
348, 5.80833, 13.1494, 141.627, 278.962, -107.878, 281.01, 68.4077, 0.00257559, 61.4931, 0.0152156, -126.264, 0.0128015, 51.8884
349, 5.81667, 13.0622, 141.08, 278.152, -108.103, 280.118, 68.199, 0.00256838, 61.2393, 0.0151646, -126.457, 0.0127563, 51.7087
350, 5.82500, 12.9754, 140.537, 277.341, -108.326, 279.228, 67.9919, 0.00256114, 60.9871, 0.0151138, -126.648, 0.0127112, 51.5305
350, 5.83333, 12.8889, 139.996, 276.532, -108.548, 278.341, 67.7864, 0.00255388, 60.7365, 0.015063, -126.838, 0.0126663, 51.354
351, 5.84167, 12.8028, 139.459, 275.723, -108.768, 277.455, 67.5825, 0.0025466, 60.4877, 0.0150123, -127.026, 0.0126215, 51.1789
351, 5.85000, 12.717, 138.924, 274.915, -108.987, 276.572, 67.3802, 0.0025393, 60.2405, 0.0149617, -127.212, 0.0125769, 51.0055
351, 5.85833, 12.6317, 138.393, 274.107, -109.204, 275.691, 67.1795, 0.00253199, 59.9949, 0.0149113, -127.397, 0.0125323, 50.8336
352, 5.86667, 12.5467, 137.865, 273.301, -109.42, 274.813, 66.9802, 0.00252466, 59.7511, 0.0148609, -127.581, 0.012488, 50.6632
353, 5.87500, 12.4621, 137.34, 272.495, -109.634, 273.937, 66.7826, 0.00251731, 59.5089, 0.0148107, -127.763, 0.0124438, 50.4943
353, 5.88333, 12.3779, 136.819, 271.691, -109.846, 273.064, 66.5865, 0.00250995, 59.2683, 0.0147606, -127.943, 0.0123997, 50.327
354, 5.89167, 12.2941, 136.3, 270.887, -110.057, 272.193, 66.3919, 0.00250258, 59.0294, 0.0147106, -128.122, 0.0123558, 50.1611
354, 5.90000, 12.2107, 135.785, 270.085, -110.267, 271.325, 66.1988, 0.00249519, 58.7922, 0.0146608, -128.3, 0.012312, 49.9967
354, 5.90833, 12.1277, 135.272, 269.284, -110.475, 270.459, 66.0072, 0.0024878, 58.5566, 0.0146111, -128.475, 0.0122684, 49.8338
355, 5.91667, 12.0452, 134.763, 268.484, -110.681, 269.597, 65.8171, 0.00248039, 58.3226, 0.0145615, -128.65, 0.0122249, 49.6724
356, 5.92500, 11.963, 134.257, 267.686, -110.886, 268.737, 65.6285, 0.00247298, 58.0903, 0.014512, -128.823, 0.0121816, 49.5124
356, 5.93333, 11.8813, 133.753, 266.889, -111.09, 267.88, 65.4413, 0.00246556, 57.8596, 0.0144627, -128.995, 0.0121385, 49.3539
357, 5.94167, 11.8001, 133.253, 266.093, -111.292, 267.025, 65.2556, 0.00245813, 57.6306, 0.0144135, -129.165, 0.0120955, 49.1967
357, 5.95000, 11.7193, 132.756, 265.3, -111.493, 266.174, 65.0714, 0.0024507, 57.4031, 0.0143645, -129.334, 0.0120527, 49.041
357, 5.95833, 11.6389, 132.262, 264.507, -111.692, 265.326, 64.8885, 0.00244327, 57.1773, 0.0143156, -129.501, 0.0120101, 48.8868
358, 5.96667, 11.559, 131.77, 263.717, -111.89, 264.48, 64.7071, 0.00243583, 56.9531, 0.0142669, -129.667, 0.0119676, 48.7339
359, 5.97500, 11.4795, 131.282, 262.928, -112.086, 263.638, 64.5271, 0.00242839, 56.7305, 0.0142183, -129.831, 0.0119253, 48.5824
359, 5.98333, 11.4005, 130.796, 262.141, -112.281, 262.798, 64.3485, 0.00242095, 56.5095, 0.0141699, -129.995, 0.0118831, 48.4323
360, 5.99167, 11.3219, 130.314, 261.355, -112.475, 261.962, 64.1712, 0.0024135, 56.2901, 0.0141216, -130.156, 0.0118412, 48.2835
360, 6.00000, 11.2438, 129.834, 260.572, -112.667, 261.128, 63.9953, 0.00240606, 56.0723, 0.0140735, -130.317, 0.0117994, 48.1361
360, 6.00833, 11.1661, 129.357, 259.79, -112.857, 260.298, 63.8208, 0.00239862, 55.8561, 0.0140255, -130.476, 0.0117577, 47.99
361, 6.01667, 11.089, 128.884, 259.01, -113.047, 259.471, 63.6477, 0.00239118, 55.6414, 0.0139778, -130.633, 0.0117163, 47.8453
362, 6.02500, 11.0123, 128.413, 258.233, -113.235, 258.647, 63.4759, 0.00238375, 55.4283, 0.0139301, -130.79, 0.011675, 47.7019
362, 6.03333, 10.936, 127.944, 257.457, -113.421, 257.826, 63.3054, 0.00237632, 55.2168, 0.0138827, -130.945, 0.0116339, 47.5598
363, 6.04167, 10.8602, 127.479, 256.684, -113.607, 257.008, 63.1362, 0.00236889, 55.0068, 0.0138354, -131.098, 0.011593, 47.419
363, 6.05000, 10.785, 127.016, 255.912, -113.791, 256.194, 62.9683, 0.00236147, 54.7984, 0.0137883, -131.251, 0.0115522, 47.2795
363, 6.05833, 10.7101, 126.557, 255.143, -113.973, 255.382, 62.8017, 0.00235406, 54.5915, 0.0137413, -131.402, 0.0115116, 47.1413
364, 6.06667, 10.6358, 126.1, 254.376, -114.154, 254.574, 62.6364, 0.00234665, 54.3862, 0.0136945, -131.551, 0.0114712, 47.0043
365, 6.07500, 10.5619, 125.645, 253.611, -114.334, 253.77, 62.4724, 0.00233925, 54.1824, 0.0136479, -131.7, 0.011431, 46.8686
365, 6.08333, 10.4885, 125.194, 252.848, -114.513, 252.968, 62.3096, 0.00233186, 53.9801, 0.0136015, -131.847, 0.011391, 46.7342
366, 6.09167, 10.4156, 124.745, 252.088, -114.69, 252.17, 62.1481, 0.00232448, 53.7793, 0.0135552, -131.993, 0.0113511, 46.601
366, 6.10000, 10.3432, 124.299, 251.33, -114.866, 251.375, 61.9878, 0.0023171, 53.58, 0.0135092, -132.137, 0.0113114, 46.469
366, 6.10833, 10.2712, 123.855, 250.574, -115.041, 250.584, 61.8288, 0.00230974, 53.3822, 0.0134633, -132.281, 0.0112719, 46.3382
367, 6.11667, 10.1998, 123.414, 249.821, -115.215, 249.795, 61.671, 0.00230239, 53.1859, 0.0134175, -132.423, 0.0112326, 46.2086
368, 6.12500, 10.1288, 122.976, 249.07, -115.387, 249.01, 61.5143, 0.00229505, 52.9911, 0.013372, -132.564, 0.0111935, 46.0803
368, 6.13333, 10.0583, 122.541, 248.321, -115.558, 248.229, 61.3589, 0.00228772, 52.7978, 0.0133266, -132.704, 0.0111545, 45.9531
369, 6.14167, 9.98825, 122.108, 247.575, -115.728, 247.45, 61.2047, 0.00228041, 52.6059, 0.0132815, -132.842, 0.0111157, 45.8271
369, 6.15000, 9.9187, 121.678, 246.831, -115.896, 246.676, 61.0516, 0.00227311, 52.4155, 0.0132365, -132.979, 0.0110771, 45.7023
369, 6.15833, 9.84964, 121.25, 246.09, -116.063, 245.904, 60.8997, 0.00226582, 52.2265, 0.0131917, -133.116, 0.0110387, 45.5786
370, 6.16667, 9.78105, 120.825, 245.352, -116.229, 245.136, 60.749, 0.00225855, 52.039, 0.0131471, -133.25, 0.0110005, 45.456
371, 6.17500, 9.71295, 120.402, 244.615, -116.394, 244.371, 60.5994, 0.00225129, 51.8529, 0.0131026, -133.384, 0.0109624, 45.3346
371, 6.18333, 9.64532, 119.982, 243.882, -116.558, 243.61, 60.4509, 0.00224405, 51.6682, 0.0130584, -133.517, 0.0109246, 45.2144
372, 6.19167, 9.57817, 119.564, 243.151, -116.72, 242.852, 60.3035, 0.00223682, 51.4849, 0.0130143, -133.648, 0.0108869, 45.0952
372, 6.20000, 9.5115, 119.149, 242.423, -116.882, 242.097, 60.1573, 0.00222961, 51.3031, 0.0129704, -133.778, 0.0108494, 44.9772
372, 6.20833, 9.44531, 118.736, 241.697, -117.042, 241.346, 60.0122, 0.00222242, 51.1226, 0.0129267, -133.908, 0.010812, 44.8602
373, 6.21667, 9.37958, 118.326, 240.974, -117.201, 240.598, 59.8682, 0.00221524, 50.9435, 0.0128832, -134.036, 0.0107749, 44.7443
374, 6.22500, 9.31434, 117.918, 240.253, -117.359, 239.853, 59.7253, 0.00220808, 50.7658, 0.0128399, -134.162, 0.0107379, 44.6296
374, 6.23333, 9.24957, 117.513, 239.536, -117.515, 239.112, 59.5834, 0.00220094, 50.5895, 0.0127968, -134.288, 0.0107011, 44.5158
375, 6.24167, 9.18527, 117.11, 238.82, -117.671, 238.374, 59.4426, 0.00219382, 50.4146, 0.0127539, -134.413, 0.0106645, 44.4032
375, 6.25000, 9.12144, 116.709, 238.108, -117.825, 237.64, 59.3029, 0.00218672, 50.241, 0.0127111, -134.536, 0.0106281, 44.2916
375, 6.25833, 9.05808, 116.311, 237.398, -117.979, 236.909, 59.1642, 0.00217963, 50.0687, 0.0126686, -134.659, 0.0105919, 44.181
376, 6.26667, 8.99518, 115.915, 236.691, -118.131, 236.181, 59.0265, 0.00217257, 49.8978, 0.0126262, -134.78, 0.0105558, 44.0714
377, 6.27500, 8.93276, 115.522, 235.987, -118.282, 235.457, 58.8899, 0.00216552, 49.7282, 0.012584, -134.901, 0.0105199, 43.9629
377, 6.28333, 8.8708, 115.131, 235.285, -118.432, 234.736, 58.7543, 0.0021585, 49.56, 0.0125421, -135.02, 0.0104842, 43.8554
378, 6.29167, 8.80929, 114.742, 234.586, -118.581, 234.019, 58.6197, 0.00215149, 49.393, 0.0125003, -135.138, 0.0104487, 43.7489
378, 6.30000, 8.74825, 114.355, 233.89, -118.729, 233.304, 58.4861, 0.00214451, 49.2273, 0.0124587, -135.255, 0.0104134, 43.6434
378, 6.30833, 8.68768, 113.971, 233.197, -118.876, 232.594, 58.3535, 0.00213755, 49.063, 0.0124173, -135.371, 0.0103782, 43.5389
379, 6.31667, 8.62755, 113.589, 232.506, -119.022, 231.886, 58.2219, 0.00213061, 48.8999, 0.012376, -135.486, 0.0103432, 43.4353
380, 6.32500, 8.56788, 113.209, 231.819, -119.166, 231.182, 58.0913, 0.00212369, 48.7381, 0.012335, -135.601, 0.0103084, 43.3328
380, 6.33333, 8.50867, 112.831, 231.133, -119.31, 230.481, 57.9616, 0.0021168, 48.5776, 0.0122942, -135.714, 0.0102738, 43.2312
381, 6.34167, 8.44989, 112.456, 230.451, -119.453, 229.784, 57.8329, 0.00210992, 48.4183, 0.0122535, -135.826, 0.0102393, 43.1305
381, 6.35000, 8.39158, 112.083, 229.772, -119.594, 229.09, 57.7051, 0.00210307, 48.2603, 0.0122131, -135.937, 0.010205, 43.0308
381, 6.35833, 8.33371, 111.712, 229.095, -119.735, 228.399, 57.5783, 0.00209624, 48.1035, 0.0121728, -136.047, 0.0101709, 42.932
382, 6.36667, 8.27628, 111.343, 228.421, -119.874, 227.711, 57.4524, 0.00208943, 47.9479, 0.0121327, -136.156, 0.010137, 42.8341
383, 6.37500, 8.2193, 110.976, 227.75, -120.013, 227.027, 57.3274, 0.00208265, 47.7936, 0.0120928, -136.264, 0.0101032, 42.7372
383, 6.38333, 8.16276, 110.611, 227.082, -120.151, 226.346, 57.2034, 0.00207589, 47.6405, 0.0120531, -136.371, 0.0100696, 42.6412
384, 6.39167, 8.10664, 110.249, 226.416, -120.287, 225.668, 57.0802, 0.00206916, 47.4886, 0.0120136, -136.478, 0.0100362, 42.546
384, 6.40000, 8.05097, 109.888, 225.753, -120.423, 224.994, 56.958, 0.00206244, 47.3379, 0.0119743, -136.583, 0.010003, 42.4518
384, 6.40833, 7.99574, 109.53, 225.093, -120.558, 224.323, 56.8366, 0.00205576, 47.1884, 0.0119351, -136.687, 0.0099699, 42.3584
385, 6.41667, 7.94092, 109.174, 224.436, -120.691, 223.655, 56.7162, 0.00204909, 47.04, 0.0118962, -136.791, 0.009937, 42.266
386, 6.42500, 7.88654, 108.819, 223.782, -120.824, 222.99, 56.5966, 0.00204245, 46.8929, 0.0118574, -136.893, 0.00990428, 42.1744
386, 6.43333, 7.83259, 108.467, 223.13, -120.956, 222.329, 56.4778, 0.00203584, 46.7469, 0.0118188, -136.995, 0.00987172, 42.0836
387, 6.44167, 7.77905, 108.117, 222.481, -121.087, 221.671, 56.36, 0.00202924, 46.602, 0.0117804, -137.096, 0.00983933, 41.9937
387, 6.45000, 7.72594, 107.769, 221.835, -121.217, 221.016, 56.2429, 0.00202268, 46.4583, 0.0117422, -137.196, 0.00980711, 41.9047
387, 6.45833, 7.67325, 107.422, 221.192, -121.346, 220.364, 56.1268, 0.00201614, 46.3158, 0.0117042, -137.295, 0.00977506, 41.8165
388, 6.46667, 7.62096, 107.078, 220.552, -121.474, 219.715, 56.0114, 0.00200962, 46.1743, 0.0116664, -137.393, 0.00974318, 41.7291
389, 6.47500, 7.5691, 106.736, 219.914, -121.601, 219.07, 55.8969, 0.00200313, 46.034, 0.0116287, -137.49, 0.00971146, 41.6425
389, 6.48333, 7.51764, 106.395, 219.279, -121.728, 218.428, 55.7832, 0.00199666, 45.8948, 0.0115913, -137.586, 0.00967991, 41.5568
390, 6.49167, 7.46658, 106.057, 218.647, -121.853, 217.789, 55.6703, 0.00199022, 45.7567, 0.011554, -137.682, 0.00964852, 41.4719
390, 6.50000, 7.41594, 105.72, 218.018, -121.978, 217.153, 55.5583, 0.0019838, 45.6197, 0.0115169, -137.776, 0.0096173, 41.3878
390, 6.50833, 7.36569, 105.386, 217.392, -122.102, 216.52, 55.447, 0.00197741, 45.4838, 0.01148, -137.87, 0.00958624, 41.3044
391, 6.51667, 7.31584, 105.053, 216.768, -122.225, 215.89, 55.3365, 0.00197105, 45.3489, 0.0114432, -137.963, 0.00955535, 41.2219
392, 6.52500, 7.2664, 104.722, 216.147, -122.347, 215.263, 55.2269, 0.00196471, 45.2152, 0.0114067, -138.055, 0.00952461, 41.1401
392, 6.53333, 7.21734, 104.393, 215.529, -122.468, 214.64, 55.118, 0.00195839, 45.0825, 0.0113703, -138.146, 0.00949404, 41.0591
393, 6.54167, 7.16867, 104.065, 214.913, -122.588, 214.019, 55.0098, 0.0019521, 44.9508, 0.0113341, -138.237, 0.00946363, 40.9789
393, 6.55000, 7.1204, 103.74, 214.301, -122.707, 213.402, 54.9024, 0.00194584, 44.8202, 0.0112981, -138.326, 0.00943338, 40.8994
393, 6.55833, 7.07251, 103.416, 213.691, -122.826, 212.788, 54.7958, 0.00193961, 44.6907, 0.0112623, -138.415, 0.00940329, 40.8207
394, 6.56667, 7.025, 103.095, 213.083, -122.944, 212.176, 54.6899, 0.00193339, 44.5621, 0.0112266, -138.503, 0.00937336, 40.7427
395, 6.57500, 6.97787, 102.775, 212.479, -123.061, 211.568, 54.5848, 0.00192721, 44.4346, 0.0111912, -138.591, 0.00934358, 40.6655
395, 6.58333, 6.93113, 102.456, 211.877, -123.177, 210.963, 54.4804, 0.00192105, 44.3081, 0.0111559, -138.677, 0.00931396, 40.589
396, 6.59167, 6.88475, 102.14, 211.278, -123.293, 210.36, 54.3768, 0.00191492, 44.1826, 0.0111207, -138.763, 0.0092845, 40.5132
396, 6.60000, 6.83875, 101.825, 210.682, -123.407, 209.761, 54.2739, 0.00190881, 44.0581, 0.0110858, -138.848, 0.00925519, 40.4381
396, 6.60833, 6.79311, 101.512, 210.088, -123.521, 209.165, 54.1716, 0.00190273, 43.9346, 0.011051, -138.932, 0.00922604, 40.3638
397, 6.61667, 6.74784, 101.201, 209.497, -123.634, 208.571, 54.0701, 0.00189667, 43.8121, 0.0110164, -139.015, 0.00919704, 40.2902
398, 6.62500, 6.70294, 100.891, 208.909, -123.746, 207.981, 53.9694, 0.00189064, 43.6906, 0.010982, -139.098, 0.00916819, 40.2172
398, 6.63333, 6.6584, 100.583, 208.324, -123.858, 207.393, 53.8693, 0.00188464, 43.57, 0.0109477, -139.18, 0.0091395, 40.145
399, 6.64167, 6.61421, 100.277, 207.741, -123.968, 206.808, 53.7699, 0.00187866, 43.4504, 0.0109137, -139.261, 0.00911096, 40.0734
399, 6.65000, 6.57038, 99.972, 207.16, -124.078, 206.227, 53.6711, 0.00187271, 43.3317, 0.0108798, -139.342, 0.00908257, 40.0025
399, 6.65833, 6.52691, 99.669, 206.583, -124.187, 205.648, 53.5731, 0.00186678, 43.214, 0.010846, -139.421, 0.00905433, 39.9323
400, 6.66667, 6.48378, 99.3676, 206.008, -124.296, 205.072, 53.4757, 0.00186088, 43.0972, 0.0108125, -139.5, 0.00902623, 39.8628
401, 6.67500, 6.44101, 99.0679, 205.436, -124.404, 204.499, 53.3791, 0.00185501, 42.9814, 0.0107791, -139.579, 0.00899829, 39.7939
401, 6.68333, 6.39857, 98.7698, 204.866, -124.511, 203.928, 53.283, 0.00184916, 42.8664, 0.0107458, -139.656, 0.00897049, 39.7257
402, 6.69167, 6.35648, 98.4732, 204.299, -124.617, 203.361, 53.1877, 0.00184334, 42.7524, 0.0107128, -139.733, 0.00894284, 39.6581
402, 6.70000, 6.31473, 98.1783, 203.735, -124.722, 202.796, 53.0929, 0.00183755, 42.6393, 0.0106799, -139.81, 0.00891533, 39.5912
402, 6.70833, 6.27332, 97.8849, 203.173, -124.827, 202.234, 52.9989, 0.00183178, 42.5271, 0.0106471, -139.885, 0.00888797, 39.5249
403, 6.71667, 6.23223, 97.5931, 202.614, -124.931, 201.675, 52.9054, 0.00182603, 42.4158, 0.0106146, -139.96, 0.00886076, 39.4592
404, 6.72500, 6.19148, 97.3028, 202.057, -125.035, 201.119, 52.8126, 0.00182031, 42.3054, 0.0105822, -140.034, 0.00883368, 39.3942
404, 6.73333, 6.15106, 97.0141, 201.503, -125.138, 200.565, 52.7205, 0.00181462, 42.1958, 0.01055, -140.108, 0.00880676, 39.3298
405, 6.74167, 6.11097, 96.7268, 200.952, -125.24, 200.014, 52.6289, 0.00180895, 42.0872, 0.0105179, -140.18, 0.00877997, 39.266
405, 6.75000, 6.0712, 96.4411, 200.403, -125.341, 199.466, 52.538, 0.00180331, 41.9793, 0.010486, -140.253, 0.00875332, 39.2028
405, 6.75833, 6.03175, 96.1569, 199.856, -125.442, 198.921, 52.4477, 0.0017977, 41.8724, 0.0104542, -140.324, 0.00872681, 39.1402
406, 6.76667, 5.99261, 95.8742, 199.312, -125.542, 198.378, 52.3579, 0.00179211, 41.7663, 0.0104226, -140.395, 0.00870044, 39.0782
407, 6.77500, 5.9538, 95.593, 198.771, -125.641, 197.838, 52.2688, 0.00178654, 41.661, 0.0103912, -140.465, 0.00867422, 39.0168
407, 6.78333, 5.91529, 95.3132, 198.232, -125.74, 197.301, 52.1803, 0.001781, 41.5566, 0.01036, -140.535, 0.00864813, 38.9561
408, 6.79167, 5.8771, 95.0349, 197.696, -125.838, 196.766, 52.0924, 0.00177549, 41.453, 0.0103288, -140.604, 0.00862217, 38.8958
408, 6.80000, 5.83921, 94.758, 197.162, -125.935, 196.234, 52.0051, 0.00177, 41.3503, 0.0102979, -140.672, 0.00859635, 38.8362
408, 6.80833, 5.80164, 94.4826, 196.631, -126.032, 195.704, 51.9183, 0.00176454, 41.2483, 0.0102671, -140.74, 0.00857067, 38.7771
409, 6.81667, 5.76436, 94.2085, 196.102, -126.128, 195.177, 51.8321, 0.0017591, 41.1472, 0.0102365, -140.807, 0.00854512, 38.7186
410, 6.82500, 5.72738, 93.9359, 195.575, -126.223, 194.653, 51.7465, 0.00175369, 41.0469, 0.010206, -140.874, 0.00851971, 38.6607
410, 6.83333, 5.6907, 93.6647, 195.052, -126.318, 194.131, 51.6615, 0.0017483, 40.9474, 0.0101757, -140.94, 0.00849443, 38.6034
411, 6.84167, 5.65431, 93.3948, 194.53, -126.412, 193.612, 51.577, 0.00174294, 40.8486, 0.0101455, -141.005, 0.00846928, 38.5465
411, 6.85000, 5.61823, 93.1264, 194.011, -126.506, 193.095, 51.4931, 0.0017376, 40.7507, 0.0101155, -141.07, 0.00844426, 38.4903
411, 6.85833, 5.58243, 92.8593, 193.494, -126.599, 192.581, 51.4097, 0.00173229, 40.6535, 0.0100856, -141.134, 0.00841937, 38.4345
412, 6.86667, 5.54691, 92.5936, 192.98, -126.691, 192.07, 51.3269, 0.001727, 40.5571, 0.0100559, -141.198, 0.00839461, 38.3793
413, 6.87500, 5.51168, 92.3292, 192.468, -126.783, 191.561, 51.2446, 0.00172174, 40.4614, 0.0100263, -141.261, 0.00836999, 38.3247
413, 6.88333, 5.47674, 92.0661, 191.959, -126.874, 191.054, 51.1628, 0.0017165, 40.3666, 0.00999688, -141.323, 0.00834549, 38.2706
414, 6.89167, 5.44207, 91.8044, 191.451, -126.964, 190.55, 51.0816, 0.00171128, 40.2724, 0.00996761, -141.385, 0.00832112, 38.217
414, 6.90000, 5.40769, 91.544, 190.947, -127.054, 190.049, 51.0009, 0.0017061, 40.1791, 0.00993849, -141.446, 0.00829687, 38.1639
414, 6.90833, 5.37358, 91.2849, 190.444, -127.144, 189.549, 50.9208, 0.00170093, 40.0864, 0.00990952, -141.507, 0.00827275, 38.1113
415, 6.91667, 5.33974, 91.027, 189.944, -127.232, 189.053, 50.8411, 0.00169579, 39.9945, 0.00988068, -141.567, 0.00824876, 38.0593
416, 6.92500, 5.30618, 90.7705, 189.447, -127.321, 188.558, 50.762, 0.00169067, 39.9034, 0.009852, -141.627, 0.00822489, 38.0077
416, 6.93333, 5.27288, 90.5153, 188.951, -127.408, 188.066, 50.6834, 0.00168558, 39.8129, 0.00982346, -141.686, 0.00820114, 37.9567
417, 6.94167, 5.23985, 90.2613, 188.458, -127.495, 187.577, 50.6053, 0.00168051, 39.7232, 0.00979507, -141.745, 0.00817752, 37.9061
417, 6.95000, 5.20708, 90.0085, 187.967, -127.582, 187.09, 50.5277, 0.00167547, 39.6342, 0.00976682, -141.803, 0.00815402, 37.856
417, 6.95833, 5.17458, 89.757, 187.479, -127.668, 186.605, 50.4506, 0.00167045, 39.5459, 0.00973871, -141.86, 0.00813064, 37.8065
418, 6.96667, 5.14233, 89.5068, 186.993, -127.753, 186.123, 50.374, 0.00166545, 39.4582, 0.00971074, -141.917, 0.00810738, 37.7574
418, 6.97500, 5.11035, 89.2577, 186.509, -127.838, 185.643, 50.2978, 0.00166048, 39.3713, 0.00968292, -141.974, 0.00808425, 37.7088
419, 6.98333, 5.07862, 89.0099, 186.027, -127.922, 185.165, 50.2222, 0.00165553, 39.2851, 0.00965523, -142.03, 0.00806123, 37.6607
420, 6.99167, 5.04714, 88.7633, 185.547, -128.006, 184.689, 50.147, 0.00165061, 39.1996, 0.00962768, -142.085, 0.00803832, 37.613
420, 7.00000, 5.01591, 88.5179, 185.07, -128.089, 184.216, 50.0723, 0.0016457, 39.1147, 0.00960027, -142.14, 0.00801554, 37.5658
420, 7.00833, 4.98493, 88.2737, 184.595, -128.172, 183.745, 49.9981, 0.00164083, 39.0305, 0.009573, -142.194, 0.00799288, 37.5191
421, 7.01667, 4.95419, 88.0307, 184.122, -128.254, 183.277, 49.9244, 0.00163597, 38.947, 0.00954586, -142.248, 0.00797033, 37.4728
422, 7.02500, 4.92371, 87.7888, 183.652, -128.336, 182.81, 49.8511, 0.00163114, 38.8641, 0.00951887, -142.302, 0.00794789, 37.427
422, 7.03333, 4.89346, 87.5481, 183.183, -128.417, 182.346, 49.7783, 0.00162633, 38.7819, 0.009492, -142.355, 0.00792558, 37.3816
423, 7.04167, 4.86345, 87.3085, 182.717, -128.498, 181.884, 49.7059, 0.00162154, 38.7003, 0.00946527, -142.407, 0.00790337, 37.3367
423, 7.05000, 4.83368, 87.0702, 182.253, -128.578, 181.425, 49.634, 0.00161678, 38.6194, 0.00943868, -142.459, 0.00788128, 37.2922
423, 7.05833, 4.80415, 86.8329, 181.791, -128.657, 180.967, 49.5626, 0.00161204, 38.5391, 0.00941222, -142.511, 0.0078593, 37.2482
424, 7.06667, 4.77485, 86.5967, 181.331, -128.737, 180.512, 49.4916, 0.00160732, 38.4595, 0.00938588, -142.562, 0.00783743, 37.2046
425, 7.07500, 4.74578, 86.3617, 180.873, -128.815, 180.059, 49.421, 0.00160262, 38.3805, 0.00935969, -142.612, 0.00781568, 37.1614
425, 7.08333, 4.71694, 86.1278, 180.418, -128.893, 179.608, 49.3509, 0.00159795, 38.3021, 0.00933362, -142.662, 0.00779404, 37.1187
426, 7.09167, 4.68833, 85.895, 179.964, -128.971, 179.159, 49.2812, 0.0015933, 38.2243, 0.00930768, -142.712, 0.0077725, 37.0764
426, 7.10000, 4.65994, 85.6633, 179.513, -129.048, 178.712, 49.2119, 0.00158867, 38.1472, 0.00928187, -142.761, 0.00775108, 37.0345
426, 7.10833, 4.63178, 85.4327, 179.063, -129.125, 178.268, 49.1431, 0.00158407, 38.0706, 0.00925619, -142.81, 0.00772976, 36.993
427, 7.11667, 4.60384, 85.2031, 178.616, -129.201, 177.826, 49.0747, 0.00157948, 37.9947, 0.00923063, -142.858, 0.00770855, 36.952
428, 7.12500, 4.57612, 84.9747, 178.171, -129.277, 177.385, 49.0067, 0.00157492, 37.9194, 0.00920521, -142.906, 0.00768745, 36.9113
428, 7.13333, 4.54862, 84.7473, 177.728, -129.352, 176.947, 48.9391, 0.00157038, 37.8446, 0.00917991, -142.953, 0.00766645, 36.8711
429, 7.14167, 4.52133, 84.5209, 177.287, -129.427, 176.511, 48.872, 0.00156586, 37.7705, 0.00915473, -143, 0.00764556, 36.8312
429, 7.15000, 4.49425, 84.2956, 176.848, -129.501, 176.077, 48.8052, 0.00156136, 37.6969, 0.00912968, -143.047, 0.00762478, 36.7918
429, 7.15833, 4.46739, 84.0714, 176.411, -129.575, 175.645, 48.7389, 0.00155689, 37.6239, 0.00910476, -143.093, 0.0076041, 36.7527
430, 7.16667, 4.44074, 83.8481, 175.976, -129.649, 175.215, 48.673, 0.00155243, 37.5515, 0.00907995, -143.138, 0.00758352, 36.7141
431, 7.17500, 4.4143, 83.6259, 175.543, -129.722, 174.787, 48.6075, 0.001548, 37.4796, 0.00905527, -143.184, 0.00756305, 36.6758
431, 7.18333, 4.38806, 83.4047, 175.112, -129.794, 174.361, 48.5423, 0.00154359, 37.4084, 0.00903071, -143.228, 0.00754268, 36.638
432, 7.19167, 4.36203, 83.1845, 174.682, -129.866, 173.937, 48.4776, 0.0015392, 37.3376, 0.00900627, -143.273, 0.00752241, 36.6005
432, 7.20000, 4.3362, 82.9653, 174.255, -129.938, 173.515, 48.4132, 0.00153483, 37.2675, 0.00898195, -143.317, 0.00750225, 36.5634
432, 7.20833, 4.31057, 82.7471, 173.83, -130.009, 173.095, 48.3493, 0.00153048, 37.1979, 0.00895775, -143.36, 0.00748218, 36.5266
433, 7.21667, 4.28514, 82.5299, 173.407, -130.08, 172.677, 48.2857, 0.00152616, 37.1288, 0.00893367, -143.403, 0.00746221, 36.4902
434, 7.22500, 4.25991, 82.3137, 172.986, -130.15, 172.261, 48.2225, 0.00152185, 37.0603, 0.00890971, -143.446, 0.00744235, 36.4543
434, 7.23333, 4.23487, 82.0985, 172.566, -130.22, 171.846, 48.1597, 0.00151756, 36.9923, 0.00888586, -143.489, 0.00742258, 36.4186
435, 7.24167, 4.21003, 81.8842, 172.149, -130.29, 171.434, 48.0973, 0.0015133, 36.9249, 0.00886213, -143.531, 0.00740291, 36.3834
435, 7.25000, 4.18538, 81.6708, 171.733, -130.359, 171.024, 48.0352, 0.00150905, 36.858, 0.00883852, -143.572, 0.00738334, 36.3485
435, 7.25833, 4.16092, 81.4585, 171.319, -130.427, 170.615, 47.9735, 0.00150483, 36.7916, 0.00881503, -143.613, 0.00736386, 36.3139
436, 7.26667, 4.13665, 81.247, 170.908, -130.496, 170.209, 47.9122, 0.00150062, 36.7257, 0.00879164, -143.654, 0.00734448, 36.2797
437, 7.27500, 4.11256, 81.0365, 170.498, -130.564, 169.804, 47.8512, 0.00149644, 36.6604, 0.00876837, -143.694, 0.0073252, 36.2459
437, 7.28333, 4.08866, 80.827, 170.09, -130.631, 169.401, 47.7906, 0.00149227, 36.5956, 0.00874522, -143.734, 0.00730601, 36.2124
438, 7.29167, 4.06495, 80.6183, 169.683, -130.698, 169, 47.7303, 0.00148813, 36.5313, 0.00872217, -143.774, 0.00728691, 36.1793
438, 7.30000, 4.04142, 80.4106, 169.279, -130.765, 168.601, 47.6705, 0.001484, 36.4675, 0.00869924, -143.813, 0.00726791, 36.1465
438, 7.30833, 4.01806, 80.2038, 168.876, -130.831, 168.204, 47.6109, 0.0014799, 36.4041, 0.00867642, -143.852, 0.00724901, 36.114
439, 7.31667, 3.99489, 79.9979, 168.476, -130.897, 167.809, 47.5517, 0.00147581, 36.3413, 0.00865371, -143.891, 0.00723019, 36.0819
439, 7.32500, 3.97189, 79.7929, 168.077, -130.962, 167.415, 47.4929, 0.00147175, 36.279, 0.00863111, -143.929, 0.00721147, 36.0501
440, 7.33333, 3.94908, 79.5887, 167.68, -131.027, 167.023, 47.4344, 0.0014677, 36.2172, 0.00860862, -143.967, 0.00719284, 36.0186
441, 7.34167, 3.92643, 79.3855, 167.284, -131.092, 166.633, 47.3762, 0.00146367, 36.1558, 0.00858624, -144.004, 0.00717429, 35.9875
441, 7.35000, 3.90396, 79.1831, 166.891, -131.156, 166.245, 47.3184, 0.00145966, 36.095, 0.00856396, -144.041, 0.00715584, 35.9567
441, 7.35833, 3.88166, 78.9817, 166.499, -131.22, 165.859, 47.2609, 0.00145567, 36.0346, 0.00854179, -144.078, 0.00713748, 35.9262
442, 7.36667, 3.85952, 78.781, 166.109, -131.284, 165.474, 47.2038, 0.0014517, 35.9747, 0.00851973, -144.115, 0.00711921, 35.8961
443, 7.37500, 3.83756, 78.5813, 165.72, -131.347, 165.091, 47.147, 0.00144775, 35.9153, 0.00849778, -144.151, 0.00710103, 35.8662
443, 7.38333, 3.81576, 78.3824, 165.334, -131.41, 164.71, 47.0905, 0.00144382, 35.8563, 0.00847593, -144.186, 0.00708293, 35.8367
444, 7.39167, 3.79413, 78.1843, 164.949, -131.472, 164.33, 47.0343, 0.0014399, 35.7978, 0.00845418, -144.222, 0.00706492, 35.8075
444, 7.40000, 3.77266, 77.9871, 164.566, -131.535, 163.952, 46.9785, 0.00143601, 35.7397, 0.00843254, -144.257, 0.007047, 35.7786
444, 7.40833, 3.75136, 77.7907, 164.184, -131.596, 163.576, 46.923, 0.00143213, 35.6821, 0.008411, -144.291, 0.00702917, 35.75
445, 7.41667, 3.73021, 77.5952, 163.804, -131.658, 163.202, 46.8678, 0.00142827, 35.625, 0.00838956, -144.326, 0.00701142, 35.7217
446, 7.42500, 3.70922, 77.4005, 163.426, -131.719, 162.829, 46.8129, 0.00142443, 35.5683, 0.00836823, -144.36, 0.00699376, 35.6937
446, 7.43333, 3.6884, 77.2066, 163.05, -131.779, 162.458, 46.7583, 0.00142061, 35.512, 0.008347, -144.393, 0.00697618, 35.666
447, 7.44167, 3.66772, 77.0135, 162.675, -131.84, 162.089, 46.704, 0.00141681, 35.4562, 0.00832586, -144.427, 0.00695868, 35.6386
447, 7.45000, 3.64721, 76.8212, 162.302, -131.9, 161.721, 46.6501, 0.00141302, 35.4009, 0.00830483, -144.46, 0.00694127, 35.6115
447, 7.45833, 3.62685, 76.6297, 161.931, -131.959, 161.355, 46.5964, 0.00140925, 35.3459, 0.0082839, -144.492, 0.00692394, 35.5847
448, 7.46667, 3.60664, 76.439, 161.561, -132.019, 160.991, 46.5431, 0.0014055, 35.2914, 0.00826306, -144.525, 0.0069067, 35.5582
449, 7.47500, 3.58658, 76.2491, 161.193, -132.078, 160.628, 46.4901, 0.00140177, 35.2374, 0.00824233, -144.557, 0.00688954, 35.532
449, 7.48333, 3.56667, 76.06, 160.826, -132.136, 160.267, 46.4373, 0.00139805, 35.1837, 0.00822169, -144.589, 0.00687245, 35.5061
450, 7.49167, 3.54691, 75.8717, 160.461, -132.194, 159.907, 46.3849, 0.00139435, 35.1305, 0.00820115, -144.62, 0.00685545, 35.4804
450, 7.50000, 3.5273, 75.6841, 160.098, -132.252, 159.549, 46.3327, 0.00139067, 35.0777, 0.00818071, -144.651, 0.00683853, 35.455
450, 7.50833, 3.50783, 75.4974, 159.736, -132.31, 159.193, 46.2809, 0.00138701, 35.0253, 0.00816036, -144.682, 0.00682169, 35.4299
451, 7.51667, 3.48851, 75.3113, 159.376, -132.367, 158.838, 46.2293, 0.00138336, 34.9733, 0.00814011, -144.713, 0.00680493, 35.4051
452, 7.52500, 3.46933, 75.1261, 159.017, -132.424, 158.485, 46.178, 0.00137973, 34.9217, 0.00811995, -144.743, 0.00678825, 35.3806
452, 7.53333, 3.4503, 74.9416, 158.66, -132.481, 158.133, 46.127, 0.00137612, 34.8705, 0.00809989, -144.773, 0.00677165, 35.3563
453, 7.54167, 3.4314, 74.7578, 158.305, -132.537, 157.783, 46.0763, 0.00137253, 34.8197, 0.00807992, -144.803, 0.00675512, 35.3323
453, 7.55000, 3.41264, 74.5748, 157.951, -132.593, 157.434, 46.0259, 0.00136895, 34.7694, 0.00806004, -144.832, 0.00673867, 35.3085
453, 7.55833, 3.39403, 74.3925, 157.599, -132.649, 157.087, 45.9757, 0.00136539, 34.7194, 0.00804025, -144.861, 0.0067223, 35.2851
454, 7.56667, 3.37554, 74.2109, 157.248, -132.704, 156.741, 45.9259, 0.00136184, 34.6698, 0.00802056, -144.89, 0.00670601, 35.2619
455, 7.57500, 3.3572, 74.0301, 156.898, -132.759, 156.397, 45.8763, 0.00135831, 34.6206, 0.00800096, -144.918, 0.00668979, 35.2389
455, 7.58333, 3.33899, 73.85, 156.551, -132.814, 156.055, 45.827, 0.0013548, 34.5718, 0.00798145, -144.947, 0.00667365, 35.2162
456, 7.59167, 3.32091, 73.6707, 156.204, -132.869, 155.714, 45.7779, 0.0013513, 34.5233, 0.00796203, -144.975, 0.00665758, 35.1938
456, 7.60000, 3.30297, 73.492, 155.859, -132.923, 155.374, 45.7291, 0.00134782, 34.4753, 0.0079427, -145.002, 0.00664159, 35.1716
456, 7.60833, 3.28516, 73.314, 155.516, -132.977, 155.036, 45.6806, 0.00134436, 34.4276, 0.00792346, -145.03, 0.00662567, 35.1497
457, 7.61667, 3.26748, 73.1368, 155.174, -133.03, 154.699, 45.6323, 0.00134091, 34.3803, 0.00790431, -145.057, 0.00660982, 35.128
458, 7.62500, 3.24993, 72.9602, 154.834, -133.084, 154.364, 45.5844, 0.00133748, 34.3334, 0.00788524, -145.084, 0.00659405, 35.1066
458, 7.63333, 3.2325, 72.7844, 154.495, -133.137, 154.03, 45.5366, 0.00133407, 34.2868, 0.00786626, -145.11, 0.00657835, 35.0854
459, 7.64167, 3.2152, 72.6092, 154.157, -133.189, 153.698, 45.4892, 0.00133066, 34.2406, 0.00784737, -145.136, 0.00656272, 35.0645
459, 7.65000, 3.19803, 72.4347, 153.821, -133.242, 153.367, 45.442, 0.00132728, 34.1948, 0.00782857, -145.163, 0.00654717, 35.0438
459, 7.65833, 3.18098, 72.2609, 153.487, -133.294, 153.038, 45.395, 0.00132391, 34.1493, 0.00780985, -145.188, 0.00653169, 35.0234
460, 7.66667, 3.16406, 72.0878, 153.154, -133.346, 152.71, 45.3483, 0.00132056, 34.1042, 0.00779122, -145.214, 0.00651627, 35.0032
461, 7.67500, 3.14726, 71.9154, 152.822, -133.397, 152.383, 45.3018, 0.00131722, 34.0595, 0.00777267, -145.239, 0.00650093, 34.9832
461, 7.68333, 3.13058, 71.7436, 152.492, -133.448, 152.058, 45.2557, 0.0013139, 34.0151, 0.00775421, -145.264, 0.00648566, 34.9634
462, 7.69167, 3.11402, 71.5725, 152.163, -133.499, 151.734, 45.2097, 0.00131059, 33.971, 0.00773583, -145.289, 0.00647046, 34.9439
462, 7.70000, 3.09758, 71.402, 151.835, -133.55, 151.411, 45.164, 0.0013073, 33.9273, 0.00771753, -145.313, 0.00645533, 34.9247
462, 7.70833, 3.08126, 71.2322, 151.509, -133.6, 151.09, 45.1185, 0.00130402, 33.8839, 0.00769932, -145.337, 0.00644026, 34.9056
463, 7.71667, 3.06505, 71.063, 151.184, -133.651, 150.77, 45.0733, 0.00130076, 33.8409, 0.00768119, -145.361, 0.00642527, 34.8868
464, 7.72500, 3.04896, 70.8945, 150.861, -133.701, 150.452, 45.0283, 0.00129751, 33.7982, 0.00766314, -145.385, 0.00641034, 34.8682
464, 7.73333, 3.03299, 70.7267, 150.539, -133.75, 150.135, 44.9836, 0.00129428, 33.7559, 0.00764517, -145.409, 0.00639548, 34.8499
465, 7.74167, 3.01713, 70.5594, 150.218, -133.799, 149.819, 44.9391, 0.00129106, 33.7138, 0.00762729, -145.432, 0.00638068, 34.8317
465, 7.75000, 3.00139, 70.3929, 149.899, -133.849, 149.505, 44.8948, 0.00128786, 33.6721, 0.00760948, -145.455, 0.00636596, 34.8138
465, 7.75833, 2.98575, 70.2269, 149.581, -133.897, 149.192, 44.8508, 0.00128467, 33.6308, 0.00759176, -145.478, 0.0063513, 34.7961
466, 7.76667, 2.97023, 70.0615, 149.264, -133.946, 148.88, 44.807, 0.0012815, 33.5897, 0.00757411, -145.5, 0.0063367, 34.7786
467, 7.77500, 2.95482, 69.8968, 148.949, -133.994, 148.57, 44.7634, 0.00127834, 33.549, 0.00755654, -145.523, 0.00632218, 34.7613
467, 7.78333, 2.93952, 69.7327, 148.635, -134.042, 148.261, 44.7201, 0.00127519, 33.5086, 0.00753905, -145.545, 0.00630771, 34.7443
468, 7.79167, 2.92433, 69.5693, 148.322, -134.09, 147.953, 44.677, 0.00127206, 33.4686, 0.00752164, -145.566, 0.00629331, 34.7274
468, 7.80000, 2.90924, 69.4064, 148.01, -134.138, 147.646, 44.6341, 0.00126895, 33.4288, 0.0075043, -145.588, 0.00627898, 34.7108
468, 7.80833, 2.89426, 69.2441, 147.7, -134.185, 147.341, 44.5914, 0.00126584, 33.3894, 0.00748705, -145.609, 0.00626471, 34.6944
469, 7.81667, 2.87939, 69.0824, 147.391, -134.232, 147.037, 44.549, 0.00126275, 33.3502, 0.00746987, -145.63, 0.0062505, 34.6782
470, 7.82500, 2.86462, 68.9214, 147.084, -134.279, 146.734, 44.5068, 0.00125968, 33.3114, 0.00745276, -145.651, 0.00623636, 34.6622
470, 7.83333, 2.84996, 68.7609, 146.778, -134.325, 146.433, 44.4648, 0.00125662, 33.2729, 0.00743573, -145.672, 0.00622227, 34.6464
471, 7.84167, 2.8354, 68.601, 146.473, -134.372, 146.132, 44.423, 0.00125357, 33.2347, 0.00741878, -145.693, 0.00620825, 34.6308
471, 7.85000, 2.82094, 68.4417, 146.169, -134.418, 145.833, 44.3814, 0.00125054, 33.1968, 0.0074019, -145.713, 0.0061943, 34.6153
471, 7.85833, 2.80658, 68.283, 145.866, -134.463, 145.536, 44.3401, 0.00124752, 33.1591, 0.0073851, -145.733, 0.0061804, 34.6001
472, 7.86667, 2.79232, 68.1249, 145.565, -134.509, 145.239, 44.299, 0.00124451, 33.1218, 0.00736837, -145.753, 0.00616657, 34.5851
472, 7.87500, 2.77817, 67.9673, 145.265, -134.554, 144.944, 44.258, 0.00124152, 33.0848, 0.00735171, -145.772, 0.00615279, 34.5703
473, 7.88333, 2.76411, 67.8104, 144.966, -134.599, 144.65, 44.2173, 0.00123854, 33.0481, 0.00733513, -145.792, 0.00613908, 34.5557
474, 7.89167, 2.75015, 67.6539, 144.669, -134.644, 144.357, 44.1768, 0.00123557, 33.0116, 0.00731861, -145.811, 0.00612543, 34.5413
474, 7.90000, 2.73629, 67.4981, 144.372, -134.689, 144.065, 44.1365, 0.00123262, 32.9755, 0.00730217, -145.83, 0.00611183, 34.5271
474, 7.90833, 2.72252, 67.3428, 144.077, -134.733, 143.774, 44.0964, 0.00122968, 32.9396, 0.00728581, -145.848, 0.0060983, 34.513
475, 7.91667, 2.70885, 67.1881, 143.783, -134.777, 143.485, 44.0565, 0.00122675, 32.9041, 0.00726951, -145.867, 0.00608482, 34.4992
476, 7.92500, 2.69527, 67.0339, 143.49, -134.821, 143.197, 44.0168, 0.00122384, 32.8688, 0.00725328, -145.885, 0.00607141, 34.4855
476, 7.93333, 2.68179, 66.8803, 143.199, -134.865, 142.91, 43.9774, 0.00122093, 32.8338, 0.00723713, -145.903, 0.00605805, 34.472
477, 7.94167, 2.6684, 66.7272, 142.908, -134.909, 142.624, 43.9381, 0.00121805, 32.799, 0.00722104, -145.921, 0.00604475, 34.4587
477, 7.95000, 2.65511, 66.5747, 142.619, -134.952, 142.339, 43.899, 0.00121517, 32.7645, 0.00720503, -145.939, 0.00603151, 34.4456
477, 7.95833, 2.6419, 66.4228, 142.331, -134.995, 142.056, 43.8601, 0.00121231, 32.7304, 0.00718908, -145.957, 0.00601832, 34.4327
478, 7.96667, 2.62879, 66.2713, 142.044, -135.038, 141.773, 43.8214, 0.00120946, 32.6964, 0.0071732, -145.974, 0.00600519, 34.42
479, 7.97500, 2.61577, 66.1204, 141.758, -135.08, 141.492, 43.7829, 0.00120662, 32.6628, 0.00715739, -145.991, 0.00599212, 34.4074
479, 7.98333, 2.60283, 65.97, 141.474, -135.123, 141.212, 43.7446, 0.00120379, 32.6294, 0.00714165, -146.008, 0.0059791, 34.395
480, 7.99167, 2.58998, 65.8202, 141.19, -135.165, 140.933, 43.7065, 0.00120098, 32.5963, 0.00712598, -146.025, 0.00596614, 34.3828
480, 8.00000, 2.57723, 65.6709, 140.908, -135.207, 140.655, 43.6686, 0.00119818, 32.5635, 0.00711037, -146.041, 0.00595324, 34.3708
480, 8.00833, 2.56456, 65.5221, 140.627, -135.248, 140.378, 43.6309, 0.00119539, 32.5309, 0.00709483, -146.058, 0.00594039, 34.3589
481, 8.01667, 2.55197, 65.3738, 140.347, -135.29, 140.103, 43.5933, 0.00119261, 32.4985, 0.00707936, -146.074, 0.0059276, 34.3472
482, 8.02500, 2.53947, 65.2261, 140.068, -135.331, 139.828, 43.556, 0.00118985, 32.4665, 0.00706395, -146.09, 0.00591486, 34.3357
482, 8.03333, 2.52706, 65.0788, 139.79, -135.372, 139.554, 43.5188, 0.0011871, 32.4347, 0.00704861, -146.106, 0.00590217, 34.3243
483, 8.04167, 2.51473, 64.9321, 139.513, -135.413, 139.282, 43.4818, 0.00118436, 32.4031, 0.00703333, -146.121, 0.00588954, 34.3131
483, 8.05000, 2.50249, 64.7859, 139.238, -135.454, 139.011, 43.445, 0.00118163, 32.3718, 0.00701812, -146.137, 0.00587696, 34.3021
483, 8.05833, 2.49032, 64.6401, 138.963, -135.495, 138.74, 43.4084, 0.00117891, 32.3407, 0.00700297, -146.152, 0.00586444, 34.2913
484, 8.06667, 2.47824, 64.4949, 138.69, -135.535, 138.471, 43.3719, 0.00117621, 32.3099, 0.00698789, -146.167, 0.00585196, 34.2806
485, 8.07500, 2.46624, 64.3502, 138.417, -135.575, 138.203, 43.3357, 0.00117352, 32.2794, 0.00697287, -146.182, 0.00583954, 34.2701
485, 8.08333, 2.45433, 64.206, 138.146, -135.615, 137.936, 43.2996, 0.00117083, 32.2491, 0.00695791, -146.196, 0.00582718, 34.2597
486, 8.09167, 2.44249, 64.0622, 137.876, -135.655, 137.67, 43.2637, 0.00116816, 32.219, 0.00694302, -146.211, 0.00581486, 34.2495
486, 8.10000, 2.43073, 63.919, 137.607, -135.694, 137.405, 43.2279, 0.00116551, 32.1892, 0.00692819, -146.225, 0.0058026, 34.2395
486, 8.10833, 2.41905, 63.7763, 137.339, -135.733, 137.141, 43.1924, 0.00116286, 32.1596, 0.00691342, -146.24, 0.00579039, 34.2296
487, 8.11667, 2.40745, 63.634, 137.072, -135.772, 136.878, 43.157, 0.00116022, 32.1302, 0.00689871, -146.254, 0.00577823, 34.2199
488, 8.12500, 2.39593, 63.4922, 136.805, -135.811, 136.616, 43.1218, 0.0011576, 32.1011, 0.00688406, -146.267, 0.00576612, 34.2103
488, 8.13333, 2.38448, 63.3509, 136.541, -135.85, 136.355, 43.0868, 0.00115499, 32.0722, 0.00686948, -146.281, 0.00575406, 34.2009
489, 8.14167, 2.37311, 63.2101, 136.277, -135.889, 136.095, 43.0519, 0.00115238, 32.0436, 0.00685495, -146.295, 0.00574205, 34.1916
489, 8.15000, 2.36182, 63.0697, 136.014, -135.927, 135.837, 43.0172, 0.00114979, 32.0151, 0.00684049, -146.308, 0.00573009, 34.1825
489, 8.15833, 2.3506, 62.9298, 135.752, -135.965, 135.579, 42.9826, 0.00114721, 31.987, 0.00682609, -146.321, 0.00571818, 34.1736
490, 8.16667, 2.33945, 62.7904, 135.491, -136.003, 135.322, 42.9483, 0.00114464, 31.959, 0.00681174, -146.334, 0.00570632, 34.1648
491, 8.17500, 2.32838, 62.6515, 135.231, -136.041, 135.066, 42.9141, 0.00114209, 31.9313, 0.00679746, -146.347, 0.00569451, 34.1561
491, 8.18333, 2.31739, 62.513, 134.972, -136.078, 134.811, 42.88, 0.00113954, 31.9038, 0.00678323, -146.359, 0.00568275, 34.1476
492, 8.19167, 2.30646, 62.375, 134.714, -136.116, 134.557, 42.8462, 0.001137, 31.8765, 0.00676907, -146.372, 0.00567103, 34.1393
492, 8.20000, 2.29561, 62.2374, 134.457, -136.153, 134.304, 42.8125, 0.00113448, 31.8494, 0.00675496, -146.384, 0.00565937, 34.1311
492, 8.20833, 2.28483, 62.1003, 134.201, -136.19, 134.052, 42.7789, 0.00113196, 31.8226, 0.00674091, -146.397, 0.00564775, 34.123
493, 8.21667, 2.27412, 61.9636, 133.947, -136.227, 133.801, 42.7455, 0.00112946, 31.7959, 0.00672691, -146.409, 0.00563618, 34.1151
493, 8.22500, 2.26348, 61.8274, 133.693, -136.264, 133.551, 42.7123, 0.00112696, 31.7695, 0.00671298, -146.42, 0.00562465, 34.1073
494, 8.23333, 2.25291, 61.6917, 133.44, -136.3, 133.302, 42.6792, 0.00112448, 31.7433, 0.0066991, -146.432, 0.00561318, 34.0997
495, 8.24167, 2.24241, 61.5564, 133.188, -136.337, 133.054, 42.6463, 0.00112201, 31.7173, 0.00668528, -146.444, 0.00560175, 34.0922
495, 8.25000, 2.23198, 61.4215, 132.937, -136.373, 132.807, 42.6135, 0.00111955, 31.6916, 0.00667151, -146.455, 0.00559037, 34.0848
495, 8.25833, 2.22162, 61.2871, 132.687, -136.409, 132.56, 42.5809, 0.00111709, 31.666, 0.00665781, -146.466, 0.00557903, 34.0776
496, 8.26667, 2.21132, 61.1531, 132.437, -136.445, 132.315, 42.5485, 0.00111465, 31.6407, 0.00664415, -146.477, 0.00556774, 34.0705
497, 8.27500, 2.2011, 61.0195, 132.189, -136.48, 132.071, 42.5162, 0.00111222, 31.6155, 0.00663055, -146.488, 0.00555649, 34.0636
497, 8.28333, 2.19094, 60.8864, 131.942, -136.516, 131.827, 42.484, 0.0011098, 31.5906, 0.00661701, -146.499, 0.0055453, 34.0568
498, 8.29167, 2.18084, 60.7537, 131.696, -136.551, 131.584, 42.452, 0.00110739, 31.5659, 0.00660352, -146.51, 0.00553414, 34.0501
498, 8.30000, 2.17081, 60.6215, 131.45, -136.586, 131.343, 42.4202, 0.00110499, 31.5413, 0.00659009, -146.52, 0.00552303, 34.0435
498, 8.30833, 2.16085, 60.4896, 131.206, -136.621, 131.102, 42.3885, 0.00110259, 31.517, 0.00657671, -146.531, 0.00551197, 34.0371
499, 8.31667, 2.15095, 60.3582, 130.962, -136.656, 130.862, 42.3569, 0.00110021, 31.4929, 0.00656338, -146.541, 0.00550095, 34.0309
500, 8.32500, 2.14111, 60.2272, 130.72, -136.691, 130.623, 42.3255, 0.00109784, 31.469, 0.00655011, -146.551, 0.00548997, 34.0247
500, 8.33333, 2.13134, 60.0967, 130.478, -136.725, 130.385, 42.2943, 0.00109548, 31.4452, 0.00653689, -146.561, 0.00547904, 34.0187
501, 8.34167, 2.12163, 59.9665, 130.237, -136.759, 130.148, 42.2632, 0.00109313, 31.4217, 0.00652372, -146.571, 0.00546815, 34.0128
501, 8.35000, 2.11198, 59.8368, 129.997, -136.794, 129.912, 42.2322, 0.00109078, 31.3983, 0.00651061, -146.58, 0.00545731, 34.0071
501, 8.35833, 2.1024, 59.7075, 129.758, -136.828, 129.676, 42.2014, 0.00108845, 31.3752, 0.00649755, -146.59, 0.00544651, 34.0014
502, 8.36667, 2.09287, 59.5786, 129.52, -136.861, 129.442, 42.1707, 0.00108613, 31.3523, 0.00648454, -146.599, 0.00543575, 33.9959
503, 8.37500, 2.08341, 59.4501, 129.283, -136.895, 129.208, 42.1402, 0.00108381, 31.3295, 0.00647158, -146.608, 0.00542503, 33.9906
503, 8.38333, 2.07401, 59.322, 129.047, -136.929, 128.975, 42.1098, 0.00108151, 31.3069, 0.00645868, -146.618, 0.00541436, 33.9853
504, 8.39167, 2.06466, 59.1943, 128.811, -136.962, 128.743, 42.0795, 0.00107921, 31.2845, 0.00644582, -146.626, 0.00540373, 33.9802
504, 8.40000, 2.05538, 59.067, 128.576, -136.995, 128.512, 42.0494, 0.00107693, 31.2623, 0.00643302, -146.635, 0.00539314, 33.9752
504, 8.40833, 2.04616, 58.9401, 128.343, -137.028, 128.282, 42.0194, 0.00107465, 31.2403, 0.00642027, -146.644, 0.00538259, 33.9703
505, 8.41667, 2.03699, 58.8136, 128.11, -137.061, 128.052, 41.9895, 0.00107239, 31.2185, 0.00640756, -146.653, 0.00537209, 33.9655
506, 8.42500, 2.02789, 58.6875, 127.878, -137.094, 127.824, 41.9598, 0.00107013, 31.1968, 0.00639491, -146.661, 0.00536162, 33.9609
506, 8.43333, 2.01884, 58.5619, 127.647, -137.126, 127.596, 41.9303, 0.00106788, 31.1754, 0.00638231, -146.669, 0.0053512, 33.9563
507, 8.44167, 2.00985, 58.4365, 127.416, -137.159, 127.369, 41.9008, 0.00106564, 31.1541, 0.00636975, -146.677, 0.00534081, 33.9519
507, 8.45000, 2.00091, 58.3116, 127.187, -137.191, 127.143, 41.8715, 0.00106341, 31.133, 0.00635725, -146.685, 0.00533047, 33.9476
507, 8.45833, 1.99204, 58.1871, 126.958, -137.223, 126.917, 41.8423, 0.00106119, 31.1121, 0.00634479, -146.693, 0.00532017, 33.9435
508, 8.46667, 1.98321, 58.063, 126.73, -137.255, 126.693, 41.8133, 0.00105898, 31.0913, 0.00633238, -146.701, 0.00530991, 33.9394
509, 8.47500, 1.97445, 57.9392, 126.503, -137.287, 126.469, 41.7844, 0.00105677, 31.0707, 0.00632003, -146.709, 0.00529969, 33.9355
509, 8.48333, 1.96574, 57.8159, 126.277, -137.319, 126.246, 41.7556, 0.00105458, 31.0503, 0.00630772, -146.716, 0.00528951, 33.9316
510, 8.49167, 1.95708, 57.6929, 126.052, -137.35, 126.024, 41.727, 0.00105239, 31.0301, 0.00629545, -146.724, 0.00527936, 33.9279
510, 8.50000, 1.94848, 57.5703, 125.827, -137.382, 125.803, 41.6984, 0.00105021, 31.01, 0.00628324, -146.731, 0.00526926, 33.9243
510, 8.50833, 1.93993, 57.4481, 125.604, -137.413, 125.583, 41.6701, 0.00104805, 30.9902, 0.00627107, -146.738, 0.0052592, 33.9208
511, 8.51667, 1.93144, 57.3262, 125.381, -137.444, 125.363, 41.6418, 0.00104589, 30.9704, 0.00625895, -146.745, 0.00524917, 33.9175
512, 8.52500, 1.923, 57.2047, 125.159, -137.475, 125.144, 41.6136, 0.00104374, 30.9509, 0.00624688, -146.752, 0.00523918, 33.9142
512, 8.53333, 1.91461, 57.0836, 124.938, -137.506, 124.926, 41.5856, 0.00104159, 30.9315, 0.00623485, -146.759, 0.00522923, 33.911
513, 8.54167, 1.90627, 56.9629, 124.717, -137.537, 124.709, 41.5577, 0.00103946, 30.9123, 0.00622287, -146.765, 0.00521932, 33.908
513, 8.55000, 1.89799, 56.8425, 124.497, -137.567, 124.492, 41.53, 0.00103733, 30.8933, 0.00621093, -146.772, 0.00520945, 33.905
514, 8.55833, 1.88975, 56.7225, 124.278, -137.598, 124.276, 41.5023, 0.00103522, 30.8744, 0.00619904, -146.778, 0.00519962, 33.9022
514, 8.56667, 1.88157, 56.6028, 124.06, -137.628, 124.061, 41.4748, 0.00103311, 30.8556, 0.0061872, -146.785, 0.00518982, 33.8995
514, 8.57500, 1.87344, 56.4836, 123.843, -137.658, 123.847, 41.4474, 0.00103101, 30.8371, 0.0061754, -146.791, 0.00518006, 33.8968
515, 8.58333, 1.86536, 56.3647, 123.626, -137.688, 123.634, 41.4201, 0.00102891, 30.8187, 0.00616365, -146.797, 0.00517034, 33.8943
516, 8.59167, 1.85733, 56.2461, 123.411, -137.718, 123.421, 41.393, 0.00102683, 30.8004, 0.00615194, -146.803, 0.00516065, 33.8919
516, 8.60000, 1.84934, 56.1279, 123.196, -137.748, 123.209, 41.366, 0.00102475, 30.7823, 0.00614028, -146.809, 0.005151, 33.8896
517, 8.60833, 1.84141, 56.0101, 122.981, -137.778, 122.998, 41.339, 0.00102269, 30.7644, 0.00612866, -146.815, 0.00514139, 33.8874
517, 8.61667, 1.83353, 55.8926, 122.768, -137.807, 122.787, 41.3122, 0.00102063, 30.7466, 0.00611708, -146.82, 0.00513181, 33.8853
518, 8.62500, 1.82569, 55.7754, 122.555, -137.837, 122.577, 41.2856, 0.00101858, 30.729, 0.00610555, -146.826, 0.00512227, 33.8833
518, 8.63333, 1.8179, 55.6587, 122.343, -137.866, 122.368, 41.259, 0.00101653, 30.7116, 0.00609406, -146.831, 0.00511277, 33.8814
518, 8.64167, 1.81016, 55.5422, 122.132, -137.895, 122.16, 41.2325, 0.0010145, 30.6943, 0.00608262, -146.836, 0.0051033, 33.8796
519, 8.65000, 1.80247, 55.4261, 121.921, -137.924, 121.952, 41.2062, 0.00101247, 30.6771, 0.00607121, -146.842, 0.00509387, 33.8778
520, 8.65833, 1.79483, 55.3104, 121.711, -137.953, 121.746, 41.18, 0.00101045, 30.6601, 0.00605986, -146.847, 0.00508447, 33.8762
520, 8.66667, 1.78723, 55.195, 121.502, -137.981, 121.539, 41.1539, 0.00100844, 30.6432, 0.00604854, -146.852, 0.00507511, 33.8747
521, 8.67500, 1.77968, 55.0799, 121.294, -138.01, 121.334, 41.1279, 0.00100644, 30.6265, 0.00603727, -146.856, 0.00506578, 33.8733
521, 8.68333, 1.77217, 54.9652, 121.087, -138.038, 121.129, 41.102, 0.00100444, 30.61, 0.00602603, -146.861, 0.00505649, 33.872
522, 8.69167, 1.76471, 54.8508, 120.88, -138.067, 120.925, 41.0762, 0.00100245, 30.5935, 0.00601484, -146.866, 0.00504723, 33.8708
522, 8.70000, 1.75729, 54.7368, 120.674, -138.095, 120.722, 41.0506, 0.00100047, 30.5773, 0.0060037, -146.87, 0.00503801, 33.8696
522, 8.70833, 1.74992, 54.6231, 120.468, -138.123, 120.52, 41.025, 0.000998497, 30.5612, 0.00599259, -146.875, 0.00502882, 33.8686
523, 8.71667, 1.7426, 54.5097, 120.263, -138.151, 120.318, 40.9996, 0.000996531, 30.5452, 0.00598152, -146.879, 0.00501966, 33.8677
524, 8.72500, 1.73531, 54.3967, 120.059, -138.179, 120.116, 40.9743, 0.000994573, 30.5293, 0.0059705, -146.883, 0.00501054, 33.8668
524, 8.73333, 1.72808, 54.284, 119.856, -138.207, 119.916, 40.9491, 0.000992623, 30.5136, 0.00595952, -146.887, 0.00500145, 33.8661
525, 8.74167, 1.72088, 54.1716, 119.654, -138.234, 119.716, 40.9239, 0.00099068, 30.4981, 0.00594857, -146.892, 0.0049924, 33.8654
525, 8.75000, 1.71373, 54.0596, 119.452, -138.262, 119.517, 40.8989, 0.000988745, 30.4827, 0.00593767, -146.895, 0.00498338, 33.8648
526, 8.75833, 1.70662, 53.9479, 119.25, -138.289, 119.318, 40.874, 0.000986816, 30.4674, 0.00592681, -146.899, 0.00497439, 33.8644
526, 8.76667, 1.69956, 53.8365, 119.05, -138.316, 119.121, 40.8492, 0.000984896, 30.4523, 0.00591599, -146.903, 0.00496544, 33.864
527, 8.77500, 1.69254, 53.7255, 118.85, -138.344, 118.924, 40.8246, 0.000982982, 30.4373, 0.00590521, -146.907, 0.00495651, 33.8637
527, 8.78333, 1.68555, 53.6147, 118.651, -138.371, 118.727, 40.8, 0.000981076, 30.4224, 0.00589446, -146.91, 0.00494763, 33.8635
528, 8.79167, 1.67861, 53.5043, 118.453, -138.398, 118.531, 40.7755, 0.000979177, 30.4077, 0.00588376, -146.914, 0.00493877, 33.8633
528, 8.80000, 1.67172, 53.3942, 118.255, -138.424, 118.336, 40.7511, 0.000977285, 30.3931, 0.0058731, -146.917, 0.00492994, 33.8633
529, 8.80833, 1.66486, 53.2844, 118.058, -138.451, 118.142, 40.7269, 0.000975401, 30.3786, 0.00586247, -146.92, 0.00492115, 33.8633
529, 8.81667, 1.65804, 53.175, 117.861, -138.478, 117.948, 40.7027, 0.000973523, 30.3643, 0.00585189, -146.923, 0.00491239, 33.8635
530, 8.82500, 1.65127, 53.0658, 117.666, -138.504, 117.755, 40.6786, 0.000971653, 30.3501, 0.00584134, -146.926, 0.00490366, 33.8637
530, 8.83333, 1.64453, 52.957, 117.47, -138.53, 117.562, 40.6547, 0.00096979, 30.3361, 0.00583083, -146.929, 0.00489496, 33.864
531, 8.84167, 1.63784, 52.8485, 117.276, -138.557, 117.37, 40.6308, 0.000967933, 30.3221, 0.00582036, -146.932, 0.0048863, 33.8644
531, 8.85000, 1.63118, 52.7403, 117.082, -138.583, 117.179, 40.607, 0.000966084, 30.3083, 0.00580992, -146.935, 0.00487766, 33.8649
532, 8.85833, 1.62457, 52.6324, 116.889, -138.609, 116.989, 40.5834, 0.000964242, 30.2946, 0.00579953, -146.938, 0.00486906, 33.8654
532, 8.86667, 1.61799, 52.5248, 116.697, -138.635, 116.799, 40.5598, 0.000962406, 30.2811, 0.00578917, -146.94, 0.00486049, 33.8661
533, 8.87500, 1.61145, 52.4176, 116.505, -138.66, 116.609, 40.5363, 0.000960577, 30.2677, 0.00577885, -146.943, 0.00485195, 33.8668
533, 8.88333, 1.60495, 52.3106, 116.314, -138.686, 116.421, 40.513, 0.000958756, 30.2544, 0.00576857, -146.945, 0.00484344, 33.8676
534, 8.89167, 1.59849, 52.204, 116.123, -138.712, 116.233, 40.4897, 0.000956941, 30.2412, 0.00575832, -146.947, 0.00483495, 33.8685
534, 8.90000, 1.59206, 52.0976, 115.933, -138.737, 116.045, 40.4665, 0.000955132, 30.2282, 0.00574811, -146.95, 0.0048265, 33.8694
535, 8.90833, 1.58568, 51.9916, 115.744, -138.762, 115.859, 40.4434, 0.000953331, 30.2152, 0.00573794, -146.952, 0.00481809, 33.8705
535, 8.91667, 1.57933, 51.8858, 115.555, -138.788, 115.672, 40.4204, 0.000951536, 30.2024, 0.0057278, -146.954, 0.00480969, 33.8716
536, 8.92500, 1.57302, 51.7804, 115.367, -138.813, 115.487, 40.3976, 0.000949748, 30.1898, 0.0057177, -146.956, 0.00480133, 33.8728
536, 8.93333, 1.56674, 51.6752, 115.18, -138.838, 115.302, 40.3748, 0.000947966, 30.1772, 0.00570763, -146.958, 0.004793, 33.8741
537, 8.94167, 1.56051, 51.5704, 114.993, -138.863, 115.117, 40.3521, 0.000946191, 30.1648, 0.0056976, -146.959, 0.0047847, 33.8755
537, 8.95000, 1.5543, 51.4659, 114.807, -138.888, 114.934, 40.3294, 0.000944423, 30.1525, 0.00568761, -146.961, 0.00477643, 33.8769
538, 8.95833, 1.54814, 51.3616, 114.621, -138.912, 114.751, 40.3069, 0.000942661, 30.1403, 0.00567765, -146.963, 0.00476819, 33.8784
538, 8.96667, 1.54201, 51.2576, 114.437, -138.937, 114.568, 40.2845, 0.000940905, 30.1282, 0.00566773, -146.964, 0.00475997, 33.88
539, 8.97500, 1.53591, 51.154, 114.252, -138.961, 114.386, 40.2622, 0.000939156, 30.1162, 0.00565784, -146.966, 0.00475179, 33.8817
539, 8.98333, 1.52985, 51.0506, 114.069, -138.986, 114.205, 40.2399, 0.000937413, 30.1044, 0.00564799, -146.967, 0.00474363, 33.8834
539, 8.99167, 1.52383, 50.9475, 113.885, -139.01, 114.024, 40.2178, 0.000935677, 30.0927, 0.00563817, -146.968, 0.00473551, 33.8852
540, 9.00000, 1.51784, 50.8447, 113.703, -139.034, 113.844, 40.1957, 0.000933947, 30.081, 0.00562839, -146.97, 0.00472741, 33.8871
541, 9.00833, 1.51189, 50.7423, 113.521, -139.058, 113.664, 40.1738, 0.000932224, 30.0695, 0.00561864, -146.971, 0.00471934, 33.8891
541, 9.01667, 1.50597, 50.64, 113.34, -139.083, 113.485, 40.1519, 0.000930506, 30.0582, 0.00560893, -146.972, 0.0047113, 33.8911
542, 9.02500, 1.50008, 50.5381, 113.159, -139.106, 113.307, 40.1301, 0.000928795, 30.0469, 0.00559925, -146.973, 0.00470328, 33.8932
542, 9.03333, 1.49423, 50.4365, 112.979, -139.13, 113.129, 40.1084, 0.00092709, 30.0357, 0.0055896, -146.974, 0.0046953, 33.8954
543, 9.04167, 1.48841, 50.3351, 112.799, -139.154, 112.952, 40.0868, 0.000925392, 30.0247, 0.00557999, -146.974, 0.00468734, 33.8977
543, 9.05000, 1.48262, 50.2341, 112.621, -139.178, 112.775, 40.0652, 0.000923699, 30.0137, 0.00557041, -146.975, 0.00467941, 33.9
543, 9.05833, 1.47687, 50.1333, 112.442, -139.201, 112.599, 40.0438, 0.000922013, 30.0029, 0.00556086, -146.976, 0.0046715, 33.9024
544, 9.06667, 1.47115, 50.0328, 112.264, -139.225, 112.423, 40.0224, 0.000920332, 29.9922, 0.00555135, -146.976, 0.00466363, 33.9049
545, 9.07500, 1.46546, 49.9325, 112.087, -139.248, 112.248, 40.0011, 0.000918658, 29.9816, 0.00554187, -146.977, 0.00465578, 33.9074
545, 9.08333, 1.45981, 49.8326, 111.911, -139.271, 112.074, 39.98, 0.00091699, 29.9711, 0.00553242, -146.977, 0.00464796, 33.91
546, 9.09167, 1.45419, 49.7329, 111.734, -139.294, 111.9, 39.9589, 0.000915327, 29.9607, 0.005523, -146.978, 0.00464016, 33.9127
546, 9.10000, 1.4486, 49.6335, 111.559, -139.317, 111.726, 39.9378, 0.000913671, 29.9504, 0.00551362, -146.978, 0.00463239, 33.9154
547, 9.10833, 1.44304, 49.5344, 111.384, -139.34, 111.554, 39.9169, 0.000912021, 29.9402, 0.00550427, -146.978, 0.00462465, 33.9182
547, 9.11667, 1.43751, 49.4356, 111.21, -139.363, 111.381, 39.8961, 0.000910376, 29.9301, 0.00549496, -146.978, 0.00461694, 33.9211
547, 9.12500, 1.43202, 49.337, 111.036, -139.386, 111.21, 39.8753, 0.000908738, 29.9201, 0.00548567, -146.978, 0.00460925, 33.924
548, 9.13333, 1.42655, 49.2387, 110.863, -139.409, 111.038, 39.8546, 0.000907105, 29.9103, 0.00547642, -146.978, 0.00460159, 33.9271
549, 9.14167, 1.42112, 49.1407, 110.69, -139.431, 110.868, 39.834, 0.000905478, 29.9005, 0.00546719, -146.978, 0.00459395, 33.9301
549, 9.15000, 1.41572, 49.043, 110.518, -139.454, 110.698, 39.8135, 0.000903857, 29.8908, 0.005458, -146.978, 0.00458634, 33.9333
550, 9.15833, 1.41035, 48.9455, 110.346, -139.476, 110.528, 39.793, 0.000902241, 29.8813, 0.00544885, -146.978, 0.00457876, 33.9365
550, 9.16667, 1.405, 48.8483, 110.175, -139.498, 110.359, 39.7727, 0.000900632, 29.8718, 0.00543972, -146.977, 0.0045712, 33.9398
551, 9.17500, 1.39969, 48.7513, 110.005, -139.521, 110.191, 39.7524, 0.000899028, 29.8625, 0.00543062, -146.977, 0.00456366, 33.9431
551, 9.18333, 1.39441, 48.6547, 109.835, -139.543, 110.023, 39.7322, 0.000897429, 29.8532, 0.00542155, -146.976, 0.00455616, 33.9465
552, 9.19167, 1.38916, 48.5583, 109.665, -139.565, 109.855, 39.7121, 0.000895837, 29.844, 0.00541252, -146.976, 0.00454867, 33.95
552, 9.20000, 1.38393, 48.4621, 109.496, -139.587, 109.688, 39.692, 0.00089425, 29.835, 0.00540351, -146.975, 0.00454122, 33.9535
553, 9.20833, 1.37874, 48.3663, 109.328, -139.609, 109.522, 39.6721, 0.000892668, 29.826, 0.00539454, -146.975, 0.00453379, 33.9571
553, 9.21667, 1.37357, 48.2706, 109.16, -139.631, 109.356, 39.6522, 0.000891092, 29.8171, 0.0053856, -146.974, 0.00452638, 33.9607
554, 9.22500, 1.36844, 48.1753, 108.993, -139.652, 109.191, 39.6324, 0.000889522, 29.8084, 0.00537668, -146.973, 0.004519, 33.9645
554, 9.23333, 1.36333, 48.0802, 108.826, -139.674, 109.026, 39.6127, 0.000887957, 29.7997, 0.0053678, -146.972, 0.00451164, 33.9682
555, 9.24167, 1.35825, 47.9854, 108.66, -139.695, 108.862, 39.593, 0.000886397, 29.7911, 0.00535895, -146.971, 0.00450431, 33.9721
555, 9.25000, 1.3532, 47.8908, 108.494, -139.717, 108.698, 39.5734, 0.000884843, 29.7826, 0.00535012, -146.97, 0.004497, 33.976
556, 9.25833, 1.34818, 47.7965, 108.329, -139.738, 108.535, 39.5539, 0.000883295, 29.7742, 0.00534133, -146.969, 0.00448972, 33.9799
556, 9.26667, 1.34318, 47.7024, 108.164, -139.76, 108.372, 39.5345, 0.000881751, 29.7659, 0.00533256, -146.968, 0.00448246, 33.984
557, 9.27500, 1.33822, 47.6087, 108, -139.781, 108.209, 39.5151, 0.000880213, 29.7577, 0.00532383, -146.967, 0.00447522, 33.988
557, 9.28333, 1.33328, 47.5151, 107.836, -139.802, 108.048, 39.4959, 0.000878681, 29.7496, 0.00531512, -146.965, 0.00446801, 33.9922
558, 9.29167, 1.32836, 47.4218, 107.673, -139.823, 107.886, 39.4767, 0.000877154, 29.7416, 0.00530644, -146.964, 0.00446082, 33.9964
558, 9.30000, 1.32348, 47.3288, 107.51, -139.844, 107.725, 39.4575, 0.000875632, 29.7337, 0.00529779, -146.963, 0.00445366, 34.0006
559, 9.30833, 1.31862, 47.2361, 107.348, -139.865, 107.565, 39.4385, 0.000874115, 29.7258, 0.00528917, -146.961, 0.00444652, 34.0049
559, 9.31667, 1.31379, 47.1435, 107.186, -139.886, 107.405, 39.4195, 0.000872603, 29.7181, 0.00528058, -146.96, 0.0044394, 34.0093
560, 9.32500, 1.30898, 47.0513, 107.025, -139.906, 107.246, 39.4006, 0.000871097, 29.7104, 0.00527202, -146.958, 0.00443231, 34.0137
560, 9.33333, 1.30421, 46.9593, 106.864, -139.927, 107.087, 39.3818, 0.000869596, 29.7029, 0.00526349, -146.956, 0.00442524, 34.0182
561, 9.34167, 1.29945, 46.8675, 106.704, -139.947, 106.929, 39.363, 0.0008681, 29.6954, 0.00525498, -146.955, 0.00441819, 34.0228
561, 9.35000, 1.29473, 46.776, 106.545, -139.968, 106.771, 39.3443, 0.000866609, 29.688, 0.0052465, -146.953, 0.00441117, 34.0274
562, 9.35833, 1.29003, 46.6847, 106.385, -139.988, 106.613, 39.3257, 0.000865124, 29.6807, 0.00523805, -146.951, 0.00440417, 34.032
562, 9.36667, 1.28535, 46.5937, 106.227, -140.009, 106.456, 39.3071, 0.000863643, 29.6735, 0.00522963, -146.949, 0.00439719, 34.0367
563, 9.37500, 1.2807, 46.5029, 106.068, -140.029, 106.3, 39.2887, 0.000862167, 29.6664, 0.00522123, -146.947, 0.00439024, 34.0415
563, 9.38333, 1.27608, 46.4124, 105.911, -140.049, 106.144, 39.2702, 0.000860697, 29.6593, 0.00521286, -146.945, 0.00438331, 34.0463
564, 9.39167, 1.27148, 46.3221, 105.753, -140.069, 105.988, 39.2519, 0.000859231, 29.6524, 0.00520452, -146.943, 0.0043764, 34.0512
564, 9.40000, 1.26691, 46.2321, 105.597, -140.089, 105.833, 39.2336, 0.000857771, 29.6455, 0.00519621, -146.941, 0.00436951, 34.0561
564, 9.40833, 1.26236, 46.1423, 105.44, -140.109, 105.679, 39.2154, 0.000856315, 29.6387, 0.00518792, -146.939, 0.00436265, 34.0611
565, 9.41667, 1.25783, 46.0528, 105.284, -140.129, 105.524, 39.1973, 0.000854864, 29.632, 0.00517966, -146.936, 0.0043558, 34.0661
566, 9.42500, 1.25333, 45.9635, 105.129, -140.149, 105.371, 39.1792, 0.000853418, 29.6254, 0.00517143, -146.934, 0.00434898, 34.0712
566, 9.43333, 1.24886, 45.8744, 104.974, -140.168, 105.218, 39.1612, 0.000851978, 29.6188, 0.00516323, -146.932, 0.00434218, 34.0764
567, 9.44167, 1.24441, 45.7856, 104.82, -140.188, 105.065, 39.1433, 0.000850541, 29.6124, 0.00515505, -146.929, 0.00433541, 34.0815
567, 9.45000, 1.23998, 45.697, 104.666, -140.208, 104.913, 39.1254, 0.00084911, 29.606, 0.00514689, -146.927, 0.00432865, 34.0868
568, 9.45833, 1.23558, 45.6087, 104.512, -140.227, 104.761, 39.1076, 0.000847684, 29.5997, 0.00513877, -146.924, 0.00432192, 34.0921
568, 9.46667, 1.2312, 45.5206, 104.359, -140.246, 104.609, 39.0899, 0.000846262, 29.5935, 0.00513067, -146.921, 0.00431521, 34.0974
568, 9.47500, 1.22684, 45.4327, 104.206, -140.266, 104.458, 39.0723, 0.000844845, 29.5874, 0.00512259, -146.919, 0.00430852, 34.1028
569, 9.48333, 1.22251, 45.3451, 104.054, -140.285, 104.308, 39.0547, 0.000843433, 29.5813, 0.00511455, -146.916, 0.00430185, 34.1083
570, 9.49167, 1.2182, 45.2577, 103.903, -140.304, 104.158, 39.0371, 0.000842026, 29.5754, 0.00510652, -146.913, 0.0042952, 34.1138
570, 9.50000, 1.21391, 45.1705, 103.751, -140.323, 104.008, 39.0197, 0.000840623, 29.5695, 0.00509853, -146.91, 0.00428858, 34.1193
571, 9.50833, 1.20965, 45.0836, 103.601, -140.342, 103.859, 39.0023, 0.000839225, 29.5637, 0.00509055, -146.907, 0.00428197, 34.1249
571, 9.51667, 1.20541, 44.9969, 103.45, -140.361, 103.71, 38.9849, 0.000837831, 29.5579, 0.00508261, -146.904, 0.00427539, 34.1306
572, 9.52500, 1.20119, 44.9105, 103.3, -140.38, 103.562, 38.9676, 0.000836443, 29.5523, 0.00507469, -146.901, 0.00426882, 34.1363
572, 9.53333, 1.197, 44.8243, 103.151, -140.399, 103.414, 38.9504, 0.000835058, 29.5467, 0.00506679, -146.898, 0.00426228, 34.142
572, 9.54167, 1.19282, 44.7383, 103.002, -140.418, 103.266, 38.9333, 0.000833679, 29.5412, 0.00505892, -146.895, 0.00425576, 34.1478
573, 9.55000, 1.18867, 44.6526, 102.853, -140.437, 103.119, 38.9162, 0.000832304, 29.5357, 0.00505108, -146.892, 0.00424926, 34.1536
574, 9.55833, 1.18454, 44.5671, 102.705, -140.455, 102.973, 38.8992, 0.000830933, 29.5304, 0.00504326, -146.889, 0.00424278, 34.1595
574, 9.56667, 1.18044, 44.4818, 102.558, -140.474, 102.827, 38.8822, 0.000829567, 29.5251, 0.00503546, -146.886, 0.00423632, 34.1655
575, 9.57500, 1.17635, 44.3967, 102.41, -140.492, 102.681, 38.8653, 0.000828206, 29.5199, 0.00502769, -146.882, 0.00422988, 34.1714
575, 9.58333, 1.17229, 44.3119, 102.264, -140.511, 102.536, 38.8485, 0.000826849, 29.5148, 0.00501995, -146.879, 0.00422346, 34.1775
576, 9.59167, 1.16825, 44.2273, 102.117, -140.529, 102.391, 38.8317, 0.000825496, 29.5097, 0.00501222, -146.875, 0.00421706, 34.1835
576, 9.60000, 1.16422, 44.1429, 101.971, -140.547, 102.246, 38.815, 0.000824148, 29.5047, 0.00500453, -146.872, 0.00421068, 34.1897
577, 9.60833, 1.16023, 44.0588, 101.826, -140.565, 102.102, 38.7984, 0.000822804, 29.4998, 0.00499685, -146.868, 0.00420432, 34.1958
577, 9.61667, 1.15625, 43.9749, 101.681, -140.584, 101.959, 38.7818, 0.000821465, 29.495, 0.0049892, -146.865, 0.00419798, 34.202
578, 9.62500, 1.15229, 43.8912, 101.536, -140.602, 101.815, 38.7652, 0.00082013, 29.4902, 0.00498158, -146.861, 0.00419166, 34.2083
578, 9.63333, 1.14835, 43.8077, 101.392, -140.62, 101.673, 38.7488, 0.000818799, 29.4855, 0.00497398, -146.857, 0.00418536, 34.2146
579, 9.64167, 1.14444, 43.7245, 101.248, -140.638, 101.53, 38.7324, 0.000817473, 29.4809, 0.0049664, -146.854, 0.00417908, 34.2209
579, 9.65000, 1.14054, 43.6415, 101.104, -140.655, 101.388, 38.716, 0.000816151, 29.4764, 0.00495885, -146.85, 0.00417282, 34.2273
580, 9.65833, 1.13667, 43.5587, 100.961, -140.673, 101.247, 38.6997, 0.000814833, 29.4719, 0.00495132, -146.846, 0.00416658, 34.2338
580, 9.66667, 1.13281, 43.4761, 100.819, -140.691, 101.105, 38.6835, 0.00081352, 29.4675, 0.00494381, -146.842, 0.00416036, 34.2403
581, 9.67500, 1.12898, 43.3938, 100.676, -140.709, 100.965, 38.6673, 0.00081221, 29.4631, 0.00493632, -146.838, 0.00415415, 34.2468
581, 9.68333, 1.12517, 43.3117, 100.535, -140.726, 100.824, 38.6512, 0.000810905, 29.4589, 0.00492886, -146.834, 0.00414797, 34.2533
582, 9.69167, 1.12137, 43.2297, 100.393, -140.744, 100.684, 38.6351, 0.000809604, 29.4547, 0.00492143, -146.83, 0.0041418, 34.26
582, 9.70000, 1.1176, 43.1481, 100.252, -140.761, 100.545, 38.6191, 0.000808308, 29.4505, 0.00491401, -146.826, 0.00413566, 34.2666
583, 9.70833, 1.11384, 43.0666, 100.112, -140.779, 100.405, 38.6032, 0.000807016, 29.4465, 0.00490662, -146.822, 0.00412953, 34.2733
583, 9.71667, 1.11011, 42.9854, 99.9716, -140.796, 100.267, 38.5873, 0.000805727, 29.4425, 0.00489925, -146.818, 0.00412342, 34.28
584, 9.72500, 1.10639, 42.9044, 99.8319, -140.813, 100.128, 38.5715, 0.000804443, 29.4385, 0.0048919, -146.813, 0.00411733, 34.2868
584, 9.73333, 1.10269, 42.8236, 99.6925, -140.831, 99.9903, 38.5557, 0.000803163, 29.4347, 0.00488458, -146.809, 0.00411126, 34.2936
585, 9.74167, 1.09902, 42.743, 99.5536, -140.848, 99.8527, 38.54, 0.000801887, 29.4309, 0.00487728, -146.805, 0.00410521, 34.3005
585, 9.75000, 1.09536, 42.6626, 99.415, -140.865, 99.7154, 38.5243, 0.000800615, 29.4271, 0.00487, -146.801, 0.00409918, 34.3074
586, 9.75833, 1.09172, 42.5825, 99.2768, -140.882, 99.5786, 38.5087, 0.000799347, 29.4235, 0.00486274, -146.796, 0.00409316, 34.3143
586, 9.76667, 1.0881, 42.5025, 99.139, -140.899, 99.4421, 38.4932, 0.000798083, 29.4199, 0.00485551, -146.792, 0.00408716, 34.3213
587, 9.77500, 1.08449, 42.4228, 99.0017, -140.916, 99.306, 38.4777, 0.000796824, 29.4163, 0.0048483, -146.787, 0.00408118, 34.3284
587, 9.78333, 1.08091, 42.3433, 98.8647, -140.933, 99.1703, 38.4622, 0.000795568, 29.4129, 0.00484111, -146.783, 0.00407522, 34.3354
588, 9.79167, 1.07735, 42.264, 98.728, -140.95, 99.035, 38.4469, 0.000794316, 29.4094, 0.00483394, -146.778, 0.00406928, 34.3425
588, 9.80000, 1.0738, 42.185, 98.5918, -140.966, 98.9, 38.4315, 0.000793068, 29.4061, 0.00482679, -146.773, 0.00406335, 34.3497
589, 9.80833, 1.07027, 42.1061, 98.456, -140.983, 98.7655, 38.4163, 0.000791824, 29.4028, 0.00481967, -146.769, 0.00405745, 34.3568
589, 9.81667, 1.06676, 42.0275, 98.3205, -141, 98.6313, 38.401, 0.000790584, 29.3996, 0.00481256, -146.764, 0.00405156, 34.3641
590, 9.82500, 1.06327, 41.949, 98.1854, -141.016, 98.4974, 38.3859, 0.000789348, 29.3964, 0.00480548, -146.759, 0.00404568, 34.3713
590, 9.83333, 1.05979, 41.8708, 98.0507, -141.033, 98.364, 38.3707, 0.000788116, 29.3933, 0.00479842, -146.754, 0.00403983, 34.3786
591, 9.84167, 1.05634, 41.7928, 97.9164, -141.049, 98.2309, 38.3557, 0.000786887, 29.3903, 0.00479138, -146.75, 0.00403399, 34.386
591, 9.85000, 1.0529, 41.715, 97.7824, -141.066, 98.0982, 38.3407, 0.000785663, 29.3873, 0.00478436, -146.745, 0.00402817, 34.3933
592, 9.85833, 1.04948, 41.6374, 97.6489, -141.082, 97.9658, 38.3257, 0.000784442, 29.3844, 0.00477736, -146.74, 0.00402237, 34.4008
592, 9.86667, 1.04607, 41.56, 97.5156, -141.098, 97.8338, 38.3108, 0.000783225, 29.3816, 0.00477039, -146.735, 0.00401659, 34.4082
593, 9.87500, 1.04269, 41.4829, 97.3828, -141.115, 97.7022, 38.296, 0.000782012, 29.3788, 0.00476343, -146.73, 0.00401082, 34.4157
593, 9.88333, 1.03932, 41.4059, 97.2504, -141.131, 97.5709, 38.2812, 0.000780803, 29.3761, 0.0047565, -146.725, 0.00400507, 34.4232
594, 9.89167, 1.03596, 41.3292, 97.1182, -141.147, 97.44, 38.2664, 0.000779597, 29.3734, 0.00474958, -146.72, 0.00399934, 34.4308
594, 9.90000, 1.03263, 41.2526, 96.9865, -141.163, 97.3095, 38.2517, 0.000778395, 29.3708, 0.00474269, -146.714, 0.00399362, 34.4384
595, 9.90833, 1.02931, 41.1763, 96.8552, -141.179, 97.1793, 38.2371, 0.000777197, 29.3682, 0.00473582, -146.709, 0.00398792, 34.446
595, 9.91667, 1.02601, 41.1002, 96.7241, -141.195, 97.0495, 38.2225, 0.000776003, 29.3657, 0.00472896, -146.704, 0.00398224, 34.4537
596, 9.92500, 1.02272, 41.0243, 96.5935, -141.211, 96.92, 38.2079, 0.000774812, 29.3633, 0.00472213, -146.699, 0.00397657, 34.4614
596, 9.93333, 1.01945, 40.9486, 96.4632, -141.227, 96.7909, 38.1934, 0.000773625, 29.3609, 0.00471532, -146.693, 0.00397093, 34.4692
597, 9.94167, 1.0162, 40.8731, 96.3333, -141.242, 96.6621, 38.179, 0.000772442, 29.3586, 0.00470853, -146.688, 0.00396529, 34.4769
597, 9.95000, 1.01297, 40.7978, 96.2037, -141.258, 96.5337, 38.1646, 0.000771262, 29.3563, 0.00470176, -146.683, 0.00395968, 34.4847
598, 9.95833, 1.00975, 40.7227, 96.0745, -141.274, 96.4056, 38.1502, 0.000770086, 29.3541, 0.00469501, -146.677, 0.00395408, 34.4926
598, 9.96667, 1.00654, 40.6478, 95.9456, -141.289, 96.2778, 38.1359, 0.000768914, 29.352, 0.00468827, -146.672, 0.0039485, 34.5005
599, 9.97500, 1.00336, 40.5731, 95.8171, -141.305, 96.1505, 38.1217, 0.000767745, 29.3499, 0.00468156, -146.666, 0.00394293, 34.5084
599, 9.98333, 1.00019, 40.4986, 95.689, -141.32, 96.0234, 38.1075, 0.00076658, 29.3479, 0.00467487, -146.661, 0.00393738, 34.5163
600, 9.99167, 0.997032, 40.4243, 95.5612, -141.336, 95.8967, 38.0933, 0.000765418, 29.3459, 0.0046682, -146.655, 0.00393185, 34.5243
600, 10.00000, 0.993893, 40.3503, 95.4337, -141.351, 95.7703, 38.0792, 0.00076426, 29.3439, 0.00466154, -146.65, 0.00392633, 34.5324
601, 10.00833, 0.99077, 40.2764, 95.3066, -141.367, 95.6443, 38.0652, 0.000763105, 29.3421, 0.00465491, -146.644, 0.00392083, 34.5404
601, 10.01667, 0.987662, 40.2027, 95.1798, -141.382, 95.5186, 38.0511, 0.000761954, 29.3403, 0.0046483, -146.638, 0.00391534, 34.5485
602, 10.02500, 0.984569, 40.1292, 95.0534, -141.397, 95.3933, 38.0372, 0.000760807, 29.3385, 0.0046417, -146.632, 0.00390987, 34.5566
602, 10.03333, 0.981493, 40.056, 94.9273, -141.412, 95.2683, 38.0233, 0.000759662, 29.3368, 0.00463513, -146.627, 0.00390442, 34.5648
603, 10.04167, 0.978431, 39.9829, 94.8016, -141.427, 95.1436, 38.0094, 0.000758522, 29.3351, 0.00462857, -146.621, 0.00389898, 34.573
603, 10.05000, 0.975385, 39.91, 94.6762, -141.443, 95.0192, 37.9956, 0.000757385, 29.3335, 0.00462203, -146.615, 0.00389356, 34.5812
604, 10.05833, 0.972354, 39.8374, 94.5511, -141.458, 94.8952, 37.9818, 0.000756251, 29.332, 0.00461551, -146.609, 0.00388815, 34.5894
604, 10.06667, 0.969338, 39.7649, 94.4264, -141.473, 94.7715, 37.9681, 0.00075512, 29.3305, 0.00460901, -146.603, 0.00388276, 34.5977
605, 10.07500, 0.966337, 39.6926, 94.302, -141.488, 94.6482, 37.9544, 0.000753993, 29.329, 0.00460253, -146.597, 0.00387738, 34.606
605, 10.08333, 0.96335, 39.6206, 94.1779, -141.502, 94.5252, 37.9408, 0.00075287, 29.3277, 0.00459607, -146.591, 0.00387202, 34.6144
606, 10.09167, 0.960379, 39.5487, 94.0542, -141.517, 94.4024, 37.9272, 0.00075175, 29.3263, 0.00458963, -146.585, 0.00386668, 34.6228
606, 10.10000, 0.957422, 39.477, 93.9308, -141.532, 94.2801, 37.9136, 0.000750633, 29.325, 0.0045832, -146.579, 0.00386135, 34.6312
607, 10.10833, 0.95448, 39.4056, 93.8077, -141.547, 94.158, 37.9001, 0.000749519, 29.3238, 0.0045768, -146.573, 0.00385603, 34.6396
607, 10.11667, 0.951553, 39.3343, 93.685, -141.561, 94.0363, 37.8867, 0.000748409, 29.3226, 0.00457041, -146.567, 0.00385073, 34.6481
608, 10.12500, 0.94864, 39.2632, 93.5626, -141.576, 93.9148, 37.8733, 0.000747302, 29.3215, 0.00456404, -146.561, 0.00384545, 34.6566
608, 10.13333, 0.945741, 39.1923, 93.4405, -141.591, 93.7938, 37.8599, 0.000746199, 29.3204, 0.00455769, -146.555, 0.00384018, 34.6651
609, 10.14167, 0.942856, 39.1216, 93.3187, -141.605, 93.673, 37.8466, 0.000745099, 29.3194, 0.00455135, -146.548, 0.00383493, 34.6737
609, 10.15000, 0.939986, 39.0511, 93.1973, -141.62, 93.5525, 37.8333, 0.000744002, 29.3184, 0.00454504, -146.542, 0.00382969, 34.6823
610, 10.15833, 0.93713, 38.9808, 93.0762, -141.634, 93.4324, 37.8201, 0.000742908, 29.3174, 0.00453874, -146.536, 0.00382447, 34.6909
610, 10.16667, 0.934288, 38.9107, 92.9554, -141.648, 93.3125, 37.8069, 0.000741818, 29.3166, 0.00453246, -146.529, 0.00381926, 34.6996
611, 10.17500, 0.931459, 38.8408, 92.8349, -141.663, 93.193, 37.7938, 0.00074073, 29.3157, 0.0045262, -146.523, 0.00381406, 34.7083
611, 10.18333, 0.928645, 38.7711, 92.7147, -141.677, 93.0738, 37.7807, 0.000739646, 29.3149, 0.00451996, -146.517, 0.00380888, 34.717
612, 10.19167, 0.925844, 38.7016, 92.5949, -141.691, 92.9549, 37.7676, 0.000738566, 29.3142, 0.00451373, -146.51, 0.00380372, 34.7257
612, 10.20000, 0.923058, 38.6322, 92.4753, -141.706, 92.8363, 37.7546, 0.000737488, 29.3135, 0.00450752, -146.504, 0.00379856, 34.7345
613, 10.20833, 0.920285, 38.5631, 92.3561, -141.72, 92.718, 37.7417, 0.000736414, 29.3129, 0.00450133, -146.497, 0.00379343, 34.7433
613, 10.21667, 0.917525, 38.4942, 92.2372, -141.734, 92.6, 37.7287, 0.000735342, 29.3123, 0.00449516, -146.491, 0.00378831, 34.7522
614, 10.22500, 0.914778, 38.4254, 92.1186, -141.748, 92.4823, 37.7158, 0.000734274, 29.3117, 0.004489, -146.484, 0.0037832, 34.761
614, 10.23333, 0.912046, 38.3569, 92.0003, -141.762, 92.365, 37.703, 0.000733209, 29.3112, 0.00448287, -146.478, 0.00377811, 34.7699
615, 10.24167, 0.909326, 38.2885, 91.8823, -141.776, 92.2479, 37.6902, 0.000732147, 29.3108, 0.00447674, -146.471, 0.00377303, 34.7788
615, 10.25000, 0.906619, 38.2203, 91.7647, -141.79, 92.1311, 37.6775, 0.000731089, 29.3104, 0.00447064, -146.464, 0.00376796, 34.7878
616, 10.25833, 0.903926, 38.1523, 91.6473, -141.804, 92.0147, 37.6647, 0.000730033, 29.31, 0.00446455, -146.458, 0.00376291, 34.7968
616, 10.26667, 0.901246, 38.0845, 91.5302, -141.817, 91.8985, 37.6521, 0.00072898, 29.3097, 0.00445848, -146.451, 0.00375787, 34.8058
617, 10.27500, 0.898579, 38.0169, 91.4135, -141.831, 91.7826, 37.6394, 0.000727931, 29.3094, 0.00445243, -146.444, 0.00375285, 34.8148
617, 10.28333, 0.895925, 37.9495, 91.297, -141.845, 91.667, 37.6268, 0.000726884, 29.3092, 0.00444639, -146.437, 0.00374784, 34.8238
618, 10.29167, 0.893283, 37.8823, 91.1809, -141.859, 91.5518, 37.6143, 0.000725841, 29.309, 0.00444037, -146.43, 0.00374285, 34.8329
618, 10.30000, 0.890654, 37.8152, 91.065, -141.872, 91.4368, 37.6018, 0.0007248, 29.3089, 0.00443437, -146.424, 0.00373787, 34.842
619, 10.30833, 0.888038, 37.7484, 90.9495, -141.886, 91.3221, 37.5893, 0.000723763, 29.3088, 0.00442839, -146.417, 0.0037329, 34.8512
619, 10.31667, 0.885435, 37.6817, 90.8342, -141.899, 91.2077, 37.5769, 0.000722729, 29.3088, 0.00442242, -146.41, 0.00372795, 34.8603
620, 10.32500, 0.882844, 37.6153, 90.7192, -141.913, 91.0936, 37.5645, 0.000721697, 29.3088, 0.00441646, -146.403, 0.00372301, 34.8695
620, 10.33333, 0.880266, 37.549, 90.6046, -141.926, 90.9797, 37.5522, 0.000720669, 29.3088, 0.00441053, -146.396, 0.00371808, 34.8787
621, 10.34167, 0.8777, 37.4829, 90.4902, -141.94, 90.8662, 37.5399, 0.000719643, 29.3089, 0.00440461, -146.389, 0.00371317, 34.888
621, 10.35000, 0.875146, 37.417, 90.3761, -141.953, 90.753, 37.5276, 0.000718621, 29.309, 0.0043987, -146.382, 0.00370827, 34.8973
622, 10.35833, 0.872605, 37.3513, 90.2624, -141.966, 90.64, 37.5154, 0.000717601, 29.3092, 0.00439282, -146.375, 0.00370338, 34.9066
622, 10.36667, 0.870075, 37.2857, 90.1488, -141.98, 90.5273, 37.5032, 0.000716585, 29.3094, 0.00438695, -146.368, 0.00369851, 34.9159
623, 10.37500, 0.867559, 37.2204, 90.0356, -141.993, 90.4149, 37.491, 0.000715571, 29.3097, 0.00438109, -146.361, 0.00369365, 34.9252
623, 10.38333, 0.865054, 37.1552, 89.9227, -142.006, 90.3028, 37.4789, 0.00071456, 29.31, 0.00437525, -146.353, 0.00368881, 34.9346
624, 10.39167, 0.86256, 37.0902, 89.8101, -142.019, 90.191, 37.4668, 0.000713552, 29.3103, 0.00436943, -146.346, 0.00368398, 34.944
624, 10.40000, 0.860079, 37.0254, 89.6977, -142.032, 90.0794, 37.4548, 0.000712547, 29.3107, 0.00436362, -146.339, 0.00367916, 34.9534
625, 10.40833, 0.85761, 36.9608, 89.5857, -142.046, 89.9682, 37.4428, 0.000711545, 29.3111, 0.00435783, -146.332, 0.00367435, 34.9629
625, 10.41667, 0.855152, 36.8964, 89.4739, -142.059, 89.8572, 37.4309, 0.000710545, 29.3116, 0.00435206, -146.325, 0.00366956, 34.9723
626, 10.42500, 0.852707, 36.8322, 89.3624, -142.072, 89.7465, 37.4189, 0.000709549, 29.3121, 0.0043463, -146.317, 0.00366478, 34.9818
626, 10.43333, 0.850273, 36.7681, 89.2512, -142.085, 89.636, 37.4071, 0.000708555, 29.3127, 0.00434055, -146.31, 0.00366001, 34.9914
627, 10.44167, 0.84785, 36.7043, 89.1403, -142.097, 89.5259, 37.3952, 0.000707564, 29.3133, 0.00433482, -146.303, 0.00365525, 35.0009
627, 10.45000, 0.845439, 36.6406, 89.0296, -142.11, 89.416, 37.3834, 0.000706576, 29.3139, 0.00432911, -146.295, 0.00365051, 35.0105
628, 10.45833, 0.843039, 36.5771, 88.9192, -142.123, 89.3064, 37.3717, 0.000705591, 29.3146, 0.00432341, -146.288, 0.00364579, 35.0201
628, 10.46667, 0.840651, 36.5137, 88.8091, -142.136, 89.197, 37.3599, 0.000704608, 29.3153, 0.00431773, -146.28, 0.00364107, 35.0297
629, 10.47500, 0.838274, 36.4506, 88.6993, -142.149, 89.088, 37.3482, 0.000703629, 29.3161, 0.00431207, -146.273, 0.00363637, 35.0393
629, 10.48333, 0.835908, 36.3877, 88.5898, -142.161, 88.9792, 37.3366, 0.000702652, 29.3169, 0.00430642, -146.266, 0.00363168, 35.049
630, 10.49167, 0.833554, 36.3249, 88.4805, -142.174, 88.8706, 37.325, 0.000701678, 29.3177, 0.00430078, -146.258, 0.003627, 35.0587
630, 10.50000, 0.83121, 36.2623, 88.3715, -142.187, 88.7624, 37.3134, 0.000700706, 29.3186, 0.00429516, -146.251, 0.00362233, 35.0684
631, 10.50833, 0.828878, 36.1999, 88.2627, -142.199, 88.6544, 37.3018, 0.000699737, 29.3195, 0.00428955, -146.243, 0.00361768, 35.0781
631, 10.51667, 0.826557, 36.1377, 88.1543, -142.212, 88.5466, 37.2903, 0.000698771, 29.3204, 0.00428396, -146.235, 0.00361304, 35.0879
632, 10.52500, 0.824246, 36.0756, 88.0461, -142.224, 88.4392, 37.2789, 0.000697808, 29.3214, 0.00427839, -146.228, 0.00360841, 35.0977
632, 10.53333, 0.821947, 36.0137, 87.9382, -142.237, 88.3319, 37.2674, 0.000696847, 29.3225, 0.00427283, -146.22, 0.00360379, 35.1075
633, 10.54167, 0.819658, 35.9521, 87.8305, -142.249, 88.225, 37.256, 0.000695889, 29.3235, 0.00426728, -146.212, 0.00359919, 35.1173
633, 10.55000, 0.81738, 35.8906, 87.7231, -142.262, 88.1183, 37.2447, 0.000694934, 29.3246, 0.00426175, -146.205, 0.0035946, 35.1272
634, 10.55833, 0.815113, 35.8292, 87.616, -142.274, 88.0119, 37.2333, 0.000693981, 29.3258, 0.00425623, -146.197, 0.00359002, 35.137
634, 10.56667, 0.812856, 35.7681, 87.5091, -142.286, 87.9057, 37.222, 0.000693031, 29.327, 0.00425073, -146.189, 0.00358545, 35.1469
635, 10.57500, 0.81061, 35.7071, 87.4025, -142.298, 87.7998, 37.2108, 0.000692084, 29.3282, 0.00424525, -146.182, 0.0035809, 35.1568
635, 10.58333, 0.808375, 35.6463, 87.2962, -142.311, 87.6942, 37.1996, 0.000691139, 29.3294, 0.00423977, -146.174, 0.00357636, 35.1668
636, 10.59167, 0.806149, 35.5857, 87.1901, -142.323, 87.5888, 37.1884, 0.000690197, 29.3307, 0.00423432, -146.166, 0.00357182, 35.1767
636, 10.60000, 0.803935, 35.5253, 87.0843, -142.335, 87.4837, 37.1772, 0.000689257, 29.3321, 0.00422887, -146.158, 0.0035673, 35.1867
637, 10.60833, 0.801731, 35.465, 86.9788, -142.347, 87.3788, 37.1661, 0.00068832, 29.3334, 0.00422344, -146.15, 0.0035628, 35.1967
637, 10.61667, 0.799536, 35.405, 86.8735, -142.359, 87.2742, 37.155, 0.000687386, 29.3348, 0.00421803, -146.142, 0.0035583, 35.2067
638, 10.62500, 0.797353, 35.3451, 86.7684, -142.371, 87.1698, 37.144, 0.000686454, 29.3363, 0.00421263, -146.134, 0.00355382, 35.2168
638, 10.63333, 0.795179, 35.2854, 86.6637, -142.383, 87.0657, 37.133, 0.000685525, 29.3378, 0.00420724, -146.127, 0.00354935, 35.2268
639, 10.64167, 0.793015, 35.2258, 86.5591, -142.395, 86.9618, 37.122, 0.000684598, 29.3393, 0.00420187, -146.119, 0.00354489, 35.2369
639, 10.65000, 0.790862, 35.1665, 86.4549, -142.407, 86.8582, 37.111, 0.000683674, 29.3408, 0.00419651, -146.111, 0.00354044, 35.247
640, 10.65833, 0.788719, 35.1073, 86.3509, -142.419, 86.7548, 37.1001, 0.000682752, 29.3424, 0.00419117, -146.103, 0.003536, 35.2572
640, 10.66667, 0.786585, 35.0483, 86.2471, -142.431, 86.6517, 37.0892, 0.000681833, 29.344, 0.00418584, -146.095, 0.00353158, 35.2673
641, 10.67500, 0.784461, 34.9894, 86.1436, -142.443, 86.5488, 37.0784, 0.000680917, 29.3457, 0.00418052, -146.086, 0.00352716, 35.2775
641, 10.68333, 0.782348, 34.9308, 86.0403, -142.454, 86.4462, 37.0676, 0.000680003, 29.3474, 0.00417522, -146.078, 0.00352276, 35.2877
642, 10.69167, 0.780244, 34.8723, 85.9373, -142.466, 86.3438, 37.0568, 0.000679091, 29.3491, 0.00416993, -146.07, 0.00351837, 35.2979
642, 10.70000, 0.778149, 34.814, 85.8345, -142.478, 86.2416, 37.0461, 0.000678182, 29.3509, 0.00416466, -146.062, 0.00351399, 35.3081
643, 10.70833, 0.776065, 34.7559, 85.732, -142.49, 86.1397, 37.0353, 0.000677275, 29.3526, 0.0041594, -146.054, 0.00350962, 35.3184
643, 10.71667, 0.77399, 34.6979, 85.6297, -142.501, 86.0381, 37.0247, 0.000676371, 29.3545, 0.00415415, -146.046, 0.00350527, 35.3286
644, 10.72500, 0.771925, 34.6401, 85.5277, -142.513, 85.9367, 37.014, 0.000675469, 29.3563, 0.00414892, -146.038, 0.00350092, 35.3389
644, 10.73333, 0.769869, 34.5825, 85.4259, -142.524, 85.8355, 37.0034, 0.00067457, 29.3582, 0.0041437, -146.029, 0.00349659, 35.3492
645, 10.74167, 0.767822, 34.5251, 85.3244, -142.536, 85.7346, 36.9928, 0.000673673, 29.3602, 0.00413849, -146.021, 0.00349226, 35.3596
645, 10.75000, 0.765785, 34.4678, 85.2231, -142.547, 85.6339, 36.9823, 0.000672778, 29.3621, 0.0041333, -146.013, 0.00348795, 35.3699
646, 10.75833, 0.763758, 34.4108, 85.1221, -142.559, 85.5334, 36.9717, 0.000671886, 29.3641, 0.00412812, -146.005, 0.00348365, 35.3803
646, 10.76667, 0.761739, 34.3538, 85.0212, -142.57, 85.4332, 36.9613, 0.000670996, 29.3661, 0.00412295, -145.996, 0.00347936, 35.3907
647, 10.77500, 0.759731, 34.2971, 84.9207, -142.582, 85.3332, 36.9508, 0.000670109, 29.3682, 0.0041178, -145.988, 0.00347508, 35.4011
647, 10.78333, 0.757731, 34.2405, 84.8204, -142.593, 85.2335, 36.9404, 0.000669224, 29.3703, 0.00411266, -145.98, 0.00347082, 35.4115
648, 10.79167, 0.75574, 34.1842, 84.7203, -142.604, 85.1339, 36.93, 0.000668342, 29.3724, 0.00410754, -145.971, 0.00346656, 35.4219
648, 10.80000, 0.753759, 34.1279, 84.6204, -142.616, 85.0347, 36.9196, 0.000667461, 29.3746, 0.00410242, -145.963, 0.00346231, 35.4324
649, 10.80833, 0.751786, 34.0719, 84.5208, -142.627, 84.9356, 36.9093, 0.000666584, 29.3768, 0.00409732, -145.955, 0.00345808, 35.4429
649, 10.81667, 0.749823, 34.016, 84.4214, -142.638, 84.8368, 36.899, 0.000665708, 29.379, 0.00409224, -145.946, 0.00345385, 35.4534
650, 10.82500, 0.747868, 33.9603, 84.3223, -142.649, 84.7382, 36.8887, 0.000664835, 29.3813, 0.00408716, -145.938, 0.00344964, 35.4639
650, 10.83333, 0.745923, 33.9048, 84.2234, -142.66, 84.6399, 36.8785, 0.000663964, 29.3835, 0.0040821, -145.929, 0.00344544, 35.4744
651, 10.84167, 0.743986, 33.8494, 84.1247, -142.672, 84.5417, 36.8683, 0.000663095, 29.3859, 0.00407705, -145.921, 0.00344124, 35.485
651, 10.85000, 0.742059, 33.7943, 84.0262, -142.683, 84.4438, 36.8581, 0.000662229, 29.3882, 0.00407202, -145.912, 0.00343706, 35.4955
652, 10.85833, 0.74014, 33.7393, 83.928, -142.694, 84.3462, 36.848, 0.000661365, 29.3906, 0.004067, -145.904, 0.00343289, 35.5061
652, 10.86667, 0.738229, 33.6844, 83.83, -142.705, 84.2487, 36.8379, 0.000660504, 29.393, 0.00406199, -145.895, 0.00342873, 35.5167
653, 10.87500, 0.736328, 33.6297, 83.7323, -142.716, 84.1515, 36.8278, 0.000659644, 29.3955, 0.00405699, -145.887, 0.00342458, 35.5273
653, 10.88333, 0.734435, 33.5752, 83.6348, -142.727, 84.0545, 36.8177, 0.000658787, 29.3979, 0.004052, -145.878, 0.00342044, 35.538
654, 10.89167, 0.73255, 33.5209, 83.5375, -142.738, 83.9577, 36.8077, 0.000657932, 29.4004, 0.00404703, -145.869, 0.00341631, 35.5486
654, 10.90000, 0.730674, 33.4668, 83.4404, -142.748, 83.8612, 36.7977, 0.00065708, 29.403, 0.00404207, -145.861, 0.00341219, 35.5593
655, 10.90833, 0.728807, 33.4128, 83.3436, -142.759, 83.7649, 36.7877, 0.000656229, 29.4055, 0.00403713, -145.852, 0.00340808, 35.57
655, 10.91667, 0.726948, 33.359, 83.2469, -142.77, 83.6688, 36.7778, 0.000655381, 29.4081, 0.00403219, -145.843, 0.00340398, 35.5807
656, 10.92500, 0.725098, 33.3053, 83.1506, -142.781, 83.5729, 36.7679, 0.000654535, 29.4107, 0.00402727, -145.835, 0.0033999, 35.5914
656, 10.93333, 0.723256, 33.2518, 83.0544, -142.792, 83.4772, 36.758, 0.000653692, 29.4134, 0.00402236, -145.826, 0.00339582, 35.6022
657, 10.94167, 0.721422, 33.1985, 82.9584, -142.802, 83.3818, 36.7482, 0.00065285, 29.4161, 0.00401746, -145.817, 0.00339175, 35.6129
657, 10.95000, 0.719597, 33.1454, 82.8627, -142.813, 83.2866, 36.7384, 0.000652011, 29.4188, 0.00401258, -145.809, 0.00338769, 35.6237
658, 10.95833, 0.717779, 33.0924, 82.7672, -142.824, 83.1916, 36.7286, 0.000651174, 29.4215, 0.00400771, -145.8, 0.00338365, 35.6345
658, 10.96667, 0.71597, 33.0396, 82.6719, -142.834, 83.0968, 36.7188, 0.000650339, 29.4243, 0.00400284, -145.791, 0.00337961, 35.6453
659, 10.97500, 0.714169, 32.987, 82.5769, -142.845, 83.0022, 36.7091, 0.000649506, 29.4271, 0.003998, -145.782, 0.00337558, 35.6561
659, 10.98333, 0.712377, 32.9345, 82.482, -142.855, 82.9079, 36.6994, 0.000648675, 29.4299, 0.00399316, -145.773, 0.00337156, 35.667
660, 10.99167, 0.710592, 32.8822, 82.3874, -142.866, 82.8137, 36.6897, 0.000647847, 29.4328, 0.00398834, -145.764, 0.00336756, 35.6778
660, 11.00000, 0.708815, 32.8301, 82.293, -142.876, 82.7198, 36.6801, 0.000647021, 29.4357, 0.00398352, -145.756, 0.00336356, 35.6887
661, 11.00833, 0.707047, 32.7781, 82.1988, -142.887, 82.6261, 36.6704, 0.000646196, 29.4386, 0.00397872, -145.747, 0.00335957, 35.6996
661, 11.01667, 0.705286, 32.7263, 82.1049, -142.897, 82.5326, 36.6609, 0.000645374, 29.4415, 0.00397393, -145.738, 0.00335559, 35.7105
662, 11.02500, 0.703533, 32.6747, 82.0111, -142.908, 82.4393, 36.6513, 0.000644555, 29.4445, 0.00396916, -145.729, 0.00335162, 35.7214
662, 11.03333, 0.701788, 32.6232, 81.9176, -142.918, 82.3462, 36.6418, 0.000643737, 29.4475, 0.00396439, -145.72, 0.00334767, 35.7323
663, 11.04167, 0.700051, 32.5719, 81.8242, -142.929, 82.2533, 36.6323, 0.000642921, 29.4505, 0.00395964, -145.711, 0.00334372, 35.7433
663, 11.05000, 0.698321, 32.5208, 81.7311, -142.939, 82.1607, 36.6228, 0.000642107, 29.4536, 0.0039549, -145.702, 0.00333978, 35.7542
664, 11.05833, 0.6966, 32.4698, 81.6382, -142.949, 82.0682, 36.6133, 0.000641296, 29.4567, 0.00395017, -145.693, 0.00333585, 35.7652
664, 11.06667, 0.694885, 32.419, 81.5455, -142.959, 81.976, 36.6039, 0.000640487, 29.4598, 0.00394545, -145.684, 0.00333193, 35.7762
665, 11.07500, 0.693179, 32.3684, 81.453, -142.97, 81.884, 36.5945, 0.000639679, 29.4629, 0.00394074, -145.675, 0.00332802, 35.7872
665, 11.08333, 0.691481, 32.318, 81.3608, -142.98, 81.7921, 36.5851, 0.000638874, 29.4661, 0.00393605, -145.666, 0.00332412, 35.7983
666, 11.09167, 0.689789, 32.2677, 81.2687, -142.99, 81.7005, 36.5758, 0.000638071, 29.4693, 0.00393137, -145.657, 0.00332023, 35.8093
666, 11.10000, 0.688106, 32.2175, 81.1768, -143, 81.6091, 36.5665, 0.00063727, 29.4725, 0.00392669, -145.648, 0.00331635, 35.8204
667, 11.10833, 0.68643, 32.1676, 81.0852, -143.01, 81.5179, 36.5572, 0.00063647, 29.4757, 0.00392203, -145.639, 0.00331248, 35.8314
667, 11.11667, 0.684761, 32.1178, 80.9938, -143.02, 81.4269, 36.548, 0.000635673, 29.479, 0.00391738, -145.63, 0.00330861, 35.8425
668, 11.12500, 0.6831, 32.0681, 80.9025, -143.03, 81.3361, 36.5387, 0.000634878, 29.4823, 0.00391275, -145.621, 0.00330476, 35.8536
668, 11.13333, 0.681446, 32.0187, 80.8115, -143.04, 81.2455, 36.5295, 0.000634085, 29.4856, 0.00390812, -145.611, 0.00330092, 35.8647
669, 11.14167, 0.679799, 31.9693, 80.7207, -143.05, 81.1551, 36.5203, 0.000633294, 29.489, 0.0039035, -145.602, 0.00329708, 35.8758
669, 11.15000, 0.67816, 31.9202, 80.6301, -143.06, 81.0649, 36.5112, 0.000632505, 29.4923, 0.0038989, -145.593, 0.00329326, 35.887
670, 11.15833, 0.676528, 31.8712, 80.5396, -143.07, 80.9749, 36.5021, 0.000631718, 29.4957, 0.00389431, -145.584, 0.00328944, 35.8981
670, 11.16667, 0.674904, 31.8224, 80.4494, -143.08, 80.8851, 36.493, 0.000630933, 29.4992, 0.00388973, -145.575, 0.00328563, 35.9093
671, 11.17500, 0.673286, 31.7738, 80.3594, -143.09, 80.7954, 36.4839, 0.00063015, 29.5026, 0.00388515, -145.565, 0.00328184, 35.9205
671, 11.18333, 0.671676, 31.7253, 80.2696, -143.1, 80.706, 36.4748, 0.000629369, 29.5061, 0.0038806, -145.556, 0.00327805, 35.9317
672, 11.19167, 0.670073, 31.677, 80.18, -143.11, 80.6168, 36.4658, 0.00062859, 29.5096, 0.00387605, -145.547, 0.00327427, 35.9429
672, 11.20000, 0.668476, 31.6288, 80.0906, -143.119, 80.5278, 36.4568, 0.000627812, 29.5131, 0.00387151, -145.538, 0.0032705, 35.9541
673, 11.20833, 0.666887, 31.5808, 80.0014, -143.129, 80.439, 36.4478, 0.000627037, 29.5167, 0.00386698, -145.528, 0.00326674, 35.9654
673, 11.21667, 0.665305, 31.533, 79.9124, -143.139, 80.3504, 36.4389, 0.000626264, 29.5202, 0.00386247, -145.519, 0.00326298, 35.9766
674, 11.22500, 0.66373, 31.4853, 79.8235, -143.149, 80.262, 36.43, 0.000625492, 29.5238, 0.00385796, -145.51, 0.00325924, 35.9879
674, 11.23333, 0.662162, 31.4378, 79.7349, -143.158, 80.1737, 36.4211, 0.000624723, 29.5275, 0.00385347, -145.5, 0.00325551, 35.9992
675, 11.24167, 0.660601, 31.3904, 79.6465, -143.168, 80.0857, 36.4122, 0.000623956, 29.5311, 0.00384898, -145.491, 0.00325178, 36.0105
675, 11.25000, 0.659047, 31.3433, 79.5583, -143.178, 79.9978, 36.4034, 0.00062319, 29.5348, 0.00384451, -145.482, 0.00324806, 36.0218
676, 11.25833, 0.657499, 31.2962, 79.4703, -143.187, 79.9102, 36.3946, 0.000622426, 29.5385, 0.00384005, -145.472, 0.00324436, 36.0331
676, 11.26667, 0.655958, 31.2494, 79.3824, -143.197, 79.8227, 36.3858, 0.000621664, 29.5422, 0.0038356, -145.463, 0.00324066, 36.0444
677, 11.27500, 0.654424, 31.2027, 79.2948, -143.206, 79.7354, 36.377, 0.000620905, 29.546, 0.00383116, -145.453, 0.00323697, 36.0558
677, 11.28333, 0.652897, 31.1561, 79.2073, -143.216, 79.6483, 36.3683, 0.000620147, 29.5497, 0.00382673, -145.444, 0.00323328, 36.0671
678, 11.29167, 0.651377, 31.1098, 79.12, -143.225, 79.5614, 36.3595, 0.00061939, 29.5535, 0.00382231, -145.435, 0.00322961, 36.0785
678, 11.30000, 0.649863, 31.0635, 79.033, -143.235, 79.4747, 36.3508, 0.000618636, 29.5573, 0.0038179, -145.425, 0.00322595, 36.0899
679, 11.30833, 0.648356, 31.0175, 78.9461, -143.244, 79.3882, 36.3422, 0.000617884, 29.5612, 0.0038135, -145.416, 0.00322229, 36.1013
679, 11.31667, 0.646855, 30.9716, 78.8594, -143.254, 79.3019, 36.3335, 0.000617133, 29.565, 0.00380911, -145.406, 0.00321865, 36.1127
680, 11.32500, 0.645361, 30.9259, 78.7729, -143.263, 79.2157, 36.3249, 0.000616384, 29.5689, 0.00380473, -145.397, 0.00321501, 36.1241
680, 11.33333, 0.643874, 30.8803, 78.6866, -143.272, 79.1298, 36.3163, 0.000615638, 29.5728, 0.00380036, -145.387, 0.00321138, 36.1355
681, 11.34167, 0.642392, 30.8349, 78.6005, -143.282, 79.044, 36.3077, 0.000614893, 29.5768, 0.003796, -145.378, 0.00320776, 36.147
681, 11.35000, 0.640918, 30.7896, 78.5146, -143.291, 78.9584, 36.2992, 0.000614149, 29.5807, 0.00379166, -145.368, 0.00320414, 36.1584
682, 11.35833, 0.63945, 30.7446, 78.4288, -143.3, 78.873, 36.2907, 0.000613408, 29.5847, 0.00378732, -145.358, 0.00320054, 36.1699
682, 11.36667, 0.637988, 30.6996, 78.3432, -143.31, 78.7878, 36.2822, 0.000612668, 29.5887, 0.00378299, -145.349, 0.00319694, 36.1814
683, 11.37500, 0.636533, 30.6548, 78.2579, -143.319, 78.7027, 36.2737, 0.000611931, 29.5927, 0.00377868, -145.339, 0.00319336, 36.1929
683, 11.38333, 0.635084, 30.6102, 78.1727, -143.328, 78.6179, 36.2652, 0.000611195, 29.5968, 0.00377437, -145.33, 0.00318978, 36.2044
684, 11.39167, 0.633641, 30.5658, 78.0877, -143.337, 78.5332, 36.2568, 0.000610461, 29.6008, 0.00377007, -145.32, 0.00318621, 36.2159
684, 11.40000, 0.632205, 30.5215, 78.0029, -143.346, 78.4487, 36.2484, 0.000609728, 29.6049, 0.00376579, -145.31, 0.00318264, 36.2274
685, 11.40833, 0.630775, 30.4774, 77.9182, -143.355, 78.3644, 36.24, 0.000608998, 29.609, 0.00376151, -145.301, 0.00317909, 36.239
685, 11.41667, 0.629351, 30.4334, 77.8338, -143.364, 78.2803, 36.2317, 0.000608269, 29.6132, 0.00375724, -145.291, 0.00317554, 36.2505
686, 11.42500, 0.627933, 30.3896, 77.7495, -143.374, 78.1963, 36.2233, 0.000607542, 29.6173, 0.00375299, -145.281, 0.00317201, 36.2621
686, 11.43333, 0.626522, 30.3459, 77.6654, -143.383, 78.1125, 36.215, 0.000606817, 29.6215, 0.00374874, -145.272, 0.00316848, 36.2737
687, 11.44167, 0.625116, 30.3024, 77.5815, -143.392, 78.0289, 36.2067, 0.000606093, 29.6257, 0.00374451, -145.262, 0.00316495, 36.2852
687, 11.45000, 0.623717, 30.2591, 77.4977, -143.401, 77.9455, 36.1984, 0.000605371, 29.6299, 0.00374028, -145.252, 0.00316144, 36.2968
688, 11.45833, 0.622324, 30.2159, 77.4142, -143.41, 77.8623, 36.1902, 0.000604651, 29.6342, 0.00373606, -145.243, 0.00315794, 36.3084
688, 11.46667, 0.620936, 30.1729, 77.3308, -143.419, 77.7792, 36.182, 0.000603933, 29.6384, 0.00373185, -145.233, 0.00315444, 36.3201
689, 11.47500, 0.619555, 30.13, 77.2476, -143.427, 77.6963, 36.1738, 0.000603217, 29.6427, 0.00372766, -145.223, 0.00315095, 36.3317
689, 11.48333, 0.61818, 30.0873, 77.1646, -143.436, 77.6136, 36.1656, 0.000602502, 29.647, 0.00372347, -145.213, 0.00314747, 36.3433
690, 11.49167, 0.61681, 30.0447, 77.0818, -143.445, 77.531, 36.1574, 0.000601789, 29.6514, 0.00371929, -145.204, 0.003144, 36.355
690, 11.50000, 0.615447, 30.0023, 76.9991, -143.454, 77.4486, 36.1493, 0.000601077, 29.6557, 0.00371512, -145.194, 0.00314053, 36.3666
691, 11.50833, 0.61409, 29.9601, 76.9166, -143.463, 77.3665, 36.1412, 0.000600368, 29.6601, 0.00371096, -145.184, 0.00313707, 36.3783
691, 11.51667, 0.612738, 29.918, 76.8343, -143.472, 77.2844, 36.1331, 0.00059966, 29.6645, 0.00370681, -145.174, 0.00313363, 36.39
692, 11.52500, 0.611392, 29.8761, 76.7522, -143.48, 77.2026, 36.1251, 0.000598953, 29.6689, 0.00370267, -145.164, 0.00313018, 36.4017
692, 11.53333, 0.610052, 29.8343, 76.6702, -143.489, 77.1209, 36.117, 0.000598249, 29.6733, 0.00369854, -145.155, 0.00312675, 36.4134
693, 11.54167, 0.608718, 29.7927, 76.5884, -143.498, 77.0394, 36.109, 0.000597546, 29.6778, 0.00369442, -145.145, 0.00312333, 36.4251
693, 11.55000, 0.607389, 29.7512, 76.5068, -143.507, 76.958, 36.101, 0.000596844, 29.6822, 0.00369031, -145.135, 0.00311991, 36.4369
694, 11.55833, 0.606067, 29.7099, 76.4253, -143.515, 76.8769, 36.093, 0.000596145, 29.6867, 0.00368621, -145.125, 0.0031165, 36.4486
694, 11.56667, 0.60475, 29.6688, 76.344, -143.524, 76.7959, 36.0851, 0.000595447, 29.6912, 0.00368211, -145.115, 0.00311309, 36.4603
695, 11.57500, 0.603438, 29.6278, 76.2629, -143.533, 76.715, 36.0771, 0.000594751, 29.6958, 0.00367803, -145.105, 0.0031097, 36.4721
695, 11.58333, 0.602133, 29.587, 76.182, -143.541, 76.6344, 36.0692, 0.000594056, 29.7003, 0.00367396, -145.095, 0.00310631, 36.4839
696, 11.59167, 0.600832, 29.5463, 76.1012, -143.55, 76.5538, 36.0613, 0.000593363, 29.7049, 0.00366989, -145.085, 0.00310293, 36.4956
696, 11.60000, 0.599538, 29.5058, 76.0206, -143.558, 76.4735, 36.0535, 0.000592672, 29.7095, 0.00366584, -145.075, 0.00309956, 36.5074
697, 11.60833, 0.598249, 29.4654, 75.9402, -143.567, 76.3934, 36.0456, 0.000591982, 29.7141, 0.00366179, -145.065, 0.0030962, 36.5192
697, 11.61667, 0.596965, 29.4252, 75.86, -143.575, 76.3133, 36.0378, 0.000591294, 29.7187, 0.00365775, -145.055, 0.00309284, 36.531
698, 11.62500, 0.595688, 29.3851, 75.7799, -143.584, 76.2335, 36.03, 0.000590608, 29.7233, 0.00365372, -145.045, 0.00308949, 36.5429
698, 11.63333, 0.594415, 29.3452, 75.6999, -143.592, 76.1538, 36.0222, 0.000589923, 29.728, 0.0036497, -145.035, 0.00308615, 36.5547
699, 11.64167, 0.593148, 29.3055, 75.6202, -143.601, 76.0743, 36.0144, 0.00058924, 29.7327, 0.00364569, -145.025, 0.00308282, 36.5665
699, 11.65000, 0.591886, 29.2659, 75.5406, -143.609, 75.995, 36.0067, 0.000588558, 29.7374, 0.00364169, -145.015, 0.00307949, 36.5784
700, 11.65833, 0.59063, 29.2264, 75.4612, -143.618, 75.9158, 35.999, 0.000587878, 29.7421, 0.0036377, -145.005, 0.00307617, 36.5902
700, 11.66667, 0.589379, 29.1871, 75.3819, -143.626, 75.8368, 35.9913, 0.0005872, 29.7469, 0.00363372, -144.995, 0.00307286, 36.6021
701, 11.67500, 0.588134, 29.148, 75.3028, -143.634, 75.7579, 35.9836, 0.000586523, 29.7516, 0.00362974, -144.985, 0.00306956, 36.614
701, 11.68333, 0.586894, 29.109, 75.2239, -143.643, 75.6793, 35.9759, 0.000585848, 29.7564, 0.00362578, -144.975, 0.00306626, 36.6258
702, 11.69167, 0.585659, 29.0702, 75.1451, -143.651, 75.6007, 35.9683, 0.000585174, 29.7612, 0.00362182, -144.965, 0.00306297, 36.6377
702, 11.70000, 0.584429, 29.0315, 75.0665, -143.659, 75.5223, 35.9607, 0.000584502, 29.766, 0.00361787, -144.955, 0.00305969, 36.6496
703, 11.70833, 0.583205, 28.993, 74.9881, -143.667, 75.4441, 35.9531, 0.000583831, 29.7709, 0.00361394, -144.945, 0.00305642, 36.6615
703, 11.71667, 0.581986, 28.9546, 74.9098, -143.676, 75.3661, 35.9455, 0.000583162, 29.7757, 0.00361, -144.935, 0.00305315, 36.6735
704, 11.72500, 0.580772, 28.9164, 74.8316, -143.684, 75.2882, 35.9379, 0.000582495, 29.7806, 0.00360608, -144.925, 0.00304989, 36.6854
704, 11.73333, 0.579563, 28.8783, 74.7537, -143.692, 75.2104, 35.9304, 0.000581829, 29.7855, 0.00360217, -144.915, 0.00304664, 36.6973
705, 11.74167, 0.57836, 28.8404, 74.6759, -143.7, 75.1329, 35.9229, 0.000581165, 29.7904, 0.00359827, -144.905, 0.00304339, 36.7093
705, 11.75000, 0.577161, 28.8027, 74.5982, -143.708, 75.0555, 35.9154, 0.000580502, 29.7953, 0.00359437, -144.894, 0.00304015, 36.7212
706, 11.75833, 0.575968, 28.7651, 74.5208, -143.717, 74.9782, 35.9079, 0.000579841, 29.8002, 0.00359049, -144.884, 0.00303692, 36.7332
706, 11.76667, 0.57478, 28.7276, 74.4434, -143.725, 74.9011, 35.9005, 0.000579181, 29.8052, 0.00358661, -144.874, 0.0030337, 36.7452
707, 11.77500, 0.573596, 28.6903, 74.3663, -143.733, 74.8241, 35.893, 0.000578523, 29.8102, 0.00358274, -144.864, 0.00303048, 36.7572
707, 11.78333, 0.572418, 28.6531, 74.2893, -143.741, 74.7473, 35.8856, 0.000577866, 29.8152, 0.00357888, -144.854, 0.00302727, 36.7692
708, 11.79167, 0.571245, 28.6161, 74.2124, -143.749, 74.6707, 35.8782, 0.000577211, 29.8202, 0.00357503, -144.844, 0.00302406, 36.7812
708, 11.80000, 0.570077, 28.5793, 74.1357, -143.757, 74.5942, 35.8708, 0.000576557, 29.8252, 0.00357118, -144.833, 0.00302087, 36.7932
709, 11.80833, 0.568914, 28.5426, 74.0592, -143.765, 74.5179, 35.8635, 0.000575905, 29.8303, 0.00356735, -144.823, 0.00301768, 36.8052
709, 11.81667, 0.567755, 28.506, 73.9828, -143.773, 74.4417, 35.8561, 0.000575254, 29.8353, 0.00356352, -144.813, 0.0030145, 36.8172
710, 11.82500, 0.566602, 28.4696, 73.9065, -143.781, 74.3657, 35.8488, 0.000574605, 29.8404, 0.0035597, -144.803, 0.00301132, 36.8292
710, 11.83333, 0.565453, 28.4334, 73.8305, -143.789, 74.2898, 35.8415, 0.000573958, 29.8455, 0.00355589, -144.792, 0.00300815, 36.8413
711, 11.84167, 0.56431, 28.3973, 73.7546, -143.797, 74.2141, 35.8342, 0.000573311, 29.8506, 0.00355209, -144.782, 0.00300499, 36.8533
711, 11.85000, 0.563171, 28.3614, 73.6788, -143.805, 74.1385, 35.827, 0.000572667, 29.8558, 0.0035483, -144.772, 0.00300184, 36.8654
712, 11.85833, 0.562037, 28.3256, 73.6032, -143.813, 74.0631, 35.8197, 0.000572023, 29.8609, 0.00354451, -144.762, 0.00299869, 36.8775
712, 11.86667, 0.560908, 28.2899, 73.5277, -143.82, 73.9878, 35.8125, 0.000571381, 29.8661, 0.00354073, -144.751, 0.00299555, 36.8895
713, 11.87500, 0.559784, 28.2544, 73.4524, -143.828, 73.9127, 35.8053, 0.000570741, 29.8713, 0.00353697, -144.741, 0.00299242, 36.9016
713, 11.88333, 0.558664, 28.2191, 73.3772, -143.836, 73.8377, 35.7981, 0.000570102, 29.8765, 0.00353321, -144.731, 0.00298929, 36.9137
714, 11.89167, 0.557549, 28.1839, 73.3022, -143.844, 73.7629, 35.7909, 0.000569465, 29.8817, 0.00352945, -144.72, 0.00298617, 36.9258
714, 11.90000, 0.556439, 28.1488, 73.2274, -143.852, 73.6882, 35.7838, 0.000568829, 29.8869, 0.00352571, -144.71, 0.00298306, 36.9379
715, 11.90833, 0.555333, 28.1139, 73.1527, -143.859, 73.6137, 35.7767, 0.000568194, 29.8922, 0.00352197, -144.7, 0.00297995, 36.95
715, 11.91667, 0.554232, 28.0792, 73.0781, -143.867, 73.5393, 35.7696, 0.000567561, 29.8974, 0.00351825, -144.689, 0.00297685, 36.9622
716, 11.92500, 0.553136, 28.0446, 73.0037, -143.875, 73.4651, 35.7625, 0.000566929, 29.9027, 0.00351453, -144.679, 0.00297376, 36.9743
716, 11.93333, 0.552045, 28.0101, 72.9294, -143.882, 73.391, 35.7554, 0.000566299, 29.908, 0.00351081, -144.669, 0.00297067, 36.9864
717, 11.94167, 0.550958, 27.9758, 72.8553, -143.89, 73.317, 35.7483, 0.00056567, 29.9133, 0.00350711, -144.658, 0.00296759, 36.9986
717, 11.95000, 0.549876, 27.9416, 72.7814, -143.898, 73.2433, 35.7413, 0.000565043, 29.9186, 0.00350341, -144.648, 0.00296452, 37.0107
718, 11.95833, 0.548798, 27.9076, 72.7076, -143.905, 73.1696, 35.7343, 0.000564417, 29.924, 0.00349973, -144.638, 0.00296145, 37.0229
718, 11.96667, 0.547724, 27.8738, 72.6339, -143.913, 73.0961, 35.7273, 0.000563792, 29.9293, 0.00349605, -144.627, 0.00295839, 37.035
719, 11.97500, 0.546656, 27.8401, 72.5603, -143.921, 73.0227, 35.7203, 0.000563169, 29.9347, 0.00349237, -144.617, 0.00295534, 37.0472
719, 11.98333, 0.545592, 27.8065, 72.487, -143.928, 72.9495, 35.7133, 0.000562547, 29.9401, 0.00348871, -144.606, 0.00295229, 37.0594
720, 11.99167, 0.544532, 27.7731, 72.4137, -143.936, 72.8765, 35.7064, 0.000561927, 29.9455, 0.00348505, -144.596, 0.00294925, 37.0716
720, 12.00000, 0.543477, 27.7398, 72.3407, -143.943, 72.8035, 35.6995, 0.000561308, 29.9509, 0.00348141, -144.585, 0.00294621, 37.0838
721, 12.00833, 0.542426, 27.7067, 72.2677, -143.951, 72.7308, 35.6925, 0.00056069, 29.9564, 0.00347777, -144.575, 0.00294319, 37.096
721, 12.01667, 0.541379, 27.6737, 72.1949, -143.958, 72.6581, 35.6856, 0.000560074, 29.9618, 0.00347413, -144.565, 0.00294017, 37.1082
722, 12.02500, 0.540337, 27.6409, 72.1222, -143.966, 72.5856, 35.6788, 0.000559459, 29.9673, 0.00347051, -144.554, 0.00293715, 37.1204
722, 12.03333, 0.5393, 27.6082, 72.0497, -143.973, 72.5132, 35.6719, 0.000558845, 29.9728, 0.00346689, -144.544, 0.00293414, 37.1326
723, 12.04167, 0.538266, 27.5757, 71.9774, -143.981, 72.441, 35.6651, 0.000558233, 29.9783, 0.00346328, -144.533, 0.00293114, 37.1449
723, 12.05000, 0.537238, 27.5433, 71.9051, -143.988, 72.3689, 35.6583, 0.000557622, 29.9838, 0.00345968, -144.523, 0.00292814, 37.1571
724, 12.05833, 0.536213, 27.511, 71.833, -143.996, 72.297, 35.6515, 0.000557013, 29.9893, 0.00345609, -144.512, 0.00292516, 37.1694
724, 12.06667, 0.535193, 27.4789, 71.7611, -144.003, 72.2252, 35.6447, 0.000556404, 29.9948, 0.0034525, -144.502, 0.00292217, 37.1816
725, 12.07500, 0.534177, 27.447, 71.6893, -144.01, 72.1535, 35.6379, 0.000555798, 30.0004, 0.00344892, -144.491, 0.0029192, 37.1939
725, 12.08333, 0.533165, 27.4152, 71.6176, -144.018, 72.082, 35.6311, 0.000555192, 30.006, 0.00344535, -144.481, 0.00291623, 37.2061
726, 12.09167, 0.532157, 27.3835, 71.5461, -144.025, 72.0106, 35.6244, 0.000554588, 30.0116, 0.00344178, -144.47, 0.00291326, 37.2184
726, 12.10000, 0.531154, 27.352, 71.4747, -144.032, 71.9394, 35.6177, 0.000553985, 30.0172, 0.00343823, -144.459, 0.0029103, 37.2307
727, 12.10833, 0.530155, 27.3206, 71.4035, -144.04, 71.8683, 35.611, 0.000553384, 30.0228, 0.00343468, -144.449, 0.00290735, 37.243
727, 12.11667, 0.52916, 27.2894, 71.3324, -144.047, 71.7973, 35.6043, 0.000552784, 30.0284, 0.00343114, -144.438, 0.00290441, 37.2553
728, 12.12500, 0.528169, 27.2583, 71.2614, -144.054, 71.7265, 35.5976, 0.000552185, 30.034, 0.0034276, -144.428, 0.00290147, 37.2676
728, 12.13333, 0.527183, 27.2274, 71.1906, -144.061, 71.6558, 35.591, 0.000551587, 30.0397, 0.00342408, -144.417, 0.00289853, 37.2799
729, 12.14167, 0.5262, 27.1966, 71.1199, -144.068, 71.5852, 35.5844, 0.000550991, 30.0454, 0.00342056, -144.407, 0.00289561, 37.2922
729, 12.15000, 0.525222, 27.1659, 71.0493, -144.076, 71.5148, 35.5777, 0.000550396, 30.0511, 0.00341705, -144.396, 0.00289269, 37.3045
730, 12.15833, 0.524248, 27.1354, 70.9789, -144.083, 71.4445, 35.5711, 0.000549803, 30.0568, 0.00341354, -144.385, 0.00288977, 37.3168
730, 12.16667, 0.523278, 27.105, 70.9086, -144.09, 71.3743, 35.5646, 0.00054921, 30.0625, 0.00341005, -144.375, 0.00288686, 37.3292
731, 12.17500, 0.522312, 27.0748, 70.8385, -144.097, 71.3043, 35.558, 0.000548619, 30.0682, 0.00340656, -144.364, 0.00288396, 37.3415
731, 12.18333, 0.52135, 27.0447, 70.7684, -144.104, 71.2344, 35.5514, 0.00054803, 30.0739, 0.00340307, -144.354, 0.00288106, 37.3538
732, 12.19167, 0.520391, 27.0148, 70.6986, -144.111, 71.1646, 35.5449, 0.000547441, 30.0797, 0.0033996, -144.343, 0.00287817, 37.3662
732, 12.20000, 0.519437, 26.985, 70.6288, -144.118, 71.095, 35.5384, 0.000546854, 30.0855, 0.00339613, -144.332, 0.00287529, 37.3785
733, 12.20833, 0.518488, 26.9554, 70.5592, -144.126, 71.0255, 35.5319, 0.000546268, 30.0912, 0.00339267, -144.322, 0.00287241, 37.3909
733, 12.21667, 0.517541, 26.9259, 70.4897, -144.133, 70.9561, 35.5254, 0.000545684, 30.097, 0.00338922, -144.311, 0.00286954, 37.4033
734, 12.22500, 0.516599, 26.8965, 70.4204, -144.14, 70.8869, 35.519, 0.0005451, 30.1028, 0.00338577, -144.3, 0.00286667, 37.4156
734, 12.23333, 0.515661, 26.8673, 70.3512, -144.147, 70.8178, 35.5125, 0.000544518, 30.1087, 0.00338233, -144.29, 0.00286381, 37.428
735, 12.24167, 0.514727, 26.8382, 70.2821, -144.154, 70.7488, 35.5061, 0.000543937, 30.1145, 0.0033789, -144.279, 0.00286095, 37.4404
735, 12.25000, 0.513797, 26.8093, 70.2131, -144.161, 70.68, 35.4997, 0.000543358, 30.1203, 0.00337547, -144.268, 0.00285811, 37.4528
736, 12.25833, 0.51287, 26.7805, 70.1443, -144.168, 70.6113, 35.4933, 0.00054278, 30.1262, 0.00337206, -144.258, 0.00285526, 37.4652
736, 12.26667, 0.511947, 26.7518, 70.0756, -144.175, 70.5427, 35.4869, 0.000542202, 30.1321, 0.00336865, -144.247, 0.00285243, 37.4776
737, 12.27500, 0.511029, 26.7233, 70.0071, -144.181, 70.4743, 35.4805, 0.000541627, 30.138, 0.00336524, -144.236, 0.00284959, 37.49
737, 12.28333, 0.510114, 26.695, 69.9387, -144.188, 70.4059, 35.4741, 0.000541052, 30.1439, 0.00336185, -144.226, 0.00284677, 37.5024
738, 12.29167, 0.509203, 26.6667, 69.8704, -144.195, 70.3377, 35.4678, 0.000540479, 30.1498, 0.00335846, -144.215, 0.00284395, 37.5148
738, 12.30000, 0.508295, 26.6387, 69.8022, -144.202, 70.2697, 35.4615, 0.000539907, 30.1557, 0.00335507, -144.204, 0.00284113, 37.5273
739, 12.30833, 0.507392, 26.6107, 69.7342, -144.209, 70.2017, 35.4552, 0.000539336, 30.1617, 0.0033517, -144.193, 0.00283833, 37.5397
739, 12.31667, 0.506492, 26.5829, 69.6662, -144.216, 70.1339, 35.4489, 0.000538766, 30.1676, 0.00334833, -144.183, 0.00283552, 37.5521
740, 12.32500, 0.505596, 26.5552, 69.5985, -144.223, 70.0662, 35.4426, 0.000538197, 30.1736, 0.00334497, -144.172, 0.00283273, 37.5646
740, 12.33333, 0.504704, 26.5277, 69.5308, -144.229, 69.9987, 35.4364, 0.00053763, 30.1795, 0.00334161, -144.161, 0.00282994, 37.577
741, 12.34167, 0.503815, 26.5003, 69.4633, -144.236, 69.9313, 35.4301, 0.000537064, 30.1855, 0.00333826, -144.15, 0.00282715, 37.5895
741, 12.35000, 0.502931, 26.4731, 69.3959, -144.243, 69.8639, 35.4239, 0.000536499, 30.1915, 0.00333492, -144.14, 0.00282437, 37.6019
742, 12.35833, 0.50205, 26.446, 69.3286, -144.25, 69.7968, 35.4177, 0.000535936, 30.1976, 0.00333159, -144.129, 0.0028216, 37.6144
742, 12.36667, 0.501172, 26.419, 69.2615, -144.257, 69.7297, 35.4115, 0.000535373, 30.2036, 0.00332826, -144.118, 0.00281883, 37.6269
743, 12.37500, 0.500298, 26.3922, 69.1945, -144.263, 69.6628, 35.4053, 0.000534812, 30.2096, 0.00332494, -144.107, 0.00281606, 37.6393
743, 12.38333, 0.499428, 26.3655, 69.1276, -144.27, 69.596, 35.3991, 0.000534252, 30.2157, 0.00332162, -144.097, 0.00281331, 37.6518
744, 12.39167, 0.498562, 26.339, 69.0608, -144.277, 69.5293, 35.393, 0.000533693, 30.2217, 0.00331832, -144.086, 0.00281056, 37.6643
744, 12.40000, 0.497699, 26.3126, 68.9942, -144.283, 69.4627, 35.3868, 0.000533135, 30.2278, 0.00331501, -144.075, 0.00280781, 37.6768
745, 12.40833, 0.496839, 26.2863, 68.9277, -144.29, 69.3963, 35.3807, 0.000532579, 30.2339, 0.00331172, -144.064, 0.00280507, 37.6893
745, 12.41667, 0.495983, 26.2602, 68.8613, -144.297, 69.33, 35.3746, 0.000532023, 30.24, 0.00330843, -144.053, 0.00280233, 37.7018
746, 12.42500, 0.495131, 26.2342, 68.795, -144.303, 69.2638, 35.3685, 0.000531469, 30.2461, 0.00330515, -144.042, 0.0027996, 37.7143
746, 12.43333, 0.494283, 26.2083, 68.7289, -144.31, 69.1977, 35.3624, 0.000530916, 30.2522, 0.00330188, -144.032, 0.00279688, 37.7268
747, 12.44167, 0.493438, 26.1826, 68.6628, -144.316, 69.1318, 35.3564, 0.000530364, 30.2584, 0.00329861, -144.021, 0.00279416, 37.7393
747, 12.45000, 0.492596, 26.157, 68.5969, -144.323, 69.0659, 35.3503, 0.000529814, 30.2645, 0.00329535, -144.01, 0.00279145, 37.7518
748, 12.45833, 0.491758, 26.1316, 68.5311, -144.33, 69.0002, 35.3443, 0.000529264, 30.2707, 0.00329209, -143.999, 0.00278874, 37.7643
748, 12.46667, 0.490923, 26.1063, 68.4655, -144.336, 68.9346, 35.3383, 0.000528716, 30.2769, 0.00328885, -143.988, 0.00278604, 37.7769
749, 12.47500, 0.490092, 26.0811, 68.4, -144.343, 68.8692, 35.3323, 0.000528169, 30.283, 0.0032856, -143.977, 0.00278334, 37.7894
749, 12.48333, 0.489264, 26.0561, 68.3345, -144.349, 68.8038, 35.3263, 0.000527622, 30.2892, 0.00328237, -143.966, 0.00278065, 37.8019
750, 12.49167, 0.48844, 26.0312, 68.2692, -144.356, 68.7386, 35.3203, 0.000527077, 30.2954, 0.00327914, -143.956, 0.00277796, 37.8145
750, 12.50000, 0.487619, 26.0064, 68.2041, -144.362, 68.6735, 35.3144, 0.000526534, 30.3017, 0.00327592, -143.945, 0.00277528, 37.827
751, 12.50833, 0.486802, 25.9818, 68.139, -144.369, 68.6085, 35.3084, 0.000525991, 30.3079, 0.0032727, -143.934, 0.00277261, 37.8396
751, 12.51667, 0.485988, 25.9573, 68.0741, -144.375, 68.5436, 35.3025, 0.000525449, 30.3141, 0.00326949, -143.923, 0.00276994, 37.8521
752, 12.52500, 0.485177, 25.933, 68.0093, -144.381, 68.4789, 35.2966, 0.000524909, 30.3204, 0.00326629, -143.912, 0.00276727, 37.8647
752, 12.53333, 0.48437, 25.9088, 67.9446, -144.388, 68.4142, 35.2907, 0.00052437, 30.3266, 0.0032631, -143.901, 0.00276461, 37.8772
753, 12.54167, 0.483566, 25.8847, 67.88, -144.394, 68.3497, 35.2848, 0.000523832, 30.3329, 0.0032599, -143.89, 0.00276196, 37.8898
753, 12.55000, 0.482766, 25.8607, 67.8156, -144.401, 68.2853, 35.2789, 0.000523294, 30.3392, 0.00325672, -143.879, 0.00275931, 37.9024
754, 12.55833, 0.481969, 25.8369, 67.7512, -144.407, 68.221, 35.2731, 0.000522759, 30.3455, 0.00325354, -143.868, 0.00275667, 37.915
754, 12.56667, 0.481175, 25.8133, 67.687, -144.413, 68.1569, 35.2672, 0.000522224, 30.3518, 0.00325037, -143.857, 0.00275403, 37.9275
755, 12.57500, 0.480384, 25.7897, 67.6229, -144.42, 68.0928, 35.2614, 0.00052169, 30.3581, 0.00324721, -143.847, 0.00275139, 37.9401
755, 12.58333, 0.479597, 25.7663, 67.5589, -144.426, 68.0289, 35.2556, 0.000521157, 30.3644, 0.00324405, -143.836, 0.00274877, 37.9527
756, 12.59167, 0.478813, 25.7431, 67.495, -144.432, 67.9651, 35.2498, 0.000520626, 30.3708, 0.0032409, -143.825, 0.00274614, 37.9653
756, 12.60000, 0.478032, 25.7199, 67.4313, -144.439, 67.9014, 35.244, 0.000520095, 30.3771, 0.00323775, -143.814, 0.00274352, 37.9779
757, 12.60833, 0.477255, 25.6969, 67.3676, -144.445, 67.8378, 35.2382, 0.000519566, 30.3835, 0.00323461, -143.803, 0.00274091, 37.9905
757, 12.61667, 0.47648, 25.6741, 67.3041, -144.451, 67.7743, 35.2325, 0.000519038, 30.3899, 0.00323148, -143.792, 0.0027383, 38.0031
758, 12.62500, 0.475709, 25.6513, 67.2407, -144.457, 67.7109, 35.2267, 0.00051851, 30.3962, 0.00322835, -143.781, 0.0027357, 38.0157
758, 12.63333, 0.474942, 25.6287, 67.1774, -144.464, 67.6477, 35.221, 0.000517984, 30.4026, 0.00322523, -143.77, 0.0027331, 38.0283
759, 12.64167, 0.474177, 25.6063, 67.1142, -144.47, 67.5845, 35.2153, 0.000517459, 30.409, 0.00322211, -143.759, 0.00273051, 38.041
759, 12.65000, 0.473415, 25.5839, 67.0512, -144.476, 67.5215, 35.2096, 0.000516935, 30.4155, 0.003219, -143.748, 0.00272792, 38.0536
760, 12.65833, 0.472657, 25.5617, 66.9882, -144.482, 67.4586, 35.2039, 0.000516412, 30.4219, 0.0032159, -143.737, 0.00272534, 38.0662
760, 12.66667, 0.471902, 25.5397, 66.9254, -144.488, 67.3958, 35.1982, 0.000515891, 30.4283, 0.0032128, -143.726, 0.00272277, 38.0788
761, 12.67500, 0.47115, 25.5177, 66.8627, -144.495, 67.3331, 35.1926, 0.00051537, 30.4348, 0.00320971, -143.715, 0.00272019, 38.0915
761, 12.68333, 0.470401, 25.4959, 66.8001, -144.501, 67.2706, 35.1869, 0.00051485, 30.4412, 0.00320663, -143.704, 0.00271763, 38.1041
762, 12.69167, 0.469655, 25.4743, 66.7375, -144.507, 67.2081, 35.1813, 0.000514332, 30.4477, 0.00320355, -143.693, 0.00271506, 38.1168
762, 12.70000, 0.468913, 25.4527, 66.6752, -144.513, 67.1457, 35.1757, 0.000513814, 30.4542, 0.00320048, -143.682, 0.00271251, 38.1294
763, 12.70833, 0.468173, 25.4313, 66.6129, -144.519, 67.0835, 35.1701, 0.000513297, 30.4606, 0.00319741, -143.671, 0.00270995, 38.142
763, 12.71667, 0.467437, 25.41, 66.5507, -144.525, 67.0214, 35.1645, 0.000512782, 30.4671, 0.00319435, -143.66, 0.00270741, 38.1547
764, 12.72500, 0.466703, 25.3889, 66.4887, -144.531, 66.9593, 35.1589, 0.000512267, 30.4736, 0.00319129, -143.649, 0.00270486, 38.1674
764, 12.73333, 0.465973, 25.3679, 66.4267, -144.537, 66.8974, 35.1533, 0.000511754, 30.4802, 0.00318824, -143.638, 0.00270233, 38.18
765, 12.74167, 0.465246, 25.347, 66.3649, -144.543, 66.8356, 35.1478, 0.000511242, 30.4867, 0.0031852, -143.627, 0.00269979, 38.1927
765, 12.75000, 0.464521, 25.3263, 66.3032, -144.549, 66.7739, 35.1422, 0.00051073, 30.4932, 0.00318216, -143.616, 0.00269727, 38.2053
766, 12.75833, 0.4638, 25.3056, 66.2416, -144.555, 66.7124, 35.1367, 0.00051022, 30.4998, 0.00317913, -143.605, 0.00269474, 38.218
766, 12.76667, 0.463082, 25.2851, 66.1801, -144.561, 66.6509, 35.1312, 0.000509711, 30.5063, 0.00317611, -143.593, 0.00269223, 38.2307
767, 12.77500, 0.462367, 25.2648, 66.1187, -144.567, 66.5895, 35.1257, 0.000509202, 30.5129, 0.00317309, -143.582, 0.00268971, 38.2434
767, 12.78333, 0.461654, 25.2446, 66.0574, -144.573, 66.5283, 35.1202, 0.000508695, 30.5195, 0.00317007, -143.571, 0.00268721, 38.2561
768, 12.79167, 0.460945, 25.2245, 65.9962, -144.579, 66.4671, 35.1147, 0.000508189, 30.526, 0.00316706, -143.56, 0.0026847, 38.2687
768, 12.80000, 0.460239, 25.2045, 65.9352, -144.585, 66.4061, 35.1093, 0.000507684, 30.5326, 0.00316406, -143.549, 0.0026822, 38.2814
769, 12.80833, 0.459535, 25.1846, 65.8742, -144.591, 66.3451, 35.1038, 0.00050718, 30.5392, 0.00316107, -143.538, 0.00267971, 38.2941
769, 12.81667, 0.458835, 25.1649, 65.8134, -144.597, 66.2843, 35.0984, 0.000506676, 30.5459, 0.00315807, -143.527, 0.00267722, 38.3068
770, 12.82500, 0.458137, 25.1453, 65.7526, -144.603, 66.2236, 35.0929, 0.000506174, 30.5525, 0.00315509, -143.516, 0.00267474, 38.3195
770, 12.83333, 0.457443, 25.1259, 65.692, -144.609, 66.163, 35.0875, 0.000505673, 30.5591, 0.00315211, -143.505, 0.00267226, 38.3322
771, 12.84167, 0.456751, 25.1066, 65.6315, -144.615, 66.1024, 35.0821, 0.000505173, 30.5658, 0.00314914, -143.494, 0.00266978, 38.3449
771, 12.85000, 0.456062, 25.0874, 65.5711, -144.621, 66.042, 35.0768, 0.000504674, 30.5724, 0.00314617, -143.483, 0.00266731, 38.3576
772, 12.85833, 0.455376, 25.0683, 65.5107, -144.626, 65.9817, 35.0714, 0.000504176, 30.5791, 0.00314321, -143.472, 0.00266485, 38.3703
772, 12.86667, 0.454693, 25.0493, 65.4505, -144.632, 65.9215, 35.066, 0.000503678, 30.5857, 0.00314025, -143.46, 0.00266238, 38.3831
773, 12.87500, 0.454013, 25.0305, 65.3904, -144.638, 65.8614, 35.0607, 0.000503182, 30.5924, 0.0031373, -143.449, 0.00265993, 38.3958
773, 12.88333, 0.453335, 25.0118, 65.3304, -144.644, 65.8015, 35.0553, 0.000502687, 30.5991, 0.00313435, -143.438, 0.00265748, 38.4085
774, 12.89167, 0.452661, 24.9933, 65.2705, -144.65, 65.7416, 35.05, 0.000502193, 30.6058, 0.00313141, -143.427, 0.00265503, 38.4212
774, 12.90000, 0.451989, 24.9748, 65.2108, -144.656, 65.6818, 35.0447, 0.0005017, 30.6125, 0.00312848, -143.416, 0.00265259, 38.434
775, 12.90833, 0.45132, 24.9565, 65.1511, -144.661, 65.6221, 35.0394, 0.000501207, 30.6192, 0.00312555, -143.405, 0.00265015, 38.4467
775, 12.91667, 0.450654, 24.9384, 65.0915, -144.667, 65.5625, 35.0341, 0.000500716, 30.6259, 0.00312263, -143.394, 0.00264772, 38.4594
776, 12.92500, 0.44999, 24.9203, 65.032, -144.673, 65.5031, 35.0289, 0.000500226, 30.6327, 0.00311971, -143.383, 0.00264529, 38.4722
776, 12.93333, 0.44933, 24.9024, 64.9727, -144.678, 65.4437, 35.0236, 0.000499736, 30.6394, 0.0031168, -143.371, 0.00264287, 38.4849
777, 12.94167, 0.448672, 24.8846, 64.9134, -144.684, 65.3844, 35.0184, 0.000499248, 30.6462, 0.00311389, -143.36, 0.00264045, 38.4976
777, 12.95000, 0.448017, 24.8669, 64.8542, -144.69, 65.3253, 35.0131, 0.00049876, 30.6529, 0.00311099, -143.349, 0.00263803, 38.5104
778, 12.95833, 0.447364, 24.8493, 64.7952, -144.696, 65.2662, 35.0079, 0.000498274, 30.6597, 0.00310809, -143.338, 0.00263562, 38.5231
778, 12.96667, 0.446715, 24.8319, 64.7362, -144.701, 65.2073, 35.0027, 0.000497788, 30.6665, 0.0031052, -143.327, 0.00263322, 38.5359
779, 12.97500, 0.446068, 24.8146, 64.6773, -144.707, 65.1484, 34.9975, 0.000497304, 30.6733, 0.00310232, -143.316, 0.00263081, 38.5486
779, 12.98333, 0.445424, 24.7974, 64.6186, -144.713, 65.0896, 34.9923, 0.00049682, 30.6801, 0.00309944, -143.304, 0.00262842, 38.5614
780, 12.99167, 0.444782, 24.7804, 64.5599, -144.718, 65.031, 34.9871, 0.000496337, 30.6869, 0.00309656, -143.293, 0.00262603, 38.5742
780, 13.00000, 0.444143, 24.7634, 64.5014, -144.724, 64.9724, 34.982, 0.000495856, 30.6937, 0.00309369, -143.282, 0.00262364, 38.5869
781, 13.00833, 0.443507, 24.7466, 64.4429, -144.729, 64.914, 34.9768, 0.000495375, 30.7005, 0.00309083, -143.271, 0.00262125, 38.5997
781, 13.01667, 0.442873, 24.73, 64.3846, -144.735, 64.8556, 34.9717, 0.000494895, 30.7073, 0.00308797, -143.26, 0.00261888, 38.6124
782, 13.02500, 0.442243, 24.7134, 64.3263, -144.741, 64.7973, 34.9665, 0.000494416, 30.7142, 0.00308512, -143.248, 0.0026165, 38.6252
782, 13.03333, 0.441615, 24.697, 64.2682, -144.746, 64.7392, 34.9614, 0.000493938, 30.721, 0.00308227, -143.237, 0.00261413, 38.638
783, 13.04167, 0.440989, 24.6807, 64.2101, -144.752, 64.6811, 34.9563, 0.000493461, 30.7279, 0.00307943, -143.226, 0.00261177, 38.6508
783, 13.05000, 0.440366, 24.6645, 64.1522, -144.757, 64.6232, 34.9512, 0.000492985, 30.7347, 0.00307659, -143.215, 0.0026094, 38.6635
784, 13.05833, 0.439746, 24.6484, 64.0943, -144.763, 64.5653, 34.9462, 0.00049251, 30.7416, 0.00307376, -143.204, 0.00260705, 38.6763
784, 13.06667, 0.439128, 24.6325, 64.0366, -144.768, 64.5075, 34.9411, 0.000492035, 30.7485, 0.00307094, -143.192, 0.00260469, 38.6891
785, 13.07500, 0.438513, 24.6166, 63.9789, -144.774, 64.4499, 34.936, 0.000491562, 30.7554, 0.00306812, -143.181, 0.00260235, 38.7019
785, 13.08333, 0.4379, 24.6009, 63.9214, -144.779, 64.3923, 34.931, 0.000491089, 30.7622, 0.0030653, -143.17, 0.0026, 38.7147
786, 13.09167, 0.43729, 24.5854, 63.8639, -144.785, 64.3348, 34.926, 0.000490618, 30.7691, 0.00306249, -143.159, 0.00259766, 38.7275
786, 13.10000, 0.436683, 24.5699, 63.8065, -144.79, 64.2775, 34.9209, 0.000490147, 30.7761, 0.00305968, -143.148, 0.00259533, 38.7403
787, 13.10833, 0.436078, 24.5546, 63.7493, -144.796, 64.2202, 34.9159, 0.000489677, 30.783, 0.00305688, -143.136, 0.002593, 38.7531
787, 13.11667, 0.435476, 24.5394, 63.6921, -144.801, 64.163, 34.9109, 0.000489209, 30.7899, 0.00305409, -143.125, 0.00259067, 38.7659
788, 13.12500, 0.434876, 24.5243, 63.6351, -144.807, 64.1059, 34.9059, 0.000488741, 30.7968, 0.0030513, -143.114, 0.00258835, 38.7787
788, 13.13333, 0.434279, 24.5093, 63.5781, -144.812, 64.0489, 34.901, 0.000488274, 30.8038, 0.00304851, -143.103, 0.00258603, 38.7915
789, 13.14167, 0.433684, 24.4944, 63.5212, -144.817, 63.992, 34.896, 0.000487807, 30.8107, 0.00304573, -143.091, 0.00258372, 38.8043
789, 13.15000, 0.433092, 24.4797, 63.4644, -144.823, 63.9352, 34.8911, 0.000487342, 30.8177, 0.00304296, -143.08, 0.00258141, 38.8171
790, 13.15833, 0.432503, 24.4651, 63.4078, -144.828, 63.8785, 34.8861, 0.000486878, 30.8247, 0.00304019, -143.069, 0.0025791, 38.8299
790, 13.16667, 0.431915, 24.4506, 63.3512, -144.834, 63.8219, 34.8812, 0.000486414, 30.8316, 0.00303743, -143.058, 0.0025768, 38.8427
791, 13.17500, 0.431331, 24.4362, 63.2947, -144.839, 63.7654, 34.8763, 0.000485952, 30.8386, 0.00303467, -143.046, 0.0025745, 38.8555
791, 13.18333, 0.430748, 24.422, 63.2383, -144.844, 63.709, 34.8714, 0.00048549, 30.8456, 0.00303191, -143.035, 0.00257221, 38.8683
792, 13.19167, 0.430168, 24.4078, 63.182, -144.85, 63.6526, 34.8665, 0.000485029, 30.8526, 0.00302916, -143.024, 0.00256992, 38.8811
792, 13.20000, 0.429591, 24.3938, 63.1258, -144.855, 63.5964, 34.8616, 0.000484569, 30.8596, 0.00302642, -143.013, 0.00256764, 38.894
793, 13.20833, 0.429016, 24.3799, 63.0697, -144.86, 63.5403, 34.8567, 0.00048411, 30.8666, 0.00302368, -143.001, 0.00256536, 38.9068
793, 13.21667, 0.428444, 24.3662, 63.0136, -144.865, 63.4842, 34.8518, 0.000483652, 30.8736, 0.00302095, -142.99, 0.00256308, 38.9196
794, 13.22500, 0.427874, 24.3525, 62.9577, -144.871, 63.4283, 34.847, 0.000483195, 30.8807, 0.00301822, -142.979, 0.00256081, 38.9324
794, 13.23333, 0.427306, 24.339, 62.9019, -144.876, 63.3724, 34.8422, 0.000482738, 30.8877, 0.00301549, -142.967, 0.00255854, 38.9453
795, 13.24167, 0.426741, 24.3255, 62.8462, -144.881, 63.3167, 34.8373, 0.000482283, 30.8948, 0.00301277, -142.956, 0.00255628, 38.9581
795, 13.25000, 0.426178, 24.3122, 62.7905, -144.887, 63.261, 34.8325, 0.000481828, 30.9018, 0.00301006, -142.945, 0.00255402, 38.9709
796, 13.25833, 0.425618, 24.299, 62.735, -144.892, 63.2054, 34.8277, 0.000481374, 30.9089, 0.00300735, -142.934, 0.00255176, 38.9838
796, 13.26667, 0.425059, 24.286, 62.6795, -144.897, 63.1499, 34.8229, 0.000480921, 30.9159, 0.00300465, -142.922, 0.00254951, 38.9966
797, 13.27500, 0.424504, 24.273, 62.6242, -144.902, 63.0945, 34.8181, 0.000480469, 30.923, 0.00300195, -142.911, 0.00254726, 39.0094
797, 13.28333, 0.42395, 24.2602, 62.5689, -144.907, 63.0392, 34.8133, 0.000480018, 30.9301, 0.00299925, -142.9, 0.00254502, 39.0223
798, 13.29167, 0.423399, 24.2474, 62.5137, -144.913, 62.984, 34.8086, 0.000479567, 30.9372, 0.00299656, -142.888, 0.00254278, 39.0351
798, 13.30000, 0.422851, 24.2348, 62.4586, -144.918, 62.9289, 34.8038, 0.000479118, 30.9443, 0.00299388, -142.877, 0.00254055, 39.048
799, 13.30833, 0.422305, 24.2223, 62.4036, -144.923, 62.8738, 34.7991, 0.000478669, 30.9514, 0.0029912, -142.866, 0.00253832, 39.0608
799, 13.31667, 0.421761, 24.21, 62.3487, -144.928, 62.8189, 34.7944, 0.000478221, 30.9585, 0.00298852, -142.854, 0.00253609, 39.0737
800, 13.32500, 0.421219, 24.1977, 62.2939, -144.933, 62.764, 34.7896, 0.000477774, 30.9656, 0.00298585, -142.843, 0.00253386, 39.0865
800, 13.33333, 0.42068, 24.1856, 62.2392, -144.938, 62.7093, 34.7849, 0.000477328, 30.9727, 0.00298318, -142.832, 0.00253165, 39.0994
801, 13.34167, 0.420142, 24.1735, 62.1845, -144.943, 62.6546, 34.7802, 0.000476882, 30.9798, 0.00298052, -142.82, 0.00252943, 39.1122
801, 13.35000, 0.419608, 24.1616, 62.13, -144.949, 62.6, 34.7755, 0.000476438, 30.987, 0.00297787, -142.809, 0.00252722, 39.1251
802, 13.35833, 0.419075, 24.1498, 62.0756, -144.954, 62.5455, 34.7709, 0.000475994, 30.9941, 0.00297522, -142.798, 0.00252501, 39.1379
802, 13.36667, 0.418545, 24.1381, 62.0212, -144.959, 62.4911, 34.7662, 0.000475551, 31.0013, 0.00297257, -142.786, 0.00252281, 39.1508
803, 13.37500, 0.418017, 24.1265, 61.9669, -144.964, 62.4368, 34.7615, 0.000475109, 31.0084, 0.00296993, -142.775, 0.00252061, 39.1636
803, 13.38333, 0.417491, 24.1151, 61.9127, -144.969, 62.3826, 34.7569, 0.000474668, 31.0156, 0.00296729, -142.764, 0.00251841, 39.1765
804, 13.39167, 0.416968, 24.1037, 61.8586, -144.974, 62.3284, 34.7522, 0.000474227, 31.0228, 0.00296466, -142.752, 0.00251622, 39.1894
804, 13.40000, 0.416447, 24.0925, 61.8046, -144.979, 62.2744, 34.7476, 0.000473788, 31.0299, 0.00296203, -142.741, 0.00251403, 39.2022
805, 13.40833, 0.415928, 24.0814, 61.7507, -144.984, 62.2204, 34.743, 0.000473349, 31.0371, 0.00295941, -142.73, 0.00251185, 39.2151
805, 13.41667, 0.415411, 24.0704, 61.6969, -144.989, 62.1665, 34.7384, 0.000472911, 31.0443, 0.00295679, -142.718, 0.00250967, 39.228
806, 13.42500, 0.414896, 24.0595, 61.6431, -144.994, 62.1127, 34.7338, 0.000472474, 31.0515, 0.00295417, -142.707, 0.00250749, 39.2408
806, 13.43333, 0.414384, 24.0487, 61.5895, -144.999, 62.059, 34.7292, 0.000472037, 31.0587, 0.00295156, -142.696, 0.00250532, 39.2537
807, 13.44167, 0.413874, 24.038, 61.5359, -145.004, 62.0054, 34.7246, 0.000471602, 31.0659, 0.00294896, -142.684, 0.00250315, 39.2666
807, 13.45000, 0.413366, 24.0274, 61.4824, -145.009, 61.9519, 34.7201, 0.000471167, 31.0732, 0.00294636, -142.673, 0.00250099, 39.2795
807, 13.45833, 0.41286, 24.017, 61.429, -145.014, 61.8984, 34.7155, 0.000470733, 31.0804, 0.00294376, -142.662, 0.00249883, 39.2923
808, 13.46667, 0.412357, 24.0066, 61.3757, -145.019, 61.8451, 34.711, 0.0004703, 31.0876, 0.00294117, -142.65, 0.00249667, 39.3052
809, 13.47500, 0.411855, 23.9964, 61.3225, -145.024, 61.7918, 34.7064, 0.000469868, 31.0949, 0.00293859, -142.639, 0.00249452, 39.3181
809, 13.48333, 0.411356, 23.9863, 61.2694, -145.029, 61.7386, 34.7019, 0.000469436, 31.1021, 0.00293601, -142.628, 0.00249237, 39.331
810, 13.49167, 0.410859, 23.9763, 61.2163, -145.034, 61.6855, 34.6974, 0.000469005, 31.1094, 0.00293343, -142.616, 0.00249022, 39.3438
810, 13.50000, 0.410364, 23.9664, 61.1634, -145.039, 61.6325, 34.6929, 0.000468575, 31.1166, 0.00293086, -142.605, 0.00248808, 39.3567
811, 13.50833, 0.409871, 23.9566, 61.1105, -145.043, 61.5796, 34.6884, 0.000468146, 31.1239, 0.00292829, -142.593, 0.00248594, 39.3696
811, 13.51667, 0.409381, 23.9469, 61.0577, -145.048, 61.5267, 34.6839, 0.000467718, 31.1312, 0.00292572, -142.582, 0.0024838, 39.3825
812, 13.52500, 0.408892, 23.9373, 61.005, -145.053, 61.474, 34.6795, 0.00046729, 31.1384, 0.00292316, -142.571, 0.00248167, 39.3954
812, 13.53333, 0.408406, 23.9279, 60.9524, -145.058, 61.4213, 34.675, 0.000466863, 31.1457, 0.00292061, -142.559, 0.00247955, 39.4083
813, 13.54167, 0.407921, 23.9185, 60.8999, -145.063, 61.3687, 34.6705, 0.000466437, 31.153, 0.00291806, -142.548, 0.00247742, 39.4212
813, 13.55000, 0.407439, 23.9093, 60.8474, -145.068, 61.3162, 34.6661, 0.000466012, 31.1603, 0.00291551, -142.537, 0.0024753, 39.434
814, 13.55833, 0.406959, 23.9002, 60.795, -145.073, 61.2638, 34.6617, 0.000465587, 31.1676, 0.00291297, -142.525, 0.00247319, 39.4469
814, 13.56667, 0.406481, 23.8911, 60.7428, -145.077, 61.2114, 34.6572, 0.000465164, 31.1749, 0.00291044, -142.514, 0.00247108, 39.4598
815, 13.57500, 0.406005, 23.8822, 60.6906, -145.082, 61.1592, 34.6528, 0.000464741, 31.1822, 0.0029079, -142.502, 0.00246897, 39.4727
815, 13.58333, 0.405531, 23.8734, 60.6385, -145.087, 61.107, 34.6484, 0.000464319, 31.1895, 0.00290538, -142.491, 0.00246686, 39.4856
816, 13.59167, 0.405059, 23.8647, 60.5864, -145.092, 61.0549, 34.644, 0.000463897, 31.1969, 0.00290285, -142.48, 0.00246476, 39.4985
816, 13.60000, 0.404589, 23.8561, 60.5345, -145.097, 61.0029, 34.6396, 0.000463476, 31.2042, 0.00290033, -142.468, 0.00246266, 39.5114
816, 13.60833, 0.404121, 23.8476, 60.4826, -145.101, 60.951, 34.6353, 0.000463057, 31.2115, 0.00289782, -142.457, 0.00246057, 39.5243
817, 13.61667, 0.403656, 23.8392, 60.4308, -145.106, 60.8991, 34.6309, 0.000462637, 31.2189, 0.00289531, -142.445, 0.00245848, 39.5372
818, 13.62500, 0.403192, 23.8309, 60.3791, -145.111, 60.8474, 34.6265, 0.000462219, 31.2262, 0.0028928, -142.434, 0.00245639, 39.5501
818, 13.63333, 0.40273, 23.8228, 60.3275, -145.116, 60.7957, 34.6222, 0.000461801, 31.2336, 0.0028903, -142.423, 0.00245431, 39.563
819, 13.64167, 0.402271, 23.8147, 60.276, -145.12, 60.7441, 34.6178, 0.000461385, 31.241, 0.0028878, -142.411, 0.00245223, 39.5759
819, 13.65000, 0.401813, 23.8067, 60.2245, -145.125, 60.6926, 34.6135, 0.000460968, 31.2483, 0.00288531, -142.4, 0.00245015, 39.5888
820, 13.65833, 0.401358, 23.7989, 60.1732, -145.13, 60.6411, 34.6092, 0.000460553, 31.2557, 0.00288282, -142.388, 0.00244808, 39.6017
820, 13.66667, 0.400904, 23.7911, 60.1219, -145.134, 60.5898, 34.6049, 0.000460138, 31.2631, 0.00288034, -142.377, 0.00244601, 39.6146
821, 13.67500, 0.400452, 23.7835, 60.0707, -145.139, 60.5385, 34.6006, 0.000459725, 31.2705, 0.00287785, -142.365, 0.00244395, 39.6275
821, 13.68333, 0.400003, 23.7759, 60.0196, -145.144, 60.4873, 34.5963, 0.000459312, 31.2779, 0.00287538, -142.354, 0.00244188, 39.6404
822, 13.69167, 0.399555, 23.7685, 59.9685, -145.149, 60.4362, 34.592, 0.000458899, 31.2853, 0.00287291, -142.343, 0.00243983, 39.6534
822, 13.70000, 0.399109, 23.7612, 59.9175, -145.153, 60.3852, 34.5877, 0.000458487, 31.2927, 0.00287044, -142.331, 0.00243777, 39.6663
823, 13.70833, 0.398665, 23.7539, 59.8667, -145.158, 60.3342, 34.5835, 0.000458077, 31.3001, 0.00286798, -142.32, 0.00243572, 39.6792
823, 13.71667, 0.398224, 23.7468, 59.8159, -145.162, 60.2833, 34.5792, 0.000457666, 31.3075, 0.00286552, -142.308, 0.00243367, 39.6921
824, 13.72500, 0.397784, 23.7398, 59.7651, -145.167, 60.2325, 34.575, 0.000457257, 31.3149, 0.00286306, -142.297, 0.00243163, 39.705
824, 13.73333, 0.397346, 23.7329, 59.7145, -145.172, 60.1818, 34.5708, 0.000456848, 31.3224, 0.00286061, -142.285, 0.00242959, 39.7179
824, 13.74167, 0.39691, 23.726, 59.6639, -145.176, 60.1312, 34.5665, 0.00045644, 31.3298, 0.00285816, -142.274, 0.00242755, 39.7308
825, 13.75000, 0.396476, 23.7193, 59.6135, -145.181, 60.0806, 34.5623, 0.000456033, 31.3372, 0.00285572, -142.263, 0.00242552, 39.7437
826, 13.75833, 0.396044, 23.7127, 59.5631, -145.185, 60.0302, 34.5581, 0.000455626, 31.3447, 0.00285328, -142.251, 0.00242349, 39.7567
826, 13.76667, 0.395614, 23.7062, 59.5127, -145.19, 59.9798, 34.5539, 0.000455221, 31.3521, 0.00285085, -142.24, 0.00242146, 39.7696
827, 13.77500, 0.395185, 23.6998, 59.4625, -145.195, 59.9294, 34.5497, 0.000454816, 31.3596, 0.00284842, -142.228, 0.00241944, 39.7825
827, 13.78333, 0.394759, 23.6935, 59.4123, -145.199, 59.8792, 34.5455, 0.000454411, 31.367, 0.00284599, -142.217, 0.00241742, 39.7954
828, 13.79167, 0.394334, 23.6873, 59.3622, -145.204, 59.829, 34.5414, 0.000454008, 31.3745, 0.00284357, -142.205, 0.0024154, 39.8083
828, 13.80000, 0.393912, 23.6812, 59.3122, -145.208, 59.7789, 34.5372, 0.000453605, 31.382, 0.00284116, -142.194, 0.00241339, 39.8213
829, 13.80833, 0.393491, 23.6751, 59.2623, -145.213, 59.7289, 34.5331, 0.000453202, 31.3895, 0.00283874, -142.182, 0.00241138, 39.8342
829, 13.81667, 0.393072, 23.6692, 59.2124, -145.217, 59.679, 34.5289, 0.000452801, 31.3969, 0.00283633, -142.171, 0.00240937, 39.8471
830, 13.82500, 0.392655, 23.6634, 59.1626, -145.222, 59.6291, 34.5248, 0.0004524, 31.4044, 0.00283393, -142.16, 0.00240737, 39.86
830, 13.83333, 0.39224, 23.6577, 59.1129, -145.226, 59.5794, 34.5206, 0.000452, 31.4119, 0.00283153, -142.148, 0.00240537, 39.8729
831, 13.84167, 0.391827, 23.6521, 59.0633, -145.231, 59.5296, 34.5165, 0.000451601, 31.4194, 0.00282913, -142.137, 0.00240337, 39.8859
831, 13.85000, 0.391415, 23.6466, 59.0138, -145.235, 59.48, 34.5124, 0.000451202, 31.4269, 0.00282674, -142.125, 0.00240138, 39.8988
832, 13.85833, 0.391006, 23.6412, 58.9643, -145.24, 59.4305, 34.5083, 0.000450804, 31.4344, 0.00282435, -142.114, 0.00239939, 39.9117
832, 13.86667, 0.390598, 23.6359, 58.9149, -145.244, 59.381, 34.5042, 0.000450407, 31.4419, 0.00282196, -142.102, 0.0023974, 39.9246
832, 13.87500, 0.390192, 23.6307, 58.8656, -145.249, 59.3316, 34.5001, 0.00045001, 31.4495, 0.00281958, -142.091, 0.00239542, 39.9376
833, 13.88333, 0.389788, 23.6255, 58.8164, -145.253, 59.2823, 34.4961, 0.000449614, 31.457, 0.0028172, -142.079, 0.00239344, 39.9505
834, 13.89167, 0.389386, 23.6205, 58.7672, -145.258, 59.233, 34.492, 0.000449219, 31.4645, 0.00281483, -142.068, 0.00239146, 39.9634
834, 13.90000, 0.388985, 23.6156, 58.7181, -145.262, 59.1839, 34.488, 0.000448824, 31.4721, 0.00281246, -142.056, 0.00238949, 39.9763
835, 13.90833, 0.388587, 23.6108, 58.6691, -145.266, 59.1348, 34.4839, 0.000448431, 31.4796, 0.0028101, -142.045, 0.00238752, 39.9893
835, 13.91667, 0.38819, 23.606, 58.6202, -145.271, 59.0857, 34.4799, 0.000448037, 31.4871, 0.00280773, -142.033, 0.00238555, 40.0022
836, 13.92500, 0.387795, 23.6014, 58.5713, -145.275, 59.0368, 34.4758, 0.000447645, 31.4947, 0.00280538, -142.022, 0.00238359, 40.0151
836, 13.93333, 0.387402, 23.5969, 58.5225, -145.28, 58.9879, 34.4718, 0.000447253, 31.5023, 0.00280302, -142.01, 0.00238163, 40.028
837, 13.94167, 0.38701, 23.5924, 58.4738, -145.284, 58.9391, 34.4678, 0.000446862, 31.5098, 0.00280067, -141.999, 0.00237967, 40.041
837, 13.95000, 0.38662, 23.5881, 58.4252, -145.288, 58.8904, 34.4638, 0.000446472, 31.5174, 0.00279833, -141.988, 0.00237772, 40.0539
838, 13.95833, 0.386233, 23.5839, 58.3766, -145.293, 58.8418, 34.4598, 0.000446082, 31.525, 0.00279599, -141.976, 0.00237577, 40.0668
838, 13.96667, 0.385846, 23.5797, 58.3281, -145.297, 58.7932, 34.4558, 0.000445693, 31.5325, 0.00279365, -141.965, 0.00237382, 40.0798
839, 13.97500, 0.385462, 23.5756, 58.2797, -145.301, 58.7447, 34.4519, 0.000445305, 31.5401, 0.00279132, -141.953, 0.00237188, 40.0927
839, 13.98333, 0.385079, 23.5717, 58.2314, -145.306, 58.6963, 34.4479, 0.000444917, 31.5477, 0.00278899, -141.942, 0.00236994, 40.1056
840, 13.99167, 0.384698, 23.5678, 58.1831, -145.31, 58.6479, 34.4439, 0.00044453, 31.5553, 0.00278666, -141.93, 0.002368, 40.1186
840, 14.00000, 0.384319, 23.564, 58.1349, -145.314, 58.5996, 34.44, 0.000444144, 31.5629, 0.00278434, -141.919, 0.00236607, 40.1315
841, 14.00833, 0.383942, 23.5604, 58.0868, -145.319, 58.5514, 34.436, 0.000443758, 31.5705, 0.00278202, -141.907, 0.00236414, 40.1444
841, 14.01667, 0.383566, 23.5568, 58.0388, -145.323, 58.5033, 34.4321, 0.000443373, 31.5781, 0.0027797, -141.896, 0.00236221, 40.1574
841, 14.02500, 0.383192, 23.5533, 57.9908, -145.327, 58.4552, 34.4282, 0.000442989, 31.5857, 0.00277739, -141.884, 0.00236028, 40.1703
842, 14.03333, 0.38282, 23.5499, 57.9429, -145.331, 58.4072, 34.4242, 0.000442605, 31.5933, 0.00277509, -141.873, 0.00235836, 40.1832
843, 14.04167, 0.382449, 23.5466, 57.8951, -145.336, 58.3593, 34.4203, 0.000442222, 31.6009, 0.00277278, -141.861, 0.00235644, 40.1962
843, 14.05000, 0.38208, 23.5434, 57.8473, -145.34, 58.3114, 34.4164, 0.000441839, 31.6086, 0.00277048, -141.85, 0.00235453, 40.2091
844, 14.05833, 0.381713, 23.5402, 57.7996, -145.344, 58.2637, 34.4125, 0.000441458, 31.6162, 0.00276819, -141.838, 0.00235262, 40.222
844, 14.06667, 0.381348, 23.5372, 57.752, -145.348, 58.216, 34.4087, 0.000441077, 31.6238, 0.0027659, -141.827, 0.00235071, 40.235
845, 14.07500, 0.380984, 23.5343, 57.7045, -145.353, 58.1683, 34.4048, 0.000440696, 31.6315, 0.00276361, -141.815, 0.0023488, 40.2479
845, 14.08333, 0.380622, 23.5314, 57.657, -145.357, 58.1208, 34.4009, 0.000440317, 31.6391, 0.00276132, -141.804, 0.0023469, 40.2608
846, 14.09167, 0.380261, 23.5287, 57.6096, -145.361, 58.0733, 34.397, 0.000439937, 31.6468, 0.00275904, -141.792, 0.002345, 40.2738
846, 14.10000, 0.379903, 23.526, 57.5623, -145.365, 58.0259, 34.3932, 0.000439559, 31.6544, 0.00275677, -141.781, 0.0023431, 40.2867
847, 14.10833, 0.379546, 23.5234, 57.5151, -145.37, 57.9785, 34.3894, 0.000439181, 31.6621, 0.00275449, -141.769, 0.00234121, 40.2996
847, 14.11667, 0.37919, 23.5209, 57.4679, -145.374, 57.9312, 34.3855, 0.000438804, 31.6697, 0.00275222, -141.758, 0.00233932, 40.3126
848, 14.12500, 0.378837, 23.5185, 57.4208, -145.378, 57.884, 34.3817, 0.000438427, 31.6774, 0.00274996, -141.746, 0.00233743, 40.3255
848, 14.13333, 0.378484, 23.5162, 57.3737, -145.382, 57.8369, 34.3779, 0.000438052, 31.6851, 0.0027477, -141.735, 0.00233555, 40.3385
849, 14.14167, 0.378134, 23.514, 57.3268, -145.386, 57.7898, 34.3741, 0.000437676, 31.6927, 0.00274544, -141.723, 0.00233367, 40.3514
849, 14.15000, 0.377785, 23.5119, 57.2799, -145.39, 57.7428, 34.3703, 0.000437302, 31.7004, 0.00274318, -141.712, 0.00233179, 40.3643
849, 14.15833, 0.377438, 23.5098, 57.233, -145.395, 57.6959, 34.3665, 0.000436928, 31.7081, 0.00274093, -141.7, 0.00232992, 40.3773
850, 14.16667, 0.377092, 23.5079, 57.1863, -145.399, 57.6491, 34.3627, 0.000436554, 31.7158, 0.00273868, -141.689, 0.00232804, 40.3902
851, 14.17500, 0.376749, 23.506, 57.1396, -145.403, 57.6023, 34.3589, 0.000436182, 31.7235, 0.00273644, -141.677, 0.00232618, 40.4031
851, 14.18333, 0.376406, 23.5043, 57.093, -145.407, 57.5556, 34.3551, 0.00043581, 31.7312, 0.0027342, -141.666, 0.00232431, 40.4161
852, 14.19167, 0.376065, 23.5026, 57.0464, -145.411, 57.5089, 34.3514, 0.000435438, 31.7389, 0.00273196, -141.654, 0.00232245, 40.429
852, 14.20000, 0.375726, 23.501, 56.9999, -145.415, 57.4623, 34.3476, 0.000435067, 31.7466, 0.00272973, -141.643, 0.00232059, 40.4419
853, 14.20833, 0.375389, 23.4995, 56.9535, -145.419, 57.4158, 34.3438, 0.000434697, 31.7543, 0.0027275, -141.631, 0.00231873, 40.4549
853, 14.21667, 0.375053, 23.498, 56.9072, -145.423, 57.3694, 34.3401, 0.000434328, 31.762, 0.00272528, -141.619, 0.00231688, 40.4678
854, 14.22500, 0.374719, 23.4967, 56.8609, -145.427, 57.323, 34.3364, 0.000433959, 31.7698, 0.00272305, -141.608, 0.00231503, 40.4808
854, 14.23333, 0.374386, 23.4955, 56.8147, -145.431, 57.2767, 34.3326, 0.000433591, 31.7775, 0.00272084, -141.596, 0.00231318, 40.4937
855, 14.24167, 0.374055, 23.4943, 56.7686, -145.436, 57.2305, 34.3289, 0.000433223, 31.7852, 0.00271862, -141.585, 0.00231133, 40.5066
855, 14.25000, 0.373725, 23.4932, 56.7225, -145.44, 57.1843, 34.3252, 0.000432856, 31.7929, 0.00271641, -141.573, 0.00230949, 40.5196
856, 14.25833, 0.373397, 23.4922, 56.6765, -145.444, 57.1382, 34.3215, 0.000432489, 31.8007, 0.0027142, -141.562, 0.00230765, 40.5325
856, 14.26667, 0.373071, 23.4913, 56.6306, -145.448, 57.0921, 34.3178, 0.000432123, 31.8084, 0.002712, -141.55, 0.00230582, 40.5454
857, 14.27500, 0.372746, 23.4905, 56.5847, -145.452, 57.0462, 34.3141, 0.000431758, 31.8162, 0.0027098, -141.539, 0.00230398, 40.5584
857, 14.28333, 0.372423, 23.4897, 56.5389, -145.456, 57.0003, 34.3105, 0.000431394, 31.8239, 0.0027076, -141.527, 0.00230215, 40.5713
857, 14.29167, 0.372101, 23.4891, 56.4932, -145.46, 56.9544, 34.3068, 0.00043103, 31.8317, 0.00270541, -141.516, 0.00230033, 40.5843
858, 14.30000, 0.371781, 23.4885, 56.4476, -145.464, 56.9087, 34.3031, 0.000430666, 31.8394, 0.00270322, -141.504, 0.0022985, 40.5972
859, 14.30833, 0.371462, 23.488, 56.402, -145.468, 56.863, 34.2995, 0.000430303, 31.8472, 0.00270103, -141.493, 0.00229668, 40.6101
859, 14.31667, 0.371145, 23.4876, 56.3564, -145.472, 56.8173, 34.2958, 0.000429941, 31.855, 0.00269885, -141.481, 0.00229486, 40.6231
860, 14.32500, 0.370829, 23.4873, 56.311, -145.476, 56.7718, 34.2922, 0.00042958, 31.8627, 0.00269667, -141.47, 0.00229305, 40.636
860, 14.33333, 0.370515, 23.4871, 56.2656, -145.48, 56.7263, 34.2886, 0.000429219, 31.8705, 0.00269449, -141.458, 0.00229123, 40.6489
861, 14.34167, 0.370203, 23.4869, 56.2203, -145.484, 56.6809, 34.2849, 0.000428858, 31.8783, 0.00269232, -141.447, 0.00228942, 40.6619
861, 14.35000, 0.369892, 23.4868, 56.175, -145.488, 56.6355, 34.2813, 0.000428499, 31.8861, 0.00269015, -141.435, 0.00228762, 40.6748
862, 14.35833, 0.369582, 23.4869, 56.1298, -145.491, 56.5902, 34.2777, 0.000428139, 31.8939, 0.00268798, -141.424, 0.00228581, 40.6877
862, 14.36667, 0.369274, 23.4869, 56.0847, -145.495, 56.5449, 34.2741, 0.000427781, 31.9016, 0.00268582, -141.412, 0.00228401, 40.7007
863, 14.37500, 0.368968, 23.4871, 56.0396, -145.499, 56.4998, 34.2705, 0.000427423, 31.9094, 0.00268366, -141.4, 0.00228221, 40.7136
863, 14.38333, 0.368663, 23.4874, 55.9946, -145.503, 56.4547, 34.2669, 0.000427065, 31.9172, 0.00268151, -141.389, 0.00228042, 40.7265
864, 14.39167, 0.368359, 23.4877, 55.9497, -145.507, 56.4096, 34.2633, 0.000426709, 31.925, 0.00267935, -141.377, 0.00227862, 40.7395
864, 14.40000, 0.368057, 23.4881, 55.9048, -145.511, 56.3647, 34.2598, 0.000426352, 31.9328, 0.0026772, -141.366, 0.00227683, 40.7524
865, 14.40833, 0.367757, 23.4886, 55.86, -145.515, 56.3197, 34.2562, 0.000425997, 31.9407, 0.00267506, -141.354, 0.00227505, 40.7654
865, 14.41667, 0.367458, 23.4892, 55.8153, -145.519, 56.2749, 34.2526, 0.000425642, 31.9485, 0.00267292, -141.343, 0.00227326, 40.7783
866, 14.42500, 0.36716, 23.4898, 55.7706, -145.523, 56.2301, 34.2491, 0.000425287, 31.9563, 0.00267078, -141.331, 0.00227148, 40.7912
866, 14.43333, 0.366864, 23.4906, 55.726, -145.527, 56.1854, 34.2456, 0.000424933, 31.9641, 0.00266864, -141.32, 0.0022697, 40.8042
866, 14.44167, 0.366569, 23.4914, 55.6815, -145.53, 56.1407, 34.242, 0.00042458, 31.9719, 0.00266651, -141.308, 0.00226793, 40.8171
867, 14.45000, 0.366276, 23.4923, 55.637, -145.534, 56.0962, 34.2385, 0.000424227, 31.9798, 0.00266438, -141.297, 0.00226615, 40.83
868, 14.45833, 0.365984, 23.4933, 55.5926, -145.538, 56.0516, 34.235, 0.000423875, 31.9876, 0.00266226, -141.285, 0.00226438, 40.8429
868, 14.46667, 0.365694, 23.4943, 55.5483, -145.542, 56.0072, 34.2315, 0.000423524, 31.9954, 0.00266014, -141.274, 0.00226261, 40.8559
869, 14.47500, 0.365405, 23.4954, 55.504, -145.546, 55.9628, 34.228, 0.000423173, 32.0033, 0.00265802, -141.262, 0.00226085, 40.8688
869, 14.48333, 0.365118, 23.4967, 55.4598, -145.55, 55.9184, 34.2244, 0.000422822, 32.0111, 0.0026559, -141.25, 0.00225909, 40.8817
870, 14.49167, 0.364832, 23.4979, 55.4156, -145.553, 55.8742, 34.221, 0.000422472, 32.019, 0.00265379, -141.239, 0.00225733, 40.8947
870, 14.50000, 0.364547, 23.4993, 55.3715, -145.557, 55.83, 34.2175, 0.000422123, 32.0268, 0.00265168, -141.227, 0.00225557, 40.9076
871, 14.50833, 0.364264, 23.5007, 55.3275, -145.561, 55.7858, 34.214, 0.000421775, 32.0347, 0.00264958, -141.216, 0.00225382, 40.9205
871, 14.51667, 0.363983, 23.5022, 55.2835, -145.565, 55.7417, 34.2105, 0.000421426, 32.0426, 0.00264747, -141.204, 0.00225207, 40.9335
872, 14.52500, 0.363702, 23.5038, 55.2396, -145.569, 55.6977, 34.2071, 0.000421079, 32.0504, 0.00264537, -141.193, 0.00225032, 40.9464
872, 14.53333, 0.363424, 23.5055, 55.1958, -145.572, 55.6538, 34.2036, 0.000420732, 32.0583, 0.00264328, -141.181, 0.00224857, 40.9593
873, 14.54167, 0.363146, 23.5072, 55.152, -145.576, 55.6099, 34.2002, 0.000420385, 32.0662, 0.00264119, -141.17, 0.00224683, 40.9723
873, 14.55000, 0.36287, 23.5091, 55.1083, -145.58, 55.5661, 34.1967, 0.00042004, 32.074, 0.0026391, -141.158, 0.00224509, 40.9852
874, 14.55833, 0.362596, 23.511, 55.0646, -145.584, 55.5223, 34.1933, 0.000419694, 32.0819, 0.00263701, -141.146, 0.00224335, 40.9981
874, 14.56667, 0.362322, 23.5129, 55.021, -145.588, 55.4786, 34.1899, 0.00041935, 32.0898, 0.00263493, -141.135, 0.00224162, 41.011
874, 14.57500, 0.362051, 23.515, 54.9775, -145.591, 55.4349, 34.1864, 0.000419005, 32.0977, 0.00263285, -141.123, 0.00223988, 41.024
875, 14.58333, 0.36178, 23.5171, 54.9341, -145.595, 55.3914, 34.183, 0.000418662, 32.1056, 0.00263077, -141.112, 0.00223815, 41.0369
876, 14.59167, 0.361511, 23.5193, 54.8907, -145.599, 55.3478, 34.1796, 0.000418319, 32.1135, 0.0026287, -141.1, 0.00223643, 41.0498
876, 14.60000, 0.361243, 23.5215, 54.8473, -145.602, 55.3044, 34.1762, 0.000417976, 32.1214, 0.00262663, -141.089, 0.0022347, 41.0627
877, 14.60833, 0.360977, 23.5239, 54.804, -145.606, 55.261, 34.1728, 0.000417634, 32.1293, 0.00262456, -141.077, 0.00223298, 41.0757
877, 14.61667, 0.360712, 23.5263, 54.7608, -145.61, 55.2176, 34.1694, 0.000417293, 32.1372, 0.0026225, -141.066, 0.00223126, 41.0886
878, 14.62500, 0.360449, 23.5288, 54.7177, -145.614, 55.1744, 34.1661, 0.000416952, 32.1451, 0.00262044, -141.054, 0.00222955, 41.1015
878, 14.63333, 0.360187, 23.5313, 54.6746, -145.617, 55.1311, 34.1627, 0.000416612, 32.153, 0.00261838, -141.043, 0.00222783, 41.1144
879, 14.64167, 0.359926, 23.534, 54.6315, -145.621, 55.088, 34.1593, 0.000416272, 32.1609, 0.00261633, -141.031, 0.00222612, 41.1274
879, 14.65000, 0.359666, 23.5367, 54.5886, -145.625, 55.0449, 34.156, 0.000415933, 32.1688, 0.00261428, -141.019, 0.00222441, 41.1403
880, 14.65833, 0.359408, 23.5394, 54.5457, -145.628, 55.0019, 34.1526, 0.000415594, 32.1767, 0.00261223, -141.008, 0.00222271, 41.1532
880, 14.66667, 0.359151, 23.5423, 54.5028, -145.632, 54.9589, 34.1493, 0.000415256, 32.1847, 0.00261019, -140.996, 0.002221, 41.1661
881, 14.67500, 0.358896, 23.5452, 54.46, -145.636, 54.916, 34.1459, 0.000414918, 32.1926, 0.00260815, -140.985, 0.0022193, 41.1791
881, 14.68333, 0.358642, 23.5482, 54.4173, -145.639, 54.8731, 34.1426, 0.000414581, 32.2005, 0.00260611, -140.973, 0.00221761, 41.192
882, 14.69167, 0.358389, 23.5512, 54.3746, -145.643, 54.8303, 34.1393, 0.000414245, 32.2085, 0.00260407, -140.962, 0.00221591, 41.2049
882, 14.70000, 0.358138, 23.5544, 54.332, -145.646, 54.7876, 34.136, 0.000413909, 32.2164, 0.00260204, -140.95, 0.00221422, 41.2178
882, 14.70833, 0.357888, 23.5576, 54.2894, -145.65, 54.7449, 34.1326, 0.000413573, 32.2243, 0.00260001, -140.939, 0.00221253, 41.2307
883, 14.71667, 0.357639, 23.5608, 54.247, -145.654, 54.7023, 34.1293, 0.000413239, 32.2323, 0.00259799, -140.927, 0.00221084, 41.2436
884, 14.72500, 0.357392, 23.5642, 54.2045, -145.657, 54.6598, 34.126, 0.000412904, 32.2402, 0.00259596, -140.915, 0.00220915, 41.2566
884, 14.73333, 0.357145, 23.5676, 54.1622, -145.661, 54.6173, 34.1227, 0.00041257, 32.2482, 0.00259394, -140.904, 0.00220747, 41.2695
885, 14.74167, 0.356901, 23.5711, 54.1198, -145.665, 54.5748, 34.1195, 0.000412237, 32.2561, 0.00259193, -140.892, 0.00220579, 41.2824
885, 14.75000, 0.356657, 23.5746, 54.0776, -145.668, 54.5324, 34.1162, 0.000411904, 32.2641, 0.00258991, -140.881, 0.00220411, 41.2953
886, 14.75833, 0.356415, 23.5782, 54.0354, -145.672, 54.4901, 34.1129, 0.000411572, 32.2721, 0.0025879, -140.869, 0.00220244, 41.3082
886, 14.76667, 0.356174, 23.5819, 53.9933, -145.675, 54.4479, 34.1097, 0.00041124, 32.28, 0.0025859, -140.858, 0.00220077, 41.3211
887, 14.77500, 0.355934, 23.5856, 53.9512, -145.679, 54.4057, 34.1064, 0.000410909, 32.288, 0.00258389, -140.846, 0.0021991, 41.334
887, 14.78333, 0.355696, 23.5895, 53.9092, -145.682, 54.3635, 34.1031, 0.000410579, 32.296, 0.00258189, -140.835, 0.00219743, 41.347
888, 14.79167, 0.355459, 23.5933, 53.8672, -145.686, 54.3214, 34.0999, 0.000410248, 32.3039, 0.00257989, -140.823, 0.00219576, 41.3599
888, 14.80000, 0.355223, 23.5973, 53.8253, -145.689, 54.2794, 34.0967, 0.000409919, 32.3119, 0.0025779, -140.811, 0.0021941, 41.3728
889, 14.80833, 0.354989, 23.6013, 53.7835, -145.693, 54.2374, 34.0934, 0.00040959, 32.3199, 0.0025759, -140.8, 0.00219244, 41.3857
889, 14.81667, 0.354756, 23.6054, 53.7417, -145.697, 54.1955, 34.0902, 0.000409261, 32.3279, 0.00257391, -140.788, 0.00219078, 41.3986
890, 14.82500, 0.354524, 23.6095, 53.6999, -145.7, 54.1537, 34.087, 0.000408933, 32.3359, 0.00257193, -140.777, 0.00218913, 41.4115
890, 14.83333, 0.354293, 23.6138, 53.6583, -145.704, 54.1119, 34.0838, 0.000408606, 32.3438, 0.00256995, -140.765, 0.00218748, 41.4244
891, 14.84167, 0.354064, 23.618, 53.6167, -145.707, 54.0701, 34.0806, 0.000408279, 32.3518, 0.00256796, -140.754, 0.00218583, 41.4373
891, 14.85000, 0.353836, 23.6224, 53.5751, -145.711, 54.0285, 34.0774, 0.000407952, 32.3598, 0.00256599, -140.742, 0.00218418, 41.4502
891, 14.85833, 0.353609, 23.6268, 53.5336, -145.714, 53.9868, 34.0742, 0.000407626, 32.3678, 0.00256401, -140.731, 0.00218253, 41.4631
892, 14.86667, 0.353383, 23.6313, 53.4922, -145.718, 53.9453, 34.071, 0.000407301, 32.3758, 0.00256204, -140.719, 0.00218089, 41.476
893, 14.87500, 0.353159, 23.6358, 53.4508, -145.721, 53.9038, 34.0678, 0.000406976, 32.3838, 0.00256007, -140.707, 0.00217925, 41.4889
893, 14.88333, 0.352936, 23.6404, 53.4095, -145.725, 53.8623, 34.0646, 0.000406651, 32.3919, 0.00255811, -140.696, 0.00217761, 41.5018
894, 14.89167, 0.352714, 23.6451, 53.3682, -145.728, 53.8209, 34.0615, 0.000406327, 32.3999, 0.00255614, -140.684, 0.00217598, 41.5148
894, 14.90000, 0.352493, 23.6498, 53.327, -145.731, 53.7796, 34.0583, 0.000406004, 32.4079, 0.00255419, -140.673, 0.00217435, 41.5277
895, 14.90833, 0.352274, 23.6546, 53.2858, -145.735, 53.7383, 34.0552, 0.000405681, 32.4159, 0.00255223, -140.661, 0.00217272, 41.5406
895, 14.91667, 0.352056, 23.6594, 53.2447, -145.738, 53.697, 34.052, 0.000405358, 32.4239, 0.00255027, -140.65, 0.00217109, 41.5535
896, 14.92500, 0.351839, 23.6644, 53.2037, -145.742, 53.6559, 34.0489, 0.000405036, 32.4319, 0.00254832, -140.638, 0.00216946, 41.5664
896, 14.93333, 0.351623, 23.6693, 53.1627, -145.745, 53.6148, 34.0457, 0.000404715, 32.44, 0.00254638, -140.626, 0.00216784, 41.5793
897, 14.94167, 0.351409, 23.6744, 53.1218, -145.749, 53.5737, 34.0426, 0.000404394, 32.448, 0.00254443, -140.615, 0.00216622, 41.5921
897, 14.95000, 0.351196, 23.6795, 53.0809, -145.752, 53.5327, 34.0395, 0.000404074, 32.456, 0.00254249, -140.603, 0.0021646, 41.605
898, 14.95833, 0.350984, 23.6847, 53.0401, -145.755, 53.4917, 34.0364, 0.000403754, 32.4641, 0.00254055, -140.592, 0.00216298, 41.6179
898, 14.96667, 0.350773, 23.6899, 52.9993, -145.759, 53.4509, 34.0333, 0.000403434, 32.4721, 0.00253861, -140.58, 0.00216137, 41.6308
899, 14.97500, 0.350563, 23.6952, 52.9586, -145.762, 53.41, 34.0302, 0.000403115, 32.4801, 0.00253668, -140.569, 0.00215976, 41.6437
899, 14.98333, 0.350355, 23.7005, 52.918, -145.766, 53.3692, 34.0271, 0.000402797, 32.4882, 0.00253475, -140.557, 0.00215815, 41.6566
899, 14.99167, 0.350147, 23.7059, 52.8774, -145.769, 53.3285, 34.024, 0.000402479, 32.4962, 0.00253282, -140.546, 0.00215654, 41.6695
900, 15.00000, 0.349941, 23.7114, 52.8368, -145.772, 53.2878, 34.0209, 0.000402162, 32.5043, 0.00253089, -140.534, 0.00215494, 41.6824
901, 15.00833, 0.349737, 23.7169, 52.7964, -145.776, 53.2472, 34.0178, 0.000401845, 32.5123, 0.00252897, -140.522, 0.00215334, 41.6953
901, 15.01667, 0.349533, 23.7225, 52.7559, -145.779, 53.2067, 34.0147, 0.000401528, 32.5204, 0.00252705, -140.511, 0.00215174, 41.7082
902, 15.02500, 0.349331, 23.7282, 52.7156, -145.783, 53.1661, 34.0117, 0.000401212, 32.5285, 0.00252514, -140.499, 0.00215014, 41.7211
902, 15.03333, 0.349129, 23.7339, 52.6752, -145.786, 53.1257, 34.0086, 0.000400897, 32.5365, 0.00252322, -140.488, 0.00214855, 41.734
903, 15.04167, 0.348929, 23.7396, 52.635, -145.789, 53.0853, 34.0056, 0.000400582, 32.5446, 0.00252131, -140.476, 0.00214696, 41.7468
903, 15.05000, 0.34873, 23.7455, 52.5948, -145.793, 53.045, 34.0025, 0.000400267, 32.5527, 0.0025194, -140.465, 0.00214537, 41.7597
904, 15.05833, 0.348532, 23.7513, 52.5546, -145.796, 53.0047, 33.9995, 0.000399953, 32.5607, 0.0025175, -140.453, 0.00214378, 41.7726
904, 15.06667, 0.348336, 23.7573, 52.5145, -145.799, 52.9644, 33.9964, 0.000399639, 32.5688, 0.0025156, -140.442, 0.00214219, 41.7855
905, 15.07500, 0.348141, 23.7633, 52.4745, -145.803, 52.9242, 33.9934, 0.000399326, 32.5769, 0.0025137, -140.43, 0.00214061, 41.7984
905, 15.08333, 0.347946, 23.7693, 52.4345, -145.806, 52.8841, 33.9904, 0.000399014, 32.5849, 0.0025118, -140.418, 0.00213903, 41.8113
906, 15.09167, 0.347753, 23.7754, 52.3945, -145.809, 52.844, 33.9874, 0.000398702, 32.593, 0.0025099, -140.407, 0.00213745, 41.8241
906, 15.10000, 0.347561, 23.7816, 52.3546, -145.813, 52.804, 33.9843, 0.00039839, 32.6011, 0.00250801, -140.395, 0.00213587, 41.837
907, 15.10833, 0.34737, 23.7878, 52.3148, -145.816, 52.7641, 33.9813, 0.000398079, 32.6092, 0.00250612, -140.384, 0.0021343, 41.8499
907, 15.11667, 0.347181, 23.7941, 52.275, -145.819, 52.7241, 33.9783, 0.000397768, 32.6173, 0.00250424, -140.372, 0.00213273, 41.8628
907, 15.12500, 0.346992, 23.8004, 52.2353, -145.822, 52.6843, 33.9753, 0.000397458, 32.6254, 0.00250236, -140.361, 0.00213116, 41.8757
908, 15.13333, 0.346805, 23.8068, 52.1956, -145.826, 52.6445, 33.9724, 0.000397148, 32.6335, 0.00250048, -140.349, 0.00212959, 41.8885
909, 15.14167, 0.346619, 23.8133, 52.156, -145.829, 52.6047, 33.9694, 0.000396839, 32.6416, 0.0024986, -140.338, 0.00212803, 41.9014
909, 15.15000, 0.346434, 23.8198, 52.1164, -145.832, 52.565, 33.9664, 0.00039653, 32.6497, 0.00249672, -140.326, 0.00212647, 41.9143
910, 15.15833, 0.34625, 23.8263, 52.0769, -145.835, 52.5254, 33.9634, 0.000396222, 32.6578, 0.00249485, -140.314, 0.00212491, 41.9272
910, 15.16667, 0.346067, 23.833, 52.0375, -145.839, 52.4858, 33.9605, 0.000395914, 32.6659, 0.00249298, -140.303, 0.00212335, 41.94
911, 15.17500, 0.345885, 23.8396, 51.9981, -145.842, 52.4462, 33.9575, 0.000395607, 32.674, 0.00249111, -140.291, 0.00212179, 41.9529
911, 15.18333, 0.345705, 23.8463, 51.9587, -145.845, 52.4067, 33.9546, 0.0003953, 32.6821, 0.00248925, -140.28, 0.00212024, 41.9658
912, 15.19167, 0.345525, 23.8531, 51.9194, -145.848, 52.3673, 33.9516, 0.000394993, 32.6902, 0.00248739, -140.268, 0.00211869, 41.9786
912, 15.20000, 0.345347, 23.8599, 51.8801, -145.852, 52.3279, 33.9487, 0.000394687, 32.6983, 0.00248553, -140.257, 0.00211714, 41.9915
913, 15.20833, 0.34517, 23.8668, 51.8409, -145.855, 52.2886, 33.9457, 0.000394382, 32.7064, 0.00248367, -140.245, 0.00211559, 42.0044
913, 15.21667, 0.344994, 23.8738, 51.8018, -145.858, 52.2493, 33.9428, 0.000394077, 32.7146, 0.00248182, -140.234, 0.00211405, 42.0172
914, 15.22500, 0.344819, 23.8807, 51.7627, -145.861, 52.21, 33.9399, 0.000393772, 32.7227, 0.00247997, -140.222, 0.0021125, 42.0301
914, 15.23333, 0.344645, 23.8878, 51.7237, -145.865, 52.1709, 33.937, 0.000393468, 32.7308, 0.00247812, -140.21, 0.00211096, 42.043
915, 15.24167, 0.344472, 23.8949, 51.6847, -145.868, 52.1317, 33.934, 0.000393164, 32.7389, 0.00247627, -140.199, 0.00210943, 42.0558
915, 15.25000, 0.3443, 23.902, 51.6457, -145.871, 52.0927, 33.9311, 0.000392861, 32.7471, 0.00247443, -140.187, 0.00210789, 42.0687
916, 15.25833, 0.34413, 23.9092, 51.6068, -145.874, 52.0536, 33.9282, 0.000392558, 32.7552, 0.00247259, -140.176, 0.00210636, 42.0815
916, 15.26667, 0.34396, 23.9164, 51.568, -145.877, 52.0147, 33.9253, 0.000392256, 32.7633, 0.00247075, -140.164, 0.00210483, 42.0944
916, 15.27500, 0.343792, 23.9237, 51.5292, -145.88, 51.9757, 33.9225, 0.000391954, 32.7715, 0.00246892, -140.153, 0.0021033, 42.1073
917, 15.28333, 0.343625, 23.9311, 51.4905, -145.884, 51.9369, 33.9196, 0.000391653, 32.7796, 0.00246709, -140.141, 0.00210177, 42.1201
918, 15.29167, 0.343458, 23.9385, 51.4518, -145.887, 51.898, 33.9167, 0.000391352, 32.7878, 0.00246526, -140.13, 0.00210025, 42.133
918, 15.30000, 0.343293, 23.9459, 51.4132, -145.89, 51.8593, 33.9138, 0.000391051, 32.7959, 0.00246343, -140.118, 0.00209872, 42.1458
919, 15.30833, 0.343129, 23.9534, 51.3746, -145.893, 51.8205, 33.911, 0.000390751, 32.8041, 0.00246161, -140.106, 0.0020972, 42.1587
919, 15.31667, 0.342966, 23.961, 51.3361, -145.896, 51.7819, 33.9081, 0.000390451, 32.8122, 0.00245978, -140.095, 0.00209568, 42.1715
920, 15.32500, 0.342804, 23.9686, 51.2976, -145.899, 51.7433, 33.9052, 0.000390152, 32.8204, 0.00245797, -140.083, 0.00209417, 42.1844
920, 15.33333, 0.342643, 23.9762, 51.2592, -145.902, 51.7047, 33.9024, 0.000389854, 32.8285, 0.00245615, -140.072, 0.00209265, 42.1972
921, 15.34167, 0.342484, 23.9839, 51.2208, -145.906, 51.6662, 33.8996, 0.000389555, 32.8367, 0.00245433, -140.06, 0.00209114, 42.2101
921, 15.35000, 0.342325, 23.9916, 51.1824, -145.909, 51.6277, 33.8967, 0.000389257, 32.8448, 0.00245252, -140.049, 0.00208963, 42.2229
922, 15.35833, 0.342167, 23.9994, 51.1442, -145.912, 51.5893, 33.8939, 0.00038896, 32.853, 0.00245071, -140.037, 0.00208813, 42.2358
922, 15.36667, 0.34201, 24.0072, 51.1059, -145.915, 51.5509, 33.8911, 0.000388663, 32.8612, 0.00244891, -140.026, 0.00208662, 42.2486
923, 15.37500, 0.341855, 24.0151, 51.0678, -145.918, 51.5126, 33.8882, 0.000388367, 32.8693, 0.0024471, -140.014, 0.00208512, 42.2614
923, 15.38333, 0.3417, 24.0231, 51.0296, -145.921, 51.4743, 33.8854, 0.000388071, 32.8775, 0.0024453, -140.002, 0.00208362, 42.2743
924, 15.39167, 0.341547, 24.031, 50.9916, -145.924, 51.4361, 33.8826, 0.000387775, 32.8857, 0.0024435, -139.991, 0.00208212, 42.2871
924, 15.40000, 0.341394, 24.0391, 50.9535, -145.927, 51.3979, 33.8798, 0.00038748, 32.8939, 0.00244171, -139.979, 0.00208062, 42.3
924, 15.40833, 0.341243, 24.0471, 50.9155, -145.93, 51.3598, 33.877, 0.000387185, 32.902, 0.00243991, -139.968, 0.00207913, 42.3128
925, 15.41667, 0.341093, 24.0553, 50.8776, -145.933, 51.3217, 33.8742, 0.000386891, 32.9102, 0.00243812, -139.956, 0.00207763, 42.3256
926, 15.42500, 0.340943, 24.0634, 50.8397, -145.936, 51.2837, 33.8714, 0.000386597, 32.9184, 0.00243633, -139.945, 0.00207614, 42.3385
926, 15.43333, 0.340795, 24.0716, 50.8019, -145.94, 51.2457, 33.8686, 0.000386303, 32.9266, 0.00243455, -139.933, 0.00207465, 42.3513
927, 15.44167, 0.340648, 24.0799, 50.7641, -145.943, 51.2078, 33.8659, 0.00038601, 32.9348, 0.00243276, -139.922, 0.00207317, 42.3641
927, 15.45000, 0.340502, 24.0882, 50.7264, -145.946, 51.1699, 33.8631, 0.000385718, 32.943, 0.00243098, -139.91, 0.00207168, 42.377
928, 15.45833, 0.340356, 24.0965, 50.6887, -145.949, 51.1321, 33.8603, 0.000385426, 32.9512, 0.0024292, -139.899, 0.0020702, 42.3898
928, 15.46667, 0.340212, 24.1049, 50.6511, -145.952, 51.0943, 33.8576, 0.000385134, 32.9593, 0.00242743, -139.887, 0.00206872, 42.4026
929, 15.47500, 0.340069, 24.1133, 50.6135, -145.955, 51.0566, 33.8548, 0.000384843, 32.9675, 0.00242566, -139.875, 0.00206724, 42.4155
929, 15.48333, 0.339927, 24.1218, 50.5759, -145.958, 51.0189, 33.8521, 0.000384552, 32.9757, 0.00242388, -139.864, 0.00206577, 42.4283
930, 15.49167, 0.339786, 24.1303, 50.5384, -145.961, 50.9813, 33.8493, 0.000384262, 32.9839, 0.00242212, -139.852, 0.00206429, 42.4411
930, 15.50000, 0.339646, 24.1389, 50.501, -145.964, 50.9437, 33.8466, 0.000383972, 32.9921, 0.00242035, -139.841, 0.00206282, 42.4539
931, 15.50833, 0.339506, 24.1475, 50.4636, -145.967, 50.9062, 33.8438, 0.000383682, 33.0003, 0.00241859, -139.829, 0.00206135, 42.4668
931, 15.51667, 0.339368, 24.1562, 50.4263, -145.97, 50.8687, 33.8411, 0.000383393, 33.0086, 0.00241682, -139.818, 0.00205988, 42.4796
932, 15.52500, 0.339231, 24.1649, 50.389, -145.973, 50.8312, 33.8384, 0.000383104, 33.0168, 0.00241507, -139.806, 0.00205842, 42.4924
932, 15.53333, 0.339095, 24.1736, 50.3517, -145.976, 50.7938, 33.8357, 0.000382816, 33.025, 0.00241331, -139.795, 0.00205695, 42.5052
932, 15.54167, 0.33896, 24.1824, 50.3145, -145.979, 50.7565, 33.833, 0.000382528, 33.0332, 0.00241156, -139.783, 0.00205549, 42.518
933, 15.55000, 0.338826, 24.1912, 50.2774, -145.982, 50.7192, 33.8302, 0.000382241, 33.0414, 0.0024098, -139.772, 0.00205403, 42.5309
934, 15.55833, 0.338693, 24.2001, 50.2403, -145.985, 50.6819, 33.8275, 0.000381953, 33.0496, 0.00240806, -139.76, 0.00205257, 42.5437
934, 15.56667, 0.338561, 24.209, 50.2032, -145.988, 50.6447, 33.8248, 0.000381667, 33.0578, 0.00240631, -139.749, 0.00205112, 42.5565
935, 15.57500, 0.338429, 24.2179, 50.1662, -145.991, 50.6076, 33.8222, 0.000381381, 33.0661, 0.00240456, -139.737, 0.00204967, 42.5693
935, 15.58333, 0.338299, 24.2269, 50.1292, -145.994, 50.5705, 33.8195, 0.000381095, 33.0743, 0.00240282, -139.725, 0.00204821, 42.5821
936, 15.59167, 0.33817, 24.2359, 50.0923, -145.997, 50.5334, 33.8168, 0.00038081, 33.0825, 0.00240108, -139.714, 0.00204676, 42.5949
936, 15.60000, 0.338042, 24.245, 50.0554, -145.999, 50.4964, 33.8141, 0.000380525, 33.0907, 0.00239935, -139.702, 0.00204532, 42.6077
937, 15.60833, 0.337914, 24.2541, 50.0186, -146.002, 50.4594, 33.8114, 0.00038024, 33.099, 0.00239761, -139.691, 0.00204387, 42.6205
937, 15.61667, 0.337788, 24.2633, 49.9818, -146.005, 50.4225, 33.8088, 0.000379956, 33.1072, 0.00239588, -139.679, 0.00204243, 42.6333
938, 15.62500, 0.337663, 24.2724, 49.9451, -146.008, 50.3856, 33.8061, 0.000379672, 33.1154, 0.00239415, -139.668, 0.00204099, 42.6461
938, 15.63333, 0.337539, 24.2817, 49.9084, -146.011, 50.3488, 33.8035, 0.000379389, 33.1237, 0.00239242, -139.656, 0.00203955, 42.6589
939, 15.64167, 0.337415, 24.2909, 49.8718, -146.014, 50.312, 33.8008, 0.000379106, 33.1319, 0.0023907, -139.645, 0.00203811, 42.6717
939, 15.65000, 0.337293, 24.3002, 49.8352, -146.017, 50.2753, 33.7982, 0.000378824, 33.1402, 0.00238897, -139.633, 0.00203667, 42.6845
940, 15.65833, 0.337171, 24.3096, 49.7986, -146.02, 50.2386, 33.7955, 0.000378542, 33.1484, 0.00238725, -139.622, 0.00203524, 42.6973
940, 15.66667, 0.337051, 24.319, 49.7621, -146.023, 50.2019, 33.7929, 0.00037826, 33.1567, 0.00238554, -139.61, 0.00203381, 42.7101
941, 15.67500, 0.336931, 24.3284, 49.7257, -146.026, 50.1654, 33.7903, 0.000377979, 33.1649, 0.00238382, -139.599, 0.00203238, 42.7229
941, 15.68333, 0.336813, 24.3379, 49.6893, -146.029, 50.1288, 33.7876, 0.000377698, 33.1732, 0.00238211, -139.587, 0.00203095, 42.7357
941, 15.69167, 0.336695, 24.3474, 49.6529, -146.031, 50.0923, 33.785, 0.000377417, 33.1814, 0.0023804, -139.576, 0.00202952, 42.7485
942, 15.70000, 0.336578, 24.3569, 49.6166, -146.034, 50.0558, 33.7824, 0.000377137, 33.1897, 0.00237869, -139.564, 0.0020281, 42.7613
943, 15.70833, 0.336463, 24.3665, 49.5803, -146.037, 50.0194, 33.7798, 0.000376858, 33.1979, 0.00237698, -139.552, 0.00202668, 42.7741
943, 15.71667, 0.336348, 24.3761, 49.5441, -146.04, 49.9831, 33.7772, 0.000376578, 33.2062, 0.00237528, -139.541, 0.00202526, 42.7869
944, 15.72500, 0.336234, 24.3857, 49.5079, -146.043, 49.9467, 33.7746, 0.0003763, 33.2144, 0.00237358, -139.529, 0.00202384, 42.7997
944, 15.73333, 0.336121, 24.3954, 49.4718, -146.046, 49.9105, 33.772, 0.000376021, 33.2227, 0.00237188, -139.518, 0.00202242, 42.8125
945, 15.74167, 0.336009, 24.4051, 49.4357, -146.049, 49.8742, 33.7694, 0.000375743, 33.231, 0.00237018, -139.506, 0.00202101, 42.8252
945, 15.75000, 0.335898, 24.4149, 49.3997, -146.052, 49.838, 33.7668, 0.000375465, 33.2392, 0.00236849, -139.495, 0.0020196, 42.838
946, 15.75833, 0.335788, 24.4246, 49.3637, -146.054, 49.8019, 33.7642, 0.000375188, 33.2475, 0.00236679, -139.483, 0.00201819, 42.8508
946, 15.76667, 0.335678, 24.4345, 49.3277, -146.057, 49.7658, 33.7617, 0.000374911, 33.2558, 0.0023651, -139.472, 0.00201678, 42.8636
947, 15.77500, 0.33557, 24.4443, 49.2918, -146.06, 49.7297, 33.7591, 0.000374635, 33.264, 0.00236342, -139.46, 0.00201537, 42.8764
947, 15.78333, 0.335463, 24.4542, 49.256, -146.063, 49.6937, 33.7565, 0.000374359, 33.2723, 0.00236173, -139.449, 0.00201397, 42.8891
948, 15.79167, 0.335356, 24.4642, 49.2202, -146.066, 49.6578, 33.754, 0.000374083, 33.2806, 0.00236005, -139.437, 0.00201256, 42.9019
948, 15.80000, 0.335251, 24.4741, 49.1844, -146.068, 49.6219, 33.7514, 0.000373808, 33.2889, 0.00235837, -139.426, 0.00201116, 42.9147
949, 15.80833, 0.335146, 24.4841, 49.1487, -146.071, 49.586, 33.7489, 0.000373533, 33.2971, 0.00235669, -139.414, 0.00200976, 42.9275
949, 15.81667, 0.335042, 24.4941, 49.113, -146.074, 49.5502, 33.7463, 0.000373259, 33.3054, 0.00235501, -139.403, 0.00200836, 42.9402
949, 15.82500, 0.33494, 24.5042, 49.0774, -146.077, 49.5144, 33.7438, 0.000372985, 33.3137, 0.00235334, -139.391, 0.00200697, 42.953
950, 15.83333, 0.334838, 24.5143, 49.0418, -146.08, 49.4786, 33.7412, 0.000372711, 33.322, 0.00235167, -139.38, 0.00200558, 42.9658
951, 15.84167, 0.334737, 24.5244, 49.0062, -146.082, 49.4429, 33.7387, 0.000372438, 33.3303, 0.00235, -139.368, 0.00200418, 42.9785
951, 15.85000, 0.334637, 24.5346, 48.9707, -146.085, 49.4073, 33.7362, 0.000372165, 33.3386, 0.00234833, -139.357, 0.00200279, 42.9913
952, 15.85833, 0.334537, 24.5448, 48.9353, -146.088, 49.3717, 33.7337, 0.000371892, 33.3469, 0.00234666, -139.345, 0.00200141, 43.0041
952, 15.86667, 0.334439, 24.555, 48.8998, -146.091, 49.3361, 33.7312, 0.00037162, 33.3552, 0.002345, -139.334, 0.00200002, 43.0168
953, 15.87500, 0.334342, 24.5653, 48.8645, -146.094, 49.3006, 33.7286, 0.000371348, 33.3634, 0.00234334, -139.322, 0.00199864, 43.0296
953, 15.88333, 0.334245, 24.5756, 48.8291, -146.096, 49.2651, 33.7261, 0.000371077, 33.3717, 0.00234168, -139.311, 0.00199725, 43.0423
954, 15.89167, 0.33415, 24.5859, 48.7938, -146.099, 49.2297, 33.7236, 0.000370806, 33.38, 0.00234003, -139.299, 0.00199587, 43.0551
954, 15.90000, 0.334055, 24.5963, 48.7586, -146.102, 49.1943, 33.7211, 0.000370535, 33.3883, 0.00233837, -139.288, 0.0019945, 43.0679
955, 15.90833, 0.333961, 24.6067, 48.7234, -146.105, 49.1589, 33.7187, 0.000370265, 33.3966, 0.00233672, -139.276, 0.00199312, 43.0806
955, 15.91667, 0.333868, 24.6171, 48.6883, -146.107, 49.1236, 33.7162, 0.000369995, 33.4049, 0.00233507, -139.265, 0.00199174, 43.0934
956, 15.92500, 0.333776, 24.6275, 48.6531, -146.11, 49.0884, 33.7137, 0.000369726, 33.4133, 0.00233342, -139.253, 0.00199037, 43.1061
956, 15.93333, 0.333685, 24.638, 48.6181, -146.113, 49.0532, 33.7112, 0.000369456, 33.4216, 0.00233178, -139.242, 0.001989, 43.1189
957, 15.94167, 0.333594, 24.6485, 48.5831, -146.116, 49.018, 33.7087, 0.000369188, 33.4299, 0.00233014, -139.23, 0.00198763, 43.1316
957, 15.95000, 0.333505, 24.6591, 48.5481, -146.118, 48.9829, 33.7063, 0.000368919, 33.4382, 0.00232849, -139.218, 0.00198626, 43.1444
957, 15.95833, 0.333416, 24.6696, 48.5131, -146.121, 48.9478, 33.7038, 0.000368651, 33.4465, 0.00232686, -139.207, 0.0019849, 43.1571
958, 15.96667, 0.333329, 24.6802, 48.4782, -146.124, 48.9127, 33.7014, 0.000368384, 33.4548, 0.00232522, -139.195, 0.00198353, 43.1698
959, 15.97500, 0.333242, 24.6909, 48.4434, -146.126, 48.8777, 33.6989, 0.000368117, 33.4631, 0.00232359, -139.184, 0.00198217, 43.1826
959, 15.98333, 0.333156, 24.7015, 48.4086, -146.129, 48.8428, 33.6965, 0.00036785, 33.4714, 0.00232195, -139.172, 0.00198081, 43.1953
960, 15.99167, 0.333071, 24.7122, 48.3738, -146.132, 48.8078, 33.694, 0.000367583, 33.4798, 0.00232032, -139.161, 0.00197945, 43.2081
960, 16.00000, 0.332986, 24.7229, 48.3391, -146.134, 48.773, 33.6916, 0.000367317, 33.4881, 0.0023187, -139.149, 0.00197809, 43.2208
961, 16.00833, 0.332903, 24.7337, 48.3044, -146.137, 48.7381, 33.6891, 0.000367051, 33.4964, 0.00231707, -139.138, 0.00197674, 43.2335
961, 16.01667, 0.33282, 24.7444, 48.2698, -146.14, 48.7034, 33.6867, 0.000366786, 33.5047, 0.00231545, -139.126, 0.00197539, 43.2463
962, 16.02500, 0.332739, 24.7552, 48.2352, -146.142, 48.6686, 33.6843, 0.000366521, 33.5131, 0.00231383, -139.115, 0.00197403, 43.259
962, 16.03333, 0.332658, 24.7661, 48.2006, -146.145, 48.6339, 33.6819, 0.000366257, 33.5214, 0.00231221, -139.103, 0.00197268, 43.2717
963, 16.04167, 0.332578, 24.7769, 48.1661, -146.148, 48.5992, 33.6794, 0.000365992, 33.5297, 0.00231059, -139.092, 0.00197134, 43.2845
963, 16.05000, 0.332499, 24.7878, 48.1316, -146.15, 48.5646, 33.677, 0.000365728, 33.5381, 0.00230897, -139.08, 0.00196999, 43.2972
964, 16.05833, 0.33242, 24.7987, 48.0972, -146.153, 48.53, 33.6746, 0.000365465, 33.5464, 0.00230736, -139.069, 0.00196865, 43.3099
964, 16.06667, 0.332343, 24.8097, 48.0628, -146.156, 48.4955, 33.6722, 0.000365202, 33.5547, 0.00230575, -139.057, 0.0019673, 43.3226
965, 16.07500, 0.332266, 24.8206, 48.0285, -146.158, 48.461, 33.6698, 0.000364939, 33.5631, 0.00230414, -139.046, 0.00196596, 43.3354
965, 16.08333, 0.332191, 24.8316, 47.9942, -146.161, 48.4266, 33.6674, 0.000364677, 33.5714, 0.00230254, -139.034, 0.00196462, 43.3481
966, 16.09167, 0.332116, 24.8426, 47.9599, -146.164, 48.3921, 33.6651, 0.000364414, 33.5798, 0.00230093, -139.023, 0.00196329, 43.3608
966, 16.10000, 0.332042, 24.8537, 47.9257, -146.166, 48.3578, 33.6627, 0.000364153, 33.5881, 0.00229933, -139.012, 0.00196195, 43.3735
966, 16.10833, 0.331968, 24.8647, 47.8915, -146.169, 48.3234, 33.6603, 0.000363891, 33.5964, 0.00229773, -139, 0.00196062, 43.3862
967, 16.11667, 0.331896, 24.8758, 47.8574, -146.172, 48.2891, 33.6579, 0.00036363, 33.6048, 0.00229613, -138.989, 0.00195929, 43.3989
968, 16.12500, 0.331824, 24.887, 47.8233, -146.174, 48.2549, 33.6555, 0.00036337, 33.6131, 0.00229454, -138.977, 0.00195795, 43.4117
968, 16.13333, 0.331753, 24.8981, 47.7892, -146.177, 48.2207, 33.6532, 0.00036311, 33.6215, 0.00229294, -138.966, 0.00195663, 43.4244
969, 16.14167, 0.331683, 24.9093, 47.7552, -146.179, 48.1865, 33.6508, 0.00036285, 33.6298, 0.00229135, -138.954, 0.0019553, 43.4371
969, 16.15000, 0.331614, 24.9205, 47.7212, -146.182, 48.1524, 33.6485, 0.00036259, 33.6382, 0.00228976, -138.943, 0.00195397, 43.4498
970, 16.15833, 0.331546, 24.9317, 47.6873, -146.185, 48.1183, 33.6461, 0.000362331, 33.6465, 0.00228817, -138.931, 0.00195265, 43.4625
970, 16.16667, 0.331478, 24.9429, 47.6534, -146.187, 48.0843, 33.6438, 0.000362072, 33.6549, 0.00228659, -138.92, 0.00195133, 43.4752
971, 16.17500, 0.331412, 24.9542, 47.6195, -146.19, 48.0503, 33.6414, 0.000361814, 33.6633, 0.002285, -138.908, 0.00195001, 43.4879
971, 16.18333, 0.331346, 24.9655, 47.5857, -146.192, 48.0163, 33.6391, 0.000361556, 33.6716, 0.00228342, -138.897, 0.00194869, 43.5006
972, 16.19167, 0.331281, 24.9768, 47.552, -146.195, 47.9824, 33.6368, 0.000361298, 33.68, 0.00228184, -138.885, 0.00194737, 43.5133
972, 16.20000, 0.331216, 24.9881, 47.5182, -146.198, 47.9485, 33.6344, 0.00036104, 33.6883, 0.00228027, -138.874, 0.00194606, 43.526
973, 16.20833, 0.331153, 24.9995, 47.4845, -146.2, 47.9147, 33.6321, 0.000360783, 33.6967, 0.00227869, -138.862, 0.00194475, 43.5387
973, 16.21667, 0.33109, 25.0109, 47.4509, -146.203, 47.8809, 33.6298, 0.000360527, 33.7051, 0.00227712, -138.851, 0.00194343, 43.5514
974, 16.22500, 0.331028, 25.0223, 47.4173, -146.205, 47.8471, 33.6275, 0.00036027, 33.7134, 0.00227555, -138.839, 0.00194212, 43.5641
974, 16.23333, 0.330967, 25.0337, 47.3837, -146.208, 47.8134, 33.6252, 0.000360014, 33.7218, 0.00227398, -138.828, 0.00194082, 43.5768
974, 16.24167, 0.330907, 25.0451, 47.3502, -146.21, 47.7797, 33.6228, 0.000359759, 33.7302, 0.00227241, -138.816, 0.00193951, 43.5895
975, 16.25000, 0.330848, 25.0566, 47.3167, -146.213, 47.7461, 33.6205, 0.000359503, 33.7385, 0.00227084, -138.805, 0.00193821, 43.6021
976, 16.25833, 0.330789, 25.0681, 47.2832, -146.215, 47.7125, 33.6183, 0.000359248, 33.7469, 0.00226928, -138.793, 0.0019369, 43.6148
976, 16.26667, 0.330731, 25.0796, 47.2498, -146.218, 47.6789, 33.616, 0.000358994, 33.7553, 0.00226772, -138.782, 0.0019356, 43.6275
977, 16.27500, 0.330674, 25.0911, 47.2165, -146.22, 47.6454, 33.6137, 0.00035874, 33.7637, 0.00226616, -138.77, 0.0019343, 43.6402
977, 16.28333, 0.330618, 25.1027, 47.1831, -146.223, 47.6119, 33.6114, 0.000358486, 33.7721, 0.0022646, -138.759, 0.001933, 43.6529
978, 16.29167, 0.330562, 25.1143, 47.1498, -146.226, 47.5785, 33.6091, 0.000358232, 33.7804, 0.00226305, -138.747, 0.00193171, 43.6656
978, 16.30000, 0.330507, 25.1259, 47.1166, -146.228, 47.5451, 33.6068, 0.000357979, 33.7888, 0.0022615, -138.736, 0.00193041, 43.6782
979, 16.30833, 0.330454, 25.1375, 47.0834, -146.231, 47.5117, 33.6046, 0.000357726, 33.7972, 0.00225995, -138.725, 0.00192912, 43.6909
979, 16.31667, 0.3304, 25.1491, 47.0502, -146.233, 47.4784, 33.6023, 0.000357473, 33.8056, 0.0022584, -138.713, 0.00192783, 43.7036
980, 16.32500, 0.330348, 25.1608, 47.0171, -146.236, 47.4451, 33.6, 0.000357221, 33.814, 0.00225685, -138.702, 0.00192654, 43.7163
980, 16.33333, 0.330296, 25.1725, 46.984, -146.238, 47.4118, 33.5978, 0.000356969, 33.8224, 0.0022553, -138.69, 0.00192525, 43.7289
981, 16.34167, 0.330246, 25.1842, 46.9509, -146.241, 47.3786, 33.5955, 0.000356718, 33.8307, 0.00225376, -138.679, 0.00192396, 43.7416
981, 16.35000, 0.330195, 25.1959, 46.9179, -146.243, 47.3455, 33.5933, 0.000356467, 33.8391, 0.00225222, -138.667, 0.00192268, 43.7543
982, 16.35833, 0.330146, 25.2076, 46.8849, -146.246, 47.3123, 33.591, 0.000356216, 33.8475, 0.00225068, -138.656, 0.00192139, 43.7669
982, 16.36667, 0.330098, 25.2194, 46.852, -146.248, 47.2792, 33.5888, 0.000355965, 33.8559, 0.00224914, -138.644, 0.00192011, 43.7796
982, 16.37500, 0.33005, 25.2311, 46.8191, -146.251, 47.2462, 33.5865, 0.000355715, 33.8643, 0.00224761, -138.633, 0.00191883, 43.7922
983, 16.38333, 0.330003, 25.2429, 46.7862, -146.253, 47.2132, 33.5843, 0.000355465, 33.8727, 0.00224607, -138.621, 0.00191755, 43.8049
984, 16.39167, 0.329957, 25.2547, 46.7534, -146.255, 47.1802, 33.5821, 0.000355216, 33.8811, 0.00224454, -138.61, 0.00191628, 43.8176
984, 16.40000, 0.329911, 25.2666, 46.7206, -146.258, 47.1473, 33.5798, 0.000354967, 33.8895, 0.00224301, -138.598, 0.001915, 43.8302
985, 16.40833, 0.329866, 25.2784, 46.6879, -146.26, 47.1144, 33.5776, 0.000354718, 33.8979, 0.00224149, -138.587, 0.00191373, 43.8429
985, 16.41667, 0.329823, 25.2903, 46.6552, -146.263, 47.0815, 33.5754, 0.000354469, 33.9063, 0.00223996, -138.576, 0.00191246, 43.8555
986, 16.42500, 0.329779, 25.3022, 46.6225, -146.265, 47.0487, 33.5732, 0.000354221, 33.9147, 0.00223844, -138.564, 0.00191119, 43.8682
986, 16.43333, 0.329737, 25.3141, 46.5899, -146.268, 47.0159, 33.571, 0.000353973, 33.9231, 0.00223692, -138.553, 0.00190992, 43.8808
987, 16.44167, 0.329695, 25.326, 46.5573, -146.27, 46.9832, 33.5688, 0.000353726, 33.9315, 0.0022354, -138.541, 0.00190865, 43.8935
987, 16.45000, 0.329654, 25.3379, 46.5247, -146.273, 46.9505, 33.5666, 0.000353479, 33.9399, 0.00223388, -138.53, 0.00190739, 43.9061
988, 16.45833, 0.329614, 25.3499, 46.4922, -146.275, 46.9178, 33.5644, 0.000353232, 33.9484, 0.00223236, -138.518, 0.00190612, 43.9188
988, 16.46667, 0.329575, 25.3618, 46.4597, -146.277, 46.8852, 33.5622, 0.000352985, 33.9568, 0.00223085, -138.507, 0.00190486, 43.9314
989, 16.47500, 0.329536, 25.3738, 46.4273, -146.28, 46.8526, 33.56, 0.000352739, 33.9652, 0.00222934, -138.495, 0.0019036, 43.944
989, 16.48333, 0.329498, 25.3858, 46.3949, -146.282, 46.82, 33.5578, 0.000352493, 33.9736, 0.00222783, -138.484, 0.00190234, 43.9567
990, 16.49167, 0.329461, 25.3978, 46.3625, -146.285, 46.7875, 33.5557, 0.000352248, 33.982, 0.00222632, -138.472, 0.00190108, 43.9693
990, 16.50000, 0.329424, 25.4099, 46.3302, -146.287, 46.755, 33.5535, 0.000352003, 33.9904, 0.00222481, -138.461, 0.00189983, 43.982
991, 16.50833, 0.329388, 25.4219, 46.2979, -146.29, 46.7226, 33.5513, 0.000351758, 33.9989, 0.00222331, -138.45, 0.00189857, 43.9946
991, 16.51667, 0.329353, 25.434, 46.2657, -146.292, 46.6902, 33.5491, 0.000351513, 34.0073, 0.0022218, -138.438, 0.00189732, 44.0072
991, 16.52500, 0.329319, 25.446, 46.2335, -146.294, 46.6578, 33.547, 0.000351269, 34.0157, 0.0022203, -138.427, 0.00189607, 44.0198
992, 16.53333, 0.329286, 25.4581, 46.2013, -146.297, 46.6255, 33.5448, 0.000351025, 34.0241, 0.0022188, -138.415, 0.00189482, 44.0325
993, 16.54167, 0.329253, 25.4702, 46.1691, -146.299, 46.5932, 33.5427, 0.000350782, 34.0325, 0.00221731, -138.404, 0.00189357, 44.0451
993, 16.55000, 0.329221, 25.4824, 46.137, -146.301, 46.5609, 33.5405, 0.000350538, 34.041, 0.00221581, -138.392, 0.00189232, 44.0577
994, 16.55833, 0.329189, 25.4945, 46.105, -146.304, 46.5287, 33.5384, 0.000350295, 34.0494, 0.00221432, -138.381, 0.00189108, 44.0703
994, 16.56667, 0.329159, 25.5066, 46.0729, -146.306, 46.4965, 33.5362, 0.000350053, 34.0578, 0.00221283, -138.369, 0.00188983, 44.083
995, 16.57500, 0.329129, 25.5188, 46.041, -146.309, 46.4644, 33.5341, 0.000349811, 34.0663, 0.00221134, -138.358, 0.00188859, 44.0956
995, 16.58333, 0.329099, 25.531, 46.009, -146.311, 46.4323, 33.532, 0.000349569, 34.0747, 0.00220985, -138.347, 0.00188735, 44.1082
996, 16.59167, 0.329071, 25.5432, 45.9771, -146.313, 46.4002, 33.5298, 0.000349327, 34.0831, 0.00220836, -138.335, 0.00188611, 44.1208
996, 16.60000, 0.329043, 25.5554, 45.9452, -146.316, 46.3682, 33.5277, 0.000349086, 34.0916, 0.00220688, -138.324, 0.00188488, 44.1334
997, 16.60833, 0.329016, 25.5676, 45.9134, -146.318, 46.3362, 33.5256, 0.000348845, 34.1, 0.0022054, -138.312, 0.00188364, 44.146
997, 16.61667, 0.32899, 25.5798, 45.8815, -146.32, 46.3042, 33.5235, 0.000348604, 34.1084, 0.00220392, -138.301, 0.00188241, 44.1587
998, 16.62500, 0.328964, 25.5921, 45.8498, -146.323, 46.2723, 33.5214, 0.000348364, 34.1169, 0.00220244, -138.289, 0.00188117, 44.1713
998, 16.63333, 0.328939, 25.6043, 45.818, -146.325, 46.2404, 33.5193, 0.000348124, 34.1253, 0.00220096, -138.278, 0.00187994, 44.1839
999, 16.64167, 0.328915, 25.6166, 45.7863, -146.327, 46.2086, 33.5172, 0.000347884, 34.1338, 0.00219949, -138.267, 0.00187871, 44.1965
999, 16.65000, 0.328892, 25.6289, 45.7547, -146.33, 46.1767, 33.5151, 0.000347644, 34.1422, 0.00219801, -138.255, 0.00187748, 44.2091
999, 16.65833, 0.328869, 25.6412, 45.7231, -146.332, 46.145, 33.513, 0.000347405, 34.1506, 0.00219654, -138.244, 0.00187626, 44.2217
1000, 16.66667, 0.328847, 25.6535, 45.6915, -146.334, 46.1132, 33.5109, 0.000347166, 34.1591, 0.00219507, -138.232, 0.00187503, 44.2343
1001, 16.67500, 0.328825, 25.6658, 45.6599, -146.337, 46.0815, 33.5088, 0.000346928, 34.1675, 0.00219361, -138.221, 0.00187381, 44.2469
1001, 16.68333, 0.328805, 25.6781, 45.6284, -146.339, 46.0498, 33.5067, 0.00034669, 34.176, 0.00219214, -138.21, 0.00187259, 44.2595
1002, 16.69167, 0.328785, 25.6904, 45.5969, -146.341, 46.0182, 33.5046, 0.000346452, 34.1844, 0.00219068, -138.198, 0.00187137, 44.2721
1002, 16.70000, 0.328765, 25.7028, 45.5655, -146.344, 45.9866, 33.5025, 0.000346214, 34.1929, 0.00218921, -138.187, 0.00187015, 44.2846
1003, 16.70833, 0.328747, 25.7152, 45.5341, -146.346, 45.9551, 33.5005, 0.000345977, 34.2013, 0.00218775, -138.175, 0.00186893, 44.2972
1003, 16.71667, 0.328729, 25.7275, 45.5027, -146.348, 45.9235, 33.4984, 0.00034574, 34.2098, 0.0021863, -138.164, 0.00186771, 44.3098
1004, 16.72500, 0.328711, 25.7399, 45.4713, -146.351, 45.892, 33.4963, 0.000345504, 34.2182, 0.00218484, -138.152, 0.0018665, 44.3224
1004, 16.73333, 0.328695, 25.7523, 45.44, -146.353, 45.8606, 33.4943, 0.000345267, 34.2267, 0.00218338, -138.141, 0.00186529, 44.335
1005, 16.74167, 0.328679, 25.7647, 45.4088, -146.355, 45.8292, 33.4922, 0.000345031, 34.2351, 0.00218193, -138.13, 0.00186407, 44.3476
1005, 16.75000, 0.328664, 25.7771, 45.3775, -146.357, 45.7978, 33.4902, 0.000344796, 34.2436, 0.00218048, -138.118, 0.00186286, 44.3602
1006, 16.75833, 0.328649, 25.7896, 45.3463, -146.36, 45.7664, 33.4881, 0.00034456, 34.2521, 0.00217903, -138.107, 0.00186166, 44.3727
1006, 16.76667, 0.328636, 25.802, 45.3152, -146.362, 45.7351, 33.4861, 0.000344325, 34.2605, 0.00217758, -138.095, 0.00186045, 44.3853
1007, 16.77500, 0.328622, 25.8144, 45.284, -146.364, 45.7038, 33.484, 0.00034409, 34.269, 0.00217614, -138.084, 0.00185924, 44.3979
1007, 16.78333, 0.32861, 25.8269, 45.253, -146.366, 45.6726, 33.482, 0.000343856, 34.2775, 0.00217469, -138.073, 0.00185804, 44.4105
1007, 16.79167, 0.328598, 25.8393, 45.2219, -146.369, 45.6414, 33.4799, 0.000343622, 34.2859, 0.00217325, -138.061, 0.00185683, 44.423
1008, 16.80000, 0.328587, 25.8518, 45.1909, -146.371, 45.6102, 33.4779, 0.000343388, 34.2944, 0.00217181, -138.05, 0.00185563, 44.4356
1009, 16.80833, 0.328577, 25.8643, 45.1599, -146.373, 45.5791, 33.4759, 0.000343154, 34.3029, 0.00217037, -138.038, 0.00185443, 44.4482
1009, 16.81667, 0.328567, 25.8768, 45.1289, -146.376, 45.548, 33.4739, 0.000342921, 34.3113, 0.00216893, -138.027, 0.00185324, 44.4607
1010, 16.82500, 0.328558, 25.8893, 45.098, -146.378, 45.5169, 33.4718, 0.000342688, 34.3198, 0.0021675, -138.016, 0.00185204, 44.4733
1010, 16.83333, 0.32855, 25.9018, 45.0672, -146.38, 45.4859, 33.4698, 0.000342455, 34.3283, 0.00216606, -138.004, 0.00185084, 44.4859
1011, 16.84167, 0.328542, 25.9143, 45.0363, -146.382, 45.4548, 33.4678, 0.000342223, 34.3367, 0.00216463, -137.993, 0.00184965, 44.4984
1011, 16.85000, 0.328535, 25.9268, 45.0055, -146.384, 45.4239, 33.4658, 0.000341991, 34.3452, 0.0021632, -137.981, 0.00184846, 44.511
1012, 16.85833, 0.328528, 25.9394, 44.9747, -146.387, 45.393, 33.4638, 0.000341759, 34.3537, 0.00216177, -137.97, 0.00184726, 44.5235
1012, 16.86667, 0.328523, 25.9519, 44.944, -146.389, 45.3621, 33.4618, 0.000341528, 34.3622, 0.00216034, -137.959, 0.00184607, 44.5361
1013, 16.87500, 0.328518, 25.9644, 44.9133, -146.391, 45.3312, 33.4598, 0.000341296, 34.3706, 0.00215892, -137.947, 0.00184489, 44.5486
1013, 16.88333, 0.328513, 25.977, 44.8826, -146.393, 45.3004, 33.4578, 0.000341066, 34.3791, 0.0021575, -137.936, 0.0018437, 44.5612
1014, 16.89167, 0.328509, 25.9896, 44.8519, -146.396, 45.2696, 33.4558, 0.000340835, 34.3876, 0.00215607, -137.924, 0.00184251, 44.5737
1014, 16.90000, 0.328506, 26.0021, 44.8213, -146.398, 45.2388, 33.4538, 0.000340605, 34.3961, 0.00215465, -137.913, 0.00184133, 44.5863
1015, 16.90833, 0.328504, 26.0147, 44.7908, -146.4, 45.2081, 33.4519, 0.000340375, 34.4046, 0.00215324, -137.902, 0.00184015, 44.5988
1015, 16.91667, 0.328502, 26.0273, 44.7602, -146.402, 45.1774, 33.4499, 0.000340145, 34.413, 0.00215182, -137.89, 0.00183897, 44.6114
1016, 16.92500, 0.328501, 26.0399, 44.7297, -146.404, 45.1467, 33.4479, 0.000339916, 34.4215, 0.0021504, -137.879, 0.00183779, 44.6239
1016, 16.93333, 0.3285, 26.0525, 44.6993, -146.407, 45.1161, 33.4459, 0.000339687, 34.43, 0.00214899, -137.867, 0.00183661, 44.6364
1016, 16.94167, 0.3285, 26.0651, 44.6688, -146.409, 45.0855, 33.444, 0.000339458, 34.4385, 0.00214758, -137.856, 0.00183543, 44.649
1017, 16.95000, 0.328501, 26.0777, 44.6384, -146.411, 45.055, 33.442, 0.000339229, 34.447, 0.00214617, -137.845, 0.00183426, 44.6615
1018, 16.95833, 0.328503, 26.0903, 44.6081, -146.413, 45.0245, 33.4401, 0.000339001, 34.4555, 0.00214476, -137.833, 0.00183308, 44.674
1018, 16.96667, 0.328505, 26.1029, 44.5777, -146.415, 44.994, 33.4381, 0.000338773, 34.464, 0.00214336, -137.822, 0.00183191, 44.6866
1019, 16.97500, 0.328508, 26.1155, 44.5474, -146.417, 44.9635, 33.4362, 0.000338545, 34.4725, 0.00214195, -137.811, 0.00183074, 44.6991
1019, 16.98333, 0.328511, 26.1282, 44.5171, -146.42, 44.9331, 33.4342, 0.000338318, 34.481, 0.00214055, -137.799, 0.00182957, 44.7116
1020, 16.99167, 0.328515, 26.1408, 44.4869, -146.422, 44.9027, 33.4323, 0.000338091, 34.4895, 0.00213915, -137.788, 0.0018284, 44.7242
1020, 17.00000, 0.32852, 26.1534, 44.4567, -146.424, 44.8724, 33.4303, 0.000337864, 34.4979, 0.00213775, -137.776, 0.00182723, 44.7367
1021, 17.00833, 0.328525, 26.1661, 44.4265, -146.426, 44.842, 33.4284, 0.000337638, 34.5064, 0.00213635, -137.765, 0.00182607, 44.7492
1021, 17.01667, 0.328531, 26.1787, 44.3964, -146.428, 44.8118, 33.4265, 0.000337411, 34.5149, 0.00213495, -137.754, 0.0018249, 44.7617
1022, 17.02500, 0.328537, 26.1914, 44.3663, -146.43, 44.7815, 33.4245, 0.000337186, 34.5234, 0.00213356, -137.742, 0.00182374, 44.7742
1022, 17.03333, 0.328545, 26.204, 44.3362, -146.433, 44.7513, 33.4226, 0.00033696, 34.5319, 0.00213217, -137.731, 0.00182258, 44.7868
1023, 17.04167, 0.328552, 26.2167, 44.3062, -146.435, 44.7211, 33.4207, 0.000336735, 34.5404, 0.00213077, -137.72, 0.00182142, 44.7993
1023, 17.05000, 0.328561, 26.2294, 44.2762, -146.437, 44.6909, 33.4188, 0.000336509, 34.549, 0.00212938, -137.708, 0.00182026, 44.8118
1024, 17.05833, 0.32857, 26.242, 44.2462, -146.439, 44.6608, 33.4169, 0.000336285, 34.5575, 0.002128, -137.697, 0.0018191, 44.8243
1024, 17.06667, 0.32858, 26.2547, 44.2163, -146.441, 44.6307, 33.4149, 0.00033606, 34.566, 0.00212661, -137.685, 0.00181794, 44.8368
1025, 17.07500, 0.32859, 26.2674, 44.1864, -146.443, 44.6007, 33.413, 0.000335836, 34.5745, 0.00212522, -137.674, 0.00181679, 44.8493
1025, 17.08333, 0.328601, 26.2801, 44.1565, -146.445, 44.5707, 33.4111, 0.000335612, 34.583, 0.00212384, -137.663, 0.00181564, 44.8618
1026, 17.09167, 0.328612, 26.2928, 44.1267, -146.447, 44.5407, 33.4092, 0.000335388, 34.5915, 0.00212246, -137.651, 0.00181448, 44.8743
1026, 17.10000, 0.328625, 26.3055, 44.0969, -146.45, 44.5107, 33.4073, 0.000335165, 34.6, 0.00212108, -137.64, 0.00181333, 44.8868
1027, 17.10833, 0.328637, 26.3182, 44.0671, -146.452, 44.4808, 33.4054, 0.000334942, 34.6085, 0.0021197, -137.629, 0.00181218, 44.8993
1027, 17.11667, 0.328651, 26.3309, 44.0374, -146.454, 44.4509, 33.4036, 0.000334719, 34.617, 0.00211833, -137.617, 0.00181103, 44.9118
1028, 17.12500, 0.328665, 26.3436, 44.0077, -146.456, 44.421, 33.4017, 0.000334497, 34.6255, 0.00211695, -137.606, 0.00180989, 44.9243
1028, 17.13333, 0.32868, 26.3563, 43.978, -146.458, 44.3912, 33.3998, 0.000334274, 34.634, 0.00211558, -137.595, 0.00180874, 44.9368
1029, 17.14167, 0.328695, 26.369, 43.9484, -146.46, 44.3614, 33.3979, 0.000334052, 34.6426, 0.00211421, -137.583, 0.0018076, 44.9493
1029, 17.15000, 0.328711, 26.3817, 43.9188, -146.462, 44.3317, 33.396, 0.000333831, 34.6511, 0.00211284, -137.572, 0.00180646, 44.9618
1030, 17.15833, 0.328727, 26.3944, 43.8892, -146.464, 44.3019, 33.3942, 0.000333609, 34.6596, 0.00211147, -137.561, 0.00180532, 44.9743
1030, 17.16667, 0.328744, 26.4071, 43.8596, -146.466, 44.2722, 33.3923, 0.000333388, 34.6681, 0.0021101, -137.549, 0.00180417, 44.9867
1031, 17.17500, 0.328762, 26.4198, 43.8301, -146.468, 44.2426, 33.3904, 0.000333167, 34.6766, 0.00210873, -137.538, 0.00180304, 44.9992
1031, 17.18333, 0.32878, 26.4325, 43.8006, -146.471, 44.2129, 33.3886, 0.000332947, 34.6852, 0.00210737, -137.526, 0.0018019, 45.0117
1032, 17.19167, 0.328799, 26.4452, 43.7712, -146.473, 44.1833, 33.3867, 0.000332726, 34.6937, 0.00210601, -137.515, 0.00180076, 45.0242
1032, 17.20000, 0.328819, 26.458, 43.7418, -146.475, 44.1538, 33.3849, 0.000332506, 34.7022, 0.00210465, -137.504, 0.00179963, 45.0367
1033, 17.20833, 0.328839, 26.4707, 43.7124, -146.477, 44.1242, 33.383, 0.000332287, 34.7107, 0.00210329, -137.492, 0.0017985, 45.0491
1033, 17.21667, 0.328859, 26.4834, 43.683, -146.479, 44.0947, 33.3812, 0.000332067, 34.7192, 0.00210193, -137.481, 0.00179736, 45.0616
1034, 17.22500, 0.328881, 26.4961, 43.6537, -146.481, 44.0653, 33.3793, 0.000331848, 34.7278, 0.00210058, -137.47, 0.00179623, 45.0741
1034, 17.23333, 0.328903, 26.5089, 43.6244, -146.483, 44.0358, 33.3775, 0.000331629, 34.7363, 0.00209922, -137.458, 0.0017951, 45.0865
1035, 17.24167, 0.328925, 26.5216, 43.5952, -146.485, 44.0064, 33.3757, 0.00033141, 34.7448, 0.00209787, -137.447, 0.00179398, 45.099
1035, 17.25000, 0.328948, 26.5343, 43.5659, -146.487, 43.977, 33.3738, 0.000331192, 34.7534, 0.00209652, -137.436, 0.00179285, 45.1115
1036, 17.25833, 0.328972, 26.547, 43.5367, -146.489, 43.9477, 33.372, 0.000330974, 34.7619, 0.00209517, -137.424, 0.00179172, 45.1239
1036, 17.26667, 0.328996, 26.5598, 43.5076, -146.491, 43.9184, 33.3702, 0.000330756, 34.7704, 0.00209382, -137.413, 0.0017906, 45.1364
1037, 17.27500, 0.329021, 26.5725, 43.4785, -146.493, 43.8891, 33.3684, 0.000330538, 34.779, 0.00209248, -137.402, 0.00178948, 45.1488
1037, 17.28333, 0.329047, 26.5852, 43.4493, -146.495, 43.8598, 33.3665, 0.000330321, 34.7875, 0.00209113, -137.39, 0.00178835, 45.1613
1038, 17.29167, 0.329073, 26.5979, 43.4203, -146.497, 43.8306, 33.3647, 0.000330104, 34.796, 0.00208979, -137.379, 0.00178723, 45.1738
1038, 17.30000, 0.329099, 26.6107, 43.3912, -146.499, 43.8014, 33.3629, 0.000329887, 34.8046, 0.00208845, -137.368, 0.00178612, 45.1862
1039, 17.30833, 0.329126, 26.6234, 43.3622, -146.501, 43.7723, 33.3611, 0.000329671, 34.8131, 0.00208711, -137.356, 0.001785, 45.1987
1039, 17.31667, 0.329154, 26.6361, 43.3333, -146.503, 43.7431, 33.3593, 0.000329454, 34.8216, 0.00208577, -137.345, 0.00178388, 45.2111
1040, 17.32500, 0.329183, 26.6489, 43.3043, -146.505, 43.714, 33.3575, 0.000329238, 34.8302, 0.00208443, -137.334, 0.00178277, 45.2236
1040, 17.33333, 0.329212, 26.6616, 43.2754, -146.507, 43.685, 33.3557, 0.000329023, 34.8387, 0.00208309, -137.322, 0.00178165, 45.236
1041, 17.34167, 0.329241, 26.6743, 43.2465, -146.509, 43.6559, 33.3539, 0.000328807, 34.8473, 0.00208176, -137.311, 0.00178054, 45.2484
1041, 17.35000, 0.329271, 26.687, 43.2177, -146.511, 43.6269, 33.3521, 0.000328592, 34.8558, 0.00208043, -137.3, 0.00177943, 45.2609
1042, 17.35833, 0.329302, 26.6998, 43.1888, -146.513, 43.598, 33.3503, 0.000328377, 34.8643, 0.0020791, -137.288, 0.00177832, 45.2733
1042, 17.36667, 0.329333, 26.7125, 43.1601, -146.515, 43.569, 33.3485, 0.000328162, 34.8729, 0.00207777, -137.277, 0.00177721, 45.2858
1043, 17.37500, 0.329365, 26.7252, 43.1313, -146.517, 43.5401, 33.3468, 0.000327948, 34.8814, 0.00207644, -137.266, 0.0017761, 45.2982
1043, 17.38333, 0.329398, 26.7379, 43.1026, -146.519, 43.5112, 33.345, 0.000327734, 34.89, 0.00207511, -137.255, 0.001775, 45.3106
1044, 17.39167, 0.329431, 26.7507, 43.0739, -146.521, 43.4824, 33.3432, 0.00032752, 34.8985, 0.00207379, -137.243, 0.00177389, 45.3231
1044, 17.40000, 0.329464, 26.7634, 43.0452, -146.523, 43.4536, 33.3414, 0.000327306, 34.9071, 0.00207247, -137.232, 0.00177279, 45.3355
1045, 17.40833, 0.329498, 26.7761, 43.0166, -146.525, 43.4248, 33.3397, 0.000327093, 34.9156, 0.00207114, -137.221, 0.00177169, 45.3479
1045, 17.41667, 0.329533, 26.7888, 42.988, -146.527, 43.396, 33.3379, 0.00032688, 34.9242, 0.00206982, -137.209, 0.00177058, 45.3603
1046, 17.42500, 0.329568, 26.8015, 42.9594, -146.529, 43.3673, 33.3362, 0.000326667, 34.9327, 0.00206851, -137.198, 0.00176948, 45.3728
1046, 17.43333, 0.329604, 26.8142, 42.9308, -146.531, 43.3386, 33.3344, 0.000326455, 34.9413, 0.00206719, -137.187, 0.00176839, 45.3852
1047, 17.44167, 0.32964, 26.8269, 42.9023, -146.533, 43.3099, 33.3326, 0.000326242, 34.9499, 0.00206587, -137.175, 0.00176729, 45.3976
1047, 17.45000, 0.329677, 26.8396, 42.8738, -146.535, 43.2813, 33.3309, 0.00032603, 34.9584, 0.00206456, -137.164, 0.00176619, 45.41
1048, 17.45833, 0.329715, 26.8524, 42.8454, -146.537, 43.2527, 33.3292, 0.000325819, 34.967, 0.00206325, -137.153, 0.0017651, 45.4224
1048, 17.46667, 0.329753, 26.8651, 42.8169, -146.539, 43.2241, 33.3274, 0.000325607, 34.9755, 0.00206194, -137.141, 0.001764, 45.4348
1049, 17.47500, 0.329792, 26.8778, 42.7886, -146.541, 43.1955, 33.3257, 0.000325396, 34.9841, 0.00206063, -137.13, 0.00176291, 45.4473
1049, 17.48333, 0.329831, 26.8904, 42.7602, -146.543, 43.167, 33.3239, 0.000325185, 34.9926, 0.00205932, -137.119, 0.00176182, 45.4597
1050, 17.49167, 0.32987, 26.9031, 42.7318, -146.545, 43.1385, 33.3222, 0.000324974, 35.0012, 0.00205801, -137.108, 0.00176073, 45.4721
1050, 17.50000, 0.329911, 26.9158, 42.7035, -146.547, 43.1101, 33.3205, 0.000324764, 35.0098, 0.00205671, -137.096, 0.00175964, 45.4845
1051, 17.50833, 0.329952, 26.9285, 42.6753, -146.549, 43.0817, 33.3187, 0.000324553, 35.0183, 0.0020554, -137.085, 0.00175855, 45.4969
1051, 17.51667, 0.329993, 26.9412, 42.647, -146.551, 43.0533, 33.317, 0.000324343, 35.0269, 0.0020541, -137.074, 0.00175747, 45.5093
1052, 17.52500, 0.330035, 26.9539, 42.6188, -146.553, 43.0249, 33.3153, 0.000324134, 35.0355, 0.0020528, -137.062, 0.00175638, 45.5217
1052, 17.53333, 0.330077, 26.9666, 42.5906, -146.555, 42.9966, 33.3136, 0.000323924, 35.044, 0.0020515, -137.051, 0.0017553, 45.5341
1053, 17.54167, 0.33012, 26.9792, 42.5625, -146.556, 42.9683, 33.3119, 0.000323715, 35.0526, 0.0020502, -137.04, 0.00175422, 45.5465
1053, 17.55000, 0.330164, 26.9919, 42.5343, -146.558, 42.94, 33.3102, 0.000323506, 35.0612, 0.00204891, -137.028, 0.00175314, 45.5589
1054, 17.55833, 0.330208, 27.0046, 42.5062, -146.56, 42.9117, 33.3085, 0.000323297, 35.0697, 0.00204761, -137.017, 0.00175206, 45.5713
1054, 17.56667, 0.330253, 27.0172, 42.4782, -146.562, 42.8835, 33.3067, 0.000323089, 35.0783, 0.00204632, -137.006, 0.00175098, 45.5836
1055, 17.57500, 0.330298, 27.0299, 42.4501, -146.564, 42.8553, 33.305, 0.00032288, 35.0869, 0.00204503, -136.995, 0.0017499, 45.596
1055, 17.58333, 0.330344, 27.0426, 42.4221, -146.566, 42.8272, 33.3034, 0.000322672, 35.0954, 0.00204373, -136.983, 0.00174882, 45.6084
1056, 17.59167, 0.33039, 27.0552, 42.3941, -146.568, 42.799, 33.3017, 0.000322465, 35.104, 0.00204245, -136.972, 0.00174775, 45.6208
1056, 17.60000, 0.330437, 27.0679, 42.3662, -146.57, 42.7709, 33.3, 0.000322257, 35.1126, 0.00204116, -136.961, 0.00174667, 45.6332
1057, 17.60833, 0.330484, 27.0805, 42.3383, -146.572, 42.7428, 33.2983, 0.00032205, 35.1212, 0.00203987, -136.949, 0.0017456, 45.6455
1057, 17.61667, 0.330532, 27.0931, 42.3104, -146.574, 42.7148, 33.2966, 0.000321843, 35.1297, 0.00203859, -136.938, 0.00174453, 45.6579
1058, 17.62500, 0.330581, 27.1058, 42.2825, -146.575, 42.6868, 33.2949, 0.000321636, 35.1383, 0.0020373, -136.927, 0.00174346, 45.6703
1058, 17.63333, 0.33063, 27.1184, 42.2547, -146.577, 42.6588, 33.2932, 0.00032143, 35.1469, 0.00203602, -136.916, 0.00174239, 45.6827
1059, 17.64167, 0.330679, 27.131, 42.2269, -146.579, 42.6308, 33.2916, 0.000321224, 35.1555, 0.00203474, -136.904, 0.00174132, 45.695
1059, 17.65000, 0.330729, 27.1436, 42.1991, -146.581, 42.6029, 33.2899, 0.000321018, 35.1641, 0.00203346, -136.893, 0.00174025, 45.7074
1060, 17.65833, 0.33078, 27.1562, 42.1713, -146.583, 42.575, 33.2882, 0.000320812, 35.1726, 0.00203219, -136.882, 0.00173919, 45.7198
1060, 17.66667, 0.330831, 27.1689, 42.1436, -146.585, 42.5471, 33.2866, 0.000320606, 35.1812, 0.00203091, -136.871, 0.00173812, 45.7321
1061, 17.67500, 0.330883, 27.1815, 42.1159, -146.587, 42.5193, 33.2849, 0.000320401, 35.1898, 0.00202963, -136.859, 0.00173706, 45.7445
1061, 17.68333, 0.330935, 27.1941, 42.0883, -146.589, 42.4915, 33.2832, 0.000320196, 35.1984, 0.00202836, -136.848, 0.001736, 45.7569
1062, 17.69167, 0.330988, 27.2066, 42.0606, -146.59, 42.4637, 33.2816, 0.000319991, 35.207, 0.00202709, -136.837, 0.00173494, 45.7692
1062, 17.70000, 0.331041, 27.2192, 42.033, -146.592, 42.436, 33.2799, 0.000319787, 35.2155, 0.00202582, -136.826, 0.00173388, 45.7816
1063, 17.70833, 0.331095, 27.2318, 42.0054, -146.594, 42.4082, 33.2783, 0.000319583, 35.2241, 0.00202455, -136.814, 0.00173282, 45.7939
1063, 17.71667, 0.331149, 27.2444, 41.9779, -146.596, 42.3805, 33.2766, 0.000319379, 35.2327, 0.00202328, -136.803, 0.00173176, 45.8063
1063, 17.72500, 0.331204, 27.257, 41.9504, -146.598, 42.3529, 33.275, 0.000319175, 35.2413, 0.00202202, -136.792, 0.00173071, 45.8186
1064, 17.73333, 0.331259, 27.2695, 41.9229, -146.6, 42.3252, 33.2734, 0.000318971, 35.2499, 0.00202075, -136.78, 0.00172965, 45.831
1065, 17.74167, 0.331315, 27.2821, 41.8954, -146.602, 42.2976, 33.2717, 0.000318768, 35.2585, 0.00201949, -136.769, 0.0017286, 45.8433
1065, 17.75000, 0.331371, 27.2946, 41.868, -146.603, 42.27, 33.2701, 0.000318565, 35.2671, 0.00201823, -136.758, 0.00172754, 45.8557
1065, 17.75833, 0.331428, 27.3072, 41.8406, -146.605, 42.2425, 33.2685, 0.000318362, 35.2757, 0.00201697, -136.747, 0.00172649, 45.868
1066, 17.76667, 0.331485, 27.3197, 41.8132, -146.607, 42.2149, 33.2668, 0.00031816, 35.2843, 0.00201571, -136.735, 0.00172544, 45.8803
1067, 17.77500, 0.331543, 27.3322, 41.7858, -146.609, 42.1874, 33.2652, 0.000317957, 35.2929, 0.00201445, -136.724, 0.00172439, 45.8927
1067, 17.78333, 0.331602, 27.3448, 41.7585, -146.611, 42.16, 33.2636, 0.000317755, 35.3015, 0.00201319, -136.713, 0.00172334, 45.905
1067, 17.79167, 0.331661, 27.3573, 41.7312, -146.613, 42.1325, 33.262, 0.000317553, 35.3101, 0.00201194, -136.702, 0.0017223, 45.9174
1068, 17.80000, 0.33172, 27.3698, 41.704, -146.614, 42.1051, 33.2604, 0.000317352, 35.3187, 0.00201068, -136.69, 0.00172125, 45.9297
1069, 17.80833, 0.33178, 27.3823, 41.6767, -146.616, 42.0777, 33.2587, 0.00031715, 35.3273, 0.00200943, -136.679, 0.00172021, 45.942
1069, 17.81667, 0.33184, 27.3948, 41.6495, -146.618, 42.0504, 33.2571, 0.000316949, 35.3359, 0.00200818, -136.668, 0.00171916, 45.9543
1069, 17.82500, 0.331901, 27.4073, 41.6223, -146.62, 42.023, 33.2555, 0.000316748, 35.3445, 0.00200693, -136.657, 0.00171812, 45.9667
1070, 17.83333, 0.331963, 27.4198, 41.5952, -146.622, 41.9957, 33.2539, 0.000316548, 35.3531, 0.00200568, -136.645, 0.00171708, 45.979
1071, 17.84167, 0.332025, 27.4322, 41.568, -146.623, 41.9684, 33.2523, 0.000316347, 35.3617, 0.00200444, -136.634, 0.00171604, 45.9913
1071, 17.85000, 0.332087, 27.4447, 41.5409, -146.625, 41.9412, 33.2507, 0.000316147, 35.3703, 0.00200319, -136.623, 0.001715, 46.0036
1071, 17.85833, 0.33215, 27.4572, 41.5139, -146.627, 41.914, 33.2491, 0.000315947, 35.3789, 0.00200195, -136.612, 0.00171396, 46.0159
1072, 17.86667, 0.332214, 27.4696, 41.4868, -146.629, 41.8868, 33.2476, 0.000315747, 35.3875, 0.0020007, -136.601, 0.00171293, 46.0283
1073, 17.87500, 0.332278, 27.4821, 41.4598, -146.631, 41.8596, 33.246, 0.000315548, 35.3961, 0.00199946, -136.589, 0.00171189, 46.0406
1073, 17.88333, 0.332342, 27.4945, 41.4328, -146.632, 41.8325, 33.2444, 0.000315349, 35.4047, 0.00199822, -136.578, 0.00171086, 46.0529
1073, 17.89167, 0.332407, 27.5069, 41.4058, -146.634, 41.8054, 33.2428, 0.00031515, 35.4133, 0.00199698, -136.567, 0.00170982, 46.0652
1074, 17.90000, 0.332473, 27.5194, 41.3789, -146.636, 41.7783, 33.2412, 0.000314951, 35.4219, 0.00199575, -136.556, 0.00170879, 46.0775
1075, 17.90833, 0.332539, 27.5318, 41.352, -146.638, 41.7512, 33.2397, 0.000314752, 35.4305, 0.00199451, -136.544, 0.00170776, 46.0898
1075, 17.91667, 0.332605, 27.5442, 41.3251, -146.639, 41.7242, 33.2381, 0.000314554, 35.4391, 0.00199328, -136.533, 0.00170673, 46.1021
1075, 17.92500, 0.332672, 27.5566, 41.2983, -146.641, 41.6972, 33.2365, 0.000314356, 35.4477, 0.00199204, -136.522, 0.0017057, 46.1144
1076, 17.93333, 0.33274, 27.569, 41.2714, -146.643, 41.6702, 33.235, 0.000314158, 35.4563, 0.00199081, -136.511, 0.00170467, 46.1267
1077, 17.94167, 0.332807, 27.5814, 41.2446, -146.645, 41.6433, 33.2334, 0.00031396, 35.465, 0.00198958, -136.499, 0.00170365, 46.139
1077, 17.95000, 0.332876, 27.5937, 41.2179, -146.647, 41.6164, 33.2318, 0.000313763, 35.4736, 0.00198835, -136.488, 0.00170262, 46.1513
1077, 17.95833, 0.332945, 27.6061, 41.1911, -146.648, 41.5895, 33.2303, 0.000313566, 35.4822, 0.00198712, -136.477, 0.0017016, 46.1636
1078, 17.96667, 0.333014, 27.6185, 41.1644, -146.65, 41.5626, 33.2287, 0.000313369, 35.4908, 0.0019859, -136.466, 0.00170057, 46.1759
1079, 17.97500, 0.333084, 27.6308, 41.1377, -146.652, 41.5358, 33.2272, 0.000313172, 35.4994, 0.00198467, -136.455, 0.00169955, 46.1882
1079, 17.98333, 0.333155, 27.6432, 41.111, -146.654, 41.509, 33.2256, 0.000312976, 35.508, 0.00198345, -136.443, 0.00169853, 46.2004
1079, 17.99167, 0.333225, 27.6555, 41.0844, -146.655, 41.4822, 33.2241, 0.00031278, 35.5167, 0.00198222, -136.432, 0.00169751, 46.2127
1080, 18.00000, 0.333297, 27.6678, 41.0578, -146.657, 41.4554, 33.2225, 0.000312584, 35.5253, 0.001981, -136.421, 0.00169649, 46.225
1081, 18.00833, 0.333369, 27.6801, 41.0312, -146.659, 41.4287, 33.221, 0.000312388, 35.5339, 0.00197978, -136.41, 0.00169547, 46.2373
1081, 18.01667, 0.333441, 27.6924, 41.0047, -146.661, 41.402, 33.2195, 0.000312192, 35.5425, 0.00197856, -136.399, 0.00169446, 46.2496
1081, 18.02500, 0.333514, 27.7047, 40.9781, -146.662, 41.3753, 33.2179, 0.000311997, 35.5511, 0.00197735, -136.387, 0.00169344, 46.2618
1082, 18.03333, 0.333587, 27.717, 40.9516, -146.664, 41.3486, 33.2164, 0.000311802, 35.5598, 0.00197613, -136.376, 0.00169243, 46.2741
1083, 18.04167, 0.333661, 27.7293, 40.9251, -146.666, 41.322, 33.2149, 0.000311607, 35.5684, 0.00197492, -136.365, 0.00169141, 46.2864
1083, 18.05000, 0.333735, 27.7415, 40.8987, -146.667, 41.2954, 33.2134, 0.000311412, 35.577, 0.0019737, -136.354, 0.0016904, 46.2987
1083, 18.05833, 0.33381, 27.7538, 40.8723, -146.669, 41.2688, 33.2118, 0.000311218, 35.5856, 0.00197249, -136.342, 0.00168939, 46.3109
1084, 18.06667, 0.333885, 27.7661, 40.8459, -146.671, 41.2423, 33.2103, 0.000311024, 35.5943, 0.00197128, -136.331, 0.00168838, 46.3232
1085, 18.07500, 0.333961, 27.7783, 40.8195, -146.673, 41.2158, 33.2088, 0.00031083, 35.6029, 0.00197007, -136.32, 0.00168737, 46.3355
1085, 18.08333, 0.334037, 27.7905, 40.7931, -146.674, 41.1893, 33.2073, 0.000310636, 35.6115, 0.00196886, -136.309, 0.00168636, 46.3477
1085, 18.09167, 0.334113, 27.8027, 40.7668, -146.676, 41.1628, 33.2058, 0.000310442, 35.6202, 0.00196766, -136.298, 0.00168535, 46.36
1086, 18.10000, 0.33419, 27.815, 40.7405, -146.678, 41.1364, 33.2043, 0.000310249, 35.6288, 0.00196645, -136.286, 0.00168435, 46.3722
1087, 18.10833, 0.334268, 27.8272, 40.7143, -146.679, 41.11, 33.2028, 0.000310056, 35.6374, 0.00196525, -136.275, 0.00168334, 46.3845
1087, 18.11667, 0.334346, 27.8393, 40.688, -146.681, 41.0836, 33.2013, 0.000309863, 35.6461, 0.00196404, -136.264, 0.00168234, 46.3967
1087, 18.12500, 0.334425, 27.8515, 40.6618, -146.683, 41.0572, 33.1998, 0.00030967, 35.6547, 0.00196284, -136.253, 0.00168134, 46.409
1088, 18.13333, 0.334504, 27.8637, 40.6356, -146.685, 41.0309, 33.1983, 0.000309478, 35.6633, 0.00196164, -136.242, 0.00168034, 46.4212
1089, 18.14167, 0.334583, 27.8759, 40.6095, -146.686, 41.0046, 33.1968, 0.000309286, 35.672, 0.00196044, -136.231, 0.00167934, 46.4335
1089, 18.15000, 0.334663, 27.888, 40.5833, -146.688, 40.9783, 33.1953, 0.000309094, 35.6806, 0.00195924, -136.219, 0.00167834, 46.4457
1089, 18.15833, 0.334743, 27.9001, 40.5572, -146.69, 40.952, 33.1938, 0.000308902, 35.6892, 0.00195805, -136.208, 0.00167734, 46.458
1090, 18.16667, 0.334824, 27.9123, 40.5311, -146.691, 40.9258, 33.1924, 0.00030871, 35.6979, 0.00195685, -136.197, 0.00167634, 46.4702
1091, 18.17500, 0.334905, 27.9244, 40.5051, -146.693, 40.8996, 33.1909, 0.000308519, 35.7065, 0.00195566, -136.186, 0.00167534, 46.4824
1091, 18.18333, 0.334987, 27.9365, 40.479, -146.695, 40.8734, 33.1894, 0.000308328, 35.7152, 0.00195446, -136.175, 0.00167435, 46.4947
1091, 18.19167, 0.335069, 27.9486, 40.453, -146.696, 40.8473, 33.1879, 0.000308137, 35.7238, 0.00195327, -136.163, 0.00167335, 46.5069
1092, 18.20000, 0.335152, 27.9607, 40.427, -146.698, 40.8211, 33.1865, 0.000307946, 35.7324, 0.00195208, -136.152, 0.00167236, 46.5191
1093, 18.20833, 0.335235, 27.9728, 40.4011, -146.7, 40.795, 33.185, 0.000307756, 35.7411, 0.00195089, -136.141, 0.00167137, 46.5314
1093, 18.21667, 0.335319, 27.9848, 40.3751, -146.701, 40.769, 33.1835, 0.000307566, 35.7497, 0.00194971, -136.13, 0.00167038, 46.5436
1093, 18.22500, 0.335403, 27.9969, 40.3492, -146.703, 40.7429, 33.1821, 0.000307376, 35.7584, 0.00194852, -136.119, 0.00166939, 46.5558
1094, 18.23333, 0.335487, 28.0089, 40.3234, -146.705, 40.7169, 33.1806, 0.000307186, 35.767, 0.00194733, -136.108, 0.0016684, 46.5681
1095, 18.24167, 0.335572, 28.0209, 40.2975, -146.706, 40.6909, 33.1792, 0.000306996, 35.7757, 0.00194615, -136.096, 0.00166741, 46.5803
1095, 18.25000, 0.335658, 28.033, 40.2717, -146.708, 40.6649, 33.1777, 0.000306807, 35.7843, 0.00194497, -136.085, 0.00166642, 46.5925
1095, 18.25833, 0.335743, 28.045, 40.2459, -146.71, 40.639, 33.1763, 0.000306618, 35.793, 0.00194379, -136.074, 0.00166544, 46.6047
1096, 18.26667, 0.33583, 28.057, 40.2201, -146.711, 40.613, 33.1748, 0.000306429, 35.8016, 0.00194261, -136.063, 0.00166445, 46.6169
1097, 18.27500, 0.335917, 28.069, 40.1943, -146.713, 40.5871, 33.1734, 0.00030624, 35.8103, 0.00194143, -136.052, 0.00166347, 46.6291
1097, 18.28333, 0.336004, 28.0809, 40.1686, -146.714, 40.5613, 33.1719, 0.000306052, 35.8189, 0.00194025, -136.041, 0.00166249, 46.6414
1098, 18.29167, 0.336091, 28.0929, 40.1429, -146.716, 40.5354, 33.1705, 0.000305863, 35.8276, 0.00193907, -136.029, 0.0016615, 46.6536
1098, 18.30000, 0.33618, 28.1049, 40.1172, -146.718, 40.5096, 33.169, 0.000305675, 35.8362, 0.0019379, -136.018, 0.00166052, 46.6658
1099, 18.30833, 0.336268, 28.1168, 40.0916, -146.719, 40.4838, 33.1676, 0.000305487, 35.8449, 0.00193672, -136.007, 0.00165954, 46.678
1099, 18.31667, 0.336357, 28.1287, 40.0659, -146.721, 40.458, 33.1662, 0.0003053, 35.8535, 0.00193555, -135.996, 0.00165857, 46.6902
1100, 18.32500, 0.336447, 28.1407, 40.0403, -146.723, 40.4323, 33.1648, 0.000305112, 35.8622, 0.00193438, -135.985, 0.00165759, 46.7024
1100, 18.33333, 0.336536, 28.1526, 40.0148, -146.724, 40.4066, 33.1633, 0.000304925, 35.8708, 0.00193321, -135.974, 0.00165661, 46.7146
1101, 18.34167, 0.336627, 28.1645, 39.9892, -146.726, 40.3809, 33.1619, 0.000304738, 35.8795, 0.00193204, -135.962, 0.00165564, 46.7268
1101, 18.35000, 0.336718, 28.1763, 39.9637, -146.727, 40.3552, 33.1605, 0.000304551, 35.8881, 0.00193087, -135.951, 0.00165466, 46.739
1102, 18.35833, 0.336809, 28.1882, 39.9382, -146.729, 40.3295, 33.1591, 0.000304365, 35.8968, 0.0019297, -135.94, 0.00165369, 46.7512
1102, 18.36667, 0.3369, 28.2001, 39.9127, -146.731, 40.3039, 33.1577, 0.000304178, 35.9055, 0.00192854, -135.929, 0.00165271, 46.7633
1103, 18.37500, 0.336993, 28.2119, 39.8872, -146.732, 40.2783, 33.1563, 0.000303992, 35.9141, 0.00192737, -135.918, 0.00165174, 46.7755
1103, 18.38333, 0.337085, 28.2238, 39.8618, -146.734, 40.2527, 33.1548, 0.000303806, 35.9228, 0.00192621, -135.907, 0.00165077, 46.7877
1104, 18.39167, 0.337178, 28.2356, 39.8364, -146.736, 40.2272, 33.1534, 0.00030362, 35.9314, 0.00192505, -135.896, 0.0016498, 46.7999
1104, 18.40000, 0.337271, 28.2474, 39.811, -146.737, 40.2017, 33.152, 0.000303435, 35.9401, 0.00192389, -135.884, 0.00164883, 46.8121
1105, 18.40833, 0.337365, 28.2592, 39.7857, -146.739, 40.1762, 33.1506, 0.000303249, 35.9488, 0.00192273, -135.873, 0.00164787, 46.8243
1105, 18.41667, 0.33746, 28.271, 39.7603, -146.74, 40.1507, 33.1492, 0.000303064, 35.9574, 0.00192157, -135.862, 0.0016469, 46.8364
1106, 18.42500, 0.337554, 28.2828, 39.735, -146.742, 40.1252, 33.1479, 0.000302879, 35.9661, 0.00192041, -135.851, 0.00164593, 46.8486
1106, 18.43333, 0.337649, 28.2945, 39.7097, -146.743, 40.0998, 33.1465, 0.000302695, 35.9748, 0.00191926, -135.84, 0.00164497, 46.8608
1107, 18.44167, 0.337745, 28.3063, 39.6845, -146.745, 40.0744, 33.1451, 0.00030251, 35.9834, 0.0019181, -135.829, 0.00164401, 46.873
1107, 18.45000, 0.337841, 28.318, 39.6592, -146.747, 40.049, 33.1437, 0.000302326, 35.9921, 0.00191695, -135.818, 0.00164304, 46.8851
1108, 18.45833, 0.337938, 28.3297, 39.634, -146.748, 40.0237, 33.1423, 0.000302142, 36.0008, 0.0019158, -135.806, 0.00164208, 46.8973
1108, 18.46667, 0.338034, 28.3414, 39.6088, -146.75, 39.9984, 33.1409, 0.000301958, 36.0094, 0.00191465, -135.795, 0.00164112, 46.9095
1109, 18.47500, 0.338132, 28.3531, 39.5837, -146.751, 39.9731, 33.1395, 0.000301774, 36.0181, 0.0019135, -135.784, 0.00164016, 46.9216
1109, 18.48333, 0.338229, 28.3648, 39.5585, -146.753, 39.9478, 33.1382, 0.000301591, 36.0268, 0.00191235, -135.773, 0.0016392, 46.9338
1110, 18.49167, 0.338328, 28.3765, 39.5334, -146.755, 39.9225, 33.1368, 0.000301407, 36.0355, 0.0019112, -135.762, 0.00163825, 46.9459
1110, 18.50000, 0.338426, 28.3882, 39.5083, -146.756, 39.8973, 33.1354, 0.000301224, 36.0441, 0.00191005, -135.751, 0.00163729, 46.9581
1111, 18.50833, 0.338525, 28.3998, 39.4833, -146.758, 39.8721, 33.1341, 0.000301041, 36.0528, 0.00190891, -135.74, 0.00163633, 46.9703
1111, 18.51667, 0.338625, 28.4114, 39.4582, -146.759, 39.8469, 33.1327, 0.000300859, 36.0615, 0.00190776, -135.729, 0.00163538, 46.9824
1112, 18.52500, 0.338724, 28.4231, 39.4332, -146.761, 39.8217, 33.1313, 0.000300676, 36.0702, 0.00190662, -135.717, 0.00163442, 46.9946
1112, 18.53333, 0.338825, 28.4347, 39.4082, -146.762, 39.7966, 33.13, 0.000300494, 36.0788, 0.00190548, -135.706, 0.00163347, 47.0067
1113, 18.54167, 0.338925, 28.4463, 39.3833, -146.764, 39.7715, 33.1286, 0.000300312, 36.0875, 0.00190434, -135.695, 0.00163252, 47.0189
1113, 18.55000, 0.339027, 28.4579, 39.3583, -146.765, 39.7464, 33.1273, 0.00030013, 36.0962, 0.0019032, -135.684, 0.00163157, 47.031
1114, 18.55833, 0.339128, 28.4694, 39.3334, -146.767, 39.7213, 33.1259, 0.000299948, 36.1049, 0.00190206, -135.673, 0.00163062, 47.0431
1114, 18.56667, 0.33923, 28.481, 39.3085, -146.768, 39.6963, 33.1246, 0.000299767, 36.1136, 0.00190092, -135.662, 0.00162967, 47.0553
1115, 18.57500, 0.339332, 28.4925, 39.2836, -146.77, 39.6713, 33.1232, 0.000299586, 36.1222, 0.00189979, -135.651, 0.00162872, 47.0674
1115, 18.58333, 0.339435, 28.5041, 39.2588, -146.772, 39.6463, 33.1219, 0.000299404, 36.1309, 0.00189865, -135.64, 0.00162778, 47.0796
1116, 18.59167, 0.339538, 28.5156, 39.2339, -146.773, 39.6213, 33.1206, 0.000299224, 36.1396, 0.00189752, -135.629, 0.00162683, 47.0917
1116, 18.60000, 0.339642, 28.5271, 39.2091, -146.775, 39.5964, 33.1192, 0.000299043, 36.1483, 0.00189639, -135.617, 0.00162588, 47.1038
1117, 18.60833, 0.339746, 28.5386, 39.1843, -146.776, 39.5715, 33.1179, 0.000298862, 36.157, 0.00189526, -135.606, 0.00162494, 47.1159
1117, 18.61667, 0.339851, 28.5501, 39.1596, -146.778, 39.5466, 33.1166, 0.000298682, 36.1657, 0.00189413, -135.595, 0.001624, 47.1281
1118, 18.62500, 0.339955, 28.5615, 39.1349, -146.779, 39.5217, 33.1152, 0.000298502, 36.1743, 0.001893, -135.584, 0.00162305, 47.1402
1118, 18.63333, 0.340061, 28.573, 39.1101, -146.781, 39.4968, 33.1139, 0.000298322, 36.183, 0.00189187, -135.573, 0.00162211, 47.1523
1119, 18.64167, 0.340166, 28.5844, 39.0855, -146.782, 39.472, 33.1126, 0.000298143, 36.1917, 0.00189074, -135.562, 0.00162117, 47.1644
1119, 18.65000, 0.340272, 28.5958, 39.0608, -146.784, 39.4472, 33.1113, 0.000297963, 36.2004, 0.00188962, -135.551, 0.00162023, 47.1766
1120, 18.65833, 0.340379, 28.6072, 39.0362, -146.785, 39.4224, 33.11, 0.000297784, 36.2091, 0.00188849, -135.54, 0.0016193, 47.1887
1120, 18.66667, 0.340486, 28.6186, 39.0115, -146.787, 39.3977, 33.1086, 0.000297605, 36.2178, 0.00188737, -135.529, 0.00161836, 47.2008
1121, 18.67500, 0.340593, 28.63, 38.9869, -146.788, 39.3729, 33.1073, 0.000297426, 36.2265, 0.00188625, -135.518, 0.00161742, 47.2129
1121, 18.68333, 0.340701, 28.6414, 38.9624, -146.79, 39.3482, 33.106, 0.000297247, 36.2352, 0.00188513, -135.506, 0.00161649, 47.225
1122, 18.69167, 0.340809, 28.6527, 38.9378, -146.791, 39.3235, 33.1047, 0.000297069, 36.2439, 0.00188401, -135.495, 0.00161555, 47.2371
1122, 18.70000, 0.340918, 28.6641, 38.9133, -146.793, 39.2989, 33.1034, 0.00029689, 36.2526, 0.00188289, -135.484, 0.00161462, 47.2492
1123, 18.70833, 0.341027, 28.6754, 38.8888, -146.794, 39.2742, 33.1021, 0.000296712, 36.2612, 0.00188177, -135.473, 0.00161368, 47.2613
1123, 18.71667, 0.341136, 28.6867, 38.8643, -146.796, 39.2496, 33.1008, 0.000296534, 36.2699, 0.00188065, -135.462, 0.00161275, 47.2734
1124, 18.72500, 0.341246, 28.698, 38.8399, -146.797, 39.225, 33.0995, 0.000296357, 36.2786, 0.00187954, -135.451, 0.00161182, 47.2855
1124, 18.73333, 0.341356, 28.7093, 38.8154, -146.799, 39.2005, 33.0982, 0.000296179, 36.2873, 0.00187842, -135.44, 0.00161089, 47.2976
1125, 18.74167, 0.341466, 28.7206, 38.791, -146.8, 39.1759, 33.0969, 0.000296002, 36.296, 0.00187731, -135.429, 0.00160996, 47.3097
1125, 18.75000, 0.341577, 28.7318, 38.7666, -146.802, 39.1514, 33.0956, 0.000295825, 36.3047, 0.0018762, -135.418, 0.00160903, 47.3218
1126, 18.75833, 0.341689, 28.7431, 38.7423, -146.803, 39.1269, 33.0944, 0.000295648, 36.3134, 0.00187509, -135.407, 0.00160811, 47.3339
1126, 18.76667, 0.3418, 28.7543, 38.7179, -146.805, 39.1024, 33.0931, 0.000295471, 36.3221, 0.00187398, -135.396, 0.00160718, 47.346
1127, 18.77500, 0.341913, 28.7655, 38.6936, -146.806, 39.0779, 33.0918, 0.000295295, 36.3308, 0.00187287, -135.384, 0.00160626, 47.3581
1127, 18.78333, 0.342025, 28.7767, 38.6693, -146.808, 39.0535, 33.0905, 0.000295118, 36.3395, 0.00187176, -135.373, 0.00160533, 47.3702
1128, 18.79167, 0.342138, 28.7879, 38.6451, -146.809, 39.0291, 33.0892, 0.000294942, 36.3482, 0.00187066, -135.362, 0.00160441, 47.3823
1128, 18.80000, 0.342251, 28.7991, 38.6208, -146.811, 39.0047, 33.088, 0.000294766, 36.357, 0.00186955, -135.351, 0.00160349, 47.3943
1129, 18.80833, 0.342365, 28.8102, 38.5966, -146.812, 38.9804, 33.0867, 0.00029459, 36.3657, 0.00186845, -135.34, 0.00160256, 47.4064
1129, 18.81667, 0.342479, 28.8214, 38.5724, -146.813, 38.956, 33.0854, 0.000294415, 36.3744, 0.00186734, -135.329, 0.00160164, 47.4185
1130, 18.82500, 0.342594, 28.8325, 38.5482, -146.815, 38.9317, 33.0842, 0.000294239, 36.3831, 0.00186624, -135.318, 0.00160072, 47.4306
1130, 18.83333, 0.342709, 28.8436, 38.524, -146.816, 38.9074, 33.0829, 0.000294064, 36.3918, 0.00186514, -135.307, 0.0015998, 47.4426
1131, 18.84167, 0.342824, 28.8547, 38.4999, -146.818, 38.8831, 33.0816, 0.000293889, 36.4005, 0.00186404, -135.296, 0.00159889, 47.4547
1131, 18.85000, 0.34294, 28.8658, 38.4758, -146.819, 38.8589, 33.0804, 0.000293714, 36.4092, 0.00186294, -135.285, 0.00159797, 47.4668
1132, 18.85833, 0.343056, 28.8769, 38.4517, -146.821, 38.8346, 33.0791, 0.00029354, 36.4179, 0.00186184, -135.274, 0.00159705, 47.4789
1132, 18.86667, 0.343172, 28.8879, 38.4276, -146.822, 38.8104, 33.0779, 0.000293365, 36.4266, 0.00186075, -135.263, 0.00159614, 47.4909
1133, 18.87500, 0.343289, 28.899, 38.4036, -146.824, 38.7862, 33.0766, 0.000293191, 36.4353, 0.00185965, -135.252, 0.00159522, 47.503
1133, 18.88333, 0.343406, 28.91, 38.3795, -146.825, 38.7621, 33.0754, 0.000293017, 36.444, 0.00185856, -135.241, 0.00159431, 47.515
1134, 18.89167, 0.343524, 28.921, 38.3555, -146.826, 38.7379, 33.0741, 0.000292843, 36.4528, 0.00185746, -135.23, 0.0015934, 47.5271
1134, 18.90000, 0.343642, 28.932, 38.3316, -146.828, 38.7138, 33.0729, 0.000292669, 36.4615, 0.00185637, -135.219, 0.00159249, 47.5392
1135, 18.90833, 0.34376, 28.943, 38.3076, -146.829, 38.6897, 33.0717, 0.000292496, 36.4702, 0.00185528, -135.207, 0.00159157, 47.5512
1135, 18.91667, 0.343879, 28.954, 38.2837, -146.831, 38.6657, 33.0704, 0.000292322, 36.4789, 0.00185419, -135.196, 0.00159066, 47.5633
1136, 18.92500, 0.343998, 28.9649, 38.2597, -146.832, 38.6416, 33.0692, 0.000292149, 36.4876, 0.0018531, -135.185, 0.00158976, 47.5753
1136, 18.93333, 0.344118, 28.9758, 38.2359, -146.834, 38.6176, 33.068, 0.000291976, 36.4963, 0.00185201, -135.174, 0.00158885, 47.5874
1137, 18.94167, 0.344238, 28.9868, 38.212, -146.835, 38.5936, 33.0667, 0.000291803, 36.5051, 0.00185093, -135.163, 0.00158794, 47.5994
1137, 18.95000, 0.344358, 28.9977, 38.1881, -146.836, 38.5696, 33.0655, 0.000291631, 36.5138, 0.00184984, -135.152, 0.00158703, 47.6114
1138, 18.95833, 0.344479, 29.0086, 38.1643, -146.838, 38.5456, 33.0643, 0.000291458, 36.5225, 0.00184876, -135.141, 0.00158613, 47.6235
1138, 18.96667, 0.3446, 29.0194, 38.1405, -146.839, 38.5217, 33.0631, 0.000291286, 36.5312, 0.00184767, -135.13, 0.00158522, 47.6355
1139, 18.97500, 0.344721, 29.0303, 38.1167, -146.841, 38.4978, 33.0618, 0.000291114, 36.5399, 0.00184659, -135.119, 0.00158432, 47.6476
1139, 18.98333, 0.344843, 29.0412, 38.093, -146.842, 38.4739, 33.0606, 0.000290942, 36.5487, 0.00184551, -135.108, 0.00158342, 47.6596
1140, 18.99167, 0.344965, 29.052, 38.0692, -146.843, 38.45, 33.0594, 0.000290771, 36.5574, 0.00184443, -135.097, 0.00158251, 47.6716
1140, 19.00000, 0.345088, 29.0628, 38.0455, -146.845, 38.4261, 33.0582, 0.000290599, 36.5661, 0.00184335, -135.086, 0.00158161, 47.6837
1141, 19.00833, 0.345211, 29.0736, 38.0218, -146.846, 38.4023, 33.057, 0.000290428, 36.5748, 0.00184227, -135.075, 0.00158071, 47.6957
1141, 19.01667, 0.345334, 29.0844, 37.9981, -146.848, 38.3785, 33.0558, 0.000290257, 36.5836, 0.00184119, -135.064, 0.00157981, 47.7077
1142, 19.02500, 0.345458, 29.0952, 37.9745, -146.849, 38.3547, 33.0546, 0.000290086, 36.5923, 0.00184012, -135.053, 0.00157892, 47.7197
1142, 19.03333, 0.345582, 29.1059, 37.9508, -146.85, 38.3309, 33.0534, 0.000289915, 36.601, 0.00183904, -135.042, 0.00157802, 47.7318
1143, 19.04167, 0.345706, 29.1167, 37.9272, -146.852, 38.3072, 33.0522, 0.000289745, 36.6098, 0.00183797, -135.031, 0.00157712, 47.7438
1143, 19.05000, 0.345831, 29.1274, 37.9036, -146.853, 38.2835, 33.051, 0.000289574, 36.6185, 0.0018369, -135.02, 0.00157623, 47.7558
1144, 19.05833, 0.345956, 29.1381, 37.8801, -146.855, 38.2598, 33.0498, 0.000289404, 36.6272, 0.00183582, -135.009, 0.00157533, 47.7678
1144, 19.06667, 0.346082, 29.1488, 37.8565, -146.856, 38.2361, 33.0486, 0.000289234, 36.6359, 0.00183475, -134.998, 0.00157444, 47.7798
1145, 19.07500, 0.346208, 29.1595, 37.833, -146.857, 38.2124, 33.0474, 0.000289064, 36.6447, 0.00183368, -134.987, 0.00157354, 47.7918
1145, 19.08333, 0.346334, 29.1701, 37.8095, -146.859, 38.1888, 33.0462, 0.000288894, 36.6534, 0.00183261, -134.976, 0.00157265, 47.8039
1146, 19.09167, 0.346461, 29.1808, 37.786, -146.86, 38.1652, 33.0451, 0.000288725, 36.6621, 0.00183155, -134.965, 0.00157176, 47.8159
1146, 19.10000, 0.346588, 29.1914, 37.7626, -146.861, 38.1416, 33.0439, 0.000288556, 36.6709, 0.00183048, -134.954, 0.00157087, 47.8279
1147, 19.10833, 0.346715, 29.2021, 37.7391, -146.863, 38.118, 33.0427, 0.000288387, 36.6796, 0.00182941, -134.943, 0.00156998, 47.8399
1147, 19.11667, 0.346843, 29.2127, 37.7157, -146.864, 38.0945, 33.0415, 0.000288218, 36.6884, 0.00182835, -134.932, 0.00156909, 47.8519
1148, 19.12500, 0.346971, 29.2232, 37.6923, -146.866, 38.0709, 33.0403, 0.000288049, 36.6971, 0.00182728, -134.921, 0.0015682, 47.8639
1148, 19.13333, 0.3471, 29.2338, 37.6689, -146.867, 38.0474, 33.0392, 0.00028788, 36.7058, 0.00182622, -134.91, 0.00156731, 47.8759
1149, 19.14167, 0.347229, 29.2444, 37.6456, -146.868, 38.0239, 33.038, 0.000287712, 36.7146, 0.00182516, -134.899, 0.00156643, 47.8879
1149, 19.15000, 0.347358, 29.2549, 37.6222, -146.87, 38.0005, 33.0368, 0.000287544, 36.7233, 0.0018241, -134.888, 0.00156554, 47.8999
1150, 19.15833, 0.347488, 29.2654, 37.5989, -146.871, 37.977, 33.0357, 0.000287376, 36.7321, 0.00182304, -134.877, 0.00156466, 47.9118
1150, 19.16667, 0.347618, 29.276, 37.5756, -146.872, 37.9536, 33.0345, 0.000287208, 36.7408, 0.00182198, -134.866, 0.00156377, 47.9238
1151, 19.17500, 0.347748, 29.2865, 37.5524, -146.874, 37.9302, 33.0334, 0.00028704, 36.7495, 0.00182092, -134.855, 0.00156289, 47.9358
1151, 19.18333, 0.347879, 29.2969, 37.5291, -146.875, 37.9068, 33.0322, 0.000286872, 36.7583, 0.00181987, -134.844, 0.00156201, 47.9478
1152, 19.19167, 0.34801, 29.3074, 37.5059, -146.876, 37.8834, 33.031, 0.000286705, 36.767, 0.00181881, -134.833, 0.00156113, 47.9598
1152, 19.20000, 0.348141, 29.3178, 37.4827, -146.878, 37.8601, 33.0299, 0.000286538, 36.7758, 0.00181776, -134.822, 0.00156025, 47.9718
1153, 19.20833, 0.348273, 29.3283, 37.4595, -146.879, 37.8368, 33.0287, 0.000286371, 36.7845, 0.0018167, -134.811, 0.00155937, 47.9837
1153, 19.21667, 0.348405, 29.3387, 37.4363, -146.88, 37.8135, 33.0276, 0.000286204, 36.7933, 0.00181565, -134.8, 0.00155849, 47.9957
1154, 19.22500, 0.348537, 29.3491, 37.4132, -146.882, 37.7902, 33.0265, 0.000286037, 36.802, 0.0018146, -134.789, 0.00155761, 48.0077
1154, 19.23333, 0.34867, 29.3595, 37.3901, -146.883, 37.767, 33.0253, 0.000285871, 36.8108, 0.00181355, -134.778, 0.00155673, 48.0197
1155, 19.24167, 0.348803, 29.3699, 37.367, -146.884, 37.7437, 33.0242, 0.000285705, 36.8195, 0.0018125, -134.767, 0.00155586, 48.0316
1155, 19.25000, 0.348937, 29.3802, 37.3439, -146.886, 37.7205, 33.023, 0.000285538, 36.8283, 0.00181145, -134.756, 0.00155498, 48.0436
1156, 19.25833, 0.349071, 29.3906, 37.3208, -146.887, 37.6973, 33.0219, 0.000285373, 36.837, 0.0018104, -134.745, 0.00155411, 48.0556
1156, 19.26667, 0.349205, 29.4009, 37.2978, -146.888, 37.6741, 33.0208, 0.000285207, 36.8458, 0.00180936, -134.734, 0.00155323, 48.0675
1157, 19.27500, 0.34934, 29.4112, 37.2748, -146.89, 37.651, 33.0196, 0.000285041, 36.8545, 0.00180831, -134.723, 0.00155236, 48.0795
1157, 19.28333, 0.349475, 29.4215, 37.2518, -146.891, 37.6279, 33.0185, 0.000284876, 36.8633, 0.00180727, -134.712, 0.00155149, 48.0915
1158, 19.29167, 0.34961, 29.4318, 37.2288, -146.892, 37.6047, 33.0174, 0.00028471, 36.872, 0.00180622, -134.701, 0.00155062, 48.1034
1158, 19.30000, 0.349745, 29.442, 37.2058, -146.894, 37.5817, 33.0163, 0.000284545, 36.8808, 0.00180518, -134.69, 0.00154975, 48.1154
1159, 19.30833, 0.349882, 29.4523, 37.1829, -146.895, 37.5586, 33.0152, 0.00028438, 36.8895, 0.00180414, -134.679, 0.00154888, 48.1273
1159, 19.31667, 0.350018, 29.4625, 37.16, -146.896, 37.5355, 33.014, 0.000284216, 36.8983, 0.0018031, -134.668, 0.00154801, 48.1393
1160, 19.32500, 0.350155, 29.4727, 37.1371, -146.898, 37.5125, 33.0129, 0.000284051, 36.9071, 0.00180206, -134.657, 0.00154714, 48.1512
1160, 19.33333, 0.350292, 29.4829, 37.1142, -146.899, 37.4895, 33.0118, 0.000283887, 36.9158, 0.00180102, -134.646, 0.00154627, 48.1632
1161, 19.34167, 0.350429, 29.4931, 37.0913, -146.9, 37.4665, 33.0107, 0.000283723, 36.9246, 0.00179998, -134.635, 0.00154541, 48.1751
1161, 19.35000, 0.350567, 29.5033, 37.0685, -146.901, 37.4435, 33.0096, 0.000283558, 36.9333, 0.00179895, -134.624, 0.00154454, 48.1871
1162, 19.35833, 0.350705, 29.5134, 37.0457, -146.903, 37.4206, 33.0085, 0.000283395, 36.9421, 0.00179791, -134.613, 0.00154368, 48.199
1162, 19.36667, 0.350843, 29.5235, 37.0229, -146.904, 37.3977, 33.0074, 0.000283231, 36.9509, 0.00179687, -134.602, 0.00154281, 48.2109
1163, 19.37500, 0.350982, 29.5337, 37.0001, -146.905, 37.3748, 33.0063, 0.000283067, 36.9596, 0.00179584, -134.591, 0.00154195, 48.2229
1163, 19.38333, 0.351121, 29.5438, 36.9773, -146.907, 37.3519, 33.0052, 0.000282904, 36.9684, 0.00179481, -134.58, 0.00154109, 48.2348
1164, 19.39167, 0.351261, 29.5538, 36.9546, -146.908, 37.329, 33.0041, 0.000282741, 36.9771, 0.00179378, -134.569, 0.00154023, 48.2467
1164, 19.40000, 0.3514, 29.5639, 36.9319, -146.909, 37.3062, 33.003, 0.000282578, 36.9859, 0.00179275, -134.558, 0.00153937, 48.2587
1165, 19.40833, 0.351541, 29.574, 36.9092, -146.91, 37.2833, 33.0019, 0.000282415, 36.9947, 0.00179172, -134.547, 0.00153851, 48.2706
1165, 19.41667, 0.351681, 29.584, 36.8865, -146.912, 37.2605, 33.0008, 0.000282252, 37.0035, 0.00179069, -134.536, 0.00153765, 48.2825
1166, 19.42500, 0.351822, 29.594, 36.8639, -146.913, 37.2377, 32.9997, 0.00028209, 37.0122, 0.00178966, -134.525, 0.00153679, 48.2945
1166, 19.43333, 0.351963, 29.604, 36.8412, -146.914, 37.215, 32.9986, 0.000281927, 37.021, 0.00178863, -134.514, 0.00153593, 48.3064
1167, 19.44167, 0.352105, 29.614, 36.8186, -146.915, 37.1922, 32.9976, 0.000281765, 37.0298, 0.00178761, -134.503, 0.00153507, 48.3183
1167, 19.45000, 0.352246, 29.624, 36.796, -146.917, 37.1695, 32.9965, 0.000281603, 37.0385, 0.00178658, -134.492, 0.00153422, 48.3302
1168, 19.45833, 0.352389, 29.634, 36.7734, -146.918, 37.1468, 32.9954, 0.000281441, 37.0473, 0.00178556, -134.481, 0.00153336, 48.3421
1168, 19.46667, 0.352531, 29.6439, 36.7509, -146.919, 37.1241, 32.9943, 0.000281279, 37.0561, 0.00178453, -134.47, 0.00153251, 48.354
1169, 19.47500, 0.352674, 29.6538, 36.7283, -146.921, 37.1014, 32.9933, 0.000281118, 37.0648, 0.00178351, -134.459, 0.00153165, 48.366
1169, 19.48333, 0.352817, 29.6637, 36.7058, -146.922, 37.0788, 32.9922, 0.000280957, 37.0736, 0.00178249, -134.448, 0.0015308, 48.3779
1170, 19.49167, 0.352961, 29.6736, 36.6833, -146.923, 37.0562, 32.9911, 0.000280795, 37.0824, 0.00178147, -134.438, 0.00152995, 48.3898
1170, 19.50000, 0.353105, 29.6835, 36.6608, -146.924, 37.0336, 32.9901, 0.000280634, 37.0912, 0.00178045, -134.427, 0.0015291, 48.4017
1171, 19.50833, 0.353249, 29.6934, 36.6384, -146.926, 37.011, 32.989, 0.000280473, 37.1, 0.00177943, -134.416, 0.00152825, 48.4136
1171, 19.51667, 0.353393, 29.7032, 36.6159, -146.927, 36.9884, 32.9879, 0.000280313, 37.1087, 0.00177842, -134.405, 0.0015274, 48.4255
1172, 19.52500, 0.353538, 29.7131, 36.5935, -146.928, 36.9659, 32.9869, 0.000280152, 37.1175, 0.0017774, -134.394, 0.00152655, 48.4374
1172, 19.53333, 0.353683, 29.7229, 36.5711, -146.929, 36.9433, 32.9858, 0.000279992, 37.1263, 0.00177638, -134.383, 0.0015257, 48.4493
1173, 19.54167, 0.353829, 29.7327, 36.5487, -146.931, 36.9208, 32.9848, 0.000279832, 37.1351, 0.00177537, -134.372, 0.00152485, 48.4612
1173, 19.55000, 0.353975, 29.7424, 36.5264, -146.932, 36.8983, 32.9837, 0.000279671, 37.1439, 0.00177436, -134.361, 0.00152401, 48.4731
1174, 19.55833, 0.354121, 29.7522, 36.504, -146.933, 36.8759, 32.9827, 0.000279512, 37.1526, 0.00177334, -134.35, 0.00152316, 48.485
1174, 19.56667, 0.354268, 29.762, 36.4817, -146.934, 36.8534, 32.9816, 0.000279352, 37.1614, 0.00177233, -134.339, 0.00152232, 48.4968
1175, 19.57500, 0.354414, 29.7717, 36.4594, -146.935, 36.831, 32.9806, 0.000279192, 37.1702, 0.00177132, -134.328, 0.00152147, 48.5087
1175, 19.58333, 0.354562, 29.7814, 36.4371, -146.937, 36.8086, 32.9795, 0.000279033, 37.179, 0.00177031, -134.317, 0.00152063, 48.5206
1176, 19.59167, 0.354709, 29.7911, 36.4149, -146.938, 36.7862, 32.9785, 0.000278874, 37.1878, 0.0017693, -134.306, 0.00151979, 48.5325
1176, 19.60000, 0.354857, 29.8008, 36.3926, -146.939, 36.7638, 32.9775, 0.000278715, 37.1966, 0.00176829, -134.295, 0.00151895, 48.5444
1177, 19.60833, 0.355005, 29.8105, 36.3704, -146.94, 36.7415, 32.9764, 0.000278556, 37.2053, 0.00176729, -134.284, 0.00151811, 48.5563
1177, 19.61667, 0.355154, 29.8201, 36.3482, -146.942, 36.7191, 32.9754, 0.000278397, 37.2141, 0.00176628, -134.274, 0.00151726, 48.5681
1178, 19.62500, 0.355303, 29.8298, 36.326, -146.943, 36.6968, 32.9744, 0.000278238, 37.2229, 0.00176528, -134.263, 0.00151643, 48.58
1178, 19.63333, 0.355452, 29.8394, 36.3038, -146.944, 36.6745, 32.9734, 0.00027808, 37.2317, 0.00176427, -134.252, 0.00151559, 48.5919
1179, 19.64167, 0.355601, 29.849, 36.2817, -146.945, 36.6523, 32.9723, 0.000277922, 37.2405, 0.00176327, -134.241, 0.00151475, 48.6038
1179, 19.65000, 0.355751, 29.8586, 36.2596, -146.946, 36.63, 32.9713, 0.000277764, 37.2493, 0.00176227, -134.23, 0.00151391, 48.6156
1180, 19.65833, 0.355901, 29.8682, 36.2374, -146.948, 36.6078, 32.9703, 0.000277606, 37.2581, 0.00176126, -134.219, 0.00151307, 48.6275
1180, 19.66667, 0.356052, 29.8777, 36.2154, -146.949, 36.5856, 32.9693, 0.000277448, 37.2669, 0.00176026, -134.208, 0.00151224, 48.6394
1181, 19.67500, 0.356202, 29.8872, 36.1933, -146.95, 36.5634, 32.9682, 0.00027729, 37.2757, 0.00175926, -134.197, 0.0015114, 48.6512
1181, 19.68333, 0.356353, 29.8968, 36.1712, -146.951, 36.5412, 32.9672, 0.000277133, 37.2845, 0.00175826, -134.186, 0.00151057, 48.6631
1182, 19.69167, 0.356505, 29.9063, 36.1492, -146.952, 36.519, 32.9662, 0.000276975, 37.2933, 0.00175727, -134.175, 0.00150974, 48.6749
1182, 19.70000, 0.356656, 29.9158, 36.1272, -146.954, 36.4969, 32.9652, 0.000276818, 37.3021, 0.00175627, -134.164, 0.0015089, 48.6868
1183, 19.70833, 0.356809, 29.9253, 36.1052, -146.955, 36.4748, 32.9642, 0.000276661, 37.3109, 0.00175527, -134.153, 0.00150807, 48.6986
1183, 19.71667, 0.356961, 29.9347, 36.0832, -146.956, 36.4527, 32.9632, 0.000276504, 37.3197, 0.00175428, -134.143, 0.00150724, 48.7105
1184, 19.72500, 0.357114, 29.9442, 36.0612, -146.957, 36.4306, 32.9622, 0.000276348, 37.3285, 0.00175328, -134.132, 0.00150641, 48.7223
1184, 19.73333, 0.357267, 29.9536, 36.0393, -146.958, 36.4085, 32.9612, 0.000276191, 37.3373, 0.00175229, -134.121, 0.00150558, 48.7342
1185, 19.74167, 0.35742, 29.963, 36.0174, -146.96, 36.3865, 32.9602, 0.000276035, 37.3461, 0.0017513, -134.11, 0.00150475, 48.746
1185, 19.75000, 0.357574, 29.9724, 35.9955, -146.961, 36.3644, 32.9592, 0.000275879, 37.3549, 0.00175031, -134.099, 0.00150392, 48.7579
1186, 19.75833, 0.357727, 29.9818, 35.9736, -146.962, 36.3424, 32.9582, 0.000275723, 37.3637, 0.00174932, -134.088, 0.0015031, 48.7697
1186, 19.76667, 0.357882, 29.9911, 35.9517, -146.963, 36.3204, 32.9572, 0.000275567, 37.3725, 0.00174833, -134.077, 0.00150227, 48.7816
1187, 19.77500, 0.358036, 30.0005, 35.9299, -146.964, 36.2985, 32.9562, 0.000275411, 37.3813, 0.00174734, -134.066, 0.00150144, 48.7934
1187, 19.78333, 0.358191, 30.0098, 35.9081, -146.965, 36.2765, 32.9552, 0.000275255, 37.3901, 0.00174635, -134.055, 0.00150062, 48.8052
1188, 19.79167, 0.358346, 30.0191, 35.8862, -146.967, 36.2546, 32.9543, 0.0002751, 37.3989, 0.00174536, -134.044, 0.0014998, 48.8171
1188, 19.80000, 0.358502, 30.0284, 35.8644, -146.968, 36.2327, 32.9533, 0.000274945, 37.4077, 0.00174438, -134.034, 0.00149897, 48.8289
1188, 19.80833, 0.358658, 30.0377, 35.8427, -146.969, 36.2108, 32.9523, 0.00027479, 37.4165, 0.00174339, -134.023, 0.00149815, 48.8407
1189, 19.81667, 0.358814, 30.047, 35.8209, -146.97, 36.1889, 32.9513, 0.000274635, 37.4253, 0.00174241, -134.012, 0.00149733, 48.8526
1190, 19.82500, 0.35897, 30.0562, 35.7992, -146.971, 36.167, 32.9504, 0.00027448, 37.4341, 0.00174142, -134.001, 0.0014965, 48.8644
1190, 19.83333, 0.359127, 30.0655, 35.7775, -146.972, 36.1452, 32.9494, 0.000274325, 37.443, 0.00174044, -133.99, 0.00149568, 48.8762
1190, 19.84167, 0.359284, 30.0747, 35.7558, -146.974, 36.1234, 32.9484, 0.000274171, 37.4518, 0.00173946, -133.979, 0.00149486, 48.888
1191, 19.85000, 0.359442, 30.0839, 35.7341, -146.975, 36.1016, 32.9474, 0.000274016, 37.4606, 0.00173848, -133.968, 0.00149405, 48.8998
1192, 19.85833, 0.359599, 30.0931, 35.7124, -146.976, 36.0798, 32.9465, 0.000273862, 37.4694, 0.0017375, -133.957, 0.00149323, 48.9117
1192, 19.86667, 0.359757, 30.1022, 35.6908, -146.977, 36.058, 32.9455, 0.000273708, 37.4782, 0.00173652, -133.947, 0.00149241, 48.9235
1192, 19.87500, 0.359916, 30.1114, 35.6692, -146.978, 36.0363, 32.9445, 0.000273554, 37.487, 0.00173554, -133.936, 0.00149159, 48.9353
1193, 19.88333, 0.360074, 30.1205, 35.6476, -146.979, 36.0145, 32.9436, 0.000273401, 37.4958, 0.00173457, -133.925, 0.00149078, 48.9471
1194, 19.89167, 0.360233, 30.1297, 35.626, -146.981, 35.9928, 32.9426, 0.000273247, 37.5047, 0.00173359, -133.914, 0.00148996, 48.9589
1194, 19.90000, 0.360393, 30.1388, 35.6044, -146.982, 35.9711, 32.9417, 0.000273094, 37.5135, 0.00173261, -133.903, 0.00148914, 48.9707
1194, 19.90833, 0.360552, 30.1478, 35.5828, -146.983, 35.9495, 32.9407, 0.00027294, 37.5223, 0.00173164, -133.892, 0.00148833, 48.9825
1195, 19.91667, 0.360712, 30.1569, 35.5613, -146.984, 35.9278, 32.9398, 0.000272787, 37.5311, 0.00173066, -133.881, 0.00148752, 48.9943
1196, 19.92500, 0.360872, 30.166, 35.5398, -146.985, 35.9062, 32.9388, 0.000272634, 37.5399, 0.00172969, -133.87, 0.0014867, 49.0061
1196, 19.93333, 0.361033, 30.175, 35.5183, -146.986, 35.8846, 32.9379, 0.000272482, 37.5488, 0.00172872, -133.86, 0.00148589, 49.0179
1196, 19.94167, 0.361193, 30.184, 35.4968, -146.987, 35.863, 32.9369, 0.000272329, 37.5576, 0.00172775, -133.849, 0.00148508, 49.0297
1197, 19.95000, 0.361354, 30.1931, 35.4753, -146.988, 35.8414, 32.936, 0.000272176, 37.5664, 0.00172678, -133.838, 0.00148427, 49.0415
1198, 19.95833, 0.361516, 30.202, 35.4539, -146.99, 35.8198, 32.9351, 0.000272024, 37.5752, 0.00172581, -133.827, 0.00148346, 49.0533
1198, 19.96667, 0.361677, 30.211, 35.4325, -146.991, 35.7983, 32.9341, 0.000271872, 37.5841, 0.00172484, -133.816, 0.00148265, 49.0651
1198, 19.97500, 0.361839, 30.22, 35.4111, -146.992, 35.7767, 32.9332, 0.00027172, 37.5929, 0.00172387, -133.805, 0.00148184, 49.0769
1199, 19.98333, 0.362002, 30.2289, 35.3897, -146.993, 35.7552, 32.9323, 0.000271568, 37.6017, 0.00172291, -133.794, 0.00148104, 49.0887
1200, 19.99167, 0.362164, 30.2379, 35.3683, -146.994, 35.7337, 32.9313, 0.000271416, 37.6105, 0.00172194, -133.783, 0.00148023, 49.1004
1200, 20.00000, 0.362327, 30.2468, 35.347, -146.995, 35.7123, 32.9304, 0.000271265, 37.6194, 0.00172097, -133.773, 0.00147942, 49.1122
1200, 20.00833, 0.36249, 30.2557, 35.3256, -146.996, 35.6908, 32.9295, 0.000271113, 37.6282, 0.00172001, -133.762, 0.00147862, 49.124
1201, 20.01667, 0.362654, 30.2646, 35.3043, -146.997, 35.6694, 32.9285, 0.000270962, 37.637, 0.00171905, -133.751, 0.00147781, 49.1358
1202, 20.02500, 0.362818, 30.2734, 35.283, -146.999, 35.6479, 32.9276, 0.000270811, 37.6459, 0.00171808, -133.74, 0.00147701, 49.1476
1202, 20.03333, 0.362982, 30.2823, 35.2617, -147, 35.6265, 32.9267, 0.00027066, 37.6547, 0.00171712, -133.729, 0.00147621, 49.1593
1202, 20.04167, 0.363146, 30.2911, 35.2404, -147.001, 35.6052, 32.9258, 0.000270509, 37.6635, 0.00171616, -133.718, 0.0014754, 49.1711
1203, 20.05000, 0.363311, 30.2999, 35.2192, -147.002, 35.5838, 32.9249, 0.000270358, 37.6724, 0.0017152, -133.708, 0.0014746, 49.1829
1204, 20.05833, 0.363476, 30.3087, 35.198, -147.003, 35.5624, 32.924, 0.000270207, 37.6812, 0.00171424, -133.697, 0.0014738, 49.1946
1204, 20.06667, 0.363641, 30.3175, 35.1768, -147.004, 35.5411, 32.923, 0.000270057, 37.69, 0.00171328, -133.686, 0.001473, 49.2064
1204, 20.07500, 0.363807, 30.3263, 35.1556, -147.005, 35.5198, 32.9221, 0.000269907, 37.6989, 0.00171233, -133.675, 0.0014722, 49.2182
1205, 20.08333, 0.363972, 30.335, 35.1344, -147.006, 35.4985, 32.9212, 0.000269757, 37.7077, 0.00171137, -133.664, 0.0014714, 49.2299
1206, 20.09167, 0.364139, 30.3438, 35.1132, -147.007, 35.4772, 32.9203, 0.000269607, 37.7166, 0.00171041, -133.653, 0.0014706, 49.2417
1206, 20.10000, 0.364305, 30.3525, 35.0921, -147.008, 35.456, 32.9194, 0.000269457, 37.7254, 0.00170946, -133.642, 0.0014698, 49.2534
1206, 20.10833, 0.364472, 30.3612, 35.071, -147.009, 35.4347, 32.9185, 0.000269307, 37.7342, 0.00170851, -133.632, 0.00146901, 49.2652
1207, 20.11667, 0.364639, 30.3699, 35.0498, -147.011, 35.4135, 32.9176, 0.000269158, 37.7431, 0.00170755, -133.621, 0.00146821, 49.277
1208, 20.12500, 0.364806, 30.3786, 35.0288, -147.012, 35.3923, 32.9167, 0.000269008, 37.7519, 0.0017066, -133.61, 0.00146741, 49.2887
1208, 20.13333, 0.364974, 30.3872, 35.0077, -147.013, 35.3711, 32.9158, 0.000268859, 37.7608, 0.00170565, -133.599, 0.00146662, 49.3005
1208, 20.14167, 0.365142, 30.3959, 34.9866, -147.014, 35.3499, 32.9149, 0.00026871, 37.7696, 0.0017047, -133.588, 0.00146582, 49.3122
1209, 20.15000, 0.36531, 30.4045, 34.9656, -147.015, 35.3288, 32.9141, 0.000268561, 37.7785, 0.00170375, -133.577, 0.00146503, 49.3239
1210, 20.15833, 0.365478, 30.4131, 34.9446, -147.016, 35.3076, 32.9132, 0.000268412, 37.7873, 0.0017028, -133.567, 0.00146424, 49.3357
1210, 20.16667, 0.365647, 30.4217, 34.9236, -147.017, 35.2865, 32.9123, 0.000268264, 37.7962, 0.00170185, -133.556, 0.00146345, 49.3474
1210, 20.17500, 0.365816, 30.4303, 34.9026, -147.018, 35.2654, 32.9114, 0.000268115, 37.805, 0.0017009, -133.545, 0.00146265, 49.3592
1211, 20.18333, 0.365985, 30.4388, 34.8816, -147.019, 35.2443, 32.9105, 0.000267967, 37.8139, 0.00169996, -133.534, 0.00146186, 49.3709
1212, 20.19167, 0.366155, 30.4474, 34.8607, -147.02, 35.2233, 32.9096, 0.000267818, 37.8227, 0.00169901, -133.523, 0.00146107, 49.3826
1212, 20.20000, 0.366325, 30.4559, 34.8397, -147.021, 35.2022, 32.9088, 0.00026767, 37.8316, 0.00169806, -133.513, 0.00146028, 49.3944
1212, 20.20833, 0.366495, 30.4644, 34.8188, -147.022, 35.1812, 32.9079, 0.000267522, 37.8404, 0.00169712, -133.502, 0.00145949, 49.4061
1213, 20.21667, 0.366666, 30.4729, 34.7979, -147.023, 35.1602, 32.907, 0.000267375, 37.8493, 0.00169618, -133.491, 0.00145871, 49.4178
1214, 20.22500, 0.366837, 30.4814, 34.777, -147.024, 35.1392, 32.9062, 0.000267227, 37.8581, 0.00169523, -133.48, 0.00145792, 49.4296
1214, 20.23333, 0.367008, 30.4899, 34.7562, -147.026, 35.1182, 32.9053, 0.000267079, 37.867, 0.00169429, -133.469, 0.00145713, 49.4413
1214, 20.24167, 0.367179, 30.4983, 34.7353, -147.027, 35.0972, 32.9044, 0.000266932, 37.8758, 0.00169335, -133.458, 0.00145635, 49.453
1215, 20.25000, 0.367351, 30.5068, 34.7145, -147.028, 35.0763, 32.9036, 0.000266785, 37.8847, 0.00169241, -133.448, 0.00145556, 49.4647
1216, 20.25833, 0.367523, 30.5152, 34.6937, -147.029, 35.0553, 32.9027, 0.000266638, 37.8936, 0.00169147, -133.437, 0.00145478, 49.4764
1216, 20.26667, 0.367695, 30.5236, 34.6729, -147.03, 35.0344, 32.9018, 0.000266491, 37.9024, 0.00169053, -133.426, 0.00145399, 49.4882
1216, 20.27500, 0.367867, 30.532, 34.6521, -147.031, 35.0135, 32.901, 0.000266344, 37.9113, 0.0016896, -133.415, 0.00145321, 49.4999
1217, 20.28333, 0.36804, 30.5404, 34.6313, -147.032, 34.9927, 32.9001, 0.000266197, 37.9201, 0.00168866, -133.404, 0.00145243, 49.5116
1218, 20.29167, 0.368213, 30.5487, 34.6106, -147.033, 34.9718, 32.8993, 0.000266051, 37.929, 0.00168772, -133.394, 0.00145164, 49.5233
1218, 20.30000, 0.368386, 30.5571, 34.5898, -147.034, 34.951, 32.8984, 0.000265904, 37.9379, 0.00168679, -133.383, 0.00145086, 49.535
1218, 20.30833, 0.36856, 30.5654, 34.5691, -147.035, 34.9301, 32.8976, 0.000265758, 37.9467, 0.00168585, -133.372, 0.00145008, 49.5467
1219, 20.31667, 0.368734, 30.5737, 34.5484, -147.036, 34.9093, 32.8967, 0.000265612, 37.9556, 0.00168492, -133.361, 0.0014493, 49.5584
1220, 20.32500, 0.368908, 30.582, 34.5278, -147.037, 34.8885, 32.8959, 0.000265466, 37.9645, 0.00168399, -133.35, 0.00144852, 49.5701
1220, 20.33333, 0.369083, 30.5903, 34.5071, -147.038, 34.8678, 32.895, 0.00026532, 37.9733, 0.00168306, -133.34, 0.00144774, 49.5818
1220, 20.34167, 0.369257, 30.5986, 34.4864, -147.039, 34.847, 32.8942, 0.000265175, 37.9822, 0.00168212, -133.329, 0.00144696, 49.5935
1221, 20.35000, 0.369432, 30.6068, 34.4658, -147.04, 34.8262, 32.8934, 0.000265029, 37.9911, 0.00168119, -133.318, 0.00144619, 49.6052
1222, 20.35833, 0.369608, 30.615, 34.4452, -147.041, 34.8055, 32.8925, 0.000264884, 37.9999, 0.00168026, -133.307, 0.00144541, 49.6169
1222, 20.36667, 0.369783, 30.6233, 34.4246, -147.042, 34.7848, 32.8917, 0.000264739, 38.0088, 0.00167934, -133.296, 0.00144463, 49.6286
1223, 20.37500, 0.369959, 30.6315, 34.404, -147.043, 34.7641, 32.8909, 0.000264593, 38.0177, 0.00167841, -133.286, 0.00144386, 49.6403
1223, 20.38333, 0.370135, 30.6396, 34.3835, -147.044, 34.7434, 32.89, 0.000264449, 38.0265, 0.00167748, -133.275, 0.00144308, 49.652
1224, 20.39167, 0.370312, 30.6478, 34.3629, -147.045, 34.7228, 32.8892, 0.000264304, 38.0354, 0.00167655, -133.264, 0.00144231, 49.6637
1224, 20.40000, 0.370488, 30.656, 34.3424, -147.046, 34.7021, 32.8884, 0.000264159, 38.0443, 0.00167563, -133.253, 0.00144154, 49.6754
1225, 20.40833, 0.370665, 30.6641, 34.3219, -147.047, 34.6815, 32.8876, 0.000264014, 38.0532, 0.0016747, -133.243, 0.00144076, 49.687
1225, 20.41667, 0.370843, 30.6722, 34.3014, -147.048, 34.6609, 32.8867, 0.00026387, 38.062, 0.00167378, -133.232, 0.00143999, 49.6987
1226, 20.42500, 0.37102, 30.6804, 34.2809, -147.049, 34.6403, 32.8859, 0.000263726, 38.0709, 0.00167286, -133.221, 0.00143922, 49.7104
1226, 20.43333, 0.371198, 30.6885, 34.2604, -147.05, 34.6197, 32.8851, 0.000263582, 38.0798, 0.00167193, -133.21, 0.00143845, 49.7221
1227, 20.44167, 0.371376, 30.6965, 34.24, -147.051, 34.5992, 32.8843, 0.000263438, 38.0887, 0.00167101, -133.199, 0.00143768, 49.7338
1227, 20.45000, 0.371554, 30.7046, 34.2196, -147.052, 34.5786, 32.8835, 0.000263294, 38.0976, 0.00167009, -133.189, 0.00143691, 49.7454
1228, 20.45833, 0.371733, 30.7126, 34.1991, -147.053, 34.5581, 32.8827, 0.00026315, 38.1064, 0.00166917, -133.178, 0.00143614, 49.7571
1228, 20.46667, 0.371912, 30.7207, 34.1787, -147.054, 34.5376, 32.8819, 0.000263006, 38.1153, 0.00166825, -133.167, 0.00143537, 49.7688
1229, 20.47500, 0.372091, 30.7287, 34.1584, -147.055, 34.5171, 32.8811, 0.000262863, 38.1242, 0.00166733, -133.156, 0.0014346, 49.7804
1229, 20.48333, 0.37227, 30.7367, 34.138, -147.056, 34.4966, 32.8803, 0.00026272, 38.1331, 0.00166641, -133.146, 0.00143384, 49.7921
1230, 20.49167, 0.37245, 30.7447, 34.1176, -147.057, 34.4762, 32.8794, 0.000262576, 38.142, 0.0016655, -133.135, 0.00143307, 49.8038
1230, 20.50000, 0.37263, 30.7527, 34.0973, -147.058, 34.4557, 32.8787, 0.000262433, 38.1509, 0.00166458, -133.124, 0.0014323, 49.8154
1231, 20.50833, 0.37281, 30.7606, 34.077, -147.059, 34.4353, 32.8779, 0.00026229, 38.1598, 0.00166367, -133.113, 0.00143154, 49.8271
1231, 20.51667, 0.372991, 30.7686, 34.0567, -147.06, 34.4149, 32.8771, 0.000262148, 38.1686, 0.00166275, -133.103, 0.00143078, 49.8387
1232, 20.52500, 0.373172, 30.7765, 34.0364, -147.061, 34.3945, 32.8763, 0.000262005, 38.1775, 0.00166184, -133.092, 0.00143001, 49.8504
1232, 20.53333, 0.373353, 30.7844, 34.0161, -147.062, 34.3741, 32.8755, 0.000261863, 38.1864, 0.00166092, -133.081, 0.00142925, 49.862
1233, 20.54167, 0.373534, 30.7923, 33.9959, -147.063, 34.3538, 32.8747, 0.00026172, 38.1953, 0.00166001, -133.07, 0.00142849, 49.8737
1233, 20.55000, 0.373716, 30.8002, 33.9756, -147.064, 34.3334, 32.8739, 0.000261578, 38.2042, 0.0016591, -133.059, 0.00142772, 49.8853
1234, 20.55833, 0.373897, 30.8081, 33.9554, -147.065, 34.3131, 32.8731, 0.000261436, 38.2131, 0.00165819, -133.049, 0.00142696, 49.897
1234, 20.56667, 0.37408, 30.8159, 33.9352, -147.066, 34.2928, 32.8723, 0.000261294, 38.222, 0.00165728, -133.038, 0.0014262, 49.9086
1235, 20.57500, 0.374262, 30.8237, 33.915, -147.067, 34.2725, 32.8715, 0.000261152, 38.2309, 0.00165637, -133.027, 0.00142544, 49.9203
1235, 20.58333, 0.374445, 30.8316, 33.8949, -147.068, 34.2522, 32.8708, 0.00026101, 38.2398, 0.00165546, -133.016, 0.00142468, 49.9319
1236, 20.59167, 0.374628, 30.8394, 33.8747, -147.069, 34.2319, 32.87, 0.000260869, 38.2487, 0.00165455, -133.006, 0.00142392, 49.9436
1236, 20.60000, 0.374811, 30.8472, 33.8546, -147.07, 34.2117, 32.8692, 0.000260727, 38.2576, 0.00165365, -132.995, 0.00142317, 49.9552
1237, 20.60833, 0.374994, 30.8549, 33.8344, -147.071, 34.1915, 32.8684, 0.000260586, 38.2665, 0.00165274, -132.984, 0.00142241, 49.9668
1237, 20.61667, 0.375178, 30.8627, 33.8143, -147.072, 34.1712, 32.8677, 0.000260445, 38.2754, 0.00165183, -132.973, 0.00142165, 49.9785
1238, 20.62500, 0.375362, 30.8705, 33.7942, -147.073, 34.151, 32.8669, 0.000260304, 38.2843, 0.00165093, -132.963, 0.0014209, 49.9901
1238, 20.63333, 0.375546, 30.8782, 33.7742, -147.074, 34.1309, 32.8661, 0.000260163, 38.2932, 0.00165003, -132.952, 0.00142014, 50.0017
1239, 20.64167, 0.375731, 30.8859, 33.7541, -147.075, 34.1107, 32.8654, 0.000260022, 38.3021, 0.00164912, -132.941, 0.00141938, 50.0133
1239, 20.65000, 0.375915, 30.8936, 33.7341, -147.076, 34.0905, 32.8646, 0.000259881, 38.311, 0.00164822, -132.931, 0.00141863, 50.025
1240, 20.65833, 0.3761, 30.9013, 33.714, -147.077, 34.0704, 32.8638, 0.000259741, 38.3199, 0.00164732, -132.92, 0.00141788, 50.0366
1240, 20.66667, 0.376286, 30.909, 33.694, -147.077, 34.0503, 32.8631, 0.000259601, 38.3288, 0.00164642, -132.909, 0.00141712, 50.0482
1241, 20.67500, 0.376471, 30.9166, 33.674, -147.078, 34.0302, 32.8623, 0.00025946, 38.3377, 0.00164552, -132.898, 0.00141637, 50.0598
1241, 20.68333, 0.376657, 30.9243, 33.654, -147.079, 34.0101, 32.8616, 0.00025932, 38.3466, 0.00164462, -132.888, 0.00141562, 50.0714
1242, 20.69167, 0.376843, 30.9319, 33.6341, -147.08, 33.99, 32.8608, 0.00025918, 38.3555, 0.00164372, -132.877, 0.00141487, 50.0831
1242, 20.70000, 0.377029, 30.9395, 33.6141, -147.081, 33.97, 32.8601, 0.00025904, 38.3644, 0.00164282, -132.866, 0.00141412, 50.0947
1243, 20.70833, 0.377216, 30.9471, 33.5942, -147.082, 33.9499, 32.8593, 0.000258901, 38.3734, 0.00164192, -132.855, 0.00141337, 50.1063
1243, 20.71667, 0.377403, 30.9547, 33.5743, -147.083, 33.9299, 32.8586, 0.000258761, 38.3823, 0.00164103, -132.845, 0.00141262, 50.1179
1244, 20.72500, 0.37759, 30.9623, 33.5544, -147.084, 33.9099, 32.8578, 0.000258622, 38.3912, 0.00164013, -132.834, 0.00141187, 50.1295
1244, 20.73333, 0.377777, 30.9698, 33.5345, -147.085, 33.8899, 32.8571, 0.000258482, 38.4001, 0.00163923, -132.823, 0.00141112, 50.1411
1245, 20.74167, 0.377965, 30.9774, 33.5146, -147.086, 33.8699, 32.8564, 0.000258343, 38.409, 0.00163834, -132.813, 0.00141037, 50.1527
1245, 20.75000, 0.378153, 30.9849, 33.4947, -147.087, 33.85, 32.8556, 0.000258204, 38.4179, 0.00163745, -132.802, 0.00140963, 50.1643
1246, 20.75833, 0.378341, 30.9924, 33.4749, -147.088, 33.83, 32.8549, 0.000258065, 38.4268, 0.00163655, -132.791, 0.00140888, 50.1759
1246, 20.76667, 0.37853, 30.9999, 33.4551, -147.089, 33.8101, 32.8541, 0.000257926, 38.4358, 0.00163566, -132.78, 0.00140813, 50.1875
1247, 20.77500, 0.378718, 31.0074, 33.4353, -147.09, 33.7902, 32.8534, 0.000257787, 38.4447, 0.00163477, -132.77, 0.00140739, 50.1991
1247, 20.78333, 0.378907, 31.0149, 33.4155, -147.091, 33.7703, 32.8527, 0.000257649, 38.4536, 0.00163388, -132.759, 0.00140664, 50.2107
1248, 20.79167, 0.379096, 31.0223, 33.3957, -147.091, 33.7504, 32.852, 0.00025751, 38.4625, 0.00163299, -132.748, 0.0014059, 50.2223
1248, 20.80000, 0.379286, 31.0297, 33.3759, -147.092, 33.7305, 32.8512, 0.000257372, 38.4715, 0.0016321, -132.737, 0.00140516, 50.2339
1249, 20.80833, 0.379475, 31.0372, 33.3562, -147.093, 33.7107, 32.8505, 0.000257234, 38.4804, 0.00163121, -132.727, 0.00140441, 50.2455
1249, 20.81667, 0.379665, 31.0446, 33.3364, -147.094, 33.6908, 32.8498, 0.000257096, 38.4893, 0.00163032, -132.716, 0.00140367, 50.257
1250, 20.82500, 0.379856, 31.052, 33.3167, -147.095, 33.671, 32.8491, 0.000256958, 38.4982, 0.00162944, -132.705, 0.00140293, 50.2686
1250, 20.83333, 0.380046, 31.0594, 33.297, -147.096, 33.6512, 32.8484, 0.00025682, 38.5072, 0.00162855, -132.695, 0.00140219, 50.2802
1251, 20.84167, 0.380237, 31.0667, 33.2773, -147.097, 33.6314, 32.8476, 0.000256683, 38.5161, 0.00162766, -132.684, 0.00140145, 50.2918
1251, 20.85000, 0.380428, 31.0741, 33.2577, -147.098, 33.6116, 32.8469, 0.000256545, 38.525, 0.00162678, -132.673, 0.00140071, 50.3034
1252, 20.85833, 0.380619, 31.0814, 33.238, -147.099, 33.5919, 32.8462, 0.000256408, 38.5339, 0.0016259, -132.663, 0.00139997, 50.3149
1252, 20.86667, 0.38081, 31.0887, 33.2183, -147.1, 33.5721, 32.8455, 0.00025627, 38.5429, 0.00162501, -132.652, 0.00139923, 50.3265
1253, 20.87500, 0.381002, 31.096, 33.1987, -147.1, 33.5524, 32.8448, 0.000256133, 38.5518, 0.00162413, -132.641, 0.00139849, 50.3381
1253, 20.88333, 0.381194, 31.1033, 33.1791, -147.101, 33.5327, 32.8441, 0.000255996, 38.5607, 0.00162325, -132.63, 0.00139776, 50.3497
1254, 20.89167, 0.381386, 31.1106, 33.1595, -147.102, 33.513, 32.8434, 0.000255859, 38.5697, 0.00162237, -132.62, 0.00139702, 50.3612
1254, 20.90000, 0.381579, 31.1179, 33.1399, -147.103, 33.4933, 32.8427, 0.000255722, 38.5786, 0.00162149, -132.609, 0.00139628, 50.3728
1255, 20.90833, 0.381771, 31.1251, 33.1204, -147.104, 33.4736, 32.842, 0.000255586, 38.5875, 0.00162061, -132.598, 0.00139555, 50.3843
1255, 20.91667, 0.381964, 31.1324, 33.1008, -147.105, 33.454, 32.8413, 0.000255449, 38.5965, 0.00161973, -132.588, 0.00139481, 50.3959
1256, 20.92500, 0.382158, 31.1396, 33.0813, -147.106, 33.4343, 32.8406, 0.000255313, 38.6054, 0.00161885, -132.577, 0.00139408, 50.4075
1256, 20.93333, 0.382351, 31.1468, 33.0618, -147.107, 33.4147, 32.8399, 0.000255177, 38.6144, 0.00161797, -132.566, 0.00139335, 50.419
1257, 20.94167, 0.382545, 31.154, 33.0422, -147.108, 33.3951, 32.8392, 0.00025504, 38.6233, 0.00161709, -132.556, 0.00139261, 50.4306
1257, 20.95000, 0.382739, 31.1612, 33.0228, -147.108, 33.3755, 32.8385, 0.000254904, 38.6322, 0.00161622, -132.545, 0.00139188, 50.4421
1258, 20.95833, 0.382933, 31.1684, 33.0033, -147.109, 33.3559, 32.8378, 0.000254769, 38.6412, 0.00161534, -132.534, 0.00139115, 50.4537
1258, 20.96667, 0.383127, 31.1755, 32.9838, -147.11, 33.3364, 32.8371, 0.000254633, 38.6501, 0.00161447, -132.524, 0.00139042, 50.4652
1259, 20.97500, 0.383322, 31.1827, 32.9644, -147.111, 33.3168, 32.8365, 0.000254497, 38.6591, 0.00161359, -132.513, 0.00138969, 50.4768
1259, 20.98333, 0.383517, 31.1898, 32.9449, -147.112, 33.2973, 32.8358, 0.000254362, 38.668, 0.00161272, -132.502, 0.00138896, 50.4883
1260, 20.99167, 0.383712, 31.1969, 32.9255, -147.113, 33.2778, 32.8351, 0.000254226, 38.677, 0.00161185, -132.491, 0.00138823, 50.4999
1260, 21.00000, 0.383908, 31.204, 32.9061, -147.114, 33.2583, 32.8344, 0.000254091, 38.6859, 0.00161097, -132.481, 0.0013875, 50.5114
1261, 21.00833, 0.384104, 31.2111, 32.8867, -147.115, 33.2388, 32.8337, 0.000253956, 38.6949, 0.0016101, -132.47, 0.00138677, 50.523
1261, 21.01667, 0.384299, 31.2181, 32.8674, -147.115, 33.2193, 32.8331, 0.000253821, 38.7038, 0.00160923, -132.459, 0.00138604, 50.5345
1262, 21.02500, 0.384496, 31.2252, 32.848, -147.116, 33.1999, 32.8324, 0.000253686, 38.7128, 0.00160836, -132.449, 0.00138531, 50.546
1262, 21.03333, 0.384692, 31.2322, 32.8287, -147.117, 33.1804, 32.8317, 0.000253551, 38.7217, 0.00160749, -132.438, 0.00138459, 50.5576
1263, 21.04167, 0.384889, 31.2393, 32.8093, -147.118, 33.161, 32.8311, 0.000253416, 38.7307, 0.00160662, -132.427, 0.00138386, 50.5691
1263, 21.05000, 0.385086, 31.2463, 32.79, -147.119, 33.1416, 32.8304, 0.000253282, 38.7396, 0.00160576, -132.417, 0.00138313, 50.5806
1264, 21.05833, 0.385283, 31.2533, 32.7707, -147.12, 33.1222, 32.8297, 0.000253147, 38.7486, 0.00160489, -132.406, 0.00138241, 50.5922
1264, 21.06667, 0.38548, 31.2603, 32.7514, -147.121, 33.1028, 32.8291, 0.000253013, 38.7575, 0.00160402, -132.395, 0.00138168, 50.6037
1265, 21.07500, 0.385678, 31.2673, 32.7322, -147.121, 33.0834, 32.8284, 0.000252879, 38.7665, 0.00160316, -132.385, 0.00138096, 50.6152
1265, 21.08333, 0.385876, 31.2742, 32.7129, -147.122, 33.0641, 32.8278, 0.000252745, 38.7755, 0.00160229, -132.374, 0.00138024, 50.6267
1266, 21.09167, 0.386074, 31.2812, 32.6937, -147.123, 33.0447, 32.8271, 0.000252611, 38.7844, 0.00160143, -132.363, 0.00137951, 50.6383
1266, 21.10000, 0.386272, 31.2881, 32.6744, -147.124, 33.0254, 32.8264, 0.000252477, 38.7934, 0.00160056, -132.353, 0.00137879, 50.6498
1267, 21.10833, 0.386471, 31.295, 32.6552, -147.125, 33.0061, 32.8258, 0.000252343, 38.8023, 0.0015997, -132.342, 0.00137807, 50.6613
1267, 21.11667, 0.38667, 31.3019, 32.636, -147.126, 32.9868, 32.8251, 0.00025221, 38.8113, 0.00159884, -132.331, 0.00137735, 50.6728
1268, 21.12500, 0.386869, 31.3088, 32.6168, -147.127, 32.9675, 32.8245, 0.000252076, 38.8203, 0.00159798, -132.321, 0.00137663, 50.6843
1268, 21.13333, 0.387068, 31.3157, 32.5977, -147.127, 32.9483, 32.8238, 0.000251943, 38.8292, 0.00159711, -132.31, 0.00137591, 50.6958
1269, 21.14167, 0.387268, 31.3226, 32.5785, -147.128, 32.929, 32.8232, 0.00025181, 38.8382, 0.00159625, -132.299, 0.00137519, 50.7073
1269, 21.15000, 0.387468, 31.3294, 32.5594, -147.129, 32.9098, 32.8226, 0.000251677, 38.8472, 0.00159539, -132.289, 0.00137447, 50.7188
1270, 21.15833, 0.387668, 31.3363, 32.5402, -147.13, 32.8906, 32.8219, 0.000251544, 38.8561, 0.00159454, -132.278, 0.00137375, 50.7304
1270, 21.16667, 0.387868, 31.3431, 32.5211, -147.131, 32.8713, 32.8213, 0.000251411, 38.8651, 0.00159368, -132.268, 0.00137303, 50.7419
1271, 21.17500, 0.388068, 31.3499, 32.502, -147.132, 32.8522, 32.8206, 0.000251278, 38.8741, 0.00159282, -132.257, 0.00137232, 50.7534
1271, 21.18333, 0.388269, 31.3567, 32.483, -147.132, 32.833, 32.82, 0.000251146, 38.8831, 0.00159196, -132.246, 0.0013716, 50.7649
1272, 21.19167, 0.38847, 31.3635, 32.4639, -147.133, 32.8138, 32.8194, 0.000251013, 38.892, 0.00159111, -132.236, 0.00137088, 50.7764
1272, 21.20000, 0.388672, 31.3702, 32.4448, -147.134, 32.7947, 32.8187, 0.000250881, 38.901, 0.00159025, -132.225, 0.00137017, 50.7879
1273, 21.20833, 0.388873, 31.377, 32.4258, -147.135, 32.7755, 32.8181, 0.000250749, 38.91, 0.0015894, -132.214, 0.00136945, 50.7994
1273, 21.21667, 0.389075, 31.3838, 32.4068, -147.136, 32.7564, 32.8175, 0.000250616, 38.919, 0.00158854, -132.204, 0.00136874, 50.8108
1274, 21.22500, 0.389277, 31.3905, 32.3878, -147.136, 32.7373, 32.8169, 0.000250484, 38.9279, 0.00158769, -132.193, 0.00136803, 50.8223
1274, 21.23333, 0.389479, 31.3972, 32.3688, -147.137, 32.7182, 32.8162, 0.000250352, 38.9369, 0.00158683, -132.182, 0.00136731, 50.8338
1275, 21.24167, 0.389681, 31.4039, 32.3498, -147.138, 32.6991, 32.8156, 0.000250221, 38.9459, 0.00158598, -132.172, 0.0013666, 50.8453
1275, 21.25000, 0.389884, 31.4106, 32.3308, -147.139, 32.6801, 32.815, 0.000250089, 38.9549, 0.00158513, -132.161, 0.00136589, 50.8568
1276, 21.25833, 0.390087, 31.4173, 32.3119, -147.14, 32.661, 32.8144, 0.000249957, 38.9639, 0.00158428, -132.15, 0.00136518, 50.8683
1276, 21.26667, 0.39029, 31.424, 32.2929, -147.141, 32.642, 32.8138, 0.000249826, 38.9728, 0.00158343, -132.14, 0.00136447, 50.8798
1277, 21.27500, 0.390493, 31.4306, 32.274, -147.141, 32.623, 32.8132, 0.000249695, 38.9818, 0.00158258, -132.129, 0.00136376, 50.8912
1277, 21.28333, 0.390697, 31.4373, 32.2551, -147.142, 32.604, 32.8126, 0.000249564, 38.9908, 0.00158173, -132.119, 0.00136305, 50.9027
1278, 21.29167, 0.390901, 31.4439, 32.2362, -147.143, 32.585, 32.8119, 0.000249432, 38.9998, 0.00158088, -132.108, 0.00136234, 50.9142
1278, 21.30000, 0.391105, 31.4505, 32.2173, -147.144, 32.566, 32.8113, 0.000249302, 39.0088, 0.00158003, -132.097, 0.00136163, 50.9257
1279, 21.30833, 0.391309, 31.4571, 32.1984, -147.145, 32.547, 32.8107, 0.000249171, 39.0178, 0.00157919, -132.087, 0.00136092, 50.9371
1279, 21.31667, 0.391514, 31.4637, 32.1796, -147.145, 32.5281, 32.8101, 0.00024904, 39.0268, 0.00157834, -132.076, 0.00136021, 50.9486
1280, 21.32500, 0.391719, 31.4703, 32.1607, -147.146, 32.5092, 32.8095, 0.000248909, 39.0358, 0.0015775, -132.065, 0.0013595, 50.9601
1280, 21.33333, 0.391924, 31.4768, 32.1419, -147.147, 32.4902, 32.8089, 0.000248779, 39.0448, 0.00157665, -132.055, 0.0013588, 50.9715
1281, 21.34167, 0.392129, 31.4834, 32.1231, -147.148, 32.4713, 32.8083, 0.000248649, 39.0537, 0.00157581, -132.044, 0.00135809, 50.983
1281, 21.35000, 0.392334, 31.4899, 32.1043, -147.148, 32.4524, 32.8077, 0.000248518, 39.0627, 0.00157496, -132.034, 0.00135739, 50.9945
1282, 21.35833, 0.39254, 31.4965, 32.0855, -147.149, 32.4336, 32.8071, 0.000248388, 39.0717, 0.00157412, -132.023, 0.00135668, 51.0059
1282, 21.36667, 0.392746, 31.503, 32.0667, -147.15, 32.4147, 32.8066, 0.000248258, 39.0807, 0.00157328, -132.012, 0.00135598, 51.0174
1283, 21.37500, 0.392952, 31.5095, 32.048, -147.151, 32.3959, 32.806, 0.000248128, 39.0897, 0.00157244, -132.002, 0.00135527, 51.0288
1283, 21.38333, 0.393158, 31.516, 32.0292, -147.152, 32.377, 32.8054, 0.000247998, 39.0987, 0.00157159, -131.991, 0.00135457, 51.0403
1284, 21.39167, 0.393365, 31.5224, 32.0105, -147.152, 32.3582, 32.8048, 0.000247869, 39.1077, 0.00157075, -131.981, 0.00135387, 51.0517
1284, 21.40000, 0.393572, 31.5289, 31.9918, -147.153, 32.3394, 32.8042, 0.000247739, 39.1167, 0.00156991, -131.97, 0.00135316, 51.0632
1285, 21.40833, 0.393779, 31.5353, 31.9731, -147.154, 32.3206, 32.8036, 0.00024761, 39.1257, 0.00156908, -131.959, 0.00135246, 51.0746
1285, 21.41667, 0.393986, 31.5418, 31.9544, -147.155, 32.3018, 32.803, 0.00024748, 39.1348, 0.00156824, -131.949, 0.00135176, 51.0861
1286, 21.42500, 0.394194, 31.5482, 31.9357, -147.155, 32.2831, 32.8025, 0.000247351, 39.1438, 0.0015674, -131.938, 0.00135106, 51.0975
1286, 21.43333, 0.394402, 31.5546, 31.917, -147.156, 32.2643, 32.8019, 0.000247222, 39.1528, 0.00156656, -131.928, 0.00135036, 51.109
1287, 21.44167, 0.39461, 31.561, 31.8984, -147.157, 32.2456, 32.8013, 0.000247093, 39.1618, 0.00156573, -131.917, 0.00134966, 51.1204
1287, 21.45000, 0.394818, 31.5674, 31.8797, -147.158, 32.2268, 32.8007, 0.000246964, 39.1708, 0.00156489, -131.906, 0.00134896, 51.1318
1288, 21.45833, 0.395026, 31.5738, 31.8611, -147.159, 32.2081, 32.8002, 0.000246835, 39.1798, 0.00156405, -131.896, 0.00134826, 51.1433
1288, 21.46667, 0.395235, 31.5802, 31.8425, -147.159, 32.1894, 32.7996, 0.000246707, 39.1888, 0.00156322, -131.885, 0.00134756, 51.1547
1289, 21.47500, 0.395444, 31.5865, 31.8239, -147.16, 32.1708, 32.799, 0.000246578, 39.1978, 0.00156239, -131.874, 0.00134687, 51.1662
1289, 21.48333, 0.395653, 31.5928, 31.8053, -147.161, 32.1521, 32.7985, 0.00024645, 39.2068, 0.00156155, -131.864, 0.00134617, 51.1776
1290, 21.49167, 0.395862, 31.5992, 31.7868, -147.162, 32.1334, 32.7979, 0.000246321, 39.2158, 0.00156072, -131.853, 0.00134547, 51.189
1290, 21.50000, 0.396072, 31.6055, 31.7682, -147.162, 32.1148, 32.7974, 0.000246193, 39.2249, 0.00155989, -131.843, 0.00134478, 51.2004
1291, 21.50833, 0.396282, 31.6118, 31.7497, -147.163, 32.0962, 32.7968, 0.000246065, 39.2339, 0.00155906, -131.832, 0.00134408, 51.2119
1291, 21.51667, 0.396492, 31.6181, 31.7312, -147.164, 32.0775, 32.7962, 0.000245937, 39.2429, 0.00155822, -131.822, 0.00134339, 51.2233
1292, 21.52500, 0.396702, 31.6244, 31.7126, -147.165, 32.0589, 32.7957, 0.000245809, 39.2519, 0.00155739, -131.811, 0.00134269, 51.2347
1292, 21.53333, 0.396913, 31.6306, 31.6941, -147.165, 32.0404, 32.7951, 0.000245682, 39.2609, 0.00155657, -131.8, 0.001342, 51.2461
1293, 21.54167, 0.397123, 31.6369, 31.6757, -147.166, 32.0218, 32.7946, 0.000245554, 39.27, 0.00155574, -131.79, 0.00134131, 51.2576
1293, 21.55000, 0.397334, 31.6431, 31.6572, -147.167, 32.0032, 32.794, 0.000245426, 39.279, 0.00155491, -131.779, 0.00134061, 51.269
1294, 21.55833, 0.397545, 31.6494, 31.6387, -147.168, 31.9847, 32.7935, 0.000245299, 39.288, 0.00155408, -131.769, 0.00133992, 51.2804
1294, 21.56667, 0.397757, 31.6556, 31.6203, -147.168, 31.9662, 32.7929, 0.000245172, 39.297, 0.00155325, -131.758, 0.00133923, 51.2918
1295, 21.57500, 0.397968, 31.6618, 31.6018, -147.169, 31.9476, 32.7924, 0.000245044, 39.3061, 0.00155243, -131.747, 0.00133854, 51.3032
1295, 21.58333, 0.39818, 31.668, 31.5834, -147.17, 31.9291, 32.7919, 0.000244917, 39.3151, 0.0015516, -131.737, 0.00133785, 51.3146
1296, 21.59167, 0.398392, 31.6742, 31.565, -147.171, 31.9106, 32.7913, 0.00024479, 39.3241, 0.00155078, -131.726, 0.00133716, 51.326
1296, 21.60000, 0.398604, 31.6803, 31.5466, -147.171, 31.8922, 32.7908, 0.000244664, 39.3332, 0.00154995, -131.716, 0.00133647, 51.3374
1297, 21.60833, 0.398817, 31.6865, 31.5282, -147.172, 31.8737, 32.7902, 0.000244537, 39.3422, 0.00154913, -131.705, 0.00133578, 51.3488
1297, 21.61667, 0.39903, 31.6927, 31.5099, -147.173, 31.8552, 32.7897, 0.00024441, 39.3512, 0.0015483, -131.695, 0.00133509, 51.3602
1298, 21.62500, 0.399243, 31.6988, 31.4915, -147.173, 31.8368, 32.7892, 0.000244284, 39.3603, 0.00154748, -131.684, 0.0013344, 51.3716
1298, 21.63333, 0.399456, 31.7049, 31.4732, -147.174, 31.8184, 32.7887, 0.000244157, 39.3693, 0.00154666, -131.673, 0.00133371, 51.383
1299, 21.64167, 0.399669, 31.711, 31.4549, -147.175, 31.8, 32.7881, 0.000244031, 39.3783, 0.00154584, -131.663, 0.00133303, 51.3944
1299, 21.65000, 0.399883, 31.7171, 31.4365, -147.176, 31.7816, 32.7876, 0.000243905, 39.3874, 0.00154502, -131.652, 0.00133234, 51.4058
1300, 21.65833, 0.400097, 31.7232, 31.4182, -147.176, 31.7632, 32.7871, 0.000243779, 39.3964, 0.0015442, -131.642, 0.00133165, 51.4172
1300, 21.66667, 0.400311, 31.7293, 31.4, -147.177, 31.7448, 32.7865, 0.000243653, 39.4054, 0.00154338, -131.631, 0.00133097, 51.4286
1301, 21.67500, 0.400525, 31.7354, 31.3817, -147.178, 31.7265, 32.786, 0.000243527, 39.4145, 0.00154256, -131.621, 0.00133028, 51.44
1301, 21.68333, 0.400739, 31.7414, 31.3634, -147.179, 31.7081, 32.7855, 0.000243401, 39.4235, 0.00154174, -131.61, 0.0013296, 51.4514
1302, 21.69167, 0.400954, 31.7475, 31.3452, -147.179, 31.6898, 32.785, 0.000243275, 39.4326, 0.00154092, -131.599, 0.00132891, 51.4628
1302, 21.70000, 0.401169, 31.7535, 31.3269, -147.18, 31.6715, 32.7845, 0.00024315, 39.4416, 0.0015401, -131.589, 0.00132823, 51.4741
1303, 21.70833, 0.401384, 31.7595, 31.3087, -147.181, 31.6532, 32.784, 0.000243024, 39.4507, 0.00153929, -131.578, 0.00132755, 51.4855
1303, 21.71667, 0.401599, 31.7655, 31.2905, -147.181, 31.6349, 32.7835, 0.000242899, 39.4597, 0.00153847, -131.568, 0.00132686, 51.4969
1304, 21.72500, 0.401815, 31.7715, 31.2723, -147.182, 31.6166, 32.7829, 0.000242774, 39.4688, 0.00153766, -131.557, 0.00132618, 51.5083
1304, 21.73333, 0.402031, 31.7775, 31.2541, -147.183, 31.5983, 32.7824, 0.000242649, 39.4778, 0.00153684, -131.547, 0.0013255, 51.5197
1305, 21.74167, 0.402247, 31.7835, 31.236, -147.184, 31.5801, 32.7819, 0.000242524, 39.4869, 0.00153603, -131.536, 0.00132482, 51.531
1305, 21.75000, 0.402463, 31.7895, 31.2178, -147.184, 31.5619, 32.7814, 0.000242399, 39.4959, 0.00153521, -131.526, 0.00132414, 51.5424
1306, 21.75833, 0.402679, 31.7954, 31.1997, -147.185, 31.5436, 32.7809, 0.000242274, 39.505, 0.0015344, -131.515, 0.00132346, 51.5538
1306, 21.76667, 0.402896, 31.8014, 31.1815, -147.186, 31.5254, 32.7804, 0.000242149, 39.514, 0.00153359, -131.504, 0.00132278, 51.5651
1307, 21.77500, 0.403113, 31.8073, 31.1634, -147.186, 31.5072, 32.7799, 0.000242025, 39.5231, 0.00153278, -131.494, 0.0013221, 51.5765
1307, 21.78333, 0.40333, 31.8132, 31.1453, -147.187, 31.489, 32.7794, 0.0002419, 39.5322, 0.00153197, -131.483, 0.00132142, 51.5879
1308, 21.79167, 0.403547, 31.8191, 31.1272, -147.188, 31.4709, 32.7789, 0.000241776, 39.5412, 0.00153116, -131.473, 0.00132074, 51.5992
1308, 21.80000, 0.403765, 31.825, 31.1091, -147.188, 31.4527, 32.7785, 0.000241652, 39.5503, 0.00153035, -131.462, 0.00132007, 51.6106
1309, 21.80833, 0.403983, 31.8309, 31.0911, -147.189, 31.4346, 32.778, 0.000241527, 39.5593, 0.00152954, -131.452, 0.00131939, 51.622
1309, 21.81667, 0.4042, 31.8368, 31.073, -147.19, 31.4164, 32.7775, 0.000241403, 39.5684, 0.00152873, -131.441, 0.00131871, 51.6333
1310, 21.82500, 0.404419, 31.8427, 31.055, -147.19, 31.3983, 32.777, 0.000241279, 39.5775, 0.00152792, -131.431, 0.00131804, 51.6447
1310, 21.83333, 0.404637, 31.8485, 31.0369, -147.191, 31.3802, 32.7765, 0.000241156, 39.5865, 0.00152711, -131.42, 0.00131736, 51.656
1311, 21.84167, 0.404856, 31.8544, 31.0189, -147.192, 31.3621, 32.776, 0.000241032, 39.5956, 0.00152631, -131.41, 0.00131669, 51.6674
1311, 21.85000, 0.405074, 31.8602, 31.0009, -147.192, 31.344, 32.7755, 0.000240908, 39.6047, 0.0015255, -131.399, 0.00131601, 51.6787
1312, 21.85833, 0.405293, 31.866, 30.9829, -147.193, 31.326, 32.7751, 0.000240785, 39.6137, 0.00152469, -131.389, 0.00131534, 51.6901
1312, 21.86667, 0.405513, 31.8718, 30.9649, -147.194, 31.3079, 32.7746, 0.000240661, 39.6228, 0.00152389, -131.378, 0.00131466, 51.7014
1313, 21.87500, 0.405732, 31.8776, 30.947, -147.195, 31.2899, 32.7741, 0.000240538, 39.6319, 0.00152308, -131.367, 0.00131399, 51.7128
1313, 21.88333, 0.405952, 31.8834, 30.929, -147.195, 31.2718, 32.7736, 0.000240415, 39.641, 0.00152228, -131.357, 0.00131332, 51.7241
1313, 21.89167, 0.406172, 31.8892, 30.9111, -147.196, 31.2538, 32.7732, 0.000240292, 39.65, 0.00152148, -131.346, 0.00131265, 51.7355
1314, 21.90000, 0.406392, 31.895, 30.8932, -147.197, 31.2358, 32.7727, 0.000240169, 39.6591, 0.00152067, -131.336, 0.00131197, 51.7468
1315, 21.90833, 0.406612, 31.9007, 30.8752, -147.197, 31.2178, 32.7722, 0.000240046, 39.6682, 0.00151987, -131.325, 0.0013113, 51.7581
1315, 21.91667, 0.406832, 31.9065, 30.8573, -147.198, 31.1998, 32.7718, 0.000239923, 39.6773, 0.00151907, -131.315, 0.00131063, 51.7695
1315, 21.92500, 0.407053, 31.9122, 30.8395, -147.199, 31.1819, 32.7713, 0.0002398, 39.6863, 0.00151827, -131.304, 0.00130996, 51.7808
1316, 21.93333, 0.407274, 31.918, 30.8216, -147.199, 31.1639, 32.7708, 0.000239678, 39.6954, 0.00151747, -131.294, 0.00130929, 51.7921
1317, 21.94167, 0.407495, 31.9237, 30.8037, -147.2, 31.146, 32.7704, 0.000239555, 39.7045, 0.00151667, -131.283, 0.00130862, 51.8035
1317, 21.95000, 0.407717, 31.9294, 30.7859, -147.201, 31.128, 32.7699, 0.000239433, 39.7136, 0.00151587, -131.273, 0.00130795, 51.8148
1317, 21.95833, 0.407938, 31.9351, 30.768, -147.201, 31.1101, 32.7695, 0.000239311, 39.7227, 0.00151507, -131.262, 0.00130729, 51.8261
1318, 21.96667, 0.40816, 31.9408, 30.7502, -147.202, 31.0922, 32.769, 0.000239189, 39.7318, 0.00151427, -131.252, 0.00130662, 51.8374
1319, 21.97500, 0.408382, 31.9464, 30.7324, -147.202, 31.0743, 32.7686, 0.000239067, 39.7409, 0.00151347, -131.241, 0.00130595, 51.8488
1319, 21.98333, 0.408604, 31.9521, 30.7146, -147.203, 31.0565, 32.7681, 0.000238945, 39.75, 0.00151268, -131.231, 0.00130528, 51.8601
1319, 21.99167, 0.408826, 31.9578, 30.6968, -147.204, 31.0386, 32.7677, 0.000238823, 39.759, 0.00151188, -131.22, 0.00130462, 51.8714
1320, 22.00000, 0.409049, 31.9634, 30.679, -147.204, 31.0208, 32.7672, 0.000238701, 39.7681, 0.00151109, -131.21, 0.00130395, 51.8827
1321, 22.00833, 0.409272, 31.969, 30.6612, -147.205, 31.0029, 32.7668, 0.000238579, 39.7772, 0.00151029, -131.199, 0.00130329, 51.894
1321, 22.01667, 0.409495, 31.9747, 30.6435, -147.206, 30.9851, 32.7663, 0.000238458, 39.7863, 0.0015095, -131.189, 0.00130262, 51.9053
1321, 22.02500, 0.409718, 31.9803, 30.6258, -147.206, 30.9673, 32.7659, 0.000238336, 39.7954, 0.0015087, -131.178, 0.00130196, 51.9167
1322, 22.03333, 0.409941, 31.9859, 30.608, -147.207, 30.9495, 32.7654, 0.000238215, 39.8045, 0.00150791, -131.168, 0.00130129, 51.928
1323, 22.04167, 0.410165, 31.9915, 30.5903, -147.208, 30.9317, 32.765, 0.000238094, 39.8136, 0.00150712, -131.157, 0.00130063, 51.9393
1323, 22.05000, 0.410389, 31.9971, 30.5726, -147.208, 30.9139, 32.7646, 0.000237973, 39.8227, 0.00150632, -131.147, 0.00129997, 51.9506
1323, 22.05833, 0.410613, 32.0027, 30.5549, -147.209, 30.8961, 32.7641, 0.000237852, 39.8318, 0.00150553, -131.136, 0.0012993, 51.9619
1324, 22.06667, 0.410837, 32.0082, 30.5372, -147.21, 30.8784, 32.7637, 0.000237731, 39.8409, 0.00150474, -131.126, 0.00129864, 51.9732
1325, 22.07500, 0.411062, 32.0138, 30.5196, -147.21, 30.8607, 32.7633, 0.00023761, 39.85, 0.00150395, -131.115, 0.00129798, 51.9845
1325, 22.08333, 0.411286, 32.0193, 30.5019, -147.211, 30.8429, 32.7628, 0.000237489, 39.8591, 0.00150316, -131.105, 0.00129732, 51.9958
1325, 22.09167, 0.411511, 32.0249, 30.4843, -147.211, 30.8252, 32.7624, 0.000237369, 39.8682, 0.00150237, -131.094, 0.00129666, 52.0071
1326, 22.10000, 0.411736, 32.0304, 30.4666, -147.212, 30.8075, 32.762, 0.000237248, 39.8774, 0.00150158, -131.084, 0.001296, 52.0184
1327, 22.10833, 0.411962, 32.0359, 30.449, -147.213, 30.7898, 32.7616, 0.000237128, 39.8865, 0.00150079, -131.073, 0.00129534, 52.0297
1327, 22.11667, 0.412187, 32.0414, 30.4314, -147.213, 30.7721, 32.7611, 0.000237007, 39.8956, 0.0015, -131.063, 0.00129468, 52.041
1327, 22.12500, 0.412413, 32.0469, 30.4138, -147.214, 30.7545, 32.7607, 0.000236887, 39.9047, 0.00149922, -131.052, 0.00129402, 52.0523
1328, 22.13333, 0.412639, 32.0524, 30.3962, -147.215, 30.7368, 32.7603, 0.000236767, 39.9138, 0.00149843, -131.042, 0.00129336, 52.0635
1329, 22.14167, 0.412865, 32.0579, 30.3787, -147.215, 30.7192, 32.7599, 0.000236647, 39.9229, 0.00149764, -131.031, 0.0012927, 52.0748
1329, 22.15000, 0.413091, 32.0634, 30.3611, -147.216, 30.7016, 32.7595, 0.000236527, 39.932, 0.00149686, -131.021, 0.00129205, 52.0861
1329, 22.15833, 0.413318, 32.0688, 30.3436, -147.216, 30.684, 32.7591, 0.000236407, 39.9412, 0.00149607, -131.01, 0.00129139, 52.0974
1330, 22.16667, 0.413545, 32.0743, 30.326, -147.217, 30.6663, 32.7587, 0.000236288, 39.9503, 0.00149529, -131, 0.00129073, 52.1087
1331, 22.17500, 0.413772, 32.0797, 30.3085, -147.218, 30.6488, 32.7583, 0.000236168, 39.9594, 0.00149451, -130.989, 0.00129008, 52.12
1331, 22.18333, 0.413999, 32.0851, 30.291, -147.218, 30.6312, 32.7578, 0.000236049, 39.9685, 0.00149372, -130.979, 0.00128942, 52.1312
1331, 22.19167, 0.414226, 32.0906, 30.2735, -147.219, 30.6136, 32.7574, 0.000235929, 39.9777, 0.00149294, -130.968, 0.00128877, 52.1425
1332, 22.20000, 0.414454, 32.096, 30.256, -147.22, 30.5961, 32.757, 0.00023581, 39.9868, 0.00149216, -130.958, 0.00128811, 52.1538
1333, 22.20833, 0.414681, 32.1014, 30.2385, -147.22, 30.5785, 32.7566, 0.000235691, 39.9959, 0.00149138, -130.947, 0.00128746, 52.1651
1333, 22.21667, 0.414909, 32.1068, 30.2211, -147.221, 30.561, 32.7562, 0.000235571, 40.005, 0.00149059, -130.937, 0.0012868, 52.1763
1333, 22.22500, 0.415137, 32.1122, 30.2036, -147.221, 30.5435, 32.7558, 0.000235452, 40.0142, 0.00148981, -130.926, 0.00128615, 52.1876
1334, 22.23333, 0.415366, 32.1176, 30.1862, -147.222, 30.526, 32.7555, 0.000235334, 40.0233, 0.00148903, -130.916, 0.0012855, 52.1989
1335, 22.24167, 0.415594, 32.1229, 30.1688, -147.223, 30.5085, 32.7551, 0.000235215, 40.0324, 0.00148825, -130.905, 0.00128485, 52.2101
1335, 22.25000, 0.415823, 32.1283, 30.1514, -147.223, 30.491, 32.7547, 0.000235096, 40.0416, 0.00148748, -130.895, 0.00128419, 52.2214
1335, 22.25833, 0.416052, 32.1336, 30.134, -147.224, 30.4735, 32.7543, 0.000234977, 40.0507, 0.0014867, -130.885, 0.00128354, 52.2327
1336, 22.26667, 0.416281, 32.139, 30.1166, -147.224, 30.4561, 32.7539, 0.000234859, 40.0598, 0.00148592, -130.874, 0.00128289, 52.2439
1337, 22.27500, 0.416511, 32.1443, 30.0992, -147.225, 30.4386, 32.7535, 0.00023474, 40.069, 0.00148514, -130.864, 0.00128224, 52.2552
1337, 22.28333, 0.41674, 32.1496, 30.0818, -147.226, 30.4212, 32.7531, 0.000234622, 40.0781, 0.00148436, -130.853, 0.00128159, 52.2664
1337, 22.29167, 0.41697, 32.1549, 30.0645, -147.226, 30.4038, 32.7527, 0.000234504, 40.0873, 0.00148359, -130.843, 0.00128094, 52.2777
1338, 22.30000, 0.4172, 32.1603, 30.0471, -147.227, 30.3864, 32.7524, 0.000234386, 40.0964, 0.00148281, -130.832, 0.00128029, 52.289
1339, 22.30833, 0.41743, 32.1656, 30.0298, -147.227, 30.369, 32.752, 0.000234268, 40.1055, 0.00148204, -130.822, 0.00127964, 52.3002
1339, 22.31667, 0.41766, 32.1708, 30.0125, -147.228, 30.3516, 32.7516, 0.00023415, 40.1147, 0.00148126, -130.811, 0.001279, 52.3115
1339, 22.32500, 0.417891, 32.1761, 29.9952, -147.228, 30.3342, 32.7512, 0.000234032, 40.1238, 0.00148049, -130.801, 0.00127835, 52.3227
1340, 22.33333, 0.418122, 32.1814, 29.9779, -147.229, 30.3168, 32.7509, 0.000233914, 40.133, 0.00147972, -130.79, 0.0012777, 52.3339
1341, 22.34167, 0.418353, 32.1867, 29.9606, -147.23, 30.2995, 32.7505, 0.000233797, 40.1421, 0.00147894, -130.78, 0.00127705, 52.3452
1341, 22.35000, 0.418584, 32.1919, 29.9433, -147.23, 30.2822, 32.7501, 0.000233679, 40.1513, 0.00147817, -130.769, 0.00127641, 52.3564
1341, 22.35833, 0.418815, 32.1972, 29.926, -147.231, 30.2648, 32.7497, 0.000233562, 40.1604, 0.0014774, -130.759, 0.00127576, 52.3677
1342, 22.36667, 0.419047, 32.2024, 29.9088, -147.231, 30.2475, 32.7494, 0.000233444, 40.1696, 0.00147663, -130.749, 0.00127512, 52.3789
1343, 22.37500, 0.419279, 32.2076, 29.8915, -147.232, 30.2302, 32.749, 0.000233327, 40.1788, 0.00147586, -130.738, 0.00127447, 52.3902
1343, 22.38333, 0.419511, 32.2128, 29.8743, -147.232, 30.2129, 32.7487, 0.00023321, 40.1879, 0.00147509, -130.728, 0.00127383, 52.4014
1343, 22.39167, 0.419743, 32.2181, 29.8571, -147.233, 30.1957, 32.7483, 0.000233093, 40.1971, 0.00147432, -130.717, 0.00127318, 52.4126
1344, 22.40000, 0.419975, 32.2233, 29.8399, -147.234, 30.1784, 32.7479, 0.000232976, 40.2062, 0.00147355, -130.707, 0.00127254, 52.4239
1345, 22.40833, 0.420208, 32.2285, 29.8227, -147.234, 30.1611, 32.7476, 0.000232859, 40.2154, 0.00147278, -130.696, 0.00127189, 52.4351
1345, 22.41667, 0.42044, 32.2336, 29.8055, -147.235, 30.1439, 32.7472, 0.000232742, 40.2246, 0.00147201, -130.686, 0.00127125, 52.4463
1345, 22.42500, 0.420673, 32.2388, 29.7884, -147.235, 30.1267, 32.7469, 0.000232625, 40.2337, 0.00147124, -130.675, 0.00127061, 52.4575
1346, 22.43333, 0.420906, 32.244, 29.7712, -147.236, 30.1094, 32.7465, 0.000232509, 40.2429, 0.00147048, -130.665, 0.00126997, 52.4688
1347, 22.44167, 0.42114, 32.2492, 29.7541, -147.236, 30.0922, 32.7462, 0.000232392, 40.2521, 0.00146971, -130.655, 0.00126932, 52.48
1347, 22.45000, 0.421373, 32.2543, 29.7369, -147.237, 30.075, 32.7458, 0.000232276, 40.2612, 0.00146894, -130.644, 0.00126868, 52.4912
1348, 22.45833, 0.421607, 32.2595, 29.7198, -147.238, 30.0579, 32.7455, 0.00023216, 40.2704, 0.00146818, -130.634, 0.00126804, 52.5024
1348, 22.46667, 0.421841, 32.2646, 29.7027, -147.238, 30.0407, 32.7451, 0.000232043, 40.2796, 0.00146741, -130.623, 0.0012674, 52.5137
1349, 22.47500, 0.422075, 32.2697, 29.6856, -147.239, 30.0235, 32.7448, 0.000231927, 40.2888, 0.00146665, -130.613, 0.00126676, 52.5249
1349, 22.48333, 0.42231, 32.2749, 29.6685, -147.239, 30.0064, 32.7445, 0.000231811, 40.2979, 0.00146588, -130.602, 0.00126612, 52.5361
1350, 22.49167, 0.422544, 32.28, 29.6514, -147.24, 29.9892, 32.7441, 0.000231695, 40.3071, 0.00146512, -130.592, 0.00126548, 52.5473
1350, 22.50000, 0.422779, 32.2851, 29.6343, -147.24, 29.9721, 32.7438, 0.00023158, 40.3163, 0.00146436, -130.581, 0.00126485, 52.5585
1351, 22.50833, 0.423014, 32.2902, 29.6173, -147.241, 29.955, 32.7434, 0.000231464, 40.3255, 0.0014636, -130.571, 0.00126421, 52.5697
1351, 22.51667, 0.423249, 32.2953, 29.6002, -147.241, 29.9379, 32.7431, 0.000231348, 40.3347, 0.00146283, -130.561, 0.00126357, 52.5809
1352, 22.52500, 0.423484, 32.3004, 29.5832, -147.242, 29.9208, 32.7428, 0.000231233, 40.3438, 0.00146207, -130.55, 0.00126293, 52.5921
1352, 22.53333, 0.42372, 32.3054, 29.5662, -147.242, 29.9037, 32.7425, 0.000231117, 40.353, 0.00146131, -130.54, 0.0012623, 52.6033
1353, 22.54167, 0.423955, 32.3105, 29.5492, -147.243, 29.8867, 32.7421, 0.000231002, 40.3622, 0.00146055, -130.529, 0.00126166, 52.6145
1353, 22.55000, 0.424191, 32.3156, 29.5322, -147.244, 29.8696, 32.7418, 0.000230887, 40.3714, 0.00145979, -130.519, 0.00126102, 52.6257
1354, 22.55833, 0.424427, 32.3206, 29.5152, -147.244, 29.8526, 32.7415, 0.000230771, 40.3806, 0.00145903, -130.508, 0.00126039, 52.6369
1354, 22.56667, 0.424664, 32.3257, 29.4982, -147.245, 29.8355, 32.7412, 0.000230656, 40.3898, 0.00145827, -130.498, 0.00125975, 52.6481
1355, 22.57500, 0.4249, 32.3307, 29.4813, -147.245, 29.8185, 32.7408, 0.000230541, 40.399, 0.00145752, -130.488, 0.00125912, 52.6593
1355, 22.58333, 0.425137, 32.3357, 29.4643, -147.246, 29.8015, 32.7405, 0.000230426, 40.4082, 0.00145676, -130.477, 0.00125848, 52.6705
1356, 22.59167, 0.425374, 32.3407, 29.4474, -147.246, 29.7845, 32.7402, 0.000230312, 40.4174, 0.001456, -130.467, 0.00125785, 52.6817
1356, 22.60000, 0.425611, 32.3458, 29.4304, -147.247, 29.7675, 32.7399, 0.000230197, 40.4266, 0.00145524, -130.456, 0.00125722, 52.6929
1357, 22.60833, 0.425848, 32.3508, 29.4135, -147.247, 29.7505, 32.7396, 0.000230082, 40.4358, 0.00145449, -130.446, 0.00125658, 52.7041
1357, 22.61667, 0.426085, 32.3558, 29.3966, -147.248, 29.7336, 32.7393, 0.000229968, 40.445, 0.00145373, -130.436, 0.00125595, 52.7153
1358, 22.62500, 0.426323, 32.3608, 29.3797, -147.248, 29.7166, 32.739, 0.000229853, 40.4542, 0.00145298, -130.425, 0.00125532, 52.7265
1358, 22.63333, 0.426561, 32.3658, 29.3628, -147.249, 29.6997, 32.7387, 0.000229739, 40.4634, 0.00145222, -130.415, 0.00125469, 52.7377
1359, 22.64167, 0.426799, 32.3707, 29.3459, -147.249, 29.6827, 32.7383, 0.000229625, 40.4726, 0.00145147, -130.404, 0.00125406, 52.7488
1359, 22.65000, 0.427037, 32.3757, 29.3291, -147.25, 29.6658, 32.738, 0.000229511, 40.4818, 0.00145072, -130.394, 0.00125343, 52.76
1360, 22.65833, 0.427275, 32.3807, 29.3122, -147.25, 29.6489, 32.7377, 0.000229396, 40.491, 0.00144996, -130.384, 0.00125279, 52.7712
1360, 22.66667, 0.427514, 32.3856, 29.2954, -147.251, 29.632, 32.7374, 0.000229282, 40.5002, 0.00144921, -130.373, 0.00125216, 52.7824
1361, 22.67500, 0.427753, 32.3906, 29.2785, -147.251, 29.6151, 32.7371, 0.000229169, 40.5094, 0.00144846, -130.363, 0.00125154, 52.7936
1361, 22.68333, 0.427992, 32.3955, 29.2617, -147.252, 29.5982, 32.7368, 0.000229055, 40.5186, 0.00144771, -130.352, 0.00125091, 52.8047
1362, 22.69167, 0.428231, 32.4005, 29.2449, -147.252, 29.5814, 32.7366, 0.000228941, 40.5278, 0.00144696, -130.342, 0.00125028, 52.8159
1362, 22.70000, 0.42847, 32.4054, 29.2281, -147.253, 29.5645, 32.7363, 0.000228827, 40.5371, 0.0014462, -130.331, 0.00124965, 52.8271
1363, 22.70833, 0.42871, 32.4103, 29.2113, -147.253, 29.5477, 32.736, 0.000228714, 40.5463, 0.00144545, -130.321, 0.00124902, 52.8382
1363, 22.71667, 0.42895, 32.4152, 29.1945, -147.254, 29.5309, 32.7357, 0.000228601, 40.5555, 0.00144471, -130.311, 0.00124839, 52.8494
1364, 22.72500, 0.42919, 32.4201, 29.1778, -147.254, 29.514, 32.7354, 0.000228487, 40.5647, 0.00144396, -130.3, 0.00124777, 52.8606
1364, 22.73333, 0.42943, 32.425, 29.161, -147.255, 29.4972, 32.7351, 0.000228374, 40.5739, 0.00144321, -130.29, 0.00124714, 52.8717
1365, 22.74167, 0.42967, 32.4299, 29.1443, -147.255, 29.4804, 32.7348, 0.000228261, 40.5832, 0.00144246, -130.28, 0.00124651, 52.8829
1365, 22.75000, 0.429911, 32.4348, 29.1275, -147.256, 29.4637, 32.7345, 0.000228148, 40.5924, 0.00144171, -130.269, 0.00124589, 52.8941
1366, 22.75833, 0.430151, 32.4397, 29.1108, -147.256, 29.4469, 32.7343, 0.000228035, 40.6016, 0.00144097, -130.259, 0.00124526, 52.9052
1366, 22.76667, 0.430392, 32.4446, 29.0941, -147.257, 29.4301, 32.734, 0.000227922, 40.6109, 0.00144022, -130.248, 0.00124464, 52.9164
1367, 22.77500, 0.430633, 32.4495, 29.0774, -147.257, 29.4134, 32.7337, 0.000227809, 40.6201, 0.00143947, -130.238, 0.00124401, 52.9275
1367, 22.78333, 0.430875, 32.4543, 29.0607, -147.258, 29.3966, 32.7334, 0.000227696, 40.6293, 0.00143873, -130.228, 0.00124339, 52.9387
1368, 22.79167, 0.431116, 32.4592, 29.044, -147.258, 29.3799, 32.7332, 0.000227584, 40.6386, 0.00143798, -130.217, 0.00124276, 52.9498
1368, 22.80000, 0.431358, 32.464, 29.0274, -147.259, 29.3632, 32.7329, 0.000227471, 40.6478, 0.00143724, -130.207, 0.00124214, 52.961
1369, 22.80833, 0.4316, 32.4689, 29.0107, -147.259, 29.3465, 32.7326, 0.000227359, 40.657, 0.00143649, -130.196, 0.00124152, 52.9721
1369, 22.81667, 0.431842, 32.4737, 28.994, -147.26, 29.3298, 32.7324, 0.000227246, 40.6663, 0.00143575, -130.186, 0.0012409, 52.9833
1370, 22.82500, 0.432084, 32.4786, 28.9774, -147.26, 29.3131, 32.7321, 0.000227134, 40.6755, 0.00143501, -130.176, 0.00124027, 52.9944
1370, 22.83333, 0.432326, 32.4834, 28.9608, -147.261, 29.2964, 32.7318, 0.000227022, 40.6848, 0.00143426, -130.165, 0.00123965, 53.0056
1371, 22.84167, 0.432569, 32.4882, 28.9442, -147.261, 29.2798, 32.7316, 0.00022691, 40.694, 0.00143352, -130.155, 0.00123903, 53.0167
1371, 22.85000, 0.432812, 32.493, 28.9276, -147.262, 29.2631, 32.7313, 0.000226798, 40.7033, 0.00143278, -130.145, 0.00123841, 53.0279
1372, 22.85833, 0.433055, 32.4978, 28.911, -147.262, 29.2465, 32.731, 0.000226686, 40.7125, 0.00143204, -130.134, 0.00123779, 53.039
1372, 22.86667, 0.433298, 32.5026, 28.8944, -147.263, 29.2298, 32.7308, 0.000226574, 40.7217, 0.0014313, -130.124, 0.00123717, 53.0501
1373, 22.87500, 0.433541, 32.5074, 28.8778, -147.263, 29.2132, 32.7305, 0.000226462, 40.731, 0.00143056, -130.113, 0.00123655, 53.0613
1373, 22.88333, 0.433785, 32.5122, 28.8612, -147.264, 29.1966, 32.7303, 0.000226351, 40.7403, 0.00142982, -130.103, 0.00123593, 53.0724
1374, 22.89167, 0.434028, 32.517, 28.8447, -147.264, 29.18, 32.73, 0.000226239, 40.7495, 0.00142908, -130.093, 0.00123531, 53.0835
1374, 22.90000, 0.434272, 32.5218, 28.8282, -147.265, 29.1634, 32.7298, 0.000226128, 40.7588, 0.00142834, -130.082, 0.00123469, 53.0947
1375, 22.90833, 0.434516, 32.5265, 28.8116, -147.265, 29.1469, 32.7295, 0.000226016, 40.768, 0.0014276, -130.072, 0.00123407, 53.1058
1375, 22.91667, 0.434761, 32.5313, 28.7951, -147.266, 29.1303, 32.7293, 0.000225905, 40.7773, 0.00142687, -130.062, 0.00123346, 53.1169
1376, 22.92500, 0.435005, 32.5361, 28.7786, -147.266, 29.1137, 32.729, 0.000225794, 40.7865, 0.00142613, -130.051, 0.00123284, 53.1281
1376, 22.93333, 0.43525, 32.5408, 28.7621, -147.267, 29.0972, 32.7288, 0.000225683, 40.7958, 0.00142539, -130.041, 0.00123222, 53.1392
1377, 22.94167, 0.435495, 32.5456, 28.7456, -147.267, 29.0807, 32.7286, 0.000225572, 40.8051, 0.00142466, -130.03, 0.00123161, 53.1503
1377, 22.95000, 0.43574, 32.5503, 28.7291, -147.267, 29.0641, 32.7283, 0.000225461, 40.8143, 0.00142392, -130.02, 0.00123099, 53.1614
1378, 22.95833, 0.435985, 32.5551, 28.7127, -147.268, 29.0476, 32.7281, 0.00022535, 40.8236, 0.00142318, -130.01, 0.00123037, 53.1725
1378, 22.96667, 0.436231, 32.5598, 28.6962, -147.268, 29.0311, 32.7279, 0.000225239, 40.8329, 0.00142245, -129.999, 0.00122976, 53.1837
1379, 22.97500, 0.436476, 32.5645, 28.6798, -147.269, 29.0146, 32.7276, 0.000225129, 40.8422, 0.00142172, -129.989, 0.00122914, 53.1948
1379, 22.98333, 0.436722, 32.5692, 28.6633, -147.269, 28.9982, 32.7274, 0.000225018, 40.8514, 0.00142098, -129.979, 0.00122853, 53.2059
1380, 22.99167, 0.436968, 32.574, 28.6469, -147.27, 28.9817, 32.7272, 0.000224907, 40.8607, 0.00142025, -129.968, 0.00122792, 53.217
1380, 23.00000, 0.437214, 32.5787, 28.6305, -147.27, 28.9652, 32.7269, 0.000224797, 40.87, 0.00141951, -129.958, 0.0012273, 53.2281
1381, 23.00833, 0.43746, 32.5834, 28.6141, -147.271, 28.9488, 32.7267, 0.000224687, 40.8793, 0.00141878, -129.948, 0.00122669, 53.2392
1381, 23.01667, 0.437707, 32.5881, 28.5977, -147.271, 28.9323, 32.7265, 0.000224576, 40.8885, 0.00141805, -129.937, 0.00122608, 53.2503
1382, 23.02500, 0.437954, 32.5928, 28.5813, -147.271, 28.9159, 32.7263, 0.000224466, 40.8978, 0.00141732, -129.927, 0.00122546, 53.2614
1382, 23.03333, 0.438201, 32.5975, 28.5649, -147.272, 28.8995, 32.726, 0.000224356, 40.9071, 0.00141659, -129.916, 0.00122485, 53.2725
1383, 23.04167, 0.438448, 32.6021, 28.5486, -147.272, 28.8831, 32.7258, 0.000224246, 40.9164, 0.00141586, -129.906, 0.00122424, 53.2836
1383, 23.05000, 0.438695, 32.6068, 28.5322, -147.273, 28.8667, 32.7256, 0.000224136, 40.9257, 0.00141513, -129.896, 0.00122363, 53.2947
1384, 23.05833, 0.438942, 32.6115, 28.5159, -147.273, 28.8503, 32.7254, 0.000224027, 40.935, 0.0014144, -129.885, 0.00122302, 53.3058
1384, 23.06667, 0.43919, 32.6162, 28.4995, -147.274, 28.834, 32.7252, 0.000223917, 40.9443, 0.00141367, -129.875, 0.00122241, 53.3169
1385, 23.07500, 0.439438, 32.6208, 28.4832, -147.274, 28.8176, 32.725, 0.000223807, 40.9536, 0.00141294, -129.865, 0.0012218, 53.328
1385, 23.08333, 0.439686, 32.6255, 28.4669, -147.275, 28.8012, 32.7248, 0.000223698, 40.9629, 0.00141221, -129.854, 0.00122119, 53.3391
1386, 23.09167, 0.439934, 32.6301, 28.4506, -147.275, 28.7849, 32.7245, 0.000223588, 40.9722, 0.00141148, -129.844, 0.00122058, 53.3502
1386, 23.10000, 0.440183, 32.6348, 28.4343, -147.275, 28.7686, 32.7243, 0.000223479, 40.9815, 0.00141076, -129.834, 0.00121997, 53.3613
1387, 23.10833, 0.440431, 32.6394, 28.418, -147.276, 28.7523, 32.7241, 0.000223369, 40.9908, 0.00141003, -129.823, 0.00121936, 53.3724
1387, 23.11667, 0.44068, 32.6441, 28.4017, -147.276, 28.7359, 32.7239, 0.00022326, 41.0001, 0.0014093, -129.813, 0.00121875, 53.3835
1388, 23.12500, 0.440929, 32.6487, 28.3855, -147.277, 28.7196, 32.7237, 0.000223151, 41.0094, 0.00140858, -129.803, 0.00121814, 53.3946
1388, 23.13333, 0.441178, 32.6533, 28.3692, -147.277, 28.7034, 32.7235, 0.000223042, 41.0187, 0.00140785, -129.792, 0.00121754, 53.4057
1389, 23.14167, 0.441427, 32.658, 28.353, -147.278, 28.6871, 32.7233, 0.000222933, 41.028, 0.00140713, -129.782, 0.00121693, 53.4167
1389, 23.15000, 0.441677, 32.6626, 28.3368, -147.278, 28.6708, 32.7231, 0.000222824, 41.0373, 0.0014064, -129.772, 0.00121632, 53.4278
1390, 23.15833, 0.441926, 32.6672, 28.3205, -147.278, 28.6546, 32.7229, 0.000222715, 41.0466, 0.00140568, -129.761, 0.00121572, 53.4389
1390, 23.16667, 0.442176, 32.6718, 28.3043, -147.279, 28.6383, 32.7228, 0.000222607, 41.0559, 0.00140496, -129.751, 0.00121511, 53.45
1391, 23.17500, 0.442426, 32.6764, 28.2881, -147.279, 28.6221, 32.7226, 0.000222498, 41.0652, 0.00140423, -129.741, 0.0012145, 53.4611
1391, 23.18333, 0.442677, 32.681, 28.2719, -147.28, 28.6059, 32.7224, 0.000222389, 41.0746, 0.00140351, -129.73, 0.0012139, 53.4721
1392, 23.19167, 0.442927, 32.6856, 28.2558, -147.28, 28.5896, 32.7222, 0.000222281, 41.0839, 0.00140279, -129.72, 0.00121329, 53.4832
1392, 23.20000, 0.443178, 32.6902, 28.2396, -147.28, 28.5734, 32.722, 0.000222173, 41.0932, 0.00140207, -129.71, 0.00121269, 53.4943
1393, 23.20833, 0.443428, 32.6948, 28.2234, -147.281, 28.5572, 32.7218, 0.000222064, 41.1025, 0.00140135, -129.699, 0.00121209, 53.5054
1393, 23.21667, 0.443679, 32.6994, 28.2073, -147.281, 28.5411, 32.7216, 0.000221956, 41.1119, 0.00140062, -129.689, 0.00121148, 53.5164
1394, 23.22500, 0.443931, 32.704, 28.1911, -147.282, 28.5249, 32.7215, 0.000221848, 41.1212, 0.0013999, -129.679, 0.00121088, 53.5275
1394, 23.23333, 0.444182, 32.7085, 28.175, -147.282, 28.5087, 32.7213, 0.00022174, 41.1305, 0.00139918, -129.668, 0.00121028, 53.5386
1395, 23.24167, 0.444433, 32.7131, 28.1589, -147.282, 28.4926, 32.7211, 0.000221632, 41.1398, 0.00139846, -129.658, 0.00120967, 53.5496
1395, 23.25000, 0.444685, 32.7177, 28.1428, -147.283, 28.4764, 32.7209, 0.000221524, 41.1492, 0.00139775, -129.648, 0.00120907, 53.5607
1396, 23.25833, 0.444937, 32.7222, 28.1267, -147.283, 28.4603, 32.7208, 0.000221416, 41.1585, 0.00139703, -129.637, 0.00120847, 53.5717
1396, 23.26667, 0.445189, 32.7268, 28.1106, -147.284, 28.4442, 32.7206, 0.000221308, 41.1678, 0.00139631, -129.627, 0.00120787, 53.5828
1397, 23.27500, 0.445441, 32.7314, 28.0945, -147.284, 28.4281, 32.7204, 0.000221201, 41.1772, 0.00139559, -129.617, 0.00120727, 53.5939
1397, 23.28333, 0.445694, 32.7359, 28.0784, -147.284, 28.412, 32.7203, 0.000221093, 41.1865, 0.00139487, -129.606, 0.00120667, 53.6049
1398, 23.29167, 0.445946, 32.7405, 28.0624, -147.285, 28.3959, 32.7201, 0.000220986, 41.1959, 0.00139416, -129.596, 0.00120607, 53.616
1398, 23.30000, 0.446199, 32.745, 28.0463, -147.285, 28.3798, 32.7199, 0.000220878, 41.2052, 0.00139344, -129.586, 0.00120547, 53.627
1399, 23.30833, 0.446452, 32.7495, 28.0303, -147.286, 28.3637, 32.7198, 0.000220771, 41.2146, 0.00139273, -129.576, 0.00120487, 53.6381
1399, 23.31667, 0.446705, 32.7541, 28.0142, -147.286, 28.3476, 32.7196, 0.000220664, 41.2239, 0.00139201, -129.565, 0.00120427, 53.6491
1400, 23.32500, 0.446959, 32.7586, 27.9982, -147.286, 28.3316, 32.7195, 0.000220557, 41.2333, 0.0013913, -129.555, 0.00120367, 53.6602
1400, 23.33333, 0.447212, 32.7631, 27.9822, -147.287, 28.3156, 32.7193, 0.00022045, 41.2426, 0.00139058, -129.545, 0.00120307, 53.6712
1401, 23.34167, 0.447466, 32.7677, 27.9662, -147.287, 28.2995, 32.7192, 0.000220343, 41.252, 0.00138987, -129.534, 0.00120247, 53.6823
1401, 23.35000, 0.44772, 32.7722, 27.9502, -147.288, 28.2835, 32.719, 0.000220236, 41.2613, 0.00138915, -129.524, 0.00120188, 53.6933
1402, 23.35833, 0.447974, 32.7767, 27.9342, -147.288, 28.2675, 32.7188, 0.000220129, 41.2707, 0.00138844, -129.514, 0.00120128, 53.7043
1402, 23.36667, 0.448228, 32.7812, 27.9183, -147.288, 28.2515, 32.7187, 0.000220022, 41.28, 0.00138773, -129.503, 0.00120068, 53.7154
1403, 23.37500, 0.448483, 32.7857, 27.9023, -147.289, 28.2355, 32.7186, 0.000219916, 41.2894, 0.00138702, -129.493, 0.00120009, 53.7264
1403, 23.38333, 0.448737, 32.7903, 27.8863, -147.289, 28.2195, 32.7184, 0.000219809, 41.2988, 0.0013863, -129.483, 0.00119949, 53.7375
1404, 23.39167, 0.448992, 32.7948, 27.8704, -147.289, 28.2036, 32.7183, 0.000219702, 41.3081, 0.00138559, -129.472, 0.00119889, 53.7485
1404, 23.40000, 0.449247, 32.7993, 27.8545, -147.29, 28.1876, 32.7181, 0.000219596, 41.3175, 0.00138488, -129.462, 0.0011983, 53.7595
1405, 23.40833, 0.449502, 32.8038, 27.8385, -147.29, 28.1716, 32.718, 0.00021949, 41.3269, 0.00138417, -129.452, 0.0011977, 53.7706
1405, 23.41667, 0.449758, 32.8083, 27.8226, -147.291, 28.1557, 32.7178, 0.000219383, 41.3362, 0.00138346, -129.442, 0.00119711, 53.7816
1406, 23.42500, 0.450013, 32.8128, 27.8067, -147.291, 28.1398, 32.7177, 0.000219277, 41.3456, 0.00138275, -129.431, 0.00119651, 53.7926
1406, 23.43333, 0.450269, 32.8172, 27.7908, -147.291, 28.1239, 32.7176, 0.000219171, 41.355, 0.00138204, -129.421, 0.00119592, 53.8037
1407, 23.44167, 0.450525, 32.8217, 27.7749, -147.292, 28.1079, 32.7174, 0.000219065, 41.3644, 0.00138133, -129.411, 0.00119533, 53.8147
1407, 23.45000, 0.450781, 32.8262, 27.7591, -147.292, 28.092, 32.7173, 0.000218959, 41.3738, 0.00138062, -129.4, 0.00119473, 53.8257
1408, 23.45833, 0.451037, 32.8307, 27.7432, -147.292, 28.0762, 32.7172, 0.000218853, 41.3831, 0.00137992, -129.39, 0.00119414, 53.8367
1408, 23.46667, 0.451293, 32.8352, 27.7274, -147.293, 28.0603, 32.7171, 0.000218748, 41.3925, 0.00137921, -129.38, 0.00119355, 53.8478
1409, 23.47500, 0.45155, 32.8396, 27.7115, -147.293, 28.0444, 32.7169, 0.000218642, 41.4019, 0.0013785, -129.37, 0.00119296, 53.8588
1409, 23.48333, 0.451807, 32.8441, 27.6957, -147.293, 28.0285, 32.7168, 0.000218536, 41.4113, 0.0013778, -129.359, 0.00119236, 53.8698
1410, 23.49167, 0.452064, 32.8486, 27.6798, -147.294, 28.0127, 32.7167, 0.000218431, 41.4207, 0.00137709, -129.349, 0.00119177, 53.8808
1410, 23.50000, 0.452321, 32.8531, 27.664, -147.294, 27.9969, 32.7166, 0.000218325, 41.4301, 0.00137638, -129.339, 0.00119118, 53.8918
1411, 23.50833, 0.452578, 32.8575, 27.6482, -147.295, 27.981, 32.7164, 0.00021822, 41.4395, 0.00137568, -129.328, 0.00119059, 53.9028
1411, 23.51667, 0.452836, 32.862, 27.6324, -147.295, 27.9652, 32.7163, 0.000218115, 41.4489, 0.00137497, -129.318, 0.00119, 53.9138
1412, 23.52500, 0.453094, 32.8664, 27.6166, -147.295, 27.9494, 32.7162, 0.000218009, 41.4583, 0.00137427, -129.308, 0.00118941, 53.9249
1412, 23.53333, 0.453352, 32.8709, 27.6008, -147.296, 27.9336, 32.7161, 0.000217904, 41.4677, 0.00137357, -129.298, 0.00118882, 53.9359
1413, 23.54167, 0.45361, 32.8753, 27.5851, -147.296, 27.9178, 32.716, 0.000217799, 41.4771, 0.00137286, -129.287, 0.00118823, 53.9469
1413, 23.55000, 0.453868, 32.8798, 27.5693, -147.296, 27.902, 32.7159, 0.000217694, 41.4865, 0.00137216, -129.277, 0.00118764, 53.9579
1414, 23.55833, 0.454126, 32.8842, 27.5536, -147.297, 27.8862, 32.7158, 0.000217589, 41.4959, 0.00137146, -129.267, 0.00118705, 53.9689
1414, 23.56667, 0.454385, 32.8887, 27.5378, -147.297, 27.8705, 32.7157, 0.000217484, 41.5053, 0.00137075, -129.256, 0.00118647, 53.9799
1415, 23.57500, 0.454644, 32.8931, 27.5221, -147.297, 27.8547, 32.7156, 0.00021738, 41.5147, 0.00137005, -129.246, 0.00118588, 53.9909
1415, 23.58333, 0.454903, 32.8976, 27.5064, -147.298, 27.839, 32.7155, 0.000217275, 41.5241, 0.00136935, -129.236, 0.00118529, 54.0019
1416, 23.59167, 0.455162, 32.902, 27.4906, -147.298, 27.8233, 32.7154, 0.00021717, 41.5335, 0.00136865, -129.226, 0.0011847, 54.0129
1416, 23.60000, 0.455421, 32.9064, 27.4749, -147.298, 27.8075, 32.7153, 0.000217066, 41.543, 0.00136795, -129.215, 0.00118412, 54.0239
1417, 23.60833, 0.455681, 32.9109, 27.4592, -147.299, 27.7918, 32.7152, 0.000216961, 41.5524, 0.00136725, -129.205, 0.00118353, 54.0349
1417, 23.61667, 0.45594, 32.9153, 27.4436, -147.299, 27.7761, 32.7151, 0.000216857, 41.5618, 0.00136655, -129.195, 0.00118294, 54.0459
1418, 23.62500, 0.4562, 32.9197, 27.4279, -147.299, 27.7604, 32.715, 0.000216753, 41.5712, 0.00136585, -129.185, 0.00118236, 54.0569
1418, 23.63333, 0.45646, 32.9242, 27.4122, -147.3, 27.7447, 32.7149, 0.000216649, 41.5806, 0.00136515, -129.174, 0.00118177, 54.0679
1419, 23.64167, 0.456721, 32.9286, 27.3966, -147.3, 27.7291, 32.7148, 0.000216544, 41.5901, 0.00136445, -129.164, 0.00118119, 54.0788
1419, 23.65000, 0.456981, 32.933, 27.3809, -147.3, 27.7134, 32.7147, 0.00021644, 41.5995, 0.00136375, -129.154, 0.0011806, 54.0898
1420, 23.65833, 0.457242, 32.9374, 27.3653, -147.301, 27.6977, 32.7146, 0.000216336, 41.6089, 0.00136306, -129.143, 0.00118002, 54.1008
1420, 23.66667, 0.457502, 32.9419, 27.3496, -147.301, 27.6821, 32.7145, 0.000216233, 41.6184, 0.00136236, -129.133, 0.00117943, 54.1118
1421, 23.67500, 0.457763, 32.9463, 27.334, -147.301, 27.6665, 32.7145, 0.000216129, 41.6278, 0.00136166, -129.123, 0.00117885, 54.1228
1421, 23.68333, 0.458024, 32.9507, 27.3184, -147.302, 27.6508, 32.7144, 0.000216025, 41.6372, 0.00136097, -129.113, 0.00117827, 54.1338
1422, 23.69167, 0.458286, 32.9551, 27.3028, -147.302, 27.6352, 32.7143, 0.000215921, 41.6467, 0.00136027, -129.102, 0.00117768, 54.1448
1422, 23.70000, 0.458547, 32.9595, 27.2872, -147.302, 27.6196, 32.7142, 0.000215818, 41.6561, 0.00135958, -129.092, 0.0011771, 54.1557
1423, 23.70833, 0.458809, 32.9639, 27.2716, -147.302, 27.604, 32.7141, 0.000215714, 41.6656, 0.00135888, -129.082, 0.00117652, 54.1667
1423, 23.71667, 0.459071, 32.9683, 27.256, -147.303, 27.5884, 32.7141, 0.000215611, 41.675, 0.00135819, -129.072, 0.00117594, 54.1777
1424, 23.72500, 0.459333, 32.9728, 27.2405, -147.303, 27.5728, 32.714, 0.000215507, 41.6845, 0.00135749, -129.061, 0.00117536, 54.1887
1424, 23.73333, 0.459595, 32.9772, 27.2249, -147.303, 27.5573, 32.7139, 0.000215404, 41.6939, 0.0013568, -129.051, 0.00117477, 54.1996
1425, 23.74167, 0.459858, 32.9816, 27.2094, -147.304, 27.5417, 32.7139, 0.000215301, 41.7034, 0.0013561, -129.041, 0.00117419, 54.2106
1425, 23.75000, 0.46012, 32.986, 27.1938, -147.304, 27.5262, 32.7138, 0.000215198, 41.7128, 0.00135541, -129.031, 0.00117361, 54.2216
1426, 23.75833, 0.460383, 32.9904, 27.1783, -147.304, 27.5106, 32.7137, 0.000215095, 41.7223, 0.00135472, -129.02, 0.00117303, 54.2325
1426, 23.76667, 0.460646, 32.9948, 27.1628, -147.305, 27.4951, 32.7137, 0.000214992, 41.7318, 0.00135403, -129.01, 0.00117245, 54.2435
1427, 23.77500, 0.460909, 32.9992, 27.1473, -147.305, 27.4796, 32.7136, 0.000214889, 41.7412, 0.00135333, -129, 0.00117187, 54.2545
1427, 23.78333, 0.461172, 33.0036, 27.1318, -147.305, 27.4641, 32.7135, 0.000214786, 41.7507, 0.00135264, -128.99, 0.00117129, 54.2654
1428, 23.79167, 0.461436, 33.008, 27.1163, -147.306, 27.4486, 32.7135, 0.000214683, 41.7602, 0.00135195, -128.979, 0.00117072, 54.2764
1428, 23.80000, 0.461699, 33.0124, 27.1008, -147.306, 27.4331, 32.7134, 0.000214581, 41.7696, 0.00135126, -128.969, 0.00117014, 54.2874
1429, 23.80833, 0.461963, 33.0168, 27.0853, -147.306, 27.4176, 32.7134, 0.000214478, 41.7791, 0.00135057, -128.959, 0.00116956, 54.2983
1429, 23.81667, 0.462227, 33.0212, 27.0699, -147.306, 27.4021, 32.7133, 0.000214375, 41.7886, 0.00134988, -128.949, 0.00116898, 54.3093
1430, 23.82500, 0.462492, 33.0256, 27.0544, -147.307, 27.3866, 32.7133, 0.000214273, 41.7981, 0.00134919, -128.938, 0.0011684, 54.3202
1430, 23.83333, 0.462756, 33.0299, 27.039, -147.307, 27.3712, 32.7132, 0.000214171, 41.8075, 0.0013485, -128.928, 0.00116783, 54.3312
1431, 23.84167, 0.46302, 33.0343, 27.0235, -147.307, 27.3557, 32.7132, 0.000214068, 41.817, 0.00134782, -128.918, 0.00116725, 54.3421
1431, 23.85000, 0.463285, 33.0387, 27.0081, -147.308, 27.3403, 32.7131, 0.000213966, 41.8265, 0.00134713, -128.908, 0.00116667, 54.3531
1432, 23.85833, 0.46355, 33.0431, 26.9927, -147.308, 27.3249, 32.7131, 0.000213864, 41.836, 0.00134644, -128.897, 0.0011661, 54.364
1432, 23.86667, 0.463815, 33.0475, 26.9773, -147.308, 27.3095, 32.713, 0.000213762, 41.8455, 0.00134575, -128.887, 0.00116552, 54.375
1433, 23.87500, 0.464081, 33.0519, 26.9619, -147.308, 27.2941, 32.713, 0.00021366, 41.855, 0.00134507, -128.877, 0.00116495, 54.3859
1433, 23.88333, 0.464346, 33.0563, 26.9465, -147.309, 27.2787, 32.713, 0.000213558, 41.8645, 0.00134438, -128.867, 0.00116437, 54.3969
1434, 23.89167, 0.464612, 33.0607, 26.9311, -147.309, 27.2633, 32.7129, 0.000213456, 41.874, 0.00134369, -128.857, 0.0011638, 54.4078
1434, 23.90000, 0.464878, 33.065, 26.9157, -147.309, 27.2479, 32.7129, 0.000213354, 41.8835, 0.00134301, -128.846, 0.00116322, 54.4188
1435, 23.90833, 0.465144, 33.0694, 26.9003, -147.31, 27.2325, 32.7128, 0.000213252, 41.893, 0.00134232, -128.836, 0.00116265, 54.4297
1435, 23.91667, 0.46541, 33.0738, 26.885, -147.31, 27.2172, 32.7128, 0.000213151, 41.9025, 0.00134164, -128.826, 0.00116207, 54.4406
1436, 23.92500, 0.465676, 33.0782, 26.8696, -147.31, 27.2018, 32.7128, 0.000213049, 41.912, 0.00134095, -128.816, 0.0011615, 54.4516
1436, 23.93333, 0.465943, 33.0826, 26.8543, -147.31, 27.1865, 32.7128, 0.000212948, 41.9215, 0.00134027, -128.805, 0.00116093, 54.4625
1437, 23.94167, 0.466209, 33.087, 26.839, -147.311, 27.1711, 32.7127, 0.000212846, 41.931, 0.00133958, -128.795, 0.00116035, 54.4735
1437, 23.95000, 0.466476, 33.0914, 26.8236, -147.311, 27.1558, 32.7127, 0.000212745, 41.9405, 0.0013389, -128.785, 0.00115978, 54.4844
1438, 23.95833, 0.466743, 33.0957, 26.8083, -147.311, 27.1405, 32.7127, 0.000212644, 41.95, 0.00133822, -128.775, 0.00115921, 54.4953
1438, 23.96667, 0.467011, 33.1001, 26.793, -147.311, 27.1252, 32.7127, 0.000212543, 41.9595, 0.00133754, -128.764, 0.00115864, 54.5063
1438, 23.97500, 0.467278, 33.1045, 26.7777, -147.312, 27.1099, 32.7126, 0.000212441, 41.969, 0.00133685, -128.754, 0.00115807, 54.5172
1439, 23.98333, 0.467546, 33.1089, 26.7624, -147.312, 27.0946, 32.7126, 0.00021234, 41.9786, 0.00133617, -128.744, 0.0011575, 54.5281
1440, 23.99167, 0.467814, 33.1133, 26.7471, -147.312, 27.0793, 32.7126, 0.000212239, 41.9881, 0.00133549, -128.734, 0.00115693, 54.539
1440, 24.00000, 0.468082, 33.1176, 26.7319, -147.312, 27.064, 32.7126, 0.000212138, 41.9976, 0.00133481, -128.724, 0.00115635, 54.55
1440, 24.00833, 0.46835, 33.122, 26.7166, -147.313, 27.0488, 32.7126, 0.000212038, 42.0071, 0.00133413, -128.713, 0.00115578, 54.5609
1441, 24.01667, 0.468618, 33.1264, 26.7014, -147.313, 27.0335, 32.7126, 0.000211937, 42.0167, 0.00133345, -128.703, 0.00115521, 54.5718
1442, 24.02500, 0.468887, 33.1308, 26.6861, -147.313, 27.0183, 32.7126, 0.000211836, 42.0262, 0.00133277, -128.693, 0.00115465, 54.5827
1442, 24.03333, 0.469155, 33.1352, 26.6709, -147.313, 27.003, 32.7126, 0.000211736, 42.0357, 0.00133209, -128.683, 0.00115408, 54.5936
1443, 24.04167, 0.469424, 33.1396, 26.6557, -147.314, 26.9878, 32.7126, 0.000211635, 42.0453, 0.00133141, -128.672, 0.00115351, 54.6046
1443, 24.05000, 0.469693, 33.1439, 26.6404, -147.314, 26.9726, 32.7126, 0.000211535, 42.0548, 0.00133073, -128.662, 0.00115294, 54.6155
1444, 24.05833, 0.469963, 33.1483, 26.6252, -147.314, 26.9574, 32.7126, 0.000211434, 42.0644, 0.00133005, -128.652, 0.00115237, 54.6264
1444, 24.06667, 0.470232, 33.1527, 26.61, -147.314, 26.9422, 32.7126, 0.000211334, 42.0739, 0.00132938, -128.642, 0.0011518, 54.6373
1445, 24.07500, 0.470502, 33.1571, 26.5948, -147.315, 26.927, 32.7126, 0.000211234, 42.0835, 0.0013287, -128.632, 0.00115124, 54.6482
1445, 24.08333, 0.470772, 33.1615, 26.5797, -147.315, 26.9118, 32.7126, 0.000211133, 42.093, 0.00132802, -128.621, 0.00115067, 54.6591
1446, 24.09167, 0.471042, 33.1659, 26.5645, -147.315, 26.8967, 32.7126, 0.000211033, 42.1026, 0.00132734, -128.611, 0.0011501, 54.67
1446, 24.10000, 0.471312, 33.1702, 26.5493, -147.315, 26.8815, 32.7126, 0.000210933, 42.1121, 0.00132667, -128.601, 0.00114953, 54.681
1447, 24.10833, 0.471582, 33.1746, 26.5342, -147.316, 26.8663, 32.7126, 0.000210833, 42.1217, 0.00132599, -128.591, 0.00114897, 54.6919
1447, 24.11667, 0.471853, 33.179, 26.519, -147.316, 26.8512, 32.7126, 0.000210733, 42.1313, 0.00132532, -128.581, 0.0011484, 54.7028
1448, 24.12500, 0.472123, 33.1834, 26.5039, -147.316, 26.8361, 32.7126, 0.000210633, 42.1408, 0.00132464, -128.57, 0.00114784, 54.7137
1448, 24.13333, 0.472394, 33.1878, 26.4887, -147.316, 26.8209, 32.7126, 0.000210534, 42.1504, 0.00132397, -128.56, 0.00114727, 54.7246
1449, 24.14167, 0.472665, 33.1922, 26.4736, -147.317, 26.8058, 32.7126, 0.000210434, 42.16, 0.00132329, -128.55, 0.00114671, 54.7355
1449, 24.15000, 0.472937, 33.1966, 26.4585, -147.317, 26.7907, 32.7126, 0.000210334, 42.1695, 0.00132262, -128.54, 0.00114614, 54.7464
1450, 24.15833, 0.473208, 33.201, 26.4434, -147.317, 26.7756, 32.7127, 0.000210235, 42.1791, 0.00132195, -128.53, 0.00114558, 54.7573
1450, 24.16667, 0.47348, 33.2053, 26.4283, -147.317, 26.7605, 32.7127, 0.000210135, 42.1887, 0.00132127, -128.519, 0.00114501, 54.7682
1451, 24.17500, 0.473752, 33.2097, 26.4132, -147.318, 26.7454, 32.7127, 0.000210036, 42.1983, 0.0013206, -128.509, 0.00114445, 54.7791
1451, 24.18333, 0.474024, 33.2141, 26.3981, -147.318, 26.7304, 32.7127, 0.000209937, 42.2078, 0.00131993, -128.499, 0.00114389, 54.7899
1452, 24.19167, 0.474296, 33.2185, 26.383, -147.318, 26.7153, 32.7128, 0.000209837, 42.2174, 0.00131925, -128.489, 0.00114332, 54.8008
1452, 24.20000, 0.474568, 33.2229, 26.368, -147.318, 26.7003, 32.7128, 0.000209738, 42.227, 0.00131858, -128.479, 0.00114276, 54.8117
1453, 24.20833, 0.474841, 33.2273, 26.3529, -147.318, 26.6852, 32.7128, 0.000209639, 42.2366, 0.00131791, -128.468, 0.0011422, 54.8226
1453, 24.21667, 0.475114, 33.2317, 26.3379, -147.319, 26.6702, 32.7129, 0.00020954, 42.2462, 0.00131724, -128.458, 0.00114164, 54.8335
1454, 24.22500, 0.475386, 33.2361, 26.3228, -147.319, 26.6551, 32.7129, 0.000209441, 42.2558, 0.00131657, -128.448, 0.00114107, 54.8444
1454, 24.23333, 0.47566, 33.2405, 26.3078, -147.319, 26.6401, 32.7129, 0.000209342, 42.2654, 0.0013159, -128.438, 0.00114051, 54.8553
1455, 24.24167, 0.475933, 33.2449, 26.2928, -147.319, 26.6251, 32.713, 0.000209243, 42.275, 0.00131523, -128.428, 0.00113995, 54.8662
1455, 24.25000, 0.476206, 33.2493, 26.2778, -147.319, 26.6101, 32.713, 0.000209144, 42.2846, 0.00131456, -128.417, 0.00113939, 54.877
1456, 24.25833, 0.47648, 33.2537, 26.2628, -147.32, 26.5951, 32.713, 0.000209046, 42.2942, 0.00131389, -128.407, 0.00113883, 54.8879
1456, 24.26667, 0.476754, 33.2581, 26.2478, -147.32, 26.5801, 32.7131, 0.000208947, 42.3038, 0.00131322, -128.397, 0.00113827, 54.8988
1457, 24.27500, 0.477028, 33.2625, 26.2328, -147.32, 26.5652, 32.7131, 0.000208849, 42.3134, 0.00131255, -128.387, 0.00113771, 54.9097
1457, 24.28333, 0.477302, 33.2669, 26.2178, -147.32, 26.5502, 32.7132, 0.00020875, 42.323, 0.00131189, -128.377, 0.00113715, 54.9206
1458, 24.29167, 0.477576, 33.2713, 26.2028, -147.32, 26.5352, 32.7132, 0.000208652, 42.3326, 0.00131122, -128.366, 0.00113659, 54.9314
1458, 24.30000, 0.477851, 33.2757, 26.1879, -147.321, 26.5203, 32.7133, 0.000208553, 42.3423, 0.00131055, -128.356, 0.00113603, 54.9423
1459, 24.30833, 0.478126, 33.2801, 26.1729, -147.321, 26.5054, 32.7133, 0.000208455, 42.3519, 0.00130988, -128.346, 0.00113547, 54.9532
1459, 24.31667, 0.478401, 33.2846, 26.158, -147.321, 26.4904, 32.7134, 0.000208357, 42.3615, 0.00130922, -128.336, 0.00113492, 54.964
1460, 24.32500, 0.478676, 33.289, 26.143, -147.321, 26.4755, 32.7134, 0.000208259, 42.3711, 0.00130855, -128.326, 0.00113436, 54.9749
1460, 24.33333, 0.478951, 33.2934, 26.1281, -147.321, 26.4606, 32.7135, 0.000208161, 42.3808, 0.00130789, -128.316, 0.0011338, 54.9858
1461, 24.34167, 0.479227, 33.2978, 26.1132, -147.322, 26.4457, 32.7135, 0.000208063, 42.3904, 0.00130722, -128.305, 0.00113324, 54.9966
1461, 24.35000, 0.479502, 33.3022, 26.0983, -147.322, 26.4308, 32.7136, 0.000207965, 42.4, 0.00130656, -128.295, 0.00113269, 55.0075
1462, 24.35833, 0.479778, 33.3066, 26.0834, -147.322, 26.4159, 32.7137, 0.000207867, 42.4097, 0.00130589, -128.285, 0.00113213, 55.0184
1462, 24.36667, 0.480054, 33.3111, 26.0685, -147.322, 26.401, 32.7137, 0.000207769, 42.4193, 0.00130523, -128.275, 0.00113157, 55.0292
1463, 24.37500, 0.48033, 33.3155, 26.0536, -147.322, 26.3861, 32.7138, 0.000207671, 42.429, 0.00130456, -128.265, 0.00113102, 55.0401
1463, 24.38333, 0.480607, 33.3199, 26.0387, -147.323, 26.3713, 32.7139, 0.000207573, 42.4386, 0.0013039, -128.254, 0.00113046, 55.051
1464, 24.39167, 0.480883, 33.3244, 26.0238, -147.323, 26.3564, 32.7139, 0.000207476, 42.4483, 0.00130324, -128.244, 0.0011299, 55.0618
1464, 24.40000, 0.48116, 33.3288, 26.009, -147.323, 26.3416, 32.714, 0.000207378, 42.4579, 0.00130257, -128.234, 0.00112935, 55.0727
1465, 24.40833, 0.481437, 33.3332, 25.9941, -147.323, 26.3267, 32.7141, 0.000207281, 42.4676, 0.00130191, -128.224, 0.00112879, 55.0835
1465, 24.41667, 0.481714, 33.3377, 25.9793, -147.323, 26.3119, 32.7141, 0.000207183, 42.4772, 0.00130125, -128.214, 0.00112824, 55.0944
1466, 24.42500, 0.481992, 33.3421, 25.9644, -147.323, 26.2971, 32.7142, 0.000207086, 42.4869, 0.00130059, -128.204, 0.00112769, 55.1052
1466, 24.43333, 0.482269, 33.3465, 25.9496, -147.324, 26.2823, 32.7143, 0.000206989, 42.4965, 0.00129993, -128.193, 0.00112713, 55.1161
1467, 24.44167, 0.482547, 33.351, 25.9348, -147.324, 26.2675, 32.7144, 0.000206892, 42.5062, 0.00129927, -128.183, 0.00112658, 55.1269
1467, 24.45000, 0.482825, 33.3554, 25.9199, -147.324, 26.2527, 32.7144, 0.000206795, 42.5159, 0.0012986, -128.173, 0.00112602, 55.1378
1468, 24.45833, 0.483103, 33.3599, 25.9051, -147.324, 26.2379, 32.7145, 0.000206697, 42.5255, 0.00129794, -128.163, 0.00112547, 55.1486
1468, 24.46667, 0.483381, 33.3643, 25.8903, -147.324, 26.2231, 32.7146, 0.0002066, 42.5352, 0.00129728, -128.153, 0.00112492, 55.1595
1469, 24.47500, 0.48366, 33.3688, 25.8756, -147.325, 26.2084, 32.7147, 0.000206504, 42.5449, 0.00129663, -128.143, 0.00112437, 55.1703
1469, 24.48333, 0.483938, 33.3732, 25.8608, -147.325, 26.1936, 32.7148, 0.000206407, 42.5546, 0.00129597, -128.132, 0.00112381, 55.1812
1470, 24.49167, 0.484217, 33.3777, 25.846, -147.325, 26.1789, 32.7149, 0.00020631, 42.5643, 0.00129531, -128.122, 0.00112326, 55.192
1470, 24.50000, 0.484496, 33.3821, 25.8312, -147.325, 26.1641, 32.715, 0.000206213, 42.5739, 0.00129465, -128.112, 0.00112271, 55.2028
1471, 24.50833, 0.484775, 33.3866, 25.8165, -147.325, 26.1494, 32.7151, 0.000206116, 42.5836, 0.00129399, -128.102, 0.00112216, 55.2137
1471, 24.51667, 0.485055, 33.3911, 25.8017, -147.325, 26.1347, 32.7152, 0.00020602, 42.5933, 0.00129333, -128.092, 0.00112161, 55.2245
1472, 24.52500, 0.485334, 33.3955, 25.787, -147.325, 26.1199, 32.7153, 0.000205923, 42.603, 0.00129268, -128.082, 0.00112106, 55.2354
1472, 24.53333, 0.485614, 33.4, 25.7722, -147.326, 26.1052, 32.7154, 0.000205827, 42.6127, 0.00129202, -128.071, 0.00112051, 55.2462
1473, 24.54167, 0.485894, 33.4045, 25.7575, -147.326, 26.0905, 32.7155, 0.000205731, 42.6224, 0.00129136, -128.061, 0.00111996, 55.257
1473, 24.55000, 0.486174, 33.409, 25.7428, -147.326, 26.0758, 32.7155, 0.000205634, 42.6321, 0.00129071, -128.051, 0.00111941, 55.2678
1474, 24.55833, 0.486455, 33.4134, 25.7281, -147.326, 26.0612, 32.7157, 0.000205538, 42.6418, 0.00129005, -128.041, 0.00111886, 55.2787
1474, 24.56667, 0.486735, 33.4179, 25.7134, -147.326, 26.0465, 32.7158, 0.000205442, 42.6515, 0.00128939, -128.031, 0.00111831, 55.2895
1475, 24.57500, 0.487016, 33.4224, 25.6987, -147.326, 26.0318, 32.7159, 0.000205346, 42.6613, 0.00128874, -128.021, 0.00111776, 55.3003
1475, 24.58333, 0.487297, 33.4269, 25.684, -147.327, 26.0172, 32.716, 0.00020525, 42.671, 0.00128808, -128.011, 0.00111721, 55.3112
1476, 24.59167, 0.487578, 33.4314, 25.6693, -147.327, 26.0025, 32.7161, 0.000205154, 42.6807, 0.00128743, -128, 0.00111666, 55.322
1476, 24.60000, 0.487859, 33.4359, 25.6546, -147.327, 25.9879, 32.7162, 0.000205058, 42.6904, 0.00128677, -127.99, 0.00111611, 55.3328
1477, 24.60833, 0.488141, 33.4404, 25.64, -147.327, 25.9732, 32.7163, 0.000204962, 42.7001, 0.00128612, -127.98, 0.00111556, 55.3436
1477, 24.61667, 0.488422, 33.4449, 25.6253, -147.327, 25.9586, 32.7164, 0.000204866, 42.7099, 0.00128547, -127.97, 0.00111502, 55.3545
1478, 24.62500, 0.488704, 33.4494, 25.6107, -147.327, 25.944, 32.7165, 0.00020477, 42.7196, 0.00128481, -127.96, 0.00111447, 55.3653
1478, 24.63333, 0.488986, 33.4539, 25.596, -147.327, 25.9294, 32.7167, 0.000204675, 42.7293, 0.00128416, -127.95, 0.00111392, 55.3761
1479, 24.64167, 0.489268, 33.4584, 25.5814, -147.327, 25.9148, 32.7168, 0.000204579, 42.7391, 0.00128351, -127.939, 0.00111338, 55.3869
1479, 24.65000, 0.489551, 33.4629, 25.5668, -147.328, 25.9002, 32.7169, 0.000204483, 42.7488, 0.00128286, -127.929, 0.00111283, 55.3977
1480, 24.65833, 0.489833, 33.4674, 25.5522, -147.328, 25.8856, 32.717, 0.000204388, 42.7585, 0.0012822, -127.919, 0.00111228, 55.4085
1480, 24.66667, 0.490116, 33.472, 25.5376, -147.328, 25.871, 32.7172, 0.000204292, 42.7683, 0.00128155, -127.909, 0.00111174, 55.4193
1481, 24.67500, 0.490399, 33.4765, 25.523, -147.328, 25.8565, 32.7173, 0.000204197, 42.778, 0.0012809, -127.899, 0.00111119, 55.4302
1481, 24.68333, 0.490682, 33.481, 25.5084, -147.328, 25.8419, 32.7174, 0.000204102, 42.7878, 0.00128025, -127.889, 0.00111065, 55.441
1482, 24.69167, 0.490966, 33.4855, 25.4938, -147.328, 25.8273, 32.7175, 0.000204007, 42.7976, 0.0012796, -127.879, 0.0011101, 55.4518
1482, 24.70000, 0.491249, 33.4901, 25.4792, -147.328, 25.8128, 32.7177, 0.000203911, 42.8073, 0.00127895, -127.868, 0.00110956, 55.4626
1483, 24.70833, 0.491533, 33.4946, 25.4646, -147.328, 25.7983, 32.7178, 0.000203816, 42.8171, 0.0012783, -127.858, 0.00110901, 55.4734
1483, 24.71667, 0.491817, 33.4992, 25.4501, -147.329, 25.7837, 32.7179, 0.000203721, 42.8268, 0.00127765, -127.848, 0.00110847, 55.4842
1484, 24.72500, 0.492101, 33.5037, 25.4355, -147.329, 25.7692, 32.7181, 0.000203626, 42.8366, 0.001277, -127.838, 0.00110793, 55.495
1484, 24.73333, 0.492386, 33.5083, 25.421, -147.329, 25.7547, 32.7182, 0.000203532, 42.8464, 0.00127635, -127.828, 0.00110738, 55.5058
1485, 24.74167, 0.49267, 33.5128, 25.4064, -147.329, 25.7402, 32.7184, 0.000203437, 42.8562, 0.00127571, -127.818, 0.00110684, 55.5166
1485, 24.75000, 0.492955, 33.5174, 25.3919, -147.329, 25.7257, 32.7185, 0.000203342, 42.8659, 0.00127506, -127.808, 0.0011063, 55.5274
1486, 24.75833, 0.49324, 33.5219, 25.3774, -147.329, 25.7112, 32.7186, 0.000203247, 42.8757, 0.00127441, -127.798, 0.00110575, 55.5382
1486, 24.76667, 0.493525, 33.5265, 25.3629, -147.329, 25.6968, 32.7188, 0.000203153, 42.8855, 0.00127376, -127.787, 0.00110521, 55.549
1487, 24.77500, 0.49381, 33.5311, 25.3483, -147.329, 25.6823, 32.7189, 0.000203058, 42.8953, 0.00127312, -127.777, 0.00110467, 55.5598
1487, 24.78333, 0.494096, 33.5356, 25.3338, -147.329, 25.6678, 32.7191, 0.000202964, 42.9051, 0.00127247, -127.767, 0.00110413, 55.5706
1488, 24.79167, 0.494382, 33.5402, 25.3194, -147.33, 25.6534, 32.7192, 0.000202869, 42.9149, 0.00127182, -127.757, 0.00110359, 55.5814
1488, 24.80000, 0.494667, 33.5448, 25.3049, -147.33, 25.6389, 32.7194, 0.000202775, 42.9247, 0.00127118, -127.747, 0.00110304, 55.5922
1489, 24.80833, 0.494953, 33.5494, 25.2904, -147.33, 25.6245, 32.7195, 0.00020268, 42.9345, 0.00127053, -127.737, 0.0011025, 55.6029
1489, 24.81667, 0.49524, 33.554, 25.2759, -147.33, 25.6101, 32.7197, 0.000202586, 42.9443, 0.00126989, -127.727, 0.00110196, 55.6137
1490, 24.82500, 0.495526, 33.5586, 25.2615, -147.33, 25.5957, 32.7199, 0.000202492, 42.9541, 0.00126924, -127.716, 0.00110142, 55.6245
1490, 24.83333, 0.495813, 33.5632, 25.247, -147.33, 25.5812, 32.72, 0.000202398, 42.9639, 0.0012686, -127.706, 0.00110088, 55.6353
1491, 24.84167, 0.4961, 33.5678, 25.2326, -147.33, 25.5668, 32.7202, 0.000202304, 42.9737, 0.00126795, -127.696, 0.00110034, 55.6461
1491, 24.85000, 0.496387, 33.5724, 25.2181, -147.33, 25.5524, 32.7203, 0.00020221, 42.9835, 0.00126731, -127.686, 0.0010998, 55.6569
1492, 24.85833, 0.496674, 33.577, 25.2037, -147.33, 25.538, 32.7205, 0.000202116, 42.9933, 0.00126666, -127.676, 0.00109926, 55.6677
1492, 24.86667, 0.496962, 33.5816, 25.1893, -147.33, 25.5237, 32.7207, 0.000202022, 43.0032, 0.00126602, -127.666, 0.00109873, 55.6784
1493, 24.87500, 0.497249, 33.5862, 25.1748, -147.331, 25.5093, 32.7208, 0.000201928, 43.013, 0.00126538, -127.656, 0.00109819, 55.6892
1493, 24.88333, 0.497537, 33.5909, 25.1604, -147.331, 25.4949, 32.721, 0.000201834, 43.0228, 0.00126473, -127.646, 0.00109765, 55.7
1494, 24.89167, 0.497825, 33.5955, 25.146, -147.331, 25.4806, 32.7212, 0.000201741, 43.0326, 0.00126409, -127.635, 0.00109711, 55.7108
1494, 24.90000, 0.498113, 33.6001, 25.1316, -147.331, 25.4662, 32.7214, 0.000201647, 43.0425, 0.00126345, -127.625, 0.00109657, 55.7215
1495, 24.90833, 0.498402, 33.6048, 25.1172, -147.331, 25.4519, 32.7215, 0.000201553, 43.0523, 0.00126281, -127.615, 0.00109604, 55.7323
1495, 24.91667, 0.498691, 33.6094, 25.1029, -147.331, 25.4376, 32.7217, 0.00020146, 43.0622, 0.00126217, -127.605, 0.0010955, 55.7431
1496, 24.92500, 0.498979, 33.6141, 25.0885, -147.331, 25.4232, 32.7219, 0.000201367, 43.072, 0.00126153, -127.595, 0.00109496, 55.7539
1496, 24.93333, 0.499268, 33.6187, 25.0741, -147.331, 25.4089, 32.7221, 0.000201273, 43.0819, 0.00126089, -127.585, 0.00109442, 55.7646
1497, 24.94167, 0.499558, 33.6234, 25.0598, -147.331, 25.3946, 32.7223, 0.00020118, 43.0917, 0.00126025, -127.575, 0.00109389, 55.7754
1497, 24.95000, 0.499847, 33.628, 25.0454, -147.331, 25.3803, 32.7224, 0.000201087, 43.1016, 0.00125961, -127.565, 0.00109335, 55.7862
1498, 24.95833, 0.500137, 33.6327, 25.0311, -147.331, 25.366, 32.7226, 0.000200993, 43.1114, 0.00125897, -127.555, 0.00109282, 55.7969
1498, 24.96667, 0.500427, 33.6374, 25.0167, -147.331, 25.3517, 32.7228, 0.0002009, 43.1213, 0.00125833, -127.544, 0.00109228, 55.8077
1499, 24.97500, 0.500717, 33.6421, 25.0024, -147.331, 25.3375, 32.723, 0.000200807, 43.1312, 0.00125769, -127.534, 0.00109174, 55.8185
1499, 24.98333, 0.501007, 33.6467, 24.9881, -147.332, 25.3232, 32.7232, 0.000200714, 43.141, 0.00125705, -127.524, 0.00109121, 55.8292
1500, 24.99167, 0.501297, 33.6514, 24.9738, -147.332, 25.3089, 32.7234, 0.000200621, 43.1509, 0.00125641, -127.514, 0.00109067, 55.84
1500, 25.00000, 0.501588, 33.6561, 24.9595, -147.332, 25.2947, 32.7236, 0.000200528, 43.1608, 0.00125577, -127.504, 0.00109014, 55.8507
1501, 25.00833, 0.501879, 33.6608, 24.9452, -147.332, 25.2804, 32.7238, 0.000200436, 43.1707, 0.00125513, -127.494, 0.00108961, 55.8615
1501, 25.01667, 0.50217, 33.6655, 24.9309, -147.332, 25.2662, 32.724, 0.000200343, 43.1805, 0.0012545, -127.484, 0.00108907, 55.8723
1502, 25.02500, 0.502461, 33.6702, 24.9166, -147.332, 25.252, 32.7242, 0.00020025, 43.1904, 0.00125386, -127.474, 0.00108854, 55.883
1502, 25.03333, 0.502753, 33.6749, 24.9023, -147.332, 25.2377, 32.7244, 0.000200157, 43.2003, 0.00125322, -127.464, 0.001088, 55.8938
1503, 25.04167, 0.503044, 33.6797, 24.8881, -147.332, 25.2235, 32.7246, 0.000200065, 43.2102, 0.00125259, -127.453, 0.00108747, 55.9045
1503, 25.05000, 0.503336, 33.6844, 24.8738, -147.332, 25.2093, 32.7248, 0.000199972, 43.2201, 0.00125195, -127.443, 0.00108694, 55.9153
1504, 25.05833, 0.503628, 33.6891, 24.8596, -147.332, 25.1951, 32.725, 0.00019988, 43.23, 0.00125131, -127.433, 0.00108641, 55.926
1504, 25.06667, 0.503921, 33.6939, 24.8453, -147.332, 25.1809, 32.7252, 0.000199788, 43.2399, 0.00125068, -127.423, 0.00108587, 55.9368
1505, 25.07500, 0.504213, 33.6986, 24.8311, -147.332, 25.1667, 32.7254, 0.000199695, 43.2498, 0.00125004, -127.413, 0.00108534, 55.9475
1505, 25.08333, 0.504506, 33.7033, 24.8168, -147.332, 25.1526, 32.7256, 0.000199603, 43.2597, 0.00124941, -127.403, 0.00108481, 55.9583
1506, 25.09167, 0.504799, 33.7081, 24.8026, -147.332, 25.1384, 32.7258, 0.000199511, 43.2697, 0.00124877, -127.393, 0.00108428, 55.969
1506, 25.10000, 0.505092, 33.7129, 24.7884, -147.332, 25.1242, 32.726, 0.000199419, 43.2796, 0.00124814, -127.383, 0.00108375, 55.9797
1507, 25.10833, 0.505385, 33.7176, 24.7742, -147.332, 25.1101, 32.7263, 0.000199326, 43.2895, 0.00124751, -127.373, 0.00108322, 55.9905
1507, 25.11667, 0.505679, 33.7224, 24.76, -147.332, 25.0959, 32.7265, 0.000199234, 43.2994, 0.00124687, -127.362, 0.00108269, 56.0012
1508, 25.12500, 0.505972, 33.7272, 24.7458, -147.332, 25.0818, 32.7267, 0.000199142, 43.3094, 0.00124624, -127.352, 0.00108215, 56.012
1508, 25.13333, 0.506266, 33.7319, 24.7316, -147.332, 25.0677, 32.7269, 0.000199051, 43.3193, 0.00124561, -127.342, 0.00108162, 56.0227
1509, 25.14167, 0.50656, 33.7367, 24.7174, -147.332, 25.0536, 32.7271, 0.000198959, 43.3292, 0.00124497, -127.332, 0.00108109, 56.0334
1509, 25.15000, 0.506855, 33.7415, 24.7032, -147.332, 25.0394, 32.7274, 0.000198867, 43.3392, 0.00124434, -127.322, 0.00108056, 56.0442
1510, 25.15833, 0.507149, 33.7463, 24.6891, -147.332, 25.0253, 32.7276, 0.000198775, 43.3491, 0.00124371, -127.312, 0.00108004, 56.0549
1510, 25.16667, 0.507444, 33.7511, 24.6749, -147.332, 25.0112, 32.7278, 0.000198684, 43.3591, 0.00124308, -127.302, 0.00107951, 56.0656
1511, 25.17500, 0.507739, 33.7559, 24.6608, -147.333, 24.9971, 32.728, 0.000198592, 43.369, 0.00124245, -127.292, 0.00107898, 56.0764
1511, 25.18333, 0.508034, 33.7607, 24.6466, -147.333, 24.9831, 32.7283, 0.0001985, 43.379, 0.00124181, -127.282, 0.00107845, 56.0871
1512, 25.19167, 0.508329, 33.7656, 24.6325, -147.333, 24.969, 32.7285, 0.000198409, 43.3889, 0.00124118, -127.272, 0.00107792, 56.0978
1512, 25.20000, 0.508625, 33.7704, 24.6183, -147.333, 24.9549, 32.7287, 0.000198317, 43.3989, 0.00124055, -127.261, 0.00107739, 56.1086
1513, 25.20833, 0.508921, 33.7752, 24.6042, -147.333, 24.9409, 32.729, 0.000198226, 43.4089, 0.00123992, -127.251, 0.00107686, 56.1193
1513, 25.21667, 0.509217, 33.7801, 24.5901, -147.333, 24.9268, 32.7292, 0.000198135, 43.4189, 0.00123929, -127.241, 0.00107634, 56.13
1514, 25.22500, 0.509513, 33.7849, 24.576, -147.333, 24.9128, 32.7295, 0.000198044, 43.4288, 0.00123866, -127.231, 0.00107581, 56.1407
1514, 25.23333, 0.509809, 33.7898, 24.5619, -147.333, 24.8987, 32.7297, 0.000197952, 43.4388, 0.00123803, -127.221, 0.00107528, 56.1515
1515, 25.24167, 0.510106, 33.7946, 24.5478, -147.333, 24.8847, 32.7299, 0.000197861, 43.4488, 0.00123741, -127.211, 0.00107476, 56.1622
1515, 25.25000, 0.510403, 33.7995, 24.5337, -147.333, 24.8707, 32.7302, 0.00019777, 43.4588, 0.00123678, -127.201, 0.00107423, 56.1729
1516, 25.25833, 0.5107, 33.8043, 24.5196, -147.333, 24.8567, 32.7304, 0.000197679, 43.4688, 0.00123615, -127.191, 0.0010737, 56.1836
1516, 25.26667, 0.510997, 33.8092, 24.5055, -147.333, 24.8426, 32.7307, 0.000197588, 43.4788, 0.00123552, -127.181, 0.00107318, 56.1943
1517, 25.27500, 0.511295, 33.8141, 24.4915, -147.333, 24.8287, 32.7309, 0.000197497, 43.4888, 0.00123489, -127.171, 0.00107265, 56.2051
1517, 25.28333, 0.511592, 33.819, 24.4774, -147.333, 24.8147, 32.7312, 0.000197406, 43.4988, 0.00123427, -127.161, 0.00107213, 56.2158
1518, 25.29167, 0.51189, 33.8239, 24.4634, -147.333, 24.8007, 32.7314, 0.000197316, 43.5088, 0.00123364, -127.15, 0.0010716, 56.2265
1518, 25.30000, 0.512188, 33.8288, 24.4493, -147.333, 24.7867, 32.7317, 0.000197225, 43.5188, 0.00123301, -127.14, 0.00107108, 56.2372
1519, 25.30833, 0.512487, 33.8337, 24.4353, -147.333, 24.7727, 32.7319, 0.000197134, 43.5288, 0.00123239, -127.13, 0.00107055, 56.2479
1519, 25.31667, 0.512785, 33.8386, 24.4212, -147.333, 24.7588, 32.7322, 0.000197044, 43.5388, 0.00123176, -127.12, 0.00107003, 56.2586
1520, 25.32500, 0.513084, 33.8435, 24.4072, -147.333, 24.7448, 32.7325, 0.000196953, 43.5488, 0.00123113, -127.11, 0.0010695, 56.2693
1520, 25.33333, 0.513383, 33.8484, 24.3932, -147.333, 24.7309, 32.7327, 0.000196863, 43.5589, 0.00123051, -127.1, 0.00106898, 56.28
1521, 25.34167, 0.513682, 33.8534, 24.3792, -147.333, 24.7169, 32.733, 0.000196772, 43.5689, 0.00122988, -127.09, 0.00106845, 56.2907
1521, 25.35000, 0.513982, 33.8583, 24.3652, -147.333, 24.703, 32.7333, 0.000196682, 43.5789, 0.00122926, -127.08, 0.00106793, 56.3014
1522, 25.35833, 0.514281, 33.8633, 24.3512, -147.333, 24.6891, 32.7335, 0.000196592, 43.589, 0.00122863, -127.07, 0.00106741, 56.3122
1522, 25.36667, 0.514581, 33.8682, 24.3372, -147.333, 24.6751, 32.7338, 0.000196501, 43.599, 0.00122801, -127.06, 0.00106688, 56.3229
1523, 25.37500, 0.514881, 33.8732, 24.3232, -147.333, 24.6612, 32.7341, 0.000196411, 43.6091, 0.00122739, -127.05, 0.00106636, 56.3336
1523, 25.38333, 0.515181, 33.8782, 24.3092, -147.333, 24.6473, 32.7343, 0.000196321, 43.6191, 0.00122676, -127.04, 0.00106584, 56.3443
1524, 25.39167, 0.515482, 33.8831, 24.2953, -147.333, 24.6334, 32.7346, 0.000196231, 43.6292, 0.00122614, -127.029, 0.00106532, 56.355
1524, 25.40000, 0.515783, 33.8881, 24.2813, -147.333, 24.6196, 32.7349, 0.000196141, 43.6392, 0.00122551, -127.019, 0.0010648, 56.3657
1525, 25.40833, 0.516083, 33.8931, 24.2674, -147.332, 24.6057, 32.7352, 0.000196051, 43.6493, 0.00122489, -127.009, 0.00106427, 56.3763
1525, 25.41667, 0.516385, 33.8981, 24.2534, -147.332, 24.5918, 32.7354, 0.000195961, 43.6593, 0.00122427, -126.999, 0.00106375, 56.387
1526, 25.42500, 0.516686, 33.9031, 24.2395, -147.332, 24.5779, 32.7357, 0.000195871, 43.6694, 0.00122365, -126.989, 0.00106323, 56.3977
1526, 25.43333, 0.516988, 33.9081, 24.2255, -147.332, 24.5641, 32.736, 0.000195781, 43.6795, 0.00122303, -126.979, 0.00106271, 56.4084
1527, 25.44167, 0.517289, 33.9131, 24.2116, -147.332, 24.5502, 32.7363, 0.000195692, 43.6896, 0.0012224, -126.969, 0.00106219, 56.4191
1527, 25.45000, 0.517591, 33.9181, 24.1977, -147.332, 24.5364, 32.7366, 0.000195602, 43.6997, 0.00122178, -126.959, 0.00106167, 56.4298
1528, 25.45833, 0.517894, 33.9232, 24.1838, -147.332, 24.5225, 32.7368, 0.000195512, 43.7097, 0.00122116, -126.949, 0.00106115, 56.4405
1528, 25.46667, 0.518196, 33.9282, 24.1699, -147.332, 24.5087, 32.7371, 0.000195423, 43.7198, 0.00122054, -126.939, 0.00106063, 56.4512
1529, 25.47500, 0.518499, 33.9332, 24.156, -147.332, 24.4949, 32.7374, 0.000195333, 43.7299, 0.00121992, -126.929, 0.00106011, 56.4619
1529, 25.48333, 0.518802, 33.9383, 24.1421, -147.332, 24.4811, 32.7377, 0.000195244, 43.74, 0.0012193, -126.919, 0.00105959, 56.4726
1530, 25.49167, 0.519105, 33.9433, 24.1282, -147.332, 24.4673, 32.738, 0.000195155, 43.7501, 0.00121868, -126.909, 0.00105907, 56.4832
1530, 25.50000, 0.519408, 33.9484, 24.1143, -147.332, 24.4535, 32.7383, 0.000195065, 43.7602, 0.00121806, -126.898, 0.00105855, 56.4939
1531, 25.50833, 0.519712, 33.9535, 24.1004, -147.332, 24.4397, 32.7386, 0.000194976, 43.7704, 0.00121744, -126.888, 0.00105803, 56.5046
1531, 25.51667, 0.520016, 33.9585, 24.0865, -147.332, 24.4259, 32.7389, 0.000194887, 43.7805, 0.00121682, -126.878, 0.00105751, 56.5153
1532, 25.52500, 0.52032, 33.9636, 24.0727, -147.332, 24.4121, 32.7392, 0.000194798, 43.7906, 0.0012162, -126.868, 0.001057, 56.526
1532, 25.53333, 0.520624, 33.9687, 24.0588, -147.332, 24.3983, 32.7395, 0.000194708, 43.8007, 0.00121558, -126.858, 0.00105648, 56.5366
1533, 25.54167, 0.520929, 33.9738, 24.045, -147.332, 24.3846, 32.7398, 0.000194619, 43.8108, 0.00121497, -126.848, 0.00105596, 56.5473
1533, 25.55000, 0.521233, 33.9789, 24.0311, -147.332, 24.3708, 32.7401, 0.00019453, 43.821, 0.00121435, -126.838, 0.00105544, 56.558
1534, 25.55833, 0.521538, 33.984, 24.0173, -147.332, 24.3571, 32.7404, 0.000194441, 43.8311, 0.00121373, -126.828, 0.00105493, 56.5687
1534, 25.56667, 0.521843, 33.9892, 24.0035, -147.332, 24.3433, 32.7407, 0.000194353, 43.8413, 0.00121311, -126.818, 0.00105441, 56.5793
1535, 25.57500, 0.522149, 33.9943, 23.9897, -147.332, 24.3296, 32.741, 0.000194264, 43.8514, 0.0012125, -126.808, 0.00105389, 56.59
1535, 25.58333, 0.522454, 33.9994, 23.9759, -147.332, 24.3159, 32.7413, 0.000194175, 43.8616, 0.00121188, -126.798, 0.00105338, 56.6007
1536, 25.59167, 0.52276, 34.0046, 23.962, -147.331, 24.3022, 32.7416, 0.000194086, 43.8717, 0.00121126, -126.788, 0.00105286, 56.6113
1536, 25.60000, 0.523066, 34.0097, 23.9482, -147.331, 24.2884, 32.742, 0.000193998, 43.8819, 0.00121065, -126.778, 0.00105234, 56.622
1537, 25.60833, 0.523373, 34.0149, 23.9345, -147.331, 24.2747, 32.7423, 0.000193909, 43.892, 0.00121003, -126.768, 0.00105183, 56.6327
1537, 25.61667, 0.523679, 34.02, 23.9207, -147.331, 24.261, 32.7426, 0.000193821, 43.9022, 0.00120942, -126.757, 0.00105131, 56.6433
1538, 25.62500, 0.523986, 34.0252, 23.9069, -147.331, 24.2473, 32.7429, 0.000193732, 43.9124, 0.0012088, -126.747, 0.0010508, 56.654
1538, 25.63333, 0.524293, 34.0304, 23.8931, -147.331, 24.2337, 32.7432, 0.000193644, 43.9226, 0.00120819, -126.737, 0.00105028, 56.6647
1539, 25.64167, 0.5246, 34.0356, 23.8793, -147.331, 24.22, 32.7436, 0.000193555, 43.9327, 0.00120757, -126.727, 0.00104977, 56.6753
1539, 25.65000, 0.524908, 34.0408, 23.8656, -147.331, 24.2063, 32.7439, 0.000193467, 43.9429, 0.00120696, -126.717, 0.00104925, 56.686
1540, 25.65833, 0.525215, 34.046, 23.8518, -147.331, 24.1926, 32.7442, 0.000193379, 43.9531, 0.00120634, -126.707, 0.00104874, 56.6966
1540, 25.66667, 0.525523, 34.0512, 23.8381, -147.331, 24.179, 32.7445, 0.00019329, 43.9633, 0.00120573, -126.697, 0.00104823, 56.7073
1541, 25.67500, 0.525831, 34.0564, 23.8243, -147.331, 24.1653, 32.7449, 0.000193202, 43.9735, 0.00120512, -126.687, 0.00104771, 56.718
1541, 25.68333, 0.52614, 34.0616, 23.8106, -147.331, 24.1517, 32.7452, 0.000193114, 43.9837, 0.0012045, -126.677, 0.0010472, 56.7286
1542, 25.69167, 0.526449, 34.0669, 23.7969, -147.331, 24.1381, 32.7455, 0.000193026, 43.9939, 0.00120389, -126.667, 0.00104668, 56.7393
1542, 25.70000, 0.526757, 34.0721, 23.7832, -147.33, 24.1244, 32.7459, 0.000192938, 44.0041, 0.00120328, -126.657, 0.00104617, 56.7499
1543, 25.70833, 0.527066, 34.0774, 23.7694, -147.33, 24.1108, 32.7462, 0.00019285, 44.0143, 0.00120266, -126.647, 0.00104566, 56.7606
1543, 25.71667, 0.527376, 34.0826, 23.7557, -147.33, 24.0972, 32.7465, 0.000192762, 44.0246, 0.00120205, -126.637, 0.00104515, 56.7712
1544, 25.72500, 0.527685, 34.0879, 23.742, -147.33, 24.0836, 32.7469, 0.000192675, 44.0348, 0.00120144, -126.627, 0.00104463, 56.7819
1544, 25.73333, 0.527995, 34.0932, 23.7283, -147.33, 24.07, 32.7472, 0.000192587, 44.045, 0.00120083, -126.617, 0.00104412, 56.7925
1545, 25.74167, 0.528305, 34.0984, 23.7147, -147.33, 24.0564, 32.7476, 0.000192499, 44.0553, 0.00120022, -126.607, 0.00104361, 56.8032
1545, 25.75000, 0.528616, 34.1037, 23.701, -147.33, 24.0428, 32.7479, 0.000192412, 44.0655, 0.00119961, -126.597, 0.0010431, 56.8138
1546, 25.75833, 0.528926, 34.109, 23.6873, -147.33, 24.0292, 32.7482, 0.000192324, 44.0757, 0.001199, -126.586, 0.00104259, 56.8245
1546, 25.76667, 0.529237, 34.1143, 23.6736, -147.33, 24.0157, 32.7486, 0.000192236, 44.086, 0.00119839, -126.576, 0.00104208, 56.8351
1547, 25.77500, 0.529548, 34.1196, 23.66, -147.33, 24.0021, 32.7489, 0.000192149, 44.0963, 0.00119778, -126.566, 0.00104156, 56.8457
1547, 25.78333, 0.529859, 34.125, 23.6463, -147.329, 23.9886, 32.7493, 0.000192061, 44.1065, 0.00119717, -126.556, 0.00104105, 56.8564
1548, 25.79167, 0.530171, 34.1303, 23.6327, -147.329, 23.975, 32.7496, 0.000191974, 44.1168, 0.00119656, -126.546, 0.00104054, 56.867
1548, 25.80000, 0.530482, 34.1356, 23.619, -147.329, 23.9615, 32.75, 0.000191887, 44.127, 0.00119595, -126.536, 0.00104003, 56.8777
1549, 25.80833, 0.530794, 34.141, 23.6054, -147.329, 23.9479, 32.7503, 0.000191799, 44.1373, 0.00119534, -126.526, 0.00103952, 56.8883
1549, 25.81667, 0.531107, 34.1463, 23.5917, -147.329, 23.9344, 32.7507, 0.000191712, 44.1476, 0.00119473, -126.516, 0.00103901, 56.8989
1550, 25.82500, 0.531419, 34.1517, 23.5781, -147.329, 23.9209, 32.7511, 0.000191625, 44.1579, 0.00119412, -126.506, 0.0010385, 56.9096
1550, 25.83333, 0.531732, 34.1571, 23.5645, -147.329, 23.9073, 32.7514, 0.000191538, 44.1682, 0.00119351, -126.496, 0.00103799, 56.9202
1551, 25.84167, 0.532045, 34.1624, 23.5509, -147.329, 23.8938, 32.7518, 0.000191451, 44.1785, 0.0011929, -126.486, 0.00103749, 56.9308
1551, 25.85000, 0.532358, 34.1678, 23.5373, -147.328, 23.8803, 32.7521, 0.000191364, 44.1888, 0.0011923, -126.476, 0.00103698, 56.9415
1552, 25.85833, 0.532671, 34.1732, 23.5237, -147.328, 23.8668, 32.7525, 0.000191277, 44.1991, 0.00119169, -126.466, 0.00103647, 56.9521
1552, 25.86667, 0.532985, 34.1786, 23.5101, -147.328, 23.8534, 32.7529, 0.00019119, 44.2094, 0.00119108, -126.456, 0.00103596, 56.9627
1553, 25.87500, 0.533299, 34.184, 23.4965, -147.328, 23.8399, 32.7532, 0.000191103, 44.2197, 0.00119048, -126.446, 0.00103545, 56.9733
1553, 25.88333, 0.533613, 34.1894, 23.4829, -147.328, 23.8264, 32.7536, 0.000191017, 44.23, 0.00118987, -126.436, 0.00103494, 56.984
1554, 25.89167, 0.533927, 34.1949, 23.4694, -147.328, 23.8129, 32.754, 0.00019093, 44.2403, 0.00118926, -126.426, 0.00103444, 56.9946
1554, 25.90000, 0.534242, 34.2003, 23.4558, -147.328, 23.7995, 32.7544, 0.000190843, 44.2506, 0.00118866, -126.416, 0.00103393, 57.0052
1555, 25.90833, 0.534557, 34.2057, 23.4422, -147.328, 23.786, 32.7547, 0.000190757, 44.261, 0.00118805, -126.405, 0.00103342, 57.0158
1555, 25.91667, 0.534872, 34.2112, 23.4287, -147.327, 23.7726, 32.7551, 0.00019067, 44.2713, 0.00118745, -126.395, 0.00103291, 57.0265
1556, 25.92500, 0.535187, 34.2166, 23.4151, -147.327, 23.7591, 32.7555, 0.000190583, 44.2817, 0.00118684, -126.385, 0.00103241, 57.0371
1556, 25.93333, 0.535503, 34.2221, 23.4016, -147.327, 23.7457, 32.7559, 0.000190497, 44.292, 0.00118624, -126.375, 0.0010319, 57.0477
1557, 25.94167, 0.535819, 34.2276, 23.3881, -147.327, 23.7323, 32.7562, 0.000190411, 44.3023, 0.00118563, -126.365, 0.00103139, 57.0583
1557, 25.95000, 0.536135, 34.2331, 23.3745, -147.327, 23.7188, 32.7566, 0.000190324, 44.3127, 0.00118503, -126.355, 0.00103089, 57.0689
1558, 25.95833, 0.536452, 34.2386, 23.361, -147.327, 23.7054, 32.757, 0.000190238, 44.3231, 0.00118442, -126.345, 0.00103038, 57.0795
1558, 25.96667, 0.536768, 34.2441, 23.3475, -147.327, 23.692, 32.7574, 0.000190152, 44.3334, 0.00118382, -126.335, 0.00102988, 57.0901
1559, 25.97500, 0.537085, 34.2496, 23.334, -147.326, 23.6786, 32.7578, 0.000190066, 44.3438, 0.00118321, -126.325, 0.00102937, 57.1008
1559, 25.98333, 0.537402, 34.2551, 23.3205, -147.326, 23.6652, 32.7582, 0.000189979, 44.3542, 0.00118261, -126.315, 0.00102887, 57.1114
1560, 25.99167, 0.53772, 34.2606, 23.307, -147.326, 23.6518, 32.7586, 0.000189893, 44.3646, 0.00118201, -126.305, 0.00102836, 57.122
1560, 26.00000, 0.538037, 34.2661, 23.2935, -147.326, 23.6385, 32.7589, 0.000189807, 44.3749, 0.00118141, -126.295, 0.00102786, 57.1326
1561, 26.00833, 0.538355, 34.2717, 23.28, -147.326, 23.6251, 32.7593, 0.000189721, 44.3853, 0.0011808, -126.285, 0.00102735, 57.1432
1561, 26.01667, 0.538673, 34.2772, 23.2665, -147.326, 23.6117, 32.7597, 0.000189635, 44.3957, 0.0011802, -126.275, 0.00102685, 57.1538
1562, 26.02500, 0.538992, 34.2828, 23.2531, -147.325, 23.5984, 32.7601, 0.00018955, 44.4061, 0.0011796, -126.265, 0.00102634, 57.1644
1562, 26.03333, 0.539311, 34.2884, 23.2396, -147.325, 23.585, 32.7605, 0.000189464, 44.4165, 0.001179, -126.255, 0.00102584, 57.175
1563, 26.04167, 0.53963, 34.2939, 23.2261, -147.325, 23.5717, 32.7609, 0.000189378, 44.4269, 0.0011784, -126.245, 0.00102534, 57.1856
1563, 26.05000, 0.539949, 34.2995, 23.2127, -147.325, 23.5583, 32.7613, 0.000189292, 44.4374, 0.00117779, -126.235, 0.00102483, 57.1962
1564, 26.05833, 0.540268, 34.3051, 23.1992, -147.325, 23.545, 32.7617, 0.000189207, 44.4478, 0.00117719, -126.225, 0.00102433, 57.2068
1564, 26.06667, 0.540588, 34.3107, 23.1858, -147.325, 23.5317, 32.7621, 0.000189121, 44.4582, 0.00117659, -126.215, 0.00102383, 57.2174
1565, 26.07500, 0.540908, 34.3163, 23.1724, -147.324, 23.5184, 32.7625, 0.000189035, 44.4686, 0.00117599, -126.205, 0.00102332, 57.228
1565, 26.08333, 0.541228, 34.3219, 23.1589, -147.324, 23.505, 32.7629, 0.00018895, 44.4791, 0.00117539, -126.195, 0.00102282, 57.2386
1566, 26.09167, 0.541549, 34.3276, 23.1455, -147.324, 23.4917, 32.7634, 0.000188864, 44.4895, 0.00117479, -126.184, 0.00102232, 57.2492
1566, 26.10000, 0.541869, 34.3332, 23.1321, -147.324, 23.4784, 32.7638, 0.000188779, 44.5, 0.00117419, -126.174, 0.00102182, 57.2598
1567, 26.10833, 0.54219, 34.3388, 23.1187, -147.324, 23.4651, 32.7642, 0.000188694, 44.5104, 0.00117359, -126.164, 0.00102132, 57.2704
1567, 26.11667, 0.542512, 34.3445, 23.1053, -147.323, 23.4519, 32.7646, 0.000188608, 44.5209, 0.00117299, -126.154, 0.00102081, 57.281
1568, 26.12500, 0.542833, 34.3502, 23.0919, -147.323, 23.4386, 32.765, 0.000188523, 44.5313, 0.00117239, -126.144, 0.00102031, 57.2916
1568, 26.13333, 0.543155, 34.3558, 23.0785, -147.323, 23.4253, 32.7654, 0.000188438, 44.5418, 0.0011718, -126.134, 0.00101981, 57.3022
1569, 26.14167, 0.543477, 34.3615, 23.0651, -147.323, 23.412, 32.7658, 0.000188353, 44.5523, 0.0011712, -126.124, 0.00101931, 57.3127
1569, 26.15000, 0.543799, 34.3672, 23.0517, -147.323, 23.3988, 32.7663, 0.000188268, 44.5628, 0.0011706, -126.114, 0.00101881, 57.3233
1570, 26.15833, 0.544122, 34.3729, 23.0384, -147.322, 23.3855, 32.7667, 0.000188183, 44.5733, 0.00117, -126.104, 0.00101831, 57.3339
1570, 26.16667, 0.544445, 34.3786, 23.025, -147.322, 23.3723, 32.7671, 0.000188098, 44.5838, 0.0011694, -126.094, 0.00101781, 57.3445
1571, 26.17500, 0.544768, 34.3843, 23.0116, -147.322, 23.359, 32.7675, 0.000188013, 44.5942, 0.00116881, -126.084, 0.00101731, 57.3551
1571, 26.18333, 0.545091, 34.39, 22.9983, -147.322, 23.3458, 32.768, 0.000187928, 44.6047, 0.00116821, -126.074, 0.00101681, 57.3657
1572, 26.19167, 0.545415, 34.3958, 22.9849, -147.322, 23.3326, 32.7684, 0.000187843, 44.6153, 0.00116761, -126.064, 0.00101631, 57.3763
1572, 26.20000, 0.545739, 34.4015, 22.9716, -147.321, 23.3194, 32.7688, 0.000187758, 44.6258, 0.00116702, -126.054, 0.00101581, 57.3868
1573, 26.20833, 0.546063, 34.4072, 22.9583, -147.321, 23.3061, 32.7692, 0.000187674, 44.6363, 0.00116642, -126.044, 0.00101531, 57.3974
1573, 26.21667, 0.546387, 34.413, 22.9449, -147.321, 23.2929, 32.7697, 0.000187589, 44.6468, 0.00116582, -126.034, 0.00101481, 57.408
1574, 26.22500, 0.546712, 34.4188, 22.9316, -147.321, 23.2797, 32.7701, 0.000187504, 44.6573, 0.00116523, -126.024, 0.00101431, 57.4186
1574, 26.23333, 0.547037, 34.4245, 22.9183, -147.321, 23.2665, 32.7705, 0.00018742, 44.6679, 0.00116463, -126.014, 0.00101381, 57.4291
1575, 26.24167, 0.547362, 34.4303, 22.905, -147.32, 23.2533, 32.771, 0.000187335, 44.6784, 0.00116404, -126.004, 0.00101332, 57.4397
1575, 26.25000, 0.547688, 34.4361, 22.8917, -147.32, 23.2402, 32.7714, 0.000187251, 44.689, 0.00116344, -125.994, 0.00101282, 57.4503
1576, 26.25833, 0.548014, 34.4419, 22.8784, -147.32, 23.227, 32.7719, 0.000187167, 44.6995, 0.00116285, -125.984, 0.00101232, 57.4609
1576, 26.26667, 0.54834, 34.4477, 22.8651, -147.32, 23.2138, 32.7723, 0.000187082, 44.7101, 0.00116225, -125.974, 0.00101182, 57.4714
1577, 26.27500, 0.548666, 34.4535, 22.8518, -147.319, 23.2007, 32.7727, 0.000186998, 44.7206, 0.00116166, -125.964, 0.00101133, 57.482
1577, 26.28333, 0.548993, 34.4594, 22.8385, -147.319, 23.1875, 32.7732, 0.000186914, 44.7312, 0.00116107, -125.954, 0.00101083, 57.4926
1578, 26.29167, 0.54932, 34.4652, 22.8252, -147.319, 23.1744, 32.7736, 0.000186829, 44.7418, 0.00116047, -125.944, 0.00101033, 57.5031
1578, 26.30000, 0.549647, 34.471, 22.8119, -147.319, 23.1612, 32.7741, 0.000186745, 44.7523, 0.00115988, -125.934, 0.00100983, 57.5137
1579, 26.30833, 0.549974, 34.4769, 22.7987, -147.319, 23.1481, 32.7745, 0.000186661, 44.7629, 0.00115929, -125.923, 0.00100934, 57.5243
1579, 26.31667, 0.550302, 34.4827, 22.7854, -147.318, 23.1349, 32.775, 0.000186577, 44.7735, 0.00115869, -125.913, 0.00100884, 57.5348
1580, 26.32500, 0.55063, 34.4886, 22.7722, -147.318, 23.1218, 32.7754, 0.000186493, 44.7841, 0.0011581, -125.903, 0.00100834, 57.5454
1580, 26.33333, 0.550958, 34.4945, 22.7589, -147.318, 23.1087, 32.7759, 0.000186409, 44.7947, 0.00115751, -125.893, 0.00100785, 57.5559
1581, 26.34167, 0.551287, 34.5004, 22.7457, -147.318, 23.0956, 32.7763, 0.000186325, 44.8053, 0.00115691, -125.883, 0.00100735, 57.5665
1581, 26.35000, 0.551615, 34.5063, 22.7324, -147.317, 23.0825, 32.7768, 0.000186241, 44.8159, 0.00115632, -125.873, 0.00100686, 57.5771
1582, 26.35833, 0.551945, 34.5122, 22.7192, -147.317, 23.0694, 32.7773, 0.000186158, 44.8265, 0.00115573, -125.863, 0.00100636, 57.5876
1582, 26.36667, 0.552274, 34.5181, 22.706, -147.317, 23.0563, 32.7777, 0.000186074, 44.8372, 0.00115514, -125.853, 0.00100587, 57.5982
1583, 26.37500, 0.552604, 34.524, 22.6928, -147.317, 23.0432, 32.7782, 0.00018599, 44.8478, 0.00115455, -125.843, 0.00100537, 57.6087
1583, 26.38333, 0.552934, 34.5299, 22.6796, -147.316, 23.0301, 32.7786, 0.000185907, 44.8584, 0.00115396, -125.833, 0.00100488, 57.6193
1584, 26.39167, 0.553264, 34.5359, 22.6664, -147.316, 23.0171, 32.7791, 0.000185823, 44.8691, 0.00115337, -125.823, 0.00100438, 57.6298
1584, 26.40000, 0.553594, 34.5418, 22.6532, -147.316, 23.004, 32.7796, 0.000185739, 44.8797, 0.00115278, -125.813, 0.00100389, 57.6404
1585, 26.40833, 0.553925, 34.5478, 22.64, -147.315, 22.9909, 32.78, 0.000185656, 44.8904, 0.00115219, -125.803, 0.00100339, 57.6509
1585, 26.41667, 0.554256, 34.5537, 22.6268, -147.315, 22.9779, 32.7805, 0.000185572, 44.901, 0.0011516, -125.793, 0.0010029, 57.6615
1586, 26.42500, 0.554587, 34.5597, 22.6136, -147.315, 22.9648, 32.781, 0.000185489, 44.9117, 0.00115101, -125.783, 0.00100241, 57.672
1586, 26.43333, 0.554919, 34.5657, 22.6004, -147.315, 22.9518, 32.7814, 0.000185406, 44.9224, 0.00115042, -125.773, 0.00100191, 57.6826
1587, 26.44167, 0.555251, 34.5717, 22.5872, -147.314, 22.9388, 32.7819, 0.000185322, 44.9331, 0.00114983, -125.763, 0.00100142, 57.6931
1587, 26.45000, 0.555583, 34.5777, 22.5741, -147.314, 22.9257, 32.7824, 0.000185239, 44.9437, 0.00114924, -125.753, 0.00100093, 57.7037
1588, 26.45833, 0.555916, 34.5837, 22.5609, -147.314, 22.9127, 32.7829, 0.000185156, 44.9544, 0.00114865, -125.743, 0.00100043, 57.7142
1588, 26.46667, 0.556248, 34.5897, 22.5478, -147.314, 22.8997, 32.7834, 0.000185073, 44.9651, 0.00114806, -125.733, 0.000999941, 57.7248
1589, 26.47500, 0.556581, 34.5957, 22.5346, -147.313, 22.8867, 32.7838, 0.00018499, 44.9758, 0.00114747, -125.723, 0.000999449, 57.7353
1589, 26.48333, 0.556915, 34.6018, 22.5215, -147.313, 22.8737, 32.7843, 0.000184907, 44.9865, 0.00114688, -125.713, 0.000998957, 57.7458
1590, 26.49167, 0.557248, 34.6078, 22.5083, -147.313, 22.8607, 32.7848, 0.000184824, 44.9972, 0.0011463, -125.703, 0.000998465, 57.7564
1590, 26.50000, 0.557582, 34.6139, 22.4952, -147.312, 22.8477, 32.7853, 0.000184741, 45.008, 0.00114571, -125.693, 0.000997973, 57.7669
1591, 26.50833, 0.557916, 34.6199, 22.4821, -147.312, 22.8347, 32.7858, 0.000184658, 45.0187, 0.00114512, -125.683, 0.000997481, 57.7774
1591, 26.51667, 0.558251, 34.626, 22.469, -147.312, 22.8217, 32.7863, 0.000184575, 45.0294, 0.00114453, -125.673, 0.00099699, 57.788
1592, 26.52500, 0.558586, 34.6321, 22.4559, -147.312, 22.8088, 32.7867, 0.000184492, 45.0401, 0.00114395, -125.663, 0.000996498, 57.7985
1592, 26.53333, 0.558921, 34.6382, 22.4427, -147.311, 22.7958, 32.7872, 0.00018441, 45.0509, 0.00114336, -125.653, 0.000996007, 57.809
1593, 26.54167, 0.559256, 34.6443, 22.4296, -147.311, 22.7828, 32.7877, 0.000184327, 45.0616, 0.00114277, -125.643, 0.000995516, 57.8196
1593, 26.55000, 0.559592, 34.6504, 22.4165, -147.311, 22.7699, 32.7882, 0.000184244, 45.0724, 0.00114219, -125.632, 0.000995026, 57.8301
1594, 26.55833, 0.559928, 34.6565, 22.4035, -147.31, 22.7569, 32.7887, 0.000184162, 45.0832, 0.0011416, -125.622, 0.000994535, 57.8406
1594, 26.56667, 0.560264, 34.6626, 22.3904, -147.31, 22.744, 32.7892, 0.000184079, 45.0939, 0.00114102, -125.612, 0.000994045, 57.8512
1595, 26.57500, 0.5606, 34.6687, 22.3773, -147.31, 22.7311, 32.7897, 0.000183997, 45.1047, 0.00114043, -125.602, 0.000993555, 57.8617
1595, 26.58333, 0.560937, 34.6749, 22.3642, -147.309, 22.7181, 32.7902, 0.000183914, 45.1155, 0.00113985, -125.592, 0.000993065, 57.8722
1596, 26.59167, 0.561274, 34.681, 22.3512, -147.309, 22.7052, 32.7907, 0.000183832, 45.1263, 0.00113926, -125.582, 0.000992576, 57.8827
1596, 26.60000, 0.561612, 34.6872, 22.3381, -147.309, 22.6923, 32.7912, 0.00018375, 45.1371, 0.00113868, -125.572, 0.000992086, 57.8933
1597, 26.60833, 0.561949, 34.6934, 22.325, -147.309, 22.6794, 32.7917, 0.000183667, 45.1479, 0.00113809, -125.562, 0.000991597, 57.9038
1597, 26.61667, 0.562288, 34.6995, 22.312, -147.308, 22.6665, 32.7922, 0.000183585, 45.1587, 0.00113751, -125.552, 0.000991108, 57.9143
1598, 26.62500, 0.562626, 34.7057, 22.2989, -147.308, 22.6536, 32.7927, 0.000183503, 45.1695, 0.00113692, -125.542, 0.000990619, 57.9248
1598, 26.63333, 0.562964, 34.7119, 22.2859, -147.308, 22.6407, 32.7932, 0.000183421, 45.1803, 0.00113634, -125.532, 0.00099013, 57.9353
1599, 26.64167, 0.563303, 34.7181, 22.2729, -147.307, 22.6278, 32.7937, 0.000183339, 45.1911, 0.00113576, -125.522, 0.000989642, 57.9459
1599, 26.65000, 0.563643, 34.7243, 22.2598, -147.307, 22.6149, 32.7943, 0.000183257, 45.2019, 0.00113517, -125.512, 0.000989154, 57.9564
1600, 26.65833, 0.563982, 34.7305, 22.2468, -147.307, 22.602, 32.7948, 0.000183175, 45.2128, 0.00113459, -125.502, 0.000988666, 57.9669
1600, 26.66667, 0.564322, 34.7368, 22.2338, -147.306, 22.5892, 32.7953, 0.000183093, 45.2236, 0.00113401, -125.492, 0.000988178, 57.9774
1601, 26.67500, 0.564662, 34.743, 22.2208, -147.306, 22.5763, 32.7958, 0.000183011, 45.2345, 0.00113343, -125.482, 0.00098769, 57.9879
1601, 26.68333, 0.565002, 34.7492, 22.2078, -147.306, 22.5634, 32.7963, 0.000182929, 45.2453, 0.00113284, -125.472, 0.000987203, 57.9984
1602, 26.69167, 0.565343, 34.7555, 22.1948, -147.305, 22.5506, 32.7968, 0.000182847, 45.2562, 0.00113226, -125.462, 0.000986715, 58.0089
1602, 26.70000, 0.565684, 34.7617, 22.1818, -147.305, 22.5377, 32.7974, 0.000182765, 45.267, 0.00113168, -125.452, 0.000986228, 58.0194
1603, 26.70833, 0.566025, 34.768, 22.1688, -147.305, 22.5249, 32.7979, 0.000182684, 45.2779, 0.0011311, -125.442, 0.000985741, 58.03
1603, 26.71667, 0.566367, 34.7743, 22.1558, -147.304, 22.5121, 32.7984, 0.000182602, 45.2888, 0.00113052, -125.432, 0.000985255, 58.0405
1604, 26.72500, 0.566709, 34.7806, 22.1428, -147.304, 22.4992, 32.7989, 0.00018252, 45.2997, 0.00112993, -125.422, 0.000984768, 58.051
1604, 26.73333, 0.567051, 34.7869, 22.1299, -147.303, 22.4864, 32.7995, 0.000182439, 45.3106, 0.00112935, -125.412, 0.000984282, 58.0615
1605, 26.74167, 0.567393, 34.7932, 22.1169, -147.303, 22.4736, 32.8, 0.000182357, 45.3215, 0.00112877, -125.402, 0.000983796, 58.072
1605, 26.75000, 0.567736, 34.7995, 22.104, -147.303, 22.4608, 32.8005, 0.000182276, 45.3324, 0.00112819, -125.392, 0.00098331, 58.0825
1606, 26.75833, 0.568079, 34.8058, 22.091, -147.302, 22.448, 32.801, 0.000182195, 45.3433, 0.00112761, -125.382, 0.000982824, 58.093
1606, 26.76667, 0.568423, 34.8121, 22.078, -147.302, 22.4352, 32.8016, 0.000182113, 45.3542, 0.00112703, -125.372, 0.000982339, 58.1035
1607, 26.77500, 0.568766, 34.8185, 22.0651, -147.302, 22.4224, 32.8021, 0.000182032, 45.3651, 0.00112645, -125.362, 0.000981853, 58.114
1607, 26.78333, 0.569111, 34.8248, 22.0522, -147.301, 22.4096, 32.8027, 0.000181951, 45.3761, 0.00112587, -125.352, 0.000981368, 58.1245
1608, 26.79167, 0.569455, 34.8312, 22.0392, -147.301, 22.3969, 32.8032, 0.000181869, 45.387, 0.00112529, -125.342, 0.000980883, 58.135
1608, 26.80000, 0.569799, 34.8376, 22.0263, -147.301, 22.3841, 32.8037, 0.000181788, 45.398, 0.00112471, -125.331, 0.000980399, 58.1455
1609, 26.80833, 0.570144, 34.8439, 22.0134, -147.3, 22.3713, 32.8043, 0.000181707, 45.4089, 0.00112414, -125.321, 0.000979914, 58.156
1609, 26.81667, 0.57049, 34.8503, 22.0005, -147.3, 22.3585, 32.8048, 0.000181626, 45.4199, 0.00112356, -125.311, 0.00097943, 58.1665
1610, 26.82500, 0.570835, 34.8567, 21.9876, -147.299, 22.3458, 32.8054, 0.000181545, 45.4308, 0.00112298, -125.301, 0.000978945, 58.1769
1610, 26.83333, 0.571181, 34.8631, 21.9747, -147.299, 22.333, 32.8059, 0.000181464, 45.4418, 0.0011224, -125.291, 0.000978461, 58.1874
1611, 26.84167, 0.571527, 34.8695, 21.9618, -147.299, 22.3203, 32.8064, 0.000181383, 45.4528, 0.00112182, -125.281, 0.000977978, 58.1979
1611, 26.85000, 0.571874, 34.8759, 21.9489, -147.298, 22.3076, 32.807, 0.000181302, 45.4638, 0.00112124, -125.271, 0.000977494, 58.2084
1612, 26.85833, 0.572221, 34.8823, 21.936, -147.298, 22.2948, 32.8075, 0.000181222, 45.4748, 0.00112067, -125.261, 0.000977011, 58.2189
1612, 26.86667, 0.572568, 34.8888, 21.9231, -147.298, 22.2821, 32.8081, 0.000181141, 45.4858, 0.00112009, -125.251, 0.000976527, 58.2294
1613, 26.87500, 0.572915, 34.8952, 21.9102, -147.297, 22.2694, 32.8086, 0.00018106, 45.4968, 0.00111951, -125.241, 0.000976044, 58.2399
1613, 26.88333, 0.573263, 34.9017, 21.8973, -147.297, 22.2567, 32.8092, 0.000180979, 45.5078, 0.00111894, -125.231, 0.000975561, 58.2504
1614, 26.89167, 0.573611, 34.9081, 21.8845, -147.296, 22.244, 32.8097, 0.000180899, 45.5188, 0.00111836, -125.221, 0.000975079, 58.2608
1614, 26.90000, 0.57396, 34.9146, 21.8716, -147.296, 22.2313, 32.8103, 0.000180818, 45.5298, 0.00111778, -125.211, 0.000974596, 58.2713
1615, 26.90833, 0.574308, 34.9211, 21.8588, -147.296, 22.2186, 32.8109, 0.000180738, 45.5409, 0.00111721, -125.201, 0.000974114, 58.2818
1615, 26.91667, 0.574657, 34.9275, 21.8459, -147.295, 22.2059, 32.8114, 0.000180657, 45.5519, 0.00111663, -125.191, 0.000973632, 58.2923
1616, 26.92500, 0.575007, 34.934, 21.8331, -147.295, 22.1932, 32.812, 0.000180577, 45.563, 0.00111605, -125.181, 0.00097315, 58.3028
1616, 26.93333, 0.575356, 34.9405, 21.8202, -147.294, 22.1805, 32.8125, 0.000180496, 45.574, 0.00111548, -125.171, 0.000972668, 58.3132
1617, 26.94167, 0.575706, 34.947, 21.8074, -147.294, 22.1678, 32.8131, 0.000180416, 45.5851, 0.0011149, -125.161, 0.000972187, 58.3237
1617, 26.95000, 0.576057, 34.9535, 21.7946, -147.294, 22.1552, 32.8137, 0.000180336, 45.5961, 0.00111433, -125.151, 0.000971705, 58.3342
1618, 26.95833, 0.576407, 34.9601, 21.7817, -147.293, 22.1425, 32.8142, 0.000180255, 45.6072, 0.00111375, -125.141, 0.000971224, 58.3447
1618, 26.96667, 0.576758, 34.9666, 21.7689, -147.293, 22.1298, 32.8148, 0.000180175, 45.6183, 0.00111318, -125.131, 0.000970743, 58.3551
1619, 26.97500, 0.577109, 34.9731, 21.7561, -147.292, 22.1172, 32.8154, 0.000180095, 45.6294, 0.0011126, -125.121, 0.000970262, 58.3656
1619, 26.98333, 0.577461, 34.9797, 21.7433, -147.292, 22.1045, 32.816, 0.000180015, 45.6405, 0.00111203, -125.111, 0.000969782, 58.3761
1620, 26.99167, 0.577813, 34.9863, 21.7305, -147.291, 22.0919, 32.8165, 0.000179935, 45.6516, 0.00111146, -125.101, 0.000969301, 58.3866
1620, 27.00000, 0.578165, 34.9928, 21.7177, -147.291, 22.0793, 32.8171, 0.000179855, 45.6627, 0.00111088, -125.091, 0.000968821, 58.397
1621, 27.00833, 0.578517, 34.9994, 21.7049, -147.291, 22.0666, 32.8177, 0.000179775, 45.6738, 0.00111031, -125.081, 0.000968341, 58.4075
1621, 27.01667, 0.57887, 35.006, 21.6921, -147.29, 22.054, 32.8183, 0.000179695, 45.6849, 0.00110974, -125.071, 0.000967861, 58.418
1622, 27.02500, 0.579224, 35.0126, 21.6793, -147.29, 22.0414, 32.8188, 0.000179615, 45.6961, 0.00110916, -125.061, 0.000967381, 58.4284
1622, 27.03333, 0.579577, 35.0192, 21.6666, -147.289, 22.0288, 32.8194, 0.000179535, 45.7072, 0.00110859, -125.051, 0.000966902, 58.4389
1623, 27.04167, 0.579931, 35.0258, 21.6538, -147.289, 22.0162, 32.82, 0.000179456, 45.7183, 0.00110802, -125.04, 0.000966422, 58.4494
1623, 27.05000, 0.580285, 35.0324, 21.641, -147.288, 22.0036, 32.8206, 0.000179376, 45.7295, 0.00110745, -125.03, 0.000965943, 58.4598
1624, 27.05833, 0.580639, 35.039, 21.6283, -147.288, 21.991, 32.8212, 0.000179296, 45.7407, 0.00110687, -125.02, 0.000965464, 58.4703
1624, 27.06667, 0.580994, 35.0456, 21.6155, -147.287, 21.9784, 32.8218, 0.000179217, 45.7518, 0.0011063, -125.01, 0.000964985, 58.4807
1625, 27.07500, 0.581349, 35.0523, 21.6028, -147.287, 21.9658, 32.8223, 0.000179137, 45.763, 0.00110573, -125, 0.000964506, 58.4912
1625, 27.08333, 0.581705, 35.0589, 21.59, -147.287, 21.9533, 32.8229, 0.000179058, 45.7742, 0.00110516, -124.99, 0.000964028, 58.5017
1626, 27.09167, 0.582061, 35.0656, 21.5773, -147.286, 21.9407, 32.8235, 0.000178978, 45.7854, 0.00110459, -124.98, 0.00096355, 58.5121
1626, 27.10000, 0.582417, 35.0722, 21.5646, -147.286, 21.9281, 32.8241, 0.000178899, 45.7966, 0.00110402, -124.97, 0.000963072, 58.5226
1627, 27.10833, 0.582773, 35.0789, 21.5518, -147.285, 21.9156, 32.8247, 0.000178819, 45.8078, 0.00110344, -124.96, 0.000962594, 58.533
1627, 27.11667, 0.58313, 35.0856, 21.5391, -147.285, 21.903, 32.8253, 0.00017874, 45.819, 0.00110287, -124.95, 0.000962116, 58.5435
1628, 27.12500, 0.583487, 35.0923, 21.5264, -147.284, 21.8905, 32.8259, 0.000178661, 45.8302, 0.0011023, -124.94, 0.000961638, 58.5539
1628, 27.13333, 0.583844, 35.099, 21.5137, -147.284, 21.8779, 32.8265, 0.000178581, 45.8414, 0.00110173, -124.93, 0.000961161, 58.5644
1629, 27.14167, 0.584202, 35.1057, 21.501, -147.283, 21.8654, 32.8271, 0.000178502, 45.8526, 0.00110116, -124.92, 0.000960684, 58.5748
1629, 27.15000, 0.58456, 35.1124, 21.4883, -147.283, 21.8528, 32.8277, 0.000178423, 45.8639, 0.00110059, -124.91, 0.000960207, 58.5853
1630, 27.15833, 0.584918, 35.1191, 21.4756, -147.282, 21.8403, 32.8283, 0.000178344, 45.8751, 0.00110002, -124.9, 0.00095973, 58.5957
1630, 27.16667, 0.585277, 35.1258, 21.4629, -147.282, 21.8278, 32.8289, 0.000178265, 45.8864, 0.00109945, -124.89, 0.000959253, 58.6062
1631, 27.17500, 0.585636, 35.1326, 21.4502, -147.281, 21.8153, 32.8295, 0.000178186, 45.8976, 0.00109888, -124.88, 0.000958777, 58.6166
1631, 27.18333, 0.585996, 35.1393, 21.4375, -147.281, 21.8028, 32.8301, 0.000178107, 45.9089, 0.00109832, -124.87, 0.0009583, 58.6271
1632, 27.19167, 0.586355, 35.146, 21.4249, -147.28, 21.7903, 32.8307, 0.000178028, 45.9202, 0.00109775, -124.86, 0.000957824, 58.6375
1632, 27.20000, 0.586715, 35.1528, 21.4122, -147.28, 21.7778, 32.8313, 0.000177949, 45.9315, 0.00109718, -124.85, 0.000957348, 58.6479
1633, 27.20833, 0.587076, 35.1596, 21.3995, -147.279, 21.7653, 32.832, 0.00017787, 45.9428, 0.00109661, -124.84, 0.000956872, 58.6584
1633, 27.21667, 0.587436, 35.1663, 21.3869, -147.279, 21.7528, 32.8326, 0.000177792, 45.9541, 0.00109604, -124.83, 0.000956397, 58.6688
1634, 27.22500, 0.587797, 35.1731, 21.3742, -147.278, 21.7403, 32.8332, 0.000177713, 45.9654, 0.00109547, -124.82, 0.000955921, 58.6793
1634, 27.23333, 0.588159, 35.1799, 21.3616, -147.278, 21.7278, 32.8338, 0.000177634, 45.9767, 0.00109491, -124.81, 0.000955446, 58.6897
1635, 27.24167, 0.588521, 35.1867, 21.3489, -147.277, 21.7153, 32.8344, 0.000177556, 45.988, 0.00109434, -124.8, 0.000954971, 58.7001
1635, 27.25000, 0.588883, 35.1935, 21.3363, -147.277, 21.7029, 32.835, 0.000177477, 45.9993, 0.00109377, -124.789, 0.000954496, 58.7106
1636, 27.25833, 0.589245, 35.2003, 21.3236, -147.276, 21.6904, 32.8357, 0.000177398, 46.0107, 0.0010932, -124.779, 0.000954021, 58.721
1636, 27.26667, 0.589608, 35.2072, 21.311, -147.276, 21.678, 32.8363, 0.00017732, 46.022, 0.00109264, -124.769, 0.000953547, 58.7314
1637, 27.27500, 0.589971, 35.214, 21.2984, -147.275, 21.6655, 32.8369, 0.000177241, 46.0334, 0.00109207, -124.759, 0.000953072, 58.7419
1637, 27.28333, 0.590334, 35.2208, 21.2858, -147.275, 21.6531, 32.8375, 0.000177163, 46.0447, 0.0010915, -124.749, 0.000952598, 58.7523
1638, 27.29167, 0.590698, 35.2277, 21.2732, -147.274, 21.6406, 32.8382, 0.000177085, 46.0561, 0.00109094, -124.739, 0.000952124, 58.7627
1638, 27.30000, 0.591062, 35.2345, 21.2606, -147.274, 21.6282, 32.8388, 0.000177006, 46.0675, 0.00109037, -124.729, 0.00095165, 58.7732
1639, 27.30833, 0.591426, 35.2414, 21.248, -147.273, 21.6158, 32.8394, 0.000176928, 46.0788, 0.00108981, -124.719, 0.000951176, 58.7836
1639, 27.31667, 0.591791, 35.2482, 21.2354, -147.273, 21.6033, 32.84, 0.00017685, 46.0902, 0.00108924, -124.709, 0.000950703, 58.794
1640, 27.32500, 0.592156, 35.2551, 21.2228, -147.272, 21.5909, 32.8407, 0.000176772, 46.1016, 0.00108868, -124.699, 0.000950229, 58.8044
1640, 27.33333, 0.592521, 35.262, 21.2102, -147.272, 21.5785, 32.8413, 0.000176694, 46.113, 0.00108811, -124.689, 0.000949756, 58.8149
1641, 27.34167, 0.592887, 35.2689, 21.1976, -147.271, 21.5661, 32.842, 0.000176616, 46.1244, 0.00108755, -124.679, 0.000949283, 58.8253
1641, 27.35000, 0.593253, 35.2758, 21.185, -147.271, 21.5537, 32.8426, 0.000176538, 46.1359, 0.00108698, -124.669, 0.00094881, 58.8357
1642, 27.35833, 0.59362, 35.2827, 21.1725, -147.27, 21.5413, 32.8432, 0.00017646, 46.1473, 0.00108642, -124.659, 0.000948337, 58.8461
1642, 27.36667, 0.593987, 35.2896, 21.1599, -147.27, 21.5289, 32.8439, 0.000176382, 46.1587, 0.00108585, -124.649, 0.000947865, 58.8566
1643, 27.37500, 0.594354, 35.2965, 21.1473, -147.269, 21.5165, 32.8445, 0.000176304, 46.1702, 0.00108529, -124.639, 0.000947392, 58.867
1643, 27.38333, 0.594721, 35.3034, 21.1348, -147.269, 21.5042, 32.8452, 0.000176226, 46.1816, 0.00108472, -124.629, 0.00094692, 58.8774
1644, 27.39167, 0.595089, 35.3104, 21.1222, -147.268, 21.4918, 32.8458, 0.000176148, 46.1931, 0.00108416, -124.619, 0.000946448, 58.8878
1644, 27.40000, 0.595457, 35.3173, 21.1097, -147.267, 21.4794, 32.8465, 0.00017607, 46.2045, 0.0010836, -124.609, 0.000945976, 58.8982
1645, 27.40833, 0.595825, 35.3243, 21.0971, -147.267, 21.4671, 32.8471, 0.000175993, 46.216, 0.00108303, -124.599, 0.000945504, 58.9086
1645, 27.41667, 0.596194, 35.3312, 21.0846, -147.266, 21.4547, 32.8477, 0.000175915, 46.2275, 0.00108247, -124.589, 0.000945033, 58.9191
1646, 27.42500, 0.596563, 35.3382, 21.0721, -147.266, 21.4423, 32.8484, 0.000175837, 46.239, 0.00108191, -124.578, 0.000944561, 58.9295
1646, 27.43333, 0.596933, 35.3452, 21.0595, -147.265, 21.43, 32.8491, 0.00017576, 46.2505, 0.00108134, -124.568, 0.00094409, 58.9399
1647, 27.44167, 0.597303, 35.3521, 21.047, -147.265, 21.4176, 32.8497, 0.000175682, 46.262, 0.00108078, -124.558, 0.000943619, 58.9503
1647, 27.45000, 0.597673, 35.3591, 21.0345, -147.264, 21.4053, 32.8504, 0.000175605, 46.2735, 0.00108022, -124.548, 0.000943148, 58.9607
1648, 27.45833, 0.598043, 35.3661, 21.022, -147.264, 21.393, 32.851, 0.000175527, 46.285, 0.00107966, -124.538, 0.000942677, 58.9711
1648, 27.46667, 0.598414, 35.3731, 21.0095, -147.263, 21.3806, 32.8517, 0.00017545, 46.2965, 0.0010791, -124.528, 0.000942207, 58.9815
1649, 27.47500, 0.598785, 35.3801, 20.997, -147.262, 21.3683, 32.8523, 0.000175373, 46.3081, 0.00107853, -124.518, 0.000941737, 58.9919
1649, 27.48333, 0.599157, 35.3872, 20.9845, -147.262, 21.356, 32.853, 0.000175295, 46.3196, 0.00107797, -124.508, 0.000941266, 59.0023
1650, 27.49167, 0.599529, 35.3942, 20.972, -147.261, 21.3437, 32.8537, 0.000175218, 46.3312, 0.00107741, -124.498, 0.000940796, 59.0128
1650, 27.50000, 0.599901, 35.4012, 20.9595, -147.261, 21.3314, 32.8543, 0.000175141, 46.3427, 0.00107685, -124.488, 0.000940326, 59.0232
1651, 27.50833, 0.600274, 35.4082, 20.947, -147.26, 21.3191, 32.855, 0.000175064, 46.3543, 0.00107629, -124.478, 0.000939857, 59.0336
1651, 27.51667, 0.600647, 35.4153, 20.9346, -147.26, 21.3068, 32.8557, 0.000174987, 46.3659, 0.00107573, -124.468, 0.000939387, 59.044
1652, 27.52500, 0.60102, 35.4223, 20.9221, -147.259, 21.2945, 32.8563, 0.00017491, 46.3775, 0.00107517, -124.458, 0.000938918, 59.0544
1652, 27.53333, 0.601394, 35.4294, 20.9096, -147.258, 21.2822, 32.857, 0.000174833, 46.3891, 0.00107461, -124.448, 0.000938448, 59.0648
1653, 27.54167, 0.601768, 35.4365, 20.8972, -147.258, 21.2699, 32.8577, 0.000174756, 46.4007, 0.00107405, -124.438, 0.000937979, 59.0752
1653, 27.55000, 0.602142, 35.4436, 20.8847, -147.257, 21.2577, 32.8584, 0.000174679, 46.4123, 0.00107349, -124.428, 0.00093751, 59.0856
1654, 27.55833, 0.602516, 35.4506, 20.8723, -147.257, 21.2454, 32.859, 0.000174602, 46.4239, 0.00107293, -124.418, 0.000937041, 59.096
1654, 27.56667, 0.602892, 35.4577, 20.8598, -147.256, 21.2331, 32.8597, 0.000174525, 46.4355, 0.00107237, -124.408, 0.000936573, 59.1064
1655, 27.57500, 0.603267, 35.4648, 20.8474, -147.255, 21.2209, 32.8604, 0.000174448, 46.4472, 0.00107181, -124.397, 0.000936104, 59.1168
1655, 27.58333, 0.603643, 35.4719, 20.8349, -147.255, 21.2086, 32.8611, 0.000174372, 46.4588, 0.00107125, -124.387, 0.000935636, 59.1271
1656, 27.59167, 0.604019, 35.479, 20.8225, -147.254, 21.1964, 32.8618, 0.000174295, 46.4704, 0.00107069, -124.377, 0.000935168, 59.1375
1656, 27.60000, 0.604395, 35.4862, 20.8101, -147.254, 21.1841, 32.8624, 0.000174218, 46.4821, 0.00107013, -124.367, 0.0009347, 59.1479
1657, 27.60833, 0.604772, 35.4933, 20.7977, -147.253, 21.1719, 32.8631, 0.000174142, 46.4938, 0.00106957, -124.357, 0.000934232, 59.1583
1657, 27.61667, 0.605149, 35.5004, 20.7852, -147.252, 21.1597, 32.8638, 0.000174065, 46.5054, 0.00106901, -124.347, 0.000933764, 59.1687
1658, 27.62500, 0.605526, 35.5076, 20.7728, -147.252, 21.1474, 32.8645, 0.000173989, 46.5171, 0.00106846, -124.337, 0.000933297, 59.1791
1658, 27.63333, 0.605904, 35.5147, 20.7604, -147.251, 21.1352, 32.8652, 0.000173912, 46.5288, 0.0010679, -124.327, 0.000932829, 59.1895
1659, 27.64167, 0.606282, 35.5219, 20.748, -147.25, 21.123, 32.8659, 0.000173836, 46.5405, 0.00106734, -124.317, 0.000932362, 59.1999
1659, 27.65000, 0.606661, 35.529, 20.7356, -147.25, 21.1108, 32.8666, 0.000173759, 46.5522, 0.00106678, -124.307, 0.000931895, 59.2103
1660, 27.65833, 0.60704, 35.5362, 20.7232, -147.249, 21.0986, 32.8673, 0.000173683, 46.5639, 0.00106623, -124.297, 0.000931428, 59.2207
1660, 27.66667, 0.607419, 35.5434, 20.7109, -147.249, 21.0864, 32.868, 0.000173607, 46.5757, 0.00106567, -124.287, 0.000930962, 59.231
1661, 27.67500, 0.607798, 35.5505, 20.6985, -147.248, 21.0742, 32.8687, 0.00017353, 46.5874, 0.00106511, -124.277, 0.000930495, 59.2414
1661, 27.68333, 0.608178, 35.5577, 20.6861, -147.247, 21.062, 32.8694, 0.000173454, 46.5991, 0.00106456, -124.267, 0.000930029, 59.2518
1662, 27.69167, 0.608558, 35.5649, 20.6737, -147.247, 21.0498, 32.8701, 0.000173378, 46.6109, 0.001064, -124.257, 0.000929562, 59.2622
1662, 27.70000, 0.608939, 35.5721, 20.6614, -147.246, 21.0376, 32.8708, 0.000173302, 46.6226, 0.00106344, -124.246, 0.000929096, 59.2726
1663, 27.70833, 0.60932, 35.5793, 20.649, -147.245, 21.0254, 32.8715, 0.000173226, 46.6344, 0.00106289, -124.236, 0.00092863, 59.2829
1663, 27.71667, 0.609701, 35.5866, 20.6366, -147.245, 21.0132, 32.8722, 0.00017315, 46.6462, 0.00106233, -124.226, 0.000928164, 59.2933
1664, 27.72500, 0.610083, 35.5938, 20.6243, -147.244, 21.0011, 32.8729, 0.000173074, 46.658, 0.00106177, -124.216, 0.000927699, 59.3037
1664, 27.73333, 0.610465, 35.601, 20.6119, -147.243, 20.9889, 32.8736, 0.000172998, 46.6698, 0.00106122, -124.206, 0.000927233, 59.3141
1665, 27.74167, 0.610847, 35.6083, 20.5996, -147.243, 20.9768, 32.8743, 0.000172922, 46.6816, 0.00106066, -124.196, 0.000926768, 59.3245
1665, 27.75000, 0.61123, 35.6155, 20.5873, -147.242, 20.9646, 32.875, 0.000172846, 46.6934, 0.00106011, -124.186, 0.000926303, 59.3348
1666, 27.75833, 0.611613, 35.6227, 20.5749, -147.241, 20.9524, 32.8757, 0.000172771, 46.7052, 0.00105955, -124.176, 0.000925838, 59.3452
1666, 27.76667, 0.611996, 35.63, 20.5626, -147.241, 20.9403, 32.8765, 0.000172695, 46.717, 0.001059, -124.166, 0.000925373, 59.3556
1667, 27.77500, 0.61238, 35.6373, 20.5503, -147.24, 20.9282, 32.8772, 0.000172619, 46.7289, 0.00105844, -124.156, 0.000924908, 59.366
1667, 27.78333, 0.612764, 35.6446, 20.538, -147.239, 20.916, 32.8779, 0.000172543, 46.7407, 0.00105789, -124.146, 0.000924444, 59.3763
1668, 27.79167, 0.613149, 35.6518, 20.5256, -147.239, 20.9039, 32.8786, 0.000172468, 46.7525, 0.00105733, -124.136, 0.000923979, 59.3867
1668, 27.80000, 0.613533, 35.6591, 20.5133, -147.238, 20.8918, 32.8793, 0.000172392, 46.7644, 0.00105678, -124.126, 0.000923515, 59.3971
1669, 27.80833, 0.613919, 35.6664, 20.501, -147.237, 20.8797, 32.8801, 0.000172317, 46.7763, 0.00105623, -124.116, 0.000923051, 59.4074
1669, 27.81667, 0.614304, 35.6737, 20.4887, -147.237, 20.8675, 32.8808, 0.000172241, 46.7882, 0.00105567, -124.105, 0.000922587, 59.4178
1670, 27.82500, 0.61469, 35.681, 20.4764, -147.236, 20.8554, 32.8815, 0.000172166, 46.8, 0.00105512, -124.095, 0.000922123, 59.4282
1670, 27.83333, 0.615076, 35.6883, 20.4641, -147.235, 20.8433, 32.8822, 0.000172091, 46.8119, 0.00105457, -124.085, 0.000921659, 59.4385
1671, 27.84167, 0.615463, 35.6957, 20.4519, -147.235, 20.8312, 32.883, 0.000172015, 46.8238, 0.00105401, -124.075, 0.000921196, 59.4489
1671, 27.85000, 0.61585, 35.703, 20.4396, -147.234, 20.8191, 32.8837, 0.00017194, 46.8357, 0.00105346, -124.065, 0.000920732, 59.4593
1672, 27.85833, 0.616237, 35.7103, 20.4273, -147.233, 20.8071, 32.8844, 0.000171865, 46.8477, 0.00105291, -124.055, 0.000920269, 59.4696
1672, 27.86667, 0.616625, 35.7177, 20.415, -147.233, 20.795, 32.8852, 0.000171789, 46.8596, 0.00105235, -124.045, 0.000919806, 59.48
1673, 27.87500, 0.617013, 35.725, 20.4028, -147.232, 20.7829, 32.8859, 0.000171714, 46.8715, 0.0010518, -124.035, 0.000919343, 59.4903
1673, 27.88333, 0.617401, 35.7324, 20.3905, -147.231, 20.7708, 32.8867, 0.000171639, 46.8835, 0.00105125, -124.025, 0.00091888, 59.5007
1674, 27.89167, 0.61779, 35.7397, 20.3783, -147.23, 20.7587, 32.8874, 0.000171564, 46.8954, 0.0010507, -124.015, 0.000918418, 59.5111
1674, 27.90000, 0.618179, 35.7471, 20.366, -147.23, 20.7467, 32.8881, 0.000171489, 46.9074, 0.00105015, -124.005, 0.000917955, 59.5214
1675, 27.90833, 0.618568, 35.7545, 20.3538, -147.229, 20.7346, 32.8889, 0.000171414, 46.9194, 0.00104959, -123.995, 0.000917493, 59.5318
1675, 27.91667, 0.618958, 35.7619, 20.3415, -147.228, 20.7226, 32.8896, 0.000171339, 46.9314, 0.00104904, -123.985, 0.000917031, 59.5421
1676, 27.92500, 0.619348, 35.7693, 20.3293, -147.228, 20.7105, 32.8904, 0.000171264, 46.9433, 0.00104849, -123.974, 0.000916569, 59.5525
1676, 27.93333, 0.619738, 35.7767, 20.3171, -147.227, 20.6985, 32.8911, 0.000171189, 46.9553, 0.00104794, -123.964, 0.000916107, 59.5629
1677, 27.94167, 0.620129, 35.7841, 20.3048, -147.226, 20.6864, 32.8919, 0.000171115, 46.9674, 0.00104739, -123.954, 0.000915645, 59.5732
1677, 27.95000, 0.62052, 35.7915, 20.2926, -147.225, 20.6744, 32.8926, 0.00017104, 46.9794, 0.00104684, -123.944, 0.000915183, 59.5836
1678, 27.95833, 0.620912, 35.7989, 20.2804, -147.225, 20.6624, 32.8934, 0.000170965, 46.9914, 0.00104629, -123.934, 0.000914722, 59.5939
1678, 27.96667, 0.621304, 35.8063, 20.2682, -147.224, 20.6503, 32.8941, 0.00017089, 47.0034, 0.00104574, -123.924, 0.000914261, 59.6043
1679, 27.97500, 0.621696, 35.8138, 20.256, -147.223, 20.6383, 32.8949, 0.000170816, 47.0155, 0.00104519, -123.914, 0.000913799, 59.6146
1679, 27.98333, 0.622089, 35.8212, 20.2438, -147.222, 20.6263, 32.8957, 0.000170741, 47.0275, 0.00104464, -123.904, 0.000913338, 59.625
1680, 27.99167, 0.622482, 35.8287, 20.2316, -147.222, 20.6143, 32.8964, 0.000170667, 47.0396, 0.00104409, -123.894, 0.000912877, 59.6353
1680, 28.00000, 0.622875, 35.8361, 20.2194, -147.221, 20.6023, 32.8972, 0.000170592, 47.0517, 0.00104354, -123.884, 0.000912417, 59.6457
1681, 28.00833, 0.623268, 35.8436, 20.2072, -147.22, 20.5903, 32.8979, 0.000170518, 47.0637, 0.00104299, -123.874, 0.000911956, 59.656
1681, 28.01667, 0.623663, 35.851, 20.195, -147.219, 20.5783, 32.8987, 0.000170443, 47.0758, 0.00104244, -123.863, 0.000911496, 59.6664
1682, 28.02500, 0.624057, 35.8585, 20.1828, -147.219, 20.5663, 32.8995, 0.000170369, 47.0879, 0.00104189, -123.853, 0.000911035, 59.6767
1682, 28.03333, 0.624452, 35.866, 20.1706, -147.218, 20.5543, 32.9002, 0.000170295, 47.1, 0.00104134, -123.843, 0.000910575, 59.687
1683, 28.04167, 0.624847, 35.8735, 20.1585, -147.217, 20.5423, 32.901, 0.00017022, 47.1122, 0.00104079, -123.833, 0.000910115, 59.6974
1683, 28.05000, 0.625242, 35.881, 20.1463, -147.216, 20.5303, 32.9018, 0.000170146, 47.1243, 0.00104024, -123.823, 0.000909655, 59.7077
1684, 28.05833, 0.625638, 35.8885, 20.1341, -147.216, 20.5184, 32.9026, 0.000170072, 47.1364, 0.0010397, -123.813, 0.000909195, 59.7181
1684, 28.06667, 0.626034, 35.896, 20.122, -147.215, 20.5064, 32.9033, 0.000169998, 47.1486, 0.00103915, -123.803, 0.000908736, 59.7284
1685, 28.07500, 0.62643, 35.9035, 20.1098, -147.214, 20.4944, 32.9041, 0.000169924, 47.1607, 0.0010386, -123.793, 0.000908276, 59.7388
1685, 28.08333, 0.626827, 35.911, 20.0977, -147.213, 20.4825, 32.9049, 0.00016985, 47.1729, 0.00103805, -123.783, 0.000907817, 59.7491
1686, 28.09167, 0.627225, 35.9186, 20.0855, -147.213, 20.4705, 32.9057, 0.000169776, 47.1851, 0.0010375, -123.773, 0.000907358, 59.7594
1686, 28.10000, 0.627622, 35.9261, 20.0734, -147.212, 20.4586, 32.9065, 0.000169702, 47.1972, 0.00103696, -123.763, 0.000906899, 59.7698
1687, 28.10833, 0.62802, 35.9337, 20.0613, -147.211, 20.4466, 32.9073, 0.000169628, 47.2094, 0.00103641, -123.752, 0.00090644, 59.7801
1687, 28.11667, 0.628418, 35.9412, 20.0491, -147.21, 20.4347, 32.908, 0.000169554, 47.2216, 0.00103586, -123.742, 0.000905981, 59.7905
1688, 28.12500, 0.628817, 35.9488, 20.037, -147.21, 20.4227, 32.9088, 0.00016948, 47.2338, 0.00103532, -123.732, 0.000905522, 59.8008
1688, 28.13333, 0.629216, 35.9563, 20.0249, -147.209, 20.4108, 32.9096, 0.000169406, 47.246, 0.00103477, -123.722, 0.000905064, 59.8111
1689, 28.14167, 0.629615, 35.9639, 20.0128, -147.208, 20.3989, 32.9104, 0.000169333, 47.2583, 0.00103422, -123.712, 0.000904606, 59.8215
1689, 28.15000, 0.630015, 35.9715, 20.0007, -147.207, 20.387, 32.9112, 0.000169259, 47.2705, 0.00103368, -123.702, 0.000904147, 59.8318
1690, 28.15833, 0.630415, 35.9791, 19.9886, -147.206, 20.375, 32.912, 0.000169185, 47.2827, 0.00103313, -123.692, 0.000903689, 59.8421
1690, 28.16667, 0.630815, 35.9867, 19.9765, -147.206, 20.3631, 32.9128, 0.000169112, 47.295, 0.00103258, -123.682, 0.000903231, 59.8525
1691, 28.17500, 0.631216, 35.9943, 19.9644, -147.205, 20.3512, 32.9136, 0.000169038, 47.3073, 0.00103204, -123.672, 0.000902774, 59.8628
1691, 28.18333, 0.631617, 36.0019, 19.9523, -147.204, 20.3393, 32.9144, 0.000168964, 47.3195, 0.00103149, -123.662, 0.000902316, 59.8731
1692, 28.19167, 0.632018, 36.0095, 19.9402, -147.203, 20.3274, 32.9152, 0.000168891, 47.3318, 0.00103095, -123.651, 0.000901858, 59.8835
1692, 28.20000, 0.63242, 36.0171, 19.9281, -147.202, 20.3155, 32.916, 0.000168818, 47.3441, 0.0010304, -123.641, 0.000901401, 59.8938
1693, 28.20833, 0.632822, 36.0248, 19.916, -147.202, 20.3036, 32.9168, 0.000168744, 47.3564, 0.00102986, -123.631, 0.000900944, 59.9041
1693, 28.21667, 0.633225, 36.0324, 19.9039, -147.201, 20.2917, 32.9176, 0.000168671, 47.3687, 0.00102931, -123.621, 0.000900487, 59.9144
1694, 28.22500, 0.633628, 36.0401, 19.8919, -147.2, 20.2799, 32.9184, 0.000168597, 47.3811, 0.00102877, -123.611, 0.00090003, 59.9248
1694, 28.23333, 0.634031, 36.0477, 19.8798, -147.199, 20.268, 32.9193, 0.000168524, 47.3934, 0.00102822, -123.601, 0.000899573, 59.9351
1695, 28.24167, 0.634435, 36.0554, 19.8677, -147.198, 20.2561, 32.9201, 0.000168451, 47.4057, 0.00102768, -123.591, 0.000899116, 59.9454
1695, 28.25000, 0.634838, 36.063, 19.8557, -147.197, 20.2442, 32.9209, 0.000168378, 47.4181, 0.00102713, -123.581, 0.000898659, 59.9557
1696, 28.25833, 0.635243, 36.0707, 19.8436, -147.197, 20.2324, 32.9217, 0.000168305, 47.4304, 0.00102659, -123.571, 0.000898203, 59.9661
1696, 28.26667, 0.635647, 36.0784, 19.8316, -147.196, 20.2205, 32.9225, 0.000168232, 47.4428, 0.00102605, -123.56, 0.000897747, 59.9764
1697, 28.27500, 0.636052, 36.0861, 19.8195, -147.195, 20.2087, 32.9233, 0.000168159, 47.4552, 0.0010255, -123.55, 0.00089729, 59.9867
1697, 28.28333, 0.636458, 36.0938, 19.8075, -147.194, 20.1968, 32.9242, 0.000168086, 47.4676, 0.00102496, -123.54, 0.000896834, 59.997
1698, 28.29167, 0.636863, 36.1015, 19.7955, -147.193, 20.185, 32.925, 0.000168013, 47.48, 0.00102442, -123.53, 0.000896379, 60.0074
1698, 28.30000, 0.637269, 36.1092, 19.7834, -147.192, 20.1731, 32.9258, 0.00016794, 47.4924, 0.00102387, -123.52, 0.000895923, 60.0177
1699, 28.30833, 0.637676, 36.1169, 19.7714, -147.192, 20.1613, 32.9267, 0.000167867, 47.5048, 0.00102333, -123.51, 0.000895467, 60.028
1699, 28.31667, 0.638083, 36.1247, 19.7594, -147.191, 20.1494, 32.9275, 0.000167794, 47.5172, 0.00102279, -123.5, 0.000895012, 60.0383
1700, 28.32500, 0.63849, 36.1324, 19.7474, -147.19, 20.1376, 32.9283, 0.000167721, 47.5296, 0.00102224, -123.49, 0.000894556, 60.0486
1700, 28.33333, 0.638897, 36.1401, 19.7354, -147.189, 20.1258, 32.9292, 0.000167648, 47.5421, 0.0010217, -123.479, 0.000894101, 60.059
1701, 28.34167, 0.639305, 36.1479, 19.7234, -147.188, 20.114, 32.93, 0.000167576, 47.5545, 0.00102116, -123.469, 0.000893646, 60.0693
1701, 28.35000, 0.639713, 36.1557, 19.7114, -147.187, 20.1022, 32.9308, 0.000167503, 47.567, 0.00102062, -123.459, 0.000893191, 60.0796
1702, 28.35833, 0.640122, 36.1634, 19.6994, -147.186, 20.0904, 32.9317, 0.00016743, 47.5795, 0.00102007, -123.449, 0.000892736, 60.0899
1702, 28.36667, 0.64053, 36.1712, 19.6874, -147.186, 20.0785, 32.9325, 0.000167358, 47.592, 0.00101953, -123.439, 0.000892281, 60.1002
1703, 28.37500, 0.64094, 36.179, 19.6754, -147.185, 20.0667, 32.9334, 0.000167285, 47.6044, 0.00101899, -123.429, 0.000891827, 60.1105
1703, 28.38333, 0.641349, 36.1868, 19.6634, -147.184, 20.055, 32.9342, 0.000167213, 47.6169, 0.00101845, -123.419, 0.000891372, 60.1208
1704, 28.39167, 0.641759, 36.1946, 19.6514, -147.183, 20.0432, 32.9351, 0.00016714, 47.6295, 0.00101791, -123.409, 0.000890918, 60.1312
1704, 28.40000, 0.642169, 36.2024, 19.6395, -147.182, 20.0314, 32.9359, 0.000167068, 47.642, 0.00101737, -123.399, 0.000890464, 60.1415
1705, 28.40833, 0.64258, 36.2102, 19.6275, -147.181, 20.0196, 32.9368, 0.000166996, 47.6545, 0.00101683, -123.388, 0.000890009, 60.1518
1705, 28.41667, 0.642991, 36.218, 19.6155, -147.18, 20.0078, 32.9376, 0.000166923, 47.6671, 0.00101629, -123.378, 0.000889555, 60.1621
1706, 28.42500, 0.643402, 36.2258, 19.6036, -147.179, 19.996, 32.9385, 0.000166851, 47.6796, 0.00101574, -123.368, 0.000889102, 60.1724
1706, 28.43333, 0.643814, 36.2337, 19.5916, -147.179, 19.9843, 32.9393, 0.000166779, 47.6922, 0.0010152, -123.358, 0.000888648, 60.1827
1707, 28.44167, 0.644226, 36.2415, 19.5796, -147.178, 19.9725, 32.9402, 0.000166706, 47.7047, 0.00101466, -123.348, 0.000888194, 60.193
1707, 28.45000, 0.644638, 36.2494, 19.5677, -147.177, 19.9607, 32.9411, 0.000166634, 47.7173, 0.00101412, -123.338, 0.000887741, 60.2033
1708, 28.45833, 0.645051, 36.2572, 19.5558, -147.176, 19.949, 32.9419, 0.000166562, 47.7299, 0.00101358, -123.328, 0.000887288, 60.2136
1708, 28.46667, 0.645464, 36.2651, 19.5438, -147.175, 19.9372, 32.9428, 0.00016649, 47.7425, 0.00101304, -123.317, 0.000886834, 60.224
1709, 28.47500, 0.645877, 36.273, 19.5319, -147.174, 19.9255, 32.9437, 0.000166418, 47.7551, 0.0010125, -123.307, 0.000886381, 60.2343
1709, 28.48333, 0.646291, 36.2809, 19.5199, -147.173, 19.9137, 32.9445, 0.000166346, 47.7677, 0.00101197, -123.297, 0.000885928, 60.2446
1710, 28.49167, 0.646705, 36.2888, 19.508, -147.172, 19.902, 32.9454, 0.000166274, 47.7804, 0.00101143, -123.287, 0.000885475, 60.2549
1710, 28.50000, 0.64712, 36.2967, 19.4961, -147.171, 19.8903, 32.9463, 0.000166202, 47.793, 0.00101089, -123.277, 0.000885023, 60.2652
1711, 28.50833, 0.647535, 36.3046, 19.4842, -147.171, 19.8785, 32.9472, 0.00016613, 47.8057, 0.00101035, -123.267, 0.00088457, 60.2755
1711, 28.51667, 0.64795, 36.3125, 19.4723, -147.17, 19.8668, 32.948, 0.000166059, 47.8183, 0.00100981, -123.257, 0.000884118, 60.2858
1712, 28.52500, 0.648365, 36.3204, 19.4604, -147.169, 19.8551, 32.9489, 0.000165987, 47.831, 0.00100927, -123.247, 0.000883666, 60.2961
1712, 28.53333, 0.648781, 36.3284, 19.4485, -147.168, 19.8434, 32.9498, 0.000165915, 47.8437, 0.00100873, -123.236, 0.000883213, 60.3064
1713, 28.54167, 0.649197, 36.3363, 19.4366, -147.167, 19.8316, 32.9507, 0.000165843, 47.8564, 0.00100819, -123.226, 0.000882761, 60.3167
1713, 28.55000, 0.649614, 36.3443, 19.4247, -147.166, 19.8199, 32.9516, 0.000165772, 47.8691, 0.00100766, -123.216, 0.000882309, 60.327
1714, 28.55833, 0.650031, 36.3522, 19.4128, -147.165, 19.8082, 32.9525, 0.0001657, 47.8818, 0.00100712, -123.206, 0.000881857, 60.3373
1714, 28.56667, 0.650448, 36.3602, 19.4009, -147.164, 19.7965, 32.9534, 0.000165629, 47.8945, 0.00100658, -123.196, 0.000881406, 60.3476
1715, 28.57500, 0.650866, 36.3682, 19.389, -147.163, 19.7848, 32.9543, 0.000165557, 47.9072, 0.00100604, -123.186, 0.000880954, 60.3579
1715, 28.58333, 0.651284, 36.3762, 19.3771, -147.162, 19.7731, 32.9552, 0.000165486, 47.92, 0.0010055, -123.176, 0.000880503, 60.3682
1716, 28.59167, 0.651702, 36.3842, 19.3652, -147.161, 19.7614, 32.9561, 0.000165414, 47.9327, 0.00100497, -123.165, 0.000880051, 60.3785
1716, 28.60000, 0.652121, 36.3922, 19.3534, -147.16, 19.7498, 32.957, 0.000165343, 47.9455, 0.00100443, -123.155, 0.0008796, 60.3888
1717, 28.60833, 0.65254, 36.4002, 19.3415, -147.159, 19.7381, 32.9579, 0.000165271, 47.9583, 0.00100389, -123.145, 0.000879149, 60.3991
1717, 28.61667, 0.652959, 36.4082, 19.3297, -147.158, 19.7264, 32.9588, 0.0001652, 47.9711, 0.00100336, -123.135, 0.000878698, 60.4094
1718, 28.62500, 0.653379, 36.4162, 19.3178, -147.157, 19.7147, 32.9597, 0.000165129, 47.9839, 0.00100282, -123.125, 0.000878247, 60.4197
1718, 28.63333, 0.653799, 36.4243, 19.3059, -147.157, 19.7031, 32.9606, 0.000165058, 47.9967, 0.00100228, -123.115, 0.000877797, 60.43
1719, 28.64167, 0.654219, 36.4323, 19.2941, -147.156, 19.6914, 32.9615, 0.000164986, 48.0095, 0.00100175, -123.105, 0.000877346, 60.4403
1719, 28.65000, 0.65464, 36.4404, 19.2823, -147.155, 19.6797, 32.9624, 0.000164915, 48.0223, 0.00100121, -123.094, 0.000876895, 60.4506
1720, 28.65833, 0.655061, 36.4485, 19.2704, -147.154, 19.6681, 32.9633, 0.000164844, 48.0351, 0.00100068, -123.084, 0.000876445, 60.4609
1720, 28.66667, 0.655482, 36.4565, 19.2586, -147.153, 19.6564, 32.9642, 0.000164773, 48.048, 0.00100014, -123.074, 0.000875995, 60.4712
1721, 28.67500, 0.655904, 36.4646, 19.2467, -147.152, 19.6448, 32.9652, 0.000164702, 48.0608, 0.000999604, -123.064, 0.000875545, 60.4815
1721, 28.68333, 0.656326, 36.4727, 19.2349, -147.151, 19.6332, 32.9661, 0.000164631, 48.0737, 0.000999068, -123.054, 0.000875095, 60.4918
1722, 28.69167, 0.656749, 36.4808, 19.2231, -147.15, 19.6215, 32.967, 0.00016456, 48.0866, 0.000998533, -123.044, 0.000874645, 60.5021
1722, 28.70000, 0.657171, 36.4889, 19.2113, -147.149, 19.6099, 32.9679, 0.000164489, 48.0995, 0.000997998, -123.033, 0.000874195, 60.5124
1723, 28.70833, 0.657595, 36.4971, 19.1995, -147.148, 19.5983, 32.9689, 0.000164419, 48.1124, 0.000997463, -123.023, 0.000873745, 60.5227
1723, 28.71667, 0.658018, 36.5052, 19.1877, -147.147, 19.5866, 32.9698, 0.000164348, 48.1253, 0.000996928, -123.013, 0.000873296, 60.5329
1724, 28.72500, 0.658442, 36.5133, 19.1759, -147.146, 19.575, 32.9707, 0.000164277, 48.1382, 0.000996393, -123.003, 0.000872846, 60.5432
1724, 28.73333, 0.658866, 36.5215, 19.1641, -147.145, 19.5634, 32.9717, 0.000164206, 48.1511, 0.000995859, -122.993, 0.000872397, 60.5535
1725, 28.74167, 0.659291, 36.5297, 19.1523, -147.144, 19.5518, 32.9726, 0.000164136, 48.1641, 0.000995324, -122.983, 0.000871948, 60.5638
1725, 28.75000, 0.659715, 36.5378, 19.1405, -147.143, 19.5402, 32.9735, 0.000164065, 48.177, 0.00099479, -122.972, 0.000871499, 60.5741
1726, 28.75833, 0.660141, 36.546, 19.1287, -147.142, 19.5286, 32.9745, 0.000163994, 48.19, 0.000994256, -122.962, 0.00087105, 60.5844
1726, 28.76667, 0.660566, 36.5542, 19.1169, -147.141, 19.517, 32.9754, 0.000163924, 48.2029, 0.000993722, -122.952, 0.000870601, 60.5947
1727, 28.77500, 0.660992, 36.5624, 19.1051, -147.14, 19.5054, 32.9764, 0.000163853, 48.2159, 0.000993188, -122.942, 0.000870152, 60.605
1727, 28.78333, 0.661418, 36.5706, 19.0933, -147.139, 19.4938, 32.9773, 0.000163783, 48.2289, 0.000992655, -122.932, 0.000869704, 60.6153
1728, 28.79167, 0.661845, 36.5789, 19.0816, -147.138, 19.4822, 32.9783, 0.000163712, 48.2419, 0.000992121, -122.922, 0.000869255, 60.6256
1728, 28.80000, 0.662272, 36.5871, 19.0698, -147.137, 19.4706, 32.9792, 0.000163642, 48.2549, 0.000991588, -122.912, 0.000868807, 60.6358
1729, 28.80833, 0.662699, 36.5953, 19.058, -147.136, 19.459, 32.9802, 0.000163572, 48.268, 0.000991055, -122.901, 0.000868359, 60.6461
1729, 28.81667, 0.663127, 36.6036, 19.0463, -147.135, 19.4474, 32.9811, 0.000163501, 48.281, 0.000990522, -122.891, 0.000867911, 60.6564
1730, 28.82500, 0.663555, 36.6119, 19.0345, -147.134, 19.4359, 32.9821, 0.000163431, 48.2941, 0.000989989, -122.881, 0.000867462, 60.6667
1730, 28.83333, 0.663983, 36.6201, 19.0228, -147.133, 19.4243, 32.9831, 0.000163361, 48.3071, 0.000989456, -122.871, 0.000867015, 60.677
1731, 28.84167, 0.664412, 36.6284, 19.011, -147.132, 19.4127, 32.984, 0.00016329, 48.3202, 0.000988924, -122.861, 0.000866567, 60.6873
1731, 28.85000, 0.664841, 36.6367, 18.9993, -147.131, 19.4012, 32.985, 0.00016322, 48.3333, 0.000988392, -122.851, 0.000866119, 60.6976
1732, 28.85833, 0.66527, 36.645, 18.9876, -147.13, 19.3896, 32.986, 0.00016315, 48.3464, 0.000987859, -122.84, 0.000865672, 60.7079
1732, 28.86667, 0.6657, 36.6534, 18.9758, -147.129, 19.3781, 32.987, 0.00016308, 48.3595, 0.000987327, -122.83, 0.000865224, 60.7182
1733, 28.87500, 0.66613, 36.6617, 18.9641, -147.128, 19.3665, 32.9879, 0.00016301, 48.3726, 0.000986796, -122.82, 0.000864777, 60.7284
1733, 28.88333, 0.66656, 36.67, 18.9524, -147.127, 19.355, 32.9889, 0.00016294, 48.3857, 0.000986264, -122.81, 0.00086433, 60.7387
1734, 28.89167, 0.666991, 36.6784, 18.9406, -147.126, 19.3434, 32.9899, 0.00016287, 48.3988, 0.000985732, -122.8, 0.000863882, 60.749
1734, 28.90000, 0.667422, 36.6867, 18.9289, -147.125, 19.3319, 32.9909, 0.0001628, 48.412, 0.000985201, -122.789, 0.000863435, 60.7593
1735, 28.90833, 0.667853, 36.6951, 18.9172, -147.124, 19.3204, 32.9919, 0.00016273, 48.4251, 0.00098467, -122.779, 0.000862989, 60.7696
1735, 28.91667, 0.668285, 36.7035, 18.9055, -147.123, 19.3088, 32.9928, 0.000162661, 48.4383, 0.000984138, -122.769, 0.000862542, 60.7799
1736, 28.92500, 0.668717, 36.7119, 18.8938, -147.122, 19.2973, 32.9938, 0.000162591, 48.4515, 0.000983608, -122.759, 0.000862095, 60.7901
1736, 28.93333, 0.669149, 36.7203, 18.8821, -147.121, 19.2858, 32.9948, 0.000162521, 48.4647, 0.000983077, -122.749, 0.000861649, 60.8004
1737, 28.94167, 0.669582, 36.7287, 18.8704, -147.119, 19.2743, 32.9958, 0.000162451, 48.4779, 0.000982546, -122.739, 0.000861202, 60.8107
1737, 28.95000, 0.670015, 36.7372, 18.8587, -147.118, 19.2628, 32.9968, 0.000162382, 48.4911, 0.000982016, -122.728, 0.000860756, 60.821
1738, 28.95833, 0.670448, 36.7456, 18.847, -147.117, 19.2513, 32.9978, 0.000162312, 48.5043, 0.000981485, -122.718, 0.00086031, 60.8313
1738, 28.96667, 0.670882, 36.7541, 18.8353, -147.116, 19.2398, 32.9988, 0.000162242, 48.5175, 0.000980955, -122.708, 0.000859863, 60.8416
1739, 28.97500, 0.671316, 36.7625, 18.8237, -147.115, 19.2283, 32.9998, 0.000162173, 48.5308, 0.000980425, -122.698, 0.000859417, 60.8518
1739, 28.98333, 0.67175, 36.771, 18.812, -147.114, 19.2168, 33.0008, 0.000162103, 48.544, 0.000979895, -122.688, 0.000858971, 60.8621
1740, 28.99167, 0.672185, 36.7795, 18.8003, -147.113, 19.2053, 33.0018, 0.000162034, 48.5573, 0.000979366, -122.677, 0.000858526, 60.8724
1740, 29.00000, 0.67262, 36.788, 18.7887, -147.112, 19.1938, 33.0029, 0.000161965, 48.5706, 0.000978836, -122.667, 0.00085808, 60.8827
1741, 29.00833, 0.673056, 36.7965, 18.777, -147.111, 19.1823, 33.0039, 0.000161895, 48.5839, 0.000978307, -122.657, 0.000857634, 60.893
1741, 29.01667, 0.673491, 36.8051, 18.7653, -147.11, 19.1708, 33.0049, 0.000161826, 48.5972, 0.000977777, -122.647, 0.000857189, 60.9033
1742, 29.02500, 0.673927, 36.8136, 18.7537, -147.109, 19.1593, 33.0059, 0.000161756, 48.6105, 0.000977248, -122.637, 0.000856744, 60.9135
1742, 29.03333, 0.674364, 36.8222, 18.742, -147.108, 19.1479, 33.0069, 0.000161687, 48.6238, 0.000976719, -122.626, 0.000856298, 60.9238
1743, 29.04167, 0.674801, 36.8307, 18.7304, -147.107, 19.1364, 33.008, 0.000161618, 48.6372, 0.00097619, -122.616, 0.000855853, 60.9341
1743, 29.05000, 0.675238, 36.8393, 18.7187, -147.106, 19.1249, 33.009, 0.000161549, 48.6505, 0.000975662, -122.606, 0.000855408, 60.9444
1744, 29.05833, 0.675675, 36.8479, 18.7071, -147.105, 19.1135, 33.01, 0.00016148, 48.6639, 0.000975133, -122.596, 0.000854963, 60.9547
1744, 29.06667, 0.676113, 36.8565, 18.6955, -147.103, 19.102, 33.0111, 0.000161411, 48.6772, 0.000974605, -122.586, 0.000854518, 60.9649
1745, 29.07500, 0.676551, 36.8651, 18.6838, -147.102, 19.0906, 33.0121, 0.000161341, 48.6906, 0.000974077, -122.576, 0.000854074, 60.9752
1745, 29.08333, 0.676989, 36.8738, 18.6722, -147.101, 19.0791, 33.0131, 0.000161272, 48.704, 0.000973548, -122.565, 0.000853629, 60.9855
1746, 29.09167, 0.677428, 36.8824, 18.6606, -147.1, 19.0677, 33.0142, 0.000161203, 48.7174, 0.000973021, -122.555, 0.000853185, 60.9958
1746, 29.10000, 0.677867, 36.8911, 18.649, -147.099, 19.0562, 33.0152, 0.000161134, 48.7308, 0.000972493, -122.545, 0.00085274, 61.0061
1747, 29.10833, 0.678307, 36.8998, 18.6374, -147.098, 19.0448, 33.0163, 0.000161066, 48.7443, 0.000971965, -122.535, 0.000852296, 61.0163
1747, 29.11667, 0.678747, 36.9084, 18.6257, -147.097, 19.0334, 33.0173, 0.000160997, 48.7577, 0.000971438, -122.525, 0.000851852, 61.0266
1748, 29.12500, 0.679187, 36.9171, 18.6141, -147.096, 19.0219, 33.0184, 0.000160928, 48.7711, 0.00097091, -122.514, 0.000851408, 61.0369
1748, 29.13333, 0.679627, 36.9259, 18.6025, -147.095, 19.0105, 33.0194, 0.000160859, 48.7846, 0.000970383, -122.504, 0.000850964, 61.0472
1749, 29.14167, 0.680068, 36.9346, 18.5909, -147.094, 18.9991, 33.0205, 0.00016079, 48.7981, 0.000969856, -122.494, 0.00085052, 61.0575
1749, 29.15000, 0.680509, 36.9433, 18.5793, -147.092, 18.9877, 33.0215, 0.000160722, 48.8116, 0.000969329, -122.484, 0.000850076, 61.0678
1750, 29.15833, 0.680951, 36.9521, 18.5678, -147.091, 18.9763, 33.0226, 0.000160653, 48.8251, 0.000968802, -122.473, 0.000849632, 61.078
1750, 29.16667, 0.681392, 36.9609, 18.5562, -147.09, 18.9648, 33.0237, 0.000160584, 48.8386, 0.000968276, -122.463, 0.000849189, 61.0883
1751, 29.17500, 0.681835, 36.9696, 18.5446, -147.089, 18.9534, 33.0247, 0.000160516, 48.8521, 0.000967749, -122.453, 0.000848745, 61.0986
1751, 29.18333, 0.682277, 36.9784, 18.533, -147.088, 18.942, 33.0258, 0.000160447, 48.8656, 0.000967223, -122.443, 0.000848302, 61.1089
1752, 29.19167, 0.68272, 36.9873, 18.5214, -147.087, 18.9306, 33.0269, 0.000160379, 48.8792, 0.000966697, -122.433, 0.000847859, 61.1192
1752, 29.20000, 0.683163, 36.9961, 18.5099, -147.086, 18.9192, 33.028, 0.00016031, 48.8927, 0.000966171, -122.422, 0.000847416, 61.1294
1753, 29.20833, 0.683606, 37.0049, 18.4983, -147.085, 18.9079, 33.029, 0.000160242, 48.9063, 0.000965645, -122.412, 0.000846973, 61.1397
1753, 29.21667, 0.68405, 37.0138, 18.4867, -147.083, 18.8965, 33.0301, 0.000160173, 48.9199, 0.000965119, -122.402, 0.00084653, 61.15
1754, 29.22500, 0.684494, 37.0227, 18.4752, -147.082, 18.8851, 33.0312, 0.000160105, 48.9335, 0.000964594, -122.392, 0.000846087, 61.1603
1754, 29.23333, 0.684939, 37.0315, 18.4636, -147.081, 18.8737, 33.0323, 0.000160037, 48.9471, 0.000964068, -122.382, 0.000845644, 61.1706
1755, 29.24167, 0.685384, 37.0404, 18.4521, -147.08, 18.8623, 33.0334, 0.000159968, 48.9607, 0.000963543, -122.371, 0.000845202, 61.1808
1755, 29.25000, 0.685829, 37.0494, 18.4405, -147.079, 18.851, 33.0345, 0.0001599, 48.9743, 0.000963018, -122.361, 0.000844759, 61.1911
1756, 29.25833, 0.686274, 37.0583, 18.429, -147.078, 18.8396, 33.0356, 0.000159832, 48.988, 0.000962493, -122.351, 0.000844317, 61.2014
1756, 29.26667, 0.68672, 37.0672, 18.4174, -147.077, 18.8282, 33.0367, 0.000159764, 49.0016, 0.000961968, -122.341, 0.000843874, 61.2117
1757, 29.27500, 0.687166, 37.0762, 18.4059, -147.075, 18.8169, 33.0378, 0.000159696, 49.0153, 0.000961443, -122.33, 0.000843432, 61.222
1757, 29.28333, 0.687612, 37.0852, 18.3944, -147.074, 18.8055, 33.0389, 0.000159628, 49.029, 0.000960918, -122.32, 0.00084299, 61.2322
1758, 29.29167, 0.688059, 37.0942, 18.3829, -147.073, 18.7941, 33.04, 0.000159559, 49.0427, 0.000960394, -122.31, 0.000842548, 61.2425
1758, 29.30000, 0.688506, 37.1032, 18.3713, -147.072, 18.7828, 33.0411, 0.000159491, 49.0564, 0.00095987, -122.3, 0.000842106, 61.2528
1759, 29.30833, 0.688954, 37.1122, 18.3598, -147.071, 18.7715, 33.0422, 0.000159423, 49.0701, 0.000959346, -122.29, 0.000841664, 61.2631
1759, 29.31667, 0.689402, 37.1213, 18.3483, -147.07, 18.7601, 33.0433, 0.000159356, 49.0838, 0.000958822, -122.279, 0.000841222, 61.2734
1760, 29.32500, 0.68985, 37.1303, 18.3368, -147.068, 18.7488, 33.0445, 0.000159288, 49.0976, 0.000958298, -122.269, 0.000840781, 61.2836
1760, 29.33333, 0.690298, 37.1394, 18.3253, -147.067, 18.7374, 33.0456, 0.00015922, 49.1113, 0.000957774, -122.259, 0.000840339, 61.2939
1761, 29.34167, 0.690747, 37.1485, 18.3138, -147.066, 18.7261, 33.0467, 0.000159152, 49.1251, 0.00095725, -122.249, 0.000839898, 61.3042
1761, 29.35000, 0.691196, 37.1576, 18.3023, -147.065, 18.7148, 33.0478, 0.000159084, 49.1389, 0.000956727, -122.238, 0.000839457, 61.3145
1762, 29.35833, 0.691646, 37.1668, 18.2908, -147.064, 18.7035, 33.049, 0.000159016, 49.1526, 0.000956203, -122.228, 0.000839015, 61.3248
1762, 29.36667, 0.692095, 37.1759, 18.2793, -147.063, 18.6921, 33.0501, 0.000158949, 49.1665, 0.00095568, -122.218, 0.000838574, 61.335
1763, 29.37500, 0.692546, 37.1851, 18.2678, -147.061, 18.6808, 33.0513, 0.000158881, 49.1803, 0.000955157, -122.208, 0.000838133, 61.3453
1763, 29.38333, 0.692996, 37.1943, 18.2563, -147.06, 18.6695, 33.0524, 0.000158813, 49.1941, 0.000954634, -122.198, 0.000837692, 61.3556
1764, 29.39167, 0.693447, 37.2035, 18.2448, -147.059, 18.6582, 33.0535, 0.000158746, 49.2079, 0.000954112, -122.187, 0.000837251, 61.3659
1764, 29.40000, 0.693898, 37.2127, 18.2334, -147.058, 18.6469, 33.0547, 0.000158678, 49.2218, 0.000953589, -122.177, 0.000836811, 61.3762
1765, 29.40833, 0.694349, 37.2219, 18.2219, -147.057, 18.6356, 33.0558, 0.000158611, 49.2357, 0.000953066, -122.167, 0.00083637, 61.3865
1765, 29.41667, 0.694801, 37.2312, 18.2104, -147.055, 18.6243, 33.057, 0.000158543, 49.2495, 0.000952544, -122.157, 0.000835929, 61.3967
1766, 29.42500, 0.695253, 37.2404, 18.199, -147.054, 18.613, 33.0581, 0.000158476, 49.2634, 0.000952022, -122.146, 0.000835489, 61.407
1766, 29.43333, 0.695706, 37.2497, 18.1875, -147.053, 18.6017, 33.0593, 0.000158408, 49.2773, 0.0009515, -122.136, 0.000835049, 61.4173
1767, 29.44167, 0.696158, 37.259, 18.176, -147.052, 18.5904, 33.0605, 0.000158341, 49.2912, 0.000950978, -122.126, 0.000834608, 61.4276
1767, 29.45000, 0.696612, 37.2683, 18.1646, -147.051, 18.5791, 33.0616, 0.000158274, 49.3052, 0.000950456, -122.116, 0.000834168, 61.4379
1768, 29.45833, 0.697065, 37.2777, 18.1531, -147.049, 18.5679, 33.0628, 0.000158206, 49.3191, 0.000949934, -122.105, 0.000833728, 61.4482
1768, 29.46667, 0.697519, 37.2871, 18.1417, -147.048, 18.5566, 33.064, 0.000158139, 49.3331, 0.000949413, -122.095, 0.000833288, 61.4584
1769, 29.47500, 0.697973, 37.2964, 18.1303, -147.047, 18.5453, 33.0652, 0.000158072, 49.347, 0.000948891, -122.085, 0.000832848, 61.4687
1769, 29.48333, 0.698427, 37.3058, 18.1188, -147.046, 18.534, 33.0663, 0.000158005, 49.361, 0.00094837, -122.075, 0.000832409, 61.479
1770, 29.49167, 0.698882, 37.3153, 18.1074, -147.045, 18.5228, 33.0675, 0.000157938, 49.375, 0.000947849, -122.064, 0.000831969, 61.4893
1770, 29.50000, 0.699337, 37.3247, 18.096, -147.043, 18.5115, 33.0687, 0.000157871, 49.389, 0.000947328, -122.054, 0.000831529, 61.4996
1771, 29.50833, 0.699793, 37.3342, 18.0845, -147.042, 18.5003, 33.0699, 0.000157803, 49.403, 0.000946807, -122.044, 0.00083109, 61.5099
1771, 29.51667, 0.700248, 37.3436, 18.0731, -147.041, 18.489, 33.0711, 0.000157736, 49.4171, 0.000946286, -122.034, 0.00083065, 61.5201
1772, 29.52500, 0.700705, 37.3531, 18.0617, -147.04, 18.4777, 33.0723, 0.000157669, 49.4311, 0.000945766, -122.023, 0.000830211, 61.5304
1772, 29.53333, 0.701161, 37.3626, 18.0503, -147.038, 18.4665, 33.0735, 0.000157602, 49.4452, 0.000945245, -122.013, 0.000829772, 61.5407
1773, 29.54167, 0.701618, 37.3722, 18.0389, -147.037, 18.4553, 33.0747, 0.000157536, 49.4593, 0.000944725, -122.003, 0.000829333, 61.551
1773, 29.55000, 0.702075, 37.3817, 18.0275, -147.036, 18.444, 33.0759, 0.000157469, 49.4733, 0.000944205, -121.993, 0.000828894, 61.5613
1774, 29.55833, 0.702532, 37.3913, 18.016, -147.035, 18.4328, 33.0771, 0.000157402, 49.4874, 0.000943685, -121.982, 0.000828455, 61.5716
1774, 29.56667, 0.70299, 37.4009, 18.0046, -147.034, 18.4215, 33.0783, 0.000157335, 49.5016, 0.000943165, -121.972, 0.000828016, 61.5819
1775, 29.57500, 0.703448, 37.4105, 17.9933, -147.032, 18.4103, 33.0795, 0.000157268, 49.5157, 0.000942645, -121.962, 0.000827577, 61.5922
1775, 29.58333, 0.703907, 37.4202, 17.9819, -147.031, 18.3991, 33.0807, 0.000157202, 49.5298, 0.000942126, -121.952, 0.000827139, 61.6024
1776, 29.59167, 0.704365, 37.4298, 17.9705, -147.03, 18.3879, 33.082, 0.000157135, 49.544, 0.000941606, -121.941, 0.0008267, 61.6127
1776, 29.60000, 0.704825, 37.4395, 17.9591, -147.029, 18.3767, 33.0832, 0.000157068, 49.5581, 0.000941087, -121.931, 0.000826262, 61.623
1777, 29.60833, 0.705284, 37.4492, 17.9477, -147.027, 18.3654, 33.0844, 0.000157002, 49.5723, 0.000940567, -121.921, 0.000825823, 61.6333
1777, 29.61667, 0.705744, 37.459, 17.9363, -147.026, 18.3542, 33.0856, 0.000156935, 49.5865, 0.000940048, -121.911, 0.000825385, 61.6436
1778, 29.62500, 0.706204, 37.4687, 17.925, -147.025, 18.343, 33.0869, 0.000156868, 49.6007, 0.000939529, -121.9, 0.000824947, 61.6539
1778, 29.63333, 0.706664, 37.4785, 17.9136, -147.024, 18.3318, 33.0881, 0.000156802, 49.6149, 0.00093901, -121.89, 0.000824509, 61.6642
1779, 29.64167, 0.707125, 37.4883, 17.9022, -147.022, 18.3206, 33.0894, 0.000156735, 49.6292, 0.000938492, -121.88, 0.000824071, 61.6745
1779, 29.65000, 0.707586, 37.4981, 17.8909, -147.021, 18.3094, 33.0906, 0.000156669, 49.6434, 0.000937973, -121.87, 0.000823633, 61.6848
1780, 29.65833, 0.708048, 37.5079, 17.8795, -147.02, 18.2982, 33.0919, 0.000156603, 49.6577, 0.000937455, -121.859, 0.000823195, 61.6951
1780, 29.66667, 0.70851, 37.5178, 17.8681, -147.019, 18.287, 33.0931, 0.000156536, 49.672, 0.000936936, -121.849, 0.000822757, 61.7054
1781, 29.67500, 0.708972, 37.5277, 17.8568, -147.017, 18.2758, 33.0944, 0.00015647, 49.6863, 0.000936418, -121.839, 0.000822319, 61.7157
1781, 29.68333, 0.709434, 37.5376, 17.8454, -147.016, 18.2647, 33.0956, 0.000156404, 49.7006, 0.0009359, -121.828, 0.000821882, 61.7259
1782, 29.69167, 0.709897, 37.5475, 17.8341, -147.015, 18.2535, 33.0969, 0.000156337, 49.7149, 0.000935382, -121.818, 0.000821444, 61.7362
1782, 29.70000, 0.71036, 37.5574, 17.8228, -147.013, 18.2423, 33.0982, 0.000156271, 49.7292, 0.000934864, -121.808, 0.000821007, 61.7465
1783, 29.70833, 0.710824, 37.5674, 17.8114, -147.012, 18.2311, 33.0994, 0.000156205, 49.7435, 0.000934347, -121.798, 0.00082057, 61.7568
1783, 29.71667, 0.711287, 37.5774, 17.8001, -147.011, 18.22, 33.1007, 0.000156139, 49.7579, 0.000933829, -121.787, 0.000820132, 61.7671
1784, 29.72500, 0.711752, 37.5874, 17.7888, -147.01, 18.2088, 33.102, 0.000156073, 49.7723, 0.000933312, -121.777, 0.000819695, 61.7774
1784, 29.73333, 0.712216, 37.5975, 17.7774, -147.008, 18.1976, 33.1033, 0.000156007, 49.7867, 0.000932794, -121.767, 0.000819258, 61.7877
1785, 29.74167, 0.712681, 37.6075, 17.7661, -147.007, 18.1865, 33.1045, 0.000155941, 49.8011, 0.000932277, -121.757, 0.000818821, 61.798
1785, 29.75000, 0.713146, 37.6176, 17.7548, -147.006, 18.1753, 33.1058, 0.000155875, 49.8155, 0.00093176, -121.746, 0.000818384, 61.8083
1786, 29.75833, 0.713612, 37.6277, 17.7435, -147.004, 18.1642, 33.1071, 0.000155809, 49.8299, 0.000931243, -121.736, 0.000817948, 61.8186
1786, 29.76667, 0.714077, 37.6379, 17.7322, -147.003, 18.153, 33.1084, 0.000155743, 49.8444, 0.000930726, -121.726, 0.000817511, 61.8289
1787, 29.77500, 0.714544, 37.648, 17.7209, -147.002, 18.1419, 33.1097, 0.000155677, 49.8588, 0.00093021, -121.715, 0.000817074, 61.8392
1787, 29.78333, 0.71501, 37.6582, 17.7096, -147.001, 18.1307, 33.111, 0.000155611, 49.8733, 0.000929693, -121.705, 0.000816638, 61.8495
1788, 29.79167, 0.715477, 37.6684, 17.6982, -146.999, 18.1196, 33.1123, 0.000155545, 49.8878, 0.000929177, -121.695, 0.000816202, 61.8598
1788, 29.80000, 0.715944, 37.6787, 17.687, -146.998, 18.1085, 33.1136, 0.000155479, 49.9023, 0.00092866, -121.685, 0.000815765, 61.8701
1789, 29.80833, 0.716412, 37.6889, 17.6757, -146.997, 18.0973, 33.1149, 0.000155414, 49.9168, 0.000928144, -121.674, 0.000815329, 61.8804
1789, 29.81667, 0.71688, 37.6992, 17.6644, -146.995, 18.0862, 33.1163, 0.000155348, 49.9313, 0.000927628, -121.664, 0.000814893, 61.8907
1790, 29.82500, 0.717348, 37.7096, 17.6531, -146.994, 18.0751, 33.1176, 0.000155282, 49.9459, 0.000927112, -121.654, 0.000814457, 61.901
1790, 29.83333, 0.717817, 37.7199, 17.6418, -146.993, 18.064, 33.1189, 0.000155216, 49.9604, 0.000926596, -121.643, 0.000814021, 61.9113
1791, 29.84167, 0.718286, 37.7303, 17.6305, -146.991, 18.0528, 33.1202, 0.000155151, 49.975, 0.000926081, -121.633, 0.000813585, 61.9216
1791, 29.85000, 0.718755, 37.7407, 17.6192, -146.99, 18.0417, 33.1216, 0.000155085, 49.9896, 0.000925565, -121.623, 0.000813149, 61.932
1792, 29.85833, 0.719224, 37.7511, 17.608, -146.989, 18.0306, 33.1229, 0.00015502, 50.0042, 0.00092505, -121.613, 0.000812713, 61.9423
1792, 29.86667, 0.719694, 37.7615, 17.5967, -146.988, 18.0195, 33.1243, 0.000154954, 50.0188, 0.000924534, -121.602, 0.000812278, 61.9526
1793, 29.87500, 0.720165, 37.772, 17.5854, -146.986, 18.0084, 33.1256, 0.000154889, 50.0335, 0.000924019, -121.592, 0.000811842, 61.9629
1793, 29.88333, 0.720635, 37.7825, 17.5742, -146.985, 17.9973, 33.1269, 0.000154823, 50.0481, 0.000923504, -121.582, 0.000811407, 61.9732
1794, 29.89167, 0.721106, 37.793, 17.5629, -146.984, 17.9862, 33.1283, 0.000154758, 50.0628, 0.000922989, -121.571, 0.000810971, 61.9835
1794, 29.90000, 0.721578, 37.8036, 17.5517, -146.982, 17.9751, 33.1297, 0.000154693, 50.0775, 0.000922474, -121.561, 0.000810536, 61.9938
1795, 29.90833, 0.722049, 37.8142, 17.5404, -146.981, 17.964, 33.131, 0.000154627, 50.0922, 0.00092196, -121.551, 0.000810101, 62.0041
1795, 29.91667, 0.722521, 37.8248, 17.5292, -146.98, 17.9529, 33.1324, 0.000154562, 50.1069, 0.000921445, -121.541, 0.000809665, 62.0144
1796, 29.92500, 0.722994, 37.8354, 17.5179, -146.978, 17.9419, 33.1337, 0.000154497, 50.1216, 0.000920931, -121.53, 0.00080923, 62.0247
1796, 29.93333, 0.723467, 37.8461, 17.5067, -146.977, 17.9308, 33.1351, 0.000154431, 50.1363, 0.000920416, -121.52, 0.000808796, 62.0351
1797, 29.94167, 0.72394, 37.8568, 17.4955, -146.976, 17.9197, 33.1365, 0.000154366, 50.1511, 0.000919902, -121.51, 0.000808361, 62.0454
1797, 29.95000, 0.724413, 37.8675, 17.4842, -146.974, 17.9086, 33.1379, 0.000154301, 50.1659, 0.000919388, -121.499, 0.000807926, 62.0557
1798, 29.95833, 0.724887, 37.8783, 17.473, -146.973, 17.8976, 33.1392, 0.000154236, 50.1807, 0.000918874, -121.489, 0.000807491, 62.066
1798, 29.96667, 0.725361, 37.889, 17.4618, -146.972, 17.8865, 33.1406, 0.000154171, 50.1955, 0.00091836, -121.479, 0.000807056, 62.0763
1799, 29.97500, 0.725836, 37.8999, 17.4505, -146.97, 17.8754, 33.142, 0.000154106, 50.2103, 0.000917847, -121.468, 0.000806622, 62.0866
1799, 29.98333, 0.726311, 37.9107, 17.4393, -146.969, 17.8644, 33.1434, 0.000154041, 50.2251, 0.000917333, -121.458, 0.000806187, 62.097
1800, 29.99167, 0.726786, 37.9216, 17.4281, -146.968, 17.8533, 33.1448, 0.000153976, 50.24, 0.000916819, -121.448, 0.000805753, 62.1073
1800, 30.00000, 0.727261, 37.9325, 17.4169, -146.966, 17.8423, 33.1462, 0.000153911, 50.2548, 0.000916306, -121.437, 0.000805319, 62.1176
1801, 30.00833, 0.727737, 37.9434, 17.4057, -146.965, 17.8312, 33.1476, 0.000153846, 50.2697, 0.000915793, -121.427, 0.000804884, 62.1279
1801, 30.01667, 0.728214, 37.9544, 17.3945, -146.964, 17.8202, 33.149, 0.000153781, 50.2846, 0.00091528, -121.417, 0.00080445, 62.1383
1802, 30.02500, 0.72869, 37.9654, 17.3833, -146.962, 17.8091, 33.1505, 0.000153716, 50.2995, 0.000914767, -121.407, 0.000804016, 62.1486
1802, 30.03333, 0.729167, 37.9764, 17.3721, -146.961, 17.7981, 33.1519, 0.000153651, 50.3144, 0.000914254, -121.396, 0.000803582, 62.1589
1803, 30.04167, 0.729645, 37.9874, 17.3609, -146.959, 17.7871, 33.1533, 0.000153587, 50.3294, 0.000913741, -121.386, 0.000803148, 62.1692
1803, 30.05000, 0.730122, 37.9985, 17.3497, -146.958, 17.776, 33.1547, 0.000153522, 50.3443, 0.000913228, -121.376, 0.000802714, 62.1796
1804, 30.05833, 0.7306, 38.0096, 17.3385, -146.957, 17.765, 33.1562, 0.000153457, 50.3593, 0.000912716, -121.365, 0.000802281, 62.1899
1804, 30.06667, 0.731079, 38.0208, 17.3273, -146.955, 17.754, 33.1576, 0.000153393, 50.3743, 0.000912203, -121.355, 0.000801847, 62.2002
1805, 30.07500, 0.731558, 38.0319, 17.3161, -146.954, 17.743, 33.159, 0.000153328, 50.3893, 0.000911691, -121.345, 0.000801413, 62.2105
1805, 30.08333, 0.732037, 38.0432, 17.305, -146.953, 17.7319, 33.1605, 0.000153263, 50.4043, 0.000911179, -121.334, 0.00080098, 62.2209
1806, 30.09167, 0.732517, 38.0544, 17.2938, -146.951, 17.7209, 33.1619, 0.000153199, 50.4194, 0.000910667, -121.324, 0.000800547, 62.2312
1806, 30.10000, 0.732996, 38.0657, 17.2826, -146.95, 17.7099, 33.1634, 0.000153134, 50.4344, 0.000910155, -121.314, 0.000800113, 62.2415
1807, 30.10833, 0.733477, 38.077, 17.2715, -146.948, 17.6989, 33.1648, 0.00015307, 50.4495, 0.000909643, -121.303, 0.00079968, 62.2519
1807, 30.11667, 0.733957, 38.0883, 17.2603, -146.947, 17.6879, 33.1663, 0.000153005, 50.4646, 0.000909131, -121.293, 0.000799247, 62.2622
1808, 30.12500, 0.734438, 38.0997, 17.2491, -146.946, 17.6769, 33.1678, 0.000152941, 50.4797, 0.00090862, -121.283, 0.000798814, 62.2725
1808, 30.13333, 0.73492, 38.1111, 17.238, -146.944, 17.6659, 33.1692, 0.000152876, 50.4948, 0.000908108, -121.272, 0.000798381, 62.2829
1809, 30.14167, 0.735402, 38.1225, 17.2268, -146.943, 17.6549, 33.1707, 0.000152812, 50.51, 0.000907597, -121.262, 0.000797948, 62.2932
1809, 30.15000, 0.735884, 38.134, 17.2157, -146.942, 17.6439, 33.1722, 0.000152748, 50.5251, 0.000907086, -121.252, 0.000797515, 62.3036
1810, 30.15833, 0.736366, 38.1455, 17.2045, -146.94, 17.6329, 33.1737, 0.000152683, 50.5403, 0.000906575, -121.241, 0.000797082, 62.3139
1810, 30.16667, 0.736849, 38.157, 17.1934, -146.939, 17.6219, 33.1752, 0.000152619, 50.5555, 0.000906063, -121.231, 0.000796649, 62.3242
1811, 30.17500, 0.737332, 38.1686, 17.1822, -146.937, 17.6109, 33.1767, 0.000152555, 50.5707, 0.000905553, -121.221, 0.000796217, 62.3346
1811, 30.18333, 0.737816, 38.1802, 17.1711, -146.936, 17.6, 33.1782, 0.000152491, 50.5859, 0.000905042, -121.21, 0.000795784, 62.3449
1812, 30.19167, 0.7383, 38.1919, 17.16, -146.935, 17.589, 33.1797, 0.000152427, 50.6011, 0.000904531, -121.2, 0.000795352, 62.3553
1812, 30.20000, 0.738784, 38.2035, 17.1488, -146.933, 17.578, 33.1812, 0.000152362, 50.6164, 0.00090402, -121.19, 0.000794919, 62.3656
1813, 30.20833, 0.739269, 38.2152, 17.1377, -146.932, 17.567, 33.1827, 0.000152298, 50.6317, 0.00090351, -121.179, 0.000794487, 62.376
1813, 30.21667, 0.739754, 38.227, 17.1266, -146.93, 17.5561, 33.1842, 0.000152234, 50.647, 0.000903, -121.169, 0.000794055, 62.3863
1814, 30.22500, 0.74024, 38.2388, 17.1155, -146.929, 17.5451, 33.1857, 0.00015217, 50.6623, 0.000902489, -121.159, 0.000793623, 62.3967
1814, 30.23333, 0.740726, 38.2506, 17.1043, -146.928, 17.5342, 33.1872, 0.000152106, 50.6776, 0.000901979, -121.148, 0.00079319, 62.407
1815, 30.24167, 0.741212, 38.2624, 17.0932, -146.926, 17.5232, 33.1888, 0.000152042, 50.6929, 0.000901469, -121.138, 0.000792758, 62.4174
1815, 30.25000, 0.741699, 38.2743, 17.0821, -146.925, 17.5122, 33.1903, 0.000151978, 50.7083, 0.000900959, -121.128, 0.000792327, 62.4277
1816, 30.25833, 0.742186, 38.2863, 17.071, -146.923, 17.5013, 33.1918, 0.000151914, 50.7237, 0.00090045, -121.117, 0.000791895, 62.4381
1816, 30.26667, 0.742673, 38.2982, 17.0599, -146.922, 17.4903, 33.1934, 0.000151851, 50.7391, 0.00089994, -121.107, 0.000791463, 62.4484
1817, 30.27500, 0.743161, 38.3102, 17.0488, -146.921, 17.4794, 33.1949, 0.000151787, 50.7545, 0.00089943, -121.097, 0.000791031, 62.4588
1817, 30.28333, 0.743649, 38.3223, 17.0377, -146.919, 17.4685, 33.1965, 0.000151723, 50.7699, 0.000898921, -121.086, 0.0007906, 62.4692
1818, 30.29167, 0.744138, 38.3343, 17.0266, -146.918, 17.4575, 33.198, 0.000151659, 50.7854, 0.000898411, -121.076, 0.000790168, 62.4795
1818, 30.30000, 0.744627, 38.3465, 17.0155, -146.916, 17.4466, 33.1996, 0.000151595, 50.8008, 0.000897902, -121.066, 0.000789736, 62.4899
1819, 30.30833, 0.745116, 38.3586, 17.0044, -146.915, 17.4357, 33.2012, 0.000151532, 50.8163, 0.000897393, -121.055, 0.000789305, 62.5002
1819, 30.31667, 0.745606, 38.3708, 16.9934, -146.914, 17.4247, 33.2027, 0.000151468, 50.8318, 0.000896884, -121.045, 0.000788874, 62.5106
1820, 30.32500, 0.746096, 38.383, 16.9823, -146.912, 17.4138, 33.2043, 0.000151404, 50.8473, 0.000896375, -121.035, 0.000788442, 62.521
1820, 30.33333, 0.746587, 38.3953, 16.9712, -146.911, 17.4029, 33.2059, 0.000151341, 50.8629, 0.000895866, -121.024, 0.000788011, 62.5313
1821, 30.34167, 0.747078, 38.4076, 16.9601, -146.909, 17.392, 33.2075, 0.000151277, 50.8784, 0.000895358, -121.014, 0.00078758, 62.5417
1821, 30.35000, 0.747569, 38.4199, 16.9491, -146.908, 17.3811, 33.209, 0.000151214, 50.894, 0.000894849, -121.004, 0.000787149, 62.5521
1822, 30.35833, 0.748061, 38.4323, 16.938, -146.906, 17.3701, 33.2106, 0.00015115, 50.9096, 0.00089434, -120.993, 0.000786718, 62.5624
1822, 30.36667, 0.748553, 38.4447, 16.9269, -146.905, 17.3592, 33.2122, 0.000151087, 50.9252, 0.000893832, -120.983, 0.000786287, 62.5728
1823, 30.37500, 0.749046, 38.4572, 16.9159, -146.904, 17.3483, 33.2138, 0.000151023, 50.9408, 0.000893324, -120.972, 0.000785856, 62.5832
1823, 30.38333, 0.749539, 38.4697, 16.9048, -146.902, 17.3374, 33.2155, 0.00015096, 50.9565, 0.000892816, -120.962, 0.000785426, 62.5936
1824, 30.39167, 0.750032, 38.4822, 16.8937, -146.901, 17.3265, 33.2171, 0.000150897, 50.9721, 0.000892308, -120.952, 0.000784995, 62.6039
1824, 30.40000, 0.750526, 38.4948, 16.8827, -146.899, 17.3156, 33.2187, 0.000150833, 50.9878, 0.0008918, -120.941, 0.000784564, 62.6143
1825, 30.40833, 0.75102, 38.5074, 16.8716, -146.898, 17.3047, 33.2203, 0.00015077, 51.0035, 0.000891292, -120.931, 0.000784134, 62.6247
1825, 30.41667, 0.751515, 38.5201, 16.8606, -146.896, 17.2939, 33.2219, 0.000150707, 51.0192, 0.000890784, -120.921, 0.000783704, 62.6351
1826, 30.42500, 0.75201, 38.5328, 16.8496, -146.895, 17.283, 33.2236, 0.000150643, 51.035, 0.000890276, -120.91, 0.000783273, 62.6455
1826, 30.43333, 0.752505, 38.5456, 16.8385, -146.894, 17.2721, 33.2252, 0.00015058, 51.0507, 0.000889769, -120.9, 0.000782843, 62.6558
1827, 30.44167, 0.753001, 38.5583, 16.8275, -146.892, 17.2612, 33.2268, 0.000150517, 51.0665, 0.000889261, -120.89, 0.000782413, 62.6662
1827, 30.45000, 0.753498, 38.5712, 16.8164, -146.891, 17.2503, 33.2285, 0.000150454, 51.0823, 0.000888754, -120.879, 0.000781982, 62.6766
1828, 30.45833, 0.753994, 38.584, 16.8054, -146.889, 17.2395, 33.2301, 0.000150391, 51.0981, 0.000888247, -120.869, 0.000781552, 62.687
1828, 30.46667, 0.754492, 38.597, 16.7944, -146.888, 17.2286, 33.2318, 0.000150328, 51.114, 0.00088774, -120.858, 0.000781122, 62.6974
1829, 30.47500, 0.754989, 38.6099, 16.7834, -146.886, 17.2177, 33.2335, 0.000150265, 51.1298, 0.000887233, -120.848, 0.000780692, 62.7078
1829, 30.48333, 0.755487, 38.6229, 16.7723, -146.885, 17.2069, 33.2351, 0.000150202, 51.1457, 0.000886726, -120.838, 0.000780263, 62.7182
1830, 30.49167, 0.755986, 38.636, 16.7613, -146.883, 17.196, 33.2368, 0.000150139, 51.1616, 0.000886219, -120.827, 0.000779833, 62.7286
1830, 30.50000, 0.756485, 38.6491, 16.7503, -146.882, 17.1851, 33.2385, 0.000150076, 51.1775, 0.000885712, -120.817, 0.000779403, 62.739
1831, 30.50833, 0.756984, 38.6622, 16.7393, -146.88, 17.1743, 33.2402, 0.000150013, 51.1934, 0.000885206, -120.807, 0.000778973, 62.7494
1831, 30.51667, 0.757484, 38.6754, 16.7283, -146.879, 17.1634, 33.2419, 0.00014995, 51.2094, 0.000884699, -120.796, 0.000778544, 62.7598
1832, 30.52500, 0.757984, 38.6886, 16.7173, -146.878, 17.1526, 33.2436, 0.000149887, 51.2253, 0.000884193, -120.786, 0.000778114, 62.7702
1832, 30.53333, 0.758485, 38.7018, 16.7063, -146.876, 17.1417, 33.2453, 0.000149824, 51.2413, 0.000883687, -120.776, 0.000777685, 62.7806
1833, 30.54167, 0.758986, 38.7151, 16.6953, -146.875, 17.1309, 33.247, 0.000149762, 51.2574, 0.00088318, -120.765, 0.000777255, 62.791
1833, 30.55000, 0.759487, 38.7285, 16.6843, -146.873, 17.1201, 33.2487, 0.000149699, 51.2734, 0.000882674, -120.755, 0.000776826, 62.8014
1834, 30.55833, 0.759989, 38.7419, 16.6733, -146.872, 17.1092, 33.2504, 0.000149636, 51.2894, 0.000882168, -120.744, 0.000776397, 62.8118
1834, 30.56667, 0.760492, 38.7553, 16.6623, -146.87, 17.0984, 33.2521, 0.000149573, 51.3055, 0.000881662, -120.734, 0.000775968, 62.8222
1835, 30.57500, 0.760995, 38.7688, 16.6513, -146.869, 17.0876, 33.2538, 0.000149511, 51.3216, 0.000881157, -120.724, 0.000775539, 62.8326
1835, 30.58333, 0.761498, 38.7824, 16.6403, -146.867, 17.0767, 33.2556, 0.000149448, 51.3377, 0.000880651, -120.713, 0.00077511, 62.843
1836, 30.59167, 0.762002, 38.796, 16.6294, -146.866, 17.0659, 33.2573, 0.000149386, 51.3538, 0.000880145, -120.703, 0.000774681, 62.8535
1836, 30.60000, 0.762506, 38.8096, 16.6184, -146.864, 17.0551, 33.259, 0.000149323, 51.37, 0.00087964, -120.692, 0.000774252, 62.8639
1837, 30.60833, 0.763011, 38.8233, 16.6074, -146.863, 17.0443, 33.2608, 0.00014926, 51.3862, 0.000879134, -120.682, 0.000773823, 62.8743
1837, 30.61667, 0.763516, 38.837, 16.5964, -146.861, 17.0335, 33.2625, 0.000149198, 51.4024, 0.000878629, -120.672, 0.000773394, 62.8847
1838, 30.62500, 0.764021, 38.8507, 16.5855, -146.86, 17.0227, 33.2643, 0.000149135, 51.4186, 0.000878124, -120.661, 0.000772966, 62.8951
1838, 30.63333, 0.764528, 38.8646, 16.5745, -146.858, 17.0119, 33.266, 0.000149073, 51.4348, 0.000877619, -120.651, 0.000772537, 62.9056
1839, 30.64167, 0.765034, 38.8784, 16.5636, -146.857, 17.001, 33.2678, 0.000149011, 51.4511, 0.000877114, -120.641, 0.000772108, 62.916
1839, 30.65000, 0.765541, 38.8923, 16.5526, -146.856, 16.9902, 33.2696, 0.000148948, 51.4673, 0.000876609, -120.63, 0.00077168, 62.9264
1840, 30.65833, 0.766049, 38.9063, 16.5416, -146.854, 16.9795, 33.2714, 0.000148886, 51.4836, 0.000876104, -120.62, 0.000771252, 62.9369
1840, 30.66667, 0.766557, 38.9203, 16.5307, -146.853, 16.9687, 33.2732, 0.000148824, 51.4999, 0.000875599, -120.609, 0.000770823, 62.9473
1841, 30.67500, 0.767065, 38.9344, 16.5197, -146.851, 16.9579, 33.2749, 0.000148761, 51.5163, 0.000875095, -120.599, 0.000770395, 62.9577
1841, 30.68333, 0.767574, 38.9485, 16.5088, -146.85, 16.9471, 33.2767, 0.000148699, 51.5326, 0.00087459, -120.589, 0.000769967, 62.9682
1842, 30.69167, 0.768084, 38.9626, 16.4978, -146.848, 16.9363, 33.2785, 0.000148637, 51.549, 0.000874086, -120.578, 0.000769539, 62.9786
1842, 30.70000, 0.768593, 38.9769, 16.4869, -146.847, 16.9255, 33.2803, 0.000148575, 51.5654, 0.000873582, -120.568, 0.000769111, 62.989
1843, 30.70833, 0.769104, 38.9911, 16.476, -146.845, 16.9147, 33.2822, 0.000148513, 51.5819, 0.000873077, -120.557, 0.000768683, 62.9995
1843, 30.71667, 0.769615, 39.0054, 16.465, -146.844, 16.904, 33.284, 0.000148451, 51.5983, 0.000872573, -120.547, 0.000768255, 63.0099
1844, 30.72500, 0.770126, 39.0198, 16.4541, -146.842, 16.8932, 33.2858, 0.000148388, 51.6148, 0.000872069, -120.537, 0.000767827, 63.0204
1844, 30.73333, 0.770638, 39.0342, 16.4432, -146.841, 16.8824, 33.2876, 0.000148326, 51.6313, 0.000871565, -120.526, 0.000767399, 63.0308
1845, 30.74167, 0.77115, 39.0487, 16.4322, -146.839, 16.8716, 33.2895, 0.000148264, 51.6478, 0.000871061, -120.516, 0.000766971, 63.0413
1845, 30.75000, 0.771663, 39.0632, 16.4213, -146.838, 16.8609, 33.2913, 0.000148202, 51.6643, 0.000870558, -120.505, 0.000766544, 63.0517
1846, 30.75833, 0.772177, 39.0777, 16.4104, -146.836, 16.8501, 33.2932, 0.00014814, 51.6809, 0.000870054, -120.495, 0.000766116, 63.0622
1846, 30.76667, 0.77269, 39.0924, 16.3995, -146.835, 16.8394, 33.295, 0.000148079, 51.6974, 0.000869551, -120.485, 0.000765689, 63.0726
1847, 30.77500, 0.773205, 39.107, 16.3886, -146.833, 16.8286, 33.2969, 0.000148017, 51.714, 0.000869047, -120.474, 0.000765261, 63.0831
1847, 30.78333, 0.77372, 39.1217, 16.3777, -146.832, 16.8179, 33.2987, 0.000147955, 51.7307, 0.000868544, -120.464, 0.000764834, 63.0936
1848, 30.79167, 0.774235, 39.1365, 16.3668, -146.83, 16.8071, 33.3006, 0.000147893, 51.7473, 0.00086804, -120.453, 0.000764407, 63.104
1848, 30.80000, 0.774751, 39.1513, 16.3559, -146.829, 16.7964, 33.3025, 0.000147831, 51.764, 0.000867537, -120.443, 0.000763979, 63.1145
1849, 30.80833, 0.775268, 39.1662, 16.3449, -146.827, 16.7856, 33.3044, 0.000147769, 51.7807, 0.000867034, -120.432, 0.000763552, 63.125
1849, 30.81667, 0.775785, 39.1812, 16.334, -146.826, 16.7749, 33.3063, 0.000147708, 51.7974, 0.000866531, -120.422, 0.000763125, 63.1354
1850, 30.82500, 0.776302, 39.1962, 16.3232, -146.824, 16.7641, 33.3081, 0.000147646, 51.8141, 0.000866028, -120.412, 0.000762698, 63.1459
1850, 30.83333, 0.77682, 39.2112, 16.3123, -146.823, 16.7534, 33.31, 0.000147584, 51.8309, 0.000865526, -120.401, 0.000762271, 63.1564
1851, 30.84167, 0.777339, 39.2263, 16.3014, -146.821, 16.7427, 33.312, 0.000147523, 51.8477, 0.000865023, -120.391, 0.000761844, 63.1669
1851, 30.85000, 0.777858, 39.2415, 16.2905, -146.82, 16.732, 33.3139, 0.000147461, 51.8645, 0.00086452, -120.38, 0.000761417, 63.1773
1852, 30.85833, 0.778378, 39.2567, 16.2796, -146.818, 16.7212, 33.3158, 0.000147399, 51.8813, 0.000864018, -120.37, 0.00076099, 63.1878
1852, 30.86667, 0.778898, 39.2719, 16.2687, -146.817, 16.7105, 33.3177, 0.000147338, 51.8981, 0.000863515, -120.36, 0.000760564, 63.1983
1853, 30.87500, 0.779419, 39.2872, 16.2578, -146.815, 16.6998, 33.3196, 0.000147276, 51.915, 0.000863013, -120.349, 0.000760137, 63.2088
1853, 30.88333, 0.77994, 39.3026, 16.247, -146.814, 16.6891, 33.3216, 0.000147215, 51.9319, 0.000862511, -120.339, 0.00075971, 63.2193
1854, 30.89167, 0.780462, 39.3181, 16.2361, -146.812, 16.6784, 33.3235, 0.000147154, 51.9488, 0.000862008, -120.328, 0.000759284, 63.2298
1854, 30.90000, 0.780984, 39.3335, 16.2252, -146.811, 16.6677, 33.3255, 0.000147092, 51.9658, 0.000861506, -120.318, 0.000758857, 63.2402
1855, 30.90833, 0.781507, 39.3491, 16.2143, -146.809, 16.657, 33.3274, 0.000147031, 51.9828, 0.000861004, -120.307, 0.000758431, 63.2507
1855, 30.91667, 0.782031, 39.3647, 16.2035, -146.808, 16.6463, 33.3294, 0.000146969, 51.9998, 0.000860502, -120.297, 0.000758005, 63.2612
1856, 30.92500, 0.782555, 39.3804, 16.1926, -146.806, 16.6356, 33.3313, 0.000146908, 52.0168, 0.000860001, -120.287, 0.000757578, 63.2717
1856, 30.93333, 0.783079, 39.3961, 16.1818, -146.805, 16.6249, 33.3333, 0.000146847, 52.0338, 0.000859499, -120.276, 0.000757152, 63.2822
1857, 30.94167, 0.783605, 39.4119, 16.1709, -146.803, 16.6142, 33.3353, 0.000146785, 52.0509, 0.000858997, -120.266, 0.000756726, 63.2928
1857, 30.95000, 0.784131, 39.4277, 16.16, -146.802, 16.6035, 33.3373, 0.000146724, 52.068, 0.000858496, -120.255, 0.0007563, 63.3033
1858, 30.95833, 0.784657, 39.4436, 16.1492, -146.8, 16.5928, 33.3393, 0.000146663, 52.0851, 0.000857994, -120.245, 0.000755874, 63.3138
1858, 30.96667, 0.785184, 39.4595, 16.1383, -146.799, 16.5821, 33.3413, 0.000146602, 52.1022, 0.000857493, -120.234, 0.000755448, 63.3243
1859, 30.97500, 0.785712, 39.4756, 16.1275, -146.797, 16.5714, 33.3433, 0.000146541, 52.1194, 0.000856992, -120.224, 0.000755022, 63.3348
1859, 30.98333, 0.78624, 39.4916, 16.1167, -146.795, 16.5607, 33.3453, 0.00014648, 52.1366, 0.000856491, -120.214, 0.000754596, 63.3453
1860, 30.99167, 0.786768, 39.5078, 16.1058, -146.794, 16.5501, 33.3473, 0.000146419, 52.1538, 0.000855989, -120.203, 0.000754171, 63.3558
1860, 31.00000, 0.787298, 39.524, 16.095, -146.792, 16.5394, 33.3493, 0.000146358, 52.171, 0.000855488, -120.193, 0.000753745, 63.3664
1861, 31.00833, 0.787828, 39.5402, 16.0842, -146.791, 16.5287, 33.3514, 0.000146297, 52.1883, 0.000854987, -120.182, 0.000753319, 63.3769
1861, 31.01667, 0.788358, 39.5565, 16.0733, -146.789, 16.5181, 33.3534, 0.000146236, 52.2056, 0.000854487, -120.172, 0.000752894, 63.3874
1862, 31.02500, 0.78889, 39.5729, 16.0625, -146.788, 16.5074, 33.3554, 0.000146175, 52.2229, 0.000853986, -120.161, 0.000752468, 63.3979
1862, 31.03333, 0.789421, 39.5893, 16.0517, -146.786, 16.4967, 33.3575, 0.000146114, 52.2402, 0.000853485, -120.151, 0.000752043, 63.4085
1863, 31.04167, 0.789954, 39.6058, 16.0408, -146.785, 16.4861, 33.3596, 0.000146053, 52.2576, 0.000852985, -120.14, 0.000751617, 63.419
1863, 31.05000, 0.790487, 39.6224, 16.03, -146.783, 16.4754, 33.3616, 0.000145992, 52.275, 0.000852484, -120.13, 0.000751192, 63.4295
1864, 31.05833, 0.791021, 39.639, 16.0192, -146.782, 16.4648, 33.3637, 0.000145931, 52.2924, 0.000851984, -120.12, 0.000750767, 63.4401
1864, 31.06667, 0.791555, 39.6557, 16.0084, -146.78, 16.4541, 33.3658, 0.00014587, 52.3099, 0.000851483, -120.109, 0.000750342, 63.4506
1865, 31.07500, 0.79209, 39.6725, 15.9976, -146.779, 16.4435, 33.3679, 0.00014581, 52.3273, 0.000850983, -120.099, 0.000749916, 63.4612
1865, 31.08333, 0.792626, 39.6893, 15.9868, -146.777, 16.4328, 33.3699, 0.000145749, 52.3448, 0.000850483, -120.088, 0.000749491, 63.4717
1866, 31.09167, 0.793162, 39.7062, 15.976, -146.776, 16.4222, 33.372, 0.000145688, 52.3623, 0.000849983, -120.078, 0.000749066, 63.4823
1866, 31.10000, 0.793699, 39.7231, 15.9652, -146.774, 16.4116, 33.3741, 0.000145628, 52.3799, 0.000849483, -120.067, 0.000748641, 63.4928
1867, 31.10833, 0.794236, 39.7401, 15.9544, -146.773, 16.4009, 33.3763, 0.000145567, 52.3975, 0.000848983, -120.057, 0.000748217, 63.5034
1867, 31.11667, 0.794774, 39.7572, 15.9436, -146.771, 16.3903, 33.3784, 0.000145506, 52.4151, 0.000848483, -120.046, 0.000747792, 63.5139
1868, 31.12500, 0.795313, 39.7743, 15.9328, -146.77, 16.3797, 33.3805, 0.000145446, 52.4327, 0.000847983, -120.036, 0.000747367, 63.5245
1868, 31.13333, 0.795853, 39.7915, 15.922, -146.768, 16.3691, 33.3826, 0.000145385, 52.4503, 0.000847484, -120.026, 0.000746942, 63.5351
1869, 31.14167, 0.796393, 39.8088, 15.9112, -146.766, 16.3584, 33.3848, 0.000145325, 52.468, 0.000846984, -120.015, 0.000746518, 63.5456
1869, 31.15000, 0.796934, 39.8261, 15.9004, -146.765, 16.3478, 33.3869, 0.000145264, 52.4857, 0.000846485, -120.005, 0.000746093, 63.5562
1870, 31.15833, 0.797476, 39.8435, 15.8896, -146.763, 16.3372, 33.3891, 0.000145204, 52.5035, 0.000845985, -119.994, 0.000745669, 63.5668
1870, 31.16667, 0.798018, 39.861, 15.8788, -146.762, 16.3266, 33.3912, 0.000145143, 52.5212, 0.000845486, -119.984, 0.000745244, 63.5774
1871, 31.17500, 0.798561, 39.8785, 15.868, -146.76, 16.316, 33.3934, 0.000145083, 52.539, 0.000844987, -119.973, 0.00074482, 63.5879
1871, 31.18333, 0.799104, 39.8961, 15.8573, -146.759, 16.3054, 33.3956, 0.000145023, 52.5568, 0.000844487, -119.963, 0.000744395, 63.5985
1872, 31.19167, 0.799649, 39.9138, 15.8465, -146.757, 16.2948, 33.3977, 0.000144962, 52.5747, 0.000843988, -119.952, 0.000743971, 63.6091
1872, 31.20000, 0.800194, 39.9315, 15.8357, -146.756, 16.2842, 33.3999, 0.000144902, 52.5926, 0.000843489, -119.942, 0.000743547, 63.6197
1873, 31.20833, 0.80074, 39.9493, 15.8249, -146.754, 16.2736, 33.4021, 0.000144842, 52.6105, 0.00084299, -119.931, 0.000743123, 63.6303
1873, 31.21667, 0.801286, 39.9672, 15.8142, -146.753, 16.263, 33.4043, 0.000144782, 52.6284, 0.000842491, -119.921, 0.000742699, 63.6409
1874, 31.22500, 0.801833, 39.9851, 15.8034, -146.751, 16.2524, 33.4065, 0.000144722, 52.6463, 0.000841993, -119.91, 0.000742275, 63.6515
1874, 31.23333, 0.802381, 40.0031, 15.7926, -146.75, 16.2418, 33.4088, 0.000144661, 52.6643, 0.000841494, -119.9, 0.000741851, 63.6621
1875, 31.24167, 0.80293, 40.0212, 15.7819, -146.748, 16.2312, 33.411, 0.000144601, 52.6823, 0.000840995, -119.89, 0.000741427, 63.6727
1875, 31.25000, 0.803479, 40.0394, 15.7711, -146.747, 16.2206, 33.4132, 0.000144541, 52.7004, 0.000840497, -119.879, 0.000741003, 63.6833
1876, 31.25833, 0.804029, 40.0576, 15.7604, -146.745, 16.2101, 33.4154, 0.000144481, 52.7185, 0.000839998, -119.869, 0.000740579, 63.6939
1876, 31.26667, 0.80458, 40.0759, 15.7496, -146.743, 16.1995, 33.4177, 0.000144421, 52.7366, 0.0008395, -119.858, 0.000740155, 63.7045
1877, 31.27500, 0.805132, 40.0942, 15.7389, -146.742, 16.1889, 33.4199, 0.000144361, 52.7547, 0.000839002, -119.848, 0.000739732, 63.7151
1877, 31.28333, 0.805684, 40.1127, 15.7281, -146.74, 16.1783, 33.4222, 0.000144301, 52.7728, 0.000838503, -119.837, 0.000739308, 63.7257
1878, 31.29167, 0.806238, 40.1312, 15.7174, -146.739, 16.1678, 33.4245, 0.000144241, 52.791, 0.000838005, -119.827, 0.000738885, 63.7364
1878, 31.30000, 0.806792, 40.1498, 15.7066, -146.737, 16.1572, 33.4267, 0.000144181, 52.8093, 0.000837507, -119.816, 0.000738461, 63.747
1879, 31.30833, 0.807346, 40.1684, 15.6959, -146.736, 16.1467, 33.429, 0.000144122, 52.8275, 0.000837009, -119.806, 0.000738038, 63.7576
1879, 31.31667, 0.807902, 40.1871, 15.6852, -146.734, 16.1361, 33.4313, 0.000144062, 52.8458, 0.000836511, -119.795, 0.000737614, 63.7682
1880, 31.32500, 0.808458, 40.2059, 15.6744, -146.733, 16.1255, 33.4336, 0.000144002, 52.8641, 0.000836013, -119.785, 0.000737191, 63.7789
1880, 31.33333, 0.809015, 40.2248, 15.6637, -146.731, 16.115, 33.4359, 0.000143942, 52.8824, 0.000835516, -119.774, 0.000736768, 63.7895
1881, 31.34167, 0.809573, 40.2437, 15.653, -146.73, 16.1044, 33.4382, 0.000143882, 52.9008, 0.000835018, -119.764, 0.000736345, 63.8002
1881, 31.35000, 0.810132, 40.2627, 15.6422, -146.728, 16.0939, 33.4406, 0.000143823, 52.9192, 0.00083452, -119.753, 0.000735921, 63.8108
1882, 31.35833, 0.810691, 40.2818, 15.6315, -146.727, 16.0833, 33.4429, 0.000143763, 52.9376, 0.000834023, -119.743, 0.000735498, 63.8214
1882, 31.36667, 0.811252, 40.301, 15.6208, -146.725, 16.0728, 33.4452, 0.000143703, 52.9561, 0.000833525, -119.732, 0.000735075, 63.8321
1883, 31.37500, 0.811813, 40.3202, 15.6101, -146.723, 16.0623, 33.4476, 0.000143644, 52.9746, 0.000833028, -119.722, 0.000734652, 63.8428
1883, 31.38333, 0.812375, 40.3395, 15.5994, -146.722, 16.0517, 33.4499, 0.000143584, 52.9931, 0.000832531, -119.711, 0.00073423, 63.8534
1884, 31.39167, 0.812937, 40.3589, 15.5886, -146.72, 16.0412, 33.4523, 0.000143525, 53.0116, 0.000832033, -119.701, 0.000733807, 63.8641
1884, 31.40000, 0.813501, 40.3784, 15.5779, -146.719, 16.0307, 33.4546, 0.000143465, 53.0302, 0.000831536, -119.69, 0.000733384, 63.8747
1885, 31.40833, 0.814066, 40.3979, 15.5672, -146.717, 16.0202, 33.457, 0.000143406, 53.0488, 0.000831039, -119.68, 0.000732961, 63.8854
1885, 31.41667, 0.814631, 40.4175, 15.5565, -146.716, 16.0096, 33.4594, 0.000143346, 53.0675, 0.000830542, -119.67, 0.000732539, 63.8961
1886, 31.42500, 0.815197, 40.4372, 15.5458, -146.714, 15.9991, 33.4618, 0.000143287, 53.0861, 0.000830045, -119.659, 0.000732116, 63.9067
1886, 31.43333, 0.815764, 40.457, 15.5351, -146.713, 15.9886, 33.4642, 0.000143228, 53.1048, 0.000829548, -119.649, 0.000731693, 63.9174
1887, 31.44167, 0.816332, 40.4769, 15.5244, -146.711, 15.9781, 33.4666, 0.000143168, 53.1236, 0.000829051, -119.638, 0.000731271, 63.9281
1887, 31.45000, 0.816901, 40.4968, 15.5137, -146.71, 15.9676, 33.469, 0.000143109, 53.1424, 0.000828555, -119.628, 0.000730848, 63.9388
1888, 31.45833, 0.817471, 40.5168, 15.503, -146.708, 15.9571, 33.4714, 0.00014305, 53.1612, 0.000828058, -119.617, 0.000730426, 63.9495
1888, 31.46667, 0.818041, 40.5369, 15.4923, -146.707, 15.9466, 33.4739, 0.00014299, 53.18, 0.000827561, -119.607, 0.000730004, 63.9602
1889, 31.47500, 0.818613, 40.557, 15.4816, -146.705, 15.9361, 33.4763, 0.000142931, 53.1989, 0.000827065, -119.596, 0.000729582, 63.9709
1889, 31.48333, 0.819185, 40.5773, 15.4709, -146.703, 15.9256, 33.4787, 0.000142872, 53.2178, 0.000826568, -119.586, 0.000729159, 63.9816
1890, 31.49167, 0.819759, 40.5976, 15.4603, -146.702, 15.9151, 33.4812, 0.000142813, 53.2367, 0.000826072, -119.575, 0.000728737, 63.9923
1890, 31.50000, 0.820333, 40.618, 15.4496, -146.7, 15.9046, 33.4837, 0.000142754, 53.2557, 0.000825576, -119.565, 0.000728315, 64.003
1891, 31.50833, 0.820908, 40.6385, 15.4389, -146.699, 15.8941, 33.4861, 0.000142695, 53.2747, 0.000825079, -119.554, 0.000727893, 64.0137
1891, 31.51667, 0.821484, 40.659, 15.4282, -146.697, 15.8836, 33.4886, 0.000142636, 53.2937, 0.000824583, -119.544, 0.000727471, 64.0244
1892, 31.52500, 0.822061, 40.6797, 15.4175, -146.696, 15.8731, 33.4911, 0.000142577, 53.3128, 0.000824087, -119.533, 0.000727049, 64.0351
1892, 31.53333, 0.822639, 40.7004, 15.4069, -146.694, 15.8626, 33.4936, 0.000142518, 53.3319, 0.000823591, -119.523, 0.000726627, 64.0459
1893, 31.54167, 0.823219, 40.7212, 15.3962, -146.693, 15.8522, 33.4961, 0.000142459, 53.351, 0.000823095, -119.512, 0.000726206, 64.0566
1893, 31.55000, 0.823798, 40.7421, 15.3855, -146.691, 15.8417, 33.4986, 0.0001424, 53.3702, 0.000822599, -119.502, 0.000725784, 64.0673
1894, 31.55833, 0.824379, 40.763, 15.3748, -146.69, 15.8312, 33.5011, 0.000142341, 53.3894, 0.000822103, -119.491, 0.000725362, 64.078
1894, 31.56667, 0.824961, 40.7841, 15.3642, -146.688, 15.8207, 33.5037, 0.000142282, 53.4086, 0.000821607, -119.481, 0.000724941, 64.0888
1895, 31.57500, 0.825544, 40.8052, 15.3535, -146.687, 15.8103, 33.5062, 0.000142224, 53.4279, 0.000821112, -119.47, 0.000724519, 64.0995
1895, 31.58333, 0.826128, 40.8264, 15.3429, -146.685, 15.7998, 33.5088, 0.000142165, 53.4472, 0.000820616, -119.46, 0.000724098, 64.1103
1896, 31.59167, 0.826713, 40.8477, 15.3322, -146.684, 15.7894, 33.5113, 0.000142106, 53.4665, 0.000820121, -119.449, 0.000723676, 64.121
1896, 31.60000, 0.827299, 40.8691, 15.3215, -146.682, 15.7789, 33.5139, 0.000142047, 53.4859, 0.000819625, -119.439, 0.000723255, 64.1318
1897, 31.60833, 0.827886, 40.8906, 15.3109, -146.68, 15.7685, 33.5165, 0.000141989, 53.5053, 0.00081913, -119.428, 0.000722833, 64.1425
1897, 31.61667, 0.828474, 40.9122, 15.3002, -146.679, 15.758, 33.519, 0.00014193, 53.5247, 0.000818634, -119.417, 0.000722412, 64.1533
1898, 31.62500, 0.829063, 40.9338, 15.2896, -146.677, 15.7476, 33.5216, 0.000141872, 53.5442, 0.000818139, -119.407, 0.000721991, 64.164
1898, 31.63333, 0.829653, 40.9555, 15.2789, -146.676, 15.7371, 33.5242, 0.000141813, 53.5637, 0.000817644, -119.396, 0.00072157, 64.1748
1899, 31.64167, 0.830244, 40.9773, 15.2683, -146.674, 15.7267, 33.5268, 0.000141754, 53.5833, 0.000817149, -119.386, 0.000721149, 64.1856
1899, 31.65000, 0.830836, 40.9992, 15.2577, -146.673, 15.7162, 33.5295, 0.000141696, 53.6029, 0.000816653, -119.375, 0.000720728, 64.1964
1900, 31.65833, 0.83143, 41.0212, 15.247, -146.671, 15.7058, 33.5321, 0.000141638, 53.6225, 0.000816158, -119.365, 0.000720307, 64.2071
1900, 31.66667, 0.832024, 41.0433, 15.2364, -146.67, 15.6954, 33.5347, 0.000141579, 53.6421, 0.000815663, -119.354, 0.000719886, 64.2179
1901, 31.67500, 0.83262, 41.0654, 15.2257, -146.668, 15.6849, 33.5374, 0.000141521, 53.6618, 0.000815168, -119.344, 0.000719465, 64.2287
1901, 31.68333, 0.833216, 41.0877, 15.2151, -146.667, 15.6745, 33.54, 0.000141462, 53.6816, 0.000814674, -119.333, 0.000719044, 64.2395
1902, 31.69167, 0.833814, 41.11, 15.2045, -146.665, 15.6641, 33.5427, 0.000141404, 53.7013, 0.000814179, -119.323, 0.000718623, 64.2503
1902, 31.70000, 0.834413, 41.1324, 15.1938, -146.664, 15.6537, 33.5453, 0.000141346, 53.7211, 0.000813684, -119.312, 0.000718203, 64.2611
1903, 31.70833, 0.835012, 41.1549, 15.1832, -146.662, 15.6433, 33.548, 0.000141288, 53.741, 0.000813189, -119.302, 0.000717782, 64.2719
1903, 31.71667, 0.835614, 41.1775, 15.1726, -146.661, 15.6328, 33.5507, 0.000141229, 53.7609, 0.000812695, -119.291, 0.000717361, 64.2827
1904, 31.72500, 0.836216, 41.2002, 15.162, -146.659, 15.6224, 33.5534, 0.000141171, 53.7808, 0.0008122, -119.281, 0.000716941, 64.2935
1904, 31.73333, 0.836819, 41.223, 15.1514, -146.658, 15.612, 33.5561, 0.000141113, 53.8007, 0.000811706, -119.27, 0.00071652, 64.3044
1905, 31.74167, 0.837424, 41.2459, 15.1407, -146.656, 15.6016, 33.5588, 0.000141055, 53.8207, 0.000811211, -119.26, 0.0007161, 64.3152
1905, 31.75000, 0.838029, 41.2688, 15.1301, -146.655, 15.5912, 33.5616, 0.000140997, 53.8408, 0.000810717, -119.249, 0.00071568, 64.326
1906, 31.75833, 0.838636, 41.2919, 15.1195, -146.653, 15.5808, 33.5643, 0.000140939, 53.8608, 0.000810223, -119.239, 0.000715259, 64.3368
1906, 31.76667, 0.839244, 41.315, 15.1089, -146.652, 15.5704, 33.5671, 0.000140881, 53.8809, 0.000809729, -119.228, 0.000714839, 64.3477
1907, 31.77500, 0.839853, 41.3382, 15.0983, -146.65, 15.56, 33.5698, 0.000140823, 53.9011, 0.000809234, -119.218, 0.000714419, 64.3585
1907, 31.78333, 0.840464, 41.3615, 15.0877, -146.649, 15.5496, 33.5726, 0.000140765, 53.9213, 0.00080874, -119.207, 0.000713999, 64.3694
1908, 31.79167, 0.841076, 41.385, 15.0771, -146.647, 15.5392, 33.5753, 0.000140707, 53.9415, 0.000808246, -119.197, 0.000713579, 64.3802
1908, 31.80000, 0.841689, 41.4085, 15.0665, -146.646, 15.5289, 33.5781, 0.00014065, 53.9617, 0.000807752, -119.186, 0.000713159, 64.3911
1909, 31.80833, 0.842303, 41.4321, 15.0559, -146.644, 15.5185, 33.5809, 0.000140592, 53.982, 0.000807258, -119.175, 0.000712739, 64.4019
1909, 31.81667, 0.842918, 41.4558, 15.0453, -146.643, 15.5081, 33.5837, 0.000140534, 54.0024, 0.000806764, -119.165, 0.000712319, 64.4128
1910, 31.82500, 0.843535, 41.4795, 15.0347, -146.641, 15.4977, 33.5865, 0.000140476, 54.0228, 0.000806271, -119.154, 0.000711899, 64.4237
1910, 31.83333, 0.844153, 41.5034, 15.0241, -146.64, 15.4874, 33.5894, 0.000140419, 54.0432, 0.000805777, -119.144, 0.000711479, 64.4345
1911, 31.84167, 0.844772, 41.5274, 15.0135, -146.638, 15.477, 33.5922, 0.000140361, 54.0636, 0.000805283, -119.133, 0.000711059, 64.4454
1911, 31.85000, 0.845393, 41.5514, 15.0029, -146.637, 15.4666, 33.595, 0.000140304, 54.0841, 0.00080479, -119.123, 0.00071064, 64.4563
1912, 31.85833, 0.846014, 41.5756, 14.9923, -146.635, 15.4563, 33.5979, 0.000140246, 54.1047, 0.000804296, -119.112, 0.00071022, 64.4672
1912, 31.86667, 0.846638, 41.5999, 14.9817, -146.634, 15.4459, 33.6007, 0.000140188, 54.1253, 0.000803802, -119.102, 0.000709801, 64.4781
1913, 31.87500, 0.847262, 41.6242, 14.9711, -146.632, 15.4355, 33.6036, 0.000140131, 54.1459, 0.000803309, -119.091, 0.000709381, 64.489
1913, 31.88333, 0.847888, 41.6487, 14.9605, -146.631, 15.4252, 33.6065, 0.000140074, 54.1665, 0.000802816, -119.081, 0.000708962, 64.4999
1914, 31.89167, 0.848515, 41.6732, 14.95, -146.629, 15.4148, 33.6094, 0.000140016, 54.1873, 0.000802322, -119.07, 0.000708542, 64.5108
1914, 31.90000, 0.849144, 41.6978, 14.9394, -146.628, 15.4045, 33.6123, 0.000139959, 54.208, 0.000801829, -119.06, 0.000708123, 64.5217
1915, 31.90833, 0.849774, 41.7226, 14.9288, -146.626, 15.3941, 33.6152, 0.000139901, 54.2288, 0.000801336, -119.049, 0.000707704, 64.5326
1915, 31.91667, 0.850405, 41.7474, 14.9182, -146.625, 15.3838, 33.6181, 0.000139844, 54.2496, 0.000800842, -119.039, 0.000707284, 64.5435
1916, 31.92500, 0.851038, 41.7723, 14.9076, -146.623, 15.3735, 33.621, 0.000139787, 54.2705, 0.000800349, -119.028, 0.000706865, 64.5544
1916, 31.93333, 0.851672, 41.7974, 14.8971, -146.622, 15.3631, 33.624, 0.00013973, 54.2914, 0.000799856, -119.017, 0.000706446, 64.5654
1917, 31.94167, 0.852307, 41.8225, 14.8865, -146.62, 15.3528, 33.6269, 0.000139673, 54.3124, 0.000799363, -119.007, 0.000706027, 64.5763
1917, 31.95000, 0.852944, 41.8477, 14.8759, -146.619, 15.3425, 33.6299, 0.000139615, 54.3334, 0.00079887, -118.996, 0.000705608, 64.5872
1918, 31.95833, 0.853583, 41.873, 14.8654, -146.617, 15.3321, 33.6329, 0.000139558, 54.3544, 0.000798377, -118.986, 0.000705189, 64.5982
1918, 31.96667, 0.854223, 41.8985, 14.8548, -146.616, 15.3218, 33.6359, 0.000139501, 54.3755, 0.000797884, -118.975, 0.00070477, 64.6091
1919, 31.97500, 0.854864, 41.924, 14.8442, -146.614, 15.3115, 33.6388, 0.000139444, 54.3966, 0.000797392, -118.965, 0.000704351, 64.6201
1919, 31.98333, 0.855507, 41.9496, 14.8337, -146.613, 15.3012, 33.6418, 0.000139387, 54.4178, 0.000796899, -118.954, 0.000703933, 64.631
1920, 31.99167, 0.856151, 41.9753, 14.8231, -146.611, 15.2909, 33.6449, 0.000139331, 54.439, 0.000796406, -118.944, 0.000703514, 64.642
1920, 32.00000, 0.856797, 42.0011, 14.8126, -146.61, 15.2806, 33.6479, 0.000139274, 54.4603, 0.000795914, -118.933, 0.000703095, 64.653
1921, 32.00833, 0.857444, 42.0271, 14.802, -146.608, 15.2703, 33.6509, 0.000139217, 54.4816, 0.000795421, -118.923, 0.000702677, 64.6639
1921, 32.01667, 0.858093, 42.0531, 14.7915, -146.607, 15.26, 33.654, 0.00013916, 54.5029, 0.000794928, -118.912, 0.000702258, 64.6749
1922, 32.02500, 0.858744, 42.0792, 14.7809, -146.605, 15.2497, 33.657, 0.000139103, 54.5243, 0.000794436, -118.901, 0.00070184, 64.6859
1922, 32.03333, 0.859396, 42.1054, 14.7704, -146.604, 15.2394, 33.6601, 0.000139047, 54.5457, 0.000793943, -118.891, 0.000701421, 64.6969
1923, 32.04167, 0.860049, 42.1318, 14.7598, -146.603, 15.2291, 33.6632, 0.00013899, 54.5672, 0.000793451, -118.88, 0.000701003, 64.7079
1923, 32.05000, 0.860705, 42.1582, 14.7493, -146.601, 15.2188, 33.6663, 0.000138933, 54.5888, 0.000792959, -118.87, 0.000700585, 64.7189
1924, 32.05833, 0.861361, 42.1847, 14.7387, -146.6, 15.2085, 33.6694, 0.000138877, 54.6103, 0.000792466, -118.859, 0.000700166, 64.7299
1924, 32.06667, 0.86202, 42.2114, 14.7282, -146.598, 15.1982, 33.6725, 0.00013882, 54.632, 0.000791974, -118.849, 0.000699748, 64.7409
1925, 32.07500, 0.86268, 42.2381, 14.7176, -146.597, 15.1879, 33.6756, 0.000138764, 54.6536, 0.000791482, -118.838, 0.00069933, 64.7519
1925, 32.08333, 0.863341, 42.2649, 14.7071, -146.595, 15.1776, 33.6787, 0.000138707, 54.6753, 0.00079099, -118.828, 0.000698912, 64.7629
1926, 32.09167, 0.864005, 42.2919, 14.6966, -146.594, 15.1674, 33.6819, 0.000138651, 54.6971, 0.000790498, -118.817, 0.000698494, 64.774
1926, 32.10000, 0.86467, 42.3189, 14.686, -146.592, 15.1571, 33.685, 0.000138595, 54.7189, 0.000790006, -118.806, 0.000698076, 64.785
1927, 32.10833, 0.865336, 42.3461, 14.6755, -146.591, 15.1468, 33.6882, 0.000138538, 54.7407, 0.000789514, -118.796, 0.000697658, 64.796
1927, 32.11667, 0.866005, 42.3733, 14.665, -146.59, 15.1365, 33.6914, 0.000138482, 54.7626, 0.000789022, -118.785, 0.00069724, 64.8071
1928, 32.12500, 0.866675, 42.4007, 14.6544, -146.588, 15.1263, 33.6946, 0.000138426, 54.7846, 0.00078853, -118.775, 0.000696822, 64.8181
1928, 32.13333, 0.867346, 42.4282, 14.6439, -146.587, 15.116, 33.6978, 0.00013837, 54.8066, 0.000788038, -118.764, 0.000696405, 64.8292
1929, 32.14167, 0.86802, 42.4557, 14.6334, -146.585, 15.1058, 33.701, 0.000138314, 54.8286, 0.000787546, -118.754, 0.000695987, 64.8402
1929, 32.15000, 0.868695, 42.4834, 14.6228, -146.584, 15.0955, 33.7042, 0.000138257, 54.8507, 0.000787054, -118.743, 0.000695569, 64.8513
1930, 32.15833, 0.869372, 42.5112, 14.6123, -146.582, 15.0853, 33.7074, 0.000138201, 54.8728, 0.000786563, -118.733, 0.000695152, 64.8624
1930, 32.16667, 0.870051, 42.5391, 14.6018, -146.581, 15.075, 33.7107, 0.000138145, 54.895, 0.000786071, -118.722, 0.000694734, 64.8734
1931, 32.17500, 0.870732, 42.5671, 14.5913, -146.58, 15.0648, 33.7139, 0.00013809, 54.9173, 0.000785579, -118.711, 0.000694317, 64.8845
1931, 32.18333, 0.871414, 42.5952, 14.5808, -146.578, 15.0545, 33.7172, 0.000138034, 54.9396, 0.000785088, -118.701, 0.000693899, 64.8956
1932, 32.19167, 0.872099, 42.6234, 14.5702, -146.577, 15.0443, 33.7205, 0.000137978, 54.9619, 0.000784596, -118.69, 0.000693482, 64.9067
1932, 32.20000, 0.872785, 42.6518, 14.5597, -146.575, 15.0341, 33.7238, 0.000137922, 54.9843, 0.000784105, -118.68, 0.000693065, 64.9178
1933, 32.20833, 0.873473, 42.6802, 14.5492, -146.574, 15.0238, 33.7271, 0.000137866, 55.0067, 0.000783613, -118.669, 0.000692648, 64.9289
1933, 32.21667, 0.874163, 42.7087, 14.5387, -146.572, 15.0136, 33.7304, 0.000137811, 55.0292, 0.000783122, -118.659, 0.00069223, 64.94
1934, 32.22500, 0.874855, 42.7374, 14.5282, -146.571, 15.0034, 33.7337, 0.000137755, 55.0517, 0.000782631, -118.648, 0.000691813, 64.9511
1934, 32.23333, 0.875548, 42.7661, 14.5177, -146.57, 14.9931, 33.737, 0.000137699, 55.0743, 0.000782139, -118.637, 0.000691396, 64.9623
1935, 32.24167, 0.876244, 42.795, 14.5072, -146.568, 14.9829, 33.7404, 0.000137644, 55.0969, 0.000781648, -118.627, 0.000690979, 64.9734
1935, 32.25000, 0.876942, 42.824, 14.4967, -146.567, 14.9727, 33.7438, 0.000137588, 55.1196, 0.000781157, -118.616, 0.000690562, 64.9845
1936, 32.25833, 0.877641, 42.8531, 14.4862, -146.565, 14.9625, 33.7471, 0.000137533, 55.1424, 0.000780665, -118.606, 0.000690146, 64.9957
1936, 32.26667, 0.878343, 42.8823, 14.4757, -146.564, 14.9523, 33.7505, 0.000137477, 55.1651, 0.000780174, -118.595, 0.000689729, 65.0068
1937, 32.27500, 0.879046, 42.9116, 14.4651, -146.563, 14.9421, 33.7539, 0.000137422, 55.188, 0.000779683, -118.585, 0.000689312, 65.018
1937, 32.28333, 0.879752, 42.941, 14.4546, -146.561, 14.9319, 33.7573, 0.000137367, 55.2109, 0.000779192, -118.574, 0.000688895, 65.0291
1938, 32.29167, 0.880459, 42.9705, 14.4442, -146.56, 14.9217, 33.7607, 0.000137311, 55.2338, 0.000778701, -118.563, 0.000688479, 65.0403
1938, 32.30000, 0.881169, 43.0001, 14.4337, -146.559, 14.9115, 33.7642, 0.000137256, 55.2568, 0.00077821, -118.553, 0.000688062, 65.0514
1939, 32.30833, 0.881881, 43.0299, 14.4232, -146.557, 14.9013, 33.7676, 0.000137201, 55.2799, 0.000777719, -118.542, 0.000687646, 65.0626
1939, 32.31667, 0.882595, 43.0598, 14.4127, -146.556, 14.8911, 33.7711, 0.000137146, 55.303, 0.000777228, -118.532, 0.000687229, 65.0738
1940, 32.32500, 0.883311, 43.0897, 14.4022, -146.554, 14.8809, 33.7746, 0.000137091, 55.3261, 0.000776737, -118.521, 0.000686813, 65.085
1940, 32.33333, 0.884029, 43.1198, 14.3917, -146.553, 14.8707, 33.778, 0.000137036, 55.3493, 0.000776247, -118.511, 0.000686397, 65.0962
1941, 32.34167, 0.884749, 43.15, 14.3812, -146.552, 14.8606, 33.7815, 0.000136981, 55.3726, 0.000775756, -118.5, 0.00068598, 65.1074
1941, 32.35000, 0.885471, 43.1803, 14.3707, -146.55, 14.8504, 33.7851, 0.000136926, 55.3959, 0.000775265, -118.489, 0.000685564, 65.1186
1942, 32.35833, 0.886196, 43.2108, 14.3602, -146.549, 14.8402, 33.7886, 0.000136871, 55.4193, 0.000774774, -118.479, 0.000685148, 65.1298
1942, 32.36667, 0.886923, 43.2413, 14.3497, -146.548, 14.83, 33.7921, 0.000136817, 55.4427, 0.000774284, -118.468, 0.000684732, 65.141
1943, 32.37500, 0.887652, 43.2719, 14.3392, -146.546, 14.8199, 33.7957, 0.000136762, 55.4662, 0.000773793, -118.458, 0.000684316, 65.1523
1943, 32.38333, 0.888383, 43.3027, 14.3288, -146.545, 14.8097, 33.7992, 0.000136707, 55.4897, 0.000773302, -118.447, 0.0006839, 65.1635
1944, 32.39167, 0.889116, 43.3336, 14.3183, -146.544, 14.7996, 33.8028, 0.000136653, 55.5133, 0.000772812, -118.437, 0.000683484, 65.1747
1944, 32.40000, 0.889852, 43.3646, 14.3078, -146.542, 14.7894, 33.8064, 0.000136598, 55.5369, 0.000772321, -118.426, 0.000683068, 65.186
1945, 32.40833, 0.89059, 43.3957, 14.2973, -146.541, 14.7792, 33.81, 0.000136543, 55.5606, 0.000771831, -118.415, 0.000682652, 65.1972
1945, 32.41667, 0.89133, 43.4269, 14.2868, -146.54, 14.7691, 33.8136, 0.000136489, 55.5844, 0.00077134, -118.405, 0.000682237, 65.2085
1946, 32.42500, 0.892073, 43.4582, 14.2764, -146.538, 14.7589, 33.8172, 0.000136435, 55.6082, 0.00077085, -118.394, 0.000681821, 65.2197
1946, 32.43333, 0.892818, 43.4897, 14.2659, -146.537, 14.7488, 33.8209, 0.00013638, 55.6321, 0.00077036, -118.384, 0.000681405, 65.231
1947, 32.44167, 0.893566, 43.5212, 14.2554, -146.536, 14.7387, 33.8245, 0.000136326, 55.656, 0.000769869, -118.373, 0.00068099, 65.2423
1947, 32.45000, 0.894315, 43.5529, 14.2449, -146.534, 14.7285, 33.8282, 0.000136272, 55.68, 0.000769379, -118.363, 0.000680575, 65.2536
1948, 32.45833, 0.895068, 43.5847, 14.2345, -146.533, 14.7184, 33.8319, 0.000136218, 55.704, 0.000768889, -118.352, 0.000680159, 65.2649
1948, 32.46667, 0.895823, 43.6166, 14.224, -146.532, 14.7083, 33.8356, 0.000136164, 55.7281, 0.000768398, -118.341, 0.000679744, 65.2762
1949, 32.47500, 0.89658, 43.6487, 14.2135, -146.531, 14.6981, 33.8393, 0.00013611, 55.7523, 0.000767908, -118.331, 0.000679328, 65.2875
1949, 32.48333, 0.897339, 43.6808, 14.2031, -146.529, 14.688, 33.843, 0.000136056, 55.7765, 0.000767418, -118.32, 0.000678913, 65.2988
1950, 32.49167, 0.898102, 43.7131, 14.1926, -146.528, 14.6779, 33.8467, 0.000136002, 55.8008, 0.000766928, -118.31, 0.000678498, 65.3101
1950, 32.50000, 0.898866, 43.7454, 14.1821, -146.527, 14.6678, 33.8505, 0.000135948, 55.8251, 0.000766438, -118.299, 0.000678083, 65.3214
1951, 32.50833, 0.899633, 43.7779, 14.1717, -146.525, 14.6577, 33.8542, 0.000135894, 55.8495, 0.000765948, -118.289, 0.000677668, 65.3328
1951, 32.51667, 0.900403, 43.8105, 14.1612, -146.524, 14.6476, 33.858, 0.00013584, 55.874, 0.000765457, -118.278, 0.000677253, 65.3441
1952, 32.52500, 0.901176, 43.8433, 14.1507, -146.523, 14.6375, 33.8618, 0.000135787, 55.8985, 0.000764967, -118.267, 0.000676838, 65.3555
1952, 32.53333, 0.901951, 43.8761, 14.1403, -146.522, 14.6274, 33.8656, 0.000135733, 55.9231, 0.000764477, -118.257, 0.000676423, 65.3668
1953, 32.54167, 0.902728, 43.9091, 14.1298, -146.52, 14.6173, 33.8694, 0.000135679, 55.9477, 0.000763987, -118.246, 0.000676009, 65.3782
1953, 32.55000, 0.903509, 43.9421, 14.1194, -146.519, 14.6072, 33.8732, 0.000135626, 55.9724, 0.000763497, -118.236, 0.000675594, 65.3895
1954, 32.55833, 0.904292, 43.9753, 14.1089, -146.518, 14.5971, 33.8771, 0.000135573, 55.9972, 0.000763008, -118.225, 0.000675179, 65.4009
1954, 32.56667, 0.905078, 44.0086, 14.0984, -146.517, 14.587, 33.8809, 0.000135519, 56.022, 0.000762518, -118.214, 0.000674765, 65.4123
1955, 32.57500, 0.905866, 44.0421, 14.088, -146.515, 14.5769, 33.8848, 0.000135466, 56.0469, 0.000762028, -118.204, 0.00067435, 65.4237
1955, 32.58333, 0.906657, 44.0756, 14.0775, -146.514, 14.5668, 33.8887, 0.000135413, 56.0718, 0.000761538, -118.193, 0.000673936, 65.4351
1956, 32.59167, 0.907451, 44.1093, 14.0671, -146.513, 14.5567, 33.8926, 0.000135359, 56.0968, 0.000761048, -118.183, 0.000673521, 65.4465
1956, 32.60000, 0.908248, 44.1431, 14.0566, -146.512, 14.5467, 33.8965, 0.000135306, 56.1219, 0.000760558, -118.172, 0.000673107, 65.4579
1957, 32.60833, 0.909048, 44.177, 14.0462, -146.51, 14.5366, 33.9004, 0.000135253, 56.147, 0.000760069, -118.162, 0.000672693, 65.4693
1957, 32.61667, 0.90985, 44.211, 14.0357, -146.509, 14.5265, 33.9044, 0.0001352, 56.1722, 0.000759579, -118.151, 0.000672279, 65.4807
1958, 32.62500, 0.910656, 44.2451, 14.0253, -146.508, 14.5165, 33.9083, 0.000135148, 56.1974, 0.000759089, -118.14, 0.000671864, 65.4922
1958, 32.63333, 0.911464, 44.2794, 14.0148, -146.507, 14.5064, 33.9123, 0.000135095, 56.2228, 0.0007586, -118.13, 0.00067145, 65.5036
1959, 32.64167, 0.912275, 44.3138, 14.0044, -146.506, 14.4964, 33.9163, 0.000135042, 56.2481, 0.00075811, -118.119, 0.000671036, 65.5151
1959, 32.65000, 0.91309, 44.3483, 13.9939, -146.504, 14.4863, 33.9203, 0.000134989, 56.2736, 0.00075762, -118.109, 0.000670622, 65.5265
1960, 32.65833, 0.913907, 44.3829, 13.9835, -146.503, 14.4763, 33.9243, 0.000134937, 56.2991, 0.000757131, -118.098, 0.000670209, 65.538
1960, 32.66667, 0.914727, 44.4176, 13.973, -146.502, 14.4662, 33.9283, 0.000134884, 56.3247, 0.000756641, -118.087, 0.000669795, 65.5495
1961, 32.67500, 0.91555, 44.4525, 13.9626, -146.501, 14.4562, 33.9324, 0.000134832, 56.3503, 0.000756152, -118.077, 0.000669381, 65.5609
1961, 32.68333, 0.916377, 44.4874, 13.9521, -146.5, 14.4461, 33.9364, 0.000134779, 56.376, 0.000755662, -118.066, 0.000668967, 65.5724
1962, 32.69167, 0.917206, 44.5225, 13.9417, -146.498, 14.4361, 33.9405, 0.000134727, 56.4018, 0.000755173, -118.056, 0.000668554, 65.5839
1962, 32.70000, 0.918039, 44.5577, 13.9313, -146.497, 14.4261, 33.9446, 0.000134675, 56.4276, 0.000754683, -118.045, 0.00066814, 65.5954
1963, 32.70833, 0.918874, 44.5931, 13.9208, -146.496, 14.416, 33.9487, 0.000134623, 56.4535, 0.000754194, -118.035, 0.000667727, 65.6069
1963, 32.71667, 0.919713, 44.6285, 13.9104, -146.495, 14.406, 33.9528, 0.00013457, 56.4795, 0.000753704, -118.024, 0.000667314, 65.6184
1964, 32.72500, 0.920555, 44.6641, 13.8999, -146.494, 14.396, 33.957, 0.000134518, 56.5056, 0.000753215, -118.013, 0.0006669, 65.63
1964, 32.73333, 0.9214, 44.6998, 13.8895, -146.493, 14.386, 33.9611, 0.000134466, 56.5317, 0.000752725, -118.003, 0.000666487, 65.6415
1965, 32.74167, 0.922249, 44.7356, 13.8791, -146.492, 14.376, 33.9653, 0.000134415, 56.5578, 0.000752236, -117.992, 0.000666074, 65.653
1965, 32.75000, 0.923101, 44.7715, 13.8686, -146.49, 14.366, 33.9694, 0.000134363, 56.5841, 0.000751747, -117.982, 0.000665661, 65.6646
1966, 32.75833, 0.923956, 44.8075, 13.8582, -146.489, 14.356, 33.9736, 0.000134311, 56.6104, 0.000751257, -117.971, 0.000665248, 65.6761
1966, 32.76667, 0.924815, 44.8437, 13.8478, -146.488, 14.346, 33.9779, 0.000134259, 56.6368, 0.000750768, -117.961, 0.000664835, 65.6877
1967, 32.77500, 0.925676, 44.88, 13.8373, -146.487, 14.336, 33.9821, 0.000134208, 56.6632, 0.000750279, -117.95, 0.000664422, 65.6993
1967, 32.78333, 0.926542, 44.9164, 13.8269, -146.486, 14.326, 33.9863, 0.000134156, 56.6897, 0.000749789, -117.939, 0.000664009, 65.7109
1968, 32.79167, 0.92741, 44.9529, 13.8164, -146.485, 14.316, 33.9906, 0.000134105, 56.7163, 0.0007493, -117.929, 0.000663596, 65.7224
1968, 32.80000, 0.928282, 44.9896, 13.806, -146.484, 14.306, 33.9949, 0.000134054, 56.743, 0.000748811, -117.918, 0.000663184, 65.734
1969, 32.80833, 0.929158, 45.0263, 13.7956, -146.483, 14.296, 33.9992, 0.000134002, 56.7697, 0.000748322, -117.908, 0.000662771, 65.7456
1969, 32.81667, 0.930037, 45.0632, 13.7851, -146.482, 14.2861, 34.0035, 0.000133951, 56.7965, 0.000747832, -117.897, 0.000662359, 65.7572
1970, 32.82500, 0.93092, 45.1002, 13.7747, -146.481, 14.2761, 34.0078, 0.0001339, 56.8234, 0.000747343, -117.886, 0.000661946, 65.7689
1970, 32.83333, 0.931806, 45.1373, 13.7643, -146.479, 14.2661, 34.0121, 0.000133849, 56.8503, 0.000746854, -117.876, 0.000661534, 65.7805
1971, 32.84167, 0.932696, 45.1745, 13.7539, -146.478, 14.2561, 34.0165, 0.000133798, 56.8773, 0.000746365, -117.865, 0.000661122, 65.7921
1971, 32.85000, 0.93359, 45.2119, 13.7434, -146.477, 14.2462, 34.0208, 0.000133747, 56.9044, 0.000745876, -117.855, 0.000660709, 65.8038
1972, 32.85833, 0.934487, 45.2494, 13.733, -146.476, 14.2362, 34.0252, 0.000133697, 56.9316, 0.000745386, -117.844, 0.000660297, 65.8154
1972, 32.86667, 0.935388, 45.287, 13.7226, -146.475, 14.2263, 34.0296, 0.000133646, 56.9588, 0.000744897, -117.834, 0.000659885, 65.8271
1973, 32.87500, 0.936293, 45.3247, 13.7121, -146.474, 14.2163, 34.0341, 0.000133596, 56.9861, 0.000744408, -117.823, 0.000659473, 65.8388
1973, 32.88333, 0.937201, 45.3625, 13.7017, -146.473, 14.2064, 34.0385, 0.000133545, 57.0135, 0.000743919, -117.812, 0.000659061, 65.8504
1974, 32.89167, 0.938114, 45.4005, 13.6913, -146.472, 14.1964, 34.0429, 0.000133495, 57.0409, 0.00074343, -117.802, 0.000658649, 65.8621
1974, 32.90000, 0.93903, 45.4385, 13.6809, -146.471, 14.1865, 34.0474, 0.000133444, 57.0685, 0.000742941, -117.791, 0.000658237, 65.8738
1975, 32.90833, 0.93995, 45.4767, 13.6704, -146.47, 14.1766, 34.0519, 0.000133394, 57.0961, 0.000742452, -117.781, 0.000657826, 65.8855
1975, 32.91667, 0.940874, 45.515, 13.66, -146.469, 14.1666, 34.0564, 0.000133344, 57.1237, 0.000741963, -117.77, 0.000657414, 65.8972
1976, 32.92500, 0.941801, 45.5534, 13.6496, -146.468, 14.1567, 34.0609, 0.000133294, 57.1515, 0.000741474, -117.76, 0.000657003, 65.909
1976, 32.93333, 0.942733, 45.5919, 13.6391, -146.467, 14.1468, 34.0655, 0.000133244, 57.1793, 0.000740985, -117.749, 0.000656591, 65.9207
1977, 32.94167, 0.943669, 45.6306, 13.6287, -146.466, 14.1369, 34.07, 0.000133194, 57.2072, 0.000740496, -117.738, 0.00065618, 65.9324
1977, 32.95000, 0.944609, 45.6694, 13.6183, -146.465, 14.127, 34.0746, 0.000133145, 57.2352, 0.000740007, -117.728, 0.000655768, 65.9442
1978, 32.95833, 0.945553, 45.7083, 13.6079, -146.464, 14.1171, 34.0792, 0.000133095, 57.2632, 0.000739518, -117.717, 0.000655357, 65.9559
1978, 32.96667, 0.946501, 45.7473, 13.5974, -146.463, 14.1072, 34.0838, 0.000133045, 57.2913, 0.000739028, -117.707, 0.000654946, 65.9677
1979, 32.97500, 0.947453, 45.7864, 13.587, -146.462, 14.0973, 34.0884, 0.000132996, 57.3195, 0.00073854, -117.696, 0.000654535, 65.9795
1979, 32.98333, 0.94841, 45.8256, 13.5766, -146.461, 14.0874, 34.093, 0.000132947, 57.3478, 0.00073805, -117.686, 0.000654124, 65.9913
1980, 32.99167, 0.94937, 45.865, 13.5662, -146.46, 14.0775, 34.0977, 0.000132897, 57.3762, 0.000737561, -117.675, 0.000653713, 66.0031
1980, 33.00000, 0.950335, 45.9044, 13.5557, -146.46, 14.0676, 34.1024, 0.000132848, 57.4046, 0.000737072, -117.664, 0.000653302, 66.0149
1981, 33.00833, 0.951304, 45.944, 13.5453, -146.459, 14.0577, 34.1071, 0.000132799, 57.4331, 0.000736583, -117.654, 0.000652892, 66.0267
1981, 33.01667, 0.952278, 45.9837, 13.5349, -146.458, 14.0478, 34.1118, 0.00013275, 57.4617, 0.000736094, -117.643, 0.000652481, 66.0385
1982, 33.02500, 0.953256, 46.0235, 13.5245, -146.457, 14.0379, 34.1165, 0.000132701, 57.4904, 0.000735605, -117.633, 0.00065207, 66.0503
1982, 33.03333, 0.954238, 46.0634, 13.5141, -146.456, 14.0281, 34.1212, 0.000132653, 57.5191, 0.000735117, -117.622, 0.00065166, 66.0622
1983, 33.04167, 0.955225, 46.1035, 13.5036, -146.455, 14.0182, 34.126, 0.000132604, 57.548, 0.000734628, -117.612, 0.000651249, 66.074
1983, 33.05000, 0.956216, 46.1436, 13.4932, -146.454, 14.0083, 34.1308, 0.000132555, 57.5769, 0.000734139, -117.601, 0.000650839, 66.0859
1984, 33.05833, 0.957212, 46.1839, 13.4828, -146.453, 13.9985, 34.1356, 0.000132507, 57.6059, 0.00073365, -117.59, 0.000650429, 66.0977
1984, 33.06667, 0.958212, 46.2243, 13.4724, -146.452, 13.9886, 34.1404, 0.000132459, 57.6349, 0.000733161, -117.58, 0.000650019, 66.1096
1985, 33.07500, 0.959217, 46.2648, 13.4619, -146.452, 13.9788, 34.1452, 0.00013241, 57.6641, 0.000732672, -117.569, 0.000649609, 66.1215
1985, 33.08333, 0.960227, 46.3054, 13.4515, -146.451, 13.9689, 34.1501, 0.000132362, 57.6933, 0.000732183, -117.559, 0.000649199, 66.1334
1986, 33.09167, 0.961241, 46.3461, 13.4411, -146.45, 13.9591, 34.1549, 0.000132314, 57.7227, 0.000731694, -117.548, 0.000648789, 66.1453
1986, 33.10000, 0.96226, 46.3869, 13.4307, -146.449, 13.9493, 34.1598, 0.000132267, 57.752, 0.000731205, -117.538, 0.000648379, 66.1572
1987, 33.10833, 0.963283, 46.4278, 13.4202, -146.448, 13.9394, 34.1647, 0.000132219, 57.7815, 0.000730716, -117.527, 0.000647969, 66.1691
1987, 33.11667, 0.964312, 46.4689, 13.4098, -146.447, 13.9296, 34.1696, 0.000132171, 57.8111, 0.000730227, -117.517, 0.000647559, 66.181
1988, 33.12500, 0.965345, 46.5101, 13.3994, -146.447, 13.9198, 34.1746, 0.000132124, 57.8407, 0.000729738, -117.506, 0.00064715, 66.193
1988, 33.13333, 0.966384, 46.5513, 13.389, -146.446, 13.91, 34.1795, 0.000132076, 57.8705, 0.000729249, -117.495, 0.00064674, 66.2049
1989, 33.14167, 0.967427, 46.5927, 13.3785, -146.445, 13.9002, 34.1845, 0.000132029, 57.9003, 0.00072876, -117.485, 0.000646331, 66.2169
1989, 33.15000, 0.968475, 46.6342, 13.3681, -146.444, 13.8904, 34.1895, 0.000131982, 57.9302, 0.000728271, -117.474, 0.000645922, 66.2289
1990, 33.15833, 0.969528, 46.6758, 13.3577, -146.444, 13.8805, 34.1945, 0.000131935, 57.9602, 0.000727782, -117.464, 0.000645513, 66.2408
1990, 33.16667, 0.970586, 46.7175, 13.3473, -146.443, 13.8707, 34.1996, 0.000131888, 57.9902, 0.000727293, -117.453, 0.000645103, 66.2528
1991, 33.17500, 0.97165, 46.7593, 13.3368, -146.442, 13.861, 34.2046, 0.000131841, 58.0204, 0.000726804, -117.443, 0.000644694, 66.2648
1991, 33.18333, 0.972718, 46.8012, 13.3264, -146.441, 13.8512, 34.2097, 0.000131794, 58.0506, 0.000726315, -117.432, 0.000644286, 66.2768
1992, 33.19167, 0.973792, 46.8432, 13.316, -146.441, 13.8414, 34.2148, 0.000131748, 58.0809, 0.000725826, -117.422, 0.000643877, 66.2888
1992, 33.20000, 0.974871, 46.8853, 13.3056, -146.44, 13.8316, 34.2199, 0.000131701, 58.1113, 0.000725337, -117.411, 0.000643468, 66.3009
1993, 33.20833, 0.975955, 46.9276, 13.2951, -146.439, 13.8218, 34.225, 0.000131655, 58.1418, 0.000724848, -117.4, 0.000643059, 66.3129
1993, 33.21667, 0.977044, 46.9699, 13.2847, -146.438, 13.8121, 34.2302, 0.000131609, 58.1724, 0.000724359, -117.39, 0.000642651, 66.325
1994, 33.22500, 0.978139, 47.0124, 13.2743, -146.438, 13.8023, 34.2353, 0.000131563, 58.2031, 0.00072387, -117.379, 0.000642242, 66.337
1994, 33.23333, 0.979239, 47.0549, 13.2638, -146.437, 13.7925, 34.2405, 0.000131517, 58.2338, 0.00072338, -117.369, 0.000641834, 66.3491
1995, 33.24167, 0.980345, 47.0975, 13.2534, -146.436, 13.7828, 34.2457, 0.000131471, 58.2647, 0.000722891, -117.358, 0.000641426, 66.3612
1995, 33.25000, 0.981456, 47.1403, 13.243, -146.436, 13.773, 34.2509, 0.000131425, 58.2956, 0.000722402, -117.348, 0.000641017, 66.3732
1996, 33.25833, 0.982572, 47.1831, 13.2325, -146.435, 13.7633, 34.2562, 0.00013138, 58.3266, 0.000721913, -117.337, 0.000640609, 66.3853
1996, 33.26667, 0.983695, 47.2261, 13.2221, -146.434, 13.7535, 34.2615, 0.000131334, 58.3577, 0.000721424, -117.327, 0.000640201, 66.3975
1997, 33.27500, 0.984823, 47.2691, 13.2117, -146.434, 13.7438, 34.2667, 0.000131289, 58.3889, 0.000720935, -117.316, 0.000639794, 66.4096
1997, 33.28333, 0.985956, 47.3123, 13.2012, -146.433, 13.7341, 34.272, 0.000131244, 58.4202, 0.000720446, -117.306, 0.000639386, 66.4217
1998, 33.29167, 0.987096, 47.3555, 13.1908, -146.432, 13.7243, 34.2774, 0.000131199, 58.4516, 0.000719957, -117.295, 0.000638978, 66.4338
1998, 33.30000, 0.988241, 47.3988, 13.1804, -146.432, 13.7146, 34.2827, 0.000131154, 58.4831, 0.000719467, -117.285, 0.000638571, 66.446
1999, 33.30833, 0.989392, 47.4423, 13.1699, -146.431, 13.7049, 34.2881, 0.000131109, 58.5146, 0.000718978, -117.274, 0.000638163, 66.4581
1999, 33.31667, 0.990548, 47.4858, 13.1595, -146.431, 13.6952, 34.2934, 0.000131065, 58.5463, 0.000718489, -117.263, 0.000637756, 66.4703
2000, 33.32500, 0.991711, 47.5294, 13.1491, -146.43, 13.6855, 34.2989, 0.00013102, 58.578, 0.000718, -117.253, 0.000637348, 66.4825
2000, 33.33333, 0.99288, 47.5732, 13.1386, -146.43, 13.6758, 34.3043, 0.000130976, 58.6098, 0.000717511, -117.242, 0.000636941, 66.4947
2001, 33.34167, 0.994054, 47.617, 13.1282, -146.429, 13.6661, 34.3097, 0.000130932, 58.6418, 0.000717021, -117.232, 0.000636534, 66.5069
2001, 33.35000, 0.995235, 47.6609, 13.1178, -146.428, 13.6564, 34.3152, 0.000130888, 58.6738, 0.000716532, -117.221, 0.000636127, 66.5191
2002, 33.35833, 0.996422, 47.7049, 13.1073, -146.428, 13.6467, 34.3207, 0.000130844, 58.7059, 0.000716043, -117.211, 0.00063572, 66.5313
2002, 33.36667, 0.997615, 47.749, 13.0969, -146.427, 13.637, 34.3262, 0.0001308, 58.7381, 0.000715553, -117.2, 0.000635314, 66.5435
2003, 33.37500, 0.998814, 47.7931, 13.0864, -146.427, 13.6273, 34.3317, 0.000130757, 58.7704, 0.000715064, -117.19, 0.000634907, 66.5558
2003, 33.38333, 1.00002, 47.8374, 13.076, -146.426, 13.6177, 34.3372, 0.000130713, 58.8028, 0.000714575, -117.179, 0.0006345, 66.568
2003, 33.39167, 1.00123, 47.8817, 13.0655, -146.426, 13.608, 34.3428, 0.00013067, 58.8353, 0.000714085, -117.169, 0.000634094, 66.5803
2004, 33.40000, 1.00245, 47.9262, 13.0551, -146.425, 13.5984, 34.3484, 0.000130627, 58.8678, 0.000713596, -117.158, 0.000633688, 66.5926
2005, 33.40833, 1.00367, 47.9707, 13.0447, -146.425, 13.5887, 34.354, 0.000130584, 58.9005, 0.000713106, -117.148, 0.000633281, 66.6049
2005, 33.41667, 1.00491, 48.0153, 13.0342, -146.425, 13.5791, 34.3596, 0.000130541, 58.9333, 0.000712617, -117.137, 0.000632875, 66.6172
2006, 33.42500, 1.00614, 48.06, 13.0238, -146.424, 13.5694, 34.3652, 0.000130499, 58.9661, 0.000712127, -117.127, 0.000632469, 66.6295
2006, 33.43333, 1.00739, 48.1048, 13.0133, -146.424, 13.5598, 34.3709, 0.000130456, 58.9991, 0.000711638, -117.116, 0.000632063, 66.6418
2007, 33.44167, 1.00864, 48.1496, 13.0029, -146.423, 13.5501, 34.3766, 0.000130414, 59.0321, 0.000711148, -117.106, 0.000631658, 66.6541
2007, 33.45000, 1.0099, 48.1946, 12.9924, -146.423, 13.5405, 34.3823, 0.000130372, 59.0653, 0.000710659, -117.095, 0.000631252, 66.6664
2008, 33.45833, 1.01116, 48.2396, 12.982, -146.422, 13.5309, 34.388, 0.00013033, 59.0985, 0.000710169, -117.085, 0.000630846, 66.6788
2008, 33.46667, 1.01243, 48.2847, 12.9715, -146.422, 13.5213, 34.3938, 0.000130288, 59.1318, 0.000709679, -117.074, 0.000630441, 66.6912
2009, 33.47500, 1.01371, 48.3298, 12.961, -146.422, 13.5117, 34.3996, 0.000130247, 59.1653, 0.00070919, -117.064, 0.000630036, 66.7035
2009, 33.48333, 1.015, 48.3751, 12.9506, -146.421, 13.5021, 34.4053, 0.000130205, 59.1988, 0.0007087, -117.053, 0.000629631, 66.7159
2010, 33.49167, 1.01629, 48.4204, 12.9401, -146.421, 13.4925, 34.4112, 0.000130164, 59.2324, 0.00070821, -117.043, 0.000629225, 66.7283
2010, 33.50000, 1.01759, 48.4658, 12.9297, -146.421, 13.4829, 34.417, 0.000130123, 59.2662, 0.00070772, -117.032, 0.000628821, 66.7407
2011, 33.50833, 1.01889, 48.5112, 12.9192, -146.42, 13.4733, 34.4229, 0.000130082, 59.3, 0.000707231, -117.022, 0.000628416, 66.7531
2011, 33.51667, 1.02021, 48.5568, 12.9087, -146.42, 13.4637, 34.4287, 0.000130041, 59.3339, 0.000706741, -117.011, 0.000628011, 66.7655
2012, 33.52500, 1.02153, 48.6024, 12.8983, -146.42, 13.4541, 34.4346, 0.000130001, 59.3679, 0.000706251, -117.001, 0.000627606, 66.778
2012, 33.53333, 1.02285, 48.648, 12.8878, -146.419, 13.4446, 34.4405, 0.000129961, 59.402, 0.000705761, -116.99, 0.000627202, 66.7904
2013, 33.54167, 1.02419, 48.6938, 12.8773, -146.419, 13.435, 34.4465, 0.00012992, 59.4363, 0.000705271, -116.98, 0.000626797, 66.8029
2013, 33.55000, 1.02553, 48.7396, 12.8669, -146.419, 13.4254, 34.4524, 0.00012988, 59.4706, 0.000704781, -116.969, 0.000626393, 66.8154
2014, 33.55833, 1.02688, 48.7854, 12.8564, -146.419, 13.4159, 34.4584, 0.000129841, 59.505, 0.000704291, -116.959, 0.000625989, 66.8278
2014, 33.56667, 1.02824, 48.8314, 12.8459, -146.418, 13.4063, 34.4644, 0.000129801, 59.5395, 0.000703801, -116.948, 0.000625585, 66.8403
2015, 33.57500, 1.0296, 48.8774, 12.8354, -146.418, 13.3968, 34.4705, 0.000129762, 59.5741, 0.000703311, -116.938, 0.000625181, 66.8528
2015, 33.58333, 1.03098, 48.9234, 12.825, -146.418, 13.3873, 34.4765, 0.000129722, 59.6088, 0.000702821, -116.927, 0.000624778, 66.8653
2016, 33.59167, 1.03236, 48.9695, 12.8145, -146.418, 13.3777, 34.4826, 0.000129683, 59.6437, 0.00070233, -116.917, 0.000624374, 66.8779
2016, 33.60000, 1.03374, 49.0157, 12.804, -146.417, 13.3682, 34.4887, 0.000129645, 59.6786, 0.00070184, -116.906, 0.000623971, 66.8904
2017, 33.60833, 1.03514, 49.0619, 12.7935, -146.417, 13.3587, 34.4948, 0.000129606, 59.7136, 0.00070135, -116.896, 0.000623567, 66.903
2017, 33.61667, 1.03654, 49.1082, 12.783, -146.417, 13.3492, 34.5009, 0.000129567, 59.7487, 0.00070086, -116.885, 0.000623164, 66.9155
2018, 33.62500, 1.03795, 49.1545, 12.7726, -146.417, 13.3397, 34.5071, 0.000129529, 59.7839, 0.000700369, -116.875, 0.000622761, 66.9281
2018, 33.63333, 1.03937, 49.2009, 12.7621, -146.417, 13.3302, 34.5133, 0.000129491, 59.8192, 0.000699879, -116.864, 0.000622358, 66.9407
2019, 33.64167, 1.0408, 49.2473, 12.7516, -146.417, 13.3207, 34.5195, 0.000129453, 59.8547, 0.000699388, -116.854, 0.000621955, 66.9533
2019, 33.65000, 1.04224, 49.2938, 12.7411, -146.417, 13.3112, 34.5257, 0.000129416, 59.8902, 0.000698898, -116.843, 0.000621552, 66.9659
2020, 33.65833, 1.04368, 49.3403, 12.7306, -146.416, 13.3017, 34.5319, 0.000129378, 59.9258, 0.000698407, -116.833, 0.00062115, 66.9785
2020, 33.66667, 1.04513, 49.3868, 12.7201, -146.416, 13.2923, 34.5382, 0.000129341, 59.9616, 0.000697917, -116.823, 0.000620747, 66.9911
2021, 33.67500, 1.04659, 49.4334, 12.7096, -146.416, 13.2828, 34.5445, 0.000129304, 59.9974, 0.000697426, -116.812, 0.000620345, 67.0038
2021, 33.68333, 1.04806, 49.4801, 12.6991, -146.416, 13.2733, 34.5508, 0.000129268, 60.0333, 0.000696935, -116.802, 0.000619943, 67.0164
2022, 33.69167, 1.04954, 49.5267, 12.6886, -146.416, 13.2639, 34.5572, 0.000129231, 60.0694, 0.000696445, -116.791, 0.000619541, 67.0291
2022, 33.70000, 1.05102, 49.5735, 12.6781, -146.416, 13.2544, 34.5635, 0.000129195, 60.1055, 0.000695954, -116.781, 0.000619139, 67.0418
2023, 33.70833, 1.05252, 49.6202, 12.6676, -146.416, 13.245, 34.5699, 0.000129159, 60.1418, 0.000695463, -116.77, 0.000618737, 67.0545
2023, 33.71667, 1.05402, 49.667, 12.6571, -146.416, 13.2356, 34.5763, 0.000129123, 60.1781, 0.000694972, -116.76, 0.000618336, 67.0671
2024, 33.72500, 1.05553, 49.7138, 12.6465, -146.416, 13.2261, 34.5827, 0.000129087, 60.2146, 0.000694481, -116.749, 0.000617934, 67.0799
2024, 33.73333, 1.05705, 49.7606, 12.636, -146.416, 13.2167, 34.5892, 0.000129052, 60.2511, 0.00069399, -116.739, 0.000617533, 67.0926
2025, 33.74167, 1.05858, 49.8075, 12.6255, -146.416, 13.2073, 34.5956, 0.000129017, 60.2878, 0.000693499, -116.728, 0.000617132, 67.1053
2025, 33.75000, 1.06012, 49.8544, 12.615, -146.416, 13.1979, 34.6021, 0.000128982, 60.3246, 0.000693008, -116.718, 0.000616731, 67.1181
2026, 33.75833, 1.06166, 49.9013, 12.6045, -146.416, 13.1885, 34.6087, 0.000128947, 60.3614, 0.000692517, -116.708, 0.00061633, 67.1308
2026, 33.76667, 1.06322, 49.9483, 12.5939, -146.416, 13.1791, 34.6152, 0.000128913, 60.3984, 0.000692025, -116.697, 0.000615929, 67.1436
2027, 33.77500, 1.06478, 49.9952, 12.5834, -146.416, 13.1697, 34.6217, 0.000128878, 60.4355, 0.000691534, -116.687, 0.000615529, 67.1564
2027, 33.78333, 1.06636, 50.0422, 12.5729, -146.416, 13.1604, 34.6283, 0.000128844, 60.4727, 0.000691043, -116.676, 0.000615129, 67.1692
2028, 33.79167, 1.06794, 50.0892, 12.5623, -146.417, 13.151, 34.6349, 0.000128811, 60.51, 0.000690551, -116.666, 0.000614728, 67.182
2028, 33.80000, 1.06953, 50.1362, 12.5518, -146.417, 13.1416, 34.6416, 0.000128777, 60.5474, 0.00069006, -116.655, 0.000614328, 67.1948
2029, 33.80833, 1.07114, 50.1832, 12.5413, -146.417, 13.1323, 34.6482, 0.000128744, 60.5849, 0.000689568, -116.645, 0.000613928, 67.2076
2029, 33.81667, 1.07275, 50.2302, 12.5307, -146.417, 13.1229, 34.6549, 0.000128711, 60.6225, 0.000689076, -116.635, 0.000613528, 67.2204
2030, 33.82500, 1.07437, 50.2772, 12.5202, -146.417, 13.1136, 34.6616, 0.000128678, 60.6602, 0.000688585, -116.624, 0.000613129, 67.2333
2030, 33.83333, 1.076, 50.3243, 12.5096, -146.417, 13.1042, 34.6683, 0.000128646, 60.698, 0.000688093, -116.614, 0.000612729, 67.2461
2031, 33.84167, 1.07764, 50.3713, 12.4991, -146.418, 13.0949, 34.6751, 0.000128614, 60.7359, 0.000687601, -116.603, 0.00061233, 67.259
2031, 33.85000, 1.07929, 50.4183, 12.4885, -146.418, 13.0856, 34.6818, 0.000128582, 60.774, 0.000687109, -116.593, 0.000611931, 67.2719
2032, 33.85833, 1.08095, 50.4654, 12.4779, -146.418, 13.0763, 34.6886, 0.00012855, 60.8121, 0.000686617, -116.583, 0.000611532, 67.2848
2032, 33.86667, 1.08262, 50.5124, 12.4674, -146.418, 13.067, 34.6954, 0.000128519, 60.8503, 0.000686125, -116.572, 0.000611133, 67.2977
2033, 33.87500, 1.0843, 50.5594, 12.4568, -146.418, 13.0577, 34.7023, 0.000128488, 60.8887, 0.000685633, -116.562, 0.000610735, 67.3106
2033, 33.88333, 1.08598, 50.6064, 12.4462, -146.419, 13.0484, 34.7091, 0.000128457, 60.9271, 0.000685141, -116.551, 0.000610336, 67.3236
2034, 33.89167, 1.08768, 50.6534, 12.4357, -146.419, 13.0391, 34.716, 0.000128426, 60.9657, 0.000684648, -116.541, 0.000609938, 67.3365
2034, 33.90000, 1.08939, 50.7004, 12.4251, -146.419, 13.0298, 34.7229, 0.000128396, 61.0044, 0.000684156, -116.531, 0.00060954, 67.3495
2035, 33.90833, 1.09111, 50.7474, 12.4145, -146.42, 13.0206, 34.7298, 0.000128366, 61.0431, 0.000683663, -116.52, 0.000609142, 67.3624
2035, 33.91667, 1.09284, 50.7943, 12.4039, -146.42, 13.0113, 34.7368, 0.000128336, 61.082, 0.000683171, -116.51, 0.000608744, 67.3754
2036, 33.92500, 1.09458, 50.8412, 12.3933, -146.42, 13.0021, 34.7437, 0.000128307, 61.121, 0.000682678, -116.499, 0.000608346, 67.3884
2036, 33.93333, 1.09633, 50.8881, 12.3828, -146.421, 12.9928, 34.7507, 0.000128277, 61.1601, 0.000682186, -116.489, 0.000607949, 67.4014
2037, 33.94167, 1.09809, 50.935, 12.3722, -146.421, 12.9836, 34.7578, 0.000128248, 61.1993, 0.000681693, -116.479, 0.000607551, 67.4144
2037, 33.95000, 1.09987, 50.9819, 12.3616, -146.421, 12.9744, 34.7648, 0.00012822, 61.2386, 0.0006812, -116.468, 0.000607154, 67.4274
2038, 33.95833, 1.10165, 51.0287, 12.351, -146.422, 12.9651, 34.7719, 0.000128192, 61.278, 0.000680707, -116.458, 0.000606757, 67.4405
2038, 33.96667, 1.10344, 51.0754, 12.3404, -146.422, 12.9559, 34.7789, 0.000128164, 61.3175, 0.000680214, -116.448, 0.00060636, 67.4535
2039, 33.97500, 1.10524, 51.1222, 12.3297, -146.423, 12.9467, 34.7861, 0.000128136, 61.3571, 0.000679721, -116.437, 0.000605964, 67.4666
2039, 33.98333, 1.10706, 51.1689, 12.3191, -146.423, 12.9375, 34.7932, 0.000128109, 61.3969, 0.000679228, -116.427, 0.000605567, 67.4797
2040, 33.99167, 1.10888, 51.2155, 12.3085, -146.424, 12.9283, 34.8003, 0.000128081, 61.4367, 0.000678734, -116.417, 0.000605171, 67.4927
2040, 34.00000, 1.11072, 51.2621, 12.2979, -146.424, 12.9192, 34.8075, 0.000128055, 61.4766, 0.000678241, -116.406, 0.000604775, 67.5058
2041, 34.00833, 1.11257, 51.3087, 12.2873, -146.425, 12.91, 34.8147, 0.000128028, 61.5167, 0.000677747, -116.396, 0.000604379, 67.5189
2041, 34.01667, 1.11443, 51.3552, 12.2766, -146.425, 12.9008, 34.8219, 0.000128002, 61.5568, 0.000677254, -116.385, 0.000603984, 67.5321
2042, 34.02500, 1.1163, 51.4017, 12.266, -146.426, 12.8917, 34.8292, 0.000127976, 61.5971, 0.00067676, -116.375, 0.000603588, 67.5452
2042, 34.03333, 1.11818, 51.448, 12.2554, -146.426, 12.8825, 34.8365, 0.000127951, 61.6374, 0.000676266, -116.365, 0.000603193, 67.5583
2043, 34.04167, 1.12007, 51.4944, 12.2447, -146.427, 12.8734, 34.8438, 0.000127926, 61.6779, 0.000675772, -116.354, 0.000602798, 67.5715
2043, 34.05000, 1.12198, 51.5406, 12.2341, -146.427, 12.8643, 34.8511, 0.000127901, 61.7185, 0.000675278, -116.344, 0.000602403, 67.5846
2044, 34.05833, 1.12389, 51.5869, 12.2234, -146.428, 12.8552, 34.8584, 0.000127876, 61.7591, 0.000674784, -116.334, 0.000602008, 67.5978
2044, 34.06667, 1.12582, 51.633, 12.2128, -146.429, 12.846, 34.8658, 0.000127852, 61.7999, 0.00067429, -116.323, 0.000601614, 67.611
2045, 34.07500, 1.12776, 51.6791, 12.2021, -146.429, 12.8369, 34.8731, 0.000127828, 61.8408, 0.000673796, -116.313, 0.000601219, 67.6242
2045, 34.08333, 1.12971, 51.725, 12.1914, -146.43, 12.8279, 34.8805, 0.000127805, 61.8818, 0.000673301, -116.303, 0.000600825, 67.6374
2046, 34.09167, 1.13167, 51.7709, 12.1808, -146.43, 12.8188, 34.888, 0.000127782, 61.9229, 0.000672807, -116.292, 0.000600431, 67.6506
2046, 34.10000, 1.13365, 51.8168, 12.1701, -146.431, 12.8097, 34.8954, 0.000127759, 61.9641, 0.000672312, -116.282, 0.000600038, 67.6639
2047, 34.10833, 1.13563, 51.8625, 12.1594, -146.432, 12.8006, 34.9029, 0.000127736, 62.0054, 0.000671818, -116.272, 0.000599644, 67.6771
2047, 34.11667, 1.13763, 51.9082, 12.1487, -146.432, 12.7916, 34.9104, 0.000127714, 62.0468, 0.000671323, -116.261, 0.000599251, 67.6904
2048, 34.12500, 1.13964, 51.9537, 12.138, -146.433, 12.7825, 34.9179, 0.000127692, 62.0883, 0.000670828, -116.251, 0.000598858, 67.7036
2048, 34.13333, 1.14167, 51.9992, 12.1273, -146.434, 12.7735, 34.9254, 0.000127671, 62.1299, 0.000670333, -116.241, 0.000598465, 67.7169
2049, 34.14167, 1.1437, 52.0446, 12.1166, -146.435, 12.7645, 34.933, 0.00012765, 62.1716, 0.000669838, -116.23, 0.000598072, 67.7302
2049, 34.15000, 1.14575, 52.0898, 12.1059, -146.435, 12.7554, 34.9406, 0.000127629, 62.2134, 0.000669342, -116.22, 0.000597679, 67.7435
2050, 34.15833, 1.14781, 52.135, 12.0952, -146.436, 12.7464, 34.9482, 0.000127609, 62.2553, 0.000668847, -116.21, 0.000597287, 67.7568
2050, 34.16667, 1.14988, 52.18, 12.0845, -146.437, 12.7374, 34.9558, 0.000127589, 62.2973, 0.000668352, -116.2, 0.000596895, 67.7701
2051, 34.17500, 1.15197, 52.225, 12.0738, -146.438, 12.7284, 34.9635, 0.000127569, 62.3394, 0.000667856, -116.189, 0.000596503, 67.7834
2051, 34.18333, 1.15407, 52.2698, 12.0631, -146.439, 12.7195, 34.9711, 0.00012755, 62.3816, 0.00066736, -116.179, 0.000596112, 67.7968
2052, 34.19167, 1.15618, 52.3145, 12.0523, -146.439, 12.7105, 34.9788, 0.000127531, 62.4239, 0.000666864, -116.169, 0.00059572, 67.8101
2052, 34.20000, 1.1583, 52.3591, 12.0416, -146.44, 12.7015, 34.9865, 0.000127513, 62.4663, 0.000666368, -116.158, 0.000595329, 67.8235
2053, 34.20833, 1.16044, 52.4036, 12.0309, -146.441, 12.6926, 34.9943, 0.000127495, 62.5088, 0.000665872, -116.148, 0.000594938, 67.8369
2053, 34.21667, 1.16259, 52.4479, 12.0201, -146.442, 12.6836, 35.002, 0.000127477, 62.5515, 0.000665376, -116.138, 0.000594547, 67.8503
2054, 34.22500, 1.16475, 52.4921, 12.0094, -146.443, 12.6747, 35.0098, 0.00012746, 62.5942, 0.00066488, -116.128, 0.000594157, 67.8637
2054, 34.23333, 1.16693, 52.5362, 11.9986, -146.444, 12.6658, 35.0176, 0.000127443, 62.637, 0.000664383, -116.117, 0.000593766, 67.8771
2055, 34.24167, 1.16912, 52.5801, 11.9878, -146.445, 12.6569, 35.0254, 0.000127427, 62.6799, 0.000663887, -116.107, 0.000593376, 67.8905
2055, 34.25000, 1.17132, 52.6239, 11.9771, -146.446, 12.648, 35.0333, 0.000127411, 62.7229, 0.00066339, -116.097, 0.000592986, 67.9039
2056, 34.25833, 1.17353, 52.6675, 11.9663, -146.447, 12.6391, 35.0411, 0.000127395, 62.766, 0.000662893, -116.086, 0.000592597, 67.9173
2056, 34.26667, 1.17576, 52.711, 11.9555, -146.448, 12.6302, 35.049, 0.00012738, 62.8092, 0.000662396, -116.076, 0.000592207, 67.9308
2057, 34.27500, 1.17801, 52.7543, 11.9447, -146.449, 12.6213, 35.0569, 0.000127365, 62.8524, 0.000661899, -116.066, 0.000591818, 67.9443
2057, 34.28333, 1.18026, 52.7975, 11.9339, -146.45, 12.6124, 35.0649, 0.000127351, 62.8958, 0.000661401, -116.056, 0.000591429, 67.9577
2058, 34.29167, 1.18254, 52.8405, 11.9231, -146.451, 12.6036, 35.0728, 0.000127337, 62.9393, 0.000660904, -116.045, 0.000591041, 67.9712
2058, 34.30000, 1.18482, 52.8834, 11.9123, -146.452, 12.5947, 35.0808, 0.000127323, 62.9829, 0.000660406, -116.035, 0.000590652, 67.9847
2059, 34.30833, 1.18712, 52.926, 11.9015, -146.453, 12.5859, 35.0888, 0.00012731, 63.0265, 0.000659909, -116.025, 0.000590264, 67.9982
2059, 34.31667, 1.18943, 52.9685, 11.8907, -146.454, 12.5771, 35.0968, 0.000127297, 63.0703, 0.000659411, -116.015, 0.000589876, 68.0117
2060, 34.32500, 1.19176, 53.0109, 11.8798, -146.455, 12.5683, 35.1048, 0.000127285, 63.1141, 0.000658913, -116.004, 0.000589488, 68.0252
2060, 34.33333, 1.1941, 53.053, 11.869, -146.456, 12.5595, 35.1128, 0.000127273, 63.158, 0.000658415, -115.994, 0.000589101, 68.0387
2061, 34.34167, 1.19645, 53.095, 11.8582, -146.457, 12.5507, 35.1209, 0.000127262, 63.2021, 0.000657916, -115.984, 0.000588714, 68.0523
2061, 34.35000, 1.19882, 53.1367, 11.8473, -146.458, 12.5419, 35.129, 0.000127251, 63.2462, 0.000657418, -115.974, 0.000588327, 68.0658
2062, 34.35833, 1.2012, 53.1783, 11.8365, -146.459, 12.5332, 35.1371, 0.000127241, 63.2904, 0.000656919, -115.963, 0.00058794, 68.0794
2062, 34.36667, 1.2036, 53.2197, 11.8256, -146.461, 12.5244, 35.1452, 0.000127231, 63.3347, 0.000656421, -115.953, 0.000587553, 68.0929
2063, 34.37500, 1.20601, 53.2609, 11.8147, -146.462, 12.5157, 35.1534, 0.000127221, 63.379, 0.000655922, -115.943, 0.000587167, 68.1065
2063, 34.38333, 1.20844, 53.3018, 11.8039, -146.463, 12.5069, 35.1615, 0.000127212, 63.4235, 0.000655423, -115.933, 0.000586781, 68.1201
2064, 34.39167, 1.21088, 53.3426, 11.793, -146.464, 12.4982, 35.1697, 0.000127203, 63.468, 0.000654923, -115.923, 0.000586395, 68.1337
2064, 34.40000, 1.21334, 53.3832, 11.7821, -146.465, 12.4895, 35.1779, 0.000127195, 63.5126, 0.000654424, -115.912, 0.00058601, 68.1473
2064, 34.40833, 1.21581, 53.4235, 11.7712, -146.467, 12.4808, 35.1861, 0.000127188, 63.5574, 0.000653925, -115.902, 0.000585625, 68.1609
2065, 34.41667, 1.21829, 53.4636, 11.7603, -146.468, 12.4721, 35.1944, 0.00012718, 63.6021, 0.000653425, -115.892, 0.00058524, 68.1745
2066, 34.42500, 1.22079, 53.5035, 11.7494, -146.469, 12.4634, 35.2026, 0.000127174, 63.647, 0.000652925, -115.882, 0.000584855, 68.1881
2066, 34.43333, 1.22331, 53.5432, 11.7385, -146.47, 12.4548, 35.2109, 0.000127167, 63.692, 0.000652425, -115.871, 0.000584471, 68.2017
2067, 34.44167, 1.22584, 53.5826, 11.7276, -146.472, 12.4461, 35.2192, 0.000127162, 63.737, 0.000651925, -115.861, 0.000584087, 68.2154
2067, 34.45000, 1.22839, 53.6218, 11.7166, -146.473, 12.4375, 35.2275, 0.000127156, 63.7821, 0.000651425, -115.851, 0.000583703, 68.229
2068, 34.45833, 1.23095, 53.6607, 11.7057, -146.474, 12.4288, 35.2358, 0.000127152, 63.8273, 0.000650924, -115.841, 0.000583319, 68.2427
2068, 34.46667, 1.23352, 53.6994, 11.6947, -146.476, 12.4202, 35.2441, 0.000127147, 63.8726, 0.000650423, -115.831, 0.000582936, 68.2563
2068, 34.47500, 1.23612, 53.7379, 11.6838, -146.477, 12.4116, 35.2525, 0.000127144, 63.9179, 0.000649922, -115.82, 0.000582553, 68.27
2069, 34.48333, 1.23872, 53.7761, 11.6728, -146.478, 12.403, 35.2609, 0.000127141, 63.9633, 0.000649421, -115.81, 0.00058217, 68.2837
2070, 34.49167, 1.24135, 53.814, 11.6618, -146.48, 12.3944, 35.2693, 0.000127138, 64.0088, 0.00064892, -115.8, 0.000581788, 68.2974
2070, 34.50000, 1.24398, 53.8517, 11.6509, -146.481, 12.3859, 35.2777, 0.000127136, 64.0544, 0.000648419, -115.79, 0.000581405, 68.3111
2071, 34.50833, 1.24664, 53.889, 11.6399, -146.482, 12.3773, 35.2861, 0.000127134, 64.1, 0.000647917, -115.78, 0.000581024, 68.3248
2071, 34.51667, 1.24931, 53.9262, 11.6289, -146.484, 12.3687, 35.2945, 0.000127133, 64.1457, 0.000647415, -115.769, 0.000580642, 68.3385
2072, 34.52500, 1.25199, 53.963, 11.6179, -146.485, 12.3602, 35.303, 0.000127132, 64.1914, 0.000646913, -115.759, 0.000580261, 68.3522
2072, 34.53333, 1.2547, 53.9996, 11.6069, -146.487, 12.3517, 35.3114, 0.000127132, 64.2373, 0.000646411, -115.749, 0.00057988, 68.3659
2072, 34.54167, 1.25741, 54.0359, 11.5959, -146.488, 12.3432, 35.3199, 0.000127132, 64.2832, 0.000645909, -115.739, 0.000579499, 68.3796
2073, 34.55000, 1.26015, 54.0719, 11.5848, -146.489, 12.3347, 35.3284, 0.000127133, 64.3291, 0.000645406, -115.729, 0.000579118, 68.3934
2074, 34.55833, 1.2629, 54.1076, 11.5738, -146.491, 12.3262, 35.3369, 0.000127135, 64.3751, 0.000644904, -115.719, 0.000578738, 68.4071
2074, 34.56667, 1.26566, 54.143, 11.5627, -146.492, 12.3177, 35.3455, 0.000127137, 64.4212, 0.000644401, -115.708, 0.000578358, 68.4208
2075, 34.57500, 1.26844, 54.1781, 11.5517, -146.494, 12.3093, 35.354, 0.00012714, 64.4674, 0.000643898, -115.698, 0.000577979, 68.4346
2075, 34.58333, 1.27124, 54.2129, 11.5406, -146.495, 12.3008, 35.3625, 0.000127143, 64.5136, 0.000643394, -115.688, 0.000577599, 68.4483
2076, 34.59167, 1.27406, 54.2473, 11.5296, -146.497, 12.2924, 35.3711, 0.000127146, 64.5598, 0.000642891, -115.678, 0.00057722, 68.4621
2076, 34.60000, 1.27689, 54.2815, 11.5185, -146.498, 12.284, 35.3797, 0.000127151, 64.6061, 0.000642387, -115.668, 0.000576842, 68.4759
2076, 34.60833, 1.27974, 54.3153, 11.5074, -146.5, 12.2756, 35.3883, 0.000127156, 64.6525, 0.000641883, -115.658, 0.000576463, 68.4896
2077, 34.61667, 1.2826, 54.3488, 11.4963, -146.502, 12.2672, 35.3969, 0.000127161, 64.6989, 0.000641379, -115.647, 0.000576085, 68.5034
2078, 34.62500, 1.28548, 54.382, 11.4852, -146.503, 12.2588, 35.4055, 0.000127167, 64.7454, 0.000640875, -115.637, 0.000575707, 68.5172
2078, 34.63333, 1.28838, 54.4149, 11.4741, -146.505, 12.2504, 35.4141, 0.000127174, 64.7919, 0.00064037, -115.627, 0.00057533, 68.531
2079, 34.64167, 1.2913, 54.4474, 11.4629, -146.506, 12.2421, 35.4228, 0.000127181, 64.8385, 0.000639866, -115.617, 0.000574953, 68.5448
2079, 34.65000, 1.29423, 54.4795, 11.4518, -146.508, 12.2337, 35.4314, 0.000127188, 64.8851, 0.000639361, -115.607, 0.000574576, 68.5585
2080, 34.65833, 1.29717, 54.5113, 11.4407, -146.509, 12.2254, 35.4401, 0.000127197, 64.9318, 0.000638855, -115.597, 0.000574199, 68.5723
2080, 34.66667, 1.30014, 54.5428, 11.4295, -146.511, 12.2171, 35.4487, 0.000127206, 64.9785, 0.00063835, -115.586, 0.000573823, 68.5861
2080, 34.67500, 1.30312, 54.5739, 11.4183, -146.513, 12.2088, 35.4574, 0.000127215, 65.0252, 0.000637844, -115.576, 0.000573447, 68.5999
2081, 34.68333, 1.30612, 54.6046, 11.4072, -146.514, 12.2005, 35.4661, 0.000127225, 65.072, 0.000637339, -115.566, 0.000573072, 68.6137
2082, 34.69167, 1.30914, 54.635, 11.396, -146.516, 12.1922, 35.4748, 0.000127236, 65.1188, 0.000636833, -115.556, 0.000572696, 68.6276
2082, 34.70000, 1.31217, 54.665, 11.3848, -146.517, 12.184, 35.4835, 0.000127247, 65.1656, 0.000636326, -115.546, 0.000572321, 68.6414
2083, 34.70833, 1.31522, 54.6946, 11.3736, -146.519, 12.1757, 35.4922, 0.000127259, 65.2125, 0.00063582, -115.536, 0.000571947, 68.6552
2083, 34.71667, 1.31829, 54.7238, 11.3624, -146.521, 12.1675, 35.5009, 0.000127272, 65.2594, 0.000635313, -115.525, 0.000571573, 68.669
2084, 34.72500, 1.32137, 54.7527, 11.3511, -146.522, 12.1593, 35.5096, 0.000127285, 65.3064, 0.000634806, -115.515, 0.000571199, 68.6828
2084, 34.73333, 1.32448, 54.7811, 11.3399, -146.524, 12.1511, 35.5184, 0.000127299, 65.3534, 0.000634299, -115.505, 0.000570825, 68.6966
2084, 34.74167, 1.3276, 54.8092, 11.3287, -146.526, 12.1429, 35.5271, 0.000127314, 65.4004, 0.000633792, -115.495, 0.000570452, 68.7104
2085, 34.75000, 1.33074, 54.8369, 11.3174, -146.527, 12.1347, 35.5359, 0.000127329, 65.4474, 0.000633284, -115.485, 0.000570079, 68.7243
2086, 34.75833, 1.33389, 54.8641, 11.3062, -146.529, 12.1265, 35.5446, 0.000127344, 65.4944, 0.000632776, -115.475, 0.000569706, 68.7381
2086, 34.76667, 1.33706, 54.891, 11.2949, -146.531, 12.1184, 35.5534, 0.000127361, 65.5415, 0.000632268, -115.464, 0.000569334, 68.7519
2087, 34.77500, 1.34025, 54.9174, 11.2836, -146.533, 12.1103, 35.5621, 0.000127378, 65.5886, 0.00063176, -115.454, 0.000568962, 68.7657
2087, 34.78333, 1.34346, 54.9434, 11.2723, -146.534, 12.1021, 35.5709, 0.000127395, 65.6357, 0.000631251, -115.444, 0.00056859, 68.7795
2088, 34.79167, 1.34669, 54.969, 11.261, -146.536, 12.094, 35.5797, 0.000127414, 65.6828, 0.000630742, -115.434, 0.000568219, 68.7934
2088, 34.80000, 1.34993, 54.9942, 11.2497, -146.538, 12.0859, 35.5884, 0.000127433, 65.7299, 0.000630233, -115.424, 0.000567848, 68.8072
2088, 34.80833, 1.35319, 55.0189, 11.2383, -146.539, 12.0779, 35.5972, 0.000127452, 65.777, 0.000629724, -115.414, 0.000567478, 68.821
2089, 34.81667, 1.35647, 55.0432, 11.227, -146.541, 12.0698, 35.606, 0.000127473, 65.8242, 0.000629214, -115.403, 0.000567107, 68.8348
2090, 34.82500, 1.35977, 55.0671, 11.2157, -146.543, 12.0618, 35.6147, 0.000127494, 65.8713, 0.000628705, -115.393, 0.000566738, 68.8486
2090, 34.83333, 1.36308, 55.0905, 11.2043, -146.545, 12.0537, 35.6235, 0.000127515, 65.9184, 0.000628195, -115.383, 0.000566368, 68.8625
2091, 34.84167, 1.36642, 55.1135, 11.1929, -146.546, 12.0457, 35.6323, 0.000127538, 65.9656, 0.000627684, -115.373, 0.000565999, 68.8763
2091, 34.85000, 1.36977, 55.136, 11.1815, -146.548, 12.0377, 35.6411, 0.000127561, 66.0127, 0.000627174, -115.363, 0.00056563, 68.8901
2092, 34.85833, 1.37314, 55.158, 11.1701, -146.55, 12.0297, 35.6499, 0.000127584, 66.0598, 0.000626663, -115.353, 0.000565262, 68.9039
2092, 34.86667, 1.37653, 55.1796, 11.1587, -146.551, 12.0218, 35.6586, 0.000127609, 66.107, 0.000626152, -115.342, 0.000564894, 68.9177
2092, 34.87500, 1.37993, 55.2007, 11.1473, -146.553, 12.0138, 35.6674, 0.000127634, 66.1541, 0.00062564, -115.332, 0.000564526, 68.9315
2093, 34.88333, 1.38335, 55.2213, 11.1359, -146.555, 12.0059, 35.6762, 0.000127659, 66.2012, 0.000625129, -115.322, 0.000564158, 68.9453
2094, 34.89167, 1.3868, 55.2415, 11.1244, -146.557, 11.9979, 35.685, 0.000127686, 66.2483, 0.000624617, -115.312, 0.000563791, 68.9591
2094, 34.90000, 1.39026, 55.2611, 11.113, -146.558, 11.99, 35.6937, 0.000127713, 66.2953, 0.000624105, -115.302, 0.000563425, 68.9729
2095, 34.90833, 1.39373, 55.2803, 11.1015, -146.56, 11.9821, 35.7025, 0.000127741, 66.3424, 0.000623592, -115.292, 0.000563058, 68.9867
2095, 34.91667, 1.39723, 55.299, 11.09, -146.562, 11.9743, 35.7112, 0.000127769, 66.3894, 0.00062308, -115.281, 0.000562693, 69.0004
2096, 34.92500, 1.40074, 55.3172, 11.0786, -146.564, 11.9664, 35.72, 0.000127799, 66.4364, 0.000622567, -115.271, 0.000562327, 69.0142
2096, 34.93333, 1.40428, 55.3349, 11.0671, -146.565, 11.9586, 35.7287, 0.000127829, 66.4834, 0.000622053, -115.261, 0.000561962, 69.028
2096, 34.94167, 1.40783, 55.3521, 11.0555, -146.567, 11.9507, 35.7375, 0.000127859, 66.5303, 0.00062154, -115.251, 0.000561597, 69.0417
2097, 34.95000, 1.4114, 55.3688, 11.044, -146.569, 11.9429, 35.7462, 0.000127891, 66.5772, 0.000621026, -115.241, 0.000561233, 69.0555
2098, 34.95833, 1.41499, 55.3849, 11.0325, -146.57, 11.9351, 35.7549, 0.000127923, 66.6241, 0.000620512, -115.23, 0.000560868, 69.0692
2098, 34.96667, 1.41859, 55.4006, 11.0209, -146.572, 11.9273, 35.7637, 0.000127956, 66.6709, 0.000619998, -115.22, 0.000560505, 69.083
2099, 34.97500, 1.42222, 55.4157, 11.0094, -146.574, 11.9196, 35.7724, 0.00012799, 66.7177, 0.000619483, -115.21, 0.000560141, 69.0967
2099, 34.98333, 1.42586, 55.4303, 10.9978, -146.576, 11.9118, 35.7811, 0.000128024, 66.7644, 0.000618968, -115.2, 0.000559779, 69.1104
2100, 34.99167, 1.42952, 55.4444, 10.9862, -146.577, 11.9041, 35.7898, 0.000128059, 66.8111, 0.000618453, -115.19, 0.000559416, 69.1242
2100, 35.00000, 1.4332, 55.4579, 10.9746, -146.579, 11.8964, 35.7984, 0.000128095, 66.8577, 0.000617937, -115.179, 0.000559054, 69.1379
2100, 35.00833, 1.4369, 55.4709, 10.963, -146.581, 11.8886, 35.8071, 0.000128131, 66.9043, 0.000617421, -115.169, 0.000558692, 69.1516
2101, 35.01667, 1.44062, 55.4833, 10.9514, -146.582, 11.881, 35.8158, 0.000128169, 66.9508, 0.000616905, -115.159, 0.000558331, 69.1652
2102, 35.02500, 1.44435, 55.4952, 10.9397, -146.584, 11.8733, 35.8244, 0.000128207, 66.9973, 0.000616389, -115.149, 0.000557969, 69.1789
2102, 35.03333, 1.44811, 55.5065, 10.9281, -146.586, 11.8656, 35.833, 0.000128245, 67.0437, 0.000615872, -115.138, 0.000557609, 69.1926
2103, 35.04167, 1.45188, 55.5173, 10.9164, -146.587, 11.858, 35.8416, 0.000128285, 67.09, 0.000615355, -115.128, 0.000557248, 69.2063
2103, 35.05000, 1.45567, 55.5275, 10.9047, -146.589, 11.8504, 35.8502, 0.000128325, 67.1363, 0.000614838, -115.118, 0.000556889, 69.2199
2104, 35.05833, 1.45948, 55.5372, 10.8931, -146.591, 11.8428, 35.8588, 0.000128366, 67.1825, 0.00061432, -115.108, 0.000556529, 69.2335
2104, 35.06667, 1.46331, 55.5462, 10.8813, -146.592, 11.8352, 35.8674, 0.000128408, 67.2286, 0.000613802, -115.097, 0.00055617, 69.2471
2104, 35.07500, 1.46716, 55.5548, 10.8696, -146.594, 11.8276, 35.8759, 0.000128451, 67.2746, 0.000613284, -115.087, 0.000555811, 69.2608
2105, 35.08333, 1.47102, 55.5627, 10.8579, -146.595, 11.82, 35.8845, 0.000128494, 67.3206, 0.000612766, -115.077, 0.000555453, 69.2743
2106, 35.09167, 1.4749, 55.57, 10.8462, -146.597, 11.8125, 35.893, 0.000128538, 67.3664, 0.000612247, -115.066, 0.000555095, 69.2879
2106, 35.10000, 1.47881, 55.5768, 10.8344, -146.599, 11.805, 35.9015, 0.000128583, 67.4122, 0.000611728, -115.056, 0.000554737, 69.3015
2107, 35.10833, 1.48273, 55.5829, 10.8226, -146.6, 11.7975, 35.9099, 0.000128629, 67.4579, 0.000611208, -115.046, 0.00055438, 69.315
2107, 35.11667, 1.48666, 55.5885, 10.8108, -146.602, 11.79, 35.9184, 0.000128675, 67.5035, 0.000610688, -115.036, 0.000554023, 69.3286
2108, 35.12500, 1.49062, 55.5935, 10.7991, -146.603, 11.7825, 35.9268, 0.000128723, 67.5489, 0.000610168, -115.025, 0.000553667, 69.3421
2108, 35.13333, 1.4946, 55.5979, 10.7872, -146.605, 11.7751, 35.9352, 0.000128771, 67.5943, 0.000609648, -115.015, 0.000553311, 69.3556
2108, 35.14167, 1.49859, 55.6016, 10.7754, -146.606, 11.7676, 35.9436, 0.00012882, 67.6396, 0.000609127, -115.005, 0.000552955, 69.3691
2109, 35.15000, 1.5026, 55.6048, 10.7636, -146.608, 11.7602, 35.9519, 0.000128869, 67.6848, 0.000608606, -114.994, 0.0005526, 69.3826
2110, 35.15833, 1.50663, 55.6073, 10.7517, -146.609, 11.7528, 35.9603, 0.00012892, 67.7298, 0.000608085, -114.984, 0.000552245, 69.396
2110, 35.16667, 1.51068, 55.6092, 10.7399, -146.61, 11.7454, 35.9686, 0.000128971, 67.7748, 0.000607563, -114.974, 0.000551891, 69.4095
2111, 35.17500, 1.51475, 55.6105, 10.728, -146.612, 11.738, 35.9768, 0.000129023, 67.8196, 0.000607041, -114.963, 0.000551537, 69.4229
2111, 35.18333, 1.51883, 55.6112, 10.7161, -146.613, 11.7307, 35.9851, 0.000129075, 67.8643, 0.000606519, -114.953, 0.000551183, 69.4363
2112, 35.19167, 1.52293, 55.6113, 10.7042, -146.615, 11.7233, 35.9933, 0.000129129, 67.9088, 0.000605996, -114.942, 0.00055083, 69.4497
2112, 35.20000, 1.52706, 55.6107, 10.6923, -146.616, 11.716, 36.0015, 0.000129183, 67.9533, 0.000605473, -114.932, 0.000550477, 69.463
2112, 35.20833, 1.53119, 55.6095, 10.6803, -146.617, 11.7087, 36.0096, 0.000129238, 67.9976, 0.00060495, -114.922, 0.000550125, 69.4763
2113, 35.21667, 1.53535, 55.6076, 10.6684, -146.619, 11.7014, 36.0178, 0.000129294, 68.0417, 0.000604426, -114.911, 0.000549773, 69.4897
2114, 35.22500, 1.53953, 55.6051, 10.6564, -146.62, 11.6941, 36.0259, 0.000129351, 68.0857, 0.000603902, -114.901, 0.000549421, 69.503
2114, 35.23333, 1.54372, 55.6019, 10.6444, -146.621, 11.6869, 36.0339, 0.000129409, 68.1296, 0.000603378, -114.89, 0.00054907, 69.5162
2115, 35.24167, 1.54793, 55.5981, 10.6324, -146.622, 11.6796, 36.0419, 0.000129467, 68.1733, 0.000602853, -114.88, 0.000548719, 69.5295
2115, 35.25000, 1.55216, 55.5937, 10.6204, -146.623, 11.6724, 36.0499, 0.000129526, 68.2169, 0.000602328, -114.869, 0.000548369, 69.5427
2116, 35.25833, 1.55641, 55.5886, 10.6084, -146.625, 11.6652, 36.0579, 0.000129586, 68.2603, 0.000601803, -114.859, 0.000548019, 69.5559
2116, 35.26667, 1.56067, 55.5828, 10.5964, -146.626, 11.658, 36.0658, 0.000129647, 68.3036, 0.000601277, -114.848, 0.000547669, 69.5691
2116, 35.27500, 1.56495, 55.5764, 10.5843, -146.627, 11.6509, 36.0736, 0.000129708, 68.3466, 0.000600751, -114.838, 0.00054732, 69.5822
2117, 35.28333, 1.56925, 55.5693, 10.5723, -146.628, 11.6437, 36.0815, 0.000129771, 68.3896, 0.000600225, -114.827, 0.000546971, 69.5954
2118, 35.29167, 1.57357, 55.5616, 10.5602, -146.629, 11.6366, 36.0893, 0.000129834, 68.4323, 0.000599698, -114.817, 0.000546623, 69.6085
2118, 35.30000, 1.57791, 55.5531, 10.5481, -146.63, 11.6294, 36.097, 0.000129898, 68.4749, 0.000599171, -114.806, 0.000546275, 69.6215
2119, 35.30833, 1.58226, 55.544, 10.536, -146.631, 11.6223, 36.1047, 0.000129962, 68.5173, 0.000598643, -114.796, 0.000545927, 69.6346
2119, 35.31667, 1.58663, 55.5342, 10.5238, -146.632, 11.6153, 36.1124, 0.000130028, 68.5595, 0.000598115, -114.785, 0.00054558, 69.6476
2120, 35.32500, 1.59101, 55.5238, 10.5117, -146.633, 11.6082, 36.12, 0.000130094, 68.6015, 0.000597587, -114.775, 0.000545233, 69.6606
2120, 35.33333, 1.59542, 55.5126, 10.4996, -146.633, 11.6011, 36.1276, 0.000130161, 68.6433, 0.000597059, -114.764, 0.000544886, 69.6736
2120, 35.34167, 1.59984, 55.5008, 10.4874, -146.634, 11.5941, 36.1351, 0.000130229, 68.685, 0.00059653, -114.753, 0.00054454, 69.6865
2121, 35.35000, 1.60428, 55.4883, 10.4752, -146.635, 11.5871, 36.1426, 0.000130298, 68.7264, 0.000596001, -114.743, 0.000544195, 69.6994
2122, 35.35833, 1.60873, 55.4751, 10.463, -146.636, 11.5801, 36.15, 0.000130368, 68.7677, 0.000595471, -114.732, 0.000543849, 69.7123
2122, 35.36667, 1.61321, 55.4612, 10.4508, -146.636, 11.5731, 36.1574, 0.000130438, 68.8087, 0.000594941, -114.722, 0.000543505, 69.7251
2123, 35.37500, 1.61769, 55.4466, 10.4386, -146.637, 11.5661, 36.1647, 0.000130509, 68.8495, 0.000594411, -114.711, 0.00054316, 69.7379
2123, 35.38333, 1.6222, 55.4313, 10.4263, -146.638, 11.5592, 36.172, 0.000130581, 68.8901, 0.000593881, -114.7, 0.000542816, 69.7507
2124, 35.39167, 1.62672, 55.4153, 10.4141, -146.638, 11.5522, 36.1792, 0.000130654, 68.9305, 0.00059335, -114.689, 0.000542472, 69.7634
2124, 35.40000, 1.63126, 55.3986, 10.4018, -146.639, 11.5453, 36.1864, 0.000130728, 68.9707, 0.000592818, -114.679, 0.000542129, 69.7761
2124, 35.40833, 1.63582, 55.3812, 10.3895, -146.639, 11.5384, 36.1935, 0.000130802, 69.0106, 0.000592287, -114.668, 0.000541786, 69.7888
2125, 35.41667, 1.64039, 55.3631, 10.3772, -146.64, 11.5315, 36.2006, 0.000130877, 69.0503, 0.000591755, -114.657, 0.000541443, 69.8014
2126, 35.42500, 1.64498, 55.3443, 10.3649, -146.64, 11.5247, 36.2076, 0.000130953, 69.0898, 0.000591222, -114.646, 0.000541101, 69.814
2126, 35.43333, 1.64958, 55.3248, 10.3526, -146.64, 11.5178, 36.2145, 0.00013103, 69.129, 0.000590689, -114.636, 0.00054076, 69.8266
2127, 35.44167, 1.6542, 55.3045, 10.3402, -146.64, 11.511, 36.2214, 0.000131108, 69.168, 0.000590156, -114.625, 0.000540418, 69.8391
2127, 35.45000, 1.65884, 55.2836, 10.3279, -146.641, 11.5042, 36.2282, 0.000131186, 69.2067, 0.000589623, -114.614, 0.000540077, 69.8516
2128, 35.45833, 1.66349, 55.2619, 10.3155, -146.641, 11.4974, 36.235, 0.000131265, 69.2452, 0.000589089, -114.603, 0.000539737, 69.864
2128, 35.46667, 1.66815, 55.2395, 10.3031, -146.641, 11.4906, 36.2417, 0.000131345, 69.2835, 0.000588555, -114.592, 0.000539396, 69.8764
2128, 35.47500, 1.67284, 55.2164, 10.2907, -146.641, 11.4838, 36.2483, 0.000131426, 69.3215, 0.00058802, -114.581, 0.000539056, 69.8888
2129, 35.48333, 1.67753, 55.1925, 10.2783, -146.641, 11.4771, 36.2549, 0.000131508, 69.3592, 0.000587485, -114.57, 0.000538717, 69.9011
2130, 35.49167, 1.68225, 55.168, 10.2658, -146.641, 11.4703, 36.2614, 0.00013159, 69.3967, 0.00058695, -114.559, 0.000538378, 69.9134
2130, 35.50000, 1.68698, 55.1427, 10.2534, -146.641, 11.4636, 36.2678, 0.000131673, 69.4339, 0.000586414, -114.548, 0.000538039, 69.9257
2131, 35.50833, 1.69172, 55.1167, 10.2409, -146.641, 11.4569, 36.2741, 0.000131757, 69.4708, 0.000585878, -114.537, 0.000537701, 69.9379
2131, 35.51667, 1.69648, 55.09, 10.2284, -146.64, 11.4502, 36.2804, 0.000131842, 69.5074, 0.000585342, -114.526, 0.000537363, 69.95
2132, 35.52500, 1.70125, 55.0625, 10.216, -146.64, 11.4436, 36.2867, 0.000131927, 69.5438, 0.000584805, -114.515, 0.000537025, 69.9621
2132, 35.53333, 1.70604, 55.0343, 10.2034, -146.64, 11.4369, 36.2928, 0.000132013, 69.5799, 0.000584268, -114.504, 0.000536688, 69.9742
2133, 35.54167, 1.71084, 55.0054, 10.1909, -146.639, 11.4303, 36.2989, 0.0001321, 69.6157, 0.00058373, -114.493, 0.000536351, 69.9862
2133, 35.55000, 1.71566, 54.9757, 10.1784, -146.639, 11.4236, 36.3049, 0.000132188, 69.6512, 0.000583192, -114.482, 0.000536014, 69.9982
2134, 35.55833, 1.72049, 54.9453, 10.1658, -146.638, 11.417, 36.3108, 0.000132277, 69.6864, 0.000582654, -114.471, 0.000535678, 70.0101
2134, 35.56667, 1.72534, 54.9142, 10.1533, -146.637, 11.4104, 36.3167, 0.000132366, 69.7213, 0.000582115, -114.46, 0.000535342, 70.022
2135, 35.57500, 1.73019, 54.8823, 10.1407, -146.636, 11.4039, 36.3224, 0.000132456, 69.7559, 0.000581577, -114.448, 0.000535007, 70.0339
2135, 35.58333, 1.73507, 54.8497, 10.1281, -146.636, 11.3973, 36.3281, 0.000132547, 69.7902, 0.000581037, -114.437, 0.000534672, 70.0456
2136, 35.59167, 1.73995, 54.8164, 10.1155, -146.635, 11.3908, 36.3337, 0.000132638, 69.8241, 0.000580497, -114.426, 0.000534337, 70.0574
2136, 35.60000, 1.74485, 54.7823, 10.1029, -146.634, 11.3842, 36.3393, 0.00013273, 69.8578, 0.000579957, -114.415, 0.000534003, 70.0691
2137, 35.60833, 1.74977, 54.7475, 10.0902, -146.633, 11.3777, 36.3447, 0.000132823, 69.8911, 0.000579417, -114.403, 0.000533668, 70.0807
2137, 35.61667, 1.75469, 54.712, 10.0776, -146.632, 11.3712, 36.3501, 0.000132917, 69.9242, 0.000578876, -114.392, 0.000533335, 70.0923
2138, 35.62500, 1.75963, 54.6757, 10.0649, -146.63, 11.3647, 36.3553, 0.000133011, 69.9569, 0.000578335, -114.381, 0.000533001, 70.1038
2138, 35.63333, 1.76458, 54.6386, 10.0522, -146.629, 11.3583, 36.3605, 0.000133107, 69.9892, 0.000577793, -114.369, 0.000532668, 70.1153
2139, 35.64167, 1.76955, 54.6009, 10.0395, -146.628, 11.3518, 36.3656, 0.000133202, 70.0213, 0.000577251, -114.358, 0.000532335, 70.1267
2139, 35.65000, 1.77452, 54.5624, 10.0268, -146.626, 11.3454, 36.3706, 0.000133299, 70.053, 0.000576709, -114.346, 0.000532003, 70.1381
2140, 35.65833, 1.77951, 54.5231, 10.0141, -146.625, 11.3389, 36.3756, 0.000133396, 70.0843, 0.000576167, -114.335, 0.000531671, 70.1494
2140, 35.66667, 1.78451, 54.4831, 10.0013, -146.623, 11.3325, 36.3804, 0.000133494, 70.1154, 0.000575624, -114.323, 0.000531339, 70.1607
2141, 35.67500, 1.78953, 54.4424, 9.98859, -146.621, 11.3261, 36.3851, 0.000133593, 70.146, 0.00057508, -114.312, 0.000531008, 70.1719
2141, 35.68333, 1.79455, 54.401, 9.97582, -146.62, 11.3198, 36.3898, 0.000133692, 70.1764, 0.000574537, -114.3, 0.000530676, 70.183
2142, 35.69167, 1.79959, 54.3588, 9.96304, -146.618, 11.3134, 36.3943, 0.000133793, 70.2063, 0.000573992, -114.289, 0.000530346, 70.1941
2142, 35.70000, 1.80464, 54.3158, 9.95025, -146.616, 11.307, 36.3988, 0.000133893, 70.2359, 0.000573448, -114.277, 0.000530015, 70.2051
2143, 35.70833, 1.80969, 54.2721, 9.93744, -146.614, 11.3007, 36.4031, 0.000133995, 70.2652, 0.000572903, -114.265, 0.000529685, 70.2161
2143, 35.71667, 1.81476, 54.2277, 9.92462, -146.612, 11.2944, 36.4074, 0.000134097, 70.2941, 0.000572358, -114.253, 0.000529355, 70.227
2144, 35.72500, 1.81984, 54.1826, 9.91179, -146.609, 11.288, 36.4115, 0.0001342, 70.3226, 0.000571813, -114.242, 0.000529025, 70.2379
2144, 35.73333, 1.82493, 54.1367, 9.89894, -146.607, 11.2817, 36.4156, 0.000134303, 70.3507, 0.000571267, -114.23, 0.000528696, 70.2486
2145, 35.74167, 1.83004, 54.09, 9.88608, -146.604, 11.2755, 36.4196, 0.000134407, 70.3785, 0.000570721, -114.218, 0.000528367, 70.2594
2145, 35.75000, 1.83515, 54.0427, 9.87321, -146.602, 11.2692, 36.4234, 0.000134512, 70.4059, 0.000570174, -114.206, 0.000528038, 70.27
2146, 35.75833, 1.84027, 53.9946, 9.86032, -146.599, 11.2629, 36.4272, 0.000134617, 70.4329, 0.000569627, -114.194, 0.000527709, 70.2806
2146, 35.76667, 1.8454, 53.9458, 9.84742, -146.596, 11.2567, 36.4308, 0.000134723, 70.4596, 0.00056908, -114.182, 0.000527381, 70.2912
2147, 35.77500, 1.85054, 53.8962, 9.83451, -146.594, 11.2504, 36.4343, 0.00013483, 70.4858, 0.000568532, -114.17, 0.000527053, 70.3016
2147, 35.78333, 1.85569, 53.8459, 9.82158, -146.59, 11.2442, 36.4378, 0.000134937, 70.5117, 0.000567984, -114.158, 0.000526725, 70.312
2148, 35.79167, 1.86085, 53.7949, 9.80865, -146.587, 11.238, 36.4411, 0.000135045, 70.5372, 0.000567436, -114.146, 0.000526398, 70.3224
2148, 35.80000, 1.86602, 53.7431, 9.7957, -146.584, 11.2318, 36.4443, 0.000135154, 70.5622, 0.000566887, -114.134, 0.000526071, 70.3327
2149, 35.80833, 1.8712, 53.6906, 9.78273, -146.581, 11.2256, 36.4474, 0.000135263, 70.5869, 0.000566338, -114.122, 0.000525744, 70.3429
2149, 35.81667, 1.87638, 53.6374, 9.76976, -146.577, 11.2194, 36.4504, 0.000135372, 70.6112, 0.000565789, -114.11, 0.000525417, 70.353
2150, 35.82500, 1.88157, 53.5835, 9.75677, -146.574, 11.2133, 36.4533, 0.000135483, 70.6351, 0.000565239, -114.097, 0.00052509, 70.3631
2150, 35.83333, 1.88678, 53.5288, 9.74377, -146.57, 11.2071, 36.456, 0.000135593, 70.6585, 0.000564689, -114.085, 0.000524764, 70.3731
2151, 35.84167, 1.89199, 53.4735, 9.73076, -146.566, 11.201, 36.4587, 0.000135705, 70.6816, 0.000564139, -114.073, 0.000524438, 70.383
2151, 35.85000, 1.8972, 53.4174, 9.71774, -146.562, 11.1948, 36.4612, 0.000135817, 70.7042, 0.000563588, -114.061, 0.000524112, 70.3929
2152, 35.85833, 1.90243, 53.3606, 9.70471, -146.558, 11.1887, 36.4636, 0.000135929, 70.7265, 0.000563037, -114.048, 0.000523787, 70.4026
2152, 35.86667, 1.90766, 53.303, 9.69166, -146.554, 11.1826, 36.4659, 0.000136042, 70.7483, 0.000562486, -114.036, 0.000523462, 70.4124
2153, 35.87500, 1.9129, 53.2448, 9.6786, -146.55, 11.1765, 36.4681, 0.000136156, 70.7697, 0.000561934, -114.023, 0.000523136, 70.422
2153, 35.88333, 1.91814, 53.1858, 9.66553, -146.546, 11.1704, 36.4701, 0.00013627, 70.7907, 0.000561382, -114.011, 0.000522811, 70.4316
2154, 35.89167, 1.92339, 53.1262, 9.65246, -146.541, 11.1643, 36.472, 0.000136384, 70.8112, 0.00056083, -113.998, 0.000522487, 70.4411
2154, 35.90000, 1.92865, 53.0658, 9.63937, -146.536, 11.1583, 36.4738, 0.000136499, 70.8314, 0.000560277, -113.985, 0.000522162, 70.4505
2155, 35.90833, 1.93391, 53.0047, 9.62627, -146.532, 11.1522, 36.4755, 0.000136615, 70.8511, 0.000559725, -113.973, 0.000521838, 70.4598
2155, 35.91667, 1.93918, 52.9429, 9.61315, -146.527, 11.1462, 36.4771, 0.000136731, 70.8704, 0.000559171, -113.96, 0.000521514, 70.4691
2156, 35.92500, 1.94446, 52.8804, 9.60003, -146.522, 11.1401, 36.4785, 0.000136848, 70.8892, 0.000558618, -113.947, 0.00052119, 70.4783
2156, 35.93333, 1.94974, 52.8173, 9.5869, -146.516, 11.1341, 36.4798, 0.000136965, 70.9076, 0.000558064, -113.934, 0.000520866, 70.4874
2157, 35.94167, 1.95502, 52.7534, 9.57376, -146.511, 11.1281, 36.481, 0.000137082, 70.9256, 0.00055751, -113.922, 0.000520542, 70.4964
2157, 35.95000, 1.96031, 52.6888, 9.56061, -146.506, 11.1221, 36.482, 0.0001372, 70.9431, 0.000556955, -113.909, 0.000520219, 70.5054
2158, 35.95833, 1.96561, 52.6236, 9.54744, -146.5, 11.116, 36.4829, 0.000137318, 70.9602, 0.000556401, -113.896, 0.000519895, 70.5143
2158, 35.96667, 1.97091, 52.5576, 9.53427, -146.494, 11.1101, 36.4837, 0.000137437, 70.9769, 0.000555845, -113.883, 0.000519572, 70.5231
2159, 35.97500, 1.97621, 52.491, 9.52109, -146.488, 11.1041, 36.4843, 0.000137557, 70.9931, 0.00055529, -113.87, 0.000519249, 70.5318
2159, 35.98333, 1.98151, 52.4237, 9.5079, -146.482, 11.0981, 36.4849, 0.000137676, 71.0088, 0.000554734, -113.856, 0.000518926, 70.5404
2160, 35.99167, 1.98682, 52.3557, 9.4947, -146.476, 11.0921, 36.4852, 0.000137796, 71.0242, 0.000554178, -113.843, 0.000518603, 70.549
2160, 36.00000, 1.99214, 52.287, 9.48149, -146.47, 11.0861, 36.4855, 0.000137917, 71.039, 0.000553622, -113.83, 0.00051828, 70.5575
2161, 36.00833, 1.99745, 52.2177, 9.46828, -146.463, 11.0802, 36.4856, 0.000138037, 71.0535, 0.000553066, -113.817, 0.000517958, 70.5658
2161, 36.01667, 2.00277, 52.1477, 9.45505, -146.457, 11.0742, 36.4856, 0.000138159, 71.0674, 0.000552509, -113.803, 0.000517635, 70.5742
2162, 36.02500, 2.00809, 52.077, 9.44182, -146.45, 11.0683, 36.4854, 0.00013828, 71.0809, 0.000551952, -113.79, 0.000517313, 70.5824
2162, 36.03333, 2.01342, 52.0057, 9.42858, -146.443, 11.0623, 36.4851, 0.000138402, 71.094, 0.000551394, -113.777, 0.000516991, 70.5905
2163, 36.04167, 2.01874, 51.9337, 9.41533, -146.436, 11.0564, 36.4847, 0.000138524, 71.1066, 0.000550837, -113.763, 0.000516669, 70.5986
2163, 36.05000, 2.02407, 51.861, 9.40207, -146.429, 11.0505, 36.4841, 0.000138647, 71.1188, 0.000550279, -113.75, 0.000516347, 70.6066
2164, 36.05833, 2.0294, 51.7877, 9.38881, -146.421, 11.0446, 36.4833, 0.00013877, 71.1305, 0.000549721, -113.736, 0.000516025, 70.6145
2164, 36.06667, 2.03473, 51.7138, 9.37554, -146.414, 11.0386, 36.4825, 0.000138893, 71.1417, 0.000549162, -113.722, 0.000515703, 70.6223
2165, 36.07500, 2.04006, 51.6392, 9.36226, -146.406, 11.0327, 36.4815, 0.000139017, 71.1525, 0.000548604, -113.709, 0.000515381, 70.63
2165, 36.08333, 2.04539, 51.5639, 9.34897, -146.398, 11.0268, 36.4803, 0.00013914, 71.1628, 0.000548045, -113.695, 0.000515059, 70.6376
2166, 36.09167, 2.05072, 51.4881, 9.33568, -146.39, 11.0209, 36.479, 0.000139264, 71.1727, 0.000547485, -113.681, 0.000514737, 70.6451
2166, 36.10000, 2.05605, 51.4116, 9.32238, -146.382, 11.015, 36.4776, 0.000139389, 71.1821, 0.000546926, -113.667, 0.000514415, 70.6526
2167, 36.10833, 2.06139, 51.3344, 9.30908, -146.374, 11.0091, 36.476, 0.000139513, 71.191, 0.000546366, -113.653, 0.000514094, 70.66
2167, 36.11667, 2.06672, 51.2567, 9.29576, -146.365, 11.0032, 36.4743, 0.000139638, 71.1995, 0.000545806, -113.639, 0.000513772, 70.6672
2168, 36.12500, 2.07205, 51.1783, 9.28245, -146.356, 10.9974, 36.4724, 0.000139763, 71.2075, 0.000545246, -113.625, 0.00051345, 70.6744
2168, 36.13333, 2.07738, 51.0993, 9.26913, -146.347, 10.9915, 36.4703, 0.000139888, 71.2151, 0.000544686, -113.611, 0.000513129, 70.6815
2169, 36.14167, 2.08271, 51.0197, 9.2558, -146.338, 10.9856, 36.4682, 0.000140014, 71.2222, 0.000544125, -113.597, 0.000512807, 70.6885
2169, 36.15000, 2.08804, 50.9395, 9.24247, -146.329, 10.9797, 36.4658, 0.00014014, 71.2288, 0.000543564, -113.582, 0.000512485, 70.6955
2170, 36.15833, 2.09336, 50.8586, 9.22913, -146.32, 10.9739, 36.4634, 0.000140265, 71.2349, 0.000543003, -113.568, 0.000512164, 70.7023
2170, 36.16667, 2.09869, 50.7772, 9.21579, -146.31, 10.968, 36.4607, 0.000140391, 71.2406, 0.000542442, -113.554, 0.000511842, 70.709
2171, 36.17500, 2.10401, 50.6952, 9.20244, -146.3, 10.9621, 36.4579, 0.000140518, 71.2458, 0.000541881, -113.539, 0.00051152, 70.7157
2171, 36.18333, 2.10933, 50.6126, 9.18909, -146.29, 10.9563, 36.455, 0.000140644, 71.2506, 0.000541319, -113.525, 0.000511199, 70.7222
2172, 36.19167, 2.11465, 50.5294, 9.17574, -146.28, 10.9504, 36.4519, 0.00014077, 71.2549, 0.000540757, -113.51, 0.000510877, 70.7287
2172, 36.20000, 2.11996, 50.4456, 9.16238, -146.27, 10.9445, 36.4487, 0.000140897, 71.2588, 0.000540195, -113.495, 0.000510555, 70.735
2173, 36.20833, 2.12527, 50.3613, 9.14902, -146.26, 10.9387, 36.4453, 0.000141024, 71.2621, 0.000539633, -113.481, 0.000510233, 70.7413
2173, 36.21667, 2.13058, 50.2763, 9.13565, -146.249, 10.9328, 36.4417, 0.000141151, 71.265, 0.00053907, -113.466, 0.000509911, 70.7475
2174, 36.22500, 2.13588, 50.1909, 9.12228, -146.238, 10.9269, 36.438, 0.000141278, 71.2675, 0.000538508, -113.451, 0.000509589, 70.7536
2174, 36.23333, 2.14118, 50.1048, 9.10891, -146.227, 10.9211, 36.4342, 0.000141404, 71.2694, 0.000537945, -113.436, 0.000509267, 70.7596
2175, 36.24167, 2.14648, 50.0182, 9.09554, -146.216, 10.9152, 36.4302, 0.000141532, 71.271, 0.000537382, -113.421, 0.000508945, 70.7655
2175, 36.25000, 2.15177, 49.931, 9.08217, -146.204, 10.9094, 36.426, 0.000141659, 71.272, 0.000536819, -113.406, 0.000508623, 70.7713
2176, 36.25833, 2.15705, 49.8433, 9.06879, -146.193, 10.9035, 36.4217, 0.000141786, 71.2726, 0.000536256, -113.391, 0.000508301, 70.777
2176, 36.26667, 2.16234, 49.755, 9.05541, -146.181, 10.8976, 36.4172, 0.000141913, 71.2727, 0.000535692, -113.376, 0.000507978, 70.7826
2177, 36.27500, 2.16761, 49.6662, 9.04203, -146.169, 10.8918, 36.4126, 0.00014204, 71.2724, 0.000535128, -113.361, 0.000507656, 70.7881
2177, 36.28333, 2.17288, 49.5769, 9.02865, -146.157, 10.8859, 36.4078, 0.000142168, 71.2716, 0.000534565, -113.345, 0.000507333, 70.7935
2178, 36.29167, 2.17815, 49.487, 9.01527, -146.144, 10.88, 36.4028, 0.000142295, 71.2704, 0.000534001, -113.33, 0.00050701, 70.7988
2178, 36.30000, 2.18341, 49.3967, 9.00189, -146.132, 10.8742, 36.3977, 0.000142422, 71.2687, 0.000533436, -113.315, 0.000506688, 70.8041
2179, 36.30833, 2.18866, 49.3058, 8.9885, -146.119, 10.8683, 36.3924, 0.000142549, 71.2665, 0.000532872, -113.299, 0.000506365, 70.8092
2179, 36.31667, 2.19391, 49.2143, 8.97512, -146.106, 10.8624, 36.387, 0.000142676, 71.2639, 0.000532308, -113.284, 0.000506041, 70.8142
2180, 36.32500, 2.19915, 49.1224, 8.96174, -146.093, 10.8566, 36.3814, 0.000142804, 71.2608, 0.000531743, -113.268, 0.000505718, 70.8192
2180, 36.33333, 2.20438, 49.03, 8.94835, -146.08, 10.8507, 36.3757, 0.000142931, 71.2573, 0.000531179, -113.252, 0.000505395, 70.824
2181, 36.34167, 2.20961, 48.9371, 8.93497, -146.066, 10.8448, 36.3698, 0.000143058, 71.2533, 0.000530614, -113.236, 0.000505071, 70.8288
2181, 36.35000, 2.21483, 48.8437, 8.92159, -146.052, 10.8389, 36.3637, 0.000143185, 71.2488, 0.000530049, -113.221, 0.000504747, 70.8334
2182, 36.35833, 2.22004, 48.7498, 8.90821, -146.038, 10.833, 36.3575, 0.000143311, 71.244, 0.000529484, -113.205, 0.000504423, 70.838
2182, 36.36667, 2.22524, 48.6554, 8.89483, -146.024, 10.8271, 36.3511, 0.000143438, 71.2386, 0.000528919, -113.189, 0.000504099, 70.8424
2183, 36.37500, 2.23044, 48.5605, 8.88145, -146.01, 10.8212, 36.3445, 0.000143565, 71.2329, 0.000528354, -113.173, 0.000503774, 70.8467
2183, 36.38333, 2.23562, 48.4652, 8.86808, -145.995, 10.8153, 36.3378, 0.000143691, 71.2266, 0.000527789, -113.156, 0.00050345, 70.851
2184, 36.39167, 2.2408, 48.3694, 8.8547, -145.98, 10.8094, 36.3309, 0.000143818, 71.22, 0.000527223, -113.14, 0.000503125, 70.8552
2184, 36.40000, 2.24597, 48.2731, 8.84133, -145.965, 10.8035, 36.3239, 0.000143944, 71.2129, 0.000526658, -113.124, 0.0005028, 70.8592
2185, 36.40833, 2.25113, 48.1764, 8.82797, -145.95, 10.7976, 36.3167, 0.00014407, 71.2053, 0.000526092, -113.108, 0.000502475, 70.8632
2185, 36.41667, 2.25629, 48.0793, 8.8146, -145.935, 10.7917, 36.3093, 0.000144196, 71.1973, 0.000525527, -113.091, 0.000502149, 70.867
2186, 36.42500, 2.26143, 47.9817, 8.80124, -145.919, 10.7858, 36.3018, 0.000144321, 71.1889, 0.000524961, -113.075, 0.000501824, 70.8708
2186, 36.43333, 2.26656, 47.8836, 8.78788, -145.903, 10.7798, 36.2941, 0.000144447, 71.18, 0.000524395, -113.058, 0.000501498, 70.8745
2187, 36.44167, 2.27168, 47.7852, 8.77453, -145.887, 10.7739, 36.2863, 0.000144572, 71.1707, 0.000523829, -113.041, 0.000501172, 70.878
2187, 36.45000, 2.27679, 47.6863, 8.76118, -145.871, 10.7679, 36.2783, 0.000144697, 71.161, 0.000523263, -113.025, 0.000500845, 70.8815
2188, 36.45833, 2.2819, 47.587, 8.74783, -145.855, 10.762, 36.2701, 0.000144822, 71.1508, 0.000522697, -113.008, 0.000500518, 70.8848
2188, 36.46667, 2.28699, 47.4872, 8.73449, -145.838, 10.756, 36.2618, 0.000144946, 71.1403, 0.000522131, -112.991, 0.000500191, 70.8881
2189, 36.47500, 2.29207, 47.3871, 8.72115, -145.821, 10.7501, 36.2533, 0.000145071, 71.1292, 0.000521565, -112.974, 0.000499864, 70.8913
2189, 36.48333, 2.29714, 47.2866, 8.70782, -145.804, 10.7441, 36.2446, 0.000145195, 71.1178, 0.000520999, -112.957, 0.000499536, 70.8943
2189, 36.49167, 2.3022, 47.1856, 8.6945, -145.786, 10.7381, 36.2358, 0.000145319, 71.106, 0.000520433, -112.94, 0.000499209, 70.8973
2190, 36.50000, 2.30725, 47.0843, 8.68117, -145.769, 10.7321, 36.2268, 0.000145442, 71.0937, 0.000519867, -112.923, 0.00049888, 70.9002
2191, 36.50833, 2.31228, 46.9826, 8.66786, -145.751, 10.7261, 36.2177, 0.000145565, 71.081, 0.000519301, -112.905, 0.000498552, 70.9029
2191, 36.51667, 2.31731, 46.8804, 8.65455, -145.733, 10.7201, 36.2084, 0.000145688, 71.0679, 0.000518735, -112.888, 0.000498223, 70.9056
2192, 36.52500, 2.32232, 46.778, 8.64125, -145.715, 10.7141, 36.1989, 0.000145811, 71.0544, 0.000518168, -112.871, 0.000497894, 70.9082
2192, 36.53333, 2.32732, 46.6751, 8.62795, -145.697, 10.7081, 36.1893, 0.000145933, 71.0405, 0.000517602, -112.853, 0.000497565, 70.9106
2193, 36.54167, 2.33231, 46.5719, 8.61467, -145.678, 10.7021, 36.1795, 0.000146055, 71.0261, 0.000517036, -112.835, 0.000497235, 70.913
2193, 36.55000, 2.33728, 46.4683, 8.60138, -145.659, 10.696, 36.1696, 0.000146177, 71.0114, 0.00051647, -112.818, 0.000496905, 70.9153
2193, 36.55833, 2.34225, 46.3644, 8.58811, -145.64, 10.69, 36.1595, 0.000146298, 70.9963, 0.000515904, -112.8, 0.000496574, 70.9174
2194, 36.56667, 2.3472, 46.2601, 8.57484, -145.621, 10.6839, 36.1492, 0.000146419, 70.9807, 0.000515337, -112.782, 0.000496243, 70.9195
2195, 36.57500, 2.35213, 46.1555, 8.56158, -145.601, 10.6778, 36.1388, 0.000146539, 70.9648, 0.000514771, -112.764, 0.000495912, 70.9215
2195, 36.58333, 2.35706, 46.0506, 8.54834, -145.581, 10.6717, 36.1282, 0.000146659, 70.9485, 0.000514205, -112.746, 0.000495581, 70.9234
2196, 36.59167, 2.36197, 45.9453, 8.53509, -145.561, 10.6656, 36.1174, 0.000146779, 70.9318, 0.000513639, -112.728, 0.000495249, 70.9251
2196, 36.60000, 2.36687, 45.8397, 8.52186, -145.541, 10.6595, 36.1065, 0.000146899, 70.9147, 0.000513073, -112.71, 0.000494917, 70.9268
2197, 36.60833, 2.37175, 45.7337, 8.50864, -145.521, 10.6534, 36.0955, 0.000147017, 70.8972, 0.000512507, -112.692, 0.000494584, 70.9284
2197, 36.61667, 2.37662, 45.6275, 8.49542, -145.5, 10.6473, 36.0842, 0.000147136, 70.8793, 0.000511941, -112.674, 0.000494251, 70.9299
2197, 36.62500, 2.38148, 45.521, 8.48221, -145.479, 10.6412, 36.0729, 0.000147254, 70.8611, 0.000511375, -112.655, 0.000493917, 70.9313
2198, 36.63333, 2.38632, 45.4141, 8.46902, -145.458, 10.635, 36.0613, 0.000147372, 70.8424, 0.000510809, -112.637, 0.000493584, 70.9325
2199, 36.64167, 2.39114, 45.307, 8.45583, -145.437, 10.6289, 36.0496, 0.000147489, 70.8234, 0.000510243, -112.618, 0.000493249, 70.9337
2199, 36.65000, 2.39596, 45.1995, 8.44265, -145.415, 10.6227, 36.0378, 0.000147606, 70.8041, 0.000509677, -112.6, 0.000492915, 70.9348
2200, 36.65833, 2.40075, 45.0918, 8.42949, -145.393, 10.6165, 36.0257, 0.000147722, 70.7843, 0.000509111, -112.581, 0.00049258, 70.9358
2200, 36.66667, 2.40554, 44.9838, 8.41633, -145.371, 10.6103, 36.0136, 0.000147838, 70.7642, 0.000508545, -112.562, 0.000492244, 70.9367
2201, 36.67500, 2.41031, 44.8755, 8.40319, -145.349, 10.6041, 36.0012, 0.000147953, 70.7438, 0.00050798, -112.544, 0.000491908, 70.9375
2201, 36.68333, 2.41506, 44.767, 8.39006, -145.327, 10.5979, 35.9887, 0.000148068, 70.723, 0.000507414, -112.525, 0.000491572, 70.9382
2201, 36.69167, 2.4198, 44.6581, 8.37693, -145.304, 10.5916, 35.9761, 0.000148182, 70.7018, 0.000506848, -112.506, 0.000491235, 70.9388
2202, 36.70000, 2.42452, 44.5491, 8.36382, -145.281, 10.5854, 35.9633, 0.000148296, 70.6803, 0.000506283, -112.487, 0.000490898, 70.9393
2203, 36.70833, 2.42923, 44.4398, 8.35072, -145.258, 10.5791, 35.9503, 0.000148409, 70.6584, 0.000505718, -112.467, 0.00049056, 70.9397
2203, 36.71667, 2.43392, 44.3302, 8.33764, -145.235, 10.5729, 35.9372, 0.000148522, 70.6362, 0.000505152, -112.448, 0.000490222, 70.94
2204, 36.72500, 2.4386, 44.2204, 8.32456, -145.211, 10.5666, 35.9239, 0.000148634, 70.6136, 0.000504587, -112.429, 0.000489883, 70.9402
2204, 36.73333, 2.44326, 44.1103, 8.3115, -145.187, 10.5603, 35.9105, 0.000148746, 70.5907, 0.000504022, -112.41, 0.000489544, 70.9403
2205, 36.74167, 2.4479, 44, 8.29845, -145.163, 10.5539, 35.8969, 0.000148857, 70.5674, 0.000503457, -112.39, 0.000489205, 70.9403
2205, 36.75000, 2.45253, 43.8895, 8.28541, -145.139, 10.5476, 35.8832, 0.000148968, 70.5439, 0.000502892, -112.371, 0.000488865, 70.9402
2205, 36.75833, 2.45715, 43.7788, 8.27239, -145.114, 10.5413, 35.8693, 0.000149078, 70.52, 0.000502328, -112.351, 0.000488524, 70.9401
2206, 36.76667, 2.46174, 43.6679, 8.25938, -145.09, 10.5349, 35.8553, 0.000149187, 70.4957, 0.000501763, -112.331, 0.000488183, 70.9398
2207, 36.77500, 2.46632, 43.5567, 8.24638, -145.065, 10.5285, 35.8411, 0.000149296, 70.4712, 0.000501198, -112.311, 0.000487842, 70.9394
2207, 36.78333, 2.47089, 43.4453, 8.2334, -145.039, 10.5221, 35.8267, 0.000149405, 70.4463, 0.000500634, -112.292, 0.0004875, 70.939
2208, 36.79167, 2.47543, 43.3338, 8.22043, -145.014, 10.5157, 35.8122, 0.000149512, 70.4211, 0.00050007, -112.272, 0.000487157, 70.9384
2208, 36.80000, 2.47996, 43.222, 8.20747, -144.988, 10.5093, 35.7976, 0.00014962, 70.3956, 0.000499505, -112.252, 0.000486814, 70.9377
2209, 36.80833, 2.48448, 43.1101, 8.19453, -144.962, 10.5029, 35.7828, 0.000149726, 70.3698, 0.000498941, -112.231, 0.000486471, 70.937
2209, 36.81667, 2.48898, 42.998, 8.1816, -144.936, 10.4964, 35.7679, 0.000149832, 70.3436, 0.000498377, -112.211, 0.000486127, 70.9361
2209, 36.82500, 2.49346, 42.8856, 8.16869, -144.91, 10.49, 35.7528, 0.000149938, 70.3172, 0.000497814, -112.191, 0.000485783, 70.9352
2210, 36.83333, 2.49792, 42.7732, 8.15579, -144.883, 10.4835, 35.7375, 0.000150042, 70.2905, 0.00049725, -112.171, 0.000485438, 70.9342
2211, 36.84167, 2.50236, 42.6605, 8.14291, -144.857, 10.477, 35.7221, 0.000150146, 70.2634, 0.000496687, -112.15, 0.000485092, 70.933
2211, 36.85000, 2.50679, 42.5477, 8.13004, -144.83, 10.4705, 35.7066, 0.00015025, 70.2361, 0.000496123, -112.13, 0.000484746, 70.9318
2212, 36.85833, 2.51121, 42.4347, 8.11719, -144.802, 10.4639, 35.6909, 0.000150353, 70.2085, 0.00049556, -112.109, 0.0004844, 70.9305
2212, 36.86667, 2.5156, 42.3216, 8.10435, -144.775, 10.4574, 35.6751, 0.000150455, 70.1806, 0.000494997, -112.089, 0.000484053, 70.9291
2213, 36.87500, 2.51998, 42.2083, 8.09153, -144.747, 10.4508, 35.6591, 0.000150556, 70.1524, 0.000494434, -112.068, 0.000483705, 70.9276
2213, 36.88333, 2.52434, 42.0949, 8.07872, -144.719, 10.4443, 35.6429, 0.000150657, 70.1239, 0.000493872, -112.047, 0.000483357, 70.926
2213, 36.89167, 2.52868, 41.9813, 8.06593, -144.691, 10.4377, 35.6267, 0.000150758, 70.0952, 0.000493309, -112.026, 0.000483008, 70.9243
2214, 36.90000, 2.53301, 41.8676, 8.05316, -144.663, 10.431, 35.6102, 0.000150857, 70.0661, 0.000492747, -112.005, 0.000482659, 70.9225
2215, 36.90833, 2.53731, 41.7538, 8.04041, -144.634, 10.4244, 35.5937, 0.000150956, 70.0368, 0.000492185, -111.984, 0.000482309, 70.9206
2215, 36.91667, 2.5416, 41.6398, 8.02766, -144.605, 10.4178, 35.577, 0.000151054, 70.0073, 0.000491623, -111.963, 0.000481959, 70.9187
2216, 36.92500, 2.54588, 41.5257, 8.01494, -144.576, 10.4111, 35.5601, 0.000151152, 69.9775, 0.000491061, -111.942, 0.000481608, 70.9166
2216, 36.93333, 2.55013, 41.4115, 8.00224, -144.547, 10.4044, 35.5431, 0.000151249, 69.9474, 0.000490499, -111.92, 0.000481256, 70.9145
2217, 36.94167, 2.55437, 41.2972, 7.98954, -144.518, 10.3977, 35.526, 0.000151345, 69.917, 0.000489938, -111.899, 0.000480904, 70.9122
2217, 36.95000, 2.55859, 41.1828, 7.97687, -144.488, 10.391, 35.5087, 0.000151441, 69.8864, 0.000489376, -111.878, 0.000480552, 70.9099
2217, 36.95833, 2.56279, 41.0682, 7.96422, -144.458, 10.3843, 35.4913, 0.000151536, 69.8556, 0.000488815, -111.856, 0.000480199, 70.9075
2218, 36.96667, 2.56697, 40.9536, 7.95158, -144.428, 10.3775, 35.4737, 0.00015163, 69.8245, 0.000488254, -111.834, 0.000479845, 70.9049
2219, 36.97500, 2.57114, 40.8389, 7.93896, -144.397, 10.3708, 35.456, 0.000151723, 69.7931, 0.000487694, -111.813, 0.000479491, 70.9023
2219, 36.98333, 2.57529, 40.724, 7.92636, -144.367, 10.364, 35.4381, 0.000151816, 69.7616, 0.000487133, -111.791, 0.000479136, 70.8996
2220, 36.99167, 2.57942, 40.6091, 7.91377, -144.336, 10.3572, 35.4202, 0.000151908, 69.7297, 0.000486573, -111.769, 0.000478781, 70.8968
2220, 37.00000, 2.58353, 40.4941, 7.90121, -144.305, 10.3503, 35.402, 0.000151999, 69.6977, 0.000486013, -111.747, 0.000478425, 70.894
2221, 37.00833, 2.58762, 40.3791, 7.88866, -144.274, 10.3435, 35.3838, 0.00015209, 69.6654, 0.000485453, -111.725, 0.000478068, 70.891
2221, 37.01667, 2.5917, 40.2639, 7.87613, -144.242, 10.3366, 35.3653, 0.00015218, 69.6329, 0.000484893, -111.703, 0.000477711, 70.8879
2221, 37.02500, 2.59576, 40.1487, 7.86361, -144.21, 10.3298, 35.3468, 0.000152269, 69.6001, 0.000484334, -111.681, 0.000477353, 70.8848
2222, 37.03333, 2.5998, 40.0334, 7.85112, -144.178, 10.3229, 35.3281, 0.000152358, 69.5671, 0.000483774, -111.659, 0.000476995, 70.8815
2223, 37.04167, 2.60382, 39.9181, 7.83865, -144.146, 10.316, 35.3093, 0.000152445, 69.5339, 0.000483215, -111.636, 0.000476636, 70.8782
2223, 37.05000, 2.60782, 39.8026, 7.82619, -144.114, 10.309, 35.2904, 0.000152533, 69.5005, 0.000482656, -111.614, 0.000476276, 70.8748
2224, 37.05833, 2.61181, 39.6872, 7.81375, -144.081, 10.3021, 35.2713, 0.000152619, 69.4669, 0.000482098, -111.592, 0.000475916, 70.8713
2224, 37.06667, 2.61578, 39.5717, 7.80133, -144.048, 10.2951, 35.252, 0.000152704, 69.4331, 0.000481539, -111.569, 0.000475556, 70.8677
2225, 37.07500, 2.61973, 39.4561, 7.78893, -144.015, 10.2881, 35.2327, 0.000152789, 69.399, 0.000480981, -111.546, 0.000475194, 70.864
2225, 37.08333, 2.62366, 39.3405, 7.77656, -143.982, 10.2811, 35.2132, 0.000152873, 69.3648, 0.000480423, -111.524, 0.000474832, 70.8602
2225, 37.09167, 2.62757, 39.2248, 7.76419, -143.949, 10.2741, 35.1935, 0.000152957, 69.3304, 0.000479866, -111.501, 0.00047447, 70.8563
2226, 37.10000, 2.63147, 39.1091, 7.75185, -143.915, 10.267, 35.1738, 0.000153039, 69.2957, 0.000479308, -111.478, 0.000474107, 70.8524
2227, 37.10833, 2.63535, 38.9934, 7.73953, -143.881, 10.26, 35.1539, 0.000153121, 69.2609, 0.000478751, -111.455, 0.000473743, 70.8483
2227, 37.11667, 2.63921, 38.8776, 7.72723, -143.847, 10.2529, 35.1338, 0.000153203, 69.2259, 0.000478194, -111.432, 0.000473379, 70.8442
2228, 37.12500, 2.64305, 38.7618, 7.71494, -143.812, 10.2458, 35.1137, 0.000153283, 69.1906, 0.000477637, -111.409, 0.000473014, 70.84
2228, 37.13333, 2.64688, 38.646, 7.70268, -143.778, 10.2387, 35.0934, 0.000153363, 69.1552, 0.00047708, -111.386, 0.000472648, 70.8357
2229, 37.14167, 2.65068, 38.5302, 7.69044, -143.743, 10.2315, 35.0729, 0.000153442, 69.1196, 0.000476524, -111.363, 0.000472282, 70.8313
2229, 37.15000, 2.65447, 38.4143, 7.67821, -143.708, 10.2244, 35.0524, 0.00015352, 69.0839, 0.000475968, -111.34, 0.000471915, 70.8268
2229, 37.15833, 2.65824, 38.2984, 7.66601, -143.673, 10.2172, 35.0317, 0.000153597, 69.0479, 0.000475412, -111.316, 0.000471548, 70.8222
2230, 37.16667, 2.662, 38.1825, 7.65383, -143.637, 10.21, 35.0109, 0.000153674, 69.0118, 0.000474856, -111.293, 0.00047118, 70.8175
2231, 37.17500, 2.66573, 38.0666, 7.64166, -143.602, 10.2028, 34.9899, 0.00015375, 68.9755, 0.000474301, -111.269, 0.000470812, 70.8128
2231, 37.18333, 2.66945, 37.9507, 7.62952, -143.566, 10.1956, 34.9688, 0.000153825, 68.939, 0.000473746, -111.246, 0.000470442, 70.808
2232, 37.19167, 2.67315, 37.8348, 7.6174, -143.53, 10.1883, 34.9476, 0.0001539, 68.9024, 0.000473191, -111.222, 0.000470073, 70.803
2232, 37.20000, 2.67683, 37.7189, 7.60529, -143.494, 10.181, 34.9262, 0.000153973, 68.8656, 0.000472636, -111.198, 0.000469702, 70.798
2233, 37.20833, 2.6805, 37.603, 7.59321, -143.457, 10.1737, 34.9048, 0.000154046, 68.8286, 0.000472082, -111.174, 0.000469331, 70.7929
2233, 37.21667, 2.68414, 37.4871, 7.58115, -143.42, 10.1664, 34.8832, 0.000154119, 68.7915, 0.000471528, -111.15, 0.000468959, 70.7877
2233, 37.22500, 2.68777, 37.3712, 7.56911, -143.383, 10.1591, 34.8614, 0.00015419, 68.7542, 0.000470974, -111.126, 0.000468587, 70.7825
2234, 37.23333, 2.69138, 37.2553, 7.55709, -143.346, 10.1517, 34.8396, 0.000154261, 68.7168, 0.00047042, -111.102, 0.000468214, 70.7771
2235, 37.24167, 2.69498, 37.1394, 7.54509, -143.309, 10.1444, 34.8176, 0.000154331, 68.6792, 0.000469867, -111.078, 0.000467841, 70.7717
2235, 37.25000, 2.69856, 37.0236, 7.53311, -143.271, 10.137, 34.7954, 0.0001544, 68.6415, 0.000469313, -111.054, 0.000467466, 70.7661
2236, 37.25833, 2.70212, 36.9077, 7.52115, -143.234, 10.1296, 34.7732, 0.000154468, 68.6036, 0.000468761, -111.03, 0.000467092, 70.7605
2236, 37.26667, 2.70566, 36.7919, 7.50921, -143.196, 10.1221, 34.7508, 0.000154536, 68.5656, 0.000468208, -111.005, 0.000466716, 70.7548
2237, 37.27500, 2.70918, 36.6761, 7.4973, -143.158, 10.1147, 34.7283, 0.000154603, 68.5275, 0.000467655, -110.981, 0.00046634, 70.749
2237, 37.28333, 2.71269, 36.5603, 7.4854, -143.119, 10.1072, 34.7057, 0.000154669, 68.4892, 0.000467103, -110.957, 0.000465963, 70.7431
2237, 37.29167, 2.71618, 36.4446, 7.47353, -143.081, 10.0997, 34.6829, 0.000154735, 68.4507, 0.000466551, -110.932, 0.000465586, 70.7371
2238, 37.30000, 2.71965, 36.3288, 7.46167, -143.042, 10.0922, 34.66, 0.0001548, 68.4121, 0.000466, -110.907, 0.000465208, 70.7311
2239, 37.30833, 2.72311, 36.2132, 7.44984, -143.003, 10.0847, 34.637, 0.000154864, 68.3734, 0.000465448, -110.883, 0.00046483, 70.7249
2239, 37.31667, 2.72655, 36.0975, 7.43803, -142.964, 10.0772, 34.6139, 0.000154927, 68.3346, 0.000464897, -110.858, 0.00046445, 70.7187
2240, 37.32500, 2.72997, 35.9819, 7.42624, -142.924, 10.0696, 34.5906, 0.000154989, 68.2956, 0.000464346, -110.833, 0.00046407, 70.7124
2240, 37.33333, 2.73338, 35.8663, 7.41447, -142.884, 10.062, 34.5672, 0.000155051, 68.2566, 0.000463796, -110.808, 0.00046369, 70.7059
2241, 37.34167, 2.73677, 35.7507, 7.40272, -142.845, 10.0544, 34.5437, 0.000155112, 68.2173, 0.000463245, -110.783, 0.000463309, 70.6994
2241, 37.35000, 2.74014, 35.6352, 7.39099, -142.805, 10.0468, 34.5201, 0.000155172, 68.178, 0.000462695, -110.758, 0.000462927, 70.6929
2241, 37.35833, 2.74349, 35.5197, 7.37929, -142.764, 10.0392, 34.4963, 0.000155232, 68.1386, 0.000462145, -110.733, 0.000462545, 70.6862
2242, 37.36667, 2.74683, 35.4043, 7.3676, -142.724, 10.0315, 34.4724, 0.00015529, 68.099, 0.000461596, -110.708, 0.000462162, 70.6794
2243, 37.37500, 2.75015, 35.2889, 7.35594, -142.683, 10.0238, 34.4484, 0.000155348, 68.0593, 0.000461046, -110.682, 0.000461778, 70.6726
2243, 37.38333, 2.75346, 35.1736, 7.3443, -142.642, 10.0161, 34.4242, 0.000155406, 68.0195, 0.000460497, -110.657, 0.000461394, 70.6656
2244, 37.39167, 2.75675, 35.0583, 7.33268, -142.601, 10.0084, 34.3999, 0.000155462, 67.9796, 0.000459948, -110.632, 0.000461009, 70.6586
2244, 37.40000, 2.76002, 34.943, 7.32108, -142.56, 10.0006, 34.3755, 0.000155518, 67.9396, 0.0004594, -110.606, 0.000460623, 70.6515
2245, 37.40833, 2.76328, 34.8278, 7.3095, -142.519, 9.99288, 34.351, 0.000155573, 67.8995, 0.000458851, -110.581, 0.000460237, 70.6443
2245, 37.41667, 2.76652, 34.7127, 7.29795, -142.477, 9.9851, 34.3263, 0.000155627, 67.8592, 0.000458303, -110.555, 0.00045985, 70.637
2245, 37.42500, 2.76974, 34.5976, 7.28641, -142.435, 9.9773, 34.3016, 0.000155681, 67.8189, 0.000457755, -110.529, 0.000459463, 70.6296
2246, 37.43333, 2.77295, 34.4826, 7.2749, -142.393, 9.96948, 34.2767, 0.000155734, 67.7785, 0.000457208, -110.503, 0.000459074, 70.6221
2247, 37.44167, 2.77614, 34.3676, 7.26341, -142.351, 9.96164, 34.2516, 0.000155786, 67.7379, 0.00045666, -110.478, 0.000458686, 70.6145
2247, 37.45000, 2.77931, 34.2527, 7.25194, -142.308, 9.95378, 34.2265, 0.000155837, 67.6973, 0.000456113, -110.452, 0.000458296, 70.6069
2248, 37.45833, 2.78247, 34.1378, 7.24049, -142.266, 9.9459, 34.2012, 0.000155888, 67.6566, 0.000455567, -110.426, 0.000457906, 70.5991
2248, 37.46667, 2.78562, 34.023, 7.22907, -142.223, 9.93801, 34.1758, 0.000155938, 67.6158, 0.00045502, -110.4, 0.000457515, 70.5913
2249, 37.47500, 2.78874, 33.9083, 7.21766, -142.18, 9.93009, 34.1502, 0.000155987, 67.5748, 0.000454474, -110.373, 0.000457124, 70.5834
2249, 37.48333, 2.79186, 33.7936, 7.20628, -142.136, 9.92215, 34.1245, 0.000156035, 67.5338, 0.000453928, -110.347, 0.000456732, 70.5753
2249, 37.49167, 2.79495, 33.679, 7.19492, -142.093, 9.91419, 34.0987, 0.000156083, 67.4927, 0.000453382, -110.321, 0.000456339, 70.5672
2250, 37.50000, 2.79803, 33.5644, 7.18358, -142.049, 9.90622, 34.0728, 0.00015613, 67.4516, 0.000452836, -110.295, 0.000455946, 70.559
2251, 37.50833, 2.8011, 33.4499, 7.17226, -142.005, 9.89822, 34.0468, 0.000156177, 67.4103, 0.000452291, -110.268, 0.000455552, 70.5507
2251, 37.51667, 2.80415, 33.3355, 7.16096, -141.961, 9.8902, 34.0206, 0.000156222, 67.3689, 0.000451746, -110.242, 0.000455157, 70.5423
2252, 37.52500, 2.80718, 33.2211, 7.14969, -141.917, 9.88217, 33.9943, 0.000156267, 67.3275, 0.000451201, -110.215, 0.000454762, 70.5338
2252, 37.53333, 2.8102, 33.1068, 7.13844, -141.872, 9.87411, 33.9679, 0.000156311, 67.286, 0.000450657, -110.188, 0.000454366, 70.5253
2253, 37.54167, 2.81321, 32.9926, 7.1272, -141.828, 9.86603, 33.9413, 0.000156355, 67.2444, 0.000450113, -110.162, 0.000453969, 70.5166
2253, 37.55000, 2.8162, 32.8784, 7.116, -141.783, 9.85794, 33.9146, 0.000156397, 67.2027, 0.000449569, -110.135, 0.000453572, 70.5078
2253, 37.55833, 2.81917, 32.7643, 7.10481, -141.738, 9.84982, 33.8878, 0.00015644, 67.1609, 0.000449025, -110.108, 0.000453174, 70.499
2254, 37.56667, 2.82213, 32.6503, 7.09364, -141.693, 9.84169, 33.8608, 0.000156481, 67.1191, 0.000448481, -110.081, 0.000452776, 70.49
2255, 37.57500, 2.82507, 32.5364, 7.0825, -141.647, 9.83353, 33.8337, 0.000156521, 67.0771, 0.000447938, -110.054, 0.000452376, 70.481
2255, 37.58333, 2.828, 32.4225, 7.07138, -141.601, 9.82536, 33.8065, 0.000156561, 67.0352, 0.000447395, -110.027, 0.000451977, 70.4718
2256, 37.59167, 2.83092, 32.3086, 7.06027, -141.556, 9.81717, 33.7792, 0.000156601, 66.9931, 0.000446852, -110, 0.000451576, 70.4626
2256, 37.60000, 2.83381, 32.1949, 7.0492, -141.51, 9.80895, 33.7517, 0.000156639, 66.951, 0.00044631, -109.973, 0.000451175, 70.4533
2257, 37.60833, 2.8367, 32.0812, 7.03814, -141.463, 9.80072, 33.7241, 0.000156677, 66.9088, 0.000445768, -109.945, 0.000450773, 70.4438
2257, 37.61667, 2.83957, 31.9676, 7.0271, -141.417, 9.79246, 33.6964, 0.000156714, 66.8665, 0.000445226, -109.918, 0.00045037, 70.4343
2258, 37.62500, 2.84243, 31.854, 7.01609, -141.37, 9.78419, 33.6685, 0.000156751, 66.8241, 0.000444684, -109.891, 0.000449967, 70.4247
2258, 37.63333, 2.84527, 31.7405, 7.0051, -141.323, 9.7759, 33.6405, 0.000156786, 66.7817, 0.000444143, -109.863, 0.000449563, 70.415
2259, 37.64167, 2.84809, 31.6271, 6.99413, -141.276, 9.76758, 33.6124, 0.000156821, 66.7392, 0.000443601, -109.836, 0.000449158, 70.4052
2259, 37.65000, 2.85091, 31.5138, 6.98318, -141.229, 9.75925, 33.5841, 0.000156856, 66.6967, 0.00044306, -109.808, 0.000448753, 70.3952
2260, 37.65833, 2.85371, 31.4005, 6.97226, -141.182, 9.7509, 33.5557, 0.00015689, 66.6541, 0.00044252, -109.78, 0.000448347, 70.3852
2260, 37.66667, 2.85649, 31.2873, 6.96135, -141.134, 9.74252, 33.5272, 0.000156923, 66.6114, 0.000441979, -109.753, 0.000447941, 70.3751
2261, 37.67500, 2.85926, 31.1742, 6.95047, -141.086, 9.73413, 33.4985, 0.000156955, 66.5687, 0.000441439, -109.725, 0.000447533, 70.3649
2261, 37.68333, 2.86202, 31.0611, 6.93961, -141.038, 9.72571, 33.4697, 0.000156987, 66.5259, 0.000440899, -109.697, 0.000447125, 70.3546
2262, 37.69167, 2.86476, 30.9481, 6.92877, -140.99, 9.71728, 33.4408, 0.000157018, 66.483, 0.000440359, -109.669, 0.000446717, 70.3441
2262, 37.70000, 2.86749, 30.8352, 6.91795, -140.941, 9.70883, 33.4117, 0.000157048, 66.4401, 0.000439819, -109.641, 0.000446307, 70.3336
2263, 37.70833, 2.8702, 30.7223, 6.90716, -140.893, 9.70035, 33.3825, 0.000157077, 66.3971, 0.00043928, -109.613, 0.000445897, 70.323
2263, 37.71667, 2.8729, 30.6095, 6.89639, -140.844, 9.69186, 33.3532, 0.000157106, 66.354, 0.000438741, -109.585, 0.000445487, 70.3123
2264, 37.72500, 2.87559, 30.4968, 6.88564, -140.795, 9.68334, 33.3237, 0.000157135, 66.3109, 0.000438202, -109.556, 0.000445075, 70.3014
2264, 37.73333, 2.87826, 30.3842, 6.87491, -140.746, 9.67481, 33.294, 0.000157162, 66.2678, 0.000437664, -109.528, 0.000444663, 70.2905
2265, 37.74167, 2.88092, 30.2716, 6.8642, -140.696, 9.66625, 33.2643, 0.000157189, 66.2246, 0.000437125, -109.5, 0.00044425, 70.2794
2265, 37.75000, 2.88357, 30.1591, 6.85352, -140.647, 9.65768, 33.2344, 0.000157216, 66.1813, 0.000436587, -109.471, 0.000443837, 70.2683
2266, 37.75833, 2.8862, 30.0466, 6.84286, -140.597, 9.64908, 33.2043, 0.000157241, 66.138, 0.000436049, -109.443, 0.000443422, 70.257
2266, 37.76667, 2.88882, 29.9342, 6.83222, -140.547, 9.64046, 33.1741, 0.000157266, 66.0946, 0.000435512, -109.414, 0.000443007, 70.2457
2267, 37.77500, 2.89142, 29.8219, 6.8216, -140.497, 9.63182, 33.1438, 0.00015729, 66.0511, 0.000434974, -109.385, 0.000442592, 70.2342
2267, 37.78333, 2.89402, 29.7096, 6.811, -140.446, 9.62317, 33.1133, 0.000157314, 66.0076, 0.000434437, -109.357, 0.000442175, 70.2226
2268, 37.79167, 2.89659, 29.5974, 6.80043, -140.396, 9.61449, 33.0827, 0.000157337, 65.9641, 0.0004339, -109.328, 0.000441758, 70.2109
2268, 37.80000, 2.89916, 29.4853, 6.78988, -140.345, 9.60579, 33.052, 0.000157359, 65.9205, 0.000433364, -109.299, 0.00044134, 70.1991
2269, 37.80833, 2.90171, 29.3732, 6.77935, -140.294, 9.59707, 33.0211, 0.000157381, 65.8768, 0.000432827, -109.27, 0.000440922, 70.1872
2269, 37.81667, 2.90425, 29.2612, 6.76884, -140.243, 9.58833, 32.99, 0.000157402, 65.8331, 0.000432291, -109.241, 0.000440503, 70.1752
2270, 37.82500, 2.90678, 29.1492, 6.75836, -140.192, 9.57956, 32.9588, 0.000157422, 65.7894, 0.000431755, -109.212, 0.000440083, 70.1631
2270, 37.83333, 2.90929, 29.0373, 6.74789, -140.14, 9.57078, 32.9275, 0.000157442, 65.7456, 0.000431219, -109.183, 0.000439662, 70.1508
2271, 37.84167, 2.91179, 28.9254, 6.73745, -140.088, 9.56198, 32.896, 0.000157461, 65.7017, 0.000430684, -109.153, 0.00043924, 70.1385
2271, 37.85000, 2.91428, 28.8137, 6.72704, -140.036, 9.55315, 32.8643, 0.00015748, 65.6578, 0.000430148, -109.124, 0.000438818, 70.126
2272, 37.85833, 2.91675, 28.7019, 6.71664, -139.984, 9.5443, 32.8325, 0.000157497, 65.6138, 0.000429613, -109.095, 0.000438395, 70.1134
2272, 37.86667, 2.91921, 28.5902, 6.70627, -139.932, 9.53543, 32.8006, 0.000157514, 65.5698, 0.000429079, -109.065, 0.000437971, 70.1007
2273, 37.87500, 2.92166, 28.4786, 6.69591, -139.879, 9.52654, 32.7685, 0.000157531, 65.5258, 0.000428544, -109.036, 0.000437547, 70.0879
2273, 37.88333, 2.9241, 28.3671, 6.68559, -139.826, 9.51763, 32.7363, 0.000157547, 65.4817, 0.00042801, -109.006, 0.000437122, 70.075
2274, 37.89167, 2.92652, 28.2555, 6.67528, -139.773, 9.5087, 32.7039, 0.000157562, 65.4375, 0.000427475, -108.977, 0.000436696, 70.0619
2274, 37.90000, 2.92893, 28.1441, 6.665, -139.72, 9.49975, 32.6713, 0.000157577, 65.3933, 0.000426942, -108.947, 0.000436269, 70.0488
2275, 37.90833, 2.93133, 28.0326, 6.65474, -139.667, 9.49077, 32.6386, 0.00015759, 65.349, 0.000426408, -108.917, 0.000435841, 70.0355
2275, 37.91667, 2.93371, 27.9213, 6.6445, -139.613, 9.48177, 32.6057, 0.000157604, 65.3047, 0.000425874, -108.887, 0.000435413, 70.0221
2276, 37.92500, 2.93608, 27.8099, 6.63428, -139.56, 9.47275, 32.5727, 0.000157616, 65.2603, 0.000425341, -108.857, 0.000434984, 70.0085
2276, 37.93333, 2.93844, 27.6987, 6.62409, -139.506, 9.46371, 32.5396, 0.000157628, 65.2159, 0.000424808, -108.827, 0.000434554, 69.9949
2277, 37.94167, 2.94079, 27.5874, 6.61392, -139.451, 9.45464, 32.5062, 0.00015764, 65.1715, 0.000424275, -108.797, 0.000434123, 69.9811
2277, 37.95000, 2.94312, 27.4762, 6.60377, -139.397, 9.44555, 32.4727, 0.00015765, 65.127, 0.000423743, -108.767, 0.000433691, 69.9672
2278, 37.95833, 2.94544, 27.3651, 6.59365, -139.343, 9.43644, 32.4391, 0.000157661, 65.0824, 0.00042321, -108.737, 0.000433259, 69.9532
2278, 37.96667, 2.94775, 27.254, 6.58355, -139.288, 9.42731, 32.4053, 0.00015767, 65.0378, 0.000422678, -108.706, 0.000432826, 69.9391
2279, 37.97500, 2.95005, 27.1429, 6.57347, -139.233, 9.41815, 32.3713, 0.000157679, 64.9932, 0.000422146, -108.676, 0.000432392, 69.9248
2279, 37.98333, 2.95233, 27.0319, 6.56341, -139.178, 9.40898, 32.3371, 0.000157687, 64.9485, 0.000421615, -108.645, 0.000431957, 69.9104
2280, 37.99167, 2.9546, 26.9209, 6.55338, -139.122, 9.39977, 32.3028, 0.000157695, 64.9037, 0.000421083, -108.615, 0.000431522, 69.8959
2280, 38.00000, 2.95686, 26.8099, 6.54337, -139.067, 9.39055, 32.2684, 0.000157701, 64.859, 0.000420552, -108.584, 0.000431085, 69.8812
2281, 38.00833, 2.9591, 26.699, 6.53338, -139.011, 9.3813, 32.2337, 0.000157708, 64.8141, 0.000420021, -108.553, 0.000430648, 69.8664
2281, 38.01667, 2.96133, 26.5881, 6.52342, -138.955, 9.37203, 32.1989, 0.000157713, 64.7692, 0.00041949, -108.523, 0.00043021, 69.8515
2282, 38.02500, 2.96355, 26.4772, 6.51348, -138.899, 9.36273, 32.1639, 0.000157718, 64.7243, 0.00041896, -108.492, 0.00042977, 69.8365
2282, 38.03333, 2.96576, 26.3664, 6.50356, -138.843, 9.35341, 32.1288, 0.000157723, 64.6793, 0.000418429, -108.461, 0.000429331, 69.8213
2283, 38.04167, 2.96795, 26.2556, 6.49367, -138.786, 9.34407, 32.0935, 0.000157726, 64.6343, 0.000417899, -108.43, 0.00042889, 69.806
2283, 38.05000, 2.97014, 26.1448, 6.4838, -138.729, 9.3347, 32.058, 0.00015773, 64.5892, 0.000417369, -108.399, 0.000428448, 69.7905
2284, 38.05833, 2.97231, 26.034, 6.47396, -138.672, 9.32531, 32.0223, 0.000157732, 64.5441, 0.00041684, -108.368, 0.000428006, 69.775
2284, 38.06667, 2.97446, 25.9233, 6.46413, -138.615, 9.31589, 31.9865, 0.000157734, 64.4989, 0.00041631, -108.337, 0.000427562, 69.7592
2285, 38.07500, 2.97661, 25.8126, 6.45433, -138.558, 9.30645, 31.9505, 0.000157735, 64.4537, 0.000415781, -108.305, 0.000427118, 69.7434
2285, 38.08333, 2.97874, 25.7019, 6.44456, -138.5, 9.29699, 31.9143, 0.000157736, 64.4084, 0.000415252, -108.274, 0.000426673, 69.7274
2286, 38.09167, 2.98086, 25.5912, 6.43481, -138.442, 9.28749, 31.878, 0.000157736, 64.3631, 0.000414723, -108.242, 0.000426226, 69.7113
2286, 38.10000, 2.98296, 25.4806, 6.42508, -138.384, 9.27798, 31.8414, 0.000157735, 64.3177, 0.000414194, -108.211, 0.000425779, 69.695
2287, 38.10833, 2.98505, 25.3699, 6.41538, -138.326, 9.26844, 31.8047, 0.000157734, 64.2723, 0.000413666, -108.179, 0.000425331, 69.6786
2287, 38.11667, 2.98713, 25.2593, 6.4057, -138.268, 9.25887, 31.7678, 0.000157732, 64.2268, 0.000413138, -108.148, 0.000424882, 69.6621
2288, 38.12500, 2.9892, 25.1487, 6.39605, -138.209, 9.24927, 31.7308, 0.000157729, 64.1813, 0.00041261, -108.116, 0.000424432, 69.6454
2288, 38.13333, 2.99125, 25.0381, 6.38642, -138.151, 9.23965, 31.6935, 0.000157726, 64.1357, 0.000412082, -108.084, 0.000423981, 69.6286
2289, 38.14167, 2.9933, 24.9275, 6.37681, -138.092, 9.23001, 31.6561, 0.000157722, 64.0901, 0.000411555, -108.052, 0.000423529, 69.6116
2289, 38.15000, 2.99532, 24.8169, 6.36723, -138.032, 9.22033, 31.6184, 0.000157717, 64.0444, 0.000411027, -108.02, 0.000423076, 69.5945
2290, 38.15833, 2.99734, 24.7063, 6.35767, -137.973, 9.21063, 31.5806, 0.000157712, 63.9987, 0.0004105, -107.988, 0.000422623, 69.5772
2290, 38.16667, 2.99934, 24.5957, 6.34814, -137.913, 9.20091, 31.5426, 0.000157706, 63.9529, 0.000409973, -107.956, 0.000422168, 69.5598
2291, 38.17500, 3.00133, 24.4851, 6.33863, -137.854, 9.19115, 31.5045, 0.0001577, 63.9071, 0.000409447, -107.924, 0.000421712, 69.5423
2291, 38.18333, 3.0033, 24.3745, 6.32915, -137.794, 9.18137, 31.4661, 0.000157692, 63.8612, 0.00040892, -107.891, 0.000421255, 69.5246
2292, 38.19167, 3.00527, 24.2639, 6.31969, -137.733, 9.17156, 31.4275, 0.000157685, 63.8153, 0.000408394, -107.859, 0.000420797, 69.5067
2292, 38.20000, 3.00722, 24.1534, 6.31026, -137.673, 9.16172, 31.3888, 0.000157676, 63.7694, 0.000407868, -107.826, 0.000420338, 69.4887
2293, 38.20833, 3.00915, 24.0428, 6.30086, -137.612, 9.15186, 31.3498, 0.000157667, 63.7233, 0.000407342, -107.794, 0.000419878, 69.4706
2293, 38.21667, 3.01107, 23.9322, 6.29147, -137.552, 9.14196, 31.3107, 0.000157657, 63.6773, 0.000406817, -107.761, 0.000419417, 69.4522
2294, 38.22500, 3.01298, 23.8216, 6.28212, -137.491, 9.13204, 31.2714, 0.000157647, 63.6312, 0.000406291, -107.729, 0.000418955, 69.4338
2294, 38.23333, 3.01488, 23.7109, 6.27279, -137.429, 9.12209, 31.2319, 0.000157636, 63.585, 0.000405766, -107.696, 0.000418491, 69.4152
2295, 38.24167, 3.01676, 23.6003, 6.26348, -137.368, 9.1121, 31.1922, 0.000157624, 63.5388, 0.000405241, -107.663, 0.000418027, 69.3964
2295, 38.25000, 3.01862, 23.4897, 6.2542, -137.306, 9.10209, 31.1522, 0.000157612, 63.4925, 0.000404717, -107.63, 0.000417562, 69.3775
2296, 38.25833, 3.02048, 23.379, 6.24495, -137.244, 9.09205, 31.1121, 0.000157599, 63.4462, 0.000404192, -107.597, 0.000417095, 69.3584
2296, 38.26667, 3.02232, 23.2683, 6.23572, -137.182, 9.08198, 31.0718, 0.000157585, 63.3998, 0.000403668, -107.564, 0.000416627, 69.3392
2297, 38.27500, 3.02414, 23.1576, 6.22652, -137.12, 9.07188, 31.0313, 0.00015757, 63.3534, 0.000403144, -107.531, 0.000416158, 69.3198
2297, 38.28333, 3.02595, 23.0469, 6.21735, -137.058, 9.06174, 30.9906, 0.000157555, 63.3069, 0.00040262, -107.497, 0.000415688, 69.3003
2298, 38.29167, 3.02775, 22.9362, 6.2082, -136.995, 9.05158, 30.9497, 0.000157539, 63.2604, 0.000402097, -107.464, 0.000415217, 69.2806
2298, 38.30000, 3.02953, 22.8254, 6.19908, -136.932, 9.04138, 30.9086, 0.000157523, 63.2138, 0.000401573, -107.431, 0.000414745, 69.2607
2299, 38.30833, 3.0313, 22.7147, 6.18999, -136.869, 9.03115, 30.8673, 0.000157506, 63.1671, 0.00040105, -107.397, 0.000414271, 69.2407
2299, 38.31667, 3.03305, 22.6038, 6.18092, -136.806, 9.02089, 30.8258, 0.000157488, 63.1205, 0.000400527, -107.364, 0.000413796, 69.2205
2300, 38.32500, 3.03479, 22.493, 6.17188, -136.743, 9.0106, 30.784, 0.000157469, 63.0737, 0.000400005, -107.33, 0.00041332, 69.2002
2300, 38.33333, 3.03651, 22.3821, 6.16286, -136.679, 9.00027, 30.7421, 0.00015745, 63.0269, 0.000399482, -107.296, 0.000412843, 69.1797
2301, 38.34167, 3.03822, 22.2712, 6.15388, -136.615, 8.98991, 30.7, 0.00015743, 62.9801, 0.00039896, -107.262, 0.000412364, 69.159
2301, 38.35000, 3.03991, 22.1603, 6.14492, -136.551, 8.97952, 30.6576, 0.00015741, 62.9332, 0.000398438, -107.228, 0.000411884, 69.1382
2302, 38.35833, 3.04159, 22.0493, 6.13599, -136.487, 8.96909, 30.6151, 0.000157388, 62.8863, 0.000397916, -107.194, 0.000411403, 69.1172
2302, 38.36667, 3.04325, 21.9383, 6.12708, -136.423, 8.95863, 30.5723, 0.000157366, 62.8393, 0.000397395, -107.16, 0.000410921, 69.096
2303, 38.37500, 3.0449, 21.8273, 6.11821, -136.358, 8.94813, 30.5294, 0.000157344, 62.7922, 0.000396873, -107.126, 0.000410437, 69.0747
2303, 38.38333, 3.04653, 21.7162, 6.10936, -136.293, 8.9376, 30.4862, 0.00015732, 62.7451, 0.000396352, -107.092, 0.000409952, 69.0532
2304, 38.39167, 3.04815, 21.6051, 6.10054, -136.228, 8.92703, 30.4428, 0.000157296, 62.698, 0.000395832, -107.057, 0.000409466, 69.0315
2304, 38.40000, 3.04975, 21.494, 6.09175, -136.163, 8.91643, 30.3992, 0.000157271, 62.6508, 0.000395311, -107.023, 0.000408978, 69.0097
2305, 38.40833, 3.05133, 21.3828, 6.08299, -136.098, 8.90579, 30.3554, 0.000157245, 62.6035, 0.000394791, -106.988, 0.000408489, 68.9877
2305, 38.41667, 3.0529, 21.2715, 6.07425, -136.032, 8.89512, 30.3114, 0.000157219, 62.5562, 0.000394271, -106.954, 0.000407998, 68.9656
2306, 38.42500, 3.05445, 21.1602, 6.06555, -135.966, 8.88441, 30.2671, 0.000157192, 62.5089, 0.000393751, -106.919, 0.000407506, 68.9432
2306, 38.43333, 3.05598, 21.0489, 6.05687, -135.9, 8.87366, 30.2227, 0.000157164, 62.4615, 0.000393231, -106.884, 0.000407013, 68.9207
2307, 38.44167, 3.0575, 20.9375, 6.04822, -135.834, 8.86287, 30.178, 0.000157135, 62.4141, 0.000392712, -106.849, 0.000406518, 68.8981
2307, 38.45000, 3.059, 20.8261, 6.03961, -135.768, 8.85204, 30.1331, 0.000157106, 62.3666, 0.000392192, -106.814, 0.000406022, 68.8752
2308, 38.45833, 3.06048, 20.7146, 6.03102, -135.701, 8.84118, 30.088, 0.000157076, 62.319, 0.000391674, -106.779, 0.000405524, 68.8522
2308, 38.46667, 3.06195, 20.6031, 6.02246, -135.635, 8.83027, 30.0427, 0.000157045, 62.2714, 0.000391155, -106.744, 0.000405025, 68.829
2309, 38.47500, 3.0634, 20.4915, 6.01393, -135.568, 8.81933, 29.9972, 0.000157013, 62.2238, 0.000390636, -106.709, 0.000404524, 68.8057
2309, 38.48333, 3.06483, 20.3799, 6.00543, -135.501, 8.80834, 29.9514, 0.000156981, 62.1761, 0.000390118, -106.674, 0.000404022, 68.7822
2310, 38.49167, 3.06624, 20.2682, 5.99696, -135.434, 8.79732, 29.9055, 0.000156948, 62.1284, 0.0003896, -106.638, 0.000403518, 68.7585
2310, 38.50000, 3.06763, 20.1565, 5.98852, -135.366, 8.78625, 29.8593, 0.000156914, 62.0806, 0.000389083, -106.603, 0.000403013, 68.7346
2311, 38.50833, 3.06901, 20.0447, 5.98011, -135.299, 8.77514, 29.8129, 0.000156879, 62.0328, 0.000388565, -106.567, 0.000402506, 68.7106
2311, 38.51667, 3.07037, 19.9328, 5.97173, -135.231, 8.764, 29.7663, 0.000156843, 61.9849, 0.000388048, -106.531, 0.000401997, 68.6864
2312, 38.52500, 3.0717, 19.8209, 5.96339, -135.163, 8.7528, 29.7194, 0.000156807, 61.937, 0.000387531, -106.496, 0.000401487, 68.662
2312, 38.53333, 3.07302, 19.709, 5.95507, -135.095, 8.74157, 29.6724, 0.00015677, 61.8891, 0.000387015, -106.46, 0.000400975, 68.6374
2313, 38.54167, 3.07432, 19.5969, 5.94678, -135.026, 8.73029, 29.6251, 0.000156732, 61.8411, 0.000386498, -106.424, 0.000400462, 68.6127
2313, 38.55000, 3.0756, 19.4849, 5.93853, -134.958, 8.71897, 29.5776, 0.000156693, 61.793, 0.000385982, -106.388, 0.000399947, 68.5878
2314, 38.55833, 3.07687, 19.3727, 5.93031, -134.889, 8.70761, 29.5299, 0.000156654, 61.7449, 0.000385466, -106.352, 0.00039943, 68.5627
2314, 38.56667, 3.07811, 19.2605, 5.92212, -134.82, 8.69619, 29.482, 0.000156613, 61.6968, 0.00038495, -106.315, 0.000398911, 68.5375
2314, 38.57500, 3.07933, 19.1483, 5.91396, -134.752, 8.68474, 29.4339, 0.000156572, 61.6487, 0.000384435, -106.279, 0.000398391, 68.5121
2315, 38.58333, 3.08053, 19.0359, 5.90583, -134.682, 8.67324, 29.3855, 0.00015653, 61.6005, 0.00038392, -106.243, 0.000397869, 68.4865
2316, 38.59167, 3.08171, 18.9236, 5.89774, -134.613, 8.66169, 29.3369, 0.000156487, 61.5522, 0.000383405, -106.206, 0.000397345, 68.4608
2316, 38.60000, 3.08287, 18.8111, 5.88967, -134.544, 8.65009, 29.2881, 0.000156443, 61.504, 0.000382891, -106.17, 0.00039682, 68.4348
2317, 38.60833, 3.08401, 18.6986, 5.88164, -134.474, 8.63845, 29.2391, 0.000156398, 61.4557, 0.000382376, -106.133, 0.000396292, 68.4088
2317, 38.61667, 3.08512, 18.5861, 5.87364, -134.404, 8.62676, 29.1899, 0.000156353, 61.4074, 0.000381862, -106.096, 0.000395763, 68.3825
2318, 38.62500, 3.08622, 18.4735, 5.86568, -134.334, 8.61502, 29.1405, 0.000156306, 61.359, 0.000381349, -106.059, 0.000395232, 68.3561
2318, 38.63333, 3.08729, 18.3608, 5.85775, -134.264, 8.60324, 29.0908, 0.000156259, 61.3106, 0.000380835, -106.023, 0.000394699, 68.3295
2318, 38.64167, 3.08834, 18.248, 5.84985, -134.194, 8.5914, 29.041, 0.000156211, 61.2622, 0.000380322, -105.985, 0.000394164, 68.3027
2319, 38.65000, 3.08937, 18.1352, 5.84198, -134.124, 8.57951, 28.9909, 0.000156162, 61.2137, 0.000379809, -105.948, 0.000393627, 68.2758
2320, 38.65833, 3.09038, 18.0224, 5.83415, -134.053, 8.56758, 28.9406, 0.000156112, 61.1653, 0.000379296, -105.911, 0.000393088, 68.2487
2320, 38.66667, 3.09136, 17.9095, 5.82635, -133.983, 8.55559, 28.8901, 0.000156061, 61.1168, 0.000378784, -105.874, 0.000392548, 68.2214
2321, 38.67500, 3.09232, 17.7965, 5.81858, -133.912, 8.54355, 28.8394, 0.000156009, 61.0683, 0.000378272, -105.836, 0.000392005, 68.194
2321, 38.68333, 3.09326, 17.6835, 5.81085, -133.841, 8.53146, 28.7885, 0.000155956, 61.0197, 0.00037776, -105.799, 0.00039146, 68.1664
2322, 38.69167, 3.09417, 17.5704, 5.80315, -133.77, 8.51931, 28.7374, 0.000155903, 60.9712, 0.000377249, -105.761, 0.000390914, 68.1387
2322, 38.70000, 3.09506, 17.4573, 5.79549, -133.699, 8.50711, 28.6861, 0.000155848, 60.9226, 0.000376738, -105.724, 0.000390365, 68.1108
2322, 38.70833, 3.09592, 17.3441, 5.78786, -133.628, 8.49486, 28.6346, 0.000155793, 60.874, 0.000376227, -105.686, 0.000389814, 68.0827
2323, 38.71667, 3.09676, 17.2308, 5.78026, -133.556, 8.48255, 28.5828, 0.000155736, 60.8254, 0.000375716, -105.648, 0.000389261, 68.0545
2324, 38.72500, 3.09757, 17.1175, 5.7727, -133.485, 8.47019, 28.5309, 0.000155679, 60.7768, 0.000375206, -105.61, 0.000388706, 68.0261
2324, 38.73333, 3.09836, 17.0042, 5.76517, -133.413, 8.45778, 28.4788, 0.00015562, 60.7282, 0.000374696, -105.572, 0.000388149, 67.9976
2325, 38.74167, 3.09913, 16.8908, 5.75768, -133.341, 8.4453, 28.4265, 0.000155561, 60.6796, 0.000374186, -105.534, 0.00038759, 67.9689
2325, 38.75000, 3.09986, 16.7773, 5.75022, -133.27, 8.43278, 28.3739, 0.000155501, 60.631, 0.000373677, -105.496, 0.000387029, 67.94
2326, 38.75833, 3.10057, 16.6639, 5.7428, -133.198, 8.42019, 28.3212, 0.000155439, 60.5824, 0.000373168, -105.457, 0.000386465, 67.911
2326, 38.76667, 3.10126, 16.5503, 5.73541, -133.126, 8.40755, 28.2683, 0.000155377, 60.5337, 0.000372659, -105.419, 0.000385899, 67.8819
2326, 38.77500, 3.10191, 16.4368, 5.72806, -133.054, 8.39484, 28.2152, 0.000155314, 60.4851, 0.00037215, -105.38, 0.000385331, 67.8526
2327, 38.78333, 3.10254, 16.3231, 5.72074, -132.981, 8.38208, 28.162, 0.000155249, 60.4366, 0.000371642, -105.342, 0.000384761, 67.8232
2328, 38.79167, 3.10315, 16.2095, 5.71346, -132.909, 8.36926, 28.1085, 0.000155184, 60.388, 0.000371134, -105.303, 0.000384188, 67.7936
2328, 38.80000, 3.10372, 16.0958, 5.70621, -132.837, 8.35638, 28.0549, 0.000155118, 60.3394, 0.000370627, -105.264, 0.000383613, 67.7639
2329, 38.80833, 3.10427, 15.9821, 5.699, -132.764, 8.34344, 28.0011, 0.00015505, 60.2908, 0.00037012, -105.225, 0.000383036, 67.734
2329, 38.81667, 3.10479, 15.8683, 5.69183, -132.692, 8.33044, 27.9471, 0.000154982, 60.2423, 0.000369613, -105.186, 0.000382456, 67.704
2330, 38.82500, 3.10527, 15.7546, 5.68469, -132.619, 8.31738, 27.8929, 0.000154912, 60.1938, 0.000369106, -105.147, 0.000381874, 67.6739
2330, 38.83333, 3.10573, 15.6408, 5.67758, -132.546, 8.30425, 27.8386, 0.000154842, 60.1453, 0.0003686, -105.108, 0.00038129, 67.6437
2330, 38.84167, 3.10616, 15.527, 5.67052, -132.474, 8.29106, 27.784, 0.00015477, 60.0969, 0.000368094, -105.069, 0.000380703, 67.6133
2331, 38.85000, 3.10656, 15.4131, 5.66348, -132.401, 8.27781, 27.7294, 0.000154698, 60.0485, 0.000367588, -105.03, 0.000380113, 67.5828
2332, 38.85833, 3.10693, 15.2993, 5.65649, -132.328, 8.2645, 27.6746, 0.000154624, 60.0001, 0.000367083, -104.99, 0.000379522, 67.5522
2332, 38.86667, 3.10727, 15.1854, 5.64953, -132.255, 8.25112, 27.6196, 0.000154549, 59.9518, 0.000366578, -104.951, 0.000378928, 67.5214
2333, 38.87500, 3.10758, 15.0716, 5.6426, -132.182, 8.23768, 27.5644, 0.000154473, 59.9035, 0.000366074, -104.911, 0.000378331, 67.4906
2333, 38.88333, 3.10786, 14.9577, 5.63571, -132.11, 8.22417, 27.5092, 0.000154396, 59.8553, 0.000365569, -104.871, 0.000377732, 67.4596
2334, 38.89167, 3.10811, 14.8439, 5.62886, -132.037, 8.21059, 27.4537, 0.000154318, 59.8071, 0.000365066, -104.831, 0.00037713, 67.4285
2334, 38.90000, 3.10832, 14.73, 5.62204, -131.964, 8.19695, 27.3982, 0.000154239, 59.759, 0.000364562, -104.792, 0.000376526, 67.3974
2334, 38.90833, 3.1085, 14.6162, 5.61526, -131.891, 8.18324, 27.3425, 0.000154159, 59.711, 0.000364059, -104.752, 0.000375919, 67.3661
2335, 38.91667, 3.10865, 14.5023, 5.60851, -131.818, 8.16947, 27.2866, 0.000154078, 59.663, 0.000363556, -104.712, 0.000375309, 67.3347
2336, 38.92500, 3.10877, 14.3885, 5.6018, -131.745, 8.15563, 27.2307, 0.000153995, 59.6151, 0.000363053, -104.671, 0.000374697, 67.3032
2336, 38.93333, 3.10885, 14.2747, 5.59513, -131.672, 8.14171, 27.1746, 0.000153912, 59.5672, 0.000362551, -104.631, 0.000374083, 67.2717
2337, 38.94167, 3.1089, 14.161, 5.58849, -131.599, 8.12773, 27.1184, 0.000153827, 59.5195, 0.000362049, -104.591, 0.000373465, 67.24
2337, 38.95000, 3.10892, 14.0473, 5.58189, -131.526, 8.11368, 27.0621, 0.000153741, 59.4719, 0.000361548, -104.55, 0.000372845, 67.2083
2338, 38.95833, 3.1089, 13.9336, 5.57532, -131.453, 8.09957, 27.0057, 0.000153654, 59.4243, 0.000361047, -104.51, 0.000372222, 67.1765
2338, 38.96667, 3.10884, 13.8199, 5.56879, -131.38, 8.08538, 26.9492, 0.000153566, 59.3768, 0.000360546, -104.469, 0.000371597, 67.1446
2338, 38.97500, 3.10876, 13.7064, 5.5623, -131.307, 8.07112, 26.8926, 0.000153476, 59.3295, 0.000360045, -104.429, 0.000370969, 67.1126
2339, 38.98333, 3.10863, 13.5928, 5.55584, -131.234, 8.05679, 26.8359, 0.000153386, 59.2822, 0.000359545, -104.388, 0.000370338, 67.0806
2340, 38.99167, 3.10847, 13.4794, 5.54941, -131.161, 8.04238, 26.7791, 0.000153294, 59.2351, 0.000359045, -104.347, 0.000369704, 67.0486
2340, 39.00000, 3.10828, 13.366, 5.54302, -131.088, 8.02791, 26.7223, 0.000153202, 59.1881, 0.000358546, -104.306, 0.000369068, 67.0164
2341, 39.00833, 3.10805, 13.2527, 5.53666, -131.016, 8.01337, 26.6653, 0.000153108, 59.1412, 0.000358047, -104.265, 0.000368429, 66.9843
2341, 39.01667, 3.10778, 13.1395, 5.53034, -130.943, 7.99875, 26.6084, 0.000153012, 59.0945, 0.000357548, -104.224, 0.000367787, 66.9521
2342, 39.02500, 3.10748, 13.0263, 5.52406, -130.87, 7.98406, 26.5513, 0.000152916, 59.0478, 0.00035705, -104.183, 0.000367142, 66.9198
2342, 39.03333, 3.10713, 12.9133, 5.51781, -130.798, 7.96929, 26.4942, 0.000152819, 59.0014, 0.000356552, -104.141, 0.000366494, 66.8876
2342, 39.04167, 3.10676, 12.8004, 5.51159, -130.725, 7.95445, 26.4371, 0.00015272, 58.9551, 0.000356054, -104.1, 0.000365844, 66.8553
2343, 39.05000, 3.10634, 12.6875, 5.50541, -130.653, 7.93954, 26.3799, 0.00015262, 58.9089, 0.000355557, -104.058, 0.00036519, 66.8229
2344, 39.05833, 3.10589, 12.5749, 5.49926, -130.581, 7.92455, 26.3227, 0.000152519, 58.8629, 0.00035506, -104.017, 0.000364534, 66.7906
2344, 39.06667, 3.10539, 12.4623, 5.49314, -130.508, 7.90949, 26.2655, 0.000152417, 58.8171, 0.000354564, -103.975, 0.000363875, 66.7583
2345, 39.07500, 3.10486, 12.3499, 5.48706, -130.436, 7.89436, 26.2082, 0.000152313, 58.7715, 0.000354068, -103.934, 0.000363213, 66.7259
2345, 39.08333, 3.10429, 12.2376, 5.48101, -130.364, 7.87915, 26.151, 0.000152209, 58.726, 0.000353572, -103.892, 0.000362548, 66.6936
2346, 39.09167, 3.10368, 12.1255, 5.47499, -130.293, 7.86386, 26.0937, 0.000152103, 58.6808, 0.000353076, -103.85, 0.00036188, 66.6613
2346, 39.10000, 3.10303, 12.0135, 5.46901, -130.221, 7.8485, 26.0365, 0.000151996, 58.6357, 0.000352581, -103.808, 0.000361209, 66.629
2346, 39.10833, 3.10235, 11.9017, 5.46306, -130.149, 7.83307, 25.9793, 0.000151888, 58.5908, 0.000352087, -103.766, 0.000360536, 66.5967
2347, 39.11667, 3.10162, 11.7901, 5.45714, -130.078, 7.81755, 25.9221, 0.000151778, 58.5462, 0.000351592, -103.724, 0.000359859, 66.5645
2348, 39.12500, 3.10085, 11.6787, 5.45125, -130.007, 7.80197, 25.8649, 0.000151668, 58.5018, 0.000351098, -103.682, 0.000359179, 66.5323
2348, 39.13333, 3.10004, 11.5675, 5.44539, -129.935, 7.7863, 25.8078, 0.000151556, 58.4576, 0.000350605, -103.639, 0.000358497, 66.5002
2349, 39.14167, 3.0992, 11.4565, 5.43957, -129.864, 7.77056, 25.7508, 0.000151443, 58.4137, 0.000350111, -103.597, 0.000357812, 66.4681
2349, 39.15000, 3.09831, 11.3457, 5.43377, -129.794, 7.75475, 25.6938, 0.000151328, 58.37, 0.000349618, -103.555, 0.000357123, 66.4361
2350, 39.15833, 3.09738, 11.2352, 5.42801, -129.723, 7.73886, 25.6369, 0.000151213, 58.3265, 0.000349126, -103.512, 0.000356432, 66.4041
2350, 39.16667, 3.0964, 11.1249, 5.42227, -129.653, 7.72289, 25.5801, 0.000151096, 58.2833, 0.000348634, -103.469, 0.000355738, 66.3722
2350, 39.17500, 3.09539, 11.0148, 5.41657, -129.582, 7.70684, 25.5233, 0.000150979, 58.2404, 0.000348142, -103.427, 0.00035504, 66.3405
2351, 39.18333, 3.09434, 10.9051, 5.41089, -129.512, 7.69072, 25.4667, 0.00015086, 58.1978, 0.00034765, -103.384, 0.00035434, 66.3088
2352, 39.19167, 3.09324, 10.7955, 5.40524, -129.442, 7.67453, 25.4102, 0.000150739, 58.1554, 0.000347159, -103.341, 0.000353637, 66.2772
2352, 39.20000, 3.0921, 10.6863, 5.39962, -129.373, 7.65825, 25.3538, 0.000150618, 58.1134, 0.000346668, -103.298, 0.000352931, 66.2458
2353, 39.20833, 3.09093, 10.5774, 5.39402, -129.303, 7.64191, 25.2975, 0.000150495, 58.0716, 0.000346178, -103.255, 0.000352222, 66.2144
2353, 39.21667, 3.0897, 10.4688, 5.38845, -129.234, 7.62548, 25.2414, 0.000150372, 58.0302, 0.000345688, -103.212, 0.00035151, 66.1832
2354, 39.22500, 3.08844, 10.3605, 5.38291, -129.165, 7.60898, 25.1854, 0.000150247, 57.9891, 0.000345198, -103.169, 0.000350795, 66.1521
2354, 39.23333, 3.08714, 10.2526, 5.3774, -129.096, 7.59241, 25.1297, 0.000150121, 57.9483, 0.000344708, -103.126, 0.000350077, 66.1212
2354, 39.24167, 3.08579, 10.145, 5.37191, -129.028, 7.57576, 25.0741, 0.000149994, 57.9078, 0.000344219, -103.083, 0.000349356, 66.0905
2355, 39.25000, 3.0844, 10.0378, 5.36644, -128.96, 7.55903, 25.0186, 0.000149865, 57.8677, 0.00034373, -103.04, 0.000348633, 66.0599
2356, 39.25833, 3.08296, 9.93091, 5.361, -128.892, 7.54224, 24.9634, 0.000149736, 57.828, 0.000343242, -102.996, 0.000347906, 66.0295
2356, 39.26667, 3.08149, 9.82442, 5.35558, -128.824, 7.52536, 24.9084, 0.000149605, 57.7886, 0.000342754, -102.953, 0.000347177, 65.9993
2357, 39.27500, 3.07997, 9.71835, 5.35019, -128.757, 7.50841, 24.8536, 0.000149473, 57.7496, 0.000342266, -102.909, 0.000346444, 65.9693
2357, 39.28333, 3.07841, 9.6127, 5.34481, -128.689, 7.49139, 24.7991, 0.000149341, 57.711, 0.000341779, -102.866, 0.000345709, 65.9395
2358, 39.29167, 3.07681, 9.50746, 5.33946, -128.623, 7.4743, 24.7448, 0.000149207, 57.6728, 0.000341291, -102.822, 0.000344971, 65.9099
2358, 39.30000, 3.07516, 9.40267, 5.33413, -128.556, 7.45714, 24.6908, 0.000149072, 57.635, 0.000340805, -102.779, 0.00034423, 65.8805
2358, 39.30833, 3.07348, 9.29834, 5.32882, -128.49, 7.4399, 24.6371, 0.000148936, 57.5976, 0.000340318, -102.735, 0.000343487, 65.8514
2359, 39.31667, 3.07175, 9.19446, 5.32353, -128.424, 7.42259, 24.5836, 0.000148798, 57.5606, 0.000339832, -102.691, 0.00034274, 65.8225
2360, 39.32500, 3.06998, 9.09108, 5.31825, -128.358, 7.40521, 24.5304, 0.00014866, 57.5241, 0.000339346, -102.647, 0.000341991, 65.7939
2360, 39.33333, 3.06816, 8.98819, 5.313, -128.293, 7.38776, 24.4776, 0.000148521, 57.4879, 0.00033886, -102.603, 0.000341239, 65.7655
2361, 39.34167, 3.06631, 8.88581, 5.30776, -128.228, 7.37024, 24.4251, 0.00014838, 57.4523, 0.000338375, -102.559, 0.000340484, 65.7375
2361, 39.35000, 3.06441, 8.78396, 5.30254, -128.163, 7.35265, 24.3729, 0.000148239, 57.4171, 0.00033789, -102.515, 0.000339727, 65.7097
2362, 39.35833, 3.06247, 8.68266, 5.29734, -128.099, 7.33499, 24.3211, 0.000148097, 57.3824, 0.000337405, -102.471, 0.000338967, 65.6822
2362, 39.36667, 3.06049, 8.58189, 5.29214, -128.034, 7.31727, 24.2696, 0.000147953, 57.3481, 0.000336921, -102.427, 0.000338204, 65.6551
2362, 39.37500, 3.05846, 8.48172, 5.28697, -127.971, 7.29948, 24.2185, 0.000147809, 57.3144, 0.000336436, -102.383, 0.000337439, 65.6282
2363, 39.38333, 3.0564, 8.38212, 5.2818, -127.907, 7.28162, 24.1679, 0.000147664, 57.2811, 0.000335953, -102.338, 0.000336671, 65.6017
2364, 39.39167, 3.05429, 8.28312, 5.27665, -127.844, 7.2637, 24.1176, 0.000147517, 57.2484, 0.000335469, -102.294, 0.000335901, 65.5756
2364, 39.40000, 3.05215, 8.18475, 5.27151, -127.782, 7.24571, 24.0677, 0.00014737, 57.2161, 0.000334985, -102.25, 0.000335128, 65.5498
2365, 39.40833, 3.04996, 8.08701, 5.26638, -127.719, 7.22766, 24.0183, 0.000147222, 57.1844, 0.000334502, -102.205, 0.000334352, 65.5244
2365, 39.41667, 3.04773, 7.9899, 5.26126, -127.657, 7.20955, 23.9693, 0.000147073, 57.1533, 0.000334019, -102.161, 0.000333575, 65.4993
2366, 39.42500, 3.04547, 7.89347, 5.25615, -127.596, 7.19138, 23.9208, 0.000146923, 57.1226, 0.000333537, -102.116, 0.000332794, 65.4747
2366, 39.43333, 3.04316, 7.79772, 5.25105, -127.535, 7.17314, 23.8728, 0.000146773, 57.0926, 0.000333054, -102.072, 0.000332012, 65.4504
2366, 39.44167, 3.04082, 7.70264, 5.24596, -127.474, 7.15485, 23.8253, 0.000146621, 57.0631, 0.000332572, -102.027, 0.000331227, 65.4266
2367, 39.45000, 3.03843, 7.6083, 5.24087, -127.413, 7.1365, 23.7782, 0.000146469, 57.0341, 0.00033209, -101.982, 0.000330439, 65.4032
2368, 39.45833, 3.03601, 7.51467, 5.23579, -127.353, 7.1181, 23.7317, 0.000146316, 57.0058, 0.000331608, -101.938, 0.00032965, 65.3802
2368, 39.46667, 3.03355, 7.42178, 5.23071, -127.293, 7.09964, 23.6858, 0.000146162, 56.978, 0.000331126, -101.893, 0.000328858, 65.3576
2369, 39.47500, 3.03105, 7.32965, 5.22563, -127.234, 7.08112, 23.6403, 0.000146007, 56.9509, 0.000330645, -101.848, 0.000328064, 65.3356
2369, 39.48333, 3.02851, 7.2383, 5.22056, -127.175, 7.06255, 23.5955, 0.000145852, 56.9243, 0.000330164, -101.803, 0.000327268, 65.314
2370, 39.49167, 3.02594, 7.14772, 5.21549, -127.116, 7.04393, 23.5511, 0.000145696, 56.8984, 0.000329683, -101.758, 0.00032647, 65.2928
2370, 39.50000, 3.02333, 7.05796, 5.21042, -127.058, 7.02526, 23.5074, 0.000145539, 56.8731, 0.000329202, -101.713, 0.00032567, 65.2722
2370, 39.50833, 3.02069, 6.96902, 5.20535, -127.001, 7.00654, 23.4643, 0.000145382, 56.8484, 0.000328721, -101.668, 0.000324869, 65.2521
2371, 39.51667, 3.01801, 6.8809, 5.20027, -126.943, 6.98778, 23.4218, 0.000145224, 56.8243, 0.000328241, -101.623, 0.000324065, 65.2325
2372, 39.52500, 3.01529, 6.79364, 5.1952, -126.886, 6.96897, 23.38, 0.000145065, 56.801, 0.00032776, -101.578, 0.000323259, 65.2134
2372, 39.53333, 3.01254, 6.70725, 5.19012, -126.83, 6.95011, 23.3388, 0.000144906, 56.7782, 0.00032728, -101.533, 0.000322452, 65.1948
2373, 39.54167, 3.00976, 6.62173, 5.18504, -126.773, 6.93121, 23.2982, 0.000144746, 56.7562, 0.0003268, -101.488, 0.000321642, 65.1768
2373, 39.55000, 3.00695, 6.53711, 5.17995, -126.718, 6.91227, 23.2583, 0.000144586, 56.7348, 0.00032632, -101.442, 0.000320831, 65.1594
2374, 39.55833, 3.0041, 6.45341, 5.17486, -126.662, 6.89329, 23.2191, 0.000144425, 56.7141, 0.00032584, -101.397, 0.000320019, 65.1425
2374, 39.56667, 3.00122, 6.37062, 5.16976, -126.607, 6.87427, 23.1806, 0.000144264, 56.694, 0.00032536, -101.352, 0.000319205, 65.1262
2374, 39.57500, 2.99831, 6.28878, 5.16465, -126.553, 6.85522, 23.1428, 0.000144103, 56.6747, 0.00032488, -101.306, 0.000318389, 65.1105
2375, 39.58333, 2.99537, 6.2079, 5.15953, -126.498, 6.83613, 23.1058, 0.000143941, 56.6561, 0.000324401, -101.261, 0.000317572, 65.0953
2376, 39.59167, 2.9924, 6.12798, 5.15441, -126.444, 6.817, 23.0694, 0.000143778, 56.6381, 0.000323921, -101.215, 0.000316754, 65.0808
2376, 39.60000, 2.9894, 6.04906, 5.14927, -126.391, 6.79785, 23.0338, 0.000143616, 56.6209, 0.000323442, -101.17, 0.000315934, 65.0669
2377, 39.60833, 2.98638, 5.97113, 5.14412, -126.338, 6.77867, 22.999, 0.000143453, 56.6044, 0.000322962, -101.124, 0.000315114, 65.0537
2377, 39.61667, 2.98333, 5.89421, 5.13895, -126.285, 6.75945, 22.965, 0.00014329, 56.5887, 0.000322483, -101.079, 0.000314292, 65.0411
2378, 39.62500, 2.98025, 5.81832, 5.13378, -126.233, 6.74022, 22.9317, 0.000143126, 56.5736, 0.000322004, -101.033, 0.000313468, 65.0291
2378, 39.63333, 2.97714, 5.74347, 5.12858, -126.181, 6.72096, 22.8993, 0.000142963, 56.5593, 0.000321524, -100.987, 0.000312644, 65.0178
2378, 39.64167, 2.97401, 5.66967, 5.12338, -126.13, 6.70167, 22.8676, 0.000142799, 56.5458, 0.000321045, -100.942, 0.000311819, 65.0071
2379, 39.65000, 2.97086, 5.59694, 5.11815, -126.079, 6.68237, 22.8368, 0.000142635, 56.533, 0.000320566, -100.896, 0.000310993, 64.9972
2380, 39.65833, 2.96768, 5.52529, 5.11291, -126.028, 6.66305, 22.8068, 0.000142471, 56.5209, 0.000320086, -100.85, 0.000310166, 64.9879
2380, 39.66667, 2.96449, 5.45472, 5.10765, -125.978, 6.64371, 22.7777, 0.000142306, 56.5096, 0.000319607, -100.804, 0.000309339, 64.9793
2381, 39.67500, 2.96127, 5.38526, 5.10237, -125.928, 6.62436, 22.7494, 0.000142142, 56.499, 0.000319128, -100.758, 0.000308511, 64.9714
2381, 39.68333, 2.95803, 5.31692, 5.09707, -125.878, 6.605, 22.722, 0.000141978, 56.4892, 0.000318649, -100.712, 0.000307682, 64.9643
2382, 39.69167, 2.95477, 5.2497, 5.09174, -125.829, 6.58562, 22.6954, 0.000141814, 56.4802, 0.000318169, -100.666, 0.000306852, 64.9578
2382, 39.70000, 2.95149, 5.18363, 5.0864, -125.78, 6.56624, 22.6697, 0.000141649, 56.4719, 0.00031769, -100.62, 0.000306023, 64.9521
2383, 39.70833, 2.9482, 5.1187, 5.08103, -125.731, 6.54685, 22.645, 0.000141485, 56.4644, 0.00031721, -100.574, 0.000305192, 64.9471
2383, 39.71667, 2.94489, 5.05492, 5.07564, -125.683, 6.52745, 22.6211, 0.000141321, 56.4577, 0.000316731, -100.528, 0.000304362, 64.9428
2384, 39.72500, 2.94156, 4.99232, 5.07022, -125.635, 6.50806, 22.5982, 0.000141158, 56.4518, 0.000316251, -100.482, 0.000303531, 64.9393
2384, 39.73333, 2.93822, 4.9309, 5.06478, -125.588, 6.48866, 22.5762, 0.000140994, 56.4466, 0.000315772, -100.436, 0.0003027, 64.9365
2385, 39.74167, 2.93486, 4.87067, 5.05931, -125.541, 6.46926, 22.5551, 0.000140831, 56.4422, 0.000315292, -100.389, 0.000301869, 64.9345
2385, 39.75000, 2.9315, 4.81163, 5.05381, -125.494, 6.44987, 22.5349, 0.000140667, 56.4386, 0.000314812, -100.343, 0.000301038, 64.9333
2386, 39.75833, 2.92812, 4.7538, 5.04829, -125.447, 6.43049, 22.5157, 0.000140505, 56.4358, 0.000314332, -100.297, 0.000300207, 64.9329
2386, 39.76667, 2.92473, 4.69718, 5.04273, -125.401, 6.41111, 22.4975, 0.000140342, 56.4337, 0.000313852, -100.25, 0.000299377, 64.9332
2387, 39.77500, 2.92133, 4.64179, 5.03715, -125.355, 6.39175, 22.4802, 0.00014018, 56.4324, 0.000313372, -100.204, 0.000298546, 64.9343
2387, 39.78333, 2.91793, 4.58763, 5.03153, -125.31, 6.37239, 22.4639, 0.000140018, 56.4319, 0.000312891, -100.157, 0.000297716, 64.9362
2388, 39.79167, 2.91452, 4.53469, 5.02589, -125.264, 6.35305, 22.4485, 0.000139857, 56.4322, 0.000312411, -100.11, 0.000296886, 64.9388
2388, 39.80000, 2.9111, 4.48301, 5.02021, -125.219, 6.33373, 22.4342, 0.000139696, 56.4333, 0.00031193, -100.064, 0.000296057, 64.9423
2389, 39.80833, 2.90768, 4.43257, 5.0145, -125.174, 6.31442, 22.4208, 0.000139536, 56.4351, 0.000311449, -100.017, 0.000295228, 64.9466
2389, 39.81667, 2.90425, 4.38338, 5.00876, -125.13, 6.29513, 22.4084, 0.000139376, 56.4377, 0.000310968, -99.9703, 0.0002944, 64.9517
2390, 39.82500, 2.90082, 4.33545, 5.00298, -125.086, 6.27587, 22.397, 0.000139217, 56.4411, 0.000310487, -99.9235, 0.000293572, 64.9576
2390, 39.83333, 2.89739, 4.28879, 4.99717, -125.042, 6.25663, 22.3866, 0.000139058, 56.4453, 0.000310006, -99.8766, 0.000292746, 64.9643
2391, 39.84167, 2.89395, 4.24339, 4.99132, -124.998, 6.23742, 22.3773, 0.0001389, 56.4502, 0.000309524, -99.8297, 0.00029192, 64.9718
2391, 39.85000, 2.89052, 4.19926, 4.98544, -124.955, 6.21824, 22.3689, 0.000138742, 56.4558, 0.000309042, -99.7826, 0.000291095, 64.9801
2392, 39.85833, 2.88709, 4.1564, 4.97952, -124.911, 6.19909, 22.3615, 0.000138586, 56.4623, 0.00030856, -99.7356, 0.000290271, 64.9892
2392, 39.86667, 2.88367, 4.11482, 4.97357, -124.868, 6.17997, 22.3552, 0.00013843, 56.4695, 0.000308078, -99.6884, 0.000289448, 64.9992
2393, 39.87500, 2.88024, 4.07452, 4.96757, -124.826, 6.16088, 22.3498, 0.000138275, 56.4774, 0.000307595, -99.6412, 0.000288626, 65.01
2393, 39.88333, 2.87682, 4.03549, 4.96154, -124.783, 6.14183, 22.3455, 0.00013812, 56.4861, 0.000307113, -99.5939, 0.000287805, 65.0216
2394, 39.89167, 2.87341, 3.99774, 4.95547, -124.741, 6.12282, 22.3422, 0.000137967, 56.4955, 0.00030663, -99.5466, 0.000286986, 65.034
2394, 39.90000, 2.87001, 3.96128, 4.94937, -124.698, 6.10385, 22.3399, 0.000137814, 56.5057, 0.000306146, -99.4991, 0.000286168, 65.0473
2395, 39.90833, 2.86661, 3.92609, 4.94322, -124.656, 6.08493, 22.3386, 0.000137662, 56.5166, 0.000305663, -99.4516, 0.000285352, 65.0613
2395, 39.91667, 2.86322, 3.89218, 4.93703, -124.614, 6.06604, 22.3383, 0.000137511, 56.5282, 0.000305179, -99.4041, 0.000284536, 65.0762
2396, 39.92500, 2.85985, 3.85955, 4.9308, -124.573, 6.04721, 22.3391, 0.000137361, 56.5406, 0.000304695, -99.3564, 0.000283723, 65.0919
2396, 39.93333, 2.85648, 3.82819, 4.92454, -124.531, 6.02842, 22.3409, 0.000137212, 56.5536, 0.000304211, -99.3087, 0.000282911, 65.1084
2397, 39.94167, 2.85313, 3.7981, 4.91823, -124.49, 6.00968, 22.3436, 0.000137064, 56.5674, 0.000303726, -99.2609, 0.000282101, 65.1258
2397, 39.95000, 2.84979, 3.76929, 4.91188, -124.448, 5.99099, 22.3474, 0.000136917, 56.5818, 0.000303241, -99.213, 0.000281292, 65.1439
2398, 39.95833, 2.84647, 3.74174, 4.90548, -124.407, 5.97235, 22.3522, 0.000136771, 56.597, 0.000302756, -99.165, 0.000280486, 65.1629
2398, 39.96667, 2.84316, 3.71545, 4.89905, -124.366, 5.95377, 22.358, 0.000136626, 56.6128, 0.00030227, -99.117, 0.000279681, 65.1827
2399, 39.97500, 2.83987, 3.69043, 4.89258, -124.325, 5.93525, 22.3649, 0.000136483, 56.6293, 0.000301785, -99.0688, 0.000278878, 65.2033
2399, 39.98333, 2.83659, 3.66665, 4.88606, -124.284, 5.91679, 22.3727, 0.00013634, 56.6465, 0.000301298, -99.0206, 0.000278077, 65.2247
2400, 39.99167, 2.83334, 3.64412, 4.8795, -124.243, 5.89838, 22.3815, 0.000136198, 56.6643, 0.000300812, -98.9722, 0.000277278, 65.2468
2400, 40.00000, 2.83011, 3.62284, 4.8729, -124.202, 5.88004, 22.3913, 0.000136058, 56.6828, 0.000300325, -98.9238, 0.000276482, 65.2698
2401, 40.00833, 2.82689, 3.60279, 4.86625, -124.161, 5.86176, 22.4021, 0.000135919, 56.7019, 0.000299838, -98.8753, 0.000275687, 65.2936
2401, 40.01667, 2.8237, 3.58396, 4.85956, -124.121, 5.84354, 22.4138, 0.000135781, 56.7217, 0.00029935, -98.8267, 0.000274895, 65.3182
2402, 40.02500, 2.82053, 3.56636, 4.85283, -124.08, 5.82539, 22.4266, 0.000135644, 56.7421, 0.000298863, -98.7779, 0.000274105, 65.3435
2402, 40.03333, 2.81739, 3.54997, 4.84606, -124.039, 5.80731, 22.4403, 0.000135509, 56.763, 0.000298374, -98.7291, 0.000273317, 65.3697
2403, 40.04167, 2.81427, 3.53478, 4.83924, -123.998, 5.78929, 22.4549, 0.000135375, 56.7846, 0.000297886, -98.6802, 0.000272532, 65.3966
2403, 40.05000, 2.81117, 3.52079, 4.83238, -123.958, 5.77135, 22.4705, 0.000135242, 56.8068, 0.000297397, -98.6312, 0.000271749, 65.4242
2404, 40.05833, 2.8081, 3.50798, 4.82547, -123.917, 5.75348, 22.4871, 0.000135111, 56.8296, 0.000296908, -98.582, 0.000270969, 65.4527
2404, 40.06667, 2.80506, 3.49634, 4.81853, -123.876, 5.73568, 22.5046, 0.00013498, 56.8529, 0.000296418, -98.5327, 0.000270191, 65.4819
2405, 40.07500, 2.80205, 3.48587, 4.81154, -123.835, 5.71796, 22.523, 0.000134852, 56.8768, 0.000295928, -98.4834, 0.000269415, 65.5118
2405, 40.08333, 2.79907, 3.47655, 4.8045, -123.794, 5.70031, 22.5424, 0.000134724, 56.9012, 0.000295438, -98.4339, 0.000268643, 65.5425
2406, 40.09167, 2.79612, 3.46838, 4.79742, -123.753, 5.68273, 22.5627, 0.000134598, 56.9262, 0.000294947, -98.3843, 0.000267873, 65.5739
2406, 40.10000, 2.7932, 3.46133, 4.7903, -123.712, 5.66524, 22.5838, 0.000134474, 56.9517, 0.000294456, -98.3345, 0.000267105, 65.606
2407, 40.10833, 2.79031, 3.45541, 4.78314, -123.671, 5.64782, 22.6059, 0.00013435, 56.9777, 0.000293964, -98.2847, 0.000266341, 65.6389
2407, 40.11667, 2.78745, 3.45058, 4.77594, -123.63, 5.63048, 22.6288, 0.000134229, 57.0042, 0.000293473, -98.2347, 0.000265579, 65.6724
2408, 40.12500, 2.78463, 3.44685, 4.76869, -123.589, 5.61322, 22.6526, 0.000134108, 57.0312, 0.00029298, -98.1846, 0.00026482, 65.7067
2408, 40.13333, 2.78184, 3.4442, 4.7614, -123.547, 5.59605, 22.6773, 0.000133989, 57.0587, 0.000292488, -98.1343, 0.000264064, 65.7417
2409, 40.14167, 2.77908, 3.44262, 4.75406, -123.506, 5.57895, 22.7028, 0.000133872, 57.0866, 0.000291995, -98.084, 0.000263311, 65.7773
2409, 40.15000, 2.77636, 3.44208, 4.74669, -123.464, 5.56194, 22.7292, 0.000133756, 57.115, 0.000291501, -98.0335, 0.00026256, 65.8137
2410, 40.15833, 2.77368, 3.44258, 4.73927, -123.422, 5.54502, 22.7564, 0.000133642, 57.1439, 0.000291008, -97.9828, 0.000261813, 65.8507
2410, 40.16667, 2.77103, 3.44411, 4.73181, -123.38, 5.52818, 22.7844, 0.000133529, 57.1732, 0.000290514, -97.932, 0.000261068, 65.8883
2411, 40.17500, 2.76842, 3.44664, 4.72431, -123.338, 5.51142, 22.8132, 0.000133418, 57.2029, 0.000290019, -97.8811, 0.000260327, 65.9266
2411, 40.18333, 2.76585, 3.45016, 4.71676, -123.296, 5.49475, 22.8428, 0.000133308, 57.2329, 0.000289524, -97.83, 0.000259588, 65.9656
2412, 40.19167, 2.76332, 3.45465, 4.70918, -123.253, 5.47817, 22.8732, 0.000133199, 57.2634, 0.000289029, -97.7787, 0.000258853, 66.0052
2412, 40.20000, 2.76083, 3.46011, 4.70156, -123.21, 5.46168, 22.9043, 0.000133093, 57.2943, 0.000288533, -97.7273, 0.00025812, 66.0454
2413, 40.20833, 2.75838, 3.46651, 4.69389, -123.167, 5.44527, 22.9362, 0.000132987, 57.3256, 0.000288037, -97.6758, 0.000257391, 66.0862
2413, 40.21667, 2.75597, 3.47383, 4.68619, -123.124, 5.42895, 22.9689, 0.000132884, 57.3572, 0.000287541, -97.6241, 0.000256665, 66.1276
2414, 40.22500, 2.75359, 3.48207, 4.67844, -123.081, 5.41272, 23.0022, 0.000132781, 57.3891, 0.000287044, -97.5722, 0.000255942, 66.1696
2414, 40.23333, 2.75127, 3.49119, 4.67066, -123.037, 5.39658, 23.0363, 0.000132681, 57.4214, 0.000286547, -97.5202, 0.000255222, 66.2122
2415, 40.24167, 2.74898, 3.5012, 4.66284, -122.993, 5.38053, 23.0711, 0.000132582, 57.4539, 0.000286049, -97.468, 0.000254505, 66.2554
2415, 40.25000, 2.74673, 3.51206, 4.65498, -122.949, 5.36457, 23.1065, 0.000132484, 57.4868, 0.000285551, -97.4157, 0.000253791, 66.2991
2416, 40.25833, 2.74453, 3.52376, 4.64708, -122.904, 5.3487, 23.1427, 0.000132388, 57.52, 0.000285053, -97.3631, 0.00025308, 66.3434
2416, 40.26667, 2.74237, 3.53628, 4.63914, -122.859, 5.33292, 23.1795, 0.000132294, 57.5535, 0.000284554, -97.3104, 0.000252373, 66.3882
2417, 40.27500, 2.74026, 3.54961, 4.63117, -122.814, 5.31724, 23.2169, 0.000132201, 57.5872, 0.000284055, -97.2576, 0.000251669, 66.4335
2417, 40.28333, 2.73818, 3.56372, 4.62316, -122.769, 5.30164, 23.2549, 0.00013211, 57.6212, 0.000283556, -97.2045, 0.000250968, 66.4794
2418, 40.29167, 2.73616, 3.57861, 4.61511, -122.723, 5.28613, 23.2936, 0.00013202, 57.6554, 0.000283056, -97.1513, 0.00025027, 66.5258
2418, 40.30000, 2.73418, 3.59424, 4.60703, -122.677, 5.27072, 23.3329, 0.000131932, 57.6899, 0.000282556, -97.0978, 0.000249575, 66.5726
2419, 40.30833, 2.73224, 3.6106, 4.59891, -122.63, 5.2554, 23.3727, 0.000131846, 57.7246, 0.000282055, -97.0442, 0.000248884, 66.62
2419, 40.31667, 2.73035, 3.62768, 4.59076, -122.584, 5.24016, 23.4131, 0.000131761, 57.7595, 0.000281554, -96.9904, 0.000248195, 66.6678
2420, 40.32500, 2.7285, 3.64545, 4.58257, -122.536, 5.22502, 23.4541, 0.000131677, 57.7946, 0.000281053, -96.9364, 0.00024751, 66.7161
2420, 40.33333, 2.7267, 3.6639, 4.57435, -122.489, 5.20997, 23.4956, 0.000131595, 57.8298, 0.000280552, -96.8822, 0.000246828, 66.7648
2421, 40.34167, 2.72495, 3.683, 4.56609, -122.441, 5.19502, 23.5376, 0.000131515, 57.8653, 0.00028005, -96.8279, 0.00024615, 66.814
2421, 40.35000, 2.72324, 3.70274, 4.5578, -122.393, 5.18015, 23.5801, 0.000131436, 57.9009, 0.000279547, -96.7733, 0.000245474, 66.8636
2422, 40.35833, 2.72158, 3.7231, 4.54948, -122.344, 5.16537, 23.6231, 0.000131359, 57.9366, 0.000279045, -96.7185, 0.000244802, 66.9136
2422, 40.36667, 2.71996, 3.74407, 4.54113, -122.295, 5.15069, 23.6666, 0.000131283, 57.9725, 0.000278542, -96.6635, 0.000244132, 66.964
2423, 40.37500, 2.71839, 3.76561, 4.53275, -122.245, 5.13609, 23.7106, 0.000131209, 58.0085, 0.000278039, -96.6083, 0.000243466, 67.0148
2423, 40.38333, 2.71687, 3.78772, 4.52433, -122.195, 5.12159, 23.755, 0.000131136, 58.0446, 0.000277535, -96.5529, 0.000242803, 67.0661
2424, 40.39167, 2.7154, 3.81037, 4.51589, -122.145, 5.10717, 23.7998, 0.000131065, 58.0808, 0.000277031, -96.4972, 0.000242144, 67.1176
2424, 40.40000, 2.71397, 3.83355, 4.50741, -122.094, 5.09285, 23.8451, 0.000130995, 58.1172, 0.000276527, -96.4414, 0.000241487, 67.1696
2425, 40.40833, 2.71259, 3.85724, 4.49891, -122.043, 5.07861, 23.8907, 0.000130927, 58.1536, 0.000276022, -96.3853, 0.000240833, 67.2219
2425, 40.41667, 2.71126, 3.88141, 4.49038, -121.991, 5.06447, 23.9368, 0.00013086, 58.19, 0.000275517, -96.329, 0.000240183, 67.2745
2426, 40.42500, 2.70997, 3.90606, 4.48182, -121.939, 5.05041, 23.9832, 0.000130795, 58.2265, 0.000275012, -96.2725, 0.000239535, 67.3275
2426, 40.43333, 2.70874, 3.93115, 4.47323, -121.886, 5.03644, 24.0299, 0.000130731, 58.2631, 0.000274507, -96.2158, 0.000238891, 67.3808
2427, 40.44167, 2.70755, 3.95668, 4.46462, -121.833, 5.02256, 24.077, 0.000130669, 58.2997, 0.000274001, -96.1588, 0.00023825, 67.4344
2427, 40.45000, 2.7064, 3.98263, 4.45598, -121.78, 5.00876, 24.1245, 0.000130608, 58.3364, 0.000273495, -96.1016, 0.000237612, 67.4883
2428, 40.45833, 2.70531, 4.00897, 4.44731, -121.726, 4.99505, 24.1722, 0.000130549, 58.373, 0.000272989, -96.0442, 0.000236977, 67.5424
2428, 40.46667, 2.70426, 4.0357, 4.43862, -121.671, 4.98143, 24.2203, 0.000130491, 58.4097, 0.000272482, -95.9865, 0.000236344, 67.5969
2429, 40.47500, 2.70325, 4.06278, 4.4299, -121.616, 4.96789, 24.2686, 0.000130434, 58.4464, 0.000271975, -95.9286, 0.000235715, 67.6516
2429, 40.48333, 2.7023, 4.09021, 4.42116, -121.56, 4.95444, 24.3172, 0.000130379, 58.483, 0.000271468, -95.8704, 0.000235089, 67.7066
2430, 40.49167, 2.70139, 4.11797, 4.4124, -121.504, 4.94107, 24.366, 0.000130326, 58.5196, 0.00027096, -95.812, 0.000234465, 67.7619
2430, 40.50000, 2.70053, 4.14603, 4.40361, -121.447, 4.92779, 24.4151, 0.000130273, 58.5563, 0.000270453, -95.7534, 0.000233845, 67.8173
2431, 40.50833, 2.69972, 4.17438, 4.39481, -121.39, 4.91459, 24.4644, 0.000130222, 58.5928, 0.000269945, -95.6945, 0.000233228, 67.873
2431, 40.51667, 2.69895, 4.20302, 4.38598, -121.332, 4.90147, 24.514, 0.000130173, 58.6294, 0.000269437, -95.6353, 0.000232613, 67.9289
2432, 40.52500, 2.69823, 4.23191, 4.37713, -121.274, 4.88844, 24.5637, 0.000130124, 58.6658, 0.000268928, -95.5759, 0.000232001, 67.985
2432, 40.53333, 2.69755, 4.26104, 4.36826, -121.215, 4.87548, 24.6136, 0.000130078, 58.7022, 0.000268419, -95.5163, 0.000231392, 68.0413
2433, 40.54167, 2.69692, 4.2904, 4.35936, -121.155, 4.86261, 24.6637, 0.000130032, 58.7386, 0.00026791, -95.4563, 0.000230786, 68.0978
2433, 40.55000, 2.69634, 4.31996, 4.35046, -121.095, 4.84982, 24.7139, 0.000129988, 58.7748, 0.000267401, -95.3961, 0.000230183, 68.1545
2434, 40.55833, 2.6958, 4.34972, 4.34153, -121.035, 4.8371, 24.7643, 0.000129945, 58.811, 0.000266892, -95.3357, 0.000229582, 68.2114
2434, 40.56667, 2.69531, 4.37966, 4.33258, -120.973, 4.82446, 24.8148, 0.000129903, 58.8471, 0.000266382, -95.2749, 0.000228984, 68.2684
2435, 40.57500, 2.69487, 4.40975, 4.32362, -120.911, 4.8119, 24.8655, 0.000129863, 58.883, 0.000265873, -95.214, 0.000228389, 68.3255
2435, 40.58333, 2.69446, 4.44, 4.31464, -120.849, 4.79942, 24.9162, 0.000129824, 58.9189, 0.000265363, -95.1527, 0.000227796, 68.3828
2436, 40.59167, 2.69411, 4.47037, 4.30564, -120.786, 4.78701, 24.9671, 0.000129786, 58.9547, 0.000264853, -95.0911, 0.000227206, 68.4403
2436, 40.60000, 2.6938, 4.50086, 4.29663, -120.722, 4.77468, 25.018, 0.000129749, 58.9903, 0.000264342, -95.0293, 0.000226619, 68.4978
2437, 40.60833, 2.69353, 4.53146, 4.28761, -120.658, 4.76243, 25.069, 0.000129713, 59.0258, 0.000263832, -94.9672, 0.000226034, 68.5555
2437, 40.61667, 2.69331, 4.56214, 4.27856, -120.593, 4.75024, 25.12, 0.000129679, 59.0611, 0.000263321, -94.9048, 0.000225451, 68.6133
2438, 40.62500, 2.69313, 4.59289, 4.26951, -120.528, 4.73813, 25.1711, 0.000129646, 59.0963, 0.00026281, -94.8421, 0.000224872, 68.6711
2438, 40.63333, 2.69299, 4.6237, 4.26044, -120.461, 4.72609, 25.2223, 0.000129614, 59.1314, 0.000262299, -94.7792, 0.000224294, 68.7291
2439, 40.64167, 2.6929, 4.65456, 4.25136, -120.395, 4.71412, 25.2734, 0.000129584, 59.1663, 0.000261788, -94.7159, 0.00022372, 68.7871
2439, 40.65000, 2.69285, 4.68545, 4.24227, -120.327, 4.70223, 25.3246, 0.000129554, 59.201, 0.000261277, -94.6524, 0.000223147, 68.8453
2439, 40.65833, 2.69284, 4.71635, 4.23317, -120.259, 4.6904, 25.3758, 0.000129526, 59.2356, 0.000260765, -94.5885, 0.000222577, 68.9035
2440, 40.66667, 2.69288, 4.74727, 4.22405, -120.19, 4.67864, 25.4269, 0.000129498, 59.27, 0.000260253, -94.5244, 0.00022201, 68.9617
2441, 40.67500, 2.69296, 4.77817, 4.21493, -120.121, 4.66695, 25.4781, 0.000129472, 59.3043, 0.000259742, -94.4599, 0.000221444, 69.02
2441, 40.68333, 2.69307, 4.80906, 4.2058, -120.051, 4.65532, 25.5292, 0.000129447, 59.3383, 0.00025923, -94.3952, 0.000220881, 69.0784
2442, 40.69167, 2.69323, 4.83992, 4.19665, -119.98, 4.64376, 25.5802, 0.000129423, 59.3722, 0.000258718, -94.3301, 0.000220321, 69.1368
2442, 40.70000, 2.69344, 4.87073, 4.1875, -119.908, 4.63227, 25.6313, 0.0001294, 59.4058, 0.000258206, -94.2647, 0.000219762, 69.1952
2443, 40.70833, 2.69368, 4.90148, 4.17834, -119.836, 4.62084, 25.6822, 0.000129378, 59.4393, 0.000257694, -94.1991, 0.000219206, 69.2536
2443, 40.71667, 2.69396, 4.93218, 4.16917, -119.763, 4.60947, 25.7331, 0.000129357, 59.4725, 0.000257181, -94.1331, 0.000218652, 69.3121
2443, 40.72500, 2.69428, 4.96279, 4.16, -119.69, 4.59817, 25.7839, 0.000129337, 59.5056, 0.000256669, -94.0668, 0.0002181, 69.3706
2444, 40.73333, 2.69465, 4.99331, 4.15082, -119.616, 4.58692, 25.8347, 0.000129318, 59.5384, 0.000256157, -94.0001, 0.00021755, 69.4291
2445, 40.74167, 2.69505, 5.02374, 4.14163, -119.541, 4.57574, 25.8853, 0.0001293, 59.5711, 0.000255644, -93.9332, 0.000217002, 69.4876
2445, 40.75000, 2.69549, 5.05405, 4.13244, -119.465, 4.56462, 25.9358, 0.000129283, 59.6035, 0.000255131, -93.8659, 0.000216457, 69.5461
2446, 40.75833, 2.69597, 5.08425, 4.12325, -119.389, 4.55356, 25.9862, 0.000129268, 59.6357, 0.000254619, -93.7983, 0.000215913, 69.6045
2446, 40.76667, 2.69649, 5.11431, 4.11405, -119.312, 4.54255, 26.0365, 0.000129253, 59.6676, 0.000254106, -93.7304, 0.000215371, 69.663
2447, 40.77500, 2.69704, 5.14424, 4.10485, -119.234, 4.5316, 26.0866, 0.000129238, 59.6994, 0.000253593, -93.6621, 0.000214832, 69.7214
2447, 40.78333, 2.69764, 5.17401, 4.09564, -119.155, 4.52071, 26.1367, 0.000129225, 59.7309, 0.00025308, -93.5936, 0.000214294, 69.7798
2447, 40.79167, 2.69827, 5.20364, 4.08643, -119.076, 4.50987, 26.1865, 0.000129213, 59.7621, 0.000252568, -93.5246, 0.000213758, 69.8382
2448, 40.80000, 2.69893, 5.23309, 4.07722, -118.996, 4.49909, 26.2362, 0.000129202, 59.7931, 0.000252055, -93.4554, 0.000213224, 69.8965
2449, 40.80833, 2.69964, 5.26236, 4.06801, -118.915, 4.48836, 26.2858, 0.000129191, 59.8239, 0.000251542, -93.3858, 0.000212692, 69.9548
2449, 40.81667, 2.70037, 5.29146, 4.05879, -118.834, 4.47769, 26.3352, 0.000129182, 59.8545, 0.000251029, -93.3158, 0.000212161, 70.013
2450, 40.82500, 2.70115, 5.32036, 4.04958, -118.752, 4.46706, 26.3844, 0.000129173, 59.8847, 0.000250516, -93.2455, 0.000211633, 70.0712
2450, 40.83333, 2.70196, 5.34906, 4.04037, -118.669, 4.45649, 26.4334, 0.000129165, 59.9148, 0.000250003, -93.1749, 0.000211106, 70.1294
2451, 40.84167, 2.7028, 5.37756, 4.03115, -118.585, 4.44597, 26.4822, 0.000129158, 59.9446, 0.00024949, -93.1039, 0.000210581, 70.1874
2451, 40.85000, 2.70368, 5.40584, 4.02194, -118.501, 4.4355, 26.5308, 0.000129152, 59.9741, 0.000248977, -93.0326, 0.000210057, 70.2454
2451, 40.85833, 2.7046, 5.4339, 4.01273, -118.415, 4.42507, 26.5793, 0.000129146, 60.0034, 0.000248464, -92.9609, 0.000209535, 70.3034
2452, 40.86667, 2.70554, 5.46173, 4.00353, -118.329, 4.41469, 26.6275, 0.000129141, 60.0324, 0.000247951, -92.8888, 0.000209015, 70.3612
2453, 40.87500, 2.70653, 5.48932, 3.99432, -118.243, 4.40436, 26.6755, 0.000129137, 60.0611, 0.000247439, -92.8164, 0.000208496, 70.419
2453, 40.88333, 2.70754, 5.51667, 3.98512, -118.155, 4.39408, 26.7233, 0.000129134, 60.0896, 0.000246926, -92.7436, 0.000207979, 70.4767
2454, 40.89167, 2.70859, 5.54377, 3.97592, -118.067, 4.38384, 26.7708, 0.000129132, 60.1178, 0.000246413, -92.6705, 0.000207464, 70.5343
2454, 40.90000, 2.70966, 5.57062, 3.96673, -117.978, 4.37365, 26.8181, 0.00012913, 60.1458, 0.0002459, -92.597, 0.00020695, 70.5918
2455, 40.90833, 2.71077, 5.5972, 3.95754, -117.888, 4.3635, 26.8652, 0.000129129, 60.1735, 0.000245388, -92.5231, 0.000206437, 70.6492
2455, 40.91667, 2.71191, 5.62353, 3.94835, -117.797, 4.35339, 26.9121, 0.000129129, 60.2009, 0.000244875, -92.4488, 0.000205926, 70.7066
2455, 40.92500, 2.71309, 5.64957, 3.93917, -117.706, 4.34332, 26.9587, 0.000129129, 60.228, 0.000244363, -92.3742, 0.000205416, 70.7638
2456, 40.93333, 2.71429, 5.67534, 3.93, -117.613, 4.3333, 27.005, 0.00012913, 60.2549, 0.00024385, -92.2992, 0.000204908, 70.8209
2457, 40.94167, 2.71552, 5.70084, 3.92083, -117.52, 4.32331, 27.0511, 0.000129132, 60.2815, 0.000243338, -92.2238, 0.000204401, 70.8779
2457, 40.95000, 2.71679, 5.72604, 3.91167, -117.427, 4.31336, 27.0969, 0.000129135, 60.3078, 0.000242826, -92.148, 0.000203895, 70.9349
2458, 40.95833, 2.71808, 5.75095, 3.90252, -117.332, 4.30346, 27.1424, 0.000129138, 60.3339, 0.000242314, -92.0719, 0.000203391, 70.9917
2458, 40.96667, 2.7194, 5.77556, 3.89337, -117.236, 4.29359, 27.1877, 0.000129141, 60.3597, 0.000241802, -91.9953, 0.000202888, 71.0484
2459, 40.97500, 2.72075, 5.79988, 3.88423, -117.14, 4.28376, 27.2327, 0.000129146, 60.3852, 0.00024129, -91.9184, 0.000202386, 71.1049
2459, 40.98333, 2.72213, 5.82389, 3.87511, -117.043, 4.27396, 27.2775, 0.000129151, 60.4104, 0.000240778, -91.8411, 0.000201886, 71.1614
2459, 40.99167, 2.72354, 5.84759, 3.86599, -116.945, 4.2642, 27.3219, 0.000129156, 60.4353, 0.000240266, -91.7634, 0.000201386, 71.2177
2460, 41.00000, 2.72498, 5.87098, 3.85688, -116.846, 4.25448, 27.3661, 0.000129162, 60.46, 0.000239755, -91.6852, 0.000200888, 71.274
2461, 41.00833, 2.72644, 5.89405, 3.84778, -116.747, 4.24479, 27.4099, 0.000129169, 60.4844, 0.000239243, -91.6067, 0.000200391, 71.3301
2461, 41.01667, 2.72793, 5.91681, 3.83869, -116.647, 4.23513, 27.4535, 0.000129176, 60.5085, 0.000238732, -91.5278, 0.000199895, 71.386
2462, 41.02500, 2.72944, 5.93924, 3.82961, -116.545, 4.22551, 27.4968, 0.000129184, 60.5323, 0.000238221, -91.4485, 0.0001994, 71.4419
2462, 41.03333, 2.73099, 5.96134, 3.82054, -116.443, 4.21592, 27.5398, 0.000129192, 60.5559, 0.00023771, -91.3687, 0.000198906, 71.4976
2463, 41.04167, 2.73256, 5.98312, 3.81148, -116.34, 4.20636, 27.5824, 0.000129201, 60.5791, 0.000237199, -91.2886, 0.000198413, 71.5532
2463, 41.05000, 2.73415, 6.00457, 3.80244, -116.237, 4.19683, 27.6248, 0.000129211, 60.6021, 0.000236689, -91.208, 0.000197921, 71.6086
2463, 41.05833, 2.73577, 6.02568, 3.79341, -116.132, 4.18733, 27.6669, 0.000129221, 60.6248, 0.000236178, -91.1271, 0.000197431, 71.6639
2464, 41.06667, 2.73741, 6.04646, 3.78439, -116.027, 4.17786, 27.7086, 0.000129231, 60.6473, 0.000235668, -91.0457, 0.000196941, 71.7191
2465, 41.07500, 2.73908, 6.06689, 3.77539, -115.92, 4.16842, 27.7501, 0.000129242, 60.6694, 0.000235158, -90.9638, 0.000196452, 71.7741
2465, 41.08333, 2.74078, 6.08699, 3.7664, -115.813, 4.15901, 27.7912, 0.000129254, 60.6913, 0.000234648, -90.8816, 0.000195964, 71.829
2466, 41.09167, 2.74249, 6.10675, 3.75742, -115.705, 4.14962, 27.832, 0.000129265, 60.7129, 0.000234138, -90.7989, 0.000195477, 71.8838
2466, 41.10000, 2.74423, 6.12615, 3.74846, -115.597, 4.14026, 27.8724, 0.000129278, 60.7342, 0.000233629, -90.7158, 0.000194991, 71.9384
2467, 41.10833, 2.746, 6.14522, 3.73951, -115.487, 4.13093, 27.9126, 0.000129291, 60.7552, 0.00023312, -90.6323, 0.000194505, 71.9929
2467, 41.11667, 2.74778, 6.16393, 3.73057, -115.376, 4.12162, 27.9524, 0.000129304, 60.776, 0.000232611, -90.5483, 0.000194021, 72.0472
2467, 41.12500, 2.74959, 6.1823, 3.72166, -115.265, 4.11234, 27.9919, 0.000129318, 60.7964, 0.000232102, -90.464, 0.000193537, 72.1014
2468, 41.13333, 2.75142, 6.20031, 3.71276, -115.153, 4.10308, 28.0311, 0.000129332, 60.8166, 0.000231594, -90.3791, 0.000193054, 72.1555
2469, 41.14167, 2.75328, 6.21797, 3.70387, -115.039, 4.09384, 28.0699, 0.000129346, 60.8366, 0.000231085, -90.2938, 0.000192572, 72.2094
2469, 41.15000, 2.75515, 6.23528, 3.695, -114.925, 4.08463, 28.1084, 0.000129361, 60.8562, 0.000230577, -90.2081, 0.000192091, 72.2632
2470, 41.15833, 2.75705, 6.25223, 3.68615, -114.811, 4.07544, 28.1466, 0.000129377, 60.8756, 0.00023007, -90.1219, 0.00019161, 72.3168
2470, 41.16667, 2.75897, 6.26883, 3.67732, -114.695, 4.06628, 28.1845, 0.000129392, 60.8947, 0.000229562, -90.0353, 0.00019113, 72.3703
2471, 41.17500, 2.76091, 6.28507, 3.66851, -114.578, 4.05713, 28.2219, 0.000129409, 60.9135, 0.000229055, -89.9482, 0.00019065, 72.4236
2471, 41.18333, 2.76286, 6.30096, 3.65971, -114.461, 4.04801, 28.2591, 0.000129425, 60.932, 0.000228548, -89.8607, 0.000190172, 72.4768
2471, 41.19167, 2.76484, 6.31648, 3.65093, -114.342, 4.0389, 28.2959, 0.000129442, 60.9503, 0.000228041, -89.7727, 0.000189694, 72.5298
2472, 41.20000, 2.76684, 6.33165, 3.64217, -114.223, 4.02981, 28.3324, 0.000129459, 60.9683, 0.000227535, -89.6842, 0.000189216, 72.5827
2473, 41.20833, 2.76886, 6.34646, 3.63343, -114.102, 4.02075, 28.3685, 0.000129477, 60.986, 0.000227029, -89.5953, 0.000188739, 72.6354
2473, 41.21667, 2.7709, 6.36091, 3.62471, -113.981, 4.0117, 28.4043, 0.000129495, 61.0035, 0.000226523, -89.5059, 0.000188263, 72.688
2474, 41.22500, 2.77295, 6.375, 3.61601, -113.859, 4.00267, 28.4398, 0.000129513, 61.0206, 0.000226018, -89.4161, 0.000187787, 72.7405
2474, 41.23333, 2.77503, 6.38873, 3.60734, -113.736, 3.99366, 28.4749, 0.000129532, 61.0375, 0.000225513, -89.3257, 0.000187312, 72.7928
2475, 41.24167, 2.77712, 6.40211, 3.59868, -113.613, 3.98466, 28.5096, 0.000129551, 61.0542, 0.000225008, -89.2349, 0.000186837, 72.8449
2475, 41.25000, 2.77924, 6.41512, 3.59004, -113.488, 3.97568, 28.544, 0.00012957, 61.0706, 0.000224503, -89.1436, 0.000186363, 72.8969
2475, 41.25833, 2.78137, 6.42777, 3.58142, -113.362, 3.96672, 28.5781, 0.00012959, 61.0867, 0.000223999, -89.0518, 0.00018589, 72.9488
2476, 41.26667, 2.78351, 6.44007, 3.57283, -113.236, 3.95778, 28.6118, 0.000129609, 61.1025, 0.000223496, -88.9596, 0.000185416, 73.0005
2477, 41.27500, 2.78568, 6.452, 3.56426, -113.108, 3.94884, 28.6452, 0.00012963, 61.1181, 0.000222992, -88.8668, 0.000184944, 73.0521
2477, 41.28333, 2.78786, 6.46358, 3.55571, -112.98, 3.93993, 28.6782, 0.00012965, 61.1334, 0.000222489, -88.7736, 0.000184471, 73.1035
2478, 41.29167, 2.79006, 6.4748, 3.54719, -112.85, 3.93102, 28.7109, 0.000129671, 61.1485, 0.000221987, -88.6799, 0.000183999, 73.1548
2478, 41.30000, 2.79228, 6.48565, 3.53868, -112.72, 3.92213, 28.7432, 0.000129692, 61.1633, 0.000221484, -88.5856, 0.000183528, 73.2059
2479, 41.30833, 2.79451, 6.49616, 3.53021, -112.589, 3.91326, 28.7751, 0.000129713, 61.1778, 0.000220982, -88.4909, 0.000183057, 73.2569
2479, 41.31667, 2.79676, 6.5063, 3.52175, -112.457, 3.9044, 28.8067, 0.000129735, 61.1921, 0.000220481, -88.3957, 0.000182586, 73.3077
2479, 41.32500, 2.79902, 6.51609, 3.51332, -112.324, 3.89554, 28.838, 0.000129757, 61.2061, 0.00021998, -88.2999, 0.000182116, 73.3584
2480, 41.33333, 2.8013, 6.52552, 3.50491, -112.19, 3.88671, 28.8689, 0.000129779, 61.2198, 0.000219479, -88.2037, 0.000181646, 73.409
2481, 41.34167, 2.80359, 6.5346, 3.49653, -112.055, 3.87788, 28.8994, 0.000129801, 61.2333, 0.000218979, -88.1069, 0.000181176, 73.4594
2481, 41.35000, 2.8059, 6.54332, 3.48818, -111.919, 3.86906, 28.9296, 0.000129823, 61.2466, 0.000218479, -88.0096, 0.000180706, 73.5097
2482, 41.35833, 2.80823, 6.55169, 3.47985, -111.782, 3.86026, 28.9595, 0.000129846, 61.2596, 0.000217979, -87.9118, 0.000180237, 73.5598
2482, 41.36667, 2.81057, 6.55971, 3.47155, -111.645, 3.85146, 28.989, 0.000129869, 61.2723, 0.00021748, -87.8135, 0.000179768, 73.6098
2483, 41.37500, 2.81292, 6.56738, 3.46327, -111.506, 3.84268, 29.0181, 0.000129892, 61.2848, 0.000216982, -87.7147, 0.0001793, 73.6596
2483, 41.38333, 2.81529, 6.5747, 3.45502, -111.367, 3.8339, 29.0469, 0.000129916, 61.297, 0.000216484, -87.6153, 0.000178832, 73.7094
2483, 41.39167, 2.81768, 6.58166, 3.44679, -111.226, 3.82513, 29.0753, 0.00012994, 61.309, 0.000215986, -87.5154, 0.000178363, 73.7589
2484, 41.40000, 2.82007, 6.58828, 3.4386, -111.084, 3.81638, 29.1034, 0.000129963, 61.3208, 0.000215489, -87.415, 0.000177896, 73.8084
2485, 41.40833, 2.82248, 6.59455, 3.43043, -110.942, 3.80763, 29.1311, 0.000129987, 61.3323, 0.000214992, -87.314, 0.000177428, 73.8577
2485, 41.41667, 2.82491, 6.60047, 3.42229, -110.799, 3.79889, 29.1585, 0.000130012, 61.3435, 0.000214496, -87.2125, 0.00017696, 73.9069
2486, 41.42500, 2.82734, 6.60605, 3.41418, -110.654, 3.79015, 29.1855, 0.000130036, 61.3545, 0.000214, -87.1104, 0.000176493, 73.9559
2486, 41.43333, 2.82979, 6.61129, 3.40609, -110.509, 3.78143, 29.2122, 0.000130061, 61.3653, 0.000213504, -87.0078, 0.000176026, 74.0048
2487, 41.44167, 2.83226, 6.61618, 3.39804, -110.363, 3.77271, 29.2385, 0.000130086, 61.3758, 0.00021301, -86.9047, 0.000175559, 74.0536
2487, 41.45000, 2.83473, 6.62073, 3.39001, -110.216, 3.764, 29.2645, 0.000130111, 61.3861, 0.000212515, -86.801, 0.000175092, 74.1022
2487, 41.45833, 2.83722, 6.62494, 3.38202, -110.067, 3.75529, 29.2901, 0.000130136, 61.3961, 0.000212022, -86.6967, 0.000174625, 74.1507
2488, 41.46667, 2.83972, 6.62882, 3.37405, -109.918, 3.74659, 29.3153, 0.000130161, 61.4059, 0.000211528, -86.5919, 0.000174159, 74.1991
2489, 41.47500, 2.84223, 6.63235, 3.36612, -109.768, 3.7379, 29.3402, 0.000130187, 61.4155, 0.000211035, -86.4865, 0.000173692, 74.2474
2489, 41.48333, 2.84476, 6.63555, 3.35821, -109.617, 3.72921, 29.3648, 0.000130212, 61.4248, 0.000210543, -86.3805, 0.000173226, 74.2955
2490, 41.49167, 2.84729, 6.63842, 3.35034, -109.465, 3.72053, 29.3889, 0.000130238, 61.4339, 0.000210051, -86.274, 0.00017276, 74.3435
2490, 41.50000, 2.84984, 6.64095, 3.3425, -109.312, 3.71185, 29.4128, 0.000130264, 61.4427, 0.00020956, -86.1669, 0.000172294, 74.3914
2491, 41.50833, 2.8524, 6.64315, 3.33469, -109.158, 3.70317, 29.4363, 0.00013029, 61.4514, 0.00020907, -86.0592, 0.000171828, 74.4392
2491, 41.51667, 2.85497, 6.64502, 3.32691, -109.003, 3.6945, 29.4594, 0.000130316, 61.4598, 0.00020858, -85.9509, 0.000171361, 74.4868
2491, 41.52500, 2.85755, 6.64656, 3.31916, -108.847, 3.68584, 29.4822, 0.000130343, 61.4679, 0.00020809, -85.8421, 0.000170895, 74.5344
2492, 41.53333, 2.86014, 6.64778, 3.31145, -108.69, 3.67718, 29.5046, 0.000130369, 61.4759, 0.000207601, -85.7327, 0.000170429, 74.5818
2493, 41.54167, 2.86275, 6.64867, 3.30377, -108.532, 3.66852, 29.5267, 0.000130396, 61.4836, 0.000207113, -85.6226, 0.000169963, 74.6291
2493, 41.55000, 2.86536, 6.64923, 3.29612, -108.373, 3.65986, 29.5485, 0.000130423, 61.4911, 0.000206625, -85.512, 0.000169498, 74.6762
2494, 41.55833, 2.86798, 6.64948, 3.2885, -108.213, 3.65121, 29.5698, 0.000130449, 61.4983, 0.000206138, -85.4008, 0.000169032, 74.7233
2494, 41.56667, 2.87062, 6.6494, 3.28092, -108.053, 3.64256, 29.5909, 0.000130476, 61.5054, 0.000205652, -85.289, 0.000168566, 74.7702
2495, 41.57500, 2.87326, 6.649, 3.27338, -107.891, 3.63391, 29.6116, 0.000130504, 61.5122, 0.000205166, -85.1765, 0.0001681, 74.8171
2495, 41.58333, 2.87591, 6.64829, 3.26586, -107.728, 3.62527, 29.6319, 0.000130531, 61.5188, 0.000204681, -85.0635, 0.000167634, 74.8638
2495, 41.59167, 2.87858, 6.64726, 3.25838, -107.564, 3.61662, 29.6519, 0.000130558, 61.5252, 0.000204196, -84.9499, 0.000167168, 74.9104
2496, 41.60000, 2.88125, 6.64591, 3.25094, -107.399, 3.60798, 29.6715, 0.000130586, 61.5313, 0.000203712, -84.8356, 0.000166702, 74.9569
2497, 41.60833, 2.88393, 6.64425, 3.24354, -107.234, 3.59934, 29.6908, 0.000130613, 61.5372, 0.000203229, -84.7207, 0.000166235, 75.0033
2497, 41.61667, 2.88663, 6.64228, 3.23616, -107.067, 3.5907, 29.7097, 0.000130641, 61.543, 0.000202746, -84.6052, 0.000165769, 75.0496
2498, 41.62500, 2.88933, 6.64001, 3.22883, -106.899, 3.58206, 29.7283, 0.000130669, 61.5485, 0.000202264, -84.4891, 0.000165303, 75.0958
2498, 41.63333, 2.89204, 6.63742, 3.22153, -106.73, 3.57342, 29.7466, 0.000130696, 61.5538, 0.000201783, -84.3723, 0.000164837, 75.1419
2499, 41.64167, 2.89476, 6.63453, 3.21427, -106.56, 3.56479, 29.7645, 0.000130724, 61.5589, 0.000201302, -84.2549, 0.00016437, 75.1879
2499, 41.65000, 2.89749, 6.63133, 3.20704, -106.39, 3.55615, 29.782, 0.000130752, 61.5637, 0.000200823, -84.1369, 0.000163904, 75.2338
2499, 41.65833, 2.90022, 6.62783, 3.19985, -106.218, 3.54751, 29.7992, 0.00013078, 61.5684, 0.000200343, -84.0182, 0.000163437, 75.2796
2500, 41.66667, 2.90297, 6.62403, 3.1927, -106.045, 3.53887, 29.8161, 0.000130809, 61.5728, 0.000199865, -83.8988, 0.000162971, 75.3253
2501, 41.67500, 2.90572, 6.61993, 3.18559, -105.872, 3.53024, 29.8326, 0.000130837, 61.5771, 0.000199387, -83.7789, 0.000162504, 75.3709
2501, 41.68333, 2.90849, 6.61554, 3.17852, -105.697, 3.5216, 29.8487, 0.000130865, 61.5811, 0.00019891, -83.6582, 0.000162037, 75.4165
2502, 41.69167, 2.91126, 6.61084, 3.17148, -105.521, 3.51296, 29.8646, 0.000130894, 61.5849, 0.000198434, -83.537, 0.00016157, 75.4619
2502, 41.70000, 2.91403, 6.60586, 3.16448, -105.344, 3.50432, 29.88, 0.000130922, 61.5886, 0.000197958, -83.415, 0.000161103, 75.5072
2503, 41.70833, 2.91682, 6.60058, 3.15752, -105.167, 3.49568, 29.8951, 0.000130951, 61.592, 0.000197483, -83.2924, 0.000160635, 75.5525
2503, 41.71667, 2.91962, 6.59501, 3.1506, -104.988, 3.48704, 29.9099, 0.000130979, 61.5952, 0.000197009, -83.1691, 0.000160168, 75.5977
2503, 41.72500, 2.92242, 6.58915, 3.14373, -104.808, 3.4784, 29.9244, 0.000131008, 61.5982, 0.000196536, -83.0452, 0.0001597, 75.6428
2504, 41.73333, 2.92523, 6.583, 3.13689, -104.628, 3.46975, 29.9384, 0.000131037, 61.601, 0.000196063, -82.9205, 0.000159232, 75.6878
2505, 41.74167, 2.92804, 6.57657, 3.13009, -104.446, 3.4611, 29.9522, 0.000131066, 61.6037, 0.000195592, -82.7952, 0.000158764, 75.7327
2505, 41.75000, 2.93087, 6.56985, 3.12333, -104.263, 3.45245, 29.9656, 0.000131094, 61.6061, 0.000195121, -82.6692, 0.000158296, 75.7775
2506, 41.75833, 2.9337, 6.56285, 3.11662, -104.08, 3.4438, 29.9786, 0.000131123, 61.6083, 0.000194651, -82.5426, 0.000157828, 75.8223
2506, 41.76667, 2.93654, 6.55557, 3.10994, -103.895, 3.43515, 29.9914, 0.000131152, 61.6103, 0.000194181, -82.4152, 0.000157359, 75.867
2507, 41.77500, 2.93939, 6.54801, 3.10331, -103.709, 3.42649, 30.0037, 0.000131181, 61.6122, 0.000193713, -82.2871, 0.00015689, 75.9116
2507, 41.78333, 2.94224, 6.54018, 3.09672, -103.523, 3.41784, 30.0157, 0.00013121, 61.6138, 0.000193245, -82.1584, 0.000156421, 75.9562
2508, 41.79167, 2.9451, 6.53206, 3.09017, -103.335, 3.40917, 30.0274, 0.00013124, 61.6153, 0.000192778, -82.0289, 0.000155952, 76.0007
2508, 41.80000, 2.94797, 6.52368, 3.08366, -103.147, 3.40051, 30.0387, 0.000131269, 61.6165, 0.000192312, -81.8987, 0.000155483, 76.0451
2509, 41.80833, 2.95084, 6.51502, 3.0772, -102.957, 3.39184, 30.0497, 0.000131298, 61.6176, 0.000191847, -81.7678, 0.000155013, 76.0894
2509, 41.81667, 2.95372, 6.50609, 3.07078, -102.766, 3.38317, 30.0604, 0.000131327, 61.6185, 0.000191383, -81.6362, 0.000154544, 76.1337
2510, 41.82500, 2.95661, 6.49689, 3.0644, -102.575, 3.3745, 30.0707, 0.000131356, 61.6191, 0.00019092, -81.5039, 0.000154074, 76.1779
2510, 41.83333, 2.9595, 6.48743, 3.05807, -102.382, 3.36582, 30.0806, 0.000131386, 61.6196, 0.000190457, -81.3708, 0.000153603, 76.2221
2511, 41.84167, 2.9624, 6.4777, 3.05178, -102.189, 3.35714, 30.0902, 0.000131415, 61.62, 0.000189996, -81.237, 0.000153133, 76.2662
2511, 41.85000, 2.9653, 6.4677, 3.04553, -101.994, 3.34846, 30.0995, 0.000131444, 61.6201, 0.000189535, -81.1025, 0.000152662, 76.3102
2512, 41.85833, 2.96822, 6.45745, 3.03933, -101.799, 3.33977, 30.1084, 0.000131474, 61.62, 0.000189076, -80.9673, 0.000152191, 76.3542
2512, 41.86667, 2.97113, 6.44693, 3.03318, -101.602, 3.33108, 30.117, 0.000131503, 61.6198, 0.000188617, -80.8313, 0.00015172, 76.3981
2513, 41.87500, 2.97406, 6.43615, 3.02707, -101.404, 3.32238, 30.1252, 0.000131533, 61.6194, 0.000188159, -80.6946, 0.000151248, 76.442
2513, 41.88333, 2.97699, 6.42512, 3.02101, -101.206, 3.31368, 30.1331, 0.000131562, 61.6188, 0.000187702, -80.5571, 0.000150776, 76.4859
2514, 41.89167, 2.97992, 6.41383, 3.01499, -101.007, 3.30497, 30.1407, 0.000131592, 61.618, 0.000187246, -80.4189, 0.000150304, 76.5296
2514, 41.90000, 2.98286, 6.40228, 3.00902, -100.806, 3.29626, 30.1479, 0.000131621, 61.617, 0.000186791, -80.2799, 0.000149832, 76.5734
2515, 41.90833, 2.98581, 6.39048, 3.0031, -100.605, 3.28755, 30.1547, 0.000131651, 61.6159, 0.000186337, -80.1402, 0.000149359, 76.6171
2515, 41.91667, 2.98876, 6.37843, 2.99722, -100.402, 3.27883, 30.1612, 0.00013168, 61.6146, 0.000185884, -79.9996, 0.000148887, 76.6607
2516, 41.92500, 2.99172, 6.36614, 2.99139, -100.199, 3.27011, 30.1674, 0.00013171, 61.6131, 0.000185432, -79.8584, 0.000148413, 76.7043
2516, 41.93333, 2.99469, 6.35359, 2.98561, -99.9949, 3.26138, 30.1732, 0.00013174, 61.6114, 0.000184981, -79.7163, 0.00014794, 76.7479
2517, 41.94167, 2.99765, 6.3408, 2.97987, -99.7896, 3.25264, 30.1787, 0.000131769, 61.6095, 0.000184532, -79.5735, 0.000147466, 76.7914
2517, 41.95000, 3.00063, 6.32776, 2.97418, -99.5834, 3.24391, 30.1838, 0.000131799, 61.6075, 0.000184083, -79.4299, 0.000146992, 76.8349
2518, 41.95833, 3.00361, 6.31448, 2.96855, -99.3763, 3.23516, 30.1886, 0.000131828, 61.6053, 0.000183635, -79.2855, 0.000146518, 76.8784
2518, 41.96667, 3.00659, 6.30095, 2.96296, -99.1682, 3.22641, 30.193, 0.000131858, 61.6029, 0.000183188, -79.1403, 0.000146043, 76.9218
2519, 41.97500, 3.00958, 6.28719, 2.95742, -98.9591, 3.21766, 30.1971, 0.000131888, 61.6004, 0.000182742, -78.9944, 0.000145568, 76.9652
2519, 41.98333, 3.01258, 6.27319, 2.95193, -98.7491, 3.2089, 30.2008, 0.000131918, 61.5977, 0.000182298, -78.8476, 0.000145093, 77.0086
2520, 41.99167, 3.01558, 6.25895, 2.94649, -98.5382, 3.20013, 30.2042, 0.000131947, 61.5948, 0.000181854, -78.7, 0.000144617, 77.0519
2520, 42.00000, 3.01858, 6.24447, 2.94109, -98.3263, 3.19136, 30.2073, 0.000131977, 61.5917, 0.000181412, -78.5516, 0.000144141, 77.0953
2521, 42.00833, 3.02159, 6.22976, 2.93575, -98.1135, 3.18258, 30.21, 0.000132007, 61.5885, 0.000180971, -78.4025, 0.000143665, 77.1386
2521, 42.01667, 3.02461, 6.21482, 2.93046, -97.8998, 3.1738, 30.2123, 0.000132036, 61.5851, 0.00018053, -78.2525, 0.000143188, 77.1819
2522, 42.02500, 3.02763, 6.19964, 2.92522, -97.6851, 3.16501, 30.2143, 0.000132066, 61.5816, 0.000180091, -78.1016, 0.000142711, 77.2252
2522, 42.03333, 3.03065, 6.18424, 2.92004, -97.4695, 3.15621, 30.2159, 0.000132096, 61.5778, 0.000179653, -77.95, 0.000142234, 77.2684
2523, 42.04167, 3.03368, 6.1686, 2.9149, -97.253, 3.14741, 30.2172, 0.000132125, 61.574, 0.000179217, -77.7975, 0.000141756, 77.3117
2523, 42.05000, 3.03671, 6.15274, 2.90982, -97.0356, 3.1386, 30.2181, 0.000132155, 61.5699, 0.000178781, -77.6443, 0.000141279, 77.3549
2524, 42.05833, 3.03975, 6.13665, 2.90478, -96.8173, 3.12979, 30.2187, 0.000132185, 61.5657, 0.000178347, -77.4901, 0.0001408, 77.3981
2524, 42.06667, 3.04279, 6.12034, 2.8998, -96.5981, 3.12097, 30.2189, 0.000132215, 61.5613, 0.000177914, -77.3352, 0.000140322, 77.4413
2525, 42.07500, 3.04584, 6.10381, 2.89488, -96.378, 3.11214, 30.2188, 0.000132244, 61.5568, 0.000177482, -77.1794, 0.000139843, 77.4846
2525, 42.08333, 3.04889, 6.08705, 2.89, -96.157, 3.10331, 30.2183, 0.000132274, 61.5521, 0.000177051, -77.0227, 0.000139363, 77.5278
2526, 42.09167, 3.05194, 6.07007, 2.88518, -95.935, 3.09447, 30.2175, 0.000132304, 61.5472, 0.000176621, -76.8652, 0.000138884, 77.571
2526, 42.10000, 3.055, 6.05288, 2.88041, -95.7123, 3.08562, 30.2162, 0.000132333, 61.5422, 0.000176193, -76.7069, 0.000138403, 77.6142
2527, 42.10833, 3.05807, 6.03546, 2.8757, -95.4886, 3.07677, 30.2147, 0.000132363, 61.537, 0.000175766, -76.5477, 0.000137923, 77.6574
2527, 42.11667, 3.06113, 6.01783, 2.87104, -95.2641, 3.06791, 30.2128, 0.000132393, 61.5316, 0.00017534, -76.3876, 0.000137442, 77.7006
2528, 42.12500, 3.06421, 5.99999, 2.86643, -95.0387, 3.05904, 30.2105, 0.000132422, 61.5261, 0.000174916, -76.2266, 0.000136961, 77.7439
2528, 42.13333, 3.06728, 5.98193, 2.86188, -94.8125, 3.05017, 30.2078, 0.000132452, 61.5205, 0.000174493, -76.0648, 0.00013648, 77.7871
2529, 42.14167, 3.07036, 5.96366, 2.85739, -94.5854, 3.04129, 30.2048, 0.000132482, 61.5146, 0.000174071, -75.9021, 0.000135998, 77.8304
2529, 42.15000, 3.07344, 5.94518, 2.85295, -94.3574, 3.0324, 30.2015, 0.000132511, 61.5087, 0.00017365, -75.7386, 0.000135515, 77.8736
2530, 42.15833, 3.07653, 5.92648, 2.84856, -94.1287, 3.02351, 30.1977, 0.000132541, 61.5025, 0.000173231, -75.5742, 0.000135033, 77.9169
2530, 42.16667, 3.07962, 5.90758, 2.84423, -93.899, 3.01461, 30.1936, 0.000132571, 61.4963, 0.000172813, -75.4088, 0.00013455, 77.9603
2531, 42.17500, 3.08272, 5.88847, 2.83996, -93.6686, 3.0057, 30.1891, 0.0001326, 61.4898, 0.000172397, -75.2426, 0.000134066, 78.0036
2531, 42.18333, 3.08582, 5.86916, 2.83574, -93.4373, 2.99678, 30.1843, 0.00013263, 61.4832, 0.000171982, -75.0755, 0.000133582, 78.0469
2532, 42.19167, 3.08892, 5.84964, 2.83158, -93.2053, 2.98786, 30.1791, 0.000132659, 61.4765, 0.000171568, -74.9075, 0.000133098, 78.0903
2532, 42.20000, 3.09203, 5.82992, 2.82748, -92.9724, 2.97893, 30.1735, 0.000132689, 61.4696, 0.000171156, -74.7386, 0.000132613, 78.1337
2533, 42.20833, 3.09514, 5.81, 2.82343, -92.7387, 2.96999, 30.1676, 0.000132718, 61.4625, 0.000170745, -74.5688, 0.000132128, 78.1772
2533, 42.21667, 3.09825, 5.78987, 2.81944, -92.5042, 2.96104, 30.1612, 0.000132748, 61.4553, 0.000170336, -74.398, 0.000131643, 78.2207
2534, 42.22500, 3.10137, 5.76954, 2.81551, -92.269, 2.95209, 30.1545, 0.000132777, 61.448, 0.000169928, -74.2264, 0.000131157, 78.2642
2534, 42.23333, 3.10449, 5.74902, 2.81164, -92.033, 2.94313, 30.1474, 0.000132807, 61.4405, 0.000169521, -74.0538, 0.000130671, 78.3078
2535, 42.24167, 3.10762, 5.72829, 2.80783, -91.7962, 2.93416, 30.14, 0.000132836, 61.4328, 0.000169116, -73.8804, 0.000130184, 78.3514
2535, 42.25000, 3.11075, 5.70738, 2.80407, -91.5587, 2.92518, 30.1322, 0.000132866, 61.425, 0.000168712, -73.706, 0.000129697, 78.395
2536, 42.25833, 3.11388, 5.68626, 2.80037, -91.3204, 2.9162, 30.1239, 0.000132895, 61.4171, 0.00016831, -73.5307, 0.00012921, 78.4387
2536, 42.26667, 3.11701, 5.66495, 2.79673, -91.0814, 2.90721, 30.1153, 0.000132925, 61.409, 0.000167909, -73.3544, 0.000128722, 78.4824
2537, 42.27500, 3.12015, 5.64345, 2.79315, -90.8417, 2.89821, 30.1063, 0.000132954, 61.4007, 0.00016751, -73.1772, 0.000128234, 78.5262
2537, 42.28333, 3.12329, 5.62176, 2.78963, -90.6012, 2.8892, 30.097, 0.000132983, 61.3923, 0.000167113, -72.9991, 0.000127745, 78.5701
2538, 42.29167, 3.12644, 5.59987, 2.78617, -90.36, 2.88019, 30.0872, 0.000133013, 61.3838, 0.000166717, -72.82, 0.000127256, 78.614
2538, 42.30000, 3.12959, 5.5778, 2.78277, -90.1181, 2.87117, 30.077, 0.000133042, 61.3751, 0.000166322, -72.64, 0.000126767, 78.658
2539, 42.30833, 3.13274, 5.55553, 2.77943, -89.8756, 2.86214, 30.0665, 0.000133071, 61.3663, 0.00016593, -72.4591, 0.000126277, 78.702
2539, 42.31667, 3.13589, 5.53308, 2.77615, -89.6323, 2.8531, 30.0555, 0.0001331, 61.3573, 0.000165538, -72.2771, 0.000125787, 78.7461
2540, 42.32500, 3.13905, 5.51045, 2.77293, -89.3884, 2.84405, 30.0442, 0.00013313, 61.3482, 0.000165149, -72.0943, 0.000125296, 78.7902
2540, 42.33333, 3.14221, 5.48762, 2.76978, -89.1438, 2.835, 30.0324, 0.000133159, 61.3389, 0.000164761, -71.9105, 0.000124805, 78.8345
2541, 42.34167, 3.14538, 5.46461, 2.76668, -88.8985, 2.82593, 30.0203, 0.000133188, 61.3295, 0.000164374, -71.7257, 0.000124313, 78.8788
2541, 42.35000, 3.14854, 5.44142, 2.76364, -88.6526, 2.81686, 30.0078, 0.000133217, 61.32, 0.00016399, -71.54, 0.000123821, 78.9232
2542, 42.35833, 3.15171, 5.41805, 2.76067, -88.4061, 2.80779, 29.9948, 0.000133246, 61.3103, 0.000163607, -71.3533, 0.000123329, 78.9676
2542, 42.36667, 3.15489, 5.39449, 2.75776, -88.1589, 2.7987, 29.9814, 0.000133275, 61.3004, 0.000163225, -71.1656, 0.000122836, 79.0122
2543, 42.37500, 3.15806, 5.37076, 2.75491, -87.9111, 2.7896, 29.9677, 0.000133304, 61.2905, 0.000162846, -70.9769, 0.000122342, 79.0568
2543, 42.38333, 3.16124, 5.34684, 2.75212, -87.6628, 2.7805, 29.9535, 0.000133333, 61.2803, 0.000162468, -70.7873, 0.000121849, 79.1015
2544, 42.39167, 3.16443, 5.32275, 2.74939, -87.4138, 2.77139, 29.9389, 0.000133362, 61.2701, 0.000162092, -70.5967, 0.000121355, 79.1463
2544, 42.40000, 3.16761, 5.29848, 2.74673, -87.1643, 2.76227, 29.9239, 0.000133391, 61.2597, 0.000161717, -70.4051, 0.00012086, 79.1912
2545, 42.40833, 3.1708, 5.27403, 2.74413, -86.9142, 2.75314, 29.9084, 0.00013342, 61.2492, 0.000161345, -70.2125, 0.000120365, 79.2362
2545, 42.41667, 3.17399, 5.2494, 2.74159, -86.6635, 2.74401, 29.8926, 0.000133449, 61.2385, 0.000160974, -70.019, 0.000119869, 79.2813
2546, 42.42500, 3.17719, 5.2246, 2.73911, -86.4123, 2.73486, 29.8763, 0.000133478, 61.2277, 0.000160605, -69.8244, 0.000119374, 79.3266
2546, 42.43333, 3.18038, 5.19963, 2.7367, -86.1606, 2.72571, 29.8596, 0.000133507, 61.2167, 0.000160238, -69.6289, 0.000118877, 79.3719
2547, 42.44167, 3.18358, 5.17448, 2.73436, -85.9083, 2.71655, 29.8424, 0.000133536, 61.2056, 0.000159872, -69.4324, 0.00011838, 79.4173
2547, 42.45000, 3.18678, 5.14917, 2.73207, -85.6555, 2.70738, 29.8248, 0.000133565, 61.1944, 0.000159509, -69.2348, 0.000117883, 79.4628
2548, 42.45833, 3.18999, 5.12368, 2.72985, -85.4023, 2.6982, 29.8068, 0.000133593, 61.183, 0.000159147, -69.0363, 0.000117385, 79.5085
2548, 42.46667, 3.1932, 5.09802, 2.7277, -85.1485, 2.68901, 29.7883, 0.000133622, 61.1715, 0.000158787, -68.8368, 0.000116887, 79.5543
2549, 42.47500, 3.19641, 5.07219, 2.7256, -84.8943, 2.67982, 29.7694, 0.000133651, 61.1599, 0.000158429, -68.6363, 0.000116389, 79.6002
2549, 42.48333, 3.19962, 5.0462, 2.72358, -84.6396, 2.67062, 29.7501, 0.000133679, 61.1481, 0.000158073, -68.4347, 0.00011589, 79.6462
2550, 42.49167, 3.20284, 5.02003, 2.72161, -84.3844, 2.6614, 29.7303, 0.000133708, 61.1362, 0.000157719, -68.2322, 0.00011539, 79.6924
2550, 42.50000, 3.20606, 4.9937, 2.71972, -84.1289, 2.65218, 29.71, 0.000133737, 61.1241, 0.000157367, -68.0287, 0.00011489, 79.7387
2551, 42.50833, 3.20928, 4.9672, 2.71788, -83.8729, 2.64296, 29.6893, 0.000133765, 61.1119, 0.000157017, -67.8241, 0.00011439, 79.7851
2551, 42.51667, 3.2125, 4.94054, 2.71611, -83.6165, 2.63372, 29.6681, 0.000133794, 61.0996, 0.000156668, -67.6185, 0.000113889, 79.8317
2552, 42.52500, 3.21573, 4.91371, 2.71441, -83.3597, 2.62447, 29.6465, 0.000133822, 61.0872, 0.000156322, -67.412, 0.000113388, 79.8784
2552, 42.53333, 3.21896, 4.88672, 2.71277, -83.1025, 2.61522, 29.6244, 0.00013385, 61.0746, 0.000155978, -67.2044, 0.000112886, 79.9253
2553, 42.54167, 3.22219, 4.85957, 2.7112, -82.8449, 2.60596, 29.6018, 0.000133879, 61.0618, 0.000155636, -66.9957, 0.000112384, 79.9723
2553, 42.55000, 3.22542, 4.83225, 2.70969, -82.587, 2.59668, 29.5788, 0.000133907, 61.049, 0.000155296, -66.7861, 0.000111881, 80.0195
2554, 42.55833, 3.22866, 4.80478, 2.70825, -82.3288, 2.58741, 29.5552, 0.000133935, 61.036, 0.000154958, -66.5755, 0.000111378, 80.0668
2554, 42.56667, 3.2319, 4.77714, 2.70688, -82.0702, 2.57812, 29.5312, 0.000133964, 61.0229, 0.000154622, -66.3638, 0.000110874, 80.1144
2555, 42.57500, 3.23514, 4.74934, 2.70557, -81.8113, 2.56882, 29.5067, 0.000133992, 61.0096, 0.000154288, -66.1511, 0.00011037, 80.1621
2555, 42.58333, 3.23838, 4.72139, 2.70432, -81.5521, 2.55951, 29.4817, 0.00013402, 60.9962, 0.000153956, -65.9374, 0.000109866, 80.2099
2556, 42.59167, 3.24163, 4.69328, 2.70315, -81.2926, 2.5502, 29.4563, 0.000134048, 60.9827, 0.000153626, -65.7227, 0.000109361, 80.2579
2556, 42.60000, 3.24488, 4.66501, 2.70204, -81.0328, 2.54088, 29.4303, 0.000134076, 60.9691, 0.000153299, -65.5069, 0.000108855, 80.3062
2557, 42.60833, 3.24813, 4.63658, 2.70099, -80.7728, 2.53154, 29.4038, 0.000134104, 60.9553, 0.000152974, -65.2902, 0.000108349, 80.3546
2557, 42.61667, 3.25138, 4.60799, 2.70001, -80.5125, 2.5222, 29.3768, 0.000134133, 60.9414, 0.00015265, -65.0724, 0.000107843, 80.4032
2558, 42.62500, 3.25464, 4.57926, 2.6991, -80.252, 2.51286, 29.3493, 0.000134161, 60.9273, 0.00015233, -64.8536, 0.000107336, 80.452
2558, 42.63333, 3.2579, 4.55037, 2.69826, -79.9913, 2.5035, 29.3212, 0.000134188, 60.9131, 0.000152011, -64.6337, 0.000106829, 80.501
2559, 42.64167, 3.26116, 4.52132, 2.69748, -79.7304, 2.49413, 29.2927, 0.000134216, 60.8988, 0.000151694, -64.4128, 0.000106321, 80.5502
2559, 42.65000, 3.26442, 4.49212, 2.69677, -79.4693, 2.48476, 29.2636, 0.000134244, 60.8844, 0.00015138, -64.191, 0.000105813, 80.5996
2560, 42.65833, 3.26769, 4.46277, 2.69612, -79.208, 2.47537, 29.234, 0.000134272, 60.8698, 0.000151068, -63.9681, 0.000105304, 80.6492
2560, 42.66667, 3.27095, 4.43326, 2.69554, -78.9465, 2.46598, 29.2038, 0.0001343, 60.8551, 0.000150759, -63.7441, 0.000104795, 80.6991
2561, 42.67500, 3.27422, 4.40361, 2.69503, -78.6849, 2.45658, 29.1732, 0.000134328, 60.8403, 0.000150451, -63.5191, 0.000104285, 80.7492
2561, 42.68333, 3.2775, 4.3738, 2.69459, -78.4232, 2.44717, 29.1419, 0.000134355, 60.8253, 0.000150146, -63.2932, 0.000103775, 80.7995
2562, 42.69167, 3.28077, 4.34384, 2.69421, -78.1613, 2.43775, 29.1101, 0.000134383, 60.8102, 0.000149843, -63.0662, 0.000103264, 80.85
2562, 42.70000, 3.28405, 4.31374, 2.6939, -77.8993, 2.42832, 29.0778, 0.00013441, 60.795, 0.000149543, -62.8382, 0.000102753, 80.9008
2563, 42.70833, 3.28732, 4.28349, 2.69366, -77.6373, 2.41889, 29.0449, 0.000134438, 60.7797, 0.000149245, -62.6091, 0.000102242, 80.9519
2563, 42.71667, 3.29061, 4.25309, 2.69348, -77.3751, 2.40944, 29.0114, 0.000134466, 60.7642, 0.00014895, -62.3791, 0.00010173, 81.0031
2564, 42.72500, 3.29389, 4.22254, 2.69337, -77.113, 2.39999, 28.9773, 0.000134493, 60.7486, 0.000148657, -62.148, 0.000101217, 81.0547
2564, 42.73333, 3.29717, 4.19184, 2.69333, -76.8507, 2.39053, 28.9427, 0.00013452, 60.7329, 0.000148366, -61.9159, 0.000100704, 81.1065
2564, 42.74167, 3.30046, 4.161, 2.69336, -76.5885, 2.38106, 28.9074, 0.000134548, 60.717, 0.000148078, -61.6828, 0.000100191, 81.1586
2565, 42.75000, 3.30375, 4.13002, 2.69345, -76.3262, 2.37158, 28.8716, 0.000134575, 60.701, 0.000147792, -61.4487, 9.96768E-005, 81.211
2566, 42.75833, 3.30704, 4.09889, 2.69361, -76.0639, 2.36209, 28.8352, 0.000134602, 60.6849, 0.000147509, -61.2136, 9.91624E-005, 81.2636
2566, 42.76667, 3.31033, 4.06761, 2.69384, -75.8016, 2.3526, 28.7982, 0.00013463, 60.6687, 0.000147228, -60.9775, 9.86474E-005, 81.3165
2567, 42.77500, 3.31363, 4.03619, 2.69413, -75.5394, 2.34309, 28.7605, 0.000134657, 60.6523, 0.00014695, -60.7404, 9.81321E-005, 81.3698
2567, 42.78333, 3.31693, 4.00463, 2.6945, -75.2772, 2.33358, 28.7223, 0.000134684, 60.6358, 0.000146674, -60.5023, 9.76162E-005, 81.4233
2568, 42.79167, 3.32023, 3.97292, 2.69492, -75.0151, 2.32406, 28.6834, 0.000134711, 60.6192, 0.000146401, -60.2631, 9.70999E-005, 81.4771
2568, 42.80000, 3.32353, 3.94107, 2.69542, -74.753, 2.31453, 28.6438, 0.000134738, 60.6024, 0.00014613, -60.023, 9.6583E-005, 81.5313
2568, 42.80833, 3.32683, 3.90909, 2.69598, -74.491, 2.30499, 28.6037, 0.000134765, 60.5856, 0.000145862, -59.7819, 9.60658E-005, 81.5858
2569, 42.81667, 3.33014, 3.87696, 2.69662, -74.2291, 2.29544, 28.5629, 0.000134792, 60.5685, 0.000145597, -59.5398, 9.55479E-005, 81.6406
2570, 42.82500, 3.33345, 3.84469, 2.69731, -73.9674, 2.28589, 28.5214, 0.000134819, 60.5514, 0.000145334, -59.2967, 9.50297E-005, 81.6958
2570, 42.83333, 3.33676, 3.81228, 2.69808, -73.7057, 2.27632, 28.4793, 0.000134846, 60.5342, 0.000145074, -59.0527, 9.45109E-005, 81.7513
2571, 42.84167, 3.34007, 3.77973, 2.69891, -73.4442, 2.26675, 28.4365, 0.000134873, 60.5168, 0.000144817, -58.8076, 9.39916E-005, 81.8071
2571, 42.85000, 3.34338, 3.74704, 2.69981, -73.1829, 2.25717, 28.393, 0.000134899, 60.4993, 0.000144562, -58.5616, 9.34719E-005, 81.8633
2572, 42.85833, 3.3467, 3.71421, 2.70078, -72.9217, 2.24758, 28.3488, 0.000134926, 60.4816, 0.00014431, -58.3146, 9.29518E-005, 81.9199
2572, 42.86667, 3.35001, 3.68125, 2.70181, -72.6607, 2.23798, 28.3039, 0.000134953, 60.4639, 0.000144061, -58.0666, 9.2431E-005, 81.9769
2572, 42.87500, 3.35333, 3.64814, 2.70291, -72.4, 2.22837, 28.2584, 0.000134979, 60.446, 0.000143815, -57.8177, 9.19099E-005, 82.0342
2573, 42.88333, 3.35665, 3.61491, 2.70407, -72.1394, 2.21876, 28.2121, 0.000135006, 60.428, 0.000143571, -57.5679, 9.13882E-005, 82.0919
2574, 42.89167, 3.35998, 3.58153, 2.70531, -71.8791, 2.20913, 28.1651, 0.000135032, 60.4099, 0.00014333, -57.317, 9.0866E-005, 82.1501
2574, 42.90000, 3.3633, 3.54802, 2.70661, -71.619, 2.1995, 28.1174, 0.000135059, 60.3916, 0.000143092, -57.0653, 9.03434E-005, 82.2086
2575, 42.90833, 3.36663, 3.51437, 2.70797, -71.3592, 2.18986, 28.0689, 0.000135085, 60.3732, 0.000142856, -56.8126, 8.98203E-005, 82.2676
2575, 42.91667, 3.36996, 3.48059, 2.70941, -71.0996, 2.18021, 28.0197, 0.000135111, 60.3547, 0.000142624, -56.5589, 8.92966E-005, 82.327
2576, 42.92500, 3.37329, 3.44668, 2.71091, -70.8403, 2.17055, 27.9697, 0.000135138, 60.3361, 0.000142394, -56.3044, 8.87726E-005, 82.3868
2576, 42.93333, 3.37662, 3.41263, 2.71247, -70.5813, 2.16089, 27.919, 0.000135164, 60.3173, 0.000142167, -56.0489, 8.8248E-005, 82.4471
2576, 42.94167, 3.37995, 3.37844, 2.7141, -70.3226, 2.15121, 27.8674, 0.00013519, 60.2984, 0.000141943, -55.7924, 8.77229E-005, 82.5079
2577, 42.95000, 3.38329, 3.34412, 2.7158, -70.0643, 2.14153, 27.8151, 0.000135216, 60.2794, 0.000141722, -55.5351, 8.71973E-005, 82.5691
2578, 42.95833, 3.38663, 3.30967, 2.71756, -69.8063, 2.13184, 27.762, 0.000135242, 60.2603, 0.000141504, -55.2769, 8.66713E-005, 82.6308
2578, 42.96667, 3.38997, 3.27509, 2.71939, -69.5486, 2.12214, 27.7081, 0.000135268, 60.2411, 0.000141289, -55.0177, 8.61447E-005, 82.693
2579, 42.97500, 3.39331, 3.24038, 2.72129, -69.2914, 2.11243, 27.6534, 0.000135294, 60.2217, 0.000141077, -54.7577, 8.56177E-005, 82.7557
2579, 42.98333, 3.39665, 3.20553, 2.72325, -69.0345, 2.10272, 27.5978, 0.00013532, 60.2022, 0.000140868, -54.4968, 8.50903E-005, 82.819
2580, 42.99167, 3.4, 3.17055, 2.72527, -68.7779, 2.093, 27.5414, 0.000135346, 60.1825, 0.000140661, -54.235, 8.45622E-005, 82.8827
2580, 43.00000, 3.40334, 3.13545, 2.72736, -68.5218, 2.08327, 27.4841, 0.000135372, 60.1628, 0.000140458, -53.9724, 8.40338E-005, 82.947
2580, 43.00833, 3.40669, 3.10021, 2.72952, -68.2661, 2.07353, 27.426, 0.000135397, 60.1429, 0.000140258, -53.7089, 8.35048E-005, 83.0118
2581, 43.01667, 3.41004, 3.06484, 2.73174, -68.0109, 2.06378, 27.367, 0.000135423, 60.1229, 0.000140061, -53.4445, 8.29753E-005, 83.0773
2582, 43.02500, 3.41339, 3.02934, 2.73403, -67.7561, 2.05402, 27.3071, 0.000135449, 60.1028, 0.000139867, -53.1793, 8.24454E-005, 83.1432
2582, 43.03333, 3.41674, 2.99372, 2.73638, -67.5017, 2.04426, 27.2463, 0.000135474, 60.0826, 0.000139676, -52.9133, 8.1915E-005, 83.2098
2583, 43.04167, 3.4201, 2.95796, 2.73879, -67.2478, 2.03449, 27.1846, 0.0001355, 60.0622, 0.000139488, -52.6464, 8.1384E-005, 83.277
2583, 43.05000, 3.42346, 2.92208, 2.74127, -66.9944, 2.02471, 27.122, 0.000135525, 60.0417, 0.000139303, -52.3787, 8.08526E-005, 83.3448
2584, 43.05833, 3.42681, 2.88607, 2.74382, -66.7414, 2.01493, 27.0584, 0.000135551, 60.0211, 0.000139121, -52.1102, 8.03207E-005, 83.4132
2584, 43.06667, 3.43017, 2.84993, 2.74642, -66.489, 2.00513, 26.9939, 0.000135576, 60.0003, 0.000138942, -51.8409, 7.97883E-005, 83.4823
2584, 43.07500, 3.43354, 2.81366, 2.7491, -66.2371, 1.99533, 26.9284, 0.000135601, 59.9795, 0.000138767, -51.5708, 7.92555E-005, 83.552
2585, 43.08333, 3.4369, 2.77727, 2.75183, -65.9857, 1.98552, 26.8619, 0.000135626, 59.9585, 0.000138595, -51.2999, 7.87222E-005, 83.6225
2586, 43.09167, 3.44026, 2.74075, 2.75463, -65.7349, 1.9757, 26.7944, 0.000135651, 59.9374, 0.000138426, -51.0282, 7.81883E-005, 83.6936
2586, 43.10000, 3.44363, 2.7041, 2.75749, -65.4846, 1.96588, 26.726, 0.000135676, 59.9161, 0.00013826, -50.7558, 7.7654E-005, 83.7654
2587, 43.10833, 3.447, 2.66733, 2.76042, -65.2349, 1.95605, 26.6565, 0.000135701, 59.8948, 0.000138097, -50.4827, 7.71192E-005, 83.838
2587, 43.11667, 3.45037, 2.63043, 2.76341, -64.9857, 1.94621, 26.5859, 0.000135726, 59.8733, 0.000137938, -50.2087, 7.65839E-005, 83.9113
2588, 43.12500, 3.45374, 2.59341, 2.76646, -64.7371, 1.93636, 26.5143, 0.000135751, 59.8517, 0.000137782, -49.9341, 7.60481E-005, 83.9854
2588, 43.13333, 3.45711, 2.55626, 2.76957, -64.4892, 1.92651, 26.4416, 0.000135776, 59.83, 0.000137629, -49.6588, 7.55119E-005, 84.0602
2588, 43.14167, 3.46048, 2.51899, 2.77275, -64.2418, 1.91665, 26.3678, 0.000135801, 59.8081, 0.000137479, -49.3827, 7.49751E-005, 84.1359
2589, 43.15000, 3.46386, 2.48159, 2.77599, -63.995, 1.90678, 26.2929, 0.000135826, 59.7862, 0.000137333, -49.1059, 7.44379E-005, 84.2124
2590, 43.15833, 3.46724, 2.44408, 2.77929, -63.7489, 1.8969, 26.2169, 0.00013585, 59.7641, 0.00013719, -48.8285, 7.39002E-005, 84.2897
2590, 43.16667, 3.47062, 2.40643, 2.78265, -63.5034, 1.88702, 26.1398, 0.000135875, 59.7419, 0.00013705, -48.5503, 7.3362E-005, 84.3679
2591, 43.17500, 3.474, 2.36866, 2.78607, -63.2585, 1.87713, 26.0615, 0.000135899, 59.7195, 0.000136914, -48.2715, 7.28234E-005, 84.447
2591, 43.18333, 3.47738, 2.33077, 2.78956, -63.0143, 1.86724, 25.982, 0.000135924, 59.6971, 0.00013678, -47.9921, 7.22843E-005, 84.527
2592, 43.19167, 3.48076, 2.29276, 2.7931, -62.7708, 1.85733, 25.9013, 0.000135948, 59.6745, 0.000136651, -47.712, 7.17446E-005, 84.6079
2592, 43.20000, 3.48414, 2.25462, 2.79671, -62.5279, 1.84742, 25.8194, 0.000135972, 59.6518, 0.000136525, -47.4313, 7.12046E-005, 84.6898
2592, 43.20833, 3.48753, 2.21637, 2.80038, -62.2857, 1.83751, 25.7362, 0.000135997, 59.6289, 0.000136402, -47.1499, 7.0664E-005, 84.7727
2593, 43.21667, 3.49092, 2.17798, 2.8041, -62.0442, 1.82758, 25.6518, 0.000136021, 59.606, 0.000136282, -46.868, 7.0123E-005, 84.8566
2594, 43.22500, 3.49431, 2.13948, 2.80789, -61.8035, 1.81765, 25.5661, 0.000136045, 59.5829, 0.000136166, -46.5855, 6.95815E-005, 84.9415
2594, 43.23333, 3.4977, 2.10086, 2.81174, -61.5634, 1.80772, 25.4791, 0.000136069, 59.5597, 0.000136053, -46.3024, 6.90395E-005, 85.0275
2595, 43.24167, 3.50109, 2.06212, 2.81565, -61.3241, 1.79777, 25.3908, 0.000136093, 59.5364, 0.000135944, -46.0187, 6.8497E-005, 85.1146
2595, 43.25000, 3.50448, 2.02325, 2.81961, -61.0854, 1.78783, 25.3012, 0.000136117, 59.5129, 0.000135838, -45.7345, 6.79542E-005, 85.2028
2596, 43.25833, 3.50788, 1.98427, 2.82364, -60.8476, 1.77787, 25.2101, 0.000136141, 59.4894, 0.000135736, -45.4498, 6.74108E-005, 85.2921
2596, 43.26667, 3.51127, 1.94516, 2.82772, -60.6104, 1.76791, 25.1177, 0.000136165, 59.4657, 0.000135637, -45.1645, 6.68669E-005, 85.3826
2596, 43.27500, 3.51467, 1.90594, 2.83187, -60.374, 1.75794, 25.0239, 0.000136188, 59.4419, 0.000135542, -44.8788, 6.63227E-005, 85.4743
2597, 43.28333, 3.51807, 1.8666, 2.83607, -60.1384, 1.74797, 24.9286, 0.000136212, 59.4179, 0.00013545, -44.5925, 6.57779E-005, 85.5673
2598, 43.29167, 3.52147, 1.82713, 2.84033, -59.9035, 1.73799, 24.8319, 0.000136235, 59.3939, 0.000135362, -44.3058, 6.52327E-005, 85.6616
2598, 43.30000, 3.52487, 1.78755, 2.84465, -59.6695, 1.72801, 24.7337, 0.000136259, 59.3697, 0.000135277, -44.0186, 6.4687E-005, 85.7571
2599, 43.30833, 3.52827, 1.74785, 2.84902, -59.4362, 1.71802, 24.6339, 0.000136282, 59.3454, 0.000135195, -43.7309, 6.41409E-005, 85.854
2599, 43.31667, 3.53167, 1.70802, 2.85346, -59.2037, 1.70802, 24.5326, 0.000136306, 59.3209, 0.000135118, -43.4428, 6.35943E-005, 85.9524
2600, 43.32500, 3.53508, 1.66808, 2.85795, -58.972, 1.69802, 24.4298, 0.000136329, 59.2964, 0.000135043, -43.1543, 6.30473E-005, 86.0521
2600, 43.33333, 3.53848, 1.62803, 2.86249, -58.7411, 1.68802, 24.3253, 0.000136352, 59.2717, 0.000134973, -42.8654, 6.24998E-005, 86.1533
2600, 43.34167, 3.54189, 1.58785, 2.8671, -58.511, 1.67801, 24.2192, 0.000136375, 59.2469, 0.000134906, -42.5761, 6.19519E-005, 86.2561
2601, 43.35000, 3.5453, 1.54755, 2.87176, -58.2817, 1.66799, 24.1115, 0.000136398, 59.222, 0.000134842, -42.2864, 6.14035E-005, 86.3603
2602, 43.35833, 3.54871, 1.50714, 2.87647, -58.0533, 1.65797, 24.0021, 0.000136421, 59.197, 0.000134782, -41.9964, 6.08548E-005, 86.4662
2602, 43.36667, 3.55212, 1.46661, 2.88124, -57.8256, 1.64795, 23.8909, 0.000136444, 59.1718, 0.000134726, -41.706, 6.03055E-005, 86.5738
2603, 43.37500, 3.55553, 1.42597, 2.88607, -57.5988, 1.63792, 23.778, 0.000136467, 59.1465, 0.000134673, -41.4153, 5.97558E-005, 86.683
2603, 43.38333, 3.55894, 1.3852, 2.89095, -57.3729, 1.62789, 23.6633, 0.00013649, 59.1211, 0.000134624, -41.1243, 5.92058E-005, 86.794
2604, 43.39167, 3.56236, 1.34432, 2.89589, -57.1478, 1.61785, 23.5468, 0.000136513, 59.0956, 0.000134579, -40.8329, 5.86552E-005, 86.9068
2604, 43.40000, 3.56577, 1.30333, 2.90088, -56.9236, 1.60781, 23.4284, 0.000136535, 59.0699, 0.000134537, -40.5413, 5.81043E-005, 87.0214
2604, 43.40833, 3.56919, 1.26221, 2.90593, -56.7002, 1.59776, 23.3081, 0.000136558, 59.0441, 0.000134499, -40.2495, 5.7553E-005, 87.138
2605, 43.41667, 3.57261, 1.22098, 2.91103, -56.4777, 1.58771, 23.1859, 0.00013658, 59.0182, 0.000134464, -39.9574, 5.70012E-005, 87.2565
2606, 43.42500, 3.57603, 1.17964, 2.91618, -56.256, 1.57766, 23.0618, 0.000136603, 58.9922, 0.000134433, -39.665, 5.64491E-005, 87.3771
2606, 43.43333, 3.57945, 1.13818, 2.92139, -56.0353, 1.5676, 22.9356, 0.000136625, 58.966, 0.000134406, -39.3725, 5.58965E-005, 87.4998
2607, 43.44167, 3.58287, 1.0966, 2.92665, -55.8154, 1.55754, 22.8074, 0.000136647, 58.9398, 0.000134382, -39.0797, 5.53435E-005, 87.6247
2607, 43.45000, 3.58629, 1.05491, 2.93196, -55.5964, 1.54748, 22.6772, 0.000136669, 58.9134, 0.000134362, -38.7867, 5.47902E-005, 87.7518
2608, 43.45833, 3.58971, 1.0131, 2.93733, -55.3782, 1.53742, 22.5448, 0.000136691, 58.8868, 0.000134346, -38.4936, 5.42365E-005, 87.8812
2608, 43.46667, 3.59314, 0.971176, 2.94275, -55.161, 1.52735, 22.4102, 0.000136713, 58.8602, 0.000134333, -38.2004, 5.36823E-005, 88.013
2608, 43.47500, 3.59656, 0.92914, 2.94822, -54.9447, 1.51728, 22.2734, 0.000136735, 58.8334, 0.000134324, -37.907, 5.31278E-005, 88.1473
2609, 43.48333, 3.59999, 0.88699, 2.95374, -54.7292, 1.50721, 22.1344, 0.000136757, 58.8065, 0.000134319, -37.6135, 5.2573E-005, 88.2841
2610, 43.49167, 3.60342, 0.84472, 2.95931, -54.5147, 1.49713, 21.993, 0.000136779, 58.7795, 0.000134317, -37.3198, 5.20177E-005, 88.4235
2610, 43.50000, 3.60685, 0.802341, 2.96494, -54.3011, 1.48706, 21.8493, 0.0001368, 58.7524, 0.000134319, -37.0261, 5.14621E-005, 88.5657
2611, 43.50833, 3.61028, 0.759848, 2.97061, -54.0884, 1.47698, 21.7032, 0.000136822, 58.7251, 0.000134325, -36.7324, 5.09062E-005, 88.7107
2611, 43.51667, 3.61371, 0.717235, 2.97634, -53.8766, 1.4669, 21.5547, 0.000136844, 58.6977, 0.000134334, -36.4386, 5.03499E-005, 88.8587
2612, 43.52500, 3.61714, 0.674514, 2.98212, -53.6657, 1.45683, 21.4037, 0.000136865, 58.6702, 0.000134348, -36.1447, 4.97934E-005, 89.0096
2612, 43.53333, 3.62057, 0.631679, 2.98794, -53.4557, 1.44675, 21.2501, 0.000136886, 58.6426, 0.000134365, -35.8509, 4.92365E-005, 89.1637
2612, 43.54167, 3.624, 0.588725, 2.99382, -53.2467, 1.43667, 21.0939, 0.000136908, 58.6148, 0.000134385, -35.557, 4.86792E-005, 89.3211
2613, 43.55000, 3.62744, 0.545663, 2.99974, -53.0386, 1.42659, 20.935, 0.000136929, 58.5869, 0.000134409, -35.2632, 4.81217E-005, 89.4818
2614, 43.55833, 3.63087, 0.502488, 3.00572, -52.8314, 1.41651, 20.7735, 0.00013695, 58.5589, 0.000134437, -34.9694, 4.75639E-005, 89.6459
2614, 43.56667, 3.63431, 0.459195, 3.01174, -52.6251, 1.40643, 20.6091, 0.000136971, 58.5308, 0.000134469, -34.6756, 4.70058E-005, 89.8138
2615, 43.57500, 3.63774, 0.415794, 3.01781, -52.4198, 1.39635, 20.4419, 0.000136992, 58.5025, 0.000134504, -34.3819, 4.64474E-005, 89.9853
2615, 43.58333, 3.64118, 0.37228, 3.02393, -52.2155, 1.38627, 20.2718, 0.000137012, 58.4741, 0.000134544, -34.0883, 4.58888E-005, 90.1608
2616, 43.59167, 3.64462, 0.328648, 3.0301, -52.012, 1.37619, 20.0988, 0.000137033, 58.4456, 0.000134586, -33.7948, 4.53299E-005, 90.3403
2616, 43.60000, 3.64806, 0.284909, 3.03631, -51.8095, 1.36612, 19.9227, 0.000137054, 58.417, 0.000134633, -33.5014, 4.47708E-005, 90.524
2616, 43.60833, 3.6515, 0.241058, 3.04258, -51.608, 1.35605, 19.7435, 0.000137074, 58.3882, 0.000134683, -33.2082, 4.42115E-005, 90.712
2617, 43.61667, 3.65494, 0.197089, 3.04889, -51.4073, 1.34598, 19.5611, 0.000137095, 58.3594, 0.000134737, -32.9151, 4.36519E-005, 90.9047
2618, 43.62500, 3.65838, 0.153013, 3.05524, -51.2077, 1.33591, 19.3756, 0.000137115, 58.3303, 0.000134795, -32.6221, 4.30923E-005, 91.102
2618, 43.63333, 3.66182, 0.108825, 3.06164, -51.0089, 1.32585, 19.1867, 0.000137135, 58.3012, 0.000134856, -32.3294, 4.25324E-005, 91.3042
2619, 43.64167, 3.66527, 0.0645206, 3.06809, -50.8111, 1.31579, 18.9943, 0.000137156, 58.272, 0.000134921, -32.0368, 4.19723E-005, 91.5116
2619, 43.65000, 3.66871, 0.0201093, 3.07458, -50.6143, 1.30573, 18.7986, 0.000137176, 58.2426, 0.00013499, -31.7445, 4.14122E-005, 91.7243
2620, 43.65833, 3.67216, -0.0244135, 3.08112, -50.4184, 1.29568, 18.5993, 0.000137196, 58.2131, 0.000135062, -31.4525, 4.08519E-005, 91.9426
2620, 43.66667, 3.6756, -0.0690531, 3.08771, -50.2235, 1.28563, 18.3963, 0.000137216, 58.1834, 0.000135138, -31.1606, 4.02915E-005, 92.1667
2620, 43.67500, 3.67905, -0.113799, 3.09433, -50.0295, 1.27559, 18.1896, 0.000137235, 58.1537, 0.000135218, -30.869, 3.97311E-005, 92.3968
2621, 43.68333, 3.68249, -0.158655, 3.10101, -49.8365, 1.26555, 17.9792, 0.000137255, 58.1238, 0.000135302, -30.5778, 3.91707E-005, 92.6333
2622, 43.69167, 3.68594, -0.203629, 3.10772, -49.6444, 1.25553, 17.7648, 0.000137275, 58.0938, 0.000135389, -30.2868, 3.86101E-005, 92.8763
2622, 43.70000, 3.68939, -0.248708, 3.11449, -49.4533, 1.2455, 17.5465, 0.000137294, 58.0637, 0.00013548, -29.9961, 3.80497E-005, 93.1263
2623, 43.70833, 3.69284, -0.293897, 3.12129, -49.2631, 1.23549, 17.324, 0.000137314, 58.0334, 0.000135574, -29.7058, 3.74892E-005, 93.3834
2623, 43.71667, 3.69629, -0.339203, 3.12814, -49.0739, 1.22548, 17.0974, 0.000137333, 58.003, 0.000135673, -29.4158, 3.69288E-005, 93.6481
2624, 43.72500, 3.69974, -0.384614, 3.13503, -48.8856, 1.21548, 16.8665, 0.000137352, 57.9725, 0.000135774, -29.1262, 3.63686E-005, 93.9207
2624, 43.73333, 3.70319, -0.430136, 3.14196, -48.6983, 1.20549, 16.6312, 0.000137371, 57.9419, 0.00013588, -28.8369, 3.58084E-005, 94.2016
2624, 43.74167, 3.70664, -0.475774, 3.14894, -48.5119, 1.19551, 16.3914, 0.000137391, 57.9111, 0.000135989, -28.548, 3.52484E-005, 94.4912
2625, 43.75000, 3.71009, -0.521516, 3.15596, -48.3265, 1.18555, 16.147, 0.000137409, 57.8802, 0.000136102, -28.2596, 3.46887E-005, 94.7898
2626, 43.75833, 3.71354, -0.567369, 3.16301, -48.1421, 1.17559, 15.8979, 0.000137428, 57.8492, 0.000136219, -27.9716, 3.41292E-005, 95.098
2626, 43.76667, 3.71699, -0.613337, 3.17012, -47.9586, 1.16564, 15.6439, 0.000137447, 57.8181, 0.000136339, -27.684, 3.35699E-005, 95.4163
2627, 43.77500, 3.72045, -0.65941, 3.17726, -47.776, 1.15571, 15.385, 0.000137466, 57.7868, 0.000136462, -27.3969, 3.30111E-005, 95.7451
2627, 43.78333, 3.7239, -0.705592, 3.18444, -47.5945, 1.14579, 15.121, 0.000137484, 57.7554, 0.00013659, -27.1103, 3.24527E-005, 96.0849
2628, 43.79167, 3.72735, -0.75189, 3.19166, -47.4138, 1.13588, 14.8518, 0.000137503, 57.7239, 0.000136721, -26.8241, 3.18946E-005, 96.4365
2628, 43.80000, 3.73081, -0.798293, 3.19893, -47.2341, 1.12599, 14.5772, 0.000137521, 57.6923, 0.000136855, -26.5384, 3.13371E-005, 96.8004
2628, 43.80833, 3.73426, -0.844804, 3.20623, -47.0554, 1.11611, 14.2972, 0.000137539, 57.6605, 0.000136994, -26.2533, 3.07803E-005, 97.1772
2629, 43.81667, 3.73772, -0.891431, 3.21357, -46.8776, 1.10625, 14.0115, 0.000137557, 57.6286, 0.000137135, -25.9686, 3.0224E-005, 97.5677
2630, 43.82500, 3.74117, -0.938162, 3.22096, -46.7007, 1.09641, 13.72, 0.000137575, 57.5966, 0.000137281, -25.6845, 2.96684E-005, 97.9726
2630, 43.83333, 3.74463, -0.985002, 3.22838, -46.5248, 1.08658, 13.4226, 0.000137593, 57.5644, 0.00013743, -25.401, 2.91137E-005, 98.3928
2631, 43.84167, 3.74808, -1.03196, 3.23584, -46.3498, 1.07677, 13.1192, 0.000137611, 57.5321, 0.000137582, -25.118, 2.85599E-005, 98.8292
2631, 43.85000, 3.75154, -1.07902, 3.24334, -46.1758, 1.06699, 12.8095, 0.000137629, 57.4997, 0.000137738, -24.8357, 2.8007E-005, 99.2826
2632, 43.85833, 3.755, -1.12618, 3.25087, -46.0028, 1.05722, 12.4934, 0.000137646, 57.4672, 0.000137898, -24.5539, 2.74553E-005, 99.7541
2632, 43.86667, 3.75846, -1.17347, 3.25845, -45.8306, 1.04748, 12.1707, 0.000137664, 57.4345, 0.000138061, -24.2727, 2.69047E-005, 100.245
2633, 43.87500, 3.76191, -1.22085, 3.26606, -45.6594, 1.03776, 11.8413, 0.000137681, 57.4017, 0.000138228, -23.9922, 2.63554E-005, 100.756
2633, 43.88333, 3.76537, -1.26835, 3.27371, -45.4892, 1.02806, 11.505, 0.000137698, 57.3688, 0.000138398, -23.7123, 2.58076E-005, 101.288
2634, 43.89167, 3.76883, -1.31596, 3.2814, -45.3199, 1.01839, 11.1616, 0.000137716, 57.3358, 0.000138572, -23.433, 2.52614E-005, 101.844
2634, 43.90000, 3.77229, -1.36367, 3.28912, -45.1515, 1.00875, 10.8109, 0.000137733, 57.3026, 0.000138749, -23.1544, 2.47169E-005, 102.424
2635, 43.90833, 3.77574, -1.41149, 3.29688, -44.984, 0.999132, 10.4527, 0.00013775, 57.2693, 0.00013893, -22.8765, 2.41743E-005, 103.03
2635, 43.91667, 3.7792, -1.45942, 3.30467, -44.8175, 0.989545, 10.0868, 0.000137766, 57.2359, 0.000139114, -22.5992, 2.36338E-005, 103.664
2636, 43.92500, 3.78266, -1.50746, 3.3125, -44.6519, 0.979989, 9.713, 0.000137783, 57.2023, 0.000139302, -22.3227, 2.30955E-005, 104.327
2636, 43.93333, 3.78612, -1.55561, 3.32037, -44.4872, 0.970465, 9.33111, 0.0001378, 57.1687, 0.000139493, -22.0468, 2.25598E-005, 105.022
2637, 43.94167, 3.78958, -1.60387, 3.32827, -44.3235, 0.960974, 8.94085, 0.000137816, 57.1348, 0.000139687, -21.7717, 2.20268E-005, 105.751
2637, 43.95000, 3.79304, -1.65223, 3.33621, -44.1607, 0.951519, 8.54208, 0.000137832, 57.1009, 0.000139885, -21.4973, 2.14968E-005, 106.516
2638, 43.95833, 3.7965, -1.7007, 3.34418, -43.9988, 0.942101, 8.13452, 0.000137849, 57.0668, 0.000140087, -21.2237, 2.09701E-005, 107.32
2638, 43.96667, 3.79995, -1.74928, 3.35219, -43.8378, 0.93272, 7.71789, 0.000137865, 57.0326, 0.000140291, -20.9508, 2.04469E-005, 108.165
2639, 43.97500, 3.80341, -1.79797, 3.36023, -43.6777, 0.92338, 7.29205, 0.000137881, 56.9983, 0.0001405, -20.6786, 1.99276E-005, 109.054
2639, 43.98333, 3.80687, -1.84677, 3.3683, -43.5186, 0.914082, 6.85669, 0.000137897, 56.9639, 0.000140711, -20.4073, 1.94127E-005, 109.991
2640, 43.99167, 3.81033, -1.89567, 3.37641, -43.3603, 0.904827, 6.41151, 0.000137912, 56.9293, 0.000140926, -20.1367, 1.89025E-005, 110.979
2640, 44.00000, 3.81379, -1.94468, 3.38455, -43.203, 0.895618, 5.95634, 0.000137928, 56.8946, 0.000141144, -19.867, 1.83975E-005, 112.021
2641, 44.00833, 3.81725, -1.9938, 3.39272, -43.0466, 0.886457, 5.49086, 0.000137944, 56.8597, 0.000141366, -19.598, 1.78982E-005, 113.123
2641, 44.01667, 3.82071, -2.04304, 3.40093, -42.8911, 0.877345, 5.01475, 0.000137959, 56.8247, 0.000141591, -19.3298, 1.74051E-005, 114.288
2642, 44.02500, 3.82417, -2.09237, 3.40917, -42.7364, 0.868286, 4.52782, 0.000137974, 56.7896, 0.000141819, -19.0625, 1.69189E-005, 115.521
2642, 44.03333, 3.82763, -2.14181, 3.41744, -42.5827, 0.859281, 4.02975, 0.000137989, 56.7544, 0.000142051, -18.796, 1.64403E-005, 116.827
2643, 44.04167, 3.83108, -2.19136, 3.42574, -42.4299, 0.850331, 3.52016, 0.000138004, 56.7191, 0.000142285, -18.5304, 1.59699E-005, 118.211
2643, 44.05000, 3.83454, -2.24102, 3.43407, -42.278, 0.841442, 2.99888, 0.000138019, 56.6836, 0.000142523, -18.2656, 1.55087E-005, 119.679
2644, 44.05833, 3.838, -2.29078, 3.44244, -42.1269, 0.832614, 2.46555, 0.000138034, 56.648, 0.000142765, -18.0017, 1.50577E-005, 121.237
2644, 44.06667, 3.84146, -2.34066, 3.45083, -41.9768, 0.823849, 1.91978, 0.000138049, 56.6122, 0.000143009, -17.7386, 1.46176E-005, 122.891
2645, 44.07500, 3.84492, -2.39064, 3.45926, -41.8275, 0.815153, 1.36139, 0.000138063, 56.5763, 0.000143257, -17.4764, 1.41899E-005, 124.647
2645, 44.08333, 3.84837, -2.44072, 3.46772, -41.6791, 0.806526, 0.789994, 0.000138078, 56.5403, 0.000143508, -17.2151, 1.37755E-005, 126.511
2646, 44.09167, 3.85183, -2.49092, 3.47621, -41.5316, 0.79797, 0.20519, 0.000138092, 56.5042, 0.000143762, -16.9547, 1.3376E-005, 128.491
2646, 44.10000, 3.85529, -2.54122, 3.48472, -41.3849, 0.789492, -0.393211, 0.000138106, 56.4679, 0.00014402, -16.6952, 1.29927E-005, 130.591
2647, 44.10833, 3.85874, -2.59163, 3.49327, -41.2392, 0.781092, -1.00561, 0.00013812, 56.4315, 0.00014428, -16.4366, 1.26273E-005, 132.818
2647, 44.11667, 3.8622, -2.64215, 3.50185, -41.0943, 0.772774, -1.63242, 0.000138134, 56.395, 0.000144544, -16.1789, 1.22814E-005, 135.175
2648, 44.12500, 3.86566, -2.69277, 3.51045, -40.9503, 0.764542, -2.27383, 0.000138148, 56.3583, 0.000144811, -15.9222, 1.19568E-005, 137.667
2648, 44.13333, 3.86911, -2.7435, 3.51909, -40.8071, 0.7564, -2.93025, 0.000138161, 56.3216, 0.000145081, -15.6663, 1.16555E-005, 140.295
2649, 44.14167, 3.87257, -2.79434, 3.52775, -40.6648, 0.748349, -3.60211, 0.000138175, 56.2846, 0.000145354, -15.4114, 1.13794E-005, 143.058
2649, 44.15000, 3.87602, -2.84528, 3.53644, -40.5233, 0.740397, -4.28957, 0.000138188, 56.2476, 0.00014563, -15.1575, 1.11305E-005, 145.955
2650, 44.15833, 3.87948, -2.89633, 3.54516, -40.3828, 0.732544, -4.99305, 0.000138201, 56.2104, 0.000145909, -14.9045, 1.09108E-005, 148.979
2650, 44.16667, 3.88293, -2.94749, 3.55391, -40.243, 0.724796, -5.71297, 0.000138214, 56.1731, 0.000146192, -14.6524, 1.07222E-005, 152.122
2651, 44.17500, 3.88638, -2.99875, 3.56269, -40.1041, 0.717157, -6.44947, 0.000138227, 56.1356, 0.000146477, -14.4014, 1.05665E-005, 155.37
2651, 44.18333, 3.88984, -3.05011, 3.57149, -39.9661, 0.709631, -7.20297, 0.00013824, 56.0981, 0.000146765, -14.1513, 1.04453E-005, 158.708
2652, 44.19167, 3.89329, -3.1016, 3.58032, -39.8288, 0.702223, -7.97387, 0.000138253, 56.0604, 0.000147057, -13.9021, 1.03599E-005, 162.117
2652, 44.20000, 3.89674, -3.15318, 3.58918, -39.6925, 0.694937, -8.76226, 0.000138265, 56.0225, 0.000147351, -13.6539, 1.03114E-005, 165.573
2653, 44.20833, 3.90019, -3.20486, 3.59806, -39.5569, 0.687778, -9.56854, 0.000138278, 55.9846, 0.000147648, -13.4068, 1.03004E-005, 169.053
2653, 44.21667, 3.90364, -3.25666, 3.60697, -39.4222, 0.68075, -10.3931, 0.00013829, 55.9464, 0.000147949, -13.1605, 1.03271E-005, 172.533
2654, 44.22500, 3.90709, -3.30856, 3.6159, -39.2884, 0.67386, -11.2359, 0.000138302, 55.9082, 0.000148252, -12.9153, 1.03915E-005, 175.985
2654, 44.23333, 3.91054, -3.36057, 3.62487, -39.1553, 0.667112, -12.0973, 0.000138314, 55.8699, 0.000148558, -12.6711, 1.04929E-005, 179.388
2655, 44.24167, 3.91399, -3.41269, 3.63385, -39.0231, 0.660511, -12.9777, 0.000138326, 55.8313, 0.000148867, -12.4279, 1.06304E-005, -177.282
2655, 44.25000, 3.91743, -3.4649, 3.64286, -38.8916, 0.654063, -13.877, 0.000138337, 55.7927, 0.000149179, -12.1857, 1.08027E-005, -174.044
2656, 44.25833, 3.92088, -3.51723, 3.6519, -38.761, 0.647773, -14.7954, 0.000138349, 55.754, 0.000149494, -11.9445, 1.10085E-005, -170.913
2656, 44.26667, 3.92433, -3.56967, 3.66096, -38.6312, 0.641645, -15.7332, 0.00013836, 55.7151, 0.000149811, -11.7043, 1.12458E-005, -167.901
2657, 44.27500, 3.92777, -3.6222, 3.67005, -38.5023, 0.635688, -16.6902, 0.000138371, 55.676, 0.000150132, -11.4651, 1.1513E-005, -165.018
2657, 44.28333, 3.93122, -3.67484, 3.67916, -38.3741, 0.629907, -17.6666, 0.000138382, 55.6369, 0.000150455, -11.227, 1.18081E-005, -162.268
2658, 44.29167, 3.93466, -3.7276, 3.6883, -38.2467, 0.624305, -18.6625, 0.000138393, 55.5976, 0.000150781, -10.9898, 1.21292E-005, -159.654
2658, 44.30000, 3.9381, -3.78045, 3.69745, -38.1201, 0.618891, -19.6775, 0.000138404, 55.5582, 0.00015111, -10.7537, 1.24743E-005, -157.176
2659, 44.30833, 3.94154, -3.83341, 3.70664, -37.9943, 0.61367, -20.7118, 0.000138415, 55.5186, 0.000151442, -10.5187, 1.28417E-005, -154.832
2659, 44.31667, 3.94499, -3.88649, 3.71584, -37.8693, 0.608647, -21.7652, 0.000138425, 55.4789, 0.000151776, -10.2846, 1.32297E-005, -152.619
2660, 44.32500, 3.94842, -3.93966, 3.72507, -37.7451, 0.60383, -22.8374, 0.000138435, 55.4391, 0.000152114, -10.0516, 1.36365E-005, -150.532
2660, 44.33333, 3.95186, -3.99293, 3.73432, -37.6216, 0.599223, -23.9281, 0.000138446, 55.3991, 0.000152453, -9.81959, 1.40606E-005, -148.565
2661, 44.34167, 3.9553, -4.04632, 3.7436, -37.499, 0.594833, -25.0371, 0.000138456, 55.359, 0.000152796, -9.58862, 1.45007E-005, -146.712
2661, 44.35000, 3.95874, -4.09981, 3.75289, -37.3771, 0.590666, -26.1637, 0.000138465, 55.3188, 0.000153141, -9.35872, 1.49554E-005, -144.968
2662, 44.35833, 3.96217, -4.15341, 3.76221, -37.256, 0.586727, -27.3077, 0.000138475, 55.2785, 0.000153489, -9.12985, 1.54235E-005, -143.325
2662, 44.36667, 3.96561, -4.20711, 3.77155, -37.1356, 0.583022, -28.4686, 0.000138485, 55.238, 0.00015384, -8.902, 1.59039E-005, -141.778
2663, 44.37500, 3.96904, -4.26092, 3.78092, -37.016, 0.579558, -29.6454, 0.000138494, 55.1973, 0.000154193, -8.67523, 1.63957E-005, -140.32
2663, 44.38333, 3.97247, -4.31483, 3.7903, -36.8972, 0.576339, -30.8377, 0.000138503, 55.1566, 0.000154549, -8.44949, 1.68978E-005, -138.945
2664, 44.39167, 3.9759, -4.36885, 3.7997, -36.7791, 0.57337, -32.0449, 0.000138512, 55.1157, 0.000154907, -8.22478, 1.74096E-005, -137.648
2664, 44.40000, 3.97933, -4.42297, 3.80913, -36.6618, 0.570656, -33.2657, 0.000138521, 55.0747, 0.000155268, -8.00113, 1.79302E-005, -136.424
2665, 44.40833, 3.98276, -4.4772, 3.81858, -36.5452, 0.568204, -34.4995, 0.00013853, 55.0335, 0.000155632, -7.77854, 1.84591E-005, -135.268
2665, 44.41667, 3.98619, -4.53154, 3.82805, -36.4294, 0.566016, -35.7455, 0.000138538, 54.9922, 0.000155998, -7.55697, 1.89955E-005, -134.174
2666, 44.42500, 3.98962, -4.58597, 3.83753, -36.3144, 0.564097, -37.0022, 0.000138547, 54.9508, 0.000156367, -7.33647, 1.9539E-005, -133.139
2666, 44.43333, 3.99304, -4.64052, 3.84704, -36.2, 0.562452, -38.2688, 0.000138555, 54.9092, 0.000156738, -7.11702, 2.0089E-005, -132.158
2667, 44.44167, 3.99646, -4.69517, 3.85657, -36.0864, 0.561083, -39.5442, 0.000138563, 54.8675, 0.000157112, -6.8986, 2.06452E-005, -131.228
2667, 44.45000, 3.99989, -4.74992, 3.86612, -35.9735, 0.559994, -40.8269, 0.000138571, 54.8257, 0.000157488, -6.68125, 2.1207E-005, -130.346
2668, 44.45833, 4.00331, -4.80478, 3.87568, -35.8614, 0.559188, -42.1159, 0.000138578, 54.7837, 0.000157866, -6.46495, 2.17742E-005, -129.507
2668, 44.46667, 4.00673, -4.85975, 3.88527, -35.75, 0.558667, -43.4101, 0.000138586, 54.7416, 0.000158247, -6.24967, 2.23464E-005, -128.71
2669, 44.47500, 4.01014, -4.91481, 3.89487, -35.6393, 0.558433, -44.7077, 0.000138593, 54.6994, 0.000158631, -6.03547, 2.29232E-005, -127.952
2669, 44.48333, 4.01356, -4.96999, 3.9045, -35.5293, 0.558488, -46.0077, 0.000138601, 54.657, 0.000159017, -5.82231, 2.35044E-005, -127.229
2670, 44.49167, 4.01697, -5.02527, 3.91414, -35.42, 0.558833, -47.3088, 0.000138608, 54.6145, 0.000159405, -5.61018, 2.40898E-005, -126.54
2670, 44.50000, 4.02039, -5.08065, 3.9238, -35.3115, 0.559469, -48.6093, 0.000138614, 54.5719, 0.000159796, -5.39913, 2.46791E-005, -125.882
2671, 44.50833, 4.0238, -5.13614, 3.93348, -35.2036, 0.560395, -49.9081, 0.000138621, 54.5291, 0.000160189, -5.18912, 2.52721E-005, -125.254
2671, 44.51667, 4.02721, -5.19173, 3.94318, -35.0964, 0.561612, -51.2041, 0.000138628, 54.4862, 0.000160584, -4.98013, 2.58687E-005, -124.654
2672, 44.52500, 4.03061, -5.24743, 3.95289, -34.99, 0.563119, -52.4955, 0.000138634, 54.4431, 0.000160982, -4.77221, 2.64685E-005, -124.079
2672, 44.53333, 4.03402, -5.30323, 3.96262, -34.8842, 0.564915, -53.7812, 0.00013864, 54.4, 0.000161382, -4.56533, 2.70716E-005, -123.529
2673, 44.54167, 4.03743, -5.35914, 3.97237, -34.7792, 0.566998, -55.0601, 0.000138646, 54.3566, 0.000161784, -4.35947, 2.76777E-005, -123.002
2673, 44.55000, 4.04083, -5.41515, 3.98214, -34.6748, 0.569367, -56.3307, 0.000138652, 54.3132, 0.000162188, -4.15468, 2.82866E-005, -122.497
2674, 44.55833, 4.04423, -5.47126, 3.99192, -34.5711, 0.572019, -57.592, 0.000138657, 54.2696, 0.000162595, -3.95093, 2.88983E-005, -122.011
2674, 44.56667, 4.04763, -5.52749, 4.00172, -34.4681, 0.574951, -58.843, 0.000138663, 54.2259, 0.000163004, -3.74819, 2.95127E-005, -121.545
2675, 44.57500, 4.05102, -5.58381, 4.01154, -34.3657, 0.578161, -60.0824, 0.000138668, 54.182, 0.000163415, -3.54651, 3.01296E-005, -121.097
2675, 44.58333, 4.05442, -5.64023, 4.02137, -34.2641, 0.581644, -61.3093, 0.000138673, 54.138, 0.000163829, -3.34586, 3.07489E-005, -120.666
2676, 44.59167, 4.05781, -5.69677, 4.03122, -34.1631, 0.585399, -62.5229, 0.000138678, 54.0939, 0.000164245, -3.14623, 3.13706E-005, -120.252
2676, 44.60000, 4.0612, -5.75341, 4.04108, -34.0627, 0.589419, -63.7221, 0.000138683, 54.0496, 0.000164662, -2.94765, 3.19945E-005, -119.852
2677, 44.60833, 4.06459, -5.81014, 4.05096, -33.9631, 0.593702, -64.9063, 0.000138687, 54.0052, 0.000165082, -2.7501, 3.26206E-005, -119.467
2677, 44.61667, 4.06798, -5.86699, 4.06086, -33.864, 0.598243, -66.0748, 0.000138692, 53.9606, 0.000165504, -2.55355, 3.32488E-005, -119.095
2678, 44.62500, 4.07137, -5.92394, 4.07077, -33.7657, 0.603037, -67.2268, 0.000138696, 53.916, 0.000165928, -2.35805, 3.38791E-005, -118.737
2678, 44.63333, 4.07475, -5.98099, 4.08069, -33.668, 0.608079, -68.3618, 0.0001387, 53.8712, 0.000166355, -2.16358, 3.45113E-005, -118.391
2679, 44.64167, 4.07813, -6.03815, 4.09063, -33.5709, 0.613365, -69.4794, 0.000138703, 53.8262, 0.000166783, -1.9701, 3.51455E-005, -118.057
2679, 44.65000, 4.08151, -6.09541, 4.10059, -33.4745, 0.618889, -70.579, 0.000138707, 53.7811, 0.000167214, -1.77766, 3.57815E-005, -117.733
2680, 44.65833, 4.08489, -6.15277, 4.11056, -33.3788, 0.624647, -71.6603, 0.00013871, 53.7359, 0.000167646, -1.58623, 3.64193E-005, -117.421
2680, 44.66667, 4.08826, -6.21024, 4.12054, -33.2836, 0.630633, -72.7232, 0.000138713, 53.6905, 0.000168081, -1.3958, 3.7059E-005, -117.118
2681, 44.67500, 4.09163, -6.26781, 4.13054, -33.1891, 0.636842, -73.7671, 0.000138716, 53.645, 0.000168517, -1.20639, 3.77003E-005, -116.825
2681, 44.68333, 4.095, -6.32548, 4.14055, -33.0953, 0.643267, -74.792, 0.000138719, 53.5994, 0.000168956, -1.018, 3.83432E-005, -116.541
2682, 44.69167, 4.09837, -6.38327, 4.15057, -33.002, 0.649906, -75.7979, 0.000138722, 53.5536, 0.000169396, -0.830585, 3.89879E-005, -116.266
2682, 44.70000, 4.10174, -6.44115, 4.16061, -32.9094, 0.656752, -76.7844, 0.000138724, 53.5077, 0.000169839, -0.644195, 3.96342E-005, -115.999
2683, 44.70833, 4.1051, -6.49913, 4.17066, -32.8174, 0.663799, -77.7517, 0.000138726, 53.4617, 0.000170283, -0.458803, 4.02819E-005, -115.74
2683, 44.71667, 4.10846, -6.55722, 4.18073, -32.7261, 0.671043, -78.7, 0.000138728, 53.4155, 0.00017073, -0.274384, 4.09314E-005, -115.489
2684, 44.72500, 4.11182, -6.61541, 4.1908, -32.6353, 0.678478, -79.629, 0.00013873, 53.3691, 0.000171178, -0.0909787, 4.15822E-005, -115.245
2684, 44.73333, 4.11517, -6.67371, 4.20089, -32.5451, 0.686099, -80.5389, 0.000138731, 53.3227, 0.000171628, 0.0914376, 4.22345E-005, -115.008
2685, 44.74167, 4.11853, -6.73211, 4.211, -32.4556, 0.693902, -81.4301, 0.000138733, 53.2761, 0.000172081, 0.27289, 4.28884E-005, -114.778
2685, 44.75000, 4.12188, -6.79061, 4.22111, -32.3666, 0.70188, -82.3024, 0.000138734, 53.2294, 0.000172535, 0.453338, 4.35436E-005, -114.554
2686, 44.75833, 4.12522, -6.84921, 4.23124, -32.2783, 0.71003, -83.1561, 0.000138735, 53.1825, 0.00017299, 0.632808, 4.42002E-005, -114.336
2686, 44.76667, 4.12857, -6.90792, 4.24138, -32.1906, 0.718348, -83.9916, 0.000138736, 53.1355, 0.000173448, 0.811323, 4.48582E-005, -114.124
2687, 44.77500, 4.13191, -6.96673, 4.25153, -32.1034, 0.726827, -84.809, 0.000138736, 53.0883, 0.000173908, 0.988845, 4.55176E-005, -113.917
2687, 44.78333, 4.13525, -7.02564, 4.26169, -32.0168, 0.735463, -85.6085, 0.000138736, 53.041, 0.000174369, 1.1654, 4.61783E-005, -113.717
2688, 44.79167, 4.13859, -7.08466, 4.27186, -31.9308, 0.744254, -86.3906, 0.000138737, 52.9936, 0.000174832, 1.34101, 4.68404E-005, -113.521
2688, 44.80000, 4.14192, -7.14377, 4.28204, -31.8455, 0.753192, -87.1553, 0.000138736, 52.946, 0.000175297, 1.51563, 4.75038E-005, -113.33
2689, 44.80833, 4.14525, -7.20299, 4.29224, -31.7606, 0.762275, -87.9031, 0.000138736, 52.8983, 0.000175764, 1.6893, 4.81684E-005, -113.144
2689, 44.81667, 4.14858, -7.26232, 4.30245, -31.6764, 0.771499, -88.6343, 0.000138736, 52.8505, 0.000176232, 1.86204, 4.88344E-005, -112.963
2689, 44.82500, 4.15191, -7.32174, 4.31266, -31.5927, 0.780859, -89.3492, 0.000138735, 52.8025, 0.000176703, 2.0338, 4.95016E-005, -112.786
2690, 44.83333, 4.15523, -7.38127, 4.32289, -31.5096, 0.790351, -90.048, 0.000138734, 52.7544, 0.000177175, 2.20462, 5.017E-005, -112.613
2691, 44.84167, 4.15855, -7.4409, 4.33313, -31.4271, 0.799974, -90.7313, 0.000138733, 52.7062, 0.000177648, 2.37452, 5.08397E-005, -112.445
2691, 44.85000, 4.16187, -7.50063, 4.34337, -31.3451, 0.809722, -91.3992, 0.000138731, 52.6578, 0.000178124, 2.54345, 5.15106E-005, -112.28
2692, 44.85833, 4.16518, -7.56046, 4.35363, -31.2637, 0.819591, -92.0521, 0.00013873, 52.6092, 0.000178601, 2.71145, 5.21827E-005, -112.119
2692, 44.86667, 4.16849, -7.62041, 4.3639, -31.1828, 0.82958, -92.6905, 0.000138728, 52.5606, 0.000179079, 2.87854, 5.28561E-005, -111.962
2693, 44.87500, 4.1718, -7.68044, 4.37417, -31.1025, 0.839683, -93.3145, 0.000138726, 52.5118, 0.00017956, 3.04469, 5.35306E-005, -111.809
2693, 44.88333, 4.1751, -7.74058, 4.38446, -31.0228, 0.849898, -93.9245, 0.000138723, 52.4628, 0.000180042, 3.20991, 5.42063E-005, -111.659
2693, 44.89167, 4.1784, -7.80083, 4.39475, -30.9436, 0.860224, -94.521, 0.000138721, 52.4137, 0.000180525, 3.37423, 5.48832E-005, -111.512
2694, 44.90000, 4.1817, -7.86117, 4.40505, -30.8649, 0.870654, -95.1041, 0.000138718, 52.3645, 0.00018101, 3.53761, 5.55612E-005, -111.369
2695, 44.90833, 4.18499, -7.92161, 4.41537, -30.7868, 0.881189, -95.6742, 0.000138715, 52.3151, 0.000181497, 3.70009, 5.62404E-005, -111.228
2695, 44.91667, 4.18828, -7.98216, 4.42569, -30.7092, 0.891825, -96.2318, 0.000138712, 52.2656, 0.000181986, 3.86167, 5.69208E-005, -111.091
2696, 44.92500, 4.19157, -8.04281, 4.43602, -30.6322, 0.902558, -96.7769, 0.000138708, 52.216, 0.000182476, 4.02234, 5.76023E-005, -110.956
2696, 44.93333, 4.19485, -8.10355, 4.44635, -30.5556, 0.913386, -97.3101, 0.000138705, 52.1662, 0.000182967, 4.18211, 5.82849E-005, -110.825
2697, 44.94167, 4.19814, -8.16441, 4.4567, -30.4796, 0.924309, -97.8316, 0.000138701, 52.1163, 0.00018346, 4.341, 5.89687E-005, -110.696
2697, 44.95000, 4.20141, -8.22536, 4.46705, -30.4042, 0.935321, -98.3417, 0.000138697, 52.0662, 0.000183955, 4.49898, 5.96536E-005, -110.57
2697, 44.95833, 4.20469, -8.28641, 4.47741, -30.3292, 0.946422, -98.8406, 0.000138692, 52.0161, 0.000184451, 4.65607, 6.03395E-005, -110.446
2698, 44.96667, 4.20796, -8.34757, 4.48778, -30.2548, 0.957611, -99.3288, 0.000138688, 51.9657, 0.000184948, 4.81231, 6.10267E-005, -110.325
2699, 44.97500, 4.21122, -8.40882, 4.49816, -30.1809, 0.968882, -99.8065, 0.000138683, 51.9152, 0.000185447, 4.96764, 6.17149E-005, -110.206
2699, 44.98333, 4.21448, -8.47018, 4.50854, -30.1075, 0.980235, -100.274, 0.000138678, 51.8646, 0.000185948, 5.12211, 6.24042E-005, -110.089
2700, 44.99167, 4.21774, -8.53164, 4.51893, -30.0346, 0.99167, -100.731, 0.000138672, 51.8139, 0.00018645, 5.27572, 6.30947E-005, -109.975
2700, 45.00000, 4.221, -8.59319, 4.52933, -29.9622, 1.00318, -101.179, 0.000138667, 51.763, 0.000186953, 5.42845, 6.37861E-005, -109.863
2701, 45.00833, 4.22425, -8.65485, 4.53973, -29.8903, 1.01477, -101.617, 0.000138661, 51.712, 0.000187458, 5.58032, 6.44787E-005, -109.753
2701, 45.01667, 4.2275, -8.71661, 4.55014, -29.8189, 1.02644, -102.046, 0.000138655, 51.6608, 0.000187964, 5.73136, 6.51724E-005, -109.645
2701, 45.02500, 4.23074, -8.77847, 4.56056, -29.748, 1.03817, -102.466, 0.000138649, 51.6095, 0.000188472, 5.88152, 6.58672E-005, -109.539
2702, 45.03333, 4.23398, -8.84042, 4.57098, -29.6776, 1.04998, -102.878, 0.000138642, 51.558, 0.000188981, 6.03084, 6.6563E-005, -109.436
2703, 45.04167, 4.23722, -8.90249, 4.58141, -29.6077, 1.06186, -103.281, 0.000138635, 51.5064, 0.000189491, 6.17933, 6.726E-005, -109.334
2703, 45.05000, 4.24045, -8.96464, 4.59184, -29.5383, 1.07381, -103.675, 0.000138628, 51.4547, 0.000190003, 6.32696, 6.79579E-005, -109.233
2704, 45.05833, 4.24368, -9.0269, 4.60228, -29.4693, 1.08582, -104.062, 0.000138621, 51.4029, 0.000190516, 6.47376, 6.86569E-005, -109.135
2704, 45.06667, 4.2469, -9.08926, 4.61273, -29.4009, 1.0979, -104.441, 0.000138613, 51.3509, 0.00019103, 6.61975, 6.93571E-005, -109.038
2705, 45.07500, 4.25012, -9.15172, 4.62318, -29.3329, 1.11004, -104.812, 0.000138606, 51.2987, 0.000191546, 6.7649, 7.00583E-005, -108.944
2705, 45.08333, 4.25334, -9.21427, 4.63364, -29.2654, 1.12225, -105.176, 0.000138597, 51.2464, 0.000192063, 6.90923, 7.07605E-005, -108.85
2705, 45.09167, 4.25655, -9.27693, 4.6441, -29.1984, 1.13452, -105.533, 0.000138589, 51.194, 0.000192581, 7.05276, 7.14638E-005, -108.759
2706, 45.10000, 4.25975, -9.33969, 4.65456, -29.1318, 1.14685, -105.882, 0.000138581, 51.1414, 0.000193101, 7.19545, 7.21682E-005, -108.668
2707, 45.10833, 4.26296, -9.40254, 4.66504, -29.0657, 1.15924, -106.225, 0.000138572, 51.0887, 0.000193622, 7.33735, 7.28735E-005, -108.58
2707, 45.11667, 4.26616, -9.4655, 4.67551, -29.0001, 1.17169, -106.561, 0.000138563, 51.0359, 0.000194144, 7.47845, 7.35801E-005, -108.493
2708, 45.12500, 4.26935, -9.52855, 4.68599, -28.9349, 1.18419, -106.891, 0.000138553, 50.9829, 0.000194667, 7.61874, 7.42875E-005, -108.407
2708, 45.13333, 4.27254, -9.5917, 4.69648, -28.8702, 1.19675, -107.214, 0.000138544, 50.9298, 0.000195192, 7.75824, 7.49961E-005, -108.323
2709, 45.14167, 4.27572, -9.65496, 4.70696, -28.8059, 1.20937, -107.531, 0.000138534, 50.8765, 0.000195718, 7.89696, 7.57057E-005, -108.24
2709, 45.15000, 4.2789, -9.71831, 4.71746, -28.7421, 1.22204, -107.842, 0.000138524, 50.8231, 0.000196245, 8.03488, 7.64164E-005, -108.159
2709, 45.15833, 4.28208, -9.78175, 4.72795, -28.6788, 1.23476, -108.148, 0.000138513, 50.7696, 0.000196773, 8.17202, 7.7128E-005, -108.078
2710, 45.16667, 4.28525, -9.8453, 4.73845, -28.6159, 1.24754, -108.448, 0.000138503, 50.7159, 0.000197303, 8.3084, 7.78409E-005, -108
2711, 45.17500, 4.28842, -9.90895, 4.74895, -28.5534, 1.26036, -108.742, 0.000138492, 50.6621, 0.000197833, 8.44399, 7.85546E-005, -107.922
2711, 45.18333, 4.29158, -9.97269, 4.75946, -28.4914, 1.27324, -109.031, 0.000138481, 50.6082, 0.000198365, 8.57882, 7.92694E-005, -107.845
2712, 45.19167, 4.29474, -10.0365, 4.76997, -28.4298, 1.28617, -109.314, 0.000138469, 50.5541, 0.000198898, 8.7129, 7.99853E-005, -107.77
2712, 45.20000, 4.29789, -10.1005, 4.78048, -28.3687, 1.29915, -109.593, 0.000138457, 50.4998, 0.000199432, 8.8462, 8.07022E-005, -107.696
2713, 45.20833, 4.30104, -10.1645, 4.791, -28.3079, 1.31217, -109.866, 0.000138445, 50.4455, 0.000199967, 8.97875, 8.14201E-005, -107.623
2713, 45.21667, 4.30418, -10.2286, 4.80152, -28.2477, 1.32525, -110.135, 0.000138433, 50.3909, 0.000200504, 9.11057, 8.21392E-005, -107.551
2713, 45.22500, 4.30732, -10.2929, 4.81204, -28.1878, 1.33837, -110.399, 0.000138421, 50.3363, 0.000201041, 9.24162, 8.28592E-005, -107.481
2714, 45.23333, 4.31045, -10.3572, 4.82256, -28.1284, 1.35154, -110.658, 0.000138408, 50.2815, 0.000201579, 9.37194, 8.35802E-005, -107.411
2715, 45.24167, 4.31358, -10.4216, 4.83308, -28.0694, 1.36475, -110.913, 0.000138395, 50.2266, 0.000202119, 9.50153, 8.43024E-005, -107.342
2715, 45.25000, 4.3167, -10.4861, 4.84361, -28.0108, 1.37801, -111.164, 0.000138381, 50.1715, 0.00020266, 9.63038, 8.50255E-005, -107.274
2716, 45.25833, 4.31982, -10.5508, 4.85414, -27.9526, 1.39131, -111.41, 0.000138368, 50.1163, 0.000203201, 9.7585, 8.57496E-005, -107.208
2716, 45.26667, 4.32293, -10.6155, 4.86467, -27.8948, 1.40466, -111.652, 0.000138354, 50.0609, 0.000203744, 9.88591, 8.64749E-005, -107.142
2717, 45.27500, 4.32604, -10.6803, 4.8752, -27.8375, 1.41805, -111.89, 0.00013834, 50.0054, 0.000204288, 10.0126, 8.72011E-005, -107.077
2717, 45.28333, 4.32914, -10.7452, 4.88573, -27.7805, 1.43148, -112.124, 0.000138325, 49.9498, 0.000204833, 10.1385, 8.79283E-005, -107.014
2717, 45.29167, 4.33224, -10.8102, 4.89627, -27.724, 1.44496, -112.354, 0.00013831, 49.894, 0.000205378, 10.2638, 8.86567E-005, -106.951
2718, 45.30000, 4.33533, -10.8753, 4.9068, -27.6679, 1.45848, -112.58, 0.000138295, 49.8381, 0.000205925, 10.3884, 8.9386E-005, -106.889
2719, 45.30833, 4.33842, -10.9405, 4.91734, -27.6121, 1.47204, -112.803, 0.00013828, 49.7821, 0.000206473, 10.5122, 9.01164E-005, -106.828
2719, 45.31667, 4.3415, -11.0058, 4.92788, -27.5568, 1.48564, -113.022, 0.000138264, 49.7259, 0.000207022, 10.6354, 9.08479E-005, -106.767
2720, 45.32500, 4.34457, -11.0712, 4.93842, -27.5019, 1.49928, -113.238, 0.000138248, 49.6696, 0.000207572, 10.7578, 9.15803E-005, -106.708
2720, 45.33333, 4.34764, -11.1367, 4.94895, -27.4473, 1.51296, -113.45, 0.000138232, 49.6131, 0.000208122, 10.8796, 9.23137E-005, -106.649
2721, 45.34167, 4.35071, -11.2023, 4.95949, -27.3932, 1.52668, -113.659, 0.000138215, 49.5565, 0.000208674, 11.0007, 9.30483E-005, -106.591
2721, 45.35000, 4.35377, -11.2679, 4.97003, -27.3394, 1.54044, -113.864, 0.000138199, 49.4998, 0.000209226, 11.1211, 9.37839E-005, -106.534
2721, 45.35833, 4.35682, -11.3337, 4.98057, -27.286, 1.55423, -114.067, 0.000138182, 49.4429, 0.00020978, 11.2408, 9.45204E-005, -106.478
2722, 45.36667, 4.35987, -11.3996, 4.99111, -27.233, 1.56807, -114.266, 0.000138164, 49.3859, 0.000210334, 11.3599, 9.52581E-005, -106.423
2723, 45.37500, 4.36291, -11.4655, 5.00165, -27.1804, 1.58194, -114.462, 0.000138146, 49.3287, 0.00021089, 11.4783, 9.59968E-005, -106.368
2723, 45.38333, 4.36594, -11.5316, 5.01219, -27.1282, 1.59586, -114.656, 0.000138128, 49.2714, 0.000211446, 11.596, 9.67364E-005, -106.314
2724, 45.39167, 4.36897, -11.5977, 5.02273, -27.0763, 1.60981, -114.846, 0.00013811, 49.214, 0.000212003, 11.7131, 9.74772E-005, -106.26
2724, 45.40000, 4.372, -11.664, 5.03327, -27.0248, 1.62379, -115.034, 0.000138092, 49.1564, 0.000212561, 11.8295, 9.8219E-005, -106.208
2725, 45.40833, 4.37501, -11.7303, 5.0438, -26.9737, 1.63781, -115.219, 0.000138073, 49.0987, 0.00021312, 11.9453, 9.89618E-005, -106.156
2725, 45.41667, 4.37803, -11.7967, 5.05434, -26.9229, 1.65187, -115.401, 0.000138053, 49.0408, 0.00021368, 12.0604, 9.97057E-005, -106.105
2725, 45.42500, 4.38103, -11.8632, 5.06487, -26.8725, 1.66597, -115.58, 0.000138034, 48.9828, 0.00021424, 12.1749, 0.000100451, -106.054
2726, 45.43333, 4.38403, -11.9299, 5.07541, -26.8225, 1.6801, -115.757, 0.000138014, 48.9247, 0.000214802, 12.2887, 0.000101196, -106.004
2727, 45.44167, 4.38703, -11.9966, 5.08594, -26.7729, 1.69426, -115.931, 0.000137994, 48.8664, 0.000215364, 12.4019, 0.000101943, -105.955
2727, 45.45000, 4.39001, -12.0634, 5.09647, -26.7236, 1.70846, -116.103, 0.000137974, 48.808, 0.000215927, 12.5145, 0.000102691, -105.906
2728, 45.45833, 4.39299, -12.1303, 5.107, -26.6746, 1.7227, -116.273, 0.000137953, 48.7495, 0.000216491, 12.6265, 0.00010344, -105.858
2728, 45.46667, 4.39597, -12.1973, 5.11753, -26.626, 1.73697, -116.44, 0.000137932, 48.6908, 0.000217055, 12.7378, 0.000104191, -105.811
2729, 45.47500, 4.39894, -12.2643, 5.12805, -26.5778, 1.75128, -116.605, 0.00013791, 48.632, 0.000217621, 12.8485, 0.000104942, -105.764
2729, 45.48333, 4.4019, -12.3315, 5.13857, -26.5299, 1.76561, -116.767, 0.000137889, 48.573, 0.000218187, 12.9586, 0.000105694, -105.717
2729, 45.49167, 4.40486, -12.3988, 5.14909, -26.4823, 1.77999, -116.928, 0.000137867, 48.5139, 0.000218754, 13.0681, 0.000106447, -105.672
2730, 45.50000, 4.4078, -12.4661, 5.15961, -26.4351, 1.79439, -117.086, 0.000137844, 48.4547, 0.000219322, 13.177, 0.000107201, -105.627
2731, 45.50833, 4.41075, -12.5336, 5.17013, -26.3882, 1.80883, -117.242, 0.000137822, 48.3953, 0.00021989, 13.2853, 0.000107957, -105.582
2731, 45.51667, 4.41368, -12.6011, 5.18064, -26.3417, 1.82331, -117.396, 0.000137799, 48.3358, 0.000220459, 13.393, 0.000108713, -105.538
2732, 45.52500, 4.41661, -12.6687, 5.19115, -26.2955, 1.83781, -117.548, 0.000137776, 48.2762, 0.000221029, 13.5001, 0.00010947, -105.495
2732, 45.53333, 4.41954, -12.7365, 5.20166, -26.2497, 1.85235, -117.698, 0.000137752, 48.2164, 0.0002216, 13.6066, 0.000110229, -105.452
2733, 45.54167, 4.42245, -12.8043, 5.21216, -26.2041, 1.86692, -117.846, 0.000137728, 48.1565, 0.000222171, 13.7126, 0.000110988, -105.409
2733, 45.55000, 4.42536, -12.8722, 5.22267, -26.1589, 1.88152, -117.992, 0.000137704, 48.0964, 0.000222744, 13.8179, 0.000111749, -105.367
2733, 45.55833, 4.42826, -12.9402, 5.23316, -26.1141, 1.89616, -118.137, 0.000137679, 48.0362, 0.000223316, 13.9227, 0.00011251, -105.326
2734, 45.56667, 4.43116, -13.0083, 5.24366, -26.0695, 1.91083, -118.279, 0.000137654, 47.9759, 0.00022389, 14.0269, 0.000113273, -105.285
2735, 45.57500, 4.43405, -13.0764, 5.25415, -26.0253, 1.92552, -118.42, 0.000137629, 47.9154, 0.000224464, 14.1305, 0.000114037, -105.245
2735, 45.58333, 4.43693, -13.1447, 5.26464, -25.9814, 1.94025, -118.559, 0.000137604, 47.8548, 0.000225039, 14.2336, 0.000114801, -105.205
2736, 45.59167, 4.4398, -13.213, 5.27512, -25.9378, 1.95502, -118.696, 0.000137578, 47.794, 0.000225614, 14.3361, 0.000115567, -105.165
2736, 45.60000, 4.44267, -13.2815, 5.2856, -25.8946, 1.96981, -118.832, 0.000137552, 47.7332, 0.00022619, 14.438, 0.000116334, -105.126
2737, 45.60833, 4.44553, -13.35, 5.29607, -25.8516, 1.98463, -118.966, 0.000137525, 47.6721, 0.000226767, 14.5394, 0.000117102, -105.088
2737, 45.61667, 4.44838, -13.4186, 5.30655, -25.809, 1.99949, -119.099, 0.000137498, 47.611, 0.000227345, 14.6402, 0.000117871, -105.05
2737, 45.62500, 4.45123, -13.4873, 5.31701, -25.7666, 2.01437, -119.229, 0.000137471, 47.5497, 0.000227923, 14.7405, 0.000118641, -105.012
2738, 45.63333, 4.45407, -13.5561, 5.32747, -25.7246, 2.02929, -119.359, 0.000137443, 47.4883, 0.000228501, 14.8403, 0.000119412, -104.975
2739, 45.64167, 4.4569, -13.625, 5.33793, -25.6829, 2.04424, -119.487, 0.000137415, 47.4267, 0.000229081, 14.9395, 0.000120184, -104.938
2739, 45.65000, 4.45972, -13.694, 5.34838, -25.6415, 2.05921, -119.613, 0.000137387, 47.365, 0.00022966, 15.0382, 0.000120957, -104.902
2740, 45.65833, 4.46254, -13.763, 5.35883, -25.6004, 2.07422, -119.738, 0.000137359, 47.3031, 0.000230241, 15.1363, 0.000121731, -104.866
2740, 45.66667, 4.46535, -13.8322, 5.36927, -25.5596, 2.08926, -119.861, 0.00013733, 47.2412, 0.000230822, 15.234, 0.000122507, -104.83
2741, 45.67500, 4.46815, -13.9014, 5.37971, -25.519, 2.10432, -119.983, 0.000137301, 47.1791, 0.000231403, 15.3311, 0.000123283, -104.795
2741, 45.68333, 4.47094, -13.9707, 5.39014, -25.4788, 2.11942, -120.104, 0.000137271, 47.1168, 0.000231986, 15.4276, 0.00012406, -104.761
2741, 45.69167, 4.47373, -14.0401, 5.40057, -25.4389, 2.13455, -120.223, 0.000137241, 47.0544, 0.000232568, 15.5237, 0.000124839, -104.726
2742, 45.70000, 4.4765, -14.1096, 5.41099, -25.3992, 2.1497, -120.341, 0.000137211, 46.9919, 0.000233152, 15.6192, 0.000125618, -104.692
2743, 45.70833, 4.47927, -14.1792, 5.4214, -25.3599, 2.16489, -120.458, 0.00013718, 46.9293, 0.000233735, 15.7143, 0.000126399, -104.659
2743, 45.71667, 4.48204, -14.2489, 5.43181, -25.3208, 2.1801, -120.574, 0.000137149, 46.8665, 0.00023432, 15.8088, 0.000127181, -104.626
2744, 45.72500, 4.48479, -14.3186, 5.44221, -25.282, 2.19535, -120.688, 0.000137118, 46.8035, 0.000234905, 15.9029, 0.000127963, -104.593
2744, 45.73333, 4.48754, -14.3885, 5.45261, -25.2435, 2.21062, -120.801, 0.000137086, 46.7405, 0.00023549, 15.9964, 0.000128747, -104.561
2745, 45.74167, 4.49028, -14.4584, 5.463, -25.2053, 2.22592, -120.913, 0.000137054, 46.6773, 0.000236076, 16.0894, 0.000129532, -104.529
2745, 45.75000, 4.49301, -14.5284, 5.47339, -25.1674, 2.24125, -121.024, 0.000137022, 46.614, 0.000236662, 16.182, 0.000130318, -104.497
2745, 45.75833, 4.49573, -14.5985, 5.48376, -25.1297, 2.25661, -121.133, 0.000136989, 46.5505, 0.000237249, 16.274, 0.000131105, -104.466
2746, 45.76667, 4.49844, -14.6686, 5.49413, -25.0923, 2.272, -121.242, 0.000136956, 46.4869, 0.000237837, 16.3656, 0.000131893, -104.435
2747, 45.77500, 4.50115, -14.7389, 5.5045, -25.0552, 2.28742, -121.349, 0.000136922, 46.4232, 0.000238425, 16.4567, 0.000132682, -104.404
2747, 45.78333, 4.50385, -14.8092, 5.51486, -25.0183, 2.30286, -121.455, 0.000136889, 46.3593, 0.000239013, 16.5473, 0.000133472, -104.374
2748, 45.79167, 4.50654, -14.8797, 5.52521, -24.9817, 2.31834, -121.561, 0.000136854, 46.2953, 0.000239602, 16.6375, 0.000134263, -104.344
2748, 45.80000, 4.50922, -14.9502, 5.53555, -24.9454, 2.33384, -121.665, 0.00013682, 46.2312, 0.000240191, 16.7272, 0.000135055, -104.315
2749, 45.80833, 4.51189, -15.0208, 5.54589, -24.9093, 2.34937, -121.768, 0.000136785, 46.1669, 0.000240781, 16.8164, 0.000135849, -104.285
2749, 45.81667, 4.51456, -15.0914, 5.55621, -24.8735, 2.36493, -121.87, 0.00013675, 46.1025, 0.000241371, 16.9051, 0.000136643, -104.256
2749, 45.82500, 4.51721, -15.1622, 5.56653, -24.838, 2.38051, -121.972, 0.000136714, 46.038, 0.000241962, 16.9934, 0.000137439, -104.228
2750, 45.83333, 4.51986, -15.233, 5.57685, -24.8027, 2.39612, -122.072, 0.000136678, 45.9733, 0.000242553, 17.0812, 0.000138235, -104.2
2751, 45.84167, 4.5225, -15.3039, 5.58715, -24.7677, 2.41177, -122.171, 0.000136642, 45.9085, 0.000243144, 17.1686, 0.000139033, -104.172
2751, 45.85000, 4.52513, -15.3749, 5.59745, -24.7329, 2.42743, -122.269, 0.000136605, 45.8436, 0.000243736, 17.2555, 0.000139832, -104.144
2752, 45.85833, 4.52775, -15.446, 5.60774, -24.6984, 2.44313, -122.367, 0.000136568, 45.7785, 0.000244328, 17.342, 0.000140631, -104.117
2752, 45.86667, 4.53036, -15.5172, 5.61802, -24.6641, 2.45886, -122.464, 0.00013653, 45.7133, 0.000244921, 17.428, 0.000141432, -104.09
2753, 45.87500, 4.53297, -15.5884, 5.6283, -24.6301, 2.47461, -122.559, 0.000136493, 45.648, 0.000245514, 17.5136, 0.000142234, -104.063
2753, 45.88333, 4.53556, -15.6597, 5.63856, -24.5963, 2.49039, -122.654, 0.000136454, 45.5825, 0.000246108, 17.5988, 0.000143037, -104.037
2753, 45.89167, 4.53815, -15.7311, 5.64882, -24.5627, 2.50619, -122.748, 0.000136416, 45.5169, 0.000246702, 17.6835, 0.000143841, -104.01
2754, 45.90000, 4.54072, -15.8026, 5.65907, -24.5294, 2.52203, -122.841, 0.000136377, 45.4512, 0.000247296, 17.7678, 0.000144646, -103.985
2755, 45.90833, 4.54329, -15.8742, 5.6693, -24.4964, 2.53789, -122.934, 0.000136338, 45.3854, 0.00024789, 17.8517, 0.000145453, -103.959
2755, 45.91667, 4.54585, -15.9458, 5.67954, -24.4635, 2.55378, -123.025, 0.000136298, 45.3194, 0.000248485, 17.9351, 0.00014626, -103.934
2756, 45.92500, 4.5484, -16.0175, 5.68976, -24.431, 2.56969, -123.116, 0.000136258, 45.2533, 0.000249081, 18.0182, 0.000147068, -103.909
2756, 45.93333, 4.55094, -16.0893, 5.69997, -24.3986, 2.58563, -123.206, 0.000136217, 45.187, 0.000249676, 18.1008, 0.000147878, -103.884
2757, 45.94167, 4.55347, -16.1612, 5.71017, -24.3665, 2.6016, -123.295, 0.000136176, 45.1206, 0.000250272, 18.183, 0.000148688, -103.86
2757, 45.95000, 4.55599, -16.2331, 5.72037, -24.3346, 2.6176, -123.384, 0.000136135, 45.0541, 0.000250869, 18.2647, 0.0001495, -103.836
2758, 45.95833, 4.55851, -16.3051, 5.73055, -24.3029, 2.63362, -123.471, 0.000136094, 44.9875, 0.000251465, 18.3461, 0.000150313, -103.812
2758, 45.96667, 4.56101, -16.3772, 5.74073, -24.2715, 2.64967, -123.558, 0.000136052, 44.9207, 0.000252062, 18.4271, 0.000151127, -103.788
2759, 45.97500, 4.5635, -16.4494, 5.75089, -24.2403, 2.66575, -123.645, 0.000136009, 44.8538, 0.00025266, 18.5076, 0.000151941, -103.765
2759, 45.98333, 4.56599, -16.5217, 5.76104, -24.2093, 2.68185, -123.73, 0.000135966, 44.7868, 0.000253257, 18.5878, 0.000152757, -103.742
2760, 45.99167, 4.56846, -16.594, 5.77119, -24.1785, 2.69798, -123.815, 0.000135923, 44.7196, 0.000253855, 18.6676, 0.000153574, -103.719
2760, 46.00000, 4.57093, -16.6664, 5.78133, -24.1479, 2.71414, -123.9, 0.00013588, 44.6523, 0.000254453, 18.7469, 0.000154393, -103.697
2761, 46.00833, 4.57338, -16.7389, 5.79145, -24.1176, 2.73032, -123.983, 0.000135836, 44.5849, 0.000255052, 18.8259, 0.000155212, -103.674
2761, 46.01667, 4.57583, -16.8114, 5.80157, -24.0875, 2.74653, -124.066, 0.000135791, 44.5174, 0.000255651, 18.9045, 0.000156032, -103.652
2762, 46.02500, 4.57827, -16.8841, 5.81167, -24.0575, 2.76276, -124.149, 0.000135747, 44.4497, 0.00025625, 18.9827, 0.000156853, -103.631
2762, 46.03333, 4.58069, -16.9568, 5.82176, -24.0278, 2.77902, -124.23, 0.000135701, 44.3819, 0.000256849, 19.0606, 0.000157676, -103.609
2763, 46.04167, 4.58311, -17.0295, 5.83185, -23.9984, 2.79531, -124.311, 0.000135656, 44.314, 0.000257449, 19.138, 0.0001585, -103.588
2763, 46.05000, 4.58551, -17.1024, 5.84192, -23.9691, 2.81162, -124.392, 0.00013561, 44.2459, 0.000258049, 19.2151, 0.000159324, -103.567
2764, 46.05833, 4.58791, -17.1753, 5.85198, -23.94, 2.82796, -124.472, 0.000135564, 44.1777, 0.000258649, 19.2918, 0.00016015, -103.546
2764, 46.06667, 4.5903, -17.2483, 5.86203, -23.9111, 2.84433, -124.551, 0.000135517, 44.1094, 0.000259249, 19.3682, 0.000160977, -103.525
2765, 46.07500, 4.59267, -17.3214, 5.87207, -23.8824, 2.86072, -124.63, 0.00013547, 44.041, 0.00025985, 19.4441, 0.000161805, -103.505
2765, 46.08333, 4.59504, -17.3945, 5.8821, -23.854, 2.87713, -124.708, 0.000135422, 43.9724, 0.00026045, 19.5198, 0.000162634, -103.485
2766, 46.09167, 4.59739, -17.4677, 5.89212, -23.8257, 2.89358, -124.786, 0.000135374, 43.9037, 0.000261051, 19.595, 0.000163464, -103.465
2766, 46.10000, 4.59974, -17.541, 5.90213, -23.7976, 2.91004, -124.863, 0.000135326, 43.8349, 0.000261653, 19.6699, 0.000164295, -103.445
2767, 46.10833, 4.60207, -17.6143, 5.91212, -23.7697, 2.92654, -124.939, 0.000135277, 43.7659, 0.000262254, 19.7444, 0.000165127, -103.426
2767, 46.11667, 4.6044, -17.6878, 5.92211, -23.742, 2.94306, -125.015, 0.000135228, 43.6969, 0.000262856, 19.8186, 0.000165961, -103.407
2768, 46.12500, 4.60671, -17.7613, 5.93208, -23.7145, 2.9596, -125.091, 0.000135179, 43.6277, 0.000263458, 19.8925, 0.000166795, -103.388
2768, 46.13333, 4.60902, -17.8348, 5.94204, -23.6872, 2.97617, -125.166, 0.000135129, 43.5584, 0.00026406, 19.9659, 0.00016763, -103.369
2769, 46.14167, 4.61131, -17.9085, 5.95199, -23.6601, 2.99277, -125.24, 0.000135078, 43.4889, 0.000264662, 20.0391, 0.000168467, -103.351
2769, 46.15000, 4.61359, -17.9821, 5.96192, -23.6332, 3.00939, -125.314, 0.000135028, 43.4193, 0.000265265, 20.1119, 0.000169305, -103.332
2770, 46.15833, 4.61587, -18.0559, 5.97185, -23.6064, 3.02604, -125.388, 0.000134977, 43.3496, 0.000265867, 20.1844, 0.000170144, -103.314
2770, 46.16667, 4.61813, -18.1297, 5.98176, -23.5798, 3.04271, -125.461, 0.000134925, 43.2798, 0.00026647, 20.2565, 0.000170984, -103.296
2771, 46.17500, 4.62038, -18.2036, 5.99166, -23.5534, 3.05941, -125.534, 0.000134873, 43.2099, 0.000267073, 20.3283, 0.000171825, -103.279
2771, 46.18333, 4.62262, -18.2776, 6.00154, -23.5272, 3.07613, -125.606, 0.000134821, 43.1398, 0.000267677, 20.3997, 0.000172667, -103.261
2772, 46.19167, 4.62485, -18.3517, 6.01142, -23.5012, 3.09288, -125.677, 0.000134768, 43.0696, 0.00026828, 20.4709, 0.00017351, -103.244
2772, 46.20000, 4.62707, -18.4257, 6.02128, -23.4753, 3.10965, -125.749, 0.000134715, 42.9993, 0.000268884, 20.5417, 0.000174354, -103.227
2773, 46.20833, 4.62927, -18.4999, 6.03113, -23.4496, 3.12645, -125.819, 0.000134661, 42.9289, 0.000269487, 20.6122, 0.000175199, -103.21
2773, 46.21667, 4.63147, -18.5742, 6.04097, -23.4241, 3.14327, -125.89, 0.000134607, 42.8583, 0.000270091, 20.6824, 0.000176046, -103.194
2774, 46.22500, 4.63366, -18.6484, 6.05079, -23.3988, 3.16012, -125.96, 0.000134552, 42.7876, 0.000270695, 20.7522, 0.000176894, -103.177
2774, 46.23333, 4.63583, -18.7228, 6.0606, -23.3736, 3.17699, -126.029, 0.000134497, 42.7168, 0.000271299, 20.8218, 0.000177742, -103.161
2775, 46.24167, 4.63799, -18.7972, 6.0704, -23.3486, 3.19389, -126.098, 0.000134442, 42.6459, 0.000271904, 20.891, 0.000178592, -103.145
2775, 46.25000, 4.64015, -18.8717, 6.08018, -23.3237, 3.21082, -126.167, 0.000134386, 42.5748, 0.000272508, 20.9599, 0.000179443, -103.129
2776, 46.25833, 4.64229, -18.9463, 6.08995, -23.2991, 3.22776, -126.235, 0.00013433, 42.5037, 0.000273112, 21.0285, 0.000180295, -103.113
2776, 46.26667, 4.64442, -19.0209, 6.09971, -23.2745, 3.24474, -126.303, 0.000134274, 42.4324, 0.000273717, 21.0968, 0.000181148, -103.098
2777, 46.27500, 4.64653, -19.0956, 6.10946, -23.2502, 3.26173, -126.371, 0.000134217, 42.361, 0.000274322, 21.1648, 0.000182002, -103.083
2777, 46.28333, 4.64864, -19.1703, 6.11919, -23.226, 3.27875, -126.438, 0.000134159, 42.2894, 0.000274927, 21.2325, 0.000182857, -103.068
2778, 46.29167, 4.65074, -19.2451, 6.1289, -23.2019, 3.2958, -126.505, 0.000134101, 42.2178, 0.000275532, 21.3, 0.000183713, -103.053
2778, 46.30000, 4.65282, -19.32, 6.13861, -23.178, 3.31287, -126.571, 0.000134043, 42.146, 0.000276137, 21.3671, 0.000184571, -103.038
2779, 46.30833, 4.65489, -19.3949, 6.14829, -23.1543, 3.32996, -126.637, 0.000133984, 42.0741, 0.000276742, 21.4339, 0.000185429, -103.024
2779, 46.31667, 4.65695, -19.4699, 6.15797, -23.1307, 3.34708, -126.703, 0.000133925, 42.0021, 0.000277347, 21.5004, 0.000186289, -103.009
2780, 46.32500, 4.659, -19.5449, 6.16763, -23.1073, 3.36423, -126.769, 0.000133866, 41.93, 0.000277952, 21.5667, 0.00018715, -102.995
2780, 46.33333, 4.66104, -19.62, 6.17728, -23.084, 3.38139, -126.834, 0.000133806, 41.8577, 0.000278558, 21.6326, 0.000188011, -102.981
2781, 46.34167, 4.66306, -19.6952, 6.18691, -23.0609, 3.39859, -126.898, 0.000133745, 41.7854, 0.000279163, 21.6983, 0.000188874, -102.968
2781, 46.35000, 4.66508, -19.7704, 6.19653, -23.0379, 3.4158, -126.963, 0.000133684, 41.7129, 0.000279769, 21.7637, 0.000189738, -102.954
2782, 46.35833, 4.66708, -19.8456, 6.20613, -23.015, 3.43304, -127.027, 0.000133623, 41.6403, 0.000280375, 21.8289, 0.000190603, -102.941
2782, 46.36667, 4.66907, -19.921, 6.21572, -22.9923, 3.45031, -127.09, 0.000133561, 41.5676, 0.00028098, 21.8937, 0.000191469, -102.928
2783, 46.37500, 4.67105, -19.9964, 6.2253, -22.9697, 3.4676, -127.154, 0.000133499, 41.4947, 0.000281586, 21.9583, 0.000192337, -102.915
2783, 46.38333, 4.67301, -20.0718, 6.23486, -22.9473, 3.48491, -127.217, 0.000133437, 41.4218, 0.000282192, 22.0226, 0.000193205, -102.902
2784, 46.39167, 4.67497, -20.1473, 6.2444, -22.925, 3.50225, -127.28, 0.000133374, 41.3487, 0.000282798, 22.0866, 0.000194074, -102.889
2784, 46.40000, 4.67691, -20.2229, 6.25393, -22.9028, 3.51961, -127.342, 0.00013331, 41.2755, 0.000283404, 22.1504, 0.000194945, -102.877
2785, 46.40833, 4.67884, -20.2985, 6.26345, -22.8808, 3.53699, -127.404, 0.000133246, 41.2023, 0.00028401, 22.2139, 0.000195817, -102.864
2785, 46.41667, 4.68076, -20.3742, 6.27295, -22.8589, 3.5544, -127.466, 0.000133182, 41.1288, 0.000284616, 22.2772, 0.000196689, -102.852
2786, 46.42500, 4.68266, -20.4499, 6.28244, -22.8372, 3.57183, -127.528, 0.000133117, 41.0553, 0.000285222, 22.3402, 0.000197563, -102.84
2786, 46.43333, 4.68456, -20.5256, 6.29191, -22.8155, 3.58929, -127.589, 0.000133052, 40.9817, 0.000285828, 22.4029, 0.000198438, -102.828
2787, 46.44167, 4.68644, -20.6015, 6.30136, -22.794, 3.60677, -127.65, 0.000132986, 40.9079, 0.000286434, 22.4654, 0.000199314, -102.817
2787, 46.45000, 4.68831, -20.6773, 6.3108, -22.7726, 3.62427, -127.711, 0.00013292, 40.8341, 0.00028704, 22.5276, 0.000200191, -102.805
2788, 46.45833, 4.69016, -20.7533, 6.32023, -22.7514, 3.6418, -127.772, 0.000132854, 40.7601, 0.000287646, 22.5896, 0.000201069, -102.794
2788, 46.46667, 4.692, -20.8293, 6.32963, -22.7302, 3.65935, -127.832, 0.000132787, 40.686, 0.000288252, 22.6513, 0.000201949, -102.783
2789, 46.47500, 4.69384, -20.9053, 6.33903, -22.7092, 3.67692, -127.892, 0.000132719, 40.6118, 0.000288859, 22.7128, 0.000202829, -102.772
2789, 46.48333, 4.69565, -20.9814, 6.3484, -22.6883, 3.69451, -127.951, 0.000132651, 40.5375, 0.000289465, 22.7741, 0.00020371, -102.761
2790, 46.49167, 4.69746, -21.0575, 6.35777, -22.6676, 3.71214, -128.011, 0.000132583, 40.463, 0.000290071, 22.8351, 0.000204593, -102.75
2790, 46.50000, 4.69925, -21.1337, 6.36711, -22.6469, 3.72978, -128.07, 0.000132514, 40.3885, 0.000290677, 22.8959, 0.000205477, -102.74
2791, 46.50833, 4.70103, -21.2099, 6.37644, -22.6264, 3.74744, -128.129, 0.000132445, 40.3139, 0.000291283, 22.9564, 0.000206361, -102.729
2791, 46.51667, 4.7028, -21.2862, 6.38576, -22.6059, 3.76513, -128.188, 0.000132375, 40.2391, 0.00029189, 23.0167, 0.000207247, -102.719
2792, 46.52500, 4.70456, -21.3625, 6.39505, -22.5856, 3.78285, -128.246, 0.000132305, 40.1642, 0.000292496, 23.0767, 0.000208134, -102.709
2792, 46.53333, 4.7063, -21.4389, 6.40434, -22.5654, 3.80058, -128.305, 0.000132235, 40.0892, 0.000293102, 23.1366, 0.000209022, -102.699
2793, 46.54167, 4.70803, -21.5153, 6.4136, -22.5453, 3.81834, -128.363, 0.000132164, 40.0141, 0.000293708, 23.1962, 0.000209911, -102.689
2793, 46.55000, 4.70974, -21.5918, 6.42285, -22.5253, 3.83612, -128.421, 0.000132092, 39.9389, 0.000294314, 23.2556, 0.000210801, -102.68
2794, 46.55833, 4.71144, -21.6683, 6.43208, -22.5054, 3.85393, -128.478, 0.00013202, 39.8636, 0.00029492, 23.3147, 0.000211693, -102.67
2794, 46.56667, 4.71314, -21.7449, 6.4413, -22.4856, 3.87176, -128.535, 0.000131948, 39.7882, 0.000295526, 23.3737, 0.000212585, -102.661
2795, 46.57500, 4.71481, -21.8215, 6.4505, -22.4659, 3.8896, -128.593, 0.000131875, 39.7127, 0.000296133, 23.4324, 0.000213478, -102.652
2795, 46.58333, 4.71648, -21.8981, 6.45968, -22.4464, 3.90748, -128.65, 0.000131802, 39.6371, 0.000296739, 23.4909, 0.000214373, -102.643
2796, 46.59167, 4.71813, -21.9748, 6.46885, -22.4269, 3.92537, -128.706, 0.000131728, 39.5613, 0.000297345, 23.5492, 0.000215269, -102.634
2796, 46.60000, 4.71976, -22.0515, 6.478, -22.4075, 3.94329, -128.763, 0.000131654, 39.4855, 0.000297951, 23.6072, 0.000216165, -102.626
2797, 46.60833, 4.72139, -22.1283, 6.48713, -22.3882, 3.96123, -128.819, 0.000131579, 39.4095, 0.000298556, 23.6651, 0.000217063, -102.617
2797, 46.61667, 4.723, -22.2051, 6.49625, -22.369, 3.9792, -128.875, 0.000131504, 39.3335, 0.000299162, 23.7227, 0.000217962, -102.609
2798, 46.62500, 4.7246, -22.282, 6.50535, -22.3499, 3.99718, -128.931, 0.000131429, 39.2573, 0.000299768, 23.7802, 0.000218862, -102.6
2798, 46.63333, 4.72618, -22.3589, 6.51443, -22.3309, 4.01519, -128.987, 0.000131353, 39.1811, 0.000300374, 23.8374, 0.000219763, -102.592
2799, 46.64167, 4.72775, -22.4358, 6.5235, -22.312, 4.03322, -129.042, 0.000131276, 39.1047, 0.00030098, 23.8945, 0.000220665, -102.584
2799, 46.65000, 4.72931, -22.5128, 6.53254, -22.2931, 4.05127, -129.098, 0.0001312, 39.0282, 0.000301585, 23.9513, 0.000221568, -102.577
2800, 46.65833, 4.73085, -22.5898, 6.54157, -22.2744, 4.06934, -129.153, 0.000131122, 38.9516, 0.000302191, 24.0079, 0.000222472, -102.569
2800, 46.66667, 4.73238, -22.6669, 6.55059, -22.2557, 4.08744, -129.208, 0.000131044, 38.8749, 0.000302797, 24.0644, 0.000223378, -102.562
2801, 46.67500, 4.7339, -22.744, 6.55958, -22.2372, 4.10556, -129.263, 0.000130966, 38.7982, 0.000303402, 24.1206, 0.000224284, -102.554
2801, 46.68333, 4.7354, -22.8211, 6.56856, -22.2187, 4.1237, -129.317, 0.000130887, 38.7213, 0.000304007, 24.1767, 0.000225192, -102.547
2802, 46.69167, 4.73689, -22.8983, 6.57753, -22.2003, 4.14187, -129.372, 0.000130808, 38.6443, 0.000304613, 24.2325, 0.0002261, -102.54
2802, 46.70000, 4.73836, -22.9755, 6.58647, -22.1819, 4.16005, -129.426, 0.000130729, 38.5672, 0.000305218, 24.2882, 0.00022701, -102.533
2803, 46.70833, 4.73983, -23.0527, 6.5954, -22.1637, 4.17826, -129.48, 0.000130648, 38.49, 0.000305823, 24.3436, 0.000227921, -102.526
2803, 46.71667, 4.74127, -23.13, 6.6043, -22.1455, 4.19649, -129.534, 0.000130568, 38.4127, 0.000306428, 24.3989, 0.000228832, -102.519
2804, 46.72500, 4.74271, -23.2073, 6.6132, -22.1274, 4.21474, -129.588, 0.000130487, 38.3353, 0.000307034, 24.454, 0.000229745, -102.513
2804, 46.73333, 4.74413, -23.2847, 6.62207, -22.1094, 4.23301, -129.642, 0.000130405, 38.2578, 0.000307639, 24.509, 0.000230659, -102.506
2805, 46.74167, 4.74553, -23.3621, 6.63093, -22.0914, 4.2513, -129.695, 0.000130323, 38.1802, 0.000308243, 24.5637, 0.000231574, -102.5
2805, 46.75000, 4.74693, -23.4395, 6.63976, -22.0735, 4.26962, -129.748, 0.000130241, 38.1025, 0.000308848, 24.6183, 0.00023249, -102.494
2806, 46.75833, 4.7483, -23.5169, 6.64858, -22.0557, 4.28795, -129.802, 0.000130158, 38.0247, 0.000309453, 24.6727, 0.000233408, -102.488
2806, 46.76667, 4.74967, -23.5944, 6.65739, -22.038, 4.30631, -129.855, 0.000130075, 37.9468, 0.000310058, 24.7269, 0.000234326, -102.482
2807, 46.77500, 4.75102, -23.6719, 6.66617, -22.0203, 4.32469, -129.907, 0.000129991, 37.8689, 0.000310662, 24.7809, 0.000235245, -102.476
2807, 46.78333, 4.75235, -23.7495, 6.67494, -22.0027, 4.34309, -129.96, 0.000129907, 37.7908, 0.000311267, 24.8348, 0.000236165, -102.471
2808, 46.79167, 4.75367, -23.827, 6.68368, -21.9852, 4.36151, -130.013, 0.000129822, 37.7126, 0.000311871, 24.8885, 0.000237087, -102.465
2808, 46.80000, 4.75498, -23.9046, 6.69241, -21.9677, 4.37996, -130.065, 0.000129737, 37.6343, 0.000312475, 24.942, 0.000238009, -102.46
2809, 46.80833, 4.75627, -23.9822, 6.70113, -21.9502, 4.39842, -130.117, 0.000129651, 37.556, 0.000313079, 24.9954, 0.000238933, -102.455
2809, 46.81667, 4.75755, -24.0599, 6.70982, -21.9329, 4.41691, -130.17, 0.000129565, 37.4775, 0.000313684, 25.0486, 0.000239858, -102.45
2810, 46.82500, 4.75882, -24.1376, 6.71849, -21.9156, 4.43541, -130.222, 0.000129478, 37.3989, 0.000314287, 25.1016, 0.000240783, -102.445
2810, 46.83333, 4.76007, -24.2153, 6.72715, -21.8983, 4.45394, -130.273, 0.000129391, 37.3203, 0.000314891, 25.1545, 0.00024171, -102.44
2811, 46.84167, 4.7613, -24.293, 6.73579, -21.8811, 4.47249, -130.325, 0.000129304, 37.2415, 0.000315495, 25.2072, 0.000242638, -102.435
2811, 46.85000, 4.76252, -24.3708, 6.74441, -21.864, 4.49106, -130.377, 0.000129216, 37.1627, 0.000316099, 25.2598, 0.000243567, -102.431
2812, 46.85833, 4.76373, -24.4486, 6.75301, -21.8469, 4.50964, -130.428, 0.000129127, 37.0838, 0.000316702, 25.3122, 0.000244497, -102.426
2812, 46.86667, 4.76492, -24.5264, 6.7616, -21.8299, 4.52826, -130.48, 0.000129038, 37.0047, 0.000317306, 25.3644, 0.000245428, -102.422
2813, 46.87500, 4.7661, -24.6042, 6.77016, -21.8129, 4.54689, -130.531, 0.000128949, 36.9256, 0.000317909, 25.4165, 0.00024636, -102.418
2813, 46.88333, 4.76726, -24.6821, 6.77871, -21.796, 4.56554, -130.582, 0.000128859, 36.8464, 0.000318512, 25.4685, 0.000247293, -102.413
2814, 46.89167, 4.76841, -24.76, 6.78724, -21.7791, 4.58421, -130.633, 0.000128769, 36.7671, 0.000319115, 25.5203, 0.000248227, -102.409
2814, 46.90000, 4.76955, -24.8379, 6.79574, -21.7622, 4.6029, -130.684, 0.000128678, 36.6877, 0.000319718, 25.5719, 0.000249162, -102.406
2814, 46.90833, 4.77066, -24.9158, 6.80423, -21.7454, 4.62161, -130.734, 0.000128587, 36.6082, 0.000320321, 25.6234, 0.000250098, -102.402
2815, 46.91667, 4.77177, -24.9937, 6.81271, -21.7287, 4.64035, -130.785, 0.000128495, 36.5286, 0.000320924, 25.6748, 0.000251035, -102.398
2816, 46.92500, 4.77286, -25.0717, 6.82116, -21.712, 4.6591, -130.836, 0.000128403, 36.449, 0.000321526, 25.726, 0.000251974, -102.395
2816, 46.93333, 4.77393, -25.1497, 6.82959, -21.6953, 4.67787, -130.886, 0.00012831, 36.3692, 0.000322129, 25.7771, 0.000252913, -102.391
2817, 46.94167, 4.77499, -25.2277, 6.83801, -21.6786, 4.69667, -130.936, 0.000128217, 36.2894, 0.000322731, 25.828, 0.000253854, -102.388
2817, 46.95000, 4.77604, -25.3057, 6.84641, -21.662, 4.71548, -130.986, 0.000128123, 36.2095, 0.000323333, 25.8788, 0.000254795, -102.385
2818, 46.95833, 4.77707, -25.3837, 6.85478, -21.6455, 4.73431, -131.037, 0.000128029, 36.1295, 0.000323935, 25.9295, 0.000255738, -102.382
2818, 46.96667, 4.77808, -25.4618, 6.86314, -21.629, 4.75317, -131.087, 0.000127935, 36.0493, 0.000324537, 25.98, 0.000256681, -102.379
2818, 46.97500, 4.77908, -25.5398, 6.87148, -21.6125, 4.77204, -131.136, 0.00012784, 35.9692, 0.000325139, 26.0304, 0.000257626, -102.376
2819, 46.98333, 4.78007, -25.6179, 6.8798, -21.596, 4.79093, -131.186, 0.000127744, 35.8889, 0.000325741, 26.0807, 0.000258571, -102.374
2820, 46.99167, 4.78104, -25.696, 6.8881, -21.5796, 4.80984, -131.236, 0.000127648, 35.8085, 0.000326343, 26.1308, 0.000259518, -102.371
2820, 47.00000, 4.78199, -25.7741, 6.89639, -21.5632, 4.82877, -131.285, 0.000127552, 35.7281, 0.000326944, 26.1808, 0.000260466, -102.369
2821, 47.00833, 4.78294, -25.8523, 6.90465, -21.5468, 4.84772, -131.335, 0.000127455, 35.6476, 0.000327545, 26.2307, 0.000261414, -102.366
2821, 47.01667, 4.78386, -25.9304, 6.9129, -21.5304, 4.8667, -131.384, 0.000127358, 35.567, 0.000328146, 26.2805, 0.000262364, -102.364
2822, 47.02500, 4.78477, -26.0085, 6.92112, -21.5141, 4.88569, -131.433, 0.00012726, 35.4863, 0.000328747, 26.3301, 0.000263315, -102.362
2822, 47.03333, 4.78567, -26.0867, 6.92933, -21.4978, 4.90469, -131.483, 0.000127162, 35.4055, 0.000329348, 26.3796, 0.000264267, -102.36
2822, 47.04167, 4.78654, -26.1649, 6.93752, -21.4815, 4.92372, -131.532, 0.000127063, 35.3246, 0.000329949, 26.429, 0.00026522, -102.358
2823, 47.05000, 4.78741, -26.2431, 6.94568, -21.4653, 4.94277, -131.581, 0.000126964, 35.2437, 0.00033055, 26.4782, 0.000266174, -102.356
2824, 47.05833, 4.78826, -26.3213, 6.95383, -21.4491, 4.96184, -131.629, 0.000126864, 35.1627, 0.00033115, 26.5274, 0.000267128, -102.355
2824, 47.06667, 4.78909, -26.3995, 6.96196, -21.4328, 4.98092, -131.678, 0.000126764, 35.0816, 0.000331751, 26.5764, 0.000268084, -102.353
2825, 47.07500, 4.78991, -26.4777, 6.97007, -21.4166, 5.00003, -131.727, 0.000126663, 35.0004, 0.000332351, 26.6253, 0.000269041, -102.352
2825, 47.08333, 4.79071, -26.5559, 6.97817, -21.4005, 5.01915, -131.776, 0.000126562, 34.9192, 0.000332951, 26.6741, 0.000269999, -102.35
2826, 47.09167, 4.7915, -26.6341, 6.98624, -21.3843, 5.03829, -131.824, 0.00012646, 34.8378, 0.000333551, 26.7228, 0.000270958, -102.349
2826, 47.10000, 4.79227, -26.7123, 6.99429, -21.3681, 5.05745, -131.873, 0.000126358, 34.7564, 0.000334151, 26.7714, 0.000271918, -102.348
2826, 47.10833, 4.79303, -26.7906, 7.00233, -21.352, 5.07663, -131.921, 0.000126256, 34.6749, 0.00033475, 26.8199, 0.000272879, -102.347
2827, 47.11667, 4.79377, -26.8688, 7.01034, -21.3359, 5.09583, -131.969, 0.000126153, 34.5933, 0.00033535, 26.8682, 0.000273841, -102.346
2828, 47.12500, 4.7945, -26.9471, 7.01834, -21.3198, 5.11505, -132.017, 0.000126049, 34.5117, 0.000335949, 26.9165, 0.000274804, -102.345
2828, 47.13333, 4.79521, -27.0253, 7.02631, -21.3037, 5.13428, -132.066, 0.000125945, 34.43, 0.000336549, 26.9646, 0.000275768, -102.345
2829, 47.14167, 4.7959, -27.1036, 7.03427, -21.2875, 5.15353, -132.114, 0.000125841, 34.3482, 0.000337148, 27.0127, 0.000276733, -102.344
2829, 47.15000, 4.79658, -27.1818, 7.04221, -21.2715, 5.1728, -132.162, 0.000125736, 34.2663, 0.000337747, 27.0606, 0.000277699, -102.344
2830, 47.15833, 4.79725, -27.2601, 7.05013, -21.2554, 5.19209, -132.21, 0.000125631, 34.1843, 0.000338346, 27.1085, 0.000278666, -102.343
2830, 47.16667, 4.7979, -27.3383, 7.05802, -21.2393, 5.2114, -132.257, 0.000125525, 34.1023, 0.000338944, 27.1562, 0.000279635, -102.343
2830, 47.17500, 4.79853, -27.4166, 7.0659, -21.2232, 5.23073, -132.305, 0.000125419, 34.0202, 0.000339543, 27.2038, 0.000280604, -102.343
2831, 47.18333, 4.79915, -27.4948, 7.07376, -21.2071, 5.25007, -132.353, 0.000125312, 33.9381, 0.000340141, 27.2514, 0.000281574, -102.343
2832, 47.19167, 4.79975, -27.5731, 7.08161, -21.191, 5.26943, -132.4, 0.000125205, 33.8558, 0.00034074, 27.2988, 0.000282545, -102.343
2832, 47.20000, 4.80033, -27.6513, 7.08943, -21.1749, 5.28881, -132.448, 0.000125097, 33.7735, 0.000341338, 27.3462, 0.000283517, -102.343
2833, 47.20833, 4.8009, -27.7296, 7.09723, -21.1588, 5.30821, -132.495, 0.000124989, 33.6911, 0.000341936, 27.3935, 0.00028449, -102.343
2833, 47.21667, 4.80146, -27.8078, 7.10501, -21.1427, 5.32762, -132.543, 0.000124881, 33.6087, 0.000342534, 27.4406, 0.000285464, -102.343
2834, 47.22500, 4.802, -27.886, 7.11278, -21.1266, 5.34705, -132.59, 0.000124771, 33.5261, 0.000343131, 27.4877, 0.000286439, -102.344
2834, 47.23333, 4.80252, -27.9643, 7.12052, -21.1105, 5.3665, -132.637, 0.000124662, 33.4435, 0.000343729, 27.5347, 0.000287415, -102.344
2834, 47.24167, 4.80303, -28.0425, 7.12825, -21.0944, 5.38597, -132.684, 0.000124552, 33.3609, 0.000344326, 27.5816, 0.000288392, -102.345
2835, 47.25000, 4.80352, -28.1207, 7.13595, -21.0783, 5.40545, -132.731, 0.000124441, 33.2781, 0.000344924, 27.6284, 0.00028937, -102.346
2836, 47.25833, 4.80399, -28.1989, 7.14364, -21.0622, 5.42495, -132.779, 0.000124331, 33.1953, 0.000345521, 27.6751, 0.000290349, -102.346
2836, 47.26667, 4.80445, -28.2771, 7.15131, -21.046, 5.44447, -132.825, 0.000124219, 33.1125, 0.000346118, 27.7218, 0.000291329, -102.347
2837, 47.27500, 4.8049, -28.3553, 7.15896, -21.0299, 5.46401, -132.872, 0.000124107, 33.0295, 0.000346715, 27.7684, 0.00029231, -102.348
2837, 47.28333, 4.80533, -28.4335, 7.16659, -21.0137, 5.48356, -132.919, 0.000123995, 32.9465, 0.000347311, 27.8148, 0.000293292, -102.349
2838, 47.29167, 4.80574, -28.5117, 7.1742, -20.9975, 5.50313, -132.966, 0.000123882, 32.8635, 0.000347908, 27.8612, 0.000294274, -102.351
2838, 47.30000, 4.80614, -28.5899, 7.18179, -20.9813, 5.52271, -133.013, 0.000123769, 32.7803, 0.000348505, 27.9076, 0.000295258, -102.352
2838, 47.30833, 4.80652, -28.668, 7.18936, -20.9651, 5.54232, -133.059, 0.000123655, 32.6971, 0.000349101, 27.9538, 0.000296243, -102.353
2839, 47.31667, 4.80688, -28.7462, 7.19691, -20.9488, 5.56194, -133.106, 0.000123541, 32.6139, 0.000349697, 28, 0.000297229, -102.355
2840, 47.32500, 4.80723, -28.8243, 7.20445, -20.9326, 5.58157, -133.153, 0.000123426, 32.5305, 0.000350293, 28.046, 0.000298216, -102.356
2840, 47.33333, 4.80756, -28.9024, 7.21196, -20.9163, 5.60122, -133.199, 0.000123311, 32.4472, 0.000350889, 28.0921, 0.000299203, -102.358
2841, 47.34167, 4.80788, -28.9805, 7.21946, -20.9, 5.62089, -133.245, 0.000123196, 32.3637, 0.000351485, 28.138, 0.000300192, -102.36
2841, 47.35000, 4.80818, -29.0586, 7.22693, -20.8837, 5.64058, -133.292, 0.00012308, 32.2802, 0.000352081, 28.1839, 0.000301182, -102.362
2842, 47.35833, 4.80846, -29.1367, 7.23439, -20.8673, 5.66028, -133.338, 0.000122963, 32.1966, 0.000352676, 28.2297, 0.000302172, -102.363
2842, 47.36667, 4.80873, -29.2147, 7.24183, -20.851, 5.68, -133.384, 0.000122846, 32.113, 0.000353272, 28.2754, 0.000303164, -102.365
2842, 47.37500, 4.80899, -29.2927, 7.24924, -20.8346, 5.69973, -133.431, 0.000122729, 32.0293, 0.000353867, 28.321, 0.000304156, -102.368
2843, 47.38333, 4.80922, -29.3708, 7.25664, -20.8181, 5.71948, -133.477, 0.000122611, 31.9455, 0.000354462, 28.3666, 0.00030515, -102.37
2844, 47.39167, 4.80944, -29.4488, 7.26403, -20.8017, 5.73925, -133.523, 0.000122493, 31.8617, 0.000355058, 28.4121, 0.000306144, -102.372
2844, 47.40000, 4.80965, -29.5267, 7.27139, -20.7852, 5.75903, -133.569, 0.000122374, 31.7778, 0.000355653, 28.4576, 0.000307139, -102.374
2845, 47.40833, 4.80984, -29.6047, 7.27873, -20.7687, 5.77882, -133.615, 0.000122255, 31.6939, 0.000356247, 28.503, 0.000308136, -102.377
2845, 47.41667, 4.81001, -29.6826, 7.28605, -20.7521, 5.79864, -133.661, 0.000122135, 31.6099, 0.000356842, 28.5483, 0.000309133, -102.379
2846, 47.42500, 4.81016, -29.7606, 7.29336, -20.7355, 5.81846, -133.707, 0.000122015, 31.5259, 0.000357437, 28.5936, 0.000310131, -102.382
2846, 47.43333, 4.81031, -29.8384, 7.30065, -20.7189, 5.83831, -133.752, 0.000121895, 31.4418, 0.000358031, 28.6388, 0.00031113, -102.385
2846, 47.44167, 4.81043, -29.9163, 7.30791, -20.7023, 5.85817, -133.798, 0.000121773, 31.3576, 0.000358626, 28.6839, 0.00031213, -102.388
2847, 47.45000, 4.81054, -29.9942, 7.31516, -20.6856, 5.87804, -133.844, 0.000121652, 31.2734, 0.00035922, 28.729, 0.000313131, -102.391
2848, 47.45833, 4.81063, -30.072, 7.32239, -20.6688, 5.89793, -133.89, 0.00012153, 31.1891, 0.000359814, 28.774, 0.000314133, -102.393
2848, 47.46667, 4.81071, -30.1498, 7.3296, -20.6521, 5.91784, -133.935, 0.000121408, 31.1048, 0.000360408, 28.819, 0.000315136, -102.397
2849, 47.47500, 4.81077, -30.2276, 7.3368, -20.6353, 5.93776, -133.981, 0.000121285, 31.0204, 0.000361002, 28.8639, 0.00031614, -102.4
2849, 47.48333, 4.81081, -30.3053, 7.34397, -20.6184, 5.95769, -134.026, 0.000121161, 30.936, 0.000361596, 28.9088, 0.000317144, -102.403
2850, 47.49167, 4.81084, -30.383, 7.35113, -20.6015, 5.97764, -134.072, 0.000121038, 30.8515, 0.00036219, 28.9536, 0.00031815, -102.406
2850, 47.50000, 4.81085, -30.4607, 7.35826, -20.5846, 5.99761, -134.117, 0.000120914, 30.767, 0.000362783, 28.9983, 0.000319157, -102.41
2850, 47.50833, 4.81084, -30.5384, 7.36538, -20.5676, 6.01758, -134.162, 0.000120789, 30.6824, 0.000363377, 29.043, 0.000320164, -102.413
2851, 47.51667, 4.81082, -30.616, 7.37248, -20.5506, 6.03758, -134.208, 0.000120664, 30.5978, 0.000363971, 29.0876, 0.000321173, -102.417
2852, 47.52500, 4.81078, -30.6936, 7.37956, -20.5335, 6.05759, -134.253, 0.000120538, 30.5131, 0.000364564, 29.1322, 0.000322182, -102.42
2852, 47.53333, 4.81073, -30.7712, 7.38663, -20.5164, 6.07761, -134.298, 0.000120412, 30.4284, 0.000365157, 29.1768, 0.000323192, -102.424
2853, 47.54167, 4.81066, -30.8487, 7.39367, -20.4992, 6.09765, -134.344, 0.000120286, 30.3436, 0.00036575, 29.2213, 0.000324203, -102.428
2853, 47.55000, 4.81058, -30.9262, 7.4007, -20.482, 6.1177, -134.389, 0.000120159, 30.2587, 0.000366343, 29.2657, 0.000325215, -102.432
2854, 47.55833, 4.81047, -31.0037, 7.40771, -20.4647, 6.13776, -134.434, 0.000120032, 30.1739, 0.000366936, 29.3101, 0.000326228, -102.436
2854, 47.56667, 4.81036, -31.0811, 7.4147, -20.4474, 6.15785, -134.479, 0.000119904, 30.0889, 0.000367529, 29.3545, 0.000327242, -102.44
2854, 47.57500, 4.81022, -31.1585, 7.42167, -20.43, 6.17794, -134.524, 0.000119776, 30.004, 0.000368122, 29.3988, 0.000328257, -102.444
2855, 47.58333, 4.81007, -31.2359, 7.42862, -20.4126, 6.19805, -134.569, 0.000119647, 29.919, 0.000368715, 29.4431, 0.000329272, -102.448
2856, 47.59167, 4.80991, -31.3132, 7.43556, -20.3951, 6.21817, -134.614, 0.000119518, 29.8339, 0.000369308, 29.4873, 0.000330289, -102.452
2856, 47.60000, 4.80972, -31.3905, 7.44248, -20.3776, 6.23831, -134.659, 0.000119388, 29.7488, 0.0003699, 29.5315, 0.000331306, -102.457
2857, 47.60833, 4.80952, -31.4677, 7.44938, -20.36, 6.25845, -134.703, 0.000119258, 29.6636, 0.000370493, 29.5756, 0.000332324, -102.461
2857, 47.61667, 4.80931, -31.545, 7.45626, -20.3424, 6.27862, -134.748, 0.000119128, 29.5784, 0.000371085, 29.6197, 0.000333344, -102.465
2858, 47.62500, 4.80908, -31.6221, 7.46312, -20.3246, 6.29879, -134.793, 0.000118997, 29.4932, 0.000371677, 29.6638, 0.000334364, -102.47
2858, 47.63333, 4.80883, -31.6993, 7.46997, -20.3069, 6.31898, -134.838, 0.000118866, 29.4079, 0.00037227, 29.7078, 0.000335385, -102.475
2858, 47.64167, 4.80857, -31.7764, 7.4768, -20.289, 6.33919, -134.882, 0.000118734, 29.3226, 0.000372862, 29.7518, 0.000336406, -102.479
2859, 47.65000, 4.80829, -31.8534, 7.48361, -20.2711, 6.3594, -134.927, 0.000118602, 29.2372, 0.000373454, 29.7957, 0.000337429, -102.484
2860, 47.65833, 4.80799, -31.9304, 7.4904, -20.2532, 6.37963, -134.972, 0.00011847, 29.1518, 0.000374046, 29.8396, 0.000338453, -102.489
2860, 47.66667, 4.80768, -32.0074, 7.49718, -20.2352, 6.39988, -135.016, 0.000118336, 29.0664, 0.000374638, 29.8835, 0.000339477, -102.494
2861, 47.67500, 4.80735, -32.0843, 7.50394, -20.2171, 6.42013, -135.061, 0.000118203, 28.9809, 0.00037523, 29.9274, 0.000340502, -102.499
2861, 47.68333, 4.80701, -32.1612, 7.51068, -20.1989, 6.4404, -135.105, 0.000118069, 28.8954, 0.000375822, 29.9712, 0.000341529, -102.504
2862, 47.69167, 4.80665, -32.238, 7.51741, -20.1807, 6.46068, -135.149, 0.000117935, 28.8098, 0.000376414, 30.0149, 0.000342556, -102.509
2862, 47.70000, 4.80627, -32.3148, 7.52411, -20.1624, 6.48098, -135.194, 0.0001178, 28.7242, 0.000377006, 30.0587, 0.000343584, -102.514
2862, 47.70833, 4.80588, -32.3915, 7.5308, -20.1441, 6.50128, -135.238, 0.000117665, 28.6386, 0.000377598, 30.1024, 0.000344612, -102.52
2863, 47.71667, 4.80547, -32.4682, 7.53748, -20.1256, 6.5216, -135.283, 0.000117529, 28.5529, 0.00037819, 30.1461, 0.000345642, -102.525
2864, 47.72500, 4.80504, -32.5448, 7.54413, -20.1071, 6.54193, -135.327, 0.000117393, 28.4672, 0.000378782, 30.1897, 0.000346673, -102.531
2864, 47.73333, 4.8046, -32.6214, 7.55077, -20.0886, 6.56228, -135.371, 0.000117257, 28.3815, 0.000379373, 30.2334, 0.000347704, -102.536
2865, 47.74167, 4.80415, -32.698, 7.55739, -20.0699, 6.58264, -135.415, 0.00011712, 28.2957, 0.000379965, 30.277, 0.000348736, -102.542
2865, 47.75000, 4.80367, -32.7745, 7.564, -20.0512, 6.603, -135.459, 0.000116983, 28.2099, 0.000380557, 30.3205, 0.000349769, -102.547
2866, 47.75833, 4.80318, -32.8509, 7.57059, -20.0324, 6.62339, -135.503, 0.000116845, 28.124, 0.000381148, 30.3641, 0.000350803, -102.553
2866, 47.76667, 4.80268, -32.9273, 7.57716, -20.0136, 6.64378, -135.548, 0.000116707, 28.0381, 0.00038174, 30.4076, 0.000351838, -102.559
2866, 47.77500, 4.80216, -33.0036, 7.58372, -19.9946, 6.66418, -135.592, 0.000116568, 27.9522, 0.000382332, 30.4511, 0.000352873, -102.565
2867, 47.78333, 4.80162, -33.0799, 7.59026, -19.9756, 6.6846, -135.636, 0.000116429, 27.8663, 0.000382923, 30.4946, 0.00035391, -102.57
2868, 47.79167, 4.80107, -33.1561, 7.59678, -19.9565, 6.70503, -135.68, 0.00011629, 27.7803, 0.000383515, 30.538, 0.000354947, -102.576
2868, 47.80000, 4.8005, -33.2323, 7.60328, -19.9373, 6.72547, -135.723, 0.00011615, 27.6943, 0.000384106, 30.5814, 0.000355985, -102.582
2869, 47.80833, 4.79991, -33.3084, 7.60977, -19.9181, 6.74592, -135.767, 0.00011601, 27.6083, 0.000384698, 30.6248, 0.000357024, -102.589
2869, 47.81667, 4.79931, -33.3845, 7.61625, -19.8988, 6.76639, -135.811, 0.000115869, 27.5222, 0.000385289, 30.6682, 0.000358064, -102.595
2870, 47.82500, 4.79869, -33.4604, 7.62271, -19.8793, 6.78686, -135.855, 0.000115728, 27.4361, 0.000385881, 30.7116, 0.000359105, -102.601
2870, 47.83333, 4.79806, -33.5364, 7.62915, -19.8598, 6.80735, -135.899, 0.000115587, 27.35, 0.000386473, 30.7549, 0.000360146, -102.607
2870, 47.84167, 4.79741, -33.6123, 7.63557, -19.8403, 6.82785, -135.942, 0.000115445, 27.2638, 0.000387064, 30.7982, 0.000361188, -102.614
2871, 47.85000, 4.79674, -33.6881, 7.64198, -19.8206, 6.84835, -135.986, 0.000115303, 27.1776, 0.000387656, 30.8415, 0.000362231, -102.62
2872, 47.85833, 4.79606, -33.7638, 7.64838, -19.8009, 6.86887, -136.03, 0.00011516, 27.0914, 0.000388247, 30.8848, 0.000363275, -102.626
2872, 47.86667, 4.79536, -33.8395, 7.65476, -19.781, 6.88941, -136.073, 0.000115017, 27.0052, 0.000388839, 30.9281, 0.00036432, -102.633
2873, 47.87500, 4.79465, -33.9152, 7.66112, -19.7611, 6.90995, -136.117, 0.000114874, 26.9189, 0.000389431, 30.9713, 0.000365365, -102.64
2873, 47.88333, 4.79392, -33.9907, 7.66747, -19.7411, 6.9305, -136.161, 0.00011473, 26.8327, 0.000390022, 31.0145, 0.000366412, -102.646
2874, 47.89167, 4.79318, -34.0662, 7.6738, -19.721, 6.95106, -136.204, 0.000114585, 26.7463, 0.000390614, 31.0577, 0.000367459, -102.653
2874, 47.90000, 4.79242, -34.1417, 7.68012, -19.7008, 6.97164, -136.248, 0.000114441, 26.66, 0.000391206, 31.1009, 0.000368507, -102.66
2874, 47.90833, 4.79164, -34.2171, 7.68642, -19.6805, 6.99222, -136.291, 0.000114296, 26.5737, 0.000391798, 31.1441, 0.000369555, -102.667
2875, 47.91667, 4.79085, -34.2924, 7.69271, -19.6602, 7.01282, -136.334, 0.00011415, 26.4873, 0.000392389, 31.1873, 0.000370605, -102.673
2876, 47.92500, 4.79004, -34.3676, 7.69898, -19.6397, 7.03342, -136.378, 0.000114004, 26.4009, 0.000392981, 31.2305, 0.000371655, -102.68
2876, 47.93333, 4.78922, -34.4428, 7.70524, -19.6192, 7.05404, -136.421, 0.000113858, 26.3145, 0.000393573, 31.2736, 0.000372706, -102.687
2877, 47.94167, 4.78838, -34.5179, 7.71148, -19.5985, 7.07467, -136.464, 0.000113711, 26.228, 0.000394165, 31.3167, 0.000373758, -102.694
2877, 47.95000, 4.78752, -34.5929, 7.71771, -19.5778, 7.0953, -136.508, 0.000113564, 26.1415, 0.000394757, 31.3599, 0.000374811, -102.702
2878, 47.95833, 4.78665, -34.6679, 7.72392, -19.557, 7.11595, -136.551, 0.000113417, 26.0551, 0.000395349, 31.403, 0.000375864, -102.709
2878, 47.96667, 4.78576, -34.7428, 7.73012, -19.5361, 7.13661, -136.594, 0.000113269, 25.9686, 0.000395941, 31.4461, 0.000376919, -102.716
2878, 47.97500, 4.78486, -34.8176, 7.73631, -19.515, 7.15727, -136.637, 0.000113121, 25.882, 0.000396534, 31.4892, 0.000377974, -102.723
2879, 47.98333, 4.78394, -34.8924, 7.74248, -19.4939, 7.17795, -136.68, 0.000112972, 25.7955, 0.000397126, 31.5322, 0.00037903, -102.731
2880, 47.99167, 4.78301, -34.9671, 7.74863, -19.4727, 7.19863, -136.724, 0.000112823, 25.7089, 0.000397718, 31.5753, 0.000380086, -102.738
2880, 48.00000, 4.78206, -35.0417, 7.75478, -19.4514, 7.21933, -136.767, 0.000112674, 25.6223, 0.000398311, 31.6184, 0.000381144, -102.746
2881, 48.00833, 4.78109, -35.1162, 7.7609, -19.43, 7.24003, -136.81, 0.000112524, 25.5358, 0.000398903, 31.6614, 0.000382202, -102.753
2881, 48.01667, 4.78011, -35.1907, 7.76702, -19.4085, 7.26075, -136.853, 0.000112374, 25.4491, 0.000399496, 31.7045, 0.000383261, -102.761
2882, 48.02500, 4.77912, -35.2651, 7.77312, -19.3869, 7.28147, -136.896, 0.000112223, 25.3625, 0.000400089, 31.7475, 0.00038432, -102.768
2882, 48.03333, 4.7781, -35.3394, 7.77921, -19.3652, 7.30221, -136.938, 0.000112072, 25.2759, 0.000400681, 31.7906, 0.000385381, -102.776
2883, 48.04167, 4.77708, -35.4136, 7.78528, -19.3434, 7.32295, -136.981, 0.000111921, 25.1892, 0.000401274, 31.8336, 0.000386442, -102.784
2883, 48.05000, 4.77603, -35.4878, 7.79134, -19.3215, 7.3437, -137.024, 0.000111769, 25.1025, 0.000401867, 31.8766, 0.000387504, -102.791
2884, 48.05833, 4.77497, -35.5618, 7.79739, -19.2994, 7.36446, -137.067, 0.000111617, 25.0159, 0.000402461, 31.9196, 0.000388567, -102.799
2884, 48.06667, 4.7739, -35.6358, 7.80342, -19.2773, 7.38523, -137.11, 0.000111465, 24.9292, 0.000403054, 31.9626, 0.00038963, -102.807
2885, 48.07500, 4.77281, -35.7097, 7.80944, -19.2551, 7.40601, -137.152, 0.000111312, 24.8425, 0.000403647, 32.0056, 0.000390695, -102.815
2885, 48.08333, 4.77171, -35.7836, 7.81545, -19.2328, 7.4268, -137.195, 0.000111159, 24.7557, 0.000404241, 32.0487, 0.000391759, -102.823
2886, 48.09167, 4.77059, -35.8573, 7.82145, -19.2103, 7.44759, -137.238, 0.000111005, 24.669, 0.000404834, 32.0917, 0.000392825, -102.831
2886, 48.10000, 4.76945, -35.931, 7.82743, -19.1878, 7.4684, -137.28, 0.000110851, 24.5823, 0.000405428, 32.1347, 0.000393892, -102.839
2887, 48.10833, 4.7683, -36.0046, 7.8334, -19.1652, 7.48921, -137.323, 0.000110697, 24.4955, 0.000406022, 32.1777, 0.000394959, -102.847
2887, 48.11667, 4.76714, -36.0781, 7.83935, -19.1424, 7.51004, -137.366, 0.000110542, 24.4087, 0.000406616, 32.2207, 0.000396027, -102.855
2888, 48.12500, 4.76596, -36.1515, 7.8453, -19.1195, 7.53086, -137.408, 0.000110387, 24.322, 0.00040721, 32.2637, 0.000397096, -102.864
2888, 48.13333, 4.76476, -36.2248, 7.85123, -19.0966, 7.5517, -137.451, 0.000110232, 24.2352, 0.000407804, 32.3066, 0.000398165, -102.872
2889, 48.14167, 4.76355, -36.2981, 7.85715, -19.0735, 7.57255, -137.493, 0.000110076, 24.1484, 0.000408399, 32.3496, 0.000399235, -102.88
2889, 48.15000, 4.76232, -36.3712, 7.86306, -19.0503, 7.59341, -137.535, 0.00010992, 24.0616, 0.000408994, 32.3926, 0.000400306, -102.889
2890, 48.15833, 4.76108, -36.4443, 7.86896, -19.027, 7.61427, -137.578, 0.000109764, 23.9748, 0.000409588, 32.4356, 0.000401378, -102.897
2890, 48.16667, 4.75982, -36.5173, 7.87485, -19.0036, 7.63514, -137.62, 0.000109607, 23.888, 0.000410183, 32.4786, 0.00040245, -102.905
2891, 48.17500, 4.75855, -36.5902, 7.88072, -18.9801, 7.65602, -137.662, 0.00010945, 23.8012, 0.000410779, 32.5216, 0.000403523, -102.914
2891, 48.18333, 4.75727, -36.663, 7.88658, -18.9564, 7.67691, -137.705, 0.000109292, 23.7144, 0.000411374, 32.5646, 0.000404597, -102.922
2892, 48.19167, 4.75597, -36.7357, 7.89243, -18.9327, 7.6978, -137.747, 0.000109134, 23.6275, 0.00041197, 32.6076, 0.000405672, -102.931
2892, 48.20000, 4.75465, -36.8083, 7.89827, -18.9088, 7.7187, -137.789, 0.000108976, 23.5407, 0.000412565, 32.6506, 0.000406747, -102.94
2893, 48.20833, 4.75332, -36.8808, 7.9041, -18.8849, 7.73961, -137.831, 0.000108818, 23.4539, 0.000413161, 32.6936, 0.000407823, -102.948
2893, 48.21667, 4.75197, -36.9533, 7.90992, -18.8608, 7.76053, -137.873, 0.000108659, 23.367, 0.000413757, 32.7366, 0.0004089, -102.957
2894, 48.22500, 4.75061, -37.0256, 7.91572, -18.8366, 7.78146, -137.915, 0.0001085, 23.2802, 0.000414354, 32.7796, 0.000409977, -102.966
2894, 48.23333, 4.74923, -37.0979, 7.92152, -18.8123, 7.80239, -137.958, 0.00010834, 23.1933, 0.00041495, 32.8226, 0.000411055, -102.975
2895, 48.24167, 4.74784, -37.17, 7.92731, -18.7878, 7.82333, -138, 0.00010818, 23.1065, 0.000415547, 32.8657, 0.000412134, -102.983
2895, 48.25000, 4.74644, -37.2421, 7.93308, -18.7633, 7.84428, -138.042, 0.00010802, 23.0196, 0.000416144, 32.9087, 0.000413213, -102.992
2896, 48.25833, 4.74502, -37.314, 7.93885, -18.7386, 7.86523, -138.083, 0.000107859, 22.9328, 0.000416741, 32.9517, 0.000414293, -103.001
2896, 48.26667, 4.74358, -37.3859, 7.9446, -18.7138, 7.8862, -138.125, 0.000107698, 22.8459, 0.000417338, 32.9947, 0.000415374, -103.01
2897, 48.27500, 4.74213, -37.4577, 7.95035, -18.6889, 7.90716, -138.167, 0.000107537, 22.7591, 0.000417936, 33.0378, 0.000416456, -103.019
2897, 48.28333, 4.74067, -37.5294, 7.95608, -18.6639, 7.92814, -138.209, 0.000107375, 22.6722, 0.000418534, 33.0808, 0.000417538, -103.028
2898, 48.29167, 4.73919, -37.6009, 7.96181, -18.6388, 7.94912, -138.251, 0.000107213, 22.5854, 0.000419132, 33.1238, 0.000418621, -103.037
2898, 48.30000, 4.7377, -37.6724, 7.96752, -18.6135, 7.97011, -138.293, 0.000107051, 22.4986, 0.00041973, 33.1669, 0.000419705, -103.046
2899, 48.30833, 4.73619, -37.7438, 7.97323, -18.5881, 7.99111, -138.334, 0.000106888, 22.4117, 0.000420329, 33.2099, 0.000420789, -103.056
2899, 48.31667, 4.73467, -37.815, 7.97893, -18.5626, 8.01211, -138.376, 0.000106725, 22.3249, 0.000420928, 33.253, 0.000421874, -103.065
2900, 48.32500, 4.73313, -37.8862, 7.98461, -18.537, 8.03312, -138.418, 0.000106562, 22.238, 0.000421527, 33.2961, 0.00042296, -103.074
2900, 48.33333, 4.73158, -37.9573, 7.99029, -18.5113, 8.05413, -138.459, 0.000106399, 22.1512, 0.000422126, 33.3391, 0.000424046, -103.083
2901, 48.34167, 4.73001, -38.0282, 7.99596, -18.4854, 8.07516, -138.501, 0.000106235, 22.0644, 0.000422726, 33.3822, 0.000425134, -103.093
2901, 48.35000, 4.72843, -38.0991, 8.00162, -18.4594, 8.09618, -138.542, 0.00010607, 21.9775, 0.000423326, 33.4253, 0.000426221, -103.102
2902, 48.35833, 4.72684, -38.1698, 8.00728, -18.4333, 8.11722, -138.584, 0.000105906, 21.8907, 0.000423926, 33.4684, 0.00042731, -103.111
2902, 48.36667, 4.72523, -38.2405, 8.01292, -18.4071, 8.13826, -138.625, 0.000105741, 21.8039, 0.000424527, 33.5115, 0.000428399, -103.121
2903, 48.37500, 4.72361, -38.311, 8.01856, -18.3808, 8.15931, -138.667, 0.000105576, 21.7171, 0.000425127, 33.5546, 0.000429489, -103.13
2903, 48.38333, 4.72197, -38.3814, 8.02418, -18.3543, 8.18036, -138.708, 0.00010541, 21.6303, 0.000425728, 33.5977, 0.000430579, -103.14
2904, 48.39167, 4.72032, -38.4518, 8.0298, -18.3277, 8.20142, -138.749, 0.000105245, 21.5435, 0.00042633, 33.6408, 0.00043167, -103.149
2904, 48.40000, 4.71866, -38.522, 8.03541, -18.301, 8.22248, -138.791, 0.000105078, 21.4567, 0.000426932, 33.684, 0.000432762, -103.159
2905, 48.40833, 4.71698, -38.5921, 8.04102, -18.2741, 8.24355, -138.832, 0.000104912, 21.3699, 0.000427534, 33.7271, 0.000433854, -103.168
2905, 48.41667, 4.71529, -38.6621, 8.04662, -18.2472, 8.26463, -138.873, 0.000104745, 21.2832, 0.000428136, 33.7703, 0.000434947, -103.178
2906, 48.42500, 4.71358, -38.732, 8.0522, -18.2201, 8.28571, -138.914, 0.000104578, 21.1964, 0.000428739, 33.8134, 0.000436041, -103.188
2906, 48.43333, 4.71186, -38.8018, 8.05779, -18.1928, 8.3068, -138.956, 0.000104411, 21.1097, 0.000429342, 33.8566, 0.000437135, -103.197
2907, 48.44167, 4.71013, -38.8714, 8.06336, -18.1655, 8.3279, -138.997, 0.000104243, 21.0229, 0.000429945, 33.8998, 0.000438231, -103.207
2907, 48.45000, 4.70838, -38.941, 8.06893, -18.138, 8.349, -139.038, 0.000104075, 20.9362, 0.000430549, 33.9429, 0.000439326, -103.217
2908, 48.45833, 4.70662, -39.0104, 8.07449, -18.1104, 8.3701, -139.079, 0.000103907, 20.8495, 0.000431153, 33.9861, 0.000440423, -103.227
2908, 48.46667, 4.70484, -39.0797, 8.08004, -18.0827, 8.39121, -139.12, 0.000103739, 20.7627, 0.000431757, 34.0293, 0.00044152, -103.237
2909, 48.47500, 4.70305, -39.1489, 8.08559, -18.0548, 8.41232, -139.161, 0.00010357, 20.676, 0.000432362, 34.0725, 0.000442617, -103.246
2909, 48.48333, 4.70125, -39.218, 8.09113, -18.0269, 8.43344, -139.202, 0.000103401, 20.5893, 0.000432967, 34.1158, 0.000443715, -103.256
2910, 48.49167, 4.69943, -39.287, 8.09667, -17.9988, 8.45457, -139.243, 0.000103231, 20.5027, 0.000433572, 34.159, 0.000444814, -103.266
2910, 48.50000, 4.6976, -39.3559, 8.10219, -17.9705, 8.4757, -139.283, 0.000103062, 20.416, 0.000434178, 34.2022, 0.000445914, -103.276
2911, 48.50833, 4.69576, -39.4246, 8.10772, -17.9422, 8.49684, -139.324, 0.000102892, 20.3294, 0.000434784, 34.2455, 0.000447014, -103.286
2911, 48.51667, 4.6939, -39.4933, 8.11324, -17.9137, 8.51798, -139.365, 0.000102721, 20.2427, 0.000435391, 34.2888, 0.000448115, -103.296
2912, 48.52500, 4.69203, -39.5618, 8.11875, -17.885, 8.53912, -139.406, 0.000102551, 20.1561, 0.000435998, 34.332, 0.000449216, -103.306
2912, 48.53333, 4.69015, -39.6302, 8.12425, -17.8563, 8.56027, -139.446, 0.00010238, 20.0695, 0.000436605, 34.3753, 0.000450318, -103.316
2913, 48.54167, 4.68825, -39.6984, 8.12975, -17.8274, 8.58143, -139.487, 0.000102209, 19.9829, 0.000437213, 34.4186, 0.000451421, -103.326
2913, 48.55000, 4.68634, -39.7666, 8.13525, -17.7984, 8.60259, -139.527, 0.000102037, 19.8963, 0.000437821, 34.4619, 0.000452525, -103.336
2914, 48.55833, 4.68442, -39.8346, 8.14074, -17.7693, 8.62375, -139.568, 0.000101866, 19.8098, 0.00043843, 34.5052, 0.000453628, -103.346
2914, 48.56667, 4.68248, -39.9025, 8.14622, -17.74, 8.64493, -139.609, 0.000101694, 19.7232, 0.000439039, 34.5485, 0.000454733, -103.357
2915, 48.57500, 4.68053, -39.9703, 8.15171, -17.7106, 8.6661, -139.649, 0.000101522, 19.6367, 0.000439648, 34.5919, 0.000455838, -103.367
2915, 48.58333, 4.67857, -40.038, 8.15718, -17.6811, 8.68728, -139.689, 0.000101349, 19.5502, 0.000440258, 34.6352, 0.000456944, -103.377
2916, 48.59167, 4.67659, -40.1055, 8.16266, -17.6514, 8.70846, -139.73, 0.000101176, 19.4637, 0.000440869, 34.6786, 0.000458051, -103.387
2916, 48.60000, 4.67461, -40.1729, 8.16812, -17.6216, 8.72965, -139.77, 0.000101003, 19.3772, 0.000441479, 34.7219, 0.000459158, -103.397
2917, 48.60833, 4.6726, -40.2402, 8.17359, -17.5917, 8.75084, -139.81, 0.00010083, 19.2908, 0.000442091, 34.7653, 0.000460265, -103.408
2917, 48.61667, 4.67059, -40.3074, 8.17905, -17.5617, 8.77204, -139.851, 0.000100656, 19.2043, 0.000442702, 34.8087, 0.000461374, -103.418
2918, 48.62500, 4.66856, -40.3744, 8.1845, -17.5315, 8.79323, -139.891, 0.000100483, 19.1179, 0.000443314, 34.8521, 0.000462483, -103.428
2918, 48.63333, 4.66652, -40.4413, 8.18996, -17.5012, 8.81444, -139.931, 0.000100309, 19.0315, 0.000443927, 34.8955, 0.000463592, -103.439
2919, 48.64167, 4.66447, -40.5081, 8.19541, -17.4707, 8.83565, -139.971, 0.000100134, 18.9451, 0.00044454, 34.9389, 0.000464702, -103.449
2919, 48.65000, 4.6624, -40.5748, 8.20085, -17.4401, 8.85686, -140.011, 9.99596E-005, 18.8588, 0.000445153, 34.9824, 0.000465813, -103.459
2920, 48.65833, 4.66033, -40.6413, 8.2063, -17.4094, 8.87807, -140.051, 9.97848E-005, 18.7724, 0.000445767, 35.0258, 0.000466924, -103.47
2920, 48.66667, 4.65824, -40.7077, 8.21174, -17.3786, 8.8993, -140.091, 9.96096E-005, 18.6861, 0.000446382, 35.0693, 0.000468036, -103.48
2921, 48.67500, 4.65613, -40.774, 8.21717, -17.3476, 8.92052, -140.131, 9.94343E-005, 18.5998, 0.000446997, 35.1127, 0.000469149, -103.491
2921, 48.68333, 4.65402, -40.8401, 8.22261, -17.3165, 8.94175, -140.171, 9.92587E-005, 18.5135, 0.000447612, 35.1562, 0.000470262, -103.501
2922, 48.69167, 4.65189, -40.9061, 8.22804, -17.2853, 8.96298, -140.211, 9.90828E-005, 18.4273, 0.000448228, 35.1997, 0.000471375, -103.512
2922, 48.70000, 4.64975, -40.972, 8.23347, -17.2539, 8.98421, -140.251, 9.89067E-005, 18.341, 0.000448844, 35.2432, 0.00047249, -103.522
2923, 48.70833, 4.6476, -41.0377, 8.2389, -17.2224, 9.00545, -140.291, 9.87304E-005, 18.2548, 0.000449461, 35.2867, 0.000473605, -103.533
2923, 48.71667, 4.64543, -41.1033, 8.24433, -17.1908, 9.0267, -140.331, 9.85538E-005, 18.1687, 0.000450079, 35.3302, 0.00047472, -103.543
2924, 48.72500, 4.64325, -41.1688, 8.24975, -17.159, 9.04794, -140.37, 9.8377E-005, 18.0825, 0.000450697, 35.3737, 0.000475836, -103.554
2924, 48.73333, 4.64107, -41.2341, 8.25518, -17.1271, 9.06919, -140.41, 9.81999E-005, 17.9964, 0.000451315, 35.4173, 0.000476953, -103.565
2925, 48.74167, 4.63886, -41.2993, 8.2606, -17.0951, 9.09044, -140.449, 9.80226E-005, 17.9103, 0.000451934, 35.4608, 0.00047807, -103.575
2925, 48.75000, 4.63665, -41.3644, 8.26602, -17.063, 9.1117, -140.489, 9.78451E-005, 17.8242, 0.000452554, 35.5044, 0.000479188, -103.586
2926, 48.75833, 4.63443, -41.4293, 8.27144, -17.0307, 9.13296, -140.529, 9.76673E-005, 17.7381, 0.000453174, 35.548, 0.000480306, -103.596
2926, 48.76667, 4.63219, -41.4941, 8.27686, -16.9982, 9.15422, -140.568, 9.74893E-005, 17.6521, 0.000453795, 35.5916, 0.000481425, -103.607
2927, 48.77500, 4.62994, -41.5588, 8.28227, -16.9657, 9.17549, -140.607, 9.73111E-005, 17.5661, 0.000454416, 35.6351, 0.000482545, -103.618
2927, 48.78333, 4.62768, -41.6233, 8.28769, -16.933, 9.19675, -140.647, 9.71326E-005, 17.4801, 0.000455038, 35.6787, 0.000483665, -103.629
2928, 48.79167, 4.62541, -41.6877, 8.29311, -16.9002, 9.21803, -140.686, 9.69539E-005, 17.3941, 0.00045566, 35.7224, 0.000484786, -103.639
2928, 48.80000, 4.62312, -41.7519, 8.29852, -16.8672, 9.2393, -140.726, 9.6775E-005, 17.3082, 0.000456283, 35.766, 0.000485907, -103.65
2929, 48.80833, 4.62082, -41.816, 8.30394, -16.8342, 9.26058, -140.765, 9.65959E-005, 17.2223, 0.000456907, 35.8096, 0.000487029, -103.661
2929, 48.81667, 4.61852, -41.88, 8.30936, -16.8009, 9.28186, -140.804, 9.64165E-005, 17.1364, 0.000457531, 35.8533, 0.000488152, -103.672
2930, 48.82500, 4.6162, -41.9438, 8.31477, -16.7676, 9.30314, -140.843, 9.6237E-005, 17.0506, 0.000458155, 35.8969, 0.000489275, -103.682
2930, 48.83333, 4.61387, -42.0075, 8.32019, -16.7341, 9.32443, -140.882, 9.60572E-005, 16.9648, 0.000458781, 35.9406, 0.000490398, -103.693
2931, 48.84167, 4.61152, -42.071, 8.32561, -16.7005, 9.34572, -140.921, 9.58772E-005, 16.879, 0.000459406, 35.9842, 0.000491522, -103.704
2931, 48.85000, 4.60917, -42.1344, 8.33103, -16.6668, 9.36701, -140.96, 9.5697E-005, 16.7932, 0.000460033, 36.0279, 0.000492647, -103.715
2932, 48.85833, 4.60681, -42.1976, 8.33645, -16.6329, 9.38831, -140.999, 9.55166E-005, 16.7075, 0.00046066, 36.0716, 0.000493772, -103.726
2932, 48.86667, 4.60443, -42.2608, 8.34187, -16.5989, 9.40961, -141.038, 9.53359E-005, 16.6218, 0.000461288, 36.1153, 0.000494898, -103.736
2933, 48.87500, 4.60204, -42.3237, 8.34729, -16.5647, 9.43091, -141.077, 9.51551E-005, 16.5361, 0.000461916, 36.159, 0.000496025, -103.747
2933, 48.88333, 4.59964, -42.3865, 8.35271, -16.5305, 9.45221, -141.116, 9.4974E-005, 16.4504, 0.000462545, 36.2027, 0.000497152, -103.758
2934, 48.89167, 4.59723, -42.4492, 8.35814, -16.4961, 9.47352, -141.155, 9.47928E-005, 16.3648, 0.000463175, 36.2465, 0.000498279, -103.769
2934, 48.90000, 4.59481, -42.5117, 8.36357, -16.4615, 9.49482, -141.194, 9.46113E-005, 16.2792, 0.000463805, 36.2902, 0.000499407, -103.78
2935, 48.90833, 4.59238, -42.5741, 8.36899, -16.4269, 9.51613, -141.232, 9.44297E-005, 16.1937, 0.000464436, 36.334, 0.000500536, -103.791
2935, 48.91667, 4.58994, -42.6363, 8.37442, -16.3921, 9.53745, -141.271, 9.42478E-005, 16.1082, 0.000465067, 36.3777, 0.000501665, -103.802
2936, 48.92500, 4.58749, -42.6984, 8.37986, -16.3572, 9.55876, -141.31, 9.40658E-005, 16.0227, 0.000465699, 36.4215, 0.000502795, -103.813
2936, 48.93333, 4.58502, -42.7603, 8.38529, -16.3221, 9.58008, -141.348, 9.38836E-005, 15.9372, 0.000466332, 36.4652, 0.000503925, -103.824
2937, 48.94167, 4.58255, -42.8221, 8.39073, -16.2869, 9.6014, -141.387, 9.37011E-005, 15.8518, 0.000466966, 36.509, 0.000505056, -103.835
2937, 48.95000, 4.58006, -42.8838, 8.39617, -16.2516, 9.62272, -141.425, 9.35185E-005, 15.7664, 0.0004676, 36.5528, 0.000506188, -103.846
2938, 48.95833, 4.57756, -42.9452, 8.40162, -16.2162, 9.64404, -141.463, 9.33357E-005, 15.681, 0.000468235, 36.5966, 0.00050732, -103.857
2938, 48.96667, 4.57506, -43.0066, 8.40706, -16.1806, 9.66537, -141.502, 9.31527E-005, 15.5957, 0.00046887, 36.6404, 0.000508452, -103.868
2939, 48.97500, 4.57254, -43.0677, 8.41251, -16.1449, 9.6867, -141.54, 9.29695E-005, 15.5104, 0.000469506, 36.6842, 0.000509585, -103.879
2939, 48.98333, 4.57001, -43.1288, 8.41797, -16.109, 9.70803, -141.578, 9.27861E-005, 15.4252, 0.000470143, 36.728, 0.000510719, -103.89
2940, 48.99167, 4.56747, -43.1897, 8.42343, -16.0731, 9.72937, -141.617, 9.26026E-005, 15.3399, 0.000470781, 36.7719, 0.000511853, -103.901
2940, 49.00000, 4.56492, -43.2504, 8.42889, -16.037, 9.7507, -141.655, 9.24188E-005, 15.2547, 0.000471419, 36.8157, 0.000512988, -103.912
2941, 49.00833, 4.56236, -43.3109, 8.43435, -16.0007, 9.77204, -141.693, 9.22349E-005, 15.1696, 0.000472058, 36.8595, 0.000514123, -103.923
2941, 49.01667, 4.5598, -43.3714, 8.43982, -15.9644, 9.79338, -141.731, 9.20508E-005, 15.0845, 0.000472698, 36.9034, 0.000515259, -103.934
2942, 49.02500, 4.55722, -43.4316, 8.4453, -15.9279, 9.81472, -141.769, 9.18666E-005, 14.9994, 0.000473339, 36.9472, 0.000516395, -103.945
2942, 49.03333, 4.55463, -43.4917, 8.45077, -15.8913, 9.83606, -141.807, 9.16822E-005, 14.9143, 0.00047398, 36.9911, 0.000517532, -103.956
2943, 49.04167, 4.55203, -43.5517, 8.45626, -15.8546, 9.85741, -141.845, 9.14975E-005, 14.8293, 0.000474622, 37.035, 0.00051867, -103.967
2943, 49.05000, 4.54942, -43.6115, 8.46175, -15.8177, 9.87875, -141.883, 9.13128E-005, 14.7443, 0.000475264, 37.0788, 0.000519808, -103.978
2944, 49.05833, 4.5468, -43.6711, 8.46724, -15.7807, 9.9001, -141.921, 9.11278E-005, 14.6594, 0.000475908, 37.1227, 0.000520946, -103.989
2944, 49.06667, 4.54417, -43.7306, 8.47274, -15.7436, 9.92145, -141.958, 9.09427E-005, 14.5744, 0.000476552, 37.1666, 0.000522085, -104
2945, 49.07500, 4.54153, -43.7899, 8.47824, -15.7063, 9.9428, -141.996, 9.07574E-005, 14.4896, 0.000477197, 37.2105, 0.000523225, -104.011
2945, 49.08333, 4.53888, -43.8491, 8.48375, -15.669, 9.96415, -142.034, 9.0572E-005, 14.4047, 0.000477842, 37.2543, 0.000524365, -104.022
2946, 49.09167, 4.53622, -43.9081, 8.48926, -15.6315, 9.98551, -142.071, 9.03864E-005, 14.3199, 0.000478489, 37.2982, 0.000525506, -104.033
2946, 49.10000, 4.53355, -43.9669, 8.49478, -15.5938, 10.0069, -142.109, 9.02007E-005, 14.2352, 0.000479136, 37.3421, 0.000526647, -104.045
2947, 49.10833, 4.53087, -44.0256, 8.50031, -15.5561, 10.0282, -142.146, 9.00148E-005, 14.1504, 0.000479784, 37.386, 0.000527789, -104.056
2947, 49.11667, 4.52819, -44.0842, 8.50584, -15.5182, 10.0496, -142.184, 8.98287E-005, 14.0657, 0.000480433, 37.43, 0.000528931, -104.067
2948, 49.12500, 4.52549, -44.1425, 8.51138, -15.4802, 10.0709, -142.221, 8.96425E-005, 13.9811, 0.000481082, 37.4739, 0.000530074, -104.078
2948, 49.13333, 4.52278, -44.2007, 8.51693, -15.4421, 10.0923, -142.259, 8.94561E-005, 13.8965, 0.000481733, 37.5178, 0.000531217, -104.089
2949, 49.14167, 4.52007, -44.2588, 8.52248, -15.4038, 10.1137, -142.296, 8.92696E-005, 13.8119, 0.000482384, 37.5617, 0.000532361, -104.1
2949, 49.15000, 4.51734, -44.3167, 8.52804, -15.3655, 10.135, -142.333, 8.90829E-005, 13.7273, 0.000483036, 37.6056, 0.000533505, -104.111
2950, 49.15833, 4.51461, -44.3744, 8.5336, -15.327, 10.1564, -142.371, 8.88961E-005, 13.6428, 0.000483688, 37.6495, 0.00053465, -104.122
2950, 49.16667, 4.51186, -44.4319, 8.53918, -15.2883, 10.1778, -142.408, 8.87091E-005, 13.5583, 0.000484342, 37.6935, 0.000535796, -104.134
2951, 49.17500, 4.50911, -44.4893, 8.54476, -15.2496, 10.1991, -142.445, 8.8522E-005, 13.4739, 0.000484996, 37.7374, 0.000536942, -104.145
2951, 49.18333, 4.50635, -44.5465, 8.55034, -15.2107, 10.2205, -142.482, 8.83348E-005, 13.3895, 0.000485652, 37.7813, 0.000538088, -104.156
2952, 49.19167, 4.50358, -44.6036, 8.55594, -15.1717, 10.2419, -142.519, 8.81474E-005, 13.3052, 0.000486308, 37.8253, 0.000539235, -104.167
2952, 49.20000, 4.5008, -44.6605, 8.56154, -15.1326, 10.2633, -142.556, 8.79599E-005, 13.2209, 0.000486964, 37.8692, 0.000540383, -104.178
2953, 49.20833, 4.49801, -44.7172, 8.56716, -15.0934, 10.2846, -142.593, 8.77722E-005, 13.1366, 0.000487622, 37.9131, 0.000541531, -104.189
2953, 49.21667, 4.49521, -44.7738, 8.57278, -15.054, 10.306, -142.63, 8.75844E-005, 13.0524, 0.000488281, 37.9571, 0.00054268, -104.2
2954, 49.22500, 4.49241, -44.8302, 8.5784, -15.0145, 10.3274, -142.666, 8.73965E-005, 12.9682, 0.00048894, 38.001, 0.000543829, -104.212
2954, 49.23333, 4.48959, -44.8864, 8.58404, -14.975, 10.3488, -142.703, 8.72085E-005, 12.884, 0.0004896, 38.0449, 0.000544978, -104.223
2955, 49.24167, 4.48677, -44.9425, 8.58969, -14.9352, 10.3702, -142.74, 8.70203E-005, 12.7999, 0.000490261, 38.0889, 0.000546129, -104.234
2955, 49.25000, 4.48394, -44.9984, 8.59534, -14.8954, 10.3915, -142.776, 8.6832E-005, 12.7158, 0.000490923, 38.1328, 0.000547279, -104.245
2956, 49.25833, 4.4811, -45.0541, 8.601, -14.8554, 10.4129, -142.813, 8.66436E-005, 12.6318, 0.000491586, 38.1768, 0.00054843, -104.256
2956, 49.26667, 4.47825, -45.1097, 8.60668, -14.8154, 10.4343, -142.85, 8.6455E-005, 12.5478, 0.00049225, 38.2207, 0.000549582, -104.267
2957, 49.27500, 4.47539, -45.1651, 8.61236, -14.7752, 10.4557, -142.886, 8.62663E-005, 12.4638, 0.000492915, 38.2646, 0.000550735, -104.278
2957, 49.28333, 4.47253, -45.2203, 8.61805, -14.7349, 10.4771, -142.922, 8.60775E-005, 12.3799, 0.00049358, 38.3086, 0.000551887, -104.29
2958, 49.29167, 4.46966, -45.2753, 8.62375, -14.6944, 10.4985, -142.959, 8.58886E-005, 12.296, 0.000494246, 38.3525, 0.000553041, -104.301
2958, 49.30000, 4.46677, -45.3302, 8.62946, -14.6539, 10.5199, -142.995, 8.56996E-005, 12.2122, 0.000494914, 38.3965, 0.000554195, -104.312
2959, 49.30833, 4.46388, -45.3849, 8.63518, -14.6132, 10.5412, -143.031, 8.55104E-005, 12.1284, 0.000495582, 38.4404, 0.000555349, -104.323
2959, 49.31667, 4.46099, -45.4395, 8.64091, -14.5725, 10.5626, -143.068, 8.53212E-005, 12.0447, 0.000496251, 38.4843, 0.000556504, -104.334
2960, 49.32500, 4.45808, -45.4938, 8.64666, -14.5316, 10.584, -143.104, 8.51318E-005, 11.9609, 0.000496921, 38.5282, 0.000557659, -104.345
2960, 49.33333, 4.45517, -45.548, 8.65241, -14.4906, 10.6054, -143.14, 8.49423E-005, 11.8773, 0.000497592, 38.5722, 0.000558815, -104.356
2961, 49.34167, 4.45225, -45.602, 8.65817, -14.4495, 10.6268, -143.176, 8.47527E-005, 11.7936, 0.000498263, 38.6161, 0.000559972, -104.367
2961, 49.35000, 4.44932, -45.6559, 8.66394, -14.4082, 10.6482, -143.212, 8.4563E-005, 11.7101, 0.000498936, 38.66, 0.000561129, -104.379
2962, 49.35833, 4.44638, -45.7095, 8.66973, -14.3669, 10.6696, -143.248, 8.43732E-005, 11.6265, 0.00049961, 38.7039, 0.000562286, -104.39
2962, 49.36667, 4.44343, -45.7631, 8.67552, -14.3254, 10.691, -143.284, 8.41833E-005, 11.543, 0.000500284, 38.7478, 0.000563444, -104.401
2963, 49.37500, 4.44048, -45.8164, 8.68133, -14.2839, 10.7124, -143.32, 8.39933E-005, 11.4595, 0.00050096, 38.7917, 0.000564603, -104.412
2963, 49.38333, 4.43752, -45.8695, 8.68715, -14.2422, 10.7338, -143.355, 8.38032E-005, 11.3761, 0.000501636, 38.8356, 0.000565762, -104.423
2964, 49.39167, 4.43455, -45.9225, 8.69298, -14.2004, 10.7552, -143.391, 8.3613E-005, 11.2927, 0.000502314, 38.8795, 0.000566921, -104.434
2964, 49.40000, 4.43158, -45.9753, 8.69882, -14.1585, 10.7766, -143.427, 8.34227E-005, 11.2094, 0.000502992, 38.9234, 0.000568081, -104.445
2965, 49.40833, 4.4286, -46.0279, 8.70468, -14.1165, 10.798, -143.462, 8.32323E-005, 11.1261, 0.000503672, 38.9673, 0.000569242, -104.456
2965, 49.41667, 4.42561, -46.0803, 8.71054, -14.0743, 10.8194, -143.498, 8.30418E-005, 11.0428, 0.000504352, 39.0112, 0.000570403, -104.467
2966, 49.42500, 4.42261, -46.1326, 8.71642, -14.0321, 10.8408, -143.533, 8.28512E-005, 10.9596, 0.000505033, 39.0551, 0.000571565, -104.478
2966, 49.43333, 4.41961, -46.1847, 8.72231, -13.9898, 10.8622, -143.569, 8.26605E-005, 10.8765, 0.000505715, 39.0989, 0.000572727, -104.49
2967, 49.44167, 4.41659, -46.2366, 8.72821, -13.9473, 10.8836, -143.604, 8.24697E-005, 10.7933, 0.000506399, 39.1428, 0.000573889, -104.501
2967, 49.45000, 4.41358, -46.2883, 8.73413, -13.9047, 10.905, -143.64, 8.22789E-005, 10.7102, 0.000507083, 39.1867, 0.000575053, -104.512
2968, 49.45833, 4.41055, -46.3399, 8.74006, -13.8621, 10.9264, -143.675, 8.2088E-005, 10.6272, 0.000507768, 39.2305, 0.000576216, -104.523
2968, 49.46667, 4.40752, -46.3913, 8.746, -13.8193, 10.9478, -143.71, 8.18969E-005, 10.5442, 0.000508454, 39.2744, 0.000577381, -104.534
2969, 49.47500, 4.40448, -46.4425, 8.75195, -13.7764, 10.9692, -143.745, 8.17058E-005, 10.4612, 0.000509141, 39.3182, 0.000578545, -104.545
2969, 49.48333, 4.40143, -46.4935, 8.75792, -13.7335, 10.9906, -143.78, 8.15146E-005, 10.3783, 0.000509829, 39.362, 0.00057971, -104.556
2970, 49.49167, 4.39838, -46.5443, 8.7639, -13.6904, 11.012, -143.815, 8.13234E-005, 10.2954, 0.000510519, 39.4058, 0.000580876, -104.567
2970, 49.50000, 4.39532, -46.595, 8.7699, -13.6472, 11.0335, -143.85, 8.1132E-005, 10.2126, 0.000511209, 39.4496, 0.000582042, -104.578
2971, 49.50833, 4.39225, -46.6454, 8.77591, -13.6039, 11.0549, -143.885, 8.09406E-005, 10.1298, 0.0005119, 39.4934, 0.000583209, -104.589
2971, 49.51667, 4.38918, -46.6957, 8.78193, -13.5605, 11.0763, -143.92, 8.07491E-005, 10.047, 0.000512592, 39.5372, 0.000584377, -104.6
2972, 49.52500, 4.3861, -46.7458, 8.78797, -13.517, 11.0977, -143.955, 8.05575E-005, 9.96433, 0.000513286, 39.581, 0.000585544, -104.611
2972, 49.53333, 4.38302, -46.7957, 8.79402, -13.4734, 11.1191, -143.99, 8.03659E-005, 9.88166, 0.00051398, 39.6248, 0.000586713, -104.622
2973, 49.54167, 4.37992, -46.8455, 8.80009, -13.4297, 11.1405, -144.025, 8.01742E-005, 9.79903, 0.000514675, 39.6685, 0.000587882, -104.633
2973, 49.55000, 4.37683, -46.8951, 8.80617, -13.3859, 11.1619, -144.059, 7.99824E-005, 9.71645, 0.000515371, 39.7123, 0.000589051, -104.644
2974, 49.55833, 4.37372, -46.9444, 8.81226, -13.342, 11.1833, -144.094, 7.97906E-005, 9.63391, 0.000516069, 39.756, 0.000590221, -104.655
2974, 49.56667, 4.37061, -46.9936, 8.81837, -13.298, 11.2048, -144.128, 7.95987E-005, 9.55141, 0.000516767, 39.7998, 0.000591391, -104.666
2975, 49.57500, 4.36749, -47.0426, 8.8245, -13.2539, 11.2262, -144.163, 7.94067E-005, 9.46896, 0.000517467, 39.8435, 0.000592562, -104.677
2975, 49.58333, 4.36437, -47.0914, 8.83064, -13.2097, 11.2476, -144.197, 7.92147E-005, 9.38654, 0.000518167, 39.8872, 0.000593734, -104.688
2976, 49.59167, 4.36124, -47.1401, 8.83679, -13.1654, 11.269, -144.232, 7.90226E-005, 9.30417, 0.000518869, 39.9309, 0.000594906, -104.699
2976, 49.60000, 4.35811, -47.1885, 8.84296, -13.1211, 11.2904, -144.266, 7.88304E-005, 9.22184, 0.000519572, 39.9745, 0.000596078, -104.71
2977, 49.60833, 4.35497, -47.2368, 8.84915, -13.0766, 11.3118, -144.3, 7.86382E-005, 9.13955, 0.000520275, 40.0182, 0.000597251, -104.72
2977, 49.61667, 4.35182, -47.2849, 8.85535, -13.032, 11.3333, -144.334, 7.84459E-005, 9.0573, 0.00052098, 40.0619, 0.000598425, -104.731
2978, 49.62500, 4.34867, -47.3328, 8.86157, -12.9873, 11.3547, -144.369, 7.82536E-005, 8.9751, 0.000521686, 40.1055, 0.000599599, -104.742
2978, 49.63333, 4.34551, -47.3805, 8.8678, -12.9426, 11.3761, -144.403, 7.80612E-005, 8.89294, 0.000522393, 40.1491, 0.000600773, -104.753
2979, 49.64167, 4.34234, -47.428, 8.87406, -12.8977, 11.3975, -144.437, 7.78688E-005, 8.81081, 0.000523101, 40.1927, 0.000601949, -104.764
2979, 49.65000, 4.33917, -47.4753, 8.88032, -12.8528, 11.419, -144.471, 7.76763E-005, 8.72873, 0.00052381, 40.2363, 0.000603124, -104.775
2980, 49.65833, 4.336, -47.5225, 8.88661, -12.8077, 11.4404, -144.505, 7.74838E-005, 8.6467, 0.00052452, 40.2799, 0.0006043, -104.786
2980, 49.66667, 4.33282, -47.5695, 8.89291, -12.7626, 11.4618, -144.538, 7.72912E-005, 8.5647, 0.000525232, 40.3235, 0.000605477, -104.797
2981, 49.67500, 4.32963, -47.6162, 8.89922, -12.7174, 11.4832, -144.572, 7.70986E-005, 8.48275, 0.000525944, 40.367, 0.000606654, -104.807
2981, 49.68333, 4.32644, -47.6628, 8.90556, -12.6721, 11.5047, -144.606, 7.69059E-005, 8.40084, 0.000526658, 40.4105, 0.000607832, -104.818
2982, 49.69167, 4.32324, -47.7092, 8.91191, -12.6267, 11.5261, -144.64, 7.67132E-005, 8.31896, 0.000527372, 40.4541, 0.00060901, -104.829
2982, 49.70000, 4.32004, -47.7554, 8.91827, -12.5812, 11.5475, -144.673, 7.65205E-005, 8.23713, 0.000528088, 40.4976, 0.000610189, -104.84
2983, 49.70833, 4.31683, -47.8014, 8.92466, -12.5356, 11.5689, -144.707, 7.63277E-005, 8.15534, 0.000528805, 40.541, 0.000611368, -104.851
2983, 49.71667, 4.31362, -47.8472, 8.93106, -12.49, 11.5904, -144.74, 7.61348E-005, 8.07359, 0.000529523, 40.5845, 0.000612548, -104.861
2984, 49.72500, 4.3104, -47.8929, 8.93748, -12.4442, 11.6118, -144.774, 7.5942E-005, 7.99188, 0.000530242, 40.628, 0.000613728, -104.872
2984, 49.73333, 4.30718, -47.9383, 8.94392, -12.3984, 11.6332, -144.807, 7.57491E-005, 7.91022, 0.000530962, 40.6714, 0.000614909, -104.883
2985, 49.74167, 4.30395, -47.9835, 8.95038, -12.3525, 11.6547, -144.84, 7.55561E-005, 7.82859, 0.000531684, 40.7148, 0.000616091, -104.894
2985, 49.75000, 4.30072, -48.0286, 8.95685, -12.3065, 11.6761, -144.874, 7.53632E-005, 7.747, 0.000532406, 40.7582, 0.000617273, -104.904
2986, 49.75833, 4.29748, -48.0735, 8.96334, -12.2604, 11.6975, -144.907, 7.51702E-005, 7.66546, 0.00053313, 40.8016, 0.000618455, -104.915
2986, 49.76667, 4.29424, -48.1181, 8.96985, -12.2142, 11.719, -144.94, 7.49771E-005, 7.58395, 0.000533855, 40.8449, 0.000619638, -104.926
2987, 49.77500, 4.291, -48.1626, 8.97638, -12.168, 11.7404, -144.973, 7.47841E-005, 7.50249, 0.000534581, 40.8883, 0.000620822, -104.936
2987, 49.78333, 4.28774, -48.2069, 8.98293, -12.1217, 11.7618, -145.006, 7.4591E-005, 7.42107, 0.000535308, 40.9316, 0.000622006, -104.947
2988, 49.79167, 4.28449, -48.251, 8.98949, -12.0753, 11.7833, -145.039, 7.43978E-005, 7.33968, 0.000536036, 40.9749, 0.00062319, -104.958
2988, 49.80000, 4.28123, -48.2949, 8.99608, -12.0288, 11.8047, -145.072, 7.42047E-005, 7.25833, 0.000536765, 41.0182, 0.000624375, -104.968
2989, 49.80833, 4.27796, -48.3386, 9.00268, -11.9822, 11.8262, -145.105, 7.40115E-005, 7.17703, 0.000537496, 41.0614, 0.000625561, -104.979
2989, 49.81667, 4.27469, -48.3821, 9.0093, -11.9356, 11.8476, -145.138, 7.38183E-005, 7.09576, 0.000538228, 41.1046, 0.000626747, -104.99
2990, 49.82500, 4.27142, -48.4255, 9.01594, -11.8889, 11.869, -145.17, 7.36251E-005, 7.01453, 0.000538961, 41.1479, 0.000627934, -105
2990, 49.83333, 4.26814, -48.4686, 9.0226, -11.8421, 11.8905, -145.203, 7.34319E-005, 6.93335, 0.000539695, 41.191, 0.000629121, -105.011
2991, 49.84167, 4.26486, -48.5115, 9.02928, -11.7952, 11.9119, -145.236, 7.32386E-005, 6.85219, 0.00054043, 41.2342, 0.000630309, -105.021
2991, 49.85000, 4.26158, -48.5543, 9.03598, -11.7483, 11.9334, -145.268, 7.30454E-005, 6.77109, 0.000541167, 41.2774, 0.000631497, -105.032
2992, 49.85833, 4.25828, -48.5968, 9.0427, -11.7012, 11.9548, -145.301, 7.28521E-005, 6.69002, 0.000541904, 41.3205, 0.000632686, -105.042
2992, 49.86667, 4.25499, -48.6391, 9.04944, -11.6542, 11.9763, -145.333, 7.26588E-005, 6.60898, 0.000542643, 41.3636, 0.000633875, -105.053
2993, 49.87500, 4.25169, -48.6813, 9.0562, -11.607, 11.9977, -145.366, 7.24655E-005, 6.52799, 0.000543383, 41.4066, 0.000635065, -105.063
2993, 49.88333, 4.24839, -48.7232, 9.06298, -11.5598, 12.0191, -145.398, 7.22722E-005, 6.44703, 0.000544124, 41.4497, 0.000636256, -105.074
2994, 49.89167, 4.24508, -48.765, 9.06978, -11.5125, 12.0406, -145.43, 7.20788E-005, 6.36611, 0.000544867, 41.4927, 0.000637447, -105.084
2994, 49.90000, 4.24177, -48.8066, 9.0766, -11.4651, 12.062, -145.462, 7.18855E-005, 6.28523, 0.000545611, 41.5357, 0.000638638, -105.095
2995, 49.90833, 4.23846, -48.8479, 9.08344, -11.4176, 12.0835, -145.495, 7.16921E-005, 6.20438, 0.000546355, 41.5787, 0.00063983, -105.105
2995, 49.91667, 4.23514, -48.8891, 9.0903, -11.3701, 12.1049, -145.527, 7.14988E-005, 6.12357, 0.000547102, 41.6217, 0.000641023, -105.116
2996, 49.92500, 4.23182, -48.9301, 9.09719, -11.3226, 12.1264, -145.559, 7.13054E-005, 6.0428, 0.000547849, 41.6646, 0.000642216, -105.126
2996, 49.93333, 4.2285, -48.9708, 9.10409, -11.2749, 12.1479, -145.591, 7.1112E-005, 5.96207, 0.000548597, 41.7075, 0.00064341, -105.137
2997, 49.94167, 4.22517, -49.0114, 9.11101, -11.2272, 12.1693, -145.623, 7.09186E-005, 5.88137, 0.000549347, 41.7504, 0.000644604, -105.147
2997, 49.95000, 4.22184, -49.0518, 9.11796, -11.1794, 12.1908, -145.654, 7.07253E-005, 5.80071, 0.000550098, 41.7932, 0.000645799, -105.157
2998, 49.95833, 4.2185, -49.0919, 9.12492, -11.1316, 12.2122, -145.686, 7.05319E-005, 5.72008, 0.00055085, 41.836, 0.000646994, -105.168
2998, 49.96667, 4.21516, -49.1319, 9.13191, -11.0837, 12.2337, -145.718, 7.03385E-005, 5.63949, 0.000551604, 41.8788, 0.00064819, -105.178
2999, 49.97500, 4.21182, -49.1717, 9.13892, -11.0357, 12.2551, -145.75, 7.01451E-005, 5.55893, 0.000552358, 41.9216, 0.000649387, -105.188
2999, 49.98333, 4.20847, -49.2113, 9.14595, -10.9877, 12.2766, -145.781, 6.99518E-005, 5.47842, 0.000553114, 41.9643, 0.000650584, -105.199
3000, 49.99167, 4.20513, -49.2507, 9.153, -10.9396, 12.2981, -145.813, 6.97584E-005, 5.39792, 0.000553872, 42.007, 0.000651781, -105.209
3000, 50.00000, 4.20177, -49.2898, 9.16007, -10.8915, 12.3195, -145.844, 6.9565E-005, 5.31748, 0.00055463, 42.0497, 0.000652979, -105.219
